Continuous CTD Data/01_SBE Stage/nabos_10_01.ros
* Sea-Bird SBE 9 Data File:
* FileName = D:\CTD\data\HLY2502\raw\NABOS_10_01.hex
* Software Version Seasave V 7.26.7.110
* Temperature SN = 6954
* Conductivity SN = 2561
* Number of Bytes Per Scan = 37
* Number of Voltage Words = 4
* Number of Scans Averaged by the Deck Unit = 1
* NMEA Latitude = 76 35.18 N
* NMEA Longitude = 179 42.41 W
* NMEA UTC (Time) = Sep 16 2025  00:09:49
* NMEA baud rate = 9600
** Ship: USCG HEALY
** Bot. Depth:  1171
** Cast Number:  01
** Station Name:  NABOS
** Station Number:  10
** Operator:  STARC
** normal CTD cast down to 1165m
# nquan = 25
# nvalues = 1176                                  
# units = specified
# name 0 = depSM: Depth [salt water, m]
# name 1 = latitude: Latitude [deg]
# name 2 = longitude: Longitude [deg]
# name 3 = prDM: Pressure, Digiquartz [db]
# name 4 = t090C: Temperature [ITS-90, deg C]
# name 5 = t190C: Temperature, 2 [ITS-90, deg C]
# name 6 = c0mS/cm: Conductivity [mS/cm]
# name 7 = c1mS/cm: Conductivity, 2 [mS/cm]
# name 8 = sal00: Salinity, Practical [PSU]
# name 9 = sal11: Salinity, Practical, 2 [PSU]
# name 10 = sbox0Mm/Kg: Oxygen, SBE 43 [umol/kg]
# name 11 = sbox1Mm/Kg: Oxygen, SBE 43, 2 [umol/kg]
# name 12 = flECO-AFL: Fluorescence, WET Labs ECO-AFL/FL [mg/m^3]
# name 13 = v2: Voltage 2
# name 14 = wetCDOM: Fluorescence, WET Labs CDOM [mg/m^3]
# name 15 = v6: Voltage 6
# name 16 = CStarAt0: Beam Attenuation, WET Labs C-Star [1/m]
# name 17 = v3: Voltage 3
# name 18 = scan: Scan Count
# name 19 = timeM: Time, Elapsed [minutes]
# name 20 = altM: Altimeter [m]
# name 21 = sbeox0V: Oxygen raw, SBE 43 [V]
# name 22 = sbeox1V: Oxygen raw, SBE 43, 2 [V]
# name 23 = nbf: Bottles Fired
# name 24 = flag:  0.000e+00
# interval = seconds: 0.0416667
# start_time = Sep 16 2025 00:09:49 [NMEA time, header]
# bad_flag = -9.990e-29
*END*
[from data line 754]
     74.186   76.58652 -179.70610     74.984    -1.5807    -1.5785  26.583953  26.585349    33.4203    33.4197    315.946    306.033    -0.0755     4.6508     0.1062     0.1062     0.0327     0.0220     121130    84.1174     100.00     2.3168     2.0120         16  0.000e+00
     74.301   76.58652 -179.70610     75.100    -1.5812    -1.5787  26.584013  26.585461    33.4208    33.4200    315.954    306.039    -0.0755     4.6508     0.1074     0.1074     0.0327     0.0220     121131    84.1181     100.00     2.3168     2.0120         16  0.000e+00
     74.244   76.58652 -179.70610     75.042    -1.5811    -1.5788  26.584073  26.585349    33.4208    33.4200    315.739    306.288    -0.0755     4.6508     0.1062     0.1062     0.0327     0.0220     121132    84.1188     100.00     2.3156     2.0133         16  0.000e+00
     74.244   76.58652 -179.70610     75.042    -1.5809    -1.5789  26.584192  26.585068    33.4207    33.4197    315.949    306.290    -0.0755     4.6508     0.1074     0.1074     0.0327     0.0220     121133    84.1194     100.00     2.3168     2.0133         16  0.000e+00
     74.244   76.58652 -179.70610     75.042    -1.5807    -1.5788  26.583893  26.585012    33.4201    33.4195    315.949    306.039    -0.1061     4.6508     0.1062     0.1062     0.0327     0.0208     121134    84.1201     100.00     2.3168     2.0120         16  0.000e+00
     74.244   76.58652 -179.70610     75.042    -1.5807    -1.5788  26.583415  26.585405    33.4195    33.4201    315.950    306.038    -0.0755     4.6508     0.1062     0.1062     0.0327     0.0220     121135    84.1208     100.00     2.3168     2.0120         16  0.000e+00
     74.301   76.58652 -179.70610     75.100    -1.5811    -1.5788  26.582699  26.585124    33.4188    33.4196    315.958    306.041    -0.1061     4.6508     0.1062     0.1062     0.0327     0.0208     121136    84.1215     100.00     2.3168     2.0120         16  0.000e+00
     74.244   76.58652 -179.70610     75.042    -1.5814    -1.5789  26.581563  26.585180    33.4176    33.4199    315.961    306.039    -0.0755     4.6508     0.1062     0.1062     0.0327     0.0220     121137    84.1222     100.00     2.3168     2.0120         16  0.000e+00
     74.186   76.58652 -179.70610     74.984    -1.5814    -1.5791  26.580786  26.585068    33.4166    33.4200    315.961    306.289    -0.0755     4.6508     0.1062     0.1062     0.0327     0.0220     121138    84.1229     100.00     2.3168     2.0133         16  0.000e+00
     74.301   76.58652 -179.70610     75.100    -1.5816    -1.5788  26.580309  26.584843    33.4162    33.4192    315.970    306.543    -0.0755     4.6508     0.1062     0.1062     0.0327     0.0220     121139    84.1236     100.00     2.3168     2.0145         16  0.000e+00
     74.186   76.58652 -179.70610     74.984    -1.5818    -1.5791  26.580249  26.584393    33.4163    33.4190    315.966    306.541    -0.0755     4.6508     0.1062     0.1062     0.0327     0.0220     121140    84.1243     100.00     2.3168     2.0145         16  0.000e+00
     74.301   76.58652 -179.70610     75.100    -1.5816    -1.5791  26.580607  26.584450    33.4166    33.4190    315.969    306.796    -0.0755     4.6508     0.1062     0.1062     0.0327     0.0220     121141    84.1250     100.00     2.3168     2.0157         16  0.000e+00
     74.244   76.58652 -179.70610     75.042    -1.5816    -1.5791  26.581085  26.584112    33.4173    33.4186    315.964    307.045    -0.0755     4.6508     0.1062     0.1062     0.0327     0.0220     121142    84.1257     100.00     2.3168     2.0169         16  0.000e+00
     74.244   76.58652 -179.70610     75.042    -1.5815    -1.5794  26.581742  26.584000    33.4180    33.4188    315.961    307.048    -0.0755     4.6508     0.1062     0.1062     0.0327     0.0220     121143    84.1264     100.00     2.3168     2.0169         16  0.000e+00
     74.244   76.58652 -179.70610     75.042    -1.5818    -1.5795  26.582519  26.583607    33.4194    33.4184    315.961    306.549    -0.0755     4.6508     0.1062     0.1062     0.0327     0.0220     121144    84.1271     100.00     2.3168     2.0145         16  0.000e+00
     74.301   76.58652 -179.70610     75.100    -1.5820    -1.5797  26.583117  26.582708    33.4204    33.4173    315.962    306.305    -0.0755     4.6508     0.1074     0.1074     0.0327     0.0220     121145    84.1278     100.00     2.3168     2.0133         16  0.000e+00
     74.235   76.58652 -179.70610     75.034    -1.5816    -1.5795  26.583296  26.582483    33.4203    33.4168    315.956    306.052    -0.1061     4.6508     0.1074     0.1074     0.0327     0.0208     121146    84.1285     100.00     2.3168     2.0120         16  0.000e+00
     74.244   76.58652 -179.70610     75.042    -1.5816    -1.5794  26.583296  26.582258    33.4203    33.4164    315.957    306.302    -0.1061     4.6508     0.1074     0.1074     0.0327     0.0208     121147    84.1292     100.00     2.3168     2.0133         16  0.000e+00
     74.244   76.58652 -179.70610     75.042    -1.5815    -1.5794  26.583415  26.582539    33.4204    33.4168    315.956    306.051    -0.1061     4.6508     0.1074     0.1074     0.0327     0.0208     121148    84.1299     100.00     2.3168     2.0120         16  0.000e+00
     74.244   76.58652 -179.70610     75.042    -1.5812    -1.5792  26.583117  26.582539    33.4196    33.4166    316.166    306.050    -0.0755     4.6520     0.1074     0.1074     0.0317     0.0220     121149    84.1306     100.00     2.3180     2.0120         16  0.000e+00
     74.244   76.58652 -179.70610     75.042    -1.5816    -1.5798  26.583057  26.581303    33.4200    33.4155    315.958    306.058    -0.1061     4.6508     0.1074     0.1074     0.0327     0.0208     121150    84.1312     100.00     2.3168     2.0120         16  0.000e+00
     74.235   76.58652 -179.70610     75.034    -1.5818    -1.5811  26.583057  26.580347    33.4202    33.4156    316.170    306.319    -0.0755     4.6508     0.1074     0.1074     0.0327     0.0220     121151    84.1319     100.00     2.3180     2.0133         16  0.000e+00
     74.301   76.58652 -179.70610     75.100    -1.5824    -1.5820  26.582639  26.579954    33.4203    33.4161    316.178    306.330    -0.0755     4.6508     0.1074     0.1074     0.0327     0.0220     121152    84.1326     100.00     2.3180     2.0133         16  0.000e+00
     74.244   76.58652 -179.70610     75.042    -1.5826    -1.5818  26.582639  26.579898    33.4205    33.4158    316.177    306.326    -0.0755     4.6508     0.1074     0.1074     0.0327     0.0220     121153    84.1333     100.00     2.3180     2.0133         16  0.000e+00
     74.244   76.58652 -179.70610     75.042    -1.5821    -1.5806  26.582698  26.579898    33.4200    33.4145    316.173    306.318    -0.0755     4.6508     0.1074     0.1074     0.0327     0.0220     121154    84.1340     100.00     2.3180     2.0133         16  0.000e+00
     74.244   76.58652 -179.70610     75.042    -1.5820    -1.5802  26.583296  26.579280    33.4207    33.4131    316.171    306.818    -0.0755     4.6508     0.1074     0.1074     0.0327     0.0220     121155    84.1347     100.00     2.3180     2.0157         16  0.000e+00
     74.235   76.58652 -179.70610     75.034    -1.5820    -1.5812  26.583714  26.577763    33.4213    33.4122    316.380    307.831    -0.0755     4.6508     0.1074     0.1074     0.0327     0.0220     121156    84.1354     100.00     2.3193     2.0206         16  0.000e+00
     74.301   76.58652 -179.70610     75.100    -1.5826    -1.5824  26.584372  26.576751    33.4228    33.4121    316.173    307.845    -0.1061     4.6508     0.1074     0.1074     0.0327     0.0208     121157    84.1361     100.00     2.3180     2.0206         16  0.000e+00
     74.244   76.58652 -179.70610     75.042    -1.5829    -1.5835  26.584312  26.576021    33.4231    33.4124    316.173    307.602    -0.0755     4.6508     0.1074     0.1074     0.0327     0.0220     121158    84.1368     100.00     2.3180     2.0194         16  0.000e+00
     74.244   76.58652 -179.70610     75.042    -1.5823    -1.5846  26.584670  26.575178    33.4229    33.4124    316.168    306.861    -0.1061     4.6508     0.1074     0.1074     0.0327     0.0208     121159    84.1375     100.00     2.3180     2.0157         16  0.000e+00
     54.890   76.58660 -179.70596     55.477    -1.6532    -1.6533  25.716722  25.719014    32.3136    32.3169    340.957    331.296    -0.0450     4.6484     0.1184     0.1184     0.0348     0.0232     123828    85.9910     100.00     2.4448     2.1217         17  0.000e+00
     54.931   76.58660 -179.70596     55.518    -1.6533    -1.6533  25.716486  25.718792    32.3134    32.3165    340.961    331.299    -0.0450     4.6484     0.1184     0.1184     0.0348     0.0232     123829    85.9917     100.00     2.4448     2.1217         17  0.000e+00
     54.947   76.58660 -179.70596     55.535    -1.6532    -1.6533  25.716486  25.718570    32.3133    32.3162    340.961    331.048    -0.0450     4.6484     0.1172     0.1172     0.0348     0.0232     123830    85.9924     100.00     2.4448     2.1205         17  0.000e+00
     54.931   76.58660 -179.70596     55.519    -1.6530    -1.6531  25.716604  25.718681    32.3133    32.3162    340.958    331.045    -0.0755     4.6484     0.1184     0.1184     0.0348     0.0220     123831    85.9931     100.00     2.4448     2.1205         17  0.000e+00
     54.873   76.58660 -179.70596     55.460    -1.6532    -1.6533  25.716722  25.718736    32.3137    32.3165    341.170    330.791    -0.0450     4.6484     0.1172     0.1172     0.0348     0.0232     123832    85.9938     100.00     2.4460     2.1193         17  0.000e+00
     54.947   76.58660 -179.70596     55.535    -1.6532    -1.6531  25.717076  25.718570    32.3141    32.3160    340.959    331.047    -0.0450     4.6484     0.1184     0.1184     0.0348     0.0232     123833    85.9944     100.00     2.4448     2.1205         17  0.000e+00
     54.931   76.58660 -179.70596     55.519    -1.6532    -1.6533  25.717194  25.717904    32.3143    32.3153    340.957    331.302    -0.0450     4.6484     0.1184     0.1184     0.0348     0.0232     123834    85.9951     100.00     2.4448     2.1217         17  0.000e+00
     54.890   76.58660 -179.70596     55.477    -1.6530    -1.6533  25.717253  25.718070    32.3142    32.3156    340.954    331.299    -0.0450     4.6484     0.1184     0.1184     0.0348     0.0232     123835    85.9958     100.00     2.4448     2.1217         17  0.000e+00
     54.931   76.58660 -179.70596     55.519    -1.6532    -1.6533  25.717194  25.717848    32.3143    32.3152    340.957    331.050    -0.0450     4.6484     0.1184     0.1184     0.0348     0.0232     123836    85.9965     100.00     2.4448     2.1205         17  0.000e+00
     54.931   76.58660 -179.70596     55.519    -1.6533    -1.6533  25.717608  25.716793    32.3150    32.3138    340.957    330.549    -0.0450     4.6471     0.1184     0.1184     0.0359     0.0232     123837    85.9972     100.00     2.4448     2.1181         17  0.000e+00
     54.947   76.58660 -179.70596     55.535    -1.6530    -1.6533  25.717312  25.715516    32.3142    32.3120    340.956    330.302    -0.0755     4.6484     0.1184     0.1184     0.0348     0.0220     123838    85.9979     100.00     2.4448     2.1169         17  0.000e+00
     54.873   76.58660 -179.70596     55.460    -1.6533    -1.6533  25.717430  25.714072    32.3148    32.3101    341.168    330.556    -0.0450     4.6484     0.1184     0.1184     0.0348     0.0232     123839    85.9986     100.00     2.4460     2.1181         17  0.000e+00
     54.947   76.58660 -179.70596     55.535    -1.6532    -1.6533  25.717076  25.713350    32.3141    32.3090    340.958    331.067    -0.0450     4.6484     0.1184     0.1184     0.0348     0.0232     123840    85.9993     100.00     2.4448     2.1205         17  0.000e+00
     54.931   76.58660 -179.70596     55.519    -1.6532    -1.6534  25.716722  25.713572    32.3136    32.3095    340.959    332.076    -0.0450     4.6484     0.1184     0.1184     0.0348     0.0232     123841    86.0000     100.00     2.4448     2.1254         17  0.000e+00
     54.931   76.58660 -179.70596     55.519    -1.6533    -1.6533  25.715955  25.713906    32.3126    32.3098    341.176    332.074    -0.0450     4.6484     0.1184     0.1184     0.0348     0.0232     123842    86.0007     100.00     2.4460     2.1254         17  0.000e+00
     54.890   76.58660 -179.70596     55.477    -1.6532    -1.6533  25.714715  25.713794    32.3109    32.3097    340.965    331.820    -0.0450     4.6484     0.1184     0.1184     0.0348     0.0232     123843    86.0014     100.00     2.4448     2.1242         17  0.000e+00
     54.931   76.58660 -179.70596     55.519    -1.6533    -1.6534  25.712767  25.713739    32.3083    32.3097    340.975    331.570    -0.0450     4.6484     0.1184     0.1184     0.0348     0.0232     123844    86.0021     100.00     2.4448     2.1230         17  0.000e+00
     54.947   76.58660 -179.70596     55.535    -1.6533    -1.6531  25.711822  25.713739    32.3070    32.3094    340.765    331.569    -0.0450     4.6484     0.1184     0.1184     0.0348     0.0232     123845    86.0028     100.00     2.4436     2.1230         17  0.000e+00
     54.873   76.58660 -179.70596     55.460    -1.6533    -1.6531  25.710523  25.713739    32.3052    32.3094    340.980    331.818    -0.0450     4.6484     0.1184     0.1184     0.0348     0.0232     123846    86.0035     100.00     2.4448     2.1242         17  0.000e+00
     54.947   76.58660 -179.70596     55.535    -1.6533    -1.6531  25.709284  25.713739    32.3035    32.3094    340.988    331.821    -0.0145     4.6484     0.1184     0.1184     0.0348     0.0244     123847    86.0042     100.00     2.4448     2.1242         17  0.000e+00
     54.931   76.58660 -179.70596     55.519    -1.6535    -1.6533  25.707985  25.713683    32.3019    32.3095    340.994    332.074    -0.0755     4.6484     0.1184     0.1184     0.0348     0.0220     123848    86.0049     100.00     2.4448     2.1254         17  0.000e+00
     54.873   76.58660 -179.70596     55.461    -1.6538    -1.6533  25.707749  25.713517    32.3019    32.3093    340.994    332.072    -0.0755     4.6484     0.1184     0.1184     0.0348     0.0220     123849    86.0056     100.00     2.4448     2.1254         17  0.000e+00
     54.947   76.58660 -179.70596     55.535    -1.6535    -1.6529  25.709756  25.713128    32.3043    32.3083    341.201    332.074    -0.0450     4.6484     0.1184     0.1184     0.0348     0.0232     123850    86.0062     100.00     2.4460     2.1254         17  0.000e+00
     54.931   76.58660 -179.70596     55.519    -1.6524    -1.6533  25.713593  25.713017    32.3084    32.3086    341.178    332.077    -0.0450     4.6484     0.1184     0.1184     0.0348     0.0232     123851    86.0069     100.00     2.4460     2.1254         17  0.000e+00
     54.890   76.58660 -179.70596     55.477    -1.6520    -1.6529  25.716958  25.713017    32.3126    32.3082    340.947    331.820    -0.0450     4.6471     0.1184     0.1184     0.0359     0.0232     123852    86.0076     100.00     2.4448     2.1242         17  0.000e+00
     54.931   76.58660 -179.70596     55.519    -1.6520    -1.6529  25.719556  25.713350    32.3162    32.3086    340.939    331.315    -0.0450     4.6484     0.1184     0.1184     0.0348     0.0232     123853    86.0083     100.00     2.4448     2.1217         17  0.000e+00
     54.931   76.58660 -179.70596     55.519    -1.6517    -1.6531  25.719497  25.713683    32.3159    32.3093    340.938    331.063    -0.0450     4.6484     0.1184     0.1184     0.0348     0.0232     123854    86.0090     100.00     2.4448     2.1205         17  0.000e+00
