Continuous CTD Data/01_SBE Stage/nabos_19_01.ros
* Sea-Bird SBE 9 Data File:
* FileName = D:\CTD\data\HLY2502\raw\NABOS_19_01.hex
* Software Version Seasave V 7.26.7.110
* Temperature SN = 6954
* Conductivity SN = 2561
* Number of Bytes Per Scan = 37
* Number of Voltage Words = 4
* Number of Scans Averaged by the Deck Unit = 1
* NMEA Latitude = 78 13.65 N
* NMEA Longitude = 176 14.99 E
* NMEA UTC (Time) = Sep 17 2025  23:54:54
* NMEA baud rate = 9600
** Ship: USCG HEALY
** Bot. Depth:  1815
** Cast Number:  01
** Station Name:  NABOS
** Station Number:  19
** Operator:  STARC
# nquan = 25
# nvalues = 1078                                  
# units = specified
# name 0 = depSM: Depth [salt water, m]
# name 1 = latitude: Latitude [deg]
# name 2 = longitude: Longitude [deg]
# name 3 = prDM: Pressure, Digiquartz [db]
# name 4 = t090C: Temperature [ITS-90, deg C]
# name 5 = t190C: Temperature, 2 [ITS-90, deg C]
# name 6 = c0mS/cm: Conductivity [mS/cm]
# name 7 = c1mS/cm: Conductivity, 2 [mS/cm]
# name 8 = sal00: Salinity, Practical [PSU]
# name 9 = sal11: Salinity, Practical, 2 [PSU]
# name 10 = sbox0Mm/Kg: Oxygen, SBE 43 [umol/kg]
# name 11 = sbox1Mm/Kg: Oxygen, SBE 43, 2 [umol/kg]
# name 12 = flECO-AFL: Fluorescence, WET Labs ECO-AFL/FL [mg/m^3]
# name 13 = v2: Voltage 2
# name 14 = wetCDOM: Fluorescence, WET Labs CDOM [mg/m^3]
# name 15 = v6: Voltage 6
# name 16 = CStarAt0: Beam Attenuation, WET Labs C-Star [1/m]
# name 17 = v3: Voltage 3
# name 18 = scan: Scan Count
# name 19 = timeM: Time, Elapsed [minutes]
# name 20 = altM: Altimeter [m]
# name 21 = sbeox0V: Oxygen raw, SBE 43 [V]
# name 22 = sbeox1V: Oxygen raw, SBE 43, 2 [V]
# name 23 = nbf: Bottles Fired
# name 24 = flag:  0.000e+00
# interval = seconds: 0.0416667
# start_time = Sep 17 2025 23:54:54 [NMEA time, header]
# bad_flag = -9.990e-29
*END*
[from data line 1044]
      3.953   78.24704  176.25028      3.995    -1.6301    -1.6305  24.597876  24.596999    30.7794    30.7785    370.036    359.839     0.1381     4.5897     0.1050     0.1050     0.0856     0.0305     134199    93.1931     100.00     2.6016     2.2518         22  0.000e+00
      3.953   78.24704  176.25028      3.995    -1.6301    -1.6306  24.598109  24.596890    30.7797    30.7785    370.035    359.334     0.1381     4.5897     0.1050     0.1050     0.0856     0.0305     134200    93.1937     100.00     2.6016     2.2494         22  0.000e+00
      3.895   78.24704  176.25028      3.937    -1.6303    -1.6306  24.598225  24.596890    30.7801    30.7785    370.247    358.824     0.1381     4.5897     0.1050     0.1050     0.0856     0.0305     134201    93.1944     100.00     2.6028     2.2469         22  0.000e+00
      4.010   78.24704  176.25028      4.053    -1.6300    -1.6310  24.598283  24.596672    30.7798    30.7786    370.036    358.834     0.1381     4.5885     0.1050     0.1050     0.0867     0.0305     134202    93.1951     100.00     2.6016     2.2469         22  0.000e+00
      3.895   78.24704  176.25028      3.937    -1.6299    -1.6312  24.598573  24.596453    30.7802    30.7786    370.243    359.084     0.1381     4.5897     0.1050     0.1050     0.0856     0.0305     134203    93.1958     100.00     2.6028     2.2481         22  0.000e+00
      3.953   78.24704  176.25028      3.995    -1.6290    -1.6309  24.599038  24.596726    30.7799    30.7786    370.022    359.590     0.1381     4.5897     0.1050     0.1050     0.0856     0.0305     134204    93.1965     100.00     2.6016     2.2506         22  0.000e+00
      3.953   78.24704  176.25028      3.995    -1.6286    -1.6310  24.599096  24.596890    30.7795    30.7789    369.804    359.590     0.1381     4.5897     0.1050     0.1050     0.0856     0.0305     134205    93.1972     100.00     2.6004     2.2506         22  0.000e+00
      3.830   78.24704  176.25028      3.871    -1.6281    -1.6309  24.599503  24.596890    30.7796    30.7790    370.007    359.584     0.1381     4.5897     0.1050     0.1050     0.0856     0.0305     134206    93.1979     100.00     2.6016     2.2506         22  0.000e+00
      4.068   78.24704  176.25028      4.111    -1.6278    -1.6303  24.599503  24.597054    30.7791    30.7784    370.016    359.336     0.1381     4.5897     0.1050     0.1050     0.0856     0.0305     134207    93.1986     100.00     2.6016     2.2494         22  0.000e+00
      3.896   78.24704  176.25028      3.937    -1.6274    -1.6300  24.599677  24.596944    30.7790    30.7780    370.003    359.072     0.1381     4.5897     0.1050     0.1050     0.0856     0.0305     134208    93.1993     100.00     2.6016     2.2481         22  0.000e+00
      3.953   78.24704  176.25028      3.995    -1.6277    -1.6303  24.599852  24.597054    30.7796    30.7784    370.008    359.584     0.1381     4.5897     0.1050     0.1050     0.0856     0.0305     134209    93.2000     100.00     2.6016     2.2506         22  0.000e+00
      3.953   78.24704  176.25028      3.995    -1.6276    -1.6304  24.599910  24.597109    30.7796    30.7786    370.007    360.345     0.1381     4.5897     0.1050     0.1050     0.0856     0.0305     134210    93.2007     100.00     2.6016     2.2542         22  0.000e+00
      3.896   78.24704  176.25028      3.937    -1.6283    -1.6306  24.599445  24.596944    30.7797    30.7786    369.797    361.105     0.1381     4.5897     0.1050     0.1050     0.0856     0.0305     134211    93.2014     100.00     2.6004     2.2579         22  0.000e+00
      3.953   78.24704  176.25028      3.995    -1.6292    -1.6298  24.598980  24.597054    30.7799    30.7779    370.024    361.101     0.1381     4.5897     0.1050     0.1050     0.0856     0.0305     134212    93.2021     100.00     2.6016     2.2579         22  0.000e+00
      3.896   78.24704  176.25028      3.937    -1.6297    -1.6297  24.598748  24.597327    30.7801    30.7783    370.026    361.097     0.1381     4.5897     0.1050     0.1050     0.0856     0.0305     134213    93.2028     100.00     2.6016     2.2579         22  0.000e+00
      3.953   78.24704  176.25028      3.995    -1.6300    -1.6292  24.599387  24.597710    30.7813    30.7782    370.029    360.586     0.1381     4.5897     0.1050     0.1050     0.0856     0.0305     134214    93.2035     100.00     2.6016     2.2555         22  0.000e+00
      3.953   78.24704  176.25028      3.995    -1.6295    -1.6290  24.600084  24.597710    30.7818    30.7780    370.022    359.571     0.1381     4.5897     0.1050     0.1050     0.0856     0.0305     134215    93.2042     100.00     2.6016     2.2506         22  0.000e+00
      3.896   78.24704  176.25028      3.937    -1.6283    -1.6289  24.600316  24.597983    30.7808    30.7783    370.007    358.552     0.1381     4.5897     0.1050     0.1050     0.0856     0.0305     134216    93.2049     100.00     2.6016     2.2457         22  0.000e+00
      3.953   78.24704  176.25028      3.995    -1.6274    -1.6289  24.600898  24.598092    30.7807    30.7784    370.001    358.047     0.1381     4.5897     0.1050     0.1050     0.0856     0.0305     134217    93.2056     100.00     2.6016     2.2432         22  0.000e+00
      3.953   78.24704  176.25028      3.995    -1.6258    -1.6290  24.601537  24.597928    30.7800    30.7783    369.985    357.542     0.1381     4.5897     0.1050     0.1050     0.0856     0.0305     134218    93.2062     100.00     2.6016     2.2408         22  0.000e+00
      3.887   78.24704  176.25028      3.929    -1.6252    -1.6290  24.601420  24.598201    30.7792    30.7787    369.977    357.284     0.1076     4.5897     0.1050     0.1050     0.0856     0.0293     134219    93.2069     100.00     2.6016     2.2396         22  0.000e+00
      3.896   78.24704  176.25028      3.937    -1.6244    -1.6287  24.601711  24.597983    30.7788    30.7781    369.970    357.283     0.1381     4.5897     0.1038     0.1038     0.0856     0.0305     134220    93.2076     100.00     2.6016     2.2396         22  0.000e+00
      3.953   78.24704  176.25028      3.995    -1.6240    -1.6287  24.602118  24.598038    30.7788    30.7781    369.968    357.539     0.1381     4.5897     0.1038     0.1038     0.0856     0.0305     134221    93.2083     100.00     2.6016     2.2408         22  0.000e+00
      3.953   78.24704  176.25028      3.995    -1.6238    -1.6286  24.602292  24.597710    30.7789    30.7776    370.180    357.793     0.1381     4.5897     0.1038     0.1038     0.0856     0.0305     134222    93.2090     100.00     2.6028     2.2420         22  0.000e+00
      3.896   78.24704  176.25028      3.937    -1.6240    -1.6280  24.602176  24.597764    30.7790    30.7771    369.750    358.038     0.1076     4.5897     0.1038     0.1038     0.0856     0.0293     134223    93.2097     100.00     2.6004     2.2432         22  0.000e+00
      3.953   78.24704  176.25028      3.995    -1.6249    -1.6278  24.601769  24.598037    30.7793    30.7772    370.191    357.785     0.1381     4.5897     0.1038     0.1038     0.0856     0.0305     134224    93.2104     100.00     2.6028     2.2420         22  0.000e+00
      3.896   78.24704  176.25028      3.937    -1.6259    -1.6271  24.601246  24.598256    30.7797    30.7768    369.984    357.269     0.1381     4.5897     0.1038     0.1038     0.0856     0.0305     134225    93.2111     100.00     2.6016     2.2396         22  0.000e+00
      3.953   78.24704  176.25028      3.995    -1.6274    -1.6268  24.600781  24.598311    30.7805    30.7766    370.001    356.762     0.1381     4.5897     0.1038     0.1038     0.0856     0.0305     134226    93.2118     100.00     2.6016     2.2371         22  0.000e+00
      3.887   78.24704  176.25028      3.929    -1.6284    -1.6268  24.600142  24.598529    30.7808    30.7769    370.009    356.251     0.1381     4.5910     0.1038     0.1038     0.0845     0.0305     134227    93.2125     100.00     2.6016     2.2347         22  0.000e+00
      3.953   78.24704  176.25028      3.995    -1.6290    -1.6269  24.600084  24.598365    30.7813    30.7767    370.018    356.256     0.1381     4.5897     0.1038     0.1038     0.0856     0.0305     134228    93.2132     100.00     2.6016     2.2347         22  0.000e+00
      3.887   78.24704  176.25028      3.929    -1.6299    -1.6275  24.599793  24.598147    30.7819    30.7771    370.023    356.512     0.1381     4.5897     0.1038     0.1038     0.0856     0.0305     134229    93.2139     100.00     2.6016     2.2359         22  0.000e+00
      3.953   78.24704  176.25028      3.995    -1.6297    -1.6278  24.600084  24.598256    30.7819    30.7775    370.023    357.531     0.1381     4.5910     0.1038     0.1038     0.0845     0.0305     134230    93.2146     100.00     2.6016     2.2408         22  0.000e+00
      3.896   78.24704  176.25028      3.937    -1.6290    -1.6283  24.600316  24.598311    30.7816    30.7781    370.014    358.292     0.1381     4.5897     0.1038     0.1038     0.0856     0.0305     134231    93.2153     100.00     2.6016     2.2445         22  0.000e+00
      3.953   78.24704  176.25028      3.995    -1.6281    -1.6284  24.600026  24.597983    30.7803    30.7777    370.225    358.550     0.1381     4.5897     0.1038     0.1038     0.0856     0.0305     134232    93.2160     100.00     2.6028     2.2457         22  0.000e+00
