Continuous CTD Data/01_SBE Stage/nabos_40_01avg.cnv
* Sea-Bird SBE 9 Data File:
* FileName = D:\CTD\data\HLY2502\raw\NABOS_40_01.hex
* Software Version Seasave V 7.26.7.110
* Temperature SN = 6954
* Conductivity SN = 2561
* Number of Bytes Per Scan = 37
* Number of Voltage Words = 4
* Number of Scans Averaged by the Deck Unit = 1
* NMEA Latitude = 79 04.14 N
* NMEA Longitude = 126 00.67 E
* NMEA UTC (Time) = Sep 26 2025  04:32:04
* NMEA baud rate = 9600
** Ship: USCG HEALY
** Bot. Depth:  3044
** Cast Number:  01
** Station Name:  NABOS
** Station Number:  40
** Operator:  STARC
** Cast to 1200 m
# nquan = 25
# nvalues = 1214                        
# units = specified
# name 0 = depSM: Depth [salt water, m]
# name 1 = latitude: Latitude [deg]
# name 2 = longitude: Longitude [deg]
# name 3 = prDM: Pressure, Digiquartz [db]
# name 4 = t090C: Temperature [ITS-90, deg C]
# name 5 = t190C: Temperature, 2 [ITS-90, deg C]
# name 6 = c0mS/cm: Conductivity [mS/cm]
# name 7 = c1mS/cm: Conductivity, 2 [mS/cm]
# name 8 = sal00: Salinity, Practical [PSU]
# name 9 = sal11: Salinity, Practical, 2 [PSU]
# name 10 = sbox0Mm/Kg: Oxygen, SBE 43 [umol/kg]
# name 11 = sbox1Mm/Kg: Oxygen, SBE 43, 2 [umol/kg]
# name 12 = flECO-AFL: Fluorescence, WET Labs ECO-AFL/FL [mg/m^3]
# name 13 = v2: Voltage 2
# name 14 = wetCDOM: Fluorescence, WET Labs CDOM [mg/m^3]
# name 15 = v6: Voltage 6
# name 16 = CStarAt0: Beam Attenuation, WET Labs C-Star [1/m]
# name 17 = v3: Voltage 3
# name 18 = scan: Scan Count
# name 19 = timeM: Time, Elapsed [minutes]
# name 20 = altM: Altimeter [m]
# name 21 = sbeox0V: Oxygen raw, SBE 43 [V]
# name 22 = sbeox1V: Oxygen raw, SBE 43, 2 [V]
# name 23 = nbin: number of scans per bin
# name 24 = flag: flag
# span 0 =      2.968,   1199.664       
# span 1 =   79.06747,   79.06906       
# span 2 =  126.00882,  126.01032       
# span 3 =      3.000,   1216.000       
# span 4 =    -1.8350,     1.8614       
# span 5 =    -1.8347,     1.8612       
# span 6 =  23.880600,  30.665901       
# span 7 =  23.879099,  30.663261       
# span 8 =    29.7889,    34.9097       
# span 9 =    29.7857,    34.9067       
# span 10 =    287.650,    380.618      
# span 11 =    284.093,    374.113      
# span 12 =    -0.1763,     0.3442      
# span 13 =     4.5360,     4.6316      
# span 14 =     0.0656,     0.1418      
# span 15 =     0.0656,     0.1418      
# span 16 =     0.0493,     0.1327      
# span 17 =     0.0179,     0.0388      
# span 18 =       3347,      39082      
# span 19 =     2.3240,    27.1392      
# span 20 =     100.00,     100.00      
# span 21 =     1.9918,     2.6606      
# span 22 =     1.7703,     2.3177      
# span 23 =          2,         26      
# span 24 = 0.0000e+00, 0.0000e+00      
# interval = decibars: 1                
# start_time = Sep 26 2025 04:32:04 [NMEA time, header]
# bad_flag = -9.990e-29
*END*
[from data line 116]
    117.711   79.06896  126.00888    119.000    -0.7710    -0.7701  27.922528  27.920343    34.3104    34.3064    322.835    318.258    -0.1276     4.6227     0.0852     0.0852     0.0570     0.0199       9878     6.8589     100.00     2.4049     2.1119         17 0.0000e+00
    118.699   79.06896  126.00888    120.000    -0.7242    -0.7235  27.968878  27.966402    34.3195    34.3153    321.984    316.941    -0.1307     4.6232     0.0852     0.0852     0.0566     0.0198       9907     6.8794     100.00     2.4024     2.1074         20 0.0000e+00
    119.688   79.06896  126.00887    121.000    -0.6732    -0.6721  28.019419  28.017141    34.3292    34.3249    320.872    316.582    -0.1243     4.6237     0.0852     0.0852     0.0561     0.0200       9936     6.8992     100.00     2.3986     2.1079         20 0.0000e+00
    120.677   79.06896  126.00886    122.000    -0.6027    -0.6013  28.086471  28.084539    34.3392    34.3350    319.745    315.491    -0.1306     4.6241     0.0857     0.0857     0.0557     0.0198       9963     6.9178     100.00     2.3958     2.1057         20 0.0000e+00
    121.666   79.06896  126.00886    123.000    -0.5355    -0.5339  28.151569  28.149484    34.3500    34.3455    318.771    314.751    -0.1346     4.6249     0.0863     0.0863     0.0551     0.0196       9989     6.9361     100.00     2.3937     2.1050         16 0.0000e+00
    122.655   79.06896  126.00886    124.000    -0.4572    -0.4547  28.225898  28.224696    34.3607    34.3563    317.743    312.926    -0.1308     4.6246     0.0862     0.0862     0.0553     0.0197      10015     6.9543     100.00     2.3919     2.0995         16 0.0000e+00
    123.644   79.06896  126.00886    125.000    -0.3900    -0.3884  28.291673  28.289644    34.3723    34.3678    317.030    312.785    -0.1571     4.6246     0.0858     0.0858     0.0553     0.0187      10042     6.9728     100.00     2.3913     2.1018         19 0.0000e+00
    124.633   79.06896  126.00885    126.000    -0.3558    -0.3545  28.326047  28.324116    34.3791    34.3750    316.379    312.182    -0.1428     4.6242     0.0854     0.0854     0.0556     0.0193      10068     6.9909     100.00     2.3891     2.1002         16 0.0000e+00
    125.621   79.06895  126.00884    127.000    -0.3304    -0.3296  28.354679  28.352159    34.3882    34.3838    315.706    311.490    -0.1591     4.6252     0.0858     0.0858     0.0548     0.0186      10095     7.0094     100.00     2.3864     2.0977         20 0.0000e+00
    126.610   79.06894  126.00884    128.000    -0.2411    -0.2402  28.440456  28.437662    34.4013    34.3965    314.362    310.656    -0.1611     4.6250     0.0880     0.0880     0.0550     0.0185      10120     7.0271     100.00     2.3832     2.0976         15 0.0000e+00
    127.599   79.06894  126.00884    129.000    -0.1758    -0.1721  28.502242  28.502277    34.4094    34.4052    313.810    309.385    -0.1338     4.6251     0.0864     0.0864     0.0549     0.0196      10144     7.0440     100.00     2.3834     2.0942         17 0.0000e+00
    128.588   79.06894  126.00884    130.000    -0.0941    -0.0927  28.581034  28.579399    34.4215    34.4178    313.032    308.693    -0.1524     4.6252     0.0864     0.0864     0.0548     0.0189      10168     7.0605     100.00     2.3832     2.0943         15 0.0000e+00
    129.577   79.06894  126.00884    131.000    -0.0300    -0.0310  28.644769  28.640792    34.4334    34.4293    312.278    308.193    -0.1263     4.6252     0.0862     0.0862     0.0548     0.0199      10192     7.0769     100.00     2.3821     2.0945         16 0.0000e+00
    130.566   79.06894  126.00884    132.000     0.0628     0.0636  28.734631  28.732175    34.4474    34.4433    311.265    306.954    -0.1426     4.6252     0.0859     0.0859     0.0548     0.0193      10215     7.0934     100.00     2.3811     2.0925         16 0.0000e+00
    131.554   79.06894  126.00884    133.000     0.1347     0.1357  28.805916  28.803827    34.4603    34.4564    310.415    306.220    -0.1455     4.6256     0.0852     0.0852     0.0545     0.0192      10239     7.1098     100.00     2.3798     2.0920         17 0.0000e+00
    132.543   79.06894  126.00884    134.000     0.1889     0.1900  28.859822  28.857619    34.4700    34.4658    309.482    305.119    -0.1318     4.6260     0.0858     0.0858     0.0541     0.0197      10262     7.1260     100.00     2.3769     2.0887         14 0.0000e+00
    133.532   79.06894  126.00884    135.000     0.2525     0.2554  28.923106  28.922685    34.4814    34.4776    308.410    304.507    -0.1366     4.6257     0.0875     0.0875     0.0544     0.0195      10286     7.1422     100.00     2.3738     2.0885         14 0.0000e+00
    134.521   79.06894  126.00884    136.000     0.3101     0.3135  28.981328  28.980909    34.4928    34.4884    307.389    303.642    -0.1325     4.6258     0.0838     0.0838     0.0543     0.0197      10309     7.1586     100.00     2.3707     2.0866         15 0.0000e+00
    135.510   79.06894  126.00882    137.000     0.3800     0.3800  29.051313  29.047311    34.5058    34.5006    306.353    302.463    -0.1347     4.6254     0.0851     0.0851     0.0547     0.0196      10333     7.1750     100.00     2.3680     2.0834         16 0.0000e+00
    136.498   79.06894  126.00882    138.000     0.4565     0.4573  29.125878  29.123388    34.5173    34.5131    305.441    301.483    -0.1366     4.6255     0.0855     0.0855     0.0545     0.0195      10356     7.1912     100.00     2.3665     2.0818         14 0.0000e+00
    137.487   79.06894  126.00882    139.000     0.5526     0.5529  29.219752  29.216769    34.5319    34.5277    304.397    300.089    -0.1337     4.6258     0.0853     0.0853     0.0543     0.0196      10379     7.2073     100.00     2.3653     2.0788         11 0.0000e+00
    138.476   79.06894  126.00882    140.000     0.6570     0.6609  29.322638  29.322800    34.5489    34.5448    303.303    298.940    -0.1249     4.6264     0.0848     0.0848     0.0538     0.0200      10403     7.2238     100.00     2.3642     2.0777         16 0.0000e+00
    139.465   79.06894  126.00882    141.000     0.6964     0.6980  29.361386  29.359703    34.5547    34.5507    302.973    298.690    -0.1560     4.6270     0.0846     0.0846     0.0532     0.0187      10427     7.2401     100.00     2.3641     2.0779         14 0.0000e+00
    140.454   79.06894  126.00882    142.000     0.8060     0.8052  29.468281  29.464029    34.5708    34.5662    301.544    297.464    -0.1393     4.6266     0.0853     0.0853     0.0536     0.0194      10451     7.2571     100.00     2.3611     2.0762         17 0.0000e+00
    141.442   79.06894  126.00882    143.000     0.8249     0.8254  29.487663  29.485386    34.5743    34.5708    301.012    297.431    -0.1296     4.6265     0.0864     0.0864     0.0537     0.0198      10476     7.2742     100.00     2.3586     2.0768         14 0.0000e+00
    142.431   79.06894  126.00882    144.000     0.8447     0.8457  29.511315  29.508951    34.5823    34.5781    300.366    296.854    -0.1329     4.6270     0.0837     0.0837     0.0532     0.0197      10501     7.2914     100.00     2.3555     2.0746         16 0.0000e+00
    143.420   79.06894  126.00882    145.000     0.8960     0.8974  29.564708  29.562935    34.5937    34.5899    299.665    296.343    -0.1649     4.6264     0.0839     0.0839     0.0538     0.0184      10525     7.3087     100.00     2.3538     2.0741         17 0.0000e+00
    144.409   79.06894  126.00882    146.000     0.9135     0.9145  29.583834  29.581920    34.5984    34.5948    299.486    295.899    -0.1579     4.6272     0.0830     0.0830     0.0530     0.0187      10551     7.3261     100.00     2.3535     2.0724         16 0.0000e+00
    145.397   79.06893  126.00882    147.000     0.9446     0.9459  29.618010  29.615824    34.6074    34.6031    299.093    295.507    -0.1410     4.6275     0.0837     0.0837     0.0528     0.0193      10575     7.3432     100.00     2.3525     2.0716         14 0.0000e+00
    146.386   79.06892  126.00882    148.000     1.0124     1.0170  29.686973  29.688290    34.6204    34.6169    298.406    294.446    -0.1602     4.6265     0.0837     0.0837     0.0537     0.0186      10600     7.3608     100.00     2.3518     2.0691         17 0.0000e+00
    147.375   79.06892  126.00882    149.000     1.0811     1.0885  29.752427  29.755927    34.6278    34.6241    297.824    293.681    -0.1478     4.6277     0.0837     0.0837     0.0526     0.0191      10625     7.3781     100.00     2.3517     2.0681         18 0.0000e+00
    148.363   79.06892  126.00882    150.000     1.1158     1.1216  29.791727  29.793267    34.6392    34.6347    297.500    293.402    -0.1509     4.6281     0.0842     0.0842     0.0523     0.0189      10650     7.3954     100.00     2.3514     2.0680         17 0.0000e+00
    149.352   79.06892  126.00882    151.000     1.1829     1.1829  29.860575  29.857773    34.6526    34.6490    296.836    292.468    -0.1417     4.6278     0.0841     0.0841     0.0525     0.0193      10675     7.4127     100.00     2.3507     2.0658         19 0.0000e+00
    150.341   79.06892  126.00882    152.000     1.2264     1.2326  29.908922  29.910961    34.6658    34.6615    296.372    292.426    -0.1552     4.6275     0.0839     0.0839     0.0528     0.0188      10700     7.4300     100.00     2.3501     2.0677         18 0.0000e+00
    151.330   79.06892  126.00882    153.000     1.3173     1.3168  29.998990  29.995663    34.6798    34.6761    295.559    290.790    -0.1674     4.6276     0.0839     0.0839     0.0527     0.0183      10725     7.4474     100.00     2.3497     2.0626         19 0.0000e+00
    152.318   79.06892  126.00882    154.000     1.3183     1.3185  30.002296  29.999691    34.6823    34.6787    295.768    291.391    -0.1653     4.6275     0.0840     0.0840     0.0528     0.0184      10750     7.4645     100.00     2.3509     2.0657         18 0.0000e+00
    153.307   79.06892  126.00882    155.000     1.3353     1.3353  30.019299  30.016738    34.6846    34.6814    295.491    291.180    -0.1653     4.6275     0.0838     0.0838     0.0528     0.0184      10775     7.4820     100.00     2.3498     2.0651         17 0.0000e+00
    154.296   79.06892  126.00882    156.000     1.3738     1.3783  30.061275  30.062174    34.6950    34.6913    294.849    290.563    -0.1571     4.6265     0.0839     0.0839     0.0537     0.0187      10800     7.4993     100.00     2.3476     2.0636         16 0.0000e+00
    155.284   79.06892  126.00882    157.000     1.4254     1.4256  30.115091  30.112443    34.7060    34.7024    294.401    289.988    -0.1434     4.6281     0.0830     0.0830     0.0523     0.0192      10825     7.5168     100.00     2.3474     2.0626         19 0.0000e+00
    156.273   79.06892  126.00882    158.000     1.4288     1.4290  30.120148  30.117603    34.7081    34.7047    294.342    290.144    -0.1653     4.6281     0.0838     0.0838     0.0523     0.0184      10850     7.5343     100.00     2.3470     2.0634         20 0.0000e+00
    157.262   79.06892  126.00882    159.000     1.4290     1.4292  30.121672  30.118952    34.7093    34.7056    294.191    289.999    -0.1598     4.6284     0.0838     0.0838     0.0520     0.0186      10875     7.5515     100.00     2.3459     2.0624         16 0.0000e+00
    158.251   79.06892  126.00882    160.000     1.4294     1.4291  30.123097  30.120149    34.7100    34.7066    294.047    289.920    -0.1699     4.6279     0.0840     0.0840     0.0524     0.0182      10900     7.5690     100.00     2.3448     2.0618         16 0.0000e+00
    159.239   79.06892  126.00882    161.000     1.4292     1.4292  30.124016  30.121399    34.7108    34.7075    294.122    289.587    -0.1447     4.6280     0.0841     0.0841     0.0524     0.0192      10926     7.5865     100.00     2.3450     2.0599         17 0.0000e+00
    160.228   79.06892  126.00882    162.000     1.4309     1.4307  30.126505  30.123651    34.7116    34.7082    294.124    289.751    -0.1271     4.6277     0.0839     0.0839     0.0526     0.0199      10951     7.6039     100.00     2.3449     2.0606         17 0.0000e+00
    161.217   79.06892  126.00882    163.000     1.4550     1.4562  30.153566  30.151331    34.7188    34.7147    293.830    289.309    -0.1647     4.6281     0.0836     0.0836     0.0523     0.0184      10976     7.6213     100.00     2.3441     2.0592         15 0.0000e+00
    162.205   79.06892  126.00882    164.000     1.5212     1.5213  30.221753  30.219130    34.7318    34.7284    293.359    288.691    -0.1296     4.6279     0.0834     0.0834     0.0524     0.0198      11001     7.6386     100.00     2.3446     2.0587         15 0.0000e+00
    163.194   79.06890  126.00882    165.000     1.5561     1.5578  30.260270  30.259076    34.7416    34.7382    293.436    288.774    -0.1276     4.6279     0.0849     0.0849     0.0524     0.0199      11026     7.6560     100.00     2.3467     2.0606         14 0.0000e+00
    164.183   79.06890  126.00882    166.000     1.5846     1.5840  30.289812  30.286638    34.7471    34.7437    293.334    288.723    -0.1327     4.6278     0.0829     0.0829     0.0525     0.0197      11051     7.6733     100.00     2.3474     2.0614         15 0.0000e+00
    165.171   79.06890  126.00882    167.000     1.6241     1.6266  30.335485  30.335169    34.7608    34.7577    293.031    288.463    -0.1309     4.6282     0.0839     0.0839     0.0522     0.0197      11076     7.6907     100.00     2.3475     2.0618         16 0.0000e+00
    166.160   79.06890  126.00882    168.000     1.6372     1.6372  30.349847  30.347402    34.7640    34.7609    292.985    288.462    -0.1456     4.6286     0.0839     0.0839     0.0518     0.0192      11101     7.7081     100.00     2.3477     2.0620         14 0.0000e+00
    167.148   79.06890  126.00882    169.000     1.6391     1.6394  30.353197  30.350832    34.7656    34.7622    292.949    288.203    -0.1475     4.6279     0.0838     0.0838     0.0525     0.0191      11125     7.7253     100.00     2.3473     2.0606         14 0.0000e+00
    168.137   79.06890  126.00882    170.000     1.6448     1.6447  30.359690  30.356906    34.7669    34.7635    292.682    288.377    -0.1310     4.6284     0.0831     0.0831     0.0520     0.0197      11151     7.7428     100.00     2.3457     2.0616         15 0.0000e+00
    169.126   79.06890  126.00882    171.000     1.6463     1.6463  30.361997  30.359397    34.7676    34.7642    292.566    288.248    -0.1674     4.6276     0.0839     0.0839     0.0527     0.0183      11175     7.7600     100.00     2.3449     2.0607         12 0.0000e+00
    170.114   79.06890  126.00882    172.000     1.6469     1.6471  30.363520  30.361058    34.7683    34.7650    292.566    288.613    -0.1292     4.6286     0.0839     0.0839     0.0519     0.0198      11201     7.7775     100.00     2.3447     2.0625         14 0.0000e+00
    171.103   79.06890  126.00882    173.000     1.6480     1.6479  30.365319  30.362597    34.7688    34.7655    292.567    287.979    -0.1587     4.6287     0.0842     0.0842     0.0518     0.0186      11226     7.7950     100.00     2.3445     2.0590         16 0.0000e+00
    172.092   79.06890  126.00882    174.000     1.6481     1.6482  30.366279  30.363819    34.7693    34.7661    292.602    288.491    -0.1671     4.6282     0.0834     0.0834     0.0522     0.0183      11251     7.8127     100.00     2.3445     2.0615         17 0.0000e+00
    173.080   79.06890  126.00882    175.000     1.6487     1.6488  30.367666  30.365144    34.7698    34.7665    292.691    288.176    -0.1563     4.6288     0.0830     0.0830     0.0517     0.0187      11276     7.8300     100.00     2.3448     2.0597         15 0.0000e+00
