Continuous CTD Data/01_SBE Stage/nabos_13_01.ros
* Sea-Bird SBE 9 Data File:
* FileName = D:\CTD\data\HLY2502\raw\NABOS_13_01.hex
* Software Version Seasave V 7.26.7.110
* Temperature SN = 6954
* Conductivity SN = 2561
* Number of Bytes Per Scan = 37
* Number of Voltage Words = 4
* Number of Scans Averaged by the Deck Unit = 1
* NMEA Latitude = 77 47.47 N
* NMEA Longitude = 174 07.84 W
* NMEA UTC (Time) = Sep 10 2025  11:34:32
* NMEA baud rate = 9600
** Ship: USCG HEALY
** Bot. Depth:  1300
** Cast Number:  01
** Station Name:  NABOS
** Station Number:  13
** Operator:  STARC
# nquan = 25
# nvalues = 1147                                  
# units = specified
# name 0 = depSM: Depth [salt water, m]
# name 1 = latitude: Latitude [deg]
# name 2 = longitude: Longitude [deg]
# name 3 = prDM: Pressure, Digiquartz [db]
# name 4 = t090C: Temperature [ITS-90, deg C]
# name 5 = t190C: Temperature, 2 [ITS-90, deg C]
# name 6 = c0mS/cm: Conductivity [mS/cm]
# name 7 = c1mS/cm: Conductivity, 2 [mS/cm]
# name 8 = sal00: Salinity, Practical [PSU]
# name 9 = sal11: Salinity, Practical, 2 [PSU]
# name 10 = sbox0Mm/Kg: Oxygen, SBE 43 [umol/kg]
# name 11 = sbox1Mm/Kg: Oxygen, SBE 43, 2 [umol/kg]
# name 12 = flECO-AFL: Fluorescence, WET Labs ECO-AFL/FL [mg/m^3]
# name 13 = v2: Voltage 2
# name 14 = wetCDOM: Fluorescence, WET Labs CDOM [mg/m^3]
# name 15 = v6: Voltage 6
# name 16 = CStarAt0: Beam Attenuation, WET Labs C-Star [1/m]
# name 17 = v3: Voltage 3
# name 18 = scan: Scan Count
# name 19 = timeM: Time, Elapsed [minutes]
# name 20 = altM: Altimeter [m]
# name 21 = sbeox0V: Oxygen raw, SBE 43 [V]
# name 22 = sbeox1V: Oxygen raw, SBE 43, 2 [V]
# name 23 = nbf: Bottles Fired
# name 24 = flag:  0.000e+00
# interval = seconds: 0.0416667
# start_time = Sep 10 2025 11:34:32 [NMEA time, header]
# bad_flag = -9.990e-29
*END*
[from data line 116]
    750.686   77.79812 -174.10766    760.046     0.3551     0.3549  29.582226  29.580451    34.8614    34.8593    291.192    283.607    -0.1976     4.6642     0.0842     0.0842     0.0212     0.0171      56964    39.5576     100.00     2.1382     1.8731          3  0.000e+00
    750.744   77.79812 -174.10766    760.105     0.3549     0.3552  29.582226  29.580510    34.8616    34.8591    291.412    283.607    -0.1671     4.6654     0.0842     0.0842     0.0201     0.0183      56965    39.5583     100.00     2.1395     1.8731          3  0.000e+00
    750.744   77.79812 -174.10766    760.105     0.3551     0.3550  29.582164  29.580393    34.8613    34.8591    291.194    283.865    -0.1671     4.6642     0.0842     0.0842     0.0212     0.0183      56966    39.5590     100.00     2.1382     1.8744          3  0.000e+00
    750.686   77.79812 -174.10764    760.046     0.3551     0.3550  29.582164  29.580334    34.8614    34.8590    291.409    284.120    -0.1671     4.6654     0.0842     0.0842     0.0201     0.0183      56967    39.5597     100.00     2.1395     1.8756          3  0.000e+00
    750.752   77.79812 -174.10764    760.113     0.3549     0.3552  29.582412  29.580685    34.8618    34.8593    291.412    284.121    -0.1671     4.6654     0.0842     0.0842     0.0201     0.0183      56968    39.5604     100.00     2.1395     1.8756          3  0.000e+00
    750.744   77.79812 -174.10764    760.105     0.3551     0.3550  29.582288  29.580685    34.8615    34.8595    291.411    284.122    -0.1671     4.6642     0.0842     0.0842     0.0212     0.0183      56969    39.5611     100.00     2.1395     1.8756          3  0.000e+00
    750.744   77.79812 -174.10764    760.105     0.3551     0.3549  29.582412  29.580627    34.8617    34.8596    291.194    284.123    -0.1671     4.6642     0.0830     0.0830     0.0212     0.0183      56970    39.5618     100.00     2.1382     1.8756          3  0.000e+00
    750.686   77.79812 -174.10764    760.046     0.3549     0.3552  29.582412  29.580393    34.8619    34.8589    291.192    283.862    -0.1671     4.6642     0.0830     0.0830     0.0212     0.0183      56971    39.5625     100.00     2.1382     1.8744          3  0.000e+00
    750.744   77.79812 -174.10764    760.105     0.3549     0.3549  29.582226  29.580510    34.8616    34.8594    291.412    283.866    -0.1671     4.6654     0.0830     0.0830     0.0201     0.0183      56972    39.5632     100.00     2.1395     1.8744          3  0.000e+00
    750.686   77.79812 -174.10764    760.046     0.3549     0.3547  29.582226  29.580627    34.8616    34.8597    291.410    283.864    -0.1671     4.6642     0.0830     0.0830     0.0212     0.0183      56973    39.5639     100.00     2.1395     1.8744          3  0.000e+00
    750.752   77.79812 -174.10764    760.114     0.3549     0.3549  29.582226  29.580159    34.8616    34.8589    291.413    283.867    -0.1366     4.6642     0.0842     0.0842     0.0212     0.0195      56974    39.5646     100.00     2.1395     1.8744          3  0.000e+00
    750.744   77.79812 -174.10764    760.105     0.3552     0.3549  29.582039  29.580218    34.8610    34.8590    291.194    283.867    -0.1366     4.6642     0.0842     0.0842     0.0212     0.0195      56975    39.5653     100.00     2.1382     1.8744          3  0.000e+00
    750.686   77.79812 -174.10764    760.046     0.3552     0.3549  29.582288  29.580510    34.8614    34.8594    291.408    283.864    -0.1366     4.6654     0.0830     0.0830     0.0201     0.0195      56976    39.5660     100.00     2.1395     1.8744          3  0.000e+00
    750.744   77.79812 -174.10764    760.105     0.3549     0.3549  29.582226  29.580159    34.8616    34.8590    291.412    283.867    -0.1366     4.6642     0.0830     0.0830     0.0212     0.0195      56977    39.5667     100.00     2.1395     1.8744          3  0.000e+00
    750.744   77.79812 -174.10764    760.105     0.3549     0.3550  29.582412  29.580218    34.8618    34.8588    291.412    283.866    -0.1366     4.6642     0.0830     0.0830     0.0212     0.0195      56978    39.5674     100.00     2.1395     1.8744          3  0.000e+00
    750.744   77.79812 -174.10764    760.105     0.3549     0.3549  29.582661  29.580685    34.8622    34.8596    291.411    283.608    -0.1366     4.6642     0.0830     0.0830     0.0212     0.0195      56979    39.5681     100.00     2.1395     1.8731          3  0.000e+00
    750.752   77.79812 -174.10764    760.114     0.3551     0.3550  29.582350  29.580451    34.8616    34.8591    291.194    283.866    -0.1061     4.6642     0.0830     0.0830     0.0212     0.0208      56980    39.5688     100.00     2.1382     1.8744          3  0.000e+00
    750.744   77.79812 -174.10764    760.105     0.3549     0.3549  29.582164  29.580335    34.8615    34.8591    291.413    284.123    -0.1366     4.6642     0.0818     0.0818     0.0212     0.0195      56981    39.5694     100.00     2.1395     1.8756          3  0.000e+00
    750.744   77.79812 -174.10764    760.105     0.3549     0.3550  29.582164  29.580510    34.8615    34.8592    291.195    283.865    -0.1366     4.6642     0.0830     0.0830     0.0212     0.0195      56982    39.5701     100.00     2.1382     1.8744          3  0.000e+00
    750.686   77.79812 -174.10764    760.046     0.3549     0.3550  29.582039  29.580393    34.8614    34.8591    291.411    283.863    -0.1366     4.6642     0.0830     0.0830     0.0212     0.0195      56983    39.5708     100.00     2.1395     1.8744          3  0.000e+00
    750.744   77.79812 -174.10764    760.105     0.3551     0.3549  29.582350  29.580510    34.8616    34.8594    291.411    283.866    -0.1366     4.6642     0.0830     0.0830     0.0212     0.0195      56984    39.5715     100.00     2.1395     1.8744          3  0.000e+00
    750.810   77.79812 -174.10764    760.172     0.3551     0.3550  29.582475  29.580627    34.8617    34.8593    291.413    283.867    -0.1366     4.6642     0.0818     0.0818     0.0212     0.0195      56985    39.5722     100.00     2.1395     1.8744          3  0.000e+00
    750.694   77.79812 -174.10764    760.055     0.3549     0.3550  29.582226  29.580627    34.8616    34.8594    291.411    283.863    -0.1366     4.6642     0.0830     0.0830     0.0212     0.0195      56986    39.5729     100.00     2.1395     1.8744          3  0.000e+00
    750.744   77.79812 -174.10764    760.105     0.3551     0.3552  29.582350  29.580802    34.8616    34.8595    291.194    284.121    -0.1061     4.6642     0.0830     0.0830     0.0212     0.0208      56987    39.5736     100.00     2.1382     1.8756          3  0.000e+00
    750.744   77.79812 -174.10764    760.105     0.3551     0.3547  29.582102  29.580685    34.8612    34.8598    291.412    284.638    -0.1366     4.6642     0.0818     0.0818     0.0212     0.0195      56988    39.5743     100.00     2.1395     1.8781          3  0.000e+00
    750.744   77.79812 -174.10764    760.105     0.3549     0.3550  29.582164  29.580627    34.8615    34.8594    291.195    284.893    -0.1366     4.6642     0.0818     0.0818     0.0212     0.0195      56989    39.5750     100.00     2.1382     1.8793          3  0.000e+00
    750.744   77.79812 -174.10764    760.105     0.3552     0.3550  29.582226  29.580802    34.8613    34.8596    291.194    284.893    -0.1366     4.6642     0.0830     0.0830     0.0212     0.0195      56990    39.5757     100.00     2.1382     1.8793          3  0.000e+00
    750.744   77.79812 -174.10764    760.105     0.3549     0.3552  29.582599  29.580685    34.8621    34.8593    291.194    284.635    -0.1366     4.6642     0.0830     0.0830     0.0212     0.0195      56991    39.5764     100.00     2.1382     1.8781          3  0.000e+00
    750.752   77.79812 -174.10764    760.114     0.3549     0.3549  29.582350  29.580627    34.8617    34.8596    291.413    284.380    -0.1366     4.6642     0.0818     0.0818     0.0212     0.0195      56992    39.5771     100.00     2.1395     1.8768          3  0.000e+00
    750.744   77.79812 -174.10764    760.105     0.3551     0.3549  29.582412  29.580627    34.8617    34.8595    291.411    284.380    -0.1366     4.6642     0.0818     0.0818     0.0212     0.0195      56993    39.5778     100.00     2.1395     1.8768          3  0.000e+00
    750.744   77.79812 -174.10764    760.105     0.3549     0.3549  29.582474  29.580627    34.8619    34.8596    291.412    284.380    -0.1366     4.6642     0.0830     0.0830     0.0212     0.0195      56994    39.5785     100.00     2.1395     1.8768          3  0.000e+00
    501.996   77.79922 -174.10488    507.948     0.8164     0.8166  29.861743  29.859586    34.8535    34.8504    289.342    280.764    -0.1976     4.6618     0.0806     0.0806     0.0233     0.0171      66257    46.0111     100.00     2.2055     1.9233          4  0.000e+00
    501.996   77.79922 -174.10488    507.948     0.8164     0.8165  29.861494  29.859703    34.8532    34.8507    289.550    281.009    -0.1671     4.6618     0.0806     0.0806     0.0233     0.0183      66258    46.0118     100.00     2.2068     1.9245          4  0.000e+00
    501.996   77.79922 -174.10488    507.948     0.8166     0.8164  29.861494  29.859762    34.8530    34.8510    289.342    281.010    -0.1671     4.6618     0.0818     0.0818     0.0233     0.0183      66259    46.0125     100.00     2.2055     1.9245          4  0.000e+00
    502.054   77.79922 -174.10488    508.007     0.8164     0.8168  29.861431  29.859762    34.8531    34.8504    289.345    281.009    -0.1671     4.6618     0.0818     0.0818     0.0233     0.0183      66260    46.0132     100.00     2.2055     1.9245          4  0.000e+00
    502.054   77.79922 -174.10488    508.007     0.8164     0.8165  29.861494  29.859762    34.8532    34.8508    289.552    281.011    -0.1671     4.6618     0.0806     0.0806     0.0233     0.0183      66261    46.0139     100.00     2.2068     1.9245          4  0.000e+00
    501.996   77.79922 -174.10488    507.948     0.8164     0.8165  29.861244  29.859762    34.8528    34.8508    289.343    281.009    -0.1976     4.6618     0.0806     0.0806     0.0233     0.0171      66262    46.0146     100.00     2.2055     1.9245          4  0.000e+00
    501.996   77.79922 -174.10488    507.948     0.8167     0.8166  29.861431  29.859292    34.8528    34.8501    289.341    280.765    -0.1671     4.6618     0.0818     0.0818     0.0233     0.0183      66263    46.0153     100.00     2.2055     1.9233          4  0.000e+00
    502.054   77.79922 -174.10488    508.007     0.8164     0.8165  29.861244  29.859586    34.8529    34.8505    289.346    280.522    -0.1671     4.6618     0.0818     0.0818     0.0233     0.0183      66264    46.0160     100.00     2.2055     1.9221          4  0.000e+00
    501.996   77.79922 -174.10488    507.948     0.8164     0.8165  29.861681  29.859762    34.8534    34.8508    289.342    280.519    -0.1671     4.6618     0.0806     0.0806     0.0233     0.0183      66265    46.0167     100.00     2.2055     1.9221          4  0.000e+00
    502.054   77.79922 -174.10488    508.007     0.8164     0.8166  29.861494  29.859762    34.8532    34.8506    289.345    280.521    -0.1671     4.6618     0.0818     0.0818     0.0233     0.0183      66266    46.0174     100.00     2.2055     1.9221          4  0.000e+00
    502.054   77.79922 -174.10488    508.007     0.8166     0.8165  29.861307  29.859762    34.8527    34.8508    289.344    280.766    -0.1671     4.6618     0.0806     0.0806     0.0233     0.0183      66267    46.0181     100.00     2.2055     1.9233          4  0.000e+00
    501.996   77.79922 -174.10488    507.948     0.8165     0.8162  29.861057  29.859527    34.8525    34.8508    289.343    280.521    -0.1976     4.6618     0.0818     0.0818     0.0233     0.0171      66268    46.0187     100.00     2.2055     1.9221          4  0.000e+00
    502.062   77.79922 -174.10488    508.015     0.8164     0.8164  29.861307  29.859234    34.8529    34.8503    289.346    280.769    -0.1366     4.6618     0.0806     0.0806     0.0233     0.0195      66269    46.0194     100.00     2.2055     1.9233          4  0.000e+00
    502.054   77.79922 -174.10488    508.007     0.8163     0.8164  29.861307  29.859820    34.8531    34.8510    289.346    280.767    -0.1671     4.6618     0.0818     0.0818     0.0233     0.0183      66270    46.0201     100.00     2.2055     1.9233          4  0.000e+00
    501.996   77.79922 -174.10488    507.948     0.8167     0.8165  29.861369  29.859586    34.8527    34.8506    289.341    280.519    -0.1671     4.6618     0.0818     0.0818     0.0233     0.0183      66271    46.0208     100.00     2.2055     1.9221          4  0.000e+00
    502.054   77.79922 -174.10488    508.007     0.8165     0.8165  29.861494  29.859234    34.8530    34.8501    289.344    280.278    -0.1671     4.6618     0.0818     0.0818     0.0233     0.0183      66272    46.0215     100.00     2.2055     1.9209          4  0.000e+00
    502.062   77.79922 -174.10488    508.015     0.8164     0.8164  29.861681  29.859351    34.8534    34.8504    289.345    280.279    -0.1671     4.6618     0.0806     0.0806     0.0233     0.0183      66273    46.0222     100.00     2.2055     1.9209          4  0.000e+00
    502.054   77.79922 -174.10488    508.007     0.8164     0.8166  29.861369  29.859703    34.8530    34.8506    289.345    280.276    -0.1671     4.6618     0.0818     0.0818     0.0233     0.0183      66274    46.0229     100.00     2.2055     1.9209          4  0.000e+00
    502.054   77.79922 -174.10488    508.007     0.8166     0.8164  29.861369  29.859527    34.8528    34.8507    289.344    280.278    -0.1671     4.6618     0.0830     0.0830     0.0233     0.0183      66275    46.0236     100.00     2.2055     1.9209          4  0.000e+00
    502.120   77.79922 -174.10488    508.074     0.8164     0.8165  29.861494  29.859469    34.8532    34.8504    289.348    280.280    -0.1976     4.6618     0.0842     0.0842     0.0233     0.0171      66276    46.0243     100.00     2.2055     1.9209          4  0.000e+00
    501.996   77.79922 -174.10488    507.948     0.8165     0.8166  29.861244  29.859644    34.8527    34.8505    289.343    280.519    -0.1671     4.6618     0.0830     0.0830     0.0233     0.0183      66277    46.0250     100.00     2.2055     1.9221          4  0.000e+00
    502.120   77.79922 -174.10488    508.074     0.8164     0.8164  29.861432  29.859527    34.8530    34.8506    289.141    280.770    -0.1976     4.6618     0.0842     0.0842     0.0233     0.0171      66278    46.0257     100.00     2.2043     1.9233          4  0.000e+00
    502.054   77.79924 -174.10486    508.007     0.8165     0.8166  29.861681  29.859468    34.8533    34.8503    289.344    280.766    -0.1671     4.6618     0.0830     0.0830     0.0233     0.0183      66279    46.0264     100.00     2.2055     1.9233          4  0.000e+00
    502.062   77.79924 -174.10486    508.015     0.8163     0.8165  29.861369  29.859703    34.8531    34.8507    289.139    281.011    -0.1366     4.6618     0.0842     0.0842     0.0233     0.0195      66280    46.0271     100.00     2.2043     1.9245          4  0.000e+00
    502.120   77.79924 -174.10486    508.074     0.8164     0.8165  29.861369  29.859527    34.8530    34.8504    289.348    280.769    -0.1366     4.6618     0.0842     0.0842     0.0233     0.0195      66281    46.0278     100.00     2.2055     1.9233          4  0.000e+00
    502.054   77.79924 -174.10486    508.007     0.8162     0.8165  29.861494  29.859644    34.8534    34.8506    289.139    280.766    -0.1366     4.6618     0.0830     0.0830     0.0233     0.0195      66282    46.0285     100.00     2.2043     1.9233          4  0.000e+00
