Continuous CTD Data/01_SBE Stage/nabos_22_01.ros
* Sea-Bird SBE 9 Data File:
* FileName = D:\CTD\data\HLY2502\raw\NABOS_22_01.hex
* Software Version Seasave V 7.26.7.110
* Temperature SN = 6954
* Conductivity SN = 2561
* Number of Bytes Per Scan = 37
* Number of Voltage Words = 4
* Number of Scans Averaged by the Deck Unit = 1
* NMEA Latitude = 79 21.70 N
* NMEA Longitude = 171 33.88 E
* NMEA UTC (Time) = Sep 19 2025  12:09:27
* NMEA baud rate = 9600
** Ship: USCG HEALY
** Bot. Depth:  1200
** Cast Number:  01
** Station Name:  NABOS
** Station Number:  22
** Operator:  STARC
# nquan = 25
# nvalues = 1127                                  
# units = specified
# name 0 = depSM: Depth [salt water, m]
# name 1 = latitude: Latitude [deg]
# name 2 = longitude: Longitude [deg]
# name 3 = prDM: Pressure, Digiquartz [db]
# name 4 = t090C: Temperature [ITS-90, deg C]
# name 5 = t190C: Temperature, 2 [ITS-90, deg C]
# name 6 = c0mS/cm: Conductivity [mS/cm]
# name 7 = c1mS/cm: Conductivity, 2 [mS/cm]
# name 8 = sal00: Salinity, Practical [PSU]
# name 9 = sal11: Salinity, Practical, 2 [PSU]
# name 10 = sbox0Mm/Kg: Oxygen, SBE 43 [umol/kg]
# name 11 = sbox1Mm/Kg: Oxygen, SBE 43, 2 [umol/kg]
# name 12 = flECO-AFL: Fluorescence, WET Labs ECO-AFL/FL [mg/m^3]
# name 13 = v2: Voltage 2
# name 14 = wetCDOM: Fluorescence, WET Labs CDOM [mg/m^3]
# name 15 = v6: Voltage 6
# name 16 = CStarAt0: Beam Attenuation, WET Labs C-Star [1/m]
# name 17 = v3: Voltage 3
# name 18 = scan: Scan Count
# name 19 = timeM: Time, Elapsed [minutes]
# name 20 = altM: Altimeter [m]
# name 21 = sbeox0V: Oxygen raw, SBE 43 [V]
# name 22 = sbeox1V: Oxygen raw, SBE 43, 2 [V]
# name 23 = nbf: Bottles Fired
# name 24 = flag:  0.000e+00
# interval = seconds: 0.0416667
# start_time = Sep 19 2025 12:09:27 [NMEA time, header]
# bad_flag = -9.990e-29
*END*
[from data line 290]
    250.327   79.36914  171.54846    253.154     0.8329     0.8322  29.707559  29.704738    34.7850    34.7821    294.870    290.322    -0.1671     4.6349     0.0830     0.0830     0.0464     0.0183      78987    54.8514     100.00     2.2976     2.0205          6  0.000e+00
    250.384   79.36914  171.54846    253.212     0.8328     0.8321  29.707497  29.704739    34.7849    34.7822    294.673    291.271    -0.1671     4.6349     0.0830     0.0830     0.0464     0.0183      78988    54.8521     100.00     2.2964     2.0254          6  0.000e+00
    250.327   79.36914  171.54846    253.154     0.8331     0.8321  29.707434  29.704855    34.7846    34.7823    294.869    291.268    -0.1671     4.6349     0.0830     0.0830     0.0464     0.0183      78989    54.8528     100.00     2.2976     2.0254          6  0.000e+00
    250.384   79.36914  171.54846    253.212     0.8329     0.8322  29.707248  29.705031    34.7845    34.7824    294.873    290.087    -0.1671     4.6361     0.0842     0.0842     0.0453     0.0183      78990    54.8535     100.00     2.2976     2.0192          6  0.000e+00
    200.284   79.36958  171.54770    202.521     0.5101     0.5101  29.337897  29.336370    34.6959    34.6939    296.163    290.478    -0.1366     4.6325     0.0842     0.0842     0.0485     0.0195      83476    57.9688     100.00     2.2995     2.0164          7  0.000e+00
    200.169   79.36958  171.54770    202.404     0.5103     0.5100  29.337525  29.336078    34.6953    34.6937    296.359    290.712    -0.1366     4.6325     0.0830     0.0830     0.0485     0.0195      83477    57.9694     100.00     2.3008     2.0176          7  0.000e+00
    200.169   79.36958  171.54770    202.404     0.5101     0.5101  29.337773  29.336311    34.6958    34.6939    296.159    290.473    -0.1366     4.6325     0.0830     0.0830     0.0485     0.0195      83478    57.9701     100.00     2.2995     2.0164          7  0.000e+00
    200.259   79.36958  171.54770    202.496     0.5101     0.5101  29.337835  29.336253    34.6958    34.6937    296.363    290.240    -0.1366     4.6325     0.0830     0.0830     0.0485     0.0195      83479    57.9708     100.00     2.3008     2.0151          7  0.000e+00
    200.169   79.36958  171.54770    202.404     0.5098     0.5101  29.337711  29.335612    34.6960    34.6930    296.161    290.001    -0.1366     4.6325     0.0830     0.0830     0.0485     0.0195      83480    57.9715     100.00     2.2995     2.0139          7  0.000e+00
    200.226   79.36958  171.54770    202.463     0.5101     0.5101  29.337897  29.335962    34.6959    34.6934    296.161    289.765    -0.1366     4.6325     0.0842     0.0842     0.0485     0.0195      83481    57.9722     100.00     2.2995     2.0127          7  0.000e+00
    200.202   79.36958  171.54770    202.438     0.5101     0.5103  29.337773  29.336195    34.6958    34.6935    296.160    289.762    -0.1366     4.6325     0.0842     0.0842     0.0485     0.0195      83482    57.9729     100.00     2.2995     2.0127          7  0.000e+00
    200.169   79.36958  171.54770    202.404     0.5104     0.5100  29.338083  29.336195    34.6959    34.6939    296.156    289.763    -0.1366     4.6325     0.0830     0.0830     0.0485     0.0195      83483    57.9736     100.00     2.2995     2.0127          7  0.000e+00
    200.226   79.36958  171.54770    202.463     0.5108     0.5101  29.338021  29.336195    34.6954    34.6937    296.157    289.764    -0.1366     4.6325     0.0842     0.0842     0.0485     0.0195      83484    57.9743     100.00     2.2995     2.0127          7  0.000e+00
    200.202   79.36958  171.54770    202.438     0.5108     0.5103  29.338454  29.336195    34.6960    34.6935    296.154    290.237    -0.1061     4.6325     0.0830     0.0830     0.0485     0.0208      83485    57.9750     100.00     2.2995     2.0151          7  0.000e+00
    200.169   79.36958  171.54770    202.404     0.5109     0.5101  29.338330  29.336195    34.6956    34.6937    296.152    290.236    -0.1366     4.6325     0.0842     0.0842     0.0485     0.0195      83486    57.9757     100.00     2.2995     2.0151          7  0.000e+00
    200.226   79.36958  171.54770    202.463     0.5110     0.5100  29.338455  29.335962    34.6956    34.6935    296.154    290.240    -0.1366     4.6325     0.0830     0.0830     0.0485     0.0195      83487    57.9764     100.00     2.2995     2.0151          7  0.000e+00
    200.226   79.36958  171.54770    202.463     0.5112     0.5101  29.338702  29.336078    34.6957    34.6935    296.152    290.002    -0.1366     4.6325     0.0842     0.0842     0.0485     0.0195      83488    57.9771     100.00     2.2995     2.0139          7  0.000e+00
    200.202   79.36958  171.54770    202.438     0.5114     0.5101  29.338578  29.336020    34.6954    34.6935    296.150    290.001    -0.1366     4.6325     0.0842     0.0842     0.0485     0.0195      83489    57.9778     100.00     2.2995     2.0139          7  0.000e+00
    200.169   79.36958  171.54770    202.404     0.5112     0.5101  29.338702  29.335904    34.6958    34.6933    296.149    290.237    -0.1061     4.6325     0.0830     0.0830     0.0485     0.0208      83490    57.9785     100.00     2.2995     2.0151          7  0.000e+00
    200.226   79.36958  171.54770    202.463     0.5109     0.5101  29.338207  29.335904    34.6954    34.6933    296.155    290.002    -0.1366     4.6337     0.0842     0.0842     0.0474     0.0195      83491    57.9792     100.00     2.2995     2.0139          7  0.000e+00
    200.202   79.36958  171.54770    202.438     0.5111     0.5103  29.338207  29.335729    34.6953    34.6929    296.153    290.238    -0.1061     4.6337     0.0830     0.0830     0.0474     0.0208      83492    57.9799     100.00     2.2995     2.0151          7  0.000e+00
    200.169   79.36958  171.54770    202.404     0.5108     0.5101  29.338454  29.336020    34.6960    34.6935    296.153    290.474    -0.1366     4.6337     0.0842     0.0842     0.0474     0.0195      83493    57.9806     100.00     2.2995     2.0164          7  0.000e+00
    200.226   79.36958  171.54770    202.463     0.5106     0.5101  29.338083  29.336195    34.6956    34.6937    296.157    290.238    -0.1061     4.6337     0.0830     0.0830     0.0474     0.0208      83494    57.9813     100.00     2.2995     2.0151          7  0.000e+00
    200.202   79.36958  171.54770    202.438     0.5104     0.5103  29.337959  29.336195    34.6957    34.6935    296.358    289.999    -0.1366     4.6337     0.0830     0.0830     0.0474     0.0195      83495    57.9819     100.00     2.3008     2.0139          7  0.000e+00
    200.226   79.36958  171.54770    202.463     0.5104     0.5101  29.337959  29.336020    34.6957    34.6935    296.159    289.765    -0.1366     4.6337     0.0830     0.0830     0.0474     0.0195      83496    57.9826     100.00     2.2995     2.0127          7  0.000e+00
    200.226   79.36958  171.54770    202.463     0.5104     0.5105  29.337835  29.335904    34.6955    34.6929    296.159    289.763    -0.1366     4.6337     0.0842     0.0842     0.0474     0.0195      83497    57.9833     100.00     2.2995     2.0127          7  0.000e+00
    200.169   79.36958  171.54770    202.404     0.5106     0.5103  29.337711  29.336078    34.6952    34.6934    296.156    289.761    -0.1366     4.6337     0.0830     0.0830     0.0474     0.0195      83498    57.9840     100.00     2.2995     2.0127          7  0.000e+00
    200.259   79.36958  171.54770    202.496     0.5103     0.5105  29.337711  29.336195    34.6955    34.6933    296.162    289.526    -0.1366     4.6337     0.0830     0.0830     0.0474     0.0195      83499    57.9847     100.00     2.2995     2.0115          7  0.000e+00
    200.169   79.36958  171.54770    202.404     0.5103     0.5105  29.338083  29.335962    34.6960    34.6930    296.157    289.286    -0.1366     4.6337     0.0830     0.0830     0.0474     0.0195      83500    57.9854     100.00     2.2995     2.0103          7  0.000e+00
    200.226   79.36958  171.54770    202.463     0.5101     0.5101  29.337835  29.336078    34.6959    34.6935    296.161    289.053    -0.1061     4.6337     0.0830     0.0830     0.0474     0.0208      83501    57.9861     100.00     2.2995     2.0090          7  0.000e+00
    200.202   79.36958  171.54770    202.438     0.5103     0.5103  29.338083  29.336195    34.6960    34.6935    296.158    289.051    -0.1366     4.6337     0.0818     0.0818     0.0474     0.0195      83502    57.9868     100.00     2.2995     2.0090          7  0.000e+00
    200.169   79.36958  171.54770    202.404     0.5106     0.5103  29.338330  29.336195    34.6960    34.6935    296.154    289.049    -0.1366     4.6337     0.0818     0.0818     0.0474     0.0195      83503    57.9875     100.00     2.2995     2.0090          7  0.000e+00
    200.226   79.36958  171.54770    202.463     0.5108     0.5103  29.338640  29.336195    34.6962    34.6935    296.355    289.052    -0.1366     4.6337     0.0830     0.0830     0.0474     0.0195      83504    57.9882     100.00     2.3008     2.0090          7  0.000e+00
    200.259   79.36958  171.54770    202.496     0.5106     0.5103  29.338393  29.336195    34.6960    34.6935    296.158    289.053    -0.1366     4.6337     0.0818     0.0818     0.0474     0.0195      83505    57.9889     100.00     2.2995     2.0090          7  0.000e+00
    200.169   79.36958  171.54770    202.404     0.5106     0.5103  29.338021  29.336195    34.6956    34.6935    296.155    288.812    -0.1366     4.6337     0.0830     0.0830     0.0474     0.0195      83506    57.9896     100.00     2.2995     2.0078          7  0.000e+00
    200.226   79.36958  171.54770    202.463     0.5104     0.5103  29.337959  29.335962    34.6957    34.6932    296.359    288.341    -0.1366     4.6337     0.0830     0.0830     0.0474     0.0195      83507    57.9903     100.00     2.3008     2.0054          7  0.000e+00
    200.169   79.36958  171.54770    202.404     0.5103     0.5105  29.337773  29.335903    34.6956    34.6929    296.158    287.863    -0.1061     4.6337     0.0818     0.0818     0.0474     0.0208      83508    57.9910     100.00     2.2995     2.0029          7  0.000e+00
    200.259   79.36958  171.54770    202.496     0.5106     0.5101  29.337959  29.336312    34.6955    34.6938    296.159    288.342    -0.1366     4.6337     0.0830     0.0830     0.0474     0.0195      83509    57.9917     100.00     2.2995     2.0054          7  0.000e+00
    200.169   79.36958  171.54770    202.404     0.5103     0.5101  29.337959  29.336020    34.6959    34.6935    296.157    288.814    -0.1366     4.6337     0.0830     0.0830     0.0474     0.0195      83510    57.9924     100.00     2.2995     2.0078          7  0.000e+00
    200.226   79.36958  171.54770    202.463     0.5101     0.5101  29.338145  29.336137    34.6963    34.6936    296.360    289.053    -0.1366     4.6337     0.0830     0.0830     0.0474     0.0195      83511    57.9931     100.00     2.3008     2.0090          7  0.000e+00
    200.202   79.36958  171.54770    202.438     0.5100     0.5105  29.337587  29.336370    34.6957    34.6935    296.361    289.049    -0.1061     4.6337     0.0830     0.0830     0.0474     0.0208      83512    57.9937     100.00     2.3008     2.0090          7  0.000e+00
    200.169   79.36958  171.54770    202.404     0.5101     0.5103  29.337773  29.336253    34.6958    34.6936    296.359    289.286    -0.1061     4.6337     0.0830     0.0830     0.0474     0.0208      83513    57.9944     100.00     2.3008     2.0102          7  0.000e+00
    200.226   79.36958  171.54770    202.463     0.5100     0.5103  29.337525  29.335787    34.6956    34.6930    296.162    289.290    -0.1366     4.6337     0.0830     0.0830     0.0474     0.0195      83514    57.9951     100.00     2.2995     2.0102          7  0.000e+00
    200.259   79.36958  171.54770    202.496     0.5101     0.5103  29.337711  29.336020    34.6957    34.6932    296.162    289.290    -0.1366     4.6337     0.0830     0.0830     0.0474     0.0195      83515    57.9958     100.00     2.2995     2.0102          7  0.000e+00
    200.169   79.36958  171.54770    202.404     0.5098     0.5103  29.337711  29.336370    34.6960    34.6938    296.160    289.523    -0.1366     4.6349     0.0818     0.0818     0.0464     0.0195      83516    57.9965     100.00     2.2995     2.0115          7  0.000e+00
    200.226   79.36958  171.54770    202.463     0.5101     0.5103  29.337463  29.336078    34.6954    34.6933    296.162    289.526    -0.1366     4.6337     0.0818     0.0818     0.0474     0.0195      83517    57.9972     100.00     2.2995     2.0115          7  0.000e+00
    200.226   79.36958  171.54770    202.463     0.5098     0.5105  29.337401  29.336312    34.6956    34.6934    296.163    289.761    -0.1366     4.6337     0.0818     0.0818     0.0474     0.0195      83518    57.9979     100.00     2.2995     2.0127          7  0.000e+00
    200.202   79.36958  171.54770    202.438     0.5103     0.5103  29.337773  29.336253    34.6956    34.6936    296.359    289.762    -0.1366     4.6337     0.0830     0.0830     0.0474     0.0195      83519    57.9986     100.00     2.3008     2.0127          7  0.000e+00
    200.226   79.36958  171.54770    202.463     0.5104     0.5103  29.337959  29.336428    34.6957    34.6938    296.359    289.999    -0.1671     4.6337     0.0830     0.0830     0.0474     0.0183      83520    57.9993     100.00     2.3008     2.0139          7  0.000e+00
    200.226   79.36958  171.54770    202.463     0.5104     0.5105  29.337649  29.336020    34.6953    34.6931    296.359    289.762    -0.1671     4.6337     0.0830     0.0830     0.0474     0.0183      83521    58.0000     100.00     2.3008     2.0127          7  0.000e+00
    200.202   79.36958  171.54770    202.438     0.5104     0.5103  29.337835  29.336253    34.6955    34.6936    296.157    289.287    -0.1976     4.6337     0.0830     0.0830     0.0474     0.0171      83522    58.0007     100.00     2.2995     2.0102          7  0.000e+00
    200.226   79.36958  171.54770    202.463     0.5100     0.5103  29.337959  29.336253    34.6961    34.6936    296.161    289.051    -0.1671     4.6337     0.0830     0.0830     0.0474     0.0183      83523    58.0014     100.00     2.2995     2.0090          7  0.000e+00
    200.169   79.36958  171.54770    202.404     0.5103     0.5105  29.337959  29.336195    34.6959    34.6933    296.157    289.048    -0.1671     4.6337     0.0818     0.0818     0.0474     0.0183      83524    58.0021     100.00     2.2995     2.0090          7  0.000e+00
    175.336   79.36982  171.54726    177.284     0.1609     0.1617  28.959371  28.958309    34.6067    34.6044    298.339    290.930    -0.1061     4.6325     0.0855     0.0855     0.0485     0.0208      86106    59.7951     100.00     2.2992     2.0076          8  0.000e+00
    175.279   79.36982  171.54726    177.225     0.1610     0.1612  28.959432  28.958599    34.6067    34.6054    298.538    290.691    -0.1366     4.6337     0.0855     0.0855     0.0474     0.0195      86107    59.7958     100.00     2.3005     2.0063          8  0.000e+00
    175.279   79.36982  171.54726    177.225     0.1611     0.1614  28.959556  28.958425    34.6068    34.6049    298.335    290.451    -0.1366     4.6325     0.0855     0.0855     0.0485     0.0195      86108    59.7965     100.00     2.2992     2.0051          8  0.000e+00
    175.344   79.36982  171.54726    177.292     0.1613     0.1617  28.959741  28.958657    34.6067    34.6048    298.537    290.212    -0.1366     4.6337     0.0855     0.0855     0.0474     0.0195      86109    59.7972     100.00     2.3005     2.0039          8  0.000e+00
