Continuous CTD Data/01_SBE Stage/nabos_40_01.ros
* Sea-Bird SBE 9 Data File:
* FileName = D:\CTD\data\HLY2502\raw\NABOS_40_01.hex
* Software Version Seasave V 7.26.7.110
* Temperature SN = 6954
* Conductivity SN = 2561
* Number of Bytes Per Scan = 37
* Number of Voltage Words = 4
* Number of Scans Averaged by the Deck Unit = 1
* NMEA Latitude = 79 04.14 N
* NMEA Longitude = 126 00.67 E
* NMEA UTC (Time) = Sep 26 2025  04:32:04
* NMEA baud rate = 9600
** Ship: USCG HEALY
** Bot. Depth:  3044
** Cast Number:  01
** Station Name:  NABOS
** Station Number:  40
** Operator:  STARC
** Cast to 1200 m
# nquan = 25
# nvalues = 1029                                  
# units = specified
# name 0 = depSM: Depth [salt water, m]
# name 1 = latitude: Latitude [deg]
# name 2 = longitude: Longitude [deg]
# name 3 = prDM: Pressure, Digiquartz [db]
# name 4 = t090C: Temperature [ITS-90, deg C]
# name 5 = t190C: Temperature, 2 [ITS-90, deg C]
# name 6 = c0mS/cm: Conductivity [mS/cm]
# name 7 = c1mS/cm: Conductivity, 2 [mS/cm]
# name 8 = sal00: Salinity, Practical [PSU]
# name 9 = sal11: Salinity, Practical, 2 [PSU]
# name 10 = sbox0Mm/Kg: Oxygen, SBE 43 [umol/kg]
# name 11 = sbox1Mm/Kg: Oxygen, SBE 43, 2 [umol/kg]
# name 12 = flECO-AFL: Fluorescence, WET Labs ECO-AFL/FL [mg/m^3]
# name 13 = v2: Voltage 2
# name 14 = wetCDOM: Fluorescence, WET Labs CDOM [mg/m^3]
# name 15 = v6: Voltage 6
# name 16 = CStarAt0: Beam Attenuation, WET Labs C-Star [1/m]
# name 17 = v3: Voltage 3
# name 18 = scan: Scan Count
# name 19 = timeM: Time, Elapsed [minutes]
# name 20 = altM: Altimeter [m]
# name 21 = sbeox0V: Oxygen raw, SBE 43 [V]
# name 22 = sbeox1V: Oxygen raw, SBE 43, 2 [V]
# name 23 = nbf: Bottles Fired
# name 24 = flag:  0.000e+00
# interval = seconds: 0.0416667
# start_time = Sep 26 2025 04:32:04 [NMEA time, header]
# bad_flag = -9.990e-29
*END*
[from data line 522]
    114.935   79.06450  126.00432    116.194    -1.0008    -1.0036  27.703506  27.699057    34.2761    34.2732    323.105    317.014    -0.1366     4.6239     0.0855     0.0855     0.0559     0.0195      90155    62.6069     100.00     2.3936     2.0948         11  0.000e+00
    115.017   79.06450  126.00432    116.277    -1.0008    -1.0040  27.703385  27.700142    34.2758    34.2751    323.110    317.017    -0.1366     4.6252     0.0842     0.0842     0.0548     0.0195      90156    62.6076     100.00     2.3936     2.0948         11  0.000e+00
    114.935   79.06450  126.00432    116.194    -1.0008    -1.0032  27.703385  27.700826    34.2759    34.2752    323.106    317.005    -0.1366     4.6239     0.0855     0.0855     0.0559     0.0195      90157    62.6083     100.00     2.3936     2.0948         11  0.000e+00
    115.017   79.06450  126.00432    116.277    -1.0013    -1.0026  27.703567  27.701168    34.2766    34.2749    323.320    317.004    -0.1061     4.6239     0.0855     0.0855     0.0559     0.0208      90158    62.6090     100.00     2.3948     2.0948         11  0.000e+00
    114.935   79.06450  126.00432    116.194    -1.0019    -1.0019  27.703627  27.701624    34.2774    34.2747    323.320    316.748    -0.1366     4.6252     0.0855     0.0855     0.0548     0.0195      90159    62.6097     100.00     2.3948     2.0935         11  0.000e+00
    114.993   79.06450  126.00432    116.252    -1.0018    -1.0011  27.703628  27.702138    34.2773    34.2745    323.322    316.989    -0.1366     4.6252     0.0855     0.0855     0.0548     0.0195      90160    62.6104     100.00     2.3948     2.0948         11  0.000e+00
    114.960   79.06450  126.00432    116.218    -1.0016    -1.0003  27.703446  27.702480    34.2769    34.2741    323.112    316.981    -0.1366     4.6239     0.0855     0.0855     0.0559     0.0195      90161    62.6111     100.00     2.3936     2.0948         11  0.000e+00
    114.993   79.06450  126.00432    116.252    -1.0013    -1.0002  27.703142  27.702594    34.2760    34.2741    323.112    316.982    -0.1061     4.6252     0.0855     0.0855     0.0548     0.0208      90162    62.6118     100.00     2.3936     2.0948         11  0.000e+00
    114.960   79.06450  126.00432    116.218    -1.0010    -1.0005  27.702900  27.702936    34.2754    34.2749    323.110    317.227    -0.1366     4.6239     0.0855     0.0855     0.0559     0.0195      90163    62.6125     100.00     2.3936     2.0960         11  0.000e+00
    114.993   79.06450  126.00432    116.252    -1.0013    -1.0002  27.702414  27.703279    34.2750    34.2750    323.115    317.225    -0.1061     4.6239     0.0855     0.0855     0.0559     0.0208      90164    62.6132     100.00     2.3936     2.0960         11  0.000e+00
    114.993   79.06450  126.00432    116.252    -1.0021    -0.9998  27.702111  27.702537    34.2756    34.2735    323.122    317.225    -0.1366     4.6239     0.0855     0.0855     0.0559     0.0195      90165    62.6139     100.00     2.3936     2.0960         11  0.000e+00
    115.017   79.06450  126.00432    116.277    -1.0026    -1.0004  27.702051  27.702309    34.2761    34.2739    323.126    317.230    -0.1366     4.6239     0.0855     0.0855     0.0559     0.0195      90166    62.6146     100.00     2.3936     2.0960         11  0.000e+00
    114.935   79.06450  126.00432    116.194    -1.0028    -1.0008  27.701808  27.701909    34.2760    34.2738    323.125    317.231    -0.1366     4.6239     0.0855     0.0855     0.0559     0.0195      90167    62.6153     100.00     2.3936     2.0960         11  0.000e+00
    114.935   79.06450  126.00432    116.194    -1.0030    -1.0010  27.701565  27.702138    34.2759    34.2744    323.127    317.231    -0.1366     4.6239     0.0855     0.0855     0.0559     0.0195      90168    62.6160     100.00     2.3936     2.0960         11  0.000e+00
    115.017   79.06450  126.00432    116.277    -1.0031    -1.0014  27.701687  27.701910    34.2762    34.2745    323.339    316.993    -0.1366     4.6239     0.0855     0.0855     0.0559     0.0195      90169    62.6167     100.00     2.3948     2.0948         11  0.000e+00
    114.993   79.06450  126.00432    116.252    -1.0031    -1.0014  27.701566  27.701967    34.2760    34.2746    323.130    316.746    -0.1366     4.6239     0.0855     0.0855     0.0559     0.0195      90170    62.6174     100.00     2.3936     2.0935         11  0.000e+00
    114.960   79.06450  126.00432    116.218    -1.0038    -1.0019  27.701505  27.702081    34.2767    34.2753    322.926    316.501    -0.1366     4.6239     0.0855     0.0855     0.0559     0.0195      90171    62.6181     100.00     2.3924     2.0923         11  0.000e+00
    100.115   79.06436  126.00406    101.208    -1.6661    -1.6665  26.984472  26.982018    34.0561    34.0531    336.753    329.839    -0.1366     4.6203     0.0879     0.0879     0.0591     0.0195      92254    64.0646     100.00     2.4349     2.1263         12  0.000e+00
     99.992   79.06436  126.00406    101.083    -1.6664    -1.6669  26.984531  26.981961    34.0566    34.0536    336.750    330.087    -0.1061     4.6215     0.0867     0.0867     0.0580     0.0208      92255    64.0653     100.00     2.4349     2.1276         12  0.000e+00
    100.099   79.06436  126.00406    101.191    -1.6666    -1.6672  26.984412  26.982357    34.0566    34.0544    336.756    330.343    -0.1366     4.6215     0.0879     0.0879     0.0580     0.0195      92256    64.0660     100.00     2.4349     2.1288         12  0.000e+00
    100.050   79.06436  126.00406    101.141    -1.6667    -1.6674  26.984532  26.982357    34.0569    34.0547    336.754    330.092    -0.1366     4.6215     0.0879     0.0879     0.0580     0.0195      92257    64.0667     100.00     2.4349     2.1276         12  0.000e+00
    100.050   79.06436  126.00406    101.141    -1.6675    -1.6671  26.984231  26.982244    34.0574    34.0542    336.973    330.090    -0.1366     4.6215     0.0879     0.0879     0.0580     0.0195      92258    64.0674     100.00     2.4361     2.1276         12  0.000e+00
    100.099   79.06436  126.00406    101.191    -1.6687    -1.6669  26.984111  26.982413    34.0586    34.0542    336.773    330.341    -0.1366     4.6215     0.0879     0.0879     0.0580     0.0195      92259    64.0681     100.00     2.4349     2.1288         12  0.000e+00
    100.050   79.06436  126.00406    101.141    -1.6687    -1.6670  26.983511  26.982526    34.0578    34.0544    336.773    330.088    -0.1366     4.6215     0.0879     0.0879     0.0580     0.0195      92260    64.0687     100.00     2.4349     2.1276         12  0.000e+00
    100.050   79.06436  126.00406    101.141    -1.6679    -1.6666  26.983511  26.982526    34.0569    34.0540    336.767    330.085    -0.1366     4.6215     0.0879     0.0879     0.0580     0.0195      92261    64.0694     100.00     2.4349     2.1276         12  0.000e+00
    100.041   79.06436  126.00406    101.133    -1.6673    -1.6669  26.983751  26.982187    34.0565    34.0539    336.761    330.339    -0.1061     4.6203     0.0879     0.0879     0.0591     0.0208      92262    64.0701     100.00     2.4349     2.1288         12  0.000e+00
    100.050   79.06436  126.00406    101.141    -1.6670    -1.6671  26.983991  26.982413    34.0566    34.0544    336.759    330.089    -0.1366     4.6215     0.0879     0.0879     0.0580     0.0195      92263    64.0708     100.00     2.4349     2.1276         12  0.000e+00
    100.050   79.06436  126.00406    101.141    -1.6675    -1.6672  26.983871  26.982300    34.0569    34.0544    336.762    330.090    -0.1061     4.6215     0.0879     0.0879     0.0580     0.0208      92264    64.0715     100.00     2.4349     2.1276         12  0.000e+00
    100.099   79.06436  126.00406    101.191    -1.6673    -1.6672  26.983811  26.982074    34.0566    34.0540    336.764    329.843    -0.1366     4.6215     0.0867     0.0867     0.0580     0.0195      92265    64.0722     100.00     2.4349     2.1263         12  0.000e+00
     99.992   79.06436  126.00406    101.083    -1.6677    -1.6677  26.983811  26.981565    34.0570    34.0540    336.761    329.593    -0.1366     4.6215     0.0867     0.0867     0.0580     0.0195      92266    64.0729     100.00     2.4349     2.1251         12  0.000e+00
    100.115   79.06436  126.00406    101.208    -1.6675    -1.6681  26.983871  26.981453    34.0569    34.0542    336.765    329.351    -0.1366     4.6215     0.0879     0.0879     0.0580     0.0195      92267    64.0736     100.00     2.4349     2.1239         12  0.000e+00
    100.050   79.06436  126.00406    101.141    -1.6670    -1.6686  26.984231  26.981114    34.0569    34.0543    336.758    329.352    -0.1366     4.6215     0.0879     0.0879     0.0580     0.0195      92268    64.0743     100.00     2.4349     2.1239         12  0.000e+00
    100.041   79.06436  126.00406    101.133    -1.6669    -1.6685  26.983931  26.980944    34.0563    34.0540    336.545    329.101    -0.1061     4.6227     0.0879     0.0879     0.0570     0.0208      92269    64.0750     100.00     2.4337     2.1227         12  0.000e+00
    100.050   79.06436  126.00406    101.141    -1.6667    -1.6686  26.983811  26.980775    34.0559    34.0539    336.757    329.103    -0.1366     4.6227     0.0879     0.0879     0.0570     0.0195      92270    64.0757     100.00     2.4349     2.1227         12  0.000e+00
    100.050   79.06436  126.00406    101.141    -1.6666    -1.6686  26.983991  26.980888    34.0560    34.0540    336.755    328.852    -0.1366     4.6227     0.0879     0.0879     0.0570     0.0195      92271    64.0764     100.00     2.4349     2.1214         12  0.000e+00
    100.099   79.06436  126.00406    101.191    -1.6671    -1.6691  26.983871  26.980775    34.0565    34.0544    336.762    328.858    -0.1061     4.6227     0.0879     0.0879     0.0570     0.0208      92272    64.0771     100.00     2.4349     2.1214         12  0.000e+00
    100.050   79.06436  126.00406    101.141    -1.6673    -1.6689  26.983991  26.981057    34.0569    34.0546    336.760    328.853    -0.1366     4.6227     0.0879     0.0879     0.0570     0.0195      92273    64.0778     100.00     2.4349     2.1214         12  0.000e+00
    100.050   79.06436  126.00406    101.141    -1.6673    -1.6691  26.983871  26.980492    34.0567    34.0540    336.761    329.107    -0.1366     4.6227     0.0879     0.0879     0.0570     0.0195      92274    64.0785     100.00     2.4349     2.1227         12  0.000e+00
    100.041   79.06436  126.00406    101.133    -1.6675    -1.6689  26.983811  26.980775    34.0568    34.0542    336.762    329.105    -0.1366     4.6227     0.0879     0.0879     0.0570     0.0195      92275    64.0792     100.00     2.4349     2.1227         12  0.000e+00
    100.050   79.06436  126.00406    101.141    -1.6671    -1.6688  26.983691  26.980775    34.0563    34.0541    336.760    328.853    -0.1061     4.6227     0.0879     0.0879     0.0570     0.0208      92276    64.0799     100.00     2.4349     2.1214         12  0.000e+00
    100.115   79.06436  126.00406    101.208    -1.6674    -1.6688  26.983751  26.980718    34.0566    34.0540    336.765    328.606    -0.1366     4.6227     0.0879     0.0879     0.0570     0.0195      92277    64.0806     100.00     2.4349     2.1202         12  0.000e+00
    100.041   79.06436  126.00406    101.133    -1.6683    -1.6688  26.983631  26.980266    34.0575    34.0534    336.556    328.604    -0.1366     4.6227     0.0879     0.0879     0.0570     0.0195      92278    64.0812     100.00     2.4337     2.1202         12  0.000e+00
    100.050   79.06436  126.00406    101.141    -1.6685    -1.6685  26.983390  26.980775    34.0575    34.0537    336.771    328.851    -0.1366     4.6227     0.0879     0.0879     0.0570     0.0195      92279    64.0819     100.00     2.4349     2.1214         12  0.000e+00
    100.050   79.06436  126.00406    101.141    -1.6687    -1.6688  26.983330  26.980775    34.0576    34.0541    336.773    328.853    -0.1366     4.6215     0.0867     0.0867     0.0580     0.0195      92280    64.0826     100.00     2.4349     2.1214         12  0.000e+00
    100.099   79.06436  126.00406    101.191    -1.6690    -1.6688  26.983331  26.980888    34.0579    34.0542    336.777    328.855    -0.1366     4.6227     0.0867     0.0867     0.0570     0.0195      92281    64.0833     100.00     2.4349     2.1214         12  0.000e+00
    100.050   79.06436  126.00406    101.141    -1.6681    -1.6686  26.983511  26.981170    34.0571    34.0544    336.768    328.851    -0.1366     4.6215     0.0879     0.0879     0.0580     0.0195      92282    64.0840     100.00     2.4349     2.1214         12  0.000e+00
    100.050   79.06436  126.00406    101.141    -1.6673    -1.6683  26.983931  26.981396    34.0568    34.0545    336.972    328.848    -0.1366     4.6227     0.0879     0.0879     0.0570     0.0195      92283    64.0847     100.00     2.4361     2.1214         12  0.000e+00
    100.041   79.06436  126.00406    101.133    -1.6677    -1.6680  26.983571  26.981792    34.0567    34.0546    336.764    328.593    -0.1366     4.6227     0.0879     0.0879     0.0570     0.0195      92284    64.0854     100.00     2.4349     2.1202         12  0.000e+00
    100.050   79.06436  126.00406    101.141    -1.6683    -1.6677  26.983330  26.981792    34.0571    34.0542    336.770    328.090    -0.1061     4.6227     0.0867     0.0867     0.0570     0.0208      92285    64.0861     100.00     2.4349     2.1178         12  0.000e+00
    100.050   79.06436  126.00406    101.141    -1.6692    -1.6675  26.983330  26.981905    34.0581    34.0542    336.988    327.587    -0.1061     4.6227     0.0879     0.0879     0.0570     0.0208      92286    64.0868     100.00     2.4361     2.1153         12  0.000e+00
    100.115   79.06436  126.00406    101.208    -1.6692    -1.6672  26.983331  26.982357    34.0580    34.0544    336.779    327.335    -0.1366     4.6227     0.0879     0.0879     0.0570     0.0195      92287    64.0875     100.00     2.4349     2.1141         12  0.000e+00
    100.041   79.06436  126.00406    101.133    -1.6692    -1.6675  26.982910  26.982357    34.0575    34.0548    336.989    327.334    -0.1366     4.6215     0.0879     0.0879     0.0580     0.0195      92288    64.0882     100.00     2.4361     2.1141         12  0.000e+00
    100.050   79.06436  126.00406    101.141    -1.6690    -1.6672  26.982610  26.982244    34.0569    34.0543    336.777    327.333    -0.1061     4.6227     0.0879     0.0879     0.0570     0.0208      92289    64.0889     100.00     2.4349     2.1141         12  0.000e+00
    100.050   79.06436  126.00406    101.141    -1.6684    -1.6665  26.982549  26.982244    34.0561    34.0535    336.985    327.578    -0.1366     4.6227     0.0879     0.0879     0.0570     0.0195      92290    64.0896     100.00     2.4361     2.1153         12  0.000e+00
    100.041   79.06436  126.00406    101.133    -1.6681    -1.6663  26.982309  26.982639    34.0554    34.0538    336.772    327.826    -0.1366     4.6227     0.0879     0.0879     0.0570     0.0195      92291    64.0903     100.00     2.4349     2.1166         12  0.000e+00
    100.050   79.06436  126.00406    101.141    -1.6683    -1.6665  26.982249  26.982752    34.0555    34.0542    336.773    327.827    -0.1061     4.6215     0.0879     0.0879     0.0580     0.0208      92292    64.0910     100.00     2.4349     2.1166         12  0.000e+00
    100.115   79.06436  126.00406    101.208    -1.6677    -1.6668  26.982730  26.982413    34.0555    34.0540    336.770    327.833    -0.1366     4.6215     0.0879     0.0879     0.0580     0.0195      92293    64.0917     100.00     2.4349     2.1166         12  0.000e+00
