Continuous CTD Data/01_SBE Stage/nabos_07_01.ros
* Sea-Bird SBE 9 Data File:
* FileName = D:\CTD\data\HLY2502\raw\NABOS_07_01.hex
* Software Version Seasave V 7.26.7.110
* Temperature SN = 6954
* Conductivity SN = 2561
* Number of Bytes Per Scan = 37
* Number of Voltage Words = 4
* Number of Scans Averaged by the Deck Unit = 1
* NMEA Latitude = 75 42.14 N
* NMEA Longitude = 175 33.10 E
* NMEA UTC (Time) = Sep 12 2025  03:58:17
* NMEA baud rate = 9600
** Ship: USCG HEALY
** Bot. Depth:  259
** Cast Number:  01
** Station Name:  NABOS
** Station Number:  07
** Operator:  STARC
** Ra cast, target depth 250 m
# nquan = 25
# nvalues = 1176                                  
# units = specified
# name 0 = depSM: Depth [salt water, m]
# name 1 = latitude: Latitude [deg]
# name 2 = longitude: Longitude [deg]
# name 3 = prDM: Pressure, Digiquartz [db]
# name 4 = t090C: Temperature [ITS-90, deg C]
# name 5 = t190C: Temperature, 2 [ITS-90, deg C]
# name 6 = c0mS/cm: Conductivity [mS/cm]
# name 7 = c1mS/cm: Conductivity, 2 [mS/cm]
# name 8 = sal00: Salinity, Practical [PSU]
# name 9 = sal11: Salinity, Practical, 2 [PSU]
# name 10 = sbox0Mm/Kg: Oxygen, SBE 43 [umol/kg]
# name 11 = sbox1Mm/Kg: Oxygen, SBE 43, 2 [umol/kg]
# name 12 = flECO-AFL: Fluorescence, WET Labs ECO-AFL/FL [mg/m^3]
# name 13 = v2: Voltage 2
# name 14 = wetCDOM: Fluorescence, WET Labs CDOM [mg/m^3]
# name 15 = v6: Voltage 6
# name 16 = CStarAt0: Beam Attenuation, WET Labs C-Star [1/m]
# name 17 = v3: Voltage 3
# name 18 = scan: Scan Count
# name 19 = timeM: Time, Elapsed [minutes]
# name 20 = altM: Altimeter [m]
# name 21 = sbeox0V: Oxygen raw, SBE 43 [V]
# name 22 = sbeox1V: Oxygen raw, SBE 43, 2 [V]
# name 23 = nbf: Bottles Fired
# name 24 = flag:  0.000e+00
# interval = seconds: 0.0416667
# start_time = Sep 12 2025 03:58:17 [NMEA time, header]
# bad_flag = -9.990e-29
*END*
[from data line 174]
    248.036   75.70240  175.56150    250.800     0.7456     0.7457  29.597527  29.596041    34.7414    34.7394    275.733    268.920    -0.1366     4.1587     0.0977     0.0977     0.4804     0.0195      16360    11.3604      10.48     2.1762     1.9063          4  0.000e+00
    248.036   75.70240  175.56150    250.800     0.7458     0.7457  29.597652  29.595808    34.7414    34.7391    275.932    269.157    -0.1366     4.1587     0.0989     0.0989     0.4804     0.0195      16361    11.3611      10.48     2.1774     1.9075          4  0.000e+00
    248.036   75.70240  175.56150    250.800     0.7458     0.7457  29.597403  29.595749    34.7410    34.7390    275.933    269.395    -0.1366     4.1587     0.0989     0.0989     0.4804     0.0195      16362    11.3618      10.48     2.1774     1.9087          4  0.000e+00
    248.094   75.70240  175.56150    250.858     0.7458     0.7455  29.597341  29.595515    34.7409    34.7388    275.935    269.398    -0.1366     4.1587     0.0989     0.0989     0.4804     0.0195      16363    11.3625      10.48     2.1774     1.9087          4  0.000e+00
    248.036   75.70240  175.56150    250.800     0.7459     0.7458  29.597341  29.595632    34.7408    34.7387    275.932    269.394    -0.1366     4.1587     0.0989     0.0989     0.4804     0.0195      16364    11.3632      10.45     2.1774     1.9087          4  0.000e+00
    248.094   75.70240  175.56150    250.858     0.7459     0.7458  29.597341  29.595749    34.7408    34.7388    275.935    269.396    -0.1366     4.1587     0.0989     0.0989     0.4804     0.0195      16365    11.3639      10.43     2.1774     1.9087          4  0.000e+00
    248.094   75.70240  175.56150    250.858     0.7455     0.7457  29.597341  29.596100    34.7412    34.7394    276.137    269.396    -0.1366     4.1587     0.0977     0.0977     0.4804     0.0195      16366    11.3646      10.45     2.1786     1.9087          4  0.000e+00
    248.094   75.70240  175.56150    250.858     0.7459     0.7457  29.597341  29.595866    34.7407    34.7391    276.135    269.396    -0.1366     4.1587     0.0989     0.0989     0.4804     0.0195      16367    11.3653      10.45     2.1786     1.9087          4  0.000e+00
    248.094   75.70240  175.56150    250.858     0.7458     0.7457  29.597527  29.595749    34.7412    34.7390    275.935    269.397    -0.1366     4.1587     0.0989     0.0989     0.4804     0.0195      16368    11.3660      10.45     2.1774     1.9087          4  0.000e+00
    248.094   75.70240  175.56150    250.858     0.7461     0.7457  29.597652  29.595925    34.7410    34.7391    275.933    269.396    -0.1366     4.1587     0.0989     0.0989     0.4804     0.0195      16369    11.3667      10.45     2.1774     1.9087          4  0.000e+00
    248.094   75.70240  175.56150    250.858     0.7458     0.7458  29.597652  29.595808    34.7413    34.7388    276.135    269.396    -0.1366     4.1587     0.0989     0.0989     0.4804     0.0195      16370    11.3674      10.40     2.1786     1.9087          4  0.000e+00
    248.160   75.70240  175.56150    250.925     0.7459     0.7460  29.597403  29.595749    34.7408    34.7385    275.937    269.397    -0.1366     4.1575     0.0989     0.0989     0.4816     0.0195      16371    11.3681      10.38     2.1774     1.9087          4  0.000e+00
    248.160   75.70240  175.56150    250.925     0.7461     0.7460  29.597528  29.595925    34.7408    34.7388    275.935    269.160    -0.1366     4.1551     0.0989     0.0989     0.4839     0.0195      16372    11.3688      10.43     2.1774     1.9075          4  0.000e+00
    248.094   75.70240  175.56150    250.858     0.7459     0.7458  29.597403  29.595808    34.7408    34.7388    275.934    269.396    -0.1366     4.1502     0.0989     0.0989     0.4886     0.0195      16373    11.3694      10.38     2.1774     1.9087          4  0.000e+00
    248.094   75.70242  175.56150    250.858     0.7459     0.7458  29.597714  29.595925    34.7412    34.7390    275.933    269.395    -0.1366     4.1477     0.0977     0.0977     0.4910     0.0195      16374    11.3701      10.38     2.1774     1.9087          4  0.000e+00
    248.160   75.70242  175.56150    250.925     0.7459     0.7459  29.597465  29.595808    34.7409    34.7387    275.936    269.398    -0.1366     4.1490     0.0977     0.0977     0.4898     0.0195      16375    11.3708      10.38     2.1774     1.9087          4  0.000e+00
    248.217   75.70242  175.56150    250.983     0.7458     0.7460  29.597341  29.595925    34.7408    34.7387    275.940    269.399    -0.1366     4.1490     0.0977     0.0977     0.4898     0.0195      16376    11.3715      10.35     2.1774     1.9087          4  0.000e+00
    248.094   75.70242  175.56150    250.858     0.7460     0.7458  29.597341  29.596042    34.7406    34.7392    275.934    269.395    -0.1366     4.1490     0.0989     0.0989     0.4898     0.0195      16377    11.3722      10.35     2.1774     1.9087          4  0.000e+00
    248.160   75.70242  175.56150    250.925     0.7456     0.7458  29.597155  29.596217    34.7408    34.7393    275.939    269.397    -0.1061     4.1490     0.0989     0.0989     0.4898     0.0208      16378    11.3729      10.35     2.1774     1.9087          4  0.000e+00
    248.217   75.70242  175.56150    250.983     0.7459     0.7459  29.597466  29.596100    34.7408    34.7391    276.139    269.399    -0.1061     4.1490     0.0989     0.0989     0.4898     0.0208      16379    11.3736      10.35     2.1786     1.9087          4  0.000e+00
    248.160   75.70242  175.56150    250.925     0.7458     0.7458  29.597403  29.596042    34.7410    34.7391    275.938    269.161    -0.1061     4.1490     0.0989     0.0989     0.4898     0.0208      16380    11.3743      10.35     2.1774     1.9075          4  0.000e+00
    248.160   75.70242  175.56150    250.925     0.7459     0.7458  29.597714  29.596042    34.7412    34.7391    275.936    269.161    -0.1061     4.1490     0.0989     0.0989     0.4898     0.0208      16381    11.3750      10.35     2.1774     1.9075          4  0.000e+00
    247.912   75.70242  175.56152    250.674     0.7459     0.7458  29.597465  29.595866    34.7410    34.7390    275.728    269.390    -0.1061     4.1600     0.0989     0.0989     0.4792     0.0208      16511    11.4653      10.72     2.1762     1.9087          5  0.000e+00
    247.969   75.70242  175.56152    250.732     0.7462     0.7458  29.597216  29.595749    34.7403    34.7388    275.729    269.393    -0.1061     4.1600     0.0989     0.0989     0.4792     0.0208      16512    11.4660      10.74     2.1762     1.9087          5  0.000e+00
    247.854   75.70242  175.56152    250.616     0.7461     0.7459  29.597651  29.595749    34.7411    34.7389    275.725    269.388    -0.1061     4.1600     0.0989     0.0989     0.4792     0.0208      16513    11.4667      10.74     2.1762     1.9087          5  0.000e+00
    247.912   75.70242  175.56152    250.674     0.7459     0.7457  29.597465  29.595924    34.7410    34.7393    275.728    269.391    -0.1061     4.1600     0.0989     0.0989     0.4792     0.0208      16514    11.4674      10.74     2.1762     1.9087          5  0.000e+00
    248.035   75.70242  175.56152    250.799     0.7460     0.7458  29.597527  29.595808    34.7409    34.7389    275.732    269.158    -0.1366     4.1600     0.0989     0.0989     0.4792     0.0195      16515    11.4681      10.74     2.1762     1.9075          5  0.000e+00
    247.912   75.70242  175.56152    250.674     0.7461     0.7459  29.597838  29.595749    34.7413    34.7388    275.727    269.153    -0.0755     4.1600     0.0989     0.0989     0.4792     0.0220      16516    11.4688      10.74     2.1762     1.9075          5  0.000e+00
    247.912   75.70242  175.56152    250.674     0.7458     0.7457  29.597465  29.595749    34.7412    34.7391    275.729    269.155    -0.1061     4.1600     0.0989     0.0989     0.4792     0.0208      16517    11.4694      10.74     2.1762     1.9075          5  0.000e+00
    247.912   75.70242  175.56154    250.674     0.7459     0.7457  29.597713  29.595515    34.7413    34.7388    275.728    269.155    -0.1061     4.1600     0.0989     0.0989     0.4792     0.0208      16518    11.4701      10.77     2.1762     1.9075          5  0.000e+00
    247.912   75.70242  175.56154    250.674     0.7459     0.7458  29.597713  29.595632    34.7413    34.7387    275.728    269.391    -0.1061     4.1600     0.0989     0.0989     0.4792     0.0208      16519    11.4708      10.74     2.1762     1.9087          5  0.000e+00
    247.969   75.70242  175.56154    250.732     0.7461     0.7455  29.597838  29.595515    34.7413    34.7389    275.729    269.632    -0.1366     4.1600     0.0989     0.0989     0.4792     0.0195      16520    11.4715      10.72     2.1762     1.9100          5  0.000e+00
    247.912   75.70242  175.56154    250.674     0.7459     0.7458  29.597713  29.595632    34.7414    34.7387    275.928    269.628    -0.1061     4.1600     0.0989     0.0989     0.4792     0.0208      16521    11.4722      10.72     2.1774     1.9100          5  0.000e+00
    247.978   75.70242  175.56154    250.741     0.7461     0.7457  29.597651  29.595749    34.7410    34.7390    275.730    269.631    -0.1061     4.1600     0.0977     0.0977     0.4792     0.0208      16522    11.4729      10.62     2.1762     1.9100          5  0.000e+00
    247.969   75.70242  175.56154    250.732     0.7456     0.7459  29.597651  29.595515    34.7416    34.7385    275.732    269.393    -0.1061     4.1600     0.0977     0.0977     0.4792     0.0208      16523    11.4736      10.72     2.1762     1.9087          5  0.000e+00
    247.912   75.70242  175.56154    250.674     0.7461     0.7455  29.597838  29.595632    34.7413    34.7391    275.727    269.393    -0.1061     4.1600     0.0989     0.0989     0.4792     0.0208      16524    11.4743      10.72     2.1762     1.9087          5  0.000e+00
    247.969   75.70242  175.56154    250.732     0.7459     0.7457  29.597465  29.595749    34.7410    34.7390    275.731    269.157    -0.1061     4.1600     0.0977     0.0977     0.4792     0.0208      16525    11.4750      10.70     2.1762     1.9075          5  0.000e+00
    247.978   75.70242  175.56154    250.741     0.7458     0.7457  29.597341  29.595749    34.7410    34.7390    275.732    269.157    -0.1061     4.1600     0.0989     0.0989     0.4792     0.0208      16526    11.4757      10.72     2.1762     1.9075          5  0.000e+00
    247.969   75.70242  175.56154    250.732     0.7459     0.7455  29.597527  29.595749    34.7411    34.7392    275.731    269.158    -0.1061     4.1600     0.0989     0.0989     0.4792     0.0208      16527    11.4764      10.74     2.1762     1.9075          5  0.000e+00
    247.912   75.70242  175.56154    250.674     0.7459     0.7458  29.597216  29.595924    34.7407    34.7391    275.729    269.390    -0.1061     4.1600     0.0989     0.0989     0.4792     0.0208      16528    11.4771      10.74     2.1762     1.9087          5  0.000e+00
    248.035   75.70242  175.56154    250.799     0.7459     0.7455  29.597465  29.595808    34.7409    34.7392    275.733    269.634    -0.1061     4.1600     0.0989     0.0989     0.4792     0.0208      16529    11.4778      10.72     2.1762     1.9100          5  0.000e+00
    247.912   75.70242  175.56154    250.674     0.7456     0.7458  29.597651  29.595515    34.7416    34.7386    275.930    269.629    -0.1061     4.1600     0.0977     0.0977     0.4792     0.0208      16530    11.4785      10.74     2.1774     1.9100          5  0.000e+00
    247.969   75.70242  175.56154    250.732     0.7458     0.7457  29.597403  29.595632    34.7411    34.7389    275.732    269.631    -0.1061     4.1600     0.0989     0.0989     0.4792     0.0208      16531    11.4792      10.74     2.1762     1.9100          5  0.000e+00
    247.969   75.70242  175.56154    250.732     0.7458     0.7457  29.597341  29.595924    34.7410    34.7392    275.732    269.393    -0.1366     4.1600     0.0977     0.0977     0.4792     0.0195      16532    11.4799      10.70     2.1762     1.9087          5  0.000e+00
    248.035   75.70242  175.56154    250.799     0.7456     0.7458  29.597527  29.596041    34.7414    34.7392    275.735    269.395    -0.1061     4.1600     0.0977     0.0977     0.4792     0.0208      16533    11.4806      10.72     2.1762     1.9087          5  0.000e+00
    248.035   75.70242  175.56154    250.799     0.7458     0.7457  29.597652  29.595808    34.7414    34.7391    275.734    269.396    -0.1061     4.1587     0.0989     0.0989     0.4804     0.0208      16534    11.4812      10.70     2.1762     1.9087          5  0.000e+00
    247.969   75.70242  175.56154    250.732     0.7458     0.7458  29.597216  29.595749    34.7408    34.7388    275.732    269.393    -0.1061     4.1575     0.0989     0.0989     0.4816     0.0208      16535    11.4819      10.70     2.1762     1.9087          5  0.000e+00
    247.969   75.70242  175.56154    250.732     0.7458     0.7455  29.597092  29.595924    34.7407    34.7394    275.733    269.394    -0.1061     4.1587     0.0989     0.0989     0.4804     0.0208      16536    11.4826      10.74     2.1762     1.9087          5  0.000e+00
    248.035   75.70242  175.56154    250.799     0.7458     0.7458  29.597279  29.595574    34.7409    34.7386    275.735    269.159    -0.1061     4.1575     0.0989     0.0989     0.4816     0.0208      16537    11.4833      10.70     2.1762     1.9075          5  0.000e+00
    248.035   75.70242  175.56154    250.799     0.7458     0.7457  29.597341  29.595632    34.7410    34.7389    275.735    269.160    -0.1061     4.1575     0.0977     0.0977     0.4816     0.0208      16538    11.4840      10.70     2.1762     1.9075          5  0.000e+00
    247.977   75.70242  175.56154    250.740     0.7456     0.7457  29.597714  29.595749    34.7417    34.7390    275.732    269.157    -0.1061     4.1587     0.0989     0.0989     0.4804     0.0208      16539    11.4847      10.70     2.1762     1.9075          5  0.000e+00
    248.035   75.70242  175.56154    250.799     0.7458     0.7458  29.597714  29.595749    34.7414    34.7388    275.734    269.159    -0.1061     4.1587     0.0989     0.0989     0.4804     0.0208      16540    11.4854      10.70     2.1762     1.9075          5  0.000e+00
    247.969   75.70242  175.56154    250.732     0.7455     0.7458  29.597651  29.595515    34.7417    34.7385    275.733    269.157    -0.1061     4.1587     0.0977     0.0977     0.4804     0.0208      16541    11.4861      10.70     2.1762     1.9075          5  0.000e+00
    248.035   75.70242  175.56154    250.799     0.7456     0.7457  29.597652  29.595632    34.7415    34.7388    275.735    269.160    -0.1061     4.1575     0.0989     0.0989     0.4816     0.0208      16542    11.4868      10.70     2.1762     1.9075          5  0.000e+00
    248.035   75.70242  175.56154    250.799     0.7458     0.7458  29.597403  29.595749    34.7410    34.7388    275.734    269.159    -0.1061     4.1587     0.0977     0.0977     0.4804     0.0208      16543    11.4875      10.70     2.1762     1.9075          5  0.000e+00
    248.035   75.70242  175.56154    250.799     0.7456     0.7460  29.597341  29.595924    34.7411    34.7388    275.736    269.157    -0.1061     4.1587     0.0989     0.0989     0.4804     0.0208      16544    11.4882      10.70     2.1762     1.9075          5  0.000e+00
    248.035   75.70242  175.56154    250.799     0.7456     0.7460  29.597154  29.595574    34.7409    34.7384    275.736    269.395    -0.1061     4.1587     0.0989     0.0989     0.4804     0.0208      16545    11.4889      10.70     2.1762     1.9087          5  0.000e+00
