Continuous CTD Data/01_SBE Stage/nabos_23_01.ros
* Sea-Bird SBE 9 Data File:
* FileName = D:\CTD\data\HLY2502\raw\NABOS_23_01.hex
* Software Version Seasave V 7.26.7.110
* Temperature SN = 6954
* Conductivity SN = 2561
* Number of Bytes Per Scan = 37
* Number of Voltage Words = 4
* Number of Scans Averaged by the Deck Unit = 1
* NMEA Latitude = 79 43.17 N
* NMEA Longitude = 169 12.20 E
* NMEA UTC (Time) = Sep 19 2025  18:25:30
* NMEA baud rate = 9600
** Ship: USCG HEALY
** Bot. Depth:  1200
** Cast Number:  01
** Station Name:  NABOS
** Station Number:  23
** Operator:  STARC
# nquan = 25
# nvalues = 1078                                  
# units = specified
# name 0 = depSM: Depth [salt water, m]
# name 1 = latitude: Latitude [deg]
# name 2 = longitude: Longitude [deg]
# name 3 = prDM: Pressure, Digiquartz [db]
# name 4 = t090C: Temperature [ITS-90, deg C]
# name 5 = t190C: Temperature, 2 [ITS-90, deg C]
# name 6 = c0mS/cm: Conductivity [mS/cm]
# name 7 = c1mS/cm: Conductivity, 2 [mS/cm]
# name 8 = sal00: Salinity, Practical [PSU]
# name 9 = sal11: Salinity, Practical, 2 [PSU]
# name 10 = sbox0Mm/Kg: Oxygen, SBE 43 [umol/kg]
# name 11 = sbox1Mm/Kg: Oxygen, SBE 43, 2 [umol/kg]
# name 12 = flECO-AFL: Fluorescence, WET Labs ECO-AFL/FL [mg/m^3]
# name 13 = v2: Voltage 2
# name 14 = wetCDOM: Fluorescence, WET Labs CDOM [mg/m^3]
# name 15 = v6: Voltage 6
# name 16 = CStarAt0: Beam Attenuation, WET Labs C-Star [1/m]
# name 17 = v3: Voltage 3
# name 18 = scan: Scan Count
# name 19 = timeM: Time, Elapsed [minutes]
# name 20 = altM: Altimeter [m]
# name 21 = sbeox0V: Oxygen raw, SBE 43 [V]
# name 22 = sbeox1V: Oxygen raw, SBE 43, 2 [V]
# name 23 = nbf: Bottles Fired
# name 24 = flag:  0.000e+00
# interval = seconds: 0.0416667
# start_time = Sep 19 2025 18:25:30 [NMEA time, header]
# bad_flag = -9.990e-29
*END*
[from data line 986]
      3.625   79.72342  169.17528      3.664    -1.6595    -1.6723  24.711104  24.700866    30.9657    30.9650    368.108    355.459     0.2908     4.5641     0.1062     0.1062     0.1080     0.0366     108590    75.4090     100.00     2.5919     2.2311         21  0.000e+00
      3.682   79.72342  169.17528      3.722    -1.6599    -1.6718  24.711046  24.700975    30.9661    30.9646    367.901    355.458     0.2908     4.5641     0.1062     0.1062     0.1080     0.0366     108591    75.4097     100.00     2.5907     2.2311         21  0.000e+00
      3.625   79.72342  169.17528      3.664    -1.6599    -1.6716  24.711220  24.701085    30.9663    30.9646    368.112    355.199     0.2908     4.5641     0.1062     0.1062     0.1080     0.0366     108592    75.4104     100.00     2.5919     2.2299         21  0.000e+00
      3.682   79.72342  169.17528      3.722    -1.6598    -1.6712  24.711104  24.700866    30.9660    30.9638    367.900    354.946     0.2908     4.5641     0.1062     0.1062     0.1080     0.0366     108593    75.4111     100.00     2.5907     2.2287         21  0.000e+00
      3.682   79.72342  169.17528      3.722    -1.6597    -1.6713  24.711395  24.700811    30.9662    30.9638    367.897    355.201     0.2908     4.5653     0.1062     0.1062     0.1070     0.0366     108594    75.4118     100.00     2.5907     2.2299         21  0.000e+00
      3.625   79.72342  169.17528      3.664    -1.6599    -1.6715  24.711162  24.700647    30.9663    30.9638    367.898    355.454     0.2908     4.5653     0.1050     0.1050     0.1070     0.0366     108595    75.4125     100.00     2.5907     2.2311         21  0.000e+00
      3.682   79.72342  169.17528      3.722    -1.6599    -1.6718  24.711220  24.700592    30.9663    30.9640    367.900    355.712     0.2908     4.5653     0.1050     0.1050     0.1070     0.0366     108596    75.4132     100.00     2.5907     2.2323         21  0.000e+00
      3.682   79.72342  169.17528      3.722    -1.6598    -1.6719  24.711278  24.700756    30.9662    30.9644    367.899    355.966     0.2908     4.5653     0.1050     0.1050     0.1070     0.0366     108597    75.4139     100.00     2.5907     2.2335         21  0.000e+00
      3.625   79.72342  169.17528      3.664    -1.6598    -1.6719  24.710754  24.700811    30.9655    30.9645    367.898    356.217     0.2908     4.5653     0.1050     0.1050     0.1070     0.0366     108598    75.4146     100.00     2.5907     2.2348         21  0.000e+00
      3.682   79.72342  169.17528      3.722    -1.6607    -1.6718  24.710580  24.700811    30.9662    30.9643    367.909    356.218     0.2908     4.5653     0.1050     0.1050     0.1070     0.0366     108599    75.4153     100.00     2.5907     2.2348         21  0.000e+00
      3.625   79.72342  169.17528      3.664    -1.6614    -1.6719  24.710522  24.700811    30.9668    30.9645    367.912    356.217     0.2908     4.5653     0.1050     0.1050     0.1070     0.0366     108600    75.4160     100.00     2.5907     2.2348         21  0.000e+00
      3.682   79.72342  169.17528      3.722    -1.6615    -1.6718  24.710347  24.700811    30.9667    30.9643    367.702    356.218     0.2602     4.5653     0.1050     0.1050     0.1070     0.0354     108601    75.4167     100.00     2.5894     2.2348         21  0.000e+00
      3.682   79.72342  169.17528      3.722    -1.6610    -1.6716  24.710289  24.700811    30.9661    30.9642    367.913    355.963     0.2908     4.5653     0.1050     0.1050     0.1070     0.0366     108602    75.4174     100.00     2.5907     2.2335         21  0.000e+00
      3.682   79.72342  169.17528      3.722    -1.6612    -1.6716  24.710115  24.700647    30.9661    30.9639    367.701    355.711     0.2908     4.5653     0.1050     0.1050     0.1070     0.0366     108603    75.4181     100.00     2.5894     2.2323         21  0.000e+00
      3.625   79.72342  169.17528      3.664    -1.6612    -1.6715  24.710289  24.700756    30.9663    30.9640    367.911    355.706     0.2908     4.5653     0.1050     0.1050     0.1070     0.0366     108604    75.4188     100.00     2.5907     2.2323         21  0.000e+00
      3.682   79.72342  169.17528      3.722    -1.6601    -1.6715  24.711395  24.700811    30.9667    30.9640    367.901    355.456     0.2908     4.5653     0.1050     0.1050     0.1070     0.0366     108605    75.4194     100.00     2.5907     2.2311         21  0.000e+00
      3.625   79.72342  169.17528      3.664    -1.6595    -1.6715  24.712268  24.700975    30.9673    30.9643    367.889    355.199     0.2908     4.5653     0.1050     0.1050     0.1070     0.0366     108606    75.4201     100.00     2.5907     2.2299         21  0.000e+00
      3.682   79.72342  169.17528      3.722    -1.6590    -1.6713  24.712151  24.700866    30.9666    30.9639    367.889    355.454     0.2908     4.5653     0.1050     0.1050     0.1070     0.0366     108607    75.4208     100.00     2.5907     2.2311         21  0.000e+00
      3.682   79.72342  169.17528      3.722    -1.6584    -1.6715  24.712151  24.701140    30.9660    30.9645    367.670    355.708     0.2602     4.5653     0.1050     0.1050     0.1070     0.0354     108608    75.4215     100.00     2.5894     2.2323         21  0.000e+00
      3.625   79.72342  169.17528      3.664    -1.6583    -1.6716  24.712384  24.700920    30.9662    30.9643    367.879    355.707     0.2908     4.5653     0.1050     0.1050     0.1070     0.0366     108609    75.4222     100.00     2.5907     2.2323         21  0.000e+00
      3.682   79.72342  169.17528      3.722    -1.6578    -1.6719  24.712151  24.700811    30.9653    30.9645    367.879    355.966     0.2908     4.5653     0.1050     0.1050     0.1070     0.0366     108610    75.4229     100.00     2.5907     2.2335         21  0.000e+00
      3.682   79.72342  169.17528      3.722    -1.6579    -1.6723  24.712559  24.700975    30.9660    30.9651    367.878    356.475     0.2908     4.5653     0.1050     0.1050     0.1070     0.0366     108611    75.4236     100.00     2.5907     2.2360         21  0.000e+00
      3.625   79.72342  169.17528      3.664    -1.6585    -1.6719  24.711627  24.701249    30.9654    30.9651    367.670    356.215     0.2908     4.5653     0.1050     0.1050     0.1070     0.0366     108612    75.4243     100.00     2.5894     2.2348         21  0.000e+00
      3.682   79.72342  169.17528      3.722    -1.6593    -1.6718  24.710871  24.701140    30.9652    30.9648    367.896    355.963     0.2908     4.5653     0.1050     0.1050     0.1070     0.0366     108613    75.4250     100.00     2.5907     2.2335         21  0.000e+00
      3.682   79.72342  169.17528      3.722    -1.6595    -1.6718  24.710580  24.700866    30.9649    30.9644    367.899    355.965     0.2908     4.5641     0.1050     0.1050     0.1080     0.0366     108614    75.4257     100.00     2.5907     2.2335         21  0.000e+00
      3.625   79.72342  169.17528      3.664    -1.6590    -1.6716  24.711104  24.700975    30.9652    30.9644    367.890    355.960     0.2908     4.5641     0.1050     0.1050     0.1080     0.0366     108615    75.4264     100.00     2.5907     2.2335         21  0.000e+00
      3.682   79.72342  169.17528      3.722    -1.6578    -1.6718  24.711453  24.701085    30.9644    30.9647    367.882    355.964     0.2908     4.5641     0.1050     0.1050     0.1080     0.0366     108616    75.4271     100.00     2.5907     2.2335         21  0.000e+00
      3.682   79.72342  169.17528      3.722    -1.6572    -1.6716  24.711511  24.700866    30.9638    30.9642    367.876    355.963     0.2908     4.5641     0.1050     0.1050     0.1080     0.0366     108617    75.4278     100.00     2.5907     2.2335         21  0.000e+00
      3.625   79.72342  169.17528      3.664    -1.6569    -1.6715  24.710987  24.700811    30.9628    30.9641    367.873    355.959     0.2908     4.5641     0.1050     0.1050     0.1080     0.0366     108618    75.4285     100.00     2.5907     2.2335         21  0.000e+00
      3.682   79.72342  169.17528      3.722    -1.6578    -1.6716  24.710987  24.700811    30.9637    30.9642    367.883    355.963     0.2908     4.5641     0.1050     0.1050     0.1080     0.0366     108619    75.4292     100.00     2.5907     2.2335         21  0.000e+00
      3.682   79.72342  169.17528      3.722    -1.6590    -1.6715  24.710347  24.700647    30.9642    30.9638    368.110    355.963     0.2908     4.5641     0.1050     0.1050     0.1080     0.0366     108620    75.4299     100.00     2.5919     2.2335         21  0.000e+00
      3.625   79.72342  169.17528      3.664    -1.6598    -1.6715  24.709881  24.700756    30.9643    30.9640    367.901    356.213     0.2602     4.5641     0.1050     0.1050     0.1080     0.0354     108621    75.4306     100.00     2.5907     2.2348         21  0.000e+00
      3.682   79.72342  169.17528      3.722    -1.6601    -1.6718  24.709474  24.700811    30.9641    30.9643    368.122    356.218     0.2908     4.5641     0.1050     0.1050     0.1080     0.0366     108622    75.4313     100.00     2.5919     2.2348         21  0.000e+00
      3.625   79.72342  169.17528      3.664    -1.6601    -1.6716  24.709008  24.700975    30.9635    30.9644    367.907    356.213     0.2908     4.5641     0.1038     0.1038     0.1080     0.0366     108623    75.4319     100.00     2.5907     2.2348         21  0.000e+00
      3.682   79.72342  169.17528      3.722    -1.6608    -1.6718  24.709009  24.700866    30.9642    30.9644    367.916    355.964     0.2908     4.5641     0.1038     0.1038     0.1080     0.0366     108624    75.4326     100.00     2.5907     2.2335         21  0.000e+00
      3.682   79.72342  169.17528      3.722    -1.6620    -1.6718  24.708892  24.700647    30.9652    30.9641    367.926    355.712     0.2908     4.5641     0.1038     0.1038     0.1080     0.0366     108625    75.4333     100.00     2.5907     2.2323         21  0.000e+00
      3.682   79.72342  169.17528      3.722    -1.6627    -1.6716  24.709242  24.700756    30.9665    30.9641    367.931    355.456     0.2908     4.5641     0.1038     0.1038     0.1080     0.0366     108626    75.4340     100.00     2.5907     2.2311         21  0.000e+00
      3.625   79.72342  169.17528      3.664    -1.6625    -1.6718  24.709300  24.700811    30.9664    30.9644    368.140    355.455     0.2908     4.5641     0.1038     0.1038     0.1080     0.0366     108627    75.4347     100.00     2.5919     2.2311         21  0.000e+00
      3.682   79.72342  169.17528      3.722    -1.6608    -1.6718  24.710231  24.700811    30.9659    30.9643    367.911    355.458     0.2908     4.5641     0.1038     0.1038     0.1080     0.0366     108628    75.4354     100.00     2.5907     2.2311         21  0.000e+00
      3.625   79.72342  169.17528      3.664    -1.6599    -1.6718  24.710347  24.700428    30.9651    30.9638    368.115    355.203     0.2908     4.5653     0.1038     0.1038     0.1070     0.0366     108629    75.4361     100.00     2.5919     2.2299         21  0.000e+00
      3.682   79.72342  169.17528      3.722    -1.6604    -1.6721  24.710464  24.700647    30.9657    30.9644    368.121    354.954     0.2908     4.5641     0.1038     0.1038     0.1080     0.0366     108630    75.4368     100.00     2.5919     2.2287         21  0.000e+00
      3.682   79.72342  169.17528      3.722    -1.6607    -1.6719  24.710231  24.700811    30.9658    30.9645    367.910    354.698     0.2908     4.5641     0.1038     0.1038     0.1080     0.0366     108631    75.4375     100.00     2.5907     2.2274         21  0.000e+00
      3.625   79.72342  169.17528      3.664    -1.6608    -1.6718  24.710056  24.700647    30.9657    30.9641    367.909    354.695     0.2908     4.5641     0.1038     0.1038     0.1080     0.0366     108632    75.4382     100.00     2.5907     2.2274         21  0.000e+00
      3.683   79.72342  169.17524      3.722    -1.6772    -1.6683  24.698593  24.702946    30.9669    30.9636    368.519    355.419     0.3518     4.5653     0.1050     0.1050     0.1070     0.0391     108760    75.5271     100.00     2.5931     2.2311         22  0.000e+00
      3.683   79.72342  169.17524      3.722    -1.6772    -1.6683  24.698768  24.703164    30.9671    30.9639    368.732    355.165     0.3213     4.5653     0.1050     0.1050     0.1070     0.0379     108761    75.5278     100.00     2.5943     2.2299         22  0.000e+00
      3.626   79.72342  169.17524      3.664    -1.6769    -1.6686  24.698884  24.703383    30.9670    30.9646    368.512    354.910     0.2908     4.5641     0.1050     0.1050     0.1080     0.0366     108762    75.5285     100.00     2.5931     2.2286         22  0.000e+00
      3.683   79.72342  169.17524      3.722    -1.6764    -1.6686  24.698942  24.703274    30.9666    30.9644    368.511    354.913     0.3213     4.5653     0.1050     0.1050     0.1070     0.0379     108763    75.5292     100.00     2.5931     2.2286         22  0.000e+00
      3.683   79.72342  169.17524      3.722    -1.6765    -1.6689  24.698826  24.703219    30.9666    30.9647    368.513    355.170     0.3213     4.5641     0.1050     0.1050     0.1080     0.0379     108764    75.5299     100.00     2.5931     2.2299         22  0.000e+00
      3.626   79.72342  169.17524      3.664    -1.6767    -1.6691  24.699058  24.703055    30.9671    30.9646    368.510    355.422     0.3518     4.5653     0.1050     0.1050     0.1070     0.0391     108765    75.5306     100.00     2.5931     2.2311         22  0.000e+00
      3.683   79.72342  169.17524      3.722    -1.6767    -1.6695  24.699059  24.702836    30.9671    30.9647    368.513    355.936     0.2908     4.5641     0.1050     0.1050     0.1080     0.0366     108766    75.5313     100.00     2.5931     2.2335         22  0.000e+00
      3.683   79.72342  169.17524      3.722    -1.6767    -1.6692  24.699117  24.702781    30.9671    30.9643    368.513    356.441     0.2908     4.5653     0.1050     0.1050     0.1070     0.0366     108767    75.5319     100.00     2.5931     2.2360         22  0.000e+00
      3.626   79.72342  169.17524      3.664    -1.6769    -1.6694  24.699000  24.703110    30.9672    30.9650    368.512    356.692     0.3213     4.5641     0.1050     0.1050     0.1080     0.0379     108768    75.5326     100.00     2.5931     2.2372         22  0.000e+00
      3.683   79.72342  169.17524      3.722    -1.6770    -1.6695  24.698651  24.702891    30.9668    30.9648    368.517    356.950     0.3213     4.5653     0.1050     0.1050     0.1070     0.0379     108769    75.5333     100.00     2.5931     2.2384         22  0.000e+00
      3.626   79.72342  169.17524      3.664    -1.6773    -1.6698  24.698826  24.702781    30.9674    30.9650    368.730    356.950     0.3213     4.5653     0.1050     0.1050     0.1070     0.0379     108770    75.5340     100.00     2.5943     2.2384         22  0.000e+00
      3.683   79.72342  169.17524      3.722    -1.6774    -1.6695  24.698651  24.703110    30.9673    30.9651    368.521    356.949     0.3213     4.5653     0.1050     0.1050     0.1070     0.0379     108771    75.5347     100.00     2.5931     2.2384         22  0.000e+00
      3.683   79.72342  169.17524      3.722    -1.6772    -1.6694  24.699000  24.703219    30.9675    30.9651    368.303    356.947     0.3518     4.5653     0.1050     0.1050     0.1070     0.0391     108772    75.5354     100.00     2.5919     2.2384         22  0.000e+00
      3.626   79.72342  169.17524      3.664    -1.6772    -1.6691  24.699000  24.703055    30.9675    30.9646    368.514    356.943     0.3213     4.5641     0.1050     0.1050     0.1080     0.0379     108773    75.5361     100.00     2.5931     2.2384         22  0.000e+00
