Continuous CTD Data/01_SBE Stage/nabos_17_01avg.cnv
* Sea-Bird SBE 9 Data File:
* FileName = D:\CTD\data\HLY2502\raw\NABOS_17_01.hex
* Software Version Seasave V 7.26.7.110
* Temperature SN = 6954
* Conductivity SN = 2561
* Number of Bytes Per Scan = 37
* Number of Voltage Words = 4
* Number of Scans Averaged by the Deck Unit = 1
* NMEA Latitude = 77 28.99 N
* NMEA Longitude = 178 18.03 E
* NMEA UTC (Time) = Sep 17 2025  11:26:45
* NMEA baud rate = 9600
** Ship: USCG HEALY
** Bot. Depth:  1260
** Cast Number:  01
** Station Name:  NABOS
** Station Number:  17
** Operator:  STARC
# nquan = 25
# nvalues = 1214                        
# units = specified
# name 0 = depSM: Depth [salt water, m]
# name 1 = latitude: Latitude [deg]
# name 2 = longitude: Longitude [deg]
# name 3 = prDM: Pressure, Digiquartz [db]
# name 4 = t090C: Temperature [ITS-90, deg C]
# name 5 = t190C: Temperature, 2 [ITS-90, deg C]
# name 6 = c0mS/cm: Conductivity [mS/cm]
# name 7 = c1mS/cm: Conductivity, 2 [mS/cm]
# name 8 = sal00: Salinity, Practical [PSU]
# name 9 = sal11: Salinity, Practical, 2 [PSU]
# name 10 = sbox0Mm/Kg: Oxygen, SBE 43 [umol/kg]
# name 11 = sbox1Mm/Kg: Oxygen, SBE 43, 2 [umol/kg]
# name 12 = flECO-AFL: Fluorescence, WET Labs ECO-AFL/FL [mg/m^3]
# name 13 = v2: Voltage 2
# name 14 = wetCDOM: Fluorescence, WET Labs CDOM [mg/m^3]
# name 15 = v6: Voltage 6
# name 16 = CStarAt0: Beam Attenuation, WET Labs C-Star [1/m]
# name 17 = v3: Voltage 3
# name 18 = scan: Scan Count
# name 19 = timeM: Time, Elapsed [minutes]
# name 20 = altM: Altimeter [m]
# name 21 = sbeox0V: Oxygen raw, SBE 43 [V]
# name 22 = sbeox1V: Oxygen raw, SBE 43, 2 [V]
# name 23 = nbin: number of scans per bin
# name 24 = flag: flag
# span 0 =      2.968,   1199.733       
# span 1 =   77.48349,   77.48671       
# span 2 =  178.30118,  178.30651       
# span 3 =      3.000,   1216.000       
# span 4 =    -1.7129,     0.9176       
# span 5 =    -1.7123,     0.9176       
# span 6 =  23.614876,  29.817650       
# span 7 =  23.614865,  29.815873       
# span 8 =    29.3744,    34.8799       
# span 9 =    29.3726,    34.8777       
# span 10 =    282.723,    373.164      
# span 11 =    266.258,    371.243      
# span 12 =    -0.1863,     0.4863      
# span 13 =     4.6039,     4.6743      
# span 14 =     0.0802,     0.1213      
# span 15 =     0.0802,     0.1213      
# span 16 =     0.0125,     0.0733      
# span 17 =     0.0175,     0.0445      
# span 18 =       3862,      40088      
# span 19 =     2.6812,    27.8380      
# span 20 =      81.99,     100.00      
# span 21 =     1.9729,     2.6190      
# span 22 =     1.7179,     2.2898      
# span 23 =          5,         28      
# span 24 = 0.0000e+00, 0.0000e+00      
# interval = decibars: 1                
# start_time = Sep 17 2025 11:26:45 [NMEA time, header]
# bad_flag = -9.990e-29
*END*
[from data line 174]
    175.068   77.48420  178.30242    177.000    -0.0431    -0.0431  28.746974  28.745543    34.5558    34.5540    301.643    296.573    -0.1331     4.6689     0.0848     0.0848     0.0172     0.0196      11076     7.6909     100.00     2.3077     2.0269         18 0.0000e+00
    176.056   77.48420  178.30242    178.000    -0.0315    -0.0306  28.760937  28.760562    34.5607    34.5592    301.726    296.618    -0.1308     4.6690     0.0849     0.0849     0.0171     0.0197      11102     7.7089     100.00     2.3087     2.0275         16 0.0000e+00
    177.045   77.48420  178.30244    179.000    -0.0088    -0.0088  28.785896  28.784419    34.5676    34.5656    301.465    300.364    -0.1348     4.6682     0.0838     0.0838     0.0178     0.0196      11128     7.7268     100.00     2.3082     2.0474         15 0.0000e+00
    178.034   77.48420  178.30244    180.000    -0.0103    -0.0103  28.785720  28.783992    34.5684    34.5661    301.322    302.401    -0.1308     4.6680     0.0849     0.0849     0.0179     0.0197      11154     7.7450     100.00     2.3070     2.0575         16 0.0000e+00
    179.022   77.48420  178.30244    181.000    -0.0062    -0.0048  28.791650  28.791238    34.5711    34.5689    301.361    294.893    -0.1328     4.6680     0.0850     0.0850     0.0179     0.0197      11180     7.7630     100.00     2.3073     2.0194         16 0.0000e+00
    180.011   77.48420  178.30244    182.000     0.0280     0.0282  28.828625  28.827409    34.5808    34.5790    301.138    294.856    -0.1393     4.6678     0.0840     0.0840     0.0181     0.0194      11206     7.7809     100.00     2.3076     2.0206         13 0.0000e+00
    181.000   77.48421  178.30245    183.000     0.0537     0.0531  28.853963  28.852048    34.5848    34.5830    300.972    297.197    -0.1490     4.6680     0.0837     0.0837     0.0179     0.0190      11232     7.7990     100.00     2.3078     2.0334         15 0.0000e+00
    181.988   77.48422  178.30246    184.000     0.0615     0.0642  28.862845  28.863540    34.5871    34.5851    300.995    296.996    -0.1366     4.6680     0.0847     0.0847     0.0179     0.0195      11258     7.8171     100.00     2.3081     2.0327         14 0.0000e+00
    182.977   77.48422  178.30246    185.000     0.0901     0.0908  28.889920  28.889101    34.5900    34.5882    300.792    295.199    -0.1343     4.6681     0.0851     0.0851     0.0179     0.0196      11284     7.8352     100.00     2.3082     2.0246         14 0.0000e+00
    183.965   77.48422  178.30246    186.000     0.0919     0.0921  28.892556  28.891099    34.5909    34.5888    300.809    292.737    -0.1305     4.6681     0.0850     0.0850     0.0178     0.0198      11309     7.8531     100.00     2.3082     2.0119         15 0.0000e+00
    184.954   77.48422  178.30246    187.000     0.1198     0.1215  28.921277  28.921556    34.5969    34.5953    300.525    294.514    -0.1285     4.6681     0.0849     0.0849     0.0179     0.0198      11336     7.8713     100.00     2.3078     2.0221         15 0.0000e+00
    185.943   77.48422  178.30247    188.000     0.1389     0.1392  28.941397  28.940020    34.6013    34.5992    300.469    298.464    -0.1426     4.6680     0.0845     0.0845     0.0179     0.0193      11361     7.8891     100.00     2.3083     2.0429         14 0.0000e+00
    186.931   77.48422  178.30248    189.000     0.1374     0.1373  28.941366  28.939717    34.6024    34.6003    300.517    293.846    -0.1526     4.6679     0.0841     0.0841     0.0180     0.0189      11388     7.9074     100.00     2.3083     2.0190         15 0.0000e+00
    187.920   77.48422  178.30248    190.000     0.1379     0.1375  28.943203  28.941188    34.6036    34.6014    300.503    297.528    -0.1355     4.6679     0.0843     0.0843     0.0180     0.0195      11414     7.9254     100.00     2.3080     2.0377         13 0.0000e+00
    188.908   77.48424  178.30248    191.000     0.1543     0.1556  28.960492  28.960390    34.6073    34.6058    300.299    287.741    -0.1514     4.6680     0.0840     0.0840     0.0179     0.0189      11440     7.9436     100.00     2.3075     1.9883         15 0.0000e+00
    189.897   77.48424  178.30248    192.000     0.1963     0.1969  29.001892  29.000982    34.6140    34.6121    299.729    296.348    -0.1388     4.6678     0.0853     0.0853     0.0181     0.0194      11466     7.9616     100.00     2.3061     2.0340         16 0.0000e+00
    190.886   77.48424  178.30250    193.000     0.2261     0.2275  29.032058  29.032068    34.6196    34.6180    299.524    298.597    -0.1366     4.6679     0.0856     0.0856     0.0180     0.0195      11492     7.9797     100.00     2.3063     2.0467         15 0.0000e+00
    191.874   77.48424  178.30250    194.000     0.2616     0.2622  29.067983  29.067189    34.6263    34.6247    299.290    297.431    -0.1612     4.6678     0.0842     0.0842     0.0181     0.0185      11518     7.9977     100.00     2.3066     2.0421         15 0.0000e+00
    192.863   77.48424  178.30250    195.000     0.2841     0.2847  29.090756  29.089808    34.6304    34.6285    299.155    295.553    -0.1410     4.6673     0.0852     0.0852     0.0185     0.0193      11544     8.0158     100.00     2.3068     2.0334         15 0.0000e+00
    193.851   77.48424  178.30250    196.000     0.2931     0.2931  29.100140  29.098513    34.6320    34.6299    299.087    295.025    -0.1553     4.6676     0.0855     0.0855     0.0183     0.0188      11570     8.0338     100.00     2.3066     2.0309         16 0.0000e+00
    194.840   77.48424  178.30251    197.000     0.3060     0.3041  29.115806  29.112486    34.6375    34.6352    298.970    294.227    -0.1291     4.6675     0.0827     0.0827     0.0183     0.0198      11595     8.0517     100.00     2.3064     2.0271         13 0.0000e+00
    195.828   77.48424  178.30252    198.000     0.3423     0.3427  29.153820  29.152664    34.6460    34.6440    298.811    294.926    -0.1270     4.6678     0.0840     0.0840     0.0181     0.0199      11622     8.0699     100.00     2.3072     2.0323         16 0.0000e+00
    196.817   77.48425  178.30252    199.000     0.3462     0.3471  29.158801  29.158199    34.6475    34.6457    299.005    294.460    -0.1316     4.6675     0.0839     0.0839     0.0184     0.0197      11648     8.0881     100.00     2.3084     2.0299         18 0.0000e+00
    197.806   77.48426  178.30252    200.000     0.3684     0.3692  29.180384  29.179645    34.6503    34.6485    298.957    294.455    -0.1346     4.6679     0.0837     0.0837     0.0180     0.0196      11674     8.1061     100.00     2.3091     2.0307         17 0.0000e+00
    198.794   77.48426  178.30252    201.000     0.4010     0.4012  29.214329  29.213002    34.6576    34.6557    298.721    291.678    -0.1387     4.6673     0.0836     0.0836     0.0185     0.0194      11700     8.1241     100.00     2.3092     2.0177         15 0.0000e+00
    199.783   77.48426  178.30253    202.000     0.4439     0.4455  29.258836  29.259060    34.6671    34.6656    298.354    292.550    -0.1714     4.6680     0.0837     0.0837     0.0179     0.0181      11725     8.1419     100.00     2.3092     2.0240         15 0.0000e+00
    200.771   77.48426  178.30254    203.000     0.4598     0.4599  29.275335  29.273963    34.6703    34.6684    298.269    285.480    -0.1507     4.6679     0.0847     0.0847     0.0180     0.0190      11752     8.1602     100.00     2.3093     1.9881         18 0.0000e+00
    201.760   77.48426  178.30254    204.000     0.4602     0.4601  29.276836  29.275240    34.6712    34.6692    298.076    297.135    -0.1497     4.6679     0.0840     0.0840     0.0180     0.0190      11778     8.1783     100.00     2.3078     2.0479         14 0.0000e+00
    202.748   77.48426  178.30254    205.000     0.4732     0.4735  29.291095  29.290101    34.6747    34.6730    297.806    296.950    -0.1352     4.6675     0.0830     0.0830     0.0184     0.0196      11804     8.1963     100.00     2.3067     2.0474         17 0.0000e+00
    203.737   77.48426  178.30254    206.000     0.5085     0.5102  29.328651  29.326043    34.6835    34.6782    297.462    294.080    -0.1684     4.6679     0.0841     0.0841     0.0180     0.0182      11830     8.2147     100.00     2.3064     2.0341         19 0.0000e+00
    204.725   77.48426  178.30256    207.000     0.5554     0.5553  29.375842  29.373804    34.6920    34.6894    297.087    292.945    -0.1349     4.6677     0.0832     0.0832     0.0182     0.0196      11856     8.2326     100.00     2.3064     2.0301         17 0.0000e+00
    205.714   77.48428  178.30256    208.000     0.5572     0.5572  29.378627  29.377077    34.6929    34.6910    297.258    291.045    -0.1595     4.6678     0.0823     0.0823     0.0181     0.0186      11882     8.2506     100.00     2.3073     2.0202         17 0.0000e+00
    206.702   77.48428  178.30256    209.000     0.5551     0.5550  29.377858  29.376116    34.6937    34.6915    297.197    293.448    -0.1431     4.6682     0.0834     0.0834     0.0178     0.0193      11908     8.2687     100.00     2.3066     2.0323         18 0.0000e+00
    207.691   77.48428  178.30256    210.000     0.5537     0.5537  29.377372  29.375660    34.6941    34.6919    297.087    292.900    -0.1666     4.6679     0.0834     0.0834     0.0180     0.0183      11934     8.2868     100.00     2.3056     2.0292         18 0.0000e+00
    208.679   77.48428  178.30257    211.000     0.5540     0.5539  29.378431  29.376766    34.6946    34.6924    297.075    292.023    -0.1640     4.6680     0.0837     0.0837     0.0179     0.0184      11960     8.3049     100.00     2.3053     2.0245         20 0.0000e+00
    209.668   77.48428  178.30258    212.000     0.5574     0.5579  29.382246  29.380946    34.6951    34.6929    297.083    292.031    -0.1374     4.6680     0.0835     0.0835     0.0179     0.0195      11986     8.3229     100.00     2.3053     2.0246         18 0.0000e+00
    210.656   77.48428  178.30258    213.000     0.5615     0.5614  29.386680  29.384979    34.6956    34.6936    296.817    292.226    -0.1649     4.6688     0.0842     0.0842     0.0173     0.0184      12012     8.3411     100.00     2.3037     2.0255         21 0.0000e+00
    211.645   77.48428  178.30258    214.000     0.5626     0.5624  29.388365  29.386569    34.6961    34.6939    296.577    290.157    -0.1691     4.6691     0.0847     0.0847     0.0170     0.0182      12038     8.3592     100.00     2.3021     2.0147         17 0.0000e+00
    212.633   77.48430  178.30258    215.000     0.5658     0.5645  29.391892  29.389128    34.6965    34.6943    296.398    291.212    -0.1636     4.6691     0.0819     0.0819     0.0170     0.0184      12064     8.3771     100.00     2.3009     2.0200         18 0.0000e+00
    213.622   77.48430  178.30260    216.000     0.5669     0.5667  29.393488  29.391750    34.6967    34.6946    296.408    290.065    -0.1329     4.6691     0.0839     0.0839     0.0170     0.0197      12090     8.3952     100.00     2.3008     2.0140         19 0.0000e+00
    214.610   77.48430  178.30260    217.000     0.5674     0.5674  29.394608  29.392967    34.6971    34.6949    296.529    292.003    -0.1557     4.6692     0.0837     0.0837     0.0169     0.0188      12116     8.4133     100.00     2.3013     2.0239         18 0.0000e+00
    215.599   77.48430  178.30260    218.000     0.5675     0.5676  29.395288  29.393675    34.6972    34.6950    296.465    291.644    -0.1366     4.6695     0.0829     0.0829     0.0166     0.0195      12142     8.4313     100.00     2.3007     2.0218         20 0.0000e+00
    216.587   77.48430  178.30260    219.000     0.5673     0.5674  29.395661  29.394197    34.6973    34.6953    296.397    291.203    -0.1680     4.6693     0.0827     0.0827     0.0168     0.0183      12168     8.4495     100.00     2.3000     2.0193         23 0.0000e+00
    217.576   77.48430  178.30261    220.000     0.5675     0.5677  29.396537  29.394932    34.6976    34.6953    296.376    291.050    -0.1300     4.6694     0.0837     0.0837     0.0167     0.0198      12194     8.4675     100.00     2.2997     2.0184         22 0.0000e+00
    218.564   77.48430  178.30262    221.000     0.5676     0.5677  29.397197  29.395506    34.6977    34.6955    296.323    291.887    -0.1299     4.6694     0.0828     0.0828     0.0168     0.0198      12220     8.4855     100.00     2.2991     2.0225         18 0.0000e+00
    219.553   77.48430  178.30262    222.000     0.5715     0.5723  29.401600  29.400621    34.6985    34.6964    296.471    292.100    -0.1508     4.6691     0.0847     0.0847     0.0170     0.0189      12246     8.5037     100.00     2.3000     2.0236         19 0.0000e+00
    220.541   77.48431  178.30262    223.000     0.6089     0.6098  29.442190  29.441267    34.7090    34.7068    296.228    290.242    -0.1685     4.6694     0.0842     0.0842     0.0167     0.0182      12272     8.5215     100.00     2.3004     2.0156         17 0.0000e+00
    221.529   77.48432  178.30262    224.000     0.6141     0.6140  29.448352  29.446672    34.7106    34.7085    296.404    289.929    -0.1719     4.6698     0.0832     0.0832     0.0164     0.0181      12298     8.5398     100.00     2.3015     2.0140         19 0.0000e+00
    222.518   77.48432  178.30263    225.000     0.6119     0.6119  29.447234  29.445634    34.7110    34.7089    296.587    291.271    -0.1366     4.6700     0.0831     0.0831     0.0161     0.0195      12324     8.5578     100.00     2.3023     2.0206         19 0.0000e+00
    223.506   77.48432  178.30264    226.000     0.6118     0.6119  29.447914  29.446212    34.7114    34.7091    296.796    292.209    -0.1346     4.6693     0.0832     0.0832     0.0168     0.0196      12350     8.5757     100.00     2.3033     2.0252         16 0.0000e+00
    224.495   77.48432  178.30264    227.000     0.6208     0.6221  29.458512  29.458143    34.7145    34.7126    296.890    291.964    -0.1293     4.6696     0.0831     0.0831     0.0166     0.0198      12376     8.5937     100.00     2.3042     2.0242         13 0.0000e+00
    225.483   77.48432  178.30264    228.000     0.6610     0.6615  29.499390  29.498308    34.7221    34.7201    296.537    294.176    -0.1371     4.6695     0.0839     0.0839     0.0166     0.0195      12402     8.6118     100.00     2.3040     2.0373         16 0.0000e+00
    226.472   77.48432  178.30264    229.000     0.6783     0.6798  29.516285  29.516150    34.7241    34.7222    296.297    286.749    -0.1551     4.6697     0.0837     0.0837     0.0164     0.0188      12428     8.6296     100.00     2.3032     1.9995         13 0.0000e+00
    227.460   77.48432  178.30266    230.000     0.6880     0.6881  29.526167  29.524579    34.7255    34.7234    296.128    292.791    -0.1316     4.6695     0.0834     0.0834     0.0166     0.0197      12454     8.6480     100.00     2.3025     2.0309         17 0.0000e+00
    228.448   77.48434  178.30266    231.000     0.7099     0.7107  29.550494  29.549817    34.7320    34.7302    295.911    292.142    -0.1322     4.6694     0.0832     0.0832     0.0167     0.0197      12480     8.6660     100.00     2.3021     2.0284         14 0.0000e+00
    229.437   77.48434  178.30266    232.000     0.7473     0.7473  29.589449  29.588105    34.7402    34.7384    295.757    290.613    -0.1646     4.6697     0.0831     0.0831     0.0164     0.0184      12506     8.6841     100.00     2.3030     2.0220         15 0.0000e+00
    230.425   77.48434  178.30266    233.000     0.7543     0.7542  29.597528  29.595827    34.7422    34.7401    295.734    290.915    -0.1352     4.6692     0.0828     0.0828     0.0169     0.0196      12532     8.7019     100.00     2.3030     2.0237         14 0.0000e+00
