Continuous CTD Data/01_SBE Stage/nabos_15_01.ros
* Sea-Bird SBE 9 Data File:
* FileName = D:\CTD\data\HLY2502\raw\NABOS_15_01.hex
* Software Version Seasave V 7.26.7.110
* Temperature SN = 6954
* Conductivity SN = 2561
* Number of Bytes Per Scan = 37
* Number of Voltage Words = 4
* Number of Scans Averaged by the Deck Unit = 1
* NMEA Latitude = 78 30.10 N
* NMEA Longitude = 170 08.69 W
* NMEA UTC (Time) = Sep 09 2025  12:18:25
* NMEA baud rate = 9600
** Ship: USCG HEALY
** Bot. Depth:  2700
** Cast Number:
** Station Name:  15
** Station Number:
** Operator:  STARC
# nquan = 25
# nvalues = 1122                                  
# units = specified
# name 0 = depSM: Depth [salt water, m]
# name 1 = latitude: Latitude [deg]
# name 2 = longitude: Longitude [deg]
# name 3 = prDM: Pressure, Digiquartz [db]
# name 4 = t090C: Temperature [ITS-90, deg C]
# name 5 = t190C: Temperature, 2 [ITS-90, deg C]
# name 6 = c0mS/cm: Conductivity [mS/cm]
# name 7 = c1mS/cm: Conductivity, 2 [mS/cm]
# name 8 = sal00: Salinity, Practical [PSU]
# name 9 = sal11: Salinity, Practical, 2 [PSU]
# name 10 = sbox0Mm/Kg: Oxygen, SBE 43 [umol/kg]
# name 11 = sbox1Mm/Kg: Oxygen, SBE 43, 2 [umol/kg]
# name 12 = flECO-AFL: Fluorescence, WET Labs ECO-AFL/FL [mg/m^3]
# name 13 = v2: Voltage 2
# name 14 = wetCDOM: Fluorescence, WET Labs CDOM [mg/m^3]
# name 15 = v6: Voltage 6
# name 16 = CStarAt0: Beam Attenuation, WET Labs C-Star [1/m]
# name 17 = v3: Voltage 3
# name 18 = scan: Scan Count
# name 19 = timeM: Time, Elapsed [minutes]
# name 20 = altM: Altimeter [m]
# name 21 = sbeox0V: Oxygen raw, SBE 43 [V]
# name 22 = sbeox1V: Oxygen raw, SBE 43, 2 [V]
# name 23 = nbf: Bottles Fired
# name 24 = flag:  0.000e+00
# interval = seconds: 0.0416667
# start_time = Sep 09 2025 12:18:25 [NMEA time, header]
# bad_flag = -9.990e-29
*END*
[from data line 522]
    148.716   78.49704 -169.99244    150.354    -0.8043    -0.8036  27.947863  27.947061    34.3633    34.3614    297.838    289.228    -0.1366     4.6630     0.0891     0.0891     0.0222     0.0195     183573   127.4806     100.00     2.2485     1.9597         11  0.000e+00
    148.766   78.49704 -169.99244    150.404    -0.8043    -0.8036  27.947803  27.947347    34.3631    34.3618    297.840    289.229    -0.1366     4.6630     0.0891     0.0891     0.0222     0.0195     183574   127.4813     100.00     2.2485     1.9597         11  0.000e+00
    148.766   78.49704 -169.99244    150.404    -0.8042    -0.8033  27.947863  27.947462    34.3631    34.3616    297.839    289.227    -0.1366     4.6630     0.0891     0.0891     0.0222     0.0195     183575   127.4819     100.00     2.2485     1.9597         11  0.000e+00
    148.716   78.49704 -169.99244    150.354    -0.8042    -0.8033  27.948046  27.947404    34.3633    34.3615    297.837    289.225    -0.1061     4.6630     0.0879     0.0879     0.0222     0.0208     183576   127.4826     100.00     2.2485     1.9597         11  0.000e+00
    148.766   78.49704 -169.99244    150.404    -0.8042    -0.8036  27.947742  27.947061    34.3629    34.3614    298.047    289.230    -0.1366     4.6630     0.0867     0.0867     0.0222     0.0195     183577   127.4833     100.00     2.2497     1.9597         11  0.000e+00
    148.708   78.49704 -169.99244    150.346    -0.8043    -0.8036  27.947742  27.946660    34.3631    34.3609    297.838    288.984    -0.1366     4.6642     0.0867     0.0867     0.0212     0.0195     183578   127.4840     100.00     2.2485     1.9585         11  0.000e+00
    148.708   78.49704 -169.99244    150.346    -0.8044    -0.8042  27.947863  27.946260    34.3634    34.3610    298.046    288.988    -0.1366     4.6630     0.0867     0.0867     0.0222     0.0195     183579   127.4847     100.00     2.2497     1.9585         11  0.000e+00
    148.716   78.49704 -169.99244    150.354    -0.8043    -0.8044  27.948046  27.945859    34.3635    34.3607    297.837    289.236    -0.1366     4.6630     0.0867     0.0867     0.0222     0.0195     183580   127.4854     100.00     2.2485     1.9597         11  0.000e+00
    129.549   78.49720 -169.99132    130.970    -1.1155    -1.1128  27.592822  27.594669    34.2464    34.2459    300.250    291.100    -0.1366     4.6630     0.0916     0.0916     0.0222     0.0195     185788   129.0188     100.00     2.2492     1.9581         12  0.000e+00
    129.492   78.49720 -169.99132    130.911    -1.1155    -1.1128  27.592761  27.594669    34.2464    34.2459    300.248    291.592    -0.1366     4.6630     0.0916     0.0916     0.0222     0.0195     185789   129.0194     100.00     2.2492     1.9605         12  0.000e+00
    129.549   78.49720 -169.99132    130.970    -1.1153    -1.1129  27.592519  27.594442    34.2458    34.2457    300.249    292.338    -0.1366     4.6642     0.0916     0.0916     0.0212     0.0195     185790   129.0201     100.00     2.2492     1.9642         12  0.000e+00
    129.426   78.49720 -169.99132    130.845    -1.1155    -1.1134  27.593003  27.593758    34.2467    34.2454    300.244    292.585    -0.1366     4.6630     0.0904     0.0904     0.0222     0.0195     185791   129.0208     100.00     2.2492     1.9654         12  0.000e+00
    129.549   78.49720 -169.99132    130.970    -1.1155    -1.1134  27.592640  27.593758    34.2462    34.2453    300.250    292.095    -0.1366     4.6630     0.0904     0.0904     0.0222     0.0195     185792   129.0215     100.00     2.2492     1.9629         12  0.000e+00
    129.426   78.49720 -169.99132    130.845    -1.1153    -1.1131  27.592821  27.594042    34.2463    34.2454    300.243    291.840    -0.1366     4.6630     0.0904     0.0904     0.0222     0.0195     185793   129.0222     100.00     2.2492     1.9617         12  0.000e+00
    129.549   78.49720 -169.99132    130.970    -1.1155    -1.1131  27.592761  27.594442    34.2463    34.2459    300.250    291.597    -0.1366     4.6642     0.0904     0.0904     0.0212     0.0195     185794   129.0229     100.00     2.2492     1.9605         12  0.000e+00
    129.525   78.49720 -169.99132    130.945    -1.1155    -1.1125  27.592701  27.595011    34.2463    34.2460    300.458    291.343    -0.1366     4.6630     0.0904     0.0904     0.0222     0.0195     185795   129.0236     100.00     2.2504     1.9593         12  0.000e+00
    129.426   78.49720 -169.99132    130.845    -1.1153    -1.1122  27.592882  27.594954    34.2464    34.2456    300.243    291.584    -0.1061     4.6630     0.0904     0.0904     0.0222     0.0208     185796   129.0243     100.00     2.2492     1.9605         12  0.000e+00
    129.492   78.49720 -169.99132    130.911    -1.1155    -1.1124  27.592579  27.594498    34.2461    34.2452    300.456    292.084    -0.1366     4.6642     0.0904     0.0904     0.0212     0.0195     185797   129.0250     100.00     2.2504     1.9629         12  0.000e+00
    129.492   78.49720 -169.99132    130.911    -1.1155    -1.1125  27.592822  27.594157    34.2465    34.2448    300.247    292.580    -0.1366     4.6630     0.0904     0.0904     0.0222     0.0195     185798   129.0257     100.00     2.2492     1.9654         12  0.000e+00
    129.549   78.49720 -169.99132    130.970    -1.1153    -1.1128  27.592943  27.593473    34.2464    34.2442    300.248    292.586    -0.1366     4.6630     0.0904     0.0904     0.0222     0.0195     185799   129.0264     100.00     2.2492     1.9654         12  0.000e+00
    129.492   78.49720 -169.99132    130.912    -1.1155    -1.1135  27.592761  27.593131    34.2464    34.2447    300.247    292.590    -0.1366     4.6630     0.0904     0.0904     0.0222     0.0195     185800   129.0271     100.00     2.2492     1.9654         12  0.000e+00
    129.492   78.49720 -169.99132    130.912    -1.1155    -1.1140  27.592519  27.592846    34.2460    34.2448    300.039    292.594    -0.1366     4.6630     0.0904     0.0904     0.0222     0.0195     185801   129.0278     100.00     2.2480     1.9654         12  0.000e+00
    129.492   78.49720 -169.99132    130.912    -1.1155    -1.1141  27.592640  27.592789    34.2462    34.2449    300.247    292.347    -0.1366     4.6630     0.0904     0.0904     0.0222     0.0195     185802   129.0285     100.00     2.2492     1.9642         12  0.000e+00
    129.492   78.49720 -169.99132    130.912    -1.1155    -1.1143  27.592701  27.592619    34.2464    34.2449    300.038    292.349    -0.1061     4.6630     0.0904     0.0904     0.0222     0.0208     185803   129.0292     100.00     2.2480     1.9642         12  0.000e+00
    129.525   78.49720 -169.99132    130.945    -1.1156    -1.1144  27.592701  27.592106    34.2465    34.2443    300.249    292.105    -0.1366     4.6630     0.0904     0.0904     0.0222     0.0195     185804   129.0299     100.00     2.2492     1.9629         12  0.000e+00
    129.492   78.49720 -169.99132    130.912    -1.1155    -1.1147  27.592882  27.591821    34.2465    34.2442    300.246    291.860    -0.1366     4.6630     0.0904     0.0904     0.0222     0.0195     185805   129.0306     100.00     2.2492     1.9617         12  0.000e+00
    129.492   78.49720 -169.99132    130.912    -1.1155    -1.1144  27.592579  27.592106    34.2462    34.2443    300.456    291.610    -0.1366     4.6630     0.0904     0.0904     0.0222     0.0195     185806   129.0313     100.00     2.2504     1.9605         12  0.000e+00
    129.492   78.49720 -169.99132    130.912    -1.1155    -1.1148  27.592458  27.592277    34.2460    34.2449    300.248    291.611    -0.1366     4.6630     0.0904     0.0904     0.0222     0.0195     185807   129.0319     100.00     2.2492     1.9605         12  0.000e+00
    129.492   78.49720 -169.99132    130.912    -1.1153    -1.1144  27.592822  27.592448    34.2463    34.2448    300.245    291.609    -0.1366     4.6630     0.0904     0.0904     0.0222     0.0195     185808   129.0326     100.00     2.2492     1.9605         12  0.000e+00
    129.492   78.49720 -169.99130    130.912    -1.1154    -1.1144  27.592943  27.592334    34.2466    34.2446    300.246    291.609    -0.1366     4.6642     0.0904     0.0904     0.0212     0.0195     185809   129.0333     100.00     2.2492     1.9605         12  0.000e+00
    129.492   78.49720 -169.99130    130.912    -1.1152    -1.1143  27.592943  27.592448    34.2463    34.2446    300.244    291.608    -0.1366     4.6642     0.0904     0.0904     0.0212     0.0195     185810   129.0340     100.00     2.2492     1.9605         12  0.000e+00
    129.549   78.49720 -169.99130    130.970    -1.1155    -1.1143  27.593125  27.592904    34.2468    34.2452    300.248    291.361    -0.1366     4.6630     0.0904     0.0904     0.0222     0.0195     185811   129.0347     100.00     2.2492     1.9593         12  0.000e+00
    129.492   78.49720 -169.99130    130.912    -1.1153    -1.1143  27.593246  27.592846    34.2468    34.2452    300.243    291.359    -0.1366     4.6630     0.0904     0.0904     0.0222     0.0195     185812   129.0354     100.00     2.2492     1.9593         12  0.000e+00
    129.492   78.49720 -169.99130    130.912    -1.1153    -1.1143  27.592822  27.592619    34.2463    34.2449    300.245    291.113    -0.1366     4.6642     0.0904     0.0904     0.0212     0.0195     185813   129.0361     100.00     2.2492     1.9581         12  0.000e+00
    129.525   78.49720 -169.99130    130.945    -1.1149    -1.1143  27.592882  27.592505    34.2459    34.2447    300.244    290.867    -0.1366     4.6642     0.0904     0.0904     0.0212     0.0195     185814   129.0368     100.00     2.2492     1.9568         12  0.000e+00
    129.492   78.49720 -169.99130    130.912    -1.1152    -1.1144  27.593124  27.592106    34.2465    34.2443    300.243    290.868    -0.1366     4.6642     0.0904     0.0904     0.0212     0.0195     185815   129.0375     100.00     2.2492     1.9568         12  0.000e+00
    129.492   78.49720 -169.99130    130.912    -1.1152    -1.1143  27.593246  27.592334    34.2467    34.2445    300.243    290.866    -0.1366     4.6642     0.0904     0.0904     0.0212     0.0195     185816   129.0382     100.00     2.2492     1.9568         12  0.000e+00
    129.492   78.49720 -169.99130    130.912    -1.1149    -1.1143  27.592822  27.592676    34.2458    34.2449    300.242    290.865    -0.1366     4.6642     0.0904     0.0904     0.0212     0.0195     185817   129.0389     100.00     2.2492     1.9568         12  0.000e+00
    129.492   78.49720 -169.99130    130.912    -1.1152    -1.1143  27.592882  27.592789    34.2462    34.2451    300.453    290.865    -0.1366     4.6642     0.0891     0.0891     0.0212     0.0195     185818   129.0396     100.00     2.2504     1.9568         12  0.000e+00
    129.492   78.49720 -169.99130    130.912    -1.1150    -1.1143  27.593124  27.593359    34.2464    34.2459    300.242    291.110    -0.1366     4.6630     0.0891     0.0891     0.0222     0.0195     185819   129.0403     100.00     2.2492     1.9581         12  0.000e+00
    129.492   78.49720 -169.99130    130.912    -1.1151    -1.1140  27.593427  27.592960    34.2468    34.2450    300.241    291.110    -0.1366     4.6642     0.0891     0.0891     0.0212     0.0195     185820   129.0410     100.00     2.2492     1.9581         12  0.000e+00
    129.549   78.49720 -169.99130    130.970    -1.1152    -1.1141  27.593064  27.592961    34.2464    34.2451    300.246    290.865    -0.1366     4.6642     0.0891     0.0891     0.0212     0.0195     185821   129.0417     100.00     2.2492     1.9568         12  0.000e+00
    129.426   78.49720 -169.99130    130.845    -1.1152    -1.1141  27.593306  27.592846    34.2468    34.2450    300.240    290.614    -0.1366     4.6642     0.0891     0.0891     0.0212     0.0195     185822   129.0424     100.00     2.2492     1.9556         12  0.000e+00
    129.525   78.49720 -169.99130    130.945    -1.1151    -1.1143  27.593064  27.592619    34.2463    34.2448    300.244    290.372    -0.1366     4.6642     0.0891     0.0891     0.0212     0.0195     185823   129.0431     100.00     2.2492     1.9544         12  0.000e+00
    129.492   78.49720 -169.99130    130.912    -1.1153    -1.1140  27.593124  27.593302    34.2467    34.2455    300.244    289.872    -0.1366     4.6642     0.0891     0.0891     0.0212     0.0195     185824   129.0437     100.00     2.2492     1.9519         12  0.000e+00
    129.492   78.49720 -169.99130    130.912    -1.1150    -1.1138  27.593003  27.593587    34.2462    34.2456    300.242    289.870    -0.1366     4.6642     0.0891     0.0891     0.0212     0.0195     185825   129.0444     100.00     2.2492     1.9519         12  0.000e+00
    129.492   78.49720 -169.99130    130.912    -1.1154    -1.1135  27.593124  27.594100    34.2468    34.2460    300.244    289.867    -0.1366     4.6642     0.0891     0.0891     0.0212     0.0195     185826   129.0451     100.00     2.2492     1.9519         12  0.000e+00
    129.492   78.49720 -169.99130    130.912    -1.1152    -1.1134  27.593003  27.594327    34.2464    34.2461    300.243    290.112    -0.1366     4.6630     0.0891     0.0891     0.0222     0.0195     185827   129.0458     100.00     2.2492     1.9532         12  0.000e+00
    129.549   78.49720 -169.99130    130.970    -1.1155    -1.1128  27.592943  27.594385    34.2466    34.2455    300.039    290.605    -0.1366     4.6630     0.0891     0.0891     0.0222     0.0195     185828   129.0465     100.00     2.2480     1.9556         12  0.000e+00
    129.492   78.49720 -169.99130    130.912    -1.1153    -1.1129  27.592943  27.594157    34.2464    34.2454    300.244    291.593    -0.1366     4.6642     0.0891     0.0891     0.0212     0.0195     185829   129.0472     100.00     2.2492     1.9605         12  0.000e+00
    129.492   78.49720 -169.99130    130.912    -1.1153    -1.1131  27.592943  27.594100    34.2464    34.2455    300.244    292.088    -0.1366     4.6630     0.0891     0.0891     0.0222     0.0195     185830   129.0479     100.00     2.2492     1.9629         12  0.000e+00
    129.492   78.49720 -169.99130    130.912    -1.1153    -1.1132  27.592943  27.593701    34.2464    34.2451    300.453    292.091    -0.1366     4.6642     0.0891     0.0891     0.0212     0.0195     185831   129.0486     100.00     2.2504     1.9629         12  0.000e+00
    129.467   78.49720 -169.99130    130.887    -1.1152    -1.1134  27.593124  27.593416    34.2466    34.2449    300.242    291.597    -0.1366     4.6642     0.0891     0.0891     0.0212     0.0195     185832   129.0493     100.00     2.2492     1.9605         12  0.000e+00
    129.492   78.49720 -169.99130    130.912    -1.1155    -1.1137  27.593003  27.593701    34.2467    34.2457    300.245    291.105    -0.1061     4.6630     0.0891     0.0891     0.0222     0.0208     185833   129.0500     100.00     2.2492     1.9581         12  0.000e+00
    129.549   78.49720 -169.99128    130.970    -1.1151    -1.1134  27.592943  27.594043    34.2461    34.2457    300.245    290.857    -0.1366     4.6642     0.0891     0.0891     0.0212     0.0195     185834   129.0507     100.00     2.2492     1.9568         12  0.000e+00
    129.492   78.49720 -169.99128    130.912    -1.1150    -1.1132  27.592943  27.593929    34.2461    34.2454    300.242    290.360    -0.1061     4.6630     0.0891     0.0891     0.0222     0.0208     185835   129.0514     100.00     2.2492     1.9544         12  0.000e+00
    129.492   78.49720 -169.99128    130.912    -1.1152    -1.1129  27.593124  27.594043    34.2465    34.2452    300.451    290.357    -0.1366     4.6630     0.0891     0.0891     0.0222     0.0195     185836   129.0521     100.00     2.2504     1.9544         12  0.000e+00
