Continuous CTD Data/01_SBE Stage/nabos_15_02avg.cnv
* Sea-Bird SBE 9 Data File:
* FileName = D:\CTD\data\HLY2502\raw\NABOS_15_02.hex
* Software Version Seasave V 7.26.7.110
* Temperature SN = 6954
* Conductivity SN = 2561
* Number of Bytes Per Scan = 37
* Number of Voltage Words = 4
* Number of Scans Averaged by the Deck Unit = 1
* NMEA Latitude = 78 29.96 N
* NMEA Longitude = 170 07.40 W
* NMEA UTC (Time) = Sep 09 2025  17:34:44
* NMEA baud rate = 9600
** Ship: USCG HEALY
** Bot. Depth:  2700
** Cast Number:
** Station Name:  15
** Station Number:
** Operator:  STARC
# nquan = 25
# nvalues = 256                         
# units = specified
# name 0 = depSM: Depth [salt water, m]
# name 1 = latitude: Latitude [deg]
# name 2 = longitude: Longitude [deg]
# name 3 = prDM: Pressure, Digiquartz [db]
# name 4 = t090C: Temperature [ITS-90, deg C]
# name 5 = t190C: Temperature, 2 [ITS-90, deg C]
# name 6 = c0mS/cm: Conductivity [mS/cm]
# name 7 = c1mS/cm: Conductivity, 2 [mS/cm]
# name 8 = sal00: Salinity, Practical [PSU]
# name 9 = sal11: Salinity, Practical, 2 [PSU]
# name 10 = sbox0Mm/Kg: Oxygen, SBE 43 [umol/kg]
# name 11 = sbox1Mm/Kg: Oxygen, SBE 43, 2 [umol/kg]
# name 12 = flECO-AFL: Fluorescence, WET Labs ECO-AFL/FL [mg/m^3]
# name 13 = v2: Voltage 2
# name 14 = wetCDOM: Fluorescence, WET Labs CDOM [mg/m^3]
# name 15 = v6: Voltage 6
# name 16 = CStarAt0: Beam Attenuation, WET Labs C-Star [1/m]
# name 17 = v3: Voltage 3
# name 18 = scan: Scan Count
# name 19 = timeM: Time, Elapsed [minutes]
# name 20 = altM: Altimeter [m]
# name 21 = sbeox0V: Oxygen raw, SBE 43 [V]
# name 22 = sbeox1V: Oxygen raw, SBE 43, 2 [V]
# name 23 = nbin: number of scans per bin
# name 24 = flag: flag
# span 0 =      2.969,    255.123       
# span 1 =   78.49949,   78.49978       
# span 2 = -170.12009, -170.10647       
# span 3 =      3.000,    258.000       
# span 4 =    -1.6482,     0.6531       
# span 5 =    -1.6472,     0.6530       
# span 6 =  23.286190,  29.523829       
# span 7 =  23.280987,  29.522444       
# span 8 =    28.8923,    34.7452       
# span 9 =    28.8855,    34.7432       
# span 10 =    243.998,    379.019      
# span 11 =    237.990,    366.984      
# span 12 =    -0.1766,     0.3521      
# span 13 =     4.5856,     4.6664      
# span 14 =     0.0804,     0.1134      
# span 15 =     0.0804,     0.1134      
# span 16 =     0.0193,     0.0894      
# span 17 =     0.0179,     0.0391      
# span 18 =       3524,      17776      
# span 19 =     2.4464,    12.3437      
# span 20 =      87.04,     100.10      
# span 21 =     1.9044,     2.6527      
# span 22 =     1.6824,     2.2862      
# span 23 =          4,         30      
# span 24 = 0.0000e+00, 0.0000e+00      
# interval = decibars: 1                
# start_time = Sep 09 2025 17:34:44 [NMEA time, header]
# bad_flag = -9.990e-29
*END*
[from data line 58]
     60.349   78.49964 -170.11574     61.000    -1.5109    -1.5145  25.239718  25.219758    31.5013    31.4777    322.886    316.514    -0.0706     4.6350     0.1041     0.1041     0.0463     0.0222       6781     4.7084     100.00     2.3361     2.0455         22 0.0000e+00
     61.338   78.49964 -170.11568     62.000    -1.5131    -1.5144  25.294658  25.270962    31.5784    31.5473    314.778    311.297    -0.0666     4.6316     0.1063     0.1063     0.0493     0.0224       6832     4.7438     100.00     2.2906     2.0209         21 0.0000e+00
     62.327   78.49964 -170.11562     63.000    -1.4903    -1.4982  25.423577  25.370204    31.7302    31.6655    309.240    304.418    -0.0506     4.6325     0.1073     0.1073     0.0485     0.0230       6883     4.7793     100.00     2.2621     1.9896         23 0.0000e+00
     63.316   78.49964 -170.11555     64.000    -1.4730    -1.4783  25.582192  25.528298    31.9288    31.8605    305.781    298.927    -0.0684     4.6310     0.1104     0.1104     0.0498     0.0223       6935     4.8154     100.00     2.2457     1.9660         23 0.0000e+00
     64.305   78.49964 -170.11549     65.000    -1.5129    -1.4992  25.702630  25.652211    32.1364    32.0524    295.131    294.430    -0.0668     4.6308     0.1050     0.1050     0.0500     0.0223       6988     4.8522     100.00     2.1852     1.9453         21 0.0000e+00
     65.295   78.49964 -170.11542     66.000    -1.5805    -1.5712  25.718882  25.706882    32.2313    32.2047    286.078    285.777    -0.0859     4.6375     0.0960     0.0960     0.0441     0.0216       7042     4.8894     100.00     2.1309     1.9018         24 0.0000e+00
     66.284   78.49964 -170.11535     67.000    -1.5434    -1.5492  25.766690  25.749222    32.2562    32.2385    280.615    278.828    -0.0866     4.6450     0.0986     0.0986     0.0376     0.0216       7095     4.9262     100.00     2.1015     1.8693         22 0.0000e+00
     67.273   78.49964 -170.11530     68.000    -1.4438    -1.4509  25.890953  25.873865    32.3184    32.3026    277.517    273.678    -0.0868     4.6426     0.1078     0.1078     0.0398     0.0216       7147     4.9623     100.00     2.0892     1.8488         19 0.0000e+00
     68.262   78.49964 -170.11523     69.000    -1.4097    -1.4222  25.974433  25.949884    32.3953    32.3753    271.259    269.764    -0.0857     4.6330     0.1072     0.1072     0.0480     0.0216       7198     4.9982     100.00     2.0555     1.8315         18 0.0000e+00
     69.251   78.49964 -170.11517     70.000    -1.4355    -1.4342  26.006219  25.996029    32.4664    32.4510    260.346    260.438    -0.0666     4.6275     0.1094     0.1094     0.0528     0.0224       7251     5.0351     100.00     1.9921     1.7863         27 0.0000e+00
     70.240   78.49964 -170.11512     71.000    -1.4635    -1.4620  26.036976  26.028166    32.5386    32.5248    251.496    251.199    -0.0455     4.6311     0.1134     0.1134     0.0497     0.0232       7303     5.0708     100.00     1.9405     1.7408         21 0.0000e+00
     71.229   78.49964 -170.11506     72.000    -1.4188    -1.4203  26.147923  26.135965    32.6415    32.6267    252.876    248.754    -0.0627     4.6353     0.1107     0.1107     0.0460     0.0225       7355     5.1072     100.00     1.9514     1.7313         20 0.0000e+00
     72.218   78.49964 -170.11500     73.000    -1.4006    -1.4033  26.226180  26.211161    32.7284    32.7107    254.369    248.423    -0.0824     4.6318     0.1099     0.1099     0.0491     0.0217       7408     5.1435     100.00     1.9617     1.7309         19 0.0000e+00
     73.208   78.49964 -170.11495     74.000    -1.3974    -1.3981  26.268022  26.257739    32.7816    32.7683    249.742    244.615    -0.0660     4.6303     0.1104     0.1104     0.0503     0.0224       7458     5.1786     100.00     1.9355     1.7129         16 0.0000e+00
     74.197   78.49964 -170.11489     75.000    -1.3967    -1.3968  26.300927  26.293699    32.8255    32.8156    245.237    241.753    -0.0884     4.6321     0.1110     0.1110     0.0488     0.0215       7510     5.2145     100.00     1.9098     1.6993         19 0.0000e+00
     75.186   78.49964 -170.11485     76.000    -1.3928    -1.3929  26.339805  26.332823    32.8739    32.8645    244.286    239.168    -0.0852     4.6341     0.1094     0.1094     0.0471     0.0216       7561     5.2503     100.00     1.9048     1.6871         16 0.0000e+00
     76.175   78.49964 -170.11479     77.000    -1.3862    -1.3861  26.381015  26.376598    32.9226    32.9165    244.281    238.677    -0.0825     4.6347     0.1097     0.1097     0.0465     0.0217       7613     5.2864     100.00     1.9055     1.6852         13 0.0000e+00
     77.164   78.49964 -170.11474     78.000    -1.3834    -1.3833  26.426364  26.420647    32.9812    32.9733    243.998    237.990    -0.0957     4.6368     0.1095     0.1095     0.0448     0.0212       7666     5.3230     100.00     1.9044     1.6824         17 0.0000e+00
     78.153   78.49966 -170.11470     79.000    -1.3750    -1.3757  26.485086  26.474984    33.0519    33.0388    244.831    239.146    -0.0876     4.6394     0.1091     0.1091     0.0426     0.0215       7718     5.3591     100.00     1.9102     1.6887         15 0.0000e+00
     79.142   78.49966 -170.11466     80.000    -1.3727    -1.3726  26.537854  26.529906    33.1213    33.1102    246.561    239.003    -0.0870     4.6406     0.1091     0.1091     0.0415     0.0215       7771     5.3955     100.00     1.9209     1.6886         16 0.0000e+00
     80.131   78.49966 -170.11461     81.000    -1.3668    -1.3672  26.581114  26.573162    33.1735    33.1631    247.359    240.836    -0.0850     4.6418     0.1069     0.1069     0.0404     0.0216       7823     5.4317     100.00     1.9262     1.6981         16 0.0000e+00
     81.120   78.49966 -170.11457     82.000    -1.3539    -1.3553  26.633630  26.624983    33.2307    33.2204    247.898    240.418    -0.0863     4.6424     0.1080     0.1080     0.0399     0.0216       7875     5.4679     100.00     1.9303     1.6969         17 0.0000e+00
     82.109   78.49966 -170.11452     83.000    -1.3431    -1.3435  26.679546  26.674008    33.2811    33.2739    247.848    241.596    -0.0677     4.6422     0.1079     0.1079     0.0401     0.0223       7926     5.5036     100.00     1.9308     1.7034         15 0.0000e+00
     83.099   78.49966 -170.11448     84.000    -1.3449    -1.3446  26.704234  26.701406    33.3164    33.3122    246.621    241.284    -0.0930     4.6380     0.1068     0.1068     0.0437     0.0213       7979     5.5402     100.00     1.9239     1.7021         16 0.0000e+00
     84.088   78.49966 -170.11444     85.000    -1.3288    -1.3291  26.747916  26.745576    33.3578    33.3549    246.433    239.978    -0.0845     4.6372     0.1070     0.1070     0.0444     0.0216       8031     5.5761     100.00     1.9238     1.6965         17 0.0000e+00
     85.077   78.49966 -170.11441     86.000    -1.3444    -1.3437  26.765975  26.764532    33.3994    33.3967    246.837    240.620    -0.0889     4.6384     0.1061     0.1061     0.0434     0.0215       8083     5.6124     100.00     1.9257     1.6993         16 0.0000e+00
     86.066   78.49966 -170.11437     87.000    -1.3228    -1.3226  26.803458  26.802871    33.4261    33.4251    248.683    241.304    -0.0796     4.6417     0.1069     0.1069     0.0405     0.0218       8135     5.6484     100.00     1.9375     1.7035         15 0.0000e+00
     87.055   78.49966 -170.11433     88.000    -1.3522    -1.3531  26.813260  26.810963    33.4719    33.4698    252.466    244.684    -0.0901     4.6411     0.1059     0.1059     0.0411     0.0214       8188     5.6855     100.00     1.9585     1.7193         15 0.0000e+00
     88.044   78.49966 -170.11428     89.000    -1.3537    -1.3532  26.850432  26.849391    33.5241    33.5220    252.729    244.935    -0.0870     4.6435     0.1054     0.1054     0.0390     0.0215       8241     5.7223     100.00     1.9604     1.7208         16 0.0000e+00
     89.033   78.49967 -170.11425     90.000    -1.3532    -1.3536  26.876872  26.875319    33.5592    33.5575    260.856    250.515    -0.0798     4.6299     0.1046     0.1046     0.0508     0.0218       8295     5.7594     100.00     2.0078     1.7484         15 0.0000e+00
     90.022   78.49968 -170.11422     91.000    -1.3740    -1.3726  26.879384  26.879808    33.5854    33.5844    264.681    255.946    -0.0917     4.6452     0.1046     0.1046     0.0376     0.0214       8348     5.7962     100.00     2.0292     1.7744         17 0.0000e+00
     91.011   78.49968 -170.11417     92.000    -1.3550    -1.3544  26.917494  26.916224    33.6159    33.6134    269.506    259.465    -0.0793     4.6465     0.1041     0.1041     0.0364     0.0218       8399     5.8320     100.00     2.0583     1.7925         15 0.0000e+00
     92.000   78.49968 -170.11413     93.000    -1.3400    -1.3398  26.956517  26.953889    33.6520    33.6481    274.142    264.836    -0.0910     4.6483     0.1038     0.1038     0.0349     0.0214       8452     5.8686     100.00     2.0862     1.8196         20 0.0000e+00
     92.989   78.49968 -170.11408     94.000    -1.3435    -1.3419  26.974123  26.972718    33.6795    33.6758    276.832    267.342    -0.0853     4.6487     0.1032     0.1032     0.0345     0.0216       8502     5.9038     100.00     2.1018     1.8320         19 0.0000e+00
     93.978   78.49968 -170.11404     95.000    -1.3404    -1.3428  26.996756  26.991031    33.7065    33.7014    277.936    269.098    -0.0845     4.6469     0.1032     0.1032     0.0361     0.0216       8554     5.9394     100.00     2.1085     1.8407         17 0.0000e+00
     94.967   78.49968 -170.11400     96.000    -1.2981    -1.3005  27.061437  27.055312    33.7471    33.7413    280.610    270.999    -0.0862     4.6493     0.1015     0.1015     0.0340     0.0216       8606     5.9756     100.00     2.1264     1.8520         20 0.0000e+00
     95.956   78.49968 -170.11396     97.000    -1.2422    -1.2476  27.132039  27.124143    33.7802    33.7755    281.517    273.432    -0.0845     4.6505     0.1021     0.1021     0.0329     0.0216       8658     6.0116     100.00     2.1347     1.8663         17 0.0000e+00
     96.945   78.49970 -170.11391     98.000    -1.2150    -1.2159  27.173840  27.170428    33.8062    33.8026    279.034    272.926    -0.0852     4.6501     0.1020     0.1020     0.0333     0.0216       8709     6.0474     100.00     2.1216     1.8652         22 0.0000e+00
     97.934   78.49970 -170.11387     99.000    -1.2004    -1.2009  27.200759  27.197934    33.8260    33.8227    272.990    268.501    -0.0874     4.6487     0.1011     0.1011     0.0346     0.0215       8759     6.0819     100.00     2.0871     1.8440         23 0.0000e+00
     98.923   78.49970 -170.11383    100.000    -1.1912    -1.1912  27.223702  27.221180    33.8464    33.8430    268.813    264.056    -0.0870     4.6466     0.1000     0.1000     0.0363     0.0215       8809     6.1167     100.00     2.0632     1.8225         24 0.0000e+00
     99.912   78.49970 -170.11379    101.000    -1.1924    -1.1921  27.241316  27.239072    33.8712    33.8679    266.541    261.177    -0.0810     4.6456     0.0999     0.0999     0.0372     0.0218       8858     6.1507     100.00     2.0499     1.8083         17 0.0000e+00
    100.901   78.49970 -170.11375    102.000    -1.1796    -1.1799  27.271801  27.268838    33.8979    33.8942    266.154    259.592    -0.0862     4.6453     0.0997     0.0997     0.0374     0.0216       8909     6.1860     100.00     2.0484     1.8010         20 0.0000e+00
    101.890   78.49970 -170.11370    103.000    -1.2151    -1.2108  27.258056  27.259053    33.9186    33.9151    268.634    261.219    -0.0857     4.6449     0.0997     0.0997     0.0378     0.0216       8959     6.2210     100.00     2.0613     1.8079         18 0.0000e+00
    102.879   78.49970 -170.11366    104.000    -1.2764    -1.2737  27.224431  27.223802    33.9414    33.9374    271.221    263.411    -0.0893     4.6475     0.0993     0.0993     0.0356     0.0215       9011     6.2571     100.00     2.0735     1.8163         22 0.0000e+00
    103.868   78.49972 -170.11360    105.000    -1.2813    -1.2814  27.239033  27.236204    33.9663    33.9626    278.224    267.345    -0.1237     4.6504     0.0979     0.0979     0.0331     0.0200       9062     6.2924     100.00     2.1142     1.8355         18 0.0000e+00
    104.857   78.49972 -170.11356    106.000    -1.2236    -1.2265  27.302554  27.297858    33.9874    33.9842    286.257    274.112    -0.1092     4.6557     0.0965     0.0965     0.0285     0.0206       9113     6.3276     100.00     2.1640     1.8711         20 0.0000e+00
    105.846   78.49972 -170.11351    107.000    -1.1886    -1.1885  27.348719  27.346315    34.0103    34.0070    290.652    279.824    -0.1074     4.6584     0.0975     0.0975     0.0262     0.0207       9163     6.3627     100.00     2.1915     1.9009         24 0.0000e+00
    106.835   78.49972 -170.11347    108.000    -1.1901    -1.1898  27.363818  27.361695    34.0321    34.0289    289.844    281.279    -0.0937     4.6582     0.0961     0.0961     0.0264     0.0213       9212     6.3967     100.00     2.1868     1.9081         18 0.0000e+00
    107.824   78.49972 -170.11341    109.000    -1.1930    -1.1926  27.373862  27.371890    34.0486    34.0454    288.458    279.801    -0.1236     4.6571     0.0954     0.0954     0.0273     0.0200       9263     6.4320     100.00     2.1786     1.9007         25 0.0000e+00
    108.813   78.49972 -170.11337    110.000    -1.1923    -1.1920  27.385474  27.383611    34.0630    34.0602    289.120    280.838    -0.1317     4.6570     0.0941     0.0941     0.0274     0.0197       9313     6.4669     100.00     2.1824     1.9058         24 0.0000e+00
    109.802   78.49972 -170.11332    111.000    -1.2157    -1.2146  27.377662  27.376218    34.0784    34.0751    290.630    281.209    -0.1133     4.6576     0.0944     0.0944     0.0269     0.0205       9364     6.5019     100.00     2.1900     1.9067         25 0.0000e+00
    110.790   78.49972 -170.11326    112.000    -1.2187    -1.2180  27.385279  27.383644    34.0917    34.0886    292.204    283.352    -0.1255     4.6582     0.0936     0.0936     0.0263     0.0200       9415     6.5376     100.00     2.1990     1.9171         25 0.0000e+00
    111.779   78.49974 -170.11322    113.000    -1.2275    -1.2273  27.383591  27.381682    34.0987    34.0958    294.626    285.310    -0.1291     4.6599     0.0942     0.0942     0.0249     0.0198       9472     6.5773     100.00     2.2126     1.9262         25 0.0000e+00
    112.768   78.49974 -170.11315    114.000    -1.2232    -1.2232  27.392279  27.389524    34.1051    34.1013    296.879    287.270    -0.1305     4.6614     0.0927     0.0927     0.0236     0.0198       9544     6.6273     100.00     2.2258     1.9360         25 0.0000e+00
    113.757   78.49974 -170.11307    115.000    -1.2205    -1.2209  27.398486  27.395583    34.1099    34.1064    298.123    289.218    -0.1185     4.6617     0.0940     0.0940     0.0234     0.0202       9619     6.6795     100.00     2.2330     1.9455         24 0.0000e+00
    114.746   78.49974 -170.11298    116.000    -1.2169    -1.2180  27.408306  27.402106    34.1186    34.1114    298.486    290.141    -0.1293     4.6626     0.0928     0.0928     0.0225     0.0198       9716     6.7465     100.00     2.2352     1.9501         30 0.0000e+00
    115.735   78.49974 -170.11292    117.000    -1.2150    -1.2149  27.416214  27.414178    34.1267    34.1238    298.468    290.522    -0.1324     4.6630     0.0915     0.0915     0.0222     0.0197       9782     6.7927     100.00     2.2351     1.9521         22 0.0000e+00
