Continuous CTD Data/01_SBE Stage/nabos_14_01avg.cnv
* Sea-Bird SBE 9 Data File:
* FileName = D:\CTD\data\HLY2502\raw\NABOS_14_01.hex
* Software Version Seasave V 7.26.7.110
* Temperature SN = 6954
* Conductivity SN = 2561
* Number of Bytes Per Scan = 37
* Number of Voltage Words = 4
* Number of Scans Averaged by the Deck Unit = 1
* NMEA Latitude = 78 08.65 N
* NMEA Longitude = 172 14.25 W
* NMEA UTC (Time) = Sep 10 2025  02:59:44
* NMEA baud rate = 9600
** Ship: USCG HEALY
** Bot. Depth:  2700
** Cast Number:  01
** Station Name:  NABOS
** Station Number:  14
** Operator:  STARC
** 1200 m release test
# nquan = 25
# nvalues = 1137                        
# units = specified
# name 0 = depSM: Depth [salt water, m]
# name 1 = latitude: Latitude [deg]
# name 2 = longitude: Longitude [deg]
# name 3 = prDM: Pressure, Digiquartz [db]
# name 4 = t090C: Temperature [ITS-90, deg C]
# name 5 = t190C: Temperature, 2 [ITS-90, deg C]
# name 6 = c0mS/cm: Conductivity [mS/cm]
# name 7 = c1mS/cm: Conductivity, 2 [mS/cm]
# name 8 = sal00: Salinity, Practical [PSU]
# name 9 = sal11: Salinity, Practical, 2 [PSU]
# name 10 = sbox0Mm/Kg: Oxygen, SBE 43 [umol/kg]
# name 11 = sbox1Mm/Kg: Oxygen, SBE 43, 2 [umol/kg]
# name 12 = flECO-AFL: Fluorescence, WET Labs ECO-AFL/FL [mg/m^3]
# name 13 = v2: Voltage 2
# name 14 = wetCDOM: Fluorescence, WET Labs CDOM [mg/m^3]
# name 15 = v6: Voltage 6
# name 16 = CStarAt0: Beam Attenuation, WET Labs C-Star [1/m]
# name 17 = v3: Voltage 3
# name 18 = scan: Scan Count
# name 19 = timeM: Time, Elapsed [minutes]
# name 20 = altM: Altimeter [m]
# name 21 = sbeox0V: Oxygen raw, SBE 43 [V]
# name 22 = sbeox1V: Oxygen raw, SBE 43, 2 [V]
# name 23 = nbin: number of scans per bin
# name 24 = flag: flag
# span 0 =      2.969,   1123.941       
# span 1 =   78.14370,   78.14428       
# span 2 = -172.23608, -172.22520       
# span 3 =      3.000,   1139.000       
# span 4 =    -1.6309,     1.0079       
# span 5 =    -1.6303,     1.0079       
# span 6 =  23.219327,  29.945248       
# span 7 =  23.218618,  29.943524       
# span 8 =    28.8055,    34.8889       
# span 9 =    28.8040,    34.8868       
# span 10 =    198.834,    395.699      
# span 11 =    195.282,    384.483      
# span 12 =    -0.1856,     0.7928      
# span 13 =     4.5662,     4.6694      
# span 14 =     0.0805,     0.1098      
# span 15 =     0.0805,     0.1098      
# span 16 =     0.0167,     0.1062      
# span 17 =     0.0176,     0.0567      
# span 18 =       3491,      36017      
# span 19 =     2.4233,    25.0114      
# span 20 =      64.30,     100.02      
# span 21 =     1.6517,     2.7645      
# span 22 =     1.4807,     2.3820      
# span 23 =          6,         26      
# span 24 = 0.0000e+00, 0.0000e+00      
# interval = decibars: 1                
# start_time = Sep 10 2025 02:59:44 [NMEA time, header]
# bad_flag = -9.990e-29
*END*
[from data line 928]
    919.146   78.14374 -172.22668    931.000     0.2607     0.2608  29.590612  29.588946    34.8803    34.8780    290.960    284.109    -0.1600     4.6679     0.0846     0.0846     0.0180     0.0186      30136    20.9271     100.00     2.0961     1.8419         14 0.0000e+00
    920.132   78.14374 -172.22668    932.000     0.2591     0.2591  29.589769  29.588055    34.8804    34.8781    290.905    284.125    -0.1418     4.6682     0.0832     0.0832     0.0177     0.0193      30161    20.9443     100.00     2.0955     1.8417         14 0.0000e+00
    921.117   78.14374 -172.22668    933.000     0.2580     0.2580  29.589158  29.587544    34.8803    34.8782    290.868    284.185    -0.1343     4.6679     0.0841     0.0841     0.0180     0.0196      30185    20.9612     100.00     2.0951     1.8418         13 0.0000e+00
    922.102   78.14374 -172.22668    934.000     0.2566     0.2566  29.588395  29.586691    34.8803    34.8781    290.919    284.466    -0.1396     4.6679     0.0830     0.0830     0.0180     0.0194      30211    20.9788     100.00     2.0951     1.8429         20 0.0000e+00
    923.087   78.14374 -172.22668    935.000     0.2560     0.2560  29.588302  29.586569    34.8803    34.8780    290.923    284.517    -0.1709     4.6680     0.0829     0.0829     0.0179     0.0182      30235    20.9961     100.00     2.0949     1.8429         18 0.0000e+00
    924.072   78.14374 -172.22667    936.000     0.2553     0.2554  29.588140  29.586576    34.8802    34.8782    290.949    284.450    -0.1722     4.6680     0.0819     0.0819     0.0179     0.0181      30260    21.0131     100.00     2.0948     1.8424         12 0.0000e+00
    925.057   78.14374 -172.22666    937.000     0.2537     0.2538  29.587228  29.585628    34.8803    34.8781    290.922    283.938    -0.1712     4.6675     0.0828     0.0828     0.0183     0.0181      30285    21.0307     100.00     2.0943     1.8398         15 0.0000e+00
    926.042   78.14374 -172.22666    938.000     0.2507     0.2507  29.584968  29.583358    34.8802    34.8781    290.885    284.482    -0.1500     4.6679     0.0837     0.0837     0.0180     0.0190      30310    21.0480     100.00     2.0938     1.8420         17 0.0000e+00
    927.027   78.14374 -172.22666    939.000     0.2484     0.2485  29.583400  29.581731    34.8801    34.8779    290.901    284.634    -0.1320     4.6679     0.0842     0.0842     0.0180     0.0197      30335    21.0652     100.00     2.0935     1.8424         14 0.0000e+00
    928.012   78.14374 -172.22666    940.000     0.2474     0.2474  29.582904  29.581216    34.8800    34.8778    290.760    284.343    -0.1368     4.6680     0.0833     0.0833     0.0179     0.0195      30360    21.0824     100.00     2.0925     1.8409         13 0.0000e+00
    928.997   78.14374 -172.22666    941.000     0.2450     0.2451  29.581248  29.579624    34.8800    34.8778    290.712    284.576    -0.1602     4.6679     0.0822     0.0822     0.0180     0.0186      30384    21.0994     100.00     2.0919     1.8417         11 0.0000e+00
    929.982   78.14374 -172.22664    942.000     0.2433     0.2434  29.580168  29.578542    34.8799    34.8777    290.569    284.518    -0.1400     4.6679     0.0841     0.0841     0.0180     0.0194      30409    21.1167     100.00     2.0908     1.8412         13 0.0000e+00
    930.967   78.14374 -172.22664    943.000     0.2424     0.2424  29.579845  29.578057    34.8800    34.8776    290.534    283.952    -0.1302     4.6681     0.0841     0.0841     0.0178     0.0198      30434    21.1339     100.00     2.0904     1.8383         10 0.0000e+00
    931.952   78.14374 -172.22664    944.000     0.2420     0.2421  29.579872  29.578120    34.8799    34.8775    290.579    284.626    -0.1633     4.6679     0.0829     0.0829     0.0180     0.0185      30459    21.1511     100.00     2.0904     1.8413         14 0.0000e+00
    932.937   78.14374 -172.22664    945.000     0.2414     0.2416  29.579862  29.578327    34.8799    34.8777    290.582    284.703    -0.1333     4.6678     0.0830     0.0830     0.0181     0.0196      30483    21.1683     100.00     2.0902     1.8414         11 0.0000e+00
    933.922   78.14374 -172.22664    946.000     0.2398     0.2400  29.578921  29.577165    34.8799    34.8775    290.525    284.633    -0.1315     4.6677     0.0852     0.0852     0.0182     0.0197      30508    21.1855     100.00     2.0896     1.8409         12 0.0000e+00
    934.907   78.14374 -172.22664    947.000     0.2385     0.2384  29.578107  29.576403    34.8798    34.8776    290.564    284.843    -0.1365     4.6681     0.0823     0.0823     0.0178     0.0195      30533    21.2031     100.00     2.0895     1.8416         15 0.0000e+00
    935.892   78.14372 -172.22664    948.000     0.2373     0.2373  29.577450  29.575854    34.8797    34.8776    290.573    284.737    -0.1491     4.6679     0.0828     0.0828     0.0180     0.0190      30558    21.2202     100.00     2.0893     1.8409         12 0.0000e+00
    936.877   78.14372 -172.22664    949.000     0.2362     0.2362  29.576990  29.575384    34.8797    34.8777    290.601    284.513    -0.1545     4.6677     0.0822     0.0822     0.0182     0.0188      30583    21.2374     100.00     2.0892     1.8397         12 0.0000e+00
    937.862   78.14372 -172.22664    950.000     0.2354     0.2354  29.576597  29.575003    34.8796    34.8775    290.714    284.588    -0.1341     4.6680     0.0831     0.0831     0.0179     0.0196      30607    21.2544     100.00     2.0896     1.8398         10 0.0000e+00
    938.847   78.14372 -172.22663    951.000     0.2322     0.2323  29.574376  29.572667    34.8797    34.8774    290.824    284.963    -0.1340     4.6681     0.0836     0.0836     0.0178     0.0196      30633    21.2719     100.00     2.0898     1.8413         12 0.0000e+00
    939.832   78.14372 -172.22662    952.000     0.2302     0.2303  29.573047  29.571315    34.8796    34.8773    290.919    284.447    -0.1680     4.6679     0.0826     0.0826     0.0180     0.0183      30658    21.2892     100.00     2.0900     1.8386         12 0.0000e+00
    940.817   78.14372 -172.22662    953.000     0.2289     0.2289  29.572299  29.570673    34.8795    34.8774    290.838    284.144    -0.1400     4.6679     0.0827     0.0827     0.0180     0.0194      30682    21.3063     100.00     2.0893     1.8370         11 0.0000e+00
    941.802   78.14372 -172.22662    954.000     0.2282     0.2282  29.572184  29.570567    34.8796    34.8775    290.815    284.579    -0.1366     4.6679     0.0842     0.0842     0.0180     0.0195      30707    21.3239     100.00     2.0889     1.8388         13 0.0000e+00
    942.787   78.14372 -172.22662    955.000     0.2278     0.2279  29.572409  29.570778    34.8798    34.8776    290.745    284.406    -0.1399     4.6679     0.0842     0.0842     0.0180     0.0194      30732    21.3409     100.00     2.0883     1.8378         10 0.0000e+00
    943.772   78.14372 -172.22662    956.000     0.2276     0.2277  29.572782  29.571198    34.8800    34.8778    290.775    284.633    -0.1739     4.6679     0.0818     0.0818     0.0180     0.0180      30757    21.3583     100.00     2.0883     1.8387         14 0.0000e+00
    944.757   78.14372 -172.22662    957.000     0.2276     0.2278  29.573405  29.571749    34.8801    34.8779    290.822    284.314    -0.1618     4.6678     0.0829     0.0829     0.0181     0.0185      30782    21.3755     100.00     2.0883     1.8371         12 0.0000e+00
    945.742   78.14372 -172.22662    958.000     0.2277     0.2278  29.574059  29.572486    34.8803    34.8782    290.628    284.420    -0.1570     4.6678     0.0828     0.0828     0.0181     0.0187      30807    21.3927     100.00     2.0871     1.8374         15 0.0000e+00
    946.727   78.14372 -172.22662    959.000     0.2279     0.2280  29.575077  29.573470    34.8809    34.8787    290.554    284.487    -0.1504     4.6678     0.0830     0.0830     0.0181     0.0190      30831    21.4096     100.00     2.0865     1.8375         11 0.0000e+00
    947.712   78.14372 -172.22661    960.000     0.2277     0.2278  29.575584  29.573825    34.8812    34.8788    290.492    284.736    -0.1347     4.6675     0.0822     0.0822     0.0184     0.0196      30855    21.4262     100.00     2.0859     1.8385         12 0.0000e+00
    948.697   78.14372 -172.22660    961.000     0.2266     0.2266  29.574990  29.573345    34.8811    34.8789    290.546    284.558    -0.1569     4.6679     0.0823     0.0823     0.0180     0.0187      30880    21.4440     100.00     2.0859     1.8374         14 0.0000e+00
    949.682   78.14372 -172.22660    962.000     0.2252     0.2252  29.574230  29.572663    34.8811    34.8790    290.607    284.577    -0.1669     4.6679     0.0830     0.0830     0.0180     0.0183      30903    21.4600     100.00     2.0860     1.8373          6 0.0000e+00
    950.666   78.14371 -172.22660    963.000     0.2240     0.2240  29.573592  29.571959    34.8810    34.8789    290.786    284.367    -0.1488     4.6678     0.0830     0.0830     0.0181     0.0190      30930    21.4784     100.00     2.0867     1.8361         13 0.0000e+00
    951.652   78.14370 -172.22660    964.000     0.2232     0.2233  29.573289  29.571712    34.8810    34.8788    290.833    284.359    -0.1793     4.6679     0.0830     0.0830     0.0180     0.0178      30955    21.4956     100.00     2.0867     1.8359         11 0.0000e+00
    952.636   78.14370 -172.22660    965.000     0.2224     0.2224  29.572945  29.571297    34.8809    34.8787    290.943    284.424    -0.1704     4.6679     0.0830     0.0830     0.0180     0.0182      30979    21.5126     100.00     2.0871     1.8360         10 0.0000e+00
    953.621   78.14370 -172.22660    966.000     0.2213     0.2213  29.572474  29.570938    34.8810    34.8789    290.951    284.732    -0.1583     4.6678     0.0830     0.0830     0.0181     0.0186      31005    21.5303     100.00     2.0868     1.8372         13 0.0000e+00
    954.606   78.14370 -172.22660    967.000     0.2205     0.2205  29.572227  29.570553    34.8809    34.8788    290.904    284.720    -0.1465     4.6677     0.0829     0.0829     0.0181     0.0191      31029    21.5475     100.00     2.0864     1.8369         15 0.0000e+00
    955.591   78.14370 -172.22660    968.000     0.2194     0.2195  29.571614  29.569980    34.8808    34.8786    290.877    284.002    -0.1594     4.6677     0.0830     0.0830     0.0182     0.0186      31054    21.5647     100.00     2.0859     1.8334         15 0.0000e+00
    956.576   78.14370 -172.22658    969.000     0.2166     0.2167  29.569686  29.568071    34.8808    34.8786    290.897    284.262    -0.1334     4.6681     0.0819     0.0819     0.0178     0.0196      31079    21.5818     100.00     2.0857     1.8343         14 0.0000e+00
    957.561   78.14370 -172.22658    970.000     0.2159     0.2160  29.569535  29.567928    34.8809    34.8787    290.713    285.293    -0.1585     4.6680     0.0827     0.0827     0.0179     0.0186      31104    21.5993     100.00     2.0845     1.8389         17 0.0000e+00
    958.546   78.14370 -172.22658    971.000     0.2146     0.2147  29.568640  29.567044    34.8806    34.8784    290.578    284.447    -0.1498     4.6678     0.0830     0.0830     0.0181     0.0190      31128    21.6161     100.00     2.0835     1.8347         13 0.0000e+00
    959.531   78.14370 -172.22658    972.000     0.2123     0.2124  29.567206  29.565573    34.8807    34.8784    290.620    284.383    -0.1675     4.6679     0.0830     0.0830     0.0180     0.0183      31153    21.6334     100.00     2.0834     1.8342         14 0.0000e+00
    960.515   78.14370 -172.22658    973.000     0.2107     0.2107  29.566139  29.564417    34.8805    34.8783    290.577    284.413    -0.1671     4.6670     0.0832     0.0832     0.0188     0.0183      31177    21.6503     100.00     2.0828     1.8341         12 0.0000e+00
    961.501   78.14370 -172.22658    974.000     0.2099     0.2100  29.566005  29.564446    34.8807    34.8785    290.619    284.272    -0.1740     4.6677     0.0842     0.0842     0.0182     0.0180      31202    21.6675     100.00     2.0828     1.8332         13 0.0000e+00
    962.485   78.14370 -172.22658    975.000     0.2097     0.2096  29.566089  29.564374    34.8805    34.8784    290.612    284.426    -0.1719     4.6679     0.0840     0.0840     0.0180     0.0181      31227    21.6849     100.00     2.0826     1.8338         12 0.0000e+00
    963.470   78.14370 -172.22656    976.000     0.2046     0.2042  29.562026  29.560195    34.8803    34.8784    290.582    284.622    -0.1345     4.6679     0.0817     0.0817     0.0180     0.0196      31251    21.7011     100.00     2.0820     1.8343          9 0.0000e+00
    964.455   78.14370 -172.22656    977.000     0.2026     0.2026  29.560909  29.559095    34.8806    34.8782    290.487    284.319    -0.1687     4.6677     0.0831     0.0831     0.0182     0.0182      31277    21.7193     100.00     2.0812     1.8326         15 0.0000e+00
    965.440   78.14370 -172.22656    978.000     0.2021     0.2021  29.560823  29.559075    34.8805    34.8781    290.502    284.592    -0.1372     4.6677     0.0818     0.0818     0.0182     0.0195      31301    21.7363     100.00     2.0810     1.8337         13 0.0000e+00
    966.425   78.14370 -172.22656    979.000     0.2023     0.2024  29.561507  29.559990    34.8805    34.8785    290.582    284.666    -0.1366     4.6679     0.0836     0.0836     0.0180     0.0195      31326    21.7536     100.00     2.0812     1.8339         14 0.0000e+00
    967.409   78.14370 -172.22656    980.000     0.2035     0.2035  29.563136  29.561404    34.8808    34.8785    290.745    284.471    -0.1556     4.6679     0.0832     0.0832     0.0180     0.0188      31351    21.7710     100.00     2.0819     1.8328         15 0.0000e+00
    968.394   78.14370 -172.22656    981.000     0.2039     0.2040  29.563916  29.562349    34.8807    34.8785    290.845    284.485    -0.1748     4.6678     0.0837     0.0837     0.0181     0.0180      31376    21.7880     100.00     2.0823     1.8328         13 0.0000e+00
    969.379   78.14370 -172.22654    982.000     0.2037     0.2038  29.564415  29.562802    34.8810    34.8788    290.947    284.489    -0.1442     4.6677     0.0841     0.0841     0.0182     0.0192      31400    21.8049     100.00     2.0827     1.8326         10 0.0000e+00
    970.364   78.14370 -172.22654    983.000     0.2023     0.2023  29.563488  29.561936    34.8809    34.8788    290.823    284.227    -0.1311     4.6678     0.0837     0.0837     0.0181     0.0197      31424    21.8218     100.00     2.0817     1.8312         11 0.0000e+00
    971.349   78.14370 -172.22654    984.000     0.2006     0.2007  29.562758  29.561265    34.8812    34.8791    290.778    284.573    -0.1327     4.6679     0.0829     0.0829     0.0180     0.0197      31450    21.8398     100.00     2.0812     1.8325         15 0.0000e+00
    972.334   78.14370 -172.22654    985.000     0.2016     0.2016  29.564406  29.562808    34.8817    34.8795    290.722    284.540    -0.1586     4.6679     0.0834     0.0834     0.0180     0.0186      31474    21.8564     100.00     2.0807     1.8322          9 0.0000e+00
    973.318   78.14370 -172.22653    986.000     0.2022     0.2021  29.565471  29.563804    34.8819    34.8797    290.777    284.766    -0.1352     4.6677     0.0841     0.0841     0.0182     0.0196      31500    21.8743     100.00     2.0808     1.8331         15 0.0000e+00
    974.303   78.14370 -172.22652    987.000     0.2024     0.2024  29.566310  29.564573    34.8822    34.8798    290.812    284.106    -0.1779     4.6676     0.0827     0.0827     0.0183     0.0179      31524    21.8909     100.00     2.0808     1.8299         12 0.0000e+00
