Continuous CTD Data/01_SBE Stage/nabos_11_01avg.cnv
* Sea-Bird SBE 9 Data File:
* FileName = D:\CTD\data\HLY2502\raw\NABOS_11_01.hex
* Software Version Seasave V 7.26.7.110
* Temperature SN = 6954
* Conductivity SN = 2561
* Number of Bytes Per Scan = 37
* Number of Voltage Words = 4
* Number of Scans Averaged by the Deck Unit = 1
* NMEA Latitude = 77 00.90 N
* NMEA Longitude = 177 56.55 W
* NMEA UTC (Time) = Sep 16 2025  10:26:07
* NMEA baud rate = 9600
** Ship: USCG HEALY
** Bot. Depth:  1320
** Cast Number:  01
** Station Name:  NABOS
** Station Number:  11
** Operator:  STARC
# nquan = 25
# nvalues = 1214                        
# units = specified
# name 0 = depSM: Depth [salt water, m]
# name 1 = latitude: Latitude [deg]
# name 2 = longitude: Longitude [deg]
# name 3 = prDM: Pressure, Digiquartz [db]
# name 4 = t090C: Temperature [ITS-90, deg C]
# name 5 = t190C: Temperature, 2 [ITS-90, deg C]
# name 6 = c0mS/cm: Conductivity [mS/cm]
# name 7 = c1mS/cm: Conductivity, 2 [mS/cm]
# name 8 = sal00: Salinity, Practical [PSU]
# name 9 = sal11: Salinity, Practical, 2 [PSU]
# name 10 = sbox0Mm/Kg: Oxygen, SBE 43 [umol/kg]
# name 11 = sbox1Mm/Kg: Oxygen, SBE 43, 2 [umol/kg]
# name 12 = flECO-AFL: Fluorescence, WET Labs ECO-AFL/FL [mg/m^3]
# name 13 = v2: Voltage 2
# name 14 = wetCDOM: Fluorescence, WET Labs CDOM [mg/m^3]
# name 15 = v6: Voltage 6
# name 16 = CStarAt0: Beam Attenuation, WET Labs C-Star [1/m]
# name 17 = v3: Voltage 3
# name 18 = scan: Scan Count
# name 19 = timeM: Time, Elapsed [minutes]
# name 20 = altM: Altimeter [m]
# name 21 = sbeox0V: Oxygen raw, SBE 43 [V]
# name 22 = sbeox1V: Oxygen raw, SBE 43, 2 [V]
# name 23 = nbin: number of scans per bin
# name 24 = flag: flag
# span 0 =      3.958,   1200.740       
# span 1 =   77.01524,   77.01674       
# span 2 = -177.94956, -177.94327       
# span 3 =      4.000,   1217.000       
# span 4 =    -1.7029,     0.9010       
# span 5 =    -1.7020,     0.9010       
# span 6 =  23.557239,  29.807293       
# span 7 =  23.555549,  29.805563       
# span 8 =    29.3152,    34.8742       
# span 9 =    29.3131,    34.8719       
# span 10 =    287.403,    384.723      
# span 11 =    282.120,    379.384      
# span 12 =    -0.1824,     0.5341      
# span 13 =     4.5944,     4.6618      
# span 14 =     0.0816,     0.1257      
# span 15 =     0.0816,     0.1257      
# span 16 =     0.0233,     0.0815      
# span 17 =     0.0177,     0.0464      
# span 18 =       5505,      39691      
# span 19 =     3.8221,    27.5623      
# span 20 =     100.00,     100.00      
# span 21 =     1.9945,     2.6817      
# span 22 =     1.7640,     2.3443      
# span 23 =          8,         28      
# span 24 = 0.0000e+00, 0.0000e+00      
# interval = decibars: 1                
# start_time = Sep 16 2025 10:26:07 [NMEA time, header]
# bad_flag = -9.990e-29
*END*
[from data line 812]
    805.867   77.01616 -177.94722    816.000    -0.0798    -0.0799  29.208338  29.206630    34.8282    34.8260    295.867    290.348    -0.1440     4.6592     0.0831     0.0831     0.0255     0.0192      28333    19.6750     100.00     2.1309     1.8773         14 0.0000e+00
    806.853   77.01616 -177.94722    817.000    -0.0814    -0.0814  29.207432  29.205762    34.8282    34.8260    295.798    292.666    -0.1719     4.6593     0.0841     0.0841     0.0254     0.0181      28358    19.6925     100.00     2.1302     1.8879         17 0.0000e+00
    807.839   77.01616 -177.94724    818.000    -0.0824    -0.0824  29.207076  29.205335    34.8283    34.8260    295.849    293.432    -0.1732     4.6595     0.0840     0.0840     0.0252     0.0181      28383    19.7099     100.00     2.1302     1.8913         20 0.0000e+00
    808.824   77.01616 -177.94724    819.000    -0.0835    -0.0835  29.206514  29.204753    34.8282    34.8259    295.975    285.726    -0.1502     4.6593     0.0831     0.0831     0.0254     0.0190      28408    19.7272     100.00     2.1306     1.8550         17 0.0000e+00
    809.810   77.01616 -177.94724    820.000    -0.0840    -0.0841  29.206434  29.204673    34.8281    34.8259    296.036    290.505    -0.1519     4.6595     0.0833     0.0833     0.0253     0.0189      28433    19.7445     100.00     2.1307     1.8772         18 0.0000e+00
    810.796   77.01616 -177.94725    821.000    -0.0863    -0.0864  29.204897  29.203166    34.8281    34.8259    296.046    291.006    -0.1467     4.6598     0.0832     0.0832     0.0250     0.0191      28458    19.7617     100.00     2.1305     1.8793         18 0.0000e+00
    811.781   77.01616 -177.94726    822.000    -0.0877    -0.0877  29.204098  29.202499    34.8280    34.8259    296.086    290.127    -0.1331     4.6598     0.0835     0.0835     0.0250     0.0196      28483    19.7790     100.00     2.1304     1.8749         18 0.0000e+00
    812.767   77.01616 -177.94726    823.000    -0.0883    -0.0882  29.204072  29.202349    34.8281    34.8257    296.057    293.391    -0.1618     4.6600     0.0858     0.0858     0.0248     0.0185      28508    19.7963     100.00     2.1300     1.8900         17 0.0000e+00
    813.753   77.01616 -177.94727    824.000    -0.0920    -0.0923  29.201116  29.199214    34.8278    34.8256    295.978    290.795    -0.1700     4.6595     0.0845     0.0845     0.0252     0.0182      28533    19.8138     100.00     2.1292     1.8775         20 0.0000e+00
    814.738   77.01616 -177.94728    825.000    -0.0960    -0.0959  29.198317  29.196646    34.8280    34.8257    295.931    292.375    -0.1383     4.6594     0.0834     0.0834     0.0253     0.0194      28558    19.8312     100.00     2.1285     1.8846         21 0.0000e+00
    815.724   77.01616 -177.94728    826.000    -0.0959    -0.0956  29.198760  29.197239    34.8279    34.8255    295.822    288.159    -0.1749     4.6590     0.0835     0.0835     0.0256     0.0180      28583    19.8485     100.00     2.1277     1.8647         20 0.0000e+00
    816.709   77.01617 -177.94728    827.000    -0.0964    -0.0967  29.198567  29.196698    34.8277    34.8255    295.871    290.424    -0.1725     4.6590     0.0842     0.0842     0.0257     0.0181      28608    19.8658     100.00     2.1277     1.8751         17 0.0000e+00
    817.695   77.01618 -177.94729    828.000    -0.0972    -0.0974  29.198362  29.196645    34.8277    34.8256    295.878    291.632    -0.1546     4.6599     0.0844     0.0844     0.0249     0.0188      28633    19.8831     100.00     2.1275     1.8805         18 0.0000e+00
    818.680   77.01618 -177.94730    829.000    -0.0988    -0.0989  29.197426  29.195705    34.8277    34.8255    296.012    290.155    -0.1310     4.6594     0.0843     0.0843     0.0253     0.0197      28658    19.9004     100.00     2.1280     1.8733         17 0.0000e+00
    819.666   77.01618 -177.94730    830.000    -0.0993    -0.0992  29.197393  29.195766    34.8276    34.8254    296.017    290.350    -0.1603     4.6599     0.0837     0.0837     0.0249     0.0186      28683    19.9178     100.00     2.1277     1.8741         16 0.0000e+00
    820.652   77.01618 -177.94732    831.000    -0.1003    -0.1004  29.196868  29.195180    34.8275    34.8254    296.075    293.263    -0.1759     4.6594     0.0829     0.0829     0.0253     0.0180      28708    19.9352     100.00     2.1278     1.8874         19 0.0000e+00
    821.637   77.01618 -177.94732    832.000    -0.1036    -0.1036  29.194448  29.192748    34.8274    34.8252    296.125    286.480    -0.1375     4.6593     0.0831     0.0831     0.0254     0.0195      28732    19.9523     100.00     2.1277     1.8555         14 0.0000e+00
    822.623   77.01618 -177.94732    833.000    -0.1068    -0.1069  29.192155  29.190387    34.8274    34.8252    296.234    291.662    -0.1320     4.6600     0.0851     0.0851     0.0248     0.0197      28758    19.9699     100.00     2.1279     1.8793         19 0.0000e+00
    823.608   77.01618 -177.94734    834.000    -0.1090    -0.1089  29.190635  29.188904    34.8273    34.8249    296.358    292.746    -0.1665     4.6597     0.0838     0.0838     0.0251     0.0183      28782    19.9870     100.00     2.1283     1.8841         14 0.0000e+00
    824.594   77.01618 -177.94734    835.000    -0.1101    -0.1103  29.190143  29.188214    34.8273    34.8250    296.316    290.370    -0.1619     4.6599     0.0844     0.0844     0.0249     0.0185      28808    20.0047     100.00     2.1278     1.8728         19 0.0000e+00
    825.579   77.01618 -177.94734    836.000    -0.1132    -0.1134  29.187777  29.185885    34.8272    34.8249    296.436    290.130    -0.1468     4.6596     0.0845     0.0845     0.0251     0.0191      28832    20.0218     100.00     2.1280     1.8714         16 0.0000e+00
    826.565   77.01618 -177.94734    837.000    -0.1184    -0.1184  29.183922  29.182116    34.8273    34.8249    296.494    290.771    -0.1557     4.6595     0.0855     0.0855     0.0252     0.0187      28857    20.0392     100.00     2.1279     1.8740         17 0.0000e+00
    827.551   77.01618 -177.94736    838.000    -0.1200    -0.1199  29.182971  29.181326    34.8273    34.8251    296.536    294.264    -0.1538     4.6595     0.0848     0.0848     0.0253     0.0188      28883    20.0567     100.00     2.1278     1.8900         16 0.0000e+00
    828.536   77.01618 -177.94736    839.000    -0.1203    -0.1203  29.183026  29.181410    34.8272    34.8250    296.606    298.705    -0.1721     4.6595     0.0845     0.0845     0.0252     0.0181      28907    20.0738     100.00     2.1280     1.9105         13 0.0000e+00
    829.522   77.01618 -177.94736    840.000    -0.1206    -0.1206  29.183512  29.181801    34.8275    34.8252    296.625    293.400    -0.1444     4.6594     0.0843     0.0843     0.0253     0.0192      28933    20.0914     100.00     2.1279     1.8856         19 0.0000e+00
    830.507   77.01618 -177.94736    841.000    -0.1208    -0.1207  29.183723  29.182063    34.8274    34.8252    296.570    293.984    -0.1605     4.6594     0.0839     0.0839     0.0253     0.0186      28958    20.1087     100.00     2.1273     1.8882         18 0.0000e+00
    831.493   77.01618 -177.94738    842.000    -0.1208    -0.1209  29.184113  29.182412    34.8275    34.8252    296.372    295.816    -0.1398     4.6593     0.0831     0.0831     0.0254     0.0194      28982    20.1259     100.00     2.1260     1.8965         12 0.0000e+00
    832.478   77.01618 -177.94738    843.000    -0.1209    -0.1209  29.184572  29.182927    34.8275    34.8254    296.253    292.165    -0.1366     4.6588     0.0833     0.0833     0.0258     0.0195      29007    20.1432     100.00     2.1252     1.8793         14 0.0000e+00
    833.464   77.01618 -177.94739    844.000    -0.1221    -0.1222  29.183944  29.182280    34.8275    34.8254    296.104    291.253    -0.1684     4.6584     0.0834     0.0834     0.0262     0.0182      29033    20.1608     100.00     2.1241     1.8749         15 0.0000e+00
    834.450   77.01619 -177.94740    845.000    -0.1238    -0.1238  29.182886  29.181278    34.8274    34.8253    295.991    290.472    -0.1570     4.6600     0.0833     0.0833     0.0248     0.0187      29057    20.1781     100.00     2.1232     1.8710         14 0.0000e+00
    835.435   77.01620 -177.94740    846.000    -0.1257    -0.1258  29.181592  29.179838    34.8273    34.8251    295.973    288.577    -0.1463     4.6593     0.0843     0.0843     0.0254     0.0191      29083    20.1956     100.00     2.1228     1.8619         19 0.0000e+00
    836.421   77.01620 -177.94740    847.000    -0.1290    -0.1290  29.179137  29.177396    34.8272    34.8249    295.944    297.420    -0.1710     4.6593     0.0832     0.0832     0.0254     0.0181      29107    20.2127     100.00     2.1222     1.9027         16 0.0000e+00
    837.406   77.01620 -177.94741    848.000    -0.1323    -0.1323  29.176649  29.174895    34.8270    34.8247    296.018    286.661    -0.1453     4.6595     0.0842     0.0842     0.0252     0.0192      29132    20.2297     100.00     2.1223     1.8524         12 0.0000e+00
    838.391   77.01620 -177.94742    849.000    -0.1375    -0.1374  29.172398  29.170892    34.8267    34.8246    296.112    288.430    -0.1324     4.6590     0.0825     0.0825     0.0256     0.0197      29157    20.2471     100.00     2.1223     1.8602         13 0.0000e+00
    839.377   77.01620 -177.94742    850.000    -0.1431    -0.1427  29.168026  29.166522    34.8267    34.8243    296.207    286.207    -0.1557     4.6599     0.0839     0.0839     0.0249     0.0187      29182    20.2645     100.00     2.1223     1.8495         14 0.0000e+00
    840.362   77.01620 -177.94743    851.000    -0.1474    -0.1471  29.164632  29.163126    34.8265    34.8242    296.286    291.201    -0.1673     4.6593     0.0845     0.0845     0.0254     0.0183      29207    20.2817     100.00     2.1224     1.8724         14 0.0000e+00
    841.348   77.01620 -177.94744    852.000    -0.1522    -0.1519  29.160682  29.159359    34.8261    34.8240    296.374    291.825    -0.1313     4.6597     0.0833     0.0833     0.0250     0.0197      29232    20.2990     100.00     2.1224     1.8749         15 0.0000e+00
    842.333   77.01620 -177.94744    853.000    -0.1555    -0.1555  29.158135  29.156520    34.8259    34.8238    296.468    295.065    -0.1270     4.6602     0.0828     0.0828     0.0246     0.0199      29256    20.3161     100.00     2.1225     1.8896         13 0.0000e+00
    843.319   77.01620 -177.94744    854.000    -0.1604    -0.1603  29.154223  29.152564    34.8257    34.8234    296.555    298.224    -0.1346     4.6596     0.0845     0.0845     0.0252     0.0196      29281    20.3335     100.00     2.1225     1.9039         14 0.0000e+00
    844.304   77.01620 -177.94745    855.000    -0.1662    -0.1660  29.149597  29.147937    34.8255    34.8231    296.564    293.459    -0.1567     4.6599     0.0843     0.0843     0.0249     0.0187      29306    20.3505     100.00     2.1221     1.8813         14 0.0000e+00
    845.290   77.01620 -177.94746    856.000    -0.1687    -0.1684  29.147583  29.146150    34.8252    34.8229    296.548    288.577    -0.1380     4.6594     0.0843     0.0843     0.0253     0.0195      29330    20.3673     100.00     2.1217     1.8584         11 0.0000e+00
    846.275   77.01620 -177.94746    857.000    -0.1722    -0.1722  29.144896  29.143285    34.8250    34.8229    296.515    288.925    -0.1608     4.6595     0.0843     0.0843     0.0252     0.0186      29354    20.3841     100.00     2.1211     1.8597         13 0.0000e+00
    847.261   77.01620 -177.94747    858.000    -0.1766    -0.1768  29.141322  29.139467    34.8247    34.8224    296.684    290.406    -0.1475     4.6593     0.0832     0.0832     0.0254     0.0191      29378    20.4010     100.00     2.1216     1.8662         14 0.0000e+00
    848.247   77.01620 -177.94748    859.000    -0.1796    -0.1795  29.139130  29.137597    34.8245    34.8223    296.850    290.375    -0.1430     4.6599     0.0832     0.0832     0.0249     0.0193      29403    20.4178     100.00     2.1221     1.8658         14 0.0000e+00
    849.232   77.01622 -177.94748    860.000    -0.1795    -0.1798  29.139593  29.137612    34.8244    34.8222    296.880    292.494    -0.1566     4.6595     0.0841     0.0841     0.0252     0.0187      29427    20.4346     100.00     2.1221     1.8754         15 0.0000e+00
    850.217   77.01622 -177.94748    861.000    -0.1806    -0.1807  29.138922  29.137162    34.8242    34.8219    296.953    291.403    -0.1408     4.6593     0.0839     0.0839     0.0254     0.0194      29451    20.4514     100.00     2.1222     1.8701         14 0.0000e+00
    851.202   77.01622 -177.94750    862.000    -0.1859    -0.1853  29.134670  29.133463    34.8240    34.8218    296.925    291.942    -0.1574     4.6593     0.0830     0.0830     0.0254     0.0187      29475    20.4683     100.00     2.1216     1.8723         12 0.0000e+00
    852.188   77.01622 -177.94750    863.000    -0.1875    -0.1874  29.133614  29.132007    34.8238    34.8216    296.809    292.131    -0.1719     4.6593     0.0834     0.0834     0.0254     0.0181      29499    20.4850     100.00     2.1207     1.8729         13 0.0000e+00
    853.173   77.01622 -177.94750    864.000    -0.1890    -0.1890  29.132692  29.130968    34.8237    34.8215    296.930    294.425    -0.1742     4.6592     0.0841     0.0841     0.0255     0.0180      29524    20.5019     100.00     2.1210     1.8832         17 0.0000e+00
    854.159   77.01622 -177.94750    865.000    -0.1913    -0.1913  29.131078  29.129331    34.8236    34.8213    297.036    295.084    -0.1713     4.6595     0.0830     0.0830     0.0252     0.0181      29548    20.5187     100.00     2.1213     1.8860         15 0.0000e+00
    855.145   77.01622 -177.94752    866.000    -0.1934    -0.1938  29.129570  29.127664    34.8234    34.8213    297.101    293.946    -0.1390     4.6593     0.0832     0.0832     0.0254     0.0194      29572    20.5353     100.00     2.1213     1.8805         12 0.0000e+00
    856.130   77.01622 -177.94752    867.000    -0.1937    -0.1939  29.129795  29.127764    34.8235    34.8211    296.959    289.011    -0.1709     4.6593     0.0833     0.0833     0.0254     0.0182      29596    20.5522     100.00     2.1203     1.8574         15 0.0000e+00
    857.115   77.01622 -177.94752    868.000    -0.1944    -0.1945  29.129467  29.127715    34.8232    34.8211    296.971    292.857    -0.1625     4.6593     0.0831     0.0831     0.0254     0.0185      29620    20.5689     100.00     2.1201     1.8751         13 0.0000e+00
    858.101   77.01622 -177.94754    869.000    -0.1948    -0.1947  29.129422  29.127864    34.8231    34.8209    296.884    288.195    -0.1387     4.6592     0.0840     0.0840     0.0255     0.0194      29645    20.5860     100.00     2.1194     1.8533         17 0.0000e+00
    859.086   77.01622 -177.94754    870.000    -0.1955    -0.1955  29.129246  29.127541    34.8230    34.8208    296.871    297.891    -0.1601     4.6588     0.0844     0.0844     0.0258     0.0186      29669    20.6025     100.00     2.1191     1.8979         13 0.0000e+00
    860.071   77.01622 -177.94754    871.000    -0.1955    -0.1955  29.129721  29.128040    34.8231    34.8209    296.790    296.537    -0.1350     4.6590     0.0844     0.0844     0.0257     0.0196      29693    20.6195     100.00     2.1185     1.8915         16 0.0000e+00
    861.057   77.01622 -177.94754    872.000    -0.1956    -0.1956  29.130124  29.128429    34.8231    34.8209    296.831    287.600    -0.1486     4.6590     0.0844     0.0844     0.0257     0.0190      29718    20.6365     100.00     2.1185     1.8499         21 0.0000e+00
