Continuous CTD Data/01_SBE Stage/nabos_18_01avg.cnv
* Sea-Bird SBE 9 Data File:
* FileName = D:\CTD\data\HLY2502\raw\NABOS_18_01.hex
* Software Version Seasave V 7.26.7.110
* Temperature SN = 6954
* Conductivity SN = 2561
* Number of Bytes Per Scan = 37
* Number of Voltage Words = 4
* Number of Scans Averaged by the Deck Unit = 1
* NMEA Latitude = 77 52.02 N
* NMEA Longitude = 177 13.45 E
* NMEA UTC (Time) = Sep 17 2025  18:13:44
* NMEA baud rate = 9600
** Ship: USCG HEALY
** Bot. Depth:  1532
** Cast Number:  01
** Station Name:  NABOS
** Station Number:  18
** Operator:  STARC
# nquan = 25
# nvalues = 1215                        
# units = specified
# name 0 = depSM: Depth [salt water, m]
# name 1 = latitude: Latitude [deg]
# name 2 = longitude: Longitude [deg]
# name 3 = prDM: Pressure, Digiquartz [db]
# name 4 = t090C: Temperature [ITS-90, deg C]
# name 5 = t190C: Temperature, 2 [ITS-90, deg C]
# name 6 = c0mS/cm: Conductivity [mS/cm]
# name 7 = c1mS/cm: Conductivity, 2 [mS/cm]
# name 8 = sal00: Salinity, Practical [PSU]
# name 9 = sal11: Salinity, Practical, 2 [PSU]
# name 10 = sbox0Mm/Kg: Oxygen, SBE 43 [umol/kg]
# name 11 = sbox1Mm/Kg: Oxygen, SBE 43, 2 [umol/kg]
# name 12 = flECO-AFL: Fluorescence, WET Labs ECO-AFL/FL [mg/m^3]
# name 13 = v2: Voltage 2
# name 14 = wetCDOM: Fluorescence, WET Labs CDOM [mg/m^3]
# name 15 = v6: Voltage 6
# name 16 = CStarAt0: Beam Attenuation, WET Labs C-Star [1/m]
# name 17 = v3: Voltage 3
# name 18 = scan: Scan Count
# name 19 = timeM: Time, Elapsed [minutes]
# name 20 = altM: Altimeter [m]
# name 21 = sbeox0V: Oxygen raw, SBE 43 [V]
# name 22 = sbeox1V: Oxygen raw, SBE 43, 2 [V]
# name 23 = nbin: number of scans per bin
# name 24 = flag: flag
# span 0 =      2.968,   1200.700       
# span 1 =   77.86717,   77.86839       
# span 2 =  177.22536,  177.23520       
# span 3 =      3.000,   1217.000       
# span 4 =    -1.7833,     0.9267       
# span 5 =    -1.7827,     0.9268       
# span 6 =  24.159526,  29.801796       
# span 7 =  24.158491,  29.800161       
# span 8 =    30.1915,    34.8689       
# span 9 =    30.1895,    34.8668       
# span 10 =    290.162,    373.000      
# span 11 =    273.864,    367.975      
# span 12 =    -0.1841,     0.4370      
# span 13 =     4.4821,     4.6736      
# span 14 =     0.0810,     0.1165      
# span 15 =     0.0810,     0.1165      
# span 16 =     0.0131,     0.1841      
# span 17 =     0.0176,     0.0424      
# span 18 =       3169,      42734      
# span 19 =     2.2000,    29.6754      
# span 20 =     100.00,     100.00      
# span 21 =     2.0071,     2.6129      
# span 22 =     1.7420,     2.2825      
# span 23 =          1,         29      
# span 24 = 0.0000e+00, 0.0000e+00      
# interval = decibars: 1                
# start_time = Sep 17 2025 18:13:44 [NMEA time, header]
# bad_flag = -9.990e-29
*END*
[from data line 1044]
   1033.394   77.86818  177.23288   1047.000    -0.2262    -0.2258  29.194809  29.193364    34.8423    34.8401    293.586    294.166    -0.1345     4.6692     0.0842     0.0842     0.0169     0.0196      36289    25.1998     100.00     2.0628     1.8483         17 0.0000e+00
   1034.379   77.86818  177.23289   1048.000    -0.2288    -0.2286  29.192996  29.191332    34.8424    34.8399    293.554    290.929    -0.1349     4.6691     0.0842     0.0842     0.0170     0.0196      36317    25.2197     100.00     2.0623     1.8334         18 0.0000e+00
   1035.363   77.86818  177.23290   1049.000    -0.2343    -0.2343  29.188535  29.186826    34.8420    34.8398    293.706    290.438    -0.1622     4.6694     0.0842     0.0842     0.0168     0.0185      36346    25.2397     100.00     2.0626     1.8308         19 0.0000e+00
   1036.348   77.86818  177.23290   1050.000    -0.2403    -0.2398  29.183690  29.182346    34.8419    34.8396    294.038    290.711    -0.1265     4.6701     0.0840     0.0840     0.0161     0.0199      36374    25.2594     100.00     2.0639     1.8316         14 0.0000e+00
   1037.333   77.86818  177.23292   1051.000    -0.2407    -0.2404  29.183730  29.182189    34.8418    34.8394    294.149    290.751    -0.1544     4.6695     0.0830     0.0830     0.0167     0.0188      36404    25.2795     100.00     2.0643     1.8316         17 0.0000e+00
   1038.317   77.86819  177.23292   1052.000    -0.2438    -0.2440  29.181298  29.179384    34.8414    34.8392    294.202    290.687    -0.1366     4.6700     0.0833     0.0833     0.0162     0.0195      36432    25.2996     100.00     2.0643     1.8310         18 0.0000e+00
   1039.302   77.86820  177.23293   1053.000    -0.2497    -0.2503  29.176460  29.174302    34.8413    34.8390    294.269    291.606    -0.1479     4.6696     0.0846     0.0846     0.0165     0.0191      36461    25.3194     100.00     2.0641     1.8347         16 0.0000e+00
   1040.286   77.86820  177.23294   1054.000    -0.2532    -0.2530  29.173789  29.172172    34.8410    34.8387    294.301    285.004    -0.1474     4.6703     0.0855     0.0855     0.0159     0.0191      36490    25.3394     100.00     2.0639     1.8046         17 0.0000e+00
   1041.271   77.86820  177.23296   1055.000    -0.2540    -0.2541  29.173350  29.171416    34.8409    34.8384    294.304    291.296    -0.1305     4.6702     0.0852     0.0852     0.0160     0.0198      36518    25.3593     100.00     2.0636     1.8328         12 0.0000e+00
   1042.255   77.86820  177.23296   1056.000    -0.2542    -0.2542  29.173701  29.171956    34.8409    34.8386    294.236    293.047    -0.1293     4.6696     0.0842     0.0842     0.0165     0.0198      36547    25.3795     100.00     2.0631     1.8405         17 0.0000e+00
   1043.240   77.86820  177.23297   1057.000    -0.2540    -0.2540  29.174167  29.172478    34.8408    34.8385    294.172    292.437    -0.1368     4.6703     0.0848     0.0848     0.0159     0.0195      36576    25.3994     100.00     2.0625     1.8376         15 0.0000e+00
   1044.224   77.86820  177.23298   1058.000    -0.2539    -0.2539  29.174668  29.173061    34.8408    34.8386    294.044    290.929    -0.1304     4.6703     0.0848     0.0848     0.0159     0.0198      36605    25.4194     100.00     2.0616     1.8306         15 0.0000e+00
   1045.209   77.86820  177.23300   1059.000    -0.2540    -0.2540  29.174979  29.173362    34.8407    34.8385    293.833    291.548    -0.1634     4.6702     0.0842     0.0842     0.0160     0.0184      36634    25.4394     100.00     2.0603     1.8333         14 0.0000e+00
   1046.193   77.86820  177.23300   1060.000    -0.2541    -0.2541  29.175300  29.173630    34.8406    34.8384    293.761    292.115    -0.1361     4.6702     0.0842     0.0842     0.0160     0.0195      36663    25.4594     100.00     2.0597     1.8356         14 0.0000e+00
   1047.178   77.86820  177.23301   1061.000    -0.2550    -0.2552  29.174927  29.173087    34.8406    34.8384    293.929    290.610    -0.1329     4.6704     0.0842     0.0842     0.0159     0.0197      36691    25.4792     100.00     2.0603     1.8286         16 0.0000e+00
   1048.162   77.86820  177.23302   1062.000    -0.2585    -0.2586  29.172231  29.170605    34.8404    34.8384    293.924    288.633    -0.1366     4.6696     0.0842     0.0842     0.0166     0.0195      36720    25.4994     100.00     2.0599     1.8194         15 0.0000e+00
   1049.147   77.86820  177.23302   1063.000    -0.2608    -0.2608  29.170711  29.168946    34.8404    34.8381    293.873    287.884    -0.1703     4.6702     0.0842     0.0842     0.0160     0.0182      36750    25.5198     100.00     2.0594     1.8158         15 0.0000e+00
   1050.131   77.86820  177.23304   1064.000    -0.2620    -0.2618  29.170015  29.168586    34.8403    34.8381    293.912    291.582    -0.1558     4.6703     0.0831     0.0831     0.0159     0.0187      36781    25.5418     100.00     2.0593     1.8322         14 0.0000e+00
   1051.116   77.86820  177.23305   1065.000    -0.2636    -0.2635  29.168929  29.167373    34.8401    34.8379    293.982    291.615    -0.1384     4.6699     0.0852     0.0852     0.0162     0.0194      36814    25.5646     100.00     2.0594     1.8321         16 0.0000e+00
   1052.100   77.86820  177.23306   1066.000    -0.2647    -0.2646  29.168563  29.166720    34.8402    34.8378    294.060    291.933    -0.1609     4.6695     0.0848     0.0848     0.0166     0.0185      36847    25.5872     100.00     2.0595     1.8333         16 0.0000e+00
   1053.084   77.86820  177.23307   1067.000    -0.2656    -0.2656  29.168000  29.166386    34.8399    34.8378    294.147    292.013    -0.1351     4.6702     0.0847     0.0847     0.0160     0.0196      36880    25.6102     100.00     2.0598     1.8335         17 0.0000e+00
   1054.069   77.86820  177.23308   1068.000    -0.2658    -0.2656  29.168257  29.166710    34.8399    34.8377    294.190    290.695    -0.1469     4.6703     0.0823     0.0823     0.0159     0.0191      36912    25.6328     100.00     2.0598     1.8274         17 0.0000e+00
   1055.053   77.86820  177.23310   1069.000    -0.2660    -0.2659  29.168527  29.166809    34.8399    34.8376    294.192    290.620    -0.1422     4.6707     0.0840     0.0840     0.0156     0.0193      36945    25.6556     100.00     2.0596     1.8269         17 0.0000e+00
   1056.038   77.86821  177.23310   1070.000    -0.2673    -0.2675  29.167735  29.165852    34.8399    34.8376    294.202    291.068    -0.1328     4.6704     0.0844     0.0844     0.0158     0.0197      36978    25.6782     100.00     2.0594     1.8286         17 0.0000e+00
   1057.022   77.86822  177.23311   1071.000    -0.2691    -0.2689  29.166523  29.164968    34.8397    34.8374    294.259    288.632    -0.1315     4.6703     0.0850     0.0850     0.0159     0.0197      37011    25.7011     100.00     2.0594     1.8175         18 0.0000e+00
   1058.006   77.86822  177.23312   1072.000    -0.2699    -0.2697  29.166131  29.164806    34.8394    34.8375    294.283    291.199    -0.1590     4.6706     0.0835     0.0835     0.0156     0.0186      37043    25.7237     100.00     2.0593     1.8288         19 0.0000e+00
   1058.991   77.86822  177.23313   1073.000    -0.2705    -0.2704  29.166236  29.164404    34.8397    34.8372    294.133    291.350    -0.1309     4.6706     0.0830     0.0830     0.0157     0.0197      37076    25.7464     100.00     2.0583     1.8293         17 0.0000e+00
   1059.975   77.86822  177.23314   1074.000    -0.2707    -0.2706  29.166308  29.164738    34.8395    34.8372    294.073    292.087    -0.1295     4.6707     0.0853     0.0853     0.0156     0.0198      37108    25.7688     100.00     2.0577     1.8324         17 0.0000e+00
   1060.960   77.86822  177.23316   1075.000    -0.2645    -0.2641  29.172668  29.171383    34.8403    34.8382    294.021    291.718    -0.1335     4.6704     0.0863     0.0863     0.0158     0.0196      37141    25.7914     100.00     2.0575     1.8308         20 0.0000e+00
   1061.944   77.86822  177.23316   1076.000    -0.2545    -0.2541  29.182543  29.181317    34.8415    34.8394    294.208    290.854    -0.1346     4.6705     0.0842     0.0842     0.0158     0.0196      37173    25.8139     100.00     2.0588     1.8272         15 0.0000e+00
   1062.929   77.86822  177.23318   1077.000    -0.2471    -0.2469  29.189925  29.188547    34.8423    34.8402    294.318    290.764    -0.1367     4.6703     0.0842     0.0842     0.0159     0.0195      37206    25.8368     100.00     2.0595     1.8269         21 0.0000e+00
   1063.913   77.86822  177.23319   1078.000    -0.2435    -0.2428  29.193878  29.192881    34.8430    34.8409    294.192    291.623    -0.1349     4.6702     0.0834     0.0834     0.0160     0.0196      37238    25.8593     100.00     2.0588     1.8307         18 0.0000e+00
   1064.897   77.86822  177.23320   1079.000    -0.2403    -0.2403  29.197415  29.195904    34.8435    34.8414    293.980    288.042    -0.1367     4.6697     0.0840     0.0840     0.0164     0.0195      37271    25.8823     100.00     2.0576     1.8146         18 0.0000e+00
   1065.882   77.86822  177.23320   1080.000    -0.2394    -0.2395  29.198821  29.197083    34.8437    34.8415    293.835    289.607    -0.1601     4.6708     0.0842     0.0842     0.0155     0.0186      37304    25.9050     100.00     2.0567     1.8215         17 0.0000e+00
   1066.866   77.86822  177.23322   1081.000    -0.2352    -0.2352  29.203305  29.201688    34.8442    34.8422    293.733    290.816    -0.1364     4.6703     0.0841     0.0841     0.0159     0.0195      37337    25.9279     100.00     2.0562     1.8269         18 0.0000e+00
   1067.851   77.86822  177.23323   1082.000    -0.2325    -0.2325  29.206565  29.204931    34.8450    34.8428    293.555    292.247    -0.1561     4.6703     0.0835     0.0835     0.0159     0.0187      37370    25.9507     100.00     2.0552     1.8333         19 0.0000e+00
   1068.835   77.86822  177.23324   1083.000    -0.2310    -0.2309  29.208545  29.207032    34.8454    34.8433    293.558    291.091    -0.1653     4.6706     0.0857     0.0857     0.0157     0.0184      37403    25.9735     100.00     2.0550     1.8280         19 0.0000e+00
   1069.819   77.86822  177.23325   1084.000    -0.2267    -0.2263  29.213171  29.212014    34.8460    34.8440    293.620    291.658    -0.1346     4.6705     0.0837     0.0837     0.0157     0.0196      37435    25.9959     100.00     2.0554     1.8306         19 0.0000e+00
   1070.804   77.86822  177.23326   1085.000    -0.2109    -0.2110  29.228563  29.227040    34.8479    34.8460    293.447    290.678    -0.1367     4.6712     0.0831     0.0831     0.0152     0.0195      37468    26.0185     100.00     2.0550     1.8266         20 0.0000e+00
   1071.788   77.86822  177.23328   1086.000    -0.1952    -0.1954  29.244118  29.242534    34.8502    34.8483    293.324    289.125    -0.1681     4.6705     0.0854     0.0854     0.0157     0.0183      37500    26.0408     100.00     2.0549     1.8201         17 0.0000e+00
   1072.772   77.86822  177.23328   1087.000    -0.1836    -0.1837  29.255798  29.254089    34.8520    34.8498    293.214    288.053    -0.1720     4.6714     0.0860     0.0860     0.0151     0.0181      37533    26.0636     100.00     2.0547     1.8155         19 0.0000e+00
   1073.757   77.86822  177.23330   1088.000    -0.1820    -0.1820  29.258017  29.256392    34.8525    34.8504    293.194    290.389    -0.1482     4.6708     0.0858     0.0858     0.0155     0.0191      37565    26.0861     100.00     2.0544     1.8259         18 0.0000e+00
   1074.741   77.86822  177.23331   1089.000    -0.1832    -0.1830  29.257653  29.256001    34.8528    34.8504    293.113    291.090    -0.1787     4.6700     0.0855     0.0855     0.0163     0.0178      37598    26.1091     100.00     2.0537     1.8289         19 0.0000e+00
   1075.725   77.86822  177.23332   1090.000    -0.1846    -0.1846  29.256899  29.255299    34.8528    34.8507    292.943    288.668    -0.1495     4.6699     0.0852     0.0852     0.0163     0.0190      37631    26.1319     100.00     2.0526     1.8178         19 0.0000e+00
   1076.710   77.86824  177.23332   1091.000    -0.1836    -0.1837  29.258346  29.256673    34.8531    34.8509    292.704    290.206    -0.1717     4.6696     0.0834     0.0834     0.0165     0.0181      37664    26.1548     100.00     2.0511     1.8246         20 0.0000e+00
   1077.694   77.86824  177.23334   1092.000    -0.1833    -0.1827  29.259219  29.258089    34.8533    34.8511    292.609    288.995    -0.1439     4.6693     0.0848     0.0848     0.0168     0.0192      37697    26.1777     100.00     2.0504     1.8190         23 0.0000e+00
   1078.678   77.86824  177.23335   1093.000    -0.1741    -0.1744  29.268090  29.266180    34.8540    34.8519    292.591    289.359    -0.1524     4.6708     0.0855     0.0855     0.0155     0.0189      37730    26.2004     100.00     2.0506     1.8208         19 0.0000e+00
   1079.663   77.86824  177.23336   1094.000    -0.1711    -0.1711  29.271272  29.269777    34.8543    34.8523    292.517    290.453    -0.1369     4.6711     0.0826     0.0826     0.0153     0.0195      37761    26.2220     100.00     2.0501     1.8256         17 0.0000e+00
   1080.647   77.86824  177.23337   1095.000    -0.1712    -0.1712  29.271821  29.270223    34.8545    34.8524    292.396    289.774    -0.1699     4.6712     0.0840     0.0840     0.0152     0.0182      37790    26.2425     100.00     2.0492     1.8224         17 0.0000e+00
   1081.631   77.86824  177.23338   1096.000    -0.1791    -0.1798  29.265076  29.262779    34.8539    34.8517    292.363    289.591    -0.1560     4.6707     0.0842     0.0842     0.0156     0.0187      37818    26.2621     100.00     2.0485     1.8211         17 0.0000e+00
   1082.616   77.86824  177.23339   1097.000    -0.1890    -0.1892  29.256764  29.254873    34.8536    34.8513    292.455    288.182    -0.1322     4.6714     0.0855     0.0855     0.0151     0.0197      37847    26.2818     100.00     2.0483     1.8142         19 0.0000e+00
   1083.600   77.86824  177.23340   1098.000    -0.1905    -0.1912  29.255703  29.253461    34.8533    34.8511    292.589    289.830    -0.1676     4.6709     0.0854     0.0854     0.0154     0.0183      37875    26.3014     100.00     2.0487     1.8214         17 0.0000e+00
   1084.584   77.86824  177.23342   1099.000    -0.2056    -0.2061  29.242621  29.240616    34.8526    34.8504    292.920    284.616    -0.1619     4.6708     0.0844     0.0844     0.0155     0.0185      37904    26.3213     100.00     2.0496     1.7972         17 0.0000e+00
   1085.569   77.86824  177.23342   1100.000    -0.2187    -0.2191  29.231374  29.229349    34.8519    34.8496    293.051    292.605    -0.1373     4.6715     0.0852     0.0852     0.0150     0.0195      37932    26.3412     100.00     2.0495     1.8324         16 0.0000e+00
   1086.553   77.86824  177.23343   1101.000    -0.2282    -0.2278  29.223317  29.221920    34.8515    34.8491    293.035    290.014    -0.1325     4.6713     0.0840     0.0840     0.0151     0.0197      37961    26.3610     100.00     2.0488     1.8202         16 0.0000e+00
   1087.537   77.86824  177.23344   1102.000    -0.2302    -0.2302  29.221769  29.220075    34.8511    34.8488    293.023    290.909    -0.1660     4.6712     0.0834     0.0834     0.0152     0.0183      37990    26.3811     100.00     2.0484     1.8240         18 0.0000e+00
   1088.522   77.86824  177.23345   1103.000    -0.2331    -0.2324  29.219431  29.218241    34.8507    34.8484    293.026    288.436    -0.1726     4.6710     0.0842     0.0842     0.0153     0.0181      38018    26.4010     100.00     2.0480     1.8126         16 0.0000e+00
