Continuous CTD Data/01_SBE Stage/nabos_05_01.ros
* Sea-Bird SBE 9 Data File:
* FileName = D:\CTD\data\HLY2502\raw\NABOS_05_01.hex
* Software Version Seasave V 7.26.7.110
* Temperature SN = 6954
* Conductivity SN = 2561
* Number of Bytes Per Scan = 37
* Number of Voltage Words = 4
* Number of Scans Averaged by the Deck Unit = 1
* NMEA Latitude = 75 06.57 N
* NMEA Longitude = 172 12.56 E
* NMEA UTC (Time) = Sep 12 2025  16:44:22
* NMEA baud rate = 9600
** Ship: USCG HEALY
** Bot. Depth:  145
** Cast Number:  01
** Station Name:  NABOS
** Station Number:  05
** Operator:  STARC
# nquan = 25
# nvalues = 1176                                  
# units = specified
# name 0 = depSM: Depth [salt water, m]
# name 1 = latitude: Latitude [deg]
# name 2 = longitude: Longitude [deg]
# name 3 = prDM: Pressure, Digiquartz [db]
# name 4 = t090C: Temperature [ITS-90, deg C]
# name 5 = t190C: Temperature, 2 [ITS-90, deg C]
# name 6 = c0mS/cm: Conductivity [mS/cm]
# name 7 = c1mS/cm: Conductivity, 2 [mS/cm]
# name 8 = sal00: Salinity, Practical [PSU]
# name 9 = sal11: Salinity, Practical, 2 [PSU]
# name 10 = sbox0Mm/Kg: Oxygen, SBE 43 [umol/kg]
# name 11 = sbox1Mm/Kg: Oxygen, SBE 43, 2 [umol/kg]
# name 12 = flECO-AFL: Fluorescence, WET Labs ECO-AFL/FL [mg/m^3]
# name 13 = v2: Voltage 2
# name 14 = wetCDOM: Fluorescence, WET Labs CDOM [mg/m^3]
# name 15 = v6: Voltage 6
# name 16 = CStarAt0: Beam Attenuation, WET Labs C-Star [1/m]
# name 17 = v3: Voltage 3
# name 18 = scan: Scan Count
# name 19 = timeM: Time, Elapsed [minutes]
# name 20 = altM: Altimeter [m]
# name 21 = sbeox0V: Oxygen raw, SBE 43 [V]
# name 22 = sbeox1V: Oxygen raw, SBE 43, 2 [V]
# name 23 = nbf: Bottles Fired
# name 24 = flag:  0.000e+00
# interval = seconds: 0.0416667
# start_time = Sep 12 2025 16:44:22 [NMEA time, header]
# bad_flag = -9.990e-29
*END*
[from data line 522]
     99.768   75.11016  172.21006    100.841    -1.2133    -1.2134  27.383790  27.381444    34.0904    34.0872    287.819    279.721    -0.1366     4.6569     0.1062     0.1062     0.0275     0.0195      16163    11.2236      31.55     2.1762     1.9014         11  0.000e+00
     99.818   75.11016  172.21006    100.891    -1.2136    -1.2133  27.382643  27.381217    34.0891    34.0868    287.826    279.724    -0.1366     4.6569     0.1062     0.1062     0.0275     0.0195      16164    11.2243      31.89     2.1762     1.9014         11  0.000e+00
     99.834   75.11016  172.21006    100.907    -1.2144    -1.2133  27.381918  27.380820    34.0890    34.0863    287.834    279.725    -0.1366     4.6569     0.1062     0.1062     0.0275     0.0195      16165    11.2250      31.82     2.1762     1.9014         11  0.000e+00
     99.834   75.11016  172.21006    100.907    -1.2145    -1.2134  27.381616  27.380933    34.0888    34.0866    287.836    279.973    -0.1366     4.6569     0.1062     0.1062     0.0275     0.0195      16166    11.2257      31.43     2.1762     1.9026         11  0.000e+00
     99.637   75.11016  172.21006    100.708    -1.2148    -1.2134  27.381736  27.380990    34.0894    34.0867    287.829    279.965    -0.1366     4.6569     0.1062     0.1062     0.0275     0.0195      16167    11.2264      31.26     2.1762     1.9026         11  0.000e+00
     99.892   75.11016  172.21006    100.965    -1.2148    -1.2134  27.381375  27.381047    34.0888    34.0867    287.841    279.975    -0.1366     4.6569     0.1062     0.1062     0.0275     0.0195      16168    11.2271      31.11     2.1762     1.9026         11  0.000e+00
     99.711   75.11016  172.21006    100.783    -1.2148    -1.2136  27.380891  27.381217    34.0882    34.0872    287.835    279.474    -0.1366     4.6569     0.1062     0.1062     0.0275     0.0195      16169    11.2278      30.70     2.1762     1.9002         11  0.000e+00
     99.957   75.11016  172.21006    101.032    -1.2148    -1.2136  27.380348  27.381274    34.0873    34.0872    287.638    279.236    -0.1366     4.6569     0.1074     0.1074     0.0275     0.0195      16170    11.2285      30.87     2.1749     1.8989         11  0.000e+00
     99.760   75.11016  172.21006    100.833    -1.2153    -1.2138  27.379442  27.381274    34.0867    34.0875    287.636    278.983    -0.1061     4.6569     0.1074     0.1074     0.0275     0.0208      16171    11.2292      30.40     2.1749     1.8977         11  0.000e+00
     99.768   75.11016  172.21006    100.841    -1.2161    -1.2134  27.378777  27.381444    34.0867    34.0873    287.852    278.733    -0.1366     4.6569     0.1074     0.1074     0.0275     0.0195      16172    11.2299      30.50     2.1762     1.8965         11  0.000e+00
     99.768   75.11016  172.21006    100.841    -1.2157    -1.2136  27.378053  27.381388    34.0853    34.0874    287.852    278.487    -0.1061     4.6581     0.1074     0.1074     0.0264     0.0208      16173    11.2306      30.55     2.1762     1.8953         11  0.000e+00
     99.883   75.11016  172.21006    100.957    -1.2161    -1.2135  27.378053  27.381672    34.0856    34.0876    287.858    278.490    -0.1366     4.6569     0.1074     0.1074     0.0275     0.0195      16174    11.2312      30.62     2.1762     1.8953         11  0.000e+00
     99.768   75.11016  172.21006    100.841    -1.2158    -1.2133  27.379079  27.381785    34.0868    34.0876    287.849    278.484    -0.1366     4.6569     0.1074     0.1074     0.0275     0.0195      16175    11.2319      30.82     2.1762     1.8953         11  0.000e+00
     99.892   75.11016  172.21006    100.965    -1.2156    -1.2128  27.378838  27.381956    34.0862    34.0873    287.854    278.486    -0.1366     4.6569     0.1074     0.1074     0.0275     0.0195      16176    11.2326      30.74     2.1762     1.8953         11  0.000e+00
     99.818   75.11016  172.21006    100.891    -1.2156    -1.2131  27.378476  27.382069    34.0857    34.0878    287.852    278.484    -0.1366     4.6581     0.1074     0.1074     0.0264     0.0195      16177    11.2333      30.79     2.1762     1.8953         11  0.000e+00
     99.768   75.11016  172.21006    100.841    -1.2158    -1.2132  27.377992  27.381558    34.0853    34.0872    287.853    278.484    -0.1366     4.6569     0.1074     0.1074     0.0275     0.0195      16178    11.2340      31.04     2.1762     1.8953         11  0.000e+00
     99.892   75.11016  172.21006    100.965    -1.2161    -1.2136  27.378234  27.381047    34.0859    34.0869    287.858    278.493    -0.1366     4.6569     0.1074     0.1074     0.0275     0.0195      16179    11.2347      31.40     2.1762     1.8953         11  0.000e+00
     99.834   75.11018  172.21008    100.907    -1.2130    -1.2130  27.384938  27.383149    34.0916    34.0891    287.608    279.717    -0.0755     4.6569     0.1050     0.1050     0.0275     0.0220      16288    11.3104      30.70     2.1749     1.9014         12  0.000e+00
     99.768   75.11018  172.21008    100.841    -1.2132    -1.2134  27.385119  27.382921    34.0921    34.0893    287.397    279.717    -0.0755     4.6569     0.1062     0.1062     0.0275     0.0220      16289    11.3111      30.77     2.1737     1.9014         12  0.000e+00
     99.637   75.11018  172.21008    100.708    -1.2130    -1.2133  27.384997  27.383035    34.0918    34.0894    287.391    279.959    -0.1061     4.6569     0.1062     0.1062     0.0275     0.0208      16290    11.3118      30.82     2.1737     1.9026         12  0.000e+00
     99.834   75.11018  172.21008    100.907    -1.2133    -1.2134  27.384938  27.382922    34.0919    34.0893    287.610    279.967    -0.0755     4.6569     0.1062     0.1062     0.0275     0.0220      16291    11.3125      30.82     2.1749     1.9026         12  0.000e+00
     99.653   75.11018  172.21008    100.725    -1.2131    -1.2133  27.384937  27.383035    34.0918    34.0894    287.393    279.712    -0.0755     4.6581     0.1062     0.1062     0.0264     0.0220      16292    11.3132      31.18     2.1737     1.9014         12  0.000e+00
     99.695   75.11018  172.21008    100.766    -1.2133    -1.2134  27.384937  27.383092    34.0920    34.0896    287.395    279.714    -0.1061     4.6569     0.1062     0.1062     0.0275     0.0208      16293    11.3139      31.26     2.1737     1.9014         12  0.000e+00
     99.768   75.11018  172.21008    100.841    -1.2131    -1.2134  27.384937  27.382921    34.0918    34.0893    287.397    279.965    -0.0755     4.6569     0.1062     0.1062     0.0275     0.0220      16294    11.3146      31.23     2.1737     1.9026         12  0.000e+00
     99.834   75.11018  172.21008    100.907    -1.2132    -1.2131  27.384938  27.383262    34.0918    34.0894    287.609    279.965    -0.0755     4.6569     0.1062     0.1062     0.0275     0.0220      16295    11.3153      31.06     2.1749     1.9026         12  0.000e+00
     99.694   75.11018  172.21008    100.766    -1.2134    -1.2131  27.385118  27.383546    34.0924    34.0899    287.396    280.206    -0.0755     4.6569     0.1050     0.1050     0.0275     0.0220      16296    11.3160      30.74     2.1737     1.9038         12  0.000e+00
     99.711   75.11018  172.21008    100.783    -1.2131    -1.2131  27.384998  27.383603    34.0919    34.0899    287.604    280.453    -0.0755     4.6569     0.1050     0.1050     0.0275     0.0220      16297    11.3167      30.79     2.1749     1.9051         12  0.000e+00
     99.711   75.11018  172.21008    100.783    -1.2134    -1.2130  27.384333  27.384001    34.0913    34.0904    287.607    280.451    -0.0755     4.6569     0.1062     0.1062     0.0275     0.0220      16298    11.3174      30.74     2.1749     1.9051         12  0.000e+00
     99.760   75.11018  172.21008    100.833    -1.2134    -1.2128  27.384333  27.384001    34.0913    34.0901    287.401    280.452    -0.0755     4.6569     0.1062     0.1062     0.0275     0.0220      16299    11.3181      30.57     2.1737     1.9051         12  0.000e+00
     99.711   75.11018  172.21008    100.783    -1.2139    -1.2129  27.384031  27.383660    34.0914    34.0898    287.611    280.452    -0.1061     4.6569     0.1062     0.1062     0.0275     0.0208      16300    11.3187      30.40     2.1749     1.9051         12  0.000e+00
     99.834   75.11018  172.21008    100.907    -1.2137    -1.2131  27.384092  27.383603    34.0913    34.0899    287.406    280.458    -0.0755     4.6569     0.1050     0.1050     0.0275     0.0220      16301    11.3194      30.55     2.1737     1.9051         12  0.000e+00
     99.768   75.11018  172.21008    100.841    -1.2136    -1.2130  27.384152  27.383603    34.0913    34.0898    287.403    280.702    -0.1366     4.6569     0.1062     0.1062     0.0275     0.0195      16302    11.3201      30.43     2.1737     1.9063         12  0.000e+00
     99.637   75.11018  172.21008    100.708    -1.2137    -1.2128  27.383971  27.383432    34.0912    34.0894    287.399    280.696    -0.1366     4.6569     0.1062     0.1062     0.0275     0.0195      16303    11.3208      30.50     2.1737     1.9063         12  0.000e+00
     99.711   75.11018  172.21008    100.783    -1.2134    -1.2131  27.384092  27.383432    34.0910    34.0897    287.608    280.701    -0.1366     4.6569     0.1062     0.1062     0.0275     0.0195      16304    11.3215      30.65     2.1749     1.9063         12  0.000e+00
     99.834   75.11018  172.21008    100.907    -1.2136    -1.2131  27.384152  27.383376    34.0912    34.0896    287.405    280.953    -0.1366     4.6569     0.1062     0.1062     0.0275     0.0195      16305    11.3222      30.67     2.1737     1.9075         12  0.000e+00
     99.694   75.11018  172.21008    100.766    -1.2136    -1.2133  27.384152  27.383546    34.0912    34.0901    287.399    280.701    -0.1061     4.6569     0.1062     0.1062     0.0275     0.0208      16306    11.3229      31.01     2.1737     1.9063         12  0.000e+00
     99.834   75.11018  172.21008    100.907    -1.2138    -1.2132  27.384152  27.383035    34.0914    34.0892    287.615    280.460    -0.1366     4.6569     0.1062     0.1062     0.0275     0.0195      16307    11.3236      31.21     2.1749     1.9051         12  0.000e+00
     99.768   75.11018  172.21008    100.841    -1.2138    -1.2131  27.384334  27.382865    34.0917    34.0889    287.403    280.458    -0.1061     4.6569     0.1062     0.1062     0.0275     0.0208      16308    11.3243      30.82     2.1737     1.9051         12  0.000e+00
     99.637   75.11018  172.21008    100.708    -1.2138    -1.2134  27.384212  27.382864    34.0917    34.0893    287.399    280.207    -0.1366     4.6569     0.1050     0.1050     0.0275     0.0195      16309    11.3250      30.33     2.1737     1.9038         12  0.000e+00
     99.768   75.11018  172.21008    100.841    -1.2134    -1.2136  27.384333  27.382865    34.0913    34.0895    287.401    280.213    -0.1366     4.6569     0.1062     0.1062     0.0275     0.0195      16310    11.3257      30.21     2.1737     1.9038         12  0.000e+00
     99.711   75.11018  172.21008    100.783    -1.2133    -1.2135  27.384575  27.383035    34.0915    34.0896    287.397    280.210    -0.1366     4.6569     0.1062     0.1062     0.0275     0.0195      16311    11.3264      30.31     2.1737     1.9038         12  0.000e+00
     99.760   75.11018  172.21008    100.832    -1.2134    -1.2136  27.385058  27.383092    34.0922    34.0898    287.398    280.212    -0.1366     4.6569     0.1062     0.1062     0.0275     0.0195      16312    11.3271      30.35     2.1737     1.9038         12  0.000e+00
     99.834   75.11018  172.21008    100.907    -1.2133    -1.2133  27.385179  27.383262    34.0922    34.0896    287.400    280.460    -0.1366     4.6569     0.1062     0.1062     0.0275     0.0195      16313    11.3278      30.23     2.1737     1.9051         12  0.000e+00
     99.768   75.11018  172.21008    100.841    -1.2131    -1.2136  27.385179  27.382865    34.0921    34.0895    287.396    280.461    -0.1366     4.6569     0.1062     0.1062     0.0275     0.0195      16314    11.3285      30.23     2.1737     1.9051         12  0.000e+00
     99.711   75.11018  172.21008    100.783    -1.2133    -1.2134  27.385179  27.382978    34.0923    34.0894    287.395    280.704    -0.1366     4.6569     0.1062     0.1062     0.0275     0.0195      16315    11.3292      30.21     2.1737     1.9063         12  0.000e+00
     99.760   75.11018  172.21008    100.832    -1.2130    -1.2134  27.384998  27.382921    34.0917    34.0893    287.605    280.953    -0.1366     4.6557     0.1062     0.1062     0.0285     0.0195      16316    11.3299      30.21     2.1749     1.9075         12  0.000e+00
     99.768   75.11018  172.21008    100.841    -1.2131    -1.2133  27.384937  27.382637    34.0918    34.0888    287.397    280.954    -0.1366     4.6569     0.1062     0.1062     0.0275     0.0195      16317    11.3306      30.18     2.1737     1.9075         12  0.000e+00
     99.711   75.11018  172.21008    100.783    -1.2131    -1.2131  27.385118  27.382751    34.0920    34.0887    287.394    280.703    -0.1366     4.6569     0.1062     0.1062     0.0275     0.0195      16318    11.3313      30.57     2.1737     1.9063         12  0.000e+00
     99.818   75.11018  172.21008    100.891    -1.2133    -1.2131  27.385179  27.382865    34.0923    34.0889    287.399    280.707    -0.1366     4.6569     0.1062     0.1062     0.0275     0.0195      16319    11.3319      30.62     2.1737     1.9063         12  0.000e+00
     99.711   75.11018  172.21008    100.783    -1.2131    -1.2133  27.384998  27.383035    34.0919    34.0894    287.395    280.950    -0.1366     4.6569     0.1062     0.1062     0.0275     0.0195      16320    11.3326      30.13     2.1737     1.9075         12  0.000e+00
     99.892   75.11018  172.21008    100.965    -1.2133    -1.2130  27.384938  27.383433    34.0919    34.0895    287.612    280.954    -0.1366     4.6569     0.1062     0.1062     0.0275     0.0195      16321    11.3333      30.28     2.1749     1.9075         12  0.000e+00
     99.637   75.11018  172.21008    100.708    -1.2131    -1.2132  27.384937  27.383432    34.0918    34.0898    287.392    280.946    -0.1366     4.6569     0.1062     0.1062     0.0275     0.0195      16322    11.3340      30.57     2.1737     1.9075         12  0.000e+00
     99.834   75.11018  172.21008    100.907    -1.2131    -1.2131  27.385119  27.383717    34.0920    34.0900    287.608    280.211    -0.1366     4.6569     0.1062     0.1062     0.0275     0.0195      16323    11.3347      30.40     2.1749     1.9038         12  0.000e+00
     99.711   75.11018  172.21008    100.783    -1.2133    -1.2131  27.384998  27.383546    34.0921    34.0899    287.396    279.959    -0.1366     4.6569     0.1062     0.1062     0.0275     0.0195      16324    11.3354      30.45     2.1737     1.9026         12  0.000e+00
     99.818   75.11018  172.21008    100.891    -1.2134    -1.2130  27.384938  27.383774    34.0921    34.0900    287.610    279.715    -0.1366     4.6557     0.1062     0.1062     0.0285     0.0195      16325    11.3361      30.62     2.1749     1.9014         12  0.000e+00
     99.892   75.11018  172.21008    100.965    -1.2132    -1.2128  27.384938  27.384228    34.0918    34.0903    287.403    279.468    -0.1366     4.6569     0.1062     0.1062     0.0275     0.0195      16326    11.3368      31.09     2.1737     1.9002         12  0.000e+00
     99.768   75.11018  172.21008    100.841    -1.2133    -1.2127  27.384937  27.384001    34.0920    34.0900    287.398    279.463    -0.1366     4.6569     0.1062     0.1062     0.0275     0.0195      16327    11.3375      31.31     2.1737     1.9002         12  0.000e+00
