Continuous CTD Data/01_SBE Stage/nabos_17_01avg.cnv
* Sea-Bird SBE 9 Data File:
* FileName = D:\CTD\data\HLY2502\raw\NABOS_17_01.hex
* Software Version Seasave V 7.26.7.110
* Temperature SN = 6954
* Conductivity SN = 2561
* Number of Bytes Per Scan = 37
* Number of Voltage Words = 4
* Number of Scans Averaged by the Deck Unit = 1
* NMEA Latitude = 77 28.99 N
* NMEA Longitude = 178 18.03 E
* NMEA UTC (Time) = Sep 17 2025  11:26:45
* NMEA baud rate = 9600
** Ship: USCG HEALY
** Bot. Depth:  1260
** Cast Number:  01
** Station Name:  NABOS
** Station Number:  17
** Operator:  STARC
# nquan = 25
# nvalues = 1214                        
# units = specified
# name 0 = depSM: Depth [salt water, m]
# name 1 = latitude: Latitude [deg]
# name 2 = longitude: Longitude [deg]
# name 3 = prDM: Pressure, Digiquartz [db]
# name 4 = t090C: Temperature [ITS-90, deg C]
# name 5 = t190C: Temperature, 2 [ITS-90, deg C]
# name 6 = c0mS/cm: Conductivity [mS/cm]
# name 7 = c1mS/cm: Conductivity, 2 [mS/cm]
# name 8 = sal00: Salinity, Practical [PSU]
# name 9 = sal11: Salinity, Practical, 2 [PSU]
# name 10 = sbox0Mm/Kg: Oxygen, SBE 43 [umol/kg]
# name 11 = sbox1Mm/Kg: Oxygen, SBE 43, 2 [umol/kg]
# name 12 = flECO-AFL: Fluorescence, WET Labs ECO-AFL/FL [mg/m^3]
# name 13 = v2: Voltage 2
# name 14 = wetCDOM: Fluorescence, WET Labs CDOM [mg/m^3]
# name 15 = v6: Voltage 6
# name 16 = CStarAt0: Beam Attenuation, WET Labs C-Star [1/m]
# name 17 = v3: Voltage 3
# name 18 = scan: Scan Count
# name 19 = timeM: Time, Elapsed [minutes]
# name 20 = altM: Altimeter [m]
# name 21 = sbeox0V: Oxygen raw, SBE 43 [V]
# name 22 = sbeox1V: Oxygen raw, SBE 43, 2 [V]
# name 23 = nbin: number of scans per bin
# name 24 = flag: flag
# span 0 =      2.968,   1199.733       
# span 1 =   77.48349,   77.48671       
# span 2 =  178.30118,  178.30651       
# span 3 =      3.000,   1216.000       
# span 4 =    -1.7129,     0.9176       
# span 5 =    -1.7123,     0.9176       
# span 6 =  23.614876,  29.817650       
# span 7 =  23.614865,  29.815873       
# span 8 =    29.3744,    34.8799       
# span 9 =    29.3726,    34.8777       
# span 10 =    282.723,    373.164      
# span 11 =    266.258,    371.243      
# span 12 =    -0.1863,     0.4863      
# span 13 =     4.6039,     4.6743      
# span 14 =     0.0802,     0.1213      
# span 15 =     0.0802,     0.1213      
# span 16 =     0.0125,     0.0733      
# span 17 =     0.0175,     0.0445      
# span 18 =       3862,      40088      
# span 19 =     2.6812,    27.8380      
# span 20 =      81.99,     100.00      
# span 21 =     1.9729,     2.6190      
# span 22 =     1.7179,     2.2898      
# span 23 =          5,         28      
# span 24 = 0.0000e+00, 0.0000e+00      
# interval = decibars: 1                
# start_time = Sep 17 2025 11:26:45 [NMEA time, header]
# bad_flag = -9.990e-29
*END*
[from data line 348]
    347.022   77.48464  178.30318    351.000     0.7865     0.7865  29.726803  29.724976    34.8041    34.8018    295.094    289.262    -0.1714     4.6720     0.0818     0.0818     0.0145     0.0181      15593    10.8275     100.00     2.2738     1.9941         14 0.0000e+00
    348.010   77.48464  178.30320    352.000     0.7832     0.7831  29.724419  29.722575    34.8041    34.8018    295.162    280.984    -0.1518     4.6722     0.0815     0.0815     0.0143     0.0189      15618    10.8449     100.00     2.2738     1.9516         18 0.0000e+00
    348.998   77.48464  178.30320    353.000     0.7769     0.7768  29.719343  29.717471    34.8040    34.8017    295.325    296.438    -0.1354     4.6725     0.0806     0.0806     0.0141     0.0196      15642    10.8620     100.00     2.2742     2.0300         16 0.0000e+00
    349.986   77.48464  178.30320    354.000     0.7723     0.7724  29.716047  29.714256    34.8042    34.8018    295.393    294.014    -0.1647     4.6728     0.0806     0.0806     0.0138     0.0184      15667    10.8793     100.00     2.2742     2.0172         16 0.0000e+00
    350.974   77.48464  178.30320    355.000     0.7688     0.7688  29.713428  29.711547    34.8042    34.8018    295.215    292.565    -0.1671     4.6722     0.0806     0.0806     0.0143     0.0183      15692    10.8968     100.00     2.2727     2.0095         19 0.0000e+00
    351.961   77.48464  178.30320    356.000     0.7670     0.7670  29.712334  29.710487    34.8042    34.8019    295.287    291.892    -0.1366     4.6720     0.0834     0.0834     0.0146     0.0195      15717    10.9140     100.00     2.2728     2.0058         17 0.0000e+00
    352.949   77.48466  178.30322    357.000     0.7618     0.7618  29.708457  29.706722    34.8045    34.8022    295.562    290.486    -0.1366     4.6723     0.0839     0.0839     0.0143     0.0195      15742    10.9313     100.00     2.2740     1.9982         20 0.0000e+00
    353.937   77.48466  178.30322    358.000     0.7606     0.7606  29.708009  29.706226    34.8045    34.8022    295.765    287.625    -0.1294     4.6725     0.0840     0.0840     0.0141     0.0198      15767    10.9486     100.00     2.2749     1.9834         21 0.0000e+00
    354.925   77.48466  178.30322    359.000     0.7585     0.7586  29.706777  29.705035    34.8047    34.8024    295.945    292.783    -0.1334     4.6728     0.0838     0.0838     0.0138     0.0196      15792    10.9658     100.00     2.2756     2.0094         19 0.0000e+00
    355.913   77.48466  178.30323    360.000     0.7580     0.7580  29.706833  29.705040    34.8048    34.8024    296.020    292.858    -0.1365     4.6727     0.0834     0.0834     0.0139     0.0195      15817    10.9830     100.00     2.2758     2.0095         19 0.0000e+00
    356.900   77.48466  178.30324    361.000     0.7595     0.7596  29.709148  29.707307    34.8056    34.8031    295.902    295.541    -0.1543     4.6728     0.0818     0.0818     0.0138     0.0188      15841    11.0002     100.00     2.2750     2.0231         18 0.0000e+00
    357.888   77.48466  178.30324    362.000     0.7596     0.7597  29.710125  29.708360    34.8061    34.8037    295.913    288.887    -0.1682     4.6725     0.0809     0.0809     0.0141     0.0183      15866    11.0174     100.00     2.2748     1.9890         16 0.0000e+00
    358.876   77.48466  178.30324    363.000     0.7592     0.7592  29.710495  29.708741    34.8064    34.8042    295.873    288.457    -0.1687     4.6725     0.0817     0.0817     0.0140     0.0182      15891    11.0347     100.00     2.2743     1.9866         19 0.0000e+00
    359.864   77.48466  178.30324    364.000     0.7590     0.7590  29.711000  29.709244    34.8067    34.8044    295.928    293.582    -0.1411     4.6723     0.0828     0.0828     0.0143     0.0193      15916    11.0517     100.00     2.2744     2.0125         14 0.0000e+00
    360.851   77.48466  178.30325    365.000     0.7604     0.7606  29.713079  29.711373    34.8072    34.8049    295.882    291.481    -0.1698     4.6717     0.0829     0.0829     0.0148     0.0182      15941    11.0692     100.00     2.2740     2.0017         19 0.0000e+00
    361.839   77.48467  178.30326    366.000     0.7616     0.7617  29.715317  29.713619    34.8083    34.8060    295.752    283.426    -0.1672     4.6721     0.0828     0.0828     0.0145     0.0183      15966    11.0865     100.00     2.2731     1.9606         20 0.0000e+00
    362.827   77.48468  178.30326    367.000     0.7634     0.7634  29.717852  29.715974    34.8090    34.8065    295.582    299.685    -0.1431     4.6725     0.0828     0.0828     0.0141     0.0192      15990    11.1035     100.00     2.2719     2.0432         16 0.0000e+00
    363.815   77.48468  178.30326    368.000     0.7640     0.7641  29.719046  29.717319    34.8092    34.8069    295.571    297.896    -0.1531     4.6720     0.0834     0.0834     0.0145     0.0189      16015    11.1208     100.00     2.2716     2.0339         18 0.0000e+00
    364.802   77.48468  178.30327    369.000     0.7602     0.7605  29.716053  29.714597    34.8090    34.8068    295.388    293.990    -0.1337     4.6719     0.0832     0.0832     0.0146     0.0196      16040    11.1380     100.00     2.2701     2.0137         18 0.0000e+00
    365.790   77.48468  178.30328    370.000     0.7544     0.7546  29.711760  29.710069    34.8094    34.8070    295.218    292.097    -0.1347     4.6727     0.0828     0.0828     0.0139     0.0196      16064    11.1551     100.00     2.2685     2.0036         16 0.0000e+00
    366.778   77.48468  178.30328    371.000     0.7499     0.7497  29.708286  29.706281    34.8093    34.8069    295.073    290.986    -0.1334     4.6726     0.0821     0.0821     0.0140     0.0196      16089    11.1725     100.00     2.2672     1.9976         19 0.0000e+00
    367.766   77.48468  178.30328    372.000     0.7502     0.7501  29.709240  29.707353    34.8097    34.8073    294.992    292.200    -0.1568     4.6727     0.0817     0.0817     0.0139     0.0187      16114    11.1898     100.00     2.2665     2.0035         19 0.0000e+00
    368.753   77.48468  178.30328    373.000     0.7510     0.7510  29.710631  29.708733    34.8099    34.8075    294.870    290.911    -0.1456     4.6723     0.0822     0.0822     0.0143     0.0191      16139    11.2069     100.00     2.2656     1.9969         17 0.0000e+00
    369.741   77.48469  178.30329    374.000     0.7514     0.7516  29.712178  29.710544    34.8109    34.8086    294.837    290.736    -0.1614     4.6725     0.0841     0.0841     0.0141     0.0185      16164    11.2242     100.00     2.2652     1.9958         20 0.0000e+00
    370.729   77.48470  178.30330    375.000     0.7554     0.7554  29.716465  29.714641    34.8114    34.8090    294.688    291.347    -0.1379     4.6727     0.0840     0.0840     0.0139     0.0195      16189    11.2414     100.00     2.2642     1.9989         14 0.0000e+00
    371.717   77.48470  178.30330    376.000     0.7534     0.7533  29.715208  29.713297    34.8115    34.8091    294.418    292.893    -0.1366     4.6716     0.0830     0.0830     0.0149     0.0195      16213    11.2587     100.00     2.2623     2.0064         19 0.0000e+00
    372.704   77.48470  178.30330    377.000     0.7497     0.7496  29.712556  29.710652    34.8115    34.8092    294.398    291.782    -0.1654     4.6723     0.0829     0.0829     0.0143     0.0184      16238    11.2759     100.00     2.2618     2.0004         16 0.0000e+00
    373.692   77.48470  178.30330    378.000     0.7478     0.7478  29.711334  29.709514    34.8115    34.8091    294.593    290.550    -0.1351     4.6726     0.0830     0.0830     0.0139     0.0196      16263    11.2930     100.00     2.2626     1.9939         16 0.0000e+00
    374.680   77.48470  178.30332    379.000     0.7450     0.7450  29.709315  29.707467    34.8114    34.8091    294.773    290.734    -0.1329     4.6727     0.0820     0.0820     0.0139     0.0197      16288    11.3104     100.00     2.2633     1.9946         17 0.0000e+00
    375.667   77.48470  178.30332    380.000     0.7380     0.7373  29.703445  29.700932    34.8110    34.8086    295.009    290.417    -0.1436     4.6727     0.0824     0.0824     0.0139     0.0192      16313    11.3276     100.00     2.2641     1.9924         15 0.0000e+00
    376.655   77.48470  178.30332    381.000     0.7275     0.7274  29.694539  29.692646    34.8107    34.8083    295.042    290.867    -0.1531     4.6728     0.0823     0.0823     0.0138     0.0188      16338    11.3448     100.00     2.2635     1.9941         17 0.0000e+00
    377.643   77.48472  178.30332    382.000     0.7204     0.7203  29.688682  29.686710    34.8105    34.8080    294.942    290.800    -0.1518     4.6728     0.0821     0.0821     0.0138     0.0189      16362    11.3619     100.00     2.2624     1.9932         14 0.0000e+00
    378.630   77.48472  178.30334    383.000     0.7141     0.7142  29.683468  29.681700    34.8102    34.8078    294.750    290.218    -0.1731     4.6727     0.0827     0.0827     0.0139     0.0181      16387    11.3792     100.00     2.2607     1.9898         15 0.0000e+00
    379.618   77.48472  178.30334    384.000     0.7091     0.7091  29.679432  29.677684    34.8099    34.8077    294.739    291.262    -0.1709     4.6719     0.0819     0.0819     0.0146     0.0182      16412    11.3965     100.00     2.2601     1.9947         16 0.0000e+00
    380.606   77.48472  178.30334    385.000     0.7072     0.7073  29.678263  29.676508    34.8100    34.8075    294.661    290.005    -0.1414     4.6733     0.0830     0.0830     0.0134     0.0193      16437    11.4136     100.00     2.2592     1.9881         14 0.0000e+00
    381.593   77.48472  178.30334    386.000     0.7052     0.7052  29.676911  29.675014    34.8098    34.8073    294.844    291.121    -0.1366     4.6727     0.0818     0.0818     0.0139     0.0195      16462    11.4310     100.00     2.2601     1.9934         17 0.0000e+00
    382.581   77.48472  178.30334    387.000     0.7024     0.7027  29.674772  29.673201    34.8096    34.8072    295.090    289.357    -0.1409     4.6724     0.0838     0.0838     0.0142     0.0193      16486    11.4480     100.00     2.2612     1.9842         14 0.0000e+00
    383.569   77.48472  178.30336    388.000     0.6997     0.6995  29.672787  29.670779    34.8094    34.8071    295.082    291.267    -0.1679     4.6725     0.0830     0.0830     0.0140     0.0183      16511    11.4654     100.00     2.2608     1.9936         14 0.0000e+00
    384.556   77.48472  178.30336    389.000     0.6964     0.6964  29.670417  29.668504    34.8095    34.8070    295.205    290.916    -0.1330     4.6729     0.0819     0.0819     0.0137     0.0197      16536    11.4824     100.00     2.2611     1.9914         12 0.0000e+00
    385.544   77.48472  178.30336    390.000     0.6930     0.6930  29.667836  29.665916    34.8093    34.8068    295.156    292.024    -0.1343     4.6732     0.0823     0.0823     0.0135     0.0196      16560    11.4997     100.00     2.2604     1.9967         13 0.0000e+00
    386.532   77.48474  178.30336    391.000     0.6885     0.6885  29.664360  29.662358    34.8094    34.8068    295.138    292.704    -0.1543     4.6729     0.0830     0.0830     0.0137     0.0188      16586    11.5171     100.00     2.2598     1.9998         16 0.0000e+00
    387.519   77.48474  178.30337    392.000     0.6805     0.6803  29.657678  29.655629    34.8090    34.8066    295.130    290.670    -0.1485     4.6729     0.0829     0.0829     0.0137     0.0190      16610    11.5341     100.00     2.2591     1.9889         13 0.0000e+00
    388.507   77.48474  178.30338    393.000     0.6774     0.6775  29.655419  29.653486    34.8089    34.8063    295.035    283.971    -0.1325     4.6729     0.0829     0.0829     0.0137     0.0197      16635    11.5514     100.00     2.2581     1.9547         14 0.0000e+00
    389.495   77.48474  178.30338    394.000     0.6777     0.6779  29.655850  29.654233    34.8086    34.8063    294.920    284.493    -0.1703     4.6732     0.0828     0.0828     0.0134     0.0182      16660    11.5686     100.00     2.2572     1.9572         13 0.0000e+00
    390.482   77.48474  178.30338    395.000     0.6785     0.6784  29.656955  29.655102    34.8085    34.8063    295.052    289.440    -0.1709     4.6729     0.0831     0.0831     0.0137     0.0181      16685    11.5860     100.00     2.2578     1.9820         16 0.0000e+00
    391.470   77.48474  178.30338    396.000     0.6859     0.6863  29.664929  29.663548    34.8100    34.8078    295.302    286.909    -0.1356     4.6728     0.0837     0.0837     0.0138     0.0196      16710    11.6033     100.00     2.2595     1.9694         15 0.0000e+00
    392.458   77.48474  178.30339    397.000     0.6890     0.6889  29.668461  29.666516    34.8105    34.8081    295.528    294.956    -0.1741     4.6728     0.0802     0.0802     0.0138     0.0180      16734    11.6205     100.00     2.2608     2.0100         15 0.0000e+00
    393.445   77.48475  178.30340    398.000     0.6856     0.6855  29.666198  29.664142    34.8108    34.8082    295.613    289.864    -0.1599     4.6722     0.0829     0.0829     0.0143     0.0186      16759    11.6375     100.00     2.2609     1.9840         13 0.0000e+00
    394.433   77.48476  178.30340    399.000     0.6844     0.6845  29.665725  29.663906    34.8110    34.8085    295.676    287.188    -0.1512     4.6730     0.0829     0.0829     0.0136     0.0189      16784    11.6548     100.00     2.2610     1.9702         13 0.0000e+00
    395.420   77.48476  178.30340    400.000     0.6830     0.6831  29.665137  29.663426    34.8111    34.8089    295.810    289.563    -0.1540     4.6729     0.0827     0.0827     0.0137     0.0188      16809    11.6720     100.00     2.2615     1.9819         14 0.0000e+00
    396.408   77.48476  178.30340    401.000     0.6815     0.6815  29.664865  29.663192    34.8119    34.8097    295.784    285.263    -0.1366     4.6732     0.0822     0.0822     0.0135     0.0195      16834    11.6894     100.00     2.2610     1.9600         15 0.0000e+00
    397.395   77.48476  178.30342    402.000     0.6820     0.6820  29.666207  29.664407    34.8125    34.8102    295.882    285.561    -0.1616     4.6728     0.0817     0.0817     0.0138     0.0185      16858    11.7066     100.00     2.2614     1.9613         15 0.0000e+00
    398.383   77.48476  178.30342    403.000     0.6818     0.6818  29.666627  29.664737    34.8127    34.8102    295.837    293.291    -0.1490     4.6729     0.0823     0.0823     0.0137     0.0190      16883    11.7239     100.00     2.2609     2.0002         17 0.0000e+00
    399.371   77.48476  178.30342    404.000     0.6786     0.6785  29.664173  29.662278    34.8126    34.8102    295.573    300.685    -0.1629     4.6728     0.0828     0.0828     0.0138     0.0185      16908    11.7411     100.00     2.2589     2.0372         15 0.0000e+00
    400.358   77.48476  178.30342    405.000     0.6748     0.6748  29.661423  29.659472    34.8126    34.8101    295.380    295.055    -0.1650     4.6728     0.0830     0.0830     0.0138     0.0184      16933    11.7582     100.00     2.2574     2.0084         14 0.0000e+00
    401.346   77.48476  178.30342    406.000     0.6719     0.6718  29.659227  29.657277    34.8125    34.8100    295.411    289.852    -0.1286     4.6728     0.0830     0.0830     0.0138     0.0198      16958    11.7757     100.00     2.2572     1.9818         18 0.0000e+00
    402.333   77.48478  178.30342    407.000     0.6690     0.6690  29.657124  29.655349    34.8123    34.8101    295.534    297.847    -0.1366     4.6731     0.0829     0.0829     0.0136     0.0195      16983    11.7930     100.00     2.2575     2.0218         18 0.0000e+00
