Continuous CTD Data/01_SBE Stage/nabos_08_01.ros
* Sea-Bird SBE 9 Data File:
* FileName = D:\CTD\data\HLY2502\raw\NABOS_08_01.hex
* Software Version Seasave V 7.26.7.110
* Temperature SN = 6954
* Conductivity SN = 2561
* Number of Bytes Per Scan = 37
* Number of Voltage Words = 4
* Number of Scans Averaged by the Deck Unit = 1
* NMEA Latitude = 76 01.68 N
* NMEA Longitude = 176 49.39 E
* NMEA UTC (Time) = Sep 14 2025  20:51:02
* NMEA baud rate = 9600
** Ship: USCG HEALY
** Bot. Depth:  554
** Cast Number:  01
** Station Name:  NABOS
** Station Number:  08
** Operator:  STARC
# nquan = 25
# nvalues = 1176                                  
# units = specified
# name 0 = depSM: Depth [salt water, m]
# name 1 = latitude: Latitude [deg]
# name 2 = longitude: Longitude [deg]
# name 3 = prDM: Pressure, Digiquartz [db]
# name 4 = t090C: Temperature [ITS-90, deg C]
# name 5 = t190C: Temperature, 2 [ITS-90, deg C]
# name 6 = c0mS/cm: Conductivity [mS/cm]
# name 7 = c1mS/cm: Conductivity, 2 [mS/cm]
# name 8 = sal00: Salinity, Practical [PSU]
# name 9 = sal11: Salinity, Practical, 2 [PSU]
# name 10 = sbox0Mm/Kg: Oxygen, SBE 43 [umol/kg]
# name 11 = sbox1Mm/Kg: Oxygen, SBE 43, 2 [umol/kg]
# name 12 = flECO-AFL: Fluorescence, WET Labs ECO-AFL/FL [mg/m^3]
# name 13 = v2: Voltage 2
# name 14 = wetCDOM: Fluorescence, WET Labs CDOM [mg/m^3]
# name 15 = v6: Voltage 6
# name 16 = CStarAt0: Beam Attenuation, WET Labs C-Star [1/m]
# name 17 = v3: Voltage 3
# name 18 = scan: Scan Count
# name 19 = timeM: Time, Elapsed [minutes]
# name 20 = altM: Altimeter [m]
# name 21 = sbeox0V: Oxygen raw, SBE 43 [V]
# name 22 = sbeox1V: Oxygen raw, SBE 43, 2 [V]
# name 23 = nbf: Bottles Fired
# name 24 = flag:  0.000e+00
# interval = seconds: 0.0416667
# start_time = Sep 14 2025 20:51:02 [NMEA time, header]
# bad_flag = -9.990e-29
*END*
[from data line 580]
     69.870   76.03186  176.80998     70.618    -1.5997    -1.5989  26.660102  26.659165    33.5497    33.5475    319.747    311.934    -0.0755     4.6557     0.1050     0.1050     0.0285     0.0220      60677    42.1361     100.00     2.3407     2.0423         12  0.000e+00
     69.935   76.03186  176.80998     70.685    -1.5998    -1.5991  26.659923  26.659053    33.5496    33.5475    319.752    311.939    -0.1061     4.6545     0.1038     0.1038     0.0296     0.0208      60678    42.1368     100.00     2.3407     2.0423         12  0.000e+00
     69.935   76.03186  176.80998     70.685    -1.6001    -1.5991  26.660042  26.659109    33.5501    33.5476    319.753    311.938    -0.1061     4.6557     0.1050     0.1050     0.0285     0.0208      60679    42.1375     100.00     2.3407     2.0423         12  0.000e+00
     69.927   76.03186  176.80998     70.676    -1.6006    -1.5989  26.659743  26.659334    33.5503    33.5477    319.757    311.936    -0.0755     4.6545     0.1038     0.1038     0.0296     0.0220      60680    42.1382     100.00     2.3407     2.0423         12  0.000e+00
     69.870   76.03186  176.80998     70.618    -1.6006    -1.5991  26.659803  26.659278    33.5504    33.5479    319.543    311.935    -0.1061     4.6557     0.1050     0.1050     0.0285     0.0208      60681    42.1389     100.00     2.3394     2.0423         12  0.000e+00
     69.935   76.03186  176.80998     70.685    -1.6004    -1.5991  26.659863  26.658997    33.5502    33.5475    319.967    311.939    -0.0755     4.6545     0.1050     0.1050     0.0296     0.0220      60682    42.1396     100.00     2.3419     2.0423         12  0.000e+00
     69.870   76.03186  176.80998     70.618    -1.6004    -1.5992  26.660401  26.659109    33.5510    33.5479    319.963    312.187    -0.0755     4.6557     0.1050     0.1050     0.0285     0.0220      60683    42.1403     100.00     2.3419     2.0435         12  0.000e+00
     70.042   76.03186  176.80998     70.793    -1.5998    -1.5991  26.661358  26.659166    33.5516    33.5476    319.751    311.943    -0.1061     4.6557     0.1050     0.1050     0.0285     0.0208      60684    42.1410     100.00     2.3407     2.0423         12  0.000e+00
     54.921   76.03192  176.80942     55.508    -1.6639    -1.6634  26.146732  26.147877    32.9201    32.9211    333.207    324.265    -0.0450     4.6508     0.1123     0.1123     0.0327     0.0232      62675    43.5236     100.00     2.4090     2.0947         13  0.000e+00
     54.897   76.03192  176.80942     55.483    -1.6643    -1.6638  26.146614  26.147486    32.9203    32.9210    333.421    324.519    -0.0450     4.6508     0.1136     0.1136     0.0327     0.0232      62676    43.5243     100.00     2.4102     2.0960         13  0.000e+00
     54.979   76.03192  176.80942     55.566    -1.6643    -1.6637  26.146317  26.147710    32.9198    32.9211    333.426    324.773    -0.0450     4.6508     0.1123     0.1123     0.0327     0.0232      62677    43.5250     100.00     2.4102     2.0972         13  0.000e+00
     54.962   76.03192  176.80942     55.549    -1.6643    -1.6637  26.145960  26.147877    32.9194    32.9214    333.426    324.771    -0.0450     4.6508     0.1123     0.1123     0.0327     0.0232      62678    43.5257     100.00     2.4102     2.0972         13  0.000e+00
     54.962   76.03192  176.80942     55.549    -1.6641    -1.6637  26.146257  26.147877    32.9196    32.9214    333.424    325.023    -0.0450     4.6508     0.1123     0.1123     0.0327     0.0232      62679    43.5264     100.00     2.4102     2.0984         13  0.000e+00
     54.921   76.03192  176.80942     55.508    -1.6644    -1.6637  26.146079  26.147877    32.9197    32.9214    333.212    325.021    -0.0450     4.6508     0.1123     0.1123     0.0327     0.0232      62680    43.5271     100.00     2.4090     2.0984         13  0.000e+00
     54.962   76.03192  176.80942     55.549    -1.6643    -1.6637  26.146317  26.147709    32.9198    32.9211    333.425    325.023    -0.0450     4.6508     0.1123     0.1123     0.0327     0.0232      62681    43.5278     100.00     2.4102     2.0984         13  0.000e+00
     54.921   76.03192  176.80942     55.508    -1.6641    -1.6637  26.146257  26.147989    32.9196    32.9215    333.422    324.769    -0.0450     4.6508     0.1123     0.1123     0.0327     0.0232      62682    43.5285     100.00     2.4102     2.0972         13  0.000e+00
     54.962   76.03192  176.80942     55.549    -1.6641    -1.6637  26.146376  26.147765    32.9197    32.9212    333.424    325.274    -0.0450     4.6508     0.1123     0.1123     0.0327     0.0232      62683    43.5292     100.00     2.4102     2.0996         13  0.000e+00
     54.921   76.03192  176.80942     55.508    -1.6643    -1.6637  26.146435  26.148156    32.9200    32.9218    333.210    325.271    -0.0450     4.6508     0.1123     0.1123     0.0327     0.0232      62684    43.5299     100.00     2.4090     2.0996         13  0.000e+00
     54.962   76.03192  176.80942     55.549    -1.6641    -1.6639  26.146079  26.148212    32.9193    32.9220    333.212    325.274    -0.0450     4.6508     0.1123     0.1123     0.0327     0.0232      62685    43.5306     100.00     2.4090     2.0996         13  0.000e+00
     54.962   76.03192  176.80942     55.549    -1.6643    -1.6637  26.146317  26.148324    32.9198    32.9220    333.425    325.272    -0.0450     4.6508     0.1123     0.1123     0.0327     0.0232      62686    43.5313     100.00     2.4102     2.0996         13  0.000e+00
     54.921   76.03192  176.80942     55.508    -1.6643    -1.6637  26.146614  26.148212    32.9203    32.9219    333.422    325.271    -0.0450     4.6508     0.1123     0.1123     0.0327     0.0232      62687    43.5319     100.00     2.4102     2.0996         13  0.000e+00
     54.962   76.03192  176.80942     55.549    -1.6638    -1.6639  26.146673  26.148324    32.9198    32.9222    333.208    325.274    -0.0450     4.6508     0.1123     0.1123     0.0327     0.0232      62688    43.5326     100.00     2.4090     2.0996         13  0.000e+00
     54.979   76.03192  176.80942     55.566    -1.6641    -1.6639  26.147030  26.148380    32.9206    32.9223    333.209    325.023    -0.0450     4.6508     0.1123     0.1123     0.0327     0.0232      62689    43.5333     100.00     2.4090     2.0984         13  0.000e+00
     54.897   76.03192  176.80942     55.483    -1.6639    -1.6637  26.147920  26.148212    32.9217    32.9219    333.414    325.270    -0.0450     4.6508     0.1111     0.1111     0.0327     0.0232      62690    43.5340     100.00     2.4102     2.0996         13  0.000e+00
     54.979   76.03192  176.80942     55.566    -1.6643    -1.6637  26.147802  26.148659    32.9219    32.9224    333.208    325.272    -0.0450     4.6508     0.1099     0.1099     0.0327     0.0232      62691    43.5347     100.00     2.4090     2.0996         13  0.000e+00
     54.897   76.03192  176.80942     55.483    -1.6642    -1.6639  26.147326  26.148324    32.9212    32.9222    333.418    325.271    -0.0450     4.6508     0.1099     0.1099     0.0327     0.0232      62692    43.5354     100.00     2.4102     2.0996         13  0.000e+00
     55.077   76.03192  176.80942     55.665    -1.6641    -1.6637  26.146792  26.148492    32.9202    32.9221    333.215    325.025    -0.0450     4.6520     0.1099     0.1099     0.0317     0.0232      62693    43.5361     100.00     2.4090     2.0984         13  0.000e+00
     54.856   76.03192  176.80942     55.442    -1.6641    -1.6638  26.146495  26.148659    32.9200    32.9226    333.418    325.016    -0.0450     4.6520     0.1111     0.1111     0.0317     0.0232      62694    43.5368     100.00     2.4102     2.0984         13  0.000e+00
     54.897   76.03192  176.80942     55.483    -1.6644    -1.6639  26.146792  26.148827    32.9207    32.9229    333.421    325.017    -0.0450     4.6520     0.1099     0.1099     0.0317     0.0232      62695    43.5375     100.00     2.4102     2.0984         13  0.000e+00
     54.979   76.03192  176.80942     55.566    -1.6643    -1.6637  26.148039  26.148492    32.9222    32.9222    333.207    325.272    -0.0755     4.6520     0.1111     0.1111     0.0317     0.0220      62696    43.5382     100.00     2.4090     2.0996         13  0.000e+00
     54.962   76.03192  176.80942     55.549    -1.6639    -1.6637  26.149168  26.148547    32.9234    32.9223    333.412    325.271    -0.0450     4.6520     0.1099     0.1099     0.0317     0.0232      62697    43.5389     100.00     2.4102     2.0996         13  0.000e+00
     54.962   76.03192  176.80942     55.549    -1.6643    -1.6636  26.148752  26.148659    32.9232    32.9223    333.204    325.270    -0.0450     4.6520     0.1099     0.1099     0.0317     0.0232      62698    43.5396     100.00     2.4090     2.0996         13  0.000e+00
     54.921   76.03192  176.80942     55.508    -1.6644    -1.6636  26.147505  26.148659    32.9216    32.9223    333.207    325.268    -0.0450     4.6520     0.1099     0.1099     0.0317     0.0232      62699    43.5403     100.00     2.4090     2.0996         13  0.000e+00
     54.897   76.03192  176.80942     55.483    -1.6646    -1.6636  26.146614  26.148435    32.9206    32.9220    333.423    325.268    -0.0450     4.6520     0.1099     0.1099     0.0317     0.0232      62700    43.5410     100.00     2.4102     2.0996         13  0.000e+00
     54.979   76.03192  176.80942     55.566    -1.6647    -1.6636  26.146614  26.148547    32.9207    32.9221    333.428    325.271    -0.0450     4.6520     0.1099     0.1099     0.0317     0.0232      62701    43.5417     100.00     2.4102     2.0996         13  0.000e+00
     54.962   76.03192  176.80942     55.549    -1.6646    -1.6637  26.146673  26.148268    32.9207    32.9219    333.426    325.021    -0.0450     4.6520     0.1099     0.1099     0.0317     0.0232      62702    43.5424     100.00     2.4102     2.0984         13  0.000e+00
     54.979   76.03192  176.80940     55.566    -1.6646    -1.6636  26.146673  26.148324    32.9206    32.9218    333.426    325.021    -0.0450     4.6520     0.1099     0.1099     0.0317     0.0232      62703    43.5431     100.00     2.4102     2.0984         13  0.000e+00
     54.962   76.03192  176.80940     55.549    -1.6646    -1.6634  26.146317  26.148212    32.9202    32.9215    333.214    324.768    -0.0755     4.6520     0.1111     0.1111     0.0317     0.0220      62704    43.5438     100.00     2.4090     2.0972         13  0.000e+00
     54.897   76.03192  176.80940     55.483    -1.6643    -1.6636  26.146198  26.148324    32.9197    32.9219    333.210    324.514    -0.0755     4.6508     0.1099     0.1099     0.0327     0.0220      62705    43.5444     100.00     2.4090     2.0960         13  0.000e+00
     54.921   76.03192  176.80940     55.508    -1.6643    -1.6637  26.145960  26.148380    32.9194    32.9221    333.424    324.516    -0.0450     4.6520     0.1099     0.1099     0.0317     0.0232      62706    43.5451     100.00     2.4102     2.0960         13  0.000e+00
     54.962   76.03192  176.80940     55.549    -1.6644    -1.6637  26.146257  26.148715    32.9199    32.9225    333.213    324.768    -0.0450     4.6520     0.1099     0.1099     0.0317     0.0232      62707    43.5458     100.00     2.4090     2.0972         13  0.000e+00
     54.979   76.03192  176.80940     55.566    -1.6643    -1.6636  26.146792  26.148492    32.9205    32.9221    333.211    324.769    -0.0450     4.6508     0.1099     0.1099     0.0327     0.0232      62708    43.5465     100.00     2.4090     2.0972         13  0.000e+00
     54.962   76.03192  176.80940     55.549    -1.6641    -1.6639  26.146733  26.148380    32.9202    32.9223    333.210    324.771    -0.0450     4.6520     0.1099     0.1099     0.0317     0.0232      62709    43.5472     100.00     2.4090     2.0972         13  0.000e+00
     54.897   76.03192  176.80940     55.483    -1.6639    -1.6636  26.146673  26.148212    32.9200    32.9217    333.418    324.766    -0.0450     4.6520     0.1099     0.1099     0.0317     0.0232      62710    43.5479     100.00     2.4102     2.0972         13  0.000e+00
     54.979   76.03192  176.80940     55.566    -1.6643    -1.6636  26.146851  26.148492    32.9206    32.9221    333.211    324.769    -0.0450     4.6508     0.1099     0.1099     0.0327     0.0232      62711    43.5486     100.00     2.4090     2.0972         13  0.000e+00
     54.962   76.03192  176.80940     55.549    -1.6641    -1.6636  26.146733  26.148268    32.9202    32.9218    333.422    324.769    -0.0450     4.6508     0.1099     0.1099     0.0327     0.0232      62712    43.5493     100.00     2.4102     2.0972         13  0.000e+00
     54.921   76.03192  176.80940     55.508    -1.6639    -1.6637  26.146851  26.148156    32.9202    32.9218    333.418    324.768    -0.0450     4.6508     0.1099     0.1099     0.0327     0.0232      62713    43.5500     100.00     2.4102     2.0972         13  0.000e+00
     54.962   76.03192  176.80940     55.549    -1.6639    -1.6637  26.147505  26.148156    32.9211    32.9218    333.206    324.519    -0.0450     4.6508     0.1099     0.1099     0.0327     0.0232      62714    43.5507     100.00     2.4090     2.0960         13  0.000e+00
     54.921   76.03192  176.80940     55.508    -1.6639    -1.6637  26.148277  26.148324    32.9222    32.9220    333.413    324.516    -0.0450     4.6508     0.1099     0.1099     0.0327     0.0232      62715    43.5514     100.00     2.4102     2.0960         13  0.000e+00
     54.962   76.03192  176.80940     55.549    -1.6635    -1.6637  26.148811  26.148212    32.9224    32.9218    333.410    324.518    -0.0450     4.6508     0.1099     0.1099     0.0327     0.0232      62716    43.5521     100.00     2.4102     2.0960         13  0.000e+00
     54.962   76.03192  176.80940     55.549    -1.6638    -1.6636  26.148930  26.148324    32.9229    32.9218    333.411    324.517    -0.0450     4.6508     0.1111     0.1111     0.0327     0.0232      62717    43.5528     100.00     2.4102     2.0960         13  0.000e+00
     54.921   76.03192  176.80940     55.508    -1.6635    -1.6639  26.149702  26.147989    32.9237    32.9217    333.405    324.519    -0.0450     4.6508     0.1123     0.1123     0.0327     0.0232      62718    43.5535     100.00     2.4102     2.0960         13  0.000e+00
     54.897   76.03192  176.80940     55.483    -1.6637    -1.6636  26.150712  26.148044    32.9253    32.9215    333.401    324.767    -0.0450     4.6508     0.1123     0.1123     0.0327     0.0232      62719    43.5542     100.00     2.4102     2.0972         13  0.000e+00
     55.036   76.03192  176.80940     55.624    -1.6637    -1.6639  26.151365  26.148157    32.9261    32.9219    333.405    324.775    -0.0450     4.6508     0.1123     0.1123     0.0327     0.0232      62720    43.5549     100.00     2.4102     2.0972         13  0.000e+00
     54.897   76.03192  176.80940     55.483    -1.6635    -1.6637  26.151840  26.148156    32.9267    32.9218    333.396    325.018    -0.0450     4.6508     0.1136     0.1136     0.0327     0.0232      62721    43.5556     100.00     2.4102     2.0984         13  0.000e+00
     54.979   76.03192  176.80940     55.566    -1.6638    -1.6637  26.152137  26.147765    32.9273    32.9212    333.400    325.023    -0.0450     4.6508     0.1136     0.1136     0.0327     0.0232      62722    43.5562     100.00     2.4102     2.0984         13  0.000e+00
     54.962   76.03192  176.80940     55.549    -1.6635    -1.6637  26.152078  26.147989    32.9269    32.9215    333.185    325.022    -0.0755     4.6508     0.1123     0.1123     0.0327     0.0220      62723    43.5569     100.00     2.4090     2.0984         13  0.000e+00
