Continuous CTD Data/01_SBE Stage/nabos_14_01avg.cnv
* Sea-Bird SBE 9 Data File:
* FileName = D:\CTD\data\HLY2502\raw\NABOS_14_01.hex
* Software Version Seasave V 7.26.7.110
* Temperature SN = 6954
* Conductivity SN = 2561
* Number of Bytes Per Scan = 37
* Number of Voltage Words = 4
* Number of Scans Averaged by the Deck Unit = 1
* NMEA Latitude = 78 08.65 N
* NMEA Longitude = 172 14.25 W
* NMEA UTC (Time) = Sep 10 2025  02:59:44
* NMEA baud rate = 9600
** Ship: USCG HEALY
** Bot. Depth:  2700
** Cast Number:  01
** Station Name:  NABOS
** Station Number:  14
** Operator:  STARC
** 1200 m release test
# nquan = 25
# nvalues = 1137                        
# units = specified
# name 0 = depSM: Depth [salt water, m]
# name 1 = latitude: Latitude [deg]
# name 2 = longitude: Longitude [deg]
# name 3 = prDM: Pressure, Digiquartz [db]
# name 4 = t090C: Temperature [ITS-90, deg C]
# name 5 = t190C: Temperature, 2 [ITS-90, deg C]
# name 6 = c0mS/cm: Conductivity [mS/cm]
# name 7 = c1mS/cm: Conductivity, 2 [mS/cm]
# name 8 = sal00: Salinity, Practical [PSU]
# name 9 = sal11: Salinity, Practical, 2 [PSU]
# name 10 = sbox0Mm/Kg: Oxygen, SBE 43 [umol/kg]
# name 11 = sbox1Mm/Kg: Oxygen, SBE 43, 2 [umol/kg]
# name 12 = flECO-AFL: Fluorescence, WET Labs ECO-AFL/FL [mg/m^3]
# name 13 = v2: Voltage 2
# name 14 = wetCDOM: Fluorescence, WET Labs CDOM [mg/m^3]
# name 15 = v6: Voltage 6
# name 16 = CStarAt0: Beam Attenuation, WET Labs C-Star [1/m]
# name 17 = v3: Voltage 3
# name 18 = scan: Scan Count
# name 19 = timeM: Time, Elapsed [minutes]
# name 20 = altM: Altimeter [m]
# name 21 = sbeox0V: Oxygen raw, SBE 43 [V]
# name 22 = sbeox1V: Oxygen raw, SBE 43, 2 [V]
# name 23 = nbin: number of scans per bin
# name 24 = flag: flag
# span 0 =      2.969,   1123.941       
# span 1 =   78.14370,   78.14428       
# span 2 = -172.23608, -172.22520       
# span 3 =      3.000,   1139.000       
# span 4 =    -1.6309,     1.0079       
# span 5 =    -1.6303,     1.0079       
# span 6 =  23.219327,  29.945248       
# span 7 =  23.218618,  29.943524       
# span 8 =    28.8055,    34.8889       
# span 9 =    28.8040,    34.8868       
# span 10 =    198.834,    395.699      
# span 11 =    195.282,    384.483      
# span 12 =    -0.1856,     0.7928      
# span 13 =     4.5662,     4.6694      
# span 14 =     0.0805,     0.1098      
# span 15 =     0.0805,     0.1098      
# span 16 =     0.0167,     0.1062      
# span 17 =     0.0176,     0.0567      
# span 18 =       3491,      36017      
# span 19 =     2.4233,    25.0114      
# span 20 =      64.30,     100.02      
# span 21 =     1.6517,     2.7645      
# span 22 =     1.4807,     2.3820      
# span 23 =          6,         26      
# span 24 = 0.0000e+00, 0.0000e+00      
# interval = decibars: 1                
# start_time = Sep 10 2025 02:59:44 [NMEA time, header]
# bad_flag = -9.990e-29
*END*
[from data line 812]
    804.846   78.14374 -172.22755    815.000     0.3639     0.3640  29.620166  29.618425    34.8694    34.8671    290.879    284.607    -0.1556     4.6688     0.0830     0.0830     0.0173     0.0188      27260    18.9298     100.00     2.1251     1.8686         16 0.0000e+00
    805.832   78.14374 -172.22754    816.000     0.3620     0.3622  29.618818  29.617243    34.8693    34.8670    290.862    284.381    -0.1694     4.6687     0.0842     0.0842     0.0173     0.0182      27284    18.9466     100.00     2.1247     1.8672         13 0.0000e+00
    806.818   78.14374 -172.22753    817.000     0.3584     0.3588  29.616050  29.614627    34.8690    34.8668    290.979    284.603    -0.1759     4.6691     0.0830     0.0830     0.0170     0.0180      27309    18.9639     100.00     2.1250     1.8680         15 0.0000e+00
    807.803   78.14374 -172.22752    818.000     0.3559     0.3562  29.614272  29.612743    34.8690    34.8667    290.980    284.598    -0.1464     4.6689     0.0830     0.0830     0.0171     0.0191      27334    18.9811     100.00     2.1247     1.8677         15 0.0000e+00
    808.789   78.14374 -172.22752    819.000     0.3550     0.3552  29.613766  29.612191    34.8687    34.8665    291.032    284.061    -0.1624     4.6691     0.0839     0.0839     0.0170     0.0185      27358    18.9980     100.00     2.1247     1.8649         10 0.0000e+00
    809.775   78.14374 -172.22750    820.000     0.3506     0.3506  29.610340  29.608585    34.8686    34.8664    291.077    284.178    -0.1423     4.6691     0.0842     0.0842     0.0170     0.0193      27383    19.0156     100.00     2.1245     1.8651         17 0.0000e+00
    810.760   78.14374 -172.22750    821.000     0.3493     0.3493  29.609514  29.607840    34.8684    34.8663    291.042    284.196    -0.1721     4.6689     0.0828     0.0828     0.0172     0.0181      27408    19.0329     100.00     2.1241     1.8650         19 0.0000e+00
    811.746   78.14374 -172.22748    822.000     0.3485     0.3484  29.609232  29.607541    34.8685    34.8663    291.060    284.326    -0.1685     4.6689     0.0821     0.0821     0.0172     0.0182      27433    19.0503     100.00     2.1239     1.8654         19 0.0000e+00
    812.731   78.14374 -172.22748    823.000     0.3462     0.3463  29.607654  29.606030    34.8683    34.8662    290.976    284.575    -0.1461     4.6687     0.0834     0.0834     0.0173     0.0191      27458    19.0674     100.00     2.1231     1.8663         16 0.0000e+00
    813.717   78.14374 -172.22746    824.000     0.3465     0.3466  29.608475  29.606765    34.8685    34.8663    291.008    284.521    -0.1720     4.6686     0.0839     0.0839     0.0174     0.0181      27483    19.0847     100.00     2.1231     1.8659         18 0.0000e+00
    814.702   78.14374 -172.22746    825.000     0.3476     0.3476  29.609898  29.608194    34.8686    34.8663    290.902    284.300    -0.1478     4.6684     0.0831     0.0831     0.0176     0.0191      27508    19.1021     100.00     2.1224     1.8647         16 0.0000e+00
    815.688   78.14374 -172.22746    826.000     0.3488     0.3488  29.611722  29.610059    34.8691    34.8668    290.838    284.670    -0.1500     4.6690     0.0830     0.0830     0.0171     0.0190      27533    19.1195     100.00     2.1218     1.8663         16 0.0000e+00
    816.673   78.14374 -172.22744    827.000     0.3517     0.3518  29.615414  29.613861    34.8700    34.8679    290.795    284.693    -0.1772     4.6684     0.0842     0.0842     0.0176     0.0179      27558    19.1367     100.00     2.1215     1.8664         17 0.0000e+00
    817.659   78.14374 -172.22744    828.000     0.3567     0.3567  29.621299  29.619496    34.8716    34.8692    290.801    284.679    -0.1801     4.6688     0.0832     0.0832     0.0173     0.0178      27582    19.1537     100.00     2.1216     1.8664         14 0.0000e+00
    818.645   78.14374 -172.22744    829.000     0.3584     0.3585  29.623845  29.622349    34.8723    34.8703    290.792    284.703    -0.1470     4.6691     0.0830     0.0830     0.0170     0.0191      27607    19.1710     100.00     2.1214     1.8663         19 0.0000e+00
    819.630   78.14374 -172.22742    830.000     0.3625     0.3626  29.628518  29.626875    34.8733    34.8711    290.787    284.402    -0.1372     4.6688     0.0821     0.0821     0.0172     0.0195      27631    19.1878     100.00     2.1214     1.8649         12 0.0000e+00
    820.616   78.14374 -172.22742    831.000     0.3677     0.3678  29.634133  29.632467    34.8742    34.8720    290.665    284.299    -0.1366     4.6690     0.0825     0.0825     0.0171     0.0195      27657    19.2055     100.00     2.1208     1.8645         18 0.0000e+00
    821.601   78.14374 -172.22742    832.000     0.3679     0.3680  29.634983  29.633341    34.8745    34.8723    290.674    283.852    -0.1349     4.6690     0.0836     0.0836     0.0171     0.0196      27682    19.2229     100.00     2.1206     1.8622         19 0.0000e+00
    822.587   78.14374 -172.22740    833.000     0.3666     0.3666  29.634293  29.632649    34.8745    34.8723    290.626    284.147    -0.1495     4.6690     0.0836     0.0836     0.0171     0.0190      27706    19.2397     100.00     2.1201     1.8633         14 0.0000e+00
    823.572   78.14374 -172.22740    834.000     0.3650     0.3650  29.633280  29.631565    34.8744    34.8721    290.560    284.326    -0.1712     4.6687     0.0830     0.0830     0.0174     0.0181      27732    19.2573     100.00     2.1194     1.8640         17 0.0000e+00
    824.558   78.14374 -172.22739    835.000     0.3638     0.3638  29.632635  29.631029    34.8743    34.8722    290.636    284.542    -0.1602     4.6690     0.0830     0.0830     0.0171     0.0186      27756    19.2744     100.00     2.1196     1.8648         13 0.0000e+00
    825.543   78.14373 -172.22738    836.000     0.3620     0.3621  29.631532  29.629858    34.8744    34.8721    290.656    284.360    -0.1343     4.6689     0.0830     0.0830     0.0172     0.0196      27781    19.2920     100.00     2.1194     1.8636         16 0.0000e+00
    826.529   78.14372 -172.22738    837.000     0.3604     0.3604  29.630571  29.628877    34.8743    34.8720    290.648    284.182    -0.1535     4.6690     0.0830     0.0830     0.0171     0.0188      27806    19.3093     100.00     2.1190     1.8626         15 0.0000e+00
    827.515   78.14372 -172.22737    838.000     0.3592     0.3592  29.629973  29.628318    34.8743    34.8721    290.562    284.280    -0.1467     4.6688     0.0830     0.0830     0.0172     0.0191      27832    19.3268     100.00     2.1183     1.8628         16 0.0000e+00
    828.500   78.14372 -172.22736    839.000     0.3591     0.3591  29.630315  29.628540    34.8743    34.8720    290.552    284.526    -0.1370     4.6688     0.0830     0.0830     0.0173     0.0195      27857    19.3441     100.00     2.1180     1.8638         16 0.0000e+00
    829.485   78.14372 -172.22736    840.000     0.3565     0.3564  29.628450  29.626740    34.8742    34.8721    290.513    284.504    -0.1697     4.6686     0.0820     0.0820     0.0174     0.0182      27882    19.3616     100.00     2.1174     1.8634         18 0.0000e+00
    830.471   78.14372 -172.22735    841.000     0.3532     0.3532  29.626026  29.624250    34.8742    34.8718    290.509    284.298    -0.1688     4.6684     0.0835     0.0835     0.0176     0.0182      27906    19.3786     100.00     2.1170     1.8621         18 0.0000e+00
    831.457   78.14372 -172.22734    842.000     0.3497     0.3499  29.623386  29.621886    34.8740    34.8718    290.597    284.497    -0.1436     4.6683     0.0841     0.0841     0.0177     0.0192      27931    19.3956     100.00     2.1171     1.8628         12 0.0000e+00
    832.442   78.14372 -172.22734    843.000     0.3477     0.3476  29.621984  29.620201    34.8739    34.8717    290.583    284.261    -0.1757     4.6687     0.0836     0.0836     0.0173     0.0180      27956    19.4130     100.00     2.1167     1.8614         15 0.0000e+00
    833.427   78.14372 -172.22733    844.000     0.3460     0.3461  29.620863  29.619222    34.8738    34.8715    290.567    284.178    -0.1789     4.6689     0.0830     0.0830     0.0172     0.0178      27980    19.4300     100.00     2.1164     1.8607         13 0.0000e+00
    834.413   78.14372 -172.22732    845.000     0.3431     0.3432  29.618699  29.617068    34.8736    34.8715    290.547    284.054    -0.1570     4.6687     0.0834     0.0834     0.0173     0.0187      28005    19.4474     100.00     2.1159     1.8599         14 0.0000e+00
    835.398   78.14372 -172.22732    846.000     0.3406     0.3406  29.616902  29.615221    34.8735    34.8713    290.589    284.290    -0.1562     4.6689     0.0839     0.0839     0.0171     0.0187      28030    19.4645     100.00     2.1158     1.8607         14 0.0000e+00
    836.384   78.14372 -172.22730    847.000     0.3386     0.3386  29.615584  29.613870    34.8734    34.8712    290.690    284.643    -0.1740     4.6687     0.0831     0.0831     0.0173     0.0180      28054    19.4813     100.00     2.1161     1.8621         11 0.0000e+00
    837.369   78.14372 -172.22730    848.000     0.3371     0.3371  29.614625  29.612906    34.8734    34.8711    290.723    284.806    -0.1508     4.6690     0.0830     0.0830     0.0171     0.0189      28079    19.4986     100.00     2.1159     1.8627         12 0.0000e+00
    838.355   78.14372 -172.22730    849.000     0.3361     0.3363  29.614176  29.612504    34.8733    34.8709    290.641    284.413    -0.1357     4.6685     0.0830     0.0830     0.0175     0.0195      28104    19.5161     100.00     2.1153     1.8606         16 0.0000e+00
    839.340   78.14372 -172.22728    850.000     0.3352     0.3352  29.613650  29.611969    34.8731    34.8708    290.544    284.712    -0.1665     4.6690     0.0830     0.0830     0.0171     0.0183      28129    19.5331     100.00     2.1144     1.8618         11 0.0000e+00
    840.326   78.14372 -172.22728    851.000     0.3343     0.3343  29.613346  29.611557    34.8731    34.8707    290.605    284.198    -0.1740     4.6687     0.0830     0.0830     0.0173     0.0180      28154    19.5504     100.00     2.1145     1.8591         13 0.0000e+00
    841.311   78.14372 -172.22728    852.000     0.3329     0.3328  29.612490  29.610805    34.8730    34.8709    290.771    284.084    -0.1628     4.6688     0.0838     0.0838     0.0172     0.0185      28179    19.5678     100.00     2.1152     1.8584         13 0.0000e+00
    842.296   78.14372 -172.22726    853.000     0.3315     0.3315  29.611690  29.610017    34.8729    34.8707    290.826    284.543    -0.1381     4.6684     0.0834     0.0834     0.0176     0.0194      28203    19.5848     100.00     2.1152     1.8603         13 0.0000e+00
    843.282   78.14372 -172.22726    854.000     0.3282     0.3282  29.609329  29.607457    34.8730    34.8705    290.852    284.289    -0.1344     4.6681     0.0835     0.0835     0.0179     0.0196      28228    19.6023     100.00     2.1150     1.8588         14 0.0000e+00
    844.267   78.14372 -172.22726    855.000     0.3262     0.3262  29.607755  29.606115    34.8726    34.8705    290.807    284.117    -0.1368     4.6680     0.0840     0.0840     0.0179     0.0195      28252    19.6189     100.00     2.1145     1.8577         10 0.0000e+00
    845.253   78.14372 -172.22724    856.000     0.3241     0.3241  29.606340  29.604688    34.8726    34.8704    290.931    284.097    -0.1366     4.6685     0.0827     0.0827     0.0175     0.0195      28278    19.6366     100.00     2.1148     1.8574         11 0.0000e+00
    846.238   78.14372 -172.22724    857.000     0.3218     0.3219  29.604911  29.603258    34.8726    34.8704    290.876    284.538    -0.1611     4.6689     0.0822     0.0822     0.0171     0.0185      28302    19.6538     100.00     2.1142     1.8592         13 0.0000e+00
    847.224   78.14372 -172.22724    858.000     0.3206     0.3207  29.604132  29.602579    34.8725    34.8703    290.798    284.950    -0.1794     4.6687     0.0844     0.0844     0.0173     0.0178      28328    19.6713     100.00     2.1134     1.8609         14 0.0000e+00
    848.209   78.14372 -172.22722    859.000     0.3196     0.3196  29.603784  29.602090    34.8725    34.8703    290.846    284.357    -0.1749     4.6690     0.0831     0.0831     0.0171     0.0180      28352    19.6883     100.00     2.1135     1.8579         12 0.0000e+00
    849.195   78.14372 -172.22721    860.000     0.3180     0.3181  29.602754  29.601122    34.8724    34.8701    290.880    284.168    -0.1721     4.6682     0.0841     0.0841     0.0178     0.0181      28377    19.7056     100.00     2.1134     1.8567         12 0.0000e+00
    850.180   78.14372 -172.22720    861.000     0.3163     0.3163  29.601508  29.599941    34.8722    34.8700    290.932    284.505    -0.1378     4.6687     0.0832     0.0832     0.0173     0.0195      28402    19.7227     100.00     2.1134     1.8581         14 0.0000e+00
    851.166   78.14372 -172.22720    862.000     0.3151     0.3150  29.600900  29.599293    34.8721    34.8701    291.003    284.425    -0.1703     4.6688     0.0820     0.0820     0.0172     0.0182      28427    19.7400     100.00     2.1135     1.8575         12 0.0000e+00
    852.151   78.14372 -172.22719    863.000     0.3112     0.3111  29.597959  29.596220    34.8721    34.8699    290.852    284.397    -0.1327     4.6689     0.0831     0.0831     0.0172     0.0197      28451    19.7568     100.00     2.1122     1.8570         11 0.0000e+00
    853.136   78.14372 -172.22718    864.000     0.3073     0.3074  29.594784  29.593221    34.8717    34.8696    290.874    284.252    -0.1343     4.6690     0.0836     0.0836     0.0171     0.0196      28476    19.7743     100.00     2.1120     1.8560         13 0.0000e+00
    854.121   78.14372 -172.22717    865.000     0.3043     0.3045  29.592797  29.591094    34.8719    34.8695    290.956    284.687    -0.1327     4.6689     0.0830     0.0830     0.0172     0.0197      28501    19.7916     100.00     2.1121     1.8578         16 0.0000e+00
    855.107   78.14372 -172.22716    866.000     0.3008     0.3008  29.590064  29.588203    34.8717    34.8693    291.009    284.650    -0.1566     4.6690     0.0826     0.0826     0.0171     0.0187      28525    19.8086     100.00     2.1120     1.8573         14 0.0000e+00
    856.092   78.14372 -172.22716    867.000     0.3001     0.3000  29.589880  29.588071    34.8717    34.8694    290.921    284.667    -0.1776     4.6682     0.0820     0.0820     0.0177     0.0179      28550    19.8260     100.00     2.1112     1.8571         15 0.0000e+00
    857.078   78.14372 -172.22715    868.000     0.2996     0.2998  29.589957  29.588353    34.8717    34.8695    290.922    283.948    -0.1785     4.6688     0.0830     0.0830     0.0172     0.0179      28575    19.8433     100.00     2.1110     1.8536         16 0.0000e+00
    858.063   78.14372 -172.22714    869.000     0.3007     0.3007  29.591554  29.589863    34.8720    34.8698    290.820    284.760    -0.1388     4.6685     0.0831     0.0831     0.0175     0.0194      28600    19.8605     100.00     2.1103     1.8573         17 0.0000e+00
    859.048   78.14372 -172.22713    870.000     0.3037     0.3037  29.594967  29.593277    34.8725    34.8704    290.772    284.361    -0.1317     4.6687     0.0842     0.0842     0.0174     0.0197      28625    19.8780     100.00     2.1099     1.8554         19 0.0000e+00
    860.034   78.14372 -172.22712    871.000     0.3057     0.3057  29.597427  29.595749    34.8730    34.8708    290.691    284.200    -0.1341     4.6688     0.0853     0.0853     0.0172     0.0196      28650    19.8950     100.00     2.1094     1.8545         13 0.0000e+00
