Continuous CTD Data/01_SBE Stage/nabos_03_01.ros
* Sea-Bird SBE 9 Data File:
* FileName = D:\CTD\data\HLY2502\raw\NABOS_03_01.hex
* Software Version Seasave V 7.26.7.110
* Temperature SN = 6954
* Conductivity SN = 2561
* Number of Bytes Per Scan = 37
* Number of Voltage Words = 4
* Number of Scans Averaged by the Deck Unit = 1
* NMEA Latitude = 74 27.67 N
* NMEA Longitude = 169 54.00 E
* NMEA UTC (Time) = Sep 13 2025  06:21:18
* NMEA baud rate = 9600
** Ship: USCG HEALY
** Bot. Depth:  57
** Cast Number:  01
** Station Name:  NABOS
** Station Number:  03
** Operator:  STARC
** Kink in the wire during the deployment, BOSN and STARC assessed to be structurally competent and comms on deck are established, CO approved deployment. STARC will reterminate during the mooring evolution
# nquan = 25
# nvalues = 1176                                  
# units = specified
# name 0 = depSM: Depth [salt water, m]
# name 1 = latitude: Latitude [deg]
# name 2 = longitude: Longitude [deg]
# name 3 = prDM: Pressure, Digiquartz [db]
# name 4 = t090C: Temperature [ITS-90, deg C]
# name 5 = t190C: Temperature, 2 [ITS-90, deg C]
# name 6 = c0mS/cm: Conductivity [mS/cm]
# name 7 = c1mS/cm: Conductivity, 2 [mS/cm]
# name 8 = sal00: Salinity, Practical [PSU]
# name 9 = sal11: Salinity, Practical, 2 [PSU]
# name 10 = sbox0Mm/Kg: Oxygen, SBE 43 [umol/kg]
# name 11 = sbox1Mm/Kg: Oxygen, SBE 43, 2 [umol/kg]
# name 12 = flECO-AFL: Fluorescence, WET Labs ECO-AFL/FL [mg/m^3]
# name 13 = v2: Voltage 2
# name 14 = wetCDOM: Fluorescence, WET Labs CDOM [mg/m^3]
# name 15 = v6: Voltage 6
# name 16 = CStarAt0: Beam Attenuation, WET Labs C-Star [1/m]
# name 17 = v3: Voltage 3
# name 18 = scan: Scan Count
# name 19 = timeM: Time, Elapsed [minutes]
# name 20 = altM: Altimeter [m]
# name 21 = sbeox0V: Oxygen raw, SBE 43 [V]
# name 22 = sbeox1V: Oxygen raw, SBE 43, 2 [V]
# name 23 = nbf: Bottles Fired
# name 24 = flag:  0.000e+00
# interval = seconds: 0.0416667
# start_time = Sep 13 2025 06:21:18 [NMEA time, header]
# bad_flag = -9.990e-29
*END*
[from data line 290]
     45.216   74.46206  169.90272     45.695    -1.2886    -1.2850  26.182854  26.236416    32.5631    32.6325    172.881    169.792     0.4434     4.5910     0.1319     0.1319     0.0845     0.0427      10331     7.1736      11.40     1.4967     1.3527          6  0.000e+00
     45.216   74.46206  169.90272     45.695    -1.2887    -1.2846  26.189925  26.242233    32.5730    32.6400    172.869    169.780     0.4129     4.5910     0.1319     0.1319     0.0845     0.0415      10332     7.1743      11.40     1.4967     1.3527          6  0.000e+00
     45.241   74.46206  169.90272     45.720    -1.2881    -1.2842  26.205080  26.246316    32.5930    32.6452    172.839    169.523     0.4434     4.5910     0.1319     0.1319     0.0845     0.0427      10333     7.1750      11.40     1.4967     1.3515          6  0.000e+00
     45.216   74.46206  169.90272     45.695    -1.2875    -1.2839  26.219882  26.248442    32.6126    32.6478    173.018    169.766     0.4434     4.5910     0.1319     0.1319     0.0845     0.0427      10334     7.1757      11.43     1.4980     1.3527          6  0.000e+00
     35.712   74.46214  169.90458     36.089    -1.4313    -1.4363  23.877415  23.880253    29.5756    29.5844    341.668    332.446     0.1992     4.6215     0.1111     0.1111     0.0580     0.0330      15667    10.8792      21.68     2.4250     2.1075          7  0.000e+00
     35.777   74.46214  169.90458     36.155    -1.4313    -1.4359  23.877703  23.879767    29.5760    29.5833    341.670    332.448     0.1992     4.6227     0.1111     0.1111     0.0570     0.0330      15668    10.8799      21.71     2.4250     2.1075          7  0.000e+00
     35.835   74.46214  169.90458     36.213    -1.4313    -1.4343  23.877416  23.878631    29.5756    29.5802    341.673    332.442     0.1992     4.6227     0.1111     0.1111     0.0570     0.0330      15669    10.8806      21.68     2.4250     2.1075          7  0.000e+00
     35.777   74.46214  169.90458     36.155    -1.4322    -1.4334  23.878508  23.878577    29.5780    29.5793    341.674    332.689     0.1992     4.6227     0.1123     0.1123     0.0570     0.0330      15670    10.8812      21.71     2.4250     2.1088          7  0.000e+00
     35.777   74.46214  169.90458     36.155    -1.4332    -1.4327  23.880003  23.878360    29.5810    29.5783    341.460    332.684     0.1687     4.6227     0.1123     0.1123     0.0570     0.0317      15671    10.8819      21.68     2.4238     2.1088          7  0.000e+00
     35.810   74.46214  169.90458     36.188    -1.4343    -1.4322  23.880578  23.878414    29.5829    29.5778    341.468    332.682     0.1992     4.6227     0.1123     0.1123     0.0570     0.0330      15672    10.8826      21.71     2.4238     2.1088          7  0.000e+00
     35.777   74.46214  169.90458     36.155    -1.4348    -1.4329  23.880808  23.878685    29.5837    29.5789    341.470    332.429     0.1687     4.6227     0.1123     0.1123     0.0570     0.0317      15673    10.8833      21.73     2.4238     2.1075          7  0.000e+00
     35.777   74.46214  169.90458     36.155    -1.4351    -1.4336  23.880693  23.878685    29.5838    29.5796    341.472    332.179     0.1992     4.6227     0.1123     0.1123     0.0570     0.0330      15674    10.8840      21.71     2.4238     2.1063          7  0.000e+00
     35.835   74.46214  169.90458     36.213    -1.4346    -1.4328  23.880233  23.877874    29.5826    29.5777    341.472    331.923     0.1992     4.6215     0.1123     0.1123     0.0580     0.0330      15675    10.8847      21.71     2.4238     2.1051          7  0.000e+00
     35.777   74.46214  169.90458     36.155    -1.4343    -1.4319  23.879946  23.877873    29.5820    29.5768    341.469    331.657     0.1992     4.6227     0.1123     0.1123     0.0570     0.0330      15676    10.8854      21.71     2.4238     2.1039          7  0.000e+00
     35.835   74.46214  169.90458     36.213    -1.4339    -1.4325  23.879543  23.878739    29.5810    29.5786    341.470    331.662     0.1992     4.6215     0.1123     0.1123     0.0580     0.0330      15677    10.8861      21.68     2.4238     2.1039          7  0.000e+00
     35.835   74.46214  169.90458     36.213    -1.4329    -1.4330  23.879428  23.879118    29.5798    29.5795    341.246    331.664     0.1992     4.6215     0.1123     0.1123     0.0580     0.0330      15678    10.8868      21.61     2.4226     2.1039          7  0.000e+00
     35.835   74.46214  169.90458     36.213    -1.4328    -1.4338  23.879601  23.879550    29.5800    29.5810    341.461    331.669     0.1992     4.6227     0.1123     0.1123     0.0570     0.0330      15679    10.8875      21.59     2.4238     2.1039          7  0.000e+00
     35.777   74.46214  169.90458     36.155    -1.4319    -1.4353  23.878968  23.880686    29.5783    29.5840    341.454    331.673     0.1992     4.6215     0.1123     0.1123     0.0580     0.0330      15680    10.8882      21.59     2.4238     2.1039          7  0.000e+00
     35.835   74.46214  169.90458     36.213    -1.4313    -1.4365  23.878566  23.881660    29.5771    29.5865    341.669    331.681     0.1992     4.6227     0.1123     0.1123     0.0570     0.0330      15681    10.8889      21.59     2.4250     2.1039          7  0.000e+00
     35.835   74.46214  169.90458     36.213    -1.4309    -1.4371  23.878508  23.881984    29.5766    29.5875    341.450    331.940     0.1992     4.6227     0.1123     0.1123     0.0570     0.0330      15682    10.8896      21.59     2.4238     2.1051          7  0.000e+00
     35.835   74.46214  169.90458     36.213    -1.4308    -1.4377  23.878508  23.882201    29.5765    29.5884    341.666    331.944     0.1992     4.6215     0.1123     0.1123     0.0580     0.0330      15683    10.8903      21.59     2.4250     2.1051          7  0.000e+00
     35.835   74.46214  169.90458     36.213    -1.4304    -1.4383  23.877760  23.882309    29.5751    29.5891    341.449    331.693     0.1992     4.6227     0.1123     0.1123     0.0570     0.0330      15684    10.8910      21.64     2.4238     2.1039          7  0.000e+00
     35.835   74.46214  169.90458     36.213    -1.4295    -1.4385  23.876438  23.882634    29.5724    29.5898    341.447    331.949     0.1687     4.6215     0.1123     0.1123     0.0580     0.0317      15685    10.8917      21.64     2.4238     2.1051          7  0.000e+00
     35.835   74.46214  169.90458     36.213    -1.4286    -1.4388  23.875920  23.883120    29.5708    29.5907    341.442    331.949     0.1992     4.6227     0.1123     0.1123     0.0570     0.0330      15686    10.8924      21.64     2.4238     2.1051          7  0.000e+00
     35.892   74.46214  169.90458     36.271    -1.4285    -1.4388  23.876035  23.883229    29.5709    29.5908    341.443    331.951     0.1992     4.6215     0.1123     0.1123     0.0580     0.0330      15687    10.8931      21.64     2.4238     2.1051          7  0.000e+00
     35.835   74.46214  169.90458     36.213    -1.4291    -1.4391  23.877473  23.883229    29.5735    29.5912    341.440    331.695     0.1992     4.6215     0.1123     0.1123     0.0580     0.0330      15688    10.8938      21.61     2.4238     2.1039          7  0.000e+00
     35.892   74.46214  169.90458     36.271    -1.4310    -1.4394  23.878853  23.883553    29.5772    29.5919    341.453    331.444     0.1992     4.6215     0.1123     0.1123     0.0580     0.0330      15689    10.8944      21.64     2.4238     2.1027          7  0.000e+00
     35.835   74.46214  169.90458     36.213    -1.4322    -1.4394  23.880061  23.883878    29.5800    29.5923    341.455    331.184     0.1992     4.6227     0.1123     0.1123     0.0570     0.0330      15690    10.8951      21.61     2.4238     2.1014          7  0.000e+00
     35.892   74.46214  169.90458     36.271    -1.4337    -1.4397  23.881038  23.883932    29.5828    29.5927    341.466    330.933     0.1992     4.6215     0.1123     0.1123     0.0580     0.0330      15691    10.8958      21.61     2.4238     2.1002          7  0.000e+00
     35.835   74.46214  169.90458     36.213    -1.4349    -1.4397  23.881843  23.884094    29.5852    29.5929    341.470    330.930     0.2297     4.6227     0.1123     0.1123     0.0570     0.0342      15692    10.8965      21.61     2.4238     2.1002          7  0.000e+00
     35.835   74.46214  169.90458     36.213    -1.4360    -1.4398  23.882189  23.884527    29.5867    29.5936    341.692    330.674     0.1992     4.6227     0.1123     0.1123     0.0570     0.0330      15693    10.8972      21.61     2.4250     2.0990          7  0.000e+00
     35.892   74.46214  169.90458     36.271    -1.4367    -1.4400  23.882821  23.884473    29.5882    29.5937    341.482    330.678     0.1992     4.6227     0.1123     0.1123     0.0570     0.0330      15694    10.8979      21.61     2.4238     2.0990          7  0.000e+00
     35.892   74.46214  169.90458     36.271    -1.4368    -1.4400  23.882994  23.884960    29.5886    29.5944    341.698    330.421     0.1992     4.6227     0.1123     0.1123     0.0570     0.0330      15695    10.8986      21.59     2.4250     2.0978          7  0.000e+00
     35.868   74.46214  169.90458     36.246    -1.4374    -1.4404  23.882821  23.885122    29.5889    29.5950    341.486    330.678     0.1687     4.6239     0.1111     0.1111     0.0559     0.0317      15696    10.8993      21.54     2.4238     2.0990          7  0.000e+00
     35.892   74.46214  169.90458     36.271    -1.4376    -1.4403  23.883109  23.885284    29.5895    29.5951    341.488    330.933     0.1687     4.6239     0.1111     0.1111     0.0559     0.0317      15697    10.9000      21.51     2.4238     2.1002          7  0.000e+00
     35.892   74.46214  169.90458     36.271    -1.4382    -1.4404  23.883569  23.885555    29.5907    29.5956    341.491    331.189     0.1687     4.6239     0.1099     0.1099     0.0559     0.0317      15698    10.9007      21.51     2.4238     2.1014          7  0.000e+00
     35.835   74.46214  169.90458     36.213    -1.4385    -1.4406  23.883511  23.885933    29.5910    29.5963    341.491    331.953     0.1687     4.6239     0.1111     0.1111     0.0559     0.0317      15699    10.9014      21.51     2.4238     2.1051          7  0.000e+00
     35.892   74.46214  169.90458     36.271    -1.4386    -1.4406  23.883972  23.885879    29.5917    29.5962    341.709    332.978     0.1687     4.6239     0.1111     0.1111     0.0559     0.0317      15700    10.9021      21.51     2.4250     2.1100          7  0.000e+00
     35.892   74.46214  169.90458     36.271    -1.4386    -1.4406  23.883972  23.885879    29.5917    29.5962    341.709    333.489     0.1687     4.6239     0.1111     0.1111     0.0559     0.0317      15701    10.9028      21.51     2.4250     2.1124          7  0.000e+00
     35.892   74.46214  169.90458     36.271    -1.4386    -1.4409  23.884144  23.885987    29.5919    29.5967    341.709    333.491     0.1687     4.6239     0.1111     0.1111     0.0559     0.0317      15702    10.9035      21.56     2.4250     2.1124          7  0.000e+00
     35.835   74.46214  169.90458     36.213    -1.4389    -1.4408  23.884547  23.886041    29.5928    29.5967    341.491    333.487     0.1687     4.6239     0.1099     0.1099     0.0559     0.0317      15703    10.9042      21.59     2.4238     2.1124          7  0.000e+00
     35.892   74.46214  169.90458     36.271    -1.4391    -1.4407  23.885179  23.886041    29.5938    29.5966    341.708    333.234     0.1687     4.6239     0.1111     0.1111     0.0559     0.0317      15704    10.9049      21.59     2.4250     2.1112          7  0.000e+00
     35.892   74.46214  169.90458     36.271    -1.4394    -1.4409  23.885179  23.886041    29.5941    29.5967    341.711    332.980     0.1687     4.6239     0.1111     0.1111     0.0559     0.0317      15705    10.9056      21.56     2.4250     2.1100          7  0.000e+00
     35.892   74.46214  169.90458     36.271    -1.4395    -1.4409  23.885639  23.886041    29.5949    29.5967    341.494    332.980     0.1381     4.6239     0.1111     0.1111     0.0559     0.0305      15706    10.9063      21.59     2.4238     2.1100          7  0.000e+00
     35.892   74.46214  169.90458     36.271    -1.4396    -1.4407  23.885467  23.886258    29.5947    29.5969    341.711    332.722     0.1687     4.6239     0.1111     0.1111     0.0559     0.0317      15707    10.9069      21.56     2.4250     2.1088          7  0.000e+00
     35.892   74.46214  169.90458     36.271    -1.4399    -1.4407  23.885179  23.886096    29.5946    29.5966    341.714    332.722     0.1687     4.6239     0.1111     0.1111     0.0559     0.0317      15708    10.9076      21.51     2.4250     2.1088          7  0.000e+00
     35.892   74.46214  169.90458     36.271    -1.4399    -1.4408  23.885122  23.886041    29.5945    29.5966    341.715    333.745     0.1687     4.6239     0.1111     0.1111     0.0559     0.0317      15709    10.9083      21.51     2.4250     2.1136          7  0.000e+00
     35.835   74.46214  169.90458     36.213    -1.4400    -1.4409  23.885294  23.886420    29.5949    29.5973    341.712    335.531     0.1687     4.6239     0.1111     0.1111     0.0559     0.0317      15710    10.9090      21.49     2.4250     2.1222          7  0.000e+00
     35.892   74.46214  169.90458     36.271    -1.4396    -1.4409  23.884662  23.886528    29.5936    29.5974    341.930    336.556     0.1687     4.6239     0.1111     0.1111     0.0559     0.0317      15711    10.9097      21.49     2.4262     2.1271          7  0.000e+00
     35.892   74.46214  169.90458     36.271    -1.4396    -1.4408  23.884604  23.886528    29.5935    29.5973    341.714    336.299     0.1687     4.6239     0.1111     0.1111     0.0559     0.0317      15712    10.9104      21.49     2.4250     2.1259          7  0.000e+00
     35.892   74.46214  169.90458     36.271    -1.4395    -1.4411  23.884432  23.886528    29.5932    29.5976    341.931    335.535     0.1687     4.6239     0.1111     0.1111     0.0559     0.0317      15713    10.9111      21.51     2.4262     2.1222          7  0.000e+00
     35.892   74.46214  169.90458     36.271    -1.4394    -1.4408  23.884547  23.886528    29.5933    29.5973    341.713    334.766     0.1687     4.6239     0.1111     0.1111     0.0559     0.0317      15714    10.9118      21.54     2.4250     2.1185          7  0.000e+00
     35.892   74.46214  169.90458     36.271    -1.4394    -1.4411  23.884662  23.886528    29.5934    29.5976    341.713    334.257     0.1687     4.6239     0.1111     0.1111     0.0559     0.0317      15715    10.9125      21.56     2.4250     2.1161          7  0.000e+00
     35.867   74.46214  169.90462     36.246    -1.4326    -1.4363  23.879083  23.879983    29.5791    29.5840    341.895    333.477     0.2297     4.6239     0.1099     0.1099     0.0559     0.0342      15841    11.0000      21.64     2.4262     2.1124          8  0.000e+00
     35.777   74.46214  169.90462     36.155    -1.4319    -1.4362  23.878623  23.879875    29.5778    29.5838    341.671    333.728     0.2297     4.6239     0.1111     0.1111     0.0559     0.0342      15842    11.0007      21.64     2.4250     2.1136          8  0.000e+00
     35.712   74.46214  169.90462     36.089    -1.4316    -1.4358  23.878508  23.879929    29.5774    29.5835    341.882    333.977     0.2297     4.6239     0.1111     0.1111     0.0559     0.0342      15843    11.0014      21.64     2.4262     2.1149          8  0.000e+00
     35.835   74.46214  169.90462     36.213    -1.4313    -1.4353  23.878278  23.879064    29.5767    29.5817    341.671    333.982     0.2297     4.6239     0.1111     0.1111     0.0559     0.0342      15844    11.0021      21.64     2.4250     2.1149          8  0.000e+00
