Continuous CTD Data/01_SBE Stage/nabos_12_02avg.cnv
* Sea-Bird SBE 9 Data File:
* FileName = D:\CTD\data\HLY2502\raw\NABOS_12_02.hex
* Software Version Seasave V 7.26.7.110
* Temperature SN = 6954
* Conductivity SN = 2561
* Number of Bytes Per Scan = 37
* Number of Voltage Words = 4
* Number of Scans Averaged by the Deck Unit = 1
* NMEA Latitude = 77 22.95 N
* NMEA Longitude = 176 13.98 W
* NMEA UTC (Time) = Sep 10 2025  21:33:20
* NMEA baud rate = 9600
** Ship: USCG HEALY
** Bot. Depth:  1417
** Cast Number:  02
** Station Name:  NABOS
** Station Number:  12
** Operator:  STARC
** mooring release test at depth
# nquan = 25
# nvalues = 1214                        
# units = specified
# name 0 = depSM: Depth [salt water, m]
# name 1 = latitude: Latitude [deg]
# name 2 = longitude: Longitude [deg]
# name 3 = prDM: Pressure, Digiquartz [db]
# name 4 = t090C: Temperature [ITS-90, deg C]
# name 5 = t190C: Temperature, 2 [ITS-90, deg C]
# name 6 = c0mS/cm: Conductivity [mS/cm]
# name 7 = c1mS/cm: Conductivity, 2 [mS/cm]
# name 8 = sal00: Salinity, Practical [PSU]
# name 9 = sal11: Salinity, Practical, 2 [PSU]
# name 10 = sbox0Mm/Kg: Oxygen, SBE 43 [umol/kg]
# name 11 = sbox1Mm/Kg: Oxygen, SBE 43, 2 [umol/kg]
# name 12 = flECO-AFL: Fluorescence, WET Labs ECO-AFL/FL [mg/m^3]
# name 13 = v2: Voltage 2
# name 14 = wetCDOM: Fluorescence, WET Labs CDOM [mg/m^3]
# name 15 = v6: Voltage 6
# name 16 = CStarAt0: Beam Attenuation, WET Labs C-Star [1/m]
# name 17 = v3: Voltage 3
# name 18 = scan: Scan Count
# name 19 = timeM: Time, Elapsed [minutes]
# name 20 = altM: Altimeter [m]
# name 21 = sbeox0V: Oxygen raw, SBE 43 [V]
# name 22 = sbeox1V: Oxygen raw, SBE 43, 2 [V]
# name 23 = nbin: number of scans per bin
# name 24 = flag: flag
# span 0 =      3.958,   1200.722       
# span 1 =   77.38280,   77.38743       
# span 2 = -176.23257, -176.22215       
# span 3 =      4.000,   1217.000       
# span 4 =    -1.5940,     0.9616       
# span 5 =    -1.5943,     0.9617       
# span 6 =  23.171414,  29.894858       
# span 7 =  23.170309,  29.892879       
# span 8 =    28.7286,    34.8838       
# span 9 =    28.7270,    34.8812       
# span 10 =    251.747,    385.283      
# span 11 =    246.442,    373.544      
# span 12 =    -0.1801,     0.4617      
# span 13 =     4.6011,     4.6678      
# span 14 =     0.0784,     0.1189      
# span 15 =     0.0784,     0.1189      
# span 16 =     0.0181,     0.0757      
# span 17 =     0.0178,     0.0435      
# span 18 =       1944,      40160      
# span 19 =     1.3491,    27.8884      
# span 20 =      60.57,     100.39      
# span 21 =     1.9530,     2.6847      
# span 22 =     1.7269,     2.3143      
# span 23 =          9,         26      
# span 24 = 0.0000e+00, 0.0000e+00      
# interval = decibars: 1                
# start_time = Sep 10 2025 21:33:20 [NMEA time, header]
# bad_flag = -9.990e-29
*END*
      3.958   77.38280 -176.23257      4.000    -1.5266    -1.5266  23.171512  23.170370    28.7286    28.7270    374.880    363.243     0.1001     4.6088     0.1056     0.1056     0.0691     0.0290       1944     1.3491     100.00     2.6015     2.2456         15 0.0000e+00
      4.948   77.38282 -176.23256      5.000    -1.5275    -1.5274  23.171414  23.170333    28.7288    28.7272    374.820    362.752     0.0677     4.6089     0.1058     0.1058     0.0689     0.0277       2029     1.4081     100.00     2.6008     2.2430         20 0.0000e+00
      5.937   77.38282 -176.23255      6.000    -1.5275    -1.5276  23.171729  23.170480    28.7287    28.7270    374.930    363.342     0.0713     4.6089     0.1039     0.1039     0.0689     0.0279       2078     1.4426     100.00     2.6012     2.2455         16 0.0000e+00
      6.927   77.38282 -176.23254      7.000    -1.5279    -1.5273  23.171885  23.171164    28.7287    28.7271    375.081    363.916     0.0817     4.6077     0.1047     0.1047     0.0699     0.0283       2130     1.4784     100.00     2.6018     2.2480         21 0.0000e+00
      7.916   77.38284 -176.23252      8.000    -1.5280    -1.5277  23.172208  23.171218    28.7287    28.7271    374.992    362.918     0.0890     4.6080     0.1055     0.1055     0.0698     0.0286       2181     1.5139     100.00     2.6009     2.2430         23 0.0000e+00
      8.905   77.38284 -176.23250      9.000    -1.5285    -1.5285  23.172420  23.171173    28.7288    28.7271    374.809    362.193     0.1049     4.6076     0.1049     0.1049     0.0700     0.0292       2232     1.5491     100.00     2.5996     2.2393         21 0.0000e+00
      9.895   77.38284 -176.23250     10.000    -1.5290    -1.5291  23.172600  23.171284    28.7290    28.7274    374.763    363.613     0.1337     4.6079     0.1033     0.1033     0.0698     0.0303       2283     1.5845     100.00     2.5990     2.2458         24 0.0000e+00
     10.884   77.38285 -176.23248     11.000    -1.5305    -1.5307  23.172310  23.170831    28.7295    28.7278    374.558    363.085     0.1643     4.6105     0.1030     0.1030     0.0675     0.0315       2333     1.6192     100.00     2.5975     2.2430         22 0.0000e+00
     11.874   77.38286 -176.23247     12.000    -1.5329    -1.5327  23.171449  23.170309    28.7302    28.7285    374.626    363.200     0.1954     4.6100     0.1038     0.1038     0.0680     0.0328       2383     1.6544     100.00     2.5975     2.2432         21 0.0000e+00
     12.863   77.38286 -176.23246     13.000    -1.5324    -1.5324  23.172535  23.171193    28.7306    28.7287    374.681    363.014     0.2019     4.6106     0.1045     0.1045     0.0675     0.0331       2434     1.6898     100.00     2.5976     2.2421         23 0.0000e+00
     13.853   77.38286 -176.23244     14.000    -1.5321    -1.5316  23.173391  23.172774    28.7309    28.7296    374.662    363.159     0.2047     4.6102     0.1048     0.1048     0.0678     0.0332       2486     1.7254     100.00     2.5972     2.2426         22 0.0000e+00
     14.842   77.38288 -176.23243     15.000    -1.5315    -1.5314  23.174590  23.173397    28.7315    28.7298    374.800    363.500     0.2182     4.6113     0.1051     0.1051     0.0668     0.0337       2537     1.7612     100.00     2.5977     2.2440         24 0.0000e+00
     15.832   77.38288 -176.23242     16.000    -1.5308    -1.5306  23.176833  23.175625    28.7332    28.7314    374.811    363.382     0.2004     4.6116     0.1044     0.1044     0.0665     0.0330       2589     1.7969     100.00     2.5976     2.2433         21 0.0000e+00
     16.821   77.38288 -176.23240     17.000    -1.5258    -1.5256  23.190133  23.188965    28.7459    28.7441    374.549    363.458     0.2019     4.6102     0.1034     0.1034     0.0678     0.0331       2640     1.8329     100.00     2.5964     2.2439         23 0.0000e+00
     17.810   77.38289 -176.23239     18.000    -1.4881    -1.4853  23.318680  23.325778    28.8830    28.8900    373.454    361.960     0.2032     4.6108     0.1050     0.1050     0.0672     0.0332       2692     1.8687     100.00     2.5946     2.2407         23 0.0000e+00
     18.800   77.38290 -176.23238     19.000    -1.3007    -1.2985  23.985993  23.992391    29.6025    29.6090    370.006    358.226     0.2390     4.6098     0.1050     0.1050     0.0682     0.0346       2743     1.9041     100.00     2.5989     2.2422         20 0.0000e+00
     19.789   77.38290 -176.23237     20.000    -1.2559    -1.2558  24.294078  24.293159    29.9744    29.9732    371.537    359.664     0.2916     4.6063     0.1059     0.1059     0.0711     0.0366       2794     1.9396     100.00     2.6164     2.2561         23 0.0000e+00
     20.779   77.38290 -176.23236     21.000    -1.2877    -1.2876  24.306629  24.305480    30.0227    30.0212    376.992    363.133     0.2806     4.6031     0.1048     0.1048     0.0740     0.0362       2845     1.9752     100.00     2.6460     2.2716         24 0.0000e+00
     21.768   77.38292 -176.23234     22.000    -1.3308    -1.3311  24.311206  24.310074    30.0718    30.0706    381.346    367.504     0.3628     4.6047     0.1031     0.1031     0.0725     0.0395       2897     2.0112     100.00     2.6686     2.2908         23 0.0000e+00
     22.757   77.38292 -176.23232     23.000    -1.3567    -1.3571  24.323205  24.322041    30.1136    30.1124    382.991    370.083     0.4324     4.6036     0.1066     0.1066     0.0735     0.0423       2948     2.0466     100.00     2.6767     2.3022         18 0.0000e+00
     23.747   77.38292 -176.23232     24.000    -1.3926    -1.3936  24.334781  24.333636    30.1650    30.1645    383.311    371.135     0.4603     4.6018     0.1112     0.1112     0.0751     0.0434       3000     2.0827     100.00     2.6768     2.3058         20 0.0000e+00
     24.736   77.38294 -176.23230     25.000    -1.4252    -1.4251  24.346898  24.346046    30.2139    30.2127    383.567    371.040     0.4608     4.6016     0.1158     0.1158     0.0753     0.0434       3051     2.1183     100.00     2.6766     2.3040         21 0.0000e+00
     25.726   77.38294 -176.23229     26.000    -1.4278    -1.4278  24.362177  24.361297    30.2369    30.2356    384.176    371.887     0.4617     4.6011     0.1150     0.1150     0.0757     0.0435       3102     2.1537     100.00     2.6800     2.3081         20 0.0000e+00
     26.715   77.38294 -176.23228     27.000    -1.4439    -1.4441  24.381119  24.380203    30.2784    30.2774    384.802    371.526     0.4156     4.6051     0.1165     0.1165     0.0722     0.0416       3154     2.1896     100.00     2.6829     2.3058         19 0.0000e+00
     27.704   77.38294 -176.23226     28.000    -1.4630    -1.4636  24.406464  24.405841    30.3319    30.3316    385.231    372.540     0.4043     4.6088     0.1169     0.1169     0.0691     0.0412       3205     2.2253     100.00     2.6847     2.3101         18 0.0000e+00
     28.694   77.38296 -176.23224     29.000    -1.4803    -1.4806  24.426890  24.426195    30.3768    30.3761    385.283    372.890     0.3806     4.6111     0.1182     0.1182     0.0670     0.0402       3257     2.2610     100.00     2.6843     2.3113         19 0.0000e+00
     29.683   77.38296 -176.23224     30.000    -1.4813    -1.4808  24.451682  24.451736    30.4110    30.4105    384.927    371.293     0.3716     4.6153     0.1172     0.1172     0.0634     0.0399       3308     2.2966     100.00     2.6825     2.3038         20 0.0000e+00
     30.673   77.38296 -176.23222     31.000    -1.4853    -1.4859  24.476969  24.476150    30.4491    30.4485    384.552    373.476     0.3697     4.6161     0.1172     0.1172     0.0627     0.0398       3360     2.3324     100.00     2.6805     2.3143         17 0.0000e+00
     31.662   77.38298 -176.23221     32.000    -1.5047    -1.5051  24.496270  24.495987    30.4946    30.4946    384.271    372.638     0.3423     4.6170     0.1178     0.1178     0.0619     0.0387       3411     2.3684     100.00     2.6781     2.3097         19 0.0000e+00
     32.651   77.38298 -176.23220     33.000    -1.5202    -1.5204  24.522474  24.521683    30.5458    30.5448    383.857    370.691     0.3094     4.6188     0.1176     0.1176     0.0603     0.0374       3462     2.4033     100.00     2.6753     2.2999         16 0.0000e+00
     33.641   77.38298 -176.23218     34.000    -1.5380    -1.5382  24.543189  24.542808    30.5917    30.5915    384.033    372.071     0.3016     4.6209     0.1189     0.1189     0.0585     0.0371       3513     2.4392     100.00     2.6756     2.3060         17 0.0000e+00
     34.630   77.38299 -176.23218     35.000    -1.5420    -1.5417  24.581387  24.581324    30.6476    30.6472    383.374    373.544     0.3022     4.6216     0.1175     0.1175     0.0579     0.0371       3565     2.4747     100.00     2.6722     2.3134         16 0.0000e+00
     35.619   77.38300 -176.23216     36.000    -1.5554    -1.5559  24.609805  24.609172    30.6997    30.6993    381.281    372.178     0.2504     4.6233     0.1151     0.1151     0.0564     0.0350       3615     2.5099     100.00     2.6601     2.3066         16 0.0000e+00
     36.609   77.38300 -176.23214     37.000    -1.5717    -1.5716  24.647178  24.648242    30.7671    30.7684    379.423    369.103     0.1951     4.6249     0.1064     0.1064     0.0551     0.0328       3667     2.5459     100.00     2.6493     2.2917         19 0.0000e+00
     37.598   77.38301 -176.23213     38.000    -1.5711    -1.5708  24.703149  24.704056    30.8426    30.8435    373.947    363.631     0.2009     4.6270     0.1146     0.1146     0.0533     0.0331       3718     2.5813     100.00     2.6192     2.2663         16 0.0000e+00
     38.587   77.38302 -176.23212     39.000    -1.5702    -1.5703  24.751617  24.752157    30.9075    30.9083    371.546    363.158     0.1703     4.6282     0.1155     0.1155     0.0522     0.0318       3769     2.6166     100.00     2.6064     2.2647         18 0.0000e+00
     39.577   77.38302 -176.23211     40.000    -1.5794    -1.5794  24.803127  24.804627    30.9870    30.9891    372.986    363.031     0.1904     4.6297     0.1148     0.1148     0.0509     0.0326       3820     2.6522     100.00     2.6151     2.2645         20 0.0000e+00
     40.566   77.38302 -176.23210     41.000    -1.5845    -1.5843  24.878585  24.883062    31.0953    31.1013    374.888    364.047     0.1566     4.6180     0.1148     0.1148     0.0611     0.0312       3871     2.6877     100.00     2.6271     2.2704         20 0.0000e+00
     41.555   77.38304 -176.23208     42.000    -1.5940    -1.5943  24.979202  24.983847    31.2428    31.2495    374.203    362.901     0.0839     4.6312     0.1133     0.1133     0.0496     0.0284       3921     2.7223     100.00     2.6248     2.2662         16 0.0000e+00
     42.545   77.38304 -176.23207     43.000    -1.5791    -1.5778  25.139626  25.146870    31.4468    31.4554    365.379    357.900     0.0245     4.6334     0.1128     0.1128     0.0477     0.0260       3972     2.7577     100.00     2.5785     2.2456         20 0.0000e+00
     43.534   77.38304 -176.23205     44.000    -1.5446    -1.5429  25.329347  25.336957    31.6702    31.6787    352.647    348.802    -0.0123     4.6334     0.1165     0.1165     0.0476     0.0245       4023     2.7931     100.00     2.5112     2.2062         23 0.0000e+00
     44.523   77.38304 -176.23204     45.000    -1.4847    -1.4827  25.527897  25.532827    31.8782    31.8828    338.955    335.351    -0.0080     4.6321     0.1129     0.1129     0.0488     0.0247       4073     2.8279     100.00     2.4393     2.1465         19 0.0000e+00
     45.512   77.38306 -176.23203     46.000    -1.4688    -1.4686  25.602051  25.603770    31.9623    31.9644    324.987    323.052    -0.0407     4.6265     0.1129     0.1129     0.0537     0.0234       4124     2.8629     100.00     2.3610     2.0883         20 0.0000e+00
     46.502   77.38306 -176.23202     47.000    -1.4746    -1.4747  25.658951  25.660135    32.0460    32.0477    310.578    309.730    -0.0426     4.6279     0.1139     0.1139     0.0524     0.0233       4175     2.8984     100.00     2.2788     2.0241         25 0.0000e+00
     47.491   77.38306 -176.23200     48.000    -1.4809    -1.4807  25.720241  25.723388    32.1363    32.1404    300.309    298.802    -0.0465     4.6243     0.1128     0.1128     0.0555     0.0231       4225     2.9332     100.00     2.2204     1.9716         22 0.0000e+00
     48.480   77.38308 -176.23200     49.000    -1.4829    -1.4833  25.829593  25.833548    32.2881    32.2939    292.354    290.311    -0.0463     4.6274     0.1126     0.1126     0.0529     0.0231       4275     2.9678     100.00     2.1763     1.9317         23 0.0000e+00
     49.470   77.38308 -176.23198     50.000    -1.5020    -1.5022  25.899926  25.902274    32.4049    32.4083    285.990    283.358    -0.0496     4.6294     0.1157     0.1157     0.0512     0.0230       4325     3.0027     100.00     2.1400     1.8981         20 0.0000e+00
     50.459   77.38308 -176.23197     51.000    -1.4911    -1.4896  25.961599  25.963979    32.4773    32.4789    283.278    279.294    -0.0354     4.6318     0.1160     0.1160     0.0491     0.0236       4376     3.0379     100.00     2.1257     1.8795         26 0.0000e+00
     51.448   77.38309 -176.23196     52.000    -1.4767    -1.4764  26.018113  26.019944    32.5386    32.5408    283.547    278.255    -0.0512     4.6352     0.1129     0.1129     0.0461     0.0230       4426     3.0727     100.00     2.1285     1.8754         21 0.0000e+00
     52.437   77.38310 -176.23194     53.000    -1.4721    -1.4709  26.069965  26.072590    32.6043    32.6066    278.823    275.216    -0.0500     4.6364     0.1129     0.1129     0.0451     0.0230       4476     3.1079     100.00     2.1021     1.8614         18 0.0000e+00
     53.427   77.38310 -176.23194     54.000    -1.4602    -1.4588  26.128483  26.131743    32.6711    32.6740    274.128    268.964    -0.0491     4.6379     0.1121     0.1121     0.0438     0.0230       4527     3.1432     100.00     2.0762     1.8319         22 0.0000e+00
     54.416   77.38310 -176.23192     55.000    -1.4566    -1.4571  26.177477  26.178266    32.7340    32.7356    269.107    265.333    -0.0462     4.6373     0.1117     0.1117     0.0444     0.0232       4578     3.1786     100.00     2.0479     1.8146         26 0.0000e+00
     55.405   77.38312 -176.23190     56.000    -1.4569    -1.4551  26.213135  26.215693    32.7827    32.7842    265.973    261.796    -0.0539     4.6382     0.1122     0.1122     0.0436     0.0228       4629     3.2135     100.00     2.0302     1.7978         21 0.0000e+00
     56.394   77.38312 -176.23189     57.000    -1.4433    -1.4412  26.263474  26.266870    32.8363    32.8387    265.588    260.530    -0.0595     4.6389     0.1119     0.1119     0.0429     0.0226       4679     3.2489     100.00     2.0290     1.7925         23 0.0000e+00
     57.383   77.38312 -176.23188     58.000    -1.4110    -1.4085  26.336246  26.341195    32.9002    32.9042    264.225    259.062    -0.0495     4.6390     0.1102     0.1102     0.0429     0.0230       4730     3.2843     100.00     2.0232     1.7871         22 0.0000e+00
     58.373   77.38313 -176.23187     59.000    -1.3986    -1.3973  26.393998  26.397173    32.9652    32.9682    260.301    255.724    -0.0590     4.6375     0.1087     0.1087     0.0441     0.0226       4781     3.3198     100.00     2.0016     1.7716         21 0.0000e+00
     59.362   77.38314 -176.23186     60.000    -1.4008    -1.4002  26.434200  26.437092    33.0224    33.0256    255.071    251.408    -0.0557     4.6361     0.1088     0.1088     0.0453     0.0228       4832     3.3551     100.00     1.9717     1.7508         23 0.0000e+00
