Continuous CTD Data/01_SBE Stage/nabos_17_01avg.cnv
* Sea-Bird SBE 9 Data File:
* FileName = D:\CTD\data\HLY2502\raw\NABOS_17_01.hex
* Software Version Seasave V 7.26.7.110
* Temperature SN = 6954
* Conductivity SN = 2561
* Number of Bytes Per Scan = 37
* Number of Voltage Words = 4
* Number of Scans Averaged by the Deck Unit = 1
* NMEA Latitude = 77 28.99 N
* NMEA Longitude = 178 18.03 E
* NMEA UTC (Time) = Sep 17 2025  11:26:45
* NMEA baud rate = 9600
** Ship: USCG HEALY
** Bot. Depth:  1260
** Cast Number:  01
** Station Name:  NABOS
** Station Number:  17
** Operator:  STARC
# nquan = 25
# nvalues = 1214                        
# units = specified
# name 0 = depSM: Depth [salt water, m]
# name 1 = latitude: Latitude [deg]
# name 2 = longitude: Longitude [deg]
# name 3 = prDM: Pressure, Digiquartz [db]
# name 4 = t090C: Temperature [ITS-90, deg C]
# name 5 = t190C: Temperature, 2 [ITS-90, deg C]
# name 6 = c0mS/cm: Conductivity [mS/cm]
# name 7 = c1mS/cm: Conductivity, 2 [mS/cm]
# name 8 = sal00: Salinity, Practical [PSU]
# name 9 = sal11: Salinity, Practical, 2 [PSU]
# name 10 = sbox0Mm/Kg: Oxygen, SBE 43 [umol/kg]
# name 11 = sbox1Mm/Kg: Oxygen, SBE 43, 2 [umol/kg]
# name 12 = flECO-AFL: Fluorescence, WET Labs ECO-AFL/FL [mg/m^3]
# name 13 = v2: Voltage 2
# name 14 = wetCDOM: Fluorescence, WET Labs CDOM [mg/m^3]
# name 15 = v6: Voltage 6
# name 16 = CStarAt0: Beam Attenuation, WET Labs C-Star [1/m]
# name 17 = v3: Voltage 3
# name 18 = scan: Scan Count
# name 19 = timeM: Time, Elapsed [minutes]
# name 20 = altM: Altimeter [m]
# name 21 = sbeox0V: Oxygen raw, SBE 43 [V]
# name 22 = sbeox1V: Oxygen raw, SBE 43, 2 [V]
# name 23 = nbin: number of scans per bin
# name 24 = flag: flag
# span 0 =      2.968,   1199.733       
# span 1 =   77.48349,   77.48671       
# span 2 =  178.30118,  178.30651       
# span 3 =      3.000,   1216.000       
# span 4 =    -1.7129,     0.9176       
# span 5 =    -1.7123,     0.9176       
# span 6 =  23.614876,  29.817650       
# span 7 =  23.614865,  29.815873       
# span 8 =    29.3744,    34.8799       
# span 9 =    29.3726,    34.8777       
# span 10 =    282.723,    373.164      
# span 11 =    266.258,    371.243      
# span 12 =    -0.1863,     0.4863      
# span 13 =     4.6039,     4.6743      
# span 14 =     0.0802,     0.1213      
# span 15 =     0.0802,     0.1213      
# span 16 =     0.0125,     0.0733      
# span 17 =     0.0175,     0.0445      
# span 18 =       3862,      40088      
# span 19 =     2.6812,    27.8380      
# span 20 =      81.99,     100.00      
# span 21 =     1.9729,     2.6190      
# span 22 =     1.7179,     2.2898      
# span 23 =          5,         28      
# span 24 = 0.0000e+00, 0.0000e+00      
# interval = decibars: 1                
# start_time = Sep 17 2025 11:26:45 [NMEA time, header]
# bad_flag = -9.990e-29
*END*
[from data line 290]
    289.720   77.48448  178.30294    293.000     0.8935     0.8937  29.781382  29.779781    34.7892    34.7869    295.339    291.779    -0.1320     4.6709     0.0835     0.0835     0.0154     0.0197      14095     9.7875     100.00     2.2942     2.0228         13 0.0000e+00
    290.708   77.48449  178.30294    294.000     0.8968     0.8968  29.785984  29.784331    34.7909    34.7887    295.326    288.278    -0.1346     4.6714     0.0825     0.0825     0.0150     0.0196      14121     9.8057     100.00     2.2941     2.0047         15 0.0000e+00
    291.696   77.48450  178.30294    295.000     0.9002     0.9003  29.791277  29.789556    34.7933    34.7910    295.440    284.803    -0.1366     4.6714     0.0814     0.0814     0.0150     0.0195      14147     9.8238     100.00     2.2948     1.9868         15 0.0000e+00
    292.684   77.48450  178.30294    296.000     0.9004     0.9004  29.791928  29.790226    34.7934    34.7912    295.370    292.535    -0.1349     4.6713     0.0822     0.0822     0.0151     0.0196      14173     9.8419     100.00     2.2941     2.0265         17 0.0000e+00
    293.673   77.48450  178.30296    297.000     0.9001     0.9002  29.792319  29.790622    34.7936    34.7913    295.009    293.391    -0.1630     4.6715     0.0828     0.0828     0.0150     0.0185      14199     9.8600     100.00     2.2916     2.0307         15 0.0000e+00
    294.661   77.48450  178.30296    298.000     0.9001     0.9001  29.792682  29.790850    34.7935    34.7912    294.583    294.690    -0.1630     4.6713     0.0826     0.0826     0.0151     0.0185      14225     9.8781     100.00     2.2888     2.0371         15 0.0000e+00
    295.649   77.48450  178.30296    299.000     0.8996     0.8997  29.792789  29.791057    34.7936    34.7913    294.210    292.398    -0.1370     4.6716     0.0817     0.0817     0.0149     0.0195      14252     9.8964     100.00     2.2863     2.0251         17 0.0000e+00
    296.637   77.48450  178.30296    300.000     0.8983     0.8984  29.792222  29.790474    34.7937    34.7913    294.075    288.594    -0.1457     4.6716     0.0817     0.0817     0.0149     0.0191      14278     9.9143     100.00     2.2852     2.0053         16 0.0000e+00
    297.625   77.48450  178.30296    301.000     0.8981     0.8982  29.792387  29.790716    34.7936    34.7913    294.100    288.596    -0.1511     4.6714     0.0817     0.0817     0.0151     0.0189      14304     9.9324     100.00     2.2851     2.0051         19 0.0000e+00
    298.613   77.48452  178.30298    302.000     0.8982     0.8982  29.792945  29.791221    34.7936    34.7913    293.854    284.971    -0.1577     4.6715     0.0829     0.0829     0.0150     0.0187      14330     9.9505     100.00     2.2834     1.9862         16 0.0000e+00
    299.601   77.48452  178.30298    303.000     0.9016     0.9017  29.797944  29.796208    34.7956    34.7933    293.650    291.784    -0.1709     4.6715     0.0838     0.0838     0.0150     0.0181      14355     9.9684     100.00     2.2821     2.0213         15 0.0000e+00
    300.589   77.48452  178.30298    304.000     0.9066     0.9068  29.804574  29.802987    34.7980    34.7958    293.423    289.377    -0.1414     4.6716     0.0814     0.0814     0.0149     0.0193      14382     9.9868     100.00     2.2808     2.0089         20 0.0000e+00
    301.577   77.48452  178.30298    305.000     0.9118     0.9119  29.810818  29.809210    34.7998    34.7976    293.523    290.110    -0.1815     4.6716     0.0827     0.0827     0.0149     0.0177      14408    10.0047     100.00     2.2814     2.0128         16 0.0000e+00
    302.565   77.48452  178.30299    306.000     0.9122     0.9123  29.811900  29.810203    34.8000    34.7978    293.847    287.555    -0.1558     4.6715     0.0815     0.0815     0.0150     0.0187      14434    10.0229     100.00     2.2832     1.9994         20 0.0000e+00
    303.553   77.48452  178.30300    307.000     0.9121     0.9121  29.812273  29.810564    34.8001    34.7979    294.342    294.974    -0.1362     4.6717     0.0813     0.0813     0.0148     0.0195      14460    10.0410     100.00     2.2860     2.0374         18 0.0000e+00
    304.541   77.48452  178.30300    308.000     0.9127     0.9127  29.813400  29.811770    34.8003    34.7982    294.695    293.400    -0.1513     4.6721     0.0823     0.0823     0.0144     0.0189      14486    10.0590     100.00     2.2879     2.0291         17 0.0000e+00
    305.529   77.48454  178.30300    309.000     0.9144     0.9145  29.816551  29.814980    34.8019    34.7998    294.762    291.289    -0.1728     4.6718     0.0837     0.0837     0.0147     0.0181      14512    10.0772     100.00     2.2882     2.0182         18 0.0000e+00
    306.517   77.48454  178.30300    310.000     0.9140     0.9140  29.817195  29.815474    34.8026    34.8003    294.924    290.830    -0.1391     4.6720     0.0840     0.0840     0.0145     0.0194      14538    10.0953     100.00     2.2889     2.0156         19 0.0000e+00
    307.505   77.48454  178.30300    311.000     0.9134     0.9132  29.817372  29.815387    34.8029    34.8006    294.884    289.824    -0.1707     4.6717     0.0821     0.0821     0.0148     0.0182      14565    10.1137     100.00     2.2884     2.0102         21 0.0000e+00
    308.493   77.48454  178.30302    312.000     0.9114     0.9112  29.816515  29.814576    34.8034    34.8011    294.839    287.587    -0.1702     4.6716     0.0831     0.0831     0.0149     0.0182      14591    10.1320     100.00     2.2878     1.9984         20 0.0000e+00
    309.481   77.48454  178.30302    313.000     0.9092     0.9092  29.815688  29.813978    34.8042    34.8020    294.912    285.977    -0.1653     4.6717     0.0823     0.0823     0.0148     0.0184      14618    10.1504     100.00     2.2879     1.9899         18 0.0000e+00
    310.469   77.48454  178.30302    314.000     0.9086     0.9087  29.815801  29.814053    34.8044    34.8021    294.841    292.970    -0.1701     4.6715     0.0815     0.0815     0.0150     0.0182      14644    10.1690     100.00     2.2872     2.0256         22 0.0000e+00
    311.457   77.48454  178.30302    315.000     0.9095     0.9096  29.817043  29.815299    34.8045    34.8022    294.511    290.028    -0.1703     4.6716     0.0823     0.0823     0.0149     0.0182      14671    10.1873     100.00     2.2850     2.0103         19 0.0000e+00
    312.445   77.48454  178.30303    316.000     0.9096     0.9096  29.817650  29.815873    34.8045    34.8022    294.228    288.260    -0.1367     4.6717     0.0834     0.0834     0.0148     0.0195      14697    10.2057     100.00     2.2830     2.0011         17 0.0000e+00
    313.433   77.48455  178.30304    317.000     0.9062     0.9061  29.815149  29.813235    34.8045    34.8022    293.947    288.418    -0.1711     4.6717     0.0840     0.0840     0.0148     0.0181      14724    10.2241     100.00     2.2810     2.0015         15 0.0000e+00
    314.421   77.48456  178.30304    318.000     0.9008     0.9008  29.810916  29.809148    34.8045    34.8022    293.781    291.655    -0.1673     4.6717     0.0834     0.0834     0.0148     0.0183      14750    10.2426     100.00     2.2794     2.0177         22 0.0000e+00
    315.409   77.48456  178.30304    319.000     0.8983     0.8983  29.809178  29.807419    34.8044    34.8022    293.632    292.925    -0.1699     4.6716     0.0823     0.0823     0.0149     0.0182      14777    10.2610     100.00     2.2781     2.0240         20 0.0000e+00
    316.397   77.48456  178.30304    320.000     0.8951     0.8951  29.806866  29.805013    34.8044    34.8021    293.427    284.701    -0.1703     4.6720     0.0816     0.0816     0.0145     0.0182      14804    10.2796     100.00     2.2765     1.9814         19 0.0000e+00
    317.385   77.48456  178.30304    321.000     0.8907     0.8905  29.803334  29.801401    34.8043    34.8019    293.321    285.427    -0.1491     4.6717     0.0820     0.0820     0.0148     0.0190      14830    10.2977     100.00     2.2754     1.9847         14 0.0000e+00
    318.373   77.48456  178.30306    322.000     0.8837     0.8837  29.797524  29.795806    34.8039    34.8017    293.485    287.431    -0.1329     4.6722     0.0836     0.0836     0.0144     0.0197      14856    10.3161     100.00     2.2758     1.9945         17 0.0000e+00
    319.361   77.48456  178.30306    323.000     0.8777     0.8777  29.792696  29.790825    34.8039    34.8014    293.666    290.453    -0.1729     4.6724     0.0830     0.0830     0.0142     0.0181      14882    10.3344     100.00     2.2764     2.0096         17 0.0000e+00
    320.349   77.48457  178.30306    324.000     0.8730     0.8729  29.788916  29.786999    34.8037    34.8012    293.787    286.780    -0.1544     4.6721     0.0829     0.0829     0.0144     0.0188      14909    10.3528     100.00     2.2766     1.9903         15 0.0000e+00
    321.337   77.48458  178.30306    325.000     0.8690     0.8689  29.785835  29.783958    34.8035    34.8012    293.718    290.086    -0.1510     4.6720     0.0830     0.0830     0.0146     0.0189      14935    10.3711     100.00     2.2758     2.0069         17 0.0000e+00
    322.325   77.48458  178.30307    326.000     0.8658     0.8656  29.783279  29.781400    34.8032    34.8010    293.651    286.417    -0.1492     4.6722     0.0827     0.0827     0.0144     0.0190      14962    10.3892     100.00     2.2750     1.9878         17 0.0000e+00
    323.313   77.48458  178.30308    327.000     0.8606     0.8604  29.779217  29.777269    34.8032    34.8009    293.728    289.609    -0.1563     4.6727     0.0827     0.0827     0.0139     0.0187      14987    10.4070     100.00     2.2749     2.0037         14 0.0000e+00
    324.301   77.48458  178.30308    328.000     0.8582     0.8583  29.777709  29.776031    34.8033    34.8010    293.829    288.928    -0.1349     4.6726     0.0827     0.0827     0.0139     0.0196      15013    10.4251     100.00     2.2752     1.9999         15 0.0000e+00
    325.289   77.48458  178.30308    329.000     0.8518     0.8517  29.772491  29.770566    34.8032    34.8008    294.092    285.179    -0.1696     4.6720     0.0807     0.0807     0.0145     0.0182      15039    10.4431     100.00     2.2762     1.9803         16 0.0000e+00
    326.277   77.48458  178.30310    330.000     0.8454     0.8453  29.767409  29.765425    34.8032    34.8007    294.335    295.944    -0.1473     4.6725     0.0816     0.0816     0.0141     0.0191      15065    10.4610     100.00     2.2771     2.0350         14 0.0000e+00
    327.265   77.48458  178.30310    331.000     0.8423     0.8423  29.765083  29.763165    34.8030    34.8005    294.327    292.183    -0.1562     4.6722     0.0828     0.0828     0.0143     0.0187      15091    10.4790     100.00     2.2767     2.0153         14 0.0000e+00
    328.253   77.48458  178.30310    332.000     0.8352     0.8349  29.759167  29.757052    34.8027    34.8003    294.477    289.556    -0.1488     4.6717     0.0829     0.0829     0.0148     0.0190      15117    10.4971     100.00     2.2770     2.0014         15 0.0000e+00
    329.241   77.48460  178.30310    333.000     0.8250     0.8253  29.750544  29.748903    34.8024    34.7999    294.762    286.813    -0.1729     4.6714     0.0819     0.0819     0.0150     0.0181      15142    10.5148     100.00     2.2780     1.9867         15 0.0000e+00
    330.228   77.48460  178.30311    334.000     0.8203     0.8204  29.746822  29.745102    34.8022    34.7998    294.911    295.547    -0.1762     4.6722     0.0809     0.0809     0.0144     0.0179      15168    10.5329     100.00     2.2784     2.0310         13 0.0000e+00
    331.216   77.48460  178.30312    335.000     0.8168     0.8171  29.744465  29.742951    34.8025    34.8002    294.918    292.944    -0.1715     4.6722     0.0820     0.0820     0.0143     0.0181      15194    10.5510     100.00     2.2780     2.0174         14 0.0000e+00
    332.204   77.48460  178.30312    336.000     0.8161     0.8161  29.744490  29.742684    34.8027    34.8004    295.029    290.889    -0.1718     4.6725     0.0835     0.0835     0.0141     0.0181      15220    10.5687     100.00     2.2784     2.0066         13 0.0000e+00
    333.192   77.48460  178.30312    337.000     0.8162     0.8163  29.745514  29.743831    34.8033    34.8010    295.166    285.261    -0.1751     4.6727     0.0835     0.0835     0.0139     0.0180      15245    10.5860     100.00     2.2790     1.9777         15 0.0000e+00
    334.180   77.48460  178.30313    338.000     0.8212     0.8212  29.750886  29.749143    34.8041    34.8018    295.377    293.730    -0.1712     4.6719     0.0826     0.0826     0.0146     0.0181      15270    10.6033     100.00     2.2803     2.0210         15 0.0000e+00
    335.168   77.48460  178.30314    339.000     0.8207     0.8207  29.750984  29.749245    34.8042    34.8019    295.688    286.659    -0.1695     4.6717     0.0829     0.0829     0.0148     0.0182      15294    10.6204     100.00     2.2820     1.9846         13 0.0000e+00
    336.156   77.48461  178.30314    340.000     0.8195     0.8196  29.750482  29.748751    34.8043    34.8020    295.659    291.628    -0.1745     4.6715     0.0827     0.0827     0.0150     0.0180      15319    10.6377     100.00     2.2815     2.0098         12 0.0000e+00
    337.144   77.48462  178.30314    341.000     0.8181     0.8181  29.749923  29.748143    34.8045    34.8023    295.671    294.338    -0.1547     4.6718     0.0824     0.0824     0.0147     0.0188      15344    10.6549     100.00     2.2813     2.0234         12 0.0000e+00
    338.132   77.48462  178.30314    342.000     0.8168     0.8167  29.749314  29.747437    34.8047    34.8023    295.776    292.121    -0.1570     4.6717     0.0816     0.0816     0.0148     0.0187      15369    10.6724     100.00     2.2816     2.0118         15 0.0000e+00
    339.120   77.48462  178.30315    343.000     0.8149     0.8148  29.748090  29.746272    34.8046    34.8023    295.734    291.373    -0.1404     4.6716     0.0817     0.0817     0.0149     0.0194      15394    10.6894     100.00     2.2810     2.0077         12 0.0000e+00
    340.107   77.48462  178.30316    344.000     0.8122     0.8123  29.746134  29.744419    34.8044    34.8022    295.721    292.045    -0.1343     4.6710     0.0816     0.0816     0.0153     0.0196      15419    10.7069     100.00     2.2806     2.0108         14 0.0000e+00
    341.095   77.48462  178.30316    345.000     0.8109     0.8110  29.745468  29.743659    34.8044    34.8021    295.715    290.515    -0.1646     4.6719     0.0818     0.0818     0.0146     0.0184      15444    10.7242     100.00     2.2802     2.0028         15 0.0000e+00
    342.083   77.48462  178.30316    346.000     0.8075     0.8074  29.742792  29.740958    34.8042    34.8019    295.799    280.725    -0.1336     4.6719     0.0817     0.0817     0.0146     0.0196      15469    10.7414     100.00     2.2803     1.9524         14 0.0000e+00
    343.071   77.48462  178.30318    347.000     0.8031     0.8028  29.739296  29.737376    34.8041    34.8019    295.781    290.254    -0.1743     4.6717     0.0823     0.0823     0.0148     0.0180      15493    10.7584     100.00     2.2797     2.0007         15 0.0000e+00
    344.059   77.48462  178.30318    348.000     0.7962     0.7961  29.733835  29.731758    34.8041    34.8016    295.817    293.465    -0.1691     4.6717     0.0829     0.0829     0.0148     0.0182      15519    10.7761     100.00     2.2793     2.0166         16 0.0000e+00
    345.047   77.48464  178.30318    349.000     0.7912     0.7912  29.729795  29.727934    34.8039    34.8015    295.735    294.487    -0.1731     4.6717     0.0822     0.0822     0.0148     0.0181      15543    10.7932     100.00     2.2784     2.0214         15 0.0000e+00
