Continuous CTD Data/01_SBE Stage/nabos_01_01.ros
* Sea-Bird SBE 9 Data File:
* FileName = D:\CTD\data\HLY2502\raw\NABOS_01_01.hex
* Software Version Seasave V 7.26.7.110
* Temperature SN = 6954
* Conductivity SN = 2561
* Number of Bytes Per Scan = 37
* Number of Voltage Words = 4
* Number of Scans Averaged by the Deck Unit = 1
* NMEA Latitude = 73 46.25 N
* NMEA Longitude = 167 42.69 E
* NMEA UTC (Time) = Sep 13 2025  14:06:01
* NMEA baud rate = 9600
** Ship: USCG HEALY
** Bot. Depth:  45
** Cast Number:  01
** Station Name:  NABOS
** Station Number:  01
** Operator:  STARC
# nquan = 25
# nvalues = 1176                                  
# units = specified
# name 0 = depSM: Depth [salt water, m]
# name 1 = latitude: Latitude [deg]
# name 2 = longitude: Longitude [deg]
# name 3 = prDM: Pressure, Digiquartz [db]
# name 4 = t090C: Temperature [ITS-90, deg C]
# name 5 = t190C: Temperature, 2 [ITS-90, deg C]
# name 6 = c0mS/cm: Conductivity [mS/cm]
# name 7 = c1mS/cm: Conductivity, 2 [mS/cm]
# name 8 = sal00: Salinity, Practical [PSU]
# name 9 = sal11: Salinity, Practical, 2 [PSU]
# name 10 = sbox0Mm/Kg: Oxygen, SBE 43 [umol/kg]
# name 11 = sbox1Mm/Kg: Oxygen, SBE 43, 2 [umol/kg]
# name 12 = flECO-AFL: Fluorescence, WET Labs ECO-AFL/FL [mg/m^3]
# name 13 = v2: Voltage 2
# name 14 = wetCDOM: Fluorescence, WET Labs CDOM [mg/m^3]
# name 15 = v6: Voltage 6
# name 16 = CStarAt0: Beam Attenuation, WET Labs C-Star [1/m]
# name 17 = v3: Voltage 3
# name 18 = scan: Scan Count
# name 19 = timeM: Time, Elapsed [minutes]
# name 20 = altM: Altimeter [m]
# name 21 = sbeox0V: Oxygen raw, SBE 43 [V]
# name 22 = sbeox1V: Oxygen raw, SBE 43, 2 [V]
# name 23 = nbf: Bottles Fired
# name 24 = flag:  0.000e+00
# interval = seconds: 0.0416667
# start_time = Sep 13 2025 14:06:01 [NMEA time, header]
# bad_flag = -9.990e-29
*END*
[from data line 232]
     37.344   73.77052  167.71428     37.737    -1.4624    -1.4626  23.963957  23.963710    29.7232    29.7231    269.109    264.955     0.5960     3.8535     0.1197     0.1197     0.7856     0.0488      10115     7.0236       0.00     2.0146     1.7851          5  0.000e+00
     37.286   73.77052  167.71428     37.679    -1.4624    -1.4626  23.963899  23.963656    29.7232    29.7231    269.107    265.464     0.5960     3.8535     0.1197     0.1197     0.7856     0.0488      10116     7.0243       0.00     2.0146     1.7875          5  0.000e+00
     37.344   73.77052  167.71428     37.737    -1.4626    -1.4626  23.964245  23.963494    29.7238    29.7228    269.325    265.466     0.5960     3.8535     0.1197     0.1197     0.7856     0.0488      10117     7.0250       0.00     2.0158     1.7875          5  0.000e+00
     37.286   73.77052  167.71428     37.679    -1.4624    -1.4626  23.964187  23.963764    29.7236    29.7232    269.106    265.464     0.5960     3.8535     0.1197     0.1197     0.7856     0.0488      10118     7.0257       0.00     2.0146     1.7875          5  0.000e+00
     37.344   73.77052  167.71428     37.737    -1.4622    -1.4626  23.964014  23.963873    29.7231    29.7233    269.107    265.465     0.5960     3.8535     0.1197     0.1197     0.7856     0.0488      10119     7.0264       0.00     2.0146     1.7875          5  0.000e+00
     37.344   73.77052  167.71428     37.737    -1.4623    -1.4629  23.963899  23.964198    29.7230    29.7240    269.108    265.466     0.5655     3.8535     0.1197     0.1197     0.7856     0.0476      10120     7.0271       0.02     2.0146     1.7875          5  0.000e+00
     37.319   73.77052  167.71428     37.712    -1.4623    -1.4628  23.964072  23.964360    29.7233    29.7241    269.323    265.464     0.5350     3.8547     0.1197     0.1197     0.7843     0.0464      10121     7.0278       0.00     2.0158     1.7875          5  0.000e+00
     37.286   73.77052  167.71428     37.679    -1.4624    -1.4629  23.964129  23.964739    29.7235    29.7248    269.106    265.463     0.5350     3.8535     0.1197     0.1197     0.7856     0.0464      10122     7.0285       0.00     2.0146     1.7875          5  0.000e+00
     37.344   73.77052  167.71428     37.737    -1.4623    -1.4629  23.963957  23.965010    29.7231    29.7252    268.892    265.209     0.5044     3.8535     0.1197     0.1197     0.7856     0.0452      10123     7.0292       0.00     2.0134     1.7863          5  0.000e+00
     37.344   73.77052  167.71428     37.737    -1.4621    -1.4632  23.963726  23.965227    29.7226    29.7257    269.108    264.954     0.5350     3.8535     0.1197     0.1197     0.7856     0.0464      10124     7.0299       0.00     2.0146     1.7851          5  0.000e+00
     37.344   73.77052  167.71428     37.737    -1.4622    -1.4632  23.963842  23.965281    29.7229    29.7258    269.108    264.954     0.5350     3.8535     0.1197     0.1197     0.7856     0.0464      10125     7.0306       0.00     2.0146     1.7851          5  0.000e+00
     37.344   73.77052  167.71428     37.737    -1.4624    -1.4634  23.964072  23.965497    29.7234    29.7263    269.108    265.210     0.5350     3.8547     0.1197     0.1197     0.7843     0.0464      10126     7.0313       0.00     2.0146     1.7863          5  0.000e+00
     37.344   73.77052  167.71428     37.737    -1.4624    -1.4633  23.963784  23.965172    29.7230    29.7258    269.109    265.466     0.5350     3.8535     0.1197     0.1197     0.7856     0.0464      10127     7.0319       0.00     2.0146     1.7875          5  0.000e+00
     37.163   73.77052  167.71428     37.555    -1.4627    -1.4624  23.963899  23.962843    29.7236    29.7218    268.672    262.139     0.6876     3.8596     0.1221     0.1221     0.7793     0.0525      10242     7.1118       0.00     2.0122     1.7716          6  0.000e+00
     37.229   73.77052  167.71428     37.621    -1.4624    -1.4623  23.964072  23.962898    29.7234    29.7218    268.888    262.141     0.6876     3.8596     0.1221     0.1221     0.7793     0.0525      10243     7.1125       0.00     2.0134     1.7716          6  0.000e+00
     37.229   73.77052  167.71428     37.621    -1.4627    -1.4624  23.963957  23.962735    29.7236    29.7216    268.675    262.397     0.6876     3.8584     0.1221     0.1221     0.7805     0.0525      10244     7.1132       0.00     2.0122     1.7729          6  0.000e+00
     37.163   73.77052  167.71428     37.555    -1.4627    -1.4624  23.964072  23.962898    29.7238    29.7219    268.672    262.394     0.6571     3.8596     0.1221     0.1221     0.7793     0.0513      10245     7.1139       0.00     2.0122     1.7729          6  0.000e+00
     37.163   73.77052  167.71428     37.555    -1.4626    -1.4623  23.963956  23.962898    29.7235    29.7218    268.671    262.139     0.7181     3.8596     0.1221     0.1221     0.7793     0.0537      10246     7.1146       0.02     2.0122     1.7716          6  0.000e+00
     37.196   73.77052  167.71428     37.588    -1.4627    -1.4624  23.963899  23.962898    29.7236    29.7219    268.674    261.885     0.6571     3.8584     0.1221     0.1221     0.7805     0.0513      10247     7.1153       0.00     2.0122     1.7704          6  0.000e+00
     37.229   73.77052  167.71428     37.621    -1.4626    -1.4626  23.963726  23.962898    29.7231    29.7221    268.674    261.887     0.6876     3.8596     0.1221     0.1221     0.7793     0.0525      10248     7.1160       0.00     2.0122     1.7704          6  0.000e+00
     37.229   73.77052  167.71428     37.621    -1.4629    -1.4621  23.963841  23.962952    29.7236    29.7216    268.892    262.395     0.6876     3.8584     0.1221     0.1221     0.7805     0.0525      10249     7.1167       0.00     2.0134     1.7729          6  0.000e+00
     37.163   73.77052  167.71428     37.555    -1.4626    -1.4623  23.964072  23.962735    29.7236    29.7215    268.887    263.672     0.6876     3.8559     0.1221     0.1221     0.7831     0.0525      10250     7.1174       0.00     2.0134     1.7790          6  0.000e+00
     37.229   73.77052  167.71428     37.621    -1.4627    -1.4622  23.963784  23.963168    29.7234    29.7220    268.891    264.439     0.7181     3.8547     0.1221     0.1221     0.7843     0.0537      10251     7.1181       0.00     2.0134     1.7826          6  0.000e+00
     37.229   73.77052  167.71428     37.621    -1.4629    -1.4623  23.963841  23.962844    29.7236    29.7217    268.676    264.696     0.6876     3.8535     0.1221     0.1221     0.7856     0.0525      10252     7.1188       0.02     2.0122     1.7838          6  0.000e+00
     37.163   73.77052  167.71428     37.555    -1.4627    -1.4623  23.964072  23.963006    29.7238    29.7220    268.888    264.438     0.6876     3.8547     0.1221     0.1221     0.7843     0.0525      10253     7.1194       0.00     2.0134     1.7826          6  0.000e+00
     37.229   73.77052  167.71428     37.621    -1.4627    -1.4626  23.964129  23.962681    29.7239    29.7217    268.674    263.932     0.6876     3.8535     0.1221     0.1221     0.7856     0.0525      10254     7.1201       0.00     2.0122     1.7802          6  0.000e+00
     37.163   73.77052  167.71428     37.555    -1.4627    -1.4623  23.964129  23.963006    29.7239    29.7219    268.888    263.160     0.6876     3.8547     0.1221     0.1221     0.7843     0.0525      10255     7.1208       0.00     2.0134     1.7765          6  0.000e+00
     37.286   73.77052  167.71430     37.679    -1.4627    -1.4623  23.964129  23.962952    29.7238    29.7218    268.676    262.398     0.6876     3.8535     0.1221     0.1221     0.7856     0.0525      10256     7.1215       0.00     2.0122     1.7729          6  0.000e+00
     37.163   73.77052  167.71430     37.555    -1.4627    -1.4623  23.964129  23.962898    29.7239    29.7218    268.888    261.372     0.7486     3.8547     0.1221     0.1221     0.7843     0.0549      10257     7.1222       0.00     2.0134     1.7680          6  0.000e+00
     37.229   73.77052  167.71430     37.621    -1.4626    -1.4623  23.964129  23.963114    29.7237    29.7221    268.673    258.819     0.7486     3.8547     0.1221     0.1221     0.7843     0.0549      10258     7.1229       0.02     2.0122     1.7558          6  0.000e+00
     37.229   73.77052  167.71430     37.621    -1.4626    -1.4623  23.963957  23.962952    29.7235    29.7218    268.890    256.008     0.7486     3.8535     0.1221     0.1221     0.7856     0.0549      10259     7.1236       0.00     2.0134     1.7423          6  0.000e+00
     37.229   73.77052  167.71430     37.621    -1.4627    -1.4621  23.963899  23.962898    29.7235    29.7215    268.675    253.963     0.7486     3.8547     0.1221     0.1221     0.7843     0.0549      10260     7.1243       0.00     2.0122     1.7326          6  0.000e+00
     37.254   73.77052  167.71430     37.646    -1.4626    -1.4623  23.963899  23.962735    29.7234    29.7215    268.675    253.199     0.7792     3.8547     0.1221     0.1221     0.7843     0.0562      10261     7.1250       0.00     2.0122     1.7289          6  0.000e+00
     37.163   73.77052  167.71430     37.555    -1.4626    -1.4621  23.963899  23.962898    29.7234    29.7216    268.671    253.449     0.7486     3.8547     0.1221     0.1221     0.7843     0.0549      10262     7.1257       0.00     2.0122     1.7301          6  0.000e+00
     37.229   73.77052  167.71430     37.621    -1.4627    -1.4620  23.963899  23.962898    29.7235    29.7214    268.675    253.707     0.7486     3.8547     0.1221     0.1221     0.7843     0.0549      10263     7.1264       0.00     2.0122     1.7313          6  0.000e+00
     37.286   73.77052  167.71430     37.679    -1.4627    -1.4620  23.964072  23.962898    29.7237    29.7214    268.893    254.220     0.7486     3.8547     0.1221     0.1221     0.7843     0.0549      10264     7.1271       0.02     2.0134     1.7338          6  0.000e+00
     37.229   73.77052  167.71430     37.621    -1.4626    -1.4623  23.963784  23.963060    29.7232    29.7219    268.674    254.985     0.7181     3.8535     0.1209     0.1209     0.7856     0.0537      10265     7.1278       0.00     2.0122     1.7374          6  0.000e+00
     37.229   73.77052  167.71430     37.621    -1.4627    -1.4622  23.964014  23.962681    29.7237    29.7213    268.891    255.497     0.7486     3.8547     0.1209     0.1209     0.7843     0.0549      10266     7.1285       0.00     2.0134     1.7399          6  0.000e+00
     37.229   73.77052  167.71430     37.621    -1.4627    -1.4621  23.963784  23.962789    29.7234    29.7214    268.675    255.752     0.7486     3.8547     0.1209     0.1209     0.7843     0.0549      10267     7.1292       0.00     2.0122     1.7411          6  0.000e+00
     37.229   73.77052  167.71430     37.621    -1.4627    -1.4622  23.963841  23.962735    29.7235    29.7214    268.675    256.008     0.7792     3.8547     0.1209     0.1209     0.7843     0.0562      10268     7.1299       0.00     2.0122     1.7423          6  0.000e+00
     37.286   73.77052  167.71430     37.679    -1.4627    -1.4623  23.963726  23.962681    29.7233    29.7214    268.894    255.755     0.7486     3.8535     0.1209     0.1209     0.7856     0.0549      10269     7.1306       0.00     2.0134     1.7411          6  0.000e+00
     37.229   73.77052  167.71430     37.621    -1.4627    -1.4621  23.964014  23.962681    29.7237    29.7213    268.675    256.008     0.7181     3.8559     0.1209     0.1209     0.7831     0.0537      10270     7.1312       0.02     2.0122     1.7423          6  0.000e+00
     37.229   73.77052  167.71430     37.621    -1.4627    -1.4623  23.963957  23.962898    29.7236    29.7218    268.891    256.519     0.7486     3.8596     0.1209     0.1209     0.7793     0.0549      10271     7.1319       0.00     2.0134     1.7448          6  0.000e+00
     37.286   73.77052  167.71430     37.679    -1.4627    -1.4620  23.963726  23.962898    29.7233    29.7214    268.678    256.519     0.7486     3.8608     0.1209     0.1209     0.7780     0.0549      10272     7.1326       0.00     2.0122     1.7448          6  0.000e+00
     37.229   73.77052  167.71430     37.621    -1.4627    -1.4623  23.963669  23.963060    29.7232    29.7220    268.892    256.519     0.7486     3.8620     0.1209     0.1209     0.7767     0.0549      10273     7.1333       0.00     2.0134     1.7448          6  0.000e+00
     37.286   73.77052  167.71430     37.679    -1.4623    -1.4623  23.963323  23.962627    29.7223    29.7213    268.892    256.522     0.7792     3.8608     0.1209     0.1209     0.7780     0.0562      10274     7.1340       0.00     2.0134     1.7448          6  0.000e+00
     37.254   73.77052  167.71430     37.646    -1.4624    -1.4623  23.963208  23.962627    29.7223    29.7213    269.108    256.776     0.7486     3.8608     0.1209     0.1209     0.7780     0.0549      10275     7.1347       0.00     2.0146     1.7460          6  0.000e+00
     37.286   73.77052  167.71430     37.679    -1.4623    -1.4625  23.963208  23.962844    29.7221    29.7218    268.892    257.033     0.7486     3.8608     0.1209     0.1209     0.7780     0.0549      10276     7.1354       0.02     2.0134     1.7472          6  0.000e+00
     37.229   73.77052  167.71430     37.621    -1.4624    -1.4623  23.963381  23.962898    29.7225    29.7217    268.674    257.286     0.7181     3.8608     0.1209     0.1209     0.7780     0.0537      10277     7.1361       0.00     2.0122     1.7484          6  0.000e+00
     37.286   73.77052  167.71430     37.679    -1.4622    -1.4623  23.963266  23.962898    29.7221    29.7218    268.676    257.033     0.7181     3.8608     0.1209     0.1209     0.7780     0.0537      10278     7.1368       0.00     2.0122     1.7472          6  0.000e+00
     37.286   73.77052  167.71430     37.679    -1.4621    -1.4623  23.963381  23.962410    29.7222    29.7210    268.675    256.778     0.6876     3.8608     0.1209     0.1209     0.7780     0.0525      10279     7.1375       0.00     2.0122     1.7460          6  0.000e+00
     37.286   73.77052  167.71430     37.679    -1.4626    -1.4624  23.963611  23.962573    29.7230    29.7214    268.677    257.289     0.6571     3.8608     0.1209     0.1209     0.7780     0.0513      10280     7.1382       0.00     2.0122     1.7484          6  0.000e+00
     37.286   73.77052  167.71430     37.679    -1.4624    -1.4622  23.963496  23.962844    29.7226    29.7215    268.676    257.543     0.6571     3.8608     0.1209     0.1209     0.7780     0.0513      10281     7.1389       0.00     2.0122     1.7497          6  0.000e+00
     37.344   73.77052  167.71430     37.737    -1.4624    -1.4621  23.963611  23.962735    29.7228    29.7213    268.894    257.800     0.6571     3.8608     0.1209     0.1209     0.7780     0.0513      10282     7.1396       0.00     2.0134     1.7509          6  0.000e+00
     37.229   73.77052  167.71430     37.621    -1.4624    -1.4623  23.963323  23.962681    29.7224    29.7215    268.675    257.798     0.6571     3.8608     0.1209     0.1209     0.7780     0.0513      10283     7.1403       0.00     2.0122     1.7509          6  0.000e+00
     37.344   73.77052  167.71430     37.737    -1.4623    -1.4623  23.963381  23.962681    29.7223    29.7214    268.678    257.546     0.6876     3.8608     0.1209     0.1209     0.7780     0.0525      10284     7.1410       0.00     2.0122     1.7497          6  0.000e+00
     37.286   73.77052  167.71430     37.679    -1.4623    -1.4623  23.963438  23.962519    29.7224    29.7212    268.892    257.544     0.6571     3.8608     0.1209     0.1209     0.7780     0.0513      10285     7.1417       0.00     2.0134     1.7497          6  0.000e+00
