Continuous CTD Data/01_SBE Stage/nabos_42_01avg.cnv
* Sea-Bird SBE 9 Data File:
* FileName = D:\CTD\data\HLY2502\raw\NABOS_42_01.hex
* Software Version Seasave V 7.26.7.110
* Temperature SN = 6954
* Conductivity SN = 2561
* Number of Bytes Per Scan = 37
* Number of Voltage Words = 4
* Number of Scans Averaged by the Deck Unit = 1
* NMEA Latitude = 80 14.10 N
* NMEA Longitude = 125 56.70 E
* NMEA UTC (Time) = Sep 27 2025  13:25:46
* NMEA baud rate = 9600
** Ship: USCG HEALY
** Bot. Depth:  3554
** Cast Number:  01
** Station Name:  NABOS
** Station Number:  42
** Operator:  STARC
# nquan = 25
# nvalues = 1214                        
# units = specified
# name 0 = depSM: Depth [salt water, m]
# name 1 = latitude: Latitude [deg]
# name 2 = longitude: Longitude [deg]
# name 3 = prDM: Pressure, Digiquartz [db]
# name 4 = t090C: Temperature [ITS-90, deg C]
# name 5 = t190C: Temperature, 2 [ITS-90, deg C]
# name 6 = c0mS/cm: Conductivity [mS/cm]
# name 7 = c1mS/cm: Conductivity, 2 [mS/cm]
# name 8 = sal00: Salinity, Practical [PSU]
# name 9 = sal11: Salinity, Practical, 2 [PSU]
# name 10 = sbox0Mm/Kg: Oxygen, SBE 43 [umol/kg]
# name 11 = sbox1Mm/Kg: Oxygen, SBE 43, 2 [umol/kg]
# name 12 = flECO-AFL: Fluorescence, WET Labs ECO-AFL/FL [mg/m^3]
# name 13 = v2: Voltage 2
# name 14 = wetCDOM: Fluorescence, WET Labs CDOM [mg/m^3]
# name 15 = v6: Voltage 6
# name 16 = CStarAt0: Beam Attenuation, WET Labs C-Star [1/m]
# name 17 = v3: Voltage 3
# name 18 = scan: Scan Count
# name 19 = timeM: Time, Elapsed [minutes]
# name 20 = altM: Altimeter [m]
# name 21 = sbeox0V: Oxygen raw, SBE 43 [V]
# name 22 = sbeox1V: Oxygen raw, SBE 43, 2 [V]
# name 23 = nbin: number of scans per bin
# name 24 = flag: flag
# span 0 =      3.958,   1200.602       
# span 1 =   80.23512,   80.23529       
# span 2 =  125.94629,  125.95330       
# span 3 =      4.000,   1217.000       
# span 4 =    -1.8081,     1.8127       
# span 5 =    -1.8081,     1.8125       
# span 6 =  22.969967,  30.622389       
# span 7 =  22.970201,  30.620341       
# span 8 =    28.4754,    34.9093       
# span 9 =    28.4757,    34.9062       
# span 10 =    287.776,    384.460      
# span 11 =    276.912,    376.035      
# span 12 =    -0.1793,     0.3991      
# span 13 =     4.4995,     4.6321      
# span 14 =     0.0695,     0.1423      
# span 15 =     0.0695,     0.1423      
# span 16 =     0.0490,     0.1651      
# span 17 =     0.0178,     0.0410      
# span 18 =       6659,      42049      
# span 19 =     4.6233,    29.2000      
# span 20 =      10.62,     100.02      
# span 21 =     1.9940,     2.7151      
# span 22 =     1.7704,     2.3587      
# span 23 =          2,         27      
# span 24 = 0.0000e+00, 0.0000e+00      
# interval = decibars: 1                
# start_time = Sep 27 2025 13:25:46 [NMEA time, header]
# bad_flag = -9.990e-29
*END*
[from data line 406]
    405.257   80.23518  125.94874    410.000     1.2178     1.2172  30.180067  30.177299    34.8721    34.8692    293.900    289.739    -0.1689     4.6297     0.0879     0.0879     0.0509     0.0182      19589    13.6030     100.00     2.2756     2.0041         17 0.0000e+00
    406.245   80.23518  125.94874    411.000     1.2106     1.2099  30.174058  30.171154    34.8718    34.8689    293.913    290.100    -0.1650     4.6296     0.0887     0.0887     0.0510     0.0184      19614    13.6204     100.00     2.2751     2.0054         15 0.0000e+00
    407.232   80.23518  125.94874    412.000     1.2070     1.2067  30.171049  30.168547    34.8714    34.8686    293.792    289.669    -0.1358     4.6299     0.0890     0.0890     0.0507     0.0195      19639    13.6377     100.00     2.2740     2.0029         17 0.0000e+00
    408.219   80.23518  125.94876    413.000     1.1962     1.1974  30.161894  30.160664    34.8711    34.8682    293.762    289.827    -0.1654     4.6300     0.0881     0.0881     0.0506     0.0184      19664    13.6550     100.00     2.2730     2.0031         16 0.0000e+00
    409.207   80.23518  125.94876    414.000     1.1925     1.1924  30.159158  30.156738    34.8712    34.8681    293.686    290.158    -0.1462     4.6296     0.0882     0.0882     0.0510     0.0191      19689    13.6723     100.00     2.2722     2.0044         14 0.0000e+00
    410.194   80.23518  125.94876    415.000     1.1890     1.1899  30.156383  30.155007    34.8709    34.8682    293.633    290.187    -0.1661     4.6288     0.0884     0.0884     0.0517     0.0183      19714    13.6897     100.00     2.2714     2.0042         17 0.0000e+00
    411.182   80.23518  125.94876    416.000     1.1958     1.1952  30.162828  30.160234    34.8711    34.8684    293.736    290.185    -0.1711     4.6292     0.0884     0.0884     0.0513     0.0181      19739    13.7069     100.00     2.2721     2.0043         16 0.0000e+00
    412.169   80.23518  125.94876    417.000     1.1916     1.1918  30.159295  30.157190    34.8706    34.8677    293.938    289.721    -0.1765     4.6290     0.0903     0.0903     0.0515     0.0179      19764    13.7241     100.00     2.2729     2.0015         13 0.0000e+00
    413.157   80.23518  125.94878    418.000     1.1850     1.1850  30.154036  30.151820    34.8707    34.8678    294.068    289.777    -0.1714     4.6299     0.0897     0.0897     0.0507     0.0181      19789    13.7414     100.00     2.2731     2.0013         15 0.0000e+00
    414.144   80.23518  125.94878    419.000     1.1823     1.1822  30.152130  30.149842    34.8706    34.8678    294.123    290.186    -0.1670     4.6300     0.0888     0.0888     0.0506     0.0183      19813    13.7586     100.00     2.2731     2.0031         13 0.0000e+00
    415.131   80.23518  125.94878    420.000     1.1784     1.1784  30.149092  30.146810    34.8704    34.8676    294.160    289.646    -0.1714     4.6297     0.0887     0.0887     0.0509     0.0181      19839    13.7761     100.00     2.2729     2.0000         15 0.0000e+00
    416.119   80.23518  125.94878    421.000     1.1725     1.1722  30.144264  30.141728    34.8703    34.8674    294.074    290.333    -0.1357     4.6299     0.0878     0.0878     0.0507     0.0196      19864    13.7934     100.00     2.2718     2.0031         13 0.0000e+00
    417.106   80.23518  125.94880    422.000     1.1625     1.1623  30.135938  30.133460    34.8701    34.8673    294.012    290.089    -0.1668     4.6290     0.0887     0.0887     0.0515     0.0183      19889    13.8110     100.00     2.2707     2.0012         15 0.0000e+00
    418.093   80.23518  125.94880    423.000     1.1610     1.1608  30.135017  30.132610    34.8700    34.8672    293.917    290.383    -0.1618     4.6294     0.0887     0.0887     0.0511     0.0185      19914    13.8283     100.00     2.2698     2.0024         12 0.0000e+00
    419.081   80.23518  125.94880    424.000     1.1598     1.1595  30.134062  30.131601    34.8697    34.8668    294.060    290.019    -0.1423     4.6298     0.0887     0.0887     0.0507     0.0193      19939    13.8460     100.00     2.2704     2.0003         15 0.0000e+00
    420.068   80.23518  125.94880    425.000     1.1575     1.1573  30.132694  30.130415    34.8698    34.8672    294.172    290.115    -0.1682     4.6290     0.0886     0.0886     0.0515     0.0183      19964    13.8633     100.00     2.2707     2.0005         14 0.0000e+00
    421.056   80.23518  125.94882    426.000     1.1619     1.1617  30.137281  30.135137    34.8702    34.8677    294.250    289.804    -0.1468     4.6297     0.0886     0.0886     0.0509     0.0191      19989    13.8804     100.00     2.2712     1.9989         11 0.0000e+00
    422.043   80.23518  125.94882    427.000     1.1630     1.1628  30.138783  30.136505    34.8704    34.8677    294.178    289.518    -0.1261     4.6290     0.0883     0.0883     0.0515     0.0200      20014    13.8980     100.00     2.2706     1.9973         14 0.0000e+00
    423.031   80.23518  125.94883    428.000     1.1635     1.1633  30.139752  30.137489    34.8704    34.8678    294.221    289.910    -0.1331     4.6295     0.0891     0.0891     0.0511     0.0196      20039    13.9156     100.00     2.2706     1.9991         16 0.0000e+00
    424.018   80.23518  125.94884    429.000     1.1641     1.1639  30.141160  30.138793    34.8710    34.8682    294.162    290.399    -0.1305     4.6290     0.0889     0.0889     0.0515     0.0198      20064    13.9328     100.00     2.2701     2.0015         15 0.0000e+00
    425.005   80.23518  125.94884    430.000     1.1584     1.1580  30.137084  30.134316    34.8716    34.8684    294.267    290.386    -0.1636     4.6295     0.0888     0.0888     0.0511     0.0184      20089    13.9498     100.00     2.2702     2.0010         12 0.0000e+00
    425.993   80.23518  125.94884    431.000     1.1538     1.1535  30.133588  30.131137    34.8716    34.8688    294.214    290.619    -0.1752     4.6299     0.0886     0.0886     0.0507     0.0180      20114    13.9675     100.00     2.2694     2.0018         18 0.0000e+00
    426.980   80.23518  125.94885    432.000     1.1521     1.1519  30.132559  30.130119    34.8716    34.8687    294.173    290.080    -0.1587     4.6297     0.0890     0.0890     0.0509     0.0186      20139    13.9845     100.00     2.2688     1.9988         14 0.0000e+00
    427.967   80.23518  125.94886    433.000     1.1518     1.1515  30.133061  30.130640    34.8720    34.8693    294.106    289.940    -0.1353     4.6299     0.0900     0.0900     0.0507     0.0196      20164    14.0017     100.00     2.2682     1.9979         12 0.0000e+00
    428.955   80.23518  125.94886    434.000     1.1516     1.1515  30.133349  30.131087    34.8720    34.8693    294.107    290.103    -0.1426     4.6294     0.0882     0.0882     0.0512     0.0193      20189    14.0194     100.00     2.2680     1.9985         16 0.0000e+00
    429.942   80.23518  125.94886    435.000     1.1427     1.1426  30.126037  30.123485    34.8720    34.8688    294.174    289.645    -0.1634     4.6295     0.0887     0.0887     0.0511     0.0184      20214    14.0367     100.00     2.2677     1.9956         17 0.0000e+00
    430.929   80.23518  125.94887    436.000     1.1304     1.1308  30.115570  30.113578    34.8717    34.8687    294.258    290.343    -0.1692     4.6294     0.0879     0.0879     0.0512     0.0182      20239    14.0538     100.00     2.2673     1.9985         13 0.0000e+00
    431.916   80.23518  125.94888    437.000     1.1186     1.1186  30.105297  30.103046    34.8711    34.8682    294.335    290.086    -0.1612     4.6292     0.0884     0.0884     0.0513     0.0185      20264    14.0713     100.00     2.2669     1.9964         14 0.0000e+00
    432.904   80.23518  125.94888    438.000     1.1106     1.1104  30.098968  30.096630    34.8713    34.8685    294.352    290.660    -0.1690     4.6289     0.0882     0.0882     0.0516     0.0182      20289    14.0889     100.00     2.2664     1.9988         14 0.0000e+00
    433.891   80.23518  125.94888    439.000     1.1086     1.1086  30.097658  30.095284    34.8712    34.8682    294.191    289.900    -0.1355     4.6289     0.0881     0.0881     0.0516     0.0196      20314    14.1062     100.00     2.2651     1.9947         13 0.0000e+00
    434.879   80.23518  125.94890    440.000     1.1045     1.1045  30.094491  30.092267    34.8711    34.8683    294.089    290.133    -0.1655     4.6294     0.0888     0.0888     0.0511     0.0184      20339    14.1235     100.00     2.2641     1.9955         12 0.0000e+00
    435.866   80.23518  125.94890    441.000     1.1020     1.1020  30.092831  30.090494    34.8712    34.8683    294.205    290.111    -0.1338     4.6294     0.0888     0.0888     0.0511     0.0196      20364    14.1411     100.00     2.2644     1.9951         15 0.0000e+00
    436.853   80.23518  125.94890    442.000     1.1029     1.1027  30.094025  30.091836    34.8712    34.8687    294.167    290.453    -0.1653     4.6287     0.0880     0.0880     0.0518     0.0184      20389    14.1585     100.00     2.2640     1.9967         15 0.0000e+00
    437.840   80.23518  125.94890    443.000     1.1042     1.1039  30.095767  30.093406    34.8714    34.8687    294.168    289.870    -0.1570     4.6293     0.0901     0.0901     0.0513     0.0187      20414    14.1758     100.00     2.2638     1.9936         15 0.0000e+00
    438.828   80.23518  125.94892    444.000     1.1050     1.1047  30.097117  30.094595    34.8717    34.8688    294.173    290.140    -0.1448     4.6294     0.0890     0.0890     0.0512     0.0192      20439    14.1931     100.00     2.2637     1.9948         15 0.0000e+00
    439.815   80.23518  125.94892    445.000     1.1031     1.1027  30.095956  30.093314    34.8717    34.8688    294.212    290.445    -0.1506     4.6294     0.0890     0.0890     0.0512     0.0190      20464    14.2102     100.00     2.2636     1.9960         13 0.0000e+00
    440.802   80.23518  125.94892    446.000     1.0991     1.0989  30.092944  30.090562    34.8718    34.8689    294.176    290.373    -0.1530     4.6295     0.0891     0.0891     0.0510     0.0189      20489    14.2275     100.00     2.2629     1.9953         13 0.0000e+00
    441.790   80.23518  125.94892    447.000     1.0982     1.0979  30.092681  30.090262    34.8718    34.8690    294.014    289.282    -0.1435     4.6290     0.0896     0.0896     0.0515     0.0192      20514    14.2448     100.00     2.2617     1.9896         14 0.0000e+00
    442.777   80.23518  125.94892    448.000     1.0988     1.0985  30.093910  30.091354    34.8721    34.8692    293.983    289.855    -0.1635     4.6284     0.0892     0.0892     0.0520     0.0185      20538    14.2621     100.00     2.2613     1.9923         12 0.0000e+00
    443.764   80.23518  125.94894    449.000     1.0901     1.0898  30.086440  30.083924    34.8716    34.8687    293.949    290.097    -0.1329     4.6291     0.0890     0.0890     0.0514     0.0197      20563    14.2794     100.00     2.2604     1.9930         15 0.0000e+00
    444.752   80.23518  125.94894    450.000     1.0758     1.0759  30.074486  30.072125    34.8717    34.8685    293.897    289.745    -0.1658     4.6291     0.0893     0.0893     0.0514     0.0184      20589    14.2970     100.00     2.2591     1.9904         17 0.0000e+00
    445.739   80.23520  125.94894    451.000     1.0673     1.0671  30.067465  30.064954    34.8715    34.8686    293.789    290.135    -0.1672     4.6288     0.0900     0.0900     0.0517     0.0183      20614    14.3144     100.00     2.2578     1.9918         14 0.0000e+00
    446.726   80.23520  125.94895    452.000     1.0625     1.0622  30.063407  30.060889    34.8711    34.8682    293.832    290.549    -0.1568     4.6285     0.0900     0.0900     0.0520     0.0187      20638    14.3313     100.00     2.2576     1.9935         12 0.0000e+00
    447.713   80.23520  125.94896    453.000     1.0515     1.0507  30.054119  30.051110    34.8708    34.8679    293.941    290.895    -0.1460     4.6289     0.0890     0.0890     0.0516     0.0191      20663    14.3490     100.00     2.2575     1.9946         13 0.0000e+00
    448.701   80.23520  125.94896    454.000     1.0483     1.0480  30.051762  30.049321    34.8708    34.8680    293.827    290.564    -0.1730     4.6286     0.0888     0.0888     0.0518     0.0181      20688    14.3663     100.00     2.2564     1.9926         13 0.0000e+00
    449.688   80.23520  125.94896    455.000     1.0435     1.0432  30.047726  30.045268    34.8705    34.8676    293.795    290.176    -0.1702     4.6292     0.0899     0.0899     0.0513     0.0182      20713    14.3836     100.00     2.2557     1.9902         11 0.0000e+00
    450.675   80.23520  125.94897    456.000     1.0373     1.0373  30.042981  30.040836    34.8706    34.8679    293.803    290.149    -0.1458     4.6293     0.0887     0.0887     0.0512     0.0192      20739    14.4012     100.00     2.2553     1.9897         14 0.0000e+00
    451.662   80.23520  125.94898    457.000     1.0393     1.0391  30.045652  30.043266    34.8712    34.8685    293.774    289.519    -0.1555     4.6291     0.0899     0.0899     0.0514     0.0188      20763    14.4183     100.00     2.2550     1.9863         13 0.0000e+00
    452.649   80.23520  125.94898    458.000     1.0463     1.0461  30.052968  30.050718    34.8723    34.8696    293.712    290.234    -0.1375     4.6293     0.0891     0.0891     0.0512     0.0195      20789    14.4361     100.00     2.2547     1.9901         18 0.0000e+00
    453.637   80.23520  125.94898    459.000     1.0483     1.0481  30.055195  30.052767    34.8724    34.8694    293.616    290.408    -0.1607     4.6291     0.0875     0.0875     0.0515     0.0185      20813    14.4531     100.00     2.2540     1.9909         13 0.0000e+00
    454.624   80.23520  125.94899    460.000     1.0478     1.0476  30.055322  30.052912    34.8724    34.8696    293.617    289.848    -0.1670     4.6290     0.0882     0.0882     0.0516     0.0183      20839    14.4706     100.00     2.2537     1.9878         16 0.0000e+00
    455.611   80.23520  125.94900    461.000     1.0492     1.0489  30.057054  30.054723    34.8726    34.8699    293.634    290.018    -0.1651     4.6290     0.0882     0.0882     0.0515     0.0184      20863    14.4877     100.00     2.2536     1.9885         15 0.0000e+00
    456.598   80.23520  125.94900    462.000     1.0489     1.0486  30.057277  30.054768    34.8726    34.8697    293.688    289.782    -0.1475     4.6293     0.0886     0.0886     0.0512     0.0191      20888    14.5050     100.00     2.2538     1.9871         15 0.0000e+00
    457.585   80.23520  125.94900    463.000     1.0442     1.0439  30.053557  30.051010    34.8725    34.8696    293.589    289.679    -0.1715     4.6292     0.0892     0.0892     0.0514     0.0181      20914    14.5226     100.00     2.2527     1.9862         20 0.0000e+00
    458.573   80.23520  125.94902    464.000     1.0344     1.0342  30.045115  30.042691    34.8720    34.8690    293.553    290.058    -0.1735     4.6296     0.0880     0.0880     0.0509     0.0180      20939    14.5400     100.00     2.2517     1.9875         19 0.0000e+00
    459.560   80.23520  125.94902    465.000     1.0184     1.0170  30.031382  30.027730    34.8716    34.8684    293.483    289.788    -0.1460     4.6294     0.0890     0.0890     0.0512     0.0191      20963    14.5572     100.00     2.2503     1.9852         17 0.0000e+00
    460.547   80.23520  125.94902    466.000     1.0020     1.0027  30.016989  30.015372    34.8708    34.8680    293.575    289.774    -0.1300     4.6295     0.0899     0.0899     0.0510     0.0198      20989    14.5748     100.00     2.2498     1.9844         21 0.0000e+00
