Continuous CTD Data/01_SBE Stage/nabos_29_01.ros
* Sea-Bird SBE 9 Data File:
* FileName = D:\CTD\data\HLY2502\raw\NABOS_29_01.hex
* Software Version Seasave V 7.26.7.110
* Temperature SN = 6954
* Conductivity SN = 2561
* Number of Bytes Per Scan = 37
* Number of Voltage Words = 4
* Number of Scans Averaged by the Deck Unit = 1
* NMEA Latitude = 80 31.69 N
* NMEA Longitude = 150 58.43 E
* NMEA UTC (Time) = Sep 22 2025  04:33:58
* NMEA baud rate = 9600
** Ship: USCG HEALY
** Bot. Depth:  2015
** Cast Number:  01
** Station Name:  NABOS
** Station Number:  29
** Operator:  STARC
# nquan = 25
# nvalues = 1127                                  
# units = specified
# name 0 = depSM: Depth [salt water, m]
# name 1 = latitude: Latitude [deg]
# name 2 = longitude: Longitude [deg]
# name 3 = prDM: Pressure, Digiquartz [db]
# name 4 = t090C: Temperature [ITS-90, deg C]
# name 5 = t190C: Temperature, 2 [ITS-90, deg C]
# name 6 = c0mS/cm: Conductivity [mS/cm]
# name 7 = c1mS/cm: Conductivity, 2 [mS/cm]
# name 8 = sal00: Salinity, Practical [PSU]
# name 9 = sal11: Salinity, Practical, 2 [PSU]
# name 10 = sbox0Mm/Kg: Oxygen, SBE 43 [umol/kg]
# name 11 = sbox1Mm/Kg: Oxygen, SBE 43, 2 [umol/kg]
# name 12 = flECO-AFL: Fluorescence, WET Labs ECO-AFL/FL [mg/m^3]
# name 13 = v2: Voltage 2
# name 14 = wetCDOM: Fluorescence, WET Labs CDOM [mg/m^3]
# name 15 = v6: Voltage 6
# name 16 = CStarAt0: Beam Attenuation, WET Labs C-Star [1/m]
# name 17 = v3: Voltage 3
# name 18 = scan: Scan Count
# name 19 = timeM: Time, Elapsed [minutes]
# name 20 = altM: Altimeter [m]
# name 21 = sbeox0V: Oxygen raw, SBE 43 [V]
# name 22 = sbeox1V: Oxygen raw, SBE 43, 2 [V]
# name 23 = nbf: Bottles Fired
# name 24 = flag:  0.000e+00
# interval = seconds: 0.0416667
# start_time = Sep 22 2025 04:33:58 [NMEA time, header]
# bad_flag = -9.990e-29
*END*
[from data line 986]
     26.108   80.52018  151.00444     26.389    -1.6883    -1.6885  24.833899  24.832025    31.1514    31.1490    373.649    365.005     0.1992     4.5824     0.1148     0.1148     0.0920     0.0330     116916    81.1910     100.00     2.6183     2.2735         21  0.000e+00
     25.993   80.52018  151.00444     26.273    -1.6885    -1.6886  24.834073  24.831970    31.1519    31.1491    373.643    365.000     0.1992     4.5824     0.1160     0.1160     0.0920     0.0330     116917    81.1917     100.00     2.6183     2.2735         21  0.000e+00
     26.050   80.52018  151.00444     26.331    -1.6885    -1.6886  24.834307  24.831860    31.1522    31.1489    373.860    365.003     0.1992     4.5824     0.1148     0.1148     0.0920     0.0330     116918    81.1924     100.00     2.6195     2.2735         21  0.000e+00
     25.993   80.52018  151.00444     26.273    -1.6883    -1.6885  24.834190  24.832189    31.1519    31.1493    373.856    364.998     0.1992     4.5824     0.1148     0.1148     0.0920     0.0330     116919    81.1931     100.00     2.6195     2.2735         21  0.000e+00
     25.993   80.52018  151.00444     26.273    -1.6885    -1.6886  24.833957  24.832189    31.1517    31.1494    373.644    365.253     0.1992     4.5824     0.1148     0.1148     0.0920     0.0330     116920    81.1937     100.00     2.6183     2.2747         21  0.000e+00
     26.050   80.52018  151.00444     26.331    -1.6885    -1.6885  24.833898  24.832299    31.1516    31.1494    373.862    365.255     0.1992     4.5824     0.1148     0.1148     0.0920     0.0330     116921    81.1944     100.00     2.6195     2.2747         21  0.000e+00
     26.009   80.52018  151.00444     26.289    -1.6885    -1.6888  24.834073  24.832189    31.1519    31.1496    373.859    365.001     0.1992     4.5824     0.1148     0.1148     0.0920     0.0330     116922    81.1951     100.00     2.6195     2.2735         21  0.000e+00
     26.050   80.52018  151.00444     26.331    -1.6885    -1.6886  24.833957  24.832299    31.1517    31.1495    373.647    365.001     0.1687     4.5812     0.1148     0.1148     0.0931     0.0317     116923    81.1958     100.00     2.6183     2.2735         21  0.000e+00
     25.993   80.52018  151.00444     26.273    -1.6883    -1.6885  24.834073  24.832573    31.1517    31.1498    373.856    364.488     0.1992     4.5824     0.1148     0.1148     0.0920     0.0330     116924    81.1965     100.00     2.6195     2.2710         21  0.000e+00
     26.050   80.52018  151.00444     26.331    -1.6883    -1.6886  24.833957  24.832409    31.1515    31.1497    373.645    364.239     0.1992     4.5824     0.1148     0.1148     0.0920     0.0330     116925    81.1972     100.00     2.6183     2.2698         21  0.000e+00
     25.993   80.52018  151.00444     26.273    -1.6883    -1.6886  24.834248  24.832354    31.1520    31.1496    373.856    363.474     0.1992     4.5824     0.1148     0.1148     0.0920     0.0330     116926    81.1979     100.00     2.6195     2.2661         21  0.000e+00
     26.050   80.52018  151.00444     26.331    -1.6887    -1.6885  24.834190  24.832189    31.1522    31.1492    373.647    363.223     0.1992     4.5824     0.1160     0.1160     0.0920     0.0330     116927    81.1986     100.00     2.6183     2.2649         21  0.000e+00
     26.009   80.52016  151.00446     26.289    -1.6887    -1.6886  24.833957  24.832134    31.1519    31.1493    373.861    363.476     0.1992     4.5824     0.1172     0.1172     0.0920     0.0330     116928    81.1993     100.00     2.6195     2.2661         21  0.000e+00
     26.050   80.52016  151.00446     26.331    -1.6887    -1.6886  24.834073  24.832299    31.1520    31.1495    373.862    363.985     0.1992     4.5824     0.1172     0.1172     0.0920     0.0330     116929    81.2000     100.00     2.6195     2.2686         21  0.000e+00
     25.993   80.52016  151.00446     26.273    -1.6885    -1.6886  24.834306  24.832189    31.1522    31.1494    373.642    364.237     0.1992     4.5824     0.1172     0.1172     0.0920     0.0330     116930    81.2007     100.00     2.6183     2.2698         21  0.000e+00
     25.993   80.52016  151.00446     26.273    -1.6885    -1.6886  24.834190  24.832299    31.1520    31.1496    373.857    363.982     0.1992     4.5824     0.1172     0.1172     0.0920     0.0330     116931    81.2014     100.00     2.6195     2.2686         21  0.000e+00
     26.050   80.52016  151.00446     26.331    -1.6885    -1.6885  24.833957  24.832354    31.1517    31.1495    373.647    363.984     0.1992     4.5812     0.1172     0.1172     0.0931     0.0330     116932    81.2021     100.00     2.6183     2.2686         21  0.000e+00
     26.050   80.52016  151.00446     26.331    -1.6883    -1.6886  24.834073  24.832354    31.1517    31.1496    373.645    363.731     0.1992     4.5824     0.1172     0.1172     0.0920     0.0330     116933    81.2028     100.00     2.6183     2.2674         21  0.000e+00
     26.009   80.52016  151.00446     26.289    -1.6883    -1.6885  24.833723  24.832354    31.1512    31.1495    373.644    363.220     0.1992     4.5824     0.1172     0.1172     0.0920     0.0330     116934    81.2035     100.00     2.6183     2.2649         21  0.000e+00
     25.993   80.52016  151.00446     26.273    -1.6885    -1.6888  24.833957  24.832354    31.1517    31.1498    373.644    363.476     0.1992     4.5824     0.1172     0.1172     0.0920     0.0330     116935    81.2042     100.00     2.6183     2.2661         21  0.000e+00
     26.050   80.52016  151.00446     26.331    -1.6883    -1.6886  24.834132  24.832354    31.1518    31.1496    373.644    363.223     0.1992     4.5824     0.1172     0.1172     0.0920     0.0330     116936    81.2049     100.00     2.6183     2.2649         21  0.000e+00
     25.993   80.52016  151.00446     26.273    -1.6885    -1.6885  24.834131  24.832189    31.1520    31.1493    373.643    363.220     0.1992     4.5824     0.1172     0.1172     0.0920     0.0330     116937    81.2056     100.00     2.6183     2.2649         21  0.000e+00
     26.050   80.52016  151.00446     26.331    -1.6885    -1.6885  24.833957  24.832299    31.1517    31.1494    373.647    362.206     0.1992     4.5824     0.1172     0.1172     0.0920     0.0330     116938    81.2062     100.00     2.6183     2.2600         21  0.000e+00
     26.050   80.52016  151.00446     26.331    -1.6883    -1.6885  24.833898  24.832518    31.1514    31.1497    373.645    360.935     0.1992     4.5824     0.1172     0.1172     0.0920     0.0330     116939    81.2069     100.00     2.6183     2.2539         21  0.000e+00
     25.993   80.52016  151.00446     26.273    -1.6887    -1.6886  24.833898  24.832244    31.1518    31.1495    373.645    359.918     0.1992     4.5824     0.1172     0.1172     0.0920     0.0330     116940    81.2076     100.00     2.6183     2.2490         21  0.000e+00
     26.009   80.52016  151.00446     26.290    -1.6885    -1.6886  24.833898  24.832134    31.1516    31.1493    373.645    359.665     0.1992     4.5824     0.1172     0.1172     0.0920     0.0330     116941    81.2083     100.00     2.6183     2.2478         21  0.000e+00
     26.050   80.52016  151.00446     26.331    -1.6887    -1.6886  24.834073  24.832135    31.1520    31.1493    373.647    359.922     0.1992     4.5824     0.1172     0.1172     0.0920     0.0330     116942    81.2090     100.00     2.6183     2.2490         21  0.000e+00
     25.993   80.52016  151.00446     26.273    -1.6885    -1.6885  24.833723  24.832134    31.1514    31.1492    373.644    360.172     0.1992     4.5824     0.1172     0.1172     0.0920     0.0330     116943    81.2097     100.00     2.6183     2.2503         21  0.000e+00
     26.050   80.52016  151.00446     26.331    -1.6883    -1.6885  24.833782  24.832135    31.1513    31.1492    373.646    360.683     0.1687     4.5824     0.1172     0.1172     0.0920     0.0317     116944    81.2104     100.00     2.6183     2.2527         21  0.000e+00
     25.993   80.52016  151.00446     26.273    -1.6885    -1.6886  24.833898  24.832134    31.1516    31.1493    373.858    361.189     0.1992     4.5824     0.1172     0.1172     0.0920     0.0330     116945    81.2111     100.00     2.6195     2.2552         21  0.000e+00
     26.050   80.52016  151.00446     26.331    -1.6883    -1.6885  24.833898  24.832299    31.1514    31.1494    373.645    361.698     0.1687     4.5824     0.1172     0.1172     0.0920     0.0317     116946    81.2118     100.00     2.6183     2.2576         21  0.000e+00
     26.009   80.52016  151.00446     26.290    -1.6883    -1.6886  24.834073  24.831970    31.1517    31.1491    373.642    362.206     0.1992     4.5824     0.1160     0.1160     0.0920     0.0330     116947    81.2125     100.00     2.6183     2.2600         21  0.000e+00
     25.993   80.52016  151.00446     26.273    -1.6885    -1.6886  24.833782  24.832080    31.1515    31.1493    373.644    361.951     0.1992     4.5824     0.1172     0.1172     0.0920     0.0330     116948    81.2132     100.00     2.6183     2.2588         21  0.000e+00
     26.050   80.52016  151.00446     26.331    -1.6883    -1.6885  24.834190  24.832135    31.1518    31.1492    373.859    361.953     0.1992     4.5824     0.1172     0.1172     0.0920     0.0330     116949    81.2139     100.00     2.6195     2.2588         21  0.000e+00
     25.993   80.52016  151.00446     26.273    -1.6885    -1.6886  24.834015  24.832134    31.1518    31.1493    373.643    361.951     0.1992     4.5824     0.1172     0.1172     0.0920     0.0330     116950    81.2146     100.00     2.6183     2.2588         21  0.000e+00
     25.993   80.52016  151.00446     26.273    -1.6885    -1.6888  24.834073  24.831915    31.1519    31.1492    373.643    361.953     0.2297     4.5824     0.1172     0.1172     0.0920     0.0342     116951    81.2153     100.00     2.6183     2.2588         21  0.000e+00
     26.050   80.52016  151.00446     26.331    -1.6883    -1.6886  24.833723  24.831860    31.1512    31.1489    373.646    362.209     0.1992     4.5812     0.1172     0.1172     0.0931     0.0330     116952    81.2160     100.00     2.6183     2.2600         21  0.000e+00
     26.050   80.52016  151.00446     26.331    -1.6884    -1.6886  24.833957  24.832080    31.1516    31.1492    373.645    362.462     0.1992     4.5812     0.1160     0.1160     0.0931     0.0330     116953    81.2167     100.00     2.6183     2.2613         21  0.000e+00
     26.009   80.52016  151.00446     26.290    -1.6887    -1.6885  24.834306  24.832134    31.1524    31.1492    373.859    362.204     0.1992     4.5824     0.1160     0.1160     0.0920     0.0330     116954    81.2174     100.00     2.6195     2.2600         21  0.000e+00
     26.050   80.52016  151.00446     26.331    -1.6885    -1.6886  24.834015  24.832299    31.1518    31.1495    373.646    362.207     0.1992     4.5812     0.1148     0.1148     0.0931     0.0330     116955    81.2181     100.00     2.6183     2.2600         21  0.000e+00
     25.993   80.52016  151.00446     26.273    -1.6883    -1.6885  24.834248  24.832025    31.1520    31.1491    373.855    361.696     0.1992     4.5824     0.1160     0.1160     0.0920     0.0330     116956    81.2188     100.00     2.6195     2.2576         21  0.000e+00
     25.993   80.52016  151.00446     26.273    -1.6885    -1.6886  24.834190  24.832080    31.1520    31.1493    373.642    361.443     0.1992     4.5824     0.1148     0.1148     0.0920     0.0330     116957    81.2194     100.00     2.6183     2.2564         21  0.000e+00
     26.050   80.52016  151.00446     26.331    -1.6885    -1.6885  24.834307  24.832299    31.1522    31.1494    373.859    361.698     0.1992     4.5812     0.1148     0.1148     0.0931     0.0330     116958    81.2201     100.00     2.6195     2.2576         21  0.000e+00
      9.935   80.51994  151.00492     10.041    -1.5550    -1.5577  23.502699  23.568739    29.2030    29.2956    369.466    355.267     0.4739     4.5177     0.1575     0.1575     0.1489     0.0440     119377    82.9000       0.00     2.5754     2.2123         22  0.000e+00
     10.050   80.51994  151.00492     10.158    -1.5553    -1.5570  23.503385  23.569655    29.2042    29.2961    369.472    355.520     0.4739     4.5201     0.1575     0.1575     0.1468     0.0440     119378    82.9007       1.56     2.5754     2.2135         22  0.000e+00
      9.984   80.51994  151.00492     10.091    -1.5551    -1.5567  23.503499  23.570031    29.2042    29.2964    369.250    355.512     0.4739     4.5201     0.1575     0.1575     0.1468     0.0440     119379    82.9014       2.42     2.5742     2.2135         22  0.000e+00
      9.992   80.51994  151.00492     10.099    -1.5555    -1.5565  23.503271  23.569601    29.2043    29.2955    369.471    355.513     0.4434     4.5201     0.1587     0.1587     0.1468     0.0427     119380    82.9021       2.52     2.5754     2.2135         22  0.000e+00
      9.927   80.51994  151.00492     10.033    -1.5558    -1.5574  23.504300  23.569170    29.2060    29.2959    369.466    355.519     0.4434     4.5189     0.1587     0.1587     0.1479     0.0427     119381    82.9028       2.44     2.5754     2.2135         22  0.000e+00
      9.992   80.51994  151.00492     10.100    -1.5563    -1.5590  23.506416  23.568632    29.2093    29.2967    369.465    355.537     0.4434     4.5201     0.1587     0.1587     0.1468     0.0427     119382    82.9035       2.39     2.5754     2.2135         22  0.000e+00
     10.050   80.51994  151.00492     10.158    -1.5564    -1.5601  23.508189  23.568794    29.2118    29.2980    369.462    355.548     0.4739     4.5201     0.1587     0.1587     0.1468     0.0440     119383    82.9042       2.39     2.5754     2.2135         22  0.000e+00
      9.935   80.51994  151.00492     10.041    -1.5568    -1.5610  23.509847  23.568147    29.2146    29.2980    369.453    355.296     0.4739     4.5201     0.1587     0.1587     0.1468     0.0440     119384    82.9049       2.39     2.5754     2.2123         22  0.000e+00
      9.984   80.51994  151.00492     10.091    -1.5578    -1.5616  23.510762  23.567286    29.2168    29.2974    369.461    355.307     0.4434     4.5201     0.1587     0.1587     0.1468     0.0427     119385    82.9056       2.39     2.5754     2.2123         22  0.000e+00
     10.058   80.51994  151.00492     10.166    -1.5587    -1.5616  23.510991  23.566640    29.2179    29.2965    369.471    355.313     0.4739     4.5189     0.1563     0.1563     0.1479     0.0440     119386    82.9063      33.43     2.5754     2.2123         22  0.000e+00
      9.927   80.51994  151.00492     10.033    -1.5582    -1.5617  23.510819  23.566371    29.2173    29.2963    369.244    355.052     0.4434     4.5201     0.1514     0.1514     0.1468     0.0427     119387    82.9069      86.28     2.5742     2.2110         22  0.000e+00
      9.992   80.51994  151.00492     10.100    -1.5578    -1.5614  23.510934  23.566156    29.2170    29.2957    369.244    355.054     0.4434     4.5201     0.1404     0.1404     0.1468     0.0427     119388    82.9076     100.00     2.5742     2.2110         22  0.000e+00
      9.984   80.51994  151.00492     10.091    -1.5588    -1.5616  23.510991  23.565940    29.2181    29.2956    369.252    355.055     0.4434     4.5189     0.1392     0.1392     0.1479     0.0427     119389    82.9083     100.00     2.5742     2.2110         22  0.000e+00
      9.992   80.51994  151.00492     10.100    -1.5590    -1.5613  23.510820  23.565671    29.2180    29.2949    369.254    355.054     0.4129     4.5201     0.1392     0.1392     0.1468     0.0415     119390    82.9090     100.00     2.5742     2.2110         22  0.000e+00
