Continuous CTD Data/01_SBE Stage/nabos_08_01.ros
* Sea-Bird SBE 9 Data File:
* FileName = D:\CTD\data\HLY2502\raw\NABOS_08_01.hex
* Software Version Seasave V 7.26.7.110
* Temperature SN = 6954
* Conductivity SN = 2561
* Number of Bytes Per Scan = 37
* Number of Voltage Words = 4
* Number of Scans Averaged by the Deck Unit = 1
* NMEA Latitude = 76 01.68 N
* NMEA Longitude = 176 49.39 E
* NMEA UTC (Time) = Sep 14 2025  20:51:02
* NMEA baud rate = 9600
** Ship: USCG HEALY
** Bot. Depth:  554
** Cast Number:  01
** Station Name:  NABOS
** Station Number:  08
** Operator:  STARC
# nquan = 25
# nvalues = 1176                                  
# units = specified
# name 0 = depSM: Depth [salt water, m]
# name 1 = latitude: Latitude [deg]
# name 2 = longitude: Longitude [deg]
# name 3 = prDM: Pressure, Digiquartz [db]
# name 4 = t090C: Temperature [ITS-90, deg C]
# name 5 = t190C: Temperature, 2 [ITS-90, deg C]
# name 6 = c0mS/cm: Conductivity [mS/cm]
# name 7 = c1mS/cm: Conductivity, 2 [mS/cm]
# name 8 = sal00: Salinity, Practical [PSU]
# name 9 = sal11: Salinity, Practical, 2 [PSU]
# name 10 = sbox0Mm/Kg: Oxygen, SBE 43 [umol/kg]
# name 11 = sbox1Mm/Kg: Oxygen, SBE 43, 2 [umol/kg]
# name 12 = flECO-AFL: Fluorescence, WET Labs ECO-AFL/FL [mg/m^3]
# name 13 = v2: Voltage 2
# name 14 = wetCDOM: Fluorescence, WET Labs CDOM [mg/m^3]
# name 15 = v6: Voltage 6
# name 16 = CStarAt0: Beam Attenuation, WET Labs C-Star [1/m]
# name 17 = v3: Voltage 3
# name 18 = scan: Scan Count
# name 19 = timeM: Time, Elapsed [minutes]
# name 20 = altM: Altimeter [m]
# name 21 = sbeox0V: Oxygen raw, SBE 43 [V]
# name 22 = sbeox1V: Oxygen raw, SBE 43, 2 [V]
# name 23 = nbf: Bottles Fired
# name 24 = flag:  0.000e+00
# interval = seconds: 0.0416667
# start_time = Sep 14 2025 20:51:02 [NMEA time, header]
# bad_flag = -9.990e-29
*END*
[from data line 638]
     39.887   76.03200  176.80884     40.312    -1.6249    -1.6284  25.188320  25.214108    31.5639    31.6031    360.736    349.672     0.1381     4.6349     0.1172     0.1172     0.0464     0.0305      64587    44.8514     100.00     2.5518     2.2058         14  0.000e+00
     39.944   76.03200  176.80884     40.370    -1.6252    -1.6283  25.188496  25.213888    31.5645    31.6027    360.527    349.928     0.1076     4.6361     0.1172     0.1172     0.0453     0.0293      64588    44.8521     100.00     2.5505     2.2070         14  0.000e+00
     39.887   76.03200  176.80884     40.312    -1.6252    -1.6283  25.188378  25.213667    31.5643    31.6024    360.739    349.926     0.1381     4.6361     0.1172     0.1172     0.0453     0.0305      64589    44.8528     100.00     2.5518     2.2070         14  0.000e+00
     39.944   76.03200  176.80884     40.370    -1.6252    -1.6283  25.188320  25.214163    31.5642    31.6031    360.741    349.926     0.1381     4.6349     0.1172     0.1172     0.0464     0.0305      64590    44.8535     100.00     2.5518     2.2070         14  0.000e+00
     39.854   76.03200  176.80884     40.278    -1.6255    -1.6283  25.188261  25.213998    31.5645    31.6029    360.954    349.670     0.1381     4.6349     0.1172     0.1172     0.0464     0.0305      64591    44.8542     100.00     2.5530     2.2058         14  0.000e+00
     39.887   76.03200  176.80884     40.312    -1.6250    -1.6281  25.188437  25.213667    31.5642    31.6022    360.737    349.671     0.1381     4.6349     0.1172     0.1172     0.0464     0.0305      64592    44.8549     100.00     2.5518     2.2058         14  0.000e+00
     39.944   76.03200  176.80884     40.370    -1.6254    -1.6281  25.188906  25.213612    31.5652    31.6020    360.741    349.420     0.1381     4.6361     0.1172     0.1172     0.0453     0.0305      64593    44.8556     100.00     2.5518     2.2046         14  0.000e+00
     39.887   76.03200  176.80884     40.312    -1.6252    -1.6280  25.189199  25.213226    31.5655    31.6015    360.736    349.419     0.1381     4.6361     0.1172     0.1172     0.0453     0.0305      64594    44.8563     100.00     2.5518     2.2046         14  0.000e+00
     39.887   76.03200  176.80884     40.311    -1.6254    -1.6283  25.189492  25.213281    31.5660    31.6019    360.736    349.421     0.1076     4.6361     0.1172     0.1172     0.0453     0.0293      64595    44.8569     100.00     2.5518     2.2046         14  0.000e+00
     39.944   76.03200  176.80884     40.370    -1.6253    -1.6281  25.189375  25.213171    31.5658    31.6015    360.739    349.169     0.1381     4.6361     0.1172     0.1172     0.0453     0.0305      64596    44.8576     100.00     2.5518     2.2034         14  0.000e+00
     39.887   76.03200  176.80884     40.311    -1.6254    -1.6280  25.189492  25.212950    31.5660    31.6011    360.736    349.166     0.1381     4.6361     0.1172     0.1172     0.0453     0.0305      64597    44.8583     100.00     2.5518     2.2034         14  0.000e+00
     39.887   76.03200  176.80882     40.311    -1.6255    -1.6281  25.189550  25.212454    31.5662    31.6005    360.736    349.169     0.1381     4.6361     0.1172     0.1172     0.0453     0.0305      64598    44.8590     100.00     2.5518     2.2034         14  0.000e+00
     39.912   76.03200  176.80882     40.336    -1.6255    -1.6281  25.189375  25.212178    31.5660    31.6001    360.738    349.172     0.1381     4.6361     0.1172     0.1172     0.0453     0.0305      64599    44.8597     100.00     2.5518     2.2034         14  0.000e+00
     39.887   76.03200  176.80882     40.311    -1.6255    -1.6281  25.189082  25.211737    31.5656    31.5995    360.952    349.172     0.1381     4.6361     0.1172     0.1172     0.0453     0.0305      64600    44.8604     100.00     2.5530     2.2034         14  0.000e+00
     39.944   76.03200  176.80882     40.370    -1.6255    -1.6280  25.189023  25.211627    31.5655    31.5992    360.741    349.174     0.1381     4.6361     0.1172     0.1172     0.0453     0.0305      64601    44.8611     100.00     2.5518     2.2034         14  0.000e+00
     39.887   76.03200  176.80882     40.311    -1.6257    -1.6283  25.189375  25.211462    31.5662    31.5994    360.738    349.428     0.1381     4.6361     0.1172     0.1172     0.0453     0.0305      64602    44.8618     100.00     2.5518     2.2046         14  0.000e+00
     39.887   76.03200  176.80882     40.311    -1.6254    -1.6281  25.189140  25.211737    31.5656    31.5996    360.737    349.425     0.1381     4.6361     0.1172     0.1172     0.0453     0.0305      64603    44.8625     100.00     2.5518     2.2046         14  0.000e+00
     39.944   76.03200  176.80882     40.370    -1.6254    -1.6281  25.189199  25.211351    31.5656    31.5990    360.740    349.429     0.1381     4.6361     0.1172     0.1172     0.0453     0.0305      64604    44.8632     100.00     2.5518     2.2046         14  0.000e+00
     39.887   76.03200  176.80882     40.311    -1.6257    -1.6280  25.189316  25.211682    31.5661    31.5994    360.739    349.171     0.1381     4.6361     0.1172     0.1172     0.0453     0.0305      64605    44.8639     100.00     2.5518     2.2034         14  0.000e+00
     39.887   76.03200  176.80882     40.311    -1.6257    -1.6279  25.189316  25.211903    31.5661    31.5995    360.739    349.169     0.1381     4.6361     0.1172     0.1172     0.0453     0.0305      64606    44.8646     100.00     2.5518     2.2034         14  0.000e+00
     39.887   76.03200  176.80882     40.311    -1.6257    -1.6278  25.189082  25.212233    31.5658    31.5999    360.739    349.168     0.1381     4.6361     0.1172     0.1172     0.0453     0.0305      64607    44.8653     100.00     2.5518     2.2034         14  0.000e+00
     39.912   76.03200  176.80882     40.336    -1.6255    -1.6278  25.189375  25.212344    31.5660    31.6001    360.738    349.168     0.1381     4.6361     0.1172     0.1172     0.0453     0.0305      64608    44.8660     100.00     2.5518     2.2034         14  0.000e+00
     39.944   76.03200  176.80882     40.369    -1.6258    -1.6280  25.189551  25.212895    31.5665    31.6010    360.741    348.916     0.1381     4.6361     0.1172     0.1172     0.0453     0.0305      64609    44.8667     100.00     2.5518     2.2021         14  0.000e+00
     39.887   76.03200  176.80882     40.311    -1.6258    -1.6283  25.189375  25.213502    31.5664    31.6022    360.740    349.167     0.1381     4.6361     0.1172     0.1172     0.0453     0.0305      64610    44.8674     100.00     2.5518     2.2034         14  0.000e+00
     39.944   76.03200  176.80882     40.369    -1.6258    -1.6280  25.189316  25.213998    31.5662    31.6025    360.743    349.165     0.1076     4.6349     0.1172     0.1172     0.0464     0.0293      64611    44.8681     100.00     2.5518     2.2034         14  0.000e+00
     39.887   76.03200  176.80882     40.311    -1.6257    -1.6277  25.189668  25.214660    31.5666    31.6031    360.737    349.158     0.1381     4.6349     0.1172     0.1172     0.0464     0.0305      64612    44.8687     100.00     2.5518     2.2034         14  0.000e+00
     39.887   76.03200  176.80882     40.311    -1.6258    -1.6279  25.189433  25.214660    31.5664    31.6033    360.525    349.159     0.1076     4.6349     0.1172     0.1172     0.0464     0.0293      64613    44.8694     100.00     2.5505     2.2034         14  0.000e+00
     39.887   76.03200  176.80882     40.311    -1.6258    -1.6278  25.189316  25.214990    31.5663    31.6037    360.740    349.157     0.1381     4.6349     0.1172     0.1172     0.0464     0.0305      64614    44.8701     100.00     2.5518     2.2034         14  0.000e+00
     39.944   76.03200  176.80882     40.369    -1.6258    -1.6280  25.189316  25.215266    31.5662    31.6043    360.742    349.160     0.1381     4.6349     0.1172     0.1172     0.0464     0.0305      64615    44.8708     100.00     2.5518     2.2034         14  0.000e+00
     39.912   76.03200  176.80882     40.336    -1.6259    -1.6278  25.189492  25.215542    31.5666    31.6045    360.741    349.156     0.1381     4.6349     0.1172     0.1172     0.0464     0.0305      64616    44.8715     100.00     2.5518     2.2034         14  0.000e+00
     39.887   76.03200  176.80882     40.311    -1.6258    -1.6278  25.189726  25.214990    31.5668    31.6037    360.524    349.157     0.1076     4.6349     0.1172     0.1172     0.0464     0.0293      64617    44.8722     100.00     2.5505     2.2034         14  0.000e+00
     39.887   76.03200  176.80882     40.311    -1.6259    -1.6278  25.189961  25.214825    31.5673    31.6035    360.524    349.158     0.0771     4.6349     0.1172     0.1172     0.0464     0.0281      64618    44.8729     100.00     2.5505     2.2034         14  0.000e+00
     39.944   76.03200  176.80882     40.369    -1.6258    -1.6277  25.189785  25.214660    31.5669    31.6032    360.741    349.161     0.1076     4.6349     0.1172     0.1172     0.0464     0.0293      64619    44.8736     100.00     2.5518     2.2034         14  0.000e+00
     39.887   76.03200  176.80882     40.311    -1.6258    -1.6278  25.189902  25.214990    31.5671    31.6037    360.524    349.410     0.0771     4.6349     0.1172     0.1172     0.0464     0.0281      64620    44.8743     100.00     2.5505     2.2046         14  0.000e+00
     39.887   76.03200  176.80882     40.311    -1.6259    -1.6281  25.190195  25.214715    31.5676    31.6037    360.737    349.414     0.1076     4.6349     0.1172     0.1172     0.0464     0.0293      64621    44.8750     100.00     2.5518     2.2046         14  0.000e+00
     39.944   76.03200  176.80882     40.369    -1.6258    -1.6281  25.189902  25.214605    31.5671    31.6035    360.526    349.417     0.1076     4.6349     0.1172     0.1172     0.0464     0.0293      64622    44.8757     100.00     2.5505     2.2046         14  0.000e+00
     39.887   76.03200  176.80882     40.311    -1.6258    -1.6281  25.189961  25.214770    31.5672    31.6037    360.523    349.413     0.1076     4.6349     0.1172     0.1172     0.0464     0.0293      64623    44.8764     100.00     2.5505     2.2046         14  0.000e+00
     39.911   76.03200  176.80882     40.336    -1.6254    -1.6280  25.189843  25.214660    31.5665    31.6034    360.521    349.414     0.1076     4.6349     0.1172     0.1172     0.0464     0.0293      64624    44.8771     100.00     2.5505     2.2046         14  0.000e+00
     39.887   76.03200  176.80882     40.311    -1.6258    -1.6283  25.189961  25.214384    31.5672    31.6034    360.737    349.416     0.1076     4.6349     0.1172     0.1172     0.0464     0.0293      64625    44.8778     100.00     2.5518     2.2046         14  0.000e+00
     39.944   76.03200  176.80882     40.369    -1.6257    -1.6281  25.189668  25.214329    31.5665    31.6030    360.526    349.417     0.1076     4.6349     0.1172     0.1172     0.0464     0.0293      64626    44.8785     100.00     2.5505     2.2046         14  0.000e+00
     39.887   76.03200  176.80882     40.311    -1.6258    -1.6280  25.189726  25.214163    31.5668    31.6028    360.524    349.415     0.1076     4.6349     0.1172     0.1172     0.0464     0.0293      64627    44.8792     100.00     2.5505     2.2046         14  0.000e+00
     39.887   76.03200  176.80882     40.311    -1.6257    -1.6283  25.189433  25.213777    31.5663    31.6026    360.524    349.419     0.1076     4.6349     0.1172     0.1172     0.0464     0.0293      64628    44.8799     100.00     2.5505     2.2046         14  0.000e+00
     39.944   76.03200  176.80882     40.369    -1.6257    -1.6280  25.188906  25.213612    31.5655    31.6020    360.529    349.420     0.1076     4.6349     0.1172     0.1172     0.0464     0.0293      64629    44.8806     100.00     2.5505     2.2046         14  0.000e+00
     39.887   76.03200  176.80882     40.311    -1.6257    -1.6281  25.188613  25.213777    31.5651    31.6024    360.527    349.670     0.1076     4.6361     0.1172     0.1172     0.0453     0.0293      64630    44.8813     100.00     2.5505     2.2058         14  0.000e+00
     39.887   76.03200  176.80882     40.311    -1.6255    -1.6281  25.188203  25.213832    31.5644    31.6024    360.313    349.670     0.1076     4.6349     0.1172     0.1172     0.0464     0.0293      64631    44.8819     100.00     2.5493     2.2058         14  0.000e+00
     39.977   76.03200  176.80882     40.403    -1.6255    -1.6282  25.188261  25.213833    31.5644    31.6025    360.532    349.928     0.1076     4.6337     0.1160     0.1160     0.0474     0.0293      64632    44.8826     100.00     2.5505     2.2070         14  0.000e+00
     39.887   76.03200  176.80882     40.311    -1.6255    -1.6280  25.187910  25.213832    31.5640    31.6023    360.529    349.922     0.1076     4.6325     0.1172     0.1172     0.0485     0.0293      64633    44.8833     100.00     2.5505     2.2070         14  0.000e+00
     39.887   76.03200  176.80882     40.311    -1.6254    -1.6280  25.187792  25.213336    31.5637    31.6016    360.528    349.924     0.0771     4.6325     0.1160     0.1160     0.0485     0.0281      64634    44.8840     100.00     2.5505     2.2070         14  0.000e+00
     30.195   76.03210  176.80820     30.516    -1.4799    -1.4799  24.221492  24.218956    30.0954    30.0920    375.320    363.758     0.2908     4.6264     0.1123     0.1123     0.0538     0.0366      66694    46.3146     100.00     2.6225     2.2631         15  0.000e+00
     30.138   76.03210  176.80820     30.458    -1.4802    -1.4803  24.222012  24.219228    30.0965    30.0928    375.103    363.758     0.2908     4.6264     0.1123     0.1123     0.0538     0.0366      66695    46.3153     100.00     2.6213     2.2631         15  0.000e+00
     30.195   76.03210  176.80820     30.516    -1.4806    -1.4804  24.222532  24.218848    30.0976    30.0924    375.107    363.763     0.2908     4.6264     0.1123     0.1123     0.0538     0.0366      66696    46.3160     100.00     2.6213     2.2631         15  0.000e+00
     30.138   76.03210  176.80820     30.458    -1.4805    -1.4803  24.222994  24.218793    30.0981    30.0922    375.101    363.505     0.2602     4.6264     0.1123     0.1123     0.0538     0.0354      66697    46.3167     100.00     2.6213     2.2619         15  0.000e+00
     30.195   76.03210  176.80820     30.516    -1.4809    -1.4801  24.223225  24.219283    30.0989    30.0927    375.322    363.504     0.2908     4.6264     0.1123     0.1123     0.0538     0.0366      66698    46.3174     100.00     2.6225     2.2619         15  0.000e+00
     30.138   76.03210  176.80820     30.458    -1.4813    -1.4797  24.222936  24.219717    30.0988    30.0929    375.323    363.496     0.2908     4.6264     0.1123     0.1123     0.0538     0.0366      66699    46.3181     100.00     2.6225     2.2619         15  0.000e+00
     30.195   76.03210  176.80820     30.516    -1.4811    -1.4800  24.223399  24.219880    30.0993    30.0934    375.323    363.755     0.2908     4.6264     0.1123     0.1123     0.0538     0.0366      66700    46.3188     100.00     2.6225     2.2631         15  0.000e+00
     30.138   76.03210  176.80820     30.458    -1.4813    -1.4799  24.223630  24.219609    30.0998    30.0929    375.321    363.498     0.2908     4.6264     0.1123     0.1123     0.0538     0.0366      66701    46.3194     100.00     2.6225     2.2619         15  0.000e+00
     30.163   76.03210  176.80820     30.483    -1.4814    -1.4798  24.223861  24.219826    30.1002    30.0931    375.322    363.752     0.2908     4.6264     0.1123     0.1123     0.0538     0.0366      66702    46.3201     100.00     2.6225     2.2631         15  0.000e+00
