Continuous CTD Data/01_SBE Stage/nabos_09_01avg.cnv
* Sea-Bird SBE 9 Data File:
* FileName = D:\CTD\data\HLY2502\raw\NABOS_09_01.hex
* Software Version Seasave V 7.26.7.110
* Temperature SN = 6954
* Conductivity SN = 2561
* Number of Bytes Per Scan = 37
* Number of Voltage Words = 4
* Number of Scans Averaged by the Deck Unit = 1
* NMEA Latitude = 76 19.84 N
* NMEA Longitude = 178 34.73 E
* NMEA UTC (Time) = Sep 15 2025  03:07:08
* NMEA baud rate = 9600
** Ship: USCG HEALY
** Bot. Depth:  1161
** Cast Number:  01
** Station Name:  NABOS
** Station Number:  09
** Operator:  STARC
# nquan = 25
# nvalues = 251                         
# units = specified
# name 0 = depSM: Depth [salt water, m]
# name 1 = latitude: Latitude [deg]
# name 2 = longitude: Longitude [deg]
# name 3 = prDM: Pressure, Digiquartz [db]
# name 4 = t090C: Temperature [ITS-90, deg C]
# name 5 = t190C: Temperature, 2 [ITS-90, deg C]
# name 6 = c0mS/cm: Conductivity [mS/cm]
# name 7 = c1mS/cm: Conductivity, 2 [mS/cm]
# name 8 = sal00: Salinity, Practical [PSU]
# name 9 = sal11: Salinity, Practical, 2 [PSU]
# name 10 = sbox0Mm/Kg: Oxygen, SBE 43 [umol/kg]
# name 11 = sbox1Mm/Kg: Oxygen, SBE 43, 2 [umol/kg]
# name 12 = flECO-AFL: Fluorescence, WET Labs ECO-AFL/FL [mg/m^3]
# name 13 = v2: Voltage 2
# name 14 = wetCDOM: Fluorescence, WET Labs CDOM [mg/m^3]
# name 15 = v6: Voltage 6
# name 16 = CStarAt0: Beam Attenuation, WET Labs C-Star [1/m]
# name 17 = v3: Voltage 3
# name 18 = scan: Scan Count
# name 19 = timeM: Time, Elapsed [minutes]
# name 20 = altM: Altimeter [m]
# name 21 = sbeox0V: Oxygen raw, SBE 43 [V]
# name 22 = sbeox1V: Oxygen raw, SBE 43, 2 [V]
# name 23 = nbin: number of scans per bin
# name 24 = flag: flag
# span 0 =      2.968,    250.204       
# span 1 =   76.33088,   76.33145       
# span 2 =  178.57868,  178.57878       
# span 3 =      3.000,    253.000       
# span 4 =    -1.6939,     0.7352       
# span 5 =    -1.6928,     0.7363       
# span 6 =  23.044976,  29.598876       
# span 7 =  23.044628,  29.598774       
# span 8 =    28.5601,    34.7535       
# span 9 =    28.5574,    34.7521       
# span 10 =    295.199,    385.154      
# span 11 =    288.040,    374.486      
# span 12 =    -0.1727,     0.3120      
# span 13 =     4.5495,     4.6617      
# span 14 =     0.0813,     0.1234      
# span 15 =     0.0813,     0.1234      
# span 16 =     0.0234,     0.1228      
# span 17 =     0.0181,     0.0375      
# span 18 =       4551,      17705      
# span 19 =     3.1596,    12.2946      
# span 20 =     100.00,     100.00      
# span 21 =     2.2587,     2.6799      
# span 22 =     1.9786,     2.3164      
# span 23 =          7,         28      
# span 24 = 0.0000e+00, 0.0000e+00      
# interval = decibars: 1                
# start_time = Sep 15 2025 03:07:08 [NMEA time, header]
# bad_flag = -9.990e-29
*END*
[from data line 116]
    117.723   76.33114  178.57870    119.000    -1.1764    -1.1763  27.557465  27.555897    34.2751    34.2728    305.851    299.790    -0.1273     4.6581     0.0913     0.0913     0.0264     0.0199      10594     7.3562     100.00     2.2820     2.0009         26 0.0000e+00
    118.712   76.33114  178.57870    120.000    -1.1766    -1.1763  27.561539  27.560341    34.2803    34.2783    305.444    299.050    -0.1260     4.6581     0.0911     0.0911     0.0264     0.0200      10644     7.3912     100.00     2.2794     1.9971         20 0.0000e+00
    119.701   76.33114  178.57870    121.000    -1.1676    -1.1674  27.573440  27.572315    34.2857    34.2839    305.416    298.771    -0.1315     4.6582     0.0907     0.0907     0.0263     0.0197      10695     7.4267     100.00     2.2795     1.9960         24 0.0000e+00
    120.690   76.33116  178.57870    122.000    -1.1556    -1.1554  27.588011  27.586877    34.2913    34.2895    305.856    299.287    -0.1264     4.6581     0.0911     0.0911     0.0264     0.0199      10746     7.4618     100.00     2.2826     1.9989         21 0.0000e+00
    121.679   76.33116  178.57870    123.000    -1.1428    -1.1425  27.603728  27.602723    34.2976    34.2958    306.207    299.241    -0.1302     4.6581     0.0902     0.0902     0.0264     0.0198      10797     7.4972     100.00     2.2852     1.9991         23 0.0000e+00
    122.668   76.33116  178.57870    124.000    -1.1246    -1.1243  27.624981  27.624072    34.3052    34.3037    306.018    299.707    -0.1302     4.6581     0.0899     0.0899     0.0264     0.0198      10848     7.5324     100.00     2.2849     2.0022         24 0.0000e+00
    123.657   76.33116  178.57869    125.000    -1.1070    -1.1069  27.645770  27.644616    34.3130    34.3112    306.101    299.584    -0.1338     4.6571     0.0898     0.0898     0.0273     0.0196      10898     7.5675     100.00     2.2863     2.0022         23 0.0000e+00
    124.646   76.33116  178.57868    126.000    -1.0927    -1.0924  27.662315  27.661332    34.3185    34.3169    306.391    299.107    -0.1303     4.6582     0.0904     0.0904     0.0263     0.0198      10949     7.6026     100.00     2.2886     2.0004         19 0.0000e+00
    125.635   76.33116  178.57868    127.000    -1.0786    -1.0785  27.678503  27.677326    34.3239    34.3222    306.197    299.708    -0.1363     4.6580     0.0896     0.0896     0.0265     0.0195      10999     7.6378     100.00     2.2880     2.0038         18 0.0000e+00
    126.624   76.33116  178.57868    128.000    -1.0625    -1.0621  27.696720  27.695684    34.3298    34.3280    306.062    299.849    -0.1285     4.6581     0.0898     0.0898     0.0264     0.0198      11051     7.6734     100.00     2.2879     2.0051         19 0.0000e+00
    127.613   76.33116  178.57868    129.000    -1.0444    -1.0443  27.716980  27.715801    34.3362    34.3345    306.113    299.876    -0.1298     4.6588     0.0906     0.0906     0.0259     0.0198      11101     7.7081     100.00     2.2891     2.0059         18 0.0000e+00
    128.602   76.33118  178.57868    130.000    -1.0278    -1.0276  27.736091  27.734912    34.3427    34.3409    306.299    299.537    -0.1309     4.6586     0.0904     0.0904     0.0260     0.0197      11152     7.7437     100.00     2.2909     2.0049         16 0.0000e+00
    129.591   76.33118  178.57868    131.000    -1.0084    -1.0088  27.757427  27.755874    34.3490    34.3474    306.302    299.446    -0.1315     4.6589     0.0898     0.0898     0.0257     0.0197      11203     7.7788     100.00     2.2919     2.0051         18 0.0000e+00
    130.579   76.33118  178.57868    132.000    -0.9951    -0.9949  27.771383  27.770291    34.3522    34.3505    306.071    299.515    -0.1315     4.6580     0.0898     0.0898     0.0265     0.0197      11253     7.8141     100.00     2.2910     2.0060         18 0.0000e+00
    131.568   76.33118  178.57868    133.000    -0.9716    -0.9717  27.795424  27.794111    34.3576    34.3560    305.800    299.406    -0.1309     4.6584     0.0893     0.0893     0.0262     0.0197      11304     7.8491     100.00     2.2905     2.0063         16 0.0000e+00
    132.557   76.33118  178.57868    134.000    -0.9524    -0.9522  27.814961  27.813799    34.3616    34.3598    305.938    299.163    -0.1347     4.6584     0.0884     0.0884     0.0261     0.0196      11355     7.8845     100.00     2.2922     2.0058         15 0.0000e+00
    133.546   76.33118  178.57868    135.000    -0.9223    -0.9226  27.844960  27.843863    34.3676    34.3664    306.008    299.086    -0.1315     4.6580     0.0884     0.0884     0.0265     0.0197      11406     7.9201     100.00     2.2941     2.0066         18 0.0000e+00
    134.535   76.33118  178.57868    136.000    -0.9019    -0.9019  27.866166  27.864944    34.3724    34.3708    306.216    299.371    -0.1322     4.6580     0.0899     0.0899     0.0265     0.0197      11456     7.9550     100.00     2.2962     2.0088         14 0.0000e+00
    135.524   76.33118  178.57868    137.000    -0.8890    -0.8893  27.881682  27.879932    34.3782    34.3762    306.277    299.894    -0.1344     4.6580     0.0892     0.0892     0.0265     0.0196      11507     7.9902     100.00     2.2971     2.0119         14 0.0000e+00
    136.513   76.33119  178.57868    138.000    -0.8745    -0.8746  27.897882  27.896647    34.3831    34.3815    306.208    298.757    -0.1252     4.6584     0.0887     0.0887     0.0262     0.0200      11558     8.0256     100.00     2.2973     2.0067         16 0.0000e+00
    137.502   76.33120  178.57868    139.000    -0.8566    -0.8565  27.918146  27.917172    34.3896    34.3881    306.017    299.172    -0.1293     4.6588     0.0888     0.0888     0.0258     0.0198      11609     8.0609     100.00     2.2970     2.0095         17 0.0000e+00
    138.491   76.33120  178.57868    140.000    -0.8472    -0.8469  27.928833  27.927923    34.3927    34.3911    305.953    299.210    -0.1284     4.6587     0.0882     0.0882     0.0259     0.0198      11660     8.0963     100.00     2.2970     2.0099         15 0.0000e+00
    139.479   76.33120  178.57868    141.000    -0.8190    -0.8192  27.958135  27.956471    34.3998    34.3977    305.601    298.982    -0.1349     4.6588     0.0885     0.0885     0.0258     0.0196      11710     8.1316     100.00     2.2963     2.0099         18 0.0000e+00
    140.468   76.33120  178.57868    142.000    -0.8005    -0.8006  27.976853  27.975666    34.4034    34.4019    305.448    298.856    -0.1423     4.6591     0.0892     0.0892     0.0256     0.0193      11762     8.1673     100.00     2.2962     2.0100         21 0.0000e+00
    141.457   76.33120  178.57868    143.000    -0.7779    -0.7782  27.999729  27.998214    34.4081    34.4063    305.513    299.260    -0.1317     4.6586     0.0889     0.0889     0.0260     0.0197      11812     8.2023     100.00     2.2976     2.0128         19 0.0000e+00
    142.446   76.33120  178.57868    144.000    -0.7401    -0.7393  28.036180  28.036107    34.4137    34.4127    305.314    298.583    -0.1297     4.6584     0.0879     0.0879     0.0262     0.0198      11863     8.2378     100.00     2.2983     2.0111         22 0.0000e+00
    143.435   76.33120  178.57868    145.000    -0.7078    -0.7086  28.068164  28.066068    34.4196    34.4177    305.041    298.683    -0.1310     4.6586     0.0876     0.0876     0.0260     0.0197      11914     8.2729     100.00     2.2982     2.0128         22 0.0000e+00
    144.424   76.33120  178.57868    146.000    -0.6897    -0.6897  28.087519  28.086627    34.4246    34.4234    305.088    298.795    -0.1318     4.6583     0.0887     0.0887     0.0263     0.0197      11964     8.3079     100.00     2.2993     2.0140         19 0.0000e+00
    145.413   76.33121  178.57868    147.000    -0.6736    -0.6737  28.105006  28.103381    34.4293    34.4272    305.375    298.253    -0.1352     4.6588     0.0882     0.0882     0.0258     0.0196      12016     8.3437     100.00     2.3017     2.0119         23 0.0000e+00
    146.401   76.33122  178.57868    148.000    -0.6540    -0.6539  28.125881  28.124961    34.4346    34.4333    305.306    298.498    -0.1271     4.6584     0.0880     0.0880     0.0262     0.0199      12066     8.3785     100.00     2.3022     2.0139         19 0.0000e+00
    147.390   76.33122  178.57868    149.000    -0.6391    -0.6395  28.142097  28.140181    34.4389    34.4368    305.233    298.759    -0.1308     4.6584     0.0878     0.0878     0.0262     0.0198      12117     8.4142     100.00     2.3024     2.0157         21 0.0000e+00
    148.379   76.33122  178.57868    150.000    -0.6100    -0.6099  28.171465  28.170735    34.4447    34.4437    304.772    298.342    -0.1485     4.6589     0.0874     0.0874     0.0257     0.0190      12168     8.4491     100.00     2.3011     2.0148         19 0.0000e+00
    149.368   76.33122  178.57868    151.000    -0.5644    -0.5651  28.215415  28.213788    34.4516    34.4502    304.303    297.652    -0.1323     4.6579     0.0876     0.0876     0.0266     0.0197      12218     8.4843     100.00     2.3006     2.0132         22 0.0000e+00
    150.357   76.33122  178.57868    152.000    -0.5591    -0.5593  28.221676  28.219955    34.4534    34.4513    303.984    297.652    -0.1338     4.6589     0.0886     0.0886     0.0257     0.0196      12269     8.5197     100.00     2.2988     2.0132         22 0.0000e+00
    151.345   76.33122  178.57868    153.000    -0.5146    -0.5149  28.265630  28.265111    34.4614    34.4610    303.690    297.712    -0.1315     4.6587     0.0875     0.0875     0.0259     0.0197      12320     8.5549     100.00     2.2993     2.0154         24 0.0000e+00
    152.334   76.33122  178.57868    154.000    -0.4944    -0.4950  28.286860  28.284798    34.4664    34.4643    303.855    297.548    -0.1277     4.6592     0.0877     0.0877     0.0255     0.0199      12372     8.5907     100.00     2.3012     2.0153         25 0.0000e+00
    153.323   76.33122  178.57868    155.000    -0.4866    -0.4867  28.295187  28.294505    34.4681    34.4673    303.890    297.283    -0.1311     4.6591     0.0876     0.0876     0.0255     0.0197      12422     8.6256     100.00     2.3016     2.0142         28 0.0000e+00
    154.312   76.33123  178.57868    156.000    -0.4493    -0.4502  28.333845  28.331874    34.4771    34.4754    303.553    296.976    -0.1339     4.6592     0.0873     0.0873     0.0255     0.0196      12472     8.6608     100.00     2.3014     2.0142         23 0.0000e+00
    155.301   76.33124  178.57868    157.000    -0.4478    -0.4476  28.336650  28.335263    34.4785    34.4764    303.384    296.827    -0.1488     4.6593     0.0860     0.0860     0.0254     0.0190      12523     8.6958     100.00     2.3003     2.0134         20 0.0000e+00
    156.290   76.33124  178.57868    158.000    -0.4102    -0.4107  28.374381  28.373446    34.4858    34.4852    302.984    296.734    -0.1254     4.6593     0.0862     0.0862     0.0254     0.0200      12574     8.7314     100.00     2.2998     2.0144         23 0.0000e+00
    157.279   76.33124  178.57868    159.000    -0.4022    -0.4024  28.383685  28.381857    34.4886    34.4864    303.063    296.557    -0.1405     4.6573     0.0872     0.0872     0.0272     0.0194      12625     8.7663     100.00     2.3005     2.0137         23 0.0000e+00
    158.267   76.33124  178.57868    160.000    -0.4017    -0.4018  28.384777  28.383213    34.4889    34.4869    303.156    296.559    -0.1385     4.6592     0.0871     0.0871     0.0255     0.0194      12675     8.8013     100.00     2.3008     2.0136         17 0.0000e+00
    159.256   76.33124  178.57868    161.000    -0.3534    -0.3522  28.434617  28.435386    34.5004    34.5000    302.851    296.392    -0.1511     4.6593     0.0878     0.0878     0.0254     0.0189      12726     8.8365     100.00     2.3015     2.0148         17 0.0000e+00
    160.245   76.33124  178.57868    162.000    -0.3419    -0.3421  28.447777  28.446058    34.5043    34.5023    302.901    296.723    -0.1331     4.6594     0.0875     0.0875     0.0253     0.0196      12777     8.8719     100.00     2.3022     2.0168         16 0.0000e+00
    161.233   76.33124  178.57868    163.000    -0.3418    -0.3417  28.448841  28.447248    34.5049    34.5028    302.685    296.369    -0.1349     4.6595     0.0873     0.0873     0.0253     0.0196      12828     8.9074     100.00     2.3007     2.0148         17 0.0000e+00
    162.222   76.33124  178.57868    164.000    -0.3366    -0.3357  28.454939  28.454601    34.5066    34.5052    302.244    296.078    -0.1349     4.6592     0.0877     0.0877     0.0255     0.0196      12879     8.9427     100.00     2.2982     2.0135         18 0.0000e+00
    163.211   76.33126  178.57868    165.000    -0.3051    -0.3056  28.488743  28.486944    34.5156    34.5137    302.335    295.776    -0.1334     4.6602     0.0861     0.0861     0.0246     0.0196      12929     8.9779     100.00     2.3003     2.0132         19 0.0000e+00
    164.200   76.33126  178.57868    166.000    -0.2953    -0.2958  28.498466  28.497116    34.5169    34.5156    302.959    296.064    -0.1295     4.6598     0.0857     0.0857     0.0249     0.0198      12980     9.0132     100.00     2.3043     2.0149         17 0.0000e+00
    165.189   76.33126  178.57868    167.000    -0.2681    -0.2675  28.525460  28.524808    34.5214    34.5199    303.524    296.142    -0.1243     4.6602     0.0867     0.0867     0.0247     0.0200      13030     9.0477     100.00     2.3090     2.0164         15 0.0000e+00
    166.177   76.33126  178.57868    168.000    -0.2434    -0.2435  28.550552  28.548968    34.5264    34.5244    303.604    296.330    -0.1492     4.6596     0.0863     0.0863     0.0251     0.0190      13081     9.0834     100.00     2.3106     2.0182         17 0.0000e+00
    167.166   76.33126  178.57868    169.000    -0.1866    -0.1869  28.606709  28.606535    34.5364    34.5365    303.558    296.771    -0.1311     4.6596     0.0855     0.0855     0.0251     0.0197      13131     9.1184     100.00     2.3132     2.0229         16 0.0000e+00
    168.155   76.33126  178.57868    170.000    -0.1569    -0.1573  28.637286  28.635412    34.5429    34.5409    304.101    297.044    -0.1464     4.6593     0.0857     0.0857     0.0254     0.0191      13183     9.1539     100.00     2.3179     2.0255         16 0.0000e+00
    169.144   76.33126  178.57868    171.000    -0.1576    -0.1576  28.637804  28.636234    34.5438    34.5417    304.042    296.878    -0.1327     4.6594     0.0868     0.0868     0.0253     0.0197      13233     9.1889     100.00     2.3173     2.0244         16 0.0000e+00
    170.132   76.33126  178.57868    172.000    -0.1136    -0.1139  28.683440  28.682898    34.5541    34.5538    303.308    297.362    -0.1464     4.6594     0.0863     0.0863     0.0253     0.0191      13285     9.2247     100.00     2.3152     2.0287         18 0.0000e+00
    171.121   76.33126  178.57869    173.000    -0.1062    -0.1069  28.692542  28.690397    34.5573    34.5552    303.098    296.799    -0.1366     4.6594     0.0856     0.0856     0.0253     0.0195      13335     9.2599     100.00     2.3141     2.0260         18 0.0000e+00
    172.110   76.33128  178.57870    174.000    -0.0711    -0.0710  28.728133  28.727682    34.5644    34.5636    302.158    295.916    -0.1476     4.6593     0.0865     0.0865     0.0254     0.0191      13386     9.2950     100.00     2.3102     2.0230         22 0.0000e+00
    173.098   76.33128  178.57870    175.000    -0.0537    -0.0539  28.746842  28.745049    34.5689    34.5668    301.856    295.660    -0.1289     4.6592     0.0862     0.0862     0.0255     0.0198      13436     9.3301     100.00     2.3091     2.0223         21 0.0000e+00
