Continuous CTD Data/01_SBE Stage/nabos_16_01avg.cnv
* Sea-Bird SBE 9 Data File:
* FileName = D:\CTD\data\HLY2502\raw\NABOS_16_01.hex
* Software Version Seasave V 7.26.7.110
* Temperature SN = 6954
* Conductivity SN = 2561
* Number of Bytes Per Scan = 37
* Number of Voltage Words = 4
* Number of Scans Averaged by the Deck Unit = 1
* NMEA Latitude = 77 05.32 N
* NMEA Longitude = 179 06.61 E
* NMEA UTC (Time) = Sep 17 2025  05:37:32
* NMEA baud rate = 9600
** Ship: USCG HEALY
** Bot. Depth:  1069
** Cast Number:  01
** Station Name:  NABOS
** Station Number:  16
** Operator:  STARC
# nquan = 25
# nvalues = 1060                        
# units = specified
# name 0 = depSM: Depth [salt water, m]
# name 1 = latitude: Latitude [deg]
# name 2 = longitude: Longitude [deg]
# name 3 = prDM: Pressure, Digiquartz [db]
# name 4 = t090C: Temperature [ITS-90, deg C]
# name 5 = t190C: Temperature, 2 [ITS-90, deg C]
# name 6 = c0mS/cm: Conductivity [mS/cm]
# name 7 = c1mS/cm: Conductivity, 2 [mS/cm]
# name 8 = sal00: Salinity, Practical [PSU]
# name 9 = sal11: Salinity, Practical, 2 [PSU]
# name 10 = sbox0Mm/Kg: Oxygen, SBE 43 [umol/kg]
# name 11 = sbox1Mm/Kg: Oxygen, SBE 43, 2 [umol/kg]
# name 12 = flECO-AFL: Fluorescence, WET Labs ECO-AFL/FL [mg/m^3]
# name 13 = v2: Voltage 2
# name 14 = wetCDOM: Fluorescence, WET Labs CDOM [mg/m^3]
# name 15 = v6: Voltage 6
# name 16 = CStarAt0: Beam Attenuation, WET Labs C-Star [1/m]
# name 17 = v3: Voltage 3
# name 18 = scan: Scan Count
# name 19 = timeM: Time, Elapsed [minutes]
# name 20 = altM: Altimeter [m]
# name 21 = sbeox0V: Oxygen raw, SBE 43 [V]
# name 22 = sbeox1V: Oxygen raw, SBE 43, 2 [V]
# name 23 = nbin: number of scans per bin
# name 24 = flag: flag
# span 0 =      3.958,   1049.178       
# span 1 =   77.08900,   77.09127       
# span 2 =  179.11118,  179.12020       
# span 3 =      4.000,   1063.000       
# span 4 =    -1.7077,     0.9246       
# span 5 =    -1.7056,     0.9247       
# span 6 =  23.318665,  29.789180       
# span 7 =  23.317657,  29.787098       
# span 8 =    28.9491,    34.8679       
# span 9 =    28.9467,    34.8660       
# span 10 =    288.607,    379.952      
# span 11 =    250.420,    373.810      
# span 12 =    -0.1818,     0.4355      
# span 13 =     4.6080,     4.6754      
# span 14 =     0.0730,     0.1246      
# span 15 =     0.0730,     0.1246      
# span 16 =     0.0116,     0.0702      
# span 17 =     0.0177,     0.0424      
# span 18 =       3687,      38874      
# span 19 =     2.5600,    26.9953      
# span 20 =       5.19,     100.00      
# span 21 =     2.0402,     2.6546      
# span 22 =     1.7573,     2.3161      
# span 23 =          9,         28      
# span 24 = 0.0000e+00, 0.0000e+00      
# interval = decibars: 1                
# start_time = Sep 17 2025 05:37:32 [NMEA time, header]
# bad_flag = -9.990e-29
*END*
      3.958   77.08900  179.11118      4.000    -1.5288    -1.5255  23.340465  23.342855    28.9602    28.9602    375.140    369.208     0.1947     4.6181     0.1163     0.1163     0.0609     0.0328       3687     2.5600     100.00     2.6067     2.2772         20 0.0000e+00
      4.948   77.08900  179.11121      5.000    -1.5395    -1.5302  23.336281  23.341296    28.9644    28.9621    375.125    369.663     0.1978     4.6161     0.1170     0.1170     0.0626     0.0329       3790     2.6315     100.00     2.6057     2.2789         21 0.0000e+00
      5.937   77.08902  179.11122      6.000    -1.5179    -1.5166  23.346616  23.345967    28.9568    28.9547    374.963    369.129     0.2007     4.6175     0.1163     0.1163     0.0615     0.0331       3854     2.6759     100.00     2.6058     2.2768         21 0.0000e+00
      6.927   77.08902  179.11124      7.000    -1.4939    -1.4725  23.361313  23.372161    28.9528    28.9467    374.679    369.177     0.2125     4.6175     0.1171     0.1171     0.0615     0.0335       3911     2.7150     100.00     2.6054     2.2790         23 0.0000e+00
      7.916   77.08902  179.11125      8.000    -1.4843    -1.4879  23.366531  23.363429    28.9501    28.9493    374.731    369.223     0.2032     4.6183     0.1153     0.1153     0.0607     0.0332       3962     2.7507     100.00     2.6060     2.2782         25 0.0000e+00
      8.906   77.08902  179.11126      9.000    -1.5136    -1.5188  23.345831  23.340818    28.9499    28.9482    375.160    368.599     0.2005     4.6177     0.1162     0.1162     0.0612     0.0330       4013     2.7858     100.00     2.6062     2.2733         24 0.0000e+00
      9.895   77.08902  179.11128     10.000    -1.5513    -1.5508  23.318665  23.317657    28.9491    28.9472    375.547    369.443     0.2004     4.6182     0.1156     0.1156     0.0608     0.0330       4063     2.8209     100.00     2.6057     2.2754         25 0.0000e+00
     10.885   77.08903  179.11130     11.000    -1.5515    -1.5508  23.332113  23.329803    28.9671    28.9632    375.392    369.384     0.2134     4.6178     0.1170     0.1170     0.0612     0.0336       4113     2.8558     100.00     2.6048     2.2751         22 0.0000e+00
     11.874   77.08904  179.11131     12.000    -1.5508    -1.5502  23.344711  23.341361    28.9829    28.9778    375.354    368.813     0.2020     4.6175     0.1169     0.1169     0.0614     0.0331       4164     2.8911     100.00     2.6046     2.2724         23 0.0000e+00
     12.863   77.08904  179.11132     13.000    -1.5504    -1.5494  23.354577  23.358250    28.9954    28.9994    375.456    369.505     0.1992     4.6179     0.1153     0.1153     0.0611     0.0330       4215     2.9266     100.00     2.6051     2.2758         21 0.0000e+00
     13.853   77.08904  179.11133     14.000    -1.5489    -1.5482  23.388739  23.387140    29.0398    29.0370    375.232    368.176     0.2133     4.6186     0.1165     0.1165     0.0604     0.0336       4266     2.9621     100.00     2.6044     2.2698         22 0.0000e+00
     14.842   77.08904  179.11134     15.000    -1.5473    -1.5466  23.431164  23.428936    29.0954    29.0917    375.033    368.766     0.2301     4.6172     0.1157     0.1157     0.0617     0.0342       4318     2.9979     100.00     2.6041     2.2732         23 0.0000e+00
     15.832   77.08904  179.11136     16.000    -1.5481    -1.5477  23.442265  23.442892    29.1107    29.1112    374.886    368.841     0.2365     4.6174     0.1158     0.1158     0.0615     0.0345       4370     3.0338     100.00     2.6032     2.2736         27 0.0000e+00
     16.821   77.08906  179.11137     17.000    -1.5493    -1.5486  23.450389  23.449288    29.1224    29.1203    375.003    369.530     0.2343     4.6167     0.1159     0.1159     0.0622     0.0344       4420     3.0689     100.00     2.6037     2.2767         20 0.0000e+00
     17.811   77.08906  179.11138     18.000    -1.5503    -1.5492  23.456701  23.454458    29.1314    29.1273    374.924    369.094     0.2343     4.6164     0.1158     0.1158     0.0624     0.0344       4472     3.1048     100.00     2.6030     2.2744         20 0.0000e+00
     18.800   77.08906  179.11140     19.000    -1.5575    -1.5567  23.465036  23.463769    29.1493    29.1467    374.929    368.829     0.2584     4.6125     0.1166     0.1166     0.0658     0.0353       4523     3.1404     100.00     2.6026     2.2728         22 0.0000e+00
     19.790   77.08906  179.11142     20.000    -1.5602    -1.5595  23.465853  23.464740    29.1524    29.1502    374.867    369.288     0.2602     4.6139     0.1179     0.1179     0.0646     0.0354       4575     3.1765     100.00     2.6019     2.2747         26 0.0000e+00
     20.779   77.08906  179.11142     21.000    -1.5622    -1.5619  23.476895  23.472723    29.1689    29.1628    374.779    368.592     0.2602     4.6149     0.1171     0.1171     0.0638     0.0354       4626     3.2115     100.00     2.6013     2.2712         23 0.0000e+00
     21.768   77.08908  179.11144     22.000    -1.4982    -1.4982  24.048356  24.020883    29.8828    29.8455    371.883    366.205     0.3257     4.6147     0.1184     0.1184     0.0640     0.0380       4677     3.2472     100.00     2.6006     2.2724         20 0.0000e+00
     22.758   77.08908  179.11145     23.000    -1.4874    -1.4868  24.387290  24.381865    30.3334    30.3255    371.606    365.975     0.4355     4.6136     0.1213     0.1213     0.0648     0.0424       4728     3.2826     100.00     2.6070     2.2784         20 0.0000e+00
     23.747   77.08908  179.11146     24.000    -1.4952    -1.4946  24.488375  24.487132    30.4788    30.4765    374.654    367.043     0.4088     4.6127     0.1213     0.1213     0.0655     0.0413       4779     3.3182     100.00     2.6260     2.2849         22 0.0000e+00
     24.737   77.08908  179.11148     25.000    -1.5059    -1.5054  24.517045  24.515881    30.5283    30.5263    377.766    371.949     0.3791     4.6107     0.1232     0.1232     0.0673     0.0402       4830     3.3536     100.00     2.6436     2.3084         19 0.0000e+00
     25.726   77.08908  179.11150     26.000    -1.5241    -1.5238  24.537923  24.536545    30.5749    30.5727    379.429    371.912     0.3493     4.6097     0.1227     0.1227     0.0683     0.0390       4881     3.3892     100.00     2.6523     2.3077         19 0.0000e+00
     26.715   77.08908  179.11150     27.000    -1.5510    -1.5508  24.575867  24.574512    30.6540    30.6519    379.952    372.432     0.3215     4.6142     0.1238     0.1238     0.0644     0.0379       4933     3.4250     100.00     2.6546     2.3096         19 0.0000e+00
     27.705   77.08910  179.11152     28.000    -1.5767    -1.5768  24.634395  24.633412    30.7600    30.7588    379.376    373.810     0.2797     4.6155     0.1242     0.1242     0.0632     0.0362       4984     3.4605     100.00     2.6511     2.3161         19 0.0000e+00
     28.694   77.08910  179.11153     29.000    -1.5866    -1.5861  24.690905  24.689967    30.8472    30.8453    378.256    372.570     0.2162     4.6171     0.1236     0.1236     0.0618     0.0337       5036     3.4963     100.00     2.6453     2.3106         19 0.0000e+00
     29.683   77.08910  179.11154     30.000    -1.5929    -1.5926  24.761344  24.760441    30.9497    30.9481    376.913    370.452     0.1957     4.6223     0.1226     0.1226     0.0573     0.0329       5087     3.5318     100.00     2.6387     2.3012         20 0.0000e+00
     30.673   77.08910  179.11156     31.000    -1.5958    -1.5951  24.825965  24.825961    31.0408    31.0401    375.437    370.644     0.1854     4.6261     0.1246     0.1246     0.0540     0.0324       5138     3.5673     100.00     2.6314     2.3031         18 0.0000e+00
     31.662   77.08910  179.11157     32.000    -1.6007    -1.6001  24.894520  24.894621    31.1395    31.1390    373.884    369.293     0.1737     4.6298     0.1214     0.1214     0.0508     0.0319       5189     3.6030     100.00     2.6236     2.2974         18 0.0000e+00
     32.651   77.08911  179.11158     33.000    -1.6047    -1.6043  24.961635  24.961187    31.2353    31.2343    373.046    369.285     0.1442     4.6349     0.1209     0.1209     0.0463     0.0307       5240     3.6383     100.00     2.6199     2.2983         17 0.0000e+00
     33.641   77.08912  179.11160     34.000    -1.6069    -1.6061  25.004118  25.003580    31.2953    31.2937    372.787    366.955     0.1188     4.6395     0.1209     0.1209     0.0425     0.0297       5291     3.6739     100.00     2.6190     2.2876         16 0.0000e+00
     34.630   77.08912  179.11161     35.000    -1.6346    -1.6360  25.030812  25.029610    31.3606    31.3604    372.950    366.793     0.1129     4.6412     0.1202     0.1202     0.0409     0.0295       5343     3.7095     100.00     2.6190     2.2859         17 0.0000e+00
     35.620   77.08912  179.11162     36.000    -1.6436    -1.6418  25.068217  25.068395    31.4210    31.4194    372.031    367.256     0.0780     4.6432     0.1215     0.1215     0.0393     0.0281       5393     3.7443     100.00     2.6138     2.2884         14 0.0000e+00
     36.609   77.08912  179.11164     37.000    -1.6342    -1.6335  25.158670  25.158744    31.5350    31.5344    368.942    365.217     0.0881     4.6451     0.1194     0.1194     0.0376     0.0285       5444     3.7796     100.00     2.5985     2.2804         14 0.0000e+00
     37.598   77.08912  179.11165     38.000    -1.6291    -1.6287  25.212105  25.211652    31.6025    31.6014    367.521    362.509     0.0767     4.6461     0.1182     0.1182     0.0368     0.0281       5495     3.8152     100.00     2.5915     2.2682         17 0.0000e+00
     38.588   77.08912  179.11166     39.000    -1.6471    -1.6470  25.240208  25.239547    31.6598    31.6588    367.956    363.749     0.0363     4.6473     0.1191     0.1191     0.0358     0.0265       5546     3.8509     100.00     2.5935     2.2738         18 0.0000e+00
     39.577   77.08914  179.11167     40.000    -1.6607    -1.6608  25.268217  25.267534    31.7123    31.7115    368.247    363.704     0.0117     4.6478     0.1198     0.1198     0.0353     0.0255       5597     3.8861     100.00     2.5949     2.2733         19 0.0000e+00
     40.566   77.08914  179.11169     41.000    -1.6736    -1.6732  25.309675  25.309491    31.7827    31.7819    366.292    362.227    -0.0238     4.6488     0.1208     0.1208     0.0344     0.0240       5647     3.9212     100.00     2.5838     2.2663         15 0.0000e+00
     41.556   77.08914  179.11170     42.000    -1.6745    -1.6739  25.372023  25.372283    31.8690    31.8687    363.014    359.541     0.0161     4.6410     0.1216     0.1216     0.0412     0.0256       5699     3.9569     100.00     2.5662     2.2543         20 0.0000e+00
     42.545   77.08914  179.11172     43.000    -1.6760    -1.6750  25.455681  25.456981    31.9855    31.9862    360.429    355.626    -0.0381     4.6525     0.1191     0.1191     0.0313     0.0235       5750     3.9926     100.00     2.5529     2.2367         24 0.0000e+00
     43.534   77.08914  179.11173     44.000    -1.6697    -1.6688  25.541661  25.541549    32.0968    32.0957    358.402    353.981    -0.0299     4.6552     0.1211     0.1211     0.0289     0.0238       5801     4.0279     100.00     2.5433     2.2303         18 0.0000e+00
     44.524   77.08915  179.11174     45.000    -1.6593    -1.6579  25.632665  25.635470    32.2105    32.2129    355.876    351.943    -0.0501     4.6567     0.1222     0.1222     0.0277     0.0230       5852     4.0631     100.00     2.5310     2.2224         18 0.0000e+00
     45.513   77.08916  179.11175     46.000    -1.6679    -1.6687  25.713419  25.712903    32.3309    32.3310    352.576    348.581    -0.0478     4.6575     0.1203     0.1203     0.0270     0.0231       5903     4.0988     100.00     2.5132     2.2069         21 0.0000e+00
     46.502   77.08916  179.11176     47.000    -1.6931    -1.6925  25.755805  25.755378    32.4164    32.4151    348.076    345.077    -0.0503     4.6585     0.1156     0.1156     0.0261     0.0230       5955     4.1345     100.00     2.4870     2.1896         23 0.0000e+00
     47.492   77.08916  179.11178     48.000    -1.6956    -1.6953  25.796251  25.795389    32.4744    32.4730    348.598    343.753    -0.0523     4.6582     0.1148     0.1148     0.0263     0.0229       6005     4.1697     100.00     2.4905     2.1836         21 0.0000e+00
     48.481   77.08916  179.11179     49.000    -1.6900    -1.6876  25.841544  25.842378    32.5304    32.5289    350.837    345.228    -0.0573     4.6582     0.1164     0.1164     0.0263     0.0227       6056     4.2046     100.00     2.5043     2.1916         20 0.0000e+00
     49.470   77.08916  179.11180     50.000    -1.6623    -1.6614  25.919549  25.919723    32.6073    32.6065    351.685    347.770    -0.0502     4.6588     0.1191     0.1191     0.0258     0.0230       6107     4.2405     100.00     2.5118     2.2061         24 0.0000e+00
     50.459   77.08918  179.11182     51.000    -1.6624    -1.6645  25.970150  25.967885    32.6768    32.6759    346.750    343.833    -0.0605     4.6591     0.1180     0.1180     0.0255     0.0226       6158     4.2754     100.00     2.4843     2.1876         20 0.0000e+00
     51.449   77.08918  179.11183     52.000    -1.7077    -1.7056  25.970785  25.971445    32.7269    32.7255    339.837    337.748    -0.0516     4.6590     0.1136     0.1136     0.0256     0.0229       6210     4.3115     100.00     2.4424     2.1564         28 0.0000e+00
     52.438   77.08918  179.11184     53.000    -1.6975    -1.6977  26.020798  26.019579    32.7843    32.7829    339.513    335.292    -0.0834     4.6588     0.1148     0.1148     0.0258     0.0217       6260     4.3466     100.00     2.4418     2.1454         23 0.0000e+00
     53.427   77.08918  179.11186     54.000    -1.6969    -1.6960  26.051283  26.051086    32.8253    32.8240    342.577    337.978    -0.0757     4.6592     0.1140     0.1140     0.0255     0.0220       6311     4.3821     100.00     2.4598     2.1588         23 0.0000e+00
     54.416   77.08918  179.11187     55.000    -1.6880    -1.6864  26.088830  26.088589    32.8669    32.8647    343.727    337.975    -0.0573     4.6594     0.1132     0.1132     0.0253     0.0227       6362     4.4175     100.00     2.4673     2.1596         26 0.0000e+00
     55.406   77.08918  179.11188     56.000    -1.6376    -1.6320  26.175212  26.177425    32.9300    32.9269    344.107    338.194    -0.0668     4.6596     0.1161     0.1161     0.0251     0.0223       6413     4.4529     100.00     2.4733     2.1640         25 0.0000e+00
     56.395   77.08920  179.11190     57.000    -1.5987    -1.5990  26.264672  26.263142    33.0099    33.0081    342.656    338.085    -0.0740     4.6596     0.1178     0.1178     0.0251     0.0221       6464     4.4883     100.00     2.4683     2.1660         22 0.0000e+00
     57.384   77.08920  179.11191     58.000    -1.6113    -1.6113  26.302942  26.301377    33.0762    33.0741    334.389    331.876    -0.0558     4.6593     0.1179     0.1179     0.0254     0.0228       6516     4.5240     100.00     2.4206     2.1357         21 0.0000e+00
     58.373   77.08920  179.11192     59.000    -1.6190    -1.6184  26.315574  26.314527    33.1017    33.0995    328.101    326.657    -0.0838     4.6597     0.1173     0.1173     0.0251     0.0217       6567     4.5596     100.00     2.3840     2.1101         21 0.0000e+00
     59.362   77.08920  179.11193     60.000    -1.6188    -1.6179  26.328807  26.328246    33.1191    33.1174    326.045    323.449    -0.0885     4.6608     0.1163     0.1163     0.0241     0.0215       6618     4.5949     100.00     2.3722     2.0945         21 0.0000e+00
