Continuous CTD Data/01_SBE Stage/nabos_10_01.ros
* Sea-Bird SBE 9 Data File:
* FileName = D:\CTD\data\HLY2502\raw\NABOS_10_01.hex
* Software Version Seasave V 7.26.7.110
* Temperature SN = 6954
* Conductivity SN = 2561
* Number of Bytes Per Scan = 37
* Number of Voltage Words = 4
* Number of Scans Averaged by the Deck Unit = 1
* NMEA Latitude = 76 35.18 N
* NMEA Longitude = 179 42.41 W
* NMEA UTC (Time) = Sep 16 2025  00:09:49
* NMEA baud rate = 9600
** Ship: USCG HEALY
** Bot. Depth:  1171
** Cast Number:  01
** Station Name:  NABOS
** Station Number:  10
** Operator:  STARC
** normal CTD cast down to 1165m
# nquan = 25
# nvalues = 1176                                  
# units = specified
# name 0 = depSM: Depth [salt water, m]
# name 1 = latitude: Latitude [deg]
# name 2 = longitude: Longitude [deg]
# name 3 = prDM: Pressure, Digiquartz [db]
# name 4 = t090C: Temperature [ITS-90, deg C]
# name 5 = t190C: Temperature, 2 [ITS-90, deg C]
# name 6 = c0mS/cm: Conductivity [mS/cm]
# name 7 = c1mS/cm: Conductivity, 2 [mS/cm]
# name 8 = sal00: Salinity, Practical [PSU]
# name 9 = sal11: Salinity, Practical, 2 [PSU]
# name 10 = sbox0Mm/Kg: Oxygen, SBE 43 [umol/kg]
# name 11 = sbox1Mm/Kg: Oxygen, SBE 43, 2 [umol/kg]
# name 12 = flECO-AFL: Fluorescence, WET Labs ECO-AFL/FL [mg/m^3]
# name 13 = v2: Voltage 2
# name 14 = wetCDOM: Fluorescence, WET Labs CDOM [mg/m^3]
# name 15 = v6: Voltage 6
# name 16 = CStarAt0: Beam Attenuation, WET Labs C-Star [1/m]
# name 17 = v3: Voltage 3
# name 18 = scan: Scan Count
# name 19 = timeM: Time, Elapsed [minutes]
# name 20 = altM: Altimeter [m]
# name 21 = sbeox0V: Oxygen raw, SBE 43 [V]
# name 22 = sbeox1V: Oxygen raw, SBE 43, 2 [V]
# name 23 = nbf: Bottles Fired
# name 24 = flag:  0.000e+00
# interval = seconds: 0.0416667
# start_time = Sep 16 2025 00:09:49 [NMEA time, header]
# bad_flag = -9.990e-29
*END*
[from data line 580]
    129.873   76.58630 -179.70656    131.287    -1.0733    -1.0635  27.682872  27.698247    34.3212    34.3310    304.724    298.570    -0.1366     4.6569     0.0891     0.0891     0.0275     0.0195     112170    77.8951     100.00     2.2786     1.9981         12  0.000e+00
    129.931   76.58630 -179.70656    131.345    -1.0726    -1.0602  27.683176  27.698760    34.3208    34.3279    304.721    298.303    -0.1366     4.6569     0.0891     0.0891     0.0275     0.0195     112171    77.8958     100.00     2.2786     1.9969         12  0.000e+00
    129.873   76.58630 -179.70656    131.287    -1.0726    -1.0525  27.683115  27.699501    34.3207    34.3202    304.719    298.250    -0.1366     4.6581     0.0891     0.0891     0.0264     0.0195     112172    77.8965     100.00     2.2786     1.9969         12  0.000e+00
    129.873   76.58630 -179.70656    131.287    -1.0726    -1.0444  27.682933  27.700299    34.3205    34.3119    304.720    298.443    -0.1366     4.6581     0.0891     0.0891     0.0264     0.0195     112173    77.8972     100.00     2.2786     1.9981         12  0.000e+00
    129.931   76.58630 -179.70656    131.345    -1.0729    -1.0375  27.682630  27.701268    34.3204    34.3054    304.517    298.892    -0.1366     4.6569     0.0891     0.0891     0.0275     0.0195     112174    77.8979     100.00     2.2774     2.0006         12  0.000e+00
    129.931   76.58630 -179.70656    131.345    -1.0730    -1.0308  27.682691  27.701382    34.3206    34.2979    304.726    298.357    -0.1366     4.6569     0.0891     0.0891     0.0275     0.0195     112175    77.8986     100.00     2.2786     1.9981         12  0.000e+00
    129.873   76.58630 -179.70656    131.287    -1.0728    -1.0263  27.682812  27.701324    34.3205    34.2927    304.721    298.079    -0.1366     4.6569     0.0891     0.0891     0.0275     0.0195     112176    77.8993     100.00     2.2786     1.9969         12  0.000e+00
    129.906   76.58630 -179.70656    131.320    -1.0726    -1.0258  27.683236  27.701324    34.3209    34.2921    304.720    297.831    -0.1366     4.6581     0.0891     0.0891     0.0264     0.0195     112177    77.9000     100.00     2.2786     1.9957         12  0.000e+00
    114.810   76.58636 -179.70644    116.056    -1.0975    -1.0981  27.587694  27.587679    34.2282    34.2288    292.841    287.131    -0.1061     4.6545     0.0916     0.0916     0.0296     0.0208     114849    79.7556     100.00     2.2099     1.9417         13  0.000e+00
    114.786   76.58636 -179.70644    116.031    -1.0976    -1.0979  27.587815  27.587736    34.2285    34.2287    292.840    287.129    -0.1061     4.6545     0.0916     0.0916     0.0296     0.0208     114850    79.7562     100.00     2.2099     1.9417         13  0.000e+00
    114.810   76.58636 -179.70644    116.056    -1.0972    -1.0979  27.587693  27.587736    34.2279    34.2288    292.839    287.130    -0.1366     4.6532     0.0916     0.0916     0.0306     0.0195     114851    79.7569     100.00     2.2099     1.9417         13  0.000e+00
    114.786   76.58636 -179.70644    116.031    -1.0977    -1.0981  27.587633  27.587736    34.2283    34.2289    292.841    286.637    -0.1366     4.6545     0.0916     0.0916     0.0296     0.0195     114852    79.7576     100.00     2.2099     1.9392         13  0.000e+00
    114.851   76.58636 -179.70644    116.098    -1.0976    -1.0984  27.587633  27.587565    34.2282    34.2290    292.843    285.902    -0.1366     4.6545     0.0916     0.0916     0.0296     0.0195     114853    79.7583     100.00     2.2099     1.9356         13  0.000e+00
    114.753   76.58636 -179.70644    115.998    -1.0977    -1.0982  27.587814  27.587679    34.2286    34.2290    292.630    285.157    -0.1366     4.6532     0.0916     0.0916     0.0306     0.0195     114854    79.7590     100.00     2.2087     1.9319         13  0.000e+00
    114.786   76.58636 -179.70644    116.031    -1.0975    -1.0982  27.587936  27.587736    34.2285    34.2291    292.839    285.158    -0.1366     4.6545     0.0916     0.0916     0.0296     0.0195     114855    79.7597     100.00     2.2099     1.9319         13  0.000e+00
    114.876   76.58636 -179.70644    116.122    -1.0978    -1.0984  27.587573  27.587565    34.2284    34.2290    292.846    285.410    -0.1366     4.6545     0.0916     0.0916     0.0296     0.0195     114856    79.7604     100.00     2.2099     1.9331         13  0.000e+00
    114.786   76.58636 -179.70644    116.031    -1.0978    -1.0982  27.587572  27.587679    34.2284    34.2290    292.633    285.651    -0.1366     4.6545     0.0916     0.0916     0.0296     0.0195     114857    79.7611     100.00     2.2087     1.9343         13  0.000e+00
    114.851   76.58636 -179.70644    116.098    -1.0977    -1.0982  27.587633  27.587337    34.2283    34.2286    292.843    285.902    -0.1366     4.6532     0.0928     0.0928     0.0306     0.0195     114858    79.7618     100.00     2.2099     1.9356         13  0.000e+00
    114.810   76.58636 -179.70644    116.056    -1.0978    -1.0984  27.587451  27.587565    34.2283    34.2290    292.635    286.147    -0.1366     4.6532     0.0928     0.0928     0.0306     0.0195     114859    79.7625     100.00     2.2087     1.9368         13  0.000e+00
    114.728   76.58636 -179.70644    115.973    -1.0979    -1.0984  27.587572  27.587565    34.2285    34.2291    292.840    286.390    -0.1366     4.6545     0.0928     0.0928     0.0296     0.0195     114860    79.7632     100.00     2.2099     1.9380         13  0.000e+00
    114.876   76.58636 -179.70644    116.122    -1.0980    -1.0984  27.587270  27.587280    34.2282    34.2286    292.847    286.397    -0.1366     4.6532     0.0940     0.0940     0.0306     0.0195     114861    79.7639     100.00     2.2099     1.9380         13  0.000e+00
    114.786   76.58636 -179.70644    116.031    -1.0981    -1.0984  27.587330  27.587223    34.2284    34.2286    292.844    286.640    -0.1366     4.6532     0.0928     0.0928     0.0306     0.0195     114862    79.7646     100.00     2.2099     1.9392         13  0.000e+00
    114.786   76.58636 -179.70644    116.031    -1.0980    -1.0981  27.587391  27.587223    34.2284    34.2282    292.844    286.638    -0.1366     4.6532     0.0928     0.0928     0.0306     0.0195     114863    79.7653     100.00     2.2099     1.9392         13  0.000e+00
    114.810   76.58636 -179.70644    116.056    -1.0981    -1.0987  27.587391  27.587394    34.2285    34.2291    292.637    286.642    -0.1366     4.6532     0.0928     0.0928     0.0306     0.0195     114864    79.7660     100.00     2.2087     1.9392         13  0.000e+00
    114.851   76.58636 -179.70644    116.098    -1.0981    -1.0985  27.587391  27.587280    34.2285    34.2288    292.847    286.643    -0.1366     4.6532     0.0928     0.0928     0.0306     0.0195     114865    79.7667     100.00     2.2099     1.9392         13  0.000e+00
    114.753   76.58636 -179.70644    115.998    -1.0981    -1.0985  27.587572  27.587394    34.2288    34.2290    292.634    286.639    -0.1061     4.6532     0.0928     0.0928     0.0306     0.0208     114866    79.7674     100.00     2.2087     1.9392         13  0.000e+00
    114.851   76.58636 -179.70644    116.098    -1.0982    -1.0984  27.587633  27.587280    34.2289    34.2286    292.638    286.396    -0.1366     4.6532     0.0928     0.0928     0.0306     0.0195     114867    79.7681     100.00     2.2087     1.9380         13  0.000e+00
    114.786   76.58636 -179.70644    116.031    -1.0981    -1.0985  27.587633  27.587052    34.2288    34.2285    292.843    286.148    -0.1366     4.6532     0.0928     0.0928     0.0306     0.0195     114868    79.7687     100.00     2.2099     1.9368         13  0.000e+00
    114.810   76.58636 -179.70644    116.056    -1.0981    -1.0987  27.587875  27.587166    34.2292    34.2288    292.843    286.889    -0.1366     4.6532     0.0928     0.0928     0.0306     0.0195     114869    79.7694     100.00     2.2099     1.9405         13  0.000e+00
    114.786   76.58636 -179.70644    116.031    -1.0978    -1.0982  27.587754  27.587223    34.2286    34.2284    292.632    287.872    -0.1366     4.6532     0.0928     0.0928     0.0306     0.0195     114870    79.7701     100.00     2.2087     1.9453         13  0.000e+00
    114.810   76.58636 -179.70644    116.056    -1.0978    -1.0984  27.587633  27.587052    34.2285    34.2283    292.842    287.628    -0.1366     4.6532     0.0928     0.0928     0.0306     0.0195     114871    79.7708     100.00     2.2099     1.9441         13  0.000e+00
    114.786   76.58636 -179.70644    116.031    -1.0978    -1.0979  27.587270  27.587166    34.2280    34.2280    292.843    286.884    -0.1366     4.6532     0.0928     0.0928     0.0306     0.0195     114872    79.7715     100.00     2.2099     1.9405         13  0.000e+00
    114.851   76.58636 -179.70644    116.098    -1.0980    -1.0979  27.587512  27.586825    34.2286    34.2275    292.637    286.641    -0.1366     4.6532     0.0928     0.0928     0.0306     0.0195     114873    79.7722     100.00     2.2087     1.9392         13  0.000e+00
    114.753   76.58636 -179.70644    115.998    -1.0981    -1.0978  27.587451  27.587052    34.2286    34.2277    292.842    286.635    -0.1366     4.6532     0.0928     0.0928     0.0306     0.0195     114874    79.7729     100.00     2.2099     1.9392         13  0.000e+00
    114.786   76.58636 -179.70644    116.031    -1.0981    -1.0976  27.587391  27.586995    34.2285    34.2274    292.635    286.390    -0.1061     4.6532     0.0928     0.0928     0.0306     0.0208     114875    79.7736     100.00     2.2087     1.9380         13  0.000e+00
    114.876   76.58636 -179.70644    116.123    -1.0980    -1.0973  27.587391  27.587109    34.2284    34.2271    292.639    286.637    -0.1366     4.6532     0.0928     0.0928     0.0306     0.0195     114876    79.7743     100.00     2.2087     1.9392         13  0.000e+00
    114.786   76.58636 -179.70644    116.031    -1.0981    -1.0972  27.587391  27.587223    34.2285    34.2272    292.635    286.633    -0.1366     4.6532     0.0928     0.0928     0.0306     0.0195     114877    79.7750     100.00     2.2087     1.9392         13  0.000e+00
    114.786   76.58636 -179.70644    116.031    -1.0977    -1.0971  27.587391  27.587223    34.2280    34.2271    292.841    286.139    -0.1366     4.6532     0.0928     0.0928     0.0306     0.0195     114878    79.7757     100.00     2.2099     1.9368         13  0.000e+00
    114.810   76.58636 -179.70644    116.056    -1.0977    -1.0973  27.587451  27.587394    34.2281    34.2276    292.842    285.647    -0.1061     4.6532     0.0928     0.0928     0.0306     0.0208     114879    79.7764     100.00     2.2099     1.9343         13  0.000e+00
    114.786   76.58636 -179.70644    116.031    -1.0978    -1.0972  27.587815  27.587508    34.2287    34.2276    292.632    285.645    -0.1061     4.6532     0.0928     0.0928     0.0306     0.0208     114880    79.7771     100.00     2.2087     1.9343         13  0.000e+00
    114.810   76.58636 -179.70644    116.056    -1.0980    -1.0976  27.587754  27.587280    34.2289    34.2278    292.635    285.896    -0.1366     4.6532     0.0928     0.0928     0.0306     0.0195     114881    79.7778     100.00     2.2087     1.9356         13  0.000e+00
    114.786   76.58636 -179.70644    116.031    -1.0981    -1.0979  27.587633  27.587223    34.2288    34.2281    292.635    285.897    -0.1366     4.6520     0.0928     0.0928     0.0317     0.0195     114882    79.7785     100.00     2.2087     1.9356         13  0.000e+00
    114.851   76.58636 -179.70644    116.098    -1.0980    -1.0984  27.587451  27.586996    34.2285    34.2282    292.637    286.150    -0.1366     4.6532     0.0928     0.0928     0.0306     0.0195     114883    79.7792     100.00     2.2087     1.9368         13  0.000e+00
    114.753   76.58636 -179.70644    115.998    -1.0983    -1.0988  27.587391  27.587109    34.2287    34.2289    292.635    286.148    -0.1366     4.6532     0.0928     0.0928     0.0306     0.0195     114884    79.7799     100.00     2.2087     1.9368         13  0.000e+00
    114.851   76.58636 -179.70642    116.098    -1.0977    -1.0987  27.587391  27.587053    34.2280    34.2287    292.635    285.905    -0.1366     4.6532     0.0916     0.0916     0.0306     0.0195     114885    79.7806     100.00     2.2087     1.9356         13  0.000e+00
    114.753   76.58636 -179.70642    115.998    -1.0982    -1.0987  27.587572  27.587166    34.2289    34.2289    292.634    285.654    -0.1366     4.6545     0.0916     0.0916     0.0296     0.0195     114886    79.7813     100.00     2.2087     1.9343         13  0.000e+00
    114.851   76.58636 -179.70642    116.098    -1.0981    -1.0982  27.587451  27.587223    34.2285    34.2284    292.638    285.655    -0.1366     4.6532     0.0916     0.0916     0.0306     0.0195     114887    79.7819     100.00     2.2087     1.9343         13  0.000e+00
    114.786   76.58636 -179.70642    116.031    -1.0980    -1.0985  27.587391  27.586995    34.2284    34.2284    292.843    285.901    -0.1366     4.6532     0.0916     0.0916     0.0306     0.0195     114888    79.7826     100.00     2.2099     1.9356         13  0.000e+00
    114.810   76.58636 -179.70642    116.056    -1.0981    -1.0981  27.587209  27.587109    34.2282    34.2281    292.637    285.899    -0.1061     4.6545     0.0916     0.0916     0.0296     0.0208     114889    79.7833     100.00     2.2087     1.9356         13  0.000e+00
    114.786   76.58636 -179.70642    116.031    -1.0984    -1.0982  27.587330  27.587394    34.2287    34.2287    292.845    285.652    -0.1366     4.6545     0.0916     0.0916     0.0296     0.0195     114890    79.7840     100.00     2.2099     1.9343         13  0.000e+00
    114.851   76.58636 -179.70642    116.098    -1.0981    -1.0984  27.587391  27.587280    34.2285    34.2286    292.846    285.656    -0.1366     4.6545     0.0916     0.0916     0.0296     0.0195     114891    79.7847     100.00     2.2099     1.9343         13  0.000e+00
    114.810   76.58636 -179.70642    116.056    -1.0981    -1.0982  27.587391  27.587565    34.2285    34.2289    292.845    285.899    -0.1366     4.6532     0.0916     0.0916     0.0306     0.0195     114892    79.7854     100.00     2.2099     1.9356         13  0.000e+00
    114.786   76.58636 -179.70642    116.031    -1.0982    -1.0981  27.587209  27.587337    34.2284    34.2284    292.636    286.637    -0.1366     4.6532     0.0916     0.0916     0.0306     0.0195     114893    79.7861     100.00     2.2087     1.9392         13  0.000e+00
    114.810   76.58636 -179.70642    116.056    -1.0981    -1.0982  27.587330  27.587394    34.2284    34.2287    292.636    287.379    -0.1061     4.6532     0.0916     0.0916     0.0306     0.0208     114894    79.7868     100.00     2.2087     1.9429         13  0.000e+00
    114.786   76.58636 -179.70642    116.031    -1.0984    -1.0981  27.587572  27.587508    34.2291    34.2286    292.637    287.623    -0.1366     4.6532     0.0916     0.0916     0.0306     0.0195     114895    79.7875     100.00     2.2087     1.9441         13  0.000e+00
    114.786   76.58636 -179.70642    116.031    -1.0982    -1.0979  27.587451  27.587052    34.2287    34.2278    292.636    287.623    -0.1366     4.6532     0.0916     0.0916     0.0306     0.0195     114896    79.7882     100.00     2.2087     1.9441         13  0.000e+00
    114.876   76.58636 -179.70642    116.123    -1.0983    -1.0979  27.587209  27.587110    34.2284    34.2279    292.640    287.874    -0.1061     4.6532     0.0916     0.0916     0.0306     0.0208     114897    79.7889     100.00     2.2087     1.9453         13  0.000e+00
