Continuous CTD Data/01_SBE Stage/nabos_09_02avg.cnv
* Sea-Bird SBE 9 Data File:
* FileName = D:\CTD\data\HLY2502\raw\NABOS_09_02.hex
* Software Version Seasave V 7.26.7.110
* Temperature SN = 6954
* Conductivity SN = 2561
* Number of Bytes Per Scan = 37
* Number of Voltage Words = 4
* Number of Scans Averaged by the Deck Unit = 1
* NMEA Latitude = 76 20.13 N
* NMEA Longitude = 178 35.91 E
* NMEA UTC (Time) = Sep 15 2025  05:01:14
* NMEA baud rate = 9600
** Ship: USCG HEALY
** Bot. Depth:  1161
** Cast Number:  02
** Station Name:  NABOS
** Station Number:  09
** Operator:  STARC
# nquan = 25
# nvalues = 1179                        
# units = specified
# name 0 = depSM: Depth [salt water, m]
# name 1 = latitude: Latitude [deg]
# name 2 = longitude: Longitude [deg]
# name 3 = prDM: Pressure, Digiquartz [db]
# name 4 = t090C: Temperature [ITS-90, deg C]
# name 5 = t190C: Temperature, 2 [ITS-90, deg C]
# name 6 = c0mS/cm: Conductivity [mS/cm]
# name 7 = c1mS/cm: Conductivity, 2 [mS/cm]
# name 8 = sal00: Salinity, Practical [PSU]
# name 9 = sal11: Salinity, Practical, 2 [PSU]
# name 10 = sbox0Mm/Kg: Oxygen, SBE 43 [umol/kg]
# name 11 = sbox1Mm/Kg: Oxygen, SBE 43, 2 [umol/kg]
# name 12 = flECO-AFL: Fluorescence, WET Labs ECO-AFL/FL [mg/m^3]
# name 13 = v2: Voltage 2
# name 14 = wetCDOM: Fluorescence, WET Labs CDOM [mg/m^3]
# name 15 = v6: Voltage 6
# name 16 = CStarAt0: Beam Attenuation, WET Labs C-Star [1/m]
# name 17 = v3: Voltage 3
# name 18 = scan: Scan Count
# name 19 = timeM: Time, Elapsed [minutes]
# name 20 = altM: Altimeter [m]
# name 21 = sbeox0V: Oxygen raw, SBE 43 [V]
# name 22 = sbeox1V: Oxygen raw, SBE 43, 2 [V]
# name 23 = nbin: number of scans per bin
# name 24 = flag: flag
# span 0 =      2.968,   1165.353       
# span 1 =   76.33544,   76.33623       
# span 2 =  178.59694,  178.59852       
# span 3 =      3.000,   1181.000       
# span 4 =    -1.6788,     0.8634       
# span 5 =    -1.6788,     0.8633       
# span 6 =  23.042495,  29.765726       
# span 7 =  23.041406,  29.763715       
# span 8 =    28.5534,    34.8937       
# span 9 =    28.5517,    34.8912       
# span 10 =    272.405,    383.965      
# span 11 =    267.843,    373.258      
# span 12 =    -0.1890,     0.3360      
# span 13 =     4.6052,     4.6630      
# span 14 =     0.0683,     0.1204      
# span 15 =     0.0683,     0.1204      
# span 16 =     0.0222,     0.0721      
# span 17 =     0.0174,     0.0385      
# span 18 =       3821,      41509      
# span 19 =     2.6528,    28.8248      
# span 20 =       4.90,     100.00      
# span 21 =     1.9298,     2.6731      
# span 22 =     1.7129,     2.3103      
# span 23 =          6,         28      
# span 24 = 0.0000e+00, 0.0000e+00      
# interval = decibars: 1                
# start_time = Sep 15 2025 05:01:14 [NMEA time, header]
# bad_flag = -9.990e-29
*END*
[from data line 522]
    518.857   76.33568  178.59695    525.000     0.2842     0.2842  29.373642  29.371825    34.8053    34.8029    298.155    293.542    -0.1770     4.6608     0.0818     0.0818     0.0241     0.0179      19966    13.8648     100.00     2.2262     1.9610         15 0.0000e+00
    519.844   76.33568  178.59696    526.000     0.2841     0.2841  29.373858  29.372116    34.8051    34.8029    298.260    291.487    -0.1595     4.6616     0.0818     0.0818     0.0235     0.0186      19992    13.8827     100.00     2.2266     1.9507         17 0.0000e+00
    520.832   76.33568  178.59696    527.000     0.2824     0.2824  29.372744  29.370931    34.8049    34.8026    298.051    292.698    -0.1339     4.6607     0.0823     0.0823     0.0242     0.0196      20018    13.9008     100.00     2.2250     1.9564         19 0.0000e+00
    521.819   76.33568  178.59696    528.000     0.2760     0.2760  29.367547  29.365684    34.8047    34.8023    297.974    291.938    -0.1336     4.6610     0.0830     0.0830     0.0240     0.0196      20044    13.9186     100.00     2.2240     1.9522         20 0.0000e+00
    522.806   76.33568  178.59696    529.000     0.2730     0.2729  29.365341  29.363512    34.8047    34.8023    297.918    292.124    -0.1565     4.6612     0.0819     0.0819     0.0238     0.0187      20070    13.9365     100.00     2.2233     1.9528         18 0.0000e+00
    523.793   76.33570  178.59696    530.000     0.2711     0.2711  29.364084  29.362290    34.8046    34.8023    297.826    293.099    -0.1421     4.6615     0.0817     0.0817     0.0235     0.0193      20095    13.9544     100.00     2.2225     1.9574         17 0.0000e+00
    524.780   76.33570  178.59696    531.000     0.2666     0.2665  29.360425  29.358509    34.8042    34.8018    297.978    292.190    -0.1656     4.6616     0.0823     0.0823     0.0235     0.0184      20121    13.9725     100.00     2.2229     1.9525         16 0.0000e+00
    525.767   76.33570  178.59696    532.000     0.2613     0.2612  29.356261  29.354452    34.8042    34.8019    298.061    292.434    -0.1467     4.6616     0.0809     0.0809     0.0235     0.0191      20147    13.9903     100.00     2.2229     1.9533         15 0.0000e+00
    526.754   76.33570  178.59698    533.000     0.2591     0.2590  29.354662  29.352819    34.8040    34.8017    298.175    292.669    -0.1587     4.6615     0.0812     0.0812     0.0235     0.0186      20173    14.0082     100.00     2.2232     1.9542         18 0.0000e+00
    527.741   76.33570  178.59698    534.000     0.2563     0.2563  29.352756  29.350938    34.8040    34.8017    298.161    292.631    -0.1347     4.6614     0.0797     0.0797     0.0237     0.0196      20199    14.0262     100.00     2.2227     1.9537         16 0.0000e+00
    528.728   76.33570  178.59698    535.000     0.2527     0.2525  29.349734  29.347995    34.8035    34.8014    298.135    294.039    -0.1344     4.6615     0.0818     0.0818     0.0236     0.0196      20224    14.0438     100.00     2.2222     1.9602         14 0.0000e+00
    529.715   76.33570  178.59698    536.000     0.2471     0.2475  29.345462  29.344050    34.8036    34.8013    298.239    291.605    -0.1348     4.6615     0.0818     0.0818     0.0235     0.0196      20250    14.0618     100.00     2.2223     1.9479         17 0.0000e+00
    530.702   76.33570  178.59698    537.000     0.2492     0.2482  29.348134  29.345368    34.8042    34.8017    298.297    292.087    -0.1330     4.6606     0.0830     0.0830     0.0243     0.0197      20275    14.0795     100.00     2.2225     1.9501         17 0.0000e+00
    531.689   76.33570  178.59699    538.000     0.2558     0.2556  29.354601  29.352660    34.8046    34.8023    298.225    293.152    -0.1429     4.6614     0.0807     0.0807     0.0236     0.0193      20301    14.0971     100.00     2.2222     1.9555         14 0.0000e+00
    532.676   76.33570  178.59700    539.000     0.2531     0.2537  29.352420  29.351344    34.8043    34.8021    298.178    293.192    -0.1723     4.6617     0.0816     0.0816     0.0234     0.0181      20327    14.1151     100.00     2.2215     1.9554         16 0.0000e+00
    533.663   76.33570  178.59700    540.000     0.2440     0.2445  29.344995  29.343751    34.8042    34.8020    298.189    293.821    -0.1573     4.6615     0.0818     0.0818     0.0236     0.0187      20352    14.1328     100.00     2.2209     1.9579         14 0.0000e+00
    534.650   76.33570  178.59700    541.000     0.2415     0.2420  29.343263  29.341960    34.8042    34.8019    298.043    291.343    -0.1349     4.6609     0.0818     0.0818     0.0240     0.0196      20378    14.1508     100.00     2.2197     1.9455         16 0.0000e+00
    535.637   76.33570  178.59702    542.000     0.2383     0.2384  29.340970  29.339367    34.8042    34.8019    298.148    292.115    -0.1542     4.6610     0.0815     0.0815     0.0240     0.0188      20404    14.1686     100.00     2.2199     1.9489         13 0.0000e+00
    536.624   76.33570  178.59702    543.000     0.2384     0.2383  29.342169  29.340442    34.8051    34.8028    298.248    292.746    -0.1447     4.6606     0.0818     0.0818     0.0243     0.0192      20430    14.1865     100.00     2.2203     1.9518         15 0.0000e+00
    537.611   76.33570  178.59702    544.000     0.2498     0.2500  29.353832  29.352048    34.8068    34.8043    298.148    292.478    -0.1344     4.6612     0.0818     0.0818     0.0238     0.0196      20455    14.2045     100.00     2.2201     1.9508         14 0.0000e+00
    538.598   76.33570  178.59702    545.000     0.2544     0.2545  29.358460  29.356783    34.8072    34.8049    298.257    292.962    -0.1344     4.6611     0.0830     0.0830     0.0239     0.0196      20481    14.2224     100.00     2.2207     1.9532         14 0.0000e+00
    539.584   76.33572  178.59704    546.000     0.2531     0.2531  29.357850  29.356228    34.8073    34.8052    298.262    291.602    -0.1729     4.6615     0.0824     0.0824     0.0236     0.0181      20507    14.2404     100.00     2.2205     1.9463         15 0.0000e+00
    540.571   76.33572  178.59704    547.000     0.2448     0.2450  29.351101  29.349596    34.8072    34.8050    298.154    292.051    -0.1673     4.6607     0.0812     0.0812     0.0242     0.0183      20533    14.2582     100.00     2.2192     1.9480         14 0.0000e+00
    541.558   76.33572  178.59704    548.000     0.2410     0.2411  29.348789  29.346996    34.8079    34.8054    297.995    292.172    -0.1527     4.6605     0.0814     0.0814     0.0244     0.0189      20558    14.2760     100.00     2.2179     1.9482         13 0.0000e+00
    542.545   76.33572  178.59705    549.000     0.2427     0.2428  29.351271  29.349575    34.8086    34.8063    297.824    292.009    -0.1518     4.6611     0.0806     0.0806     0.0239     0.0189      20584    14.2937     100.00     2.2168     1.9473         14 0.0000e+00
    543.532   76.33572  178.59706    550.000     0.2379     0.2378  29.347578  29.345750    34.8085    34.8062    297.791    291.774    -0.1715     4.6613     0.0808     0.0808     0.0237     0.0181      20609    14.3114     100.00     2.2161     1.9457         14 0.0000e+00
    544.519   76.33572  178.59706    551.000     0.2339     0.2339  29.344531  29.342888    34.8085    34.8064    297.849    291.943    -0.1370     4.6606     0.0818     0.0818     0.0243     0.0195      20635    14.3293     100.00     2.2160     1.9462         16 0.0000e+00
    545.506   76.33572  178.59706    552.000     0.2326     0.2327  29.343876  29.342165    34.8084    34.8062    297.806    291.757    -0.1693     4.6607     0.0819     0.0819     0.0242     0.0182      20661    14.3469     100.00     2.2154     1.9451         16 0.0000e+00
    546.493   76.33572  178.59707    553.000     0.2298     0.2298  29.341743  29.339924    34.8082    34.8059    297.736    292.053    -0.1629     4.6607     0.0830     0.0830     0.0242     0.0185      20686    14.3648     100.00     2.2147     1.9462         15 0.0000e+00
    547.480   76.33572  178.59708    554.000     0.2259     0.2258  29.338879  29.337077    34.8083    34.8060    297.799    291.885    -0.1314     4.6608     0.0818     0.0818     0.0242     0.0197      20712    14.3825     100.00     2.2146     1.9450         16 0.0000e+00
    548.467   76.33572  178.59708    555.000     0.2241     0.2242  29.337718  29.335999    34.8083    34.8059    297.654    291.886    -0.1444     4.6604     0.0807     0.0807     0.0245     0.0192      20738    14.4006     100.00     2.2135     1.9448         16 0.0000e+00
    549.454   76.33572  178.59710    556.000     0.2233     0.2235  29.337787  29.336136    34.8086    34.8062    297.594    290.547    -0.1661     4.6607     0.0805     0.0805     0.0243     0.0183      20764    14.4186     100.00     2.2129     1.9380         19 0.0000e+00
    550.441   76.33572  178.59710    557.000     0.2247     0.2247  29.339463  29.337739    34.8087    34.8064    297.618    292.894    -0.1440     4.6607     0.0806     0.0806     0.0242     0.0192      20790    14.4365     100.00     2.2128     1.9494         15 0.0000e+00
    551.428   76.33572  178.59710    558.000     0.2273     0.2274  29.342455  29.340864    34.8091    34.8069    297.648    291.919    -0.1350     4.6607     0.0823     0.0823     0.0242     0.0196      20816    14.4545     100.00     2.2129     1.9445         15 0.0000e+00
    552.414   76.33572  178.59710    559.000     0.2343     0.2346  29.349787  29.348312    34.8102    34.8079    297.666    291.626    -0.1382     4.6605     0.0813     0.0813     0.0244     0.0194      20842    14.4727     100.00     2.2132     1.9432         19 0.0000e+00
    553.402   76.33572  178.59712    560.000     0.2356     0.2357  29.351323  29.349577    34.8102    34.8078    297.596    291.614    -0.1696     4.6608     0.0814     0.0814     0.0242     0.0182      20867    14.4904     100.00     2.2126     1.9430         15 0.0000e+00
    554.389   76.33572  178.59712    561.000     0.2329     0.2329  29.349457  29.347644    34.8102    34.8079    297.489    291.499    -0.1542     4.6606     0.0818     0.0818     0.0243     0.0188      20893    14.5084     100.00     2.2116     1.9422         16 0.0000e+00
    555.375   76.33573  178.59713    562.000     0.2286     0.2282  29.346167  29.344133    34.8101    34.8079    297.306    290.417    -0.1335     4.6605     0.0811     0.0811     0.0244     0.0196      20919    14.5263     100.00     2.2102     1.9365         20 0.0000e+00
    556.362   76.33574  178.59714    563.000     0.2188     0.2189  29.337706  29.336133    34.8094    34.8073    297.286    291.450    -0.1345     4.6605     0.0810     0.0810     0.0244     0.0196      20944    14.5438     100.00     2.2093     1.9409         14 0.0000e+00
    557.349   76.33574  178.59714    564.000     0.2117     0.2117  29.332134  29.330362    34.8096    34.8073    297.174    294.227    -0.1308     4.6605     0.0821     0.0821     0.0244     0.0197      20970    14.5617     100.00     2.2080     1.9540         16 0.0000e+00
    558.336   76.33574  178.59714    565.000     0.2007     0.2006  29.322794  29.320987    34.8092    34.8068    297.308    292.076    -0.1607     4.6602     0.0824     0.0824     0.0246     0.0186      20995    14.5794     100.00     2.2080     1.9429         17 0.0000e+00
    559.323   76.33574  178.59715    566.000     0.1899     0.1898  29.313572  29.311799    34.8086    34.8064    297.404    291.383    -0.1673     4.6605     0.0808     0.0808     0.0244     0.0183      21021    14.5970     100.00     2.2078     1.9388         17 0.0000e+00
    560.309   76.33574  178.59716    567.000     0.1665     0.1667  29.293467  29.291853    34.8079    34.8056    297.428    291.735    -0.1352     4.6612     0.0816     0.0816     0.0238     0.0196      21046    14.6148     100.00     2.2065     1.9394         17 0.0000e+00
    561.296   76.33574  178.59716    568.000     0.1530     0.1532  29.282250  29.280659    34.8079    34.8056    297.430    291.962    -0.1365     4.6608     0.0808     0.0808     0.0241     0.0195      21072    14.6329     100.00     2.2057     1.9398         20 0.0000e+00
    562.283   76.33574  178.59718    569.000     0.1516     0.1517  29.281198  29.279489    34.8075    34.8051    297.395    292.089    -0.1349     4.6552     0.0818     0.0818     0.0290     0.0196      21098    14.6507     100.00     2.2052     1.9401         18 0.0000e+00
    563.270   76.33574  178.59718    570.000     0.1583     0.1582  29.287970  29.286053    34.8083    34.8058    297.487    291.843    -0.1346     4.6607     0.0817     0.0817     0.0243     0.0196      21124    14.6685     100.00     2.2058     1.9390         15 0.0000e+00
    564.257   76.33574  178.59718    571.000     0.1620     0.1621  29.291535  29.289843    34.8081    34.8058    297.525    291.867    -0.1578     4.6606     0.0818     0.0818     0.0243     0.0187      21150    14.6868     100.00     2.2060     1.9391         20 0.0000e+00
    565.244   76.33574  178.59720    572.000     0.1622     0.1622  29.292079  29.290150    34.8080    34.8056    297.575    291.765    -0.1399     4.6605     0.0795     0.0795     0.0244     0.0194      21176    14.7048     100.00     2.2060     1.9384         18 0.0000e+00
    566.230   76.33574  178.59720    573.000     0.1619     0.1620  29.292272  29.290489    34.8080    34.8056    297.599    292.136    -0.1603     4.6603     0.0813     0.0813     0.0245     0.0186      21201    14.7226     100.00     2.2059     1.9400         14 0.0000e+00
    567.217   76.33574  178.59720    574.000     0.1622     0.1623  29.292831  29.291140    34.8079    34.8056    297.656    292.254    -0.1340     4.6605     0.0807     0.0807     0.0244     0.0196      21228    14.7409     100.00     2.2060     1.9404         19 0.0000e+00
    568.204   76.33574  178.59721    575.000     0.1622     0.1623  29.293303  29.291569    34.8079    34.8055    297.686    291.961    -0.1412     4.6605     0.0816     0.0816     0.0244     0.0193      21253    14.7587     100.00     2.2060     1.9388         20 0.0000e+00
    569.191   76.33574  178.59722    576.000     0.1622     0.1623  29.293790  29.292069    34.8079    34.8055    297.745    291.965    -0.1496     4.6606     0.0809     0.0809     0.0243     0.0190      21279    14.7764     100.00     2.2061     1.9387         18 0.0000e+00
    570.178   76.33574  178.59722    577.000     0.1625     0.1625  29.294430  29.292648    34.8078    34.8055    297.695    292.169    -0.1528     4.6603     0.0829     0.0829     0.0246     0.0189      21305    14.7941     100.00     2.2056     1.9395         17 0.0000e+00
    571.165   76.33575  178.59723    578.000     0.1629     0.1629  29.295114  29.293487    34.8078    34.8055    297.658    292.102    -0.1487     4.6602     0.0834     0.0834     0.0246     0.0190      21330    14.8119     100.00     2.2052     1.9390         23 0.0000e+00
    572.151   76.33576  178.59724    579.000     0.1638     0.1639  29.296501  29.294722    34.8079    34.8055    297.651    292.014    -0.1335     4.6603     0.0824     0.0824     0.0246     0.0196      21356    14.8295     100.00     2.2050     1.9384         19 0.0000e+00
    573.138   76.33576  178.59724    580.000     0.1668     0.1669  29.299626  29.297901    34.8081    34.8057    297.606    290.210    -0.1328     4.6600     0.0818     0.0818     0.0248     0.0197      21381    14.8472     100.00     2.2046     1.9296         16 0.0000e+00
    574.125   76.33576  178.59725    581.000     0.1681     0.1678  29.301164  29.299109    34.8081    34.8057    297.575    293.383    -0.1712     4.6606     0.0813     0.0813     0.0243     0.0181      21407    14.8650     100.00     2.2043     1.9448         16 0.0000e+00
