Continuous CTD Data/01_SBE Stage/nabos_09_01avg.cnv
* Sea-Bird SBE 9 Data File:
* FileName = D:\CTD\data\HLY2502\raw\NABOS_09_01.hex
* Software Version Seasave V 7.26.7.110
* Temperature SN = 6954
* Conductivity SN = 2561
* Number of Bytes Per Scan = 37
* Number of Voltage Words = 4
* Number of Scans Averaged by the Deck Unit = 1
* NMEA Latitude = 76 19.84 N
* NMEA Longitude = 178 34.73 E
* NMEA UTC (Time) = Sep 15 2025  03:07:08
* NMEA baud rate = 9600
** Ship: USCG HEALY
** Bot. Depth:  1161
** Cast Number:  01
** Station Name:  NABOS
** Station Number:  09
** Operator:  STARC
# nquan = 25
# nvalues = 251                         
# units = specified
# name 0 = depSM: Depth [salt water, m]
# name 1 = latitude: Latitude [deg]
# name 2 = longitude: Longitude [deg]
# name 3 = prDM: Pressure, Digiquartz [db]
# name 4 = t090C: Temperature [ITS-90, deg C]
# name 5 = t190C: Temperature, 2 [ITS-90, deg C]
# name 6 = c0mS/cm: Conductivity [mS/cm]
# name 7 = c1mS/cm: Conductivity, 2 [mS/cm]
# name 8 = sal00: Salinity, Practical [PSU]
# name 9 = sal11: Salinity, Practical, 2 [PSU]
# name 10 = sbox0Mm/Kg: Oxygen, SBE 43 [umol/kg]
# name 11 = sbox1Mm/Kg: Oxygen, SBE 43, 2 [umol/kg]
# name 12 = flECO-AFL: Fluorescence, WET Labs ECO-AFL/FL [mg/m^3]
# name 13 = v2: Voltage 2
# name 14 = wetCDOM: Fluorescence, WET Labs CDOM [mg/m^3]
# name 15 = v6: Voltage 6
# name 16 = CStarAt0: Beam Attenuation, WET Labs C-Star [1/m]
# name 17 = v3: Voltage 3
# name 18 = scan: Scan Count
# name 19 = timeM: Time, Elapsed [minutes]
# name 20 = altM: Altimeter [m]
# name 21 = sbeox0V: Oxygen raw, SBE 43 [V]
# name 22 = sbeox1V: Oxygen raw, SBE 43, 2 [V]
# name 23 = nbin: number of scans per bin
# name 24 = flag: flag
# span 0 =      2.968,    250.204       
# span 1 =   76.33088,   76.33145       
# span 2 =  178.57868,  178.57878       
# span 3 =      3.000,    253.000       
# span 4 =    -1.6939,     0.7352       
# span 5 =    -1.6928,     0.7363       
# span 6 =  23.044976,  29.598876       
# span 7 =  23.044628,  29.598774       
# span 8 =    28.5601,    34.7535       
# span 9 =    28.5574,    34.7521       
# span 10 =    295.199,    385.154      
# span 11 =    288.040,    374.486      
# span 12 =    -0.1727,     0.3120      
# span 13 =     4.5495,     4.6617      
# span 14 =     0.0813,     0.1234      
# span 15 =     0.0813,     0.1234      
# span 16 =     0.0234,     0.1228      
# span 17 =     0.0181,     0.0375      
# span 18 =       4551,      17705      
# span 19 =     3.1596,    12.2946      
# span 20 =     100.00,     100.00      
# span 21 =     2.2587,     2.6799      
# span 22 =     1.9786,     2.3164      
# span 23 =          7,         28      
# span 24 = 0.0000e+00, 0.0000e+00      
# interval = decibars: 1                
# start_time = Sep 15 2025 03:07:08 [NMEA time, header]
# bad_flag = -9.990e-29
*END*
[from data line 174]
    175.076   76.33128  178.57870    177.000     0.0011     0.0008  28.802060  28.801859    34.5791    34.5791    301.207    294.823    -0.1317     4.6593     0.0863     0.0863     0.0254     0.0197      13538     9.4009     100.00     2.3078     2.0202         21 0.0000e+00
    176.065   76.33128  178.57870    178.000     0.0323     0.0309  28.835212  28.832513    34.5871    34.5851    300.892    294.302    -0.1509     4.6595     0.0860     0.0860     0.0252     0.0189      13589     9.4362     100.00     2.3075     2.0187         22 0.0000e+00
    177.053   76.33128  178.57870    179.000     0.0317     0.0318  28.835679  28.834219    34.5878    34.5858    301.167    294.831    -0.1510     4.6601     0.0845     0.0845     0.0247     0.0189      13640     9.4714     100.00     2.3088     2.0213         19 0.0000e+00
    178.042   76.33128  178.57870    180.000     0.0338     0.0346  28.838481  28.837923    34.5886    34.5870    301.466    295.040    -0.1317     4.6596     0.0855     0.0855     0.0251     0.0197      13690     9.5064     100.00     2.3105     2.0223         17 0.0000e+00
    179.031   76.33128  178.57870    181.000     0.0806     0.0807  28.887745  28.886834    34.6003    34.5991    301.462    294.824    -0.1269     4.6600     0.0852     0.0852     0.0248     0.0199      13741     9.5418     100.00     2.3129     2.0231         19 0.0000e+00
    180.019   76.33128  178.57870    182.000     0.0825     0.0825  28.890871  28.889310    34.6017    34.5997    301.866    295.137    -0.1284     4.6601     0.0851     0.0851     0.0247     0.0198      13791     9.5765     100.00     2.3152     2.0246         15 0.0000e+00
    181.008   76.33130  178.57870    183.000     0.0827     0.0828  28.891845  28.890364    34.6021    34.6001    301.612    294.618    -0.1285     4.6599     0.0848     0.0848     0.0249     0.0198      13842     9.6119     100.00     2.3135     2.0218         15 0.0000e+00
    181.997   76.33130  178.57870    184.000     0.0827     0.0826  28.892455  28.890837    34.6024    34.6003    301.382    294.532    -0.1309     4.6600     0.0840     0.0840     0.0248     0.0197      13893     9.6474     100.00     2.3119     2.0212         16 0.0000e+00
    182.986   76.33130  178.57870    185.000     0.0828     0.0829  28.893241  28.891706    34.6027    34.6006    301.375    294.710    -0.1312     4.6601     0.0855     0.0855     0.0248     0.0197      13944     9.6826     100.00     2.3116     2.0219         17 0.0000e+00
    183.974   76.33130  178.57870    186.000     0.1255     0.1273  28.935723  28.937228    34.6101    34.6101    300.874    294.548    -0.1489     4.6598     0.0858     0.0858     0.0250     0.0190      13995     9.7180     100.00     2.3107     2.0229         15 0.0000e+00
    184.963   76.33130  178.57870    187.000     0.1680     0.1674  28.979401  28.977511    34.6193    34.6174    300.822    294.216    -0.1289     4.6594     0.0846     0.0846     0.0253     0.0198      14046     9.7532     100.00     2.3125     2.0229         16 0.0000e+00
    185.951   76.33130  178.57870    188.000     0.1681     0.1680  28.980574  28.978928    34.6201    34.6181    300.897    294.045    -0.1455     4.6596     0.0839     0.0839     0.0251     0.0192      14097     9.7888     100.00     2.3127     2.0218         17 0.0000e+00
    186.940   76.33130  178.57870    189.000     0.1687     0.1686  28.981901  28.980259    34.6205    34.6185    300.706    293.797    -0.1527     4.6593     0.0839     0.0839     0.0254     0.0189      14147     9.8239     100.00     2.3114     2.0204         17 0.0000e+00
    187.929   76.33130  178.57870    190.000     0.2234     0.2242  29.037687  29.038062    34.6319    34.6315    300.324    293.873    -0.1527     4.6594     0.0832     0.0832     0.0253     0.0189      14198     9.8590     100.00     2.3119     2.0231         17 0.0000e+00
    188.917   76.33130  178.57870    191.000     0.2322     0.2321  29.048066  29.046526    34.6350    34.6331    300.207    293.573    -0.1472     4.6592     0.0845     0.0845     0.0254     0.0191      14249     9.8942     100.00     2.3114     2.0218         17 0.0000e+00
    189.906   76.33132  178.57870    192.000     0.2324     0.2325  29.049126  29.047585    34.6356    34.6334    299.997    293.306    -0.1527     4.6595     0.0844     0.0844     0.0253     0.0189      14299     9.9294     100.00     2.3099     2.0202         17 0.0000e+00
    190.895   76.33132  178.57870    193.000     0.2457     0.2461  29.062603  29.062353    34.6378    34.6370    299.857    292.776    -0.1456     4.6595     0.0839     0.0839     0.0253     0.0192      14351     9.9650     100.00     2.3096     2.0180         17 0.0000e+00
    191.883   76.33132  178.57870    194.000     0.2917     0.2904  29.109773  29.107374    34.6475    34.6458    299.642    292.748    -0.1468     4.6596     0.0846     0.0846     0.0252     0.0191      14401    10.0003     100.00     2.3106     2.0196         18 0.0000e+00
    192.872   76.33132  178.57870    195.000     0.2914     0.2909  29.110572  29.108640    34.6482    34.6462    299.561    293.172    -0.1590     4.6595     0.0838     0.0838     0.0252     0.0186      14452    10.0353     100.00     2.3099     2.0216         19 0.0000e+00
    193.860   76.33132  178.57870    196.000     0.2929     0.2935  29.112796  29.112007    34.6489    34.6472    299.330    292.272    -0.1317     4.6601     0.0845     0.0845     0.0248     0.0197      14503    10.0707     100.00     2.3083     2.0170         19 0.0000e+00
    194.849   76.33132  178.57870    197.000     0.3466     0.3454  29.166779  29.165054    34.6588    34.6578    299.114    292.288    -0.1336     4.6594     0.0833     0.0833     0.0253     0.0196      14554    10.1060     100.00     2.3098     2.0192         20 0.0000e+00
    195.838   76.33132  178.57870    198.000     0.3473     0.3471  29.169056  29.167318    34.6604    34.6583    299.037    292.005    -0.1262     4.6599     0.0837     0.0837     0.0249     0.0199      14604    10.1412     100.00     2.3091     2.0176         21 0.0000e+00
    196.826   76.33132  178.57870    199.000     0.3615     0.3621  29.183730  29.183736    34.6631    34.6624    298.626    292.249    -0.1304     4.6598     0.0845     0.0845     0.0250     0.0198      14655    10.1764     100.00     2.3071     2.0194         20 0.0000e+00
    197.815   76.33132  178.57871    200.000     0.3929     0.3924  29.216999  29.215069    34.6708    34.6689    298.463    291.473    -0.1305     4.6598     0.0838     0.0838     0.0250     0.0198      14706    10.2118     100.00     2.3076     2.0166         20 0.0000e+00
    198.804   76.33132  178.57872    201.000     0.3978     0.3988  29.223069  29.223461    34.6727    34.6721    298.109    291.551    -0.1597     4.6599     0.0851     0.0851     0.0249     0.0186      14757    10.2469     100.00     2.3055     2.0171         20 0.0000e+00
    199.792   76.33134  178.57872    202.000     0.4615     0.4605  29.289077  29.287612    34.6869    34.6862    297.693    291.243    -0.1367     4.6600     0.0833     0.0833     0.0248     0.0195      14808    10.2825     100.00     2.3063     2.0182         21 0.0000e+00
    200.781   76.33134  178.57872    203.000     0.4662     0.4659  29.295243  29.293570    34.6892    34.6873    297.759    291.009    -0.1642     4.6598     0.0837     0.0837     0.0250     0.0184      14858    10.3176     100.00     2.3067     2.0170         24 0.0000e+00
    201.769   76.33134  178.57872    204.000     0.4665     0.4665  29.296469  29.294858    34.6898    34.6877    297.647    290.951    -0.1656     4.6603     0.0835     0.0835     0.0246     0.0184      14909    10.3529     100.00     2.3058     2.0166         21 0.0000e+00
    202.758   76.33134  178.57872    205.000     0.4667     0.4667  29.297343  29.295672    34.6901    34.6880    297.508    291.689    -0.1541     4.6597     0.0843     0.0843     0.0251     0.0188      14960    10.3881     100.00     2.3048     2.0202         23 0.0000e+00
    203.747   76.33134  178.57872    206.000     0.4668     0.4670  29.298094  29.296739    34.6904    34.6883    297.473    290.980    -0.1565     4.6604     0.0842     0.0842     0.0245     0.0187      15011    10.4237     100.00     2.3044     2.0163         23 0.0000e+00
    204.735   76.33134  178.57872    207.000     0.4669     0.4670  29.298929  29.297287    34.6907    34.6885    297.183    290.332    -0.1507     4.6604     0.0837     0.0837     0.0244     0.0190      15062    10.4589     100.00     2.3024     2.0128         24 0.0000e+00
    205.724   76.33134  178.57872    208.000     0.4669     0.4670  29.299454  29.297855    34.6908    34.6887    297.119    290.309    -0.1494     4.6603     0.0827     0.0827     0.0245     0.0190      15113    10.4943     100.00     2.3018     2.0125         24 0.0000e+00
    206.712   76.33134  178.57872    209.000     0.4670     0.4669  29.300043  29.298283    34.6910    34.6887    297.365    291.606    -0.1458     4.6604     0.0813     0.0813     0.0245     0.0191      15163    10.5295     100.00     2.3030     2.0190         23 0.0000e+00
    207.701   76.33135  178.57872    210.000     0.4669     0.4669  29.300479  29.298847    34.6910    34.6889    297.254    291.242    -0.1300     4.6603     0.0839     0.0839     0.0245     0.0198      15214    10.5646     100.00     2.3021     2.0169         23 0.0000e+00
    208.689   76.33136  178.57872    211.000     0.4669     0.4670  29.300999  29.299433    34.6911    34.6890    297.382    290.841    -0.1684     4.6601     0.0835     0.0835     0.0247     0.0182      15265    10.6002     100.00     2.3026     2.0147         26 0.0000e+00
    209.678   76.33136  178.57872    212.000     0.4671     0.4673  29.301731  29.300169    34.6912    34.6890    297.484    290.486    -0.1523     4.6602     0.0841     0.0841     0.0246     0.0189      15315    10.6349     100.00     2.3030     2.0126         18 0.0000e+00
    210.666   76.33136  178.57872    213.000     0.4675     0.4675  29.302477  29.300883    34.6912    34.6891    297.386    290.997    -0.1556     4.6606     0.0840     0.0840     0.0243     0.0188      15367    10.6706     100.00     2.3022     2.0151         21 0.0000e+00
    211.655   76.33136  178.57872    214.000     0.4676     0.4676  29.303211  29.301517    34.6915    34.6892    297.114    290.788    -0.1682     4.6605     0.0830     0.0830     0.0243     0.0183      15418    10.7059     100.00     2.3003     2.0138         22 0.0000e+00
    212.643   76.33136  178.57872    215.000     0.4876     0.4864  29.323343  29.321315    34.6947    34.6933    296.807    290.593    -0.1572     4.6602     0.0831     0.0831     0.0247     0.0187      15468    10.7412     100.00     2.2993     2.0135         26 0.0000e+00
    213.632   76.33136  178.57872    216.000     0.4980     0.4979  29.334844  29.333188    34.6975    34.6954    297.097    290.599    -0.1598     4.6605     0.0830     0.0830     0.0244     0.0186      15519    10.7765     100.00     2.3014     2.0138         25 0.0000e+00
    214.620   76.33136  178.57872    217.000     0.4979     0.4980  29.335404  29.333864    34.6977    34.6956    297.064    290.784    -0.1692     4.6602     0.0827     0.0827     0.0246     0.0182      15570    10.8117     100.00     2.3010     2.0146         25 0.0000e+00
    215.609   76.33136  178.57872    218.000     0.4978     0.4980  29.336030  29.334410    34.6980    34.6957    297.247    290.884    -0.1259     4.6607     0.0831     0.0831     0.0242     0.0200      15621    10.8472     100.00     2.3019     2.0149         26 0.0000e+00
    216.597   76.33137  178.57872    219.000     0.5034     0.5042  29.341949  29.342173    34.6989    34.6982    297.245    290.480    -0.1433     4.6606     0.0833     0.0833     0.0243     0.0193      15672    10.8823     100.00     2.3019     2.0129         25 0.0000e+00
    217.586   76.33138  178.57873    220.000     0.5561     0.5555  29.396969  29.395417    34.7110    34.7097    297.062    290.271    -0.1610     4.6606     0.0833     0.0833     0.0243     0.0185      15722    10.9177     100.00     2.3035     2.0140         22 0.0000e+00
    218.574   76.33138  178.57874    221.000     0.5597     0.5597  29.401769  29.400190    34.7126    34.7105    297.451    290.213    -0.1671     4.6598     0.0833     0.0833     0.0250     0.0183      15773    10.9528     100.00     2.3058     2.0137         24 0.0000e+00
    219.563   76.33138  178.57874    222.000     0.5644     0.5643  29.407172  29.405729    34.7137    34.7120    297.394    290.950    -0.1403     4.6604     0.0841     0.0841     0.0245     0.0194      15824    10.9883     100.00     2.3055     2.0175         27 0.0000e+00
    220.551   76.33138  178.57874    223.000     0.5902     0.5900  29.433744  29.432422    34.7189    34.7174    297.234    290.945    -0.1409     4.6606     0.0844     0.0844     0.0243     0.0193      15874    11.0232     100.00     2.3057     2.0184         21 0.0000e+00
    221.540   76.33138  178.57874    224.000     0.6146     0.6144  29.460025  29.458563    34.7252    34.7236    296.940    290.246    -0.1601     4.6606     0.0833     0.0833     0.0243     0.0186      15925    11.0586     100.00     2.3050     2.0158         19 0.0000e+00
    222.528   76.33138  178.57874    225.000     0.6164     0.6163  29.462876  29.461178    34.7263    34.7242    296.657    290.432    -0.1546     4.6606     0.0838     0.0838     0.0243     0.0188      15977    11.0941     100.00     2.3031     2.0166         20 0.0000e+00
    223.517   76.33138  178.57874    226.000     0.6164     0.6164  29.463509  29.461902    34.7265    34.7244    296.681    290.375    -0.1456     4.6605     0.0829     0.0829     0.0244     0.0192      16027    11.1293     100.00     2.3031     2.0162         20 0.0000e+00
    224.505   76.33138  178.57874    227.000     0.6166     0.6167  29.464394  29.462827    34.7269    34.7247    296.676    290.318    -0.1585     4.6606     0.0829     0.0829     0.0243     0.0186      16078    11.1648     100.00     2.3028     2.0157         22 0.0000e+00
    225.494   76.33138  178.57874    228.000     0.6230     0.6239  29.471162  29.470920    34.7280    34.7266    296.690    290.165    -0.1355     4.6606     0.0817     0.0817     0.0243     0.0196      16129    11.1999     100.00     2.3031     2.0150         19 0.0000e+00
    226.482   76.33140  178.57874    229.000     0.6542     0.6542  29.503438  29.502613    34.7344    34.7333    296.369    289.738    -0.1629     4.6591     0.0832     0.0832     0.0256     0.0185      16180    11.2354     100.00     2.3025     2.0140         21 0.0000e+00
    227.471   76.33140  178.57874    230.000     0.6705     0.6703  29.521595  29.519898    34.7392    34.7372    296.251    289.675    -0.1670     4.6607     0.0832     0.0832     0.0242     0.0183      16230    11.2703     100.00     2.3025     2.0142         22 0.0000e+00
    228.459   76.33140  178.57874    231.000     0.6724     0.6728  29.524230  29.522919    34.7399    34.7377    296.228    290.053    -0.1247     4.6607     0.0837     0.0837     0.0242     0.0200      16281    11.3055     100.00     2.3022     2.0161         17 0.0000e+00
    229.448   76.33140  178.57874    232.000     0.6997     0.6996  29.552512  29.551014    34.7454    34.7436    295.749    289.499    -0.1420     4.6611     0.0829     0.0829     0.0239     0.0193      16332    11.3409     100.00     2.3005     2.0142         18 0.0000e+00
    230.436   76.33140  178.57874    233.000     0.7020     0.7015  29.555788  29.553714    34.7465    34.7444    295.604    289.157    -0.1468     4.6602     0.0825     0.0825     0.0247     0.0191      16383    11.3761     100.00     2.2996     2.0124         18 0.0000e+00
