Continuous CTD Data/01_SBE Stage/nabos_32_01.ros
* Sea-Bird SBE 9 Data File:
* FileName = D:\CTD\data\HLY2502\raw\NABOS_32_01.hex
* Software Version Seasave V 7.26.7.110
* Temperature SN = 6954
* Conductivity SN = 2561
* Number of Bytes Per Scan = 37
* Number of Voltage Words = 4
* Number of Scans Averaged by the Deck Unit = 1
* NMEA Latitude = 79 56.86 N
* NMEA Longitude = 142 14.59 E
* NMEA UTC (Time) = Sep 23 2025  08:48:42
* NMEA baud rate = 9600
** Ship: USCG HEALY
** Bot. Depth:  1374
** Cast Number:  01
** Station Name:  NABOS
** Station Number:  32
** Operator:  STARC
** 250 m Ra cast
# nquan = 25
# nvalues = 1176                                  
# units = specified
# name 0 = depSM: Depth [salt water, m]
# name 1 = latitude: Latitude [deg]
# name 2 = longitude: Longitude [deg]
# name 3 = prDM: Pressure, Digiquartz [db]
# name 4 = t090C: Temperature [ITS-90, deg C]
# name 5 = t190C: Temperature, 2 [ITS-90, deg C]
# name 6 = c0mS/cm: Conductivity [mS/cm]
# name 7 = c1mS/cm: Conductivity, 2 [mS/cm]
# name 8 = sal00: Salinity, Practical [PSU]
# name 9 = sal11: Salinity, Practical, 2 [PSU]
# name 10 = sbox0Mm/Kg: Oxygen, SBE 43 [umol/kg]
# name 11 = sbox1Mm/Kg: Oxygen, SBE 43, 2 [umol/kg]
# name 12 = flECO-AFL: Fluorescence, WET Labs ECO-AFL/FL [mg/m^3]
# name 13 = v2: Voltage 2
# name 14 = wetCDOM: Fluorescence, WET Labs CDOM [mg/m^3]
# name 15 = v6: Voltage 6
# name 16 = CStarAt0: Beam Attenuation, WET Labs C-Star [1/m]
# name 17 = v3: Voltage 3
# name 18 = scan: Scan Count
# name 19 = timeM: Time, Elapsed [minutes]
# name 20 = altM: Altimeter [m]
# name 21 = sbeox0V: Oxygen raw, SBE 43 [V]
# name 22 = sbeox1V: Oxygen raw, SBE 43, 2 [V]
# name 23 = nbf: Bottles Fired
# name 24 = flag:  0.000e+00
# interval = seconds: 0.0416667
# start_time = Sep 23 2025 08:48:42 [NMEA time, header]
# bad_flag = -9.990e-29
*END*
[from data line 464]
    100.388   79.94754  142.23062    101.486    -0.6402    -0.6408  28.013707  28.011330    34.2962    34.2936    307.556    302.247    -0.1366     4.6032     0.0916     0.0916     0.0739     0.0195      22075    15.3292     100.00     2.3255     2.0409         10  0.000e+00
    100.437   79.94754  142.23062    101.536    -0.6400    -0.6409  28.014195  28.011330    34.2966    34.2937    307.350    302.250    -0.1366     4.6032     0.0916     0.0916     0.0739     0.0195      22076    15.3299     100.00     2.3243     2.0409         10  0.000e+00
    100.388   79.94754  142.23062    101.486    -0.6397    -0.6408  28.013890  28.011445    34.2959    34.2938    307.552    302.490    -0.1061     4.6032     0.0916     0.0916     0.0739     0.0208      22077    15.3306     100.00     2.3255     2.0421         10  0.000e+00
    100.388   79.94754  142.23062    101.486    -0.6399    -0.6411  28.013768  28.011388    34.2959    34.2940    307.349    302.492    -0.1366     4.6032     0.0916     0.0916     0.0739     0.0195      22078    15.3313     100.00     2.3243     2.0421         10  0.000e+00
    100.388   79.94754  142.23062    101.486    -0.6397    -0.6409  28.014012  28.011388    34.2961    34.2939    307.552    302.248    -0.1366     4.6032     0.0916     0.0916     0.0739     0.0195      22079    15.3319     100.00     2.3255     2.0409         10  0.000e+00
    100.314   79.94754  142.23062    101.411    -0.6399    -0.6411  28.014012  28.011273    34.2963    34.2939    307.345    302.246    -0.1366     4.6032     0.0916     0.0916     0.0739     0.0195      22080    15.3326     100.00     2.3243     2.0409         10  0.000e+00
    100.445   79.94754  142.23062    101.544    -0.6399    -0.6411  28.014195  28.011330    34.2965    34.2939    307.350    302.494    -0.1366     4.6032     0.0916     0.0916     0.0739     0.0195      22081    15.3333     100.00     2.3243     2.0421         10  0.000e+00
    100.445   79.94754  142.23062    101.544    -0.6397    -0.6409  28.014134  28.011273    34.2962    34.2936    307.554    302.251    -0.1061     4.6032     0.0916     0.0916     0.0739     0.0208      22082    15.3340     100.00     2.3255     2.0409         10  0.000e+00
    100.371   79.94754  142.23062    101.469    -0.6399    -0.6409  28.014256  28.011559    34.2966    34.2940    307.347    302.247    -0.1061     4.6032     0.0916     0.0916     0.0739     0.0208      22083    15.3347     100.00     2.3243     2.0409         10  0.000e+00
    100.387   79.94754  142.23060    101.486    -0.6399    -0.6406  28.014134  28.011674    34.2964    34.2939    307.348    301.760    -0.1366     4.6032     0.0916     0.0916     0.0739     0.0195      22084    15.3354     100.00     2.3243     2.0385         10  0.000e+00
    100.387   79.94754  142.23060    101.486    -0.6400    -0.6405  28.014073  28.011960    34.2965    34.2941    307.349    301.758    -0.1366     4.6032     0.0916     0.0916     0.0739     0.0195      22085    15.3361     100.00     2.3243     2.0385         10  0.000e+00
    100.445   79.94754  142.23060    101.544    -0.6399    -0.6402  28.013829  28.012132    34.2960    34.2940    307.556    301.516    -0.1366     4.6032     0.0916     0.0916     0.0739     0.0195      22086    15.3368     100.00     2.3255     2.0372         10  0.000e+00
    100.371   79.94754  142.23060    101.469    -0.6399    -0.6403  28.013951  28.012075    34.2962    34.2941    307.348    301.513    -0.1366     4.6032     0.0916     0.0916     0.0739     0.0195      22087    15.3375     100.00     2.3243     2.0372         10  0.000e+00
    100.387   79.94754  142.23060    101.486    -0.6400    -0.6402  28.014256  28.011960    34.2967    34.2938    307.348    301.271    -0.1366     4.6032     0.0916     0.0916     0.0739     0.0195      22088    15.3382     100.00     2.3243     2.0360         10  0.000e+00
    100.387   79.94754  142.23060    101.486    -0.6400    -0.6405  28.014316  28.012018    34.2968    34.2942    307.348    301.273    -0.1366     4.6032     0.0916     0.0916     0.0739     0.0195      22089    15.3389     100.00     2.3243     2.0360         10  0.000e+00
    100.371   79.94754  142.23060    101.469    -0.6399    -0.6403  28.013951  28.011960    34.2962    34.2939    307.348    301.514    -0.1061     4.6032     0.0904     0.0904     0.0739     0.0208      22090    15.3396     100.00     2.3243     2.0372         10  0.000e+00
    100.387   79.94754  142.23060    101.486    -0.6397    -0.6402  28.014012  28.012132    34.2961    34.2940    307.347    301.998    -0.1366     4.6032     0.0904     0.0904     0.0739     0.0195      22091    15.3403     100.00     2.3243     2.0397         10  0.000e+00
    100.387   79.94754  142.23060    101.486    -0.6400    -0.6402  28.013829  28.011846    34.2961    34.2936    307.349    301.757    -0.1061     4.6032     0.0904     0.0904     0.0739     0.0208      22092    15.3410     100.00     2.3243     2.0385         10  0.000e+00
    100.371   79.94754  142.23060    101.469    -0.6399    -0.6405  28.013951  28.012304    34.2962    34.2946    307.348    301.999    -0.1366     4.6032     0.0904     0.0904     0.0739     0.0195      22093    15.3417     100.00     2.3243     2.0397         10  0.000e+00
    100.387   79.94754  142.23060    101.486    -0.6399    -0.6403  28.014073  28.011960    34.2963    34.2939    307.143    302.000    -0.1366     4.6032     0.0904     0.0904     0.0739     0.0195      22094    15.3424     100.00     2.3231     2.0397         10  0.000e+00
    100.387   79.94754  142.23060    101.486    -0.6399    -0.6405  28.014256  28.011674    34.2966    34.2937    307.347    302.002    -0.1366     4.6032     0.0904     0.0904     0.0739     0.0195      22095    15.3431     100.00     2.3243     2.0397         10  0.000e+00
    100.387   79.94754  142.23060    101.486    -0.6399    -0.6403  28.013951  28.011674    34.2962    34.2935    307.348    302.001    -0.1366     4.6032     0.0904     0.0904     0.0739     0.0195      22096    15.3438     100.00     2.3243     2.0397         10  0.000e+00
    100.313   79.94754  142.23060    101.411    -0.6397    -0.6409  28.014377  28.011330    34.2966    34.2938    307.548    301.760    -0.1366     4.6032     0.0904     0.0904     0.0739     0.0195      22097    15.3444     100.00     2.3255     2.0385         10  0.000e+00
    100.445   79.94754  142.23060    101.544    -0.6396    -0.6411  28.014134  28.010929    34.2960    34.2934    307.348    301.768    -0.1366     4.6032     0.0904     0.0904     0.0739     0.0195      22098    15.3451     100.00     2.3243     2.0385         10  0.000e+00
    100.330   79.94754  142.23060    101.427    -0.6397    -0.6413  28.014012  28.010528    34.2961    34.2932    307.550    301.766    -0.1366     4.6032     0.0904     0.0904     0.0739     0.0195      22099    15.3458     100.00     2.3255     2.0385         10  0.000e+00
    100.436   79.94754  142.23060    101.535    -0.6394    -0.6415  28.014256  28.010357    34.2960    34.2931    307.346    302.015    -0.1061     4.6032     0.0904     0.0904     0.0739     0.0208      22100    15.3465     100.00     2.3243     2.0397         10  0.000e+00
    100.442   79.94754  142.23054    101.541    -0.6380    -0.6387  28.015535  28.013392    34.2961    34.2941    306.924    300.290    -0.1366     4.6007     0.0904     0.0904     0.0760     0.0195      22220    15.4299     100.00     2.3219     2.0311         11  0.000e+00
    100.384   79.94754  142.23054    101.483    -0.6376    -0.6386  28.015413  28.013106    34.2955    34.2936    306.919    300.288    -0.1366     4.6007     0.0904     0.0904     0.0760     0.0195      22221    15.4306     100.00     2.3219     2.0311         11  0.000e+00
    100.434   79.94754  142.23054    101.532    -0.6379    -0.6386  28.015595  28.013450    34.2960    34.2940    306.717    300.531    -0.1366     4.6007     0.0904     0.0904     0.0760     0.0195      22222    15.4313     100.00     2.3206     2.0324         11  0.000e+00
    100.384   79.94754  142.23054    101.483    -0.6380    -0.6386  28.015839  28.013335    34.2966    34.2939    306.920    300.530    -0.1366     4.6007     0.0904     0.0904     0.0760     0.0195      22223    15.4319     100.00     2.3219     2.0324         11  0.000e+00
    100.384   79.94754  142.23054    101.483    -0.6381    -0.6384  28.015534  28.013507    34.2962    34.2939    306.922    300.528    -0.1061     4.6007     0.0904     0.0904     0.0760     0.0208      22224    15.4326     100.00     2.3219     2.0324         11  0.000e+00
    100.442   79.94754  142.23054    101.541    -0.6379    -0.6384  28.015778  28.013507    34.2963    34.2939    306.922    300.530    -0.1366     4.6007     0.0904     0.0904     0.0760     0.0195      22225    15.4333     100.00     2.3219     2.0324         11  0.000e+00
    100.368   79.94754  142.23054    101.466    -0.6382    -0.6383  28.015473  28.013507    34.2963    34.2938    306.922    300.526    -0.1366     4.6007     0.0904     0.0904     0.0760     0.0195      22226    15.4340     100.00     2.3219     2.0324         11  0.000e+00
    100.442   79.94754  142.23054    101.541    -0.6382    -0.6384  28.015352  28.013793    34.2961    34.2943    306.720    300.529    -0.1366     4.5995     0.0904     0.0904     0.0771     0.0195      22227    15.4347     100.00     2.3206     2.0324         11  0.000e+00
    100.384   79.94754  142.23054    101.483    -0.6382    -0.6383  28.015413  28.013564    34.2962    34.2939    306.923    300.527    -0.1366     4.6007     0.0916     0.0916     0.0760     0.0195      22228    15.4354     100.00     2.3219     2.0324         11  0.000e+00
    100.368   79.94754  142.23054    101.466    -0.6382    -0.6382  28.014925  28.013163    34.2956    34.2932    306.719    300.527    -0.1366     4.6007     0.0916     0.0916     0.0760     0.0195      22229    15.4361     100.00     2.3206     2.0324         11  0.000e+00
    100.442   79.94754  142.23054    101.541    -0.6384    -0.6384  28.015047  28.013392    34.2959    34.2937    306.928    300.773    -0.1366     4.6007     0.0916     0.0916     0.0760     0.0195      22230    15.4368     100.00     2.3219     2.0336         11  0.000e+00
    100.384   79.94754  142.23054    101.482    -0.6385    -0.6381  28.015169  28.013507    34.2962    34.2936    306.925    300.769    -0.1061     4.6007     0.0916     0.0916     0.0760     0.0208      22231    15.4375     100.00     2.3219     2.0336         11  0.000e+00
    100.433   79.94754  142.23054    101.532    -0.6386    -0.6383  28.015108  28.013564    34.2963    34.2938    306.929    300.772    -0.1366     4.6007     0.0916     0.0916     0.0760     0.0195      22232    15.4382     100.00     2.3219     2.0336         11  0.000e+00
    100.384   79.94754  142.23054    101.482    -0.6384    -0.6380  28.014925  28.013335    34.2957    34.2931    306.720    301.011    -0.1366     4.6007     0.0916     0.0916     0.0760     0.0195      22233    15.4389     100.00     2.3206     2.0348         11  0.000e+00
    100.442   79.94754  142.23054    101.540    -0.6386    -0.6381  28.015047  28.013335    34.2962    34.2933    306.724    301.014    -0.1366     4.6007     0.0916     0.0916     0.0760     0.0195      22234    15.4396     100.00     2.3206     2.0348         11  0.000e+00
    100.384   79.94754  142.23054    101.482    -0.6385    -0.6385  28.014864  28.013278    34.2958    34.2937    306.721    301.014    -0.1366     4.6007     0.0916     0.0916     0.0760     0.0195      22235    15.4403     100.00     2.3206     2.0348         11  0.000e+00
    100.433   79.94754  142.23054    101.532    -0.6386    -0.6384  28.015047  28.013049    34.2962    34.2933    306.724    300.774    -0.1061     4.6007     0.0916     0.0916     0.0760     0.0208      22236    15.4410     100.00     2.3206     2.0336         11  0.000e+00
    100.384   79.94754  142.23054    101.482    -0.6385    -0.6387  28.015169  28.013278    34.2962    34.2939    306.925    300.773    -0.1366     4.6007     0.0916     0.0916     0.0760     0.0195      22237    15.4417     100.00     2.3219     2.0336         11  0.000e+00
    100.441   79.94754  142.23054    101.540    -0.6385    -0.6386  28.014865  28.013049    34.2957    34.2935    306.724    301.018    -0.1366     4.6007     0.0916     0.0916     0.0760     0.0195      22238    15.4424     100.00     2.3206     2.0348         11  0.000e+00
    100.368   79.94754  142.23054    101.466    -0.6385    -0.6387  28.015047  28.013049    34.2960    34.2936    306.925    301.016    -0.1366     4.6007     0.0916     0.0916     0.0760     0.0195      22239    15.4431     100.00     2.3219     2.0348         11  0.000e+00
    100.384   79.94754  142.23054    101.482    -0.6385    -0.6389  28.015169  28.013220    34.2962    34.2941    306.720    301.260    -0.1366     4.6007     0.0916     0.0916     0.0760     0.0195      22240    15.4437     100.00     2.3206     2.0360         11  0.000e+00
    100.441   79.94754  142.23054    101.540    -0.6386    -0.6387  28.014865  28.012934    34.2959    34.2934    306.930    301.262    -0.1366     4.6007     0.0916     0.0916     0.0760     0.0195      22241    15.4444     100.00     2.3219     2.0360         11  0.000e+00
    100.367   79.94754  142.23054    101.466    -0.6385    -0.6388  28.014804  28.012934    34.2957    34.2936    306.721    301.259    -0.1366     4.6007     0.0916     0.0916     0.0760     0.0195      22242    15.4451     100.00     2.3206     2.0360         11  0.000e+00
    100.441   79.94754  142.23054    101.540    -0.6388    -0.6390  28.014682  28.013163    34.2959    34.2941    306.727    301.020    -0.1366     4.6007     0.0916     0.0916     0.0760     0.0195      22243    15.4458     100.00     2.3207     2.0348         11  0.000e+00
    100.384   79.94754  142.23054    101.482    -0.6388    -0.6389  28.014377  28.012934    34.2955    34.2937    306.930    300.775    -0.1366     4.6007     0.0916     0.0916     0.0760     0.0195      22244    15.4465     100.00     2.3219     2.0336         11  0.000e+00
    100.441   79.94754  142.23054    101.540    -0.6391    -0.6387  28.014499  28.012705    34.2960    34.2931    306.729    301.020    -0.1061     4.6007     0.0916     0.0916     0.0760     0.0208      22245    15.4472     100.00     2.3207     2.0348         11  0.000e+00
    100.367   79.94754  142.23054    101.465    -0.6390    -0.6390  28.014377  28.012991    34.2958    34.2939    306.931    300.775    -0.1366     4.6007     0.0916     0.0916     0.0760     0.0195      22246    15.4479     100.00     2.3219     2.0336         11  0.000e+00
    100.384   79.94754  142.23054    101.482    -0.6392    -0.6389  28.014499  28.012991    34.2962    34.2938    306.728    300.775    -0.1366     4.5995     0.0916     0.0916     0.0771     0.0195      22247    15.4486     100.00     2.3207     2.0336         11  0.000e+00
    100.441   79.94754  142.23054    101.540    -0.6391    -0.6388  28.014560  28.012991    34.2961    34.2936    306.729    300.777    -0.1366     4.5995     0.0916     0.0916     0.0771     0.0195      22248    15.4493     100.00     2.3207     2.0336         11  0.000e+00
    100.367   79.94754  142.23054    101.465    -0.6391    -0.6389  28.014195  28.013049    34.2956    34.2938    306.727    300.774    -0.1366     4.5995     0.0916     0.0916     0.0771     0.0195      22249    15.4500     100.00     2.3207     2.0336         11  0.000e+00
    100.441   79.94754  142.23054    101.540    -0.6392    -0.6387  28.013829  28.013221    34.2952    34.2938    306.937    301.018    -0.1366     4.5995     0.0916     0.0916     0.0771     0.0195      22250    15.4507     100.00     2.3219     2.0348         11  0.000e+00
