Continuous CTD Data/01_SBE Stage/nabos_15_01.ros
* Sea-Bird SBE 9 Data File:
* FileName = D:\CTD\data\HLY2502\raw\NABOS_15_01.hex
* Software Version Seasave V 7.26.7.110
* Temperature SN = 6954
* Conductivity SN = 2561
* Number of Bytes Per Scan = 37
* Number of Voltage Words = 4
* Number of Scans Averaged by the Deck Unit = 1
* NMEA Latitude = 78 30.10 N
* NMEA Longitude = 170 08.69 W
* NMEA UTC (Time) = Sep 09 2025  12:18:25
* NMEA baud rate = 9600
** Ship: USCG HEALY
** Bot. Depth:  2700
** Cast Number:
** Station Name:  15
** Station Number:
** Operator:  STARC
# nquan = 25
# nvalues = 1122                                  
# units = specified
# name 0 = depSM: Depth [salt water, m]
# name 1 = latitude: Latitude [deg]
# name 2 = longitude: Longitude [deg]
# name 3 = prDM: Pressure, Digiquartz [db]
# name 4 = t090C: Temperature [ITS-90, deg C]
# name 5 = t190C: Temperature, 2 [ITS-90, deg C]
# name 6 = c0mS/cm: Conductivity [mS/cm]
# name 7 = c1mS/cm: Conductivity, 2 [mS/cm]
# name 8 = sal00: Salinity, Practical [PSU]
# name 9 = sal11: Salinity, Practical, 2 [PSU]
# name 10 = sbox0Mm/Kg: Oxygen, SBE 43 [umol/kg]
# name 11 = sbox1Mm/Kg: Oxygen, SBE 43, 2 [umol/kg]
# name 12 = flECO-AFL: Fluorescence, WET Labs ECO-AFL/FL [mg/m^3]
# name 13 = v2: Voltage 2
# name 14 = wetCDOM: Fluorescence, WET Labs CDOM [mg/m^3]
# name 15 = v6: Voltage 6
# name 16 = CStarAt0: Beam Attenuation, WET Labs C-Star [1/m]
# name 17 = v3: Voltage 3
# name 18 = scan: Scan Count
# name 19 = timeM: Time, Elapsed [minutes]
# name 20 = altM: Altimeter [m]
# name 21 = sbeox0V: Oxygen raw, SBE 43 [V]
# name 22 = sbeox1V: Oxygen raw, SBE 43, 2 [V]
# name 23 = nbf: Bottles Fired
# name 24 = flag:  0.000e+00
# interval = seconds: 0.0416667
# start_time = Sep 09 2025 12:18:25 [NMEA time, header]
# bad_flag = -9.990e-29
*END*
[from data line 1102]
      3.239   78.49738 -169.97374      3.273    -1.5185    -1.5152  23.190793  23.189063    28.7473    28.7417    371.894    358.617     0.1076     4.6227     0.0940     0.0940     0.0570     0.0293     206076   143.1076     100.00     2.5858     2.2245         24  0.000e+00
      3.247   78.49738 -169.97374      3.282    -1.5177    -1.5146  23.190793  23.188153    28.7465    28.7399    371.887    358.616     0.1076     4.6227     0.0940     0.0940     0.0570     0.0293     206077   143.1083     100.00     2.5858     2.2245         24  0.000e+00
      3.247   78.49738 -169.97374      3.282    -1.5174    -1.5141  23.190907  23.187510    28.7465    28.7386    371.884    358.615     0.1076     4.6227     0.0952     0.0952     0.0570     0.0293     206078   143.1090     100.00     2.5858     2.2245         24  0.000e+00
      3.239   78.49738 -169.97374      3.273    -1.5176    -1.5141  23.191192  23.187243    28.7470    28.7383    372.101    358.615     0.1076     4.6215     0.0952     0.0952     0.0580     0.0293     206079   143.1097     100.00     2.5870     2.2245         24  0.000e+00
      3.181   78.49738 -169.97374      3.215    -1.5169    -1.5137  23.190509  23.187028    28.7455    28.7376    371.878    358.609     0.0771     4.6227     0.0940     0.0940     0.0570     0.0281     206080   143.1104     100.00     2.5858     2.2245         24  0.000e+00
      3.304   78.49738 -169.97374      3.340    -1.5166    -1.5133  23.189940  23.186922    28.7443    28.7371    371.884    358.613     0.1076     4.6227     0.0940     0.0940     0.0570     0.0293     206081   143.1111     100.00     2.5858     2.2245         24  0.000e+00
      3.239   78.49738 -169.97374      3.273    -1.5160    -1.5132  23.189655  23.186921    28.7434    28.7369    372.094    358.352     0.1076     4.6227     0.0952     0.0952     0.0570     0.0293     206082   143.1118     100.00     2.5870     2.2233         24  0.000e+00
      3.247   78.49738 -169.97374      3.282    -1.5150    -1.5130  23.189427  23.186600    28.7421    28.7364    371.869    358.609     0.0771     4.6227     0.0940     0.0940     0.0570     0.0281     206083   143.1125     100.00     2.5858     2.2245         24  0.000e+00
      3.239   78.49738 -169.97374      3.273    -1.5144    -1.5132  23.188858  23.186493    28.7407    28.7363    371.865    358.610     0.1076     4.6227     0.0952     0.0952     0.0570     0.0293     206084   143.1132     100.00     2.5858     2.2245         24  0.000e+00
      3.247   78.49738 -169.97374      3.282    -1.5150    -1.5147  23.188460  23.185744    28.7408    28.7368    372.090    358.626     0.1076     4.6227     0.0952     0.0952     0.0570     0.0293     206085   143.1139     100.00     2.5870     2.2245         24  0.000e+00
      3.247   78.49738 -169.97374      3.282    -1.5158    -1.5162  23.188232  23.185048    28.7412    28.7373    372.097    358.898     0.1076     4.6227     0.0952     0.0952     0.0570     0.0293     206086   143.1146     100.00     2.5870     2.2257         24  0.000e+00
      3.239   78.49738 -169.97374      3.273    -1.5169    -1.5167  23.188061  23.185209    28.7421    28.7380    372.108    358.901     0.1076     4.6227     0.0940     0.0940     0.0570     0.0293     206087   143.1153     100.00     2.5870     2.2257         24  0.000e+00
      3.181   78.49738 -169.97374      3.215    -1.5177    -1.5164  23.188118  23.186011    28.7430    28.7388    371.894    358.892     0.1076     4.6227     0.0940     0.0940     0.0570     0.0293     206088   143.1160     100.00     2.5858     2.2257         24  0.000e+00
      3.239   78.49738 -169.97374      3.273    -1.5178    -1.5156  23.188346  23.186600    28.7434    28.7389    371.897    358.887     0.1076     4.6227     0.0952     0.0952     0.0570     0.0293     206089   143.1167     100.00     2.5858     2.2257         24  0.000e+00
      3.304   78.49738 -169.97370      3.340    -1.5181    -1.5149  23.188119  23.186868    28.7432    28.7384    371.903    358.369     0.1076     4.6227     0.0952     0.0952     0.0570     0.0293     206090   143.1174     100.00     2.5858     2.2233         24  0.000e+00
      3.181   78.49738 -169.97370      3.215    -1.5176    -1.5146  23.188517  23.186921    28.7434    28.7383    372.108    357.847     0.1076     4.6227     0.0940     0.0940     0.0570     0.0293     206091   143.1181     100.00     2.5870     2.2209         24  0.000e+00
      3.239   78.49738 -169.97370      3.273    -1.5173    -1.5144  23.188118  23.187457    28.7425    28.7389    371.893    357.846     0.1076     4.6227     0.0952     0.0952     0.0570     0.0293     206092   143.1188     100.00     2.5858     2.2209         24  0.000e+00
      3.247   78.49738 -169.97370      3.282    -1.5177    -1.5146  23.187265  23.187457    28.7417    28.7390    372.117    357.848     0.1076     4.6227     0.0940     0.0940     0.0570     0.0293     206093   143.1194     100.00     2.5870     2.2209         24  0.000e+00
      3.247   78.49738 -169.97370      3.282    -1.5178    -1.5147  23.187037  23.187403    28.7416    28.7391    372.120    358.106     0.1076     4.6227     0.0952     0.0952     0.0570     0.0293     206094   143.1201     100.00     2.5870     2.2221         24  0.000e+00
      3.181   78.49738 -169.97370      3.215    -1.5174    -1.5149  23.186525  23.187403    28.7405    28.7392    371.898    358.361     0.0771     4.6227     0.0952     0.0952     0.0570     0.0281     206095   143.1208     100.00     2.5858     2.2233         24  0.000e+00
