Continuous CTD Data/01_SBE Stage/nabos_25_01avg.cnv
* Sea-Bird SBE 9 Data File:
* FileName = D:\CTD\data\HLY2502\raw\NABOS_25_01.hex
* Software Version Seasave V 7.26.7.110
* Temperature SN = 6954
* Conductivity SN = 2561
* Number of Bytes Per Scan = 37
* Number of Voltage Words = 4
* Number of Scans Averaged by the Deck Unit = 1
* NMEA Latitude = 80 21.66 N
* NMEA Longitude = 163 54.90 E
* NMEA UTC (Time) = Sep 20 2025  10:52:56
* NMEA baud rate = 9600
** Ship: USCG HEALY
** Bot. Depth:  2763
** Cast Number:  01
** Station Name:  NABOS
** Station Number:  25
** Operator:  STARC
# nquan = 25
# nvalues = 1215                        
# units = specified
# name 0 = depSM: Depth [salt water, m]
# name 1 = latitude: Latitude [deg]
# name 2 = longitude: Longitude [deg]
# name 3 = prDM: Pressure, Digiquartz [db]
# name 4 = t090C: Temperature [ITS-90, deg C]
# name 5 = t190C: Temperature, 2 [ITS-90, deg C]
# name 6 = c0mS/cm: Conductivity [mS/cm]
# name 7 = c1mS/cm: Conductivity, 2 [mS/cm]
# name 8 = sal00: Salinity, Practical [PSU]
# name 9 = sal11: Salinity, Practical, 2 [PSU]
# name 10 = sbox0Mm/Kg: Oxygen, SBE 43 [umol/kg]
# name 11 = sbox1Mm/Kg: Oxygen, SBE 43, 2 [umol/kg]
# name 12 = flECO-AFL: Fluorescence, WET Labs ECO-AFL/FL [mg/m^3]
# name 13 = v2: Voltage 2
# name 14 = wetCDOM: Fluorescence, WET Labs CDOM [mg/m^3]
# name 15 = v6: Voltage 6
# name 16 = CStarAt0: Beam Attenuation, WET Labs C-Star [1/m]
# name 17 = v3: Voltage 3
# name 18 = scan: Scan Count
# name 19 = timeM: Time, Elapsed [minutes]
# name 20 = altM: Altimeter [m]
# name 21 = sbeox0V: Oxygen raw, SBE 43 [V]
# name 22 = sbeox1V: Oxygen raw, SBE 43, 2 [V]
# name 23 = nbin: number of scans per bin
# name 24 = flag: flag
# span 0 =      2.968,   1200.597       
# span 1 =   80.36106,   80.36281       
# span 2 =  163.91243,  163.91479       
# span 3 =      3.000,   1217.000       
# span 4 =    -1.6942,     0.9764       
# span 5 =    -1.6940,     0.9764       
# span 6 =  24.812637,  29.848853       
# span 7 =  24.811596,  29.847038       
# span 8 =    31.1362,    34.8929       
# span 9 =    31.1342,    34.8908       
# span 10 =    290.192,    368.979      
# span 11 =    195.207,    364.133      
# span 12 =    -0.1827,     0.3696      
# span 13 =     4.5652,     4.6412      
# span 14 =     0.0806,     0.1126      
# span 15 =     0.0806,     0.1126      
# span 16 =     0.0410,     0.1071      
# span 17 =     0.0177,     0.0398      
# span 18 =       1685,      38012      
# span 19 =     1.1691,    26.3967      
# span 20 =     100.00,     100.00      
# span 21 =     2.0166,     2.6119      
# span 22 =     1.4764,     2.2739      
# span 23 =          1,         27      
# span 24 = 0.0000e+00, 0.0000e+00      
# interval = decibars: 1                
# start_time = Sep 20 2025 10:52:56 [NMEA time, header]
# bad_flag = -9.990e-29
*END*
[from data line 116]
    117.706   80.36144  163.91418    119.000    -0.7097    -0.7088  28.038136  28.036920    34.3973    34.3947    304.194    298.296    -0.1248     4.6337     0.0880     0.0880     0.0474     0.0200       9427     6.5455     100.00     2.2990     2.0157         18 0.0000e+00
    118.695   80.36144  163.91418    120.000    -0.6837    -0.6827  28.064480  28.063424    34.4027    34.4002    303.861    297.072    -0.1336     4.6327     0.0887     0.0887     0.0483     0.0196       9456     6.5659     100.00     2.2983     2.0106         20 0.0000e+00
    119.683   80.36144  163.91418    121.000    -0.6658    -0.6652  28.082749  28.081373    34.4064    34.4039    303.681    295.726    -0.1272     4.6332     0.0887     0.0887     0.0478     0.0199       9483     6.5850     100.00     2.2980     2.0044         16 0.0000e+00
    120.672   80.36146  163.91418    122.000    -0.6498    -0.6489  28.099663  28.098615    34.4105    34.4080    303.727    297.070    -0.1331     4.6328     0.0885     0.0885     0.0482     0.0196       9511     6.6043     100.00     2.2989     2.0118         17 0.0000e+00
    121.661   80.36146  163.91418    123.000    -0.6219    -0.6207  28.127922  28.127096    34.4163    34.4138    303.720    296.981    -0.1276     4.6339     0.0877     0.0877     0.0473     0.0199       9539     6.6236     100.00     2.3002     2.0124         17 0.0000e+00
    122.650   80.36146  163.91418    124.000    -0.5930    -0.5923  28.156802  28.155676    34.4218    34.4194    303.631    296.815    -0.1289     4.6339     0.0877     0.0877     0.0472     0.0198       9566     6.6426     100.00     2.3011     2.0127         16 0.0000e+00
    123.639   80.36146  163.91417    125.000    -0.5637    -0.5627  28.186543  28.185442    34.4280    34.4254    303.594    297.582    -0.1305     4.6322     0.0885     0.0885     0.0488     0.0198       9594     6.6617     100.00     2.3023     2.0178         15 0.0000e+00
    124.627   80.36146  163.91416    126.000    -0.5308    -0.5301  28.219151  28.217795    34.4338    34.4312    303.415    297.038    -0.1333     4.6334     0.0863     0.0863     0.0477     0.0196       9620     6.6797     100.00     2.3028     2.0163         18 0.0000e+00
    125.616   80.36146  163.91416    127.000    -0.5090    -0.5084  28.241484  28.240178    34.4385    34.4361    303.196    297.961    -0.1322     4.6336     0.0877     0.0877     0.0475     0.0197       9645     6.6975     100.00     2.3025     2.0218         14 0.0000e+00
    126.605   80.36146  163.91416    128.000    -0.4829    -0.4824  28.268159  28.266963    34.4442    34.4420    302.933    299.257    -0.1322     4.6336     0.0877     0.0877     0.0475     0.0197       9671     6.7150     100.00     2.3022     2.0294         14 0.0000e+00
    127.594   80.36146  163.91416    129.000    -0.4576    -0.4565  28.294513  28.293380    34.4502    34.4476    302.698    297.723    -0.1286     4.6336     0.0877     0.0877     0.0475     0.0198       9696     6.7327     100.00     2.3020     2.0227         15 0.0000e+00
    128.583   80.36146  163.91416    130.000    -0.4313    -0.4307  28.321071  28.319761    34.4554    34.4530    302.450    294.920    -0.1301     4.6335     0.0877     0.0877     0.0476     0.0198       9721     6.7502     100.00     2.3017     2.0095         14 0.0000e+00
    129.571   80.36146  163.91416    131.000    -0.4060    -0.4048  28.347049  28.345951    34.4610    34.4581    302.280    297.203    -0.1279     4.6335     0.0877     0.0877     0.0476     0.0199       9747     6.7679     100.00     2.3019     2.0221         14 0.0000e+00
    130.560   80.36146  163.91416    132.000    -0.3854    -0.3849  28.367606  28.366271    34.4646    34.4623    302.295    298.651    -0.1341     4.6335     0.0878     0.0878     0.0476     0.0196       9771     6.7849     100.00     2.3029     2.0301         14 0.0000e+00
    131.549   80.36146  163.91416    133.000    -0.3601    -0.3598  28.393680  28.392269    34.4703    34.4680    302.445    296.553    -0.1271     4.6336     0.0877     0.0877     0.0475     0.0199       9796     6.8018     100.00     2.3050     2.0205         16 0.0000e+00
    132.538   80.36146  163.91416    134.000    -0.3416    -0.3413  28.412956  28.411480    34.4745    34.4722    302.463    296.911    -0.1327     4.6326     0.0878     0.0878     0.0484     0.0197       9819     6.8182     100.00     2.3059     2.0230         15 0.0000e+00
    133.526   80.36146  163.91416    135.000    -0.3171    -0.3163  28.438862  28.437686    34.4808    34.4784    302.286    296.728    -0.1632     4.6337     0.0887     0.0887     0.0474     0.0185       9843     6.8345     100.00     2.3060     2.0230         14 0.0000e+00
    134.515   80.36146  163.91414    136.000    -0.2839    -0.2834  28.471700  28.470361    34.4865    34.4842    301.934    295.187    -0.1236     4.6334     0.0876     0.0876     0.0477     0.0200       9866     6.8509     100.00     2.3055     2.0165         11 0.0000e+00
    135.504   80.36146  163.91414    137.000    -0.2634    -0.2629  28.492404  28.490883    34.4904    34.4878    301.804    296.342    -0.1305     4.6334     0.0868     0.0868     0.0477     0.0198       9890     6.8675     100.00     2.3056     2.0232         15 0.0000e+00
    136.493   80.36148  163.91414    138.000    -0.2426    -0.2418  28.514270  28.513099    34.4954    34.4930    301.744    296.052    -0.1284     4.6335     0.0878     0.0878     0.0475     0.0198       9914     6.8838     100.00     2.3062     2.0225         15 0.0000e+00
    137.481   80.36148  163.91414    139.000    -0.2063    -0.2056  28.550915  28.549601    34.5026    34.5001    301.330    295.161    -0.1300     4.6336     0.0880     0.0880     0.0475     0.0198       9937     6.9002     100.00     2.3055     2.0194         14 0.0000e+00
    138.470   80.36148  163.91414    140.000    -0.1843    -0.1841  28.572980  28.571318    34.5065    34.5041    301.072    296.233    -0.1318     4.6333     0.0881     0.0881     0.0478     0.0197       9961     6.9164     100.00     2.3050     2.0257         13 0.0000e+00
    139.459   80.36148  163.91414    141.000    -0.1765    -0.1764  28.581772  28.580238    34.5088    34.5066    300.915    295.884    -0.1291     4.6337     0.0882     0.0882     0.0474     0.0198       9984     6.9328     100.00     2.3042     2.0241         12 0.0000e+00
    140.448   80.36148  163.91414    142.000    -0.1566    -0.1561  28.602888  28.601521    34.5139    34.5115    300.711    295.176    -0.1276     4.6335     0.0866     0.0866     0.0476     0.0199      10008     6.9495     100.00     2.3039     2.0212         17 0.0000e+00
    141.436   80.36148  163.91414    143.000    -0.1281    -0.1276  28.632522  28.630750    34.5204    34.5176    300.323    294.642    -0.1589     4.6336     0.0880     0.0880     0.0475     0.0186      10032     6.9657     100.00     2.3029     2.0196         12 0.0000e+00
    142.425   80.36148  163.91414    144.000    -0.0902    -0.0895  28.671186  28.669928    34.5285    34.5260    300.017    294.285    -0.1416     4.6337     0.0878     0.0878     0.0474     0.0193      10055     6.9822     100.00     2.3030     2.0194         16 0.0000e+00
    143.414   80.36148  163.91414    145.000    -0.0537    -0.0534  28.707287  28.705520    34.5346    34.5319    299.896    294.748    -0.1272     4.6344     0.0869     0.0869     0.0468     0.0199      10078     6.9982     100.00     2.3040     2.0232         13 0.0000e+00
    144.402   80.36148  163.91414    146.000    -0.0338    -0.0333  28.728092  28.726405    34.5391    34.5363    299.862    294.494    -0.1223     4.6337     0.0873     0.0873     0.0474     0.0201      10102     7.0148     100.00     2.3047     2.0227         15 0.0000e+00
    145.391   80.36148  163.91414    147.000    -0.0065    -0.0062  28.755627  28.753966    34.5443    34.5417    299.605    294.337    -0.1239     4.6337     0.0866     0.0866     0.0474     0.0200      10126     7.0311     100.00     2.3044     2.0229         12 0.0000e+00
    146.380   80.36148  163.91413    148.000     0.0178     0.0182  28.781337  28.779725    34.5503    34.5477    299.289    294.308    -0.1546     4.6340     0.0862     0.0862     0.0471     0.0188      10149     7.0473     100.00     2.3036     2.0237         14 0.0000e+00
    147.369   80.36148  163.91412    149.000     0.0342     0.0347  28.798840  28.797394    34.5545    34.5520    299.178    295.113    -0.1406     4.6339     0.0876     0.0876     0.0473     0.0194      10173     7.0636     100.00     2.3036     2.0284         13 0.0000e+00
    148.357   80.36148  163.91412    150.000     0.0582     0.0588  28.824357  28.822909    34.5605    34.5579    299.020    294.776    -0.1311     4.6337     0.0866     0.0866     0.0474     0.0197      10196     7.0799     100.00     2.3038     2.0276         16 0.0000e+00
    149.346   80.36148  163.91412    151.000     0.0841     0.0845  28.852553  28.850868    34.5681    34.5654    298.837    293.441    -0.1587     4.6343     0.0865     0.0865     0.0469     0.0186      10219     7.0959     100.00     2.3039     2.0218         13 0.0000e+00
    150.335   80.36148  163.91412    152.000     0.1129     0.1133  28.882559  28.880981    34.5746    34.5721    298.576    292.418    -0.1338     4.6345     0.0854     0.0854     0.0467     0.0196      10243     7.1122     100.00     2.3037     2.0177         15 0.0000e+00
    151.323   80.36148  163.91412    153.000     0.1379     0.1382  28.908148  28.906536    34.5797    34.5772    298.530    293.138    -0.1368     4.6343     0.0859     0.0859     0.0469     0.0195      10266     7.1287     100.00     2.3046     2.0223         14 0.0000e+00
    152.312   80.36148  163.91412    154.000     0.1535     0.1539  28.925560  28.923939    34.5845    34.5819    298.438    292.972    -0.1284     4.6343     0.0858     0.0858     0.0469     0.0198      10290     7.1450     100.00     2.3047     2.0220         15 0.0000e+00
    153.301   80.36148  163.91412    155.000     0.1772     0.1777  28.950427  28.948876    34.5900    34.5874    298.352    293.156    -0.1305     4.6348     0.0856     0.0856     0.0465     0.0198      10313     7.1611     100.00     2.3052     2.0239         15 0.0000e+00
    154.289   80.36149  163.91412    156.000     0.1910     0.1916  28.965359  28.963945    34.5935    34.5910    298.319    293.248    -0.1302     4.6343     0.0861     0.0861     0.0469     0.0198      10337     7.1776     100.00     2.3056     2.0248         19 0.0000e+00
    155.278   80.36150  163.91412    157.000     0.2214     0.2223  28.996540  28.995262    34.5998    34.5972    298.229    292.005    -0.1251     4.6338     0.0854     0.0854     0.0473     0.0200      10360     7.1938     100.00     2.3065     2.0196         16 0.0000e+00
    156.267   80.36150  163.91412    158.000     0.2405     0.2405  29.016099  29.014265    34.6035    34.6012    298.252    292.553    -0.1254     4.6336     0.0842     0.0842     0.0475     0.0200      10384     7.2101     100.00     2.3075     2.0231         19 0.0000e+00
    157.255   80.36150  163.91411    159.000     0.2483     0.2489  29.025005  29.023590    34.6059    34.6033    298.170    291.922    -0.1309     4.6344     0.0851     0.0851     0.0468     0.0197      10407     7.2264     100.00     2.3072     2.0200         17 0.0000e+00
    158.244   80.36150  163.91410    160.000     0.2782     0.2793  29.055488  29.054409    34.6117    34.6091    297.731    292.079    -0.1437     4.6340     0.0839     0.0839     0.0472     0.0192      10431     7.2432     100.00     2.3059     2.0220         13 0.0000e+00
    159.233   80.36150  163.91410    161.000     0.3142     0.3146  29.091231  29.089485    34.6176    34.6149    297.404    291.836    -0.1655     4.6341     0.0836     0.0836     0.0470     0.0184      10456     7.2602     100.00     2.3056     2.0222         13 0.0000e+00
    160.221   80.36150  163.91410    162.000     0.3222     0.3222  29.099899  29.098106    34.6194    34.6170    297.378    291.620    -0.1627     4.6342     0.0842     0.0842     0.0470     0.0185      10481     7.2776     100.00     2.3057     2.0212         14 0.0000e+00
    161.210   80.36150  163.91410    163.000     0.3311     0.3315  29.111041  29.109410    34.6235    34.6209    297.247    291.505    -0.1412     4.6347     0.0842     0.0842     0.0465     0.0193      10506     7.2950     100.00     2.3051     2.0209         14 0.0000e+00
    162.198   80.36150  163.91410    164.000     0.3708     0.3715  29.152944  29.151625    34.6333    34.6307    296.950    291.420    -0.1290     4.6346     0.0842     0.0842     0.0466     0.0198      10530     7.3120     100.00     2.3053     2.0221         12 0.0000e+00
    163.187   80.36150  163.91410    165.000     0.4061     0.4068  29.189505  29.188182    34.6410    34.6384    296.857    291.294    -0.1314     4.6346     0.0851     0.0851     0.0466     0.0197      10555     7.3292     100.00     2.3065     2.0229         12 0.0000e+00
    164.176   80.36150  163.91410    166.000     0.4475     0.4478  29.233345  29.231594    34.6514    34.6487    296.610    290.590    -0.1290     4.6338     0.0841     0.0841     0.0473     0.0198      10580     7.3464     100.00     2.3071     2.0209         12 0.0000e+00
    165.164   80.36150  163.91410    167.000     0.4599     0.4599  29.246680  29.244800    34.6542    34.6517    296.567    290.952    -0.1271     4.6339     0.0840     0.0840     0.0472     0.0199      10605     7.3639     100.00     2.3073     2.0232         16 0.0000e+00
    166.153   80.36150  163.91410    168.000     0.4604     0.4605  29.248424  29.246643    34.6554    34.6530    296.563    291.229    -0.1289     4.6338     0.0840     0.0840     0.0473     0.0198      10630     7.3812     100.00     2.3071     2.0244         16 0.0000e+00
    167.141   80.36150  163.91410    169.000     0.4840     0.4854  29.275636  29.274997    34.6639    34.6615    296.382    291.327    -0.1227     4.6338     0.0850     0.0850     0.0473     0.0201      10655     7.3984     100.00     2.3071     2.0259         13 0.0000e+00
    168.130   80.36150  163.91409    170.000     0.5191     0.5194  29.312234  29.310691    34.6717    34.6694    296.255    290.871    -0.1410     4.6335     0.0845     0.0845     0.0476     0.0193      10680     7.4157     100.00     2.3080     2.0249         15 0.0000e+00
    169.119   80.36150  163.91408    171.000     0.5530     0.5534  29.347658  29.346039    34.6794    34.6768    296.123    290.651    -0.1520     4.6319     0.0849     0.0849     0.0491     0.0189      10704     7.4330     100.00     2.3088     2.0252         16 0.0000e+00
    170.107   80.36152  163.91408    172.000     0.5831     0.5832  29.378822  29.376970    34.6857    34.6832    295.978    290.216    -0.1421     4.6340     0.0848     0.0848     0.0472     0.0193      10729     7.4500     100.00     2.3093     2.0241         16 0.0000e+00
    171.096   80.36152  163.91408    173.000     0.5911     0.5910  29.387729  29.385776    34.6878    34.6854    295.790    289.401    -0.1454     4.6337     0.0845     0.0845     0.0474     0.0192      10754     7.4674     100.00     2.3084     2.0200         14 0.0000e+00
    172.085   80.36152  163.91408    174.000     0.5926     0.5933  29.390140  29.388880    34.6887    34.6862    295.350    290.552    -0.1508     4.6339     0.0854     0.0854     0.0472     0.0190      10779     7.4844     100.00     2.3056     2.0259         15 0.0000e+00
    173.073   80.36152  163.91408    175.000     0.6080     0.6087  29.407475  29.406152    34.6933    34.6909    294.873    289.081    -0.1731     4.6346     0.0856     0.0856     0.0466     0.0181      10804     7.5019     100.00     2.3032     2.0188         19 0.0000e+00
