Continuous CTD Data/01_SBE Stage/nabos_20_01avg.cnv
* Sea-Bird SBE 9 Data File:
* FileName = D:\CTD\data\HLY2502\raw\NABOS_20_01.hex
* Software Version Seasave V 7.26.7.110
* Temperature SN = 6954
* Conductivity SN = 2561
* Number of Bytes Per Scan = 37
* Number of Voltage Words = 4
* Number of Scans Averaged by the Deck Unit = 1
* NMEA Latitude = 78 38.06 N
* NMEA Longitude = 174 57.52 E
* NMEA UTC (Time) = Sep 18 2025  06:15:34
* NMEA baud rate = 9600
** Ship: USCG HEALY
** Bot. Depth:  2143
** Cast Number:  01
** Station Name:  NABOS
** Station Number:  20
** Operator:  STARC
** 1200 target
# nquan = 25
# nvalues = 1214                        
# units = specified
# name 0 = depSM: Depth [salt water, m]
# name 1 = latitude: Latitude [deg]
# name 2 = longitude: Longitude [deg]
# name 3 = prDM: Pressure, Digiquartz [db]
# name 4 = t090C: Temperature [ITS-90, deg C]
# name 5 = t190C: Temperature, 2 [ITS-90, deg C]
# name 6 = c0mS/cm: Conductivity [mS/cm]
# name 7 = c1mS/cm: Conductivity, 2 [mS/cm]
# name 8 = sal00: Salinity, Practical [PSU]
# name 9 = sal11: Salinity, Practical, 2 [PSU]
# name 10 = sbox0Mm/Kg: Oxygen, SBE 43 [umol/kg]
# name 11 = sbox1Mm/Kg: Oxygen, SBE 43, 2 [umol/kg]
# name 12 = flECO-AFL: Fluorescence, WET Labs ECO-AFL/FL [mg/m^3]
# name 13 = v2: Voltage 2
# name 14 = wetCDOM: Fluorescence, WET Labs CDOM [mg/m^3]
# name 15 = v6: Voltage 6
# name 16 = CStarAt0: Beam Attenuation, WET Labs C-Star [1/m]
# name 17 = v3: Voltage 3
# name 18 = scan: Scan Count
# name 19 = timeM: Time, Elapsed [minutes]
# name 20 = altM: Altimeter [m]
# name 21 = sbeox0V: Oxygen raw, SBE 43 [V]
# name 22 = sbeox1V: Oxygen raw, SBE 43, 2 [V]
# name 23 = nbin: number of scans per bin
# name 24 = flag: flag
# span 0 =      3.958,   1200.666       
# span 1 =   78.63473,   78.63881       
# span 2 =  174.95872,  174.95950       
# span 3 =      4.000,   1217.000       
# span 4 =    -1.7581,     0.8952       
# span 5 =    -1.7577,     0.8953       
# span 6 =  24.306755,  29.802998       
# span 7 =  24.306141,  29.801139       
# span 8 =    30.3847,    34.8822       
# span 9 =    30.3830,    34.8799       
# span 10 =    290.518,    377.169      
# span 11 =    260.142,    368.397      
# span 12 =    -0.1848,     0.4304      
# span 13 =     4.5546,     4.6752      
# span 14 =     0.0805,     0.1089      
# span 15 =     0.0805,     0.1089      
# span 16 =     0.0117,     0.1166      
# span 17 =     0.0176,     0.0422      
# span 18 =       3273,      37337      
# span 19 =     2.2725,    25.9278      
# span 20 =      73.84,     100.00      
# span 21 =     2.0166,     2.6605      
# span 22 =     1.7187,     2.3104      
# span 23 =          1,         28      
# span 24 = 0.0000e+00, 0.0000e+00      
# interval = decibars: 1                
# start_time = Sep 18 2025 06:15:34 [NMEA time, header]
# bad_flag = -9.990e-29
*END*
[from data line 986]
    977.240   78.63788  174.95938    990.000    -0.0593    -0.0595  29.323235  29.321292    34.8560    34.8537    293.034    296.611    -0.1344     4.6731     0.0842     0.0842     0.0136     0.0196      29595    20.5514     100.00     2.0797     1.8763         13 0.0000e+00
    978.225   78.63788  174.95938    991.000    -0.0593    -0.0600  29.323495  29.321281    34.8559    34.8537    292.880    290.660    -0.1353     4.6733     0.0841     0.0841     0.0134     0.0196      29621    20.5695     100.00     2.0786     1.8489         24 0.0000e+00
    979.210   78.63788  174.95938    992.000    -0.0623    -0.0624  29.321313  29.319538    34.8558    34.8535    292.812    289.296    -0.1655     4.6730     0.0843     0.0843     0.0136     0.0184      29646    20.5868     100.00     2.0779     1.8424         18 0.0000e+00
    980.195   78.63788  174.95938    993.000    -0.0624    -0.0623  29.321777  29.320110    34.8559    34.8537    292.776    289.489    -0.1365     4.6733     0.0860     0.0860     0.0134     0.0195      29671    20.6042     100.00     2.0775     1.8430         18 0.0000e+00
    981.179   78.63788  174.95938    994.000    -0.0628    -0.0627  29.321809  29.320224    34.8559    34.8537    292.808    289.293    -0.1316     4.6728     0.0829     0.0829     0.0138     0.0197      29696    20.6219     100.00     2.0775     1.8420         18 0.0000e+00
    982.164   78.63790  174.95938    995.000    -0.0635    -0.0635  29.321635  29.320014    34.8558    34.8537    292.816    289.398    -0.1342     4.6733     0.0839     0.0839     0.0134     0.0196      29721    20.6391     100.00     2.0773     1.8422         14 0.0000e+00
    983.149   78.63790  174.95938    996.000    -0.0637    -0.0637  29.321985  29.320251    34.8559    34.8537    292.849    289.640    -0.1366     4.6738     0.0840     0.0840     0.0130     0.0195      29746    20.6566     100.00     2.0772     1.8431         16 0.0000e+00
    984.134   78.63790  174.95938    997.000    -0.0638    -0.0639  29.322229  29.320514    34.8559    34.8537    292.924    289.316    -0.1345     4.6739     0.0839     0.0839     0.0129     0.0196      29772    20.6742     100.00     2.0774     1.8415         15 0.0000e+00
    985.118   78.63790  174.95938    998.000    -0.0638    -0.0637  29.322731  29.321088    34.8559    34.8536    292.898    288.782    -0.1347     4.6736     0.0849     0.0849     0.0131     0.0196      29797    20.6918     100.00     2.0771     1.8389         16 0.0000e+00
    986.103   78.63790  174.95938    999.000    -0.0637    -0.0638  29.323303  29.321491    34.8560    34.8537    292.910    288.976    -0.1587     4.6730     0.0846     0.0846     0.0136     0.0186      29822    20.7090     100.00     2.0769     1.8396         16 0.0000e+00
    987.088   78.63790  174.95938   1000.000    -0.0642    -0.0644  29.323440  29.321404    34.8561    34.8537    292.873    288.952    -0.1433     4.6737     0.0841     0.0841     0.0131     0.0193      29847    20.7266     100.00     2.0765     1.8393         17 0.0000e+00
    988.072   78.63791  174.95938   1001.000    -0.0647    -0.0646  29.323240  29.321639    34.8558    34.8536    292.817    288.878    -0.1339     4.6736     0.0836     0.0836     0.0131     0.0196      29872    20.7438     100.00     2.0760     1.8388         13 0.0000e+00
    989.057   78.63792  174.95938   1002.000    -0.0650    -0.0652  29.323449  29.321566    34.8559    34.8536    292.812    289.100    -0.1344     4.6737     0.0831     0.0831     0.0131     0.0196      29897    20.7614     100.00     2.0757     1.8396         14 0.0000e+00
    990.042   78.63792  174.95938   1003.000    -0.0653    -0.0653  29.323611  29.321800    34.8559    34.8535    292.788    276.392    -0.1365     4.6736     0.0840     0.0840     0.0132     0.0195      29923    20.7790     100.00     2.0754     1.7814         16 0.0000e+00
    991.027   78.63792  174.95938   1004.000    -0.0666    -0.0662  29.322761  29.321488    34.8557    34.8536    292.923    298.390    -0.1366     4.6737     0.0840     0.0840     0.0131     0.0195      29948    20.7965     100.00     2.0758     1.8816         15 0.0000e+00
    992.011   78.63792  174.95939   1005.000    -0.0692    -0.0697  29.320834  29.318651    34.8554    34.8532    292.969    291.114    -0.1299     4.6738     0.0852     0.0852     0.0129     0.0198      29973    20.8140     100.00     2.0757     1.8481         14 0.0000e+00
    992.996   78.63792  174.95940   1006.000    -0.0775    -0.0786  29.313712  29.311105    34.8549    34.8527    293.011    289.916    -0.1532     4.6736     0.0842     0.0842     0.0131     0.0189      29998    20.8314     100.00     2.0753     1.8421         13 0.0000e+00
    993.981   78.63792  174.95940   1007.000    -0.0889    -0.0896  29.303829  29.301627    34.8541    34.8520    293.074    288.502    -0.1730     4.6732     0.0829     0.0829     0.0135     0.0181      30023    20.8489     100.00     2.0749     1.8350         15 0.0000e+00
    994.966   78.63794  174.95940   1008.000    -0.0989    -0.0988  29.295585  29.293896    34.8541    34.8517    292.977    291.527    -0.1709     4.6738     0.0840     0.0840     0.0130     0.0182      30049    20.8666     100.00     2.0737     1.8483         16 0.0000e+00
    995.950   78.63794  174.95940   1009.000    -0.0986    -0.0988  29.296047  29.294245    34.8537    34.8515    292.908    291.432    -0.1435     4.6740     0.0850     0.0850     0.0128     0.0192      30074    20.8838     100.00     2.0732     1.8477         12 0.0000e+00
    996.935   78.63794  174.95940   1010.000    -0.0982    -0.0996  29.296743  29.293887    34.8536    34.8514    292.830    289.827    -0.1706     4.6738     0.0845     0.0845     0.0130     0.0182      30099    20.9014     100.00     2.0726     1.8402         12 0.0000e+00
    997.919   78.63794  174.95940   1011.000    -0.1020    -0.1016  29.293638  29.292414    34.8533    34.8511    293.029    289.819    -0.1720     4.6733     0.0833     0.0833     0.0133     0.0181      30124    20.9189     100.00     2.0732     1.8399         12 0.0000e+00
    998.904   78.63794  174.95940   1012.000    -0.1087    -0.1089  29.288028  29.286200    34.8528    34.8506    293.143    289.890    -0.1355     4.6734     0.0830     0.0830     0.0133     0.0195      30150    20.9366     100.00     2.0733     1.8397         14 0.0000e+00
    999.889   78.63794  174.95940   1013.000    -0.1136    -0.1139  29.284047  29.282045    34.8525    34.8502    293.255    289.776    -0.1471     4.6736     0.0836     0.0836     0.0131     0.0191      30175    20.9541     100.00     2.0735     1.8388         17 0.0000e+00
   1000.874   78.63794  174.95940   1014.000    -0.1272    -0.1290  29.272221  29.268813    34.8517    34.8492    293.374    289.655    -0.1761     4.6738     0.0841     0.0841     0.0129     0.0179      30200    20.9714     100.00     2.0732     1.8375         15 0.0000e+00
   1001.858   78.63796  174.95940   1015.000    -0.1345    -0.1343  29.266239  29.264774    34.8515    34.8493    293.344    289.211    -0.1715     4.6738     0.0843     0.0843     0.0129     0.0181      30225    20.9889     100.00     2.0725     1.8351         14 0.0000e+00
   1002.843   78.63796  174.95940   1016.000    -0.1342    -0.1339  29.266961  29.265331    34.8515    34.8491    293.475    289.425    -0.1443     4.6732     0.0850     0.0850     0.0135     0.0192      30250    21.0065     100.00     2.0730     1.8359         17 0.0000e+00
   1003.828   78.63796  174.95940   1017.000    -0.1341    -0.1338  29.267292  29.265861    34.8513    34.8490    293.478    290.206    -0.1347     4.6737     0.0841     0.0841     0.0131     0.0196      30275    21.0239     100.00     2.0728     1.8393         15 0.0000e+00
   1004.812   78.63796  174.95940   1018.000    -0.1340    -0.1340  29.267719  29.266007    34.8511    34.8489    293.457    290.211    -0.1685     4.6734     0.0840     0.0840     0.0133     0.0182      30301    21.0413     100.00     2.0726     1.8391         14 0.0000e+00
   1005.797   78.63796  174.95940   1019.000    -0.1340    -0.1341  29.268049  29.266316    34.8510    34.8488    293.532    289.445    -0.1396     4.6740     0.0852     0.0852     0.0128     0.0194      30325    21.0586     100.00     2.0728     1.8355         14 0.0000e+00
   1006.781   78.63797  174.95940   1020.000    -0.1343    -0.1343  29.268210  29.266415    34.8510    34.8487    293.330    289.238    -0.1639     4.6731     0.0851     0.0851     0.0136     0.0184      30351    21.0762     100.00     2.0714     1.8343         17 0.0000e+00
   1007.766   78.63798  174.95940   1021.000    -0.1342    -0.1343  29.268778  29.266917    34.8510    34.8487    293.221    289.482    -0.1469     4.6735     0.0833     0.0833     0.0132     0.0191      30376    21.0937     100.00     2.0707     1.8353         16 0.0000e+00
   1008.751   78.63798  174.95940   1022.000    -0.1341    -0.1340  29.269169  29.267538    34.8509    34.8486    293.167    289.476    -0.1657     4.6730     0.0848     0.0848     0.0136     0.0184      30401    21.1112     100.00     2.0702     1.8351         16 0.0000e+00
   1009.735   78.63798  174.95940   1023.000    -0.1346    -0.1347  29.269076  29.267256    34.8507    34.8485    293.177    289.547    -0.1544     4.6736     0.0843     0.0843     0.0131     0.0188      30426    21.1286     100.00     2.0700     1.8352         14 0.0000e+00
   1010.720   78.63798  174.95940   1024.000    -0.1438    -0.1435  29.261160  29.259683    34.8501    34.8479    293.455    290.352    -0.1344     4.6734     0.0841     0.0841     0.0133     0.0196      30451    21.1461     100.00     2.0708     1.8383         17 0.0000e+00
   1011.705   78.63798  174.95940   1025.000    -0.1494    -0.1490  29.256802  29.255360    34.8501    34.8478    293.631    290.163    -0.1366     4.6738     0.0841     0.0841     0.0130     0.0195      30476    21.1635     100.00     2.0713     1.8371         18 0.0000e+00
   1012.689   78.63798  174.95940   1026.000    -0.1516    -0.1513  29.254967  29.253538    34.8495    34.8474    293.707    290.198    -0.1344     4.6734     0.0842     0.0842     0.0133     0.0196      30501    21.1808     100.00     2.0714     1.8370         14 0.0000e+00
   1013.674   78.63799  174.95940   1027.000    -0.1567    -0.1571  29.250955  29.248838    34.8495    34.8471    293.803    290.046    -0.1346     4.6734     0.0846     0.0846     0.0133     0.0196      30526    21.1981     100.00     2.0715     1.8359         15 0.0000e+00
   1014.658   78.63800  174.95940   1028.000    -0.1592    -0.1592  29.249068  29.247313    34.8492    34.8470    293.804    290.055    -0.1367     4.6739     0.0851     0.0851     0.0129     0.0195      30551    21.2156     100.00     2.0712     1.8357         14 0.0000e+00
   1015.643   78.63800  174.95940   1029.000    -0.1613    -0.1613  29.247418  29.245811    34.8489    34.8468    293.813    290.160    -0.1438     4.6737     0.0850     0.0850     0.0130     0.0192      30576    21.2329     100.00     2.0709     1.8359         12 0.0000e+00
   1016.628   78.63800  174.95940   1030.000    -0.1612    -0.1616  29.247880  29.245981    34.8488    34.8467    293.839    290.393    -0.1722     4.6735     0.0840     0.0840     0.0132     0.0181      30602    21.2505     100.00     2.0708     1.8368         14 0.0000e+00
   1017.612   78.63800  174.95940   1031.000    -0.1605    -0.1605  29.248921  29.247311    34.8488    34.8467    293.909    290.317    -0.1435     4.6734     0.0830     0.0830     0.0133     0.0192      30627    21.2680     100.00     2.0710     1.8363         16 0.0000e+00
   1018.597   78.63800  174.95940   1032.000    -0.1613    -0.1612  29.248598  29.246999    34.8487    34.8465    293.923    290.020    -0.1591     4.6729     0.0830     0.0830     0.0137     0.0186      30652    21.2855     100.00     2.0709     1.8347         15 0.0000e+00
   1019.581   78.63800  174.95940   1033.000    -0.1618    -0.1617  29.248582  29.246902    34.8487    34.8464    293.938    289.448    -0.1371     4.6736     0.0851     0.0851     0.0131     0.0195      30677    21.3031     100.00     2.0707     1.8319         15 0.0000e+00
   1020.566   78.63800  174.95940   1034.000    -0.1619    -0.1618  29.248918  29.247221    34.8487    34.8464    294.035    275.869    -0.1341     4.6729     0.0834     0.0834     0.0137     0.0196      30702    21.3203     100.00     2.0710     1.7702         12 0.0000e+00
   1021.551   78.63802  174.95940   1035.000    -0.1619    -0.1619  29.249288  29.247670    34.8486    34.8464    294.141    298.381    -0.1592     4.6730     0.0837     0.0837     0.0137     0.0186      30728    21.3379     100.00     2.0713     1.8721         15 0.0000e+00
   1022.535   78.63802  174.95940   1036.000    -0.1617    -0.1617  29.249941  29.248177    34.8486    34.8463    294.133    295.214    -0.1396     4.6732     0.0841     0.0841     0.0135     0.0194      30752    21.3550     100.00     2.0711     1.8576         12 0.0000e+00
   1023.520   78.63802  174.95940   1037.000    -0.1616    -0.1616  29.250336  29.248639    34.8485    34.8462    294.135    290.898    -0.1367     4.6729     0.0839     0.0839     0.0137     0.0195      30777    21.3724     100.00     2.0709     1.8378         12 0.0000e+00
   1024.504   78.63802  174.95940   1038.000    -0.1618    -0.1618  29.250629  29.248973    34.8485    34.8464    294.022    283.808    -0.1704     4.6731     0.0846     0.0846     0.0136     0.0182      30803    21.3900     100.00     2.0701     1.8055         14 0.0000e+00
   1025.489   78.63802  174.95940   1039.000    -0.1618    -0.1618  29.251128  29.249329    34.8486    34.8463    293.964    287.037    -0.1414     4.6729     0.0849     0.0849     0.0137     0.0193      30828    21.4076     100.00     2.0696     1.8200         16 0.0000e+00
   1026.473   78.63802  174.95940   1040.000    -0.1617    -0.1617  29.251601  29.249872    34.8485    34.8463    293.896    293.106    -0.1589     4.6734     0.0842     0.0842     0.0133     0.0186      30853    21.4248     100.00     2.0690     1.8473         14 0.0000e+00
   1027.458   78.63804  174.95940   1041.000    -0.1615    -0.1615  29.252163  29.250392    34.8485    34.8462    293.809    290.900    -0.1600     4.6734     0.0838     0.0838     0.0133     0.0186      30878    21.4421     100.00     2.0684     1.8371         13 0.0000e+00
   1028.443   78.63804  174.95940   1042.000    -0.1614    -0.1614  29.252686  29.250907    34.8484    34.8462    293.750    282.617    -0.1552     4.6736     0.0831     0.0831     0.0131     0.0188      30903    21.4596     100.00     2.0679     1.7995         13 0.0000e+00
   1029.427   78.63804  174.95940   1043.000    -0.1615    -0.1614  29.253056  29.251320    34.8485    34.8461    293.656    296.036    -0.1581     4.6734     0.0853     0.0853     0.0133     0.0187      30928    21.4770     100.00     2.0671     1.8601         17 0.0000e+00
   1030.412   78.63804  174.95940   1044.000    -0.1614    -0.1613  29.253446  29.251842    34.8483    34.8461    293.610    293.443    -0.1415     4.6732     0.0841     0.0841     0.0135     0.0193      30953    21.4947     100.00     2.0666     1.8482         16 0.0000e+00
   1031.396   78.63804  174.95940   1045.000    -0.1616    -0.1616  29.253747  29.251949    34.8484    34.8460    293.646    279.320    -0.1296     4.6732     0.0853     0.0853     0.0135     0.0198      30978    21.5121     100.00     2.0666     1.7840         13 0.0000e+00
   1032.381   78.63804  174.95940   1046.000    -0.1479    -0.1470  29.267975  29.266873    34.8511    34.8487    293.612    282.026    -0.1738     4.6731     0.0843     0.0843     0.0136     0.0180      31004    21.5296     100.00     2.0669     1.7967         17 0.0000e+00
