Continuous CTD Data/01_SBE Stage/nabos_19_01avg.cnv
* Sea-Bird SBE 9 Data File:
* FileName = D:\CTD\data\HLY2502\raw\NABOS_19_01.hex
* Software Version Seasave V 7.26.7.110
* Temperature SN = 6954
* Conductivity SN = 2561
* Number of Bytes Per Scan = 37
* Number of Voltage Words = 4
* Number of Scans Averaged by the Deck Unit = 1
* NMEA Latitude = 78 13.65 N
* NMEA Longitude = 176 14.99 E
* NMEA UTC (Time) = Sep 17 2025  23:54:54
* NMEA baud rate = 9600
** Ship: USCG HEALY
** Bot. Depth:  1815
** Cast Number:  01
** Station Name:  NABOS
** Station Number:  19
** Operator:  STARC
# nquan = 25
# nvalues = 1215                        
# units = specified
# name 0 = depSM: Depth [salt water, m]
# name 1 = latitude: Latitude [deg]
# name 2 = longitude: Longitude [deg]
# name 3 = prDM: Pressure, Digiquartz [db]
# name 4 = t090C: Temperature [ITS-90, deg C]
# name 5 = t190C: Temperature, 2 [ITS-90, deg C]
# name 6 = c0mS/cm: Conductivity [mS/cm]
# name 7 = c1mS/cm: Conductivity, 2 [mS/cm]
# name 8 = sal00: Salinity, Practical [PSU]
# name 9 = sal11: Salinity, Practical, 2 [PSU]
# name 10 = sbox0Mm/Kg: Oxygen, SBE 43 [umol/kg]
# name 11 = sbox1Mm/Kg: Oxygen, SBE 43, 2 [umol/kg]
# name 12 = flECO-AFL: Fluorescence, WET Labs ECO-AFL/FL [mg/m^3]
# name 13 = v2: Voltage 2
# name 14 = wetCDOM: Fluorescence, WET Labs CDOM [mg/m^3]
# name 15 = v6: Voltage 6
# name 16 = CStarAt0: Beam Attenuation, WET Labs C-Star [1/m]
# name 17 = v3: Voltage 3
# name 18 = scan: Scan Count
# name 19 = timeM: Time, Elapsed [minutes]
# name 20 = altM: Altimeter [m]
# name 21 = sbeox0V: Oxygen raw, SBE 43 [V]
# name 22 = sbeox1V: Oxygen raw, SBE 43, 2 [V]
# name 23 = nbin: number of scans per bin
# name 24 = flag: flag
# span 0 =      3.958,   1201.667       
# span 1 =   78.22801,   78.23495       
# span 2 =  176.24638,  176.24943       
# span 3 =      4.000,   1218.000       
# span 4 =    -1.7473,     0.9364       
# span 5 =    -1.7467,     0.9363       
# span 6 =  24.567395,  29.800984       
# span 7 =  24.566288,  29.799237       
# span 8 =    30.7459,    34.8718       
# span 9 =    30.7436,    34.8698       
# span 10 =    291.389,    371.925      
# span 11 =    287.070,    369.306      
# span 12 =    -0.1841,     0.4432      
# span 13 =     4.5879,     4.6720      
# span 14 =     0.0800,     0.1132      
# span 15 =     0.0800,     0.1132      
# span 16 =     0.0146,     0.0872      
# span 17 =     0.0176,     0.0427      
# span 18 =       3522,      53057      
# span 19 =     2.4454,    36.8441      
# span 20 =     100.00,     100.00      
# span 21 =     2.0164,     2.6102      
# span 22 =     1.7866,     2.2942      
# span 23 =          2,         26      
# span 24 = 0.0000e+00, 0.0000e+00      
# interval = decibars: 1                
# start_time = Sep 17 2025 23:54:54 [NMEA time, header]
# bad_flag = -9.990e-29
*END*
[from data line 348]
    348.000   78.22964  176.24850    352.000     0.7461     0.7459  29.692024  29.689932    34.8036    34.8011    297.206    293.042    -0.1671     4.6692     0.0826     0.0826     0.0169     0.0183      15234    10.5787     100.00     2.2842     2.0115         16 0.0000e+00
    348.988   78.22966  176.24850    353.000     0.7369     0.7365  29.684128  29.682001    34.8031    34.8008    297.412    292.163    -0.1725     4.6692     0.0818     0.0818     0.0169     0.0181      15259    10.5960     100.00     2.2847     2.0064         16 0.0000e+00
    349.976   78.22966  176.24850    354.000     0.7282     0.7282  29.676813  29.674969    34.8028    34.8004    297.657    292.414    -0.1785     4.6690     0.0818     0.0818     0.0171     0.0179      15284    10.6133     100.00     2.2855     2.0071         16 0.0000e+00
    350.964   78.22966  176.24850    355.000     0.7199     0.7199  29.669871  29.668106    34.8025    34.8002    297.803    293.225    -0.1609     4.6689     0.0818     0.0818     0.0171     0.0185      15309    10.6307     100.00     2.2858     2.0107         15 0.0000e+00
    351.951   78.22966  176.24850    356.000     0.7155     0.7154  29.666366  29.664400    34.8023    34.7998    297.854    292.936    -0.1497     4.6690     0.0818     0.0818     0.0171     0.0190      15334    10.6481     100.00     2.2856     2.0089         17 0.0000e+00
    352.939   78.22966  176.24850    357.000     0.7112     0.7110  29.662862  29.661009    34.8020    34.7998    297.864    293.529    -0.1749     4.6691     0.0829     0.0829     0.0170     0.0180      15359    10.6654     100.00     2.2852     2.0115         15 0.0000e+00
    353.927   78.22967  176.24850    358.000     0.7073     0.7073  29.659973  29.658097    34.8019    34.7995    297.963    294.164    -0.1530     4.6688     0.0830     0.0830     0.0173     0.0189      15384    10.6828     100.00     2.2853     2.0143         18 0.0000e+00
    354.915   78.22968  176.24850    359.000     0.7049     0.7048  29.658086  29.656248    34.8017    34.7993    297.967    293.108    -0.1610     4.6687     0.0830     0.0830     0.0173     0.0185      15409    10.7002     100.00     2.2850     2.0087         20 0.0000e+00
    355.902   78.22968  176.24850    360.000     0.7039     0.7038  29.657598  29.655715    34.8015    34.7992    298.090    292.002    -0.1466     4.6688     0.0815     0.0815     0.0172     0.0191      15434    10.7177     100.00     2.2854     2.0028         20 0.0000e+00
    356.890   78.22968  176.24849    361.000     0.7026     0.7025  29.656894  29.654821    34.8015    34.7990    298.152    292.944    -0.1657     4.6691     0.0812     0.0812     0.0170     0.0184      15459    10.7350     100.00     2.2855     2.0073         17 0.0000e+00
    357.878   78.22968  176.24848    362.000     0.6998     0.6998  29.654808  29.652931    34.8014    34.7989    298.122    293.569    -0.1775     4.6688     0.0823     0.0823     0.0172     0.0179      15484    10.7523     100.00     2.2849     2.0102         17 0.0000e+00
    358.866   78.22968  176.24848    363.000     0.6982     0.6981  29.653850  29.652003    34.8013    34.7990    298.024    292.513    -0.1732     4.6687     0.0830     0.0830     0.0173     0.0181      15509    10.7696     100.00     2.2841     2.0046         15 0.0000e+00
    359.854   78.22969  176.24848    364.000     0.6979     0.6977  29.654132  29.652167    34.8015    34.7990    297.940    292.659    -0.1653     4.6687     0.0830     0.0830     0.0174     0.0184      15534    10.7871     100.00     2.2833     2.0051         17 0.0000e+00
    360.841   78.22970  176.24848    365.000     0.6974     0.6975  29.654365  29.652603    34.8016    34.7993    297.880    292.642    -0.1346     4.6690     0.0830     0.0830     0.0171     0.0196      15559    10.8045     100.00     2.2827     2.0048         20 0.0000e+00
    361.829   78.22970  176.24848    366.000     0.6983     0.6982  29.655960  29.654070    34.8022    34.7998    297.797    293.490    -0.1520     4.6690     0.0830     0.0830     0.0170     0.0189      15585    10.8220     100.00     2.2820     2.0090         23 0.0000e+00
    362.817   78.22970  176.24848    367.000     0.6989     0.6990  29.657919  29.656230    34.8034    34.8011    297.674    293.559    -0.1686     4.6688     0.0830     0.0830     0.0173     0.0182      15609    10.8391     100.00     2.2811     2.0092         15 0.0000e+00
    363.805   78.22970  176.24848    368.000     0.7024     0.7027  29.662493  29.660879    34.8048    34.8024    297.420    293.551    -0.1756     4.6689     0.0830     0.0830     0.0171     0.0180      15634    10.8563     100.00     2.2795     2.0091         14 0.0000e+00
    364.792   78.22970  176.24848    369.000     0.7089     0.7091  29.669659  29.668065    34.8063    34.8040    297.435    292.693    -0.1704     4.6690     0.0841     0.0841     0.0171     0.0182      15660    10.8740     100.00     2.2797     2.0049         17 0.0000e+00
    365.780   78.22972  176.24848    370.000     0.7130     0.7135  29.674684  29.673434    34.8076    34.8054    297.644    292.842    -0.1756     4.6688     0.0824     0.0824     0.0172     0.0180      15684    10.8913     100.00     2.2810     2.0056         18 0.0000e+00
    366.768   78.22972  176.24848    371.000     0.7235     0.7238  29.686118  29.684310    34.8101    34.8075    297.644    292.445    -0.1718     4.6689     0.0810     0.0810     0.0172     0.0181      15710    10.9089     100.00     2.2813     2.0038         19 0.0000e+00
    367.755   78.22972  176.24848    372.000     0.7237     0.7237  29.686899  29.685073    34.8103    34.8079    297.499    292.303    -0.1448     4.6690     0.0823     0.0823     0.0171     0.0192      15735    10.9262     100.00     2.2802     2.0030         19 0.0000e+00
    368.743   78.22972  176.24848    373.000     0.7207     0.7206  29.684684  29.682922    34.8102    34.8081    297.343    292.844    -0.1724     4.6689     0.0837     0.0837     0.0172     0.0181      15760    10.9435     100.00     2.2789     2.0054         15 0.0000e+00
    369.731   78.22972  176.24848    374.000     0.7183     0.7182  29.683290  29.681346    34.8105    34.8081    297.198    293.184    -0.1573     4.6683     0.0842     0.0842     0.0177     0.0187      15785    10.9610     100.00     2.2776     2.0068         15 0.0000e+00
    370.718   78.22974  176.24846    375.000     0.7162     0.7159  29.681990  29.679830    34.8106    34.8081    297.052    292.783    -0.1476     4.6689     0.0842     0.0842     0.0171     0.0191      15810    10.9783     100.00     2.2764     2.0045         17 0.0000e+00
    371.706   78.22974  176.24846    376.000     0.7132     0.7131  29.679961  29.678160    34.8108    34.8084    296.996    293.436    -0.1508     4.6690     0.0832     0.0832     0.0171     0.0189      15835    10.9958     100.00     2.2757     2.0075         17 0.0000e+00
    372.694   78.22974  176.24846    377.000     0.7130     0.7129  29.680351  29.678483    34.8108    34.8085    296.879    291.908    -0.1590     4.6691     0.0811     0.0811     0.0170     0.0186      15860    11.0130     100.00     2.2748     1.9995         15 0.0000e+00
    373.681   78.22974  176.24846    378.000     0.7102     0.7102  29.678506  29.676642    34.8110    34.8086    296.923    291.692    -0.1491     4.6690     0.0830     0.0830     0.0171     0.0190      15884    11.0302     100.00     2.2747     1.9981         14 0.0000e+00
    374.669   78.22974  176.24846    379.000     0.7098     0.7098  29.678616  29.676747    34.8110    34.8086    296.796    292.054    -0.1610     4.6691     0.0818     0.0818     0.0170     0.0185      15910    11.0477     100.00     2.2737     1.9997         15 0.0000e+00
    375.657   78.22975  176.24846    380.000     0.7089     0.7088  29.678162  29.676252    34.8109    34.8085    296.586    292.179    -0.1725     4.6691     0.0818     0.0818     0.0170     0.0181      15935    11.0652     100.00     2.2721     2.0001         18 0.0000e+00
    376.644   78.22976  176.24846    381.000     0.7059     0.7057  29.675981  29.673880    34.8108    34.8083    296.323    292.030    -0.1403     4.6690     0.0818     0.0818     0.0171     0.0194      15960    11.0825     100.00     2.2701     1.9991         14 0.0000e+00
    377.632   78.22976  176.24846    382.000     0.7002     0.6999  29.671396  29.669135    34.8106    34.8081    296.218    291.830    -0.1636     4.6694     0.0818     0.0818     0.0167     0.0184      15985    11.1000     100.00     2.2690     1.9976         15 0.0000e+00
    378.620   78.22976  176.24846    383.000     0.6895     0.6890  29.662280  29.660154    34.8103    34.8079    296.308    292.369    -0.1475     4.6694     0.0809     0.0809     0.0167     0.0191      16010    11.1174     100.00     2.2687     1.9997         17 0.0000e+00
    379.607   78.22976  176.24846    384.000     0.6819     0.6818  29.656360  29.654293    34.8105    34.8079    296.392    291.909    -0.1532     4.6700     0.0821     0.0821     0.0161     0.0188      16035    11.1347     100.00     2.2686     1.9968         13 0.0000e+00
    380.595   78.22976  176.24846    385.000     0.6795     0.6793  29.654437  29.652541    34.8100    34.8078    296.366    292.055    -0.1518     4.6695     0.0830     0.0830     0.0167     0.0189      16060    11.1521     100.00     2.2681     1.9973         16 0.0000e+00
    381.583   78.22977  176.24846    386.000     0.6790     0.6788  29.654612  29.652639    34.8103    34.8079    296.396    291.653    -0.1693     4.6692     0.0825     0.0825     0.0169     0.0182      16085    11.1696     100.00     2.2680     1.9950         16 0.0000e+00
    382.570   78.22978  176.24846    387.000     0.6801     0.6805  29.656260  29.654603    34.8105    34.8079    296.387    292.192    -0.1417     4.6691     0.0818     0.0818     0.0170     0.0193      16110    11.1868     100.00     2.2678     1.9976         14 0.0000e+00
    383.558   78.22978  176.24846    388.000     0.6802     0.6801  29.656547  29.654719    34.8102    34.8080    296.411    291.780    -0.1621     4.6691     0.0821     0.0821     0.0170     0.0185      16135    11.2040     100.00     2.2677     1.9953         14 0.0000e+00
    384.545   78.22978  176.24845    389.000     0.6760     0.6760  29.653310  29.651553    34.8102    34.8079    296.517    290.935    -0.1734     4.6691     0.0829     0.0829     0.0170     0.0181      16160    11.2217     100.00     2.2679     1.9907         16 0.0000e+00
    385.533   78.22978  176.24844    390.000     0.6697     0.6695  29.648148  29.646167    34.8099    34.8076    296.639    291.815    -0.1429     4.6691     0.0821     0.0821     0.0170     0.0193      16185    11.2388     100.00     2.2681     1.9947         13 0.0000e+00
    386.521   78.22978  176.24844    391.000     0.6643     0.6642  29.643930  29.642049    34.8099    34.8075    296.837    291.207    -0.1743     4.6695     0.0830     0.0830     0.0167     0.0180      16210    11.2563     100.00     2.2687     1.9912         13 0.0000e+00
    387.508   78.22978  176.24844    392.000     0.6636     0.6636  29.643697  29.641767    34.8098    34.8073    296.932    293.165    -0.1345     4.6694     0.0820     0.0820     0.0167     0.0196      16235    11.2737     100.00     2.2690     2.0008         15 0.0000e+00
    388.496   78.22980  176.24844    393.000     0.6628     0.6627  29.643477  29.641517    34.8098    34.8074    296.808    292.399    -0.1291     4.6694     0.0818     0.0818     0.0167     0.0198      16260    11.2909     100.00     2.2680     1.9968         12 0.0000e+00
    389.484   78.22980  176.24844    394.000     0.6610     0.6610  29.642379  29.640536    34.8098    34.8074    296.842    291.229    -0.1527     4.6693     0.0827     0.0827     0.0168     0.0189      16285    11.3081     100.00     2.2679     1.9906         11 0.0000e+00
    390.471   78.22980  176.24844    395.000     0.6609     0.6609  29.642894  29.640909    34.8100    34.8074    296.728    291.971    -0.1799     4.6695     0.0813     0.0813     0.0166     0.0178      16310    11.3256     100.00     2.2670     1.9941         12 0.0000e+00
    391.459   78.22980  176.24844    396.000     0.6549     0.6547  29.638086  29.636265    34.8099    34.8077    296.754    292.304    -0.1726     4.6692     0.0827     0.0827     0.0169     0.0181      16335    11.3431     100.00     2.2666     1.9953         16 0.0000e+00
    392.446   78.22980  176.24844    397.000     0.6511     0.6510  29.635320  29.633332    34.8100    34.8076    296.642    292.646    -0.1418     4.6700     0.0848     0.0848     0.0162     0.0193      16360    11.3606     100.00     2.2655     1.9967         15 0.0000e+00
    393.434   78.22982  176.24844    398.000     0.6461     0.6462  29.631420  29.629551    34.8099    34.8074    296.678    292.967    -0.1365     4.6695     0.0850     0.0850     0.0166     0.0195      16385    11.3779     100.00     2.2653     1.9979         16 0.0000e+00
    394.422   78.22982  176.24844    399.000     0.6437     0.6437  29.629621  29.627957    34.8098    34.8075    296.711    291.745    -0.1620     4.6694     0.0834     0.0834     0.0167     0.0185      16410    11.3952     100.00     2.2651     1.9915         15 0.0000e+00
    395.409   78.22982  176.24844    400.000     0.6420     0.6419  29.628723  29.626769    34.8098    34.8074    296.816    291.689    -0.1392     4.6696     0.0815     0.0815     0.0165     0.0194      16435    11.4127     100.00     2.2654     1.9909         14 0.0000e+00
    396.397   78.22982  176.24844    401.000     0.6378     0.6376  29.625440  29.623397    34.8097    34.8073    296.827    292.126    -0.1686     4.6697     0.0810     0.0810     0.0165     0.0182      16460    11.4301     100.00     2.2650     1.9928         15 0.0000e+00
    397.384   78.22982  176.24844    402.000     0.6356     0.6353  29.624004  29.621994    34.8097    34.8074    296.700    292.747    -0.1577     4.6693     0.0830     0.0830     0.0169     0.0187      16486    11.4476     100.00     2.2639     1.9956         16 0.0000e+00
    398.372   78.22983  176.24842    403.000     0.6316     0.6311  29.620940  29.618781    34.8097    34.8073    296.850    292.106    -0.1466     4.6692     0.0818     0.0818     0.0169     0.0191      16510    11.4648     100.00     2.2644     1.9920         15 0.0000e+00
    399.360   78.22984  176.24842    404.000     0.6269     0.6269  29.617454  29.615602    34.8098    34.8074    296.870    292.330    -0.1746     4.6693     0.0842     0.0842     0.0168     0.0180      16535    11.4822     100.00     2.2640     1.9927         15 0.0000e+00
    400.347   78.22984  176.24842    405.000     0.6248     0.6246  29.615955  29.614076    34.8096    34.8073    296.832    292.247    -0.1732     4.6665     0.0832     0.0832     0.0191     0.0181      16560    11.4995     100.00     2.2634     1.9920         15 0.0000e+00
    401.335   78.22984  176.24842    406.000     0.6212     0.6211  29.613398  29.611571    34.8098    34.8074    296.970    290.906    -0.1502     4.6688     0.0839     0.0839     0.0172     0.0190      16586    11.5171     100.00     2.2638     1.9849         19 0.0000e+00
    402.322   78.22984  176.24842    407.000     0.6196     0.6197  29.612669  29.610810    34.8100    34.8075    297.036    292.354    -0.1356     4.6691     0.0835     0.0835     0.0170     0.0195      16610    11.5344     100.00     2.2639     1.9920         17 0.0000e+00
    403.310   78.22984  176.24842    408.000     0.6205     0.6205  29.613933  29.612244    34.8100    34.8078    297.150    292.412    -0.1637     4.6692     0.0837     0.0837     0.0169     0.0184      16635    11.5515     100.00     2.2644     1.9921         15 0.0000e+00
