Continuous CTD Data/01_SBE Stage/nabos_18_01avg.cnv
* Sea-Bird SBE 9 Data File:
* FileName = D:\CTD\data\HLY2502\raw\NABOS_18_01.hex
* Software Version Seasave V 7.26.7.110
* Temperature SN = 6954
* Conductivity SN = 2561
* Number of Bytes Per Scan = 37
* Number of Voltage Words = 4
* Number of Scans Averaged by the Deck Unit = 1
* NMEA Latitude = 77 52.02 N
* NMEA Longitude = 177 13.45 E
* NMEA UTC (Time) = Sep 17 2025  18:13:44
* NMEA baud rate = 9600
** Ship: USCG HEALY
** Bot. Depth:  1532
** Cast Number:  01
** Station Name:  NABOS
** Station Number:  18
** Operator:  STARC
# nquan = 25
# nvalues = 1215                        
# units = specified
# name 0 = depSM: Depth [salt water, m]
# name 1 = latitude: Latitude [deg]
# name 2 = longitude: Longitude [deg]
# name 3 = prDM: Pressure, Digiquartz [db]
# name 4 = t090C: Temperature [ITS-90, deg C]
# name 5 = t190C: Temperature, 2 [ITS-90, deg C]
# name 6 = c0mS/cm: Conductivity [mS/cm]
# name 7 = c1mS/cm: Conductivity, 2 [mS/cm]
# name 8 = sal00: Salinity, Practical [PSU]
# name 9 = sal11: Salinity, Practical, 2 [PSU]
# name 10 = sbox0Mm/Kg: Oxygen, SBE 43 [umol/kg]
# name 11 = sbox1Mm/Kg: Oxygen, SBE 43, 2 [umol/kg]
# name 12 = flECO-AFL: Fluorescence, WET Labs ECO-AFL/FL [mg/m^3]
# name 13 = v2: Voltage 2
# name 14 = wetCDOM: Fluorescence, WET Labs CDOM [mg/m^3]
# name 15 = v6: Voltage 6
# name 16 = CStarAt0: Beam Attenuation, WET Labs C-Star [1/m]
# name 17 = v3: Voltage 3
# name 18 = scan: Scan Count
# name 19 = timeM: Time, Elapsed [minutes]
# name 20 = altM: Altimeter [m]
# name 21 = sbeox0V: Oxygen raw, SBE 43 [V]
# name 22 = sbeox1V: Oxygen raw, SBE 43, 2 [V]
# name 23 = nbin: number of scans per bin
# name 24 = flag: flag
# span 0 =      2.968,   1200.700       
# span 1 =   77.86717,   77.86839       
# span 2 =  177.22536,  177.23520       
# span 3 =      3.000,   1217.000       
# span 4 =    -1.7833,     0.9267       
# span 5 =    -1.7827,     0.9268       
# span 6 =  24.159526,  29.801796       
# span 7 =  24.158491,  29.800161       
# span 8 =    30.1915,    34.8689       
# span 9 =    30.1895,    34.8668       
# span 10 =    290.162,    373.000      
# span 11 =    273.864,    367.975      
# span 12 =    -0.1841,     0.4370      
# span 13 =     4.4821,     4.6736      
# span 14 =     0.0810,     0.1165      
# span 15 =     0.0810,     0.1165      
# span 16 =     0.0131,     0.1841      
# span 17 =     0.0176,     0.0424      
# span 18 =       3169,      42734      
# span 19 =     2.2000,    29.6754      
# span 20 =     100.00,     100.00      
# span 21 =     2.0071,     2.6129      
# span 22 =     1.7420,     2.2825      
# span 23 =          1,         29      
# span 24 = 0.0000e+00, 0.0000e+00      
# interval = decibars: 1                
# start_time = Sep 17 2025 18:13:44 [NMEA time, header]
# bad_flag = -9.990e-29
*END*
[from data line 1102]
   1090.490   77.86824  177.23346   1105.000    -0.2495    -0.2500  29.205543  29.203329    34.8497    34.8474    293.069    286.717    -0.1691     4.6708     0.0846     0.0846     0.0155     0.0182      38076    26.4410     100.00     2.0471     1.8039         15 0.0000e+00
   1091.474   77.86824  177.23348   1106.000    -0.2522    -0.2523  29.203411  29.201660    34.8493    34.8472    292.986    288.597    -0.1329     4.6708     0.0849     0.0849     0.0155     0.0197      38105    26.4610     100.00     2.0463     1.8121         17 0.0000e+00
   1092.459   77.86824  177.23349   1107.000    -0.2585    -0.2584  29.198166  29.196430    34.8490    34.8465    293.004    293.285    -0.1325     4.6707     0.0836     0.0836     0.0156     0.0197      38133    26.4807     100.00     2.0459     1.8327         15 0.0000e+00
   1093.443   77.86824  177.23350   1108.000    -0.2627    -0.2630  29.194819  29.192761    34.8487    34.8463    293.027    290.440    -0.1554     4.6711     0.0835     0.0835     0.0153     0.0188      38162    26.5005     100.00     2.0456     1.8195         17 0.0000e+00
   1094.427   77.86824  177.23350   1109.000    -0.2636    -0.2631  29.194242  29.192994    34.8484    34.8462    293.133    286.471    -0.1437     4.6705     0.0836     0.0836     0.0157     0.0192      38190    26.5202     100.00     2.0460     1.8016         16 0.0000e+00
   1095.411   77.86824  177.23352   1110.000    -0.2649    -0.2648  29.193557  29.191987    34.8484    34.8462    293.085    286.194    -0.1672     4.6706     0.0843     0.0843     0.0156     0.0183      38218    26.5398     100.00     2.0454     1.8001         15 0.0000e+00
   1096.396   77.86824  177.23353   1111.000    -0.2648    -0.2648  29.193893  29.192368    34.8481    34.8461    293.060    291.306    -0.1336     4.6713     0.0848     0.0848     0.0151     0.0196      38247    26.5599     100.00     2.0450     1.8228         16 0.0000e+00
   1097.380   77.86824  177.23354   1112.000    -0.2647    -0.2646  29.194482  29.192761    34.8482    34.8459    293.107    292.710    -0.1277     4.6708     0.0835     0.0835     0.0156     0.0199      38275    26.5795     100.00     2.0452     1.8290         13 0.0000e+00
   1098.364   77.86824  177.23355   1113.000    -0.2630    -0.2623  29.196401  29.195326    34.8483    34.8461    293.202    290.159    -0.1342     4.6701     0.0839     0.0839     0.0161     0.0196      38304    26.5994     100.00     2.0455     1.8175         15 0.0000e+00
   1099.348   77.86826  177.23356   1114.000    -0.2477    -0.2467  29.211132  29.210431    34.8499    34.8479    293.185    290.665    -0.1467     4.6703     0.0832     0.0832     0.0159     0.0191      38333    26.6195     100.00     2.0460     1.8202         15 0.0000e+00
   1100.332   77.86826  177.23356   1115.000    -0.2338    -0.2333  29.224765  29.223551    34.8516    34.8495    293.233    289.987    -0.1565     4.6707     0.0847     0.0847     0.0156     0.0187      38362    26.6395     100.00     2.0466     1.8175         14 0.0000e+00
   1101.317   77.86826  177.23358   1116.000    -0.2272    -0.2267  29.231644  29.230493    34.8527    34.8506    293.269    291.305    -0.1630     4.6703     0.0844     0.0844     0.0159     0.0185      38391    26.6594     100.00     2.0469     1.8235         16 0.0000e+00
   1102.301   77.86826  177.23359   1117.000    -0.2187    -0.2184  29.240056  29.238776    34.8537    34.8517    293.167    288.660    -0.1486     4.6709     0.0831     0.0831     0.0154     0.0190      38419    26.6795     100.00     2.0466     1.8118         15 0.0000e+00
   1103.285   77.86826  177.23360   1118.000    -0.2156    -0.2151  29.243692  29.242344    34.8544    34.8521    292.995    287.933    -0.1589     4.6705     0.0841     0.0841     0.0158     0.0186      38448    26.6993     100.00     2.0457     1.8085         15 0.0000e+00
   1104.269   77.86826  177.23361   1119.000    -0.2108    -0.2106  29.248470  29.247091    34.8547    34.8527    292.816    289.606    -0.1570     4.6705     0.0854     0.0854     0.0157     0.0187      38476    26.7190     100.00     2.0447     1.8160         12 0.0000e+00
   1105.254   77.86826  177.23362   1120.000    -0.2077    -0.2065  29.251967  29.251387    34.8553    34.8531    292.630    289.513    -0.1475     4.6707     0.0830     0.0830     0.0156     0.0191      38505    26.7389     100.00     2.0437     1.8156         14 0.0000e+00
   1106.238   77.86826  177.23362   1121.000    -0.1974    -0.1972  29.261897  29.260469    34.8562    34.8541    292.318    287.299    -0.1360     4.6706     0.0843     0.0843     0.0157     0.0195      38534    26.7589     100.00     2.0424     1.8059         15 0.0000e+00
   1107.222   77.86826  177.23364   1122.000    -0.1963    -0.1959  29.263686  29.262346    34.8567    34.8545    292.140    289.669    -0.1673     4.6706     0.0840     0.0840     0.0157     0.0183      38562    26.7784     100.00     2.0412     1.8164         13 0.0000e+00
   1108.206   77.86826  177.23365   1123.000    -0.1943    -0.1941  29.266174  29.264725    34.8572    34.8550    292.028    288.972    -0.1511     4.6702     0.0830     0.0830     0.0160     0.0189      38591    26.7984     100.00     2.0405     1.8131         15 0.0000e+00
   1109.190   77.86826  177.23366   1124.000    -0.1926    -0.1925  29.268350  29.266816    34.8576    34.8554    292.023    289.288    -0.1281     4.6705     0.0834     0.0834     0.0158     0.0199      38619    26.8182     100.00     2.0404     1.8145         14 0.0000e+00
   1110.174   77.86826  177.23368   1125.000    -0.1920    -0.1918  29.269569  29.267934    34.8579    34.8556    291.966    292.073    -0.1326     4.6702     0.0850     0.0850     0.0160     0.0197      38648    26.8381     100.00     2.0399     1.8268         16 0.0000e+00
   1111.159   77.86826  177.23368   1126.000    -0.1912    -0.1912  29.270779  29.269194    34.8581    34.8560    291.925    292.705    -0.1365     4.6705     0.0838     0.0838     0.0158     0.0195      38677    26.8581     100.00     2.0395     1.8295         16 0.0000e+00
   1112.143   77.86826  177.23369   1127.000    -0.1916    -0.1915  29.271028  29.269440    34.8583    34.8561    291.833    281.480    -0.1366     4.6706     0.0839     0.0839     0.0157     0.0195      38705    26.8777     100.00     2.0388     1.7790         12 0.0000e+00
   1113.127   77.86826  177.23370   1128.000    -0.1924    -0.1924  29.270897  29.269281    34.8584    34.8563    291.771    289.641    -0.1632     4.6708     0.0850     0.0850     0.0155     0.0185      38734    26.8979     100.00     2.0383     1.8154         15 0.0000e+00
   1114.111   77.86826  177.23371   1129.000    -0.1954    -0.1954  29.268768  29.267109    34.8585    34.8562    291.819    290.166    -0.1470     4.6706     0.0836     0.0836     0.0157     0.0191      38763    26.9180     100.00     2.0382     1.8174         16 0.0000e+00
   1115.096   77.86826  177.23372   1130.000    -0.1981    -0.1980  29.266958  29.265323    34.8586    34.8563    291.792    287.694    -0.1527     4.6702     0.0830     0.0830     0.0160     0.0189      38792    26.9380     100.00     2.0377     1.8061         19 0.0000e+00
   1116.080   77.86826  177.23372   1131.000    -0.2002    -0.2000  29.265617  29.264067    34.8585    34.8564    291.851    281.437    -0.1367     4.6703     0.0837     0.0837     0.0159     0.0195      38820    26.9579     100.00     2.0377     1.7779         16 0.0000e+00
   1117.064   77.86826  177.23374   1132.000    -0.2030    -0.2030  29.263615  29.261898    34.8585    34.8562    291.716    289.131    -0.1329     4.6703     0.0842     0.0842     0.0159     0.0197      38849    26.9779     100.00     2.0367     1.8120         17 0.0000e+00
   1118.048   77.86826  177.23375   1133.000    -0.2079    -0.2078  29.259806  29.258269    34.8585    34.8564    291.680    290.272    -0.1350     4.6706     0.0851     0.0851     0.0157     0.0196      38878    26.9978     100.00     2.0361     1.8168         19 0.0000e+00
   1119.032   77.86826  177.23376   1134.000    -0.2117    -0.2117  29.257052  29.255456    34.8585    34.8564    291.777    294.889    -0.1350     4.6703     0.0855     0.0855     0.0159     0.0196      38906    27.0176     100.00     2.0362     1.8371         19 0.0000e+00
   1120.016   77.86826  177.23378   1135.000    -0.2125    -0.2125  29.256802  29.255120    34.8586    34.8563    291.758    295.515    -0.1581     4.6703     0.0855     0.0855     0.0159     0.0187      38935    27.0373     100.00     2.0358     1.8397         15 0.0000e+00
   1121.000   77.86826  177.23378   1136.000    -0.2131    -0.2131  29.256548  29.254918    34.8583    34.8562    291.720    287.613    -0.1349     4.6698     0.0855     0.0855     0.0163     0.0196      38963    27.0572     100.00     2.0354     1.8042         21 0.0000e+00
   1121.984   77.86826  177.23378   1137.000    -0.2152    -0.2151  29.255211  29.253650    34.8584    34.8562    291.771    284.866    -0.1439     4.6701     0.0855     0.0855     0.0161     0.0192      38992    27.0771     100.00     2.0354     1.7916         17 0.0000e+00
   1122.969   77.86828  177.23380   1138.000    -0.2169    -0.2169  29.254222  29.252602    34.8584    34.8562    291.825    287.169    -0.1802     4.6692     0.0844     0.0844     0.0169     0.0178      39021    27.0970     100.00     2.0354     1.8017         17 0.0000e+00
   1123.953   77.86828  177.23381   1139.000    -0.2201    -0.2201  29.251858  29.250069    34.8583    34.8560    291.880    273.864    -0.1477     4.6692     0.0831     0.0831     0.0169     0.0191      39049    27.1168     100.00     2.0353     1.7420         18 0.0000e+00
   1124.937   77.86828  177.23382   1140.000    -0.2258    -0.2258  29.247469  29.245803    34.8584    34.8561    291.775    282.890    -0.1753     4.6703     0.0843     0.0843     0.0160     0.0180      39078    27.1366     100.00     2.0343     1.7819         16 0.0000e+00
   1125.921   77.86828  177.23384   1141.000    -0.2275    -0.2276  29.246402  29.244770    34.8584    34.8563    291.752    285.840    -0.1498     4.6697     0.0855     0.0855     0.0164     0.0190      39107    27.1568     100.00     2.0339     1.7948         17 0.0000e+00
   1126.905   77.86828  177.23385   1142.000    -0.2283    -0.2283  29.246265  29.244544    34.8585    34.8562    291.708    286.303    -0.1575     4.6700     0.0851     0.0851     0.0162     0.0187      39135    27.1766     100.00     2.0334     1.7967         16 0.0000e+00
   1127.889   77.86828  177.23386   1143.000    -0.2296    -0.2295  29.245752  29.244113    34.8587    34.8564    291.760    287.519    -0.1728     4.6705     0.0833     0.0833     0.0157     0.0181      39164    27.1966     100.00     2.0334     1.8019         20 0.0000e+00
   1128.873   77.86828  177.23386   1144.000    -0.2285    -0.2284  29.247390  29.245801    34.8591    34.8568    291.740    293.283    -0.1565     4.6700     0.0845     0.0845     0.0162     0.0187      39193    27.2165     100.00     2.0332     1.8275         18 0.0000e+00
   1129.857   77.86828  177.23388   1145.000    -0.2280    -0.2278  29.248406  29.246869    34.8592    34.8571    291.674    299.881    -0.1518     4.6697     0.0852     0.0852     0.0165     0.0189      39221    27.2363     100.00     2.0327     1.8568         16 0.0000e+00
   1130.841   77.86828  177.23388   1146.000    -0.2270    -0.2270  29.250029  29.248367    34.8598    34.8575    291.597    296.873    -0.1718     4.6691     0.0842     0.0842     0.0170     0.0181      39250    27.2565     100.00     2.0321     1.8433         18 0.0000e+00
   1131.825   77.86828  177.23390   1147.000    -0.2271    -0.2271  29.250624  29.249038    34.8601    34.8579    291.629    292.829    -0.1370     4.6697     0.0842     0.0842     0.0165     0.0195      39285    27.2809     100.00     2.0321     1.8250         23 0.0000e+00
   1132.810   77.86828  177.23392   1148.000    -0.2275    -0.2275  29.250713  29.249108    34.8601    34.8579    291.466    289.446    -0.1333     4.6692     0.0840     0.0840     0.0169     0.0196      39324    27.3078     100.00     2.0310     1.8098         18 0.0000e+00
   1133.794   77.86828  177.23392   1149.000    -0.2279    -0.2278  29.250948  29.249351    34.8602    34.8580    291.376    289.381    -0.1396     4.6692     0.0842     0.0842     0.0169     0.0194      39364    27.3351     100.00     2.0303     1.8093         21 0.0000e+00
   1134.778   77.86828  177.23394   1150.000    -0.2281    -0.2280  29.251364  29.249784    34.8605    34.8583    291.348    288.843    -0.1550     4.6693     0.0845     0.0845     0.0168     0.0188      39403    27.3622     100.00     2.0300     1.8067         20 0.0000e+00
   1135.762   77.86828  177.23396   1151.000    -0.2268    -0.2267  29.253194  29.251880    34.8609    34.8589    291.098    288.615    -0.1343     4.6695     0.0838     0.0838     0.0166     0.0196      39442    27.3895     100.00     2.0285     1.8056         20 0.0000e+00
   1136.746   77.86828  177.23397   1152.000    -0.2252    -0.2251  29.255477  29.253837    34.8614    34.8592    290.929    287.819    -0.1511     4.6690     0.0855     0.0855     0.0170     0.0189      39481    27.4170     100.00     2.0274     1.8019         21 0.0000e+00
   1137.730   77.86828  177.23399   1153.000    -0.2260    -0.2258  29.255503  29.253822    34.8618    34.8595    290.889    287.925    -0.1310     4.6691     0.0858     0.0858     0.0170     0.0197      39519    27.4432     100.00     2.0270     1.8022         18 0.0000e+00
   1138.714   77.86828  177.23400   1154.000    -0.2270    -0.2270  29.255138  29.253484    34.8619    34.8597    290.889    287.820    -0.1315     4.6694     0.0858     0.0858     0.0168     0.0197      39552    27.4658     100.00     2.0268     1.8015         18 0.0000e+00
   1139.698   77.86828  177.23400   1155.000    -0.2280    -0.2279  29.254854  29.253223    34.8621    34.8599    290.865    287.981    -0.1523     4.6690     0.0842     0.0842     0.0170     0.0189      39582    27.4867     100.00     2.0264     1.8021         19 0.0000e+00
   1140.682   77.86828  177.23402   1156.000    -0.2283    -0.2283  29.254998  29.253378    34.8621    34.8599    290.777    288.263    -0.1798     4.6686     0.0849     0.0849     0.0174     0.0178      39612    27.5078     100.00     2.0257     1.8031         16 0.0000e+00
   1141.666   77.86830  177.23403   1157.000    -0.2297    -0.2297  29.254388  29.252787    34.8622    34.8601    290.728    288.042    -0.1459     4.6691     0.0847     0.0847     0.0170     0.0191      39642    27.5288     100.00     2.0252     1.8019         17 0.0000e+00
   1142.650   77.86830  177.23404   1158.000    -0.2317    -0.2317  29.253114  29.251467    34.8622    34.8601    290.751    287.709    -0.1502     4.6691     0.0851     0.0851     0.0170     0.0190      39673    27.5502     100.00     2.0250     1.8002         18 0.0000e+00
   1143.634   77.86830  177.23406   1159.000    -0.2353    -0.2352  29.250538  29.248989    34.8624    34.8602    290.738    288.506    -0.1604     4.6691     0.0844     0.0844     0.0170     0.0186      39703    27.5711     100.00     2.0246     1.8034         13 0.0000e+00
   1144.618   77.86830  177.23406   1160.000    -0.2368    -0.2367  29.249718  29.248167    34.8624    34.8602    290.707    288.401    -0.1369     4.6691     0.0850     0.0850     0.0170     0.0195      39734    27.5926     100.00     2.0241     1.8027         18 0.0000e+00
   1145.602   77.86830  177.23407   1161.000    -0.2370    -0.2368  29.250041  29.248356    34.8625    34.8601    290.672    288.278    -0.1366     4.6692     0.0830     0.0830     0.0169     0.0195      39765    27.6137     100.00     2.0237     1.8020         13 0.0000e+00
