Continuous CTD Data/01_SBE Stage/nabos_18_01.ros
* Sea-Bird SBE 9 Data File:
* FileName = D:\CTD\data\HLY2502\raw\NABOS_18_01.hex
* Software Version Seasave V 7.26.7.110
* Temperature SN = 6954
* Conductivity SN = 2561
* Number of Bytes Per Scan = 37
* Number of Voltage Words = 4
* Number of Scans Averaged by the Deck Unit = 1
* NMEA Latitude = 77 52.02 N
* NMEA Longitude = 177 13.45 E
* NMEA UTC (Time) = Sep 17 2025  18:13:44
* NMEA baud rate = 9600
** Ship: USCG HEALY
** Bot. Depth:  1532
** Cast Number:  01
** Station Name:  NABOS
** Station Number:  18
** Operator:  STARC
# nquan = 25
# nvalues = 980                                   
# units = specified
# name 0 = depSM: Depth [salt water, m]
# name 1 = latitude: Latitude [deg]
# name 2 = longitude: Longitude [deg]
# name 3 = prDM: Pressure, Digiquartz [db]
# name 4 = t090C: Temperature [ITS-90, deg C]
# name 5 = t190C: Temperature, 2 [ITS-90, deg C]
# name 6 = c0mS/cm: Conductivity [mS/cm]
# name 7 = c1mS/cm: Conductivity, 2 [mS/cm]
# name 8 = sal00: Salinity, Practical [PSU]
# name 9 = sal11: Salinity, Practical, 2 [PSU]
# name 10 = sbox0Mm/Kg: Oxygen, SBE 43 [umol/kg]
# name 11 = sbox1Mm/Kg: Oxygen, SBE 43, 2 [umol/kg]
# name 12 = flECO-AFL: Fluorescence, WET Labs ECO-AFL/FL [mg/m^3]
# name 13 = v2: Voltage 2
# name 14 = wetCDOM: Fluorescence, WET Labs CDOM [mg/m^3]
# name 15 = v6: Voltage 6
# name 16 = CStarAt0: Beam Attenuation, WET Labs C-Star [1/m]
# name 17 = v3: Voltage 3
# name 18 = scan: Scan Count
# name 19 = timeM: Time, Elapsed [minutes]
# name 20 = altM: Altimeter [m]
# name 21 = sbeox0V: Oxygen raw, SBE 43 [V]
# name 22 = sbeox1V: Oxygen raw, SBE 43, 2 [V]
# name 23 = nbf: Bottles Fired
# name 24 = flag:  0.000e+00
# interval = seconds: 0.0416667
# start_time = Sep 17 2025 18:13:44 [NMEA time, header]
# bad_flag = -9.990e-29
*END*
[from data line 290]
    249.980   77.86970  177.24614    252.789     0.8319     0.8318  29.689509  29.687879    34.7630    34.7610    296.322    291.314    -0.1671     4.6667     0.0818     0.0818     0.0191     0.0183      84577    58.7333     100.00     2.3062     2.0254          6  0.000e+00
    249.923   77.86970  177.24614    252.731     0.8321     0.8321  29.689447  29.688171    34.7626    34.7610    296.518    291.309    -0.1671     4.6679     0.0818     0.0818     0.0180     0.0183      84578    58.7340     100.00     2.3074     2.0254          6  0.000e+00
    249.980   77.86970  177.24614    252.789     0.8319     0.8318  29.689385  29.687762    34.7628    34.7608    296.522    291.078    -0.1976     4.6667     0.0818     0.0818     0.0191     0.0171      84579    58.7347     100.00     2.3074     2.0242          6  0.000e+00
    249.980   77.86970  177.24614    252.789     0.8320     0.8318  29.689136  29.687762    34.7624    34.7608    296.522    291.078    -0.1671     4.6667     0.0806     0.0806     0.0191     0.0183      84580    58.7354     100.00     2.3074     2.0242          6  0.000e+00
    199.888   77.86980  177.24682    202.109     0.3246     0.3252  29.147328  29.145780    34.6549    34.6523    300.281    293.810    -0.1061     4.6642     0.0842     0.0842     0.0212     0.0208      87884    61.0299     100.00     2.3144     2.0251          7  0.000e+00
    199.822   77.86980  177.24682    202.043     0.3246     0.3249  29.147081  29.145664    34.6546    34.6525    300.077    294.286    -0.1366     4.6630     0.0830     0.0830     0.0222     0.0195      87885    61.0306     100.00     2.3132     2.0275          7  0.000e+00
    199.921   77.86980  177.24682    202.142     0.3248     0.3249  29.146401  29.145664    34.6535    34.6524    300.284    294.528    -0.1366     4.6642     0.0842     0.0842     0.0212     0.0195      87886    61.0313     100.00     2.3144     2.0287          7  0.000e+00
    199.888   77.86980  177.24682    202.109     0.3243     0.3249  29.146030  29.145432    34.6536    34.6521    300.085    294.766    -0.1366     4.6642     0.0842     0.0842     0.0212     0.0195      87887    61.0319     100.00     2.3132     2.0300          7  0.000e+00
    199.822   77.86980  177.24682    202.043     0.3238     0.3250  29.145721  29.145548    34.6537    34.6521    300.086    294.524    -0.1366     4.6630     0.0842     0.0842     0.0222     0.0195      87888    61.0326     100.00     2.3132     2.0287          7  0.000e+00
    199.863   77.86980  177.24682    202.084     0.3232     0.3247  29.145227  29.145548    34.6537    34.6525    300.295    294.766    -0.1366     4.6642     0.0842     0.0842     0.0212     0.0195      87889    61.0333     100.00     2.3144     2.0300          7  0.000e+00
    199.888   77.86980  177.24682    202.109     0.3229     0.3246  29.144918  29.145606    34.6537    34.6527    300.097    295.006    -0.1366     4.6642     0.0842     0.0842     0.0212     0.0195      87890    61.0340     100.00     2.3132     2.0312          7  0.000e+00
    199.822   77.86980  177.24682    202.043     0.3224     0.3246  29.145041  29.145838    34.6544    34.6530    300.298    295.241    -0.1366     4.6642     0.0842     0.0842     0.0212     0.0195      87891    61.0347     100.00     2.3144     2.0324          7  0.000e+00
    199.888   77.86980  177.24682    202.109     0.3223     0.3244  29.144918  29.146129    34.6544    34.6536    300.101    295.482    -0.1366     4.6642     0.0842     0.0842     0.0212     0.0195      87892    61.0354     100.00     2.3132     2.0336          7  0.000e+00
    199.863   77.86980  177.24682    202.084     0.3221     0.3244  29.145227  29.146710    34.6550    34.6543    300.100    295.718    -0.1061     4.6630     0.0842     0.0842     0.0222     0.0208      87893    61.0361     100.00     2.3132     2.0349          7  0.000e+00
    199.888   77.86980  177.24682    202.109     0.3220     0.3250  29.144733  29.147175    34.6545    34.6542    300.103    295.952    -0.1366     4.6630     0.0842     0.0842     0.0222     0.0195      87894    61.0368     100.00     2.3132     2.0361          7  0.000e+00
    199.822   77.86980  177.24682    202.043     0.3218     0.3258  29.144980  29.147466    34.6550    34.6538    300.101    296.183    -0.1366     4.6642     0.0842     0.0842     0.0212     0.0195      87895    61.0375     100.00     2.3132     2.0373          7  0.000e+00
    199.863   77.86980  177.24682    202.084     0.3218     0.3269  29.144918  29.148396    34.6549    34.6537    300.304    296.175    -0.1366     4.6642     0.0842     0.0842     0.0212     0.0195      87896    61.0382     100.00     2.3144     2.0373          7  0.000e+00
    199.888   77.86980  177.24682    202.109     0.3220     0.3282  29.144856  29.148222    34.6546    34.6520    300.304    295.930    -0.1671     4.6642     0.0842     0.0842     0.0212     0.0183      87897    61.0389     100.00     2.3144     2.0361          7  0.000e+00
    199.888   77.86980  177.24682    202.109     0.3220     0.3288  29.144671  29.148047    34.6544    34.6512    300.305    294.973    -0.1671     4.6642     0.0830     0.0830     0.0212     0.0183      87898    61.0396     100.00     2.3144     2.0312          7  0.000e+00
    199.888   77.86980  177.24682    202.109     0.3218     0.3282  29.144547  29.148280    34.6544    34.6521    300.306    294.022    -0.1671     4.6642     0.0830     0.0830     0.0212     0.0183      87899    61.0403     100.00     2.3144     2.0263          7  0.000e+00
    199.863   77.86980  177.24682    202.084     0.3221     0.3278  29.144547  29.148570    34.6541    34.6529    300.102    293.546    -0.1366     4.6642     0.0842     0.0842     0.0212     0.0195      87900    61.0410     100.00     2.3132     2.0238          7  0.000e+00
    199.888   77.86980  177.24682    202.109     0.3216     0.3287  29.144547  29.149035    34.6546    34.6526    300.106    292.825    -0.1671     4.6642     0.0842     0.0842     0.0212     0.0183      87901    61.0417     100.00     2.3132     2.0202          7  0.000e+00
    199.822   77.86980  177.24682    202.043     0.3216     0.3298  29.144362  29.149616    34.6544    34.6521    300.104    292.098    -0.1671     4.6642     0.0842     0.0842     0.0212     0.0183      87902    61.0424     100.00     2.3132     2.0165          7  0.000e+00
    199.863   77.86980  177.24682    202.084     0.3216     0.3313  29.144485  29.150081    34.6545    34.6510    300.306    291.613    -0.1671     4.6642     0.0830     0.0830     0.0212     0.0183      87903    61.0431     100.00     2.3144     2.0141          7  0.000e+00
    199.888   77.86980  177.24682    202.109     0.3218     0.3311  29.144362  29.149849    34.6542    34.6510    300.105    292.093    -0.1671     4.6642     0.0842     0.0842     0.0212     0.0183      87904    61.0438     100.00     2.3132     2.0165          7  0.000e+00
    199.888   77.86980  177.24682    202.109     0.3220     0.3296  29.144485  29.149326    34.6542    34.6519    300.104    292.580    -0.1976     4.6642     0.0842     0.0842     0.0212     0.0171      87905    61.0444     100.00     2.3132     2.0190          7  0.000e+00
    199.863   77.86980  177.24682    202.084     0.3220     0.3283  29.144732  29.148803    34.6545    34.6527    300.102    292.588    -0.1671     4.6642     0.0830     0.0830     0.0212     0.0183      87906    61.0451     100.00     2.3132     2.0190          7  0.000e+00
    199.822   77.86980  177.24682    202.043     0.3221     0.3273  29.144671  29.148047    34.6543    34.6528    299.898    292.356    -0.1671     4.6642     0.0842     0.0842     0.0212     0.0183      87907    61.0458     100.00     2.3119     2.0177          7  0.000e+00
    199.945   77.86980  177.24682    202.167     0.3224     0.3266  29.145165  29.147757    34.6545    34.6532    299.900    292.605    -0.1671     4.6642     0.0842     0.0842     0.0212     0.0183      87908    61.0465     100.00     2.3119     2.0190          7  0.000e+00
    199.822   77.86980  177.24682    202.043     0.3226     0.3264  29.144979  29.147408    34.6541    34.6531    300.096    292.840    -0.1976     4.6642     0.0842     0.0842     0.0212     0.0171      87909    61.0472     100.00     2.3132     2.0202          7  0.000e+00
    199.863   77.86980  177.24682    202.084     0.3229     0.3258  29.145907  29.147292    34.6550    34.6535    300.093    293.084    -0.1671     4.6642     0.0842     0.0842     0.0212     0.0183      87910    61.0479     100.00     2.3132     2.0214          7  0.000e+00
    199.888   77.86980  177.24682    202.109     0.3245     0.3256  29.147637  29.147117    34.6555    34.6535    300.079    293.325    -0.1976     4.6642     0.0842     0.0842     0.0212     0.0171      87911    61.0486     100.00     2.3132     2.0226          7  0.000e+00
    199.888   77.86980  177.24682    202.109     0.3261     0.3252  29.149306  29.147408    34.6558    34.6543    300.265    293.088    -0.1671     4.6642     0.0842     0.0842     0.0212     0.0183      87912    61.0493     100.00     2.3144     2.0214          7  0.000e+00
    199.863   77.86980  177.24682    202.084     0.3277     0.3250  29.149738  29.148106    34.6546    34.6555    300.052    292.848    -0.1671     4.6642     0.0830     0.0830     0.0212     0.0183      87913    61.0500     100.00     2.3132     2.0202          7  0.000e+00
    199.822   77.86980  177.24682    202.043     0.3283     0.3250  29.150170  29.148570    34.6545    34.6561    300.246    293.083    -0.1671     4.6642     0.0830     0.0830     0.0212     0.0183      87914    61.0507     100.00     2.3144     2.0214          7  0.000e+00
    199.888   77.86980  177.24682    202.109     0.3290     0.3249  29.150294  29.148454    34.6539    34.6561    300.043    293.326    -0.1976     4.6642     0.0842     0.0842     0.0212     0.0171      87915    61.0514     100.00     2.3132     2.0226          7  0.000e+00
    199.888   77.86980  177.24682    202.109     0.3285     0.3258  29.149923  29.149617    34.6539    34.6566    300.047    293.555    -0.1671     4.6642     0.0842     0.0842     0.0212     0.0183      87916    61.0521     100.00     2.3132     2.0238          7  0.000e+00
    199.863   77.86980  177.24682    202.084     0.3276     0.3274  29.149738  29.150198    34.6548    34.6555    300.052    293.781    -0.1671     4.6642     0.0830     0.0830     0.0212     0.0183      87917    61.0528     100.00     2.3132     2.0251          7  0.000e+00
    199.888   77.86980  177.24682    202.109     0.3271     0.3288  29.149367  29.150663    34.6548    34.6545    300.058    294.011    -0.1671     4.6642     0.0830     0.0830     0.0212     0.0183      87918    61.0535     100.00     2.3132     2.0263          7  0.000e+00
    199.888   77.86980  177.24682    202.109     0.3269     0.3303  29.149429  29.150605    34.6551    34.6528    300.260    294.241    -0.1671     4.6642     0.0818     0.0818     0.0212     0.0183      87919    61.0542     100.00     2.3144     2.0275          7  0.000e+00
    199.863   77.86980  177.24682    202.084     0.3269     0.3308  29.149305  29.149965    34.6549    34.6514    299.856    294.954    -0.1976     4.6642     0.0818     0.0818     0.0212     0.0171      87920    61.0549     100.00     2.3119     2.0312          7  0.000e+00
    199.888   77.86980  177.24682    202.109     0.3268     0.3308  29.148996  29.149965    34.6546    34.6515    300.060    295.432    -0.1671     4.6642     0.0818     0.0818     0.0212     0.0183      87921    61.0556     100.00     2.3132     2.0336          7  0.000e+00
    199.822   77.86980  177.24682    202.043     0.3266     0.3310  29.149120  29.150198    34.6550    34.6515    300.058    295.666    -0.1671     4.6642     0.0806     0.0806     0.0212     0.0183      87922    61.0562     100.00     2.3132     2.0348          7  0.000e+00
    199.888   77.86980  177.24682    202.109     0.3268     0.3308  29.149244  29.150198    34.6550    34.6518    300.060    295.908    -0.1671     4.6642     0.0818     0.0818     0.0212     0.0183      87923    61.0569     100.00     2.3132     2.0361          7  0.000e+00
    199.863   77.86980  177.24682    202.084     0.3269     0.3301  29.149244  29.150023    34.6548    34.6523    300.058    295.912    -0.1671     4.6642     0.0806     0.0806     0.0212     0.0183      87924    61.0576     100.00     2.3132     2.0361          7  0.000e+00
    199.888   77.86980  177.24682    202.109     0.3266     0.3292  29.148873  29.150024    34.6547    34.6533    300.062    295.680    -0.1976     4.6642     0.0818     0.0818     0.0212     0.0171      87925    61.0583     100.00     2.3132     2.0348          7  0.000e+00
    199.888   77.86980  177.24682    202.109     0.3268     0.3285  29.148873  29.149384    34.6545    34.6532    300.061    295.686    -0.1671     4.6642     0.0818     0.0818     0.0212     0.0183      87926    61.0590     100.00     2.3132     2.0348          7  0.000e+00
    199.797   77.86980  177.24682    202.018     0.3270     0.3280  29.148934  29.149384    34.6544    34.6539    300.056    295.924    -0.1976     4.6642     0.0818     0.0818     0.0212     0.0171      87927    61.0597     100.00     2.3132     2.0361          7  0.000e+00
    199.945   77.86980  177.24682    202.167     0.3274     0.3276  29.149367  29.148803    34.6544    34.6534    300.259    295.934    -0.1671     4.6642     0.0818     0.0818     0.0212     0.0183      87928    61.0604     100.00     2.3144     2.0361          7  0.000e+00
    199.822   77.86980  177.24682    202.043     0.3276     0.3278  29.149491  29.148803    34.6545    34.6532    300.051    295.689    -0.1671     4.6642     0.0806     0.0806     0.0212     0.0183      87929    61.0611     100.00     2.3132     2.0348          7  0.000e+00
    199.863   77.86980  177.24682    202.084     0.3277     0.3287  29.149491  29.148919    34.6543    34.6525    300.253    294.970    -0.1671     4.6642     0.0818     0.0818     0.0212     0.0183      87930    61.0618     100.00     2.3144     2.0312          7  0.000e+00
    199.888   77.86980  177.24682    202.109     0.3280     0.3288  29.149305  29.148745    34.6537    34.6521    300.253    294.255    -0.1671     4.6642     0.0818     0.0818     0.0212     0.0183      87931    61.0625     100.00     2.3144     2.0275          7  0.000e+00
    199.888   77.86980  177.24682    202.109     0.3274     0.3285  29.148811  29.148861    34.6537    34.6525    300.057    294.018    -0.1976     4.6642     0.0818     0.0818     0.0212     0.0171      87932    61.0632     100.00     2.3132     2.0263          7  0.000e+00
    150.425   77.86988  177.24756    152.078    -0.5357    -0.5770  28.242745  28.201530    34.4551    34.4466    304.889    301.083    -0.1366     4.6642     0.0867     0.0867     0.0212     0.0195      91253    63.3694     100.00     2.3054     2.0296          8  0.000e+00
    150.482   77.86988  177.24756    152.136    -0.5341    -0.5768  28.242501  28.201932    34.4530    34.4469    304.883    299.621    -0.1061     4.6642     0.0867     0.0867     0.0212     0.0208      91254    63.3701     100.00     2.3054     2.0223          8  0.000e+00
    150.499   77.86988  177.24756    152.153    -0.5326    -0.5776  28.242073  28.202391    34.4507    34.4484    305.081    298.651    -0.1366     4.6642     0.0879     0.0879     0.0212     0.0195      91255    63.3708     100.00     2.3066     2.0174          8  0.000e+00
    150.482   77.86988  177.24756    152.136    -0.5326    -0.5789  28.241951  28.202564    34.4505    34.4500    304.875    298.171    -0.1366     4.6642     0.0879     0.0879     0.0212     0.0195      91256    63.3715     100.00     2.3054     2.0149          8  0.000e+00
