Continuous CTD Data/01_SBE Stage/nabos_07_01avg.cnv
* Sea-Bird SBE 9 Data File:
* FileName = D:\CTD\data\HLY2502\raw\NABOS_07_01.hex
* Software Version Seasave V 7.26.7.110
* Temperature SN = 6954
* Conductivity SN = 2561
* Number of Bytes Per Scan = 37
* Number of Voltage Words = 4
* Number of Scans Averaged by the Deck Unit = 1
* NMEA Latitude = 75 42.14 N
* NMEA Longitude = 175 33.10 E
* NMEA UTC (Time) = Sep 12 2025  03:58:17
* NMEA baud rate = 9600
** Ship: USCG HEALY
** Bot. Depth:  259
** Cast Number:  01
** Station Name:  NABOS
** Station Number:  07
** Operator:  STARC
** Ra cast, target depth 250 m
# nquan = 25
# nvalues = 249                         
# units = specified
# name 0 = depSM: Depth [salt water, m]
# name 1 = latitude: Latitude [deg]
# name 2 = longitude: Longitude [deg]
# name 3 = prDM: Pressure, Digiquartz [db]
# name 4 = t090C: Temperature [ITS-90, deg C]
# name 5 = t190C: Temperature, 2 [ITS-90, deg C]
# name 6 = c0mS/cm: Conductivity [mS/cm]
# name 7 = c1mS/cm: Conductivity, 2 [mS/cm]
# name 8 = sal00: Salinity, Practical [PSU]
# name 9 = sal11: Salinity, Practical, 2 [PSU]
# name 10 = sbox0Mm/Kg: Oxygen, SBE 43 [umol/kg]
# name 11 = sbox1Mm/Kg: Oxygen, SBE 43, 2 [umol/kg]
# name 12 = flECO-AFL: Fluorescence, WET Labs ECO-AFL/FL [mg/m^3]
# name 13 = v2: Voltage 2
# name 14 = wetCDOM: Fluorescence, WET Labs CDOM [mg/m^3]
# name 15 = v6: Voltage 6
# name 16 = CStarAt0: Beam Attenuation, WET Labs C-Star [1/m]
# name 17 = v3: Voltage 3
# name 18 = scan: Scan Count
# name 19 = timeM: Time, Elapsed [minutes]
# name 20 = altM: Altimeter [m]
# name 21 = sbeox0V: Oxygen raw, SBE 43 [V]
# name 22 = sbeox1V: Oxygen raw, SBE 43, 2 [V]
# name 23 = nbin: number of scans per bin
# name 24 = flag: flag
# span 0 =      2.969,    248.234       
# span 1 =   75.70198,   75.70241       
# span 2 =  175.55359,  175.56143       
# span 3 =      3.000,    251.000       
# span 4 =    -1.6401,     0.7460       
# span 5 =    -1.6394,     0.7462       
# span 6 =  22.405303,  29.597737       
# span 7 =  22.404383,  29.596213       
# span 8 =    27.5969,    34.7411       
# span 9 =    27.5952,    34.7389       
# span 10 =    275.231,    377.495      
# span 11 =    268.554,    367.832      
# span 12 =    -0.1689,     0.3635      
# span 13 =     4.1383,     4.6653      
# span 14 =     0.0886,     0.1239      
# span 15 =     0.0886,     0.1239      
# span 16 =     0.0202,     0.5001      
# span 17 =     0.0182,     0.0396      
# span 18 =       2287,      16157      
# span 19 =     1.5876,    11.2191      
# span 20 =      10.28,     100.00      
# span 21 =     2.1740,     2.6415      
# span 22 =     1.9051,     2.2852      
# span 23 =         13,         31      
# span 24 = 0.0000e+00, 0.0000e+00      
# interval = decibars: 1                
# start_time = Sep 12 2025 03:58:17 [NMEA time, header]
# bad_flag = -9.990e-29
*END*
[from data line 232]
    232.419   75.70236  175.56088    235.000     0.7022     0.7023  29.543327  29.541886    34.7289    34.7269    276.976    270.354    -0.1186     4.5300     0.0960     0.0960     0.1381     0.0203      14394     9.9954      25.86     2.1850     1.9147         15 0.0000e+00
    233.408   75.70236  175.56089    236.000     0.7113     0.7114  29.553009  29.551550    34.7308    34.7287    276.968    270.144    -0.1213     4.5264     0.0961     0.0961     0.1412     0.0202      14425    10.0164      24.85     2.1852     1.9138         16 0.0000e+00
    234.396   75.70236  175.56091    237.000     0.7105     0.7095  29.552722  29.549933    34.7306    34.7281    276.601    270.001    -0.1195     4.5079     0.0947     0.0947     0.1577     0.0202      14504    10.0712      23.64     2.1827     1.9128         16 0.0000e+00
    235.385   75.70236  175.56093    238.000     0.7231     0.7233  29.566504  29.565095    34.7339    34.7318    276.304    269.199    -0.1390     4.4889     0.0948     0.0948     0.1746     0.0194      14570    10.1171      22.73     2.1814     1.9091         13 0.0000e+00
    236.373   75.70236  175.56095    239.000     0.7293     0.7294  29.573270  29.571751    34.7352    34.7330    276.450    269.460    -0.1536     4.4668     0.0943     0.0943     0.1943     0.0188      14598    10.1371      21.81     2.1823     1.9105         16 0.0000e+00
    237.361   75.70236  175.56097    240.000     0.7310     0.7311  29.575409  29.573937    34.7354    34.7333    276.252    269.401    -0.1448     4.4451     0.0958     0.0958     0.2138     0.0192      14628    10.1574      20.74     2.1810     1.9101         15 0.0000e+00
    238.350   75.70236  175.56099    241.000     0.7306     0.7304  29.575624  29.573896    34.7355    34.7335    275.973    269.058    -0.1272     4.4193     0.0948     0.0948     0.2371     0.0199      14723    10.2235      19.55     2.1790     1.9081         18 0.0000e+00
    239.338   75.70236  175.56102    242.000     0.7352     0.7354  29.581003  29.579526    34.7368    34.7346    275.885    269.276    -0.1301     4.4031     0.0962     0.0962     0.2517     0.0198      14780    10.2629      18.64     2.1785     1.9093         14 0.0000e+00
    240.327   75.70236  175.56102    243.000     0.7397     0.7398  29.586096  29.584624    34.7377    34.7357    275.776    268.838    -0.1179     4.3778     0.0965     0.0965     0.2748     0.0203      14805    10.2809      17.69     2.1778     1.9070         15 0.0000e+00
    241.315   75.70236  175.56105    244.000     0.7413     0.7415  29.588603  29.587168    34.7386    34.7366    275.533    268.892    -0.1290     4.3604     0.0965     0.0965     0.2908     0.0198      14836    10.3018      16.64     2.1762     1.9072         16 0.0000e+00
    242.304   75.70236  175.56107    245.000     0.7399     0.7406  29.587695  29.586750    34.7384    34.7364    275.379    268.917    -0.1201     4.3257     0.0969     0.0969     0.3228     0.0202      14940    10.3744      15.51     2.1750     1.9071         19 0.0000e+00
    243.292   75.70236  175.56109    246.000     0.7447     0.7449  29.593897  29.592445    34.7405    34.7384    275.231    268.734    -0.1259     4.2948     0.0965     0.0965     0.3516     0.0200      14985    10.4052      14.64     2.1741     1.9062         14 0.0000e+00
    244.280   75.70236  175.56110    247.000     0.7450     0.7453  29.594629  29.593501    34.7406    34.7387    275.241    268.554    -0.1094     4.2600     0.0979     0.0979     0.3841     0.0207      15011    10.4235      13.64     2.1740     1.9051         15 0.0000e+00
    245.269   75.70236  175.56112    248.000     0.7457     0.7458  29.595752  29.594229    34.7407    34.7385    275.353    268.900    -0.1096     4.2392     0.0991     0.0991     0.4037     0.0207      15045    10.4471      12.56     2.1745     1.9067         17 0.0000e+00
    246.257   75.70236  175.56114    249.000     0.7454     0.7452  29.596044  29.594095    34.7407    34.7385    275.645    269.011    -0.1099     4.1546     0.0982     0.0982     0.4844     0.0206      15150    10.5201      11.48     2.1760     1.9070         16 0.0000e+00
    247.246   75.70236  175.56116    250.000     0.7456     0.7457  29.596830  29.595333    34.7409    34.7388    275.796    268.995    -0.1288     4.1395     0.0988     0.0988     0.4990     0.0198      15190    10.5479      10.55     2.1767     1.9068         14 0.0000e+00
    248.234   75.70241  175.56143    251.000     0.7460     0.7462  29.597737  29.596213    34.7411    34.7389    275.885    269.125    -0.1236     4.1383     0.0985     0.0985     0.5001     0.0201      16157    11.2191      10.28     2.1771     1.9073         19 0.0000e+00
