Continuous CTD Data/01_SBE Stage/nabos_01_01.ros
* Sea-Bird SBE 9 Data File:
* FileName = D:\CTD\data\HLY2502\raw\NABOS_01_01.hex
* Software Version Seasave V 7.26.7.110
* Temperature SN = 6954
* Conductivity SN = 2561
* Number of Bytes Per Scan = 37
* Number of Voltage Words = 4
* Number of Scans Averaged by the Deck Unit = 1
* NMEA Latitude = 73 46.25 N
* NMEA Longitude = 167 42.69 E
* NMEA UTC (Time) = Sep 13 2025  14:06:01
* NMEA baud rate = 9600
** Ship: USCG HEALY
** Bot. Depth:  45
** Cast Number:  01
** Station Name:  NABOS
** Station Number:  01
** Operator:  STARC
# nquan = 25
# nvalues = 1176                                  
# units = specified
# name 0 = depSM: Depth [salt water, m]
# name 1 = latitude: Latitude [deg]
# name 2 = longitude: Longitude [deg]
# name 3 = prDM: Pressure, Digiquartz [db]
# name 4 = t090C: Temperature [ITS-90, deg C]
# name 5 = t190C: Temperature, 2 [ITS-90, deg C]
# name 6 = c0mS/cm: Conductivity [mS/cm]
# name 7 = c1mS/cm: Conductivity, 2 [mS/cm]
# name 8 = sal00: Salinity, Practical [PSU]
# name 9 = sal11: Salinity, Practical, 2 [PSU]
# name 10 = sbox0Mm/Kg: Oxygen, SBE 43 [umol/kg]
# name 11 = sbox1Mm/Kg: Oxygen, SBE 43, 2 [umol/kg]
# name 12 = flECO-AFL: Fluorescence, WET Labs ECO-AFL/FL [mg/m^3]
# name 13 = v2: Voltage 2
# name 14 = wetCDOM: Fluorescence, WET Labs CDOM [mg/m^3]
# name 15 = v6: Voltage 6
# name 16 = CStarAt0: Beam Attenuation, WET Labs C-Star [1/m]
# name 17 = v3: Voltage 3
# name 18 = scan: Scan Count
# name 19 = timeM: Time, Elapsed [minutes]
# name 20 = altM: Altimeter [m]
# name 21 = sbeox0V: Oxygen raw, SBE 43 [V]
# name 22 = sbeox1V: Oxygen raw, SBE 43, 2 [V]
# name 23 = nbf: Bottles Fired
# name 24 = flag:  0.000e+00
# interval = seconds: 0.0416667
# start_time = Sep 13 2025 14:06:01 [NMEA time, header]
# bad_flag = -9.990e-29
*END*
[from data line 986]
      9.967   73.77068  167.71454     10.072    -0.7803    -0.7567  22.614377  22.537539    27.2814    27.1587    371.680    362.039     0.1381     4.5702     0.1038     0.1038     0.1027     0.0305      19372    13.4521      34.65     2.6057     2.2577         21  0.000e+00
     10.025   73.77068  167.71454     10.130    -0.7824    -0.7586  22.618778  22.541091    27.2891    27.1651    371.900    362.299     0.1381     4.5690     0.1038     0.1038     0.1037     0.0305      19373    13.4528      34.68     2.6070     2.2589         21  0.000e+00
      9.967   73.77068  167.71454     10.072    -0.7838    -0.7602  22.621599  22.541780    27.2941    27.1675    371.898    362.307     0.1381     4.5690     0.1038     0.1038     0.1037     0.0305      19374    13.4535      34.68     2.6070     2.2589         21  0.000e+00
     10.025   73.77068  167.71454     10.130    -0.7857    -0.7606  22.623293  22.542257    27.2980    27.1684    371.696    362.819     0.1381     4.5690     0.1038     0.1038     0.1037     0.0305      19375    13.4542      34.70     2.6057     2.2614         21  0.000e+00
      9.967   73.77068  167.71454     10.072    -0.7868    -0.7601  22.621374  22.545544    27.2965    27.1723    371.924    362.800     0.1381     4.5690     0.1038     0.1038     0.1037     0.0305      19376    13.4549      34.68     2.6070     2.2614         21  0.000e+00
     10.025   73.77068  167.71454     10.130    -0.7857    -0.7611  22.617199  22.550951    27.2900    27.1803    371.719    362.791     0.1381     4.5690     0.1038     0.1038     0.1037     0.0305      19377    13.4556      34.68     2.6057     2.2614         21  0.000e+00
      9.967   73.77068  167.71454     10.072    -0.7848    -0.7627  22.614039  22.555564    27.2850    27.1879    371.935    362.785     0.1381     4.5690     0.1038     0.1038     0.1037     0.0305      19378    13.4563      34.68     2.6070     2.2614         21  0.000e+00
     10.025   73.77068  167.71454     10.130    -0.7829    -0.7628  22.610541  22.557526    27.2786    27.1906    371.720    362.781     0.1381     4.5690     0.1038     0.1038     0.1037     0.0305      19379    13.4569      34.63     2.6057     2.2614         21  0.000e+00
      9.967   73.77068  167.71454     10.072    -0.7817    -0.7638  22.610371  22.559647    27.2773    27.1943    372.137    362.524     0.1381     4.5702     0.1038     0.1038     0.1027     0.0305      19380    13.4576      34.63     2.6082     2.2602         21  0.000e+00
     10.025   73.77068  167.71454     10.130    -0.7823    -0.7666  22.614546  22.565586    27.2834    27.2046    371.914    362.529     0.1381     4.5690     0.1038     0.1038     0.1037     0.0305      19381    13.4583      34.63     2.6070     2.2602         21  0.000e+00
      9.967   73.77068  167.71454     10.072    -0.7843    -0.7684  22.616352  22.571472    27.2876    27.2140    371.922    362.518     0.1381     4.5702     0.1038     0.1038     0.1027     0.0305      19382    13.4590      34.63     2.6070     2.2602         21  0.000e+00
     10.025   73.77068  167.71454     10.130    -0.7849    -0.7709  22.614659  22.576617    27.2859    27.2231    371.937    362.269     0.1381     4.5690     0.1038     0.1038     0.1037     0.0305      19383    13.4597      34.63     2.6070     2.2589         21  0.000e+00
     10.033   73.77068  167.71454     10.138    -0.7840    -0.7728  22.613418  22.579269    27.2834    27.2283    371.719    362.276     0.1381     4.5665     0.1038     0.1038     0.1059     0.0305      19384    13.4604      34.63     2.6057     2.2589         21  0.000e+00
     10.025   73.77068  167.71454     10.130    -0.7840    -0.7731  22.612403  22.581020    27.2821    27.2308    371.938    362.271     0.1381     4.5617     0.1038     0.1038     0.1102     0.0305      19385    13.4611      34.63     2.6070     2.2589         21  0.000e+00
      9.967   73.77068  167.71454     10.072    -0.7841    -0.7741  22.611500  22.582929    27.2811    27.2343    371.939    362.269     0.1381     4.5604     0.1038     0.1038     0.1112     0.0305      19386    13.4618      34.63     2.6070     2.2589         21  0.000e+00
     10.025   73.77068  167.71454     10.130    -0.7838    -0.7747  22.614039  22.584362    27.2841    27.2367    371.930    362.272     0.1381     4.5604     0.1038     0.1038     0.1112     0.0305      19387    13.4625      34.63     2.6070     2.2589         21  0.000e+00
     10.025   73.77068  167.71454     10.130    -0.7835    -0.7737  22.617311  22.583831    27.2882    27.2351    371.915    362.265     0.1381     4.5604     0.1038     0.1038     0.1112     0.0305      19388    13.4632      34.63     2.6070     2.2589         21  0.000e+00
     10.033   73.77068  167.71454     10.138    -0.7843    -0.7728  22.618271  22.583937    27.2901    27.2344    372.133    362.258     0.1381     4.5604     0.1038     0.1038     0.1112     0.0305      19389    13.4639      34.58     2.6082     2.2589         21  0.000e+00
      9.959   73.77068  167.71454     10.063    -0.7820    -0.7734  22.614603  22.583990    27.2832    27.2351    371.909    362.513     0.1381     4.5617     0.1038     0.1038     0.1102     0.0305      19390    13.4646      34.68     2.6070     2.2602         21  0.000e+00
     10.033   73.77068  167.71454     10.138    -0.7784    -0.7734  22.608284  22.581444    27.2716    27.2317    371.691    362.272     0.1381     4.5617     0.1038     0.1038     0.1102     0.0305      19391    13.4653      34.75     2.6057     2.2589         21  0.000e+00
     10.025   73.77068  167.71454     10.130    -0.7761    -0.7740  22.604673  22.581444    27.2647    27.2322    371.899    362.276     0.1381     4.5617     0.1038     0.1038     0.1102     0.0305      19392    13.4660      34.77     2.6070     2.2589         21  0.000e+00
      9.967   73.77068  167.71454     10.072    -0.7763    -0.7728  22.606083  22.580224    27.2668    27.2296    371.678    362.523     0.1381     4.5604     0.1038     0.1038     0.1112     0.0305      19393    13.4667      34.77     2.6057     2.2602         21  0.000e+00
     10.025   73.77068  167.71454     10.130    -0.7778    -0.7734  22.611330  22.580383    27.2751    27.2302    371.888    362.275     0.1381     4.5604     0.1038     0.1038     0.1112     0.0305      19394    13.4674      34.77     2.6070     2.2589         21  0.000e+00
     10.033   73.77068  167.71454     10.138    -0.7778    -0.7744  22.612176  22.582452    27.2762    27.2339    371.886    362.277     0.1381     4.5617     0.1038     0.1038     0.1102     0.0305      19395    13.4681      34.77     2.6070     2.2589         21  0.000e+00
     10.025   73.77068  167.71454     10.130    -0.7789    -0.7740  22.611330  22.582770    27.2761    27.2339    371.683    362.271     0.1381     4.5604     0.1026     0.1026     0.1112     0.0305      19396    13.4688      34.77     2.6057     2.2589         21  0.000e+00
      9.967   73.77068  167.71454     10.072    -0.7809    -0.7725  22.612572  22.579216    27.2795    27.2280    371.692    362.016     0.1381     4.5604     0.1013     0.1013     0.1112     0.0305      19397    13.4694      34.73     2.6057     2.2577         21  0.000e+00
     10.025   73.77068  167.71454     10.130    -0.7822    -0.7696  22.616183  22.575185    27.2854    27.2199    371.692    362.263     0.1381     4.5604     0.1013     0.1013     0.1112     0.0305      19398    13.4701      34.70     2.6057     2.2589         21  0.000e+00
     10.033   73.77068  167.71454     10.138    -0.7836    -0.7722  22.621712  22.578686    27.2941    27.2270    371.899    362.273     0.1381     4.5604     0.1013     0.1013     0.1112     0.0305      19399    13.4708      34.73     2.6070     2.2589         21  0.000e+00
     10.025   73.77068  167.71454     10.130    -0.7850    -0.7756  22.627468  22.584149    27.3029    27.2372    371.674    362.026     0.1076     4.5604     0.1013     0.1013     0.1112     0.0293      19400    13.4715      34.73     2.6057     2.2577         21  0.000e+00
      9.967   73.77068  167.71454     10.072    -0.7866    -0.7759  22.631927  22.585369    27.3103    27.2391    371.882    361.766     0.1381     4.5604     0.1013     0.1013     0.1112     0.0305      19401    13.4722      34.73     2.6070     2.2565         21  0.000e+00
     10.025   73.77068  167.71454     10.130    -0.7885    -0.7759  22.635031  22.582134    27.3160    27.2349    371.674    361.528     0.1076     4.5604     0.1013     0.1013     0.1112     0.0293      19402    13.4729      34.73     2.6057     2.2553         21  0.000e+00
      9.967   73.77068  167.71454     10.072    -0.7900    -0.7750  22.636611  22.581762    27.3195    27.2335    371.893    361.518     0.1381     4.5604     0.1026     0.1026     0.1112     0.0305      19403    13.4736      34.75     2.6070     2.2553         21  0.000e+00
     10.025   73.77068  167.71454     10.130    -0.7909    -0.7743  22.633959  22.582611    27.3168    27.2340    371.914    361.512     0.1381     4.5617     0.1013     0.1013     0.1102     0.0305      19404    13.4743      34.73     2.6070     2.2553         21  0.000e+00
     10.025   73.77068  167.71454     10.130    -0.7888    -0.7729  22.623406  22.581868    27.3010    27.2318    371.937    361.504     0.1381     4.5653     0.1013     0.1013     0.1070     0.0305      19405    13.4750      34.73     2.6070     2.2553         21  0.000e+00
      9.967   73.77068  167.71454     10.072    -0.7852    -0.7725  22.604786  22.579959    27.2732    27.2289    371.974    361.758     0.1381     4.5665     0.1013     0.1013     0.1059     0.0305      19406    13.4757      34.73     2.6070     2.2565         21  0.000e+00
      9.959   73.77068  167.71454     10.063    -0.7817    -0.7716  22.585101  22.578261    27.2440    27.2259    371.804    361.757     0.1381     4.5665     0.1013     0.1013     0.1059     0.0305      19407    13.4764      34.73     2.6057     2.2565         21  0.000e+00
     10.033   73.77068  167.71454     10.138    -0.7767    -0.7714  22.574161  22.578049    27.2251    27.2254    371.808    361.760     0.1381     4.5665     0.1013     0.1013     0.1059     0.0305      19408    13.4771      34.73     2.6057     2.2565         21  0.000e+00
     10.025   73.77068  167.71454     10.130    -0.7712    -0.7707  22.566436  22.579110    27.2099    27.2261    372.004    361.749     0.1076     4.5665     0.1013     0.1013     0.1059     0.0293      19409    13.4778      34.73     2.6070     2.2565         21  0.000e+00
      9.967   73.77068  167.71454     10.072    -0.7656    -0.7683  22.554709  22.578738    27.1894    27.2235    371.999    361.728     0.1076     4.5665     0.1013     0.1013     0.1059     0.0293      19410    13.4785      34.75     2.6070     2.2565         21  0.000e+00
      9.959   73.77068  167.71454     10.063    -0.7593    -0.7671  22.540336  22.577837    27.1648    27.2213    371.784    361.721     0.1076     4.5665     0.1013     0.1013     0.1059     0.0293      19411    13.4792      34.75     2.6057     2.2565         21  0.000e+00
     10.033   73.77068  167.71454     10.138    -0.7550    -0.7676  22.530193  22.576988    27.1475    27.2205    372.005    361.732     0.1076     4.5665     0.1013     0.1013     0.1059     0.0293      19412    13.4799      34.75     2.6070     2.2565         21  0.000e+00
      9.959   73.77068  167.71454     10.063    -0.7520    -0.7684  22.524558  22.576405    27.1373    27.2205    371.996    361.228     0.1076     4.5665     0.1013     0.1013     0.1059     0.0293      19413    13.4806      34.75     2.6070     2.2541         21  0.000e+00
      9.967   73.77068  167.71454     10.072    -0.7506    -0.7688  22.523149  22.574549    27.1342    27.2184    371.990    361.493     0.1076     4.5665     0.1013     0.1013     0.1059     0.0293      19414    13.4812      34.77     2.6070     2.2553         21  0.000e+00
     10.025   73.77068  167.71456     10.130    -0.7153    -0.7178  22.400492  22.414625    26.9410    26.9619    372.589    362.683     0.1381     4.5592     0.1050     0.1050     0.1123     0.0305      19515    13.5514      34.80     2.6094     2.2602         22  0.000e+00
      9.967   73.77068  167.71456     10.072    -0.7148    -0.7190  22.400548  22.415683    26.9407    26.9644    372.797    362.941     0.1381     4.5592     0.1050     0.1050     0.1123     0.0305      19516    13.5521      34.85     2.6106     2.2614         22  0.000e+00
     10.082   73.77068  167.71456     10.188    -0.7149    -0.7194  22.402179  22.417747    26.9429    26.9674    372.798    362.942     0.1381     4.5592     0.1050     0.1050     0.1123     0.0305      19517    13.5528      34.92     2.6106     2.2614         22  0.000e+00
     10.033   73.77068  167.71456     10.138    -0.7152    -0.7205  22.403472  22.419229    26.9449    26.9704    372.793    362.944     0.1381     4.5604     0.1050     0.1050     0.1112     0.0305      19518    13.5535      34.97     2.6106     2.2614         22  0.000e+00
     10.025   73.77068  167.71456     10.130    -0.7154    -0.7211  22.403416  22.418488    26.9450    26.9699    372.795    362.951     0.1381     4.5592     0.1050     0.1050     0.1123     0.0305      19519    13.5542      34.95     2.6106     2.2614         22  0.000e+00
     10.033   73.77068  167.71456     10.138    -0.7151    -0.7213  22.403304  22.417271    26.9446    26.9685    372.793    362.704     0.1381     4.5604     0.1050     0.1050     0.1112     0.0305      19520    13.5549      34.97     2.6106     2.2602         22  0.000e+00
     10.025   73.77068  167.71456     10.130    -0.7154    -0.7204  22.403472  22.415790    26.9451    26.9657    372.579    362.955     0.1381     4.5592     0.1050     0.1050     0.1123     0.0305      19521    13.5556      34.95     2.6094     2.2614         22  0.000e+00
     10.033   73.77068  167.71456     10.138    -0.7154    -0.7211  22.403866  22.415578    26.9456    26.9661    372.578    362.962     0.1381     4.5592     0.1050     0.1050     0.1123     0.0305      19522    13.5563      34.87     2.6094     2.2614         22  0.000e+00
     10.025   73.77068  167.71456     10.130    -0.7156    -0.7205  22.403979  22.414626    26.9459    26.9643    372.794    362.961     0.1076     4.5592     0.1050     0.1050     0.1123     0.0293      19523    13.5569      34.85     2.6106     2.2614         22  0.000e+00
     10.090   73.77068  167.71456     10.196    -0.7153    -0.7199  22.403641  22.411875    26.9452    26.9602    372.581    362.969     0.0771     4.5592     0.1050     0.1050     0.1123     0.0281      19524    13.5576      34.82     2.6094     2.2614         22  0.000e+00
     10.025   73.77068  167.71456     10.130    -0.7151    -0.7183  22.403360  22.407854    26.9447    26.9535    372.792    363.476     0.1076     4.5592     0.1050     0.1050     0.1123     0.0293      19525    13.5583      34.82     2.6106     2.2638         22  0.000e+00
     10.025   73.77068  167.71456     10.130    -0.7156    -0.7172  22.404822  22.405791    26.9470    26.9497    372.791    363.474     0.0771     4.5629     0.1050     0.1050     0.1091     0.0281      19526    13.5590      34.82     2.6106     2.2638         22  0.000e+00
     10.033   73.77068  167.71456     10.138    -0.7165    -0.7166  22.409209  22.406425    26.9536    26.9501    372.782    363.722     0.1076     4.5665     0.1050     0.1050     0.1059     0.0293      19527    13.5597      34.82     2.6106     2.2651         22  0.000e+00
     10.025   73.77068  167.71456     10.130    -0.7174    -0.7167  22.413596  22.407272    26.9602    26.9513    372.773    363.719     0.1076     4.5665     0.1050     0.1050     0.1059     0.0293      19528    13.5604      34.82     2.6106     2.2651         22  0.000e+00
