Continuous CTD Data/01_SBE Stage/nabos_09_01.ros
* Sea-Bird SBE 9 Data File:
* FileName = D:\CTD\data\HLY2502\raw\NABOS_09_01.hex
* Software Version Seasave V 7.26.7.110
* Temperature SN = 6954
* Conductivity SN = 2561
* Number of Bytes Per Scan = 37
* Number of Voltage Words = 4
* Number of Scans Averaged by the Deck Unit = 1
* NMEA Latitude = 76 19.84 N
* NMEA Longitude = 178 34.73 E
* NMEA UTC (Time) = Sep 15 2025  03:07:08
* NMEA baud rate = 9600
** Ship: USCG HEALY
** Bot. Depth:  1161
** Cast Number:  01
** Station Name:  NABOS
** Station Number:  09
** Operator:  STARC
# nquan = 25
# nvalues = 1176                                  
# units = specified
# name 0 = depSM: Depth [salt water, m]
# name 1 = latitude: Latitude [deg]
# name 2 = longitude: Longitude [deg]
# name 3 = prDM: Pressure, Digiquartz [db]
# name 4 = t090C: Temperature [ITS-90, deg C]
# name 5 = t190C: Temperature, 2 [ITS-90, deg C]
# name 6 = c0mS/cm: Conductivity [mS/cm]
# name 7 = c1mS/cm: Conductivity, 2 [mS/cm]
# name 8 = sal00: Salinity, Practical [PSU]
# name 9 = sal11: Salinity, Practical, 2 [PSU]
# name 10 = sbox0Mm/Kg: Oxygen, SBE 43 [umol/kg]
# name 11 = sbox1Mm/Kg: Oxygen, SBE 43, 2 [umol/kg]
# name 12 = flECO-AFL: Fluorescence, WET Labs ECO-AFL/FL [mg/m^3]
# name 13 = v2: Voltage 2
# name 14 = wetCDOM: Fluorescence, WET Labs CDOM [mg/m^3]
# name 15 = v6: Voltage 6
# name 16 = CStarAt0: Beam Attenuation, WET Labs C-Star [1/m]
# name 17 = v3: Voltage 3
# name 18 = scan: Scan Count
# name 19 = timeM: Time, Elapsed [minutes]
# name 20 = altM: Altimeter [m]
# name 21 = sbeox0V: Oxygen raw, SBE 43 [V]
# name 22 = sbeox1V: Oxygen raw, SBE 43, 2 [V]
# name 23 = nbf: Bottles Fired
# name 24 = flag:  0.000e+00
# interval = seconds: 0.0416667
# start_time = Sep 15 2025 03:07:08 [NMEA time, header]
# bad_flag = -9.990e-29
*END*
[from data line 986]
     20.051   76.33234  178.58020     20.263    -1.3243    -1.3598  23.935586  23.913428    29.5573    29.5625    382.338    372.638     0.3518     4.6178     0.1148     0.1148     0.0612     0.0391      38639    26.8319     100.00     2.6664     2.3072         21  0.000e+00
     20.034   76.33234  178.58020     20.247    -1.3320    -1.3613  23.930465  23.912724    29.5580    29.5630    382.425    372.652     0.3518     4.6178     0.1148     0.1148     0.0612     0.0391      38640    26.8326     100.00     2.6664     2.3072         21  0.000e+00
     20.034   76.33234  178.58020     20.247    -1.3419    -1.3613  23.923906  23.912021    29.5589    29.5620    382.752    372.655     0.3518     4.6166     0.1148     0.1148     0.0622     0.0391      38641    26.8333     100.00     2.6676     2.3072         21  0.000e+00
     20.034   76.33234  178.58020     20.247    -1.3503    -1.3604  23.915046  23.911372    29.5553    29.5602    382.862    372.650     0.3518     4.6178     0.1148     0.1148     0.0612     0.0391      38642    26.8340     100.00     2.6676     2.3072         21  0.000e+00
     19.985   76.33234  178.58020     20.197    -1.3561    -1.3585  23.906762  23.911371    29.5498    29.5584    382.729    372.377     0.3518     4.6178     0.1148     0.1148     0.0612     0.0391      38643    26.8347     100.00     2.6664     2.3060         21  0.000e+00
     20.034   76.33234  178.58020     20.247    -1.3592    -1.3568  23.901010  23.911588    29.5451    29.5570    382.782    372.365     0.3518     4.6178     0.1148     0.1148     0.0612     0.0391      38644    26.8354     100.00     2.6664     2.3060         21  0.000e+00
     20.034   76.33234  178.58020     20.247    -1.3591    -1.3556  23.898997  23.912399    29.5422    29.5569    382.789    372.606     0.3518     4.6166     0.1160     0.1160     0.0622     0.0391      38645    26.8361     100.00     2.6664     2.3072         21  0.000e+00
     20.051   76.33234  178.58020     20.263    -1.3574    -1.3547  23.899169  23.912778    29.5407    29.5566    382.774    373.106     0.3518     4.6166     0.1148     0.1148     0.0622     0.0391      38646    26.8368     100.00     2.6664     2.3097         21  0.000e+00
     19.969   76.33234  178.58020     20.180    -1.3549    -1.3541  23.897559  23.912345    29.5362    29.5554    382.970    373.607     0.3518     4.6166     0.1148     0.1148     0.0622     0.0391      38647    26.8375     100.00     2.6676     2.3121         21  0.000e+00
     20.034   76.33234  178.58020     20.247    -1.3549    -1.3539  23.891232  23.911046    29.5275    29.5534    382.999    373.614     0.3518     4.6166     0.1148     0.1148     0.0622     0.0391      38648    26.8382     100.00     2.6676     2.3121         21  0.000e+00
     20.034   76.33234  178.58020     20.247    -1.3571    -1.3540  23.888644  23.909423    29.5262    29.5512    382.814    373.366     0.3518     4.6166     0.1136     0.1136     0.0622     0.0391      38649    26.8389     100.00     2.6664     2.3109         21  0.000e+00
     19.985   76.33234  178.58020     20.197    -1.3597    -1.3541  23.890312  23.910126    29.5311    29.5524    382.827    373.108     0.3518     4.6166     0.1136     0.1136     0.0622     0.0391      38650    26.8396     100.00     2.6664     2.3097         21  0.000e+00
     20.034   76.33234  178.58020     20.247    -1.3618    -1.3512  23.892383  23.911317    29.5360    29.5511    383.270    372.827     0.3518     4.6166     0.1136     0.1136     0.0622     0.0391      38651    26.8403     100.00     2.6688     2.3085         21  0.000e+00
     19.969   76.33234  178.58020     20.180    -1.3629    -1.3493  23.892843  23.910775    29.5377    29.5485    382.844    372.809     0.3518     4.6166     0.1136     0.1136     0.0622     0.0391      38652    26.8410     100.00     2.6664     2.3085         21  0.000e+00
     20.034   76.33234  178.58020     20.247    -1.3632    -1.3485  23.892901  23.908665    29.5380    29.5448    383.065    372.814     0.3518     4.6166     0.1136     0.1136     0.0622     0.0391      38653    26.8417     100.00     2.6676     2.3085         21  0.000e+00
     20.051   76.33234  178.58020     20.263    -1.3639    -1.3467  23.893188  23.903092    29.5391    29.5355    383.070    372.822     0.3518     4.6166     0.1136     0.1136     0.0622     0.0391      38654    26.8424     100.00     2.6676     2.3085         21  0.000e+00
     19.968   76.33234  178.58020     20.180    -1.3641    -1.3468  23.893188  23.890920    29.5394    29.5191    382.853    372.867     0.3518     4.6166     0.1148     0.1148     0.0622     0.0391      38655    26.8431     100.00     2.6664     2.3085         21  0.000e+00
     20.034   76.33234  178.58020     20.247    -1.3645    -1.3512  23.893706  23.874964    29.5404    29.5019    383.073    372.972     0.3518     4.6166     0.1136     0.1136     0.0622     0.0391      38656    26.8438     100.00     2.6676     2.3085         21  0.000e+00
     20.051   76.33234  178.58020     20.263    -1.3640    -1.3565  23.894511  23.863987    29.5410    29.4922    383.066    373.316     0.3518     4.6166     0.1136     0.1136     0.0622     0.0391      38657    26.8444     100.00     2.6676     2.3097         21  0.000e+00
     20.034   76.33234  178.58020     20.247    -1.3634    -1.3608  23.895834  23.857986    29.5422    29.4883    382.840    373.630     0.3518     4.6166     0.1148     0.1148     0.0622     0.0391      38658    26.8451     100.00     2.6664     2.3109         21  0.000e+00
     19.968   76.33234  178.58020     20.180    -1.3622    -1.3636  23.896581  23.850363    29.5420    29.4808    382.822    373.935     0.3518     4.6166     0.1136     0.1136     0.0622     0.0391      38659    26.8458     100.00     2.6664     2.3121         21  0.000e+00
     20.034   76.33234  178.58020     20.247    -1.3606    -1.3651  23.896984  23.841984    29.5410    29.4709    383.241    374.494     0.3823     4.6166     0.1136     0.1136     0.0622     0.0403      38660    26.8465     100.00     2.6688     2.3146         21  0.000e+00
     20.050   76.33234  178.58020     20.263    -1.3598    -1.3661  23.897329  23.836579    29.5407    29.4646    382.803    374.271     0.3823     4.6166     0.1148     0.1148     0.0622     0.0403      38661    26.8472     100.00     2.6664     2.3133         21  0.000e+00
     19.968   76.33234  178.58020     20.180    -1.3594    -1.3654  23.897271  23.838795    29.5402    29.4669    382.580    373.742     0.3823     4.6166     0.1136     0.1136     0.0622     0.0403      38662    26.8479     100.00     2.6651     2.3109         21  0.000e+00
     20.091   76.33234  178.58020     20.305    -1.3604    -1.3628  23.895834  23.856310    29.5392    29.4880    383.032    373.147     0.3823     4.6166     0.1136     0.1136     0.0622     0.0403      38663    26.8486     100.00     2.6676     2.3085         21  0.000e+00
     19.968   76.33234  178.58020     20.180    -1.3611    -1.3605  23.893130  23.881239    29.5362    29.5196    383.042    372.513     0.3518     4.6166     0.1136     0.1136     0.0622     0.0391      38664    26.8493     100.00     2.6676     2.3060         21  0.000e+00
     19.985   76.33234  178.58020     20.197    -1.3609    -1.3603  23.889220  23.898549    29.5308    29.5428    382.843    371.935     0.3823     4.6166     0.1136     0.1136     0.0622     0.0403      38665    26.8500     100.00     2.6664     2.3036         21  0.000e+00
     20.034   76.33234  178.58020     20.247    -1.3604    -1.3604  23.885999  23.907909    29.5259    29.5556    382.854    371.900     0.3823     4.6166     0.1136     0.1136     0.0622     0.0403      38666    26.8507     100.00     2.6664     2.3036         21  0.000e+00
     20.034   76.33234  178.58020     20.247    -1.3592    -1.3595  23.883526  23.912237    29.5213    29.5605    382.638    371.876     0.3823     4.6154     0.1136     0.1136     0.0633     0.0403      38667    26.8514     100.00     2.6651     2.3036         21  0.000e+00
     20.050   76.33234  178.58020     20.263    -1.3585    -1.3579  23.882779  23.914456    29.5196    29.5620    382.851    371.854     0.3823     4.6166     0.1136     0.1136     0.0622     0.0403      38668    26.8521     100.00     2.6664     2.3036         21  0.000e+00
     19.968   76.33234  178.58020     20.180    -1.3582    -1.3556  23.883584  23.916404    29.5204    29.5624    383.271    371.823     0.3823     4.6166     0.1136     0.1136     0.0622     0.0403      38669    26.8528     100.00     2.6688     2.3036         21  0.000e+00
     20.091   76.33234  178.58020     20.305    -1.3582    -1.3531  23.885309  23.919001    29.5227    29.5633    382.840    371.797     0.3823     4.6166     0.1136     0.1136     0.0622     0.0403      38670    26.8535     100.00     2.6664     2.3036         21  0.000e+00
     19.968   76.33234  178.58020     20.180    -1.3586    -1.3502  23.887206  23.922464    29.5258    29.5652    382.614    371.753     0.3823     4.6166     0.1136     0.1136     0.0622     0.0403      38671    26.8542     100.00     2.6651     2.3036         21  0.000e+00
     20.050   76.33234  178.58020     20.263    -1.3592    -1.3448  23.888529  23.927714    29.5281    29.5670    382.834    371.691     0.3823     4.6166     0.1136     0.1136     0.0622     0.0403      38672    26.8549     100.00     2.6664     2.3036         21  0.000e+00
     19.968   76.33234  178.58020     20.180    -1.3603    -1.3383  23.889392  23.932909    29.5305    29.5676    382.621    371.865     0.3823     4.6166     0.1148     0.1148     0.0622     0.0403      38673    26.8556     100.00     2.6651     2.3048         21  0.000e+00
     20.034   76.33234  178.58020     20.246    -1.3616    -1.3311  23.885827  23.938213    29.5268    29.5676    382.864    371.533     0.3823     4.6166     0.1136     0.1136     0.0622     0.0403      38674    26.8562     100.00     2.6664     2.3036         21  0.000e+00
     20.034   76.33234  178.58020     20.246    -1.3620    -1.3235  23.877834  23.942435    29.5164    29.5658    383.331    371.452     0.3518     4.6166     0.1136     0.1136     0.0622     0.0391      38675    26.8569     100.00     2.6688     2.3036         21  0.000e+00
     20.050   76.33234  178.58020     20.263    -1.3626    -1.3190  23.871682  23.945196    29.5087    29.5650    382.932    371.657     0.3823     4.6166     0.1136     0.1136     0.0622     0.0403      38676    26.8576     100.00     2.6664     2.3048         21  0.000e+00
     19.968   76.33234  178.58020     20.180    -1.3625    -1.3159  23.873176  23.946982    29.5106    29.5645    382.705    371.620     0.3823     4.6166     0.1136     0.1136     0.0622     0.0403      38677    26.8583     100.00     2.6651     2.3048         21  0.000e+00
     20.034   76.33234  178.58020     20.246    -1.3616    -1.3139  23.880594  23.948335    29.5197    29.5643    382.671    371.601     0.3518     4.6166     0.1136     0.1136     0.0622     0.0391      38678    26.8590     100.00     2.6651     2.3048         21  0.000e+00
     20.050   76.33234  178.58020     20.263    -1.3585    -1.3125  23.888012  23.948985    29.5267    29.5638    382.830    371.588     0.3823     4.6166     0.1136     0.1136     0.0622     0.0403      38679    26.8597     100.00     2.6664     2.3048         21  0.000e+00
     19.968   76.33234  178.58020     20.180    -1.3555    -1.3116  23.893360  23.950501    29.5311    29.5650    382.992    371.570     0.3823     4.6166     0.1136     0.1136     0.0622     0.0403      38680    26.8604     100.00     2.6676     2.3048         21  0.000e+00
     20.034   76.33234  178.58020     20.246    -1.3531    -1.3110  23.895948  23.951854    29.5321    29.5662    382.964    371.817     0.3823     4.6166     0.1136     0.1136     0.0622     0.0403      38681    26.8611     100.00     2.6676     2.3060         21  0.000e+00
     19.967   76.33236  178.58022     20.179    -1.3344    -1.3471  23.846961  23.810962    29.4474    29.4112    382.568    372.424     0.3518     4.6117     0.1136     0.1136     0.0665     0.0391      38905    27.0167     100.00     2.6651     2.3048         22  0.000e+00
     20.049   76.33236  178.58022     20.262    -1.3344    -1.3415  23.848858  23.819175    29.4499    29.4167    382.349    372.602     0.3518     4.6117     0.1148     0.1148     0.0665     0.0391      38906    27.0174     100.00     2.6639     2.3060         22  0.000e+00
     20.033   76.33236  178.58022     20.245    -1.3346    -1.3374  23.849605  23.824794    29.4511    29.4203    382.562    372.289     0.3518     4.6117     0.1136     0.1136     0.0665     0.0391      38907    27.0181     100.00     2.6651     2.3048         22  0.000e+00
     20.090   76.33236  178.58022     20.303    -1.3356    -1.3349  23.848915  23.832739    29.4511    29.4286    382.146    372.240     0.3518     4.6105     0.1136     0.1136     0.0675     0.0391      38908    27.0188     100.00     2.6627     2.3048         22  0.000e+00
     19.967   76.33236  178.58022     20.179    -1.3360    -1.3337  23.847823  23.842468    29.4501    29.4406    382.793    372.185     0.3518     4.6117     0.1136     0.1136     0.0665     0.0391      38909    27.0194     100.00     2.6664     2.3048         22  0.000e+00
     20.049   76.33236  178.58022     20.262    -1.3366    -1.3334  23.845812  23.849712    29.4480    29.4501    382.166    372.412     0.3518     4.6154     0.1136     0.1136     0.0633     0.0391      38910    27.0201     100.00     2.6627     2.3060         22  0.000e+00
     20.033   76.33236  178.58022     20.245    -1.3366    -1.3339  23.841444  23.854848    29.4421    29.4575    382.613    372.395     0.3518     4.6166     0.1148     0.1148     0.0622     0.0391      38911    27.0208     100.00     2.6651     2.3060         22  0.000e+00
     19.967   76.33236  178.58022     20.179    -1.3366    -1.3346  23.839547  23.857821    29.4395    29.4623    382.617    372.386     0.3518     4.6166     0.1136     0.1136     0.0622     0.0391      38912    27.0215     100.00     2.6651     2.3060         22  0.000e+00
     20.049   76.33236  178.58022     20.262    -1.3365    -1.3349  23.841214  23.859119    29.4416    29.4643    382.398    371.879     0.3518     4.6166     0.1136     0.1136     0.0622     0.0391      38913    27.0222     100.00     2.6639     2.3036         22  0.000e+00
     20.033   76.33236  178.58022     20.245    -1.3363    -1.3354  23.843455  23.859552    29.4445    29.4654    382.602    370.862     0.3518     4.6166     0.1148     0.1148     0.0622     0.0391      38914    27.0229     100.00     2.6651     2.2987         22  0.000e+00
     20.033   76.33236  178.58022     20.245    -1.3357    -1.3351  23.846156  23.855875    29.4475    29.4601    382.370    370.620     0.3518     4.6166     0.1136     0.1136     0.0622     0.0391      38915    27.0236     100.00     2.6639     2.2975         22  0.000e+00
     20.033   76.33236  178.58022     20.245    -1.3349    -1.3345  23.848110  23.845711    29.4494    29.4458    382.571    371.164     0.3518     4.6166     0.1136     0.1136     0.0622     0.0391      38916    27.0243     100.00     2.6651     2.2999         22  0.000e+00
     19.983   76.33236  178.58022     20.195    -1.3343    -1.3336  23.849030  23.829172    29.4501    29.4225    382.559    371.728     0.3518     4.6166     0.1136     0.1136     0.0622     0.0391      38917    27.0250     100.00     2.6651     2.3023         22  0.000e+00
     20.033   76.33236  178.58022     20.245    -1.3340    -1.3329  23.849720  23.808530    29.4507    29.3939    382.341    372.062     0.3518     4.6166     0.1148     0.1148     0.0622     0.0391      38918    27.0257     100.00     2.6639     2.3036         22  0.000e+00
