Continuous CTD Data/01_SBE Stage/nabos_39_01avg.cnv
* Sea-Bird SBE 9 Data File:
* FileName = D:\CTD\data\HLY2502\raw\NABOS_39_01.hex
* Software Version Seasave V 7.26.7.110
* Temperature SN = 6954
* Conductivity SN = 2561
* Number of Bytes Per Scan = 37
* Number of Voltage Words = 4
* Number of Scans Averaged by the Deck Unit = 1
* NMEA Latitude = 78 29.93 N
* NMEA Longitude = 125 56.66 E
* NMEA UTC (Time) = Sep 25 2025  07:31:40
* NMEA baud rate = 9600
** Ship: USCG HEALY
** Bot. Depth:  2678
** Cast Number:  01
** Station Name:  NABOS
** Station Number:  39
** Operator:  STARC
** 2703 target but 5 otb
# nquan = 25
# nvalues = 2729                        
# units = specified
# name 0 = depSM: Depth [salt water, m]
# name 1 = latitude: Latitude [deg]
# name 2 = longitude: Longitude [deg]
# name 3 = prDM: Pressure, Digiquartz [db]
# name 4 = t090C: Temperature [ITS-90, deg C]
# name 5 = t190C: Temperature, 2 [ITS-90, deg C]
# name 6 = c0mS/cm: Conductivity [mS/cm]
# name 7 = c1mS/cm: Conductivity, 2 [mS/cm]
# name 8 = sal00: Salinity, Practical [PSU]
# name 9 = sal11: Salinity, Practical, 2 [PSU]
# name 10 = sbox0Mm/Kg: Oxygen, SBE 43 [umol/kg]
# name 11 = sbox1Mm/Kg: Oxygen, SBE 43, 2 [umol/kg]
# name 12 = flECO-AFL: Fluorescence, WET Labs ECO-AFL/FL [mg/m^3]
# name 13 = v2: Voltage 2
# name 14 = wetCDOM: Fluorescence, WET Labs CDOM [mg/m^3]
# name 15 = v6: Voltage 6
# name 16 = CStarAt0: Beam Attenuation, WET Labs C-Star [1/m]
# name 17 = v3: Voltage 3
# name 18 = scan: Scan Count
# name 19 = timeM: Time, Elapsed [minutes]
# name 20 = altM: Altimeter [m]
# name 21 = sbeox0V: Oxygen raw, SBE 43 [V]
# name 22 = sbeox1V: Oxygen raw, SBE 43, 2 [V]
# name 23 = nbin: number of scans per bin
# name 24 = flag: flag
# span 0 =      5.937,   2687.738       
# span 1 =   78.49884,   78.50086       
# span 2 =  125.89583,  125.94131       
# span 3 =      6.000,   2734.000       
# span 4 =    -1.8085,     2.0839       
# span 5 =    -1.8079,     2.0838       
# span 6 =  23.150402,  30.862709       
# span 7 =  23.156615,  30.860611       
# span 8 =    28.6868,    34.9349       
# span 9 =    28.6926,    34.9329       
# span 10 =    279.274,    376.978      
# span 11 =    272.367,    370.512      
# span 12 =    -0.1867,     0.5915      
# span 13 =     4.4811,     4.6349      
# span 14 =     0.0770,     0.1506      
# span 15 =     0.0770,     0.1506      
# span 16 =     0.0464,     0.1815      
# span 17 =     0.0175,     0.0487      
# span 18 =       5070,      81955      
# span 19 =     3.5198,    56.9125      
# span 20 =       8.64,     100.01      
# span 21 =     1.6700,     2.6692      
# span 22 =     1.4982,     2.3220      
# span 23 =          5,         28      
# span 24 = 0.0000e+00, 0.0000e+00      
# interval = decibars: 1                
# start_time = Sep 25 2025 07:31:40 [NMEA time, header]
# bad_flag = -9.990e-29
*END*
[from data line 2203]
   2174.275   78.50022  125.90966   2209.000    -0.6899    -0.6900  29.341906  29.340090    34.9202    34.9179    283.280    280.391    -0.1362     4.6344     0.0844     0.0844     0.0468     0.0195      62685    43.5303     100.00     1.7749     1.5913         13 0.0000e+00
   2175.254   78.50022  125.90964   2210.000    -0.6902    -0.6903  29.341944  29.340190    34.9200    34.9179    283.331    280.435    -0.1513     4.6345     0.0843     0.0843     0.0467     0.0189      62707    43.5455     100.00     1.7749     1.5913         12 0.0000e+00
   2176.233   78.50022  125.90962   2211.000    -0.6905    -0.6905  29.342131  29.340428    34.9201    34.9178    283.372    280.399    -0.1728     4.6347     0.0843     0.0843     0.0465     0.0181      62732    43.5634     100.00     1.7749     1.5910         13 0.0000e+00
   2177.212   78.50022  125.90959   2212.000    -0.6905    -0.6906  29.342439  29.340696    34.9200    34.9178    283.306    280.520    -0.1647     4.6344     0.0836     0.0836     0.0468     0.0184      62764    43.5854     100.00     1.7744     1.5913         13 0.0000e+00
   2178.192   78.50023  125.90957   2213.000    -0.6906    -0.6907  29.342828  29.341020    34.9201    34.9178    283.287    279.533    -0.1580     4.6346     0.0844     0.0844     0.0466     0.0187      62793    43.6059     100.00     1.7742     1.5874         13 0.0000e+00
   2179.171   78.50024  125.90955   2214.000    -0.6908    -0.6910  29.343009  29.341311    34.9201    34.9180    283.364    280.744    -0.1344     4.6347     0.0834     0.0834     0.0465     0.0196      62818    43.6227     100.00     1.7744     1.5919         15 0.0000e+00
   2180.150   78.50024  125.90953   2215.000    -0.6910    -0.6911  29.343386  29.341638    34.9202    34.9180    283.356    278.732    -0.1488     4.6348     0.0852     0.0852     0.0465     0.0190      62839    43.6373     100.00     1.7741     1.5841         12 0.0000e+00
   2181.129   78.50024  125.90951   2216.000    -0.6912    -0.6914  29.343549  29.341777    34.9201    34.9180    283.374    280.239    -0.1743     4.6344     0.0848     0.0848     0.0469     0.0180      62861    43.6527     100.00     1.7740     1.5897         15 0.0000e+00
   2182.108   78.50024  125.90950   2217.000    -0.6914    -0.6915  29.343856  29.342000    34.9202    34.9179    283.365    279.951    -0.1510     4.6344     0.0835     0.0835     0.0468     0.0189      62886    43.6704     100.00     1.7738     1.5884         13 0.0000e+00
   2183.087   78.50024  125.90949   2218.000    -0.6914    -0.6916  29.344141  29.342383    34.9201    34.9179    283.324    281.254    -0.1613     4.6345     0.0834     0.0834     0.0467     0.0185      62917    43.6915     100.00     1.7735     1.5933         15 0.0000e+00
   2184.066   78.50024  125.90946   2219.000    -0.6916    -0.6916  29.344483  29.342799    34.9202    34.9180    283.279    281.673    -0.1324     4.6346     0.0833     0.0833     0.0466     0.0197      62946    43.7121     100.00     1.7731     1.5947         13 0.0000e+00
   2185.046   78.50024  125.90944   2220.000    -0.6915    -0.6917  29.344880  29.343161    34.9201    34.9180    283.271    280.026    -0.1347     4.6347     0.0844     0.0844     0.0466     0.0196      62972    43.7296     100.00     1.7729     1.5883         16 0.0000e+00
   2186.025   78.50024  125.90940   2221.000    -0.6915    -0.6916  29.345214  29.343600    34.9201    34.9180    283.294    280.687    -0.1365     4.6347     0.0844     0.0844     0.0466     0.0195      62994    43.7449     100.00     1.7728     1.5907         13 0.0000e+00
   2187.004   78.50024  125.90938   2222.000    -0.6917    -0.6919  29.345529  29.343781    34.9201    34.9181    283.367    282.179    -0.1300     4.6346     0.0844     0.0844     0.0467     0.0198      63016    43.7603     100.00     1.7730     1.5962         14 0.0000e+00
   2187.983   78.50024  125.90938   2223.000    -0.6919    -0.6920  29.345818  29.344071    34.9202    34.9181    283.356    280.216    -0.1469     4.6348     0.0833     0.0833     0.0465     0.0191      63040    43.7769     100.00     1.7728     1.5886         17 0.0000e+00
   2188.962   78.50024  125.90936   2224.000    -0.6923    -0.6923  29.345984  29.344175    34.9203    34.9180    283.237    280.147    -0.1604     4.6346     0.0832     0.0832     0.0467     0.0186      63067    43.7956     100.00     1.7720     1.5882         14 0.0000e+00
   2189.942   78.50024  125.90934   2225.000    -0.6923    -0.6925  29.346322  29.344410    34.9202    34.9179    283.246    280.481    -0.1590     4.6342     0.0841     0.0841     0.0470     0.0186      63098    43.8172     100.00     1.7719     1.5893         15 0.0000e+00
   2190.920   78.50024  125.90931   2226.000    -0.6925    -0.6925  29.346641  29.344920    34.9203    34.9182    283.252    280.656    -0.1784     4.6343     0.0833     0.0833     0.0469     0.0179      63126    43.8369     100.00     1.7718     1.5898         17 0.0000e+00
   2191.900   78.50024  125.90929   2227.000    -0.6923    -0.6925  29.347025  29.345207    34.9202    34.9180    283.351    280.833    -0.1715     4.6344     0.0846     0.0846     0.0468     0.0181      63150    43.8535     100.00     1.7721     1.5904         13 0.0000e+00
   2192.879   78.50024  125.90927   2228.000    -0.6927    -0.6929  29.347170  29.345388    34.9203    34.9181    283.359    281.599    -0.1386     4.6344     0.0835     0.0835     0.0468     0.0194      63172    43.8688     100.00     1.7719     1.5931         16 0.0000e+00
   2193.858   78.50024  125.90926   2229.000    -0.6930    -0.6932  29.347361  29.345561    34.9203    34.9181    283.401    282.552    -0.1725     4.6337     0.0826     0.0826     0.0474     0.0181      63194    43.8838     100.00     1.7719     1.5966         16 0.0000e+00
   2194.837   78.50024  125.90923   2230.000    -0.6933    -0.6934  29.347567  29.345762    34.9204    34.9182    283.418    280.004    -0.1375     4.6338     0.0829     0.0829     0.0473     0.0195      63218    43.9007     100.00     1.7718     1.5867         17 0.0000e+00
   2195.816   78.50025  125.90921   2231.000    -0.6934    -0.6935  29.347822  29.346057    34.9203    34.9181    283.331    279.926    -0.1689     4.6345     0.0832     0.0832     0.0467     0.0182      63248    43.9213     100.00     1.7712     1.5863         19 0.0000e+00
   2196.795   78.50026  125.90919   2232.000    -0.6934    -0.6935  29.348118  29.346475    34.9202    34.9182    283.313    279.875    -0.1704     4.6346     0.0840     0.0840     0.0467     0.0182      63279    43.9431     100.00     1.7710     1.5860         18 0.0000e+00
   2197.774   78.50026  125.90916   2233.000    -0.6934    -0.6936  29.348616  29.346852    34.9204    34.9182    283.268    281.248    -0.1707     4.6345     0.0835     0.0835     0.0467     0.0182      63305    43.9612     100.00     1.7706     1.5911         17 0.0000e+00
   2198.753   78.50026  125.90914   2234.000    -0.6936    -0.6937  29.348872  29.347142    34.9203    34.9182    283.259    275.839    -0.1334     4.6347     0.0833     0.0833     0.0466     0.0196      63327    43.9767     100.00     1.7704     1.5703         16 0.0000e+00
   2199.733   78.50026  125.90913   2235.000    -0.6938    -0.6939  29.349143  29.347377    34.9204    34.9182    283.369    280.087    -0.1684     4.6341     0.0834     0.0834     0.0471     0.0183      63348    43.9913     100.00     1.7707     1.5863         14 0.0000e+00
   2200.712   78.50026  125.90911   2236.000    -0.6939    -0.6941  29.349498  29.347753    34.9204    34.9184    283.419    280.728    -0.1742     4.6347     0.0843     0.0843     0.0466     0.0180      63371    44.0068     100.00     1.7708     1.5886         17 0.0000e+00
   2201.691   78.50026  125.90909   2237.000    -0.6941    -0.6942  29.349594  29.347996    34.9203    34.9184    283.473    281.418    -0.1454     4.6343     0.0846     0.0846     0.0469     0.0192      63398    44.0255     100.00     1.7708     1.5911         14 0.0000e+00
   2202.670   78.50026  125.90906   2238.000    -0.6941    -0.6943  29.350017  29.348256    34.9204    34.9182    283.478    279.015    -0.1587     4.6343     0.0843     0.0843     0.0469     0.0186      63430    44.0483     100.00     1.7707     1.5818         20 0.0000e+00
   2203.649   78.50026  125.90903   2239.000    -0.6942    -0.6943  29.350345  29.348695    34.9203    34.9183    283.496    281.086    -0.1668     4.6347     0.0832     0.0832     0.0466     0.0183      63458    44.0674     100.00     1.7706     1.5896         14 0.0000e+00
   2204.628   78.50026  125.90901   2240.000    -0.6944    -0.6945  29.350752  29.348911    34.9206    34.9183    283.493    281.139    -0.1691     4.6345     0.0831     0.0831     0.0467     0.0182      63482    44.0841     100.00     1.7704     1.5896         15 0.0000e+00
   2205.607   78.50026  125.90900   2241.000    -0.6949    -0.6950  29.350627  29.348937    34.9205    34.9183    283.521    278.925    -0.1737     4.6347     0.0827     0.0827     0.0465     0.0180      63504    44.0993     100.00     1.7704     1.5810         14 0.0000e+00
   2206.586   78.50026  125.90898   2242.000    -0.6951    -0.6952  29.350995  29.349196    34.9206    34.9184    283.474    280.326    -0.1435     4.6347     0.0823     0.0823     0.0465     0.0192      63527    44.1151     100.00     1.7700     1.5862         16 0.0000e+00
   2207.565   78.50026  125.90896   2243.000    -0.6953    -0.6955  29.351119  29.349486    34.9205    34.9186    283.507    279.572    -0.1631     4.6345     0.0824     0.0824     0.0467     0.0185      63552    44.1327     100.00     1.7699     1.5832         19 0.0000e+00
   2208.544   78.50026  125.90894   2244.000    -0.6956    -0.6957  29.351364  29.349642    34.9206    34.9184    283.462    279.671    -0.1671     4.6338     0.0825     0.0825     0.0473     0.0183      63579    44.1516     100.00     1.7696     1.5834         21 0.0000e+00
   2209.523   78.50026  125.90893   2245.000    -0.6955    -0.6956  29.351736  29.350003    34.9205    34.9183    283.424    279.962    -0.1486     4.6337     0.0828     0.0828     0.0474     0.0190      63607    44.1707     100.00     1.7692     1.5844         16 0.0000e+00
   2210.502   78.50026  125.90890   2246.000    -0.6958    -0.6960  29.351841  29.350132    34.9205    34.9184    283.312    281.869    -0.1663     4.6336     0.0841     0.0841     0.0475     0.0183      63634    44.1897     100.00     1.7685     1.5915         18 0.0000e+00
   2211.481   78.50027  125.90887   2247.000    -0.6959    -0.6961  29.352186  29.350464    34.9205    34.9185    283.248    281.110    -0.1737     4.6338     0.0821     0.0821     0.0473     0.0180      63661    44.2085     100.00     1.7681     1.5885         19 0.0000e+00
   2212.460   78.50028  125.90885   2248.000    -0.6960    -0.6962  29.352552  29.350834    34.9206    34.9185    283.219    281.218    -0.1779     4.6337     0.0831     0.0831     0.0474     0.0179      63686    44.2256     100.00     1.7678     1.5887         14 0.0000e+00
   2213.439   78.50028  125.90882   2249.000    -0.6961    -0.6963  29.352981  29.351139    34.9207    34.9185    283.293    280.878    -0.1394     4.6345     0.0844     0.0844     0.0467     0.0194      63709    44.2418     100.00     1.7680     1.5873         16 0.0000e+00
   2214.418   78.50028  125.90881   2250.000    -0.6966    -0.6967  29.352852  29.351229    34.9206    34.9185    283.430    281.345    -0.1366     4.6340     0.0842     0.0842     0.0472     0.0195      63731    44.2567     100.00     1.7684     1.5889         13 0.0000e+00
   2215.397   78.50028  125.90879   2251.000    -0.6967    -0.6969  29.353208  29.351468    34.9206    34.9185    283.499    280.688    -0.1640     4.6346     0.0832     0.0832     0.0466     0.0184      63754    44.2728     100.00     1.7685     1.5863         14 0.0000e+00
   2216.376   78.50028  125.90877   2252.000    -0.6969    -0.6971  29.353412  29.351712    34.9206    34.9185    283.417    280.639    -0.1707     4.6337     0.0834     0.0834     0.0474     0.0182      63782    44.2923     100.00     1.7679     1.5859         17 0.0000e+00
   2217.355   78.50028  125.90873   2253.000    -0.6968    -0.6970  29.353826  29.352073    34.9205    34.9185    283.423    280.618    -0.1583     4.6346     0.0837     0.0837     0.0467     0.0186      63817    44.3164     100.00     1.7678     1.5857         18 0.0000e+00
   2218.334   78.50028  125.90871   2254.000    -0.6970    -0.6972  29.354153  29.352434    34.9207    34.9186    283.445    280.789    -0.1725     4.6343     0.0844     0.0844     0.0469     0.0181      63845    44.3364     100.00     1.7677     1.5862         15 0.0000e+00
   2219.313   78.50028  125.90870   2255.000    -0.6978    -0.6980  29.354010  29.352279    34.9209    34.9188    283.440    280.065    -0.1378     4.6344     0.0842     0.0842     0.0468     0.0195      63867    44.3511     100.00     1.7675     1.5833         15 0.0000e+00
   2220.292   78.50028  125.90868   2256.000    -0.6982    -0.6983  29.354085  29.352325    34.9208    34.9187    283.372    280.110    -0.1566     4.6348     0.0821     0.0821     0.0465     0.0187      63886    44.3648     100.00     1.7670     1.5833         12 0.0000e+00
   2221.271   78.50028  125.90866   2257.000    -0.6984    -0.6986  29.354313  29.352560    34.9208    34.9188    283.377    280.071    -0.1721     4.6346     0.0830     0.0830     0.0466     0.0181      63907    44.3788     100.00     1.7669     1.5830         14 0.0000e+00
   2222.250   78.50028  125.90864   2258.000    -0.6986    -0.6987  29.354450  29.352772    34.9207    34.9187    283.327    280.116    -0.1751     4.6342     0.0839     0.0839     0.0470     0.0180      63932    44.3963     100.00     1.7665     1.5831         15 0.0000e+00
   2223.229   78.50028  125.90861   2259.000    -0.6987    -0.6989  29.354706  29.353055    34.9207    34.9187    283.243    280.814    -0.1570     4.6347     0.0831     0.0831     0.0466     0.0187      63968    44.4215     100.00     1.7659     1.5856         16 0.0000e+00
   2224.208   78.50028  125.90858   2260.000    -0.6988    -0.6989  29.355135  29.353462    34.9208    34.9187    283.265    280.152    -0.1337     4.6339     0.0823     0.0823     0.0472     0.0196      63999    44.4434     100.00     1.7658     1.5829         14 0.0000e+00
   2225.187   78.50028  125.90855   2261.000    -0.6987    -0.6989  29.355574  29.353983    34.9208    34.9188    283.265    279.909    -0.1626     4.6346     0.0820     0.0820     0.0466     0.0185      64022    44.4590     100.00     1.7657     1.5818         14 0.0000e+00
   2226.166   78.50028  125.90854   2262.000    -0.6986    -0.6987  29.356140  29.354336    34.9209    34.9186    283.375    279.581    -0.1796     4.6344     0.0827     0.0827     0.0468     0.0178      64042    44.4726     100.00     1.7660     1.5805         11 0.0000e+00
   2227.145   78.50028  125.90853   2263.000    -0.6989    -0.6990  29.356312  29.354641    34.9208    34.9188    283.451    279.945    -0.1548     4.6349     0.0837     0.0837     0.0464     0.0188      64061    44.4863     100.00     1.7662     1.5817         10 0.0000e+00
   2228.124   78.50028  125.90851   2264.000    -0.6990    -0.6991  29.356589  29.354865    34.9208    34.9187    283.465    279.708    -0.1583     4.6342     0.0841     0.0841     0.0470     0.0186      64085    44.5025     100.00     1.7661     1.5806         14 0.0000e+00
   2229.103   78.50028  125.90849   2265.000    -0.6991    -0.6993  29.356860  29.355183    34.9208    34.9188    283.392    280.503    -0.1459     4.6344     0.0832     0.0832     0.0468     0.0191      64115    44.5238     100.00     1.7656     1.5835         14 0.0000e+00
