Continuous CTD Data/01_SBE Stage/nabos_39_01avg.cnv
* Sea-Bird SBE 9 Data File:
* FileName = D:\CTD\data\HLY2502\raw\NABOS_39_01.hex
* Software Version Seasave V 7.26.7.110
* Temperature SN = 6954
* Conductivity SN = 2561
* Number of Bytes Per Scan = 37
* Number of Voltage Words = 4
* Number of Scans Averaged by the Deck Unit = 1
* NMEA Latitude = 78 29.93 N
* NMEA Longitude = 125 56.66 E
* NMEA UTC (Time) = Sep 25 2025  07:31:40
* NMEA baud rate = 9600
** Ship: USCG HEALY
** Bot. Depth:  2678
** Cast Number:  01
** Station Name:  NABOS
** Station Number:  39
** Operator:  STARC
** 2703 target but 5 otb
# nquan = 25
# nvalues = 2729                        
# units = specified
# name 0 = depSM: Depth [salt water, m]
# name 1 = latitude: Latitude [deg]
# name 2 = longitude: Longitude [deg]
# name 3 = prDM: Pressure, Digiquartz [db]
# name 4 = t090C: Temperature [ITS-90, deg C]
# name 5 = t190C: Temperature, 2 [ITS-90, deg C]
# name 6 = c0mS/cm: Conductivity [mS/cm]
# name 7 = c1mS/cm: Conductivity, 2 [mS/cm]
# name 8 = sal00: Salinity, Practical [PSU]
# name 9 = sal11: Salinity, Practical, 2 [PSU]
# name 10 = sbox0Mm/Kg: Oxygen, SBE 43 [umol/kg]
# name 11 = sbox1Mm/Kg: Oxygen, SBE 43, 2 [umol/kg]
# name 12 = flECO-AFL: Fluorescence, WET Labs ECO-AFL/FL [mg/m^3]
# name 13 = v2: Voltage 2
# name 14 = wetCDOM: Fluorescence, WET Labs CDOM [mg/m^3]
# name 15 = v6: Voltage 6
# name 16 = CStarAt0: Beam Attenuation, WET Labs C-Star [1/m]
# name 17 = v3: Voltage 3
# name 18 = scan: Scan Count
# name 19 = timeM: Time, Elapsed [minutes]
# name 20 = altM: Altimeter [m]
# name 21 = sbeox0V: Oxygen raw, SBE 43 [V]
# name 22 = sbeox1V: Oxygen raw, SBE 43, 2 [V]
# name 23 = nbin: number of scans per bin
# name 24 = flag: flag
# span 0 =      5.937,   2687.738       
# span 1 =   78.49884,   78.50086       
# span 2 =  125.89583,  125.94131       
# span 3 =      6.000,   2734.000       
# span 4 =    -1.8085,     2.0839       
# span 5 =    -1.8079,     2.0838       
# span 6 =  23.150402,  30.862709       
# span 7 =  23.156615,  30.860611       
# span 8 =    28.6868,    34.9349       
# span 9 =    28.6926,    34.9329       
# span 10 =    279.274,    376.978      
# span 11 =    272.367,    370.512      
# span 12 =    -0.1867,     0.5915      
# span 13 =     4.4811,     4.6349      
# span 14 =     0.0770,     0.1506      
# span 15 =     0.0770,     0.1506      
# span 16 =     0.0464,     0.1815      
# span 17 =     0.0175,     0.0487      
# span 18 =       5070,      81955      
# span 19 =     3.5198,    56.9125      
# span 20 =       8.64,     100.01      
# span 21 =     1.6700,     2.6692      
# span 22 =     1.4982,     2.3220      
# span 23 =          5,         28      
# span 24 = 0.0000e+00, 0.0000e+00      
# interval = decibars: 1                
# start_time = Sep 25 2025 07:31:40 [NMEA time, header]
# bad_flag = -9.990e-29
*END*
[from data line 58]
     63.316   78.49884  125.93905     64.000    -1.8033    -1.8028  26.657655  26.656187    33.7815    33.7790    347.755    341.520    -0.1250     4.6153     0.0921     0.0921     0.0634     0.0200       8414     5.8426     100.00     2.4955     2.1809         20 0.0000e+00
     64.305   78.49884  125.93902     65.000    -1.8013    -1.7998  26.664073  26.664011    33.7876    33.7859    347.833    341.624    -0.1268     4.6159     0.0920     0.0920     0.0629     0.0199       8456     5.8712     100.00     2.4959     2.1815         25 0.0000e+00
     65.295   78.49886  125.93896     66.000    -1.7910    -1.7883  26.678330  26.679672    33.7951    33.7939    347.629    341.081    -0.1328     4.6162     0.0925     0.0925     0.0626     0.0197       8535     5.9263     100.00     2.4952     2.1793         23 0.0000e+00
     66.284   78.49886  125.93893     67.000    -1.7839    -1.7835  26.694544  26.692976    33.8090    33.8063    347.339    341.217    -0.1241     4.6165     0.0907     0.0907     0.0622     0.0200       8571     5.9515     100.00     2.4939     2.1801         22 0.0000e+00
     67.273   78.49886  125.93891     68.000    -1.7835    -1.7815  26.704468  26.704759    33.8218    33.8199    347.157    340.829    -0.1290     4.6163     0.0906     0.0906     0.0625     0.0198       8606     5.9760     100.00     2.4928     2.1783         20 0.0000e+00
     68.262   78.49886  125.93886     69.000    -1.7624    -1.7572  26.730034  26.734406    33.8326    33.8328    346.117    340.681    -0.1253     4.6178     0.0907     0.0907     0.0612     0.0200       8687     6.0318     100.00     2.4880     2.1788         22 0.0000e+00
     69.251   78.49886  125.93882     70.000    -1.7403    -1.7400  26.767384  26.765817    33.8588    33.8563    345.788    339.405    -0.1290     4.6181     0.0899     0.0899     0.0609     0.0198       8729     6.0609     100.00     2.4876     2.1735         20 0.0000e+00
     70.240   78.49886  125.93879     71.000    -1.7479    -1.7476  26.773981  26.772648    33.8760    33.8738    345.298    338.675    -0.1293     4.6172     0.0908     0.0908     0.0617     0.0198       8760     6.0823     100.00     2.4844     2.1696         21 0.0000e+00
     71.229   78.49886  125.93875     72.000    -1.7446    -1.7429  26.783283  26.784376    33.8846    33.8841    343.076    337.672    -0.1348     4.6173     0.0908     0.0908     0.0616     0.0196       8835     6.1346     100.00     2.4716     2.1649         16 0.0000e+00
     72.218   78.49886  125.93871     73.000    -1.7221    -1.7215  26.814061  26.812609    33.9011    33.8984    342.197    335.842    -0.1314     4.6179     0.0909     0.0909     0.0611     0.0197       8886     6.1700     100.00     2.4679     2.1570         18 0.0000e+00
     73.208   78.49886  125.93868     74.000    -1.7172    -1.7157  26.825496  26.825246    33.9108    33.9087    341.794    335.789    -0.1348     4.6179     0.0900     0.0900     0.0611     0.0196       8920     6.1937     100.00     2.4658     2.1569         19 0.0000e+00
     74.197   78.49886  125.93863     75.000    -1.7019    -1.7007  26.844693  26.844223    33.9194    33.9173    340.513    335.050    -0.1316     4.6177     0.0894     0.0894     0.0613     0.0197       8983     6.2378     100.00     2.4591     2.1540         18 0.0000e+00
     75.186   78.49886  125.93860     76.000    -1.7040    -1.7047  26.850459  26.848213    33.9291    33.9268    339.607    334.229    -0.1294     4.6177     0.0899     0.0899     0.0613     0.0198       9039     6.2765     100.00     2.4537     2.1496         17 0.0000e+00
     76.175   78.49886  125.93857     77.000    -1.7258    -1.7255  26.840265  26.839030    33.9393    33.9372    339.195    333.969    -0.1312     4.6178     0.0896     0.0896     0.0612     0.0197       9080     6.3047     100.00     2.4499     2.1473         17 0.0000e+00
     77.164   78.49886  125.93853     78.000    -1.7281    -1.7279  26.845299  26.844046    33.9483    33.9463    338.836    333.530    -0.1275     4.6178     0.0912     0.0912     0.0612     0.0199       9136     6.3437     100.00     2.4475     2.1449         17 0.0000e+00
     78.153   78.49886  125.93850     79.000    -1.7160    -1.7140  26.862509  26.862270    33.9578    33.9552    338.680    332.893    -0.1312     4.6173     0.0904     0.0904     0.0616     0.0197       9192     6.3828     100.00     2.4473     2.1424         17 0.0000e+00
     79.142   78.49886  125.93846     80.000    -1.7176    -1.7201  26.868010  26.864919    33.9666    33.9652    338.698    332.484    -0.1264     4.6178     0.0908     0.0908     0.0612     0.0199       9239     6.4151     100.00     2.4471     2.1400         15 0.0000e+00
     80.131   78.49886  125.93843     81.000    -1.7297    -1.7256  26.866102  26.867773    33.9772    33.9748    338.290    333.157    -0.1271     4.6183     0.0901     0.0901     0.0608     0.0199       9290     6.4508     100.00     2.4440     2.1429         16 0.0000e+00
     81.120   78.49886  125.93839     82.000    -1.7092    -1.7080  26.888913  26.888473    33.9848    33.9828    337.925    332.155    -0.1276     4.6185     0.0903     0.0903     0.0606     0.0199       9347     6.4900     100.00     2.4430     2.1388         17 0.0000e+00
     82.109   78.49888  125.93835     83.000    -1.6858    -1.6851  26.915774  26.914922    33.9948    33.9928    337.523    332.014    -0.1285     4.6187     0.0908     0.0908     0.0604     0.0198       9396     6.5242     100.00     2.4419     2.1392         15 0.0000e+00
     83.099   78.49888  125.93833     84.000    -1.6981    -1.6965  26.914117  26.914356    34.0059    34.0043    337.202    331.858    -0.1271     4.6185     0.0891     0.0891     0.0605     0.0199       9442     6.5563     100.00     2.4393     2.1378         16 0.0000e+00
     84.088   78.49888  125.93828     85.000    -1.6831    -1.6817  26.934046  26.933653    34.0158    34.0137    336.440    331.056    -0.1258     4.6191     0.0883     0.0883     0.0601     0.0200       9502     6.5979     100.00     2.4356     2.1345         17 0.0000e+00
     85.076   78.49888  125.93824     86.000    -1.6712    -1.6697  26.951131  26.950801    34.0253    34.0231    336.399    331.544    -0.1271     4.6196     0.0898     0.0898     0.0597     0.0199       9553     6.6331     100.00     2.4360     2.1374         16 0.0000e+00
     86.066   78.49888  125.93822     87.000    -1.6545    -1.6519  26.971995  26.972413    34.0345    34.0321    336.315    329.995    -0.1290     4.6173     0.0883     0.0883     0.0616     0.0198       9595     6.6625     100.00     2.4364     2.1306         16 0.0000e+00
     87.055   78.49888  125.93817     88.000    -1.6416    -1.6402  26.988223  26.987678    34.0416    34.0393    336.271    331.207    -0.1264     4.6194     0.0880     0.0880     0.0598     0.0199       9657     6.7055     100.00     2.4368     2.1370         18 0.0000e+00
     88.044   78.49888  125.93814     89.000    -1.6173    -1.6146  27.015759  27.016189    34.0514    34.0489    335.925    330.133    -0.1327     4.6197     0.0886     0.0886     0.0596     0.0197       9708     6.7407     100.00     2.4361     2.1329         15 0.0000e+00
     89.033   78.49888  125.93811     90.000    -1.6148    -1.6167  27.024397  27.021755    34.0599    34.0584    335.869    329.302    -0.1293     4.6202     0.0874     0.0874     0.0592     0.0198       9750     6.7703     100.00     2.4358     2.1286         17 0.0000e+00
     90.022   78.49888  125.93807     91.000    -1.6389    -1.6380  27.012529  27.011858    34.0703    34.0684    335.725    330.177    -0.1317     4.6196     0.0869     0.0869     0.0597     0.0197       9805     6.8082     100.00     2.4334     2.1318         19 0.0000e+00
     91.011   78.49888  125.93804     92.000    -1.6263    -1.6255  27.030472  27.029970    34.0802    34.0786    335.487    329.821    -0.1298     4.6204     0.0881     0.0881     0.0590     0.0198       9858     6.8455     100.00     2.4327     2.1306         18 0.0000e+00
     92.000   78.49888  125.93800     93.000    -1.5896    -1.5818  27.070505  27.074859    34.0931    34.0902    335.290    329.642    -0.1290     4.6203     0.0869     0.0869     0.0591     0.0198       9910     6.8814     100.00     2.4337     2.1318         16 0.0000e+00
     92.989   78.49888  125.93796     94.000    -1.5164    -1.5115  27.140987  27.143381    34.1062    34.1040    334.784    328.891    -0.1308     4.6204     0.0872     0.0872     0.0590     0.0197       9956     6.9134     100.00     2.4350     2.1315         21 0.0000e+00
     93.978   78.49888  125.93794     95.000    -1.4915    -1.4882  27.173749  27.175253    34.1224    34.1207    334.253    328.879    -0.1336     4.6195     0.0880     0.0880     0.0598     0.0196      10008     6.9492     100.00     2.4334     2.1326         21 0.0000e+00
     94.967   78.49888  125.93789     96.000    -1.4719    -1.4693  27.200335  27.200966    34.1361    34.1339    333.503    327.629    -0.1286     4.6212     0.0861     0.0861     0.0582     0.0198      10065     6.9888     100.00     2.4301     2.1273         19 0.0000e+00
     95.956   78.49888  125.93786     97.000    -1.4640    -1.4634  27.216291  27.215492    34.1485    34.1467    333.310    327.570    -0.1305     4.6214     0.0850     0.0850     0.0581     0.0198      10110     7.0199     100.00     2.4294     2.1273         20 0.0000e+00
     96.945   78.49889  125.93783     98.000    -1.4513    -1.4474  27.233931  27.235531    34.1577    34.1555    332.949    327.414    -0.1363     4.6207     0.0858     0.0858     0.0587     0.0195      10157     7.0530     100.00     2.4279     2.1272         16 0.0000e+00
     97.934   78.49890  125.93778     99.000    -1.4127    -1.4082  27.272991  27.274986    34.1667    34.1644    332.610    326.584    -0.1306     4.6225     0.0866     0.0866     0.0572     0.0198      10215     7.0927     100.00     2.4281     2.1249         21 0.0000e+00
     98.923   78.49890  125.93776    100.000    -1.3748    -1.3717  27.316950  27.317995    34.1834    34.1812    332.470    326.813    -0.1305     4.6228     0.0873     0.0873     0.0569     0.0198      10262     7.1257     100.00     2.4295     2.1278         20 0.0000e+00
     99.912   78.49890  125.93772    101.000    -1.3259    -1.3157  27.367772  27.374118    34.1968    34.1939    332.133    326.141    -0.1298     4.6226     0.0859     0.0859     0.0571     0.0198      10312     7.1604     100.00     2.4304     2.1272         18 0.0000e+00
    100.901   78.49890  125.93768    102.000    -1.2190    -1.2101  27.468861  27.473743    34.2129    34.2095    331.241    325.349    -0.1436     4.6223     0.0866     0.0866     0.0573     0.0192      10365     7.1975     100.00     2.4314     2.1284         26 0.0000e+00
    101.890   78.49890  125.93766    103.000    -1.1638    -1.1531  27.522033  27.529162    34.2221    34.2197    330.300    324.855    -0.1299     4.6220     0.0871     0.0871     0.0576     0.0198      10414     7.2311     100.00     2.4290     2.1286         23 0.0000e+00
    102.879   78.49890  125.93758    104.000    -1.0791    -1.0759  27.598707  27.603836    34.2298    34.2332    328.369    323.446    -0.1366     4.6224     0.0860     0.0860     0.0573     0.0195      10502     7.2924     100.00     2.4224     2.1253         25 0.0000e+00
    103.868   78.49890  125.93753    105.000    -0.9941    -0.9905  27.688272  27.689236    34.2547    34.2519    326.546    321.084    -0.1320     4.6227     0.0864     0.0864     0.0570     0.0197      10599     7.3597     100.00     2.4167     2.1177         21 0.0000e+00
    104.857   78.49890  125.93750    106.000    -0.9399    -0.9390  27.742208  27.740887    34.2657    34.2630    326.068    320.915    -0.1320     4.6226     0.0849     0.0849     0.0571     0.0197      10626     7.3783     100.00     2.4169     2.1193         20 0.0000e+00
    105.846   78.49890  125.93748    107.000    -0.8827    -0.8818  27.799125  27.797904    34.2775    34.2748    325.401    320.101    -0.1305     4.6226     0.0836     0.0836     0.0571     0.0198      10653     7.3971     100.00     2.4162     2.1179         20 0.0000e+00
    106.835   78.49890  125.93745    108.000    -0.8486    -0.8483  27.835065  27.833111    34.2869    34.2839    324.784    319.612    -0.1547     4.6227     0.0857     0.0857     0.0570     0.0188      10682     7.4171     100.00     2.4145     2.1169         21 0.0000e+00
    107.824   78.49890  125.93743    109.000    -0.8223    -0.8230  27.862518  27.860034    34.2937    34.2911    323.992    318.119    -0.1280     4.6227     0.0870     0.0870     0.0570     0.0199      10713     7.4390     100.00     2.4111     2.1106         18 0.0000e+00
    108.813   78.49890  125.93740    110.000    -0.7960    -0.7952  27.890290  27.888817    34.3007    34.2979    323.329    317.720    -0.1264     4.6226     0.0866     0.0866     0.0570     0.0199      10746     7.4620     100.00     2.4086     2.1098         21 0.0000e+00
    109.801   78.49890  125.93740    111.000    -0.7615    -0.7610  27.925927  27.924413    34.3092    34.3066    322.771    317.202    -0.1309     4.6229     0.0846     0.0846     0.0568     0.0197      10776     7.4824     100.00     2.4071     2.1087         21 0.0000e+00
    110.790   78.49890  125.93737    112.000    -0.7056    -0.7043  27.980640  27.979296    34.3192    34.3158    322.293    315.971    -0.1290     4.6229     0.0869     0.0869     0.0568     0.0198      10804     7.5018     100.00     2.4074     2.1051         20 0.0000e+00
    111.779   78.49890  125.93735    113.000    -0.6771    -0.6767  28.008807  28.007218    34.3243    34.3217    322.237    316.534    -0.1223     4.6233     0.0870     0.0870     0.0564     0.0201      10834     7.5229     100.00     2.4084     2.1091         19 0.0000e+00
    112.768   78.49890  125.93732    114.000    -0.6280    -0.6243  28.060971  28.062058    34.3384    34.3357    321.488    316.220    -0.1415     4.6223     0.0862     0.0862     0.0573     0.0193      10868     7.5466     100.00     2.4068     2.1099         13 0.0000e+00
    113.757   78.49890  125.93729    115.000    -0.5521    -0.5515  28.131224  28.129685    34.3464    34.3437    320.363    315.375    -0.1709     4.6234     0.0848     0.0848     0.0563     0.0181      10900     7.5690     100.00     2.4042     2.1090         20 0.0000e+00
    114.746   78.49890  125.93727    116.000    -0.4809    -0.4728  28.200917  28.204555    34.3589    34.3546    319.481    314.128    -0.1341     4.6244     0.0844     0.0844     0.0555     0.0196      10924     7.5852     100.00     2.4029     2.1063         18 0.0000e+00
    115.735   78.49890  125.93726    117.000    -0.3971    -0.3931  28.278124  28.279203    34.3671    34.3640    318.730    313.605    -0.1259     4.6243     0.0843     0.0843     0.0556     0.0200      10943     7.5989     100.00     2.4030     2.1073         17 0.0000e+00
    116.724   78.49890  125.93726    118.000    -0.3007    -0.2997  28.370201  28.368309    34.3808    34.3772    317.978    312.133    -0.1539     4.6242     0.0831     0.0831     0.0556     0.0188      10964     7.6131     100.00     2.4039     2.1042         13 0.0000e+00
    117.713   78.49890  125.93724    119.000    -0.2603    -0.2553  28.411562  28.413246    34.3899    34.3865    317.798    312.065    -0.1387     4.6252     0.0849     0.0849     0.0548     0.0194      10992     7.6324     100.00     2.4049     2.1058         18 0.0000e+00
    118.702   78.49890  125.93721    120.000    -0.1735    -0.1717  28.495937  28.494949    34.4038    34.4005    316.648    311.196    -0.1293     4.6262     0.0856     0.0856     0.0539     0.0198      11026     7.6559     100.00     2.4028     2.1053         20 0.0000e+00
