Continuous CTD Data/01_SBE Stage/nabos_08_01.ros
* Sea-Bird SBE 9 Data File:
* FileName = D:\CTD\data\HLY2502\raw\NABOS_08_01.hex
* Software Version Seasave V 7.26.7.110
* Temperature SN = 6954
* Conductivity SN = 2561
* Number of Bytes Per Scan = 37
* Number of Voltage Words = 4
* Number of Scans Averaged by the Deck Unit = 1
* NMEA Latitude = 76 01.68 N
* NMEA Longitude = 176 49.39 E
* NMEA UTC (Time) = Sep 14 2025  20:51:02
* NMEA baud rate = 9600
** Ship: USCG HEALY
** Bot. Depth:  554
** Cast Number:  01
** Station Name:  NABOS
** Station Number:  08
** Operator:  STARC
# nquan = 25
# nvalues = 1176                                  
# units = specified
# name 0 = depSM: Depth [salt water, m]
# name 1 = latitude: Latitude [deg]
# name 2 = longitude: Longitude [deg]
# name 3 = prDM: Pressure, Digiquartz [db]
# name 4 = t090C: Temperature [ITS-90, deg C]
# name 5 = t190C: Temperature, 2 [ITS-90, deg C]
# name 6 = c0mS/cm: Conductivity [mS/cm]
# name 7 = c1mS/cm: Conductivity, 2 [mS/cm]
# name 8 = sal00: Salinity, Practical [PSU]
# name 9 = sal11: Salinity, Practical, 2 [PSU]
# name 10 = sbox0Mm/Kg: Oxygen, SBE 43 [umol/kg]
# name 11 = sbox1Mm/Kg: Oxygen, SBE 43, 2 [umol/kg]
# name 12 = flECO-AFL: Fluorescence, WET Labs ECO-AFL/FL [mg/m^3]
# name 13 = v2: Voltage 2
# name 14 = wetCDOM: Fluorescence, WET Labs CDOM [mg/m^3]
# name 15 = v6: Voltage 6
# name 16 = CStarAt0: Beam Attenuation, WET Labs C-Star [1/m]
# name 17 = v3: Voltage 3
# name 18 = scan: Scan Count
# name 19 = timeM: Time, Elapsed [minutes]
# name 20 = altM: Altimeter [m]
# name 21 = sbeox0V: Oxygen raw, SBE 43 [V]
# name 22 = sbeox1V: Oxygen raw, SBE 43, 2 [V]
# name 23 = nbf: Bottles Fired
# name 24 = flag:  0.000e+00
# interval = seconds: 0.0416667
# start_time = Sep 14 2025 20:51:02 [NMEA time, header]
# bad_flag = -9.990e-29
*END*
[from data line 696]
     30.138   76.03210  176.80820     30.458    -1.4816    -1.4803  24.224092  24.220641    30.1007    30.0947    375.106    363.752     0.2908     4.6264     0.1123     0.1123     0.0538     0.0366      66704    46.3215     100.00     2.6213     2.2631         15  0.000e+00
     30.195   76.03210  176.80820     30.516    -1.4819    -1.4803  24.224266  24.221131    30.1012    30.0954    375.326    363.753     0.2908     4.6264     0.1123     0.1123     0.0538     0.0366      66705    46.3222     100.00     2.6225     2.2631         15  0.000e+00
     30.138   76.03210  176.80820     30.458    -1.4817    -1.4803  24.224786  24.221294    30.1018    30.0956    375.104    363.749     0.2602     4.6264     0.1123     0.1123     0.0538     0.0354      66706    46.3229     100.00     2.6213     2.2631         15  0.000e+00
     30.195   76.03210  176.80820     30.516    -1.4819    -1.4807  24.225191  24.221348    30.1025    30.0961    375.107    364.010     0.2908     4.6264     0.1123     0.1123     0.0538     0.0366      66707    46.3236     100.00     2.6213     2.2643         15  0.000e+00
     30.138   76.03210  176.80820     30.458    -1.4822    -1.4810  24.225306  24.221837    30.1030    30.0970    375.321    363.753     0.2908     4.6264     0.1123     0.1123     0.0538     0.0366      66708    46.3243     100.00     2.6225     2.2631         15  0.000e+00
     30.138   76.03210  176.80820     30.458    -1.4822    -1.4812  24.225711  24.221674    30.1035    30.0970    375.320    363.755     0.2908     4.6264     0.1136     0.1136     0.0538     0.0366      66709    46.3250     100.00     2.6225     2.2631         15  0.000e+00
     30.195   76.03210  176.80820     30.516    -1.4822    -1.4810  24.225942  24.221511    30.1038    30.0965    375.322    364.012     0.2908     4.6264     0.1136     0.1136     0.0538     0.0366      66710    46.3257     100.00     2.6225     2.2643         15  0.000e+00
     30.195   76.03210  176.80818     30.516    -1.4822    -1.4812  24.226346  24.221892    30.1044    30.0973    375.320    364.012     0.2602     4.6264     0.1136     0.1136     0.0538     0.0354      66711    46.3264     100.00     2.6225     2.2643         15  0.000e+00
     30.138   76.03210  176.80818     30.458    -1.4825    -1.4808  24.226462  24.221783    30.1049    30.0968    375.320    364.006     0.2908     4.6264     0.1136     0.1136     0.0538     0.0366      66712    46.3271     100.00     2.6225     2.2643         15  0.000e+00
     30.138   76.03210  176.80818     30.458    -1.4826    -1.4806  24.226520  24.221783    30.1051    30.0966    375.320    364.005     0.2908     4.6252     0.1136     0.1136     0.0548     0.0366      66713    46.3278     100.00     2.6225     2.2643         15  0.000e+00
     30.195   76.03210  176.80818     30.516    -1.4825    -1.4809  24.226462  24.221729    30.1048    30.0968    375.322    363.756     0.2908     4.6252     0.1136     0.1136     0.0548     0.0366      66714    46.3285     100.00     2.6225     2.2631         15  0.000e+00
     30.195   76.03210  176.80818     30.516    -1.4825    -1.4808  24.226462  24.221783    30.1048    30.0967    375.107    363.754     0.2908     4.6252     0.1136     0.1136     0.0548     0.0366      66715    46.3292     100.00     2.6213     2.2631         15  0.000e+00
     30.162   76.03210  176.80818     30.483    -1.4825    -1.4807  24.226982  24.221565    30.1056    30.0964    375.319    363.753     0.2908     4.6264     0.1136     0.1136     0.0538     0.0366      66716    46.3299     100.00     2.6225     2.2631         15  0.000e+00
     30.138   76.03210  176.80818     30.458    -1.4827    -1.4803  24.227098  24.221565    30.1059    30.0960    375.318    363.494     0.2908     4.6252     0.1136     0.1136     0.0548     0.0366      66717    46.3306     100.00     2.6225     2.2619         15  0.000e+00
     30.195   76.03210  176.80818     30.516    -1.4825    -1.4807  24.226809  24.221239    30.1053    30.0959    375.321    363.756     0.2908     4.6252     0.1136     0.1136     0.0548     0.0366      66718    46.3312     100.00     2.6225     2.2631         15  0.000e+00
     30.138   76.03210  176.80818     30.458    -1.4827    -1.4803  24.227098  24.221022    30.1059    30.0952    375.318    363.496     0.2908     4.6264     0.1136     0.1136     0.0538     0.0366      66719    46.3319     100.00     2.6225     2.2619         15  0.000e+00
     30.195   76.03210  176.80818     30.516    -1.4830    -1.4806  24.227098  24.220696    30.1062    30.0951    375.108    363.757     0.2908     4.6252     0.1136     0.1136     0.0548     0.0366      66720    46.3326     100.00     2.6213     2.2631         15  0.000e+00
     30.138   76.03210  176.80818     30.458    -1.4827    -1.4808  24.226982  24.221076    30.1058    30.0958    375.104    363.754     0.3213     4.6252     0.1136     0.1136     0.0548     0.0379      66721    46.3333     100.00     2.6213     2.2631         15  0.000e+00
     30.195   76.03210  176.80818     30.516    -1.4831    -1.4809  24.227329  24.221131    30.1067    30.0960    375.109    363.758     0.3518     4.6264     0.1136     0.1136     0.0538     0.0391      66722    46.3340     100.00     2.6213     2.2631         15  0.000e+00
     30.138   76.03210  176.80818     30.458    -1.4830    -1.4810  24.227271  24.221022    30.1064    30.0959    375.320    363.756     0.3213     4.6264     0.1148     0.1148     0.0538     0.0379      66723    46.3347     100.00     2.6225     2.2631         15  0.000e+00
     30.195   76.03210  176.80818     30.516    -1.4828    -1.4807  24.227445  24.220533    30.1065    30.0950    375.106    363.759     0.3213     4.6252     0.1136     0.1136     0.0548     0.0379      66724    46.3354     100.00     2.6213     2.2631         15  0.000e+00
     30.138   76.03210  176.80818     30.458    -1.4830    -1.4801  24.227618  24.220315    30.1069    30.0941    375.103    363.752     0.3213     4.6252     0.1136     0.1136     0.0548     0.0379      66725    46.3361     100.00     2.6213     2.2631         15  0.000e+00
     30.195   76.03210  176.80818     30.516    -1.4830    -1.4802  24.227502  24.220370    30.1067    30.0942    375.107    363.755     0.3213     4.6252     0.1136     0.1136     0.0548     0.0379      66726    46.3368     100.00     2.6213     2.2631         15  0.000e+00
     30.138   76.03210  176.80818     30.458    -1.4830    -1.4801  24.227618  24.219935    30.1069    30.0936    375.103    363.753     0.2908     4.6252     0.1136     0.1136     0.0548     0.0366      66727    46.3375     100.00     2.6213     2.2631         15  0.000e+00
     30.195   76.03210  176.80818     30.516    -1.4830    -1.4800  24.227734  24.220043    30.1070    30.0936    375.321    363.755     0.3213     4.6264     0.1136     0.1136     0.0538     0.0379      66728    46.3382     100.00     2.6225     2.2631         15  0.000e+00
     30.138   76.03210  176.80818     30.458    -1.4828    -1.4798  24.227502  24.219663    30.1066    30.0929    375.102    363.497     0.2908     4.6252     0.1136     0.1136     0.0548     0.0366      66729    46.3389     100.00     2.6213     2.2619         15  0.000e+00
     30.220   76.03210  176.80818     30.541    -1.4828    -1.4796  24.227445  24.219446    30.1065    30.0923    375.322    363.500     0.3213     4.6252     0.1136     0.1136     0.0548     0.0379      66730    46.3396     100.00     2.6225     2.2619         15  0.000e+00
     30.138   76.03210  176.80818     30.458    -1.4828    -1.4797  24.227329  24.218956    30.1063    30.0918    375.103    363.244     0.2908     4.6252     0.1136     0.1136     0.0548     0.0366      66731    46.3403     100.00     2.6213     2.2607         15  0.000e+00
     30.195   76.03210  176.80818     30.516    -1.4830    -1.4796  24.227213  24.218739    30.1063    30.0914    375.108    363.247     0.3213     4.6252     0.1136     0.1136     0.0548     0.0379      66732    46.3410     100.00     2.6213     2.2607         15  0.000e+00
     30.138   76.03210  176.80818     30.458    -1.4828    -1.4797  24.227560  24.218739    30.1067    30.0915    375.102    363.245     0.3213     4.6252     0.1136     0.1136     0.0548     0.0379      66733    46.3417     100.00     2.6213     2.2607         15  0.000e+00
     30.195   76.03212  176.80818     30.516    -1.4830    -1.4797  24.227329  24.219011    30.1065    30.0919    375.323    363.247     0.2908     4.6276     0.1136     0.1136     0.0527     0.0366      66734    46.3424     100.00     2.6225     2.2607         15  0.000e+00
     30.138   76.03212  176.80818     30.458    -1.4828    -1.4797  24.227444  24.218793    30.1065    30.0916    375.103    363.499     0.3213     4.6276     0.1136     0.1136     0.0527     0.0379      66735    46.3431     100.00     2.6213     2.2619         15  0.000e+00
     30.195   76.03212  176.80818     30.516    -1.4830    -1.4798  24.227618  24.218793    30.1069    30.0917    375.106    363.503     0.2908     4.6276     0.1148     0.1148     0.0527     0.0366      66736    46.3438     100.00     2.6213     2.2619         15  0.000e+00
     30.138   76.03212  176.80818     30.458    -1.4831    -1.4797  24.227676  24.218358    30.1072    30.0910    374.889    363.501     0.2908     4.6276     0.1148     0.1148     0.0527     0.0366      66737    46.3444     100.00     2.6200     2.2619         15  0.000e+00
     30.195   76.03212  176.80818     30.516    -1.4831    -1.4797  24.227676  24.218522    30.1071    30.0912    374.892    363.503     0.3518     4.6288     0.1148     0.1148     0.0517     0.0391      66738    46.3451     100.00     2.6200     2.2619         15  0.000e+00
     30.195   76.03212  176.80818     30.516    -1.4831    -1.4797  24.227734  24.218467    30.1072    30.0911    374.892    363.503     0.3213     4.6276     0.1148     0.1148     0.0527     0.0379      66739    46.3458     100.00     2.6200     2.2619         15  0.000e+00
     30.138   76.03212  176.80818     30.458    -1.4830    -1.4795  24.227676  24.218358    30.1070    30.0908    374.888    363.500     0.3213     4.6276     0.1148     0.1148     0.0527     0.0379      66740    46.3465     100.00     2.6200     2.2619         15  0.000e+00
     30.195   76.03212  176.80818     30.516    -1.4831    -1.4794  24.228023  24.218087    30.1076    30.0903    375.106    363.502     0.3213     4.6276     0.1160     0.1160     0.0527     0.0379      66741    46.3472     100.00     2.6213     2.2619         15  0.000e+00
     30.138   76.03212  176.80818     30.458    -1.4831    -1.4794  24.227849  24.217923    30.1074    30.0901    374.888    363.755     0.2908     4.6276     0.1148     0.1148     0.0527     0.0366      66742    46.3479     100.00     2.6200     2.2631         15  0.000e+00
     20.154   76.03222  176.80758     20.367    -1.2844    -1.2885  23.805588  23.802314    29.3421    29.3417    382.307    370.904     0.2297     4.6215     0.1074     0.1074     0.0580     0.0342      68687    47.6986     100.00     2.6651     2.2997         16  0.000e+00
     20.154   76.03222  176.80758     20.367    -1.2842    -1.2880  23.806335  23.805663    29.3430    29.3458    382.088    370.887     0.2297     4.6215     0.1087     0.1087     0.0580     0.0342      68688    47.6993     100.00     2.6639     2.2997         16  0.000e+00
     20.170   76.03222  176.80758     20.384    -1.2842    -1.2873  23.806737  23.808580    29.3435    29.3490    382.087    370.870     0.2297     4.6203     0.1074     0.1074     0.0591     0.0342      68689    47.7000     100.00     2.6639     2.2997         16  0.000e+00
     20.096   76.03222  176.80758     20.309    -1.2841    -1.2867  23.806680  23.809823    29.3433    29.3501    382.082    370.856     0.2297     4.6215     0.1074     0.1074     0.0580     0.0342      68690    47.7007     100.00     2.6639     2.2997         16  0.000e+00
     20.211   76.03222  176.80758     20.425    -1.2841    -1.2859  23.806220  23.811282    29.3426    29.3513    382.090    371.104     0.2297     4.6215     0.1074     0.1074     0.0580     0.0342      68691    47.7014     100.00     2.6639     2.3009         16  0.000e+00
     20.105   76.03222  176.80758     20.317    -1.2841    -1.2856  23.804841  23.812524    29.3408    29.3527    382.090    370.837     0.2297     4.6215     0.1074     0.1074     0.0580     0.0342      68692    47.7021     100.00     2.6639     2.2997         16  0.000e+00
     20.154   76.03222  176.80758     20.367    -1.2841    -1.2857  23.805646  23.814308    29.3419    29.3552    382.089    370.833     0.2297     4.6215     0.1087     0.1087     0.0580     0.0342      68693    47.7028     100.00     2.6639     2.2997         16  0.000e+00
     20.154   76.03222  176.80758     20.367    -1.2846    -1.2854  23.806795  23.817766    29.3439    29.3596    382.304    370.817     0.2297     4.6203     0.1074     0.1074     0.0591     0.0342      68694    47.7035     100.00     2.6651     2.2997         16  0.000e+00
     20.154   76.03222  176.80758     20.367    -1.2844    -1.2851  23.807254  23.821386    29.3444    29.3642    382.085    371.055     0.2297     4.6203     0.1074     0.1074     0.0591     0.0342      68695    47.7042     100.00     2.6639     2.3009         16  0.000e+00
     20.104   76.03222  176.80758     20.317    -1.2840    -1.2845  23.807484  23.823710    29.3443    29.3668    382.293    371.038     0.2297     4.6203     0.1074     0.1074     0.0591     0.0342      68696    47.7049     100.00     2.6651     2.3009         16  0.000e+00
     20.154   76.03222  176.80758     20.367    -1.2838    -1.2845  23.808403  23.824953    29.3453    29.3683    382.075    371.035     0.2297     4.6203     0.1074     0.1074     0.0591     0.0342      68697    47.7056     100.00     2.6639     2.3009         16  0.000e+00
     20.154   76.03222  176.80758     20.367    -1.2840    -1.2838  23.809609  23.827763    29.3471    29.3714    382.072    370.764     0.2297     4.6203     0.1074     0.1074     0.0591     0.0342      68698    47.7062     100.00     2.6639     2.2997         16  0.000e+00
     20.154   76.03222  176.80758     20.367    -1.2840    -1.2839  23.811275  23.831924    29.3494    29.3772    382.280    370.749     0.2297     4.6203     0.1074     0.1074     0.0591     0.0342      68699    47.7069     100.00     2.6651     2.2997         16  0.000e+00
     20.170   76.03222  176.80758     20.384    -1.2841    -1.2836  23.814377  23.836951    29.3537    29.3837    382.054    370.727     0.2297     4.6203     0.1074     0.1074     0.0591     0.0342      68700    47.7076     100.00     2.6639     2.2997         16  0.000e+00
     20.154   76.03222  176.80758     20.367    -1.2829    -1.2833  23.820984  23.839005    29.3614    29.3862    382.231    370.716     0.2297     4.6203     0.1087     0.1087     0.0591     0.0342      68701    47.7083     100.00     2.6651     2.2997         16  0.000e+00
     20.154   76.03222  176.80758     20.367    -1.2806    -1.2835  23.832705  23.837762    29.3750    29.3846    381.948    370.976     0.2297     4.6203     0.1074     0.1074     0.0591     0.0342      68702    47.7090     100.00     2.6639     2.3009         16  0.000e+00
     20.104   76.03222  176.80758     20.317    -1.2775    -1.2839  23.840750  23.834356    29.3828    29.3805    382.101    370.991     0.2297     4.6203     0.1074     0.1074     0.0591     0.0342      68703    47.7097     100.00     2.6651     2.3009         16  0.000e+00
     20.154   76.03222  176.80758     20.367    -1.2765    -1.2839  23.837531  23.831330    29.3775    29.3764    381.894    371.005     0.2297     4.6203     0.1087     0.1087     0.0591     0.0342      68704    47.7104     100.00     2.6639     2.3009         16  0.000e+00
