Continuous CTD Data/01_SBE Stage/nabos_03_02.ros
* Sea-Bird SBE 9 Data File:
* FileName = D:\CTD\data\HLY2502\raw\NABOS_03_02.hex
* Software Version Seasave V 7.26.7.110
* Temperature SN = 6954
* Conductivity SN = 2561
* Number of Bytes Per Scan = 37
* Number of Voltage Words = 4
* Number of Scans Averaged by the Deck Unit = 1
* NMEA Latitude = 74 27.63 N
* NMEA Longitude = 169 54.47 E
* NMEA UTC (Time) = Sep 13 2025  07:50:08
* NMEA baud rate = 9600
** Ship: USCG HEALY
** Bot. Depth:  56
** Cast Number:  02
** Station Name:  NABOS
** Station Number:  03
** Operator:  STARC
** Target 46 m, bottles 24 leaked and 4 spigot leaked on cast 1
# nquan = 25
# nvalues = 588                                   
# units = specified
# name 0 = depSM: Depth [salt water, m]
# name 1 = latitude: Latitude [deg]
# name 2 = longitude: Longitude [deg]
# name 3 = prDM: Pressure, Digiquartz [db]
# name 4 = t090C: Temperature [ITS-90, deg C]
# name 5 = t190C: Temperature, 2 [ITS-90, deg C]
# name 6 = c0mS/cm: Conductivity [mS/cm]
# name 7 = c1mS/cm: Conductivity, 2 [mS/cm]
# name 8 = sal00: Salinity, Practical [PSU]
# name 9 = sal11: Salinity, Practical, 2 [PSU]
# name 10 = sbox0Mm/Kg: Oxygen, SBE 43 [umol/kg]
# name 11 = sbox1Mm/Kg: Oxygen, SBE 43, 2 [umol/kg]
# name 12 = flECO-AFL: Fluorescence, WET Labs ECO-AFL/FL [mg/m^3]
# name 13 = v2: Voltage 2
# name 14 = wetCDOM: Fluorescence, WET Labs CDOM [mg/m^3]
# name 15 = v6: Voltage 6
# name 16 = CStarAt0: Beam Attenuation, WET Labs C-Star [1/m]
# name 17 = v3: Voltage 3
# name 18 = scan: Scan Count
# name 19 = timeM: Time, Elapsed [minutes]
# name 20 = altM: Altimeter [m]
# name 21 = sbeox0V: Oxygen raw, SBE 43 [V]
# name 22 = sbeox1V: Oxygen raw, SBE 43, 2 [V]
# name 23 = nbf: Bottles Fired
# name 24 = flag:  0.000e+00
# interval = seconds: 0.0416667
# start_time = Sep 13 2025 07:50:08 [NMEA time, header]
# bad_flag = -9.990e-29
*END*
     46.148   74.46050  169.90962     46.636    -1.2849    -1.2767  26.415441  26.473501    32.8768    32.9474    183.564    179.016     0.4434     4.5983     0.1319     0.1319     0.0782     0.0427       5097     3.5389       0.12     1.5614     1.4003          1  0.000e+00
     46.172   74.46050  169.90962     46.661    -1.2852    -1.2770  26.413772  26.473108    32.8749    32.9472    183.779    178.771     0.4434     4.6007     0.1319     0.1319     0.0760     0.0427       5098     3.5396       0.10     1.5626     1.3991          1  0.000e+00
     46.148   74.46050  169.90962     46.636    -1.2850    -1.2770  26.415083  26.472491    32.8765    32.9463    183.565    178.524     0.4434     4.6056     0.1319     0.1319     0.0718     0.0427       5099     3.5403       0.10     1.5614     1.3979          1  0.000e+00
     46.148   74.46050  169.90962     46.636    -1.2844    -1.2772  26.413831  26.472827    32.8741    32.9470    183.566    178.276     0.4129     4.6068     0.1319     0.1319     0.0707     0.0415       5100     3.5410       0.12     1.5614     1.3966          1  0.000e+00
     46.148   74.46050  169.90962     46.636    -1.2850    -1.2767  26.405964  26.473837    32.8640    32.9478    183.584    177.776     0.4129     4.6068     0.1319     0.1319     0.0707     0.0415       5101     3.5417       0.12     1.5614     1.3942          1  0.000e+00
     46.172   74.46050  169.90962     46.661    -1.2856    -1.2764  26.398275  26.474455    32.8542    32.9483    183.812    177.526     0.4434     4.6068     0.1319     0.1319     0.0707     0.0427       5102     3.5424       0.07     1.5626     1.3930          1  0.000e+00
     46.148   74.46050  169.90962     46.636    -1.2858    -1.2766  26.400123  26.474791    32.8569    32.9490    183.598    177.773     0.4434     4.6068     0.1319     0.1319     0.0707     0.0427       5103     3.5431       0.05     1.5614     1.3942          1  0.000e+00
     46.213   74.46050  169.90962     46.702    -1.2852    -1.2763  26.408407  26.474286    32.8675    32.9480    183.371    177.775     0.4129     4.6056     0.1319     0.1319     0.0718     0.0415       5104     3.5438       0.02     1.5602     1.3942          1  0.000e+00
     46.148   74.46050  169.90962     46.636    -1.2841    -1.2767  26.417050  26.472547    32.8782    32.9461    183.558    177.778     0.4434     4.6068     0.1319     0.1319     0.0707     0.0427       5105     3.5444       0.02     1.5614     1.3942          1  0.000e+00
     46.172   74.46050  169.90962     46.661    -1.2836    -1.2769  26.424264  26.471481    32.8875    32.9448    183.542    177.782     0.4434     4.6068     0.1319     0.1319     0.0707     0.0427       5106     3.5451       0.02     1.5614     1.3942          1  0.000e+00
     46.148   74.46050  169.90962     46.636    -1.2829    -1.2775  26.431001  26.471817    32.8959    32.9459    183.525    178.031     0.3823     4.6068     0.1319     0.1319     0.0707     0.0403       5107     3.5458       0.02     1.5614     1.3954          1  0.000e+00
     46.213   74.46050  169.90962     46.702    -1.2825    -1.2775  26.435055  26.472379    32.9010    32.9467    183.517    178.279     0.3518     4.6068     0.1319     0.1319     0.0707     0.0391       5108     3.5465       0.02     1.5614     1.3966          1  0.000e+00
     46.148   74.46050  169.90962     46.636    -1.2824    -1.2775  26.435651  26.472547    32.9018    32.9469    183.514    178.277     0.3213     4.6068     0.1319     0.1319     0.0707     0.0379       5109     3.5472       0.02     1.5614     1.3966          1  0.000e+00
     46.172   74.46050  169.90962     46.661    -1.2822    -1.2773  26.435353  26.470639    32.9012    32.9441    183.515    178.529     0.2908     4.6068     0.1319     0.1319     0.0707     0.0366       5110     3.5479       0.00     1.5614     1.3979          1  0.000e+00
     46.148   74.46050  169.90962     46.636    -1.2826    -1.2778  26.434399  26.465589    32.9003    32.9377    183.518    178.540     0.2908     4.6068     0.1319     0.1319     0.0707     0.0366       5111     3.5486       0.00     1.5614     1.3979          1  0.000e+00
     46.148   74.46050  169.90962     46.636    -1.2829    -1.2781  26.432849  26.460652    32.8984    32.9313    183.522    178.551     0.3213     4.6068     0.1319     0.1319     0.0707     0.0379       5112     3.5493       0.02     1.5614     1.3979          1  0.000e+00
     46.148   74.46050  169.90962     46.636    -1.2829    -1.2787  26.429033  26.454537    32.8932    32.9236    183.529    178.813     0.2908     4.6068     0.1319     0.1319     0.0707     0.0366       5113     3.5500       0.00     1.5614     1.3991          1  0.000e+00
     46.238   74.46050  169.90964     46.727    -1.2836    -1.2797  26.424264  26.447918    32.8875    32.9155    183.754    178.831     0.3213     4.6068     0.1319     0.1319     0.0707     0.0379       5114     3.5507       0.02     1.5626     1.3991          1  0.000e+00
     46.148   74.46050  169.90964     46.636    -1.2844    -1.2803  26.417706  26.443206    32.8794    32.9098    183.558    178.841     0.2908     4.6068     0.1319     0.1319     0.0707     0.0366       5115     3.5514       0.02     1.5614     1.3991          1  0.000e+00
     46.148   74.46050  169.90964     46.636    -1.2849    -1.2807  26.411268  26.442758    32.8711    32.9096    183.363    178.843     0.2908     4.6068     0.1319     0.1319     0.0707     0.0366       5116     3.5521       0.00     1.5602     1.3991          1  0.000e+00
     46.213   74.46050  169.90964     46.702    -1.2852    -1.2807  26.404891  26.445450    32.8627    32.9133    183.378    179.088     0.3213     4.6056     0.1319     0.1319     0.0718     0.0379       5117     3.5528       0.02     1.5602     1.4003          1  0.000e+00
     46.172   74.46050  169.90964     46.661    -1.2858    -1.2806  26.398991  26.446291    32.8553    32.9143    183.601    179.085     0.3518     4.6056     0.1319     0.1319     0.0718     0.0391       5118     3.5535       0.02     1.5614     1.4003          1  0.000e+00
     46.148   74.46050  169.90964     46.636    -1.2863    -1.2807  26.392137  26.444160    32.8464    32.9116    183.616    179.089     0.3213     4.6020     0.1319     0.1319     0.0750     0.0379       5119     3.5542       0.02     1.5614     1.4003          1  0.000e+00
     46.213   74.46050  169.90964     46.702    -1.2873    -1.2807  26.379267  26.442141    32.8299    32.9088    183.647    179.094     0.3518     4.6020     0.1319     0.1319     0.0750     0.0391       5120     3.5549       0.02     1.5614     1.4003          1  0.000e+00
     46.148   74.46050  169.90964     46.636    -1.2887    -1.2808  26.365326  26.441860    32.8124    32.9085    183.679    179.093     0.3213     4.6020     0.1319     0.1319     0.0750     0.0379       5121     3.5556       0.02     1.5614     1.4003          1  0.000e+00
     46.213   74.46050  169.90964     46.702    -1.2898    -1.2807  26.353831  26.442758    32.7978    32.9096    183.917    179.341     0.3213     4.6020     0.1319     0.1319     0.0750     0.0379       5122     3.5562       0.00     1.5626     1.4015          1  0.000e+00
     46.172   74.46050  169.90964     46.661    -1.2899    -1.2803  26.349780  26.443543    32.7925    32.9102    183.505    179.337     0.2908     4.6020     0.1319     0.1319     0.0750     0.0366       5123     3.5569       0.00     1.5602     1.4015          1  0.000e+00
     46.213   74.46050  169.90964     46.702    -1.2884    -1.2801  26.360263  26.446740    32.8052    32.9144    183.689    179.331     0.3213     4.6020     0.1319     0.1319     0.0750     0.0379       5124     3.5576       0.00     1.5614     1.4015          1  0.000e+00
     46.213   74.46050  169.90964     46.702    -1.2867    -1.2793  26.383199  26.449489    32.8347    32.9173    183.427    179.075     0.3213     4.6020     0.1319     0.1319     0.0750     0.0379       5125     3.5583       0.02     1.5602     1.4003          1  0.000e+00
     46.148   74.46050  169.90964     46.636    -1.2849    -1.2797  26.404474  26.446852    32.8618    32.9141    183.796    178.831     0.3213     4.6020     0.1319     0.1319     0.0750     0.0379       5126     3.5590       0.02     1.5626     1.3991          1  0.000e+00
     46.238   74.46050  169.90964     46.727    -1.2834    -1.2803  26.416753  26.440346    32.8769    32.9058    183.348    178.600     0.3213     4.6020     0.1319     0.1319     0.0750     0.0379       5127     3.5597       0.02     1.5602     1.3979          1  0.000e+00
     46.213   74.46050  169.90964     46.702    -1.2825    -1.2809  26.423429  26.437037    32.8851    32.9020    183.331    178.608     0.2908     4.6020     0.1319     0.1319     0.0750     0.0366       5128     3.5604       0.00     1.5602     1.3979          1  0.000e+00
     46.213   74.46050  169.90964     46.702    -1.2820    -1.2814  26.428318  26.434850    32.8912    32.8995    183.739    178.614     0.3213     4.6020     0.1319     0.1319     0.0750     0.0379       5129     3.5611       0.00     1.5626     1.3979          1  0.000e+00
     46.148   74.46050  169.90964     46.636    -1.2815    -1.2817  26.434220  26.432719    32.8988    32.8970    183.514    178.618     0.2908     4.6020     0.1319     0.1319     0.0750     0.0366       5130     3.5618       0.02     1.5614     1.3979          1  0.000e+00
     46.238   74.46050  169.90964     46.727    -1.2810    -1.2820  26.440422  26.428008    32.9067    32.8908    183.711    178.631     0.2908     4.6020     0.1319     0.1319     0.0750     0.0366       5131     3.5625       0.05     1.5626     1.3979          1  0.000e+00
     46.213   74.46050  169.90964     46.702    -1.2807    -1.2826  26.445192  26.418195    32.9130    32.8780    183.491    178.403     0.2908     4.6020     0.1319     0.1319     0.0750     0.0366       5132     3.5632       0.05     1.5614     1.3966          1  0.000e+00
     46.213   74.46050  169.90964     46.702    -1.2804    -1.2833  26.447220  26.411579    32.9154    32.8698    183.485    178.419     0.2908     4.6020     0.1319     0.1319     0.0750     0.0366       5133     3.5639       0.02     1.5614     1.3966          1  0.000e+00
     46.213   74.46050  169.90964     46.702    -1.2803    -1.2836  26.449248  26.408215    32.9180    32.8655    183.481    178.426     0.2908     4.6020     0.1319     0.1319     0.0750     0.0366       5134     3.5646       0.02     1.5614     1.3966          1  0.000e+00
     46.238   74.46050  169.90964     46.727    -1.2799    -1.2833  26.450977  26.408832    32.9200    32.8660    183.477    178.425     0.2908     4.6020     0.1306     0.1306     0.0750     0.0366       5135     3.5653       0.05     1.5614     1.3966          1  0.000e+00
     46.213   74.46050  169.90964     46.702    -1.2796    -1.2835  26.453243  26.408888    32.9228    32.8663    183.470    178.176     0.2908     4.6020     0.1306     0.1306     0.0750     0.0366       5136     3.5660       0.05     1.5614     1.3954          1  0.000e+00
     46.271   74.46050  169.90964     46.761    -1.2793    -1.2838  26.455450  26.409561    32.9254    32.8675    183.466    178.177     0.2908     4.6020     0.1306     0.1306     0.0750     0.0366       5137     3.5667       0.05     1.5614     1.3954          1  0.000e+00
     46.213   74.46050  169.90964     46.702    -1.2790    -1.2841  26.457657  26.409225    32.9281    32.8674    183.669    178.426     0.2908     4.6020     0.1306     0.1306     0.0750     0.0366       5138     3.5674       0.07     1.5626     1.3966          1  0.000e+00
     46.238   74.46050  169.90964     46.727    -1.2789    -1.2836  26.460580  26.411748    32.9320    32.8704    183.453    178.420     0.2908     4.6020     0.1306     0.1306     0.0750     0.0366       5139     3.5681       0.05     1.5614     1.3966          1  0.000e+00
     46.271   74.46050  169.90964     46.761    -1.2786    -1.2836  26.463980  26.416009    32.9363    32.8762    183.237    178.413     0.2602     4.6032     0.1306     0.1306     0.0739     0.0354       5140     3.5688       0.02     1.5602     1.3966          1  0.000e+00
     46.213   74.46050  169.90964     46.702    -1.2783    -1.2832  26.468155  26.420214    32.9417    32.8814    183.226    178.401     0.2908     4.6032     0.1306     0.1306     0.0739     0.0366       5141     3.5694       0.02     1.5602     1.3966          1  0.000e+00
     46.271   74.46050  169.90964     46.761    -1.2779    -1.2826  26.473226  26.425317    32.9482    32.8877    183.216    178.639     0.2908     4.6032     0.1306     0.1306     0.0739     0.0366       5142     3.5701       0.02     1.5602     1.3979          1  0.000e+00
     46.238   74.46050  169.90964     46.727    -1.2779    -1.2822  26.477104  26.430251    32.9536    32.8941    183.207    178.627     0.2908     4.6032     0.1306     0.1306     0.0739     0.0366       5143     3.5708       0.05     1.5602     1.3979          1  0.000e+00
     46.271   74.46050  169.90964     46.761    -1.2775    -1.2818  26.480326  26.432831    32.9575    32.8972    183.200    178.870     0.2602     4.6032     0.1306     0.1306     0.0739     0.0354       5144     3.5715       0.07     1.5602     1.3991          1  0.000e+00
     46.271   74.46050  169.90964     46.761    -1.2772    -1.2815  26.483547  26.434009    32.9615    32.8984    183.192    178.866     0.2908     4.6032     0.1306     0.1306     0.0739     0.0366       5145     3.5722       0.07     1.5602     1.3991          1  0.000e+00
     46.213   74.46050  169.90970     46.702    -1.2777    -1.2755  26.473643  26.489326    32.9485    32.9677    183.422    178.983     0.4739     4.6020     0.1306     0.1306     0.0750     0.0440       5274     3.6618       0.20     1.5614     1.4003          2  0.000e+00
     46.213   74.46050  169.90970     46.702    -1.2783    -1.2752  26.469289  26.492076    32.9433    32.9711    183.224    178.977     0.4434     4.6020     0.1306     0.1306     0.0750     0.0427       5275     3.6625       0.20     1.5602     1.4003          2  0.000e+00
     46.213   74.46050  169.90970     46.702    -1.2779    -1.2752  26.472152  26.494097    32.9468    32.9739    183.426    178.725     0.4739     4.6020     0.1306     0.1306     0.0750     0.0440       5276     3.6632       0.20     1.5614     1.3991          2  0.000e+00
     46.238   74.46050  169.90970     46.727    -1.2767    -1.2752  26.479371  26.492413    32.9553    32.9716    183.198    178.977     0.4434     4.6020     0.1306     0.1306     0.0750     0.0427       5277     3.6639       0.22     1.5602     1.4003          2  0.000e+00
     46.148   74.46050  169.90970     46.636    -1.2754    -1.2755  26.484203  26.490000    32.9606    32.9687    183.181    178.980     0.4434     4.6020     0.1306     0.1306     0.0750     0.0427       5278     3.6646       0.20     1.5602     1.4003          2  0.000e+00
     46.271   74.46050  169.90970     46.760    -1.2744    -1.2760  26.490349  26.488260    32.9678    32.9667    183.378    178.989     0.4739     4.6020     0.1306     0.1306     0.0750     0.0440       5279     3.6653       0.20     1.5614     1.4003          2  0.000e+00
     46.148   74.46050  169.90970     46.636    -1.2742    -1.2761  26.495123  26.487418    32.9742    32.9658    183.365    179.236     0.4434     4.6007     0.1306     0.1306     0.0760     0.0427       5280     3.6660       0.20     1.5614     1.4015          2  0.000e+00
     46.238   74.46050  169.90970     46.727    -1.2749    -1.2761  26.490349  26.485959    32.9683    32.9637    183.379    179.241     0.4739     4.6007     0.1306     0.1306     0.0760     0.0440       5281     3.6667       0.20     1.5614     1.4015          2  0.000e+00
