Continuous CTD Data/01_SBE Stage/nabos_10_01.ros
* Sea-Bird SBE 9 Data File:
* FileName = D:\CTD\data\HLY2502\raw\NABOS_10_01.hex
* Software Version Seasave V 7.26.7.110
* Temperature SN = 6954
* Conductivity SN = 2561
* Number of Bytes Per Scan = 37
* Number of Voltage Words = 4
* Number of Scans Averaged by the Deck Unit = 1
* NMEA Latitude = 76 35.18 N
* NMEA Longitude = 179 42.41 W
* NMEA UTC (Time) = Sep 16 2025  00:09:49
* NMEA baud rate = 9600
** Ship: USCG HEALY
** Bot. Depth:  1171
** Cast Number:  01
** Station Name:  NABOS
** Station Number:  10
** Operator:  STARC
** normal CTD cast down to 1165m
# nquan = 25
# nvalues = 1176                                  
# units = specified
# name 0 = depSM: Depth [salt water, m]
# name 1 = latitude: Latitude [deg]
# name 2 = longitude: Longitude [deg]
# name 3 = prDM: Pressure, Digiquartz [db]
# name 4 = t090C: Temperature [ITS-90, deg C]
# name 5 = t190C: Temperature, 2 [ITS-90, deg C]
# name 6 = c0mS/cm: Conductivity [mS/cm]
# name 7 = c1mS/cm: Conductivity, 2 [mS/cm]
# name 8 = sal00: Salinity, Practical [PSU]
# name 9 = sal11: Salinity, Practical, 2 [PSU]
# name 10 = sbox0Mm/Kg: Oxygen, SBE 43 [umol/kg]
# name 11 = sbox1Mm/Kg: Oxygen, SBE 43, 2 [umol/kg]
# name 12 = flECO-AFL: Fluorescence, WET Labs ECO-AFL/FL [mg/m^3]
# name 13 = v2: Voltage 2
# name 14 = wetCDOM: Fluorescence, WET Labs CDOM [mg/m^3]
# name 15 = v6: Voltage 6
# name 16 = CStarAt0: Beam Attenuation, WET Labs C-Star [1/m]
# name 17 = v3: Voltage 3
# name 18 = scan: Scan Count
# name 19 = timeM: Time, Elapsed [minutes]
# name 20 = altM: Altimeter [m]
# name 21 = sbeox0V: Oxygen raw, SBE 43 [V]
# name 22 = sbeox1V: Oxygen raw, SBE 43, 2 [V]
# name 23 = nbf: Bottles Fired
# name 24 = flag:  0.000e+00
# interval = seconds: 0.0416667
# start_time = Sep 16 2025 00:09:49 [NMEA time, header]
# bad_flag = -9.990e-29
*END*
[from data line 928]
     39.569   76.58668 -179.70576     39.991    -1.6332    -1.6332  24.891263  24.890315    31.1643    31.1630    365.007    350.928     0.1381     4.6349     0.1184     0.1184     0.0464     0.0305     126519    87.8597     100.00     2.5691     2.2058         19  0.000e+00
     39.545   76.58668 -179.70576     39.966    -1.6336    -1.6332  24.891496  24.890315    31.1652    31.1630    364.794    351.689     0.1381     4.6337     0.1197     0.1197     0.0474     0.0305     126520    87.8604     100.00     2.5679     2.2095         19  0.000e+00
     39.569   76.58668 -179.70576     39.991    -1.6336    -1.6328  24.891496  24.890535    31.1651    31.1629    365.010    351.940     0.1381     4.6349     0.1197     0.1197     0.0464     0.0305     126521    87.8611     100.00     2.5691     2.2107         19  0.000e+00
     29.781   76.58678 -179.70562     30.098    -1.5208    -1.5196  24.559937  24.555637    30.5993    30.5922    377.305    370.595     0.4129     4.6166     0.1221     0.1221     0.0622     0.0415     129192    89.7160     100.00     2.6397     2.3009         20  0.000e+00
     29.781   76.58678 -179.70562     30.098    -1.5205    -1.5194  24.560170  24.555473    30.5992    30.5917    377.301    370.847     0.4129     4.6154     0.1209     0.1209     0.0633     0.0415     129193    89.7167     100.00     2.6397     2.3021         20  0.000e+00
     29.781   76.58678 -179.70562     30.098    -1.5206    -1.5188  24.559879  24.555036    30.5990    30.5905    377.304    370.845     0.4434     4.6154     0.1221     0.1221     0.0633     0.0427     129194    89.7174      97.17     2.6397     2.3021         20  0.000e+00
     29.781   76.58678 -179.70562     30.098    -1.5205    -1.5186  24.559589  24.554763    30.5984    30.5900    377.303    370.590     0.4129     4.6154     0.1258     0.1258     0.0633     0.0415     129195    89.7181      93.04     2.6397     2.3009         20  0.000e+00
     29.781   76.58678 -179.70562     30.098    -1.5205    -1.5179  24.559299  24.553944    30.5980    30.5881    377.305    370.334     0.4129     4.6154     0.1270     0.1270     0.0633     0.0415     129196    89.7188      91.82     2.6397     2.2996         20  0.000e+00
     29.781   76.58678 -179.70562     30.098    -1.5203    -1.5179  24.559066  24.553725    30.5976    30.5877    377.304    370.588     0.4434     4.6166     0.1270     0.1270     0.0622     0.0427     129197    89.7194      91.87     2.6397     2.3009         20  0.000e+00
     29.724   76.58678 -179.70562     30.040    -1.5200    -1.5173  24.558892  24.553124    30.5971    30.5864    377.299    370.837     0.4434     4.6154     0.1270     0.1270     0.0633     0.0427     129198    89.7201      92.01     2.6397     2.3021         20  0.000e+00
     29.806   76.58678 -179.70562     30.123    -1.5200    -1.5176  24.558427  24.553124    30.5964    30.5866    377.306    370.843     0.4434     4.6154     0.1270     0.1270     0.0633     0.0427     129199    89.7208      92.09     2.6397     2.3021         20  0.000e+00
     29.724   76.58678 -179.70562     30.040    -1.5195    -1.5181  24.557905  24.553616    30.5952    30.5879    377.299    371.095     0.4129     4.6154     0.1245     0.1245     0.0633     0.0415     129200    89.7215      94.82     2.6397     2.3033         20  0.000e+00
     29.781   76.58678 -179.70562     30.098    -1.5199    -1.5182  24.558137  24.554053    30.5958    30.5885    377.304    371.351     0.4434     4.6154     0.1209     0.1209     0.0633     0.0427     129201    89.7222      98.49     2.6397     2.3045         20  0.000e+00
     29.781   76.58678 -179.70562     30.098    -1.5197    -1.5184  24.558718  24.554763    30.5964    30.5897    377.300    371.604     0.4434     4.6166     0.1221     0.1221     0.0622     0.0427     129202    89.7229     100.00     2.6397     2.3058         20  0.000e+00
     29.781   76.58678 -179.70562     30.098    -1.5199    -1.5185  24.558776  24.554927    30.5967    30.5901    377.516    371.350     0.4434     4.6154     0.1209     0.1209     0.0633     0.0427     129203    89.7236     100.00     2.6409     2.3045         20  0.000e+00
     29.781   76.58678 -179.70562     30.098    -1.5201    -1.5191  24.558602  24.555309    30.5967    30.5911    377.304    371.353     0.4129     4.6154     0.1209     0.1209     0.0633     0.0415     129204    89.7243     100.00     2.6397     2.3045         20  0.000e+00
     29.781   76.58678 -179.70562     30.098    -1.5200    -1.5194  24.558544  24.555746    30.5966    30.5921    377.518    370.847     0.4129     4.6154     0.1221     0.1221     0.0633     0.0415     129205    89.7250     100.00     2.6409     2.3021         20  0.000e+00
     29.781   76.58678 -179.70562     30.098    -1.5199    -1.5197  24.558718  24.555910    30.5966    30.5926    377.301    371.102     0.4434     4.6154     0.1209     0.1209     0.0633     0.0427     129206    89.7257     100.00     2.6397     2.3033         20  0.000e+00
     29.781   76.58678 -179.70562     30.098    -1.5202    -1.5201  24.558602  24.556074    30.5968    30.5932    377.305    371.359     0.4434     4.6154     0.1209     0.1209     0.0633     0.0427     129207    89.7264     100.00     2.6397     2.3045         20  0.000e+00
     29.724   76.58678 -179.70562     30.040    -1.5201    -1.5195  24.558718  24.555418    30.5969    30.5918    377.515    371.862     0.4434     4.6142     0.1209     0.1209     0.0644     0.0427     129208    89.7271     100.00     2.6409     2.3070         20  0.000e+00
     29.781   76.58678 -179.70562     30.098    -1.5204    -1.5193  24.558427  24.555364    30.5967    30.5915    377.307    372.117     0.4129     4.6142     0.1209     0.1209     0.0644     0.0415     129209    89.7278     100.00     2.6397     2.3082         20  0.000e+00
     29.781   76.58678 -179.70562     30.098    -1.5201    -1.5188  24.558137  24.555255    30.5961    30.5908    377.521    372.621     0.4434     4.6142     0.1221     0.1221     0.0644     0.0427     129210    89.7285     100.00     2.6409     2.3106         20  0.000e+00
     29.740   76.58678 -179.70562     30.057    -1.5199    -1.5188  24.557498  24.554599    30.5950    30.5900    377.304    372.876     0.4434     4.6142     0.1209     0.1209     0.0644     0.0427     129211    89.7292     100.00     2.6397     2.3119         20  0.000e+00
     29.782   76.58678 -179.70562     30.098    -1.5195    -1.5184  24.557208  24.553561    30.5942    30.5881    377.305    373.132     0.4129     4.6142     0.1209     0.1209     0.0644     0.0415     129212    89.7299     100.00     2.6397     2.3131         20  0.000e+00
     29.782   76.58678 -179.70562     30.098    -1.5192    -1.5182  24.556743  24.553780    30.5933    30.5881    377.304    372.875     0.4129     4.6142     0.1197     0.1197     0.0644     0.0415     129213    89.7306     100.00     2.6397     2.3119         20  0.000e+00
     29.782   76.58678 -179.70562     30.098    -1.5191    -1.5179  24.556801  24.553944    30.5932    30.5881    377.303    372.365     0.4434     4.6142     0.1197     0.1197     0.0644     0.0427     129214    89.7313     100.00     2.6397     2.3094         20  0.000e+00
     29.782   76.58678 -179.70562     30.098    -1.5191    -1.5180  24.556453  24.554162    30.5927    30.5885    377.304    371.349     0.4129     4.6142     0.1197     0.1197     0.0644     0.0415     129215    89.7319     100.00     2.6397     2.3045         20  0.000e+00
     29.782   76.58678 -179.70562     30.098    -1.5188    -1.5179  24.556162  24.554162    30.5920    30.5884    377.303    370.586     0.4434     4.6142     0.1197     0.1197     0.0644     0.0427     129216    89.7326     100.00     2.6397     2.3009         20  0.000e+00
     29.724   76.58678 -179.70562     30.040    -1.5186    -1.5180  24.556337  24.554381    30.5921    30.5888    377.298    369.821     0.4129     4.6142     0.1197     0.1197     0.0644     0.0415     129217    89.7333     100.00     2.6397     2.2972         20  0.000e+00
     29.782   76.58678 -179.70562     30.098    -1.5183    -1.5182  24.556162  24.554435    30.5916    30.5891    377.299    368.302     0.4434     4.6142     0.1197     0.1197     0.0644     0.0427     129218    89.7340     100.00     2.6397     2.2899         20  0.000e+00
     29.782   76.58678 -179.70562     30.098    -1.5180    -1.5182  24.555930  24.554108    30.5909    30.5886    377.512    367.033     0.4434     4.6142     0.1197     0.1197     0.0644     0.0427     129219    89.7347     100.00     2.6409     2.2838         20  0.000e+00
     29.839   76.58678 -179.70562     30.156    -1.5179    -1.5184  24.556046  24.554326    30.5909    30.5891    377.299    366.783     0.4129     4.6142     0.1209     0.1209     0.0644     0.0415     129220    89.7354     100.00     2.6397     2.2825         20  0.000e+00
     29.724   76.58678 -179.70562     30.040    -1.5180    -1.5181  24.555930  24.554271    30.5909    30.5888    377.509    369.061     0.4434     4.6142     0.1209     0.1209     0.0644     0.0427     129221    89.7361     100.00     2.6409     2.2935         20  0.000e+00
     29.782   76.58678 -179.70562     30.098    -1.5181    -1.5180  24.555930  24.554763    30.5910    30.5893    377.512    373.378     0.4129     4.6142     0.1197     0.1197     0.0644     0.0415     129222    89.7368     100.00     2.6409     2.3143         20  0.000e+00
     29.741   76.58678 -179.70562     30.057    -1.5183    -1.5182  24.556046  24.554927    30.5914    30.5898    377.297    376.678     0.4129     4.6142     0.1209     0.1209     0.0644     0.0415     129223    89.7375     100.00     2.6397     2.3302         20  0.000e+00
     29.782   76.58678 -179.70562     30.098    -1.5179    -1.5186  24.555175  24.555091    30.5898    30.5904    377.299    378.461     0.4129     4.6142     0.1209     0.1209     0.0644     0.0415     129224    89.7382     100.00     2.6397     2.3387         20  0.000e+00
     29.782   76.58678 -179.70562     30.098    -1.5176    -1.5190  24.555407  24.555528    30.5897    30.5914    377.510    378.716     0.4129     4.6142     0.1209     0.1209     0.0644     0.0415     129225    89.7389     100.00     2.6409     2.3399         20  0.000e+00
     29.782   76.58678 -179.70562     30.098    -1.5173    -1.5194  24.555291  24.555801    30.5893    30.5921    377.508    378.464     0.4434     4.6142     0.1197     0.1197     0.0644     0.0427     129226    89.7396     100.00     2.6409     2.3387         20  0.000e+00
     29.782   76.58678 -179.70562     30.098    -1.5174    -1.5196  24.554943  24.555692    30.5889    30.5922    377.510    378.213     0.4434     4.6142     0.1197     0.1197     0.0644     0.0427     129227    89.7403     100.00     2.6409     2.3375         20  0.000e+00
     29.782   76.58678 -179.70562     30.098    -1.5181    -1.5192  24.554769  24.555637    30.5894    30.5918    377.517    377.956     0.4434     4.6142     0.1209     0.1209     0.0644     0.0427     129228    89.7410     100.00     2.6409     2.3363         20  0.000e+00
     29.782   76.58678 -179.70562     30.098    -1.5186    -1.5197  24.554827  24.555801    30.5900    30.5925    377.521    377.451     0.4434     4.6142     0.1197     0.1197     0.0644     0.0427     129229    89.7417     100.00     2.6409     2.3338         20  0.000e+00
     29.724   76.58678 -179.70562     30.040    -1.5183    -1.5199  24.554362  24.556675    30.5891    30.5939    377.303    376.684     0.4434     4.6142     0.1197     0.1197     0.0644     0.0427     129230    89.7424     100.00     2.6397     2.3302         20  0.000e+00
     29.782   76.58678 -179.70562     30.098    -1.5183    -1.5202  24.554362  24.556839    30.5890    30.5944    377.520    375.927     0.4434     4.6142     0.1197     0.1197     0.0644     0.0427     129231    89.7431     100.00     2.6409     2.3265         20  0.000e+00
     29.782   76.58678 -179.70562     30.098    -1.5182    -1.5202  24.554420  24.557221    30.5890    30.5949    377.519    375.164     0.4434     4.6142     0.1209     0.1209     0.0644     0.0427     129232    89.7438     100.00     2.6409     2.3228         20  0.000e+00
     29.782   76.58678 -179.70562     30.098    -1.5183    -1.5206  24.554653  24.557877    30.5894    30.5962    377.734    374.910     0.4434     4.6142     0.1209     0.1209     0.0644     0.0427     129233    89.7444     100.00     2.6422     2.3216         20  0.000e+00
     29.806   76.58678 -179.70562     30.123    -1.5180    -1.5208  24.554653  24.557877    30.5891    30.5964    377.518    374.660     0.4434     4.6142     0.1197     0.1197     0.0644     0.0427     129234    89.7451     100.00     2.6409     2.3204         20  0.000e+00
     29.782   76.58678 -179.70562     30.098    -1.5181    -1.5205  24.554304  24.557822    30.5887    30.5960    377.733    374.148     0.4434     4.6142     0.1197     0.1197     0.0644     0.0427     129235    89.7458     100.00     2.6422     2.3180         20  0.000e+00
     29.724   76.58678 -179.70562     30.040    -1.5182    -1.5204  24.554188  24.557494    30.5887    30.5955    377.517    373.892     0.4739     4.6142     0.1209     0.1209     0.0644     0.0440     129236    89.7465     100.00     2.6409     2.3167         20  0.000e+00
     29.782   76.58678 -179.70562     30.098    -1.5179    -1.5197  24.554188  24.557877    30.5884    30.5953    377.517    373.633     0.4434     4.6142     0.1209     0.1209     0.0644     0.0427     129237    89.7472     100.00     2.6409     2.3155         20  0.000e+00
     29.782   76.58678 -179.70562     30.099    -1.5174    -1.5196  24.553898  24.557658    30.5875    30.5949    377.514    373.379     0.4434     4.6142     0.1209     0.1209     0.0644     0.0427     129238    89.7479     100.00     2.6409     2.3143         20  0.000e+00
     29.782   76.58678 -179.70562     30.099    -1.5173    -1.5201  24.553143  24.557603    30.5863    30.5953    377.516    373.638     0.4434     4.6142     0.1209     0.1209     0.0644     0.0427     129239    89.7486     100.00     2.6409     2.3155         20  0.000e+00
     29.782   76.58678 -179.70562     30.099    -1.5169    -1.5203  24.552794  24.557767    30.5855    30.5957    377.730    373.131     0.4739     4.6142     0.1221     0.1221     0.0644     0.0440     129240    89.7493     100.00     2.6422     2.3131         20  0.000e+00
     25.317   76.58684 -179.70550     25.586    -1.4007    -1.4020  24.359848  24.365254    30.2065    30.2151    379.191    368.336     0.4739     4.5995     0.1160     0.1160     0.0771     0.0440     131205    91.1139     100.00     2.6530     2.2922         21  0.000e+00
     25.375   76.58684 -179.70550     25.644    -1.4007    -1.4020  24.360428  24.364818    30.2072    30.2145    378.977    368.341     0.4739     4.5983     0.1160     0.1160     0.0782     0.0440     131206    91.1146     100.00     2.6517     2.2922         21  0.000e+00
     25.432   76.58684 -179.70550     25.702    -1.4014    -1.4019  24.361296  24.364491    30.2090    30.2139    378.982    368.091     0.5044     4.5983     0.1136     0.1136     0.0782     0.0452     131207    91.1153     100.00     2.6517     2.2910         21  0.000e+00
     25.391   76.58684 -179.70550     25.661    -1.4010    -1.4022  24.361991  24.364437    30.2096    30.2141    378.974    368.091     0.4739     4.5983     0.1136     0.1136     0.0782     0.0440     131208    91.1160     100.00     2.6517     2.2910         21  0.000e+00
     25.317   76.58684 -179.70550     25.586    -1.4015    -1.4020  24.362396  24.364437    30.2107    30.2140    378.973    367.579     0.5044     4.5983     0.1136     0.1136     0.0782     0.0452     131209    91.1167     100.00     2.6517     2.2885         21  0.000e+00
