Continuous CTD Data/01_SBE Stage/nabos_15_01.ros
* Sea-Bird SBE 9 Data File:
* FileName = D:\CTD\data\HLY2502\raw\NABOS_15_01.hex
* Software Version Seasave V 7.26.7.110
* Temperature SN = 6954
* Conductivity SN = 2561
* Number of Bytes Per Scan = 37
* Number of Voltage Words = 4
* Number of Scans Averaged by the Deck Unit = 1
* NMEA Latitude = 78 30.10 N
* NMEA Longitude = 170 08.69 W
* NMEA UTC (Time) = Sep 09 2025  12:18:25
* NMEA baud rate = 9600
** Ship: USCG HEALY
** Bot. Depth:  2700
** Cast Number:
** Station Name:  15
** Station Number:
** Operator:  STARC
# nquan = 25
# nvalues = 1122                                  
# units = specified
# name 0 = depSM: Depth [salt water, m]
# name 1 = latitude: Latitude [deg]
# name 2 = longitude: Longitude [deg]
# name 3 = prDM: Pressure, Digiquartz [db]
# name 4 = t090C: Temperature [ITS-90, deg C]
# name 5 = t190C: Temperature, 2 [ITS-90, deg C]
# name 6 = c0mS/cm: Conductivity [mS/cm]
# name 7 = c1mS/cm: Conductivity, 2 [mS/cm]
# name 8 = sal00: Salinity, Practical [PSU]
# name 9 = sal11: Salinity, Practical, 2 [PSU]
# name 10 = sbox0Mm/Kg: Oxygen, SBE 43 [umol/kg]
# name 11 = sbox1Mm/Kg: Oxygen, SBE 43, 2 [umol/kg]
# name 12 = flECO-AFL: Fluorescence, WET Labs ECO-AFL/FL [mg/m^3]
# name 13 = v2: Voltage 2
# name 14 = wetCDOM: Fluorescence, WET Labs CDOM [mg/m^3]
# name 15 = v6: Voltage 6
# name 16 = CStarAt0: Beam Attenuation, WET Labs C-Star [1/m]
# name 17 = v3: Voltage 3
# name 18 = scan: Scan Count
# name 19 = timeM: Time, Elapsed [minutes]
# name 20 = altM: Altimeter [m]
# name 21 = sbeox0V: Oxygen raw, SBE 43 [V]
# name 22 = sbeox1V: Oxygen raw, SBE 43, 2 [V]
# name 23 = nbf: Bottles Fired
# name 24 = flag:  0.000e+00
# interval = seconds: 0.0416667
# start_time = Sep 09 2025 12:18:25 [NMEA time, header]
# bad_flag = -9.990e-29
*END*
[from data line 232]
    754.915   78.49664 -170.00884    764.356     0.3338     0.3337  29.564841  29.563224    34.8602    34.8582    291.647    283.173    -0.1366     4.6703     0.0806     0.0806     0.0159     0.0195     154644   107.3910     100.00     2.1388     1.8695          5  0.000e+00
    754.857   78.49664 -170.00884    764.297     0.3338     0.3339  29.564840  29.563048    34.8603    34.8577    291.644    283.427    -0.1366     4.6703     0.0818     0.0818     0.0159     0.0195     154645   107.3917     100.00     2.1388     1.8707          5  0.000e+00
    754.857   78.49664 -170.00884    764.297     0.3339     0.3336  29.564840  29.562931    34.8601    34.8580    291.643    283.687    -0.1366     4.6703     0.0806     0.0806     0.0159     0.0195     154646   107.3924     100.00     2.1388     1.8719          5  0.000e+00
    754.857   78.49664 -170.00884    764.297     0.3338     0.3336  29.564902  29.562931    34.8603    34.8580    291.861    283.944    -0.1366     4.6703     0.0806     0.0806     0.0159     0.0195     154647   107.3931     100.00     2.1401     1.8731          5  0.000e+00
    754.857   78.49664 -170.00884    764.297     0.3338     0.3337  29.564840  29.563282    34.8603    34.8583    291.644    284.200    -0.1366     4.6703     0.0806     0.0806     0.0159     0.0195     154648   107.3937     100.00     2.1388     1.8744          5  0.000e+00
    754.915   78.49664 -170.00884    764.356     0.3339     0.3336  29.565027  29.562815    34.8603    34.8578    291.645    284.719    -0.1366     4.6703     0.0806     0.0806     0.0159     0.0195     154649   107.3944     100.00     2.1388     1.8768          5  0.000e+00
    754.924   78.49664 -170.00884    764.365     0.3339     0.3337  29.564903  29.563224    34.8601    34.8581    291.645    284.460    -0.1366     4.6703     0.0806     0.0806     0.0159     0.0195     154650   107.3951     100.00     2.1388     1.8756          5  0.000e+00
    754.857   78.49664 -170.00884    764.297     0.3339     0.3339  29.564654  29.563457    34.8598    34.8583    291.643    284.198    -0.1366     4.6703     0.0806     0.0806     0.0159     0.0195     154651   107.3958     100.00     2.1388     1.8744          5  0.000e+00
    754.915   78.49664 -170.00884    764.356     0.3339     0.3339  29.564778  29.563224    34.8600    34.8579    291.863    283.686    -0.1366     4.6703     0.0818     0.0818     0.0159     0.0195     154652   107.3965     100.00     2.1400     1.8719          5  0.000e+00
    754.857   78.49664 -170.00884    764.297     0.3339     0.3339  29.565213  29.563340    34.8606    34.8582    291.642    283.684    -0.1366     4.6703     0.0818     0.0818     0.0159     0.0195     154653   107.3972     100.00     2.1388     1.8719          5  0.000e+00
    754.915   78.49664 -170.00884    764.356     0.3339     0.3337  29.564965  29.563224    34.8602    34.8581    291.645    283.430    -0.1366     4.6703     0.0830     0.0830     0.0159     0.0195     154654   107.3979     100.00     2.1388     1.8707          5  0.000e+00
    754.924   78.49664 -170.00884    764.365     0.3339     0.3340  29.564654  29.563165    34.8598    34.8577    291.646    283.686    -0.1366     4.6703     0.0830     0.0830     0.0159     0.0195     154655   107.3986     100.00     2.1388     1.8719          5  0.000e+00
    754.915   78.49664 -170.00884    764.356     0.3341     0.3339  29.564530  29.563165    34.8594    34.8579    291.862    283.429    -0.1366     4.6703     0.0818     0.0818     0.0159     0.0195     154656   107.3993     100.00     2.1400     1.8707          5  0.000e+00
    502.163   78.49620 -170.00374    508.130     0.7230     0.7226  29.773679  29.772125    34.8439    34.8423    290.671    284.832    -0.1671     4.6679     0.0806     0.0806     0.0180     0.0183     163973   113.8694     100.00     2.2086     1.9397          6  0.000e+00
    502.163   78.49620 -170.00374    508.130     0.7228     0.7225  29.774115  29.772125    34.8447    34.8425    290.671    284.588    -0.1976     4.6691     0.0806     0.0806     0.0170     0.0171     163974   113.8701     100.00     2.2086     1.9385          6  0.000e+00
    502.163   78.49620 -170.00374    508.130     0.7230     0.7226  29.774551  29.772301    34.8451    34.8425    290.669    284.586    -0.1671     4.6691     0.0794     0.0794     0.0170     0.0183     163975   113.8708     100.00     2.2086     1.9385          6  0.000e+00
    502.163   78.49620 -170.00374    508.130     0.7232     0.7226  29.774426  29.771950    34.8447    34.8421    290.668    284.341    -0.1671     4.6679     0.0794     0.0794     0.0180     0.0183     163976   113.8715     100.00     2.2086     1.9373          6  0.000e+00
    502.163   78.49620 -170.00374    508.130     0.7233     0.7226  29.774551  29.772243    34.8447    34.8425    290.874    284.340    -0.1671     4.6691     0.0794     0.0794     0.0170     0.0183     163977   113.8722     100.00     2.2099     1.9373          6  0.000e+00
    502.229   78.49620 -170.00374    508.197     0.7233     0.7226  29.774426  29.772243    34.8445    34.8424    290.670    284.343    -0.1976     4.6691     0.0794     0.0794     0.0170     0.0171     163978   113.8729     100.00     2.2086     1.9373          6  0.000e+00
    502.163   78.49620 -170.00374    508.130     0.7235     0.7225  29.774738  29.772360    34.8448    34.8428    290.873    284.095    -0.1671     4.6691     0.0794     0.0794     0.0170     0.0183     163979   113.8736     100.00     2.2099     1.9360          6  0.000e+00
    502.163   78.49620 -170.00374    508.130     0.7238     0.7226  29.775112  29.772829    34.8449    34.8432    290.870    284.093    -0.1976     4.6691     0.0794     0.0794     0.0170     0.0171     163980   113.8743     100.00     2.2099     1.9360          6  0.000e+00
    502.163   78.49620 -170.00374    508.130     0.7238     0.7227  29.774800  29.772711    34.8445    34.8430    290.663    283.847    -0.1671     4.6679     0.0794     0.0794     0.0180     0.0183     163981   113.8750     100.00     2.2086     1.9348          6  0.000e+00
    502.229   78.49620 -170.00374    508.197     0.7233     0.7231  29.774863  29.772653    34.8451    34.8424    290.876    283.848    -0.1671     4.6691     0.0806     0.0806     0.0170     0.0183     163982   113.8757     100.00     2.2098     1.9348          6  0.000e+00
    502.163   78.49620 -170.00374    508.130     0.7235     0.7229  29.774738  29.773063    34.8448    34.8432    290.665    283.845    -0.1671     4.6691     0.0806     0.0806     0.0170     0.0183     163983   113.8764     100.00     2.2086     1.9348          6  0.000e+00
    502.229   78.49620 -170.00374    508.197     0.7233     0.7231  29.774676  29.773239    34.8448    34.8432    290.669    283.846    -0.1671     4.6691     0.0794     0.0794     0.0170     0.0183     163984   113.8771     100.00     2.2086     1.9348          6  0.000e+00
    502.163   78.49620 -170.00374    508.131     0.7235     0.7231  29.775049  29.773004    34.8452    34.8429    290.664    283.598    -0.1976     4.6691     0.0806     0.0806     0.0170     0.0171     163985   113.8778     100.00     2.2086     1.9336          6  0.000e+00
    502.229   78.49620 -170.00374    508.197     0.7236     0.7234  29.774987  29.772946    34.8449    34.8425    290.873    283.600    -0.1671     4.6691     0.0794     0.0794     0.0170     0.0183     163986   113.8785     100.00     2.2098     1.9336          6  0.000e+00
    502.229   78.49620 -170.00374    508.197     0.7236     0.7232  29.775112  29.772712    34.8450    34.8424    290.873    283.356    -0.1671     4.6691     0.0794     0.0794     0.0170     0.0183     163987   113.8792     100.00     2.2098     1.9323          6  0.000e+00
    502.163   78.49620 -170.00374    508.131     0.7236     0.7231  29.774987  29.772887    34.8449    34.8428    290.663    283.353    -0.1976     4.6691     0.0794     0.0794     0.0170     0.0171     163988   113.8799     100.00     2.2086     1.9323          6  0.000e+00
    502.229   78.49620 -170.00374    508.197     0.7236     0.7234  29.775299  29.772712    34.8453    34.8422    290.872    283.109    -0.1671     4.6691     0.0794     0.0794     0.0170     0.0183     163989   113.8806     100.00     2.2098     1.9311          6  0.000e+00
    502.229   78.49620 -170.00374    508.197     0.7236     0.7231  29.775049  29.772653    34.8450    34.8424    290.666    283.111    -0.1671     4.6691     0.0794     0.0794     0.0170     0.0183     163990   113.8812     100.00     2.2086     1.9311          6  0.000e+00
    502.229   78.49620 -170.00374    508.197     0.7236     0.7229  29.775112  29.772712    34.8450    34.8427    290.665    283.111    -0.1671     4.6691     0.0794     0.0794     0.0170     0.0183     163991   113.8819     100.00     2.2086     1.9311          6  0.000e+00
    502.229   78.49620 -170.00374    508.197     0.7236     0.7232  29.774987  29.772887    34.8449    34.8426    290.665    283.109    -0.1976     4.6691     0.0794     0.0794     0.0170     0.0171     163992   113.8826     100.00     2.2086     1.9311          6  0.000e+00
    502.229   78.49620 -170.00372    508.197     0.7235     0.7231  29.775112  29.772946    34.8452    34.8428    290.666    282.864    -0.1671     4.6691     0.0794     0.0794     0.0170     0.0183     163993   113.8833     100.00     2.2086     1.9299          6  0.000e+00
    502.229   78.49620 -170.00372    508.197     0.7236     0.7234  29.775423  29.773180    34.8454    34.8428    290.664    282.616    -0.1671     4.6691     0.0794     0.0794     0.0170     0.0183     163994   113.8840     100.00     2.2086     1.9287          6  0.000e+00
    502.163   78.49620 -170.00372    508.131     0.7238     0.7234  29.775298  29.773239    34.8452    34.8429    290.661    282.613    -0.1976     4.6691     0.0794     0.0794     0.0170     0.0171     163995   113.8847     100.00     2.2086     1.9287          6  0.000e+00
    502.287   78.49620 -170.00372    508.256     0.7236     0.7235  29.774800  29.773473    34.8446    34.8430    290.668    282.617    -0.1671     4.6703     0.0794     0.0794     0.0159     0.0183     163996   113.8854     100.00     2.2086     1.9287          6  0.000e+00
    502.229   78.49620 -170.00372    508.197     0.7235     0.7234  29.774863  29.772887    34.8449    34.8424    290.666    282.126    -0.1671     4.6691     0.0794     0.0794     0.0170     0.0183     163997   113.8861     100.00     2.2086     1.9262          6  0.000e+00
    502.163   78.49620 -170.00372    508.131     0.7235     0.7234  29.774925  29.772887    34.8450    34.8425    290.871    280.895    -0.1671     4.6703     0.0794     0.0794     0.0159     0.0183     163998   113.8868     100.00     2.2098     1.9201          6  0.000e+00
    502.287   78.49620 -170.00372    508.256     0.7238     0.7234  29.774925  29.772946    34.8446    34.8425    290.667    279.671    -0.1671     4.6703     0.0794     0.0794     0.0159     0.0183     163999   113.8875     100.00     2.2086     1.9140          6  0.000e+00
    502.229   78.49620 -170.00372    508.197     0.7236     0.7234  29.775112  29.772946    34.8451    34.8425    290.665    279.178    -0.1976     4.6691     0.0794     0.0794     0.0170     0.0171     164000   113.8882     100.00     2.2086     1.9115          6  0.000e+00
    502.229   78.49620 -170.00372    508.197     0.7236     0.7232  29.775236  29.772946    34.8452    34.8427    290.872    278.442    -0.1671     4.6691     0.0794     0.0794     0.0170     0.0183     164001   113.8889     100.00     2.2098     1.9078          6  0.000e+00
    502.229   78.49620 -170.00372    508.197     0.7235     0.7232  29.775423  29.773180    34.8456    34.8430    290.665    277.950    -0.1671     4.6691     0.0794     0.0794     0.0170     0.0183     164002   113.8896     100.00     2.2086     1.9054          6  0.000e+00
    502.287   78.49620 -170.00372    508.256     0.7239     0.7234  29.775673  29.772829    34.8454    34.8423    290.664    278.198    -0.1671     4.6703     0.0794     0.0794     0.0159     0.0183     164003   113.8903     100.00     2.2086     1.9066          6  0.000e+00
    502.229   78.49620 -170.00372    508.197     0.7239     0.7234  29.775984  29.772653    34.8458    34.8421    290.660    278.442    -0.1671     4.6691     0.0794     0.0794     0.0170     0.0183     164004   113.8910     100.00     2.2086     1.9078          6  0.000e+00
    502.229   78.49620 -170.00372    508.197     0.7242     0.7232  29.776233  29.772887    34.8458    34.8426    290.658    278.442    -0.1671     4.6703     0.0794     0.0794     0.0159     0.0183     164005   113.8917     100.00     2.2086     1.9078          6  0.000e+00
    502.287   78.49620 -170.00372    508.256     0.7244     0.7232  29.776545  29.772536    34.8460    34.8421    290.658    278.691    -0.1671     4.6691     0.0794     0.0794     0.0170     0.0183     164006   113.8924     100.00     2.2086     1.9091          6  0.000e+00
    502.229   78.49620 -170.00372    508.197     0.7244     0.7231  29.776420  29.772419    34.8459    34.8421    290.864    278.690    -0.1671     4.6703     0.0794     0.0794     0.0159     0.0183     164007   113.8931     100.00     2.2098     1.9091          6  0.000e+00
    502.287   78.49620 -170.00372    508.256     0.7244     0.7231  29.776358  29.772595    34.8458    34.8423    290.659    278.691    -0.1671     4.6703     0.0794     0.0794     0.0159     0.0183     164008   113.8937     100.00     2.2086     1.9091          6  0.000e+00
    502.229   78.49620 -170.00372    508.197     0.7244     0.7229  29.776731  29.772653    34.8463    34.8426    290.863    279.427    -0.1671     4.6691     0.0794     0.0794     0.0170     0.0183     164009   113.8944     100.00     2.2098     1.9127          6  0.000e+00
    502.287   78.49620 -170.00372    508.256     0.7247     0.7232  29.776233  29.772653    34.8453    34.8423    290.657    279.918    -0.1671     4.6691     0.0794     0.0794     0.0170     0.0183     164010   113.8951     100.00     2.2086     1.9152          6  0.000e+00
    502.287   78.49620 -170.00372    508.256     0.7246     0.7229  29.776669  29.773063    34.8460    34.8431    290.657    279.919    -0.1976     4.6691     0.0794     0.0794     0.0170     0.0171     164011   113.8958     100.00     2.2086     1.9152          6  0.000e+00
    502.229   78.49620 -170.00372    508.197     0.7242     0.7234  29.776669  29.773649    34.8464    34.8434    290.656    280.158    -0.1671     4.6691     0.0794     0.0794     0.0170     0.0183     164012   113.8965     100.00     2.2086     1.9164          6  0.000e+00
    502.287   78.49620 -170.00372    508.256     0.7246     0.7237  29.776420  29.773766    34.8457    34.8432    290.865    280.404    -0.1976     4.6691     0.0806     0.0806     0.0170     0.0171     164013   113.8972     100.00     2.2098     1.9176          6  0.000e+00
    502.287   78.49620 -170.00372    508.256     0.7246     0.7237  29.776732  29.774235    34.8461    34.8438    290.864    280.648    -0.1671     4.6679     0.0794     0.0794     0.0180     0.0183     164014   113.8979     100.00     2.2098     1.9189          6  0.000e+00
    502.229   78.49620 -170.00372    508.197     0.7247     0.7240  29.776856  29.774762    34.8461    34.8442    290.653    280.643    -0.1671     4.6679     0.0794     0.0794     0.0180     0.0183     164015   113.8986     100.00     2.2086     1.9189          6  0.000e+00
    502.287   78.49620 -170.00372    508.256     0.7247     0.7241  29.776856  29.774528    34.8460    34.8437    290.655    280.644    -0.1976     4.6691     0.0806     0.0806     0.0170     0.0171     164016   113.8993     100.00     2.2086     1.9189          6  0.000e+00
