Continuous CTD Data/01_SBE Stage/nabos_37_01avg.cnv
* Sea-Bird SBE 9 Data File:
* FileName = D:\CTD\data\HLY2502\raw\NABOS_37_01.hex
* Software Version Seasave V 7.26.7.110
* Temperature SN = 6954
* Conductivity SN = 2561
* Number of Bytes Per Scan = 37
* Number of Voltage Words = 4
* Number of Scans Averaged by the Deck Unit = 1
* NMEA Latitude = 79 03.75 N
* NMEA Longitude = 130 24.14 E
* NMEA UTC (Time) = Sep 24 2025  20:20:46
* NMEA baud rate = 9600
** Ship: USCG HEALY
** Bot. Depth:  3116
** Cast Number:  01
** Station Name:  NABOS
** Station Number:  37
** Operator:  STARC
# nquan = 25
# nvalues = 1216                        
# units = specified
# name 0 = depSM: Depth [salt water, m]
# name 1 = latitude: Latitude [deg]
# name 2 = longitude: Longitude [deg]
# name 3 = prDM: Pressure, Digiquartz [db]
# name 4 = t090C: Temperature [ITS-90, deg C]
# name 5 = t190C: Temperature, 2 [ITS-90, deg C]
# name 6 = c0mS/cm: Conductivity [mS/cm]
# name 7 = c1mS/cm: Conductivity, 2 [mS/cm]
# name 8 = sal00: Salinity, Practical [PSU]
# name 9 = sal11: Salinity, Practical, 2 [PSU]
# name 10 = sbox0Mm/Kg: Oxygen, SBE 43 [umol/kg]
# name 11 = sbox1Mm/Kg: Oxygen, SBE 43, 2 [umol/kg]
# name 12 = flECO-AFL: Fluorescence, WET Labs ECO-AFL/FL [mg/m^3]
# name 13 = v2: Voltage 2
# name 14 = wetCDOM: Fluorescence, WET Labs CDOM [mg/m^3]
# name 15 = v6: Voltage 6
# name 16 = CStarAt0: Beam Attenuation, WET Labs C-Star [1/m]
# name 17 = v3: Voltage 3
# name 18 = scan: Scan Count
# name 19 = timeM: Time, Elapsed [minutes]
# name 20 = altM: Altimeter [m]
# name 21 = sbeox0V: Oxygen raw, SBE 43 [V]
# name 22 = sbeox1V: Oxygen raw, SBE 43, 2 [V]
# name 23 = nbin: number of scans per bin
# name 24 = flag: flag
# span 0 =      2.968,   1201.631       
# span 1 =   79.06314,   79.06776       
# span 2 =  130.38762,  130.39960       
# span 3 =      3.000,   1218.000       
# span 4 =    -1.8388,     1.9191       
# span 5 =    -1.8382,     1.9191       
# span 6 =  23.287123,  30.720229       
# span 7 =  23.286515,  30.718471       
# span 8 =    28.9256,    34.9089       
# span 9 =    28.9241,    34.9068       
# span 10 =    288.091,    377.094      
# span 11 =    -35.341,    372.162      
# span 12 =    -0.1787,     0.3931      
# span 13 =     4.5095,     4.6317      
# span 14 =     0.0718,     0.1371      
# span 15 =     0.0718,     0.1371      
# span 16 =     0.0492,     0.1562      
# span 17 =     0.0178,     0.0407      
# span 18 =       5443,      46844      
# span 19 =     3.7793,    32.5302      
# span 20 =      28.19,     100.00      
# span 21 =     1.9951,     2.6704      
# span 22 =     0.3324,     2.3350      
# span 23 =         11,         28      
# span 24 = 0.0000e+00, 0.0000e+00      
# interval = decibars: 1                
# start_time = Sep 24 2025 20:20:46 [NMEA time, header]
# bad_flag = -9.990e-29
*END*
[from data line 522]
    518.803   79.06473  130.39146    525.000     0.7990     0.7990  29.864697  29.862978    34.8669    34.8647    294.591    291.032    -0.1571     4.6312     0.0906     0.0906     0.0497     0.0187      22863    15.8765     100.00     2.2320     1.9708         15 0.0000e+00
    519.790   79.06474  130.39146    526.000     0.7993     0.7993  29.865360  29.863688    34.8668    34.8647    294.558    291.125    -0.1383     4.6313     0.0903     0.0903     0.0496     0.0194      22890    15.8949     100.00     2.2316     1.9711         16 0.0000e+00
    520.777   79.06474  130.39144    527.000     0.7991     0.7990  29.865648  29.863801    34.8668    34.8646    294.446    291.109    -0.1674     4.6314     0.0897     0.0897     0.0495     0.0183      22918    15.9148     100.00     2.2307     1.9709         18 0.0000e+00
    521.764   79.06474  130.39144    528.000     0.7908     0.7899  29.858391  29.855932    34.8661    34.8640    294.394    290.797    -0.1635     4.6313     0.0891     0.0891     0.0496     0.0184      22947    15.9347     100.00     2.2298     1.9687         18 0.0000e+00
    522.751   79.06474  130.39144    529.000     0.7826     0.7825  29.851784  29.849834    34.8662    34.8638    294.428    290.398    -0.1654     4.6313     0.0901     0.0901     0.0496     0.0184      22975    15.9539     100.00     2.2293     1.9662         18 0.0000e+00
    523.738   79.06474  130.39144    530.000     0.7710     0.7704  29.841405  29.839106    34.8651    34.8629    294.501    291.754    -0.1399     4.6312     0.0903     0.0903     0.0497     0.0194      23001    15.9720     100.00     2.2289     1.9723         19 0.0000e+00
    524.724   79.06475  130.39143    531.000     0.7490     0.7476  29.821757  29.818768    34.8638    34.8614    294.585    291.197    -0.1313     4.6310     0.0899     0.0899     0.0498     0.0197      23027    15.9901     100.00     2.2281     1.9684         18 0.0000e+00
    525.712   79.06476  130.39142    532.000     0.6902     0.6890  29.768965  29.766321    34.8606    34.8586    294.870    290.740    -0.1723     4.6305     0.0904     0.0904     0.0502     0.0181      23054    16.0093     100.00     2.2265     1.9634         17 0.0000e+00
    526.698   79.06476  130.39142    533.000     0.6458     0.6455  29.730008  29.728238    34.8593    34.8573    295.070    292.023    -0.1486     4.6313     0.0908     0.0908     0.0496     0.0190      23084    16.0299     100.00     2.2252     1.9678         16 0.0000e+00
    527.685   79.06476  130.39142    534.000     0.6413     0.6414  29.726102  29.724334    34.8587    34.8562    295.065    291.645    -0.1609     4.6307     0.0909     0.0909     0.0501     0.0185      23113    16.0503     100.00     2.2247     1.9655         18 0.0000e+00
    528.672   79.06476  130.39142    535.000     0.6363     0.6366  29.721495  29.720154    34.8578    34.8557    295.212    291.692    -0.1620     4.6307     0.0900     0.0900     0.0500     0.0185      23140    16.0687     100.00     2.2251     1.9653         18 0.0000e+00
    529.659   79.06476  130.39142    536.000     0.6371     0.6366  29.722560  29.720312    34.8576    34.8553    295.228    292.783    -0.1616     4.6309     0.0905     0.0905     0.0499     0.0185      23166    16.0869     100.00     2.2250     1.9706         22 0.0000e+00
    530.646   79.06477  130.39142    537.000     0.6381     0.6375  29.723674  29.721350    34.8573    34.8550    295.385    292.331    -0.1479     4.6312     0.0897     0.0897     0.0497     0.0191      23193    16.1057     100.00     2.2257     1.9682         16 0.0000e+00
    531.633   79.06478  130.39141    538.000     0.6375     0.6373  29.723302  29.721424    34.8569    34.8547    295.468    292.376    -0.1701     4.6307     0.0896     0.0896     0.0500     0.0182      23222    16.1260     100.00     2.2260     1.9682         16 0.0000e+00
    532.620   79.06478  130.39140    539.000     0.6382     0.6382  29.724266  29.722671    34.8568    34.8548    295.391    292.632    -0.1369     4.6309     0.0891     0.0891     0.0499     0.0195      23251    16.1460     100.00     2.2254     1.9693         18 0.0000e+00
    533.607   79.06478  130.39140    540.000     0.6361     0.6360  29.722920  29.721003    34.8568    34.8545    295.549    292.571    -0.1366     4.6311     0.0895     0.0895     0.0498     0.0195      23278    16.1645     100.00     2.2260     1.9687         16 0.0000e+00
    534.594   79.06478  130.39140    541.000     0.6288     0.6291  29.717009  29.715486    34.8568    34.8545    295.758    292.572    -0.1621     4.6310     0.0901     0.0901     0.0498     0.0185      23304    16.1828     100.00     2.2266     1.9683         17 0.0000e+00
    535.581   79.06479  130.39140    542.000     0.6223     0.6223  29.711721  29.710026    34.8567    34.8544    295.847    292.244    -0.1444     4.6310     0.0899     0.0899     0.0499     0.0192      23332    16.2018     100.00     2.2266     1.9661         15 0.0000e+00
    536.567   79.06480  130.39140    543.000     0.6163     0.6163  29.707094  29.705316    34.8567    34.8544    295.882    291.982    -0.1286     4.6309     0.0901     0.0901     0.0499     0.0198      23361    16.2220     100.00     2.2262     1.9644         15 0.0000e+00
    537.554   79.06480  130.39139    544.000     0.6107     0.6105  29.702509  29.700729    34.8565    34.8544    295.913    292.302    -0.1305     4.6303     0.0915     0.0915     0.0503     0.0198      23389    16.2415     100.00     2.2259     1.9656         15 0.0000e+00
    538.541   79.06480  130.39138    545.000     0.6081     0.6081  29.700822  29.699028    34.8566    34.8544    295.825    292.552    -0.1325     4.6302     0.0914     0.0914     0.0505     0.0197      23416    16.2602     100.00     2.2251     1.9665         15 0.0000e+00
    539.528   79.06480  130.39138    546.000     0.6070     0.6070  29.700175  29.698348    34.8564    34.8540    295.802    292.140    -0.1345     4.6313     0.0902     0.0902     0.0496     0.0196      23442    16.2786     100.00     2.2246     1.9642         14 0.0000e+00
    540.515   79.06480  130.39138    547.000     0.6042     0.6044  29.698075  29.696477    34.8562    34.8540    295.811    292.670    -0.1481     4.6306     0.0892     0.0892     0.0501     0.0191      23470    16.2976     100.00     2.2243     1.9665         16 0.0000e+00
    541.501   79.06480  130.39138    548.000     0.6031     0.6030  29.697245  29.695588    34.8559    34.8538    295.691    292.316    -0.1564     4.6311     0.0894     0.0894     0.0497     0.0187      23498    16.3172     100.00     2.2233     1.9645         14 0.0000e+00
    542.488   79.06482  130.39138    549.000     0.5945     0.5942  29.689953  29.688159    34.8555    34.8534    295.605    292.280    -0.1745     4.6306     0.0911     0.0911     0.0501     0.0180      23527    16.3373     100.00     2.2221     1.9638         17 0.0000e+00
    543.475   79.06482  130.39137    550.000     0.5819     0.5817  29.679470  29.677603    34.8554    34.8531    295.603    292.516    -0.1586     4.6311     0.0898     0.0898     0.0497     0.0186      23555    16.3567     100.00     2.2212     1.9643         15 0.0000e+00
    544.462   79.06482  130.39136    551.000     0.5704     0.5706  29.669970  29.668354    34.8553    34.8530    295.771    292.537    -0.1551     4.6311     0.0901     0.0901     0.0497     0.0188      23581    16.3751     100.00     2.2214     1.9637         15 0.0000e+00
    545.449   79.06482  130.39136    552.000     0.5689     0.5690  29.668875  29.667344    34.8551    34.8529    295.989    292.536    -0.1728     4.6310     0.0896     0.0896     0.0499     0.0181      23607    16.3933     100.00     2.2224     1.9634         15 0.0000e+00
    546.436   79.06482  130.39136    553.000     0.5712     0.5712  29.671452  29.669680    34.8552    34.8529    296.034    292.473    -0.1364     4.6312     0.0909     0.0909     0.0497     0.0195      23634    16.4119     100.00     2.2226     1.9630         14 0.0000e+00
    547.423   79.06484  130.39136    554.000     0.5716     0.5717  29.672418  29.670600    34.8554    34.8529    296.050    292.615    -0.1684     4.6299     0.0902     0.0902     0.0507     0.0182      23662    16.4312     100.00     2.2224     1.9636         17 0.0000e+00
    548.410   79.06484  130.39136    555.000     0.5751     0.5749  29.676127  29.674276    34.8557    34.8535    296.108    292.408    -0.1759     4.6301     0.0899     0.0899     0.0505     0.0180      23691    16.4516     100.00     2.2227     1.9625         17 0.0000e+00
    549.396   79.06484  130.39134    556.000     0.5632     0.5615  29.665595  29.662126    34.8548    34.8522    296.421    292.440    -0.1670     4.6305     0.0889     0.0889     0.0502     0.0183      23720    16.4712     100.00     2.2237     1.9619         16 0.0000e+00
    550.383   79.06484  130.39134    557.000     0.5184     0.5172  29.626220  29.623420    34.8532    34.8509    296.840    292.876    -0.1422     4.6313     0.0894     0.0894     0.0496     0.0193      23746    16.4894     100.00     2.2237     1.9620         15 0.0000e+00
    551.370   79.06484  130.39134    558.000     0.4974     0.4972  29.607941  29.606130    34.8525    34.8503    296.908    292.763    -0.1722     4.6308     0.0917     0.0917     0.0500     0.0181      23772    16.5075     100.00     2.2228     1.9604         18 0.0000e+00
    552.356   79.06484  130.39134    559.000     0.4902     0.4901  29.601847  29.600021    34.8520    34.8497    296.882    293.022    -0.1686     4.6310     0.0914     0.0914     0.0498     0.0182      23799    16.5265     100.00     2.2220     1.9612         21 0.0000e+00
    553.343   79.06486  130.39134    560.000     0.4844     0.4842  29.597099  29.595056    34.8517    34.8493    296.894    292.917    -0.1517     4.6313     0.0920     0.0920     0.0496     0.0189      23828    16.5463     100.00     2.2216     1.9602         16 0.0000e+00
    554.330   79.06486  130.39132    561.000     0.4849     0.4849  29.598193  29.596586    34.8520    34.8499    296.781    293.303    -0.1585     4.6303     0.0912     0.0912     0.0503     0.0186      23856    16.5658     100.00     2.2207     1.9620         15 0.0000e+00
    555.317   79.06486  130.39132    562.000     0.4902     0.4916  29.603554  29.603166    34.8525    34.8504    296.650    293.010    -0.1434     4.6307     0.0909     0.0909     0.0500     0.0192      23883    16.5845     100.00     2.2200     1.9606         18 0.0000e+00
    556.304   79.06486  130.39132    563.000     0.4935     0.4935  29.606883  29.605165    34.8525    34.8503    296.691    292.870    -0.1691     4.6311     0.0900     0.0900     0.0498     0.0182      23910    16.6031     100.00     2.2202     1.9598         17 0.0000e+00
    557.290   79.06486  130.39132    564.000     0.4925     0.4926  29.606376  29.604774    34.8524    34.8502    296.818    293.549    -0.1714     4.6311     0.0898     0.0898     0.0497     0.0181      23938    16.6229     100.00     2.2207     1.9629         21 0.0000e+00
    558.277   79.06487  130.39132    565.000     0.4908     0.4908  29.605303  29.603597    34.8523    34.8500    296.707    293.164    -0.1533     4.6307     0.0887     0.0887     0.0500     0.0188      23966    16.6422     100.00     2.2197     1.9608         19 0.0000e+00
    559.264   79.06488  130.39131    566.000     0.4896     0.4895  29.604578  29.602863    34.8522    34.8500    296.590    293.117    -0.1590     4.6307     0.0896     0.0896     0.0501     0.0186      23992    16.6605     100.00     2.2187     1.9603         15 0.0000e+00
    560.251   79.06488  130.39130    567.000     0.4898     0.4896  29.605191  29.603383    34.8521    34.8499    296.622    292.929    -0.1346     4.6308     0.0901     0.0901     0.0500     0.0196      24018    16.6786     100.00     2.2187     1.9592         17 0.0000e+00
    561.237   79.06488  130.39130    568.000     0.4972     0.4974  29.612462  29.611004    34.8527    34.8506    296.568    293.084    -0.1392     4.6313     0.0904     0.0904     0.0496     0.0194      24046    16.6980     100.00     2.2185     1.9601         25 0.0000e+00
    562.224   79.06488  130.39130    569.000     0.5001     0.5001  29.615664  29.613928    34.8530    34.8508    296.371    292.685    -0.1674     4.6306     0.0902     0.0902     0.0501     0.0183      24074    16.7177     100.00     2.2173     1.9581         18 0.0000e+00
    563.211   79.06488  130.39129    570.000     0.5011     0.5012  29.617239  29.615475    34.8534    34.8510    296.184    292.678    -0.1340     4.6311     0.0897     0.0897     0.0498     0.0196      24103    16.7376     100.00     2.2160     1.9579         24 0.0000e+00
    564.198   79.06489  130.39128    571.000     0.5023     0.5022  29.618784  29.616990    34.8535    34.8512    295.942    293.298    -0.1603     4.6300     0.0900     0.0900     0.0507     0.0186      24130    16.7559     100.00     2.2145     1.9608         18 0.0000e+00
    565.184   79.06490  130.39128    572.000     0.5053     0.5056  29.622041  29.620629    34.8538    34.8516    295.850    292.777    -0.1375     4.6295     0.0897     0.0897     0.0511     0.0195      24155    16.7736     100.00     2.2138     1.9582         17 0.0000e+00
    566.171   79.06490  130.39128    573.000     0.5091     0.5091  29.626041  29.624316    34.8541    34.8519    296.036    292.814    -0.1728     4.6302     0.0906     0.0906     0.0504     0.0181      24182    16.7924     100.00     2.2149     1.9583         22 0.0000e+00
    567.158   79.06490  130.39128    574.000     0.5107     0.5109  29.628043  29.626548    34.8544    34.8522    296.210    293.049    -0.1687     4.6303     0.0919     0.0919     0.0504     0.0182      24211    16.8123     100.00     2.2158     1.9594         20 0.0000e+00
    568.145   79.06490  130.39126    575.000     0.5143     0.5144  29.631895  29.630332    34.8547    34.8526    296.138    292.315    -0.1721     4.6304     0.0901     0.0901     0.0503     0.0181      24240    16.8324     100.00     2.2153     1.9557         18 0.0000e+00
    569.131   79.06490  130.39126    576.000     0.5153     0.5152  29.633281  29.631573    34.8549    34.8527    296.258    293.122    -0.1430     4.6311     0.0900     0.0900     0.0497     0.0192      24266    16.8507     100.00     2.2158     1.9595         13 0.0000e+00
    570.118   79.06491  130.39126    577.000     0.5114     0.5112  29.630271  29.628297    34.8547    34.8524    296.267    293.195    -0.1349     4.6311     0.0906     0.0906     0.0498     0.0196      24292    16.8690     100.00     2.2155     1.9595         16 0.0000e+00
    571.105   79.06492  130.39126    578.000     0.4952     0.4948  29.616203  29.614297    34.8540    34.8520    296.384    292.595    -0.1658     4.6313     0.0910     0.0910     0.0496     0.0184      24319    16.8877     100.00     2.2151     1.9557         16 0.0000e+00
    572.091   79.06492  130.39125    579.000     0.4532     0.4529  29.579317  29.577458    34.8524    34.8504    296.670    293.097    -0.1671     4.6312     0.0910     0.0910     0.0497     0.0183      24348    16.9073     100.00     2.2144     1.9562         17 0.0000e+00
    573.078   79.06492  130.39124    580.000     0.4121     0.4120  29.544158  29.542348    34.8522    34.8500    296.686    293.802    -0.1707     4.6313     0.0909     0.0909     0.0496     0.0182      24375    16.9267     100.00     2.2123     1.9578         18 0.0000e+00
    574.065   79.06492  130.39124    581.000     0.4031     0.4032  29.536622  29.534801    34.8520    34.8495    296.683    292.844    -0.1738     4.6314     0.0910     0.0910     0.0495     0.0180      24402    16.9453     100.00     2.2115     1.9525         18 0.0000e+00
