Continuous CTD Data/01_SBE Stage/nabos_15_01.ros
* Sea-Bird SBE 9 Data File:
* FileName = D:\CTD\data\HLY2502\raw\NABOS_15_01.hex
* Software Version Seasave V 7.26.7.110
* Temperature SN = 6954
* Conductivity SN = 2561
* Number of Bytes Per Scan = 37
* Number of Voltage Words = 4
* Number of Scans Averaged by the Deck Unit = 1
* NMEA Latitude = 78 30.10 N
* NMEA Longitude = 170 08.69 W
* NMEA UTC (Time) = Sep 09 2025  12:18:25
* NMEA baud rate = 9600
** Ship: USCG HEALY
** Bot. Depth:  2700
** Cast Number:
** Station Name:  15
** Station Number:
** Operator:  STARC
# nquan = 25
# nvalues = 1122                                  
# units = specified
# name 0 = depSM: Depth [salt water, m]
# name 1 = latitude: Latitude [deg]
# name 2 = longitude: Longitude [deg]
# name 3 = prDM: Pressure, Digiquartz [db]
# name 4 = t090C: Temperature [ITS-90, deg C]
# name 5 = t190C: Temperature, 2 [ITS-90, deg C]
# name 6 = c0mS/cm: Conductivity [mS/cm]
# name 7 = c1mS/cm: Conductivity, 2 [mS/cm]
# name 8 = sal00: Salinity, Practical [PSU]
# name 9 = sal11: Salinity, Practical, 2 [PSU]
# name 10 = sbox0Mm/Kg: Oxygen, SBE 43 [umol/kg]
# name 11 = sbox1Mm/Kg: Oxygen, SBE 43, 2 [umol/kg]
# name 12 = flECO-AFL: Fluorescence, WET Labs ECO-AFL/FL [mg/m^3]
# name 13 = v2: Voltage 2
# name 14 = wetCDOM: Fluorescence, WET Labs CDOM [mg/m^3]
# name 15 = v6: Voltage 6
# name 16 = CStarAt0: Beam Attenuation, WET Labs C-Star [1/m]
# name 17 = v3: Voltage 3
# name 18 = scan: Scan Count
# name 19 = timeM: Time, Elapsed [minutes]
# name 20 = altM: Altimeter [m]
# name 21 = sbeox0V: Oxygen raw, SBE 43 [V]
# name 22 = sbeox1V: Oxygen raw, SBE 43, 2 [V]
# name 23 = nbf: Bottles Fired
# name 24 = flag:  0.000e+00
# interval = seconds: 0.0416667
# start_time = Sep 09 2025 12:18:25 [NMEA time, header]
# bad_flag = -9.990e-29
*END*
[from data line 116]
   1500.774   78.49784 -170.02940   1522.285    -0.2807    -0.2804  29.400192  29.398743    34.9074    34.9052    288.551    281.382    -0.1366     4.6703     0.0818     0.0818     0.0159     0.0195     128899    89.5125     100.00     1.9404     1.7119          3  0.000e+00
   1500.899   78.49784 -170.02940   1522.412    -0.2806    -0.2804  29.400254  29.398568    34.9073    34.9049    288.555    281.096    -0.1366     4.6703     0.0830     0.0830     0.0159     0.0195     128900    89.5132     100.00     1.9404     1.7106          3  0.000e+00
   1500.841   78.49784 -170.02940   1522.352    -0.2806    -0.2806  29.400006  29.399035    34.9070    34.9057    288.800    280.802    -0.1366     4.6716     0.0818     0.0818     0.0149     0.0195     128901    89.5139     100.00     1.9417     1.7094          3  0.000e+00
   1500.841   78.49784 -170.02940   1522.352    -0.2804    -0.2803  29.400130  29.398685    34.9070    34.9049    288.798    281.092    -0.1366     4.6716     0.0818     0.0818     0.0149     0.0195     128902    89.5146     100.00     1.9417     1.7106          3  0.000e+00
   1500.807   78.49784 -170.02940   1522.318    -0.2806    -0.2804  29.400254  29.398860    34.9073    34.9053    288.797    281.092    -0.1366     4.6716     0.0818     0.0818     0.0149     0.0195     128903    89.5153     100.00     1.9417     1.7106          3  0.000e+00
   1500.841   78.49784 -170.02940   1522.352    -0.2806    -0.2806  29.400192  29.399035    34.9072    34.9057    288.553    281.385    -0.1061     4.6716     0.0818     0.0818     0.0149     0.0208     128904    89.5160     100.00     1.9404     1.7119          3  0.000e+00
   1500.841   78.49784 -170.02940   1522.352    -0.2807    -0.2806  29.400192  29.398801    34.9074    34.9054    288.800    281.677    -0.1366     4.6716     0.0818     0.0818     0.0149     0.0195     128905    89.5167     100.00     1.9417     1.7131          3  0.000e+00
   1500.841   78.49782 -170.02938   1522.352    -0.2806    -0.2806  29.400254  29.398976    34.9073    34.9057    288.552    281.676    -0.1366     4.6703     0.0818     0.0818     0.0159     0.0195     128906    89.5174     100.00     1.9404     1.7131          3  0.000e+00
   1500.841   78.49782 -170.02938   1522.353    -0.2804    -0.2804  29.400192  29.398801    34.9071    34.9052    288.798    281.676    -0.1366     4.6716     0.0818     0.0818     0.0149     0.0195     128907    89.5181     100.00     1.9417     1.7131          3  0.000e+00
   1500.841   78.49782 -170.02938   1522.353    -0.2806    -0.2804  29.400192  29.398743    34.9072    34.9051    288.553    281.385    -0.1366     4.6716     0.0830     0.0830     0.0149     0.0195     128908    89.5187     100.00     1.9404     1.7119          3  0.000e+00
   1500.774   78.49782 -170.02938   1522.285    -0.2806    -0.2804  29.400254  29.398743    34.9074    34.9052    288.796    281.382    -0.1366     4.6716     0.0818     0.0818     0.0149     0.0195     128909    89.5194     100.00     1.9417     1.7119          3  0.000e+00
   1500.807   78.49782 -170.02938   1522.319    -0.2804    -0.2803  29.400192  29.398743    34.9071    34.9050    288.796    281.382    -0.1366     4.6716     0.0818     0.0818     0.0149     0.0195     128910    89.5201     100.00     1.9417     1.7119          3  0.000e+00
   1500.841   78.49782 -170.02938   1522.353    -0.2806    -0.2806  29.400192  29.398743    34.9072    34.9053    288.552    281.386    -0.1366     4.6716     0.0818     0.0818     0.0149     0.0195     128911    89.5208     100.00     1.9404     1.7119          3  0.000e+00
   1500.774   78.49782 -170.02938   1522.285    -0.2806    -0.2803  29.400254  29.398743    34.9074    34.9050    288.796    281.089    -0.1366     4.6716     0.0818     0.0818     0.0149     0.0195     128912    89.5215     100.00     1.9417     1.7106          3  0.000e+00
   1500.841   78.49782 -170.02938   1522.353    -0.2806    -0.2803  29.400192  29.398743    34.9072    34.9049    288.552    281.092    -0.1366     4.6716     0.0818     0.0818     0.0149     0.0195     128913    89.5222     100.00     1.9404     1.7106          3  0.000e+00
   1500.841   78.49782 -170.02938   1522.353    -0.2806    -0.2803  29.400192  29.398743    34.9072    34.9049    288.799    281.383    -0.1366     4.6716     0.0818     0.0818     0.0149     0.0195     128914    89.5229     100.00     1.9417     1.7119          3  0.000e+00
   1500.774   78.49782 -170.02938   1522.285    -0.2807    -0.2803  29.400378  29.398743    34.9077    34.9050    288.796    281.963    -0.1366     4.6716     0.0818     0.0818     0.0149     0.0195     128915    89.5236     100.00     1.9417     1.7143          3  0.000e+00
   1500.774   78.49782 -170.02938   1522.285    -0.2804    -0.2804  29.400564  29.398743    34.9076    34.9052    288.794    282.547    -0.1366     4.6716     0.0830     0.0830     0.0149     0.0195     128916    89.5243     100.00     1.9417     1.7168          3  0.000e+00
   1500.808   78.49782 -170.02938   1522.319    -0.2804    -0.2804  29.400254  29.398918    34.9072    34.9054    288.796    283.131    -0.1366     4.6716     0.0818     0.0818     0.0149     0.0195     128917    89.5250     100.00     1.9417     1.7193          3  0.000e+00
   1500.841   78.49782 -170.02938   1522.353    -0.2806    -0.2804  29.400006  29.398626    34.9070    34.9050    289.045    283.716    -0.1366     4.6716     0.0818     0.0818     0.0149     0.0195     128918    89.5257     100.00     1.9429     1.7218          3  0.000e+00
   1500.774   78.49782 -170.02938   1522.285    -0.2804    -0.2806  29.400440  29.398451    34.9074    34.9050    288.794    283.714    -0.1366     4.6716     0.0818     0.0818     0.0149     0.0195     128919    89.5264     100.00     1.9417     1.7218          3  0.000e+00
   1500.774   78.49782 -170.02938   1522.285    -0.2804    -0.2804  29.400440  29.398451    34.9074    34.9048    288.548    283.713    -0.1366     4.6703     0.0818     0.0818     0.0159     0.0195     128920    89.5271     100.00     1.9404     1.7218          3  0.000e+00
   1500.774   78.49782 -170.02938   1522.285    -0.2807    -0.2806  29.400068  29.398684    34.9072    34.9053    288.797    283.714    -0.1366     4.6716     0.0818     0.0818     0.0149     0.0195     128921    89.5278     100.00     1.9417     1.7218          3  0.000e+00
   1500.774   78.49782 -170.02938   1522.285    -0.2804    -0.2804  29.400192  29.398568    34.9071    34.9050    288.795    284.004    -0.1366     4.6716     0.0818     0.0818     0.0149     0.0195     128922    89.5285     100.00     1.9417     1.7230          3  0.000e+00
   1500.774   78.49782 -170.02938   1522.285    -0.2806    -0.2806  29.400192  29.398684    34.9072    34.9053    288.795    284.005    -0.1366     4.6703     0.0818     0.0818     0.0159     0.0195     128923    89.5292     100.00     1.9417     1.7230          3  0.000e+00
   1500.808   78.49782 -170.02938   1522.319    -0.2804    -0.2806  29.400192  29.398510    34.9071    34.9051    288.796    284.007    -0.1366     4.6716     0.0818     0.0818     0.0149     0.0195     128924    89.5299     100.00     1.9417     1.7230          3  0.000e+00
   1500.774   78.49782 -170.02938   1522.285    -0.2806    -0.2804  29.400254  29.398451    34.9074    34.9048    289.042    283.713    -0.1366     4.6716     0.0818     0.0818     0.0149     0.0195     128925    89.5306     100.00     1.9429     1.7218          3  0.000e+00
   1500.774   78.49782 -170.02938   1522.285    -0.2804    -0.2806  29.400192  29.398451    34.9071    34.9050    288.795    283.714    -0.1366     4.6716     0.0818     0.0818     0.0149     0.0195     128926    89.5313     100.00     1.9417     1.7218          3  0.000e+00
   1500.774   78.49782 -170.02938   1522.285    -0.2806    -0.2804  29.400564  29.398451    34.9078    34.9048    288.794    283.713    -0.1366     4.6716     0.0818     0.0818     0.0149     0.0195     128927    89.5319     100.00     1.9417     1.7218          3  0.000e+00
   1500.716   78.49782 -170.02938   1522.225    -0.2804    -0.2803  29.400192  29.398684    34.9071    34.9049    288.792    283.709    -0.1366     4.6716     0.0818     0.0818     0.0149     0.0195     128928    89.5326     100.00     1.9417     1.7218          3  0.000e+00
   1500.774   78.49782 -170.02938   1522.285    -0.2804    -0.2804  29.400316  29.398743    34.9073    34.9052    288.794    283.421    -0.1366     4.6703     0.0818     0.0818     0.0159     0.0195     128929    89.5333     100.00     1.9417     1.7205          3  0.000e+00
   1005.101   78.49688 -170.01392   1018.288     0.1104     0.1105  29.498875  29.497660    34.8795    34.8778    291.544    282.029    -0.1366     4.6703     0.0818     0.0818     0.0159     0.0195     144261   100.1806     100.00     2.0739     1.8115          4  0.000e+00
   1005.168   78.49688 -170.01392   1018.356     0.1108     0.1105  29.498751  29.497601    34.8788    34.8777    291.544    275.323    -0.1366     4.6716     0.0818     0.0818     0.0149     0.0195     144262   100.1813     100.00     2.0739     1.7807          4  0.000e+00
   1005.168   78.49688 -170.01392   1018.356     0.1107     0.1105  29.499186  29.497660    34.8795    34.8777    291.770    274.249    -0.1366     4.6703     0.0818     0.0818     0.0159     0.0195     144263   100.1819     100.00     2.0752     1.7758          4  0.000e+00
   1005.168   78.49688 -170.01392   1018.356     0.1105     0.1107  29.499124  29.497368    34.8796    34.8772    291.545    276.127    -0.1366     4.6703     0.0830     0.0830     0.0159     0.0195     144264   100.1826     100.00     2.0739     1.7844          4  0.000e+00
   1005.168   78.49688 -170.01392   1018.356     0.1106     0.1107  29.499062  29.497485    34.8795    34.8773    291.771    280.689    -0.1366     4.6703     0.0818     0.0818     0.0159     0.0195     144265   100.1833     100.00     2.0752     1.8053          4  0.000e+00
   1005.176   78.49688 -170.01392   1018.364     0.1107     0.1107  29.499248  29.497777    34.8796    34.8777    291.770    282.299    -0.1366     4.6703     0.0818     0.0818     0.0159     0.0195     144266   100.1840     100.00     2.0752     1.8127          4  0.000e+00
   1005.168   78.49688 -170.01392   1018.356     0.1104     0.1107  29.499124  29.497543    34.8798    34.8774    291.546    278.005    -0.1366     4.6716     0.0818     0.0818     0.0149     0.0195     144267   100.1847     100.00     2.0739     1.7930          4  0.000e+00
   1005.226   78.49688 -170.01392   1018.415     0.1105     0.1105  29.499248  29.497543    34.8798    34.8776    291.773    274.520    -0.1366     4.6716     0.0818     0.0818     0.0149     0.0195     144268   100.1854     100.00     2.0752     1.7770          4  0.000e+00
   1005.168   78.49688 -170.01392   1018.356     0.1104     0.1105  29.499124  29.497368    34.8798    34.8774    291.545    275.055    -0.1366     4.6703     0.0818     0.0818     0.0159     0.0195     144269   100.1861     100.00     2.0739     1.7795          4  0.000e+00
   1005.226   78.49688 -170.01392   1018.415     0.1104     0.1104  29.499248  29.497485    34.8800    34.8776    291.774    278.546    -0.1366     4.6703     0.0818     0.0818     0.0159     0.0195     144270   100.1868     100.00     2.0752     1.7955          4  0.000e+00
   1005.168   78.49688 -170.01392   1018.356     0.1102     0.1104  29.498875  29.497426    34.8797    34.8776    291.547    282.301    -0.1366     4.6703     0.0830     0.0830     0.0159     0.0195     144271   100.1875     100.00     2.0739     1.8127          4  0.000e+00
   1005.242   78.49688 -170.01392   1018.432     0.1104     0.1105  29.499000  29.497310    34.8796    34.8772    291.549    283.914    -0.1366     4.6703     0.0830     0.0830     0.0159     0.0195     144272   100.1882     100.00     2.0739     1.8201          4  0.000e+00
   1005.226   78.49688 -170.01392   1018.415     0.1104     0.1104  29.499248  29.497134    34.8799    34.8772    291.774    283.109    -0.1366     4.6716     0.0818     0.0818     0.0149     0.0195     144273   100.1889     100.00     2.0752     1.8164          4  0.000e+00
   1005.226   78.49688 -170.01392   1018.415     0.1105     0.1105  29.498938  29.497251    34.8794    34.8772    291.774    278.814    -0.1366     4.6703     0.0818     0.0818     0.0159     0.0195     144274   100.1896     100.00     2.0752     1.7967          4  0.000e+00
   1005.226   78.49688 -170.01392   1018.415     0.1104     0.1102  29.499186  29.497485    34.8799    34.8778    291.774    274.790    -0.1366     4.6703     0.0818     0.0818     0.0159     0.0195     144275   100.1903     100.00     2.0752     1.7782          4  0.000e+00
   1005.226   78.49688 -170.01392   1018.415     0.1104     0.1105  29.499310  29.497426    34.8800    34.8774    291.547    276.130    -0.1366     4.6703     0.0818     0.0818     0.0159     0.0195     144276   100.1910     100.00     2.0739     1.7844          4  0.000e+00
   1005.226   78.49688 -170.01392   1018.415     0.1104     0.1104  29.498938  29.497543    34.8795    34.8777    291.774    279.351    -0.1366     4.6703     0.0818     0.0818     0.0159     0.0195     144277   100.1917     100.00     2.0752     1.7992          4  0.000e+00
   1005.242   78.49688 -170.01392   1018.432     0.1105     0.1104  29.499000  29.497193    34.8794    34.8772    291.774    282.036    -0.1366     4.6703     0.0818     0.0818     0.0159     0.0195     144278   100.1924     100.00     2.0752     1.8115          4  0.000e+00
   1005.226   78.49688 -170.01392   1018.415     0.1104     0.1104  29.499062  29.497076    34.8797    34.8771    292.001    286.867    -0.1366     4.6703     0.0818     0.0818     0.0159     0.0195     144279   100.1931     100.00     2.0764     1.8336          4  0.000e+00
   1005.292   78.49688 -170.01392   1018.482     0.1104     0.1104  29.499248  29.497310    34.8799    34.8774    291.776    292.236    -0.1366     4.6703     0.0818     0.0818     0.0159     0.0195     144280   100.1937     100.00     2.0752     1.8582          4  0.000e+00
   1005.226   78.49688 -170.01392   1018.415     0.1104     0.1102  29.499124  29.497310    34.8798    34.8776    291.774    296.797    -0.1366     4.6703     0.0818     0.0818     0.0159     0.0195     144281   100.1944     100.00     2.0752     1.8791          4  0.000e+00
   1005.292   78.49688 -170.01392   1018.482     0.1104     0.1102  29.498876  29.497135    34.8794    34.8773    291.777    299.484    -0.1366     4.6716     0.0830     0.0830     0.0149     0.0195     144282   100.1951     100.00     2.0752     1.8914          4  0.000e+00
   1005.226   78.49688 -170.01392   1018.415     0.1102     0.1102  29.499000  29.497251    34.8798    34.8775    291.775    300.286    -0.1366     4.6703     0.0818     0.0818     0.0159     0.0195     144283   100.1958     100.00     2.0752     1.8951          4  0.000e+00
   1005.301   78.49688 -170.01392   1018.491     0.1102     0.1104  29.499062  29.496960    34.8798    34.8769    291.778    300.021    -0.1366     4.6703     0.0818     0.0818     0.0159     0.0195     144284   100.1965     100.00     2.0752     1.8939          4  0.000e+00
   1005.292   78.49688 -170.01392   1018.482     0.1104     0.1100  29.498627  29.497193    34.8791    34.8776    291.778    299.485    -0.1366     4.6703     0.0818     0.0818     0.0159     0.0195     144285   100.1972     100.00     2.0752     1.8914          4  0.000e+00
   1005.292   78.49688 -170.01392   1018.482     0.1102     0.1104  29.498938  29.497135    34.8797    34.8771    291.778    298.678    -0.1366     4.6703     0.0818     0.0818     0.0159     0.0195     144286   100.1979     100.00     2.0752     1.8877          4  0.000e+00
