Continuous CTD Data/01_SBE Stage/nabos_25_01avg.cnv
* Sea-Bird SBE 9 Data File:
* FileName = D:\CTD\data\HLY2502\raw\NABOS_25_01.hex
* Software Version Seasave V 7.26.7.110
* Temperature SN = 6954
* Conductivity SN = 2561
* Number of Bytes Per Scan = 37
* Number of Voltage Words = 4
* Number of Scans Averaged by the Deck Unit = 1
* NMEA Latitude = 80 21.66 N
* NMEA Longitude = 163 54.90 E
* NMEA UTC (Time) = Sep 20 2025  10:52:56
* NMEA baud rate = 9600
** Ship: USCG HEALY
** Bot. Depth:  2763
** Cast Number:  01
** Station Name:  NABOS
** Station Number:  25
** Operator:  STARC
# nquan = 25
# nvalues = 1215                        
# units = specified
# name 0 = depSM: Depth [salt water, m]
# name 1 = latitude: Latitude [deg]
# name 2 = longitude: Longitude [deg]
# name 3 = prDM: Pressure, Digiquartz [db]
# name 4 = t090C: Temperature [ITS-90, deg C]
# name 5 = t190C: Temperature, 2 [ITS-90, deg C]
# name 6 = c0mS/cm: Conductivity [mS/cm]
# name 7 = c1mS/cm: Conductivity, 2 [mS/cm]
# name 8 = sal00: Salinity, Practical [PSU]
# name 9 = sal11: Salinity, Practical, 2 [PSU]
# name 10 = sbox0Mm/Kg: Oxygen, SBE 43 [umol/kg]
# name 11 = sbox1Mm/Kg: Oxygen, SBE 43, 2 [umol/kg]
# name 12 = flECO-AFL: Fluorescence, WET Labs ECO-AFL/FL [mg/m^3]
# name 13 = v2: Voltage 2
# name 14 = wetCDOM: Fluorescence, WET Labs CDOM [mg/m^3]
# name 15 = v6: Voltage 6
# name 16 = CStarAt0: Beam Attenuation, WET Labs C-Star [1/m]
# name 17 = v3: Voltage 3
# name 18 = scan: Scan Count
# name 19 = timeM: Time, Elapsed [minutes]
# name 20 = altM: Altimeter [m]
# name 21 = sbeox0V: Oxygen raw, SBE 43 [V]
# name 22 = sbeox1V: Oxygen raw, SBE 43, 2 [V]
# name 23 = nbin: number of scans per bin
# name 24 = flag: flag
# span 0 =      2.968,   1200.597       
# span 1 =   80.36106,   80.36281       
# span 2 =  163.91243,  163.91479       
# span 3 =      3.000,   1217.000       
# span 4 =    -1.6942,     0.9764       
# span 5 =    -1.6940,     0.9764       
# span 6 =  24.812637,  29.848853       
# span 7 =  24.811596,  29.847038       
# span 8 =    31.1362,    34.8929       
# span 9 =    31.1342,    34.8908       
# span 10 =    290.192,    368.979      
# span 11 =    195.207,    364.133      
# span 12 =    -0.1827,     0.3696      
# span 13 =     4.5652,     4.6412      
# span 14 =     0.0806,     0.1126      
# span 15 =     0.0806,     0.1126      
# span 16 =     0.0410,     0.1071      
# span 17 =     0.0177,     0.0398      
# span 18 =       1685,      38012      
# span 19 =     1.1691,    26.3967      
# span 20 =     100.00,     100.00      
# span 21 =     2.0166,     2.6119      
# span 22 =     1.4764,     2.2739      
# span 23 =          1,         27      
# span 24 = 0.0000e+00, 0.0000e+00      
# interval = decibars: 1                
# start_time = Sep 20 2025 10:52:56 [NMEA time, header]
# bad_flag = -9.990e-29
*END*
[from data line 348]
    346.987   80.36172  163.91376    351.000     0.7413     0.7409  29.698210  29.696073    34.8177    34.8153    294.486    288.800    -0.1696     4.6374     0.0830     0.0830     0.0443     0.0182      15044    10.4465     100.00     2.2680     1.9900         12 0.0000e+00
    347.975   80.36172  163.91376    352.000     0.7390     0.7386  29.696268  29.694254    34.8170    34.8149    294.526    289.139    -0.1476     4.6382     0.0832     0.0832     0.0436     0.0191      15068    10.4631     100.00     2.2679     1.9915         14 0.0000e+00
    348.963   80.36172  163.91376    353.000     0.7352     0.7351  29.693221  29.691388    34.8168    34.8145    294.601    289.324    -0.1467     4.6376     0.0840     0.0840     0.0441     0.0191      15092    10.4800     100.00     2.2679     1.9920         12 0.0000e+00
    349.951   80.36172  163.91376    354.000     0.7357     0.7359  29.694192  29.692767    34.8170    34.8149    294.715    288.787    -0.1660     4.6374     0.0831     0.0831     0.0443     0.0183      15116    10.4965     100.00     2.2684     1.9892         10 0.0000e+00
    350.938   80.36172  163.91376    355.000     0.7473     0.7474  29.706730  29.705099    34.8196    34.8174    294.783    289.801    -0.1671     4.6374     0.0829     0.0829     0.0443     0.0183      15140    10.5135     100.00     2.2692     1.9946         13 0.0000e+00
    351.926   80.36172  163.91376    356.000     0.7565     0.7562  29.715691  29.713732    34.8204    34.8181    294.788    289.716    -0.1724     4.6371     0.0821     0.0821     0.0446     0.0181      15164    10.5297     100.00     2.2695     1.9944         11 0.0000e+00
    352.914   80.36172  163.91376    357.000     0.7554     0.7557  29.715296  29.713691    34.8205    34.8181    294.995    289.043    -0.1667     4.6370     0.0817     0.0817     0.0446     0.0183      15189    10.5474     100.00     2.2705     1.9908         12 0.0000e+00
    353.901   80.36172  163.91376    358.000     0.7545     0.7545  29.715022  29.713159    34.8205    34.8182    294.948    290.192    -0.1671     4.6373     0.0826     0.0826     0.0444     0.0183      15214    10.5642     100.00     2.2699     1.9964         15 0.0000e+00
    354.889   80.36172  163.91376    359.000     0.7545     0.7543  29.715362  29.713461    34.8204    34.8182    294.876    289.183    -0.1652     4.6373     0.0829     0.0829     0.0444     0.0184      15238    10.5809     100.00     2.2692     1.9910         16 0.0000e+00
    355.877   80.36173  163.91376    360.000     0.7527     0.7528  29.714392  29.712644    34.8205    34.8181    294.938    289.328    -0.1351     4.6374     0.0830     0.0830     0.0443     0.0196      15261    10.5975     100.00     2.2692     1.9915         12 0.0000e+00
    356.864   80.36174  163.91376    361.000     0.7543     0.7543  29.716403  29.714602    34.8208    34.8185    294.950    289.812    -0.1424     4.6374     0.0825     0.0825     0.0443     0.0193      15285    10.6138     100.00     2.2692     1.9939         10 0.0000e+00
    357.852   80.36174  163.91375    362.000     0.7569     0.7566  29.719157  29.717152    34.8208    34.8186    294.794    289.314    -0.1634     4.6373     0.0816     0.0816     0.0444     0.0184      15310    10.6315     100.00     2.2681     1.9912         15 0.0000e+00
    358.840   80.36174  163.91374    363.000     0.7557     0.7555  29.718414  29.716555    34.8207    34.8184    294.657    289.452    -0.1403     4.6362     0.0817     0.0817     0.0453     0.0194      15334    10.6482     100.00     2.2670     1.9917         14 0.0000e+00
    359.828   80.36174  163.91374    364.000     0.7532     0.7532  29.716791  29.714858    34.8207    34.8183    294.687    289.501    -0.1659     4.6376     0.0829     0.0829     0.0441     0.0183      15359    10.6652     100.00     2.2668     1.9916         17 0.0000e+00
    360.815   80.36174  163.91374    365.000     0.7494     0.7495  29.713678  29.711838    34.8203    34.8179    294.685    289.459    -0.1727     4.6375     0.0820     0.0820     0.0442     0.0181      15383    10.6817     100.00     2.2664     1.9911         11 0.0000e+00
    361.803   80.36174  163.91374    366.000     0.7434     0.7433  29.708831  29.706892    34.8202    34.8178    294.645    289.169    -0.1694     4.6375     0.0818     0.0818     0.0442     0.0182      15407    10.6983     100.00     2.2656     1.9892         15 0.0000e+00
    362.791   80.36174  163.91374    367.000     0.7353     0.7357  29.701947  29.700635    34.8198    34.8176    294.745    289.362    -0.1465     4.6372     0.0832     0.0832     0.0444     0.0191      15431    10.7153     100.00     2.2656     1.9896         15 0.0000e+00
    363.778   80.36174  163.91374    368.000     0.7254     0.7254  29.693863  29.691958    34.8197    34.8173    294.933    289.360    -0.1366     4.6376     0.0838     0.0838     0.0441     0.0195      15455    10.7321     100.00     2.2659     1.9890         11 0.0000e+00
    364.766   80.36174  163.91374    369.000     0.7170     0.7168  29.686843  29.684867    34.8195    34.8172    295.142    289.352    -0.1534     4.6378     0.0830     0.0830     0.0440     0.0188      15479    10.7487     100.00     2.2665     1.9884         13 0.0000e+00
    365.754   80.36174  163.91374    370.000     0.7050     0.7045  29.676438  29.674103    34.8189    34.8164    295.262    289.567    -0.1665     4.6374     0.0827     0.0827     0.0443     0.0183      15504    10.7657     100.00     2.2664     1.9887         11 0.0000e+00
    366.741   80.36174  163.91374    371.000     0.6904     0.6901  29.664210  29.662162    34.8187    34.8165    295.213    289.914    -0.1671     4.6369     0.0819     0.0819     0.0447     0.0183      15528    10.7829     100.00     2.2651     1.9897         17 0.0000e+00
    367.729   80.36174  163.91374    372.000     0.6831     0.6826  29.658134  29.655988    34.8184    34.8162    295.275    289.837    -0.1306     4.6378     0.0838     0.0838     0.0439     0.0198      15552    10.7996     100.00     2.2649     1.9888         14 0.0000e+00
    368.716   80.36174  163.91374    373.000     0.6768     0.6766  29.652600  29.651211    34.8178    34.8161    295.420    289.780    -0.1719     4.6375     0.0820     0.0820     0.0442     0.0181      15576    10.8157     100.00     2.2652     1.9881         11 0.0000e+00
    369.704   80.36174  163.91372    374.000     0.6748     0.6746  29.651746  29.649869    34.8183    34.8160    295.325    289.980    -0.1313     4.6383     0.0836     0.0836     0.0435     0.0197      15600    10.8328     100.00     2.2643     1.9888         14 0.0000e+00
    370.692   80.36174  163.91372    375.000     0.6744     0.6744  29.651985  29.650143    34.8185    34.8161    295.399    290.463    -0.1290     4.6375     0.0834     0.0834     0.0442     0.0198      15624    10.8496     100.00     2.2645     1.9910         12 0.0000e+00
    371.679   80.36175  163.91372    376.000     0.6768     0.6766  29.654592  29.652770    34.8186    34.8164    295.428    290.404    -0.1462     4.6375     0.0830     0.0830     0.0442     0.0191      15648    10.8661     100.00     2.2646     1.9906         10 0.0000e+00
    372.667   80.36176  163.91372    377.000     0.6794     0.6794  29.657878  29.656120    34.8193    34.8171    295.588    289.445    -0.1757     4.6375     0.0833     0.0833     0.0442     0.0180      15673    10.8831     100.00     2.2654     1.9857         11 0.0000e+00
    373.654   80.36176  163.91372    378.000     0.6820     0.6819  29.660746  29.658877    34.8196    34.8173    295.587    290.056    -0.1717     4.6374     0.0845     0.0845     0.0443     0.0181      15697    10.9000     100.00     2.2653     1.9887         13 0.0000e+00
    374.642   80.36176  163.91372    379.000     0.6831     0.6831  29.662322  29.660492    34.8197    34.8174    295.445    290.104    -0.1493     4.6375     0.0863     0.0863     0.0442     0.0190      15721    10.9168     100.00     2.2643     1.9888         12 0.0000e+00
    375.630   80.36176  163.91372    380.000     0.6853     0.6852  29.664891  29.663050    34.8201    34.8178    295.448    290.054    -0.1519     4.6373     0.0829     0.0829     0.0444     0.0189      15746    10.9338     100.00     2.2642     1.9885         14 0.0000e+00
    376.617   80.36176  163.91372    381.000     0.6861     0.6860  29.666097  29.664305    34.8202    34.8179    295.371    290.331    -0.1671     4.6373     0.0808     0.0808     0.0444     0.0183      15770    10.9506     100.00     2.2636     1.9897         13 0.0000e+00
    377.605   80.36176  163.91372    382.000     0.6872     0.6870  29.667731  29.665783    34.8204    34.8181    295.282    289.425    -0.1459     4.6376     0.0824     0.0824     0.0441     0.0191      15794    10.9675     100.00     2.2629     1.9850         14 0.0000e+00
    378.593   80.36176  163.91372    383.000     0.6874     0.6873  29.668329  29.666391    34.8204    34.8180    295.123    290.378    -0.1341     4.6374     0.0829     0.0829     0.0443     0.0196      15817    10.9836     100.00     2.2617     1.9896         12 0.0000e+00
    379.580   80.36176  163.91372    384.000     0.6886     0.6885  29.669982  29.668107    34.8206    34.8183    294.957    289.594    -0.1619     4.6369     0.0843     0.0843     0.0447     0.0185      15842    11.0008     100.00     2.2605     1.9855         10 0.0000e+00
    380.568   80.36176  163.91372    385.000     0.6907     0.6906  29.672546  29.670813    34.8211    34.8189    294.841    289.728    -0.1402     4.6374     0.0849     0.0849     0.0443     0.0194      15866    11.0175     100.00     2.2597     1.9861         11 0.0000e+00
    381.555   80.36176  163.91372    386.000     0.6939     0.6938  29.676048  29.674213    34.8214    34.8192    294.852    289.540    -0.1631     4.6374     0.0839     0.0839     0.0443     0.0185      15890    11.0342     100.00     2.2597     1.9851         10 0.0000e+00
    382.543   80.36176  163.91372    387.000     0.6944     0.6945  29.677060  29.675287    34.8215    34.8192    294.757    289.257    -0.1673     4.6370     0.0829     0.0829     0.0446     0.0183      15914    11.0508     100.00     2.2589     1.9835         10 0.0000e+00
    383.530   80.36176  163.91372    388.000     0.6966     0.6964  29.679537  29.677635    34.8218    34.8195    294.495    289.597    -0.1340     4.6372     0.0830     0.0830     0.0445     0.0196      15939    11.0677     100.00     2.2572     1.9851         11 0.0000e+00
    384.518   80.36176  163.91370    389.000     0.6969     0.6967  29.680354  29.678289    34.8219    34.8194    294.287    289.866    -0.1705     4.6374     0.0840     0.0840     0.0443     0.0182      15962    11.0843     100.00     2.2558     1.9863         10 0.0000e+00
    385.505   80.36176  163.91370    390.000     0.6968     0.6968  29.680678  29.678925    34.8218    34.8195    294.267    289.235    -0.1733     4.6383     0.0842     0.0842     0.0435     0.0181      15987    11.1014     100.00     2.2554     1.9829         10 0.0000e+00
    386.493   80.36176  163.91370    391.000     0.6971     0.6969  29.681352  29.679462    34.8217    34.8195    294.196    290.616    -0.1697     4.6375     0.0841     0.0841     0.0442     0.0182      16012    11.1184     100.00     2.2547     1.9897         13 0.0000e+00
    387.480   80.36176  163.91370    392.000     0.6971     0.6970  29.681733  29.679977    34.8216    34.8195    294.198    290.256    -0.1702     4.6374     0.0834     0.0834     0.0443     0.0182      16036    11.1352     100.00     2.2545     1.9877         10 0.0000e+00
    388.468   80.36178  163.91370    393.000     0.6975     0.6974  29.682868  29.680982    34.8221    34.8198    294.307    289.215    -0.1699     4.6374     0.0835     0.0835     0.0443     0.0182      16059    11.1516     100.00     2.2550     1.9822         11 0.0000e+00
    389.456   80.36178  163.91370    394.000     0.7059     0.7057  29.691154  29.689227    34.8229    34.8206    294.397    289.182    -0.1490     4.6380     0.0835     0.0835     0.0437     0.0190      16083    11.1683     100.00     2.2558     1.9823          9 0.0000e+00
    390.443   80.36178  163.91370    395.000     0.7047     0.7045  29.690552  29.688583    34.8228    34.8205    294.525    289.597    -0.1303     4.6385     0.0830     0.0830     0.0433     0.0198      16107    11.1850     100.00     2.2562     1.9841          9 0.0000e+00
    391.431   80.36178  163.91370    396.000     0.7005     0.7001  29.687356  29.685201    34.8227    34.8204    294.400    289.517    -0.1588     4.6381     0.0832     0.0832     0.0437     0.0186      16132    11.2019     100.00     2.2550     1.9833         11 0.0000e+00
    392.418   80.36178  163.91370    397.000     0.6851     0.6838  29.673486  29.670690    34.8214    34.8193    294.415    289.631    -0.1733     4.6375     0.0840     0.0840     0.0442     0.0181      16157    11.2192     100.00     2.2541     1.9830         11 0.0000e+00
    393.406   80.36178  163.91370    398.000     0.6380     0.6371  29.632673  29.629914    34.8206    34.8181    294.659    289.903    -0.1753     4.6382     0.0841     0.0841     0.0436     0.0180      16180    11.2358     100.00     2.2529     1.9822         15 0.0000e+00
    394.393   80.36178  163.91370    399.000     0.6153     0.6148  29.614000  29.611798    34.8212    34.8189    294.670    290.835    -0.1426     4.6379     0.0832     0.0832     0.0439     0.0193      16205    11.2526     100.00     2.2516     1.9858         11 0.0000e+00
    395.381   80.36178  163.91370    400.000     0.6042     0.6038  29.604510  29.602359    34.8207    34.8184    294.754    289.245    -0.1280     4.6375     0.0828     0.0828     0.0442     0.0199      16229    11.2696     100.00     2.2513     1.9771         12 0.0000e+00
    396.368   80.36178  163.91370    401.000     0.6021     0.6019  29.603118  29.601179    34.8207    34.8184    294.663    289.851    -0.1603     4.6378     0.0830     0.0830     0.0439     0.0186      16253    11.2863     100.00     2.2504     1.9799         15 0.0000e+00
    397.356   80.36178  163.91370    402.000     0.6022     0.6020  29.603238  29.601421    34.8202    34.8180    294.674    289.997    -0.1256     4.6375     0.0827     0.0827     0.0442     0.0200      16277    11.3027     100.00     2.2502     1.9804          9 0.0000e+00
    398.343   80.36178  163.91368    403.000     0.6037     0.6038  29.605212  29.603408    34.8204    34.8180    294.821    290.547    -0.1296     4.6380     0.0822     0.0822     0.0437     0.0198      16301    11.3194     100.00     2.2510     1.9831         13 0.0000e+00
    399.331   80.36178  163.91368    404.000     0.6048     0.6046  29.606279  29.604449    34.8201    34.8179    295.076    289.154    -0.1290     4.6375     0.0829     0.0829     0.0442     0.0198      16326    11.3368     100.00     2.2523     1.9759         12 0.0000e+00
    400.318   80.36178  163.91368    405.000     0.6047     0.6046  29.606666  29.604821    34.8200    34.8178    295.239    289.358    -0.1341     4.6374     0.0830     0.0830     0.0443     0.0196      16349    11.3531     100.00     2.2531     1.9767         13 0.0000e+00
    401.305   80.36178  163.91368    406.000     0.6047     0.6048  29.607095  29.605429    34.8200    34.8178    295.415    290.798    -0.1366     4.6374     0.0830     0.0830     0.0443     0.0195      16374    11.3701     100.00     2.2539     1.9838         14 0.0000e+00
    402.293   80.36178  163.91368    407.000     0.6068     0.6066  29.609609  29.607521    34.8203    34.8178    295.290    290.155    -0.1342     4.6374     0.0830     0.0830     0.0443     0.0196      16398    11.3869     100.00     2.2530     1.9805         12 0.0000e+00
