Continuous CTD Data/01_SBE Stage/nabos_44_01avg.cnv
* Sea-Bird SBE 9 Data File:
* FileName = D:\CTD\data\HLY2502\raw\NABOS_44_01.hex
* Software Version Seasave V 7.26.7.110
* Temperature SN = 6954
* Conductivity SN = 2561
* Number of Bytes Per Scan = 37
* Number of Voltage Words = 4
* Number of Scans Averaged by the Deck Unit = 1
* NMEA Latitude = 81 22.71 N
* NMEA Longitude = 125 50.34 E
* NMEA UTC (Time) = Sep 28 2025  09:12:40
* NMEA baud rate = 9600
** Ship: USCG HEALY
** Bot. Depth:  3963
** Cast Number:  01
** Station Name:  NABOS
** Station Number:  44
** Operator:  STARC
** 3958m target
# nquan = 25
# nvalues = 4029                        
# units = specified
# name 0 = depSM: Depth [salt water, m]
# name 1 = latitude: Latitude [deg]
# name 2 = longitude: Longitude [deg]
# name 3 = prDM: Pressure, Digiquartz [db]
# name 4 = t090C: Temperature [ITS-90, deg C]
# name 5 = t190C: Temperature, 2 [ITS-90, deg C]
# name 6 = c0mS/cm: Conductivity [mS/cm]
# name 7 = c1mS/cm: Conductivity, 2 [mS/cm]
# name 8 = sal00: Salinity, Practical [PSU]
# name 9 = sal11: Salinity, Practical, 2 [PSU]
# name 10 = sbox0Mm/Kg: Oxygen, SBE 43 [umol/kg]
# name 11 = sbox1Mm/Kg: Oxygen, SBE 43, 2 [umol/kg]
# name 12 = flECO-AFL: Fluorescence, WET Labs ECO-AFL/FL [mg/m^3]
# name 13 = v2: Voltage 2
# name 14 = wetCDOM: Fluorescence, WET Labs CDOM [mg/m^3]
# name 15 = v6: Voltage 6
# name 16 = CStarAt0: Beam Attenuation, WET Labs C-Star [1/m]
# name 17 = v3: Voltage 3
# name 18 = scan: Scan Count
# name 19 = timeM: Time, Elapsed [minutes]
# name 20 = altM: Altimeter [m]
# name 21 = sbeox0V: Oxygen raw, SBE 43 [V]
# name 22 = sbeox1V: Oxygen raw, SBE 43, 2 [V]
# name 23 = nbin: number of scans per bin
# name 24 = flag: flag
# span 0 =      3.957,   3951.648       
# span 1 =   81.37871,   81.38836       
# span 2 =  125.84004,  125.89915       
# span 3 =      4.000,   4032.000       
# span 4 =    -1.7803,     1.6285       
# span 5 =    -1.7799,     1.6282       
# span 6 =  22.493084,  30.466624       
# span 7 =  22.492357,  30.463969       
# span 8 =    27.7848,    34.9409       
# span 9 =    27.7829,    34.9384       
# span 10 =    280.669,    375.897      
# span 11 =    247.183,    369.636      
# span 12 =    -0.1824,     0.3250      
# span 13 =     4.4976,     4.6388      
# span 14 =     0.0627,     4.4304      
# span 15 =     0.0627,     4.4304      
# span 16 =     0.0430,     0.1669      
# span 17 =     0.0177,     0.0380      
# span 18 =       2460,     116372      
# span 19 =     1.7079,    80.8133      
# span 20 =       7.47,     100.00      
# span 21 =     1.4927,     2.6446      
# span 22 =     1.3572,     2.3015      
# span 23 =          7,         28      
# span 24 = 0.0000e+00, 0.0000e+00      
# interval = decibars: 1                
# start_time = Sep 28 2025 09:12:40 [NMEA time, header]
# bad_flag = -9.990e-29
*END*
[from data line 522]
    519.753   81.37994  125.84718    526.000     0.6878     0.6877  29.770088  29.767734    34.8682    34.8653    293.477    289.220    -0.1609     4.6325     0.0889     0.0889     0.0485     0.0186      18167    12.6151     100.00     2.2197     1.9570         15 0.0000e+00
    520.740   81.37994  125.84720    527.000     0.6815     0.6816  29.764989  29.762564    34.8681    34.8649    293.543    288.885    -0.1291     4.6324     0.0851     0.0851     0.0486     0.0198      18192    12.6323     100.00     2.2195     1.9549         15 0.0000e+00
    521.727   81.37994  125.84722    528.000     0.6717     0.6718  29.756786  29.754325    34.8679    34.8646    293.663    288.306    -0.1482     4.6323     0.0860     0.0860     0.0486     0.0191      18217    12.6497     100.00     2.2195     1.9514         16 0.0000e+00
    522.713   81.37994  125.84722    529.000     0.6671     0.6673  29.753137  29.750815    34.8677    34.8645    293.683    289.030    -0.1693     4.6322     0.0819     0.0819     0.0488     0.0182      18242    12.6671     100.00     2.2192     1.9546         18 0.0000e+00
    523.700   81.37994  125.84724    530.000     0.6611     0.6611  29.748156  29.745736    34.8674    34.8643    293.683    289.097    -0.1427     4.6321     0.0814     0.0814     0.0488     0.0193      18266    12.6844     100.00     2.2187     1.9545         19 0.0000e+00
    524.687   81.37995  125.84725    531.000     0.6493     0.6491  29.738075  29.735460    34.8670    34.8638    293.804    288.844    -0.1558     4.6320     0.0825     0.0825     0.0490     0.0188      18291    12.7015     100.00     2.2185     1.9526         16 0.0000e+00
    525.674   81.37996  125.84726    532.000     0.6363     0.6360  29.726997  29.724330    34.8666    34.8635    293.846    289.213    -0.1386     4.6324     0.0822     0.0822     0.0486     0.0194      18316    12.7189     100.00     2.2179     1.9537         19 0.0000e+00
    526.661   81.37996  125.84726    533.000     0.6247     0.6244  29.717248  29.714501    34.8663    34.8632    293.871    289.473    -0.1688     4.6325     0.0819     0.0819     0.0485     0.0182      18341    12.7361     100.00     2.2173     1.9543         16 0.0000e+00
    527.647   81.37996  125.84728    534.000     0.6187     0.6187  29.712316  29.709903    34.8661    34.8630    293.765    289.571    -0.1623     4.6324     0.0791     0.0791     0.0486     0.0185      18366    12.7536     100.00     2.2161     1.9544         19 0.0000e+00
    528.635   81.37996  125.84729    535.000     0.6163     0.6164  29.710529  29.708132    34.8658    34.8627    293.822    289.657    -0.1649     4.6324     0.0819     0.0819     0.0486     0.0184      18391    12.7707     100.00     2.2161     1.9545         14 0.0000e+00
    529.621   81.37996  125.84731    536.000     0.6156     0.6157  29.710246  29.707920    34.8657    34.8626    293.918    289.404    -0.1450     4.6323     0.0830     0.0830     0.0486     0.0192      18416    12.7879     100.00     2.2164     1.9530         15 0.0000e+00
    530.608   81.37996  125.84732    537.000     0.6171     0.6171  29.712082  29.709840    34.8658    34.8629    293.931    289.973    -0.1552     4.6324     0.0830     0.0830     0.0486     0.0188      18441    12.8053     100.00     2.2163     1.9557         15 0.0000e+00
    531.595   81.37996  125.84733    538.000     0.6206     0.6206  29.715850  29.713541    34.8663    34.8633    293.880    289.235    -0.1362     4.6323     0.0830     0.0830     0.0487     0.0195      18466    12.8227     100.00     2.2160     1.9520         16 0.0000e+00
    532.582   81.37996  125.84734    539.000     0.6215     0.6214  29.717185  29.714776    34.8664    34.8633    293.829    289.514    -0.1553     4.6325     0.0821     0.0821     0.0485     0.0188      18491    12.8401     100.00     2.2155     1.9533         19 0.0000e+00
    533.569   81.37997  125.84735    540.000     0.6206     0.6206  29.716855  29.714451    34.8663    34.8632    293.684    288.931    -0.1670     4.6325     0.0807     0.0807     0.0485     0.0183      18515    12.8572     100.00     2.2143     1.9501         13 0.0000e+00
    534.555   81.37998  125.84736    541.000     0.6202     0.6203  29.716910  29.714533    34.8662    34.8631    293.571    288.335    -0.1469     4.6325     0.0800     0.0800     0.0485     0.0191      18540    12.8744     100.00     2.2135     1.9470         14 0.0000e+00
    535.542   81.37998  125.84737    542.000     0.6192     0.6192  29.716389  29.713995    34.8662    34.8631    293.524    290.462    -0.1325     4.6324     0.0786     0.0786     0.0486     0.0197      18565    12.8919     100.00     2.2129     1.9573         15 0.0000e+00
    536.529   81.37998  125.84739    543.000     0.6196     0.6196  29.717393  29.715095    34.8665    34.8634    293.366    289.874    -0.1325     4.6323     0.0745     0.0745     0.0486     0.0197      18590    12.9092     100.00     2.2118     1.9542         15 0.0000e+00
    537.516   81.37998  125.84740    544.000     0.6194     0.6194  29.717855  29.715531    34.8667    34.8637    293.401    289.447    -0.1322     4.6325     0.0750     0.0750     0.0485     0.0197      18615    12.9266     100.00     2.2117     1.9519         14 0.0000e+00
    538.503   81.37998  125.84741    545.000     0.6138     0.6137  29.713443  29.710940    34.8666    34.8635    293.463    288.180    -0.1407     4.6324     0.0865     0.0865     0.0486     0.0194      18640    12.9440     100.00     2.2116     1.9452         15 0.0000e+00
    539.489   81.37998  125.84742    546.000     0.6029     0.6030  29.704310  29.701963    34.8664    34.8633    293.532    288.956    -0.1618     4.6324     0.0854     0.0854     0.0486     0.0185      18665    12.9611     100.00     2.2112     1.9484         11 0.0000e+00
    540.476   81.37998  125.84744    547.000     0.5940     0.5938  29.696880  29.694361    34.8662    34.8631    293.584    289.777    -0.1340     4.6327     0.0842     0.0842     0.0483     0.0196      18690    12.9788     100.00     2.2109     1.9519         15 0.0000e+00
    541.463   81.37998  125.84744    548.000     0.5859     0.5860  29.690103  29.687633    34.8659    34.8626    293.571    289.290    -0.1526     4.6325     0.0768     0.0768     0.0485     0.0189      18715    12.9962     100.00     2.2102     1.9490         13 0.0000e+00
    542.449   81.37998  125.84746    549.000     0.5691     0.5689  29.675723  29.673003    34.8655    34.8622    293.768    289.440    -0.1459     4.6317     0.0896     0.0896     0.0493     0.0191      18740    13.0134     100.00     2.2102     1.9488         13 0.0000e+00
    543.436   81.38000  125.84748    550.000     0.5517     0.5516  29.660959  29.658381    34.8652    34.8619    293.829    289.925    -0.1614     4.6324     0.0904     0.0904     0.0486     0.0185      18766    13.0311     100.00     2.2095     1.9503         16 0.0000e+00
    544.423   81.38000  125.84748    551.000     0.5460     0.5459  29.656309  29.653875    34.8650    34.8619    293.716    289.612    -0.1435     4.6323     0.0738     0.0738     0.0486     0.0192      18791    13.0483     100.00     2.2084     1.9483         15 0.0000e+00
    545.410   81.38000  125.84750    552.000     0.5445     0.5444  29.655290  29.652960    34.8647    34.8618    293.629    289.472    -0.1683     4.6318     0.0750     0.0750     0.0491     0.0183      18816    13.0658     100.00     2.2075     1.9474         17 0.0000e+00
    546.396   81.38000  125.84750    553.000     0.5426     0.5426  29.654025  29.651792    34.8646    34.8617    293.684    289.773    -0.1327     4.6317     0.0788     0.0788     0.0493     0.0197      18840    13.0829     100.00     2.2075     1.9486         13 0.0000e+00
    547.383   81.38000  125.84752    554.000     0.5416     0.5415  29.653509  29.651171    34.8645    34.8615    293.711    289.989    -0.1462     4.6324     0.0764     0.0764     0.0486     0.0191      18866    13.1004     100.00     2.2074     1.9495         14 0.0000e+00
    548.370   81.38000  125.84754    555.000     0.5388     0.5388  29.651483  29.649079    34.8644    34.8613    293.714    289.607    -0.1745     4.6322     0.0685     0.0685     0.0488     0.0180      18890    13.1177     100.00     2.2071     1.9473         15 0.0000e+00
    549.357   81.38000  125.84754    556.000     0.5382     0.5384  29.651443  29.649138    34.8644    34.8613    293.822    289.328    -0.1647     4.6315     0.0627     0.0627     0.0494     0.0184      18915    13.1349     100.00     2.2075     1.9457         14 0.0000e+00
    550.343   81.38000  125.84756    557.000     0.5387     0.5386  29.652325  29.649843    34.8644    34.8614    294.002    289.408    -0.1652     4.6320     0.0633     0.0633     0.0490     0.0184      18940    13.1523     100.00     2.2083     1.9459         16 0.0000e+00
    551.330   81.38000  125.84757    558.000     0.5411     0.5409  29.655093  29.652583    34.8647    34.8618    294.099    289.055    -0.1452     4.6325     0.0729     0.0729     0.0485     0.0192      18965    13.1696     100.00     2.2087     1.9441         16 0.0000e+00
    552.317   81.38000  125.84759    559.000     0.5416     0.5416  29.656171  29.653821    34.8650    34.8620    294.133    288.716    -0.1584     4.6322     0.0879     0.0879     0.0488     0.0186      18990    13.1867     100.00     2.2087     1.9422         14 0.0000e+00
    553.304   81.38001  125.84760    560.000     0.5443     0.5441  29.659308  29.656863    34.8655    34.8626    294.037    289.389    -0.1727     4.6321     0.0890     0.0890     0.0488     0.0181      19015    13.2043     100.00     2.2081     1.9455         16 0.0000e+00
    554.290   81.38002  125.84761    561.000     0.5457     0.5457  29.661155  29.658762    34.8657    34.8626    293.914    289.708    -0.1688     4.6319     0.0890     0.0890     0.0491     0.0182      19040    13.2217     100.00     2.2073     1.9469         17 0.0000e+00
    555.277   81.38002  125.84762    562.000     0.5459     0.5458  29.661719  29.659289    34.8656    34.8626    293.698    289.087    -0.1742     4.6321     0.0864     0.0864     0.0488     0.0180      19065    13.2390     100.00     2.2058     1.9437         17 0.0000e+00
    556.264   81.38002  125.84763    563.000     0.5456     0.5454  29.661728  29.659312    34.8654    34.8625    293.618    289.555    -0.1674     4.6325     0.0728     0.0728     0.0485     0.0183      19090    13.2564     100.00     2.2050     1.9458         18 0.0000e+00
    557.251   81.38002  125.84765    564.000     0.5449     0.5447  29.661774  29.659410    34.8657    34.8628    293.560    289.232    -0.1671     4.6326     0.0773     0.0773     0.0484     0.0183      19115    13.2736     100.00     2.2044     1.9440         18 0.0000e+00
    558.237   81.38002  125.84766    565.000     0.5441     0.5448  29.661297  29.659409    34.8654    34.8622    293.538    288.819    -0.1671     4.6324     0.0783     0.0783     0.0486     0.0183      19140    13.2909     100.00     2.2040     1.9418         16 0.0000e+00
    559.224   81.38002  125.84767    566.000     0.5350     0.5351  29.654000  29.651640    34.8655    34.8624    293.596    287.045    -0.1688     4.6324     0.0679     0.0679     0.0486     0.0182      19165    13.3085     100.00     2.2037     1.9324         18 0.0000e+00
    560.211   81.38002  125.84768    567.000     0.5301     0.5297  29.650098  29.647250    34.8654    34.8621    293.451    290.237    -0.1671     4.6317     0.0681     0.0681     0.0492     0.0183      19190    13.3258     100.00     2.2024     1.9477         18 0.0000e+00
    561.197   81.38002  125.84769    568.000     0.5213     0.5211  29.642431  29.639768    34.8647    34.8614    293.406    289.465    -0.1687     4.6322     0.0801     0.0801     0.0488     0.0182      19215    13.3432     100.00     2.2015     1.9434         19 0.0000e+00
    562.184   81.38002  125.84772    569.000     0.5044     0.5039  29.627864  29.625086    34.8641    34.8611    293.548    288.707    -0.1451     4.6324     0.0819     0.0819     0.0486     0.0192      19240    13.3604     100.00     2.2012     1.9388         16 0.0000e+00
    563.171   81.38004  125.84772    570.000     0.4982     0.4976  29.623498  29.620382    34.8648    34.8615    293.654    290.911    -0.1329     4.6316     0.0831     0.0831     0.0493     0.0197      19265    13.3774     100.00     2.2013     1.9492         16 0.0000e+00
    564.157   81.38004  125.84773    571.000     0.4840     0.4836  29.611240  29.608442    34.8642    34.8609    293.870    289.605    -0.1657     4.6322     0.0842     0.0842     0.0488     0.0184      19290    13.3950     100.00     2.2016     1.9420         18 0.0000e+00
    565.144   81.38004  125.84774    572.000     0.4625     0.4618  29.592623  29.589497    34.8635    34.8602    293.887    289.140    -0.1354     4.6323     0.0831     0.0831     0.0487     0.0196      19315    13.4123     100.00     2.2005     1.9386         20 0.0000e+00
    566.131   81.38004  125.84776    573.000     0.4458     0.4458  29.578895  29.576544    34.8637    34.8607    293.859    288.622    -0.1304     4.6315     0.0830     0.0830     0.0495     0.0198      19339    13.4295     100.00     2.1993     1.9352         20 0.0000e+00
    567.117   81.38004  125.84778    574.000     0.4384     0.4381  29.572371  29.569834    34.8630    34.8600    293.884    289.834    -0.1457     4.6318     0.0830     0.0830     0.0492     0.0191      19365    13.4469     100.00     2.1988     1.9406         18 0.0000e+00
    568.104   81.38004  125.84778    575.000     0.4328     0.4330  29.567961  29.565851    34.8630    34.8600    293.798    289.924    -0.1622     4.6322     0.0837     0.0837     0.0488     0.0185      19389    13.4640     100.00     2.1978     1.9407         17 0.0000e+00
    569.090   81.38004  125.84780    576.000     0.4334     0.4336  29.568877  29.566770    34.8629    34.8599    293.759    289.423    -0.1339     4.6317     0.0837     0.0837     0.0493     0.0196      19414    13.4813     100.00     2.1973     1.9381         16 0.0000e+00
    570.077   81.38004  125.84780    577.000     0.4340     0.4339  29.569807  29.567301    34.8628    34.8597    293.809    289.742    -0.1562     4.6324     0.0836     0.0836     0.0486     0.0187      19439    13.4988     100.00     2.1974     1.9395         17 0.0000e+00
    571.064   81.38004  125.84782    578.000     0.4349     0.4348  29.570894  29.568517    34.8627    34.8596    293.935    290.347    -0.1660     4.6325     0.0842     0.0842     0.0485     0.0183      19464    13.5161     100.00     2.1980     1.9423         19 0.0000e+00
    572.050   81.38004  125.84784    579.000     0.4354     0.4353  29.571865  29.569491    34.8628    34.8597    293.956    289.848    -0.1428     4.6325     0.0838     0.0838     0.0485     0.0193      19489    13.5333     100.00     2.1980     1.9397         16 0.0000e+00
    573.037   81.38004  125.84784    580.000     0.4354     0.4354  29.572265  29.569928    34.8627    34.8596    293.935    289.283    -0.1595     4.6324     0.0828     0.0828     0.0486     0.0186      19514    13.5506     100.00     2.1976     1.9367         16 0.0000e+00
    574.024   81.38006  125.84786    581.000     0.4358     0.4358  29.572943  29.570714    34.8626    34.8597    294.009    289.547    -0.1364     4.6325     0.0819     0.0819     0.0485     0.0195      19539    13.5678     100.00     2.1978     1.9378         14 0.0000e+00
    575.010   81.38006  125.84787    582.000     0.4341     0.4340  29.571703  29.569296    34.8623    34.8592    294.118    288.866    -0.1655     4.6316     0.0841     0.0841     0.0493     0.0184      19563    13.5849     100.00     2.1981     1.9342         13 0.0000e+00
