Continuous CTD Data/01_SBE Stage/nabos_23_01.ros
* Sea-Bird SBE 9 Data File:
* FileName = D:\CTD\data\HLY2502\raw\NABOS_23_01.hex
* Software Version Seasave V 7.26.7.110
* Temperature SN = 6954
* Conductivity SN = 2561
* Number of Bytes Per Scan = 37
* Number of Voltage Words = 4
* Number of Scans Averaged by the Deck Unit = 1
* NMEA Latitude = 79 43.17 N
* NMEA Longitude = 169 12.20 E
* NMEA UTC (Time) = Sep 19 2025  18:25:30
* NMEA baud rate = 9600
** Ship: USCG HEALY
** Bot. Depth:  1200
** Cast Number:  01
** Station Name:  NABOS
** Station Number:  23
** Operator:  STARC
# nquan = 25
# nvalues = 1078                                  
# units = specified
# name 0 = depSM: Depth [salt water, m]
# name 1 = latitude: Latitude [deg]
# name 2 = longitude: Longitude [deg]
# name 3 = prDM: Pressure, Digiquartz [db]
# name 4 = t090C: Temperature [ITS-90, deg C]
# name 5 = t190C: Temperature, 2 [ITS-90, deg C]
# name 6 = c0mS/cm: Conductivity [mS/cm]
# name 7 = c1mS/cm: Conductivity, 2 [mS/cm]
# name 8 = sal00: Salinity, Practical [PSU]
# name 9 = sal11: Salinity, Practical, 2 [PSU]
# name 10 = sbox0Mm/Kg: Oxygen, SBE 43 [umol/kg]
# name 11 = sbox1Mm/Kg: Oxygen, SBE 43, 2 [umol/kg]
# name 12 = flECO-AFL: Fluorescence, WET Labs ECO-AFL/FL [mg/m^3]
# name 13 = v2: Voltage 2
# name 14 = wetCDOM: Fluorescence, WET Labs CDOM [mg/m^3]
# name 15 = v6: Voltage 6
# name 16 = CStarAt0: Beam Attenuation, WET Labs C-Star [1/m]
# name 17 = v3: Voltage 3
# name 18 = scan: Scan Count
# name 19 = timeM: Time, Elapsed [minutes]
# name 20 = altM: Altimeter [m]
# name 21 = sbeox0V: Oxygen raw, SBE 43 [V]
# name 22 = sbeox1V: Oxygen raw, SBE 43, 2 [V]
# name 23 = nbf: Bottles Fired
# name 24 = flag:  0.000e+00
# interval = seconds: 0.0416667
# start_time = Sep 19 2025 18:25:30 [NMEA time, header]
# bad_flag = -9.990e-29
*END*
[from data line 58]
   1000.683   79.72066  169.19234   1013.844    -0.0888    -0.0890  29.312666  29.310971    34.8618    34.8597    292.335    294.491    -0.1366     4.6374     0.0855     0.0855     0.0443     0.0195      44766    31.0868      96.70     2.0696     1.8612          2  0.000e+00
   1000.616   79.72066  169.19234   1013.776    -0.0885    -0.0889  29.312789  29.310679    34.8616    34.8593    292.102    296.108    -0.1366     4.6374     0.0855     0.0855     0.0443     0.0195      44767    31.0875      99.22     2.0684     1.8686          2  0.000e+00
   1000.616   79.72066  169.19234   1013.776    -0.0889    -0.0891  29.312542  29.310446    34.8618    34.8592    292.333    297.459    -0.1366     4.6374     0.0855     0.0855     0.0443     0.0195      44768    31.0882     100.00     2.0696     1.8748          2  0.000e+00
   1000.683   79.72066  169.19234   1013.844    -0.0887    -0.0890  29.312480  29.310563    34.8614    34.8592    292.106    298.000    -0.1366     4.6374     0.0855     0.0855     0.0443     0.0195      44769    31.0889     100.00     2.0684     1.8772          2  0.000e+00
   1000.616   79.72066  169.19234   1013.776    -0.0890    -0.0887  29.312851  29.310679    34.8623    34.8591    292.105    298.536    -0.1366     4.6374     0.0842     0.0842     0.0443     0.0195      44770    31.0896     100.00     2.0684     1.8797          2  0.000e+00
   1000.683   79.72066  169.19234   1013.844    -0.0887    -0.0887  29.312852  29.310621    34.8619    34.8590    292.105    298.539    -0.1366     4.6374     0.0842     0.0842     0.0443     0.0195      44771    31.0903     100.00     2.0684     1.8797          2  0.000e+00
   1000.633   79.72066  169.19234   1013.793    -0.0887    -0.0888  29.312356  29.310621    34.8612    34.8591    292.333    296.918    -0.1366     4.6374     0.0842     0.0842     0.0443     0.0195      44772    31.0910     100.00     2.0696     1.8723          2  0.000e+00
   1000.616   79.72066  169.19234   1013.776    -0.0887    -0.0887  29.312789  29.310679    34.8618    34.8591    292.103    294.488    -0.1366     4.6374     0.0855     0.0855     0.0443     0.0195      44773    31.0917     100.00     2.0684     1.8612          2  0.000e+00
   1000.616   79.72066  169.19234   1013.776    -0.0888    -0.0887  29.312604  29.310854    34.8617    34.8594    292.332    291.789    -0.1061     4.6374     0.0842     0.0842     0.0443     0.0208      44774    31.0924     100.00     2.0696     1.8489          2  0.000e+00
   1000.683   79.72066  169.19234   1013.844    -0.0888    -0.0886  29.312666  29.310680    34.8618    34.8590    292.335    290.713    -0.1366     4.6374     0.0842     0.0842     0.0443     0.0195      44775    31.0931     100.00     2.0696     1.8440          2  0.000e+00
   1000.616   79.72066  169.19234   1013.776    -0.0887    -0.0887  29.312789  29.310621    34.8618    34.8591    292.103    290.441    -0.1366     4.6374     0.0842     0.0842     0.0443     0.0195      44776    31.0938     100.00     2.0684     1.8428          2  0.000e+00
   1000.683   79.72066  169.19234   1013.844    -0.0888    -0.0887  29.312790  29.310854    34.8619    34.8593    292.334    289.094    -0.1366     4.6374     0.0842     0.0842     0.0443     0.0195      44777    31.0944     100.00     2.0696     1.8366          2  0.000e+00
   1000.616   79.72066  169.19234   1013.776    -0.0883    -0.0890  29.312542  29.310971    34.8611    34.8598    292.102    286.934    -0.1366     4.6374     0.0855     0.0855     0.0443     0.0195      44778    31.0951     100.00     2.0684     1.8268          2  0.000e+00
   1000.683   79.72066  169.19234   1013.844    -0.0887    -0.0887  29.312480  29.310913    34.8614    34.8594    292.335    284.776    -0.1366     4.6374     0.0842     0.0842     0.0443     0.0195      44779    31.0958     100.00     2.0696     1.8170          2  0.000e+00
   1000.616   79.72066  169.19234   1013.776    -0.0888    -0.0888  29.312666  29.310912    34.8618    34.8595    292.104    284.504    -0.1366     4.6374     0.0842     0.0842     0.0443     0.0195      44780    31.0965     100.00     2.0684     1.8157          2  0.000e+00
   1000.616   79.72066  169.19234   1013.776    -0.0885    -0.0886  29.312356  29.310971    34.8611    34.8594    292.332    284.773    -0.1366     4.6374     0.0855     0.0855     0.0443     0.0195      44781    31.0972     100.00     2.0696     1.8170          2  0.000e+00
   1000.616   79.72066  169.19234   1013.776    -0.0887    -0.0889  29.312604  29.311145    34.8616    34.8599    292.332    285.584    -0.1366     4.6374     0.0842     0.0842     0.0443     0.0195      44782    31.0979     100.00     2.0696     1.8207          2  0.000e+00
   1000.683   79.72066  169.19234   1013.844    -0.0888    -0.0888  29.312790  29.310738    34.8619    34.8592    292.107    286.396    -0.1061     4.6374     0.0842     0.0842     0.0443     0.0208      44783    31.0986     100.00     2.0684     1.8243          2  0.000e+00
   1000.616   79.72066  169.19234   1013.776    -0.0887    -0.0885  29.312789  29.311087    34.8618    34.8593    292.559    286.661    -0.1366     4.6374     0.0855     0.0855     0.0443     0.0195      44784    31.0993     100.00     2.0709     1.8256          2  0.000e+00
   1000.633   79.72066  169.19234   1013.793    -0.0887    -0.0889  29.312542  29.310796    34.8615    34.8595    292.333    286.935    -0.1671     4.6374     0.0842     0.0842     0.0443     0.0183      44785    31.1000     100.00     2.0696     1.8268          2  0.000e+00
   1000.683   79.72066  169.19234   1013.844    -0.0887    -0.0888  29.312294  29.310854    34.8611    34.8594    292.564    286.936    -0.1671     4.6374     0.0842     0.0842     0.0443     0.0183      44786    31.1007     100.00     2.0709     1.8268          2  0.000e+00
   1000.683   79.72066  169.19234   1013.844    -0.0888    -0.0887  29.312418  29.310913    34.8615    34.8594    292.336    286.396    -0.1671     4.6374     0.0842     0.0842     0.0443     0.0183      44787    31.1014     100.00     2.0696     1.8243          2  0.000e+00
   1000.616   79.72066  169.19234   1013.776    -0.0888    -0.0889  29.312666  29.310912    34.8618    34.8596    292.333    286.124    -0.1671     4.6374     0.0842     0.0842     0.0443     0.0183      44788    31.1021     100.00     2.0696     1.8231          2  0.000e+00
   1000.616   79.72066  169.19234   1013.776    -0.0889    -0.0886  29.312542  29.310971    34.8618    34.8594    292.334    286.122    -0.1671     4.6374     0.0855     0.0855     0.0443     0.0183      44789    31.1028     100.00     2.0696     1.8231          2  0.000e+00
   1000.683   79.72066  169.19234   1013.844    -0.0890    -0.0889  29.312480  29.310505    34.8617    34.8591    292.109    286.938    -0.1671     4.6374     0.0855     0.0855     0.0443     0.0183      44790    31.1035     100.00     2.0684     1.8268          2  0.000e+00
   1000.616   79.72066  169.19234   1013.776    -0.0888    -0.0886  29.312666  29.310912    34.8618    34.8593    292.333    287.742    -0.1671     4.6374     0.0867     0.0867     0.0443     0.0183      44791    31.1042     100.00     2.0696     1.8305          2  0.000e+00
   1000.683   79.72066  169.19234   1013.844    -0.0887    -0.0887  29.312356  29.310971    34.8612    34.8595    292.336    287.745    -0.1671     4.6374     0.0855     0.0855     0.0443     0.0183      44792    31.1049     100.00     2.0696     1.8305          2  0.000e+00
   1000.616   79.72066  169.19234   1013.776    -0.0887    -0.0889  29.312418  29.310738    34.8613    34.8594    292.333    287.474    -0.1671     4.6374     0.0855     0.0855     0.0443     0.0183      44793    31.1056     100.00     2.0696     1.8293          2  0.000e+00
   1000.683   79.72066  169.19234   1013.844    -0.0888    -0.0888  29.312480  29.310854    34.8616    34.8594    292.564    287.206    -0.1671     4.6374     0.0855     0.0855     0.0443     0.0183      44794    31.1062     100.00     2.0709     1.8280          2  0.000e+00
   1000.616   79.72066  169.19234   1013.776    -0.0888    -0.0886  29.312666  29.310912    34.8618    34.8593    292.333    287.742    -0.1671     4.6374     0.0855     0.0855     0.0443     0.0183      44795    31.1069     100.00     2.0696     1.8305          2  0.000e+00
   1000.616   79.72066  169.19234   1013.776    -0.0887    -0.0887  29.312542  29.310912    34.8615    34.8594    292.332    288.552    -0.1671     4.6374     0.0855     0.0855     0.0443     0.0183      44796    31.1076     100.00     2.0696     1.8342          2  0.000e+00
   1000.683   79.72066  169.19234   1013.844    -0.0887    -0.0888  29.312852  29.310971    34.8619    34.8595    292.334    290.174    -0.1976     4.6374     0.0867     0.0867     0.0443     0.0171      44797    31.1083     100.00     2.0696     1.8416          2  0.000e+00
   1000.633   79.72066  169.19234   1013.793    -0.0888    -0.0887  29.312604  29.311145    34.8617    34.8597    292.334    290.711    -0.1671     4.6374     0.0855     0.0855     0.0443     0.0183      44798    31.1090     100.00     2.0696     1.8440          2  0.000e+00
   1000.616   79.72066  169.19234   1013.776    -0.0887    -0.0889  29.312666  29.310796    34.8617    34.8595    292.104    291.252    -0.1671     4.6361     0.0855     0.0855     0.0453     0.0183      44799    31.1097     100.00     2.0684     1.8465          2  0.000e+00
   1000.683   79.72066  169.19234   1013.844    -0.0890    -0.0888  29.312790  29.310621    34.8621    34.8591    292.337    291.794    -0.1671     4.6374     0.0855     0.0855     0.0443     0.0183      44800    31.1104     100.00     2.0696     1.8489          2  0.000e+00
   1000.683   79.72066  169.19234   1013.844    -0.0887    -0.0889  29.312542  29.310854    34.8614    34.8595    292.107    291.254    -0.1976     4.6374     0.0867     0.0867     0.0443     0.0171      44801    31.1111     100.00     2.0684     1.8465          2  0.000e+00
   1000.616   79.72066  169.19234   1013.776    -0.0885    -0.0888  29.312480  29.310505    34.8612    34.8590    292.560    290.443    -0.1671     4.6374     0.0867     0.0867     0.0443     0.0183      44802    31.1118     100.00     2.0709     1.8428          2  0.000e+00
   1000.616   79.72066  169.19234   1013.776    -0.0887    -0.0889  29.312666  29.310388    34.8617    34.8590    292.332    290.983    -0.1671     4.6374     0.0867     0.0867     0.0443     0.0183      44803    31.1125     100.00     2.0696     1.8453          2  0.000e+00
   1000.683   79.72066  169.19234   1013.844    -0.0888    -0.0889  29.312542  29.310913    34.8616    34.8596    292.564    292.064    -0.1671     4.6374     0.0855     0.0855     0.0443     0.0183      44804    31.1132     100.00     2.0709     1.8502          2  0.000e+00
   1000.616   79.72066  169.19234   1013.776    -0.0887    -0.0888  29.312666  29.310796    34.8617    34.8594    292.332    296.378    -0.1671     4.6374     0.0855     0.0855     0.0443     0.0183      44805    31.1139     100.00     2.0696     1.8699          2  0.000e+00
    749.730   79.72096  169.18996    759.129     0.0522     0.0515  29.305187  29.302670    34.8399    34.8374    293.995    301.167    -0.1366     4.6386     0.0842     0.0842     0.0432     0.0195      53710    37.2979     100.00     2.1393     1.9442          3  0.000e+00
    749.730   79.72096  169.18996    759.129     0.0519     0.0515  29.304939  29.302729    34.8398    34.8375    293.998    315.432    -0.1366     4.6374     0.0842     0.0842     0.0443     0.0195      53711    37.2986     100.00     2.1393     2.0117          3  0.000e+00
    749.664   79.72096  169.18996    759.062     0.0522     0.0516  29.305497  29.302379    34.8403    34.8369    293.992    320.876    -0.1366     4.6374     0.0842     0.0842     0.0443     0.0195      53712    37.2993     100.00     2.1393     2.0375          3  0.000e+00
    749.788   79.72096  169.18996    759.187     0.0521     0.0515  29.305311  29.302612    34.8401    34.8373    293.779    321.400    -0.1366     4.6374     0.0842     0.0842     0.0443     0.0195      53713    37.3000     100.00     2.1381     2.0400          3  0.000e+00
    749.730   79.72096  169.18996    759.129     0.0521     0.0515  29.304939  29.302612    34.8397    34.8373    293.997    319.842    -0.1366     4.6374     0.0830     0.0830     0.0443     0.0195      53714    37.3007     100.00     2.1393     2.0326          3  0.000e+00
    749.730   79.72096  169.18996    759.129     0.0518     0.0513  29.305063  29.302496    34.8402    34.8374    293.779    318.028    -0.1366     4.6374     0.0842     0.0842     0.0443     0.0195      53715    37.3014     100.00     2.1381     2.0240          3  0.000e+00
    749.730   79.72096  169.18996    759.129     0.0521     0.0514  29.305187  29.302496    34.8400    34.8372    293.996    315.952    -0.1366     4.6374     0.0842     0.0842     0.0443     0.0195      53716    37.3021     100.00     2.1393     2.0142          3  0.000e+00
    749.672   79.72096  169.18996    759.070     0.0521     0.0512  29.305373  29.302728    34.8403    34.8378    293.993    313.875    -0.1366     4.6374     0.0842     0.0842     0.0443     0.0195      53717    37.3028     100.00     2.1393     2.0044          3  0.000e+00
    749.788   79.72096  169.18996    759.187     0.0521     0.0516  29.305001  29.302612    34.8397    34.8371    293.999    312.062    -0.1366     4.6374     0.0830     0.0830     0.0443     0.0195      53718    37.3035     100.00     2.1393     1.9958          3  0.000e+00
    749.730   79.72096  169.18996    759.129     0.0521     0.0515  29.305249  29.302903    34.8401    34.8377    293.777    310.244    -0.1366     4.6374     0.0830     0.0830     0.0443     0.0195      53719    37.3042     100.00     2.1381     1.9872          3  0.000e+00
    749.788   79.72096  169.18996    759.187     0.0521     0.0514  29.305435  29.302612    34.8403    34.8373    293.997    308.692    -0.1366     4.6374     0.0830     0.0830     0.0443     0.0195      53720    37.3049     100.00     2.1393     1.9798          3  0.000e+00
    749.664   79.72096  169.18996    759.062     0.0519     0.0515  29.305249  29.302670    34.8403    34.8374    293.775    307.130    -0.1366     4.6374     0.0830     0.0830     0.0443     0.0195      53721    37.3056     100.00     2.1381     1.9724          3  0.000e+00
    749.730   79.72096  169.18996    759.129     0.0521     0.0515  29.305373  29.302962    34.8402    34.8378    293.995    305.835    -0.1366     4.6374     0.0830     0.0830     0.0443     0.0195      53722    37.3062     100.00     2.1393     1.9663          3  0.000e+00
    749.788   79.72096  169.18996    759.187     0.0521     0.0518  29.305249  29.302670    34.8400    34.8370    293.998    304.280    -0.1366     4.6386     0.0842     0.0842     0.0432     0.0195      53723    37.3069     100.00     2.1393     1.9589          3  0.000e+00
    749.672   79.72096  169.18996    759.070     0.0521     0.0516  29.305373  29.302728    34.8403    34.8374    293.993    303.239    -0.1366     4.6374     0.0830     0.0830     0.0443     0.0195      53724    37.3076     100.00     2.1393     1.9540          3  0.000e+00
    749.788   79.72096  169.18996    759.187     0.0522     0.0516  29.305249  29.302962    34.8399    34.8376    293.997    302.465    -0.1366     4.6374     0.0842     0.0842     0.0443     0.0195      53725    37.3083     100.00     2.1393     1.9503          3  0.000e+00
    749.730   79.72096  169.18996    759.129     0.0522     0.0513  29.305373  29.302845    34.8401    34.8378    293.995    301.427    -0.1061     4.6374     0.0830     0.0830     0.0443     0.0208      53726    37.3090     100.00     2.1393     1.9454          3  0.000e+00
