Continuous CTD Data/01_SBE Stage/nabos_37_01avg.cnv
* Sea-Bird SBE 9 Data File:
* FileName = D:\CTD\data\HLY2502\raw\NABOS_37_01.hex
* Software Version Seasave V 7.26.7.110
* Temperature SN = 6954
* Conductivity SN = 2561
* Number of Bytes Per Scan = 37
* Number of Voltage Words = 4
* Number of Scans Averaged by the Deck Unit = 1
* NMEA Latitude = 79 03.75 N
* NMEA Longitude = 130 24.14 E
* NMEA UTC (Time) = Sep 24 2025  20:20:46
* NMEA baud rate = 9600
** Ship: USCG HEALY
** Bot. Depth:  3116
** Cast Number:  01
** Station Name:  NABOS
** Station Number:  37
** Operator:  STARC
# nquan = 25
# nvalues = 1216                        
# units = specified
# name 0 = depSM: Depth [salt water, m]
# name 1 = latitude: Latitude [deg]
# name 2 = longitude: Longitude [deg]
# name 3 = prDM: Pressure, Digiquartz [db]
# name 4 = t090C: Temperature [ITS-90, deg C]
# name 5 = t190C: Temperature, 2 [ITS-90, deg C]
# name 6 = c0mS/cm: Conductivity [mS/cm]
# name 7 = c1mS/cm: Conductivity, 2 [mS/cm]
# name 8 = sal00: Salinity, Practical [PSU]
# name 9 = sal11: Salinity, Practical, 2 [PSU]
# name 10 = sbox0Mm/Kg: Oxygen, SBE 43 [umol/kg]
# name 11 = sbox1Mm/Kg: Oxygen, SBE 43, 2 [umol/kg]
# name 12 = flECO-AFL: Fluorescence, WET Labs ECO-AFL/FL [mg/m^3]
# name 13 = v2: Voltage 2
# name 14 = wetCDOM: Fluorescence, WET Labs CDOM [mg/m^3]
# name 15 = v6: Voltage 6
# name 16 = CStarAt0: Beam Attenuation, WET Labs C-Star [1/m]
# name 17 = v3: Voltage 3
# name 18 = scan: Scan Count
# name 19 = timeM: Time, Elapsed [minutes]
# name 20 = altM: Altimeter [m]
# name 21 = sbeox0V: Oxygen raw, SBE 43 [V]
# name 22 = sbeox1V: Oxygen raw, SBE 43, 2 [V]
# name 23 = nbin: number of scans per bin
# name 24 = flag: flag
# span 0 =      2.968,   1201.631       
# span 1 =   79.06314,   79.06776       
# span 2 =  130.38762,  130.39960       
# span 3 =      3.000,   1218.000       
# span 4 =    -1.8388,     1.9191       
# span 5 =    -1.8382,     1.9191       
# span 6 =  23.287123,  30.720229       
# span 7 =  23.286515,  30.718471       
# span 8 =    28.9256,    34.9089       
# span 9 =    28.9241,    34.9068       
# span 10 =    288.091,    377.094      
# span 11 =    -35.341,    372.162      
# span 12 =    -0.1787,     0.3931      
# span 13 =     4.5095,     4.6317      
# span 14 =     0.0718,     0.1371      
# span 15 =     0.0718,     0.1371      
# span 16 =     0.0492,     0.1562      
# span 17 =     0.0178,     0.0407      
# span 18 =       5443,      46844      
# span 19 =     3.7793,    32.5302      
# span 20 =      28.19,     100.00      
# span 21 =     1.9951,     2.6704      
# span 22 =     0.3324,     2.3350      
# span 23 =         11,         28      
# span 24 = 0.0000e+00, 0.0000e+00      
# interval = decibars: 1                
# start_time = Sep 24 2025 20:20:46 [NMEA time, header]
# bad_flag = -9.990e-29
*END*
[from data line 754]
    747.648   79.06546  130.39030    757.000    -0.0137    -0.0134  29.257927  29.256408    34.8532    34.8509    295.682    292.682    -0.1642     4.6298     0.0866     0.0866     0.0508     0.0184      29143    20.2373     100.00     2.1462     1.9019         14 0.0000e+00
    748.634   79.06546  130.39030    758.000    -0.0103    -0.0102  29.261604  29.259947    34.8536    34.8514    295.820    292.034    -0.1397     4.6299     0.0850     0.0850     0.0507     0.0194      29169    20.2558     100.00     2.1469     1.8988         14 0.0000e+00
    749.620   79.06547  130.39030    759.000    -0.0096    -0.0095  29.262668  29.261192    34.8537    34.8517    295.811    292.589    -0.1412     4.6295     0.0850     0.0850     0.0511     0.0193      29196    20.2740     100.00     2.1466     1.9013         13 0.0000e+00
    750.605   79.06548  130.39030    760.000    -0.0070    -0.0066  29.265593  29.264250    34.8540    34.8518    295.890    292.824    -0.1662     4.6294     0.0858     0.0858     0.0512     0.0183      29221    20.2918     100.00     2.1470     1.9023         13 0.0000e+00
    751.591   79.06548  130.39030    761.000    -0.0044    -0.0043  29.268455  29.266841    34.8543    34.8521    295.776    292.510    -0.1448     4.6298     0.0847     0.0847     0.0507     0.0192      29247    20.3100     100.00     2.1463     1.9008         15 0.0000e+00
    752.577   79.06548  130.39030    762.000    -0.0026    -0.0024  29.270730  29.269257    34.8547    34.8525    295.806    292.144    -0.1665     4.6295     0.0848     0.0848     0.0511     0.0183      29274    20.3287     100.00     2.1463     1.8989         16 0.0000e+00
    753.563   79.06548  130.39030    763.000     0.0053     0.0051  29.278907  29.276926    34.8559    34.8536    295.728    292.161    -0.1714     4.6291     0.0848     0.0848     0.0515     0.0181      29302    20.3478     100.00     2.1461     1.8992         14 0.0000e+00
    754.549   79.06548  130.39030    764.000     0.0117     0.0116  29.285326  29.283576    34.8567    34.8545    295.764    291.647    -0.1392     4.6300     0.0851     0.0851     0.0506     0.0194      29329    20.3665     100.00     2.1464     1.8968         15 0.0000e+00
    755.535   79.06548  130.39030    765.000     0.0126     0.0129  29.286755  29.285333    34.8569    34.8547    295.775    292.477    -0.1404     4.6298     0.0849     0.0849     0.0508     0.0194      29355    20.3848     100.00     2.1463     1.9006         16 0.0000e+00
    756.521   79.06550  130.39030    766.000     0.0131     0.0132  29.287752  29.286070    34.8570    34.8548    295.698    292.315    -0.1732     4.6296     0.0849     0.0849     0.0509     0.0181      29381    20.4025     100.00     2.1456     1.8997         17 0.0000e+00
    757.506   79.06550  130.39032    767.000     0.0152     0.0155  29.290156  29.288732    34.8572    34.8551    295.701    292.090    -0.1553     4.6296     0.0869     0.0869     0.0509     0.0188      29406    20.4204     100.00     2.1456     1.8985         13 0.0000e+00
    758.492   79.06550  130.39032    768.000     0.0162     0.0161  29.291463  29.289839    34.8573    34.8553    295.705    292.487    -0.1541     4.6297     0.0860     0.0860     0.0508     0.0188      29433    20.4392     100.00     2.1454     1.9003         14 0.0000e+00
    759.478   79.06550  130.39032    769.000     0.0168     0.0169  29.292669  29.291071    34.8576    34.8554    295.610    292.098    -0.1406     4.6293     0.0849     0.0849     0.0512     0.0194      29461    20.4584     100.00     2.1447     1.8983         16 0.0000e+00
    760.464   79.06550  130.39032    770.000     0.0164     0.0164  29.292684  29.291035    34.8575    34.8553    295.444    292.160    -0.1390     4.6300     0.0848     0.0848     0.0506     0.0194      29488    20.4768     100.00     2.1435     1.8984         13 0.0000e+00
    761.450   79.06550  130.39032    771.000     0.0160     0.0160  29.292903  29.291250    34.8576    34.8554    295.264    292.101    -0.1742     4.6299     0.0848     0.0848     0.0507     0.0180      29514    20.4948     100.00     2.1423     1.8979         15 0.0000e+00
    762.435   79.06552  130.39032    772.000     0.0160     0.0160  29.293261  29.291671    34.8575    34.8554    295.133    291.289    -0.1649     4.6295     0.0849     0.0849     0.0510     0.0184      29539    20.5127     100.00     2.1414     1.8939         15 0.0000e+00
    763.421   79.06552  130.39032    773.000     0.0146     0.0145  29.292476  29.290730    34.8575    34.8553    295.289    291.931    -0.1345     4.6300     0.0856     0.0856     0.0506     0.0196      29566    20.5310     100.00     2.1419     1.8966         14 0.0000e+00
    764.407   79.06552  130.39032    774.000     0.0130     0.0129  29.291544  29.289879    34.8575    34.8554    295.375    291.656    -0.1312     4.6300     0.0850     0.0850     0.0506     0.0197      29593    20.5501     100.00     2.1421     1.8951         17 0.0000e+00
    765.393   79.06552  130.39032    775.000     0.0126     0.0127  29.291749  29.290166    34.8576    34.8555    295.314    291.282    -0.1343     4.6300     0.0840     0.0840     0.0506     0.0196      29620    20.5684     100.00     2.1415     1.8932         13 0.0000e+00
    766.379   79.06552  130.39032    776.000     0.0153     0.0155  29.295098  29.293568    34.8584    34.8562    295.194    292.112    -0.1651     4.6295     0.0858     0.0858     0.0510     0.0184      29646    20.5866     100.00     2.1408     1.8970         13 0.0000e+00
    767.364   79.06553  130.39032    777.000     0.0130     0.0129  29.293563  29.291867    34.8584    34.8563    295.222    290.431    -0.1741     4.6289     0.0873     0.0873     0.0516     0.0180      29672    20.6050     100.00     2.1406     1.8888         13 0.0000e+00
    768.350   79.06554  130.39032    778.000     0.0028     0.0027  29.285137  29.283370    34.8582    34.8561    295.266    291.377    -0.1561     4.6298     0.0864     0.0864     0.0508     0.0187      29699    20.6240     100.00     2.1402     1.8927         16 0.0000e+00
    769.336   79.06554  130.39032    779.000    -0.0174    -0.0186  29.267883  29.264903    34.8577    34.8552    295.425    291.382    -0.1338     4.6294     0.0845     0.0845     0.0511     0.0196      29726    20.6423     100.00     2.1398     1.8916         18 0.0000e+00
    770.322   79.06554  130.39032    780.000    -0.0343    -0.0347  29.252984  29.251073    34.8566    34.8545    295.576    290.994    -0.1349     4.6290     0.0840     0.0840     0.0515     0.0196      29753    20.6608     100.00     2.1396     1.8890         18 0.0000e+00
    771.307   79.06554  130.39032    781.000    -0.0548    -0.0546  29.235200  29.233692    34.8557    34.8535    295.684    292.797    -0.1322     4.6293     0.0852     0.0852     0.0512     0.0197      29779    20.6792     100.00     2.1390     1.8965         20 0.0000e+00
    772.293   79.06554  130.39032    782.000    -0.0652    -0.0643  29.226445  29.225404    34.8554    34.8530    295.706    292.689    -0.1328     4.6289     0.0850     0.0850     0.0516     0.0197      29806    20.6978     100.00     2.1384     1.8954         16 0.0000e+00
    773.279   79.06554  130.39032    783.000    -0.0670    -0.0670  29.224966  29.223246    34.8548    34.8527    295.824    293.584    -0.1302     4.6288     0.0837     0.0837     0.0517     0.0198      29833    20.7168     100.00     2.1387     1.8993         19 0.0000e+00
    774.264   79.06556  130.39032    784.000    -0.0707    -0.0706  29.222033  29.220466    34.8546    34.8524    295.986    294.838    -0.1302     4.6286     0.0846     0.0846     0.0519     0.0198      29861    20.7358     100.00     2.1392     1.9049         19 0.0000e+00
    775.250   79.06556  130.39032    785.000    -0.0714    -0.0717  29.221693  29.219627    34.8543    34.8520    296.066    291.212    -0.1312     4.6287     0.0854     0.0854     0.0518     0.0197      29888    20.7547     100.00     2.1394     1.8876         17 0.0000e+00
    776.236   79.06556  130.39032    786.000    -0.0720    -0.0721  29.221425  29.219727    34.8542    34.8519    296.151    293.475    -0.1348     4.6287     0.0848     0.0848     0.0518     0.0196      29914    20.7730     100.00     2.1396     1.8980         16 0.0000e+00
    777.222   79.06556  130.39032    787.000    -0.0711    -0.0716  29.222593  29.220473    34.8540    34.8518    296.270    294.232    -0.1620     4.6282     0.0843     0.0843     0.0522     0.0185      29940    20.7913     100.00     2.1401     1.9014         18 0.0000e+00
    778.207   79.06556  130.39032    788.000    -0.0664    -0.0668  29.227387  29.225435    34.8545    34.8523    296.352    294.429    -0.1569     4.6285     0.0834     0.0834     0.0519     0.0187      29968    20.8103     100.00     2.1406     1.9024         21 0.0000e+00
    779.193   79.06556  130.39032    789.000    -0.0617    -0.0618  29.232119  29.230333    34.8548    34.8526    296.522    293.839    -0.1471     4.6288     0.0832     0.0832     0.0517     0.0191      29996    20.8296     100.00     2.1416     1.8996         17 0.0000e+00
    780.179   79.06558  130.39032    790.000    -0.0618    -0.0617  29.232536  29.230966    34.8549    34.8527    296.680    291.858    -0.1467     4.6286     0.0838     0.0838     0.0518     0.0191      30023    20.8486     100.00     2.1422     1.8901         15 0.0000e+00
    781.165   79.06558  130.39032    791.000    -0.0619    -0.0617  29.232931  29.231299    34.8549    34.8526    296.575    293.033    -0.1333     4.6284     0.0848     0.0848     0.0521     0.0196      30049    20.8667     100.00     2.1414     1.8954         19 0.0000e+00
    782.150   79.06558  130.39032    792.000    -0.0615    -0.0614  29.233588  29.231993    34.8548    34.8526    296.549    293.805    -0.1306     4.6286     0.0849     0.0849     0.0518     0.0198      30075    20.8847     100.00     2.1411     1.8989         15 0.0000e+00
    783.136   79.06558  130.39032    793.000    -0.0581    -0.0585  29.237722  29.235455    34.8558    34.8533    296.540    293.282    -0.1331     4.6287     0.0849     0.0849     0.0518     0.0196      30103    20.9039     100.00     2.1410     1.8964         18 0.0000e+00
    784.122   79.06558  130.39031    794.000    -0.0412    -0.0415  29.253569  29.251523    34.8570    34.8546    296.444    293.586    -0.1545     4.6280     0.0855     0.0855     0.0523     0.0188      30132    20.9241     100.00     2.1411     1.8984         16 0.0000e+00
    785.107   79.06559  130.39030    795.000    -0.0408    -0.0408  29.254653  29.253025    34.8574    34.8553    296.404    291.660    -0.1468     4.6285     0.0846     0.0846     0.0520     0.0191      30159    20.9433     100.00     2.1407     1.8892         18 0.0000e+00
    786.093   79.06560  130.39030    796.000    -0.0284    -0.0284  29.266668  29.264938    34.8586    34.8564    296.286    292.841    -0.1326     4.6288     0.0848     0.0848     0.0517     0.0197      30184    20.9606     100.00     2.1404     1.8950         12 0.0000e+00
    787.078   79.06560  130.39030    797.000    -0.0256    -0.0256  29.269930  29.268128    34.8592    34.8569    296.251    290.922    -0.1322     4.6287     0.0848     0.0848     0.0518     0.0197      30209    20.9779     100.00     2.1401     1.8859         14 0.0000e+00
    788.064   79.06560  130.39030    798.000    -0.0258    -0.0260  29.270253  29.268337    34.8593    34.8570    296.089    293.082    -0.1345     4.6283     0.0850     0.0850     0.0521     0.0196      30237    20.9971     100.00     2.1390     1.8959         15 0.0000e+00
    789.050   79.06560  130.39030    799.000    -0.0260    -0.0260  29.270489  29.268891    34.8593    34.8572    296.026    293.184    -0.1307     4.6288     0.0853     0.0853     0.0517     0.0198      30267    21.0180     100.00     2.1384     1.8962         15 0.0000e+00
    790.036   79.06560  130.39030    800.000    -0.0262    -0.0261  29.270871  29.269124    34.8595    34.8571    295.921    292.119    -0.1343     4.6285     0.0845     0.0845     0.0519     0.0196      30295    21.0378     100.00     2.1376     1.8910         13 0.0000e+00
    791.021   79.06561  130.39030    801.000    -0.0271    -0.0272  29.270612  29.268807    34.8595    34.8572    295.873    292.495    -0.1301     4.6285     0.0844     0.0844     0.0519     0.0198      30320    21.0550     100.00     2.1371     1.8926         14 0.0000e+00
    792.007   79.06562  130.39030    802.000    -0.0276    -0.0280  29.270465  29.268422    34.8593    34.8570    295.846    292.757    -0.1319     4.6281     0.0838     0.0838     0.0523     0.0197      30344    21.0719     100.00     2.1367     1.8936         13 0.0000e+00
    792.993   79.06562  130.39030    803.000    -0.0331    -0.0329  29.266089  29.264573    34.8591    34.8570    295.763    291.782    -0.1347     4.6286     0.0846     0.0846     0.0518     0.0196      30372    21.0907     100.00     2.1357     1.8886         16 0.0000e+00
    793.978   79.06562  130.39030    804.000    -0.0333    -0.0335  29.266323  29.264508    34.8592    34.8569    295.633    292.353    -0.1295     4.6283     0.0848     0.0848     0.0521     0.0198      30401    21.1114     100.00     2.1348     1.8911         13 0.0000e+00
    794.964   79.06562  130.39030    805.000    -0.0454    -0.0445  29.255422  29.254465    34.8579    34.8556    295.732    292.852    -0.1347     4.6280     0.0855     0.0855     0.0524     0.0196      30431    21.1321     100.00     2.1345     1.8928         16 0.0000e+00
    795.949   79.06562  130.39030    806.000    -0.0882    -0.0893  29.218521  29.215953    34.8569    34.8547    296.009    292.361    -0.1613     4.6286     0.0849     0.0849     0.0518     0.0185      30457    21.1501     100.00     2.1338     1.8885         15 0.0000e+00
    796.935   79.06564  130.39030    807.000    -0.0965    -0.0968  29.211388  29.209483    34.8563    34.8541    295.974    292.810    -0.1670     4.6280     0.0855     0.0855     0.0524     0.0183      30482    21.1673     100.00     2.1330     1.8901         16 0.0000e+00
    797.921   79.06564  130.39030    808.000    -0.0977    -0.0977  29.210636  29.208934    34.8561    34.8539    296.107    292.881    -0.1671     4.6283     0.0850     0.0850     0.0521     0.0183      30508    21.1855     100.00     2.1334     1.8902         16 0.0000e+00
    798.907   79.06564  130.39030    809.000    -0.0984    -0.0988  29.210191  29.208219    34.8558    34.8536    296.309    293.397    -0.1671     4.6285     0.0866     0.0866     0.0519     0.0183      30536    21.2051     100.00     2.1343     1.8924         13 0.0000e+00
    799.892   79.06564  130.39030    810.000    -0.0935    -0.0933  29.215068  29.213641    34.8561    34.8539    296.426    292.688    -0.1414     4.6287     0.0851     0.0851     0.0518     0.0193      30565    21.2248     100.00     2.1350     1.8891         13 0.0000e+00
    800.877   79.06564  130.39030    811.000    -0.0911    -0.0904  29.217763  29.216665    34.8563    34.8541    296.612    293.499    -0.1600     4.6287     0.0837     0.0837     0.0518     0.0186      30592    21.2435     100.00     2.1359     1.8929         15 0.0000e+00
    801.863   79.06564  130.39030    812.000    -0.0796    -0.0796  29.228712  29.227047    34.8572    34.8550    296.483    292.896    -0.1343     4.6282     0.0845     0.0845     0.0522     0.0196      30618    21.2618     100.00     2.1355     1.8903         16 0.0000e+00
    802.849   79.06566  130.39030    813.000    -0.0783    -0.0784  29.230351  29.228777    34.8573    34.8553    296.436    293.183    -0.1334     4.6278     0.0849     0.0849     0.0525     0.0196      30645    21.2804     100.00     2.1351     1.8915         19 0.0000e+00
