Continuous CTD Data/01_SBE Stage/nabos_40_01avg.cnv
* Sea-Bird SBE 9 Data File:
* FileName = D:\CTD\data\HLY2502\raw\NABOS_40_01.hex
* Software Version Seasave V 7.26.7.110
* Temperature SN = 6954
* Conductivity SN = 2561
* Number of Bytes Per Scan = 37
* Number of Voltage Words = 4
* Number of Scans Averaged by the Deck Unit = 1
* NMEA Latitude = 79 04.14 N
* NMEA Longitude = 126 00.67 E
* NMEA UTC (Time) = Sep 26 2025  04:32:04
* NMEA baud rate = 9600
** Ship: USCG HEALY
** Bot. Depth:  3044
** Cast Number:  01
** Station Name:  NABOS
** Station Number:  40
** Operator:  STARC
** Cast to 1200 m
# nquan = 25
# nvalues = 1214                        
# units = specified
# name 0 = depSM: Depth [salt water, m]
# name 1 = latitude: Latitude [deg]
# name 2 = longitude: Longitude [deg]
# name 3 = prDM: Pressure, Digiquartz [db]
# name 4 = t090C: Temperature [ITS-90, deg C]
# name 5 = t190C: Temperature, 2 [ITS-90, deg C]
# name 6 = c0mS/cm: Conductivity [mS/cm]
# name 7 = c1mS/cm: Conductivity, 2 [mS/cm]
# name 8 = sal00: Salinity, Practical [PSU]
# name 9 = sal11: Salinity, Practical, 2 [PSU]
# name 10 = sbox0Mm/Kg: Oxygen, SBE 43 [umol/kg]
# name 11 = sbox1Mm/Kg: Oxygen, SBE 43, 2 [umol/kg]
# name 12 = flECO-AFL: Fluorescence, WET Labs ECO-AFL/FL [mg/m^3]
# name 13 = v2: Voltage 2
# name 14 = wetCDOM: Fluorescence, WET Labs CDOM [mg/m^3]
# name 15 = v6: Voltage 6
# name 16 = CStarAt0: Beam Attenuation, WET Labs C-Star [1/m]
# name 17 = v3: Voltage 3
# name 18 = scan: Scan Count
# name 19 = timeM: Time, Elapsed [minutes]
# name 20 = altM: Altimeter [m]
# name 21 = sbeox0V: Oxygen raw, SBE 43 [V]
# name 22 = sbeox1V: Oxygen raw, SBE 43, 2 [V]
# name 23 = nbin: number of scans per bin
# name 24 = flag: flag
# span 0 =      2.968,   1199.664       
# span 1 =   79.06747,   79.06906       
# span 2 =  126.00882,  126.01032       
# span 3 =      3.000,   1216.000       
# span 4 =    -1.8350,     1.8614       
# span 5 =    -1.8347,     1.8612       
# span 6 =  23.880600,  30.665901       
# span 7 =  23.879099,  30.663261       
# span 8 =    29.7889,    34.9097       
# span 9 =    29.7857,    34.9067       
# span 10 =    287.650,    380.618      
# span 11 =    284.093,    374.113      
# span 12 =    -0.1763,     0.3442      
# span 13 =     4.5360,     4.6316      
# span 14 =     0.0656,     0.1418      
# span 15 =     0.0656,     0.1418      
# span 16 =     0.0493,     0.1327      
# span 17 =     0.0179,     0.0388      
# span 18 =       3347,      39082      
# span 19 =     2.3240,    27.1392      
# span 20 =     100.00,     100.00      
# span 21 =     1.9918,     2.6606      
# span 22 =     1.7703,     2.3177      
# span 23 =          2,         26      
# span 24 = 0.0000e+00, 0.0000e+00      
# interval = decibars: 1                
# start_time = Sep 26 2025 04:32:04 [NMEA time, header]
# bad_flag = -9.990e-29
*END*
[from data line 58]
     60.348   79.06902  126.00948     61.000    -1.8302    -1.8298  26.536759  26.534756    33.6454    33.6422    352.155    347.575    -0.0798     4.6195     0.1012     0.1012     0.0597     0.0218       7252     5.0351     100.00     2.5178     2.2078         21 0.0000e+00
     61.337   79.06902  126.00948     62.000    -1.8313    -1.8309  26.545246  26.543194    33.6579    33.6546    351.764    347.170    -0.0847     4.6198     0.1006     0.1006     0.0594     0.0216       7302     5.0701     100.00     2.5154     2.2057         20 0.0000e+00
     62.326   79.06902  126.00946     63.000    -1.8328    -1.8324  26.555067  26.553161    33.6727    33.6696    351.455    346.699    -0.0921     4.6202     0.0998     0.0998     0.0592     0.0213       7353     5.1053     100.00     2.5135     2.2034         24 0.0000e+00
     63.315   79.06902  126.00945     64.000    -1.8336    -1.8333  26.559018  26.557058    33.6785    33.6754    351.404    346.243    -0.1043     4.6201     0.0980     0.0980     0.0593     0.0208       7403     5.1401     100.00     2.5129     2.2010         18 0.0000e+00
     64.304   79.06902  126.00944     65.000    -1.8340    -1.8336  26.562269  26.560225    33.6828    33.6795    351.549    345.998    -0.0899     4.6203     0.0989     0.0989     0.0591     0.0214       7454     5.1754     100.00     2.5136     2.1996         22 0.0000e+00
     65.293   79.06902  126.00943     66.000    -1.8336    -1.8332  26.568304  26.566351    33.6902    33.6869    351.602    345.844    -0.0945     4.6204     0.0972     0.0972     0.0590     0.0213       7505     5.2109     100.00     2.5138     2.1987         21 0.0000e+00
     66.282   79.06902  126.00942     67.000    -1.8333    -1.8329  26.575120  26.573117    33.6988    33.6955    351.571    345.725    -0.1146     4.6202     0.0978     0.0978     0.0592     0.0204       7555     5.2461     100.00     2.5135     2.1980         19 0.0000e+00
     67.271   79.06902  126.00941     68.000    -1.8328    -1.8324  26.580220  26.578205    33.7047    33.7014    351.328    345.991    -0.1169     4.6209     0.0977     0.0977     0.0586     0.0203       7607     5.2819     100.00     2.5119     2.1992         25 0.0000e+00
     68.261   79.06902  126.00940     69.000    -1.8325    -1.8320  26.586459  26.584482    33.7123    33.7090    351.084    346.007    -0.1254     4.6204     0.0976     0.0976     0.0590     0.0200       7657     5.3169     100.00     2.5104     2.1992         22 0.0000e+00
     69.250   79.06902  126.00939     70.000    -1.8314    -1.8310  26.593231  26.591138    33.7199    33.7166    350.580    344.121    -0.1071     4.6207     0.0966     0.0966     0.0587     0.0207       7707     5.3515     100.00     2.5074     2.1900         16 0.0000e+00
     70.239   79.06902  126.00938     71.000    -1.8310    -1.8306  26.598977  26.597002    33.7269    33.7237    350.212    345.700    -0.1341     4.6208     0.0975     0.0975     0.0586     0.0196       7758     5.3871     100.00     2.5052     2.1975         23 0.0000e+00
     71.228   79.06902  126.00936     72.000    -1.8309    -1.8305  26.604777  26.602723    33.7341    33.7308    350.142    345.039    -0.0998     4.6204     0.0973     0.0973     0.0590     0.0210       7809     5.4221     100.00     2.5046     2.1942         19 0.0000e+00
     72.217   79.06902  126.00935     73.000    -1.8306    -1.8303  26.608259  26.606137    33.7381    33.7347    350.330    344.867    -0.1007     4.6204     0.0954     0.0954     0.0590     0.0210       7860     5.4575     100.00     2.5055     2.1932         17 0.0000e+00
     73.206   79.06902  126.00934     74.000    -1.8302    -1.8298  26.614030  26.611867    33.7450    33.7415    350.383    345.224    -0.0952     4.6207     0.0954     0.0954     0.0587     0.0212       7911     5.4932     100.00     2.5057     2.1948         20 0.0000e+00
     74.195   79.06902  126.00932     75.000    -1.8314    -1.8312  26.619363  26.617308    33.7533    33.7502    350.014    345.123    -0.1275     4.6204     0.0941     0.0941     0.0590     0.0199       7962     5.5282     100.00     2.5034     2.1942         17 0.0000e+00
     75.184   79.06902  126.00932     76.000    -1.8350    -1.8347  26.620799  26.618709    33.7587    33.7554    349.809    344.946    -0.1310     4.6206     0.0939     0.0939     0.0588     0.0197       8012     5.5631     100.00     2.5018     2.1930         16 0.0000e+00
     76.173   79.06902  126.00930     77.000    -1.8338    -1.8332  26.625842  26.623802    33.7637    33.7602    349.912    345.156    -0.1200     4.6205     0.0946     0.0946     0.0589     0.0202       8063     5.5985     100.00     2.5023     2.1939         20 0.0000e+00
     77.162   79.06902  126.00929     78.000    -1.8279    -1.8274  26.634313  26.632148    33.7682    33.7646    350.156    344.628    -0.0973     4.6208     0.0942     0.0942     0.0586     0.0211       8113     5.6331     100.00     2.5039     2.1915         14 0.0000e+00
     78.152   79.06902  126.00928     79.000    -1.8268    -1.8264  26.640154  26.638158    33.7745    33.7712    350.174    344.424    -0.1139     4.6202     0.0938     0.0938     0.0592     0.0204       8164     5.6685     100.00     2.5039     2.1904         16 0.0000e+00
     79.140   79.06901  126.00926     80.000    -1.8196    -1.8189  26.653991  26.652074    33.7850    33.7815    349.893    344.590    -0.1133     4.6202     0.0919     0.0919     0.0592     0.0205       8215     5.7040     100.00     2.5026     2.1915         17 0.0000e+00
     80.130   79.06900  126.00925     81.000    -1.8036    -1.8028  26.679349  26.677510    33.8014    33.7979    349.421    345.561    -0.1329     4.6208     0.0930     0.0930     0.0586     0.0197       8266     5.7392     100.00     2.5008     2.1971         15 0.0000e+00
     81.119   79.06900  126.00924     82.000    -1.7866    -1.7859  26.701749  26.699712    33.8126    33.8090    349.052    344.089    -0.1366     4.6208     0.0926     0.0926     0.0586     0.0195       8316     5.7742     100.00     2.4997     2.1907         14 0.0000e+00
     82.108   79.06900  126.00922     83.000    -1.7734    -1.7728  26.720131  26.718182    33.8225    33.8192    348.042    343.097    -0.0878     4.6214     0.0931     0.0931     0.0581     0.0215       8367     5.8098     100.00     2.4946     2.1865         17 0.0000e+00
     83.097   79.06900  126.00921     84.000    -1.7603    -1.7597  26.742751  26.740833    33.8385    33.8351    346.625    342.679    -0.1176     4.6206     0.0927     0.0927     0.0589     0.0203       8417     5.8446     100.00     2.4872     2.1851         15 0.0000e+00
     84.086   79.06900  126.00920     85.000    -1.7551    -1.7548  26.759059  26.757114    33.8546    33.8515    345.613    341.287    -0.1311     4.6210     0.0923     0.0923     0.0585     0.0197       8468     5.8800     100.00     2.4817     2.1786         16 0.0000e+00
     85.075   79.06900  126.00918     86.000    -1.7477    -1.7471  26.781633  26.779650    33.8769    33.8735    344.712    340.082    -0.1240     4.6211     0.0917     0.0917     0.0584     0.0200       8519     5.9152     100.00     2.4771     2.1732         17 0.0000e+00
     86.064   79.06900  126.00917     87.000    -1.7442    -1.7441  26.798435  26.796337    33.8957    33.8926    343.750    338.898    -0.1027     4.6210     0.0917     0.0917     0.0584     0.0209       8570     5.9505     100.00     2.4718     2.1676         18 0.0000e+00
     87.053   79.06900  126.00916     88.000    -1.7503    -1.7496  26.800776  26.798998    33.9053    33.9020    342.973    337.890    -0.1291     4.6208     0.0930     0.0930     0.0586     0.0198       8620     5.9853     100.00     2.4668     2.1623         16 0.0000e+00
     88.042   79.06900  126.00914     89.000    -1.7275    -1.7274  26.833126  26.830858    33.9236    33.9204    341.952    337.074    -0.1185     4.6210     0.0922     0.0922     0.0584     0.0202       8671     6.0207     100.00     2.4623     2.1595         15 0.0000e+00
     89.031   79.06900  126.00912     90.000    -1.7644    -1.7645  26.813949  26.811862    33.9386    33.9357    341.381    337.126    -0.1232     4.6213     0.0918     0.0918     0.0581     0.0201       8721     6.0559     100.00     2.4568     2.1579         16 0.0000e+00
     90.020   79.06900  126.00912     91.000    -1.7700    -1.7698  26.821631  26.819552    33.9550    33.9518    340.915    336.161    -0.1281     4.6215     0.0923     0.0923     0.0580     0.0199       8772     6.0910     100.00     2.4537     2.1529         14 0.0000e+00
     91.009   79.06900  126.00910     92.000    -1.7727    -1.7723  26.828307  26.826361    33.9668    33.9636    340.885    335.857    -0.1325     4.6214     0.0916     0.0916     0.0581     0.0197       8823     6.1263     100.00     2.4533     2.1512         15 0.0000e+00
     91.998   79.06900  126.00909     93.000    -1.7460    -1.7452  26.861608  26.859998    33.9820    33.9788    340.356    335.425    -0.1285     4.6213     0.0926     0.0926     0.0582     0.0198       8874     6.1618     100.00     2.4519     2.1505         19 0.0000e+00
     92.987   79.06900  126.00908     94.000    -1.7363    -1.7355  26.882285  26.880783    33.9990    33.9959    339.861    335.277    -0.1323     4.6215     0.0913     0.0913     0.0580     0.0197       8925     6.1974     100.00     2.4496     2.1502         22 0.0000e+00
     93.976   79.06898  126.00906     95.000    -1.7164    -1.7157  26.908760  26.907113    34.0124    34.0093    339.200    334.747    -0.1154     4.6210     0.0904     0.0904     0.0584     0.0204       8976     6.2324     100.00     2.4469     2.1486         16 0.0000e+00
     94.965   79.06898  126.00906     96.000    -1.7045    -1.7043  26.929022  26.926936    34.0264    34.0232    338.699    333.774    -0.1319     4.6208     0.0901     0.0901     0.0586     0.0197       9027     6.2680     100.00     2.4448     2.1444         20 0.0000e+00
     95.954   79.06898  126.00904     97.000    -1.7235    -1.7239  26.919451  26.917050    34.0342    34.0313    338.246    333.887    -0.1265     4.6218     0.0898     0.0898     0.0578     0.0199       9077     6.3029     100.00     2.4409     2.1438         18 0.0000e+00
     96.943   79.06898  126.00904     98.000    -1.7159    -1.7152  26.932923  26.931698    34.0436    34.0411    337.649    333.050    -0.1321     4.6226     0.0901     0.0901     0.0571     0.0197       9128     6.3381     100.00     2.4377     2.1401         19 0.0000e+00
     97.932   79.06898  126.00902     99.000    -1.6817    -1.6810  26.973002  26.971927    34.0595    34.0571    337.667    332.479    -0.1315     4.6222     0.0901     0.0901     0.0574     0.0197       9178     6.3732     100.00     2.4399     2.1390         18 0.0000e+00
     98.921   79.06898  126.00900    100.000    -1.6224    -1.6219  27.031843  27.030505    34.0726    34.0701    337.028    331.857    -0.1274     4.6226     0.0888     0.0888     0.0571     0.0199       9230     6.4089     100.00     2.4397     2.1389         20 0.0000e+00
     99.910   79.06898  126.00900    101.000    -1.5968    -1.5961  27.062851  27.061446    34.0857    34.0828    336.479    331.189    -0.1322     4.6220     0.0884     0.0884     0.0576     0.0197       9280     6.4440     100.00     2.4380     2.1368         21 0.0000e+00
    100.899   79.06898  126.00898    102.000    -1.5459    -1.5451  27.111713  27.112372    34.0945    34.0944    335.581    330.767    -0.1291     4.6222     0.0877     0.0877     0.0575     0.0198       9335     6.4821     100.00     2.4356     2.1372         20 0.0000e+00
    101.888   79.06898  126.00897    103.000    -1.5195    -1.5172  27.142828  27.144464    34.1066    34.1063    333.905    329.831    -0.1226     4.6224     0.0882     0.0882     0.0572     0.0201       9418     6.5395     100.00     2.4274     2.1339         24 0.0000e+00
    102.877   79.06898  126.00896    104.000    -1.5027    -1.5025  27.172127  27.170159    34.1273    34.1243    332.899    328.622    -0.1257     4.6222     0.0878     0.0878     0.0574     0.0200       9484     6.5857     100.00     2.4226     2.1288         17 0.0000e+00
    103.866   79.06898  126.00894    105.000    -1.4777    -1.4772  27.203725  27.201774    34.1417    34.1385    332.515    327.842    -0.1296     4.6231     0.0878     0.0878     0.0566     0.0198       9514     6.6060     100.00     2.4218     2.1261         13 0.0000e+00
    104.855   79.06896  126.00894    106.000    -1.4479    -1.4472  27.237760  27.236058    34.1540    34.1509    332.263    327.263    -0.1328     4.6231     0.0871     0.0871     0.0567     0.0197       9534     6.6198     100.00     2.4221     2.1247         16 0.0000e+00
    105.844   79.06896  126.00894    107.000    -1.4137    -1.4126  27.275217  27.273977    34.1659    34.1629    331.939    326.840    -0.1332     4.6226     0.0868     0.0868     0.0571     0.0196       9552     6.6327     100.00     2.4221     2.1242         18 0.0000e+00
    106.832   79.06896  126.00894    108.000    -1.3623    -1.3621  27.327884  27.325859    34.1791    34.1761    331.383    326.731    -0.1323     4.6226     0.0878     0.0878     0.0571     0.0197       9571     6.6460     100.00     2.4218     2.1261         14 0.0000e+00
    107.821   79.06896  126.00894    109.000    -1.3101    -1.3094  27.384278  27.382585    34.1964    34.1933    331.003    326.512    -0.1318     4.6223     0.0878     0.0878     0.0573     0.0197       9593     6.6612     100.00     2.4226     2.1276         19 0.0000e+00
    108.810   79.06896  126.00893    110.000    -1.2673    -1.2668  27.428240  27.426303    34.2073    34.2041    330.461    325.398    -0.1305     4.6221     0.0878     0.0878     0.0575     0.0198       9617     6.6781     100.00     2.4219     2.1241         20 0.0000e+00
    109.799   79.06896  126.00892    111.000    -1.2311    -1.2301  27.467288  27.465275    34.2190    34.2150    329.635    324.954    -0.1343     4.6226     0.0878     0.0878     0.0571     0.0196       9642     6.6951     100.00     2.4191     2.1237         15 0.0000e+00
    110.788   79.06896  126.00892    112.000    -1.1817    -1.1800  27.518273  27.516477    34.2318    34.2274    328.653    323.924    -0.1278     4.6218     0.0878     0.0878     0.0578     0.0199       9669     6.7138     100.00     2.4162     2.1209         20 0.0000e+00
    111.777   79.06896  126.00892    113.000    -1.1262    -1.1256  27.573959  27.571463    34.2441    34.2399    327.710    323.346    -0.1232     4.6226     0.0869     0.0869     0.0571     0.0201       9699     6.7347     100.00     2.4138     2.1206         20 0.0000e+00
    112.766   79.06896  126.00890    114.000    -1.0695    -1.0683  27.630939  27.628695    34.2567    34.2522    326.911    322.549    -0.1290     4.6214     0.0863     0.0863     0.0581     0.0198       9730     6.7562     100.00     2.4123     2.1194         20 0.0000e+00
    113.755   79.06896  126.00890    115.000    -1.0125    -1.0118  27.687258  27.684791    34.2679    34.2638    326.147    321.129    -0.1290     4.6234     0.0877     0.0877     0.0563     0.0198       9761     6.7776     100.00     2.4110     2.1150         20 0.0000e+00
    114.744   79.06896  126.00890    116.000    -0.9555    -0.9541  27.743022  27.741116    34.2785    34.2742    325.424    320.877    -0.1319     4.6212     0.0878     0.0878     0.0583     0.0197       9790     6.7982     100.00     2.4099     2.1164         19 0.0000e+00
    115.733   79.06896  126.00890    117.000    -0.8941    -0.8934  27.803160  27.800494    34.2897    34.2853    324.600    319.697    -0.1315     4.6233     0.0863     0.0863     0.0564     0.0197       9820     6.8185     100.00     2.4085     2.1134         18 0.0000e+00
