Continuous CTD Data/01_SBE Stage/nabos_25_01.ros
* Sea-Bird SBE 9 Data File:
* FileName = D:\CTD\data\HLY2502\raw\NABOS_25_01.hex
* Software Version Seasave V 7.26.7.110
* Temperature SN = 6954
* Conductivity SN = 2561
* Number of Bytes Per Scan = 37
* Number of Voltage Words = 4
* Number of Scans Averaged by the Deck Unit = 1
* NMEA Latitude = 80 21.66 N
* NMEA Longitude = 163 54.90 E
* NMEA UTC (Time) = Sep 20 2025  10:52:56
* NMEA baud rate = 9600
** Ship: USCG HEALY
** Bot. Depth:  2763
** Cast Number:  01
** Station Name:  NABOS
** Station Number:  25
** Operator:  STARC
# nquan = 25
# nvalues = 1127                                  
# units = specified
# name 0 = depSM: Depth [salt water, m]
# name 1 = latitude: Latitude [deg]
# name 2 = longitude: Longitude [deg]
# name 3 = prDM: Pressure, Digiquartz [db]
# name 4 = t090C: Temperature [ITS-90, deg C]
# name 5 = t190C: Temperature, 2 [ITS-90, deg C]
# name 6 = c0mS/cm: Conductivity [mS/cm]
# name 7 = c1mS/cm: Conductivity, 2 [mS/cm]
# name 8 = sal00: Salinity, Practical [PSU]
# name 9 = sal11: Salinity, Practical, 2 [PSU]
# name 10 = sbox0Mm/Kg: Oxygen, SBE 43 [umol/kg]
# name 11 = sbox1Mm/Kg: Oxygen, SBE 43, 2 [umol/kg]
# name 12 = flECO-AFL: Fluorescence, WET Labs ECO-AFL/FL [mg/m^3]
# name 13 = v2: Voltage 2
# name 14 = wetCDOM: Fluorescence, WET Labs CDOM [mg/m^3]
# name 15 = v6: Voltage 6
# name 16 = CStarAt0: Beam Attenuation, WET Labs C-Star [1/m]
# name 17 = v3: Voltage 3
# name 18 = scan: Scan Count
# name 19 = timeM: Time, Elapsed [minutes]
# name 20 = altM: Altimeter [m]
# name 21 = sbeox0V: Oxygen raw, SBE 43 [V]
# name 22 = sbeox1V: Oxygen raw, SBE 43, 2 [V]
# name 23 = nbf: Bottles Fired
# name 24 = flag:  0.000e+00
# interval = seconds: 0.0416667
# start_time = Sep 20 2025 10:52:56 [NMEA time, header]
# bad_flag = -9.990e-29
*END*
[from data line 580]
     99.805   80.36544  163.91090    100.898    -1.1847    -1.1850  27.537171  27.535715    34.2682    34.2665    306.709    299.579    -0.1061     4.6337     0.0916     0.0916     0.0474     0.0208      92078    63.9424     100.00     2.2907     2.0029         12  0.000e+00
     99.805   80.36544  163.91090    100.898    -1.1847    -1.1852  27.537292  27.535772    34.2683    34.2667    306.917    299.580    -0.1366     4.6325     0.0916     0.0916     0.0485     0.0195      92079    63.9431     100.00     2.2919     2.0029         12  0.000e+00
     99.731   80.36544  163.91090    100.824    -1.1849    -1.1852  27.537473  27.536057    34.2688    34.2672    306.706    299.329    -0.1366     4.6325     0.0916     0.0916     0.0485     0.0195      92080    63.9438     100.00     2.2907     2.0017         12  0.000e+00
     99.805   80.36544  163.91090    100.898    -1.1849    -1.1852  27.537594  27.535943    34.2689    34.2670    306.917    299.086    -0.1366     4.6325     0.0916     0.0916     0.0485     0.0195      92081    63.9444     100.00     2.2919     2.0005         12  0.000e+00
     99.805   80.36544  163.91090    100.898    -1.1849    -1.1852  27.537352  27.535658    34.2686    34.2666    306.710    298.840    -0.1366     4.6325     0.0916     0.0916     0.0485     0.0195      92082    63.9451     100.00     2.2907     1.9992         12  0.000e+00
     99.805   80.36544  163.91090    100.898    -1.1849    -1.1849  27.537292  27.535943    34.2685    34.2666    306.918    298.838    -0.1366     4.6337     0.0916     0.0916     0.0474     0.0195      92083    63.9458     100.00     2.2919     1.9992         12  0.000e+00
     99.731   80.36544  163.91090    100.824    -1.1849    -1.1852  27.537291  27.535943    34.2686    34.2670    306.707    298.590    -0.1366     4.6337     0.0916     0.0916     0.0474     0.0195      92084    63.9465     100.00     2.2907     1.9980         12  0.000e+00
     99.805   80.36544  163.91090    100.898    -1.1847    -1.1850  27.537292  27.535886    34.2683    34.2668    306.709    298.592    -0.1366     4.6325     0.0916     0.0916     0.0485     0.0195      92085    63.9472     100.00     2.2907     1.9980         12  0.000e+00
     85.159   80.36554  163.91086     86.089    -1.3697    -1.3682  27.262647  27.262336    34.1114    34.1094    308.787    301.230    -0.1061     4.6325     0.0940     0.0940     0.0485     0.0208      94472    65.6049     100.00     2.2941     2.0039         13  0.000e+00
     85.217   80.36554  163.91086     86.147    -1.3695    -1.3682  27.262527  27.262222    34.1111    34.1092    308.998    301.233    -0.1366     4.6325     0.0940     0.0940     0.0485     0.0195      94473    65.6056     100.00     2.2953     2.0039         13  0.000e+00
     85.217   80.36554  163.91086     86.147    -1.3694    -1.3681  27.262708  27.262733    34.1112    34.1097    308.997    301.230    -0.1366     4.6325     0.0940     0.0940     0.0485     0.0195      94474    65.6063     100.00     2.2953     2.0039         13  0.000e+00
     85.217   80.36554  163.91086     86.147    -1.3694    -1.3684  27.262828  27.262563    34.1113    34.1099    308.997    301.233    -0.1366     4.6325     0.0940     0.0940     0.0485     0.0195      94475    65.6069     100.00     2.2953     2.0039         13  0.000e+00
     85.159   80.36554  163.91086     86.089    -1.3692    -1.3684  27.262587  27.262789    34.1109    34.1102    308.994    301.229    -0.1366     4.6325     0.0940     0.0940     0.0485     0.0195      94476    65.6076     100.00     2.2953     2.0039         13  0.000e+00
     85.217   80.36554  163.91086     86.147    -1.3691    -1.3684  27.262708  27.262563    34.1108    34.1099    308.995    300.985    -0.1061     4.6337     0.0940     0.0940     0.0474     0.0208      94477    65.6083     100.00     2.2953     2.0027         13  0.000e+00
     85.217   80.36554  163.91086     86.147    -1.3694    -1.3682  27.262647  27.262619    34.1111    34.1097    308.997    300.488    -0.1366     4.6325     0.0940     0.0940     0.0485     0.0195      94478    65.6090     100.00     2.2953     2.0002         13  0.000e+00
     85.159   80.36554  163.91086     86.089    -1.3697    -1.3682  27.262889  27.262676    34.1118    34.1098    308.786    300.237    -0.1366     4.6325     0.0940     0.0940     0.0485     0.0195      94479    65.6097     100.00     2.2941     1.9990         13  0.000e+00
     85.217   80.36554  163.91086     86.147    -1.3692    -1.3681  27.262828  27.262903    34.1111    34.1100    308.995    300.238    -0.1366     4.6325     0.0940     0.0940     0.0485     0.0195      94480    65.6104     100.00     2.2953     1.9990         13  0.000e+00
     85.159   80.36554  163.91086     86.089    -1.3691    -1.3682  27.262587  27.263130    34.1107    34.1105    308.783    300.236    -0.1366     4.6325     0.0940     0.0940     0.0485     0.0195      94481    65.6111     100.00     2.2941     1.9990         13  0.000e+00
     85.217   80.36554  163.91086     86.147    -1.3694    -1.3679  27.262527  27.262846    34.1109    34.1097    308.997    299.989    -0.1366     4.6325     0.0940     0.0940     0.0485     0.0195      94482    65.6118     100.00     2.2953     1.9978         13  0.000e+00
     85.159   80.36554  163.91086     86.089    -1.3694    -1.3679  27.262768  27.262846    34.1113    34.1097    308.994    299.739    -0.1366     4.6325     0.0940     0.0940     0.0485     0.0195      94483    65.6125     100.00     2.2953     1.9966         13  0.000e+00
     85.217   80.36554  163.91086     86.147    -1.3694    -1.3681  27.262346  27.262563    34.1107    34.1095    308.998    299.992    -0.1061     4.6325     0.0940     0.0940     0.0485     0.0208      94484    65.6132     100.00     2.2953     1.9978         13  0.000e+00
     85.217   80.36554  163.91086     86.147    -1.3695    -1.3682  27.262467  27.262392    34.1110    34.1094    308.998    300.241    -0.1366     4.6325     0.0940     0.0940     0.0485     0.0195      94485    65.6139     100.00     2.2953     1.9990         13  0.000e+00
     85.159   80.36554  163.91086     86.089    -1.3695    -1.3682  27.262165  27.262392    34.1106    34.1095    308.997    300.486    -0.1366     4.6325     0.0940     0.0940     0.0485     0.0195      94486    65.6146     100.00     2.2953     2.0002         13  0.000e+00
     85.217   80.36554  163.91086     86.147    -1.3697    -1.3684  27.261984  27.262392    34.1105    34.1096    309.001    300.737    -0.1366     4.6325     0.0940     0.0940     0.0485     0.0195      94487    65.6153     100.00     2.2953     2.0015         13  0.000e+00
     85.217   80.36554  163.91086     86.147    -1.3695    -1.3684  27.262406  27.262052    34.1109    34.1092    308.998    300.738    -0.1366     4.6325     0.0940     0.0940     0.0485     0.0195      94488    65.6160     100.00     2.2953     2.0015         13  0.000e+00
     85.159   80.36554  163.91086     86.089    -1.3695    -1.3686  27.262406  27.262052    34.1109    34.1094    309.205    300.737    -0.1366     4.6325     0.0940     0.0940     0.0485     0.0195      94489    65.6167     100.00     2.2966     2.0015         13  0.000e+00
     85.217   80.36554  163.91086     86.147    -1.3695    -1.3686  27.261864  27.261769    34.1101    34.1090    309.000    300.740    -0.1061     4.6325     0.0940     0.0940     0.0485     0.0208      94490    65.6174     100.00     2.2953     2.0015         13  0.000e+00
     85.159   80.36554  163.91086     86.089    -1.3697    -1.3687  27.261924  27.261712    34.1105    34.1091    308.999    300.739    -0.1366     4.6325     0.0940     0.0940     0.0485     0.0195      94491    65.6181     100.00     2.2953     2.0015         13  0.000e+00
     85.217   80.36554  163.91086     86.147    -1.3697    -1.3689  27.261803  27.261825    34.1102    34.1094    309.002    300.494    -0.1366     4.6337     0.0940     0.0940     0.0474     0.0195      94492    65.6188     100.00     2.2953     2.0002         13  0.000e+00
     85.217   80.36554  163.91086     86.147    -1.3695    -1.3687  27.261743  27.261712    34.1100    34.1090    309.001    300.494    -0.1061     4.6337     0.0940     0.0940     0.0474     0.0208      94493    65.6194     100.00     2.2953     2.0002         13  0.000e+00
     85.159   80.36554  163.91086     86.089    -1.3695    -1.3689  27.261984  27.261825    34.1103    34.1094    308.997    300.740    -0.1366     4.6325     0.0940     0.0940     0.0485     0.0195      94494    65.6201     100.00     2.2953     2.0015         13  0.000e+00
     85.217   80.36554  163.91086     86.147    -1.3696    -1.3687  27.261803  27.262109    34.1101    34.1096    309.001    300.492    -0.1366     4.6325     0.0940     0.0940     0.0485     0.0195      94495    65.6208     100.00     2.2953     2.0002         13  0.000e+00
     85.159   80.36554  163.91086     86.089    -1.3698    -1.3689  27.261743  27.262109    34.1104    34.1098    309.000    300.491    -0.1366     4.6325     0.0940     0.0940     0.0485     0.0195      94496    65.6215     100.00     2.2953     2.0002         13  0.000e+00
     85.217   80.36554  163.91086     86.147    -1.3697    -1.3687  27.261622  27.262563    34.1100    34.1102    309.002    300.243    -0.1366     4.6325     0.0940     0.0940     0.0485     0.0195      94497    65.6222     100.00     2.2953     1.9990         13  0.000e+00
     85.217   80.36554  163.91086     86.147    -1.3700    -1.3684  27.261683  27.262449    34.1105    34.1097    309.004    300.489    -0.1366     4.6325     0.0940     0.0940     0.0485     0.0195      94498    65.6229     100.00     2.2953     2.0002         13  0.000e+00
     85.217   80.36554  163.91086     86.147    -1.3700    -1.3686  27.261743  27.262392    34.1105    34.1098    309.004    300.490    -0.1366     4.6325     0.0940     0.0940     0.0485     0.0195      94499    65.6236     100.00     2.2953     2.0002         13  0.000e+00
     85.159   80.36554  163.91086     86.089    -1.3700    -1.3686  27.261803  27.262619    34.1107    34.1102    309.001    300.735    -0.1366     4.6325     0.0940     0.0940     0.0485     0.0195      94500    65.6243     100.00     2.2953     2.0015         13  0.000e+00
     85.217   80.36554  163.91086     86.147    -1.3698    -1.3684  27.261502  27.262336    34.1100    34.1095    309.003    300.737    -0.1366     4.6325     0.0940     0.0940     0.0485     0.0195      94501    65.6250     100.00     2.2953     2.0015         13  0.000e+00
     85.159   80.36554  163.91086     86.089    -1.3700    -1.3684  27.261864  27.262222    34.1108    34.1094    309.001    300.983    -0.1366     4.6325     0.0940     0.0940     0.0485     0.0195      94502    65.6257     100.00     2.2953     2.0027         13  0.000e+00
     85.217   80.36554  163.91086     86.147    -1.3697    -1.3684  27.261803  27.262336    34.1102    34.1095    309.001    300.985    -0.1366     4.6325     0.0940     0.0940     0.0485     0.0195      94503    65.6264     100.00     2.2953     2.0027         13  0.000e+00
     85.159   80.36554  163.91086     86.089    -1.3698    -1.3686  27.261743  27.262392    34.1104    34.1099    309.000    300.984    -0.1366     4.6325     0.0940     0.0940     0.0485     0.0195      94504    65.6271     100.00     2.2953     2.0027         13  0.000e+00
     85.217   80.36554  163.91086     86.147    -1.3699    -1.3686  27.261803  27.262166    34.1105    34.1095    309.003    301.234    -0.1366     4.6325     0.0940     0.0940     0.0485     0.0195      94505    65.6278     100.00     2.2953     2.0039         13  0.000e+00
     85.217   80.36554  163.91086     86.147    -1.3698    -1.3689  27.261743  27.261939    34.1104    34.1095    309.003    301.485    -0.1366     4.6325     0.0940     0.0940     0.0485     0.0195      94506    65.6285     100.00     2.2953     2.0051         13  0.000e+00
     85.217   80.36554  163.91086     86.147    -1.3700    -1.3689  27.261924  27.261882    34.1108    34.1095    309.003    301.733    -0.1366     4.6325     0.0940     0.0940     0.0485     0.0195      94507    65.6292     100.00     2.2953     2.0064         13  0.000e+00
     85.159   80.36554  163.91086     86.089    -1.3697    -1.3687  27.262044  27.261542    34.1106    34.1088    309.207    301.978    -0.1366     4.6325     0.0940     0.0940     0.0485     0.0195      94508    65.6299     100.00     2.2966     2.0076         13  0.000e+00
     85.217   80.36554  163.91086     86.147    -1.3698    -1.3687  27.261803  27.261542    34.1104    34.1088    309.002    302.228    -0.1061     4.6325     0.0940     0.0940     0.0485     0.0208      94509    65.6306     100.00     2.2953     2.0088         13  0.000e+00
     85.159   80.36554  163.91086     86.089    -1.3695    -1.3690  27.261924  27.261655    34.1103    34.1093    309.207    302.228    -0.1366     4.6325     0.0940     0.0940     0.0485     0.0195      94510    65.6312     100.00     2.2966     2.0088         13  0.000e+00
     85.159   80.36554  163.91086     86.089    -1.3697    -1.3692  27.261863  27.261428    34.1104    34.1092    308.999    302.229    -0.1366     4.6325     0.0940     0.0940     0.0485     0.0195      94511    65.6319     100.00     2.2953     2.0088         13  0.000e+00
     85.274   80.36554  163.91086     86.205    -1.3695    -1.3692  27.261924  27.261202    34.1102    34.1088    309.002    302.235    -0.1366     4.6325     0.0940     0.0940     0.0485     0.0195      94512    65.6326     100.00     2.2953     2.0088         13  0.000e+00
     85.217   80.36554  163.91086     86.147    -1.3697    -1.3693  27.261984  27.261145    34.1105    34.1089    309.210    301.986    -0.1366     4.6325     0.0940     0.0940     0.0485     0.0195      94513    65.6333     100.00     2.2966     2.0076         13  0.000e+00
     85.159   80.36554  163.91086     86.089    -1.3694    -1.3693  27.262225  27.261315    34.1105    34.1092    309.205    301.487    -0.1366     4.6325     0.0940     0.0940     0.0485     0.0195      94514    65.6340     100.00     2.2966     2.0051         13  0.000e+00
     85.159   80.36554  163.91086     86.089    -1.3695    -1.3692  27.262044  27.261201    34.1104    34.1089    309.206    301.239    -0.1366     4.6325     0.0940     0.0940     0.0485     0.0195      94515    65.6347     100.00     2.2966     2.0039         13  0.000e+00
     85.217   80.36554  163.91086     86.147    -1.3697    -1.3690  27.261984  27.261825    34.1106    34.1095    309.001    301.238    -0.1061     4.6325     0.0940     0.0940     0.0485     0.0208      94516    65.6354     100.00     2.2953     2.0039         13  0.000e+00
     85.217   80.36554  163.91086     86.147    -1.3695    -1.3687  27.261803  27.262166    34.1101    34.1097    309.209    301.235    -0.1366     4.6325     0.0940     0.0940     0.0485     0.0195      94517    65.6361     100.00     2.2966     2.0039         13  0.000e+00
     85.159   80.36554  163.91086     86.089    -1.3692    -1.3692  27.262346  27.262109    34.1105    34.1102    308.994    301.236    -0.1061     4.6325     0.0940     0.0940     0.0485     0.0208      94518    65.6368     100.00     2.2953     2.0039         13  0.000e+00
     85.217   80.36554  163.91086     86.147    -1.3697    -1.3689  27.261984  27.262166    34.1105    34.1099    309.000    301.236    -0.1366     4.6325     0.0940     0.0940     0.0485     0.0195      94519    65.6375     100.00     2.2953     2.0039         13  0.000e+00
     85.159   80.36554  163.91086     86.089    -1.3694    -1.3687  27.261743  27.261712    34.1099    34.1091    308.997    301.234    -0.1366     4.6325     0.0928     0.0928     0.0485     0.0195      94520    65.6382     100.00     2.2953     2.0039         13  0.000e+00
