Continuous CTD Data/01_SBE Stage/nabos_15_01avg.cnv
* Sea-Bird SBE 9 Data File:
* FileName = D:\CTD\data\HLY2502\raw\NABOS_15_01.hex
* Software Version Seasave V 7.26.7.110
* Temperature SN = 6954
* Conductivity SN = 2561
* Number of Bytes Per Scan = 37
* Number of Voltage Words = 4
* Number of Scans Averaged by the Deck Unit = 1
* NMEA Latitude = 78 30.10 N
* NMEA Longitude = 170 08.69 W
* NMEA UTC (Time) = Sep 09 2025  12:18:25
* NMEA baud rate = 9600
** Ship: USCG HEALY
** Bot. Depth:  2700
** Cast Number:
** Station Name:  15
** Station Number:
** Operator:  STARC
# nquan = 25
# nvalues = 2773                        
# units = specified
# name 0 = depSM: Depth [salt water, m]
# name 1 = latitude: Latitude [deg]
# name 2 = longitude: Longitude [deg]
# name 3 = prDM: Pressure, Digiquartz [db]
# name 4 = t090C: Temperature [ITS-90, deg C]
# name 5 = t190C: Temperature, 2 [ITS-90, deg C]
# name 6 = c0mS/cm: Conductivity [mS/cm]
# name 7 = c1mS/cm: Conductivity, 2 [mS/cm]
# name 8 = sal00: Salinity, Practical [PSU]
# name 9 = sal11: Salinity, Practical, 2 [PSU]
# name 10 = sbox0Mm/Kg: Oxygen, SBE 43 [umol/kg]
# name 11 = sbox1Mm/Kg: Oxygen, SBE 43, 2 [umol/kg]
# name 12 = flECO-AFL: Fluorescence, WET Labs ECO-AFL/FL [mg/m^3]
# name 13 = v2: Voltage 2
# name 14 = wetCDOM: Fluorescence, WET Labs CDOM [mg/m^3]
# name 15 = v6: Voltage 6
# name 16 = CStarAt0: Beam Attenuation, WET Labs C-Star [1/m]
# name 17 = v3: Voltage 3
# name 18 = scan: Scan Count
# name 19 = timeM: Time, Elapsed [minutes]
# name 20 = altM: Altimeter [m]
# name 21 = sbeox0V: Oxygen raw, SBE 43 [V]
# name 22 = sbeox1V: Oxygen raw, SBE 43, 2 [V]
# name 23 = nbin: number of scans per bin
# name 24 = flag: flag
# span 0 =      3.958,   2728.763       
# span 1 =   78.49860,   78.50244       
# span 2 = -170.13815, -170.05974       
# span 3 =      4.000,   2776.000       
# span 4 =    -1.6529,     0.9766       
# span 5 =    -1.6525,     0.9767       
# span 6 =  23.140081,  29.916760       
# span 7 =  23.139605,  29.914975       
# span 8 =    28.7064,    34.9548       
# span 9 =    28.7049,    34.9532       
# span 10 =    242.597,    387.348      
# span 11 =    237.137,    372.950      
# span 12 =    -0.1849,     0.3655      
# span 13 =     4.5994,     4.6727      
# span 14 =     0.0653,     0.1121      
# span 15 =     0.0653,     0.1121      
# span 16 =     0.0139,     0.0772      
# span 17 =     0.0176,     0.0396      
# span 18 =       4820,      85629      
# span 19 =     3.3468,    59.4641      
# span 20 =       9.49,     100.24      
# span 21 =     1.6384,     2.6978      
# span 22 =     1.4504,     2.3134      
# span 23 =          7,         29      
# span 24 = 0.0000e+00, 0.0000e+00      
# interval = decibars: 1                
# start_time = Sep 09 2025 12:18:25 [NMEA time, header]
# bad_flag = -9.990e-29
*END*
[from data line 2261]
   2229.103   78.49866 -170.06871   2265.000    -0.3837    -0.3838  29.646826  29.645777    34.9485    34.9471    272.005    267.723    -0.1746     4.6700     0.0810     0.0810     0.0161     0.0180      68862    47.8200     100.00     1.7265     1.5451         14 0.0000e+00
   2230.082   78.49866 -170.06869   2266.000    -0.3837    -0.3836  29.647355  29.646236    34.9486    34.9470    271.964    266.868    -0.1670     4.6700     0.0809     0.0809     0.0161     0.0183      68886    47.8371     100.00     1.7262     1.5417         14 0.0000e+00
   2231.061   78.49866 -170.06867   2267.000    -0.3836    -0.3836  29.647957  29.646773    34.9487    34.9471    272.002    267.011    -0.1432     4.6696     0.0817     0.0817     0.0165     0.0192      68911    47.8542     100.00     1.7262     1.5421         14 0.0000e+00
   2232.040   78.49866 -170.06866   2268.000    -0.3835    -0.3835  29.648370  29.647198    34.9486    34.9471    271.985    267.713    -0.1671     4.6693     0.0811     0.0811     0.0168     0.0183      68935    47.8712     100.00     1.7260     1.5447         16 0.0000e+00
   2233.019   78.49868 -170.06864   2269.000    -0.3834    -0.3834  29.648858  29.647729    34.9487    34.9472    272.077    267.652    -0.1694     4.6693     0.0809     0.0809     0.0168     0.0182      68960    47.8881     100.00     1.7262     1.5443         13 0.0000e+00
   2233.998   78.49868 -170.06862   2270.000    -0.3834    -0.3833  29.649311  29.648143    34.9487    34.9471    271.991    267.653    -0.1761     4.6695     0.0809     0.0809     0.0167     0.0179      68985    47.9053     100.00     1.7256     1.5442         14 0.0000e+00
   2234.977   78.49868 -170.06860   2271.000    -0.3833    -0.3832  29.649902  29.648719    34.9489    34.9472    272.003    266.849    -0.1688     4.6700     0.0820     0.0820     0.0162     0.0182      69009    47.9222     100.00     1.7256     1.5410         15 0.0000e+00
   2235.956   78.49868 -170.06860   2272.000    -0.3831    -0.3830  29.650348  29.649211    34.9487    34.9472    271.953    266.705    -0.1737     4.6692     0.0825     0.0825     0.0169     0.0180      69033    47.9390     100.00     1.7252     1.5403         14 0.0000e+00
   2236.935   78.49868 -170.06858   2273.000    -0.3830    -0.3830  29.650882  29.649651    34.9488    34.9472    271.932    267.007    -0.1779     4.6697     0.0805     0.0805     0.0165     0.0179      69058    47.9562     100.00     1.7249     1.5413         17 0.0000e+00
   2237.914   78.49868 -170.06856   2274.000    -0.3832    -0.3831  29.651069  29.649949    34.9487    34.9472    271.971    267.554    -0.1692     4.6696     0.0796     0.0796     0.0165     0.0182      69082    47.9729     100.00     1.7249     1.5432         14 0.0000e+00
   2238.892   78.49868 -170.06854   2275.000    -0.3830    -0.3830  29.651773  29.650547    34.9489    34.9473    271.989    267.074    -0.1690     4.6692     0.0806     0.0806     0.0169     0.0182      69107    47.9900     100.00     1.7249     1.5413         16 0.0000e+00
   2239.871   78.49868 -170.06854   2276.000    -0.3832    -0.3832  29.651817  29.650637    34.9487    34.9472    271.994    266.499    -0.1751     4.6700     0.0811     0.0811     0.0162     0.0180      69131    48.0068     100.00     1.7247     1.5389         15 0.0000e+00
   2240.850   78.49868 -170.06852   2277.000    -0.3834    -0.3833  29.652145  29.650967    34.9488    34.9472    271.942    267.174    -0.1778     4.6697     0.0810     0.0810     0.0164     0.0179      69155    48.0239     100.00     1.7243     1.5414         17 0.0000e+00
   2241.829   78.49868 -170.06850   2278.000    -0.3834    -0.3834  29.652686  29.651353    34.9490    34.9472    271.979    266.529    -0.1709     4.6693     0.0812     0.0812     0.0168     0.0182      69180    48.0408     100.00     1.7243     1.5388         17 0.0000e+00
   2242.808   78.49868 -170.06848   2279.000    -0.3833    -0.3833  29.653091  29.651790    34.9489    34.9472    271.966    267.733    -0.1770     4.6692     0.0809     0.0809     0.0169     0.0179      69204    48.0579     100.00     1.7241     1.5432         18 0.0000e+00
   2243.787   78.49870 -170.06848   2280.000    -0.3833    -0.3833  29.653459  29.652252    34.9488    34.9472    272.027    267.467    -0.1748     4.6697     0.0803     0.0803     0.0165     0.0180      69229    48.0748     100.00     1.7242     1.5421         16 0.0000e+00
   2244.766   78.49870 -170.06846   2281.000    -0.3833    -0.3833  29.653910  29.652701    34.9489    34.9473    272.018    267.476    -0.1732     4.6691     0.0801     0.0801     0.0170     0.0181      69253    48.0918     100.00     1.7240     1.5420         15 0.0000e+00
   2245.745   78.49870 -170.06844   2282.000    -0.3832    -0.3832  29.654427  29.653141    34.9490    34.9473    271.977    267.198    -0.1814     4.6695     0.0806     0.0806     0.0167     0.0177      69278    48.1088     100.00     1.7237     1.5408         13 0.0000e+00
   2246.723   78.49870 -170.06842   2283.000    -0.3831    -0.3831  29.654762  29.653623    34.9488    34.9473    272.022    267.216    -0.1668     4.6694     0.0813     0.0813     0.0167     0.0183      69303    48.1263     100.00     1.7237     1.5407         16 0.0000e+00
   2247.702   78.49870 -170.06842   2284.000    -0.3832    -0.3831  29.655196  29.654056    34.9489    34.9474    272.001    266.898    -0.1756     4.6697     0.0805     0.0805     0.0165     0.0180      69327    48.1432     100.00     1.7235     1.5394         15 0.0000e+00
   2248.681   78.49870 -170.06840   2285.000    -0.3831    -0.3831  29.655659  29.654504    34.9489    34.9474    271.965    266.568    -0.1756     4.6700     0.0808     0.0808     0.0162     0.0180      69352    48.1604     100.00     1.7231     1.5380         18 0.0000e+00
   2249.660   78.49870 -170.06838   2286.000    -0.3830    -0.3831  29.656067  29.654930    34.9489    34.9474    271.978    267.582    -0.1751     4.6702     0.0809     0.0809     0.0160     0.0180      69377    48.1776     100.00     1.7230     1.5417         19 0.0000e+00
   2250.639   78.49870 -170.06836   2287.000    -0.3834    -0.3833  29.656310  29.655041    34.9490    34.9473    271.989    268.065    -0.1685     4.6702     0.0799     0.0799     0.0160     0.0182      69401    48.1946     100.00     1.7229     1.5434         19 0.0000e+00
   2251.618   78.49870 -170.06836   2288.000    -0.3833    -0.3833  29.656703  29.655569    34.9489    34.9475    271.968    267.683    -0.1472     4.6703     0.0805     0.0805     0.0159     0.0191      69426    48.2116     100.00     1.7227     1.5419         19 0.0000e+00
   2252.597   78.49870 -170.06834   2289.000    -0.3831    -0.3831  29.657249  29.656079    34.9489    34.9474    271.907    267.242    -0.1548     4.6703     0.0823     0.0823     0.0159     0.0188      69450    48.2285     100.00     1.7222     1.5400         17 0.0000e+00
   2253.576   78.49870 -170.06832   2290.000    -0.3831    -0.3829  29.657774  29.656606    34.9491    34.9474    271.870    267.098    -0.1735     4.6702     0.0825     0.0825     0.0160     0.0180      69475    48.2455     100.00     1.7219     1.5393         19 0.0000e+00
   2254.554   78.49872 -170.06830   2291.000    -0.3829    -0.3829  29.658206  29.657053    34.9489    34.9475    271.850    267.206    -0.1736     4.6702     0.0814     0.0814     0.0160     0.0180      69499    48.2623     100.00     1.7217     1.5396         14 0.0000e+00
   2255.533   78.49872 -170.06829   2292.000    -0.3828    -0.3827  29.658817  29.657575    34.9491    34.9473    271.920    267.233    -0.1752     4.6702     0.0808     0.0808     0.0160     0.0180      69524    48.2796     100.00     1.7218     1.5396         15 0.0000e+00
   2256.512   78.49872 -170.06827   2293.000    -0.3826    -0.3825  29.659390  29.658237    34.9490    34.9475    271.919    267.842    -0.1711     4.6704     0.0808     0.0808     0.0158     0.0181      69548    48.2967     100.00     1.7216     1.5418         15 0.0000e+00
   2257.491   78.49872 -170.06825   2294.000    -0.3824    -0.3824  29.659982  29.658771    34.9492    34.9476    271.936    266.762    -0.1667     4.6703     0.0817     0.0817     0.0159     0.0183      69573    48.3138     100.00     1.7216     1.5376         15 0.0000e+00
   2258.470   78.49872 -170.06823   2295.000    -0.3823    -0.3823  29.660496  29.659258    34.9492    34.9475    271.971    267.282    -0.1469     4.6707     0.0809     0.0809     0.0156     0.0191      69598    48.3311     100.00     1.7216     1.5394         17 0.0000e+00
   2259.449   78.49872 -170.06822   2296.000    -0.3820    -0.3820  29.661054  29.659918    34.9490    34.9476    271.936    266.687    -0.1482     4.6706     0.0807     0.0807     0.0157     0.0191      69623    48.3483     100.00     1.7212     1.5370         13 0.0000e+00
   2260.427   78.49872 -170.06821   2297.000    -0.3820    -0.3820  29.661535  29.660318    34.9491    34.9475    271.925    266.733    -0.1434     4.6705     0.0808     0.0808     0.0157     0.0192      69647    48.3655     100.00     1.7210     1.5371         13 0.0000e+00
   2261.406   78.49872 -170.06819   2298.000    -0.3821    -0.3820  29.661913  29.660732    34.9492    34.9475    272.006    267.969    -0.1661     4.6706     0.0810     0.0810     0.0157     0.0183      69672    48.3827     100.00     1.7213     1.5416         13 0.0000e+00
   2262.385   78.49872 -170.06817   2299.000    -0.3820    -0.3819  29.662459  29.661195    34.9493    34.9475    271.955    267.393    -0.1692     4.6710     0.0810     0.0810     0.0153     0.0182      69697    48.4001     100.00     1.7209     1.5393         14 0.0000e+00
   2263.364   78.49872 -170.06816   2300.000    -0.3818    -0.3818  29.663063  29.661802    34.9493    34.9477    271.887    267.088    -0.1759     4.6713     0.0801     0.0801     0.0151     0.0180      69722    48.4174     100.00     1.7204     1.5380         14 0.0000e+00
   2264.342   78.49873 -170.06815   2301.000    -0.3814    -0.3814  29.663800  29.662523    34.9494    34.9477    271.907    266.811    -0.1723     4.6707     0.0809     0.0809     0.0156     0.0181      69746    48.4341     100.00     1.7203     1.5368         12 0.0000e+00
   2265.321   78.49874 -170.06813   2302.000    -0.3812    -0.3812  29.664322  29.663206    34.9493    34.9478    271.939    266.981    -0.1712     4.6704     0.0808     0.0808     0.0158     0.0181      69771    48.4516     100.00     1.7203     1.5373         15 0.0000e+00
   2266.300   78.49874 -170.06811   2303.000    -0.3811    -0.3811  29.664881  29.663622    34.9494    34.9477    271.918    267.683    -0.1801     4.6703     0.0803     0.0803     0.0159     0.0178      69796    48.4687     100.00     1.7201     1.5399         14 0.0000e+00
   2267.279   78.49874 -170.06810   2304.000    -0.3811    -0.3810  29.665235  29.664171    34.9493    34.9478    271.776    267.530    -0.1714     4.6703     0.0807     0.0807     0.0159     0.0181      69821    48.4858     100.00     1.7193     1.5392         13 0.0000e+00
   2268.258   78.49874 -170.06809   2305.000    -0.3809    -0.3808  29.665862  29.664614    34.9494    34.9477    271.793    267.552    -0.1752     4.6703     0.0812     0.0812     0.0159     0.0180      69845    48.5030     100.00     1.7192     1.5391         15 0.0000e+00
   2269.236   78.49874 -170.06807   2306.000    -0.3808    -0.3808  29.666486  29.665156    34.9496    34.9479    271.814    267.054    -0.1742     4.6703     0.0810     0.0810     0.0159     0.0180      69870    48.5201     100.00     1.7191     1.5371         13 0.0000e+00
   2270.215   78.49874 -170.06805   2307.000    -0.3807    -0.3807  29.666714  29.665573    34.9493    34.9478    271.852    267.405    -0.1765     4.6703     0.0808     0.0808     0.0159     0.0179      69895    48.5372     100.00     1.7192     1.5383         13 0.0000e+00
   2271.194   78.49874 -170.06804   2308.000    -0.3807    -0.3808  29.667253  29.666089    34.9495    34.9480    271.906    268.637    -0.1712     4.6703     0.0802     0.0802     0.0159     0.0181      69919    48.5544     100.00     1.7193     1.5429         15 0.0000e+00
   2272.172   78.49875 -170.06803   2309.000    -0.3807    -0.3808  29.667564  29.666377    34.9494    34.9479    271.929    267.684    -0.1695     4.6703     0.0821     0.0821     0.0159     0.0182      69944    48.5716     100.00     1.7192     1.5391         13 0.0000e+00
   2273.151   78.49876 -170.06800   2310.000    -0.3808    -0.3807  29.668006  29.666804    34.9495    34.9479    271.868    267.090    -0.1736     4.6702     0.0804     0.0804     0.0160     0.0180      69969    48.5889     100.00     1.7187     1.5367         14 0.0000e+00
   2274.130   78.49876 -170.06798   2311.000    -0.3808    -0.3808  29.668281  29.667193    34.9494    34.9479    271.803    266.879    -0.1442     4.6699     0.0800     0.0800     0.0162     0.0192      69994    48.6062     100.00     1.7183     1.5358         14 0.0000e+00
   2275.109   78.49876 -170.06796   2312.000    -0.3809    -0.3809  29.668727  29.667555    34.9495    34.9480    271.728    266.892    -0.1627     4.6697     0.0818     0.0818     0.0164     0.0185      70018    48.6230     100.00     1.7178     1.5357         10 0.0000e+00
   2276.088   78.49876 -170.06796   2313.000    -0.3810    -0.3811  29.669048  29.667746    34.9496    34.9479    271.691    267.374    -0.1725     4.6700     0.0830     0.0830     0.0162     0.0181      70044    48.6408     100.00     1.7175     1.5374         12 0.0000e+00
   2277.066   78.49876 -170.06794   2314.000    -0.3807    -0.3807  29.669624  29.668455    34.9494    34.9479    271.715    267.179    -0.1671     4.6702     0.0817     0.0817     0.0160     0.0183      70068    48.6578     100.00     1.7174     1.5365         13 0.0000e+00
   2278.045   78.49876 -170.06792   2315.000    -0.3806    -0.3806  29.670061  29.668875    34.9494    34.9479    271.702    266.922    -0.1757     4.6695     0.0809     0.0809     0.0166     0.0180      70093    48.6751     100.00     1.7172     1.5354         14 0.0000e+00
   2279.024   78.49876 -170.06790   2316.000    -0.3807    -0.3807  29.670406  29.669250    34.9495    34.9479    271.598    266.775    -0.1693     4.6701     0.0810     0.0810     0.0161     0.0182      70118    48.6924     100.00     1.7166     1.5347         13 0.0000e+00
   2280.002   78.49876 -170.06788   2317.000    -0.3807    -0.3807  29.670830  29.669597    34.9495    34.9479    271.706    266.550    -0.1799     4.6695     0.0805     0.0805     0.0166     0.0178      70143    48.7094     100.00     1.7169     1.5337         12 0.0000e+00
   2280.981   78.49876 -170.06788   2318.000    -0.3808    -0.3808  29.671176  29.669993    34.9495    34.9480    271.721    267.121    -0.1563     4.6702     0.0804     0.0804     0.0160     0.0187      70167    48.7265     100.00     1.7168     1.5357         12 0.0000e+00
   2281.960   78.49878 -170.06786   2319.000    -0.3809    -0.3809  29.671594  29.670375    34.9496    34.9480    271.672    268.449    -0.1601     4.6703     0.0809     0.0809     0.0159     0.0186      70192    48.7436     100.00     1.7164     1.5407         13 0.0000e+00
   2282.939   78.49878 -170.06784   2320.000    -0.3810    -0.3809  29.671886  29.670659    34.9496    34.9479    271.775    267.094    -0.1806     4.6702     0.0802     0.0802     0.0160     0.0178      70217    48.7608     100.00     1.7167     1.5354         11 0.0000e+00
   2283.917   78.49878 -170.06782   2321.000    -0.3809    -0.3809  29.672301  29.671019    34.9495    34.9478    271.741    266.624    -0.1717     4.6694     0.0824     0.0824     0.0168     0.0181      70242    48.7782     100.00     1.7164     1.5334         12 0.0000e+00
