Continuous CTD Data/01_SBE Stage/nabos_30_01.ros
* Sea-Bird SBE 9 Data File:
* FileName = D:\CTD\data\HLY2502\raw\NABOS_30_01.hex
* Software Version Seasave V 7.26.7.110
* Temperature SN = 6954
* Conductivity SN = 2561
* Number of Bytes Per Scan = 37
* Number of Voltage Words = 4
* Number of Scans Averaged by the Deck Unit = 1
* NMEA Latitude = 80 25.03 N
* NMEA Longitude = 147 31.64 E
* NMEA UTC (Time) = Sep 22 2025  11:40:31
* NMEA baud rate = 9600
** Ship: USCG HEALY
** Bot. Depth:  1812
** Cast Number:  01
** Station Name:  NABOS
** Station Number:  30
** Operator:  STARC
# nquan = 25
# nvalues = 1176                                  
# units = specified
# name 0 = depSM: Depth [salt water, m]
# name 1 = latitude: Latitude [deg]
# name 2 = longitude: Longitude [deg]
# name 3 = prDM: Pressure, Digiquartz [db]
# name 4 = t090C: Temperature [ITS-90, deg C]
# name 5 = t190C: Temperature, 2 [ITS-90, deg C]
# name 6 = c0mS/cm: Conductivity [mS/cm]
# name 7 = c1mS/cm: Conductivity, 2 [mS/cm]
# name 8 = sal00: Salinity, Practical [PSU]
# name 9 = sal11: Salinity, Practical, 2 [PSU]
# name 10 = sbox0Mm/Kg: Oxygen, SBE 43 [umol/kg]
# name 11 = sbox1Mm/Kg: Oxygen, SBE 43, 2 [umol/kg]
# name 12 = flECO-AFL: Fluorescence, WET Labs ECO-AFL/FL [mg/m^3]
# name 13 = v2: Voltage 2
# name 14 = wetCDOM: Fluorescence, WET Labs CDOM [mg/m^3]
# name 15 = v6: Voltage 6
# name 16 = CStarAt0: Beam Attenuation, WET Labs C-Star [1/m]
# name 17 = v3: Voltage 3
# name 18 = scan: Scan Count
# name 19 = timeM: Time, Elapsed [minutes]
# name 20 = altM: Altimeter [m]
# name 21 = sbeox0V: Oxygen raw, SBE 43 [V]
# name 22 = sbeox1V: Oxygen raw, SBE 43, 2 [V]
# name 23 = nbf: Bottles Fired
# name 24 = flag:  0.000e+00
# interval = seconds: 0.0416667
# start_time = Sep 22 2025 11:40:31 [NMEA time, header]
# bad_flag = -9.990e-29
*END*
[from data line 696]
     85.082   80.42042  147.44876     86.011    -1.1735    -1.1731  27.266670  27.264757    33.8940    33.8908    317.210    308.446    -0.1366     4.6056     0.0928     0.0928     0.0718     0.0195     138005    95.8361     100.00     2.3511     2.0459         15  0.000e+00
     85.025   80.42042  147.44876     85.953    -1.1734    -1.1732  27.267092  27.264530    33.8945    33.8907    317.206    308.445    -0.1366     4.6056     0.0928     0.0928     0.0718     0.0195     138006    95.8368     100.00     2.3511     2.0459         15  0.000e+00
     85.082   80.42042  147.44876     86.011    -1.1732    -1.1731  27.267394  27.264700    33.8946    33.8908    317.206    308.446    -0.1366     4.6056     0.0928     0.0928     0.0718     0.0195     138007    95.8375     100.00     2.3511     2.0459         15  0.000e+00
     85.025   80.42042  147.44876     85.953    -1.1731    -1.1730  27.267514  27.264530    33.8947    33.8905    317.202    308.444    -0.1061     4.6056     0.0928     0.0928     0.0718     0.0208     138008    95.8382     100.00     2.3511     2.0459         15  0.000e+00
     85.082   80.42042  147.44876     86.011    -1.1731    -1.1732  27.267695  27.264473    33.8949    33.8907    317.203    308.694    -0.1366     4.6056     0.0928     0.0928     0.0718     0.0195     138009    95.8389     100.00     2.3511     2.0471         15  0.000e+00
     85.025   80.42042  147.44876     85.953    -1.1729    -1.1728  27.267936  27.264530    33.8951    33.8902    317.408    308.689    -0.1061     4.6068     0.0928     0.0928     0.0707     0.0208     138010    95.8396     100.00     2.3523     2.0471         15  0.000e+00
     85.082   80.42042  147.44876     86.011    -1.1728    -1.1730  27.267816  27.264473    33.8947    33.8904    317.201    308.446    -0.1366     4.6068     0.0928     0.0928     0.0707     0.0195     138011    95.8403     100.00     2.3511     2.0459         15  0.000e+00
     85.025   80.42042  147.44876     85.953    -1.1728    -1.1732  27.267755  27.264303    33.8947    33.8905    317.199    308.199    -0.1366     4.6056     0.0928     0.0928     0.0718     0.0195     138012    95.8410     100.00     2.3511     2.0446         15  0.000e+00
     85.082   80.42042  147.44876     86.011    -1.1729    -1.1729  27.267755  27.264417    33.8948    33.8902    317.202    307.952    -0.1366     4.6068     0.0928     0.0928     0.0707     0.0195     138013    95.8417     100.00     2.3511     2.0434         15  0.000e+00
     85.025   80.42042  147.44876     85.953    -1.1728    -1.1731  27.267936  27.264700    33.8949    33.8908    317.198    307.703    -0.1061     4.6056     0.0928     0.0928     0.0718     0.0208     138014    95.8424     100.00     2.3511     2.0422         15  0.000e+00
     85.082   80.42042  147.44876     86.011    -1.1731    -1.1729  27.267635  27.264530    33.8948    33.8904    317.204    307.458    -0.1366     4.6068     0.0928     0.0928     0.0707     0.0195     138015    95.8431     100.00     2.3511     2.0410         15  0.000e+00
     85.025   80.42042  147.44876     85.953    -1.1729    -1.1732  27.267876  27.264473    33.8950    33.8906    317.199    307.211    -0.1366     4.6068     0.0928     0.0928     0.0707     0.0195     138016    95.8438     100.00     2.3511     2.0398         15  0.000e+00
     85.082   80.42042  147.44876     86.011    -1.1729    -1.1731  27.267574  27.264076    33.8946    33.8899    317.203    307.461    -0.1366     4.6068     0.0928     0.0928     0.0707     0.0195     138017    95.8444     100.00     2.3511     2.0410         15  0.000e+00
     85.025   80.42042  147.44876     85.953    -1.1731    -1.1731  27.267876  27.263963    33.8951    33.8898    317.200    307.952    -0.1366     4.6056     0.0928     0.0928     0.0718     0.0195     138018    95.8451     100.00     2.3511     2.0434         15  0.000e+00
     85.082   80.42042  147.44876     86.011    -1.1731    -1.1730  27.267816  27.264360    33.8951    33.8902    317.203    308.200    -0.1366     4.6056     0.0928     0.0928     0.0718     0.0195     138019    95.8458     100.00     2.3511     2.0446         15  0.000e+00
     85.082   80.42042  147.44876     86.011    -1.1731    -1.1729  27.267755  27.264303    33.8949    33.8901    316.994    308.199    -0.1366     4.6056     0.0928     0.0928     0.0718     0.0195     138020    95.8465     100.00     2.3499     2.0446         15  0.000e+00
     85.025   80.42042  147.44876     85.953    -1.1729    -1.1729  27.267152  27.264303    33.8940    33.8901    317.202    308.196    -0.1366     4.6068     0.0928     0.0928     0.0707     0.0195     138021    95.8472     100.00     2.3511     2.0446         15  0.000e+00
     85.082   80.42042  147.44876     86.011    -1.1731    -1.1729  27.267152  27.264190    33.8941    33.8899    317.205    308.200    -0.1061     4.6068     0.0928     0.0928     0.0707     0.0208     138022    95.8479     100.00     2.3511     2.0446         15  0.000e+00
     85.025   80.42042  147.44876     85.953    -1.1731    -1.1731  27.267212  27.264246    33.8943    33.8902    317.202    308.444    -0.1366     4.6056     0.0928     0.0928     0.0718     0.0195     138023    95.8486     100.00     2.3511     2.0459         15  0.000e+00
     85.082   80.42042  147.44876     86.011    -1.1731    -1.1732  27.267032  27.264020    33.8939    33.8900    317.205    308.695    -0.1061     4.6068     0.0928     0.0928     0.0707     0.0208     138024    95.8493     100.00     2.3511     2.0471         15  0.000e+00
     85.025   80.42042  147.44876     85.953    -1.1733    -1.1732  27.267152  27.264190    33.8944    33.8903    316.995    308.693    -0.1366     4.6056     0.0928     0.0928     0.0718     0.0195     138025    95.8500     100.00     2.3499     2.0471         15  0.000e+00
     85.082   80.42042  147.44876     86.011    -1.1732    -1.1734  27.267032  27.264020    33.8941    33.8902    317.206    308.696    -0.1366     4.6056     0.0928     0.0928     0.0718     0.0195     138026    95.8507     100.00     2.3511     2.0471         15  0.000e+00
     85.025   80.42042  147.44876     85.953    -1.1729    -1.1731  27.266971  27.264190    33.8938    33.8901    317.202    308.938    -0.1061     4.6056     0.0928     0.0928     0.0718     0.0208     138027    95.8514     100.00     2.3511     2.0483         15  0.000e+00
     85.082   80.42042  147.44876     86.011    -1.1731    -1.1731  27.267152  27.263793    33.8941    33.8895    317.205    309.435    -0.1366     4.6056     0.0928     0.0928     0.0718     0.0195     138028    95.8521     100.00     2.3511     2.0508         15  0.000e+00
     85.025   80.42042  147.44876     85.953    -1.1729    -1.1732  27.267212  27.263906    33.8941    33.8898    317.201    309.680    -0.1366     4.6056     0.0928     0.0928     0.0718     0.0195     138029    95.8528     100.00     2.3511     2.0520         15  0.000e+00
     85.082   80.42042  147.44876     86.011    -1.1731    -1.1732  27.267213  27.264133    33.8942    33.8902    317.204    309.929    -0.1366     4.6056     0.0928     0.0928     0.0718     0.0195     138030    95.8535     100.00     2.3511     2.0532         15  0.000e+00
     85.025   80.42042  147.44876     85.953    -1.1731    -1.1731  27.267273  27.264019    33.8944    33.8899    316.994    310.666    -0.1366     4.6056     0.0940     0.0940     0.0718     0.0195     138031    95.8542     100.00     2.3499     2.0569         15  0.000e+00
     85.082   80.42042  147.44876     86.011    -1.1731    -1.1730  27.267213  27.264360    33.8942    33.8902    316.996    310.913    -0.1366     4.6056     0.0940     0.0940     0.0718     0.0195     138032    95.8549     100.00     2.3499     2.0581         15  0.000e+00
     85.025   80.42042  147.44876     85.953    -1.1728    -1.1732  27.267393  27.264870    33.8942    33.8912    317.199    310.911    -0.1366     4.6056     0.0940     0.0940     0.0718     0.0195     138033    95.8556     100.00     2.3511     2.0581         15  0.000e+00
     85.083   80.42042  147.44876     86.011    -1.1732    -1.1732  27.267514  27.264984    33.8948    33.8913    316.996    310.912    -0.1366     4.6056     0.0940     0.0940     0.0718     0.0195     138034    95.8563     100.00     2.3499     2.0581         15  0.000e+00
     85.025   80.42042  147.44876     85.953    -1.1733    -1.1729  27.267695  27.264984    33.8951    33.8911    317.202    310.662    -0.1366     4.6056     0.0940     0.0940     0.0718     0.0195     138035    95.8569     100.00     2.3511     2.0569         15  0.000e+00
     85.083   80.42042  147.44874     86.011    -1.1731    -1.1731  27.267394  27.264984    33.8945    33.8912    316.996    310.171    -0.1366     4.6056     0.0940     0.0940     0.0718     0.0195     138036    95.8576     100.00     2.3499     2.0544         15  0.000e+00
     85.083   80.42042  147.44874     86.011    -1.1732    -1.1730  27.267032  27.264984    33.8941    33.8911    316.997    310.171    -0.1366     4.6056     0.0940     0.0940     0.0718     0.0195     138037    95.8583     100.00     2.3499     2.0544         15  0.000e+00
     85.025   80.42042  147.44874     85.953    -1.1734    -1.1729  27.266609  27.264473    33.8938    33.8904    316.998    310.170    -0.1366     4.6056     0.0940     0.0940     0.0718     0.0195     138038    95.8590     100.00     2.3499     2.0544         15  0.000e+00
     85.083   80.42042  147.44874     86.011    -1.1735    -1.1732  27.266067  27.264417    33.8931    33.8905    317.003    310.421    -0.1366     4.6056     0.0940     0.0940     0.0718     0.0195     138039    95.8597     100.00     2.3499     2.0556         15  0.000e+00
     85.025   80.42042  147.44874     85.953    -1.1737    -1.1731  27.265886  27.264473    33.8932    33.8905    317.211    310.664    -0.1366     4.6056     0.0940     0.0940     0.0718     0.0195     138040    95.8604     100.00     2.3511     2.0569         15  0.000e+00
     85.083   80.42042  147.44874     86.011    -1.1741    -1.1734  27.265343  27.264076    33.8928    33.8903    317.218    310.423    -0.1061     4.6056     0.0940     0.0940     0.0718     0.0208     138041    95.8611     100.00     2.3511     2.0556         15  0.000e+00
     85.017   80.42042  147.44874     85.945    -1.1745    -1.1734  27.264137  27.263963    33.8917    33.8901    317.221    310.421    -0.1061     4.6056     0.0940     0.0940     0.0718     0.0208     138042    95.8618     100.00     2.3511     2.0556         15  0.000e+00
     85.083   80.42042  147.44874     86.011    -1.1751    -1.1735  27.263414  27.263736    33.8913    33.8900    317.022    310.672    -0.1366     4.6044     0.0940     0.0940     0.0728     0.0195     138043    95.8625     100.00     2.3499     2.0569         15  0.000e+00
     70.257   80.42052  147.44766     71.022    -1.6035    -1.6057  26.672605  26.666874    33.5711    33.5657    331.004    322.651    -0.1061     4.6032     0.1026     0.1026     0.0739     0.0208     140076    97.2743     100.00     2.4057     2.0945         16  0.000e+00
     70.323   80.42052  147.44766     71.088    -1.6032    -1.6062  26.672665  26.666256    33.5708    33.5654    331.005    323.910    -0.0755     4.6032     0.1026     0.1026     0.0739     0.0220     140077    97.2750     100.00     2.4057     2.1006         16  0.000e+00
     70.249   80.42052  147.44766     71.013    -1.6032    -1.6063  26.672664  26.665411    33.5709    33.5643    331.001    324.411    -0.0755     4.6032     0.1013     0.1013     0.0739     0.0220     140078    97.2757     100.00     2.4057     2.1030         16  0.000e+00
     70.257   80.42052  147.44766     71.022    -1.6034    -1.6063  26.673023  26.665299    33.5716    33.5642    331.002    324.912    -0.0755     4.6032     0.1013     0.1013     0.0739     0.0220     140079    97.2764     100.00     2.4057     2.1054         16  0.000e+00
     70.323   80.42052  147.44766     71.088    -1.6032    -1.6066  26.673023  26.664905    33.5713    33.5640    331.215    324.418    -0.0755     4.6032     0.1013     0.1013     0.0739     0.0220     140080    97.2771     100.00     2.4069     2.1030         16  0.000e+00
     70.249   80.42052  147.44766     71.013    -1.6029    -1.6071  26.673023  26.664624    33.5711    33.5642    331.209    324.169    -0.0755     4.6044     0.1013     0.1013     0.0728     0.0220     140081    97.2778     100.00     2.4069     2.1018         16  0.000e+00
     70.257   80.42052  147.44766     71.022    -1.6030    -1.6071  26.673143  26.664455    33.5713    33.5639    331.210    323.920    -0.0755     4.6032     0.1001     0.1001     0.0739     0.0220     140082    97.2785     100.00     2.4069     2.1006         16  0.000e+00
     70.323   80.42052  147.44766     71.088    -1.6029    -1.6072  26.673023  26.664118    33.5710    33.5635    331.001    324.175    -0.1061     4.6032     0.1013     0.1013     0.0739     0.0208     140083    97.2792     100.00     2.4057     2.1018         16  0.000e+00
     70.257   80.42052  147.44766     71.022    -1.6034    -1.6068  26.672724  26.664568    33.5711    33.5638    331.003    324.168    -0.1061     4.6032     0.1001     0.1001     0.0739     0.0208     140084    97.2799     100.00     2.4057     2.1018         16  0.000e+00
     70.249   80.42052  147.44766     71.013    -1.6032    -1.6066  26.672485  26.664680    33.5706    33.5637    331.002    324.166    -0.0755     4.6032     0.1001     0.1001     0.0739     0.0220     140085    97.2806     100.00     2.4057     2.1018         16  0.000e+00
     70.257   80.42052  147.44766     71.022    -1.6032    -1.6066  26.672425  26.665187    33.5705    33.5644    331.002    323.914    -0.0755     4.6044     0.1013     0.1013     0.0728     0.0220     140086    97.2813     100.00     2.4057     2.1006         16  0.000e+00
     70.323   80.42052  147.44766     71.088    -1.6034    -1.6062  26.672425  26.665693    33.5707    33.5646    331.007    323.412    -0.0755     4.6032     0.1001     0.1001     0.0739     0.0220     140087    97.2819     100.00     2.4057     2.0981         16  0.000e+00
     70.249   80.42052  147.44766     71.013    -1.6035    -1.6062  26.672425  26.665637    33.5709    33.5645    331.216    323.158    -0.0755     4.6032     0.1013     0.1013     0.0739     0.0220     140088    97.2826     100.00     2.4069     2.0969         16  0.000e+00
     70.257   80.42052  147.44766     71.022    -1.6035    -1.6059  26.672246  26.666087    33.5707    33.5648    331.005    322.905    -0.1061     4.6032     0.1013     0.1013     0.0739     0.0208     140089    97.2833     100.00     2.4057     2.0957         16  0.000e+00
     70.257   80.42052  147.44766     71.022    -1.6043    -1.6054  26.671408  26.666874    33.5703    33.5654    331.225    321.648    -0.1061     4.6032     0.1013     0.1013     0.0739     0.0208     140090    97.2840     100.00     2.4069     2.0896         16  0.000e+00
     70.323   80.42052  147.44766     71.088    -1.6051    -1.6048  26.669554  26.667887    33.5686    33.5661    331.029    319.893    -0.1061     4.6032     0.1013     0.1013     0.0739     0.0208     140091    97.2847     100.00     2.4057     2.0810         16  0.000e+00
     70.249   80.42052  147.44766     71.013    -1.6057    -1.6045  26.668298  26.668674    33.5676    33.5669    331.246    319.634    -0.0755     4.6032     0.1013     0.1013     0.0739     0.0220     140092    97.2854     100.00     2.4069     2.0798         16  0.000e+00
     70.323   80.42052  147.44766     71.088    -1.6055    -1.6042  26.669375  26.668618    33.5689    33.5663    331.244    320.135    -0.0755     4.6032     0.1013     0.1013     0.0739     0.0220     140093    97.2861     100.00     2.4069     2.0822         16  0.000e+00
