Continuous CTD Data/01_SBE Stage/nabos_20_01avg.cnv
* Sea-Bird SBE 9 Data File:
* FileName = D:\CTD\data\HLY2502\raw\NABOS_20_01.hex
* Software Version Seasave V 7.26.7.110
* Temperature SN = 6954
* Conductivity SN = 2561
* Number of Bytes Per Scan = 37
* Number of Voltage Words = 4
* Number of Scans Averaged by the Deck Unit = 1
* NMEA Latitude = 78 38.06 N
* NMEA Longitude = 174 57.52 E
* NMEA UTC (Time) = Sep 18 2025  06:15:34
* NMEA baud rate = 9600
** Ship: USCG HEALY
** Bot. Depth:  2143
** Cast Number:  01
** Station Name:  NABOS
** Station Number:  20
** Operator:  STARC
** 1200 target
# nquan = 25
# nvalues = 1214                        
# units = specified
# name 0 = depSM: Depth [salt water, m]
# name 1 = latitude: Latitude [deg]
# name 2 = longitude: Longitude [deg]
# name 3 = prDM: Pressure, Digiquartz [db]
# name 4 = t090C: Temperature [ITS-90, deg C]
# name 5 = t190C: Temperature, 2 [ITS-90, deg C]
# name 6 = c0mS/cm: Conductivity [mS/cm]
# name 7 = c1mS/cm: Conductivity, 2 [mS/cm]
# name 8 = sal00: Salinity, Practical [PSU]
# name 9 = sal11: Salinity, Practical, 2 [PSU]
# name 10 = sbox0Mm/Kg: Oxygen, SBE 43 [umol/kg]
# name 11 = sbox1Mm/Kg: Oxygen, SBE 43, 2 [umol/kg]
# name 12 = flECO-AFL: Fluorescence, WET Labs ECO-AFL/FL [mg/m^3]
# name 13 = v2: Voltage 2
# name 14 = wetCDOM: Fluorescence, WET Labs CDOM [mg/m^3]
# name 15 = v6: Voltage 6
# name 16 = CStarAt0: Beam Attenuation, WET Labs C-Star [1/m]
# name 17 = v3: Voltage 3
# name 18 = scan: Scan Count
# name 19 = timeM: Time, Elapsed [minutes]
# name 20 = altM: Altimeter [m]
# name 21 = sbeox0V: Oxygen raw, SBE 43 [V]
# name 22 = sbeox1V: Oxygen raw, SBE 43, 2 [V]
# name 23 = nbin: number of scans per bin
# name 24 = flag: flag
# span 0 =      3.958,   1200.666       
# span 1 =   78.63473,   78.63881       
# span 2 =  174.95872,  174.95950       
# span 3 =      4.000,   1217.000       
# span 4 =    -1.7581,     0.8952       
# span 5 =    -1.7577,     0.8953       
# span 6 =  24.306755,  29.802998       
# span 7 =  24.306141,  29.801139       
# span 8 =    30.3847,    34.8822       
# span 9 =    30.3830,    34.8799       
# span 10 =    290.518,    377.169      
# span 11 =    260.142,    368.397      
# span 12 =    -0.1848,     0.4304      
# span 13 =     4.5546,     4.6752      
# span 14 =     0.0805,     0.1089      
# span 15 =     0.0805,     0.1089      
# span 16 =     0.0117,     0.1166      
# span 17 =     0.0176,     0.0422      
# span 18 =       3273,      37337      
# span 19 =     2.2725,    25.9278      
# span 20 =      73.84,     100.00      
# span 21 =     2.0166,     2.6605      
# span 22 =     1.7187,     2.3104      
# span 23 =          1,         28      
# span 24 = 0.0000e+00, 0.0000e+00      
# interval = decibars: 1                
# start_time = Sep 18 2025 06:15:34 [NMEA time, header]
# bad_flag = -9.990e-29
*END*
[from data line 464]
    462.546   78.63632  174.95902    468.000     0.5001     0.5001  29.543981  29.542136    34.8187    34.8163    294.770    292.515    -0.1593     4.6740     0.0827     0.0827     0.0128     0.0186      16582    11.5145     100.00     2.2305     1.9761         22 0.0000e+00
    463.533   78.63633  174.95902    469.000     0.4995     0.4998  29.543540  29.541785    34.8182    34.8157    294.790    290.973    -0.1599     4.6740     0.0822     0.0822     0.0128     0.0186      16606    11.5316     100.00     2.2303     1.9682         17 0.0000e+00
    464.521   78.63634  174.95902    470.000     0.4985     0.4990  29.542817  29.541362    34.8179    34.8154    294.955    260.801    -0.1673     4.6744     0.0840     0.0840     0.0124     0.0183      16631    11.5488     100.00     2.2310     1.8177         15 0.0000e+00
    465.508   78.63634  174.95902    471.000     0.4978     0.4979  29.542437  29.540664    34.8176    34.8151    295.143    280.525    -0.1427     4.6739     0.0818     0.0818     0.0129     0.0193      16656    11.5659     100.00     2.2318     1.9157         16 0.0000e+00
    466.495   78.63634  174.95902    472.000     0.4976     0.4976  29.542654  29.540801    34.8174    34.8150    295.356    285.535    -0.1643     4.6741     0.0829     0.0829     0.0127     0.0184      16681    11.5833     100.00     2.2329     1.9404         18 0.0000e+00
    467.482   78.63634  174.95902    473.000     0.4988     0.4992  29.544158  29.542674    34.8175    34.8152    295.369    288.192    -0.1714     4.6738     0.0840     0.0840     0.0129     0.0181      16706    11.6004     100.00     2.2327     1.9535         17 0.0000e+00
    468.469   78.63634  174.95902    474.000     0.5037     0.5038  29.549189  29.547394    34.8180    34.8155    295.268    311.636    -0.1761     4.6739     0.0824     0.0824     0.0129     0.0179      16730    11.6176     100.00     2.2322     2.0703         17 0.0000e+00
    469.457   78.63634  174.95902    475.000     0.5056     0.5056  29.551281  29.549455    34.8180    34.8156    295.179    305.920    -0.1767     4.6741     0.0817     0.0817     0.0127     0.0179      16755    11.6349     100.00     2.2315     2.0417         19 0.0000e+00
    470.444   78.63634  174.95902    476.000     0.5062     0.5061  29.552283  29.550321    34.8181    34.8155    295.082    291.932    -0.1635     4.6740     0.0817     0.0817     0.0128     0.0184      16780    11.6520     100.00     2.2308     1.9719         17 0.0000e+00
    471.431   78.63636  174.95902    477.000     0.5068     0.5070  29.553308  29.551559    34.8180    34.8156    295.060    290.663    -0.1350     4.6740     0.0823     0.0823     0.0128     0.0196      16805    11.6692     100.00     2.2304     1.9654         15 0.0000e+00
    472.418   78.63636  174.95904    478.000     0.5086     0.5087  29.555555  29.553528    34.8184    34.8157    295.067    291.670    -0.1328     4.6739     0.0830     0.0830     0.0129     0.0197      16829    11.6863     100.00     2.2303     1.9703         16 0.0000e+00
    473.405   78.63636  174.95904    479.000     0.5103     0.5102  29.557349  29.555447    34.8183    34.8159    295.147    291.206    -0.1535     4.6745     0.0830     0.0830     0.0123     0.0188      16854    11.7036     100.00     2.2307     1.9679         18 0.0000e+00
    474.393   78.63636  174.95904    480.000     0.5102     0.5102  29.557721  29.555979    34.8183    34.8160    295.118    286.495    -0.1740     4.6743     0.0828     0.0828     0.0125     0.0180      16879    11.7208     100.00     2.2303     1.9442         18 0.0000e+00
    475.380   78.63636  174.95904    481.000     0.5103     0.5103  29.558171  29.556335    34.8182    34.8158    294.961    299.509    -0.1669     4.6747     0.0805     0.0805     0.0121     0.0183      16903    11.7377     100.00     2.2291     2.0088         15 0.0000e+00
    476.367   78.63636  174.95904    482.000     0.5106     0.5107  29.558975  29.557159    34.8182    34.8159    294.875    293.205    -0.1736     4.6741     0.0838     0.0838     0.0127     0.0180      16928    11.7551     100.00     2.2284     1.9773         18 0.0000e+00
    477.354   78.63638  174.95904    483.000     0.5107     0.5106  29.559480  29.557529    34.8183    34.8158    294.795    292.571    -0.1778     4.6742     0.0853     0.0853     0.0126     0.0179      16953    11.7721     100.00     2.2277     1.9739         14 0.0000e+00
    478.341   78.63638  174.95904    484.000     0.5108     0.5107  29.559889  29.557938    34.8180    34.8157    294.886    290.977    -0.1773     4.6746     0.0826     0.0826     0.0123     0.0179      16978    11.7894     100.00     2.2280     1.9658         15 0.0000e+00
    479.328   78.63638  174.95904    485.000     0.5108     0.5108  29.560435  29.558563    34.8182    34.8158    294.984    291.777    -0.1767     4.6744     0.0817     0.0817     0.0124     0.0179      17003    11.8067     100.00     2.2284     1.9696         16 0.0000e+00
    480.316   78.63638  174.95904    486.000     0.5112     0.5113  29.561334  29.559406    34.8184    34.8158    295.029    291.295    -0.1613     4.6746     0.0818     0.0818     0.0122     0.0185      17027    11.8237     100.00     2.2284     1.9670         15 0.0000e+00
    481.303   78.63638  174.95904    487.000     0.5145     0.5146  29.564825  29.563030    34.8187    34.8162    294.983    262.654    -0.1314     4.6752     0.0823     0.0823     0.0117     0.0197      17052    11.8411     100.00     2.2281     1.8246         15 0.0000e+00
    482.290   78.63638  174.95904    488.000     0.5143     0.5142  29.564905  29.563039    34.8184    34.8160    295.005    286.953    -0.1475     4.6746     0.0838     0.0838     0.0123     0.0191      17077    11.8583     100.00     2.2280     1.9452         18 0.0000e+00
    483.277   78.63639  174.95904    489.000     0.4875     0.4863  29.541475  29.538788    34.8173    34.8152    295.274    303.306    -0.1504     4.6746     0.0845     0.0845     0.0122     0.0190      17101    11.8752     100.00     2.2280     2.0251         13 0.0000e+00
    484.264   78.63640  174.95904    490.000     0.4551     0.4546  29.513757  29.511485    34.8169    34.8146    295.530    299.348    -0.1321     4.6747     0.0830     0.0830     0.0121     0.0197      17126    11.8927     100.00     2.2276     2.0038         15 0.0000e+00
    485.251   78.63640  174.95904    491.000     0.4403     0.4396  29.501058  29.498656    34.8164    34.8141    295.552    294.340    -0.1571     4.6747     0.0830     0.0830     0.0122     0.0187      17151    11.9097     100.00     2.2268     1.9782         12 0.0000e+00
    486.238   78.63640  174.95904    492.000     0.4240     0.4237  29.487060  29.484904    34.8158    34.8134    295.651    292.418    -0.1483     4.6746     0.0842     0.0842     0.0122     0.0190      17176    11.9270     100.00     2.2263     1.9678         13 0.0000e+00
    487.225   78.63640  174.95904    493.000     0.4129     0.4127  29.477414  29.475451    34.8152    34.8128    295.629    292.383    -0.1628     4.6747     0.0841     0.0841     0.0121     0.0185      17201    11.9443     100.00     2.2254     1.9669         15 0.0000e+00
    488.213   78.63640  174.95904    494.000     0.4064     0.4062  29.472115  29.470035    34.8149    34.8124    295.681    292.230    -0.1771     4.6740     0.0832     0.0832     0.0128     0.0179      17225    11.9614     100.00     2.2251     1.9657         15 0.0000e+00
    489.200   78.63640  174.95904    495.000     0.4022     0.4012  29.468381  29.465700    34.8142    34.8118    295.873    291.955    -0.1303     4.6740     0.0830     0.0830     0.0128     0.0198      17250    11.9783     100.00     2.2258     1.9639         12 0.0000e+00
    490.187   78.63641  174.95904    496.000     0.3946     0.3946  29.461901  29.460088    34.8136    34.8113    296.123    292.179    -0.1614     4.6740     0.0834     0.0834     0.0128     0.0185      17275    11.9957     100.00     2.2266     1.9646         14 0.0000e+00
    491.174   78.63642  174.95904    497.000     0.3809     0.3809  29.450209  29.448392    34.8132    34.8109    296.259    276.070    -0.1429     4.6741     0.0828     0.0828     0.0127     0.0193      17300    12.0130     100.00     2.2265     1.8841         14 0.0000e+00
    492.161   78.63642  174.95904    498.000     0.3793     0.3793  29.449210  29.447319    34.8132    34.8106    296.266    278.588    -0.1525     4.6741     0.0823     0.0823     0.0127     0.0189      17324    12.0302     100.00     2.2262     1.8963         13 0.0000e+00
    493.148   78.63642  174.95904    499.000     0.3793     0.3793  29.449396  29.447550    34.8127    34.8104    296.474    297.026    -0.1538     4.6745     0.0837     0.0837     0.0123     0.0188      17349    12.0476     100.00     2.2272     1.9873         16 0.0000e+00
    494.135   78.63642  174.95904    500.000     0.3794     0.3793  29.449770  29.448084    34.8126    34.8104    296.713    312.479    -0.1710     4.6746     0.0849     0.0849     0.0123     0.0181      17374    12.0646     100.00     2.2284     2.0635         15 0.0000e+00
    495.122   78.63642  174.95904    501.000     0.3793     0.3793  29.450071  29.448257    34.8125    34.8101    296.771    296.380    -0.1718     4.6745     0.0841     0.0841     0.0124     0.0181      17399    12.0817     100.00     2.2285     1.9837         13 0.0000e+00
    496.109   78.63642  174.95904    502.000     0.3794     0.3793  29.450444  29.448613    34.8123    34.8099    296.784    294.326    -0.1725     4.6740     0.0817     0.0817     0.0128     0.0181      17424    12.0991     100.00     2.2283     1.9734         17 0.0000e+00
    497.096   78.63643  174.95904    503.000     0.3795     0.3794  29.450925  29.449019    34.8123    34.8098    296.784    293.795    -0.1409     4.6740     0.0842     0.0842     0.0128     0.0193      17448    12.1160     100.00     2.2281     1.9705         13 0.0000e+00
    498.083   78.63644  174.95904    504.000     0.3796     0.3796  29.451465  29.449560    34.8122    34.8097    296.773    292.476    -0.1806     4.6740     0.0830     0.0830     0.0128     0.0178      17473    12.1333     100.00     2.2278     1.9639         15 0.0000e+00
    499.070   78.63644  174.95904    505.000     0.3796     0.3796  29.451833  29.450072    34.8121    34.8098    296.714    292.681    -0.1759     4.6740     0.0838     0.0838     0.0128     0.0180      17498    12.1505     100.00     2.2272     1.9647         14 0.0000e+00
    500.057   78.63644  174.95904    506.000     0.3796     0.3796  29.452273  29.450401    34.8121    34.8096    296.653    292.899    -0.1795     4.6740     0.0825     0.0825     0.0128     0.0178      17522    12.1676     100.00     2.2267     1.9656         12 0.0000e+00
    501.045   78.63644  174.95904    507.000     0.3797     0.3797  29.452675  29.450931    34.8120    34.8097    296.654    292.910    -0.1766     4.6743     0.0818     0.0818     0.0126     0.0179      17547    12.1850     100.00     2.2264     1.9654         13 0.0000e+00
    502.032   78.63644  174.95904    508.000     0.3797     0.3797  29.453223  29.451300    34.8120    34.8095    296.764    292.465    -0.1747     4.6740     0.0828     0.0828     0.0128     0.0180      17572    12.2023     100.00     2.2269     1.9630         16 0.0000e+00
    503.019   78.63644  174.95904    509.000     0.3796     0.3796  29.453584  29.451689    34.8120    34.8096    296.880    292.272    -0.1741     4.6741     0.0833     0.0833     0.0127     0.0180      17597    12.2194     100.00     2.2273     1.9619         13 0.0000e+00
    504.006   78.63646  174.95904    510.000     0.3796     0.3797  29.454018  29.452217    34.8120    34.8095    297.078    287.505    -0.1765     4.6740     0.0821     0.0821     0.0128     0.0179      17622    12.2365     100.00     2.2283     1.9382         13 0.0000e+00
    504.993   78.63646  174.95904    511.000     0.3797     0.3797  29.454381  29.452528    34.8118    34.8094    297.055    295.357    -0.1538     4.6730     0.0832     0.0832     0.0136     0.0188      17646    12.2534     100.00     2.2279     1.9768         13 0.0000e+00
    505.980   78.63646  174.95904    512.000     0.3797     0.3797  29.454895  29.452978    34.8119    34.8093    297.136    292.228    -0.1603     4.6740     0.0840     0.0840     0.0128     0.0186      17671    12.2709     100.00     2.2281     1.9611         14 0.0000e+00
    506.967   78.63646  174.95904    513.000     0.3796     0.3796  29.455092  29.453326    34.8117    34.8093    296.956    292.575    -0.1691     4.6741     0.0829     0.0829     0.0127     0.0182      17696    12.2883     100.00     2.2269     1.9626         17 0.0000e+00
    507.954   78.63646  174.95904    514.000     0.3795     0.3793  29.455415  29.453545    34.8117    34.8094    296.806    293.860    -0.1370     4.6740     0.0841     0.0841     0.0128     0.0195      17721    12.3054     100.00     2.2257     1.9688         13 0.0000e+00
    508.941   78.63646  174.95904    515.000     0.3797     0.3797  29.456155  29.454281    34.8117    34.8093    296.753    276.539    -0.1347     4.6740     0.0842     0.0842     0.0128     0.0196      17746    12.3227     100.00     2.2252     1.8831         16 0.0000e+00
    509.928   78.63646  174.95904    516.000     0.3758     0.3751  29.452734  29.450488    34.8111    34.8090    296.751    303.920    -0.1400     4.6740     0.0841     0.0841     0.0128     0.0194      17771    12.3399     100.00     2.2247     2.0178         18 0.0000e+00
    510.915   78.63648  174.95904    517.000     0.3606     0.3604  29.440105  29.438337    34.8111    34.8090    296.737    296.227    -0.1746     4.6630     0.0833     0.0833     0.0223     0.0180      17795    12.3570     100.00     2.2237     1.9791         16 0.0000e+00
    511.902   78.63648  174.95904    518.000     0.3551     0.3544  29.435900  29.433255    34.8112    34.8085    296.685    293.426    -0.1600     4.6629     0.0822     0.0822     0.0223     0.0186      17820    12.3741     100.00     2.2229     1.9648         14 0.0000e+00
    512.889   78.63648  174.95904    519.000     0.3496     0.3497  29.431349  29.429687    34.8108    34.8086    296.768    293.690    -0.1429     4.6738     0.0821     0.0821     0.0129     0.0193      17845    12.3914     100.00     2.2229     1.9657         17 0.0000e+00
    513.876   78.63648  174.95906    520.000     0.3657     0.3663  29.447935  29.446511    34.8138    34.8113    296.717    293.178    -0.1680     4.6736     0.0830     0.0830     0.0132     0.0183      17869    12.4086     100.00     2.2232     1.9637         20 0.0000e+00
    514.863   78.63648  174.95906    521.000     0.3838     0.3849  29.467782  29.466627    34.8188    34.8161    296.570    294.195    -0.1531     4.6739     0.0827     0.0827     0.0128     0.0189      17894    12.4259     100.00     2.2231     1.9694         18 0.0000e+00
    515.850   78.63648  174.95906    522.000     0.4021     0.4023  29.487176  29.485520    34.8230    34.8206    296.505    293.070    -0.1331     4.6737     0.0820     0.0820     0.0130     0.0196      17919    12.4430     100.00     2.2234     1.9645         17 0.0000e+00
    516.837   78.63648  174.95906    523.000     0.4003     0.4001  29.486482  29.484463    34.8235    34.8211    296.556    293.144    -0.1657     4.6739     0.0839     0.0839     0.0129     0.0184      17944    12.4604     100.00     2.2234     1.9645         18 0.0000e+00
    517.824   78.63650  174.95906    524.000     0.3982     0.3977  29.485068  29.482856    34.8235    34.8211    296.369    292.550    -0.1383     4.6739     0.0831     0.0831     0.0129     0.0194      17969    12.4776     100.00     2.2220     1.9613         20 0.0000e+00
