Continuous CTD Data/01_SBE Stage/nabos_03_02.ros
* Sea-Bird SBE 9 Data File:
* FileName = D:\CTD\data\HLY2502\raw\NABOS_03_02.hex
* Software Version Seasave V 7.26.7.110
* Temperature SN = 6954
* Conductivity SN = 2561
* Number of Bytes Per Scan = 37
* Number of Voltage Words = 4
* Number of Scans Averaged by the Deck Unit = 1
* NMEA Latitude = 74 27.63 N
* NMEA Longitude = 169 54.47 E
* NMEA UTC (Time) = Sep 13 2025  07:50:08
* NMEA baud rate = 9600
** Ship: USCG HEALY
** Bot. Depth:  56
** Cast Number:  02
** Station Name:  NABOS
** Station Number:  03
** Operator:  STARC
** Target 46 m, bottles 24 leaked and 4 spigot leaked on cast 1
# nquan = 25
# nvalues = 588                                   
# units = specified
# name 0 = depSM: Depth [salt water, m]
# name 1 = latitude: Latitude [deg]
# name 2 = longitude: Longitude [deg]
# name 3 = prDM: Pressure, Digiquartz [db]
# name 4 = t090C: Temperature [ITS-90, deg C]
# name 5 = t190C: Temperature, 2 [ITS-90, deg C]
# name 6 = c0mS/cm: Conductivity [mS/cm]
# name 7 = c1mS/cm: Conductivity, 2 [mS/cm]
# name 8 = sal00: Salinity, Practical [PSU]
# name 9 = sal11: Salinity, Practical, 2 [PSU]
# name 10 = sbox0Mm/Kg: Oxygen, SBE 43 [umol/kg]
# name 11 = sbox1Mm/Kg: Oxygen, SBE 43, 2 [umol/kg]
# name 12 = flECO-AFL: Fluorescence, WET Labs ECO-AFL/FL [mg/m^3]
# name 13 = v2: Voltage 2
# name 14 = wetCDOM: Fluorescence, WET Labs CDOM [mg/m^3]
# name 15 = v6: Voltage 6
# name 16 = CStarAt0: Beam Attenuation, WET Labs C-Star [1/m]
# name 17 = v3: Voltage 3
# name 18 = scan: Scan Count
# name 19 = timeM: Time, Elapsed [minutes]
# name 20 = altM: Altimeter [m]
# name 21 = sbeox0V: Oxygen raw, SBE 43 [V]
# name 22 = sbeox1V: Oxygen raw, SBE 43, 2 [V]
# name 23 = nbf: Bottles Fired
# name 24 = flag:  0.000e+00
# interval = seconds: 0.0416667
# start_time = Sep 13 2025 07:50:08 [NMEA time, header]
# bad_flag = -9.990e-29
*END*
[from data line 464]
     10.179   74.46046  169.91460     10.285    -1.3160    -1.3176  22.194083  22.183775    27.2090    27.1966    370.589    359.906     0.2297     4.5934     0.1001     0.1001     0.0824     0.0342      13395     9.3014      21.54     2.5642     2.2186         10  0.000e+00
     10.113   74.46046  169.91460     10.219    -1.3164    -1.3168  22.191616  22.187096    27.2061    27.2004    370.599    359.883     0.1992     4.5934     0.1001     0.1001     0.0824     0.0330      13396     9.3021      21.39     2.5642     2.2186         10  0.000e+00
     10.179   74.46046  169.91460     10.285    -1.3171    -1.3162  22.192065  22.189416    27.2072    27.2029    370.606    359.614     0.2297     4.5934     0.1001     0.1001     0.0824     0.0342      13397     9.3028      21.17     2.5642     2.2174         10  0.000e+00
     10.170   74.46046  169.91460     10.277    -1.3168    -1.3162  22.195260  22.190523    27.2113    27.2044    370.591    359.610     0.2297     4.5934     0.0989     0.0989     0.0824     0.0342      13398     9.3035      21.93     2.5642     2.2174         10  0.000e+00
     10.121   74.46046  169.91460     10.227    -1.3152    -1.3159  22.201314  22.191208    27.2180    27.2051    370.551    359.602     0.2297     4.5934     0.1001     0.1001     0.0824     0.0342      13399     9.3042      21.59     2.5642     2.2174         10  0.000e+00
     10.170   74.46046  169.91460     10.277    -1.3137    -1.3161  22.207706  22.192263    27.2252    27.2066    370.734    359.602     0.2297     4.5934     0.1001     0.1001     0.0824     0.0342      13400     9.3049      20.85     2.5654     2.2174         10  0.000e+00
     10.121   74.46046  169.91460     10.227    -1.3125    -1.3158  22.212191  22.192526    27.2301    27.2067    370.703    359.596     0.2297     4.5934     0.1001     0.1001     0.0824     0.0342      13401     9.3056      20.00     2.5654     2.2174         10  0.000e+00
     10.170   74.46046  169.91460     10.277    -1.3119    -1.3156  22.212248  22.193317    27.2296    27.2076    370.700    359.335     0.2297     4.5934     0.1001     0.1001     0.0824     0.0342      13402     9.3063      19.54     2.5654     2.2162         10  0.000e+00
     10.121   74.46046  169.91460     10.227    -1.3125    -1.3152  22.209949  22.195215    27.2271    27.2098    370.494    359.581     0.2297     4.5934     0.1001     0.1001     0.0824     0.0342      13403     9.3069      19.24     2.5642     2.2174         10  0.000e+00
     10.170   74.46046  169.91460     10.277    -1.3127    -1.3148  22.207762  22.197852    27.2244    27.2130    370.725    360.087     0.1992     4.5922     0.1001     0.1001     0.0835     0.0330      13404     9.3076      19.63     2.5654     2.2199         10  0.000e+00
     10.113   74.46046  169.91460     10.219    -1.3138    -1.3145  22.202323  22.198959    27.2181    27.2142    370.753    360.077     0.1992     4.5922     0.1001     0.1001     0.0835     0.0330      13405     9.3083      20.27     2.5654     2.2199         10  0.000e+00
     10.121   74.46046  169.91460     10.227    -1.3149    -1.3147  22.197166  22.198906    27.2122    27.2143    370.783    359.821     0.1992     4.5922     0.1001     0.1001     0.0835     0.0330      13406     9.3090      19.73     2.5654     2.2186         10  0.000e+00
     10.113   74.46046  169.91460     10.219    -1.3152    -1.3148  22.197334  22.197641    27.2127    27.2127    370.785    359.827     0.1992     4.5922     0.1001     0.1001     0.0835     0.0330      13407     9.3097      19.46     2.5654     2.2186         10  0.000e+00
     10.179   74.46046  169.91460     10.285    -1.3144    -1.3150  22.201707  22.197430    27.2178    27.2126    370.983    359.574     0.1992     4.5934     0.1001     0.1001     0.0824     0.0330      13408     9.3104      19.05     2.5666     2.2174         10  0.000e+00
     10.113   74.46046  169.91460     10.219    -1.3138    -1.3148  22.205183  22.198485    27.2219    27.2139    370.741    359.565     0.1992     4.5922     0.1001     0.1001     0.0835     0.0330      13409     9.3111      18.68     2.5654     2.2174         10  0.000e+00
     10.121   74.46046  169.91460     10.227    -1.3132    -1.3142  22.205912  22.201227    27.2223    27.2170    370.516    359.808     0.1992     4.5922     0.1001     0.1001     0.0835     0.0330      13410     9.3118      18.61     2.5642     2.2186         10  0.000e+00
     10.170   74.46046  169.91460     10.277    -1.3131    -1.3138  22.205407  22.204391    27.2215    27.2208    370.738    359.795     0.1992     4.5922     0.1001     0.1001     0.0835     0.0330      13411     9.3125      18.49     2.5654     2.2186         10  0.000e+00
     10.121   74.46046  169.91460     10.227    -1.3140    -1.3133  22.198960  22.206131    27.2137    27.2227    370.768    359.782     0.1992     4.5922     0.1001     0.1001     0.0835     0.0330      13412     9.3132      18.80     2.5654     2.2186         10  0.000e+00
     10.113   74.46046  169.91460     10.219    -1.3158    -1.3132  22.186235  22.206658    27.1983    27.2233    371.052    359.520     0.1992     4.5934     0.1001     0.1001     0.0824     0.0330      13413     9.3139      19.07     2.5666     2.2174         10  0.000e+00
     10.179   74.46046  169.91460     10.285    -1.3180    -1.3128  22.177268  22.207713    27.1883    27.2244    371.110    359.258     0.1992     4.5934     0.1001     0.1001     0.0824     0.0330      13414     9.3146      19.24     2.5666     2.2162         10  0.000e+00
     10.113   74.46046  169.91460     10.219    -1.3189    -1.3122  22.174017  22.209084    27.1848    27.2257    370.908    359.503     0.1992     4.5922     0.1001     0.1001     0.0835     0.0330      13415     9.3153      19.44     2.5654     2.2174         10  0.000e+00
     10.179   74.46046  169.91460     10.285    -1.3192    -1.3121  22.176819  22.209612    27.1888    27.2263    371.122    359.503     0.1992     4.5934     0.1001     0.1001     0.0824     0.0330      13416     9.3160      19.49     2.5666     2.2174         10  0.000e+00
     10.170   74.46046  169.91460     10.277    -1.3191    -1.3121  22.182536  22.209822    27.1963    27.2266    370.879    359.243     0.1992     4.5922     0.1001     0.1001     0.0835     0.0330      13417     9.3167      19.39     2.5654     2.2162         10  0.000e+00
     10.121   74.46046  169.91462     10.227    -1.3176    -1.3119  22.189486  22.209875    27.2043    27.2265    370.836    359.498     0.1992     4.5922     0.1001     0.1001     0.0835     0.0330      13418     9.3174      19.56     2.5654     2.2174         10  0.000e+00
     10.113   74.46046  169.91462     10.219    -1.3164    -1.3115  22.194307  22.210402    27.2097    27.2268    370.807    359.492     0.1992     4.5922     0.1001     0.1001     0.0835     0.0330      13419     9.3181      19.07     2.5654     2.2174         10  0.000e+00
     10.179   74.46046  169.91462     10.286    -1.3162    -1.3113  22.194980  22.210244    27.2103    27.2264    371.024    359.236     0.1992     4.5922     0.1001     0.1001     0.0835     0.0330      13420     9.3187      19.39     2.5666     2.2162         10  0.000e+00
      4.799   74.46050  169.91582      4.850    -1.3223    -1.3211  22.142687  22.142709    27.1487    27.1476    371.226    359.566     0.1687     4.5897     0.0989     0.0989     0.0856     0.0317      14985    10.4056      20.15     2.5678     2.2174         11  0.000e+00
      4.799   74.46050  169.91582      4.850    -1.3223    -1.3215  22.143023  22.142499    27.1491    27.1477    371.225    359.571     0.1687     4.5897     0.0989     0.0989     0.0856     0.0317      14986    10.4063      21.78     2.5678     2.2174         11  0.000e+00
      4.865   74.46050  169.91582      4.916    -1.3225    -1.3217  22.142855  22.142604    27.1490    27.1480    371.230    359.575     0.1687     4.5897     0.0989     0.0989     0.0856     0.0317      14987    10.4069      23.37     2.5678     2.2174         11  0.000e+00
      4.857   74.46050  169.91582      4.908    -1.3226    -1.3218  22.142575  22.142341    27.1488    27.1478    371.013    360.094     0.1992     4.5897     0.0977     0.0977     0.0856     0.0330      14988    10.4076      24.84     2.5666     2.2199         11  0.000e+00
      4.865   74.46050  169.91582      4.916    -1.3226    -1.3217  22.142855  22.142393    27.1492    27.1477    371.013    360.351     0.1992     4.5897     0.0989     0.0989     0.0856     0.0330      14989    10.4083      26.35     2.5666     2.2211         11  0.000e+00
      4.857   74.46050  169.91582      4.908    -1.3226    -1.3220  22.142631  22.142446    27.1488    27.1481    371.231    360.612     0.1992     4.5897     0.0989     0.0989     0.0856     0.0330      14990    10.4090      27.08     2.5678     2.2223         11  0.000e+00
      4.865   74.46050  169.91582      4.916    -1.3229    -1.3220  22.142351  22.142235    27.1488    27.1478    371.236    360.613     0.1992     4.5897     0.0989     0.0989     0.0856     0.0330      14991    10.4097      26.76     2.5678     2.2223         11  0.000e+00
      4.922   74.46050  169.91582      4.974    -1.3231    -1.3220  22.142127  22.142183    27.1486    27.1476    371.023    360.616     0.1992     4.5897     0.0989     0.0989     0.0856     0.0330      14992    10.4104      26.64     2.5666     2.2223         11  0.000e+00
      4.865   74.46050  169.91582      4.916    -1.3231    -1.3220  22.142071  22.142235    27.1485    27.1478    371.238    360.613     0.1992     4.5897     0.0989     0.0989     0.0856     0.0330      14993    10.4111      26.96     2.5678     2.2223         11  0.000e+00
      4.922   74.46050  169.91582      4.974    -1.3231    -1.3218  22.142071  22.142183    27.1485    27.1475    371.241    360.615     0.1992     4.5910     0.0977     0.0977     0.0845     0.0330      14994    10.4118      27.62     2.5678     2.2223         11  0.000e+00
      4.857   74.46050  169.91582      4.908    -1.3231    -1.3218  22.142239  22.142183    27.1488    27.1476    371.019    360.870     0.2297     4.5897     0.0977     0.0977     0.0856     0.0342      14995    10.4125      27.94     2.5666     2.2235         11  0.000e+00
      4.922   74.46050  169.91582      4.974    -1.3231    -1.3220  22.142127  22.142025    27.1486    27.1475    371.241    360.875     0.1992     4.5897     0.0977     0.0977     0.0856     0.0330      14996    10.4132      28.01     2.5678     2.2235         11  0.000e+00
      4.922   74.46050  169.91582      4.974    -1.3229    -1.3218  22.142239  22.141867    27.1486    27.1471    371.239    360.357     0.1992     4.5897     0.0989     0.0989     0.0856     0.0330      14997    10.4139      28.38     2.5678     2.2211         11  0.000e+00
      4.865   74.46050  169.91582      4.916    -1.3231    -1.3221  22.142463  22.141761    27.1491    27.1473    371.237    359.323     0.1992     4.5897     0.0989     0.0989     0.0856     0.0330      14998    10.4146      28.96     2.5678     2.2162         11  0.000e+00
      4.922   74.46050  169.91582      4.974    -1.3231    -1.3220  22.142351  22.141919    27.1489    27.1473    371.240    359.325     0.1992     4.5897     0.0989     0.0989     0.0856     0.0330      14999    10.4153      28.99     2.5678     2.2162         11  0.000e+00
      4.865   74.46050  169.91582      4.916    -1.3228    -1.3223  22.142295  22.141656    27.1485    27.1473    371.016    359.325     0.1992     4.5910     0.0977     0.0977     0.0845     0.0330      15000    10.4160      28.62     2.5666     2.2162         11  0.000e+00
      4.922   74.46050  169.91582      4.974    -1.3226    -1.3223  22.142463  22.141709    27.1486    27.1473    371.235    359.070     0.1992     4.5922     0.0989     0.0989     0.0835     0.0330      15001    10.4167      28.42     2.5678     2.2150         11  0.000e+00
      4.857   74.46050  169.91584      4.908    -1.3229    -1.3223  22.142519  22.141445    27.1490    27.1470    371.016    358.809     0.2297     4.5922     0.0989     0.0989     0.0835     0.0342      15002    10.4174      28.42     2.5666     2.2138         11  0.000e+00
      4.922   74.46050  169.91584      4.974    -1.3228    -1.3223  22.142687  22.141498    27.1490    27.1470    371.236    358.812     0.1992     4.5922     0.0989     0.0989     0.0835     0.0330      15003    10.4181      28.52     2.5678     2.2138         11  0.000e+00
      4.857   74.46050  169.91584      4.908    -1.3223    -1.3224  22.142575  22.141551    27.1485    27.1473    371.229    358.809     0.1992     4.5922     0.1001     0.1001     0.0835     0.0330      15004    10.4187      28.69     2.5678     2.2138         11  0.000e+00
      4.922   74.46050  169.91584      4.974    -1.3226    -1.3223  22.142687  22.141551    27.1489    27.1471    371.235    358.553     0.1992     4.5922     0.1013     0.1013     0.0835     0.0330      15005    10.4194      28.57     2.5678     2.2125         11  0.000e+00
      4.857   74.46050  169.91584      4.908    -1.3229    -1.3223  22.142575  22.141709    27.1491    27.1474    371.235    358.291     0.1992     4.5922     0.1001     0.1001     0.0835     0.0330      15006    10.4201      28.40     2.5678     2.2113         11  0.000e+00
      4.865   74.46050  169.91584      4.916    -1.3225    -1.3223  22.142351  22.141814    27.1484    27.1475    371.014    358.032     0.1992     4.5922     0.1013     0.1013     0.0835     0.0330      15007    10.4208      27.52     2.5666     2.2101         11  0.000e+00
      4.922   74.46050  169.91584      4.974    -1.3228    -1.3223  22.142631  22.141920    27.1490    27.1476    371.018    358.293     0.1992     4.5922     0.1001     0.1001     0.0835     0.0330      15008    10.4215      27.50     2.5666     2.2113         11  0.000e+00
      4.857   74.46050  169.91584      4.908    -1.3229    -1.3218  22.142575  22.142130    27.1491    27.1475    371.016    358.027     0.1687     4.5922     0.1001     0.1001     0.0835     0.0317      15009    10.4222      27.74     2.5666     2.2101         11  0.000e+00
      4.865   74.46050  169.91584      4.916    -1.3231    -1.3220  22.142519  22.142183    27.1491    27.1477    371.018    358.029     0.1687     4.5922     0.1013     0.1013     0.0835     0.0317      15010    10.4229      28.13     2.5666     2.2101         11  0.000e+00
      4.857   74.46050  169.91584      4.908    -1.3228    -1.3218  22.142687  22.142446    27.1491    27.1479    371.014    358.026     0.1687     4.5922     0.1013     0.1013     0.0835     0.0317      15011    10.4236      28.06     2.5666     2.2101         11  0.000e+00
      4.865   74.46050  169.91584      4.916    -1.3226    -1.3215  22.142743  22.142446    27.1490    27.1476    371.013    358.540     0.1687     4.5922     0.1013     0.1013     0.0835     0.0317      15012    10.4243      27.57     2.5666     2.2125         11  0.000e+00
      4.865   74.46050  169.91584      4.916    -1.3225    -1.3217  22.142911  22.142604    27.1491    27.1480    371.011    359.058     0.1687     4.5922     0.1013     0.1013     0.0835     0.0317      15013    10.4250      27.62     2.5666     2.2150         11  0.000e+00
      4.799   74.46050  169.91584      4.850    -1.3223    -1.3215  22.142967  22.142815    27.1491    27.1482    371.006    359.311     0.1687     4.5922     0.1013     0.1013     0.0835     0.0317      15014    10.4257      27.62     2.5666     2.2162         11  0.000e+00
      4.799   74.46050  169.91584      4.850    -1.3225    -1.3217  22.143135  22.142341    27.1494    27.1477    371.007    358.798     0.1687     4.5922     0.1001     0.1001     0.0835     0.0317      15015    10.4264      27.59     2.5666     2.2138         11  0.000e+00
