Continuous CTD Data/01_SBE Stage/nabos_06_01avg.cnv
* Sea-Bird SBE 9 Data File:
* FileName = D:\CTD\data\HLY2502\raw\NABOS_06_01.hex
* Software Version Seasave V 7.26.7.110
* Temperature SN = 6954
* Conductivity SN = 2561
* Number of Bytes Per Scan = 37
* Number of Voltage Words = 4
* Number of Scans Averaged by the Deck Unit = 1
* NMEA Latitude = 75 26.04 N
* NMEA Longitude = 173 41.44 E
* NMEA UTC (Time) = Sep 12 2025  12:20:28
* NMEA baud rate = 9600
** Ship: USCG HEALY
** Bot. Depth:  204
** Cast Number:  01
** Station Name:  NABOS
** Station Number:  06
** Operator:  STARC
# nquan = 25
# nvalues = 198                         
# units = specified
# name 0 = depSM: Depth [salt water, m]
# name 1 = latitude: Latitude [deg]
# name 2 = longitude: Longitude [deg]
# name 3 = prDM: Pressure, Digiquartz [db]
# name 4 = t090C: Temperature [ITS-90, deg C]
# name 5 = t190C: Temperature, 2 [ITS-90, deg C]
# name 6 = c0mS/cm: Conductivity [mS/cm]
# name 7 = c1mS/cm: Conductivity, 2 [mS/cm]
# name 8 = sal00: Salinity, Practical [PSU]
# name 9 = sal11: Salinity, Practical, 2 [PSU]
# name 10 = sbox0Mm/Kg: Oxygen, SBE 43 [umol/kg]
# name 11 = sbox1Mm/Kg: Oxygen, SBE 43, 2 [umol/kg]
# name 12 = flECO-AFL: Fluorescence, WET Labs ECO-AFL/FL [mg/m^3]
# name 13 = v2: Voltage 2
# name 14 = wetCDOM: Fluorescence, WET Labs CDOM [mg/m^3]
# name 15 = v6: Voltage 6
# name 16 = CStarAt0: Beam Attenuation, WET Labs C-Star [1/m]
# name 17 = v3: Voltage 3
# name 18 = scan: Scan Count
# name 19 = timeM: Time, Elapsed [minutes]
# name 20 = altM: Altimeter [m]
# name 21 = sbeox0V: Oxygen raw, SBE 43 [V]
# name 22 = sbeox1V: Oxygen raw, SBE 43, 2 [V]
# name 23 = nbin: number of scans per bin
# name 24 = flag: flag
# span 0 =      4.948,    199.800       
# span 1 =   75.43333,   75.43365       
# span 2 =  173.69214,  173.69346       
# span 3 =      5.000,    202.000       
# span 4 =    -1.6601,     0.2546       
# span 5 =    -1.6598,     0.2548       
# span 6 =  22.398348,  29.071775       
# span 7 =  22.395293,  29.069963       
# span 8 =    27.4919,    34.6347       
# span 9 =    27.4895,    34.6324       
# span 10 =    267.156,    380.645      
# span 11 =    252.273,    372.453      
# span 12 =    -0.1653,     0.4584      
# span 13 =     4.3997,     4.6641      
# span 14 =     0.0921,     0.1213      
# span 15 =     0.0921,     0.1213      
# span 16 =     0.0213,     0.2549      
# span 17 =     0.0184,     0.0433      
# span 18 =       7676,      20708      
# span 19 =     5.3299,    14.3799      
# span 20 =       1.53,     100.00      
# span 21 =     2.0872,     2.6509      
# span 22 =     1.7442,     2.3027      
# span 23 =          9,         27      
# span 24 = 0.0000e+00, 0.0000e+00      
# interval = decibars: 1                
# start_time = Sep 12 2025 12:20:28 [NMEA time, header]
# bad_flag = -9.990e-29
*END*
[from data line 116]
    119.706   75.43352  173.69338    121.000    -1.0750    -1.0745  27.635414  27.633877    34.2647    34.2621    290.720    281.316    -0.1330     4.6606     0.0988     0.0988     0.0243     0.0197      14506    10.0732      86.51     2.1980     1.9133         25 0.0000e+00
    120.695   75.43352  173.69338    122.000    -1.0641    -1.0638  27.649150  27.647535    34.2705    34.2678    290.712    288.394    -0.1320     4.6610     0.0994     0.0994     0.0240     0.0197      14561    10.1110      86.63     2.1984     1.9487         20 0.0000e+00
    121.684   75.43352  173.69338    123.000    -1.0572    -1.0568  27.659209  27.657528    34.2757    34.2729    290.567    281.858    -0.1333     4.6610     0.0999     0.0999     0.0240     0.0196      14604    10.1408      86.38     2.1977     1.9165         19 0.0000e+00
    122.673   75.43352  173.69338    124.000    -1.0510    -1.0507  27.669169  27.667481    34.2816    34.2790    290.395    283.372    -0.1326     4.6611     0.1022     0.1022     0.0239     0.0197      14654    10.1760      61.85     2.1969     1.9241         23 0.0000e+00
    123.662   75.43352  173.69338    125.000    -1.0476    -1.0474  27.675036  27.673402    34.2851    34.2826    290.608    285.201    -0.1354     4.6613     0.1044     0.1044     0.0237     0.0196      14712    10.2157       7.90     2.1982     1.9332         23 0.0000e+00
    124.651   75.43352  173.69340    126.000    -1.0374    -1.0370  27.689200  27.687565    34.2922    34.2894    290.729    284.194    -0.1350     4.6609     0.1041     0.1041     0.0241     0.0196      14758    10.2476       5.75     2.1992     1.9285         19 0.0000e+00
    125.640   75.43352  173.69340    127.000    -1.0353    -1.0350  27.695845  27.694303    34.2982    34.2957    290.861    281.334    -0.1316     4.6609     0.1035     0.1035     0.0240     0.0197      14805    10.2806       1.53     2.2000     1.9143         18 0.0000e+00
    126.629   75.43352  173.69340    128.000    -1.0261    -1.0259  27.707756  27.706179    34.3034    34.3009    291.211    286.351    -0.1320     4.6608     0.1028     0.1028     0.0241     0.0197      14861    10.3198      20.84     2.2023     1.9394         20 0.0000e+00
    127.618   75.43352  173.69340    129.000    -1.0113    -1.0104  27.726596  27.725207    34.3115    34.3087    292.144    284.695    -0.1322     4.6613     0.1054     0.1054     0.0237     0.0197      14911    10.3539      50.75     2.2085     1.9318         21 0.0000e+00
    128.607   75.43352  173.69340    130.000    -0.9924    -0.9919  27.748498  27.746835    34.3192    34.3164    292.626    284.234    -0.1320     4.6616     0.1027     0.1027     0.0235     0.0197      14960    10.3880       4.39     2.2121     1.9302         20 0.0000e+00
    129.595   75.43352  173.69342    131.000    -0.9802    -0.9799  27.763435  27.761621    34.3250    34.3222    292.724    288.189    -0.1328     4.6617     0.1039     0.1039     0.0234     0.0197      15014    10.4256       2.71     2.2132     1.9502         16 0.0000e+00
    130.584   75.43352  173.69342    132.000    -0.9736    -0.9733  27.771557  27.769822    34.3280    34.3252    292.579    284.271    -0.1366     4.6617     0.1034     0.1034     0.0233     0.0195      15061    10.4586      44.33     2.2125     1.9309         19 0.0000e+00
    131.573   75.43352  173.69342    133.000    -0.9643    -0.9636  27.783202  27.781849    34.3326    34.3299    292.368    288.450    -0.1383     4.6619     0.1048     0.1048     0.0232     0.0194      15110    10.4926      50.70     2.2115     1.9519         17 0.0000e+00
    132.562   75.43352  173.69342    134.000    -0.9496    -0.9490  27.801292  27.799917    34.3398    34.3373    292.147    285.952    -0.1348     4.6626     0.1029     0.1029     0.0226     0.0196      15164    10.5298      44.06     2.2109     1.9400         17 0.0000e+00
    133.551   75.43352  173.69344    135.000    -0.9360    -0.9355  27.817883  27.816221    34.3463    34.3434    292.065    284.708    -0.1295     4.6626     0.1043     0.1043     0.0225     0.0198      15214    10.5643      37.54     2.2110     1.9343         17 0.0000e+00
    134.540   75.43352  173.69344    136.000    -0.9253    -0.9249  27.830788  27.829106    34.3510    34.3483    291.907    283.045    -0.1367     4.6624     0.1012     0.1012     0.0227     0.0195      15263    10.5988      18.95     2.2104     1.9263         15 0.0000e+00
    135.529   75.43352  173.69344    137.000    -0.9157    -0.9154  27.842947  27.841233    34.3560    34.3533    291.494    285.478    -0.1507     4.6618     0.1025     0.1025     0.0233     0.0189      15316    10.6352       8.09     2.2084     1.9387         15 0.0000e+00
    136.518   75.43352  173.69344    138.000    -0.9090    -0.9085  27.851137  27.849583    34.3588    34.3562    291.685    283.244    -0.1347     4.6618     0.1026     0.1026     0.0233     0.0196      15365    10.6696      36.49     2.2096     1.9277         15 0.0000e+00
    137.507   75.43352  173.69344    139.000    -0.9007    -0.9004  27.860848  27.859095    34.3620    34.3593    291.718    284.670    -0.1349     4.6629     0.1030     0.1030     0.0223     0.0196      15416    10.7048      45.85     2.2100     1.9350         18 0.0000e+00
    138.496   75.43352  173.69344    140.000    -0.8765    -0.8758  27.888928  27.887410    34.3720    34.3691    291.642    287.600    -0.1425     4.6629     0.1034     0.1034     0.0223     0.0193      15470    10.7421      43.53     2.2107     1.9506         16 0.0000e+00
    139.485   75.43352  173.69346    141.000    -0.8539    -0.8528  27.915028  27.913721    34.3811    34.3780    291.695    285.758    -0.1296     4.6626     0.1002     0.1002     0.0226     0.0198      15515    10.7737      37.61     2.2121     1.9423         18 0.0000e+00
    140.474   75.43352  173.69346    142.000    -0.8446    -0.8445  27.925794  27.923814    34.3844    34.3816    291.748    283.835    -0.1242     4.6629     0.1011     0.1011     0.0223     0.0200      15567    10.8096      35.25     2.2128     1.9329         22 0.0000e+00
    141.463   75.43352  173.69346    143.000    -0.8343    -0.8338  27.937740  27.936223    34.3882    34.3856    291.616    284.981    -0.1281     4.6630     0.1023     0.1023     0.0222     0.0199      15624    10.8491      39.46     2.2123     1.9389         18 0.0000e+00
    142.452   75.43352  173.69346    144.000    -0.8287    -0.8284  27.944621  27.943158    34.3906    34.3882    291.696    284.224    -0.1308     4.6630     0.1063     0.1063     0.0222     0.0197      15667    10.8793      56.23     2.2129     1.9353         21 0.0000e+00
    143.441   75.43352  173.69346    145.000    -0.8215    -0.8216  27.952843  27.950813    34.3930    34.3903    291.475    286.354    -0.1338     4.6630     0.1005     0.1005     0.0222     0.0196      15717    10.9136      32.57     2.2118     1.9460         21 0.0000e+00
    144.429   75.43352  173.69346    146.000    -0.8007    -0.8005  27.976042  27.974286    34.4001    34.3975    291.328    285.328    -0.1268     4.6630     0.1011     0.1011     0.0222     0.0199      15777    10.9555      38.90     2.2118     1.9417         19 0.0000e+00
    145.418   75.43352  173.69346    147.000    -0.7870    -0.7867  27.991727  27.990102    34.4051    34.4025    291.210    286.691    -0.1279     4.6632     0.1017     0.1017     0.0221     0.0199      15820    10.9855      41.30     2.2117     1.9489         21 0.0000e+00
    146.407   75.43351  173.69346    148.000    -0.7768    -0.7765  28.003255  28.001542    34.4085    34.4059    291.317    289.221    -0.1457     4.6632     0.1001     0.1001     0.0220     0.0192      15869    11.0193      38.82     2.2126     1.9618         23 0.0000e+00
    147.396   75.43350  173.69346    149.000    -0.7582    -0.7579  28.023660  28.022132    34.4144    34.4119    291.311    286.372    -0.1260     4.6631     0.1007     0.1007     0.0221     0.0200      15927    11.0595      38.51     2.2134     1.9483         22 0.0000e+00
    148.385   75.43350  173.69346    150.000    -0.7481    -0.7477  28.035241  28.033709    34.4179    34.4153    291.339    285.778    -0.1339     4.6631     0.0992     0.0992     0.0222     0.0196      15973    11.0917      37.65     2.2139     1.9456         24 0.0000e+00
    149.374   75.43350  173.69346    151.000    -0.7373    -0.7371  28.046889  28.045220    34.4208    34.4182    291.101    282.417    -0.1341     4.6633     0.1002     0.1002     0.0220     0.0196      16023    11.1267      37.33     2.2129     1.9291         24 0.0000e+00
    150.363   75.43350  173.69344    152.000    -0.7296    -0.7295  28.055855  28.054027    34.4235    34.4209    291.063    284.976    -0.1317     4.6635     0.1013     0.1013     0.0218     0.0197      16075    11.1623      38.80     2.2128     1.9420         25 0.0000e+00
    151.352   75.43350  173.69344    153.000    -0.7167    -0.7168  28.070564  28.068671    34.4281    34.4256    290.700    283.485    -0.1282     4.6634     0.1012     0.1012     0.0219     0.0199      16126    11.1976      39.33     2.2112     1.9350         22 0.0000e+00
    152.340   75.43350  173.69344    154.000    -0.7035    -0.7030  28.085066  28.083716    34.4320    34.4296    290.554    285.225    -0.1653     4.6631     0.1019     0.1019     0.0221     0.0184      16176    11.2329      39.92     2.2109     1.9441         26 0.0000e+00
    153.329   75.43350  173.69344    155.000    -0.6930    -0.6930  28.096481  28.094649    34.4350    34.4325    290.571    284.794    -0.1323     4.6629     0.1008     0.1008     0.0223     0.0197      16225    11.2668      39.15     2.2113     1.9422         25 0.0000e+00
    154.318   75.43350  173.69344    156.000    -0.6837    -0.6835  28.106998  28.105371    34.4379    34.4355    290.608    284.535    -0.1313     4.6631     0.1009     0.1009     0.0221     0.0197      16279    11.3039      37.30     2.2118     1.9412         23 0.0000e+00
    155.307   75.43350  173.69344    157.000    -0.6737    -0.6735  28.118337  28.116728    34.4412    34.4388    290.860    284.014    -0.1327     4.6637     0.0997     0.0997     0.0216     0.0197      16328    11.3385      37.39     2.2136     1.9389         23 0.0000e+00
    156.296   75.43350  173.69344    158.000    -0.6541    -0.6538  28.138781  28.137134    34.4460    34.4434    291.314    281.597    -0.1461     4.6632     0.1002     0.1002     0.0220     0.0191      16377    11.3724      36.21     2.2171     1.9275         23 0.0000e+00
    157.285   75.43350  173.69344    159.000    -0.6303    -0.6302  28.163607  28.162009    34.4517    34.4495    292.120    280.233    -0.1340     4.6630     0.1000     0.1000     0.0222     0.0196      16431    11.4095      35.87     2.2230     1.9215         21 0.0000e+00
    158.273   75.43350  173.69344    160.000    -0.6185    -0.6182  28.176982  28.175302    34.4557    34.4531    291.918    291.025    -0.1308     4.6631     0.1010     0.1010     0.0222     0.0197      16480    11.4439      42.96     2.2222     1.9759         21 0.0000e+00
    159.262   75.43350  173.69342    161.000    -0.6052    -0.6051  28.191152  28.189563    34.4592    34.4569    291.734    282.818    -0.1338     4.6622     0.1033     0.1033     0.0229     0.0196      16528    11.4772      48.08     2.2216     1.9352         21 0.0000e+00
    160.251   75.43350  173.69342    162.000    -0.5891    -0.5888  28.207885  28.206595    34.4628    34.4607    292.140    285.043    -0.1334     4.6634     0.1022     0.1022     0.0219     0.0196      16583    11.5150      46.94     2.2247     1.9469         19 0.0000e+00
    161.240   75.43350  173.69342    163.000    -0.5645    -0.5643  28.233536  28.231929    34.4687    34.4663    291.884    286.851    -0.1313     4.6618     0.1008     0.1008     0.0233     0.0197      16634    11.5510      34.47     2.2242     1.9569         17 0.0000e+00
    162.229   75.43350  173.69342    164.000    -0.5474    -0.5472  28.251298  28.249697    34.4726    34.4702    291.486    288.469    -0.1305     4.6634     0.0985     0.0985     0.0219     0.0198      16679    11.5821      28.78     2.2226     1.9656         15 0.0000e+00
    163.218   75.43350  173.69342    165.000    -0.5209    -0.5205  28.278473  28.277170    34.4784    34.4762    291.248    278.446    -0.1318     4.6636     0.0983     0.0983     0.0217     0.0197      16734    11.6204      28.91     2.2224     1.9163         19 0.0000e+00
    164.206   75.43350  173.69342    166.000    -0.4896    -0.4895  28.310068  28.308343    34.4847    34.4823    290.713    284.460    -0.1332     4.6641     0.0980     0.0980     0.0213     0.0196      16787    11.6572      25.57     2.2207     1.9477         18 0.0000e+00
    165.195   75.43350  173.69342    167.000    -0.4640    -0.4639  28.336269  28.334612    34.4903    34.4879    289.829    285.197    -0.1290     4.6637     0.0978     0.0978     0.0216     0.0198      16831    11.6877      23.89     2.2166     1.9523         16 0.0000e+00
    166.184   75.43349  173.69342    168.000    -0.4480    -0.4481  28.352816  28.351051    34.4937    34.4915    289.168    280.805    -0.1345     4.6624     0.0992     0.0992     0.0227     0.0196      16885    11.7253      21.35     2.2133     1.9308         16 0.0000e+00
    167.173   75.43348  173.69342    169.000    -0.4301    -0.4301  28.371399  28.369823    34.4977    34.4955    288.370    283.915    -0.1325     4.6634     0.0992     0.0992     0.0219     0.0197      16939    11.7625      23.83     2.2093     1.9470         15 0.0000e+00
    168.161   75.43348  173.69342    170.000    -0.4124    -0.4123  28.389505  28.387931    34.5013    34.4991    288.019    284.293    -0.1315     4.6627     0.0977     0.0977     0.0225     0.0197      16985    11.7945      23.87     2.2079     1.9495         18 0.0000e+00
    169.150   75.43348  173.69342    171.000    -0.3723    -0.3720  28.430935  28.429755    34.5107    34.5088    287.529    280.488    -0.1315     4.6629     0.0989     0.0989     0.0223     0.0197      17039    11.8321      27.02     2.2069     1.9320         18 0.0000e+00
    170.139   75.43348  173.69342    172.000    -0.3363    -0.3361  28.467176  28.465685    34.5178    34.5155    286.936    276.468    -0.1315     4.6625     0.0988     0.0988     0.0226     0.0197      17090    11.8675      23.19     2.2051     1.9131         18 0.0000e+00
    171.128   75.43348  173.69342    173.000    -0.3115    -0.3110  28.492158  28.490890    34.5224    34.5202    286.715    285.071    -0.1367     4.6629     0.0985     0.0985     0.0223     0.0195      17137    11.9000      23.65     2.2048     1.9574         18 0.0000e+00
    172.117   75.43348  173.69342    174.000    -0.2931    -0.2927  28.511143  28.509857    34.5264    34.5243    286.491    282.080    -0.1332     4.6603     0.0970     0.0970     0.0246     0.0196      17191    11.9372      24.85     2.2043     1.9429         19 0.0000e+00
    173.105   75.43348  173.69342    175.000    -0.2717    -0.2715  28.533284  28.531746    34.5312    34.5289    286.136    276.460    -0.1483     4.6623     0.0990     0.0990     0.0228     0.0191      17240    11.9713      16.98     2.2031     1.9153         21 0.0000e+00
    174.094   75.43348  173.69342    176.000    -0.2263    -0.2262  28.578468  28.577106    34.5394    34.5374    285.876    280.799    -0.1458     4.6620     0.0971     0.0971     0.0231     0.0191      17288    12.0050      23.55     2.2037     1.9390         20 0.0000e+00
    175.083   75.43348  173.69342    177.000    -0.1992    -0.1974  28.606385  28.606339    34.5454    34.5433    285.270    279.210    -0.1323     4.6618     0.0990     0.0990     0.0233     0.0197      17345    12.0448      15.35     2.2012     1.9320         22 0.0000e+00
