Continuous CTD Data/01_SBE Stage/nabos_40_01.ros
* Sea-Bird SBE 9 Data File:
* FileName = D:\CTD\data\HLY2502\raw\NABOS_40_01.hex
* Software Version Seasave V 7.26.7.110
* Temperature SN = 6954
* Conductivity SN = 2561
* Number of Bytes Per Scan = 37
* Number of Voltage Words = 4
* Number of Scans Averaged by the Deck Unit = 1
* NMEA Latitude = 79 04.14 N
* NMEA Longitude = 126 00.67 E
* NMEA UTC (Time) = Sep 26 2025  04:32:04
* NMEA baud rate = 9600
** Ship: USCG HEALY
** Bot. Depth:  3044
** Cast Number:  01
** Station Name:  NABOS
** Station Number:  40
** Operator:  STARC
** Cast to 1200 m
# nquan = 25
# nvalues = 1029                                  
# units = specified
# name 0 = depSM: Depth [salt water, m]
# name 1 = latitude: Latitude [deg]
# name 2 = longitude: Longitude [deg]
# name 3 = prDM: Pressure, Digiquartz [db]
# name 4 = t090C: Temperature [ITS-90, deg C]
# name 5 = t190C: Temperature, 2 [ITS-90, deg C]
# name 6 = c0mS/cm: Conductivity [mS/cm]
# name 7 = c1mS/cm: Conductivity, 2 [mS/cm]
# name 8 = sal00: Salinity, Practical [PSU]
# name 9 = sal11: Salinity, Practical, 2 [PSU]
# name 10 = sbox0Mm/Kg: Oxygen, SBE 43 [umol/kg]
# name 11 = sbox1Mm/Kg: Oxygen, SBE 43, 2 [umol/kg]
# name 12 = flECO-AFL: Fluorescence, WET Labs ECO-AFL/FL [mg/m^3]
# name 13 = v2: Voltage 2
# name 14 = wetCDOM: Fluorescence, WET Labs CDOM [mg/m^3]
# name 15 = v6: Voltage 6
# name 16 = CStarAt0: Beam Attenuation, WET Labs C-Star [1/m]
# name 17 = v3: Voltage 3
# name 18 = scan: Scan Count
# name 19 = timeM: Time, Elapsed [minutes]
# name 20 = altM: Altimeter [m]
# name 21 = sbeox0V: Oxygen raw, SBE 43 [V]
# name 22 = sbeox1V: Oxygen raw, SBE 43, 2 [V]
# name 23 = nbf: Bottles Fired
# name 24 = flag:  0.000e+00
# interval = seconds: 0.0416667
# start_time = Sep 26 2025 04:32:04 [NMEA time, header]
# bad_flag = -9.990e-29
*END*
[from data line 290]
    250.158   79.06540  126.00604    252.981     1.8578     1.8572  30.661905  30.659287    34.8658    34.8632    294.016    289.437    -0.1671     4.6288     0.0818     0.0818     0.0517     0.0183      75035    52.1069     100.00     2.3464     2.0608          6  0.000e+00
    250.158   79.06540  126.00604    252.981     1.8578     1.8573  30.662094  30.659346    34.8660    34.8631    294.209    289.436    -0.1671     4.6288     0.0818     0.0818     0.0517     0.0183      75036    52.1076     100.00     2.3477     2.0608          6  0.000e+00
    250.158   79.06540  126.00604    252.981     1.8577     1.8573  30.661968  30.659227    34.8660    34.8630    294.017    289.666    -0.1671     4.6288     0.0818     0.0818     0.0517     0.0183      75037    52.1083     100.00     2.3464     2.0620          6  0.000e+00
    250.101   79.06540  126.00604    252.922     1.8577     1.8573  30.661904  30.659523    34.8660    34.8634    294.014    289.663    -0.1671     4.6288     0.0818     0.0818     0.0517     0.0183      75038    52.1090     100.00     2.3464     2.0620          6  0.000e+00
    200.212   79.06516  126.00572    202.446     1.7198     1.7196  30.462661  30.460225    34.7957    34.7929    293.294    287.575    -0.1671     4.6276     0.0830     0.0830     0.0527     0.0183      78817    54.7333     100.00     2.3460     2.0543          7  0.000e+00
    200.179   79.06516  126.00572    202.413     1.7198     1.7199  30.462284  30.460106    34.7953    34.7924    293.100    287.572    -0.1671     4.6276     0.0830     0.0830     0.0527     0.0183      78818    54.7340     100.00     2.3448     2.0543          7  0.000e+00
    200.113   79.06516  126.00572    202.346     1.7198     1.7200  30.462284  30.460106    34.7953    34.7923    293.097    287.569    -0.1366     4.6276     0.0830     0.0830     0.0527     0.0195      78819    54.7347     100.00     2.3448     2.0543          7  0.000e+00
    200.270   79.06516  126.00572    202.504     1.7198     1.7199  30.462536  30.459870    34.7955    34.7920    293.296    287.805    -0.1671     4.6288     0.0830     0.0830     0.0517     0.0183      78820    54.7354     100.00     2.3460     2.0555          7  0.000e+00
    200.113   79.06516  126.00572    202.346     1.7199     1.7202  30.462661  30.460047    34.7956    34.7920    293.095    288.255    -0.1976     4.6276     0.0830     0.0830     0.0527     0.0171      78821    54.7361     100.00     2.3448     2.0579          7  0.000e+00
    200.237   79.06516  126.00572    202.471     1.7199     1.7198  30.462661  30.460343    34.7955    34.7928    293.294    288.490    -0.1366     4.6276     0.0830     0.0830     0.0527     0.0195      78822    54.7368     100.00     2.3460     2.0592          7  0.000e+00
    200.179   79.06516  126.00572    202.413     1.7201     1.7199  30.462410  30.459929    34.7951    34.7921    293.098    288.030    -0.1671     4.6276     0.0830     0.0830     0.0527     0.0183      78823    54.7375     100.00     2.3448     2.0567          7  0.000e+00
    200.212   79.06516  126.00572    202.446     1.7198     1.7200  30.462159  30.459811    34.7951    34.7918    293.102    287.802    -0.1671     4.6276     0.0830     0.0830     0.0527     0.0183      78824    54.7382     100.00     2.3448     2.0555          7  0.000e+00
    200.179   79.06516  126.00572    202.413     1.7199     1.7200  30.462284  30.460047    34.7951    34.7922    293.099    287.571    -0.1671     4.6276     0.0830     0.0830     0.0527     0.0183      78825    54.7389     100.00     2.3448     2.0543          7  0.000e+00
    200.179   79.06516  126.00572    202.413     1.7199     1.7198  30.462536  30.459693    34.7954    34.7920    293.292    287.574    -0.1671     4.6276     0.0830     0.0830     0.0527     0.0183      78826    54.7396     100.00     2.3460     2.0543          7  0.000e+00
    200.155   79.06516  126.00572    202.388     1.7199     1.7196  30.462661  30.460165    34.7956    34.7928    293.290    287.573    -0.1671     4.6276     0.0830     0.0830     0.0527     0.0183      78827    54.7403     100.00     2.3460     2.0543          7  0.000e+00
    200.179   79.06516  126.00572    202.413     1.7199     1.7198  30.462473  30.459515    34.7953    34.7918    293.098    288.032    -0.1976     4.6276     0.0830     0.0830     0.0527     0.0171      78828    54.7410     100.00     2.3448     2.0567          7  0.000e+00
    200.179   79.06516  126.00572    202.413     1.7201     1.7193  30.462347  30.459456    34.7950    34.7922    293.098    287.806    -0.1671     4.6276     0.0830     0.0830     0.0527     0.0183      78829    54.7417     100.00     2.3448     2.0555          7  0.000e+00
    200.212   79.06516  126.00572    202.446     1.7201     1.7193  30.462347  30.459752    34.7950    34.7926    293.099    287.578    -0.1671     4.6276     0.0830     0.0830     0.0527     0.0183      78830    54.7424     100.00     2.3448     2.0543          7  0.000e+00
    200.179   79.06516  126.00572    202.413     1.7199     1.7192  30.462347  30.459338    34.7952    34.7921    293.099    287.349    -0.1671     4.6288     0.0818     0.0818     0.0517     0.0183      78831    54.7431     100.00     2.3448     2.0531          7  0.000e+00
    200.179   79.06516  126.00572    202.413     1.7199     1.7195  30.462536  30.459634    34.7954    34.7923    293.292    287.347    -0.1671     4.6288     0.0818     0.0818     0.0517     0.0183      78832    54.7437     100.00     2.3460     2.0531          7  0.000e+00
    200.179   79.06516  126.00572    202.413     1.7198     1.7191  30.462410  30.459634    34.7954    34.7926    293.099    287.349    -0.1671     4.6276     0.0818     0.0818     0.0527     0.0183      78833    54.7444     100.00     2.3448     2.0531          7  0.000e+00
    200.212   79.06516  126.00572    202.446     1.7196     1.7193  30.462536  30.459515    34.7957    34.7923    293.295    287.349    -0.1671     4.6288     0.0818     0.0818     0.0517     0.0183      78834    54.7451     100.00     2.3460     2.0531          7  0.000e+00
    200.179   79.06516  126.00572    202.413     1.7196     1.7192  30.462661  30.459515    34.7959    34.7924    293.100    287.348    -0.1976     4.6276     0.0818     0.0818     0.0527     0.0171      78835    54.7458     100.00     2.3448     2.0531          7  0.000e+00
    200.179   79.06516  126.00572    202.413     1.7198     1.7193  30.462221  30.459515    34.7952    34.7923    293.293    287.577    -0.1671     4.6288     0.0818     0.0818     0.0517     0.0183      78836    54.7465     100.00     2.3460     2.0543          7  0.000e+00
    200.212   79.06516  126.00572    202.446     1.7198     1.7194  30.462284  30.459515    34.7952    34.7922    293.101    287.578    -0.1671     4.6276     0.0818     0.0818     0.0527     0.0183      78837    54.7472     100.00     2.3448     2.0543          7  0.000e+00
    200.179   79.06516  126.00572    202.413     1.7198     1.7193  30.462159  30.459929    34.7951    34.7928    293.294    287.576    -0.1671     4.6288     0.0818     0.0818     0.0517     0.0183      78838    54.7479     100.00     2.3460     2.0543          7  0.000e+00
    200.179   79.06516  126.00572    202.413     1.7198     1.7195  30.462096  30.459870    34.7950    34.7926    293.100    287.575    -0.1976     4.6288     0.0818     0.0818     0.0517     0.0171      78839    54.7486     100.00     2.3448     2.0543          7  0.000e+00
    200.155   79.06516  126.00572    202.388     1.7201     1.7192  30.462473  30.459811    34.7952    34.7927    293.096    287.575    -0.1366     4.6288     0.0818     0.0818     0.0517     0.0195      78840    54.7493     100.00     2.3448     2.0543          7  0.000e+00
    200.179   79.06516  126.00572    202.413     1.7196     1.7196  30.462410  30.459574    34.7956    34.7921    293.100    287.575    -0.1366     4.6288     0.0818     0.0818     0.0517     0.0195      78841    54.7500     100.00     2.3448     2.0543          7  0.000e+00
    200.179   79.06516  126.00572    202.413     1.7198     1.7196  30.462347  30.459988    34.7953    34.7926    293.099    287.345    -0.1366     4.6288     0.0818     0.0818     0.0517     0.0195      78842    54.7507     100.00     2.3448     2.0531          7  0.000e+00
    200.237   79.06516  126.00572    202.471     1.7199     1.7198  30.462347  30.460106    34.7951    34.7925    293.101    286.888    -0.1366     4.6288     0.0818     0.0818     0.0517     0.0195      78843    54.7514     100.00     2.3448     2.0506          7  0.000e+00
    200.154   79.06516  126.00572    202.388     1.7198     1.7199  30.462347  30.459929    34.7954    34.7922    293.098    286.427    -0.1366     4.6276     0.0818     0.0818     0.0527     0.0195      78844    54.7521     100.00     2.3448     2.0482          7  0.000e+00
    200.179   79.06516  126.00572    202.413     1.7198     1.7199  30.462347  30.459811    34.7953    34.7920    293.099    286.428    -0.1366     4.6288     0.0818     0.0818     0.0517     0.0195      78845    54.7528     100.00     2.3448     2.0482          7  0.000e+00
    200.179   79.06516  126.00572    202.413     1.7198     1.7200  30.462159  30.460047    34.7951    34.7922    293.100    286.197    -0.1366     4.6288     0.0818     0.0818     0.0517     0.0195      78846    54.7535     100.00     2.3448     2.0469          7  0.000e+00
    200.212   79.06516  126.00572    202.446     1.7195     1.7199  30.462284  30.460106    34.7956    34.7924    293.103    285.970    -0.1366     4.6288     0.0818     0.0818     0.0517     0.0195      78847    54.7542     100.00     2.3448     2.0457          7  0.000e+00
    200.179   79.06516  126.00572    202.413     1.7196     1.7196  30.462159  30.459870    34.7953    34.7924    293.294    285.742    -0.1061     4.6288     0.0818     0.0818     0.0517     0.0208      78848    54.7549     100.00     2.3460     2.0445          7  0.000e+00
    200.179   79.06516  126.00572    202.413     1.7196     1.7198  30.462284  30.459811    34.7954    34.7922    293.294    285.513    -0.1366     4.6276     0.0818     0.0818     0.0527     0.0195      78849    54.7556     100.00     2.3460     2.0433          7  0.000e+00
    200.212   79.06516  126.00572    202.446     1.7195     1.7199  30.462347  30.460225    34.7957    34.7925    293.296    285.512    -0.1366     4.6288     0.0818     0.0818     0.0517     0.0195      78850    54.7563     100.00     2.3460     2.0433          7  0.000e+00
    200.179   79.06516  126.00572    202.413     1.7195     1.7199  30.462347  30.460224    34.7957    34.7926    293.295    285.511    -0.1061     4.6288     0.0818     0.0818     0.0517     0.0208      78851    54.7569     100.00     2.3460     2.0433          7  0.000e+00
    200.179   79.06516  126.00572    202.413     1.7196     1.7196  30.462347  30.460106    34.7955    34.7927    293.294    285.513    -0.1366     4.6288     0.0818     0.0818     0.0517     0.0195      78852    54.7576     100.00     2.3460     2.0433          7  0.000e+00
    200.179   79.06516  126.00572    202.413     1.7196     1.7199  30.462347  30.460106    34.7955    34.7924    293.100    285.969    -0.1061     4.6288     0.0818     0.0818     0.0517     0.0208      78853    54.7583     100.00     2.3448     2.0457          7  0.000e+00
    200.154   79.06516  126.00572    202.388     1.7199     1.7198  30.462347  30.459870    34.7952    34.7923    293.291    286.198    -0.1366     4.6288     0.0818     0.0818     0.0517     0.0195      78854    54.7590     100.00     2.3460     2.0469          7  0.000e+00
    200.237   79.06516  126.00572    202.471     1.7199     1.7199  30.462347  30.459811    34.7951    34.7919    293.294    286.430    -0.1061     4.6288     0.0818     0.0818     0.0517     0.0208      78855    54.7597     100.00     2.3460     2.0482          7  0.000e+00
    200.113   79.06516  126.00572    202.346     1.7199     1.7200  30.462347  30.459811    34.7952    34.7919    293.096    286.882    -0.1366     4.6288     0.0818     0.0818     0.0517     0.0195      78856    54.7604     100.00     2.3448     2.0506          7  0.000e+00
    200.212   79.06516  126.00572    202.446     1.7196     1.7200  30.462347  30.459988    34.7955    34.7921    293.295    286.885    -0.1366     4.6288     0.0818     0.0818     0.0517     0.0195      78857    54.7611     100.00     2.3460     2.0506          7  0.000e+00
    200.237   79.06516  126.00572    202.471     1.7198     1.7198  30.462159  30.459929    34.7951    34.7923    293.296    287.117    -0.1366     4.6288     0.0818     0.0818     0.0517     0.0195      78858    54.7618     100.00     2.3460     2.0518          7  0.000e+00
    200.113   79.06516  126.00572    202.346     1.7196     1.7196  30.462535  30.460047    34.7958    34.7927    293.290    287.342    -0.1061     4.6288     0.0806     0.0806     0.0517     0.0208      78859    54.7625     100.00     2.3460     2.0531          7  0.000e+00
    200.212   79.06516  126.00572    202.446     1.7196     1.7196  30.462222  30.459929    34.7953    34.7925    293.295    287.117    -0.1061     4.6288     0.0818     0.0818     0.0517     0.0208      78860    54.7632     100.00     2.3460     2.0518          7  0.000e+00
    200.179   79.06516  126.00572    202.413     1.7196     1.7198  30.462096  30.459811    34.7952    34.7922    293.294    286.657    -0.1366     4.6288     0.0818     0.0818     0.0517     0.0195      78861    54.7639     100.00     2.3460     2.0494          7  0.000e+00
    200.237   79.06516  126.00572    202.471     1.7196     1.7199  30.462473  30.460047    34.7956    34.7923    293.295    286.658    -0.1671     4.6288     0.0818     0.0818     0.0517     0.0183      78862    54.7646     100.00     2.3460     2.0494          7  0.000e+00
    200.179   79.06516  126.00572    202.413     1.7193     1.7199  30.462410  30.459870    34.7959    34.7921    293.295    286.656    -0.1671     4.6288     0.0818     0.0818     0.0517     0.0183      78863    54.7653     100.00     2.3460     2.0494          7  0.000e+00
    200.154   79.06516  126.00572    202.388     1.7196     1.7196  30.462159  30.459988    34.7953    34.7926    293.293    286.886    -0.1671     4.6288     0.0818     0.0818     0.0517     0.0183      78864    54.7660     100.00     2.3460     2.0506          7  0.000e+00
    200.179   79.06516  126.00572    202.413     1.7198     1.7199  30.462284  30.459929    34.7953    34.7922    293.293    286.885    -0.1671     4.6288     0.0818     0.0818     0.0517     0.0183      78865    54.7667     100.00     2.3460     2.0506          7  0.000e+00
    175.108   79.06496  126.00526    177.051     1.6140     1.6133  30.339101  30.336212    34.7707    34.7679    293.174    287.689    -0.1671     4.6288     0.0818     0.0818     0.0517     0.0183      82559    57.3319     100.00     2.3456     2.0551          8  0.000e+00
    175.100   79.06496  126.00526    177.043     1.6142     1.6134  30.339164  30.336330    34.7706    34.7679    293.173    287.687    -0.1366     4.6288     0.0818     0.0818     0.0517     0.0195      82560    57.3326     100.00     2.3456     2.0551          8  0.000e+00
    175.100   79.06496  126.00526    177.043     1.6145     1.6135  30.339540  30.336448    34.7708    34.7680    293.170    287.687    -0.1671     4.6288     0.0818     0.0818     0.0517     0.0183      82561    57.3333     100.00     2.3456     2.0551          8  0.000e+00
    175.158   79.06496  126.00526    177.101     1.6145     1.6136  30.339729  30.336625    34.7710    34.7680    293.172    287.688    -0.1976     4.6276     0.0818     0.0818     0.0527     0.0171      82562    57.3340     100.00     2.3456     2.0551          8  0.000e+00
