Continuous CTD Data/01_SBE Stage/nabos_25_01avg.cnv
* Sea-Bird SBE 9 Data File:
* FileName = D:\CTD\data\HLY2502\raw\NABOS_25_01.hex
* Software Version Seasave V 7.26.7.110
* Temperature SN = 6954
* Conductivity SN = 2561
* Number of Bytes Per Scan = 37
* Number of Voltage Words = 4
* Number of Scans Averaged by the Deck Unit = 1
* NMEA Latitude = 80 21.66 N
* NMEA Longitude = 163 54.90 E
* NMEA UTC (Time) = Sep 20 2025  10:52:56
* NMEA baud rate = 9600
** Ship: USCG HEALY
** Bot. Depth:  2763
** Cast Number:  01
** Station Name:  NABOS
** Station Number:  25
** Operator:  STARC
# nquan = 25
# nvalues = 1215                        
# units = specified
# name 0 = depSM: Depth [salt water, m]
# name 1 = latitude: Latitude [deg]
# name 2 = longitude: Longitude [deg]
# name 3 = prDM: Pressure, Digiquartz [db]
# name 4 = t090C: Temperature [ITS-90, deg C]
# name 5 = t190C: Temperature, 2 [ITS-90, deg C]
# name 6 = c0mS/cm: Conductivity [mS/cm]
# name 7 = c1mS/cm: Conductivity, 2 [mS/cm]
# name 8 = sal00: Salinity, Practical [PSU]
# name 9 = sal11: Salinity, Practical, 2 [PSU]
# name 10 = sbox0Mm/Kg: Oxygen, SBE 43 [umol/kg]
# name 11 = sbox1Mm/Kg: Oxygen, SBE 43, 2 [umol/kg]
# name 12 = flECO-AFL: Fluorescence, WET Labs ECO-AFL/FL [mg/m^3]
# name 13 = v2: Voltage 2
# name 14 = wetCDOM: Fluorescence, WET Labs CDOM [mg/m^3]
# name 15 = v6: Voltage 6
# name 16 = CStarAt0: Beam Attenuation, WET Labs C-Star [1/m]
# name 17 = v3: Voltage 3
# name 18 = scan: Scan Count
# name 19 = timeM: Time, Elapsed [minutes]
# name 20 = altM: Altimeter [m]
# name 21 = sbeox0V: Oxygen raw, SBE 43 [V]
# name 22 = sbeox1V: Oxygen raw, SBE 43, 2 [V]
# name 23 = nbin: number of scans per bin
# name 24 = flag: flag
# span 0 =      2.968,   1200.597       
# span 1 =   80.36106,   80.36281       
# span 2 =  163.91243,  163.91479       
# span 3 =      3.000,   1217.000       
# span 4 =    -1.6942,     0.9764       
# span 5 =    -1.6940,     0.9764       
# span 6 =  24.812637,  29.848853       
# span 7 =  24.811596,  29.847038       
# span 8 =    31.1362,    34.8929       
# span 9 =    31.1342,    34.8908       
# span 10 =    290.192,    368.979      
# span 11 =    195.207,    364.133      
# span 12 =    -0.1827,     0.3696      
# span 13 =     4.5652,     4.6412      
# span 14 =     0.0806,     0.1126      
# span 15 =     0.0806,     0.1126      
# span 16 =     0.0410,     0.1071      
# span 17 =     0.0177,     0.0398      
# span 18 =       1685,      38012      
# span 19 =     1.1691,    26.3967      
# span 20 =     100.00,     100.00      
# span 21 =     2.0166,     2.6119      
# span 22 =     1.4764,     2.2739      
# span 23 =          1,         27      
# span 24 = 0.0000e+00, 0.0000e+00      
# interval = decibars: 1                
# start_time = Sep 20 2025 10:52:56 [NMEA time, header]
# bad_flag = -9.990e-29
*END*
[from data line 232]
    232.379   80.36158  163.91398    235.000     0.9763     0.9762  29.829286  29.827402    34.7928    34.7904    295.141    290.287    -0.1484     4.6356     0.0830     0.0830     0.0457     0.0190      12270     8.5198     100.00     2.3112     2.0302         13 0.0000e+00
    233.367   80.36158  163.91398    236.000     0.9764     0.9763  29.829832  29.828032    34.7928    34.7905    295.398    290.033    -0.1421     4.6360     0.0830     0.0830     0.0454     0.0193      12293     8.5360     100.00     2.3125     2.0286         11 0.0000e+00
    234.355   80.36158  163.91398    237.000     0.9764     0.9763  29.830428  29.828542    34.7930    34.7906    295.447    290.123    -0.1599     4.6352     0.0829     0.0829     0.0461     0.0186      12317     8.5529     100.00     2.3125     2.0289         14 0.0000e+00
    235.343   80.36158  163.91398    238.000     0.9764     0.9764  29.831053  29.829099    34.7932    34.7906    295.445    289.704    -0.1414     4.6353     0.0829     0.0829     0.0460     0.0193      12340     8.5689     100.00     2.3123     2.0265         12 0.0000e+00
    236.332   80.36158  163.91396    239.000     0.9757     0.9752  29.830641  29.828634    34.7929    34.7908    295.502    289.919    -0.1558     4.6360     0.0830     0.0830     0.0454     0.0187      12364     8.5855     100.00     2.3124     2.0274         11 0.0000e+00
    237.320   80.36160  163.91396    240.000     0.9672     0.9669  29.823774  29.821674    34.7928    34.7905    295.644    290.298    -0.1424     4.6357     0.0829     0.0829     0.0456     0.0193      12388     8.6023     100.00     2.3126     2.0288         14 0.0000e+00
    238.308   80.36160  163.91396    241.000     0.9618     0.9618  29.819459  29.817710    34.7927    34.7905    295.703    289.389    -0.1309     4.6352     0.0816     0.0816     0.0462     0.0197      12412     8.6188     100.00     2.3124     2.0237         12 0.0000e+00
    239.296   80.36160  163.91396    242.000     0.9572     0.9572  29.815704  29.814112    34.7924    34.7904    295.706    289.502    -0.1311     4.6359     0.0846     0.0846     0.0455     0.0197      12435     8.6349     100.00     2.3119     2.0239         11 0.0000e+00
    240.285   80.36160  163.91396    243.000     0.9528     0.9525  29.812184  29.810328    34.7923    34.7902    295.578    290.101    -0.1652     4.6359     0.0825     0.0825     0.0455     0.0184      12459     8.6516     100.00     2.3107     2.0266         10 0.0000e+00
    241.273   80.36160  163.91396    244.000     0.9478     0.9478  29.808313  29.806677    34.7923    34.7901    295.451    290.500    -0.1628     4.6357     0.0809     0.0809     0.0456     0.0185      12483     8.6682     100.00     2.3094     2.0283         13 0.0000e+00
    242.261   80.36160  163.91396    245.000     0.9431     0.9431  29.804769  29.802898    34.7923    34.7899    295.175    289.886    -0.1624     4.6350     0.0833     0.0833     0.0463     0.0185      12507     8.6848     100.00     2.3072     2.0247         13 0.0000e+00
    243.249   80.36160  163.91396    246.000     0.9387     0.9383  29.801303  29.799048    34.7921    34.7897    295.119    289.739    -0.1642     4.6353     0.0847     0.0847     0.0460     0.0184      12531     8.7011     100.00     2.3064     2.0235         11 0.0000e+00
    244.238   80.36160  163.91396    247.000     0.9344     0.9342  29.797893  29.795951    34.7919    34.7896    295.226    289.645    -0.1385     4.6352     0.0837     0.0837     0.0461     0.0194      12554     8.7175     100.00     2.3066     2.0226         11 0.0000e+00
    245.226   80.36160  163.91396    248.000     0.9324     0.9323  29.796534  29.794541    34.7918    34.7895    295.143    289.713    -0.1576     4.6360     0.0830     0.0830     0.0454     0.0187      12578     8.7341     100.00     2.3058     2.0227         10 0.0000e+00
    246.214   80.36160  163.91395    249.000     0.9284     0.9281  29.793348  29.791426    34.7916    34.7895    295.190    289.985    -0.1418     4.6354     0.0841     0.0841     0.0459     0.0193      12602     8.7506     100.00     2.3056     2.0237         12 0.0000e+00
    247.202   80.36160  163.91394    250.000     0.9236     0.9235  29.789595  29.787661    34.7915    34.7892    295.164    290.112    -0.1664     4.6359     0.0818     0.0818     0.0455     0.0183      12626     8.7674     100.00     2.3050     2.0240         13 0.0000e+00
    248.190   80.36160  163.91394    251.000     0.9175     0.9173  29.784558  29.782449    34.7913    34.7888    295.030    289.958    -0.1566     4.6361     0.0817     0.0817     0.0453     0.0187      12649     8.7835     100.00     2.3036     2.0227         11 0.0000e+00
    249.179   80.36160  163.91394    252.000     0.9143     0.9142  29.782148  29.780317    34.7912    34.7889    294.814    290.129    -0.1280     4.6359     0.0826     0.0826     0.0455     0.0199      12673     8.8003     100.00     2.3018     2.0233         13 0.0000e+00
    250.167   80.36160  163.91394    253.000     0.9114     0.9113  29.779961  29.778019    34.7910    34.7886    294.665    288.542    -0.1517     4.6361     0.0829     0.0829     0.0453     0.0189      12697     8.8164     100.00     2.3005     2.0147         11 0.0000e+00
    251.155   80.36160  163.91394    254.000     0.9094     0.9094  29.778679  29.776842    34.7909    34.7885    294.678    288.643    -0.1433     4.6360     0.0834     0.0834     0.0454     0.0192      12721     8.8334     100.00     2.3003     2.0150         14 0.0000e+00
    252.144   80.36160  163.91394    255.000     0.9087     0.9085  29.778400  29.776431    34.7908    34.7885    294.576    290.260    -0.1547     4.6357     0.0839     0.0839     0.0457     0.0188      12744     8.8496     100.00     2.2994     2.0231         12 0.0000e+00
    253.132   80.36160  163.91394    256.000     0.9071     0.9069  29.777393  29.775449    34.7907    34.7884    294.388    290.283    -0.1484     4.6351     0.0829     0.0829     0.0462     0.0190      12768     8.8662     100.00     2.2979     2.0230         13 0.0000e+00
    254.120   80.36161  163.91394    257.000     0.9056     0.9056  29.776635  29.774895    34.7908    34.7886    294.243    288.916    -0.1324     4.6362     0.0830     0.0830     0.0452     0.0197      12792     8.8827     100.00     2.2967     2.0156         14 0.0000e+00
    255.108   80.36162  163.91394    258.000     0.9082     0.9083  29.781181  29.779591    34.7931    34.7910    294.040    289.227    -0.1532     4.6361     0.0818     0.0818     0.0453     0.0188      12816     8.8994     100.00     2.2954     2.0172         15 0.0000e+00
    256.096   80.36162  163.91394    259.000     0.9222     0.9225  29.796564  29.794836    34.7968    34.7942    293.644    289.125    -0.1744     4.6363     0.0826     0.0826     0.0451     0.0180      12839     8.9154     100.00     2.2935     2.0171         11 0.0000e+00
    257.084   80.36162  163.91393    260.000     0.9387     0.9392  29.813430  29.811996    34.7995    34.7971    293.301    288.403    -0.1592     4.6365     0.0836     0.0836     0.0450     0.0186      12863     8.9321     100.00     2.2921     2.0139         10 0.0000e+00
    258.072   80.36162  163.91392    261.000     0.9451     0.9451  29.820596  29.818830    34.8011    34.7988    293.160    287.637    -0.1308     4.6361     0.0834     0.0834     0.0453     0.0198      12887     8.9485     100.00     2.2913     2.0100         13 0.0000e+00
    259.061   80.36162  163.91392    262.000     0.9487     0.9488  29.825053  29.823173    34.8023    34.7997    293.260    288.925    -0.1611     4.6361     0.0820     0.0820     0.0453     0.0185      12911     8.9651     100.00     2.2919     2.0167         13 0.0000e+00
    260.049   80.36162  163.91392    263.000     0.9525     0.9526  29.829589  29.827846    34.8032    34.8009    293.662    289.054    -0.1214     4.6365     0.0824     0.0824     0.0450     0.0202      12935     8.9817     100.00     2.2943     2.0173         14 0.0000e+00
    261.037   80.36162  163.91392    264.000     0.9559     0.9558  29.833570  29.831641    34.8040    34.8016    294.012    289.134    -0.1319     4.6360     0.0806     0.0806     0.0454     0.0197      12958     8.9980     100.00     2.2964     2.0177         14 0.0000e+00
    262.025   80.36162  163.91392    265.000     0.9547     0.9546  29.833177  29.831303    34.8043    34.8019    294.146    288.499    -0.1308     4.6359     0.0831     0.0831     0.0454     0.0198      12982     9.0148     100.00     2.2969     2.0142         16 0.0000e+00
    263.013   80.36162  163.91392    266.000     0.9549     0.9548  29.833968  29.832115    34.8044    34.8021    294.125    288.437    -0.1648     4.6360     0.0839     0.0839     0.0454     0.0184      13006     9.0313     100.00     2.2966     2.0136         16 0.0000e+00
    264.001   80.36162  163.91392    267.000     0.9547     0.9546  29.834367  29.832509    34.8046    34.8023    293.922    288.826    -0.1596     4.6365     0.0842     0.0842     0.0450     0.0186      13030     9.0476     100.00     2.2951     2.0155         12 0.0000e+00
    264.990   80.36162  163.91392    268.000     0.9552     0.9552  29.835606  29.833697    34.8050    34.8026    293.572    288.406    -0.1306     4.6364     0.0834     0.0834     0.0451     0.0198      13053     9.0642     100.00     2.2927     2.0131         13 0.0000e+00
    265.977   80.36162  163.91391    269.000     0.9563     0.9563  29.837342  29.835495    34.8054    34.8031    293.249    288.081    -0.1430     4.6361     0.0828     0.0828     0.0453     0.0193      13077     9.0807     100.00     2.2906     2.0113         15 0.0000e+00
    266.966   80.36162  163.91390    270.000     0.9573     0.9571  29.838660  29.836903    34.8055    34.8034    292.862    287.723    -0.1476     4.6366     0.0832     0.0832     0.0449     0.0191      13101     9.0972     100.00     2.2880     2.0093         14 0.0000e+00
    267.954   80.36162  163.91390    271.000     0.9557     0.9555  29.838004  29.836082    34.8059    34.8035    292.478    287.280    -0.1350     4.6371     0.0841     0.0841     0.0446     0.0196      13125     9.1138     100.00     2.2853     2.0067         16 0.0000e+00
    268.942   80.36162  163.91390    272.000     0.9537     0.9535  29.837074  29.835143    34.8063    34.8040    291.905    286.464    -0.1344     4.6356     0.0842     0.0842     0.0458     0.0196      13149     9.1303     100.00     2.2815     2.0022         14 0.0000e+00
    269.930   80.36162  163.91390    273.000     0.9563     0.9564  29.840976  29.839306    34.8077    34.8056    291.091    286.582    -0.1327     4.6344     0.0842     0.0842     0.0468     0.0197      13172     9.1466     100.00     2.2764     2.0028         16 0.0000e+00
    270.918   80.36163  163.91390    274.000     0.9608     0.9608  29.846046  29.844311    34.8087    34.8064    290.697    287.072    -0.1342     4.6360     0.0841     0.0841     0.0454     0.0196      13196     9.1631     100.00     2.2740     2.0053         13 0.0000e+00
    271.906   80.36164  163.91390    275.000     0.9609     0.9608  29.846928  29.845029    34.8091    34.8068    290.614    285.704    -0.1297     4.6372     0.0841     0.0841     0.0445     0.0198      13220     9.1796     100.00     2.2733     1.9980         13 0.0000e+00
    272.894   80.36164  163.91390    276.000     0.9613     0.9612  29.847994  29.846112    34.8095    34.8072    290.782    286.672    -0.1620     4.6369     0.0833     0.0833     0.0446     0.0185      13243     9.1960     100.00     2.2741     2.0029         12 0.0000e+00
    273.882   80.36164  163.91390    277.000     0.9606     0.9605  29.847934  29.846067    34.8096    34.8073    291.329    286.097    -0.1407     4.6373     0.0817     0.0817     0.0444     0.0193      13267     9.2127     100.00     2.2772     1.9997         14 0.0000e+00
    274.870   80.36164  163.91390    278.000     0.9610     0.9608  29.848714  29.846812    34.8096    34.8073    291.903    286.398    -0.1308     4.6366     0.0818     0.0818     0.0449     0.0197      13291     9.2292     100.00     2.2805     2.0010         11 0.0000e+00
    275.859   80.36164  163.91390    279.000     0.9605     0.9603  29.848853  29.847038    34.8097    34.8076    292.293    286.683    -0.1371     4.6372     0.0830     0.0830     0.0445     0.0195      13315     9.2456     100.00     2.2826     2.0023         10 0.0000e+00
    276.847   80.36164  163.91389    280.000     0.9592     0.9592  29.848203  29.846368    34.8098    34.8074    292.399    286.358    -0.1304     4.6364     0.0840     0.0840     0.0450     0.0198      13339     9.2623     100.00     2.2829     2.0004         15 0.0000e+00
    277.835   80.36164  163.91388    281.000     0.9575     0.9574  29.847150  29.845212    34.8097    34.8074    292.502    286.742    -0.1345     4.6374     0.0842     0.0842     0.0443     0.0196      13362     9.2788     100.00     2.2832     2.0021         14 0.0000e+00
    278.823   80.36164  163.91388    282.000     0.9552     0.9550  29.845550  29.843654    34.8096    34.8074    292.455    287.644    -0.1662     4.6371     0.0851     0.0851     0.0445     0.0183      13386     9.2953     100.00     2.2826     2.0065         16 0.0000e+00
    279.811   80.36164  163.91388    283.000     0.9527     0.9526  29.843967  29.842015    34.8097    34.8074    292.483    287.952    -0.1354     4.6374     0.0837     0.0837     0.0443     0.0196      13410     9.3116     100.00     2.2824     2.0078         10 0.0000e+00
    280.799   80.36164  163.91388    284.000     0.9505     0.9504  29.842428  29.840515    34.8097    34.8073    292.502    287.701    -0.1366     4.6372     0.0829     0.0829     0.0445     0.0195      13434     9.3283     100.00     2.2822     2.0062         12 0.0000e+00
    281.787   80.36164  163.91388    285.000     0.9491     0.9490  29.841543  29.839709    34.8095    34.8073    292.418    286.714    -0.1320     4.6372     0.0826     0.0826     0.0445     0.0197      13457     9.3447     100.00     2.2814     2.0008         13 0.0000e+00
    282.775   80.36164  163.91388    286.000     0.9487     0.9486  29.841817  29.839926    34.8097    34.8074    292.302    286.623    -0.1283     4.6363     0.0818     0.0818     0.0451     0.0199      13481     9.3611     100.00     2.2804     2.0001         11 0.0000e+00
    283.763   80.36164  163.91388    287.000     0.9462     0.9461  29.840140  29.838219    34.8097    34.8074    292.333    286.919    -0.1443     4.6371     0.0818     0.0818     0.0446     0.0192      13505     9.3776     100.00     2.2803     2.0014         10 0.0000e+00
    284.751   80.36164  163.91388    288.000     0.9440     0.9438  29.838545  29.836735    34.8096    34.8075    292.528    292.564    -0.1607     4.6372     0.0830     0.0830     0.0445     0.0186      13529     9.3943     100.00     2.2811     2.0303         11 0.0000e+00
    285.739   80.36164  163.91388    289.000     0.9418     0.9418  29.837160  29.835276    34.8096    34.8073    292.599    286.295    -0.1549     4.6371     0.0820     0.0820     0.0445     0.0188      13553     9.4109     100.00     2.2812     1.9976         15 0.0000e+00
    286.727   80.36165  163.91388    290.000     0.9408     0.9406  29.836490  29.834717    34.8093    34.8072    292.650    287.193    -0.1520     4.6364     0.0827     0.0827     0.0451     0.0189      13576     9.4274     100.00     2.2812     2.0020         12 0.0000e+00
    287.715   80.36166  163.91387    291.000     0.9411     0.9411  29.837849  29.835960    34.8101    34.8077    292.627    286.149    -0.1488     4.6365     0.0834     0.0834     0.0450     0.0190      13599     9.4434     100.00     2.2809     1.9964         10 0.0000e+00
