Continuous CTD Data/01_SBE Stage/nabos_06_01avg.cnv
* Sea-Bird SBE 9 Data File:
* FileName = D:\CTD\data\HLY2502\raw\NABOS_06_01.hex
* Software Version Seasave V 7.26.7.110
* Temperature SN = 6954
* Conductivity SN = 2561
* Number of Bytes Per Scan = 37
* Number of Voltage Words = 4
* Number of Scans Averaged by the Deck Unit = 1
* NMEA Latitude = 75 26.04 N
* NMEA Longitude = 173 41.44 E
* NMEA UTC (Time) = Sep 12 2025  12:20:28
* NMEA baud rate = 9600
** Ship: USCG HEALY
** Bot. Depth:  204
** Cast Number:  01
** Station Name:  NABOS
** Station Number:  06
** Operator:  STARC
# nquan = 25
# nvalues = 198                         
# units = specified
# name 0 = depSM: Depth [salt water, m]
# name 1 = latitude: Latitude [deg]
# name 2 = longitude: Longitude [deg]
# name 3 = prDM: Pressure, Digiquartz [db]
# name 4 = t090C: Temperature [ITS-90, deg C]
# name 5 = t190C: Temperature, 2 [ITS-90, deg C]
# name 6 = c0mS/cm: Conductivity [mS/cm]
# name 7 = c1mS/cm: Conductivity, 2 [mS/cm]
# name 8 = sal00: Salinity, Practical [PSU]
# name 9 = sal11: Salinity, Practical, 2 [PSU]
# name 10 = sbox0Mm/Kg: Oxygen, SBE 43 [umol/kg]
# name 11 = sbox1Mm/Kg: Oxygen, SBE 43, 2 [umol/kg]
# name 12 = flECO-AFL: Fluorescence, WET Labs ECO-AFL/FL [mg/m^3]
# name 13 = v2: Voltage 2
# name 14 = wetCDOM: Fluorescence, WET Labs CDOM [mg/m^3]
# name 15 = v6: Voltage 6
# name 16 = CStarAt0: Beam Attenuation, WET Labs C-Star [1/m]
# name 17 = v3: Voltage 3
# name 18 = scan: Scan Count
# name 19 = timeM: Time, Elapsed [minutes]
# name 20 = altM: Altimeter [m]
# name 21 = sbeox0V: Oxygen raw, SBE 43 [V]
# name 22 = sbeox1V: Oxygen raw, SBE 43, 2 [V]
# name 23 = nbin: number of scans per bin
# name 24 = flag: flag
# span 0 =      4.948,    199.800       
# span 1 =   75.43333,   75.43365       
# span 2 =  173.69214,  173.69346       
# span 3 =      5.000,    202.000       
# span 4 =    -1.6601,     0.2546       
# span 5 =    -1.6598,     0.2548       
# span 6 =  22.398348,  29.071775       
# span 7 =  22.395293,  29.069963       
# span 8 =    27.4919,    34.6347       
# span 9 =    27.4895,    34.6324       
# span 10 =    267.156,    380.645      
# span 11 =    252.273,    372.453      
# span 12 =    -0.1653,     0.4584      
# span 13 =     4.3997,     4.6641      
# span 14 =     0.0921,     0.1213      
# span 15 =     0.0921,     0.1213      
# span 16 =     0.0213,     0.2549      
# span 17 =     0.0184,     0.0433      
# span 18 =       7676,      20708      
# span 19 =     5.3299,    14.3799      
# span 20 =       1.53,     100.00      
# span 21 =     2.0872,     2.6509      
# span 22 =     1.7442,     2.3027      
# span 23 =          9,         27      
# span 24 = 0.0000e+00, 0.0000e+00      
# interval = decibars: 1                
# start_time = Sep 12 2025 12:20:28 [NMEA time, header]
# bad_flag = -9.990e-29
*END*
      4.948   75.43365  173.69214      5.000    -1.3193    -1.3166  22.411978  22.415027    27.5070    27.5086    374.750    361.422     0.1608     4.5606     0.1006     0.1006     0.1113     0.0314       7676     5.3299     100.00     2.5937     2.2312          9 0.0000e+00
      5.937   75.43363  173.69225      6.000    -1.3215    -1.3203  22.404925  22.405512    27.4991    27.4988    374.981    365.066     0.1642     4.5756     0.1021     0.1021     0.0981     0.0315       8103     5.6266     100.00     2.5944     2.2480         21 0.0000e+00
      6.927   75.43360  173.69239      7.000    -1.3238    -1.3257  22.398348  22.395293    27.4919    27.4895    375.316    365.409     0.1537     4.6055     0.1013     0.1013     0.0719     0.0311       8661     6.0136     100.00     2.5957     2.2489         22 0.0000e+00
      7.917   75.43360  173.69241      8.000    -1.3150    -1.3147  22.406661  22.405757    27.4943    27.4929    375.193    366.679     0.1726     4.6067     0.1013     0.1013     0.0709     0.0319       8746     6.0727     100.00     2.5954     2.2554         22 0.0000e+00
      8.906   75.43360  173.69244      9.000    -1.3124    -1.3121  22.410310  22.409163    27.4963    27.4946    374.863    366.191     0.2058     4.6060     0.1009     0.1009     0.0714     0.0333       8825     6.1277     100.00     2.5934     2.2530         22 0.0000e+00
      9.896   75.43360  173.69244     10.000    -1.3128    -1.3124  22.410705  22.409578    27.4968    27.4949    374.718    366.500     0.1642     4.6051     0.1014     0.1014     0.0723     0.0315       8875     6.1625     100.00     2.5923     2.2542         24 0.0000e+00
     10.885   75.43360  173.69245     11.000    -1.3130    -1.3127  22.411059  22.409951    27.4969    27.4952    374.706    365.801     0.1662     4.6047     0.1008     0.1008     0.0725     0.0316       8911     6.1877     100.00     2.5919     2.2506         23 0.0000e+00
     11.875   75.43360  173.69247     12.000    -1.3134    -1.3131  22.411424  22.410226    27.4972    27.4954    374.710    363.900     0.1917     4.6052     0.1010     0.1010     0.0722     0.0327       8970     6.2283     100.00     2.5917     2.2414         26 0.0000e+00
     12.864   75.43358  173.69248     13.000    -1.3138    -1.3138  22.411769  22.410551    27.4975    27.4959    374.951    364.648     0.1911     4.6043     0.1015     0.1015     0.0729     0.0327       9029     6.2695     100.00     2.5927     2.2447         19 0.0000e+00
     13.854   75.43358  173.69249     14.000    -1.3150    -1.3147  22.412107  22.410900    27.4986    27.4966    374.938    364.877     0.1660     4.6030     0.1015     0.1015     0.0741     0.0316       9070     6.2977     100.00     2.5923     2.2455         18 0.0000e+00
     14.843   75.43358  173.69250     15.000    -1.3156    -1.3154  22.413055  22.412129    27.4999    27.4984    374.907    365.096     0.1785     4.6057     0.1017     0.1017     0.0717     0.0321       9120     6.3326     100.00     2.5918     2.2463         25 0.0000e+00
     15.833   75.43358  173.69252     16.000    -1.3164    -1.3161  22.416516  22.415988    27.5047    27.5037    374.765    365.529     0.1774     4.6051     0.1013     0.1013     0.0722     0.0321       9180     6.3742     100.00     2.5908     2.2481         21 0.0000e+00
     16.822   75.43358  173.69253     17.000    -1.3093    -1.3081  22.450754  22.453713    27.5436    27.5464    374.390    364.555     0.1728     4.6060     0.1012     0.1012     0.0714     0.0319       9225     6.4053     100.00     2.5895     2.2443         24 0.0000e+00
     17.812   75.43358  173.69254     18.000    -1.2996    -1.2989  22.502187  22.502422    27.6031    27.6028    374.369    363.890     0.1950     4.6068     0.1014     0.1014     0.0707     0.0328       9272     6.4385     100.00     2.5907     2.2422         23 0.0000e+00
     18.801   75.43358  173.69255     19.000    -1.2866    -1.2905  22.673535  22.610771    27.8205    27.7398    373.901    366.841     0.1962     4.6073     0.1025     0.1025     0.0703     0.0329       9327     6.4765     100.00     2.5923     2.2583         21 0.0000e+00
     19.791   75.43358  173.69256     20.000    -1.2622    -1.2626  23.324184  23.334066    28.6716    28.6853    371.793    364.116     0.3030     4.6062     0.1029     0.1029     0.0713     0.0371       9383     6.5149     100.00     2.5958     2.2595         22 0.0000e+00
     20.780   75.43358  173.69258     21.000    -1.2822    -1.2747  23.453358  23.419932    28.8644    28.8121    372.957    363.349     0.3267     4.6067     0.1056     0.1056     0.0709     0.0381       9428     6.5462     100.00     2.6040     2.2567         20 0.0000e+00
     21.770   75.43358  173.69258     22.000    -1.2588    -1.2161  23.484801  23.515078    28.8835    28.8829    374.965    363.931     0.3254     4.6060     0.1049     0.1049     0.0714     0.0381       9476     6.5798     100.00     2.6169     2.2634         23 0.0000e+00
     22.759   75.43358  173.69260     23.000    -1.1754    -1.1722  23.595589  23.592279    28.9514    28.9438    375.899    366.183     0.3376     4.6060     0.1058     0.1058     0.0714     0.0385       9534     6.6205     100.00     2.6285     2.2771         25 0.0000e+00
     23.749   75.43358  173.69260     24.000    -1.1955    -1.1962  23.615572  23.612030    28.9972    28.9931    378.024    364.197     0.3040     4.6093     0.1056     0.1056     0.0686     0.0372       9583     6.6545     100.00     2.6397     2.2667         20 0.0000e+00
     24.738   75.43357  173.69262     25.000    -1.2391    -1.2391  23.645693  23.644319    29.0796    29.0777    379.856    370.285     0.3585     4.6129     0.1063     0.1063     0.0654     0.0394       9630     6.6869     100.00     2.6484     2.2946         20 0.0000e+00
     25.728   75.43356  173.69262     26.000    -1.2905    -1.2908  23.680714  23.680418    29.1763    29.1762    380.645    371.153     0.4343     4.6135     0.1056     0.1056     0.0650     0.0424       9680     6.7218     100.00     2.6509     2.2971         21 0.0000e+00
     26.717   75.43356  173.69264     27.000    -1.3196    -1.3192  23.720344  23.718777    29.2578    29.2553    380.360    372.453     0.4186     4.6147     0.1032     0.1032     0.0640     0.0417       9738     6.7620     100.00     2.6484     2.3027         20 0.0000e+00
     27.707   75.43356  173.69264     28.000    -1.3245    -1.3249  23.730969  23.731235    29.2763    29.2771    379.438    370.046     0.4044     4.6156     0.1036     0.1036     0.0631     0.0412       9790     6.7978     100.00     2.6429     2.2909         20 0.0000e+00
     28.696   75.43356  173.69266     29.000    -1.3388    -1.3390  23.753935  23.753380    29.3209    29.3204    378.616    370.229     0.3728     4.6164     0.1037     0.1037     0.0624     0.0399       9831     6.8261     100.00     2.6378     2.2914         19 0.0000e+00
     29.686   75.43356  173.69266     30.000    -1.3739    -1.3738  23.847729  23.847043    29.4820    29.4809    377.634    369.143     0.4584     4.6190     0.1063     0.1063     0.0602     0.0433       9887     6.8653     100.00     2.6323     2.2863         19 0.0000e+00
     30.675   75.43356  173.69268     31.000    -1.3949    -1.3945  23.978258  23.975650    29.6792    29.6753    376.245    368.396     0.4471     4.6200     0.1074     0.1074     0.0593     0.0429       9944     6.9046     100.00     2.6261     2.2841         16 0.0000e+00
     31.664   75.43356  173.69268     32.000    -1.4309    -1.4306  24.220688  24.219182    30.0441    30.0418    374.337    364.837     0.4098     4.6179     0.1087     0.1087     0.0611     0.0414       9984     6.9327     100.00     2.6188     2.2699         15 0.0000e+00
     32.654   75.43356  173.69269     33.000    -1.4753    -1.4753  24.862386  24.863602    30.9642    30.9658    368.902    361.373     0.3015     4.6174     0.1147     0.1147     0.0615     0.0371      10038     6.9700     100.00     2.6001     2.2633         17 0.0000e+00
     33.643   75.43356  173.69271     34.000    -1.5020    -1.5019  25.176479  25.178653    31.4214    31.4243    360.911    356.134     0.3050     4.6054     0.1213     0.1213     0.0720     0.0372      10096     7.0101     100.00     2.5599     2.2426         15 0.0000e+00
     34.633   75.43356  173.69272     35.000    -1.5364    -1.5361  25.410883  25.410455    31.7788    31.7779    352.731    347.517     0.2518     4.5961     0.1209     0.1209     0.0801     0.0351      10139     7.0400     100.00     2.5164     2.2037         15 0.0000e+00
     35.622   75.43356  173.69272     36.000    -1.5660    -1.5661  25.538125  25.537694    31.9849    31.9844    346.489    275.608     0.2096     4.6230     0.1182     0.1182     0.0567     0.0334      10190     7.0760     100.00     2.4817     1.8558         17 0.0000e+00
     36.612   75.43356  173.69274     37.000    -1.5804    -1.5802  25.604639  25.603345    32.0914    32.0893    343.966    271.617     0.1837     4.6273     0.1165     0.1165     0.0530     0.0323      10245     7.1141     100.00     2.4678     1.8368         19 0.0000e+00
     37.601   75.43356  173.69274     38.000    -1.5911    -1.5907  25.694299  25.693299    32.2258    32.2240    343.688    316.230     0.1448     4.6289     0.1166     0.1166     0.0516     0.0308      10291     7.1460     100.00     2.4674     2.0542         13 0.0000e+00
     38.590   75.43356  173.69276     39.000    -1.5930    -1.5927  25.749701  25.748747    32.3037    32.3021    343.123    252.273     0.1117     4.6330     0.1188     0.1188     0.0480     0.0295      10344     7.1826     100.00     2.4650     1.7442         19 0.0000e+00
     39.580   75.43354  173.69276     40.000    -1.6122    -1.6123  25.818288  25.817439    32.4187    32.4176    340.639    309.650     0.0695     4.6367     0.1168     0.1168     0.0449     0.0278      10395     7.2184     100.00     2.4511     2.0232         17 0.0000e+00
     40.569   75.43354  173.69277     41.000    -1.6160    -1.6156  25.852845  25.851376    32.4698    32.4675    338.335    325.851     0.0283     4.6389     0.1160     0.1160     0.0430     0.0261      10445     7.2530     100.00     2.4381     2.1021         17 0.0000e+00
     41.559   75.43354  173.69278     42.000    -1.6081    -1.6078  25.934888  25.933225    32.5739    32.5713    337.534    330.717     0.0564     4.6404     0.1168     0.1168     0.0417     0.0273      10498     7.2899     100.00     2.4353     2.1273         19 0.0000e+00
     42.548   75.43354  173.69280     43.000    -1.6061    -1.6058  26.004139  26.002435    32.6667    32.6640    336.529    328.529     0.0467     4.6430     0.1171     0.1171     0.0395     0.0269      10550     7.3254     100.00     2.4308     2.1177         20 0.0000e+00
     43.537   75.43354  173.69280     44.000    -1.6143    -1.6141  26.078545  26.076853    32.7779    32.7754    333.251    326.447     0.0228     4.6455     0.1159     0.1159     0.0372     0.0259      10599     7.3594     100.00     2.4129     2.1083         21 0.0000e+00
     44.527   75.43354  173.69281     45.000    -1.6198    -1.6196  26.140595  26.138824    32.8692    32.8665    330.321    325.095     0.0100     4.6474     0.1146     0.1146     0.0356     0.0254      10650     7.3954     100.00     2.3968     2.1024         24 0.0000e+00
     45.516   75.43354  173.69282     46.000    -1.6262    -1.6259  26.173411  26.171659    32.9211    32.9183    328.276    321.089    -0.0030     4.6477     0.1136     0.1136     0.0354     0.0249      10702     7.4312     100.00     2.3852     2.0830         21 0.0000e+00
     46.506   75.43354  173.69283     47.000    -1.6346    -1.6343  26.210716  26.208895    32.9814    32.9785    326.780    321.507    -0.0218     4.6492     0.1119     0.1119     0.0342     0.0241      10750     7.4644     100.00     2.3767     2.0852         20 0.0000e+00
     47.495   75.43354  173.69284     48.000    -1.6453    -1.6449  26.242457  26.240507    33.0366    33.0334    325.266    318.091    -0.0423     4.6504     0.1112     0.1112     0.0330     0.0233      10806     7.5031     100.00     2.3680     2.0685         25 0.0000e+00
     48.484   75.43354  173.69285     49.000    -1.6523    -1.6520  26.272680  26.270958    33.0856    33.0828    323.802    318.562    -0.0395     4.6510     0.1100     0.1100     0.0326     0.0234      10854     7.5370     100.00     2.3596     2.0709         22 0.0000e+00
     49.474   75.43354  173.69286     50.000    -1.6586    -1.6583  26.299603  26.297807    33.1293    33.1265    322.817    317.003    -0.0462     4.6537     0.1101     0.1101     0.0302     0.0232      10901     7.5691     100.00     2.3540     2.0633         23 0.0000e+00
     50.463   75.43354  173.69287     51.000    -1.6601    -1.6598  26.321325  26.319491    33.1604    33.1576    321.579    312.940    -0.0519     4.6549     0.1083     0.1083     0.0292     0.0229      10958     7.6092     100.00     2.3469     2.0436         22 0.0000e+00
     51.452   75.43354  173.69288     52.000    -1.6585    -1.6582  26.342485  26.340843    33.1874    33.1847    320.723    311.606    -0.0466     4.6556     0.1091     0.1091     0.0286     0.0231      11007     7.6429     100.00     2.3422     2.0373         22 0.0000e+00
     52.442   75.43354  173.69289     53.000    -1.6541    -1.6540  26.367997  26.366150    33.2172    33.2145    319.835    314.165    -0.0494     4.6559     0.1081     0.1081     0.0283     0.0230      11052     7.6744     100.00     2.3375     2.0502         20 0.0000e+00
     53.431   75.43354  173.69290     54.000    -1.6443    -1.6442  26.403029  26.400943    33.2541    33.2511    318.428    313.903    -0.0495     4.6571     0.1075     0.1075     0.0273     0.0230      11108     7.7133     100.00     2.3303     2.0496         27 0.0000e+00
     54.420   75.43354  173.69291     55.000    -1.6345    -1.6342  26.434178  26.432539    33.2857    33.2831    316.433    308.211    -0.0487     4.6571     0.1069     0.1069     0.0273     0.0231      11160     7.7495     100.00     2.3195     2.0225         25 0.0000e+00
     55.410   75.43354  173.69292     56.000    -1.6242    -1.6240  26.465042  26.463276    33.3163    33.3136    314.485    308.315    -0.0736     4.6574     0.1074     0.1074     0.0271     0.0221      11207     7.7822     100.00     2.3090     2.0236         27 0.0000e+00
     56.399   75.43354  173.69293     57.000    -1.6127    -1.6126  26.495849  26.493889    33.3454    33.3426    312.340    305.730    -0.0831     4.6577     0.1072     0.1072     0.0268     0.0217      11259     7.8178     100.00     2.2975     2.0116         25 0.0000e+00
     57.388   75.43354  173.69294     58.000    -1.6025    -1.6024  26.522203  26.520415    33.3699    33.3672    309.665    302.831    -0.0542     4.6581     0.1070     0.1070     0.0264     0.0228      11313     7.8557     100.00     2.2827     1.9980         22 0.0000e+00
     58.378   75.43353  173.69295     59.000    -1.5896    -1.5894  26.556460  26.554677    33.4022    33.3994    307.287    301.416    -0.0613     4.6583     0.1071     0.1071     0.0263     0.0226      11359     7.8877     100.00     2.2698     1.9919         22 0.0000e+00
     59.367   75.43352  173.69296     60.000    -1.5765    -1.5764  26.587712  26.585932    33.4301    33.4275    304.882    300.056    -0.0482     4.6587     0.1065     0.1065     0.0259     0.0231      11409     7.9220     100.00     2.2568     1.9860         27 0.0000e+00
     60.356   75.43352  173.69297     61.000    -1.5663    -1.5661  26.613551  26.611657    33.4537    33.4509    301.592    299.367    -0.0627     4.6595     0.1075     0.1075     0.0252     0.0225      11468     7.9632     100.00     2.2384     1.9831         22 0.0000e+00
