Continuous CTD Data/01_SBE Stage/nabos_25_01.ros
* Sea-Bird SBE 9 Data File:
* FileName = D:\CTD\data\HLY2502\raw\NABOS_25_01.hex
* Software Version Seasave V 7.26.7.110
* Temperature SN = 6954
* Conductivity SN = 2561
* Number of Bytes Per Scan = 37
* Number of Voltage Words = 4
* Number of Scans Averaged by the Deck Unit = 1
* NMEA Latitude = 80 21.66 N
* NMEA Longitude = 163 54.90 E
* NMEA UTC (Time) = Sep 20 2025  10:52:56
* NMEA baud rate = 9600
** Ship: USCG HEALY
** Bot. Depth:  2763
** Cast Number:  01
** Station Name:  NABOS
** Station Number:  25
** Operator:  STARC
# nquan = 25
# nvalues = 1127                                  
# units = specified
# name 0 = depSM: Depth [salt water, m]
# name 1 = latitude: Latitude [deg]
# name 2 = longitude: Longitude [deg]
# name 3 = prDM: Pressure, Digiquartz [db]
# name 4 = t090C: Temperature [ITS-90, deg C]
# name 5 = t190C: Temperature, 2 [ITS-90, deg C]
# name 6 = c0mS/cm: Conductivity [mS/cm]
# name 7 = c1mS/cm: Conductivity, 2 [mS/cm]
# name 8 = sal00: Salinity, Practical [PSU]
# name 9 = sal11: Salinity, Practical, 2 [PSU]
# name 10 = sbox0Mm/Kg: Oxygen, SBE 43 [umol/kg]
# name 11 = sbox1Mm/Kg: Oxygen, SBE 43, 2 [umol/kg]
# name 12 = flECO-AFL: Fluorescence, WET Labs ECO-AFL/FL [mg/m^3]
# name 13 = v2: Voltage 2
# name 14 = wetCDOM: Fluorescence, WET Labs CDOM [mg/m^3]
# name 15 = v6: Voltage 6
# name 16 = CStarAt0: Beam Attenuation, WET Labs C-Star [1/m]
# name 17 = v3: Voltage 3
# name 18 = scan: Scan Count
# name 19 = timeM: Time, Elapsed [minutes]
# name 20 = altM: Altimeter [m]
# name 21 = sbeox0V: Oxygen raw, SBE 43 [V]
# name 22 = sbeox1V: Oxygen raw, SBE 43, 2 [V]
# name 23 = nbf: Bottles Fired
# name 24 = flag:  0.000e+00
# interval = seconds: 0.0416667
# start_time = Sep 20 2025 10:52:56 [NMEA time, header]
# bad_flag = -9.990e-29
*END*
[from data line 464]
    130.493   80.36520  163.91092    131.933    -0.4240    -0.4239  28.332957  28.331927    34.4620    34.4604    303.347    297.080    -0.1366     4.6325     0.0891     0.0891     0.0485     0.0195      87348    60.6576     100.00     2.3071     2.0204         10  0.000e+00
    130.436   80.36520  163.91092    131.874    -0.4240    -0.4237  28.333018  28.331524    34.4621    34.4597    303.345    296.836    -0.1366     4.6325     0.0891     0.0891     0.0485     0.0195      87349    60.6583     100.00     2.3071     2.0192         10  0.000e+00
    130.493   80.36520  163.91092    131.933    -0.4240    -0.4237  28.332896  28.331754    34.4619    34.4600    303.347    296.596    -0.1366     4.6325     0.0879     0.0879     0.0485     0.0195      87350    60.6590     100.00     2.3071     2.0180         10  0.000e+00
    130.493   80.36520  163.91092    131.933    -0.4238    -0.4239  28.333018  28.331754    34.4619    34.4602    303.550    296.597    -0.1366     4.6325     0.0879     0.0879     0.0485     0.0195      87351    60.6597     100.00     2.3083     2.0180         10  0.000e+00
    130.493   80.36520  163.91092    131.933    -0.4238    -0.4238  28.332896  28.331467    34.4617    34.4597    303.346    296.597    -0.1061     4.6325     0.0879     0.0879     0.0485     0.0208      87352    60.6604     100.00     2.3071     2.0180         10  0.000e+00
    130.436   80.36520  163.91092    131.874    -0.4238    -0.4239  28.333018  28.331582    34.4619    34.4600    303.548    296.837    -0.1366     4.6325     0.0879     0.0879     0.0485     0.0195      87353    60.6611     100.00     2.3083     2.0192         10  0.000e+00
    130.469   80.36520  163.91092    131.908    -0.4240    -0.4238  28.333141  28.331697    34.4622    34.4601    303.345    296.837    -0.1366     4.6325     0.0879     0.0879     0.0485     0.0195      87354    60.6618     100.00     2.3071     2.0192         10  0.000e+00
    130.493   80.36520  163.91092    131.933    -0.4240    -0.4239  28.333080  28.331697    34.4622    34.4601    303.551    297.081    -0.1366     4.6325     0.0879     0.0879     0.0485     0.0195      87355    60.6625     100.00     2.3083     2.0204         10  0.000e+00
    130.493   80.36520  163.91092    131.933    -0.4238    -0.4240  28.333141  28.331697    34.4620    34.4602    303.550    297.081    -0.1061     4.6325     0.0891     0.0891     0.0485     0.0208      87356    60.6632     100.00     2.3083     2.0204         10  0.000e+00
    130.493   80.36520  163.91092    131.933    -0.4238    -0.4239  28.333080  28.331697    34.4620    34.4601    303.346    297.322    -0.1366     4.6325     0.0879     0.0879     0.0485     0.0195      87357    60.6639     100.00     2.3071     2.0217         10  0.000e+00
    130.493   80.36520  163.91092    131.933    -0.4240    -0.4240  28.332896  28.331697    34.4619    34.4602    303.552    297.323    -0.1061     4.6325     0.0891     0.0891     0.0485     0.0208      87358    60.6646     100.00     2.3083     2.0217         10  0.000e+00
    130.436   80.36520  163.91092    131.874    -0.4238    -0.4238  28.333018  28.331697    34.4619    34.4601    303.548    297.320    -0.1366     4.6325     0.0879     0.0879     0.0485     0.0195      87359    60.6653     100.00     2.3083     2.0217         10  0.000e+00
    130.493   80.36520  163.91092    131.933    -0.4240    -0.4237  28.332896  28.331467    34.4619    34.4597    303.551    297.322    -0.1366     4.6325     0.0891     0.0891     0.0485     0.0195      87360    60.6660     100.00     2.3083     2.0217         10  0.000e+00
    130.436   80.36520  163.91092    131.875    -0.4240    -0.4240  28.333018  28.331582    34.4621    34.4601    303.549    297.079    -0.1366     4.6325     0.0891     0.0891     0.0485     0.0195      87361    60.6667     100.00     2.3083     2.0204         10  0.000e+00
    130.493   80.36520  163.91092    131.933    -0.4240    -0.4239  28.332896  28.331697    34.4619    34.4601    303.551    297.080    -0.1366     4.6325     0.0879     0.0879     0.0485     0.0195      87362    60.6674     100.00     2.3083     2.0204         10  0.000e+00
    130.493   80.36520  163.91092    131.933    -0.4242    -0.4240  28.333018  28.331294    34.4623    34.4597    303.552    296.841    -0.1061     4.6325     0.0879     0.0879     0.0485     0.0208      87363    60.6681     100.00     2.3083     2.0192         10  0.000e+00
    130.493   80.36520  163.91092    131.933    -0.4240    -0.4240  28.333141  28.331352    34.4622    34.4598    303.346    296.599    -0.1061     4.6325     0.0879     0.0879     0.0485     0.0208      87364    60.6688     100.00     2.3071     2.0180         10  0.000e+00
    130.493   80.36520  163.91092    131.933    -0.4242    -0.4240  28.333080  28.331409    34.4623    34.4599    303.348    296.598    -0.1366     4.6325     0.0891     0.0891     0.0485     0.0195      87365    60.6694     100.00     2.3071     2.0180         10  0.000e+00
    130.411   80.36520  163.91092    131.850    -0.4240    -0.4240  28.332896  28.331409    34.4620    34.4599    303.344    296.595    -0.1366     4.6313     0.0891     0.0891     0.0496     0.0195      87366    60.6701     100.00     2.3071     2.0180         10  0.000e+00
    130.551   80.36520  163.91092    131.991    -0.4242    -0.4240  28.333019  28.331409    34.4622    34.4599    303.554    296.601    -0.1366     4.6325     0.0879     0.0879     0.0485     0.0195      87367    60.6708     100.00     2.3083     2.0180         10  0.000e+00
    130.493   80.36520  163.91092    131.933    -0.4242    -0.4241  28.332529  28.331179    34.4616    34.4598    303.554    296.842    -0.1366     4.6337     0.0879     0.0879     0.0474     0.0195      87368    60.6715     100.00     2.3083     2.0192         10  0.000e+00
    130.436   80.36520  163.91092    131.875    -0.4245    -0.4240  28.332712  28.331121    34.4622    34.4596    303.552    296.839    -0.1366     4.6325     0.0879     0.0879     0.0485     0.0195      87369    60.6722     100.00     2.3083     2.0192         10  0.000e+00
    130.494   80.36520  163.91092    131.933    -0.4242    -0.4241  28.332468  28.331352    34.4615    34.4600    303.349    296.841    -0.1366     4.6337     0.0891     0.0891     0.0474     0.0195      87370    60.6729     100.00     2.3071     2.0192         10  0.000e+00
    130.494   80.36520  163.91092    131.933    -0.4243    -0.4241  28.332468  28.331812    34.4617    34.4606    303.350    296.840    -0.1366     4.6337     0.0879     0.0879     0.0474     0.0195      87371    60.6736     100.00     2.3071     2.0192         10  0.000e+00
    130.494   80.36520  163.91092    131.933    -0.4243    -0.4241  28.332774  28.331524    34.4621    34.4602    303.349    296.841    -0.1366     4.6325     0.0879     0.0879     0.0485     0.0195      87372    60.6743     100.00     2.3071     2.0192         10  0.000e+00
    130.436   80.36520  163.91092    131.875    -0.4245    -0.4243  28.332835  28.331236    34.4624    34.4600    303.347    297.082    -0.1366     4.6337     0.0879     0.0879     0.0474     0.0195      87373    60.6750     100.00     2.3071     2.0204         10  0.000e+00
    114.955   80.36532  163.91090    116.218    -0.8403    -0.8399  27.905922  27.905433    34.3685    34.3675    305.009    297.635    -0.1366     4.6325     0.0891     0.0891     0.0485     0.0195      89741    62.3194     100.00     2.2971     2.0068         11  0.000e+00
    114.988   80.36532  163.91090    116.252    -0.8400    -0.8397  27.906226  27.905662    34.3686    34.3676    305.215    297.879    -0.1366     4.6337     0.0904     0.0904     0.0474     0.0195      89742    62.3201     100.00     2.2983     2.0080         11  0.000e+00
    114.889   80.36532  163.91090    116.152    -0.8403    -0.8398  27.906469  27.905661    34.3693    34.3677    305.211    297.875    -0.1366     4.6337     0.0891     0.0891     0.0474     0.0195      89743    62.3208     100.00     2.2983     2.0080         11  0.000e+00
    114.988   80.36532  163.91090    116.252    -0.8403    -0.8399  27.906530  27.905833    34.3693    34.3680    305.215    297.635    -0.1366     4.6337     0.0891     0.0891     0.0474     0.0195      89744    62.3215     100.00     2.2983     2.0068         11  0.000e+00
    114.930   80.36532  163.91090    116.193    -0.8401    -0.8396  27.906530  27.905776    34.3692    34.3676    305.212    297.387    -0.1366     4.6337     0.0904     0.0904     0.0474     0.0195      89745    62.3222     100.00     2.2983     2.0056         11  0.000e+00
    114.955   80.36532  163.91090    116.218    -0.8403    -0.8395  27.906530  27.905490    34.3693    34.3670    305.007    297.632    -0.1061     4.6337     0.0891     0.0891     0.0474     0.0208      89746    62.3229     100.00     2.2971     2.0068         11  0.000e+00
    114.930   80.36532  163.91090    116.193    -0.8400    -0.8396  27.907138  27.906005    34.3699    34.3679    305.209    297.630    -0.1366     4.6337     0.0891     0.0891     0.0474     0.0195      89747    62.3236     100.00     2.2983     2.0068         11  0.000e+00
    114.955   80.36532  163.91090    116.218    -0.8396    -0.8395  27.906895  27.906005    34.3691    34.3678    305.209    297.630    -0.1061     4.6337     0.0891     0.0891     0.0474     0.0208      89748    62.3243     100.00     2.2983     2.0068         11  0.000e+00
    114.930   80.36532  163.91090    116.193    -0.8397    -0.8396  27.906956  27.906005    34.3693    34.3679    305.208    297.630    -0.1366     4.6337     0.0891     0.0891     0.0474     0.0195      89749    62.3250     100.00     2.2983     2.0068         11  0.000e+00
    114.988   80.36532  163.91090    116.252    -0.8393    -0.8395  27.907078  27.905948    34.3690    34.3677    305.207    297.632    -0.1061     4.6337     0.0891     0.0891     0.0474     0.0208      89750    62.3257     100.00     2.2983     2.0068         11  0.000e+00
    114.955   80.36532  163.91090    116.218    -0.8395    -0.8395  27.907260  27.905948    34.3695    34.3677    305.207    297.386    -0.1366     4.6325     0.0904     0.0904     0.0485     0.0195      89751    62.3264     100.00     2.2983     2.0056         11  0.000e+00
    114.930   80.36532  163.91090    116.193    -0.8391    -0.8393  27.907503  27.906005    34.3694    34.3676    304.996    297.384    -0.1366     4.6337     0.0904     0.0904     0.0474     0.0195      89752    62.3271     100.00     2.2971     2.0056         11  0.000e+00
    114.930   80.36532  163.91090    116.193    -0.8386    -0.8392  27.907807  27.905948    34.3692    34.3674    304.991    297.628    -0.1061     4.6337     0.0904     0.0904     0.0474     0.0208      89753    62.3278     100.00     2.2971     2.0068         11  0.000e+00
    114.955   80.36532  163.91090    116.218    -0.8385    -0.8393  27.907868  27.906291    34.3692    34.3680    305.198    297.873    -0.1366     4.6337     0.0891     0.0891     0.0474     0.0195      89754    62.3285     100.00     2.2983     2.0080         11  0.000e+00
    114.930   80.36532  163.91090    116.193    -0.8389    -0.8390  27.907868  27.906291    34.3696    34.3676    304.993    298.114    -0.1366     4.6325     0.0904     0.0904     0.0485     0.0195      89755    62.3292     100.00     2.2971     2.0092         11  0.000e+00
    114.955   80.36532  163.91090    116.218    -0.8390    -0.8393  27.907442  27.905890    34.3692    34.3674    304.996    298.118    -0.1366     4.6325     0.0891     0.0891     0.0485     0.0195      89756    62.3299     100.00     2.2971     2.0092         11  0.000e+00
    114.930   80.36532  163.91090    116.193    -0.8396    -0.8392  27.907321  27.906119    34.3697    34.3676    305.206    298.116    -0.1366     4.6325     0.0904     0.0904     0.0485     0.0195      89757    62.3306     100.00     2.2983     2.0092         11  0.000e+00
    114.988   80.36532  163.91090    116.252    -0.8395    -0.8392  27.907138  27.906005    34.3693    34.3674    305.208    298.119    -0.1366     4.6337     0.0904     0.0904     0.0474     0.0195      89758    62.3312     100.00     2.2983     2.0092         11  0.000e+00
    114.955   80.36532  163.91090    116.218    -0.8399    -0.8395  27.906652  27.906005    34.3691    34.3677    305.211    298.363    -0.1061     4.6337     0.0891     0.0891     0.0474     0.0208      89759    62.3319     100.00     2.2983     2.0104         11  0.000e+00
    114.930   80.36532  163.91090    116.193    -0.8401    -0.8393  27.906530  27.906176    34.3692    34.3678    305.212    298.361    -0.1366     4.6325     0.0891     0.0891     0.0485     0.0195      89760    62.3326     100.00     2.2983     2.0104         11  0.000e+00
    114.889   80.36532  163.91090    116.152    -0.8401    -0.8393  27.906530  27.906005    34.3692    34.3676    305.210    298.360    -0.1366     4.6325     0.0904     0.0904     0.0485     0.0195      89761    62.3333     100.00     2.2983     2.0104         11  0.000e+00
    114.988   80.36532  163.91090    116.252    -0.8403    -0.8392  27.906105  27.905776    34.3688    34.3671    305.010    298.364    -0.1366     4.6337     0.0904     0.0904     0.0474     0.0195      89762    62.3340     100.00     2.2971     2.0104         11  0.000e+00
    114.930   80.36532  163.91090    116.193    -0.8403    -0.8392  27.905983  27.905890    34.3686    34.3672    305.214    298.116    -0.1061     4.6337     0.0891     0.0891     0.0474     0.0208      89763    62.3347     100.00     2.2983     2.0092         11  0.000e+00
    114.955   80.36532  163.91090    116.218    -0.8404    -0.8393  27.906226  27.905948    34.3691    34.3675    305.216    298.118    -0.1366     4.6337     0.0891     0.0891     0.0474     0.0195      89764    62.3354     100.00     2.2983     2.0092         11  0.000e+00
    114.930   80.36532  163.91090    116.193    -0.8401    -0.8393  27.906287  27.905719    34.3688    34.3672    305.212    297.629    -0.1366     4.6337     0.0891     0.0891     0.0474     0.0195      89765    62.3361     100.00     2.2983     2.0068         11  0.000e+00
    114.955   80.36532  163.91090    116.218    -0.8404    -0.8395  27.906469  27.905719    34.3695    34.3673    305.008    297.631    -0.1366     4.6337     0.0891     0.0891     0.0474     0.0195      89766    62.3368     100.00     2.2971     2.0068         11  0.000e+00
    114.988   80.36532  163.91090    116.252    -0.8403    -0.8398  27.906713  27.905891    34.3696    34.3679    305.215    297.389    -0.1366     4.6337     0.0891     0.0891     0.0474     0.0195      89767    62.3375     100.00     2.2983     2.0056         11  0.000e+00
    114.930   80.36532  163.91090    116.194    -0.8404    -0.8398  27.906591  27.905547    34.3696    34.3675    305.007    297.144    -0.1366     4.6325     0.0904     0.0904     0.0485     0.0195      89768    62.3382     100.00     2.2971     2.0043         11  0.000e+00
    114.955   80.36532  163.91090    116.218    -0.8403    -0.8397  27.906713  27.905490    34.3697    34.3674    305.213    296.656    -0.1061     4.6337     0.0891     0.0891     0.0474     0.0208      89769    62.3389     100.00     2.2983     2.0019         11  0.000e+00
    114.930   80.36532  163.91090    116.194    -0.8405    -0.8399  27.906591  27.905204    34.3698    34.3672    305.214    296.657    -0.1366     4.6337     0.0891     0.0891     0.0474     0.0195      89770    62.3396     100.00     2.2983     2.0019         11  0.000e+00
    114.930   80.36532  163.91090    116.194    -0.8403    -0.8399  27.906530  27.905147    34.3694    34.3671    305.006    296.657    -0.1366     4.6325     0.0891     0.0891     0.0485     0.0195      89771    62.3403     100.00     2.2971     2.0019         11  0.000e+00
