Continuous CTD Data/01_SBE Stage/nabos_15_02avg.cnv
* Sea-Bird SBE 9 Data File:
* FileName = D:\CTD\data\HLY2502\raw\NABOS_15_02.hex
* Software Version Seasave V 7.26.7.110
* Temperature SN = 6954
* Conductivity SN = 2561
* Number of Bytes Per Scan = 37
* Number of Voltage Words = 4
* Number of Scans Averaged by the Deck Unit = 1
* NMEA Latitude = 78 29.96 N
* NMEA Longitude = 170 07.40 W
* NMEA UTC (Time) = Sep 09 2025  17:34:44
* NMEA baud rate = 9600
** Ship: USCG HEALY
** Bot. Depth:  2700
** Cast Number:
** Station Name:  15
** Station Number:
** Operator:  STARC
# nquan = 25
# nvalues = 256                         
# units = specified
# name 0 = depSM: Depth [salt water, m]
# name 1 = latitude: Latitude [deg]
# name 2 = longitude: Longitude [deg]
# name 3 = prDM: Pressure, Digiquartz [db]
# name 4 = t090C: Temperature [ITS-90, deg C]
# name 5 = t190C: Temperature, 2 [ITS-90, deg C]
# name 6 = c0mS/cm: Conductivity [mS/cm]
# name 7 = c1mS/cm: Conductivity, 2 [mS/cm]
# name 8 = sal00: Salinity, Practical [PSU]
# name 9 = sal11: Salinity, Practical, 2 [PSU]
# name 10 = sbox0Mm/Kg: Oxygen, SBE 43 [umol/kg]
# name 11 = sbox1Mm/Kg: Oxygen, SBE 43, 2 [umol/kg]
# name 12 = flECO-AFL: Fluorescence, WET Labs ECO-AFL/FL [mg/m^3]
# name 13 = v2: Voltage 2
# name 14 = wetCDOM: Fluorescence, WET Labs CDOM [mg/m^3]
# name 15 = v6: Voltage 6
# name 16 = CStarAt0: Beam Attenuation, WET Labs C-Star [1/m]
# name 17 = v3: Voltage 3
# name 18 = scan: Scan Count
# name 19 = timeM: Time, Elapsed [minutes]
# name 20 = altM: Altimeter [m]
# name 21 = sbeox0V: Oxygen raw, SBE 43 [V]
# name 22 = sbeox1V: Oxygen raw, SBE 43, 2 [V]
# name 23 = nbin: number of scans per bin
# name 24 = flag: flag
# span 0 =      2.969,    255.123       
# span 1 =   78.49949,   78.49978       
# span 2 = -170.12009, -170.10647       
# span 3 =      3.000,    258.000       
# span 4 =    -1.6482,     0.6531       
# span 5 =    -1.6472,     0.6530       
# span 6 =  23.286190,  29.523829       
# span 7 =  23.280987,  29.522444       
# span 8 =    28.8923,    34.7452       
# span 9 =    28.8855,    34.7432       
# span 10 =    243.998,    379.019      
# span 11 =    237.990,    366.984      
# span 12 =    -0.1766,     0.3521      
# span 13 =     4.5856,     4.6664      
# span 14 =     0.0804,     0.1134      
# span 15 =     0.0804,     0.1134      
# span 16 =     0.0193,     0.0894      
# span 17 =     0.0179,     0.0391      
# span 18 =       3524,      17776      
# span 19 =     2.4464,    12.3437      
# span 20 =      87.04,     100.10      
# span 21 =     1.9044,     2.6527      
# span 22 =     1.6824,     2.2862      
# span 23 =          4,         30      
# span 24 = 0.0000e+00, 0.0000e+00      
# interval = decibars: 1                
# start_time = Sep 09 2025 17:34:44 [NMEA time, header]
# bad_flag = -9.990e-29
*END*
[from data line 232]
    232.393   78.49974 -170.11000    235.000     0.5385     0.5418  29.392456  29.393254    34.7159    34.7133    291.540    283.739    -0.1338     4.6649     0.0819     0.0819     0.0206     0.0196      12967     9.0045     100.00     2.2654     1.9769         11 0.0000e+00
    233.381   78.49974 -170.10998    236.000     0.5612     0.5611  29.414379  29.412610    34.7184    34.7163    291.201    283.139    -0.1562     4.6649     0.0807     0.0807     0.0206     0.0187      12995     9.0234     100.00     2.2643     1.9745         14 0.0000e+00
    234.370   78.49974 -170.10995    237.000     0.5464     0.5549  29.399617  29.406619    34.7152    34.7148    291.053    283.361    -0.1689     4.6651     0.0820     0.0820     0.0204     0.0182      13035     9.0516     100.00     2.2624     1.9752         17 0.0000e+00
    235.358   78.49974 -170.10986    238.000     0.6042     0.6153  29.462921  29.472764    34.7323    34.7326    290.518    282.551    -0.1464     4.6658     0.0817     0.0817     0.0198     0.0191      13146     9.1286     100.00     2.2621     1.9736         16 0.0000e+00
    236.346   78.49974 -170.10978    239.000     0.6147     0.6169  29.475683  29.476018    34.7366    34.7345    290.030    282.196    -0.1519     4.6664     0.0826     0.0826     0.0193     0.0189      13239     9.1930     100.00     2.2595     1.9716         16 0.0000e+00
    237.335   78.49974 -170.10971    240.000     0.6162     0.6173  29.478096  29.477164    34.7374    34.7350    289.767    281.936    -0.1450     4.6664     0.0822     0.0822     0.0193     0.0192      13319     9.2489     100.00     2.2578     1.9701         18 0.0000e+00
    238.323   78.49974 -170.10965    241.000     0.6167     0.6177  29.479196  29.478146    34.7377    34.7353    289.893    282.039    -0.1417     4.6657     0.0822     0.0822     0.0199     0.0193      13394     9.3006     100.00     2.2583     1.9705         18 0.0000e+00
    239.311   78.49974 -170.10959    242.000     0.6170     0.6174  29.480024  29.478642    34.7379    34.7356    289.821    282.158    -0.1450     4.6658     0.0815     0.0815     0.0198     0.0192      13468     9.3521     100.00     2.2576     1.9709         18 0.0000e+00
    240.300   78.49974 -170.10953    243.000     0.6173     0.6176  29.480953  29.479322    34.7381    34.7357    289.816    281.822    -0.1401     4.6662     0.0823     0.0823     0.0195     0.0194      13542     9.4036      99.84     2.2574     1.9690         17 0.0000e+00
    241.288   78.49974 -170.10946    244.000     0.6174     0.6175  29.481663  29.479739    34.7383    34.7357    289.703    282.211    -0.1433     4.6657     0.0826     0.0826     0.0199     0.0193      13617     9.4555     100.00     2.2565     1.9708         19 0.0000e+00
    242.276   78.49974 -170.10940    245.000     0.6176     0.6176  29.482260  29.480455    34.7384    34.7360    289.613    282.149    -0.1626     4.6660     0.0820     0.0820     0.0196     0.0185      13688     9.5048     100.00     2.2557     1.9703         21 0.0000e+00
    243.265   78.49974 -170.10934    246.000     0.6177     0.6175  29.482859  29.480855    34.7384    34.7360    289.488    282.019    -0.1434     4.6662     0.0822     0.0822     0.0195     0.0192      13760     9.5551     100.00     2.2548     1.9694         18 0.0000e+00
    244.253   78.49975 -170.10926    247.000     0.6177     0.6177  29.483381  29.481460    34.7385    34.7359    289.643    281.891    -0.1442     4.6649     0.0816     0.0816     0.0206     0.0192      13833     9.6055     100.00     2.2555     1.9686         20 0.0000e+00
    245.241   78.49976 -170.10920    248.000     0.6174     0.6176  29.483706  29.481894    34.7386    34.7361    289.742    281.982    -0.1582     4.6657     0.0814     0.0814     0.0199     0.0187      13907     9.6568     100.00     2.2558     1.9688         20 0.0000e+00
    246.229   78.49976 -170.10914    249.000     0.6175     0.6175  29.484228  29.482439    34.7387    34.7362    289.706    282.113    -0.1421     4.6656     0.0819     0.0819     0.0200     0.0193      13980     9.7078     100.00     2.2554     1.9693         17 0.0000e+00
    247.218   78.49976 -170.10908    250.000     0.6174     0.6175  29.484577  29.482850    34.7386    34.7362    289.727    282.052    -0.1445     4.6657     0.0833     0.0833     0.0199     0.0192      14053     9.7583     100.00     2.2553     1.9688         19 0.0000e+00
    248.206   78.49976 -170.10902    251.000     0.6175     0.6175  29.485136  29.483421    34.7386    34.7364    289.843    282.007    -0.1456     4.6656     0.0812     0.0812     0.0200     0.0191      14124     9.8075     100.00     2.2557     1.9684         17 0.0000e+00
    249.194   78.49976 -170.10896    252.000     0.6345     0.6304  29.501779  29.495922    34.7407    34.7376    289.699    281.633    -0.1637     4.6656     0.0804     0.0804     0.0199     0.0184      14196     9.8575     100.00     2.2556     1.9668         16 0.0000e+00
    250.183   78.49976 -170.10890    253.000     0.6502     0.6494  29.518531  29.515274    34.7443    34.7409    289.969    281.917    -0.1545     4.6660     0.0823     0.0823     0.0196     0.0188      14270     9.9089     100.00     2.2578     1.9689         17 0.0000e+00
    251.171   78.49976 -170.10862    254.000     0.6505     0.6498  29.519833  29.517286    34.7450    34.7425    291.211    283.222    -0.1438     4.6659     0.0819     0.0819     0.0198     0.0192      14610    10.1453     100.00     2.2652     1.9755         17 0.0000e+00
    252.159   78.49978 -170.10815    255.000     0.6512     0.6514  29.520979  29.519309    34.7451    34.7427    291.273    283.537    -0.1584     4.6663     0.0816     0.0816     0.0194     0.0186      15166    10.5314     100.00     2.2653     1.9770         17 0.0000e+00
    253.147   78.49978 -170.10766    256.000     0.6513     0.6516  29.521552  29.519988    34.7452    34.7428    291.418    283.838    -0.1569     4.6661     0.0818     0.0818     0.0195     0.0187      15809    10.9779     100.00     2.2660     1.9784         18 0.0000e+00
    254.135   78.49978 -170.10710    257.000     0.6517     0.6518  29.522432  29.520658    34.7452    34.7429    291.348    283.643    -0.1512     4.6661     0.0818     0.0818     0.0195     0.0189      16691    11.5903     100.00     2.2654     1.9772         21 0.0000e+00
    255.123   78.49978 -170.10647    258.000     0.6531     0.6530  29.523829  29.522444    34.7450    34.7432    291.614    283.614    -0.1257     4.6660     0.0829     0.0829     0.0197     0.0200      17776    12.3437     100.00     2.2668     1.9769          4 0.0000e+00
