Continuous CTD Data/01_SBE Stage/nabos_19_01avg.cnv
* Sea-Bird SBE 9 Data File:
* FileName = D:\CTD\data\HLY2502\raw\NABOS_19_01.hex
* Software Version Seasave V 7.26.7.110
* Temperature SN = 6954
* Conductivity SN = 2561
* Number of Bytes Per Scan = 37
* Number of Voltage Words = 4
* Number of Scans Averaged by the Deck Unit = 1
* NMEA Latitude = 78 13.65 N
* NMEA Longitude = 176 14.99 E
* NMEA UTC (Time) = Sep 17 2025  23:54:54
* NMEA baud rate = 9600
** Ship: USCG HEALY
** Bot. Depth:  1815
** Cast Number:  01
** Station Name:  NABOS
** Station Number:  19
** Operator:  STARC
# nquan = 25
# nvalues = 1215                        
# units = specified
# name 0 = depSM: Depth [salt water, m]
# name 1 = latitude: Latitude [deg]
# name 2 = longitude: Longitude [deg]
# name 3 = prDM: Pressure, Digiquartz [db]
# name 4 = t090C: Temperature [ITS-90, deg C]
# name 5 = t190C: Temperature, 2 [ITS-90, deg C]
# name 6 = c0mS/cm: Conductivity [mS/cm]
# name 7 = c1mS/cm: Conductivity, 2 [mS/cm]
# name 8 = sal00: Salinity, Practical [PSU]
# name 9 = sal11: Salinity, Practical, 2 [PSU]
# name 10 = sbox0Mm/Kg: Oxygen, SBE 43 [umol/kg]
# name 11 = sbox1Mm/Kg: Oxygen, SBE 43, 2 [umol/kg]
# name 12 = flECO-AFL: Fluorescence, WET Labs ECO-AFL/FL [mg/m^3]
# name 13 = v2: Voltage 2
# name 14 = wetCDOM: Fluorescence, WET Labs CDOM [mg/m^3]
# name 15 = v6: Voltage 6
# name 16 = CStarAt0: Beam Attenuation, WET Labs C-Star [1/m]
# name 17 = v3: Voltage 3
# name 18 = scan: Scan Count
# name 19 = timeM: Time, Elapsed [minutes]
# name 20 = altM: Altimeter [m]
# name 21 = sbeox0V: Oxygen raw, SBE 43 [V]
# name 22 = sbeox1V: Oxygen raw, SBE 43, 2 [V]
# name 23 = nbin: number of scans per bin
# name 24 = flag: flag
# span 0 =      3.958,   1201.667       
# span 1 =   78.22801,   78.23495       
# span 2 =  176.24638,  176.24943       
# span 3 =      4.000,   1218.000       
# span 4 =    -1.7473,     0.9364       
# span 5 =    -1.7467,     0.9363       
# span 6 =  24.567395,  29.800984       
# span 7 =  24.566288,  29.799237       
# span 8 =    30.7459,    34.8718       
# span 9 =    30.7436,    34.8698       
# span 10 =    291.389,    371.925      
# span 11 =    287.070,    369.306      
# span 12 =    -0.1841,     0.4432      
# span 13 =     4.5879,     4.6720      
# span 14 =     0.0800,     0.1132      
# span 15 =     0.0800,     0.1132      
# span 16 =     0.0146,     0.0872      
# span 17 =     0.0176,     0.0427      
# span 18 =       3522,      53057      
# span 19 =     2.4454,    36.8441      
# span 20 =     100.00,     100.00      
# span 21 =     2.0164,     2.6102      
# span 22 =     1.7866,     2.2942      
# span 23 =          2,         26      
# span 24 = 0.0000e+00, 0.0000e+00      
# interval = decibars: 1                
# start_time = Sep 17 2025 23:54:54 [NMEA time, header]
# bad_flag = -9.990e-29
*END*
[from data line 174]
    176.051   78.22904  176.24880    178.000     0.2055     0.2052  29.003354  29.001087    34.6140    34.6114    301.017    296.211    -0.1527     4.6529     0.0848     0.0848     0.0310     0.0189      10892     7.5629     100.00     2.3178     2.0364         13 0.0000e+00
    177.040   78.22904  176.24880    179.000     0.2072     0.2077  29.006004  29.004775    34.6151    34.6128    301.139    296.191    -0.1402     4.6651     0.0846     0.0846     0.0204     0.0194      10917     7.5808     100.00     2.3184     2.0363         16 0.0000e+00
    178.029   78.22904  176.24880    180.000     0.2601     0.2623  29.063216  29.063038    34.6302    34.6275    300.519    295.496    -0.1339     4.6652     0.0834     0.0834     0.0203     0.0196      10943     7.5983     100.00     2.3174     2.0351         11 0.0000e+00
    179.017   78.22905  176.24880    181.000     0.2706     0.2706  29.073276  29.071599    34.6310    34.6287    300.484    295.970    -0.1639     4.6641     0.0845     0.0845     0.0213     0.0184      10968     7.6162     100.00     2.3175     2.0377         13 0.0000e+00
    180.006   78.22906  176.24880    182.000     0.2710     0.2713  29.074762  29.073145    34.6319    34.6294    300.534    296.166    -0.1581     4.6651     0.0855     0.0855     0.0204     0.0187      10994     7.6344     100.00     2.3176     2.0385         17 0.0000e+00
    180.995   78.22906  176.24880    183.000     0.3004     0.3041  29.106849  29.108108    34.6405    34.6380    300.363    295.178    -0.1235     4.6651     0.0853     0.0853     0.0204     0.0201      11020     7.6518     100.00     2.3180     2.0348         13 0.0000e+00
    181.983   78.22906  176.24880    184.000     0.3607     0.3603  29.165960  29.163737    34.6497    34.6472    299.933    295.422    -0.1370     4.6644     0.0829     0.0829     0.0210     0.0195      11045     7.6697     100.00     2.3184     2.0384         13 0.0000e+00
    182.972   78.22906  176.24880    185.000     0.3598     0.3599  29.166387  29.164713    34.6506    34.6483    300.132    294.908    -0.1305     4.6652     0.0830     0.0830     0.0203     0.0198      11071     7.6875     100.00     2.3194     2.0356         15 0.0000e+00
    183.960   78.22906  176.24880    186.000     0.3601     0.3599  29.167612  29.165722    34.6513    34.6490    300.219    295.248    -0.1323     4.6648     0.0856     0.0856     0.0207     0.0197      11097     7.7053     100.00     2.3197     2.0371         14 0.0000e+00
    184.949   78.22906  176.24878    187.000     0.3770     0.3791  29.186246  29.185941    34.6562    34.6534    299.978    295.468    -0.1302     4.6650     0.0833     0.0833     0.0205     0.0198      11122     7.7229     100.00     2.3189     2.0390         14 0.0000e+00
    185.937   78.22908  176.24878    188.000     0.4211     0.4230  29.231154  29.230860    34.6649    34.6624    299.606    294.054    -0.1694     4.6645     0.0841     0.0841     0.0209     0.0182      11148     7.7410     100.00     2.3189     2.0335         15 0.0000e+00
    186.926   78.22908  176.24878    189.000     0.4472     0.4471  29.258261  29.256369    34.6704    34.6681    299.542    295.327    -0.1728     4.6652     0.0842     0.0842     0.0203     0.0181      11174     7.7587     100.00     2.3197     2.0410         16 0.0000e+00
    187.915   78.22908  176.24878    190.000     0.4478     0.4478  29.259959  29.258137    34.6714    34.6690    299.527    294.752    -0.1588     4.6647     0.0834     0.0834     0.0207     0.0186      11199     7.7762     100.00     2.3194     2.0379         14 0.0000e+00
    188.903   78.22908  176.24878    191.000     0.4480     0.4481  29.261089  29.259343    34.6720    34.6696    299.441    294.515    -0.1473     4.6654     0.0830     0.0830     0.0201     0.0191      11225     7.7942     100.00     2.3187     2.0365         15 0.0000e+00
    189.892   78.22908  176.24878    192.000     0.4674     0.4682  29.281805  29.280376    34.6768    34.6741    299.275    294.268    -0.1530     4.6654     0.0831     0.0831     0.0201     0.0189      11250     7.8121     100.00     2.3185     2.0359         17 0.0000e+00
    190.880   78.22910  176.24878    193.000     0.5243     0.5254  29.340078  29.339060    34.6885    34.6859    298.791    293.824    -0.1290     4.6652     0.0837     0.0837     0.0203     0.0198      11276     7.8297     100.00     2.3185     2.0361         15 0.0000e+00
    191.869   78.22910  176.24878    194.000     0.5536     0.5552  29.370556  29.369896    34.6948    34.6921    298.774    293.284    -0.1322     4.6648     0.0842     0.0842     0.0206     0.0197      11301     7.8476     100.00     2.3197     2.0345         14 0.0000e+00
    192.857   78.22910  176.24878    195.000     0.5739     0.5738  29.390767  29.388858    34.6979    34.6954    298.729    293.188    -0.1671     4.6650     0.0837     0.0837     0.0205     0.0183      11327     7.8653     100.00     2.3204     2.0346         15 0.0000e+00
    193.846   78.22910  176.24878    196.000     0.5739     0.5739  29.391884  29.389925    34.6987    34.6962    298.554    293.742    -0.1246     4.6652     0.0834     0.0834     0.0202     0.0200      11353     7.8831     100.00     2.3191     2.0373         15 0.0000e+00
    194.834   78.22910  176.24877    197.000     0.5740     0.5740  29.392775  29.390884    34.6992    34.6967    298.218    293.540    -0.1313     4.6650     0.0842     0.0842     0.0205     0.0197      11378     7.9009     100.00     2.3168     2.0361         16 0.0000e+00
    195.823   78.22911  176.24876    198.000     0.5743     0.5742  29.393696  29.392009    34.6995    34.6973    298.049    293.338    -0.1284     4.6652     0.0844     0.0844     0.0203     0.0198      11404     7.9186     100.00     2.3156     2.0348         15 0.0000e+00
    196.812   78.22912  176.24876    199.000     0.5743     0.5744  29.394523  29.392789    34.7000    34.6976    298.046    293.383    -0.1351     4.6654     0.0852     0.0852     0.0201     0.0196      11429     7.9364     100.00     2.3153     2.0349         19 0.0000e+00
    197.800   78.22912  176.24876    200.000     0.5744     0.5744  29.395398  29.393625    34.7003    34.6980    298.088    293.121    -0.1516     4.6655     0.0830     0.0830     0.0200     0.0189      11455     7.9541     100.00     2.3153     2.0333         16 0.0000e+00
    198.789   78.22912  176.24876    201.000     0.5745     0.5745  29.396020  29.394250    34.7005    34.6982    298.115    292.558    -0.1509     4.6660     0.0830     0.0830     0.0196     0.0189      11480     7.9719     100.00     2.3153     2.0302         15 0.0000e+00
    199.777   78.22912  176.24876    202.000     0.5745     0.5746  29.396705  29.394935    34.7007    34.6984    298.093    292.997    -0.1269     4.6657     0.0817     0.0817     0.0199     0.0199      11507     7.9899     100.00     2.3149     2.0323         18 0.0000e+00
    200.765   78.22912  176.24876    203.000     0.5744     0.5744  29.397176  29.395443    34.7009    34.6986    297.998    293.465    -0.1702     4.6654     0.0830     0.0830     0.0201     0.0182      11532     8.0076     100.00     2.3141     2.0345         18 0.0000e+00
    201.754   78.22913  176.24876    204.000     0.5745     0.5745  29.397921  29.396099    34.7012    34.6988    297.826    293.146    -0.1703     4.6662     0.0830     0.0830     0.0195     0.0182      11558     8.0254     100.00     2.3128     2.0327         19 0.0000e+00
    202.742   78.22914  176.24876    205.000     0.5745     0.5746  29.398559  29.396685    34.7014    34.6988    297.825    292.931    -0.1671     4.6659     0.0840     0.0840     0.0197     0.0183      11583     8.0427     100.00     2.3125     2.0314         12 0.0000e+00
    203.731   78.22914  176.24876    206.000     0.5745     0.5747  29.399127  29.397388    34.7015    34.6990    298.031    292.836    -0.1541     4.6662     0.0842     0.0842     0.0195     0.0188      11608     8.0605     100.00     2.3136     2.0307         17 0.0000e+00
    204.720   78.22914  176.24876    207.000     0.5988     0.5975  29.425051  29.421589    34.7075    34.7045    297.855    293.279    -0.1545     4.6657     0.0835     0.0835     0.0199     0.0188      11633     8.0778     100.00     2.3136     2.0338         17 0.0000e+00
    205.708   78.22914  176.24876    208.000     0.6131     0.6132  29.439105  29.437362    34.7091    34.7067    297.602    292.377    -0.1435     4.6662     0.0836     0.0836     0.0195     0.0192      11658     8.0951     100.00     2.3126     2.0297         21 0.0000e+00
    206.696   78.22914  176.24874    209.000     0.6125     0.6127  29.439365  29.437722    34.7096    34.7072    297.542    292.948    -0.1313     4.6659     0.0836     0.0836     0.0197     0.0197      11683     8.1122     100.00     2.3119     2.0324         17 0.0000e+00
    207.685   78.22916  176.24874    210.000     0.6126     0.6127  29.440021  29.438248    34.7098    34.7073    297.623    293.406    -0.1632     4.6665     0.0830     0.0830     0.0193     0.0185      11707     8.1293     100.00     2.3122     2.0346         19 0.0000e+00
    208.674   78.22916  176.24874    211.000     0.6126     0.6127  29.440702  29.438835    34.7100    34.7074    297.881    293.018    -0.1712     4.6665     0.0832     0.0832     0.0192     0.0181      11732     8.1466     100.00     2.3136     2.0324         16 0.0000e+00
    209.662   78.22916  176.24874    212.000     0.6126     0.6127  29.441329  29.439424    34.7103    34.7076    298.117    292.717    -0.1414     4.6664     0.0851     0.0851     0.0193     0.0193      11757     8.1638     100.00     2.3148     2.0307         16 0.0000e+00
    210.650   78.22916  176.24874    213.000     0.6126     0.6127  29.441908  29.440063    34.7104    34.7079    298.360    293.460    -0.1319     4.6664     0.0830     0.0830     0.0193     0.0197      11782     8.1812     100.00     2.3160     2.0343         19 0.0000e+00
    211.639   78.22916  176.24874    214.000     0.6126     0.6127  29.442316  29.440567    34.7104    34.7080    298.509    293.332    -0.1364     4.6660     0.0842     0.0842     0.0197     0.0195      11807     8.1985     100.00     2.3167     2.0334         17 0.0000e+00
    212.627   78.22917  176.24874    215.000     0.6127     0.6127  29.442948  29.441155    34.7105    34.7082    298.605    293.810    -0.1582     4.6656     0.0831     0.0831     0.0199     0.0186      11832     8.2156     100.00     2.3170     2.0357         16 0.0000e+00
    213.616   78.22918  176.24874    216.000     0.6214     0.6233  29.453969  29.453663    34.7144    34.7119    298.540    293.116    -0.1476     4.6653     0.0821     0.0821     0.0201     0.0191      11857     8.2331     100.00     2.3169     2.0324         20 0.0000e+00
    214.604   78.22918  176.24874    217.000     0.6544     0.6544  29.487632  29.485628    34.7207    34.7181    298.237    292.778    -0.1508     4.6662     0.0845     0.0845     0.0195     0.0189      11881     8.2503     100.00     2.3166     2.0319         17 0.0000e+00
    215.593   78.22918  176.24874    218.000     0.6666     0.6682  29.501764  29.501387    34.7248    34.7226    298.171    293.568    -0.1292     4.6660     0.0840     0.0840     0.0196     0.0198      11906     8.2676     100.00     2.3167     2.0364         18 0.0000e+00
    216.581   78.22918  176.24873    219.000     0.7195     0.7197  29.554485  29.552897    34.7335    34.7313    297.735    293.084    -0.1318     4.6659     0.0830     0.0830     0.0197     0.0197      11931     8.2847     100.00     2.3167     2.0361         19 0.0000e+00
    217.569   78.22918  176.24872    220.000     0.7214     0.7213  29.557208  29.555257    34.7344    34.7319    297.934    293.040    -0.1346     4.6658     0.0834     0.0834     0.0198     0.0196      11956     8.3018     100.00     2.3177     2.0357         16 0.0000e+00
    218.558   78.22919  176.24872    221.000     0.7218     0.7216  29.558502  29.556449    34.7350    34.7326    297.988    292.969    -0.1287     4.6658     0.0839     0.0839     0.0198     0.0198      11981     8.3191     100.00     2.3179     2.0352         15 0.0000e+00
    219.546   78.22920  176.24872    222.000     0.7253     0.7261  29.563113  29.561781    34.7365    34.7339    297.889    293.577    -0.1664     4.6666     0.0830     0.0830     0.0192     0.0183      12005     8.3364     100.00     2.3173     2.0383         16 0.0000e+00
    220.535   78.22920  176.24872    223.000     0.7509     0.7510  29.589064  29.587252    34.7409    34.7384    297.753    292.299    -0.1672     4.6660     0.0830     0.0830     0.0196     0.0183      12030     8.3534     100.00     2.3176     2.0326         14 0.0000e+00
    221.523   78.22920  176.24872    224.000     0.7663     0.7668  29.605953  29.604635    34.7451    34.7428    297.705    292.789    -0.1639     4.6656     0.0829     0.0829     0.0199     0.0184      12055     8.3709     100.00     2.3179     2.0357         18 0.0000e+00
    222.512   78.22920  176.24872    225.000     0.7810     0.7825  29.622216  29.621785    34.7491    34.7468    297.651    293.056    -0.1617     4.6656     0.0806     0.0806     0.0200     0.0185      12080     8.3882     100.00     2.3182     2.0377         17 0.0000e+00
    223.500   78.22920  176.24872    226.000     0.8092     0.8091  29.651660  29.649619    34.7551    34.7527    297.387    292.000    -0.1315     4.6654     0.0817     0.0817     0.0201     0.0197      12105     8.4055     100.00     2.3179     2.0332         18 0.0000e+00
    224.488   78.22921  176.24872    227.000     0.8119     0.8124  29.655443  29.653949    34.7565    34.7540    297.282    292.558    -0.1369     4.6656     0.0819     0.0819     0.0200     0.0195      12130     8.4227     100.00     2.3171     2.0361         15 0.0000e+00
    225.477   78.22922  176.24872    228.000     0.8266     0.8266  29.670119  29.668230    34.7584    34.7559    296.883    292.276    -0.1738     4.6654     0.0826     0.0826     0.0201     0.0180      12154     8.4399     100.00     2.3152     2.0350         15 0.0000e+00
    226.465   78.22922  176.24872    229.000     0.8259     0.8260  29.670232  29.668497    34.7588    34.7563    296.617    291.569    -0.1397     4.6640     0.0823     0.0823     0.0213     0.0194      12179     8.4572     100.00     2.3134     2.0311         16 0.0000e+00
    227.454   78.22922  176.24872    230.000     0.8260     0.8261  29.670915  29.669249    34.7590    34.7567    296.439    291.982    -0.1345     4.6654     0.0828     0.0828     0.0201     0.0196      12204     8.4743     100.00     2.3121     2.0331         15 0.0000e+00
    228.442   78.22922  176.24870    231.000     0.8261     0.8260  29.671739  29.669914    34.7592    34.7570    296.328    291.677    -0.1677     4.6667     0.0843     0.0843     0.0191     0.0183      12229     8.4918     100.00     2.3111     2.0313         17 0.0000e+00
    229.430   78.22922  176.24870    232.000     0.8263     0.8264  29.672505  29.670698    34.7595    34.7570    296.222    291.111    -0.1653     4.6667     0.0834     0.0834     0.0191     0.0184      12254     8.5088     100.00     2.3102     2.0282         16 0.0000e+00
    230.419   78.22924  176.24870    233.000     0.8265     0.8265  29.673222  29.671467    34.7596    34.7573    296.173    291.335    -0.1354     4.6667     0.0822     0.0822     0.0191     0.0196      12279     8.5263     100.00     2.3097     2.0291         17 0.0000e+00
    231.407   78.22924  176.24870    234.000     0.8265     0.8266  29.673951  29.672193    34.7599    34.7575    296.222    291.112    -0.1636     4.6671     0.0842     0.0842     0.0187     0.0184      12304     8.5434     100.00     2.3097     2.0278         15 0.0000e+00
