Continuous CTD Data/01_SBE Stage/nabos_15_02avg.cnv
* Sea-Bird SBE 9 Data File:
* FileName = D:\CTD\data\HLY2502\raw\NABOS_15_02.hex
* Software Version Seasave V 7.26.7.110
* Temperature SN = 6954
* Conductivity SN = 2561
* Number of Bytes Per Scan = 37
* Number of Voltage Words = 4
* Number of Scans Averaged by the Deck Unit = 1
* NMEA Latitude = 78 29.96 N
* NMEA Longitude = 170 07.40 W
* NMEA UTC (Time) = Sep 09 2025  17:34:44
* NMEA baud rate = 9600
** Ship: USCG HEALY
** Bot. Depth:  2700
** Cast Number:
** Station Name:  15
** Station Number:
** Operator:  STARC
# nquan = 25
# nvalues = 256                         
# units = specified
# name 0 = depSM: Depth [salt water, m]
# name 1 = latitude: Latitude [deg]
# name 2 = longitude: Longitude [deg]
# name 3 = prDM: Pressure, Digiquartz [db]
# name 4 = t090C: Temperature [ITS-90, deg C]
# name 5 = t190C: Temperature, 2 [ITS-90, deg C]
# name 6 = c0mS/cm: Conductivity [mS/cm]
# name 7 = c1mS/cm: Conductivity, 2 [mS/cm]
# name 8 = sal00: Salinity, Practical [PSU]
# name 9 = sal11: Salinity, Practical, 2 [PSU]
# name 10 = sbox0Mm/Kg: Oxygen, SBE 43 [umol/kg]
# name 11 = sbox1Mm/Kg: Oxygen, SBE 43, 2 [umol/kg]
# name 12 = flECO-AFL: Fluorescence, WET Labs ECO-AFL/FL [mg/m^3]
# name 13 = v2: Voltage 2
# name 14 = wetCDOM: Fluorescence, WET Labs CDOM [mg/m^3]
# name 15 = v6: Voltage 6
# name 16 = CStarAt0: Beam Attenuation, WET Labs C-Star [1/m]
# name 17 = v3: Voltage 3
# name 18 = scan: Scan Count
# name 19 = timeM: Time, Elapsed [minutes]
# name 20 = altM: Altimeter [m]
# name 21 = sbeox0V: Oxygen raw, SBE 43 [V]
# name 22 = sbeox1V: Oxygen raw, SBE 43, 2 [V]
# name 23 = nbin: number of scans per bin
# name 24 = flag: flag
# span 0 =      2.969,    255.123       
# span 1 =   78.49949,   78.49978       
# span 2 = -170.12009, -170.10647       
# span 3 =      3.000,    258.000       
# span 4 =    -1.6482,     0.6531       
# span 5 =    -1.6472,     0.6530       
# span 6 =  23.286190,  29.523829       
# span 7 =  23.280987,  29.522444       
# span 8 =    28.8923,    34.7452       
# span 9 =    28.8855,    34.7432       
# span 10 =    243.998,    379.019      
# span 11 =    237.990,    366.984      
# span 12 =    -0.1766,     0.3521      
# span 13 =     4.5856,     4.6664      
# span 14 =     0.0804,     0.1134      
# span 15 =     0.0804,     0.1134      
# span 16 =     0.0193,     0.0894      
# span 17 =     0.0179,     0.0391      
# span 18 =       3524,      17776      
# span 19 =     2.4464,    12.3437      
# span 20 =      87.04,     100.10      
# span 21 =     1.9044,     2.6527      
# span 22 =     1.6824,     2.2862      
# span 23 =          4,         30      
# span 24 = 0.0000e+00, 0.0000e+00      
# interval = decibars: 1                
# start_time = Sep 09 2025 17:34:44 [NMEA time, header]
# bad_flag = -9.990e-29
*END*
[from data line 116]
    117.713   78.49974 -170.11286    119.000    -1.2214    -1.2210  27.424863  27.423286    34.1447    34.1419    298.623    290.507    -0.1326     4.6631     0.0915     0.0915     0.0221     0.0197       9837     6.8304     100.00     2.2355     1.9515         15 0.0000e+00
    118.702   78.49974 -170.11283    120.000    -1.2204    -1.2202  27.432503  27.430769    34.1533    34.1507    298.619    290.843    -0.1349     4.6625     0.0921     0.0921     0.0226     0.0196       9865     6.8499     100.00     2.2354     1.9532         18 0.0000e+00
    119.691   78.49975 -170.11281    121.000    -1.2092    -1.2091  27.449593  27.447802    34.1634    34.1608    298.775    291.083    -0.1338     4.6627     0.0921     0.0921     0.0225     0.0196       9893     6.8693     100.00     2.2368     1.9548         22 0.0000e+00
    120.680   78.49976 -170.11278    122.000    -1.1888    -1.1888  27.473031  27.471076    34.1716    34.1690    298.966    291.070    -0.1306     4.6630     0.0919     0.0919     0.0222     0.0198       9920     6.8881     100.00     2.2389     1.9554         15 0.0000e+00
    121.668   78.49976 -170.11276    123.000    -1.1557    -1.1558  27.506909  27.505002    34.1797    34.1771    299.274    291.142    -0.1270     4.6631     0.0922     0.0922     0.0221     0.0199       9948     6.9074      99.99     2.2423     1.9571         16 0.0000e+00
    122.657   78.49976 -170.11273    124.000    -1.1485    -1.1480  27.519618  27.518148    34.1883    34.1857    299.435    290.960    -0.1366     4.6631     0.0927     0.0927     0.0221     0.0195       9975     6.9264     100.00     2.2435     1.9565         20 0.0000e+00
    123.646   78.49976 -170.11270    125.000    -1.1552    -1.1552  27.519958  27.518066    34.1957    34.1931    299.106    291.516    -0.1348     4.6631     0.0949     0.0949     0.0221     0.0196      10002     6.9450      95.43     2.2411     1.9588         17 0.0000e+00
    124.635   78.49976 -170.11267    126.000    -1.1244    -1.1249  27.553201  27.550977    34.2055    34.2030    298.119    290.335    -0.1305     4.6629     0.0992     0.0992     0.0223     0.0198      10029     6.9636      88.14     2.2368     1.9542         15 0.0000e+00
    125.624   78.49976 -170.11265    127.000    -1.1270    -1.1266  27.556904  27.555335    34.2129    34.2103    297.851    290.266    -0.1301     4.6627     0.0917     0.0917     0.0225     0.0198      10055     6.9821      99.65     2.2350     1.9537         14 0.0000e+00
    126.613   78.49976 -170.11263    128.000    -1.1191    -1.1191  27.569119  27.567259    34.2200    34.2174    297.492    288.799    -0.1305     4.6625     0.0903     0.0903     0.0226     0.0198      10082     7.0009     100.00     2.2332     1.9467         15 0.0000e+00
    127.602   78.49976 -170.11261    129.000    -1.1219    -1.1205  27.571505  27.570734    34.2258    34.2232    297.131    289.124    -0.1253     4.6619     0.0904     0.0904     0.0232     0.0200      10109     7.0197     100.00     2.2308     1.9481         16 0.0000e+00
    128.590   78.49976 -170.11257    130.000    -1.1472    -1.1470  27.555444  27.553659    34.2321    34.2294    297.163    289.567    -0.1325     4.6619     0.0904     0.0904     0.0232     0.0197      10136     7.0384     100.00     2.2295     1.9490         14 0.0000e+00
    129.579   78.49976 -170.11254    131.000    -1.1358    -1.1364  27.570184  27.567556    34.2386    34.2357    296.798    289.255    -0.1305     4.6619     0.0914     0.0914     0.0232     0.0198      10164     7.0576     100.00     2.2278     1.9478         15 0.0000e+00
    130.568   78.49976 -170.11252    132.000    -1.1119    -1.1114  27.596940  27.595651    34.2474    34.2450    296.813    289.046    -0.1345     4.6621     0.0918     0.0918     0.0230     0.0196      10191     7.0766     100.00     2.2290     1.9478         13 0.0000e+00
    131.557   78.49976 -170.11249    133.000    -1.1111    -1.1120  27.603892  27.601618    34.2553    34.2532    297.474    288.701    -0.1306     4.6616     0.0910     0.0910     0.0235     0.0198      10219     7.0957     100.00     2.2328     1.9459         15 0.0000e+00
    132.546   78.49976 -170.11247    134.000    -1.0662    -1.0668  27.647336  27.645380    34.2628    34.2608    297.763    288.919    -0.1349     4.6616     0.0911     0.0911     0.0235     0.0196      10247     7.1150     100.00     2.2368     1.9489         16 0.0000e+00
    133.535   78.49976 -170.11245    135.000    -1.0372    -1.0374  27.675175  27.673431    34.2672    34.2650    298.126    288.908    -0.1342     4.6612     0.0902     0.0902     0.0238     0.0196      10274     7.1337     100.00     2.2402     1.9499         13 0.0000e+00
    134.523   78.49976 -170.11241    136.000    -1.0232    -1.0229  27.689495  27.687964    34.2701    34.2677    298.402    289.048    -0.1301     4.6621     0.0892     0.0892     0.0230     0.0198      10300     7.1524     100.00     2.2424     1.9511         14 0.0000e+00
    135.512   78.49976 -170.11239    137.000    -1.0036    -1.0036  27.712750  27.710926    34.2789    34.2764    298.159    289.535    -0.1285     4.6618     0.0885     0.0885     0.0233     0.0198      10327     7.1711     100.00     2.2419     1.9542         15 0.0000e+00
    136.501   78.49976 -170.11236    138.000    -0.9785    -0.9780  27.741958  27.740679    34.2895    34.2871    297.502    289.927    -0.1285     4.6621     0.0891     0.0891     0.0231     0.0198      10355     7.1900     100.00     2.2392     1.9572         15 0.0000e+00
    137.490   78.49976 -170.11234    139.000    -0.9473    -0.9465  27.775024  27.773864    34.2984    34.2958    296.849    288.939    -0.1328     4.6618     0.0896     0.0896     0.0233     0.0197      10381     7.2084     100.00     2.2370     1.9536         16 0.0000e+00
    138.479   78.49976 -170.11232    140.000    -0.9235    -0.9228  27.800441  27.799073    34.3052    34.3025    296.258    288.845    -0.1309     4.6618     0.0900     0.0900     0.0233     0.0197      10408     7.2269     100.00     2.2346     1.9540         16 0.0000e+00
    139.467   78.49976 -170.11229    141.000    -0.9053    -0.9048  27.819773  27.818290    34.3101    34.3076    295.620    288.046    -0.1343     4.6616     0.0891     0.0891     0.0235     0.0196      10435     7.2456     100.00     2.2316     1.9506         13 0.0000e+00
    140.456   78.49976 -170.11227    142.000    -0.8957    -0.8952  27.832836  27.831379    34.3163    34.3138    294.849    288.338    -0.1302     4.6611     0.0890     0.0890     0.0239     0.0198      10462     7.2646     100.00     2.2274     1.9524         15 0.0000e+00
    141.445   78.49976 -170.11223    143.000    -0.8771    -0.8764  27.853417  27.851961    34.3224    34.3198    294.195    286.666    -0.1309     4.6606     0.0887     0.0887     0.0243     0.0197      10489     7.2833     100.00     2.2244     1.9448         16 0.0000e+00
    142.434   78.49976 -170.11221    144.000    -0.8490    -0.8482  27.882179  27.880824    34.3290    34.3262    294.062    286.316    -0.1309     4.6608     0.0879     0.0879     0.0242     0.0197      10517     7.3027     100.00     2.2250     1.9441         16 0.0000e+00
    143.423   78.49976 -170.11218    145.000    -0.8308    -0.8301  27.901620  27.900298    34.3340    34.3314    294.353    286.453    -0.1265     4.6607     0.0882     0.0882     0.0242     0.0199      10544     7.3216     100.00     2.2274     1.9455         15 0.0000e+00
    144.412   78.49976 -170.11216    146.000    -0.8107    -0.8100  27.923000  27.921701    34.3395    34.3370    294.798    286.649    -0.1291     4.6616     0.0891     0.0891     0.0235     0.0198      10572     7.3407     100.00     2.2310     1.9472         20 0.0000e+00
    145.400   78.49976 -170.11214    147.000    -0.7914    -0.7908  27.945021  27.943667    34.3468    34.3443    295.143    286.837    -0.1271     4.6608     0.0887     0.0887     0.0242     0.0199      10598     7.3594     100.00     2.2338     1.9488         16 0.0000e+00
    146.389   78.49976 -170.11212    148.000    -0.7666    -0.7666  27.969212  27.967425    34.3507    34.3483    295.289    287.599    -0.1303     4.6616     0.0879     0.0879     0.0234     0.0198      10626     7.3782     100.00     2.2358     1.9535         19 0.0000e+00
    147.378   78.49976 -170.11209    149.000    -0.7509    -0.7506  27.988879  27.987401    34.3589    34.3566    295.410    287.534    -0.1580     4.6616     0.0886     0.0886     0.0235     0.0187      10652     7.3967     100.00     2.2372     1.9538         18 0.0000e+00
    148.366   78.49976 -170.11206    150.000    -0.7435    -0.7430  27.998442  27.997084    34.3628    34.3604    295.396    287.736    -0.1357     4.6617     0.0900     0.0900     0.0234     0.0195      10679     7.4152     100.00     2.2374     1.9549         20 0.0000e+00
    149.355   78.49976 -170.11203    151.000    -0.7243    -0.7239  28.020858  28.019242    34.3707    34.3681    295.167    287.773    -0.1333     4.6618     0.0891     0.0891     0.0233     0.0196      10706     7.4338     100.00     2.2369     1.9558         18 0.0000e+00
    150.344   78.49976 -170.11201    152.000    -0.7211    -0.7202  28.026984  28.026233    34.3748    34.3727    294.958    287.775    -0.1366     4.6618     0.0886     0.0886     0.0233     0.0195      10732     7.4522     100.00     2.2357     1.9559         18 0.0000e+00
    151.333   78.49976 -170.11198    153.000    -0.7006    -0.7011  28.049441  28.047079    34.3812    34.3786    294.400    286.991    -0.1279     4.6618     0.0870     0.0870     0.0233     0.0199      10759     7.4707     100.00     2.2333     1.9526         18 0.0000e+00
    152.321   78.49976 -170.11196    154.000    -0.7213    -0.7218  28.032323  28.029990    34.3809    34.3784    294.279    286.809    -0.1367     4.6615     0.0891     0.0891     0.0235     0.0195      10785     7.4889     100.00     2.2312     1.9507         13 0.0000e+00
    153.310   78.49976 -170.11194    155.000    -0.7204    -0.7198  28.040634  28.039131    34.3906    34.3879    294.281    286.949    -0.1286     4.6595     0.0888     0.0888     0.0252     0.0198      10813     7.5081     100.00     2.2312     1.9514         16 0.0000e+00
    154.299   78.49976 -170.11191    156.000    -0.7135    -0.7131  28.048346  28.046736    34.3925    34.3899    294.570    286.748    -0.1320     4.6606     0.0856     0.0856     0.0243     0.0197      10840     7.5269     100.00     2.2330     1.9505         20 0.0000e+00
    155.288   78.49976 -170.11188    157.000    -0.7067    -0.7061  28.056923  28.055796    34.3957    34.3936    295.279    287.288    -0.1325     4.6616     0.0856     0.0856     0.0234     0.0197      10867     7.5457     100.00     2.2374     1.9533         15 0.0000e+00
    156.276   78.49976 -170.11185    158.000    -0.6901    -0.6899  28.074709  28.073097    34.4003    34.3979    296.196    287.847    -0.1268     4.6621     0.0868     0.0868     0.0230     0.0199      10894     7.5646     100.00     2.2435     1.9567         16 0.0000e+00
    157.265   78.49976 -170.11183    159.000    -0.6752    -0.6733  28.091268  28.090939    34.4052    34.4025    297.113    288.706    -0.1277     4.6627     0.0868     0.0868     0.0225     0.0199      10921     7.5837     100.00     2.2496     1.9615         17 0.0000e+00
    158.254   78.49976 -170.11181    160.000    -0.6522    -0.6523  28.114634  28.112842    34.4099    34.4075    297.789    288.979    -0.1371     4.6627     0.0876     0.0876     0.0225     0.0195      10949     7.6024     100.00     2.2546     1.9637         17 0.0000e+00
    159.243   78.49976 -170.11179    161.000    -0.6437    -0.6430  28.125550  28.124433    34.4144    34.4120    298.403    289.766    -0.1333     4.6630     0.0855     0.0855     0.0222     0.0196      10975     7.6211     100.00     2.2585     1.9679         18 0.0000e+00
    160.231   78.49976 -170.11176    162.000    -0.6218    -0.6219  28.148456  28.146518    34.4197    34.4173    298.677    289.564    -0.1342     4.6636     0.0856     0.0856     0.0217     0.0196      11002     7.6395     100.00     2.2611     1.9676         13 0.0000e+00
    161.220   78.49976 -170.11172    163.000    -0.6205    -0.6208  28.150434  28.148492    34.4204    34.4180    298.834    290.051    -0.1557     4.6631     0.0867     0.0867     0.0221     0.0187      11029     7.6581     100.00     2.2619     1.9699         15 0.0000e+00
    162.209   78.49976 -170.11170    164.000    -0.5981    -0.5980  28.175827  28.174331    34.4285    34.4264    298.670    290.782    -0.1356     4.6633     0.0856     0.0856     0.0220     0.0196      11055     7.6764     100.00     2.2620     1.9745         14 0.0000e+00
    163.197   78.49976 -170.11168    165.000    -0.5900    -0.5899  28.184474  28.182728    34.4303    34.4279    298.762    290.975    -0.1236     4.6630     0.0881     0.0881     0.0222     0.0201      11082     7.6949     100.00     2.2628     1.9756         15 0.0000e+00
    164.186   78.49976 -170.11165    166.000    -0.5606    -0.5592  28.216798  28.216262    34.4399    34.4376    298.664    290.435    -0.1340     4.6635     0.0867     0.0867     0.0218     0.0196      11108     7.7134     100.00     2.2636     1.9742         13 0.0000e+00
    165.175   78.49976 -170.11163    167.000    -0.5383    -0.5379  28.238430  28.236969    34.4430    34.4407    298.713    290.257    -0.1298     4.6637     0.0856     0.0856     0.0216     0.0198      11135     7.7319     100.00     2.2649     1.9740         13 0.0000e+00
    166.163   78.49976 -170.11161    168.000    -0.5246    -0.5231  28.253157  28.253058    34.4468    34.4448    298.785    290.992    -0.1315     4.6638     0.0866     0.0866     0.0215     0.0197      11162     7.7505     100.00     2.2658     1.9782         12 0.0000e+00
    167.152   78.49976 -170.11157    169.000    -0.4778    -0.4772  28.297052  28.296040    34.4520    34.4499    298.592    290.629    -0.1330     4.6634     0.0856     0.0856     0.0218     0.0197      11189     7.7692     100.00     2.2670     1.9783         17 0.0000e+00
    168.141   78.49976 -170.11155    170.000    -0.4700    -0.4686  28.305099  28.304826    34.4533    34.4514    298.741    290.186    -0.1308     4.6642     0.0855     0.0855     0.0212     0.0197      11216     7.7879     100.00     2.2681     1.9762         16 0.0000e+00
    169.129   78.49976 -170.11152    171.000    -0.4384    -0.4375  28.339811  28.338785    34.4635    34.4610    298.559    290.278    -0.1345     4.6633     0.0855     0.0855     0.0220     0.0196      11243     7.8067     100.00     2.2685     1.9779         16 0.0000e+00
    170.118   78.49976 -170.11150    172.000    -0.4338    -0.4337  28.344873  28.343298    34.4644    34.4622    298.680    290.540    -0.1342     4.6629     0.0856     0.0856     0.0223     0.0196      11269     7.8251     100.00     2.2693     1.9792         13 0.0000e+00
    171.107   78.49976 -170.11148    173.000    -0.4236    -0.4224  28.356615  28.356363    34.4680    34.4663    298.881    290.434    -0.1331     4.6642     0.0865     0.0865     0.0212     0.0197      11296     7.8440     100.00     2.2709     1.9790         17 0.0000e+00
    172.095   78.49976 -170.11145    174.000    -0.3963    -0.3944  28.385505  28.386053    34.4752    34.4738    298.681    289.885    -0.1346     4.6643     0.0867     0.0867     0.0211     0.0196      11323     7.8626     100.00     2.2710     1.9774         16 0.0000e+00
    173.084   78.49976 -170.11141    175.000    -0.3585    -0.3584  28.424854  28.423279    34.4845    34.4822    298.262    289.959    -0.1327     4.6634     0.0867     0.0867     0.0218     0.0197      11350     7.8811     100.00     2.2703     1.9792         16 0.0000e+00
