Continuous CTD Data/01_SBE Stage/nabos_07_01.ros
* Sea-Bird SBE 9 Data File:
* FileName = D:\CTD\data\HLY2502\raw\NABOS_07_01.hex
* Software Version Seasave V 7.26.7.110
* Temperature SN = 6954
* Conductivity SN = 2561
* Number of Bytes Per Scan = 37
* Number of Voltage Words = 4
* Number of Scans Averaged by the Deck Unit = 1
* NMEA Latitude = 75 42.14 N
* NMEA Longitude = 175 33.10 E
* NMEA UTC (Time) = Sep 12 2025  03:58:17
* NMEA baud rate = 9600
** Ship: USCG HEALY
** Bot. Depth:  259
** Cast Number:  01
** Station Name:  NABOS
** Station Number:  07
** Operator:  STARC
** Ra cast, target depth 250 m
# nquan = 25
# nvalues = 1176                                  
# units = specified
# name 0 = depSM: Depth [salt water, m]
# name 1 = latitude: Latitude [deg]
# name 2 = longitude: Longitude [deg]
# name 3 = prDM: Pressure, Digiquartz [db]
# name 4 = t090C: Temperature [ITS-90, deg C]
# name 5 = t190C: Temperature, 2 [ITS-90, deg C]
# name 6 = c0mS/cm: Conductivity [mS/cm]
# name 7 = c1mS/cm: Conductivity, 2 [mS/cm]
# name 8 = sal00: Salinity, Practical [PSU]
# name 9 = sal11: Salinity, Practical, 2 [PSU]
# name 10 = sbox0Mm/Kg: Oxygen, SBE 43 [umol/kg]
# name 11 = sbox1Mm/Kg: Oxygen, SBE 43, 2 [umol/kg]
# name 12 = flECO-AFL: Fluorescence, WET Labs ECO-AFL/FL [mg/m^3]
# name 13 = v2: Voltage 2
# name 14 = wetCDOM: Fluorescence, WET Labs CDOM [mg/m^3]
# name 15 = v6: Voltage 6
# name 16 = CStarAt0: Beam Attenuation, WET Labs C-Star [1/m]
# name 17 = v3: Voltage 3
# name 18 = scan: Scan Count
# name 19 = timeM: Time, Elapsed [minutes]
# name 20 = altM: Altimeter [m]
# name 21 = sbeox0V: Oxygen raw, SBE 43 [V]
# name 22 = sbeox1V: Oxygen raw, SBE 43, 2 [V]
# name 23 = nbf: Bottles Fired
# name 24 = flag:  0.000e+00
# interval = seconds: 0.0416667
# start_time = Sep 12 2025 03:58:17 [NMEA time, header]
# bad_flag = -9.990e-29
*END*
[from data line 812]
     40.826   75.70250  175.57120     41.260    -1.6062    -1.6056  25.661623  25.648486    32.1953    32.1765    336.627    327.009    -0.0145     4.6508     0.1258     0.1258     0.0327     0.0244      32607    22.6431      90.21     2.4246     2.1045         17  0.000e+00
     40.768   75.70250  175.57120     41.202    -1.6061    -1.6056  25.661682  25.648320    32.1952    32.1763    336.623    327.007     0.0160     4.6508     0.1270     0.1270     0.0327     0.0256      32608    22.6438      90.26     2.4246     2.1045         17  0.000e+00
     40.793   75.70250  175.57120     41.227    -1.6065    -1.6054  25.661859  25.648320    32.1958    32.1761    336.839    326.755    -0.0145     4.6508     0.1282     0.1282     0.0327     0.0244      32609    22.6444      90.18     2.4258     2.1033         17  0.000e+00
     40.826   75.70250  175.57120     41.260    -1.6065    -1.6057  25.662036  25.648320    32.1961    32.1763    336.627    326.506     0.0160     4.6508     0.1270     0.1270     0.0327     0.0256      32610    22.6451      90.38     2.4246     2.1021         17  0.000e+00
     40.826   75.70250  175.57120     41.260    -1.6062    -1.6056  25.661918  25.649152    32.1957    32.1774    336.626    326.503    -0.0145     4.6496     0.1270     0.1270     0.0338     0.0244      32611    22.6458      90.31     2.4246     2.1021         17  0.000e+00
     40.826   75.70250  175.57120     41.260    -1.6063    -1.6054  25.662036  25.650095    32.1959    32.1785    336.626    326.246    -0.0145     4.6496     0.1282     0.1282     0.0338     0.0244      32612    22.6465      90.01     2.4246     2.1009         17  0.000e+00
     40.826   75.70250  175.57120     41.260    -1.6065    -1.6056  25.662390  25.651260    32.1966    32.1803    336.838    325.740    -0.0145     4.6508     0.1282     0.1282     0.0327     0.0244      32613    22.6472      90.01     2.4258     2.0984         17  0.000e+00
     40.826   75.70250  175.57120     41.260    -1.6065    -1.6057  25.662744  25.652702    32.1970    32.1824    336.624    326.238    -0.0145     4.6496     0.1282     0.1282     0.0338     0.0244      32614    22.6479      90.13     2.4246     2.1009         17  0.000e+00
     40.826   75.70250  175.57120     41.260    -1.6063    -1.6059  25.663216  25.653812    32.1975    32.1842    336.834    326.236    -0.0145     4.6496     0.1282     0.1282     0.0338     0.0244      32615    22.6486      90.38     2.4258     2.1009         17  0.000e+00
     40.768   75.70250  175.57120     41.202    -1.6062    -1.6054  25.663747  25.653812    32.1982    32.1837    336.829    326.482    -0.0145     4.6496     0.1282     0.1282     0.0338     0.0244      32616    22.6493      90.31     2.4258     2.1021         17  0.000e+00
     40.859   75.70250  175.57120     41.293    -1.6063    -1.6057  25.663924  25.653979    32.1985    32.1842    336.620    326.740    -0.0145     4.6496     0.1282     0.1282     0.0338     0.0244      32617    22.6500      90.23     2.4246     2.1033         17  0.000e+00
     40.883   75.70250  175.57120     41.318    -1.6061    -1.6057  25.664219  25.655532    32.1987    32.1863    336.832    326.735    -0.0145     4.6496     0.1282     0.1282     0.0338     0.0244      32618    22.6507      90.28     2.4258     2.1033         17  0.000e+00
     40.826   75.70250  175.57120     41.260    -1.6060    -1.6059  25.664514  25.657363    32.1989    32.1890    336.614    326.979    -0.0145     4.6484     0.1282     0.1282     0.0348     0.0244      32619    22.6514      90.26     2.4246     2.1045         17  0.000e+00
     40.826   75.70250  175.57120     41.260    -1.6062    -1.6059  25.664691  25.658140    32.1995    32.1901    336.828    326.976    -0.0145     4.6496     0.1282     0.1282     0.0338     0.0244      32620    22.6521      90.13     2.4258     2.1045         17  0.000e+00
     40.883   75.70250  175.57120     41.318    -1.6061    -1.6060  25.664809  25.658639    32.1995    32.1909    336.617    326.978    -0.0145     4.6484     0.1270     0.1270     0.0348     0.0244      32621    22.6528      89.99     2.4246     2.1045         17  0.000e+00
     40.826   75.70250  175.57122     41.260    -1.6061    -1.6060  25.665045  25.658584    32.1998    32.1909    336.826    326.976    -0.0145     4.6496     0.1282     0.1282     0.0338     0.0244      32622    22.6535      90.04     2.4258     2.1045         17  0.000e+00
     40.883   75.70250  175.57122     41.318    -1.6060    -1.6062  25.665104  25.658861    32.1997    32.1914    336.827    326.979     0.0160     4.6496     0.1270     0.1270     0.0338     0.0256      32623    22.6542      90.31     2.4258     2.1045         17  0.000e+00
     40.859   75.70250  175.57122     41.293    -1.6063    -1.6060  25.664986  25.659360    32.1999    32.1918    336.616    326.974    -0.0145     4.6484     0.1270     0.1270     0.0348     0.0244      32624    22.6549      90.38     2.4246     2.1045         17  0.000e+00
     40.826   75.70250  175.57122     41.260    -1.6060    -1.6060  25.665222  25.659360    32.1999    32.1919    336.824    326.721    -0.0145     4.6496     0.1282     0.1282     0.0338     0.0244      32625    22.6556      90.16     2.4258     2.1033         17  0.000e+00
     40.826   75.70250  175.57122     41.260    -1.6060    -1.6059  25.664986  25.659249    32.1996    32.1916    336.825    326.721    -0.0145     4.6496     0.1282     0.1282     0.0338     0.0244      32626    22.6563      90.09     2.4258     2.1033         17  0.000e+00
     40.883   75.70250  175.57122     41.318    -1.6061    -1.6062  25.665104  25.659083    32.1999    32.1917    337.041    326.726    -0.0145     4.6496     0.1282     0.1282     0.0338     0.0244      32627    22.6569      90.06     2.4271     2.1033         17  0.000e+00
     40.644   75.70250  175.57128     41.076    -1.6060    -1.6050  25.642571  25.642938    32.1688    32.1683    336.899    327.015    -0.0145     4.6496     0.1270     0.1270     0.0338     0.0244      32753    22.7444      90.06     2.4258     2.1045         18  0.000e+00
     40.701   75.70250  175.57128     41.134    -1.6060    -1.6051  25.642630  25.643271    32.1688    32.1688    336.901    327.270    -0.0145     4.6496     0.1270     0.1270     0.0338     0.0244      32754    22.7451      90.26     2.4258     2.1058         18  0.000e+00
     40.644   75.70250  175.57128     41.076    -1.6060    -1.6050  25.642040  25.643438    32.1681    32.1690    336.901    327.266    -0.0145     4.6496     0.1258     0.1258     0.0338     0.0244      32755    22.7458      90.35     2.4258     2.1058         18  0.000e+00
     40.701   75.70250  175.57128     41.134    -1.6060    -1.6051  25.641333  25.643937    32.1671    32.1697    336.906    327.267     0.0160     4.6496     0.1258     0.1258     0.0338     0.0256      32756    22.7465      90.38     2.4258     2.1058         18  0.000e+00
     40.644   75.70250  175.57128     41.076    -1.6061    -1.6053  25.640920  25.643881    32.1667    32.1699    337.119    327.266    -0.0145     4.6496     0.1258     0.1258     0.0338     0.0244      32757    22.7472      90.33     2.4271     2.1058         18  0.000e+00
     40.668   75.70250  175.57128     41.101    -1.6058    -1.6051  25.640684  25.643992    32.1660    32.1699    336.905    327.266    -0.0145     4.6496     0.1270     0.1270     0.0338     0.0244      32758    22.7479      90.23     2.4258     2.1058         18  0.000e+00
     40.701   75.70250  175.57128     41.134    -1.6058    -1.6053  25.640625  25.644159    32.1660    32.1703    337.120    327.268    -0.0145     4.6471     0.1270     0.1270     0.0359     0.0244      32759    22.7486      90.11     2.4271     2.1058         18  0.000e+00
     40.701   75.70250  175.57128     41.134    -1.6058    -1.6053  25.640271  25.644103    32.1655    32.1701    336.909    327.268    -0.0145     4.6471     0.1270     0.1270     0.0359     0.0244      32760    22.7493      90.04     2.4258     2.1058         18  0.000e+00
     40.701   75.70250  175.57128     41.134    -1.6060    -1.6054  25.640153  25.644436    32.1654    32.1708    337.123    327.268    -0.0145     4.6459     0.1270     0.1270     0.0369     0.0244      32761    22.7500      90.09     2.4271     2.1058         18  0.000e+00
     40.644   75.70250  175.57128     41.076    -1.6058    -1.6053  25.639917  25.644603    32.1650    32.1709    336.907    327.264    -0.0145     4.6459     0.1270     0.1270     0.0369     0.0244      32762    22.7507      90.21     2.4258     2.1058         18  0.000e+00
     40.701   75.70250  175.57128     41.134    -1.6057    -1.6053  25.640035  25.643937    32.1650    32.1700    336.909    327.017    -0.0145     4.6459     0.1270     0.1270     0.0369     0.0244      32763    22.7514      90.21     2.4258     2.1045         18  0.000e+00
     40.701   75.70250  175.57128     41.134    -1.6057    -1.6054  25.639740  25.643049    32.1646    32.1689    336.910    327.021    -0.0145     4.6459     0.1270     0.1270     0.0369     0.0244      32764    22.7521      90.23     2.4258     2.1045         18  0.000e+00
     40.767   75.70250  175.57128     41.200    -1.6058    -1.6057  25.639622  25.642661    32.1645    32.1686    336.914    327.027     0.0160     4.6459     0.1270     0.1270     0.0369     0.0256      32765    22.7528      90.18     2.4258     2.1045         18  0.000e+00
     40.668   75.70250  175.57130     41.101    -1.6058    -1.6054  25.639622  25.641995    32.1646    32.1674    336.910    327.023    -0.0145     4.6471     0.1270     0.1270     0.0359     0.0244      32766    22.7535      89.99     2.4258     2.1045         18  0.000e+00
     40.767   75.70250  175.57130     41.200    -1.6055    -1.6054  25.639445  25.641718    32.1639    32.1670    336.913    327.028    -0.0145     4.6471     0.1270     0.1270     0.0359     0.0244      32767    22.7542      90.06     2.4258     2.1045         18  0.000e+00
     40.644   75.70250  175.57130     41.076    -1.6058    -1.6057  25.639386  25.641219    32.1643    32.1667    336.909    327.027    -0.0145     4.6459     0.1270     0.1270     0.0369     0.0244      32768    22.7549      90.16     2.4258     2.1045         18  0.000e+00
     40.767   75.70250  175.57130     41.200    -1.6058    -1.6056  25.639210  25.641108    32.1640    32.1663    336.916    327.032    -0.0145     4.6459     0.1258     0.1258     0.0369     0.0244      32769    22.7556      90.31     2.4258     2.1045         18  0.000e+00
     40.701   75.70250  175.57130     41.134    -1.6057    -1.6054  25.638384  25.641108    32.1627    32.1661    336.915    326.775    -0.0145     4.6471     0.1270     0.1270     0.0359     0.0244      32770    22.7563      90.35     2.4258     2.1033         18  0.000e+00
     40.767   75.70250  175.57130     41.200    -1.6057    -1.6054  25.638325  25.641552    32.1626    32.1668    336.918    326.777    -0.0145     4.6471     0.1270     0.1270     0.0359     0.0244      32771    22.7569      90.33     2.4258     2.1033         18  0.000e+00
     40.701   75.70250  175.57130     41.134    -1.6055    -1.6056  25.639268  25.641385    32.1637    32.1668    336.910    327.028     0.0160     4.6459     0.1270     0.1270     0.0369     0.0256      32772    22.7576      90.38     2.4258     2.1045         18  0.000e+00
     40.734   75.70250  175.57130     41.167    -1.6057    -1.6057  25.640153  25.640775    32.1651    32.1660    336.910    327.284    -0.0145     4.6459     0.1270     0.1270     0.0369     0.0244      32773    22.7583      90.35     2.4258     2.1058         18  0.000e+00
     40.767   75.70250  175.57130     41.200    -1.6057    -1.6054  25.641451  25.640387    32.1669    32.1651    336.906    327.033    -0.0145     4.6459     0.1282     0.1282     0.0369     0.0244      32774    22.7590      90.45     2.4258     2.1045         18  0.000e+00
     40.701   75.70250  175.57130     41.134    -1.6058    -1.6056  25.643161  25.639832    32.1695    32.1646    337.111    327.033     0.0160     4.6459     0.1270     0.1270     0.0369     0.0256      32775    22.7597      90.53     2.4271     2.1045         18  0.000e+00
     40.767   75.70250  175.57130     41.200    -1.6061    -1.6056  25.644340  25.639999    32.1713    32.1648    336.899    327.288     0.0160     4.6459     0.1270     0.1270     0.0369     0.0256      32776    22.7604      90.55     2.4258     2.1058         18  0.000e+00
     40.767   75.70250  175.57130     41.200    -1.6061    -1.6059  25.643692  25.639721    32.1704    32.1648    336.901    327.291     0.0466     4.6459     0.1270     0.1270     0.0369     0.0269      32777    22.7611      90.33     2.4258     2.1058         18  0.000e+00
     40.767   75.70250  175.57130     41.200    -1.6061    -1.6056  25.642630  25.640110    32.1690    32.1650    336.905    327.287     0.0160     4.6459     0.1282     0.1282     0.0369     0.0256      32778    22.7618      90.23     2.4258     2.1058         18  0.000e+00
     40.767   75.70250  175.57130     41.200    -1.6060    -1.6056  25.642925  25.640997    32.1692    32.1661    336.903    327.284     0.0160     4.6471     0.1270     0.1270     0.0359     0.0256      32779    22.7625      90.28     2.4258     2.1058         18  0.000e+00
     40.767   75.70250  175.57130     41.200    -1.6061    -1.6054  25.643633  25.641496    32.1704    32.1667    336.902    327.281     0.0160     4.6496     0.1270     0.1270     0.0338     0.0256      32780    22.7632      90.43     2.4258     2.1058         18  0.000e+00
     40.791   75.70250  175.57130     41.225    -1.6061    -1.6056  25.644399  25.641386    32.1714    32.1667    336.900    327.284     0.0466     4.6496     0.1270     0.1270     0.0338     0.0269      32781    22.7639      90.55     2.4258     2.1058         18  0.000e+00
     40.701   75.70250  175.57130     41.134    -1.6063    -1.6054  25.644989  25.641330    32.1725    32.1665    336.895    327.279     0.0160     4.6496     0.1270     0.1270     0.0338     0.0256      32782    22.7646      90.74     2.4258     2.1058         18  0.000e+00
     40.824   75.70250  175.57130     41.258    -1.6063    -1.6054  25.644930  25.641219    32.1723    32.1663    336.901    327.285     0.0466     4.6496     0.1270     0.1270     0.0338     0.0269      32783    22.7653      90.70     2.4258     2.1058         18  0.000e+00
     40.767   75.70250  175.57130     41.200    -1.6065    -1.6054  25.645225  25.641275    32.1729    32.1663    337.111    327.281     0.0466     4.6496     0.1282     0.1282     0.0338     0.0269      32784    22.7660      90.40     2.4271     2.1058         18  0.000e+00
     40.767   75.70250  175.57130     41.200    -1.6062    -1.6056  25.645520  25.641496    32.1731    32.1669    336.896    327.534     0.0466     4.6496     0.1270     0.1270     0.0338     0.0269      32785    22.7667      90.18     2.4258     2.1070         18  0.000e+00
     40.824   75.70250  175.57130     41.258    -1.6063    -1.6054  25.645992  25.642495    32.1738    32.1680    337.110    327.532     0.0160     4.6496     0.1282     0.1282     0.0338     0.0256      32786    22.7674      90.11     2.4271     2.1070         18  0.000e+00
     40.767   75.70250  175.57130     41.200    -1.6065    -1.6056  25.646110  25.642939    32.1741    32.1689    336.895    327.277     0.0160     4.6496     0.1282     0.1282     0.0338     0.0256      32787    22.7681      90.09     2.4258     2.1058         18  0.000e+00
     40.791   75.70250  175.57130     41.225    -1.6063    -1.6056  25.646287  25.643216    32.1742    32.1692    336.894    327.277     0.0466     4.6496     0.1282     0.1282     0.0338     0.0269      32788    22.7688      90.09     2.4258     2.1058         18  0.000e+00
