Continuous CTD Data/01_SBE Stage/nabos_01_02.cnv
* Sea-Bird SBE 9 Data File:
* FileName = D:\CTD\data\HLY2502\raw\NABOS_01_02.hex
* Software Version Seasave V 7.26.7.110
* Temperature SN = 6954
* Conductivity SN = 2561
* Number of Bytes Per Scan = 37
* Number of Voltage Words = 4
* Number of Scans Averaged by the Deck Unit = 1
* NMEA Latitude = 73 46.22 N
* NMEA Longitude = 167 42.20 E
* NMEA UTC (Time) = Sep 13 2025  16:38:43
* NMEA baud rate = 9600
** Ship: USCG HEALY
** Bot. Depth:  43
** Cast Number:  02
** Station Name:  NABOS
** Station Number:  01
** Operator:  STARC
# nquan = 24
# nvalues = 15600                       
# units = specified
# name 0 = depSM: Depth [salt water, m]
# name 1 = latitude: Latitude [deg]
# name 2 = longitude: Longitude [deg]
# name 3 = prDM: Pressure, Digiquartz [db]
# name 4 = t090C: Temperature [ITS-90, deg C]
# name 5 = t190C: Temperature, 2 [ITS-90, deg C]
# name 6 = c0mS/cm: Conductivity [mS/cm]
# name 7 = c1mS/cm: Conductivity, 2 [mS/cm]
# name 8 = sal00: Salinity, Practical [PSU]
# name 9 = sal11: Salinity, Practical, 2 [PSU]
# name 10 = sbox0Mm/Kg: Oxygen, SBE 43 [umol/kg]
# name 11 = sbox1Mm/Kg: Oxygen, SBE 43, 2 [umol/kg]
# name 12 = flECO-AFL: Fluorescence, WET Labs ECO-AFL/FL [mg/m^3]
# name 13 = v2: Voltage 2
# name 14 = wetCDOM: Fluorescence, WET Labs CDOM [mg/m^3]
# name 15 = v6: Voltage 6
# name 16 = CStarAt0: Beam Attenuation, WET Labs C-Star [1/m]
# name 17 = v3: Voltage 3
# name 18 = scan: Scan Count
# name 19 = timeM: Time, Elapsed [minutes]
# name 20 = altM: Altimeter [m]
# name 21 = sbeox0V: Oxygen raw, SBE 43 [V]
# name 22 = sbeox1V: Oxygen raw, SBE 43, 2 [V]
# name 23 = flag:  0.000e+00
# span 0 =      2.865,     36.790       
# span 1 =   73.77032,   73.77076       
# span 2 =  167.70326,  167.70592       
# span 3 =      2.895,     37.178       
# span 4 =    -1.4554,    -0.5639       
# span 5 =    -1.4542,    -0.5690       
# span 6 =  22.111501,  23.881732       
# span 7 =  22.110792,  23.877985       
# span 8 =    26.4762,    29.6044       
# span 9 =    26.4743,    29.5985       
# span 10 =    266.928,    379.316      
# span 11 =    261.829,    367.111      
# span 12 =     0.0466,     0.9013      
# span 13 =     4.2234,     4.6300      
# span 14 =     0.0916,     0.1221      
# span 15 =     0.0916,     0.1221      
# span 16 =     0.0506,     0.4186      
# span 17 =     0.0269,     0.0611      
# span 18 =          1,      15600      
# span 19 =     0.0000,    10.8326      
# span 20 =       0.00,     100.00      
# span 21 =     2.0011,     2.6459      
# span 22 =     1.7692,     2.2821      
# span 23 = 0.0000e+00, 0.0000e+00      
# interval = seconds: 0.0416667
# start_time = Sep 13 2025 16:38:43 [NMEA time, header]
# bad_flag = -9.990e-29
*END*
[from data line 3563]
     22.877   73.77040  167.70422     23.117    -1.2678    -1.2589  23.324763  23.313077    28.6760    28.6518    351.712    345.785     0.2602     4.5983     0.1136     0.1136     0.0782     0.0354       3564     2.4743       0.32     2.4811     2.1709 0.0000e+00
     22.877   73.77040  167.70422     23.117    -1.2653    -1.2556  23.321284  23.308250    28.6690    28.6421    351.705    345.776     0.2602     4.5983     0.1136     0.1136     0.0782     0.0354       3565     2.4750       0.32     2.4811     2.1709 -9.990e-29
     22.877   73.77040  167.70422     23.117    -1.2635    -1.2516  23.318604  23.305300    28.6636    28.6343    351.700    345.244     0.2602     4.5995     0.1136     0.1136     0.0771     0.0354       3566     2.4757       0.29     2.4811     2.1685 -9.990e-29
     22.901   73.77040  167.70422     23.142    -1.2619    -1.2504  23.317463  23.304281    28.6605    28.6318    351.693    345.240     0.2602     4.5983     0.1136     0.1136     0.0782     0.0354       3567     2.4764       0.29     2.4811     2.1685 0.0000e+00
     22.942   73.77040  167.70422     23.183    -1.2610    -1.2499  23.316779  23.304013    28.6587    28.6309    351.474    345.238     0.2602     4.5995     0.1136     0.1136     0.0771     0.0354       3568     2.4771       0.32     2.4799     2.1685 0.0000e+00
     22.942   73.77040  167.70422     23.183    -1.2607    -1.2493  23.316836  23.303102    28.6585    28.6291    351.687    345.237     0.2602     4.5995     0.1136     0.1136     0.0771     0.0354       3569     2.4778       0.34     2.4811     2.1685 -9.990e-29
     23.000   73.77040  167.70422     23.241    -1.2602    -1.2487  23.317178  23.301976    28.6585    28.6270    351.253    345.495     0.2297     4.5983     0.1136     0.1136     0.0782     0.0342       3570     2.4785       0.37     2.4786     2.1697 0.0000e+00
     22.942   73.77040  167.70422     23.183    -1.2602    -1.2478  23.316608  23.300957    28.6578    28.6248    351.253    345.233     0.2297     4.5983     0.1136     0.1136     0.0782     0.0342       3571     2.4792       0.42     2.4786     2.1685 -9.990e-29
     23.016   73.77040  167.70422     23.258    -1.2594    -1.2474  23.315353  23.300313    28.6553    28.6235    351.471    344.980     0.2602     4.5995     0.1136     0.1136     0.0771     0.0354       3572     2.4799       0.44     2.4799     2.1673 0.0000e+00
     23.065   73.77040  167.70422     23.307    -1.2579    -1.2470  23.311932  23.298865    28.6491    28.6212    351.041    345.240     0.2602     4.5983     0.1136     0.1136     0.0782     0.0354       3573     2.4806       0.44     2.4774     2.1685 0.0000e+00
     23.000   73.77040  167.70422     23.241    -1.2554    -1.2464  23.308225  23.298061    28.6418    28.6195    351.032    345.235     0.2602     4.5995     0.1136     0.1136     0.0771     0.0354       3574     2.4813       0.42     2.4774     2.1685 -9.990e-29
     23.065   73.77040  167.70422     23.307    -1.2538    -1.2464  23.304348  23.297793    28.6350    28.6191    351.037    345.495     0.2602     4.5995     0.1136     0.1136     0.0771     0.0354       3575     2.4819       0.39     2.4774     2.1697 -9.990e-29
     23.065   73.77040  167.70422     23.307    -1.2517    -1.2462  23.300586  23.296935    28.6280    28.6178    351.034    345.241     0.2602     4.5995     0.1136     0.1136     0.0771     0.0354       3576     2.4826       0.37     2.4774     2.1685 -9.990e-29
     23.139   73.77040  167.70422     23.382    -1.2502    -1.2458  23.298077  23.296399    28.6231    28.6166    350.818    344.988     0.2602     4.5983     0.1136     0.1136     0.0782     0.0354       3577     2.4833       0.39     2.4762     2.1673 0.0000e+00
     23.123   73.77040  167.70422     23.365    -1.2486    -1.2461  23.297051  23.296506    28.6202    28.6170    350.809    344.733     0.2602     4.5983     0.1136     0.1136     0.0782     0.0354       3578     2.4840       0.42     2.4762     2.1661 -9.990e-29
     23.123   73.77040  167.70422     23.365    -1.2483    -1.2464  23.297222  23.296882    28.6202    28.6179    350.806    344.479     0.2602     4.5934     0.1136     0.1136     0.0824     0.0354       3579     2.4847       0.42     2.4762     2.1648 -9.990e-29
     23.180   73.77040  167.70422     23.423    -1.2480    -1.2461  23.298077  23.296399    28.6210    28.6169    350.803    344.737     0.2602     4.5897     0.1136     0.1136     0.0856     0.0354       3580     2.4854       0.42     2.4762     2.1661 0.0000e+00
     23.180   73.77040  167.70422     23.423    -1.2483    -1.2456  23.300586  23.294201    28.6247    28.6135    350.580    344.741     0.2602     4.5885     0.1136     0.1136     0.0867     0.0354       3581     2.4861       0.42     2.4750     2.1661 -9.990e-29
     23.205   73.77040  167.70422     23.448    -1.2520    -1.2455  23.306230  23.294040    28.6358    28.6132    350.374    344.742     0.2602     4.5897     0.1136     0.1136     0.0856     0.0354       3582     2.4868       0.44     2.4737     2.1661 0.0000e+00
     23.180   73.77040  167.70422     23.423    -1.2550    -1.2462  23.310735  23.294898    28.6447    28.6149    350.812    344.487     0.2602     4.5897     0.1136     0.1136     0.0856     0.0354       3583     2.4875       0.44     2.4762     2.1648 -9.990e-29
     23.246   73.77040  167.70422     23.490    -1.2577    -1.2468  23.315411  23.295756    28.6536    28.6167    350.388    344.237     0.2908     4.5897     0.1136     0.1136     0.0856     0.0366       3584     2.4882       0.49     2.4737     2.1636 0.0000e+00
     23.246   73.77040  167.70422     23.490    -1.2625    -1.2472  23.325904  23.296936    28.6723    28.6186    350.387    343.980     0.2908     4.5897     0.1136     0.1136     0.0856     0.0366       3585     2.4889       0.49     2.4737     2.1624 -9.990e-29
     23.262   73.77040  167.70422     23.506    -1.2701    -1.2475  23.337255  23.297257    28.6948    28.6193    350.407    343.982     0.2908     4.5897     0.1148     0.1148     0.0856     0.0366       3586     2.4896       0.51     2.4737     2.1624 0.0000e+00
     23.361   73.77040  167.70424     23.606    -1.2758    -1.2464  23.343758  23.295649    28.7090    28.6161    350.217    344.239     0.2908     4.5897     0.1148     0.1148     0.0856     0.0366       3587     2.4903       0.44     2.4725     2.1636 0.0000e+00
     23.303   73.77040  167.70424     23.548    -1.2775    -1.2452  23.345242  23.293665    28.7127    28.6122    350.439    344.489     0.2908     4.5897     0.1148     0.1148     0.0856     0.0366       3588     2.4910       0.37     2.4737     2.1648 -9.990e-29
     23.303   73.77040  167.70424     23.548    -1.2764    -1.2444  23.338795  23.292539    28.7029    28.6100    350.238    344.743     0.2908     4.5897     0.1148     0.1148     0.0856     0.0366       3589     2.4917       0.34     2.4725     2.1661 -9.990e-29
     23.361   73.77040  167.70424     23.606    -1.2732    -1.2453  23.330924  23.294630    28.6892    28.6137    350.028    344.745     0.2908     4.5897     0.1148     0.1148     0.0856     0.0366       3590     2.4924       0.34     2.4713     2.1661 -9.990e-29
     23.385   73.77040  167.70424     23.631    -1.2719    -1.2498  23.331266  23.301869    28.6884    28.6277    350.018    344.755     0.2908     4.5897     0.1148     0.1148     0.0856     0.0366       3591     2.4931       0.32     2.4713     2.1661 0.0000e+00
     23.361   73.77040  167.70424     23.606    -1.2750    -1.2582  23.339879  23.314848    28.7031    28.6532    350.010    344.518     0.2908     4.5897     0.1148     0.1148     0.0856     0.0366       3592     2.4937       0.39     2.4713     2.1648 -9.990e-29
     23.426   73.77040  167.70424     23.672    -1.2793    -1.2661  23.347809  23.328956    28.7178    28.6797    350.018    344.276     0.2908     4.5897     0.1148     0.1148     0.0856     0.0366       3593     2.4944       0.39     2.4713     2.1636 0.0000e+00
     23.426   73.77040  167.70424     23.672    -1.2827    -1.2734  23.354257  23.341886    28.7298    28.7042    349.805    344.031     0.2908     4.5897     0.1148     0.1148     0.0856     0.0366       3594     2.4951       0.39     2.4701     2.1624 -9.990e-29
     23.426   73.77040  167.70424     23.672    -1.2883    -1.2805  23.360362  23.351330    28.7434    28.7237    349.827    344.053     0.2908     4.5897     0.1148     0.1148     0.0856     0.0366       3595     2.4958       0.39     2.4701     2.1624 -9.990e-29
     23.500   73.77040  167.70424     23.747    -1.2930    -1.2857  23.364985  23.356590    28.7541    28.7358    349.852    344.079     0.2908     4.5897     0.1148     0.1148     0.0856     0.0366       3596     2.4965       0.37     2.4701     2.1624 0.0000e+00
     23.484   73.77040  167.70424     23.730    -1.2956    -1.2902  23.366925  23.359757    28.7593    28.7443    350.081    343.846     0.2908     4.5897     0.1148     0.1148     0.0856     0.0366       3597     2.4972       0.34     2.4713     2.1612 -9.990e-29
     23.549   73.77040  167.70424     23.796    -1.2970    -1.2922  23.366640  23.360777    28.7602    28.7476    349.664    343.861     0.2602     4.5885     0.1148     0.1148     0.0867     0.0354       3598     2.4979       0.29     2.4689     2.1612 0.0000e+00
     23.484   73.77040  167.70424     23.730    -1.2975    -1.2934  23.365955  23.361582    28.7597    28.7499    349.667    343.865     0.2908     4.5946     0.1148     0.1148     0.0813     0.0366       3599     2.4986       0.22     2.4689     2.1612 -9.990e-29
     23.549   73.77040  167.70424     23.796    -1.2974    -1.2941  23.365670  23.360616    28.7592    28.7493    349.671    344.133     0.2908     4.6007     0.1148     0.1148     0.0760     0.0366       3600     2.4993       0.22     2.4689     2.1624 -9.990e-29
     23.566   73.77040  167.70424     23.813    -1.2974    -1.2935  23.365955  23.357933    28.7596    28.7451    349.454    344.395     0.2908     4.6032     0.1148     0.1148     0.0739     0.0366       3601     2.5000       0.22     2.4676     2.1636 0.0000e+00
     23.607   73.77040  167.70424     23.855    -1.2971    -1.2911  23.365727  23.354552    28.7590    28.7381    349.671    344.389     0.2908     4.6032     0.1148     0.1148     0.0739     0.0366       3602     2.5007       0.22     2.4689     2.1636 0.0000e+00
     23.607   73.77040  167.70424     23.855    -1.2968    -1.2890  23.364928  23.352083    28.7576    28.7328    349.455    344.382     0.2908     4.6032     0.1148     0.1148     0.0739     0.0366       3603     2.5014       0.22     2.4676     2.1636 -9.990e-29
     23.607   73.77040  167.70424     23.855    -1.2958    -1.2891  23.363159  23.352244    28.7543    28.7331    349.454    344.382     0.2908     4.6032     0.1148     0.1148     0.0739     0.0366       3604     2.5021       0.24     2.4676     2.1636 -9.990e-29
     23.607   73.77040  167.70424     23.855    -1.2952    -1.2879  23.362246  23.351546    28.7525    28.7310    349.236    344.631     0.2602     4.6020     0.1148     0.1148     0.0750     0.0354       3605     2.5028       0.24     2.4664     2.1648 -9.990e-29
     23.689   73.77040  167.70424     23.937    -1.2948    -1.2876  23.360877  23.351278    28.7501    28.7303    349.458    344.122     0.2297     4.6032     0.1148     0.1148     0.0739     0.0342       3606     2.5035       0.24     2.4676     2.1624 0.0000e+00
     23.664   73.77040  167.70424     23.913    -1.2936    -1.2871  23.358880  23.350634    28.7464    28.7290    349.239    344.119     0.2297     4.6020     0.1148     0.1148     0.0750     0.0342       3607     2.5042       0.22     2.4664     2.1624 -9.990e-29
     23.730   73.77040  167.70424     23.979    -1.2924    -1.2857  23.357339  23.348809    28.7431    28.7252    349.238    344.118     0.2297     4.6032     0.1148     0.1148     0.0739     0.0342       3608     2.5049       0.20     2.4664     2.1624 0.0000e+00
     23.664   73.77040  167.70424     23.913    -1.2921    -1.2857  23.358480  23.348112    28.7444    28.7242    349.013    344.117     0.2297     4.6032     0.1148     0.1148     0.0739     0.0342       3609     2.5056       0.22     2.4652     2.1624 -9.990e-29
     23.730   73.77040  167.70424     23.979    -1.2937    -1.2847  23.362189  23.347736    28.7509    28.7227    349.015    344.114     0.2297     4.6020     0.1148     0.1148     0.0750     0.0342       3610     2.5063       0.27     2.4652     2.1624 -9.990e-29
     23.746   73.77040  167.70424     23.995    -1.2964    -1.2838  23.366583  23.347253    28.7594    28.7212    349.021    344.109     0.2297     4.6032     0.1148     0.1148     0.0739     0.0342       3611     2.5069       0.29     2.4652     2.1624 0.0000e+00
     23.787   73.77040  167.70424     24.037    -1.2984    -1.2863  23.370122  23.349937    28.7661    28.7272    349.026    343.610     0.2297     4.6020     0.1148     0.1148     0.0750     0.0342       3612     2.5076       0.34     2.4652     2.1600 0.0000e+00
     23.845   73.77040  167.70424     24.095    -1.2998    -1.2902  23.371663  23.355250    28.7695    28.7381    348.818    343.368     0.2297     4.6032     0.1172     0.1172     0.0739     0.0342       3613     2.5083       0.34     2.4640     2.1587 0.0000e+00
     23.787   73.77040  167.70424     24.037    -1.3009    -1.2922  23.372804  23.359489    28.7721    28.7457    348.820    343.366     0.2297     4.6020     0.1184     0.1184     0.0750     0.0342       3614     2.5090       0.32     2.4640     2.1587 -9.990e-29
     23.845   73.77040  167.70424     24.095    -1.3015    -1.2946  23.373261  23.363408    28.7733    28.7533    349.042    343.118     0.2297     4.6032     0.1184     0.1184     0.0739     0.0342       3615     2.5097       0.32     2.4652     2.1575 -9.990e-29
     23.869   73.77040  167.70424     24.120    -1.3017    -1.2963  23.373490  23.365984    28.7737    28.7584    348.827    343.123     0.2297     4.6032     0.1184     0.1184     0.0739     0.0342       3616     2.5104       0.37     2.4640     2.1575 0.0000e+00
     23.845   73.77040  167.70424     24.095    -1.3020    -1.2976  23.373547  23.368453    28.7741    28.7630    348.612    343.123     0.1992     4.6032     0.1184     0.1184     0.0739     0.0330       3617     2.5111       0.34     2.4628     2.1575 -9.990e-29
     23.845   73.77040  167.70424     24.095    -1.3025    -1.2989  23.373547  23.370117    28.7746    28.7665    348.616    342.871     0.2297     4.6032     0.1184     0.1184     0.0739     0.0342       3618     2.5118       0.34     2.4628     2.1563 -9.990e-29
     23.968   73.77040  167.70424     24.219    -1.3025    -1.2997  23.374917  23.370977    28.7763    28.7683    348.617    342.880     0.2297     4.6007     0.1184     0.1184     0.0760     0.0342       3619     2.5125       0.34     2.4628     2.1563 0.0000e+00
     23.845   73.77040  167.70424     24.095    -1.3032    -1.3003  23.376286  23.371030    28.7790    28.7690    348.396    342.879     0.2297     4.5983     0.1184     0.1184     0.0782     0.0342       3620     2.5132       0.34     2.4615     2.1563 -9.990e-29
     23.984   73.77040  167.70424     24.236    -1.3035    -1.3003  23.376572  23.370601    28.7796    28.7684    348.404    343.143     0.2297     4.5971     0.1184     0.1184     0.0792     0.0342       3621     2.5139       0.34     2.4615     2.1575 0.0000e+00
     23.968   73.77040  167.70424     24.219    -1.3032    -1.3004  23.375887  23.370494    28.7784    28.7684    348.403    343.143     0.2297     4.5971     0.1184     0.1184     0.0792     0.0342       3622     2.5146       0.34     2.4615     2.1575 -9.990e-29
