Continuous CTD Data/01_SBE Stage/nabos_37_01avg.cnv
* Sea-Bird SBE 9 Data File:
* FileName = D:\CTD\data\HLY2502\raw\NABOS_37_01.hex
* Software Version Seasave V 7.26.7.110
* Temperature SN = 6954
* Conductivity SN = 2561
* Number of Bytes Per Scan = 37
* Number of Voltage Words = 4
* Number of Scans Averaged by the Deck Unit = 1
* NMEA Latitude = 79 03.75 N
* NMEA Longitude = 130 24.14 E
* NMEA UTC (Time) = Sep 24 2025  20:20:46
* NMEA baud rate = 9600
** Ship: USCG HEALY
** Bot. Depth:  3116
** Cast Number:  01
** Station Name:  NABOS
** Station Number:  37
** Operator:  STARC
# nquan = 25
# nvalues = 1216                        
# units = specified
# name 0 = depSM: Depth [salt water, m]
# name 1 = latitude: Latitude [deg]
# name 2 = longitude: Longitude [deg]
# name 3 = prDM: Pressure, Digiquartz [db]
# name 4 = t090C: Temperature [ITS-90, deg C]
# name 5 = t190C: Temperature, 2 [ITS-90, deg C]
# name 6 = c0mS/cm: Conductivity [mS/cm]
# name 7 = c1mS/cm: Conductivity, 2 [mS/cm]
# name 8 = sal00: Salinity, Practical [PSU]
# name 9 = sal11: Salinity, Practical, 2 [PSU]
# name 10 = sbox0Mm/Kg: Oxygen, SBE 43 [umol/kg]
# name 11 = sbox1Mm/Kg: Oxygen, SBE 43, 2 [umol/kg]
# name 12 = flECO-AFL: Fluorescence, WET Labs ECO-AFL/FL [mg/m^3]
# name 13 = v2: Voltage 2
# name 14 = wetCDOM: Fluorescence, WET Labs CDOM [mg/m^3]
# name 15 = v6: Voltage 6
# name 16 = CStarAt0: Beam Attenuation, WET Labs C-Star [1/m]
# name 17 = v3: Voltage 3
# name 18 = scan: Scan Count
# name 19 = timeM: Time, Elapsed [minutes]
# name 20 = altM: Altimeter [m]
# name 21 = sbeox0V: Oxygen raw, SBE 43 [V]
# name 22 = sbeox1V: Oxygen raw, SBE 43, 2 [V]
# name 23 = nbin: number of scans per bin
# name 24 = flag: flag
# span 0 =      2.968,   1201.631       
# span 1 =   79.06314,   79.06776       
# span 2 =  130.38762,  130.39960       
# span 3 =      3.000,   1218.000       
# span 4 =    -1.8388,     1.9191       
# span 5 =    -1.8382,     1.9191       
# span 6 =  23.287123,  30.720229       
# span 7 =  23.286515,  30.718471       
# span 8 =    28.9256,    34.9089       
# span 9 =    28.9241,    34.9068       
# span 10 =    288.091,    377.094      
# span 11 =    -35.341,    372.162      
# span 12 =    -0.1787,     0.3931      
# span 13 =     4.5095,     4.6317      
# span 14 =     0.0718,     0.1371      
# span 15 =     0.0718,     0.1371      
# span 16 =     0.0492,     0.1562      
# span 17 =     0.0178,     0.0407      
# span 18 =       5443,      46844      
# span 19 =     3.7793,    32.5302      
# span 20 =      28.19,     100.00      
# span 21 =     1.9951,     2.6704      
# span 22 =     0.3324,     2.3350      
# span 23 =         11,         28      
# span 24 = 0.0000e+00, 0.0000e+00      
# interval = decibars: 1                
# start_time = Sep 24 2025 20:20:46 [NMEA time, header]
# bad_flag = -9.990e-29
*END*
[from data line 1102]
   1090.443   79.06692  130.39056   1105.000    -0.2019    -0.2020  29.289221  29.287606    34.9065    34.9044    289.440    286.096    -0.1601     4.6267     0.0847     0.0847     0.0536     0.0186      38775    26.9263     100.00     2.0307     1.8035         16 0.0000e+00
   1091.427   79.06692  130.39056   1106.000    -0.2033    -0.2033  29.288413  29.286951    34.9065    34.9045    289.412    286.164    -0.1541     4.6278     0.0842     0.0842     0.0525     0.0188      38803    26.9459     100.00     2.0303     1.8036         14 0.0000e+00
   1092.411   79.06692  130.39056   1107.000    -0.2043    -0.2043  29.288099  29.286600    34.9066    34.9046    289.313    285.828    -0.1434     4.6282     0.0843     0.0843     0.0522     0.0192      38833    26.9666     100.00     2.0295     1.8019         14 0.0000e+00
   1093.395   79.06694  130.39054   1108.000    -0.2052    -0.2054  29.287580  29.285959    34.9064    34.9044    289.292    286.049    -0.1637     4.6283     0.0833     0.0833     0.0521     0.0184      38861    26.9863     100.00     2.0291     1.8026         15 0.0000e+00
   1094.380   79.06694  130.39054   1109.000    -0.2067    -0.2067  29.286866  29.285271    34.9065    34.9045    289.222    286.501    -0.1515     4.6285     0.0839     0.0839     0.0520     0.0189      38888    27.0052     100.00     2.0285     1.8045         11 0.0000e+00
   1095.364   79.06694  130.39054   1110.000    -0.2089    -0.2089  29.285451  29.283830    34.9066    34.9045    289.206    285.948    -0.1726     4.6286     0.0842     0.0842     0.0518     0.0181      38915    27.0239     100.00     2.0281     1.8017         16 0.0000e+00
   1096.348   79.06694  130.39053   1111.000    -0.2103    -0.2104  29.284782  29.283020    34.9067    34.9045    289.158    286.008    -0.1482     4.6284     0.0851     0.0851     0.0521     0.0191      38943    27.0431     100.00     2.0276     1.8018         14 0.0000e+00
   1097.332   79.06694  130.39052   1112.000    -0.2122    -0.2123  29.283559  29.281912    34.9067    34.9046    289.195    285.778    -0.1623     4.6283     0.0846     0.0846     0.0521     0.0185      38972    27.0631     100.00     2.0275     1.8005         14 0.0000e+00
   1098.317   79.06696  130.39052   1113.000    -0.2127    -0.2128  29.283503  29.281815    34.9066    34.9045    289.130    285.621    -0.1734     4.6278     0.0852     0.0852     0.0525     0.0181      39000    27.0829     100.00     2.0270     1.7996         15 0.0000e+00
   1099.301   79.06696  130.39051   1114.000    -0.2141    -0.2141  29.282734  29.281142    34.9066    34.9045    289.078    285.998    -0.1672     4.6283     0.0855     0.0855     0.0521     0.0183      39028    27.1022     100.00     2.0264     1.8011         16 0.0000e+00
   1100.285   79.06696  130.39050   1115.000    -0.2151    -0.2152  29.282394  29.280735    34.9067    34.9046    289.140    285.891    -0.1473     4.6287     0.0844     0.0844     0.0518     0.0191      39055    27.1212     100.00     2.0265     1.8004         14 0.0000e+00
   1101.269   79.06696  130.39050   1116.000    -0.2158    -0.2159  29.282125  29.280517    34.9066    34.9045    289.169    285.486    -0.1606     4.6286     0.0842     0.0842     0.0518     0.0186      39083    27.1404     100.00     2.0264     1.7984         14 0.0000e+00
   1102.253   79.06696  130.39050   1117.000    -0.2175    -0.2174  29.281244  29.279603    34.9067    34.9045    289.271    285.924    -0.1358     4.6287     0.0842     0.0842     0.0518     0.0195      39112    27.1605     100.00     2.0266     1.8001         15 0.0000e+00
   1103.237   79.06696  130.39048   1118.000    -0.2184    -0.2185  29.280775  29.279254    34.9065    34.9046    289.152    285.959    -0.1787     4.6285     0.0843     0.0843     0.0520     0.0178      39140    27.1799     100.00     2.0258     1.8001         11 0.0000e+00
   1104.222   79.06698  130.39048   1119.000    -0.2190    -0.2190  29.280720  29.279145    34.9067    34.9045    289.177    285.604    -0.1712     4.6279     0.0842     0.0842     0.0524     0.0181      39168    27.1992     100.00     2.0257     1.7983         15 0.0000e+00
   1105.206   79.06698  130.39048   1120.000    -0.2202    -0.2203  29.280234  29.278525    34.9068    34.9046    289.249    285.719    -0.1715     4.6284     0.0854     0.0854     0.0521     0.0181      39195    27.2182     100.00     2.0258     1.7986         14 0.0000e+00
   1106.190   79.06698  130.39046   1121.000    -0.2216    -0.2217  29.279375  29.277783    34.9066    34.9046    289.269    285.855    -0.1670     4.6277     0.0855     0.0855     0.0526     0.0183      39223    27.2378     100.00     2.0256     1.7990         11 0.0000e+00
   1107.174   79.06698  130.39046   1122.000    -0.2242    -0.2242  29.277844  29.276149    34.9069    34.9047    289.199    286.018    -0.1691     4.6285     0.0855     0.0855     0.0520     0.0182      39252    27.2574     100.00     2.0250     1.7994         15 0.0000e+00
   1108.158   79.06698  130.39045   1123.000    -0.2252    -0.2252  29.277420  29.275821    34.9069    34.9048    289.137    285.784    -0.1671     4.6288     0.0855     0.0855     0.0517     0.0183      39280    27.2768     100.00     2.0244     1.7982         15 0.0000e+00
   1109.142   79.06698  130.39044   1124.000    -0.2268    -0.2268  29.276496  29.274801    34.9070    34.9048    289.100    286.133    -0.1751     4.6281     0.0831     0.0831     0.0523     0.0180      39308    27.2963     100.00     2.0239     1.7995         15 0.0000e+00
   1110.126   79.06700  130.39044   1125.000    -0.2279    -0.2279  29.276024  29.274355    34.9070    34.9048    289.000    285.981    -0.1715     4.6284     0.0842     0.0842     0.0521     0.0181      39336    27.3158     100.00     2.0232     1.7986         14 0.0000e+00
   1111.111   79.06700  130.39043   1126.000    -0.2289    -0.2289  29.275500  29.273907    34.9069    34.9048    288.880    285.975    -0.1690     4.6293     0.0843     0.0843     0.0512     0.0182      39364    27.3351     100.00     2.0223     1.7984         17 0.0000e+00
   1112.095   79.06700  130.39042   1127.000    -0.2305    -0.2305  29.274590  29.273015    34.9069    34.9048    288.917    286.001    -0.1597     4.6285     0.0855     0.0855     0.0519     0.0186      39391    27.3541     100.00     2.0222     1.7983         12 0.0000e+00
   1113.079   79.06700  130.39042   1128.000    -0.2312    -0.2313  29.274423  29.272766    34.9069    34.9049    288.948    285.730    -0.1478     4.6291     0.0852     0.0852     0.0514     0.0191      39419    27.3737     100.00     2.0221     1.7969         16 0.0000e+00
   1114.063   79.06700  130.39041   1129.000    -0.2333    -0.2333  29.273139  29.271559    34.9070    34.9050    289.069    285.964    -0.1280     4.6288     0.0835     0.0835     0.0517     0.0199      39448    27.3936     100.00     2.0225     1.7977         14 0.0000e+00
   1115.047   79.06702  130.39040   1130.000    -0.2347    -0.2347  29.272425  29.270849    34.9071    34.9051    288.954    286.086    -0.1424     4.6289     0.0855     0.0855     0.0516     0.0193      39476    27.4131     100.00     2.0216     1.7980         16 0.0000e+00
   1116.031   79.06702  130.39040   1131.000    -0.2359    -0.2359  29.271800  29.270258    34.9070    34.9051    288.888    286.164    -0.1519     4.6287     0.0854     0.0854     0.0518     0.0189      39503    27.4321     100.00     2.0210     1.7981         14 0.0000e+00
   1117.015   79.06702  130.39040   1132.000    -0.2371    -0.2371  29.271295  29.269681    34.9071    34.9050    288.845    286.144    -0.1547     4.6290     0.0840     0.0840     0.0515     0.0188      39531    27.4511     100.00     2.0205     1.7978         17 0.0000e+00
   1117.999   79.06702  130.39038   1133.000    -0.2376    -0.2376  29.271329  29.269724    34.9072    34.9051    288.897    285.166    -0.1735     4.6293     0.0833     0.0833     0.0513     0.0180      39559    27.4709     100.00     2.0206     1.7933         15 0.0000e+00
   1118.984   79.06702  130.39037   1134.000    -0.2389    -0.2389  29.270758  29.269063    34.9074    34.9052    288.854    285.661    -0.1653     4.6292     0.0846     0.0846     0.0514     0.0184      39588    27.4907     100.00     2.0201     1.7952         20 0.0000e+00
   1119.968   79.06702  130.39036   1135.000    -0.2404    -0.2404  29.269997  29.268344    34.9075    34.9053    288.779    286.159    -0.1365     4.6298     0.0855     0.0855     0.0508     0.0195      39615    27.5097     100.00     2.0194     1.7973         16 0.0000e+00
   1120.952   79.06703  130.39036   1136.000    -0.2414    -0.2415  29.269433  29.267804    34.9073    34.9053    288.819    286.003    -0.1316     4.6293     0.0850     0.0850     0.0512     0.0197      39642    27.5287     100.00     2.0194     1.7964         20 0.0000e+00
   1121.936   79.06704  130.39036   1137.000    -0.2436    -0.2436  29.268013  29.266471    34.9074    34.9053    288.879    285.934    -0.1569     4.6284     0.0830     0.0830     0.0520     0.0187      39670    27.5477     100.00     2.0194     1.7958         19 0.0000e+00
   1122.920   79.06704  130.39034   1138.000    -0.2441    -0.2441  29.268178  29.266514    34.9075    34.9054    288.875    286.338    -0.1364     4.6292     0.0838     0.0838     0.0513     0.0195      39699    27.5677     100.00     2.0191     1.7974         22 0.0000e+00
   1123.904   79.06704  130.39034   1139.000    -0.2448    -0.2449  29.267917  29.266267    34.9074    34.9053    288.881    285.752    -0.1417     4.6300     0.0853     0.0853     0.0506     0.0193      39727    27.5873     100.00     2.0189     1.7946         19 0.0000e+00
   1124.888   79.06704  130.39032   1140.000    -0.2470    -0.2470  29.266476  29.264818    34.9074    34.9053    288.842    285.800    -0.1455     4.6291     0.0842     0.0842     0.0514     0.0192      39754    27.6065     100.00     2.0184     1.7946         17 0.0000e+00
   1125.872   79.06704  130.39032   1141.000    -0.2500    -0.2501  29.264448  29.262756    34.9076    34.9055    288.889    285.190    -0.1612     4.6298     0.0847     0.0847     0.0508     0.0185      39782    27.6257     100.00     2.0183     1.7916         21 0.0000e+00
   1126.856   79.06705  130.39031   1142.000    -0.2508    -0.2509  29.264198  29.262489    34.9076    34.9055    288.955    285.536    -0.1686     4.6294     0.0843     0.0843     0.0512     0.0182      39810    27.6450     100.00     2.0184     1.7929         16 0.0000e+00
   1127.840   79.06706  130.39030   1143.000    -0.2508    -0.2509  29.264624  29.262946    34.9076    34.9055    288.912    286.277    -0.1686     4.6296     0.0836     0.0836     0.0509     0.0182      39838    27.6645     100.00     2.0180     1.7960         20 0.0000e+00
   1128.824   79.06706  130.39030   1144.000    -0.2515    -0.2516  29.264354  29.262682    34.9075    34.9054    288.905    285.659    -0.1542     4.6295     0.0848     0.0848     0.0511     0.0188      39865    27.6835     100.00     2.0177     1.7931         19 0.0000e+00
   1129.808   79.06706  130.39028   1145.000    -0.2546    -0.2546  29.262180  29.260678    34.9075    34.9056    288.994    285.426    -0.1318     4.6288     0.0845     0.0845     0.0517     0.0197      39893    27.7026     100.00     2.0179     1.7918         17 0.0000e+00
   1130.792   79.06706  130.39027   1146.000    -0.2552    -0.2552  29.262160  29.260539    34.9076    34.9054    288.990    285.770    -0.1351     4.6293     0.0841     0.0841     0.0512     0.0196      39922    27.7227     100.00     2.0176     1.7931         19 0.0000e+00
   1131.776   79.06707  130.39026   1147.000    -0.2565    -0.2566  29.261391  29.259922    34.9075    34.9056    288.977    285.970    -0.1623     4.6298     0.0855     0.0855     0.0508     0.0185      39950    27.7425     100.00     2.0173     1.7938         20 0.0000e+00
   1132.760   79.06708  130.39026   1148.000    -0.2571    -0.2571  29.261415  29.259683    34.9077    34.9054    288.877    285.640    -0.1338     4.6297     0.0848     0.0848     0.0509     0.0196      39977    27.7613     100.00     2.0165     1.7921         17 0.0000e+00
   1133.745   79.06708  130.39024   1149.000    -0.2575    -0.2575  29.261564  29.259940    34.9077    34.9056    288.893    285.681    -0.1512     4.6290     0.0836     0.0836     0.0515     0.0189      40004    27.7797     100.00     2.0164     1.7921         18 0.0000e+00
   1134.728   79.06708  130.39024   1150.000    -0.2591    -0.2591  29.260723  29.259033    34.9078    34.9056    288.945    286.072    -0.1705     4.6283     0.0830     0.0830     0.0521     0.0182      40031    27.7986     100.00     2.0164     1.7937         18 0.0000e+00
   1135.712   79.06708  130.39023   1151.000    -0.2613    -0.2613  29.259322  29.257614    34.9080    34.9057    288.914    286.084    -0.1705     4.6293     0.0837     0.0837     0.0512     0.0182      40060    27.8190     100.00     2.0159     1.7934         18 0.0000e+00
   1136.697   79.06708  130.39022   1152.000    -0.2636    -0.2635  29.257788  29.256252    34.9079    34.9058    288.922    285.922    -0.1712     4.6293     0.0851     0.0851     0.0513     0.0181      40089    27.8390     100.00     2.0157     1.7925         15 0.0000e+00
   1137.680   79.06709  130.39021   1153.000    -0.2639    -0.2640  29.257958  29.256398    34.9080    34.9060    289.001    285.861    -0.1715     4.6298     0.0840     0.0840     0.0507     0.0181      40116    27.8573     100.00     2.0159     1.7920         14 0.0000e+00
   1138.665   79.06710  130.39020   1154.000    -0.2651    -0.2651  29.257451  29.255859    34.9080    34.9059    289.072    285.833    -0.1461     4.6299     0.0844     0.0844     0.0507     0.0191      40143    27.8761     100.00     2.0160     1.7917         16 0.0000e+00
   1139.648   79.06710  130.39020   1155.000    -0.2660    -0.2661  29.257064  29.255460    34.9080    34.9059    289.074    285.942    -0.1704     4.6300     0.0842     0.0842     0.0506     0.0182      40171    27.8957     100.00     2.0157     1.7920         18 0.0000e+00
   1140.632   79.06710  130.39018   1156.000    -0.2672    -0.2672  29.256480  29.254943    34.9080    34.9060    289.129    285.781    -0.1671     4.6299     0.0838     0.0838     0.0507     0.0183      40200    27.9159     100.00     2.0158     1.7910         15 0.0000e+00
   1141.616   79.06711  130.39017   1157.000    -0.2688    -0.2688  29.255441  29.253913    34.9078    34.9059    289.137    285.336    -0.1553     4.6299     0.0842     0.0842     0.0507     0.0188      40228    27.9354     100.00     2.0155     1.7888         15 0.0000e+00
   1142.600   79.06712  130.39016   1158.000    -0.2698    -0.2699  29.255236  29.253585    34.9081    34.9060    289.142    285.882    -0.1471     4.6299     0.0851     0.0851     0.0507     0.0191      40255    27.9541     100.00     2.0153     1.7910         17 0.0000e+00
   1143.584   79.06712  130.39016   1159.000    -0.2703    -0.2704  29.255127  29.253560    34.9080    34.9060    289.063    285.920    -0.1318     4.6301     0.0846     0.0846     0.0505     0.0197      40282    27.9726     100.00     2.0147     1.7910         18 0.0000e+00
   1144.568   79.06712  130.39015   1160.000    -0.2714    -0.2714  29.254620  29.253106    34.9080    34.9060    288.975    286.033    -0.1676     4.6295     0.0842     0.0842     0.0511     0.0183      40309    27.9917     100.00     2.0140     1.7913         16 0.0000e+00
   1145.552   79.06712  130.39014   1161.000    -0.2739    -0.2740  29.252929  29.251315    34.9080    34.9059    288.887    285.442    -0.1693     4.6299     0.0852     0.0852     0.0507     0.0182      40338    28.0119     100.00     2.0132     1.7884         14 0.0000e+00
