Continuous CTD Data/01_SBE Stage/nabos_09_02.ros
* Sea-Bird SBE 9 Data File:
* FileName = D:\CTD\data\HLY2502\raw\NABOS_09_02.hex
* Software Version Seasave V 7.26.7.110
* Temperature SN = 6954
* Conductivity SN = 2561
* Number of Bytes Per Scan = 37
* Number of Voltage Words = 4
* Number of Scans Averaged by the Deck Unit = 1
* NMEA Latitude = 76 20.13 N
* NMEA Longitude = 178 35.91 E
* NMEA UTC (Time) = Sep 15 2025  05:01:14
* NMEA baud rate = 9600
** Ship: USCG HEALY
** Bot. Depth:  1161
** Cast Number:  02
** Station Name:  NABOS
** Station Number:  09
** Operator:  STARC
# nquan = 25
# nvalues = 980                                   
# units = specified
# name 0 = depSM: Depth [salt water, m]
# name 1 = latitude: Latitude [deg]
# name 2 = longitude: Longitude [deg]
# name 3 = prDM: Pressure, Digiquartz [db]
# name 4 = t090C: Temperature [ITS-90, deg C]
# name 5 = t190C: Temperature, 2 [ITS-90, deg C]
# name 6 = c0mS/cm: Conductivity [mS/cm]
# name 7 = c1mS/cm: Conductivity, 2 [mS/cm]
# name 8 = sal00: Salinity, Practical [PSU]
# name 9 = sal11: Salinity, Practical, 2 [PSU]
# name 10 = sbox0Mm/Kg: Oxygen, SBE 43 [umol/kg]
# name 11 = sbox1Mm/Kg: Oxygen, SBE 43, 2 [umol/kg]
# name 12 = flECO-AFL: Fluorescence, WET Labs ECO-AFL/FL [mg/m^3]
# name 13 = v2: Voltage 2
# name 14 = wetCDOM: Fluorescence, WET Labs CDOM [mg/m^3]
# name 15 = v6: Voltage 6
# name 16 = CStarAt0: Beam Attenuation, WET Labs C-Star [1/m]
# name 17 = v3: Voltage 3
# name 18 = scan: Scan Count
# name 19 = timeM: Time, Elapsed [minutes]
# name 20 = altM: Altimeter [m]
# name 21 = sbeox0V: Oxygen raw, SBE 43 [V]
# name 22 = sbeox1V: Oxygen raw, SBE 43, 2 [V]
# name 23 = nbf: Bottles Fired
# name 24 = flag:  0.000e+00
# interval = seconds: 0.0416667
# start_time = Sep 15 2025 05:01:14 [NMEA time, header]
# bad_flag = -9.990e-29
*END*
[from data line 870]
     20.212   76.33626  178.59568     20.427    -1.2777    -1.3167  24.011648  23.979419    29.6139    29.6090    381.726    368.971     0.3213     4.6093     0.1087     0.1087     0.0686     0.0379     116490    80.8951     100.00     2.6669     2.2926         18  0.000e+00
     20.229   76.33626  178.59568     20.443    -1.2781    -1.3167  24.012858  23.978715    29.6160    29.6080    381.725    368.467     0.3213     4.6093     0.1087     0.1087     0.0686     0.0379     116491    80.8958     100.00     2.6669     2.2901         18  0.000e+00
     20.212   76.33626  178.59568     20.427    -1.2787    -1.3155  24.013952  23.978173    29.6181    29.6061    382.154    368.204     0.3213     4.6093     0.1087     0.1087     0.0686     0.0379     116492    80.8965     100.00     2.6693     2.2889         18  0.000e+00
     20.212   76.33626  178.59568     20.427    -1.2792    -1.3155  24.014010  23.977794    29.6186    29.6056    381.944    368.205     0.3213     4.6093     0.1087     0.1087     0.0686     0.0379     116493    80.8972     100.00     2.6681     2.2889         18  0.000e+00
     20.212   76.33626  178.59566     20.427    -1.2801    -1.3158  24.014298  23.977794    29.6199    29.6059    381.522    368.208     0.3213     4.6093     0.1087     0.1087     0.0686     0.0379     116494    80.8979     100.00     2.6657     2.2889         18  0.000e+00
     20.229   76.33626  178.59566     20.443    -1.2813    -1.3167  24.016027  23.978011    29.6234    29.6071    381.955    368.469     0.3213     4.6093     0.1087     0.1087     0.0686     0.0379     116495    80.8986     100.00     2.6681     2.2901         18  0.000e+00
     20.212   76.33626  178.59566     20.427    -1.2806    -1.3176  24.015335  23.978553    29.6217    29.6087    381.950    368.728     0.3518     4.6093     0.1087     0.1087     0.0686     0.0391     116496    80.8993     100.00     2.6681     2.2914         18  0.000e+00
     20.212   76.33626  178.59566     20.427    -1.2787    -1.3191  24.014356  23.979094    29.6186    29.6110    381.724    369.247     0.3213     4.6093     0.1087     0.1087     0.0686     0.0379     116497    80.9000     100.00     2.6669     2.2938         18  0.000e+00
     20.163   76.33626  178.59566     20.377    -1.2781    -1.3203  24.012397  23.979419    29.6154    29.6126    381.724    369.761     0.3518     4.6093     0.1087     0.1087     0.0686     0.0391     116498    80.9007     100.00     2.6669     2.2962         18  0.000e+00
     20.270   76.33626  178.59566     20.485    -1.2780    -1.3194  24.012166  23.979799    29.6149    29.6122    382.158    370.266     0.3213     4.6093     0.1087     0.1087     0.0686     0.0379     116499    80.9014     100.00     2.6693     2.2987         18  0.000e+00
     20.212   76.33626  178.59566     20.427    -1.2781    -1.3179  24.014413  23.980123    29.6181    29.6111    382.147    370.756     0.3213     4.6093     0.1087     0.1087     0.0686     0.0379     116500    80.9021     100.00     2.6693     2.3011         18  0.000e+00
     20.212   76.33626  178.59566     20.427    -1.2787    -1.3181  24.016545  23.980015    29.6216    29.6112    382.143    371.266     0.3213     4.6093     0.1087     0.1087     0.0686     0.0379     116501    80.9028     100.00     2.6693     2.3036         18  0.000e+00
     10.191   76.33624  178.59526     10.299    -1.5278    -1.5267  23.042936  23.042295    28.5518    28.5498    375.163    362.611     0.2297     4.6105     0.1148     0.1148     0.0675     0.0342     118205    82.0861     100.00     2.5983     2.2387         19  0.000e+00
     10.241   76.33624  178.59526     10.349    -1.5275    -1.5267  23.042652  23.042455    28.5511    28.5500    375.164    362.613     0.2297     4.6117     0.1148     0.1148     0.0665     0.0342     118206    82.0868     100.00     2.5983     2.2387         19  0.000e+00
     10.191   76.33624  178.59526     10.299    -1.5275    -1.5265  23.042879  23.042455    28.5515    28.5499    375.379    362.609     0.2297     4.6117     0.1148     0.1148     0.0665     0.0342     118207    82.0875     100.00     2.5996     2.2387         19  0.000e+00
     10.183   76.33624  178.59526     10.291    -1.5273    -1.5262  23.042708  23.042615    28.5510    28.5498    375.159    362.606     0.1992     4.6105     0.1148     0.1148     0.0675     0.0330     118208    82.0882     100.00     2.5983     2.2387         19  0.000e+00
     10.191   76.33624  178.59526     10.299    -1.5272    -1.5260  23.043106  23.042829    28.5515    28.5499    375.157    362.604     0.2297     4.6105     0.1148     0.1148     0.0675     0.0342     118209    82.0889     100.00     2.5983     2.2387         19  0.000e+00
     10.183   76.33624  178.59526     10.291    -1.5269    -1.5257  23.043276  23.043096    28.5514    28.5501    375.154    362.343     0.2297     4.6105     0.1136     0.1136     0.0675     0.0342     118210    82.0896     100.00     2.5983     2.2375         19  0.000e+00
     10.191   76.33624  178.59526     10.299    -1.5271    -1.5247  23.043106  23.042989    28.5514    28.5489    375.374    362.592     0.2297     4.6117     0.1148     0.1148     0.0665     0.0342     118211    82.0903     100.00     2.5996     2.2387         19  0.000e+00
     10.183   76.33624  178.59526     10.291    -1.5271    -1.5245  23.043219  23.042936    28.5515    28.5486    375.373    362.848     0.2297     4.6117     0.1148     0.1148     0.0665     0.0342     118212    82.0910     100.00     2.5996     2.2399         19  0.000e+00
     10.191   76.33624  178.59526     10.299    -1.5271    -1.5244  23.043106  23.042936    28.5514    28.5485    375.156    363.104     0.2297     4.6105     0.1148     0.1148     0.0675     0.0342     118213    82.0917     100.00     2.5983     2.2411         19  0.000e+00
     10.241   76.33624  178.59526     10.349    -1.5274    -1.5247  23.042822  23.043096    28.5512    28.5490    375.162    362.851     0.2297     4.6105     0.1148     0.1148     0.0675     0.0342     118214    82.0924     100.00     2.5983     2.2399         19  0.000e+00
     10.191   76.33624  178.59526     10.299    -1.5274    -1.5247  23.043106  23.042989    28.5517    28.5489    375.159    362.849     0.2297     4.6117     0.1148     0.1148     0.0665     0.0342     118215    82.0931     100.00     2.5983     2.2399         19  0.000e+00
     10.183   76.33624  178.59526     10.291    -1.5271    -1.5251  23.043276  23.043096    28.5516    28.5494    375.155    362.852     0.2297     4.6105     0.1148     0.1148     0.0675     0.0342     118216    82.0938     100.00     2.5983     2.2399         19  0.000e+00
     10.191   76.33624  178.59526     10.299    -1.5269    -1.5254  23.043106  23.043149    28.5512    28.5498    375.372    362.855     0.2297     4.6117     0.1148     0.1148     0.0665     0.0342     118217    82.0944     100.00     2.5996     2.2399         19  0.000e+00
     10.183   76.33624  178.59526     10.291    -1.5269    -1.5257  23.043219  23.043470    28.5514    28.5505    375.371    363.113     0.2297     4.6105     0.1148     0.1148     0.0675     0.0342     118218    82.0951     100.00     2.5996     2.2411         19  0.000e+00
     10.191   76.33624  178.59526     10.299    -1.5271    -1.5257  23.043276  23.043096    28.5516    28.5500    375.373    363.115     0.2297     4.6117     0.1148     0.1148     0.0665     0.0342     118219    82.0958     100.00     2.5996     2.2411         19  0.000e+00
     10.241   76.33624  178.59526     10.349    -1.5272    -1.5253  23.043276  23.043577    28.5517    28.5502    375.159    363.112     0.2297     4.6105     0.1148     0.1148     0.0675     0.0342     118220    82.0965     100.00     2.5983     2.2411         19  0.000e+00
     10.191   76.33624  178.59526     10.299    -1.5269    -1.5250  23.043106  23.043683    28.5512    28.5501    375.154    363.106     0.2297     4.6105     0.1136     0.1136     0.0675     0.0342     118221    82.0972     100.00     2.5983     2.2411         19  0.000e+00
     10.183   76.33624  178.59526     10.291    -1.5271    -1.5248  23.042822  23.044271    28.5510    28.5508    375.157    363.617     0.1992     4.6105     0.1148     0.1148     0.0675     0.0330     118222    82.0979     100.00     2.5983     2.2436         19  0.000e+00
     10.183   76.33624  178.59526     10.291    -1.5271    -1.5239  23.042935  23.044698    28.5511    28.5504    375.374    363.608     0.2297     4.6105     0.1148     0.1148     0.0675     0.0342     118223    82.0986     100.00     2.5996     2.2436         19  0.000e+00
     10.249   76.33624  178.59526     10.357    -1.5269    -1.5235  23.043220  23.044591    28.5513    28.5499    375.157    363.865     0.2297     4.6105     0.1136     0.1136     0.0675     0.0342     118224    82.0993     100.00     2.5983     2.2448         19  0.000e+00
     10.118   76.33624  178.59526     10.225    -1.5269    -1.5230  23.043106  23.044164    28.5512    28.5489    375.368    363.599     0.2297     4.6117     0.1148     0.1148     0.0665     0.0342     118225    82.1000     100.00     2.5996     2.2436         19  0.000e+00
     10.191   76.33624  178.59526     10.299    -1.5269    -1.5230  23.043049  23.043737    28.5511    28.5483    375.155    363.604     0.2297     4.6117     0.1148     0.1148     0.0665     0.0342     118226    82.1007     100.00     2.5983     2.2436         19  0.000e+00
     10.183   76.33624  178.59526     10.291    -1.5269    -1.5236  23.043390  23.043790    28.5516    28.5489    375.153    363.609     0.2297     4.6117     0.1136     0.1136     0.0665     0.0342     118227    82.1014     100.00     2.5983     2.2436         19  0.000e+00
     10.249   76.33624  178.59526     10.357    -1.5268    -1.5237  23.043503  23.043683    28.5516    28.5489    375.372    363.613     0.2297     4.6117     0.1148     0.1148     0.0665     0.0342     118228    82.1021     100.00     2.5996     2.2436         19  0.000e+00
     10.183   76.33624  178.59526     10.291    -1.5268    -1.5241  23.043503  23.043790    28.5516    28.5494    375.368    363.613     0.1992     4.6117     0.1148     0.1148     0.0665     0.0330     118229    82.1028     100.00     2.5996     2.2436         19  0.000e+00
     10.191   76.33624  178.59526     10.299    -1.5265    -1.5244  23.043333  23.043844    28.5511    28.5497    375.367    363.615     0.2297     4.6117     0.1148     0.1148     0.0665     0.0342     118230    82.1035     100.00     2.5996     2.2436         19  0.000e+00
     10.183   76.33624  178.59526     10.291    -1.5265    -1.5244  23.043787  23.044004    28.5517    28.5500    375.147    363.872     0.2297     4.6117     0.1148     0.1148     0.0665     0.0342     118231    82.1042     100.00     2.5983     2.2448         19  0.000e+00
     10.191   76.33624  178.59526     10.299    -1.5265    -1.5240  23.043617  23.043897    28.5515    28.5495    375.148    363.869     0.2297     4.6117     0.1136     0.1136     0.0665     0.0342     118232    82.1049     100.00     2.5983     2.2448         19  0.000e+00
     10.183   76.33624  178.59526     10.291    -1.5263    -1.5241  23.043503  23.043844    28.5511    28.5495    375.147    363.870     0.2297     4.6117     0.1148     0.1148     0.0665     0.0342     118233    82.1056     100.00     2.5983     2.2448         19  0.000e+00
     10.249   76.33624  178.59526     10.357    -1.5261    -1.5239  23.043674  23.044164    28.5512    28.5497    375.366    363.613     0.2297     4.6117     0.1136     0.1136     0.0665     0.0342     118234    82.1063     100.00     2.5996     2.2436         19  0.000e+00
     10.118   76.33624  178.59526     10.225    -1.5260    -1.5237  23.043730  23.044324    28.5512    28.5498    375.358    363.604     0.2297     4.6117     0.1148     0.1148     0.0665     0.0342     118235    82.1069     100.00     2.5996     2.2436         19  0.000e+00
     10.249   76.33624  178.59526     10.357    -1.5260    -1.5233  23.043731  23.043950    28.5511    28.5489    375.146    363.352     0.2297     4.6117     0.1148     0.1148     0.0665     0.0342     118236    82.1076     100.00     2.5983     2.2424         19  0.000e+00
     10.183   76.33624  178.59526     10.291    -1.5260    -1.5233  23.043730  23.044004    28.5512    28.5489    375.361    363.605     0.2297     4.6117     0.1136     0.1136     0.0665     0.0342     118237    82.1083     100.00     2.5996     2.2436         19  0.000e+00
     10.191   76.33624  178.59526     10.299    -1.5261    -1.5235  23.043560  23.043897    28.5511    28.5489    375.145    363.350     0.2297     4.6117     0.1148     0.1148     0.0665     0.0342     118238    82.1090     100.00     2.5983     2.2424         19  0.000e+00
     10.183   76.33624  178.59526     10.291    -1.5262    -1.5240  23.043674  23.044164    28.5513    28.5498    375.145    363.353     0.2297     4.6117     0.1148     0.1148     0.0665     0.0342     118239    82.1097     100.00     2.5983     2.2424         19  0.000e+00
     10.191   76.33624  178.59526     10.299    -1.5262    -1.5247  23.043730  23.043790    28.5513    28.5500    375.145    363.360     0.2297     4.6117     0.1148     0.1148     0.0665     0.0342     118240    82.1104     100.00     2.5983     2.2424         19  0.000e+00
     10.241   76.33624  178.59526     10.349    -1.5261    -1.5251  23.043390  23.043790    28.5508    28.5503    375.149    363.109     0.2297     4.6117     0.1160     0.1160     0.0665     0.0342     118241    82.1111     100.00     2.5983     2.2411         19  0.000e+00
     10.134   76.33624  178.59526     10.241    -1.5263    -1.5254  23.043446  23.043844    28.5511    28.5508    375.362    362.849     0.2297     4.6117     0.1160     0.1160     0.0665     0.0342     118242    82.1118     100.00     2.5996     2.2399         19  0.000e+00
     10.241   76.33624  178.59526     10.349    -1.5261    -1.5254  23.043844  23.043470    28.5514    28.5502    375.147    362.598     0.2297     4.6117     0.1160     0.1160     0.0665     0.0342     118243    82.1125     100.00     2.5983     2.2387         19  0.000e+00
     10.183   76.33624  178.59524     10.291    -1.5263    -1.5251  23.043617  23.043523    28.5513    28.5500    375.146    362.335     0.2297     4.6093     0.1148     0.1148     0.0686     0.0342     118244    82.1132     100.00     2.5983     2.2375         19  0.000e+00
     10.192   76.33624  178.59524     10.299    -1.5263    -1.5251  23.043674  23.043630    28.5514    28.5502    375.146    362.335     0.2297     4.6081     0.1160     0.1160     0.0697     0.0342     118245    82.1139     100.00     2.5983     2.2375         19  0.000e+00
     10.183   76.33624  178.59524     10.291    -1.5263    -1.5248  23.043730  23.043416    28.5515    28.5496    375.146    362.075     0.2297     4.6081     0.1160     0.1160     0.0697     0.0342     118246    82.1146     100.00     2.5983     2.2363         19  0.000e+00
     10.192   76.33624  178.59524     10.299    -1.5266    -1.5250  23.043730  23.043363    28.5517    28.5497    375.149    362.077     0.2297     4.6081     0.1160     0.1160     0.0697     0.0342     118247    82.1153     100.00     2.5983     2.2363         19  0.000e+00
     10.183   76.33624  178.59524     10.291    -1.5265    -1.5248  23.043560  23.043523    28.5514    28.5497    375.148    362.075     0.2297     4.6081     0.1148     0.1148     0.0697     0.0342     118248    82.1160     100.00     2.5983     2.2363         19  0.000e+00
     10.249   76.33624  178.59524     10.357    -1.5265    -1.5248  23.043503  23.043256    28.5513    28.5493    375.151    362.079     0.2297     4.6081     0.1160     0.1160     0.0697     0.0342     118249    82.1167     100.00     2.5983     2.2363         19  0.000e+00
