Continuous CTD Data/01_SBE Stage/nabos_01_01.ros
* Sea-Bird SBE 9 Data File:
* FileName = D:\CTD\data\HLY2502\raw\NABOS_01_01.hex
* Software Version Seasave V 7.26.7.110
* Temperature SN = 6954
* Conductivity SN = 2561
* Number of Bytes Per Scan = 37
* Number of Voltage Words = 4
* Number of Scans Averaged by the Deck Unit = 1
* NMEA Latitude = 73 46.25 N
* NMEA Longitude = 167 42.69 E
* NMEA UTC (Time) = Sep 13 2025  14:06:01
* NMEA baud rate = 9600
** Ship: USCG HEALY
** Bot. Depth:  45
** Cast Number:  01
** Station Name:  NABOS
** Station Number:  01
** Operator:  STARC
# nquan = 25
# nvalues = 1176                                  
# units = specified
# name 0 = depSM: Depth [salt water, m]
# name 1 = latitude: Latitude [deg]
# name 2 = longitude: Longitude [deg]
# name 3 = prDM: Pressure, Digiquartz [db]
# name 4 = t090C: Temperature [ITS-90, deg C]
# name 5 = t190C: Temperature, 2 [ITS-90, deg C]
# name 6 = c0mS/cm: Conductivity [mS/cm]
# name 7 = c1mS/cm: Conductivity, 2 [mS/cm]
# name 8 = sal00: Salinity, Practical [PSU]
# name 9 = sal11: Salinity, Practical, 2 [PSU]
# name 10 = sbox0Mm/Kg: Oxygen, SBE 43 [umol/kg]
# name 11 = sbox1Mm/Kg: Oxygen, SBE 43, 2 [umol/kg]
# name 12 = flECO-AFL: Fluorescence, WET Labs ECO-AFL/FL [mg/m^3]
# name 13 = v2: Voltage 2
# name 14 = wetCDOM: Fluorescence, WET Labs CDOM [mg/m^3]
# name 15 = v6: Voltage 6
# name 16 = CStarAt0: Beam Attenuation, WET Labs C-Star [1/m]
# name 17 = v3: Voltage 3
# name 18 = scan: Scan Count
# name 19 = timeM: Time, Elapsed [minutes]
# name 20 = altM: Altimeter [m]
# name 21 = sbeox0V: Oxygen raw, SBE 43 [V]
# name 22 = sbeox1V: Oxygen raw, SBE 43, 2 [V]
# name 23 = nbf: Bottles Fired
# name 24 = flag:  0.000e+00
# interval = seconds: 0.0416667
# start_time = Sep 13 2025 14:06:01 [NMEA time, header]
# bad_flag = -9.990e-29
*END*
[from data line 812]
     19.753   73.77056  167.71456     19.960    -0.8873    -0.8782  22.906584  22.894315    27.7607    27.7361    370.252    361.949     0.1992     4.5751     0.1111     0.1111     0.0984     0.0330      16740    11.6243      14.31     2.5960     2.2565         17  0.000e+00
     19.811   73.77056  167.71456     20.019    -0.8875    -0.8777  22.906584  22.894049    27.7608    27.7352    370.041    361.949     0.1992     4.5751     0.1111     0.1111     0.0984     0.0330      16741    11.6250      14.33     2.5947     2.2565         17  0.000e+00
     19.770   73.77056  167.71456     19.977    -0.8853    -0.8780  22.906584  22.893462    27.7589    27.7347    370.020    361.951     0.1992     4.5751     0.1111     0.1111     0.0984     0.0330      16742    11.6257      14.43     2.5947     2.2565         17  0.000e+00
     19.753   73.77056  167.71456     19.960    -0.8838    -0.8787  22.908341  22.893089    27.7598    27.7349    370.215    361.703     0.1687     4.5751     0.1111     0.1111     0.0984     0.0317      16743    11.6264      14.36     2.5960     2.2553         17  0.000e+00
     19.811   73.77056  167.71456     20.019    -0.8847    -0.8785  22.914065  22.892343    27.7682    27.7337    369.988    361.453     0.1687     4.5751     0.1111     0.1111     0.0984     0.0317      16744    11.6271      14.38     2.5947     2.2541         17  0.000e+00
     19.811   73.77056  167.71456     20.019    -0.8902    -0.8768  22.920244  22.891224    27.7815    27.7306    370.227    361.188     0.1687     4.5751     0.1099     0.1099     0.0984     0.0317      16745    11.6278      14.41     2.5960     2.2528         17  0.000e+00
     19.704   73.77056  167.71456     19.911    -0.8966    -0.8750  22.924609  22.891277    27.7932    27.7291    370.044    361.422     0.1687     4.5751     0.1099     0.1099     0.0984     0.0317      16746    11.6285      14.41     2.5947     2.2541         17  0.000e+00
     19.811   73.77056  167.71456     20.019    -0.9005    -0.8741  22.927671  22.891917    27.8009    27.7291    370.286    361.927     0.1687     4.5751     0.1099     0.1099     0.0984     0.0317      16747    11.6292      14.41     2.5960     2.2565         17  0.000e+00
     19.811   73.77056  167.71456     20.019    -0.9032    -0.8731  22.933737  22.893302    27.8114    27.7300    370.286    361.913     0.1687     4.5751     0.1099     0.1099     0.0984     0.0317      16748    11.6299      14.43     2.5960     2.2565         17  0.000e+00
     19.770   73.77056  167.71456     19.977    -0.9066    -0.8727  22.942242  22.894048    27.8259    27.7306    370.280    361.650     0.1687     4.5751     0.1099     0.1099     0.0984     0.0317      16749    11.6306      14.48     2.5960     2.2553         17  0.000e+00
     19.811   73.77056  167.71456     20.019    -0.9094    -0.8728  22.949331  22.894528    27.8378    27.7314    370.278    361.398     0.1687     4.5751     0.1099     0.1099     0.0984     0.0317      16750    11.6312      14.46     2.5960     2.2541         17  0.000e+00
     19.753   73.77056  167.71456     19.960    -0.9112    -0.8720  22.954832  22.893782    27.8469    27.7296    370.270    361.390     0.1687     4.5751     0.1099     0.1099     0.0984     0.0317      16751    11.6319      14.41     2.5960     2.2541         17  0.000e+00
     19.811   73.77056  167.71456     20.019    -0.9150    -0.8721  22.959483  22.893356    27.8565    27.7291    370.501    361.141     0.1687     4.5751     0.1099     0.1099     0.0984     0.0317      16752    11.6326      14.36     2.5972     2.2528         17  0.000e+00
     19.827   73.77056  167.71456     20.035    -0.9270    -0.8727  22.964929  22.894635    27.8749    27.7313    370.369    361.142     0.1687     4.5751     0.1099     0.1099     0.0984     0.0317      16753    11.6333      14.38     2.5960     2.2528         17  0.000e+00
     19.753   73.77056  167.71456     19.960    -0.9436    -0.8742  22.970149  22.896127    27.8972    27.7348    370.486    361.146     0.1687     4.5751     0.1099     0.1099     0.0984     0.0317      16754    11.6340      14.33     2.5960     2.2528         17  0.000e+00
     19.811   73.77056  167.71456     20.019    -0.9517    -0.8753  22.973326  22.896500    27.9090    27.7362    370.547    361.156     0.1687     4.5751     0.1099     0.1099     0.0984     0.0317      16755    11.6347      14.29     2.5960     2.2528         17  0.000e+00
     19.770   73.77056  167.71456     19.977    -0.9528    -0.8765  22.974858  22.897193    27.9121    27.7383    370.548    361.162     0.1687     4.5751     0.1099     0.1099     0.0984     0.0317      16756    11.6354      14.29     2.5960     2.2528         17  0.000e+00
     19.811   73.77056  167.71456     20.019    -0.9522    -0.8768  22.977014  22.897087    27.9143    27.7384    370.536    361.167     0.1687     4.5739     0.1099     0.1099     0.0995     0.0317      16757    11.6361      14.29     2.5960     2.2528         17  0.000e+00
     19.753   73.77056  167.71456     19.960    -0.9501    -0.8768  22.978319  22.897140    27.9141    27.7385    370.510    360.910     0.1687     4.5739     0.1099     0.1099     0.0995     0.0317      16758    11.6368      14.31     2.5960     2.2516         17  0.000e+00
     19.811   73.77056  167.71456     20.019    -0.9453    -0.8771  22.976673  22.897513    27.9074    27.7393    370.694    360.659     0.1687     4.5726     0.1099     0.1099     0.1005     0.0317      16759    11.6375      14.33     2.5972     2.2504         17  0.000e+00
     19.770   73.77056  167.71456     19.977    -0.9346    -0.8767  22.967199  22.897673    27.8850    27.7391    370.422    360.653     0.1687     4.5726     0.1099     0.1099     0.1005     0.0317      16760    11.6382      14.38     2.5960     2.2504         17  0.000e+00
     19.770   73.77056  167.71456     19.977    -0.8818    -0.8728  22.902220  22.891170    27.7498    27.7269    371.297    361.917     0.2602     4.5800     0.1087     0.1087     0.0941     0.0354      16861    11.7083      14.70     2.6021     2.2565         18  0.000e+00
     19.688   73.77056  167.71456     19.894    -0.8820    -0.8712  22.902107  22.890477    27.7499    27.7245    371.295    362.156     0.2602     4.5800     0.1087     0.1087     0.0941     0.0354      16862    11.7090      14.73     2.6021     2.2577         18  0.000e+00
     19.688   73.77056  167.71456     19.894    -0.8825    -0.8698  22.901143  22.888879    27.7491    27.7211    371.303    362.150     0.2602     4.5812     0.1087     0.1087     0.0931     0.0354      16863    11.7097      14.70     2.6021     2.2577         18  0.000e+00
     19.704   73.77056  167.71456     19.911    -0.8827    -0.8689  22.900633  22.888292    27.7486    27.7195    371.308    362.400     0.2602     4.5800     0.1087     0.1087     0.0941     0.0354      16864    11.7104      14.68     2.6021     2.2589         18  0.000e+00
     19.688   73.77056  167.71456     19.894    -0.8833    -0.8683  22.903183  22.889198    27.7525    27.7201    371.302    362.136     0.2602     4.5800     0.1087     0.1087     0.0941     0.0354      16865    11.7111      14.70     2.6021     2.2577         18  0.000e+00
     19.753   73.77056  167.71456     19.961    -0.8853    -0.8689  22.907661  22.889412    27.7603    27.7209    371.305    361.889     0.2602     4.5800     0.1087     0.1087     0.0941     0.0354      16866    11.7118      14.63     2.6021     2.2565         18  0.000e+00
     19.688   73.77056  167.71456     19.894    -0.8876    -0.8695  22.911175  22.888825    27.7671    27.7208    371.308    361.894     0.2602     4.5800     0.1087     0.1087     0.0941     0.0354      16867    11.7125      14.65     2.6021     2.2565         18  0.000e+00
     19.704   73.77056  167.71456     19.911    -0.8889    -0.8701  22.911685  22.888346    27.7689    27.7207    371.318    361.901     0.2602     4.5800     0.1087     0.1087     0.0941     0.0354      16868    11.7132      14.65     2.6021     2.2565         18  0.000e+00
     19.753   73.77056  167.71456     19.961    -0.8902    -0.8708  22.909701  22.888719    27.7676    27.7218    371.340    362.162     0.2602     4.5800     0.1087     0.1087     0.0941     0.0354      16869    11.7139      14.63     2.6021     2.2577         18  0.000e+00
     19.688   73.77056  167.71456     19.894    -0.8891    -0.8707  22.906357  22.889252    27.7621    27.7225    371.340    362.411     0.2602     4.5800     0.1087     0.1087     0.0941     0.0354      16870    11.7146      14.63     2.6021     2.2589         18  0.000e+00
     19.753   73.77056  167.71456     19.961    -0.8870    -0.8709  22.904204  22.889518    27.7573    27.7229    371.763    362.415     0.2602     4.5800     0.1087     0.1087     0.0941     0.0354      16871    11.7153      14.60     2.6045     2.2589         18  0.000e+00
     19.704   73.77056  167.71456     19.911    -0.8862    -0.8721  22.903467  22.888932    27.7556    27.7233    371.541    362.170     0.2602     4.5812     0.1087     0.1087     0.0931     0.0354      16872    11.7160      14.63     2.6033     2.2577         18  0.000e+00
     19.753   73.77056  167.71456     19.961    -0.8856    -0.8728  22.903014  22.887440    27.7544    27.7220    371.326    362.439     0.2602     4.5800     0.1087     0.1087     0.0941     0.0354      16873    11.7167      14.65     2.6021     2.2589         18  0.000e+00
     19.688   73.77056  167.71456     19.894    -0.8834    -0.8724  22.901880  22.885681    27.7509    27.7193    371.523    362.439     0.2602     4.5800     0.1087     0.1087     0.0941     0.0354      16874    11.7174      14.63     2.6033     2.2589         18  0.000e+00
     19.770   73.77056  167.71456     19.977    -0.8803    -0.8712  22.899103  22.884509    27.7443    27.7166    371.511    362.182     0.2602     4.5812     0.1087     0.1087     0.0931     0.0354      16875    11.7181      14.60     2.6033     2.2577         18  0.000e+00
     19.688   73.77056  167.71456     19.894    -0.8785    -0.8706  22.897630  22.883283    27.7408    27.7144    371.498    362.178     0.2602     4.5812     0.1087     0.1087     0.0931     0.0354      16876    11.7188      14.63     2.6033     2.2577         18  0.000e+00
     19.753   73.77056  167.71456     19.961    -0.8777    -0.8696  22.899273  22.882697    27.7422    27.7127    371.273    362.430     0.2602     4.5800     0.1087     0.1087     0.0941     0.0354      16877    11.7194      14.68     2.6021     2.2589         18  0.000e+00
     19.753   73.77056  167.71456     19.961    -0.8775    -0.8686  22.902333  22.881845    27.7461    27.7107    371.474    362.425     0.2602     4.5800     0.1087     0.1087     0.0941     0.0354      16878    11.7201      14.65     2.6033     2.2589         18  0.000e+00
     19.770   73.77056  167.71456     19.977    -0.8773    -0.8677  22.903807  22.880992    27.7478    27.7087    371.467    362.166     0.1992     4.5763     0.1087     0.1087     0.0973     0.0330      16879    11.7208      14.68     2.6033     2.2577         18  0.000e+00
     19.688   73.77056  167.71456     19.894    -0.8775    -0.8672  22.902446  22.880512    27.7462    27.7076    371.685    361.906     0.1687     4.5751     0.1087     0.1087     0.0984     0.0317      16880    11.7215      14.68     2.6045     2.2565         18  0.000e+00
     19.811   73.77056  167.71456     20.019    -0.8769    -0.8669  22.900746  22.880193    27.7434    27.7069    371.478    361.656     0.1687     4.5751     0.1087     0.1087     0.0984     0.0317      16881    11.7222      14.68     2.6033     2.2553         18  0.000e+00
     19.704   73.77056  167.71456     19.911    -0.8769    -0.8670  22.900860  22.879820    27.7435    27.7065    371.472    361.399     0.1687     4.5739     0.1087     0.1087     0.0995     0.0317      16882    11.7229      14.75     2.6033     2.2541         18  0.000e+00
     19.753   73.77056  167.71456     19.961    -0.8766    -0.8662  22.904997  22.879820    27.7488    27.7058    371.456    360.886     0.1687     4.5739     0.1087     0.1087     0.0995     0.0317      16883    11.7236      14.70     2.6033     2.2516         18  0.000e+00
     19.753   73.77056  167.71456     19.961    -0.8794    -0.8669  22.914178  22.880619    27.7635    27.7075    371.445    360.635     0.1687     4.5739     0.1087     0.1087     0.0995     0.0317      16884    11.7243      14.65     2.6033     2.2504         18  0.000e+00
     19.753   73.77056  167.71456     19.961    -0.8810    -0.8709  22.919280  22.886374    27.7717    27.7188    371.438    360.138     0.1687     4.5751     0.1087     0.1087     0.0984     0.0317      16885    11.7250      14.65     2.6033     2.2480         18  0.000e+00
     19.770   73.77056  167.71456     19.977    -0.8813    -0.8790  22.920016  22.896500    27.7729    27.7397    371.438    359.913     0.1687     4.5751     0.1087     0.1087     0.0984     0.0317      16886    11.7257      14.65     2.6033     2.2467         18  0.000e+00
     19.753   73.77056  167.71456     19.961    -0.8820    -0.8833  22.917466  22.902204    27.7703    27.7512    371.669    359.927     0.1687     4.5739     0.1087     0.1087     0.0995     0.0317      16887    11.7264      14.65     2.6045     2.2467         18  0.000e+00
     19.753   73.77056  167.71456     19.961    -0.8815    -0.8829  22.910834  22.900765    27.7610    27.7489    371.475    360.183     0.1687     4.5739     0.1087     0.1087     0.0995     0.0317      16888    11.7271      14.68     2.6033     2.2480         18  0.000e+00
     19.753   73.77056  167.71456     19.961    -0.8791    -0.8808  22.904203  22.898366    27.7500    27.7438    371.480    360.938     0.1381     4.5739     0.1087     0.1087     0.0995     0.0305      16889    11.7278      14.65     2.6033     2.2516         18  0.000e+00
     19.827   73.77056  167.71456     20.035    -0.8779    -0.8795  22.900237  22.901671    27.7436    27.7469    371.704    361.427     0.1687     4.5739     0.1087     0.1087     0.0995     0.0317      16890    11.7285      14.68     2.6045     2.2541         18  0.000e+00
     19.753   73.77056  167.71456     19.961    -0.8765    -0.8793  22.898253  22.906254    27.7397    27.7529    371.481    361.659     0.1687     4.5751     0.1087     0.1087     0.0984     0.0317      16891    11.7292      14.70     2.6033     2.2553         18  0.000e+00
     19.753   73.77056  167.71456     19.961    -0.8752    -0.8780  22.896836  22.906414    27.7366    27.7519    371.690    361.393     0.1687     4.5751     0.1087     0.1087     0.0984     0.0317      16892    11.7299      14.68     2.6045     2.2541         18  0.000e+00
     19.770   73.77056  167.71456     19.977    -0.8742    -0.8786  22.896270  22.906841    27.7349    27.7530    371.470    361.652     0.1687     4.5739     0.1087     0.1087     0.0995     0.0317      16893    11.7306      14.68     2.6033     2.2553         18  0.000e+00
     19.753   73.77056  167.71456     19.961    -0.8732    -0.8822  22.897063  22.914197    27.7350    27.7661    371.457    361.399     0.1687     4.5751     0.1087     0.1087     0.0984     0.0317      16894    11.7312      14.73     2.6033     2.2541         18  0.000e+00
     19.811   73.77056  167.71456     20.019    -0.8728    -0.8822  22.898763  22.926194    27.7369    27.7820    371.450    361.611     0.1687     4.5739     0.1087     0.1087     0.0995     0.0317      16895    11.7319      14.73     2.6033     2.2553         18  0.000e+00
     19.753   73.77056  167.71456     19.961    -0.8740    -0.8801  22.900576  22.933339    27.7405    27.7895    371.451    361.563     0.1381     4.5739     0.1087     0.1087     0.0995     0.0305      16896    11.7326      14.73     2.6033     2.2553         18  0.000e+00
