Continuous CTD Data/01_SBE Stage/nabos_12_01avg.cnv
* Sea-Bird SBE 9 Data File:
* FileName = D:\CTD\data\HLY2502\raw\NABOS_12_01.hex
* Software Version Seasave V 7.26.7.110
* Temperature SN = 6954
* Conductivity SN = 2561
* Number of Bytes Per Scan = 37
* Number of Voltage Words = 4
* Number of Scans Averaged by the Deck Unit = 1
* NMEA Latitude = 77 22.28 N
* NMEA Longitude = 176 15.46 W
* NMEA UTC (Time) = Sep 10 2025  20:08:53
* NMEA baud rate = 9600
** Ship: USCG HEALY
** Bot. Depth:  1389
** Cast Number:  01
** Station Name:  NABOS
** Station Number:  12
** Operator:  STARC
** Ra cast to 250
# nquan = 25
# nvalues = 251                         
# units = specified
# name 0 = depSM: Depth [salt water, m]
# name 1 = latitude: Latitude [deg]
# name 2 = longitude: Longitude [deg]
# name 3 = prDM: Pressure, Digiquartz [db]
# name 4 = t090C: Temperature [ITS-90, deg C]
# name 5 = t190C: Temperature, 2 [ITS-90, deg C]
# name 6 = c0mS/cm: Conductivity [mS/cm]
# name 7 = c1mS/cm: Conductivity, 2 [mS/cm]
# name 8 = sal00: Salinity, Practical [PSU]
# name 9 = sal11: Salinity, Practical, 2 [PSU]
# name 10 = sbox0Mm/Kg: Oxygen, SBE 43 [umol/kg]
# name 11 = sbox1Mm/Kg: Oxygen, SBE 43, 2 [umol/kg]
# name 12 = flECO-AFL: Fluorescence, WET Labs ECO-AFL/FL [mg/m^3]
# name 13 = v2: Voltage 2
# name 14 = wetCDOM: Fluorescence, WET Labs CDOM [mg/m^3]
# name 15 = v6: Voltage 6
# name 16 = CStarAt0: Beam Attenuation, WET Labs C-Star [1/m]
# name 17 = v3: Voltage 3
# name 18 = scan: Scan Count
# name 19 = timeM: Time, Elapsed [minutes]
# name 20 = altM: Altimeter [m]
# name 21 = sbeox0V: Oxygen raw, SBE 43 [V]
# name 22 = sbeox1V: Oxygen raw, SBE 43, 2 [V]
# name 23 = nbin: number of scans per bin
# name 24 = flag: flag
# span 0 =      3.958,    251.181       
# span 1 =   77.37149,   77.37242       
# span 2 = -176.25718, -176.25506       
# span 3 =      4.000,    254.000       
# span 4 =    -1.6079,     0.8032       
# span 5 =    -1.6076,     0.8026       
# span 6 =  23.168929,  29.679719       
# span 7 =  23.167513,  29.677550       
# span 8 =    28.7232,    34.7817       
# span 9 =    28.7214,    34.7794       
# span 10 =    251.949,    385.845      
# span 11 =    246.473,    373.968      
# span 12 =    -0.1743,     0.4320      
# span 13 =     4.5446,     4.6623      
# span 14 =     0.0805,     0.1202      
# span 15 =     0.0805,     0.1202      
# span 16 =     0.0228,     0.1259      
# span 17 =     0.0180,     0.0423      
# span 18 =       3195,      15983      
# span 19 =     2.2182,    11.0986      
# span 20 =      24.83,     100.16      
# span 21 =     1.9571,     2.6938      
# span 22 =     1.7294,     2.3197      
# span 23 =          4,         28      
# span 24 = 0.0000e+00, 0.0000e+00      
# interval = decibars: 1                
# start_time = Sep 10 2025 20:08:53 [NMEA time, header]
# bad_flag = -9.990e-29
*END*
[from data line 58]
     61.341   77.37170 -176.25668     62.000    -1.3752    -1.3751  26.628192  26.627143    33.2593    33.2577    251.949    246.652    -0.0504     4.6350     0.1092     0.1092     0.0463     0.0230       6252     4.3413     100.00     1.9571     1.7303         18 0.0000e+00
     62.330   77.37170 -176.25667     63.000    -1.3832    -1.3826  26.655543  26.655283    33.3052    33.3042    252.292    246.473    -0.0739     4.6348     0.1093     0.1093     0.0465     0.0221       6304     4.3771     100.00     1.9590     1.7294         20 0.0000e+00
     63.319   77.37171 -176.25666     64.000    -1.3686    -1.3677  26.706703  26.706334    33.3587    33.3572    253.950    247.055    -0.0850     4.6357     0.1097     0.1097     0.0457     0.0216       6355     4.4125     100.00     1.9698     1.7332         22 0.0000e+00
     64.308   77.37172 -176.25665     65.000    -1.3592    -1.3585  26.749827  26.749359    33.4068    33.4053    256.141    248.760    -0.0916     4.6360     0.1086     0.1086     0.0454     0.0214       6406     4.4478     100.00     1.9833     1.7422         24 0.0000e+00
     65.297   77.37172 -176.25664     66.000    -1.3546    -1.3542  26.782559  26.781716    33.4460    33.4445    257.287    250.031    -0.0900     4.6371     0.1081     0.1081     0.0446     0.0214       6456     4.4826     100.00     1.9904     1.7488         21 0.0000e+00
     66.287   77.37172 -176.25664     67.000    -1.3584    -1.3581  26.802715  26.801951    33.4774    33.4760    257.895    251.236    -0.0932     4.6374     0.1074     0.1074     0.0443     0.0213       6507     4.5177     100.00     1.9940     1.7548         19 0.0000e+00
     67.276   77.37172 -176.25662     68.000    -1.3471    -1.3455  26.830106  26.829705    33.5017    33.4994    258.257    251.547    -0.0915     4.6386     0.1079     0.1079     0.0432     0.0214       6557     4.5528     100.00     1.9967     1.7568         21 0.0000e+00
     68.265   77.37173 -176.25662     69.000    -1.3252    -1.3239  26.868015  26.867349    33.5286    33.5262    259.587    253.027    -0.0921     4.6392     0.1062     0.1062     0.0427     0.0214       6607     4.5878     100.00     2.0056     1.7650         24 0.0000e+00
     69.254   77.37174 -176.25662     70.000    -1.3362    -1.3375  26.877315  26.875827    33.5531    33.5526    259.169    253.162    -0.0901     4.6390     0.1061     0.1061     0.0428     0.0214       6658     4.6228     100.00     2.0027     1.7652         19 0.0000e+00
     70.243   77.37174 -176.25660     71.000    -1.3481    -1.3470  26.891537  26.890962    33.5854    33.5835    258.733    252.532    -0.0923     4.6415     0.1049     0.1049     0.0407     0.0213       6709     4.6586     100.00     1.9998     1.7619         20 0.0000e+00
     71.232   77.37174 -176.25660     72.000    -1.3045    -1.3007  26.953435  26.953898    33.6208    33.6173    261.992    254.312    -0.0887     4.6412     0.1067     0.1067     0.0409     0.0215       6761     4.6941     100.00     2.0210     1.7726         23 0.0000e+00
     72.222   77.37174 -176.25658     73.000    -1.2747    -1.2736  27.005949  27.005475    33.6588    33.6569    265.499    257.728    -0.0893     4.6415     0.1041     0.1041     0.0407     0.0215       6811     4.7291     100.00     2.0432     1.7907         20 0.0000e+00
     73.211   77.37174 -176.25658     74.000    -1.2624    -1.2619  27.041395  27.040338    33.6930    33.6910    263.901    257.414    -0.0917     4.6421     0.1052     0.1052     0.0402     0.0214       6861     4.7641     100.00     2.0346     1.7898         19 0.0000e+00
     74.200   77.37176 -176.25657     75.000    -1.2524    -1.2512  27.071974  27.071362    33.7231    33.7209    262.325    255.952    -0.0945     4.6424     0.1031     0.1031     0.0400     0.0213       6911     4.7985     100.00     2.0260     1.7831         16 0.0000e+00
     75.189   77.37176 -176.25656     76.000    -1.2418    -1.2411  27.098853  27.097930    33.7474    33.7453    262.114    255.094    -0.0909     4.6429     0.1026     0.1026     0.0395     0.0214       6962     4.8338     100.00     2.0254     1.7794         16 0.0000e+00
     76.178   77.37176 -176.25656     77.000    -1.2332    -1.2324  27.127445  27.126253    33.7762    33.7737    262.046    254.927    -0.0927     4.6423     0.1026     0.1026     0.0400     0.0213       7012     4.8690     100.00     2.0255     1.7790         16 0.0000e+00
     77.167   77.37176 -176.25654     78.000    -1.2208    -1.2197  27.156670  27.155817    33.8016    33.7992    262.562    255.833    -0.0879     4.6416     0.1019     0.1019     0.0406     0.0215       7063     4.9044     100.00     2.0292     1.7840         17 0.0000e+00
     78.157   77.37176 -176.25654     79.000    -1.2137    -1.2132  27.182363  27.181564    33.8282    33.8266    263.927    256.591    -0.0983     4.6425     0.1019     0.1019     0.0398     0.0211       7114     4.9396     100.00     2.0377     1.7881         16 0.0000e+00
     79.145   77.37177 -176.25654     80.000    -1.2080    -1.2074  27.208591  27.208433    33.8572    33.8562    264.965    257.517    -0.0886     4.6428     0.1012     0.1012     0.0396     0.0215       7165     4.9752     100.00     2.0441     1.7931         14 0.0000e+00
     80.135   77.37178 -176.25652     81.000    -1.1970    -1.1962  27.243947  27.243135    33.8925    33.8905    266.491    258.890    -0.0881     4.6419     0.1003     0.1003     0.0404     0.0215       7216     5.0101     100.00     2.0538     1.8005         17 0.0000e+00
     81.124   77.37178 -176.25652     82.000    -1.1887    -1.1883  27.265014  27.263981    33.9114    33.9095    268.843    260.634    -0.0908     4.6409     0.0998     0.0998     0.0412     0.0214       7266     5.0455     100.00     2.0680     1.8094         16 0.0000e+00
     82.113   77.37178 -176.25650     83.000    -1.1875    -1.1873  27.277081  27.275641    33.9259    33.9237    270.629    263.073    -0.0952     4.6425     0.0988     0.0988     0.0399     0.0212       7317     5.0807     100.00     2.0785     1.8215         17 0.0000e+00
     83.102   77.37178 -176.25650     84.000    -1.1892    -1.1889  27.282617  27.281456    33.9348    33.9329    272.519    264.592    -0.0927     4.6427     0.0983     0.0983     0.0397     0.0213       7367     5.1153     100.00     2.0894     1.8289         16 0.0000e+00
     84.091   77.37178 -176.25649     85.000    -1.1858    -1.1853  27.295594  27.294487    33.9481    33.9460    274.534    265.922    -0.0996     4.6431     0.0983     0.0983     0.0393     0.0210       7418     5.1504     100.00     2.1014     1.8356         15 0.0000e+00
     85.080   77.37180 -176.25648     86.000    -1.1812    -1.1807  27.313754  27.312883    33.9671    33.9654    276.490    268.810    -0.0869     4.6434     0.0985     0.0985     0.0391     0.0216       7469     5.1858     100.00     2.1131     1.8501         16 0.0000e+00
     86.069   77.37180 -176.25648     87.000    -1.1774    -1.1769  27.333033  27.332189    33.9887    33.9870    277.027    269.269    -0.1060     4.6440     0.0971     0.0971     0.0386     0.0208       7519     5.2207     100.00     2.1165     1.8526         16 0.0000e+00
     87.059   77.37180 -176.25646     88.000    -1.1729    -1.1725  27.349224  27.348455    34.0051    34.0036    278.197    269.917    -0.1155     4.6448     0.0975     0.0975     0.0379     0.0204       7570     5.2561     100.00     2.1235     1.8560         16 0.0000e+00
     88.047   77.37180 -176.25646     89.000    -1.1690    -1.1686  27.365252  27.364635    34.0221    34.0207    279.871    272.015    -0.1271     4.6447     0.0975     0.0975     0.0380     0.0199       7620     5.2912     100.00     2.1335     1.8665         16 0.0000e+00
     89.037   77.37180 -176.25645     90.000    -1.1665    -1.1664  27.382171  27.381117    34.0418    34.0402    281.390    273.291    -0.0981     4.6449     0.0965     0.0965     0.0378     0.0211       7671     5.3266     100.00     2.1426     1.8730         19 0.0000e+00
     90.026   77.37182 -176.25644     91.000    -1.1666    -1.1663  27.396431  27.395602    34.0608    34.0593    282.754    274.892    -0.1200     4.6459     0.0955     0.0955     0.0369     0.0202       7722     5.3616     100.00     2.1506     1.8809         18 0.0000e+00
     91.015   77.37182 -176.25643     92.000    -1.1620    -1.1617  27.412583  27.411533    34.0770    34.0753    283.957    275.947    -0.0929     4.6444     0.0944     0.0944     0.0382     0.0213       7772     5.3965     100.00     2.1579     1.8863         18 0.0000e+00
     92.004   77.37182 -176.25642     93.000    -1.1616    -1.1610  27.423480  27.422698    34.0908    34.0891    285.401    277.341    -0.1011     4.6467     0.0940     0.0940     0.0362     0.0210       7823     5.4319     100.00     2.1664     1.8932         18 0.0000e+00
     92.993   77.37182 -176.25642     94.000    -1.1556    -1.1554  27.437178  27.435961    34.1022    34.1003    286.460    278.053    -0.1079     4.6466     0.0952     0.0952     0.0363     0.0207       7874     5.4673     100.00     2.1728     1.8970         18 0.0000e+00
     93.982   77.37182 -176.25641     95.000    -1.1608    -1.1609  27.441183  27.439840    34.1130    34.1112    287.715    279.263    -0.1093     4.6469     0.0932     0.0932     0.0361     0.0206       7924     5.5022     100.00     2.1798     1.9026         19 0.0000e+00
     94.971   77.37183 -176.25640     96.000    -1.1649    -1.1647  27.445617  27.444266    34.1231    34.1210    288.559    280.000    -0.1167     4.6471     0.0937     0.0937     0.0359     0.0203       7975     5.5374     100.00     2.1845     1.9061         18 0.0000e+00
     95.960   77.37184 -176.25640     97.000    -1.1660    -1.1658  27.450359  27.449193    34.1302    34.1284    289.813    281.264    -0.1130     4.6473     0.0943     0.0943     0.0357     0.0205       8026     5.5727     100.00     2.1916     1.9122         22 0.0000e+00
     96.949   77.37184 -176.25638     98.000    -1.1688    -1.1689  27.457043  27.455661    34.1420    34.1402    290.922    282.355    -0.1076     4.6483     0.0933     0.0933     0.0349     0.0207       8076     5.6074     100.00     2.1979     1.9174         19 0.0000e+00
     97.938   77.37184 -176.25638     99.000    -1.1710    -1.1706  27.462450  27.461269    34.1512    34.1492    292.091    283.521    -0.1312     4.6476     0.0934     0.0934     0.0355     0.0197       8126     5.6426     100.00     2.2046     1.9230         17 0.0000e+00
     98.927   77.37184 -176.25636    100.000    -1.1651    -1.1648  27.472903  27.471773    34.1582    34.1563    293.301    285.324    -0.0954     4.6486     0.0927     0.0927     0.0347     0.0212       8177     5.6780     100.00     2.2118     1.9321         22 0.0000e+00
     99.916   77.37184 -176.25636    101.000    -1.1721    -1.1724  27.473643  27.472082    34.1666    34.1648    294.418    286.500    -0.0928     4.6492     0.0914     0.0914     0.0341     0.0213       8228     5.7135     100.00     2.2179     1.9375         23 0.0000e+00
    100.905   77.37186 -176.25635    102.000    -1.1789    -1.1787  27.474929  27.473793    34.1755    34.1736    295.097    287.199    -0.1308     4.6495     0.0924     0.0924     0.0339     0.0197       8279     5.7486     100.00     2.2214     1.9406         28 0.0000e+00
    101.894   77.37186 -176.25634    103.000    -1.1786    -1.1783  27.481610  27.480499    34.1837    34.1817    296.019    287.794    -0.1350     4.6497     0.0913     0.0913     0.0337     0.0196       8329     5.7834     100.00     2.2267     1.9435         20 0.0000e+00
    102.883   77.37186 -176.25634    104.000    -1.1562    -1.1528  27.505317  27.508505    34.1899    34.1904    296.927    288.687    -0.0938     4.6501     0.0920     0.0920     0.0334     0.0213       8382     5.8200     100.00     2.2331     1.9489         25 0.0000e+00
    103.872   77.37187 -176.25631    105.000    -1.1507    -1.1429  27.504198  27.516158    34.1815    34.1890    296.852    288.811    -0.1313     4.6528     0.0915     0.0915     0.0310     0.0197       8501     5.9025     100.00     2.2326     1.9497         26 0.0000e+00
    104.861   77.37188 -176.25630    106.000    -1.1379    -1.1367  27.535423  27.534585    34.2090    34.2066    295.594    287.845    -0.1125     4.6539     0.0903     0.0903     0.0301     0.0205       8588     5.9632     100.00     2.2260     1.9452         18 0.0000e+00
    105.850   77.37188 -176.25630    107.000    -1.1181    -1.1174  27.557791  27.556698    34.2165    34.2142    295.484    287.662    -0.1216     4.6545     0.0914     0.0914     0.0296     0.0201       8625     5.9886     100.00     2.2262     1.9450         22 0.0000e+00
    106.839   77.37188 -176.25628    108.000    -1.1073    -1.1067  27.573231  27.572115    34.2247    34.2224    295.768    288.136    -0.1230     4.6546     0.0914     0.0914     0.0295     0.0201       8660     6.0131     100.00     2.2284     1.9477         18 0.0000e+00
    107.828   77.37188 -176.25628    109.000    -1.0989    -1.0985  27.585425  27.584197    34.2311    34.2289    295.558    288.106    -0.1313     4.6543     0.0912     0.0912     0.0298     0.0197       8696     6.0380     100.00     2.2274     1.9478         21 0.0000e+00
    108.817   77.37188 -176.25628    110.000    -1.1061    -1.1062  27.582728  27.581124    34.2350    34.2330    295.254    287.502    -0.1332     4.6544     0.0913     0.0913     0.0297     0.0196       8730     6.0619     100.00     2.2251     1.9444         18 0.0000e+00
    109.806   77.37188 -176.25627    111.000    -1.1110    -1.1108  27.581867  27.580362    34.2388    34.2366    295.026    287.459    -0.1312     4.6546     0.0920     0.0920     0.0295     0.0197       8759     6.0817     100.00     2.2234     1.9438         17 0.0000e+00
    110.795   77.37188 -176.25626    112.000    -1.1070    -1.1067  27.588532  27.587129    34.2427    34.2405    295.111    287.433    -0.1363     4.6544     0.0913     0.0913     0.0296     0.0195       8785     6.1003     100.00     2.2239     1.9437         21 0.0000e+00
    111.784   77.37189 -176.25626    113.000    -1.0976    -1.0968  27.600529  27.599650    34.2478    34.2457    295.511    287.409    -0.1346     4.6546     0.0902     0.0902     0.0295     0.0196       8811     6.1182     100.00     2.2265     1.9439         16 0.0000e+00
    112.773   77.37190 -176.25626    114.000    -1.0800    -1.0793  27.622244  27.621160    34.2567    34.2545    296.023    287.592    -0.1336     4.6549     0.0906     0.0906     0.0292     0.0196       8838     6.1365     100.00     2.2303     1.9455         20 0.0000e+00
    113.762   77.37190 -176.25626    115.000    -1.0667    -1.0662  27.638668  27.637488    34.2635    34.2613    296.476    288.357    -0.1349     4.6549     0.0906     0.0906     0.0292     0.0196       8863     6.1544     100.00     2.2336     1.9497         18 0.0000e+00
    114.751   77.37190 -176.25626    116.000    -1.0611    -1.0608  27.645456  27.644209    34.2657    34.2636    296.753    288.542    -0.1329     4.6556     0.0891     0.0891     0.0286     0.0197       8889     6.1722     100.00     2.2353     1.9507         16 0.0000e+00
    115.740   77.37190 -176.25625    117.000    -1.0531    -1.0531  27.655743  27.654228    34.2701    34.2679    296.917    287.525    -0.1258     4.6547     0.0894     0.0894     0.0294     0.0200       8915     6.1901     100.00     2.2365     1.9458         17 0.0000e+00
    116.729   77.37190 -176.25624    118.000    -1.0621    -1.0622  27.653003  27.651438    34.2759    34.2739    297.108    288.414    -0.0987     4.6555     0.0913     0.0913     0.0287     0.0211       8940     6.2079     100.00     2.2370     1.9497         16 0.0000e+00
