Continuous CTD Data/01_SBE Stage/nabos_07_02.ros
* Sea-Bird SBE 9 Data File:
* FileName = D:\CTD\data\HLY2502\raw\NABOS_07_02.hex
* Software Version Seasave V 7.26.7.110
* Temperature SN = 6954
* Conductivity SN = 2561
* Number of Bytes Per Scan = 37
* Number of Voltage Words = 4
* Number of Scans Averaged by the Deck Unit = 1
* NMEA Latitude = 75 42.24 N
* NMEA Longitude = 175 32.88 E
* NMEA UTC (Time) = Sep 12 2025  05:23:18
* NMEA baud rate = 9600
** Ship: USCG HEALY
** Bot. Depth:  264
** Cast Number:  02
** Station Name:  NABOS
** Station Number:  07
** Operator:  STARC
** cast to 254m
# nquan = 25
# nvalues = 1029                                  
# units = specified
# name 0 = depSM: Depth [salt water, m]
# name 1 = latitude: Latitude [deg]
# name 2 = longitude: Longitude [deg]
# name 3 = prDM: Pressure, Digiquartz [db]
# name 4 = t090C: Temperature [ITS-90, deg C]
# name 5 = t190C: Temperature, 2 [ITS-90, deg C]
# name 6 = c0mS/cm: Conductivity [mS/cm]
# name 7 = c1mS/cm: Conductivity, 2 [mS/cm]
# name 8 = sal00: Salinity, Practical [PSU]
# name 9 = sal11: Salinity, Practical, 2 [PSU]
# name 10 = sbox0Mm/Kg: Oxygen, SBE 43 [umol/kg]
# name 11 = sbox1Mm/Kg: Oxygen, SBE 43, 2 [umol/kg]
# name 12 = flECO-AFL: Fluorescence, WET Labs ECO-AFL/FL [mg/m^3]
# name 13 = v2: Voltage 2
# name 14 = wetCDOM: Fluorescence, WET Labs CDOM [mg/m^3]
# name 15 = v6: Voltage 6
# name 16 = CStarAt0: Beam Attenuation, WET Labs C-Star [1/m]
# name 17 = v3: Voltage 3
# name 18 = scan: Scan Count
# name 19 = timeM: Time, Elapsed [minutes]
# name 20 = altM: Altimeter [m]
# name 21 = sbeox0V: Oxygen raw, SBE 43 [V]
# name 22 = sbeox1V: Oxygen raw, SBE 43, 2 [V]
# name 23 = nbf: Bottles Fired
# name 24 = flag:  0.000e+00
# interval = seconds: 0.0416667
# start_time = Sep 12 2025 05:23:18 [NMEA time, header]
# bad_flag = -9.990e-29
*END*
[from data line 522]
     84.741   75.70466  175.56278     85.651    -1.3319    -1.3319  27.257759  27.256320    34.0618    34.0599    303.324    293.717    -0.1366     4.6618     0.0928     0.0928     0.0233     0.0195      42847    29.7542     100.00     2.2637     1.9680         11  0.000e+00
     84.741   75.70466  175.56278     85.651    -1.3321    -1.3317  27.257699  27.256036    34.0621    34.0593    303.535    293.964    -0.1366     4.6618     0.0928     0.0928     0.0233     0.0195      42848    29.7549     100.00     2.2649     1.9692         11  0.000e+00
     84.683   75.70466  175.56278     85.593    -1.3319    -1.3319  27.257940  27.255866    34.0621    34.0593    303.321    294.211    -0.1366     4.6618     0.0916     0.0916     0.0233     0.0195      42849    29.7556     100.00     2.2637     1.9704         11  0.000e+00
     84.741   75.70466  175.56278     85.651    -1.3319    -1.3319  27.257879  27.256093    34.0620    34.0596    303.324    294.213    -0.1366     4.6618     0.0916     0.0916     0.0233     0.0195      42850    29.7563     100.00     2.2637     1.9704         11  0.000e+00
     84.741   75.70466  175.56278     85.651    -1.3321    -1.3319  27.257518  27.256150    34.0618    34.0597    303.327    293.965    -0.1366     4.6618     0.0904     0.0904     0.0233     0.0195      42851    29.7569     100.00     2.2637     1.9692         11  0.000e+00
     84.741   75.70466  175.56278     85.651    -1.3320    -1.3317  27.257276  27.255979    34.0613    34.0592    303.326    293.717    -0.1366     4.6618     0.0904     0.0904     0.0233     0.0195      42852    29.7576     100.00     2.2637     1.9680         11  0.000e+00
     84.683   75.70466  175.56278     85.593    -1.3319    -1.3317  27.257698  27.256093    34.0618    34.0594    303.322    293.714    -0.1366     4.6606     0.0916     0.0916     0.0243     0.0195      42853    29.7583     100.00     2.2637     1.9680         11  0.000e+00
     84.683   75.70466  175.56278     85.593    -1.3321    -1.3317  27.257397  27.256773    34.0617    34.0604    303.325    293.464    -0.1061     4.6618     0.0904     0.0904     0.0233     0.0208      42854    29.7590     100.00     2.2637     1.9668         11  0.000e+00
     84.741   75.70466  175.56278     85.651    -1.3319    -1.3317  27.257518  27.256773    34.0615    34.0603    303.534    293.466    -0.1366     4.6618     0.0904     0.0904     0.0233     0.0195      42855    29.7597     100.00     2.2649     1.9668         11  0.000e+00
     84.683   75.70466  175.56278     85.593    -1.3320    -1.3317  27.257819  27.256263    34.0621    34.0597    303.322    293.713    -0.1366     4.6618     0.0904     0.0904     0.0233     0.0195      42856    29.7604     100.00     2.2637     1.9680         11  0.000e+00
     84.683   75.70466  175.56278     85.593    -1.3319    -1.3317  27.257819  27.256319    34.0619    34.0597    303.531    293.713    -0.1366     4.6618     0.0916     0.0916     0.0233     0.0195      42857    29.7611     100.00     2.2649     1.9680         11  0.000e+00
     84.683   75.70466  175.56278     85.593    -1.3319    -1.3317  27.257638  27.256433    34.0617    34.0599    303.322    294.208    -0.1366     4.6618     0.0916     0.0916     0.0233     0.0195      42858    29.7618     100.00     2.2637     1.9704         11  0.000e+00
     84.683   75.70466  175.56278     85.593    -1.3317    -1.3317  27.257819  27.256433    34.0618    34.0599    303.320    293.960    -0.1061     4.6618     0.0904     0.0904     0.0233     0.0208      42859    29.7625     100.00     2.2637     1.9692         11  0.000e+00
     84.741   75.70466  175.56278     85.651    -1.3320    -1.3317  27.257397  27.256773    34.0615    34.0603    303.535    293.962    -0.1366     4.6618     0.0916     0.0916     0.0233     0.0195      42860    29.7632     100.00     2.2649     1.9692         11  0.000e+00
     84.626   75.70466  175.56278     85.535    -1.3320    -1.3316  27.257517  27.256943    34.0617    34.0605    303.321    293.956    -0.1366     4.6618     0.0904     0.0904     0.0233     0.0195      42861    29.7639     100.00     2.2637     1.9692         11  0.000e+00
     84.683   75.70466  175.56278     85.593    -1.3319    -1.3316  27.257518  27.256376    34.0615    34.0597    303.532    293.712    -0.1366     4.6618     0.0904     0.0904     0.0233     0.0195      42862    29.7646     100.00     2.2649     1.9680         11  0.000e+00
     84.683   75.70466  175.56278     85.593    -1.3318    -1.3314  27.257759  27.256716    34.0618    34.0599    303.531    293.710    -0.1366     4.6618     0.0904     0.0904     0.0233     0.0195      42863    29.7653     100.00     2.2649     1.9680         11  0.000e+00
     70.104   75.70472  175.56302     70.855    -1.4975    -1.4958  26.883524  26.884579    33.7432    33.7427    308.594    299.073    -0.1366     4.6606     0.0977     0.0977     0.0243     0.0195      45127    31.3375      99.24     2.2844     1.9863         12  0.000e+00
     69.981   75.70472  175.56302     70.730    -1.4975    -1.4960  26.883223  26.884579    33.7428    33.7430    308.800    299.069    -0.1366     4.6606     0.0977     0.0977     0.0243     0.0195      45128    31.3382      99.24     2.2856     1.9863         12  0.000e+00
     70.030   75.70472  175.56302     70.780    -1.4974    -1.4956  26.883344  26.884466    33.7428    33.7424    308.801    298.820    -0.1366     4.6606     0.0977     0.0977     0.0243     0.0195      45129    31.3389      99.22     2.2856     1.9851         12  0.000e+00
     69.981   75.70472  175.56302     70.730    -1.4973    -1.4960  26.883343  26.884127    33.7428    33.7423    308.799    298.822    -0.1366     4.6606     0.0977     0.0977     0.0243     0.0195      45130    31.3396      99.19     2.2856     1.9851         12  0.000e+00
     70.039   75.70472  175.56302     70.788    -1.4975    -1.4958  26.883644  26.884071    33.7434    33.7420    308.802    299.072    -0.1366     4.6606     0.0977     0.0977     0.0243     0.0195      45131    31.3403      99.19     2.2856     1.9863         12  0.000e+00
     70.039   75.70472  175.56302     70.788    -1.4976    -1.4955  26.883404  26.884353    33.7432    33.7421    308.803    299.069    -0.1061     4.6606     0.0977     0.0977     0.0243     0.0208      45132    31.3410      99.19     2.2856     1.9863         12  0.000e+00
     69.973   75.70472  175.56302     70.722    -1.4974    -1.4958  26.883343  26.884297    33.7429    33.7424    308.799    299.068    -0.1366     4.6606     0.0977     0.0977     0.0243     0.0195      45133    31.3417      99.19     2.2856     1.9863         12  0.000e+00
     70.039   75.70472  175.56302     70.788    -1.4975    -1.4960  26.883824  26.883902    33.7436    33.7420    308.801    299.074    -0.1366     4.6606     0.0977     0.0977     0.0243     0.0195      45134    31.3424      99.17     2.2856     1.9863         12  0.000e+00
     69.981   75.70472  175.56302     70.730    -1.4975    -1.4959  26.883643  26.884297    33.7435    33.7425    308.799    299.070    -0.1366     4.6606     0.0977     0.0977     0.0243     0.0195      45135    31.3431      99.15     2.2856     1.9863         12  0.000e+00
     70.030   75.70472  175.56302     70.780    -1.4973    -1.4960  26.883584  26.884127    33.7431    33.7423    308.800    299.321    -0.1366     4.6606     0.0977     0.0977     0.0243     0.0195      45136    31.3438      99.15     2.2856     1.9875         12  0.000e+00
     70.104   75.70472  175.56304     70.855    -1.4972    -1.4956  26.883464  26.884071    33.7428    33.7418    309.013    299.322    -0.1366     4.6606     0.0977     0.0977     0.0243     0.0195      45137    31.3444      99.15     2.2869     1.9875         12  0.000e+00
     69.981   75.70472  175.56304     70.730    -1.4972    -1.4956  26.883523  26.884353    33.7429    33.7422    308.587    298.818    -0.1061     4.6606     0.0977     0.0977     0.0243     0.0208      45138    31.3451      99.12     2.2844     1.9851         12  0.000e+00
     70.039   75.70472  175.56304     70.788    -1.4973    -1.4956  26.883884  26.884127    33.7435    33.7419    308.799    298.573    -0.0755     4.6618     0.0977     0.0977     0.0233     0.0220      45139    31.3458      99.12     2.2856     1.9838         12  0.000e+00
     70.030   75.70472  175.56304     70.780    -1.4972    -1.4958  26.884243  26.884748    33.7439    33.7430    309.007    298.571    -0.1061     4.6606     0.0977     0.0977     0.0243     0.0208      45140    31.3465      99.12     2.2869     1.9838         12  0.000e+00
     70.039   75.70472  175.56304     70.788    -1.4973    -1.4953  26.883584  26.885425    33.7431    33.7434    308.800    298.567    -0.0755     4.6618     0.0977     0.0977     0.0233     0.0220      45141    31.3472      99.12     2.2856     1.9838         12  0.000e+00
     69.981   75.70472  175.56304     70.730    -1.4974    -1.4949  26.884003  26.886384    33.7438    33.7442    309.007    298.807    -0.0755     4.6618     0.0977     0.0977     0.0233     0.0220      45142    31.3479      99.10     2.2869     1.9851         12  0.000e+00
     70.030   75.70472  175.56304     70.780    -1.4970    -1.4948  26.883943  26.886159    33.7432    33.7438    308.586    299.059    -0.1061     4.6606     0.0977     0.0977     0.0243     0.0208      45143    31.3486      99.10     2.2844     1.9863         12  0.000e+00
     70.039   75.70472  175.56304     70.788    -1.4974    -1.4950  26.883764  26.885877    33.7434    33.7436    308.800    299.310    -0.0755     4.6606     0.0977     0.0977     0.0243     0.0220      45144    31.3493      99.10     2.2856     1.9875         12  0.000e+00
     70.039   75.70472  175.56304     70.788    -1.4971    -1.4955  26.884003  26.885482    33.7435    33.7436    308.798    299.314    -0.1061     4.6606     0.0977     0.0977     0.0243     0.0208      45145    31.3500      99.10     2.2856     1.9875         12  0.000e+00
     70.039   75.70472  175.56304     70.788    -1.4970    -1.4960  26.883524  26.885030    33.7427    33.7436    309.009    299.319    -0.0755     4.6606     0.0977     0.0977     0.0243     0.0220      45146    31.3507      99.07     2.2869     1.9875         12  0.000e+00
     69.973   75.70472  175.56304     70.722    -1.4971    -1.4958  26.883823  26.884635    33.7433    33.7428    308.796    299.067    -0.0755     4.6618     0.0977     0.0977     0.0233     0.0220      45147    31.3514      99.07     2.2856     1.9863         12  0.000e+00
     70.039   75.70472  175.56304     70.788    -1.4972    -1.4953  26.884063  26.884635    33.7436    33.7423    309.008    298.818    -0.0755     4.6606     0.0977     0.0977     0.0243     0.0220      45148    31.3521      99.07     2.2869     1.9851         12  0.000e+00
     70.039   75.70472  175.56304     70.788    -1.4971    -1.4958  26.884123  26.884353    33.7436    33.7424    309.008    298.822    -0.0755     4.6618     0.0977     0.0977     0.0233     0.0220      45149    31.3528      99.07     2.2869     1.9851         12  0.000e+00
     70.031   75.70472  175.56304     70.780    -1.4972    -1.4960  26.883404  26.884466    33.7427    33.7428    308.800    298.822    -0.1061     4.6606     0.0977     0.0977     0.0243     0.0208      45150    31.3535      99.05     2.2856     1.9851         12  0.000e+00
     70.039   75.70472  175.56304     70.788    -1.4970    -1.4956  26.883704  26.884861    33.7429    33.7429    309.008    298.819    -0.0755     4.6606     0.0977     0.0977     0.0243     0.0220      45151    31.3542      99.05     2.2869     1.9851         12  0.000e+00
     70.039   75.70472  175.56304     70.788    -1.4972    -1.4953  26.883943  26.885030    33.7435    33.7428    309.009    298.817    -0.1061     4.6606     0.0977     0.0977     0.0243     0.0208      45152    31.3549      99.05     2.2869     1.9851         12  0.000e+00
     69.981   75.70472  175.56304     70.730    -1.4972    -1.4953  26.884063  26.885425    33.7437    33.7434    309.006    298.813    -0.0755     4.6618     0.0977     0.0977     0.0233     0.0220      45153    31.3556      99.05     2.2869     1.9851         12  0.000e+00
     70.096   75.70472  175.56304     70.846    -1.4971    -1.4950  26.883944  26.885482    33.7434    33.7431    308.800    298.816    -0.0755     4.6606     0.0977     0.0977     0.0243     0.0220      45154    31.3562      99.05     2.2856     1.9851         12  0.000e+00
     69.981   75.70472  175.56304     70.730    -1.4972    -1.4948  26.883523  26.885143    33.7429    33.7425    309.008    298.811    -0.0755     4.6618     0.0977     0.0977     0.0233     0.0220      45155    31.3569      99.02     2.2869     1.9851         12  0.000e+00
     70.039   75.70472  175.56304     70.788    -1.4971    -1.4952  26.883764  26.885425    33.7431    33.7432    309.219    298.815    -0.0755     4.6606     0.0977     0.0977     0.0243     0.0220      45156    31.3576      99.02     2.2881     1.9851         12  0.000e+00
     70.096   75.70472  175.56304     70.846    -1.4974    -1.4951  26.883764  26.885482    33.7434    33.7432    309.013    298.816    -0.1061     4.6606     0.0977     0.0977     0.0243     0.0208      45157    31.3583      99.02     2.2869     1.9851         12  0.000e+00
     69.981   75.70472  175.56304     70.730    -1.4971    -1.4952  26.883823  26.885764    33.7433    33.7437    309.006    298.811    -0.0755     4.6606     0.0977     0.0977     0.0243     0.0220      45158    31.3590      99.05     2.2869     1.9851         12  0.000e+00
     70.039   75.70472  175.56304     70.788    -1.4972    -1.4951  26.883884  26.885707    33.7434    33.7435    309.009    298.813    -0.0755     4.6606     0.0977     0.0977     0.0243     0.0220      45159    31.3597      99.02     2.2869     1.9851         12  0.000e+00
     70.039   75.70472  175.56304     70.788    -1.4971    -1.4952  26.883764  26.885595    33.7431    33.7434    309.009    298.814    -0.1061     4.6606     0.0977     0.0977     0.0243     0.0208      45160    31.3604      99.00     2.2869     1.9851         12  0.000e+00
     69.973   75.70472  175.56304     70.722    -1.4974    -1.4948  26.884003  26.885425    33.7438    33.7428    309.007    298.810    -0.1061     4.6606     0.0977     0.0977     0.0243     0.0208      45161    31.3611      99.00     2.2869     1.9851         12  0.000e+00
     70.104   75.70472  175.56304     70.855    -1.4970    -1.4950  26.883704  26.885425    33.7428    33.7430    308.800    298.567    -0.1061     4.6606     0.0977     0.0977     0.0243     0.0208      45162    31.3618      99.00     2.2856     1.9838         12  0.000e+00
     69.981   75.70472  175.56304     70.730    -1.4970    -1.4951  26.883703  26.885143    33.7430    33.7428    309.006    298.315    -0.0755     4.6606     0.0977     0.0977     0.0243     0.0220      45163    31.3625      98.97     2.2869     1.9826         12  0.000e+00
     70.031   75.70472  175.56304     70.780    -1.4970    -1.4956  26.883584  26.884917    33.7427    33.7430    309.008    298.321    -0.1061     4.6606     0.0977     0.0977     0.0243     0.0208      45164    31.3632      98.97     2.2869     1.9826         12  0.000e+00
     70.039   75.70472  175.56304     70.788    -1.4974    -1.4959  26.883884  26.884353    33.7436    33.7426    309.010    298.574    -0.1061     4.6606     0.0977     0.0977     0.0243     0.0208      45165    31.3639      98.97     2.2869     1.9838         12  0.000e+00
     70.039   75.70472  175.56304     70.788    -1.4971    -1.4956  26.883883  26.884466    33.7433    33.7424    309.009    298.820    -0.0755     4.6606     0.0977     0.0977     0.0243     0.0220      45166    31.3646      98.97     2.2869     1.9851         12  0.000e+00
