Continuous CTD Data/01_SBE Stage/nabos_07_01avg.cnv
* Sea-Bird SBE 9 Data File:
* FileName = D:\CTD\data\HLY2502\raw\NABOS_07_01.hex
* Software Version Seasave V 7.26.7.110
* Temperature SN = 6954
* Conductivity SN = 2561
* Number of Bytes Per Scan = 37
* Number of Voltage Words = 4
* Number of Scans Averaged by the Deck Unit = 1
* NMEA Latitude = 75 42.14 N
* NMEA Longitude = 175 33.10 E
* NMEA UTC (Time) = Sep 12 2025  03:58:17
* NMEA baud rate = 9600
** Ship: USCG HEALY
** Bot. Depth:  259
** Cast Number:  01
** Station Name:  NABOS
** Station Number:  07
** Operator:  STARC
** Ra cast, target depth 250 m
# nquan = 25
# nvalues = 249                         
# units = specified
# name 0 = depSM: Depth [salt water, m]
# name 1 = latitude: Latitude [deg]
# name 2 = longitude: Longitude [deg]
# name 3 = prDM: Pressure, Digiquartz [db]
# name 4 = t090C: Temperature [ITS-90, deg C]
# name 5 = t190C: Temperature, 2 [ITS-90, deg C]
# name 6 = c0mS/cm: Conductivity [mS/cm]
# name 7 = c1mS/cm: Conductivity, 2 [mS/cm]
# name 8 = sal00: Salinity, Practical [PSU]
# name 9 = sal11: Salinity, Practical, 2 [PSU]
# name 10 = sbox0Mm/Kg: Oxygen, SBE 43 [umol/kg]
# name 11 = sbox1Mm/Kg: Oxygen, SBE 43, 2 [umol/kg]
# name 12 = flECO-AFL: Fluorescence, WET Labs ECO-AFL/FL [mg/m^3]
# name 13 = v2: Voltage 2
# name 14 = wetCDOM: Fluorescence, WET Labs CDOM [mg/m^3]
# name 15 = v6: Voltage 6
# name 16 = CStarAt0: Beam Attenuation, WET Labs C-Star [1/m]
# name 17 = v3: Voltage 3
# name 18 = scan: Scan Count
# name 19 = timeM: Time, Elapsed [minutes]
# name 20 = altM: Altimeter [m]
# name 21 = sbeox0V: Oxygen raw, SBE 43 [V]
# name 22 = sbeox1V: Oxygen raw, SBE 43, 2 [V]
# name 23 = nbin: number of scans per bin
# name 24 = flag: flag
# span 0 =      2.969,    248.234       
# span 1 =   75.70198,   75.70241       
# span 2 =  175.55359,  175.56143       
# span 3 =      3.000,    251.000       
# span 4 =    -1.6401,     0.7460       
# span 5 =    -1.6394,     0.7462       
# span 6 =  22.405303,  29.597737       
# span 7 =  22.404383,  29.596213       
# span 8 =    27.5969,    34.7411       
# span 9 =    27.5952,    34.7389       
# span 10 =    275.231,    377.495      
# span 11 =    268.554,    367.832      
# span 12 =    -0.1689,     0.3635      
# span 13 =     4.1383,     4.6653      
# span 14 =     0.0886,     0.1239      
# span 15 =     0.0886,     0.1239      
# span 16 =     0.0202,     0.5001      
# span 17 =     0.0182,     0.0396      
# span 18 =       2287,      16157      
# span 19 =     1.5876,    11.2191      
# span 20 =      10.28,     100.00      
# span 21 =     2.1740,     2.6415      
# span 22 =     1.9051,     2.2852      
# span 23 =         13,         31      
# span 24 = 0.0000e+00, 0.0000e+00      
# interval = decibars: 1                
# start_time = Sep 12 2025 03:58:17 [NMEA time, header]
# bad_flag = -9.990e-29
*END*
[from data line 58]
     60.355   75.70198  175.55618     61.000    -1.6107    -1.6091  26.619378  26.621138    33.5118    33.5125    326.035    317.994    -0.0826     4.6579     0.1043     0.1043     0.0266     0.0217       5512     3.8270     100.00     2.3782     2.0729         21 0.0000e+00
     61.345   75.70198  175.55621     62.000    -1.5998    -1.5951  26.647985  26.657920    33.5385    33.5469    324.586    316.879    -0.1133     4.6585     0.1032     0.1032     0.0260     0.0205       5576     3.8716     100.00     2.3706     2.0684         26 0.0000e+00
     62.334   75.70198  175.55627     63.000    -1.5701    -1.5680  26.718569  26.721359    33.6021    33.6036    322.515    315.191    -0.0921     4.6595     0.1021     0.1021     0.0252     0.0213       5645     3.9196     100.00     2.3610     2.0619         23 0.0000e+00
     63.323   75.70198  175.55630     64.000    -1.5536    -1.5515  26.755823  26.757760    33.6344    33.6346    321.529    314.187    -0.0852     4.6604     0.1016     0.1016     0.0245     0.0216       5682     3.9450     100.00     2.3564     2.0579         13 0.0000e+00
     64.313   75.70198  175.55633     65.000    -1.5389    -1.5364  26.787211  26.789802    33.6605    33.6613    320.144    313.482    -0.1114     4.6602     0.1022     0.1022     0.0247     0.0205       5716     3.9686     100.00     2.3494     2.0553         20 0.0000e+00
     65.302   75.70198  175.55638     66.000    -1.5279    -1.5251  26.811838  26.815552    33.6815    33.6835    317.200    310.593    -0.1329     4.6609     0.1005     0.1005     0.0240     0.0197       5782     4.0143     100.00     2.3330     2.0417         22 0.0000e+00
     66.291   75.70198  175.55645     67.000    -1.5085    -1.5052  26.854255  26.858804    33.7176    33.7201    314.338    307.581    -0.1356     4.6607     0.1005     0.1005     0.0242     0.0195       5862     4.0699     100.00     2.3177     2.0281         26 0.0000e+00
     67.280   75.70198  175.55648     68.000    -1.4783    -1.4760  26.919847  26.922158    33.7734    33.7740    313.502    306.597    -0.1349     4.6607     0.1002     0.1002     0.0242     0.0196       5893     4.0916     100.00     2.3151     2.0251         18 0.0000e+00
     68.270   75.70198  175.55650     69.000    -1.4698    -1.4681  26.940886  26.942420    33.7922    33.7923    312.913    306.581    -0.1351     4.6610     0.1001     0.1001     0.0240     0.0196       5924     4.1130     100.00     2.3122     2.0253         20 0.0000e+00
     69.259   75.70198  175.55656     70.000    -1.4542    -1.4479  26.976348  26.987502    33.8228    33.8311    311.015    304.364    -0.1340     4.6615     0.0990     0.0990     0.0236     0.0196       5990     4.1593     100.00     2.3022     2.0156         23 0.0000e+00
     70.248   75.70198  175.55662     71.000    -1.4277    -1.4262  27.036445  27.037532    33.8751    33.8748    309.217    302.755    -0.1349     4.6618     0.0974     0.0974     0.0233     0.0196       6068     4.2129     100.00     2.2937     2.0090         18 0.0000e+00
     71.237   75.70198  175.55665     72.000    -1.4195    -1.4186  27.055535  27.055534    33.8915    33.8904    308.891    302.440    -0.1334     4.6618     0.0981     0.0981     0.0233     0.0196       6100     4.2355     100.00     2.2922     2.0078         19 0.0000e+00
     72.227   75.70198  175.55667     73.000    -1.4152    -1.4142  27.066929  27.066810    33.9017    33.9004    308.633    302.113    -0.1277     4.6616     0.0988     0.0988     0.0235     0.0199       6130     4.2565     100.00     2.2909     2.0063         17 0.0000e+00
     73.216   75.70198  175.55673     74.000    -1.4108    -1.4087  27.077275  27.078959    33.9103    33.9102    307.958    301.390    -0.1144     4.6619     0.0969     0.0969     0.0232     0.0204       6195     4.3017     100.00     2.2871     2.0029         18 0.0000e+00
     74.205   75.70198  175.55679     75.000    -1.3995    -1.3982  27.102428  27.103028    33.9315    33.9308    307.635    301.101    -0.1362     4.6621     0.0954     0.0954     0.0230     0.0195       6272     4.3547     100.00     2.2859     2.0020         15 0.0000e+00
     75.194   75.70198  175.55682     76.000    -1.3904    -1.3894  27.123357  27.123277    33.9494    33.9481    307.353    300.606    -0.1366     4.6615     0.0977     0.0977     0.0235     0.0195       6306     4.3782     100.00     2.2847     2.0000         14 0.0000e+00
     76.183   75.70198  175.55685     77.000    -1.3859    -1.3845  27.133680  27.134000    33.9579    33.9567    307.152    300.421    -0.1317     4.6622     0.0975     0.0975     0.0229     0.0197       6338     4.4005     100.00     2.2837     1.9992         19 0.0000e+00
     77.173   75.70198  175.55690     78.000    -1.3789    -1.3770  27.147855  27.149446    33.9688    33.9688    306.824    299.977    -0.1347     4.6628     0.0961     0.0961     0.0224     0.0196       6404     4.4468     100.00     2.2820     1.9973         17 0.0000e+00
     78.162   75.70198  175.55696     79.000    -1.3712    -1.3709  27.164120  27.162830    33.9819    33.9797    306.496    299.320    -0.1344     4.6621     0.0971     0.0971     0.0230     0.0196       6474     4.4948     100.00     2.2805     1.9942         14 0.0000e+00
     79.151   75.70198  175.55699     80.000    -1.3673    -1.3656  27.174431  27.175432    33.9909    33.9905    306.098    299.525    -0.1347     4.6621     0.0975     0.0975     0.0230     0.0196       6511     4.5211     100.00     2.2783     1.9954         16 0.0000e+00
     80.140   75.70198  175.55702     81.000    -1.3514    -1.3496  27.212757  27.213908    34.0251    34.0246    305.735    298.789    -0.1366     4.6622     0.0964     0.0964     0.0229     0.0195       6548     4.5464     100.00     2.2773     1.9927         17 0.0000e+00
     81.130   75.70198  175.55707     82.000    -1.3478    -1.3466  27.222398  27.222464    34.0336    34.0324    305.144    298.418    -0.1307     4.6623     0.0949     0.0949     0.0229     0.0198       6612     4.5910     100.00     2.2739     1.9909         15 0.0000e+00
     82.119   75.70198  175.55713     83.000    -1.3383    -1.3375  27.248066  27.247827    34.0574    34.0562    304.832    298.001    -0.1290     4.6632     0.0945     0.0945     0.0220     0.0198       6679     4.6376     100.00     2.2727     1.9894         16 0.0000e+00
     83.108   75.70198  175.55716     84.000    -1.3324    -1.3300  27.261281  27.262825    34.0684    34.0678    304.846    298.164    -0.1346     4.6626     0.0952     0.0952     0.0225     0.0196       6719     4.6651     100.00     2.2730     1.9904         16 0.0000e+00
     84.097   75.70198  175.55720     85.000    -1.3058    -1.3037  27.297342  27.297740    34.0870    34.0852    304.520    297.974    -0.1290     4.6630     0.0936     0.0936     0.0222     0.0198       6759     4.6934     100.00     2.2726     1.9906         16 0.0000e+00
     85.086   75.70198  175.55725     86.000    -1.3084    -1.3085  27.301902  27.300608    34.0955    34.0939    304.351    297.504    -0.1309     4.6624     0.0938     0.0938     0.0228     0.0197       6818     4.7342     100.00     2.2713     1.9880         16 0.0000e+00
     86.075   75.70198  175.55730     87.000    -1.3088    -1.3081  27.306670  27.305795    34.1020    34.1000    303.547    296.691    -0.1332     4.6627     0.0946     0.0946     0.0225     0.0196       6880     4.7772     100.00     2.2664     1.9839         18 0.0000e+00
     87.064   75.70198  175.55734     88.000    -1.3034    -1.3027  27.318320  27.317267    34.1113    34.1090    303.488    296.542    -0.1191     4.6630     0.0940     0.0940     0.0222     0.0202       6927     4.8099     100.00     2.2663     1.9833         17 0.0000e+00
     88.054   75.70198  175.55738     89.000    -1.2986    -1.2978  27.328018  27.327455    34.1184    34.1167    303.846    296.636    -0.1279     4.6630     0.0950     0.0950     0.0222     0.0199       6972     4.8412     100.00     2.2685     1.9839         17 0.0000e+00
     89.043   75.70198  175.55742     90.000    -1.2931    -1.2924  27.341931  27.341412    34.1308    34.1292    304.266    296.963    -0.1290     4.6631     0.0939     0.0939     0.0221     0.0198       7025     4.8778     100.00     2.2712     1.9857         16 0.0000e+00
     90.032   75.70198  175.55747     91.000    -1.2900    -1.2893  27.352920  27.352297    34.1417    34.1400    303.971    297.005    -0.1326     4.6622     0.0925     0.0925     0.0229     0.0197       7086     4.9200     100.00     2.2695     1.9860         15 0.0000e+00
     91.021   75.70198  175.55753     92.000    -1.2890    -1.2885  27.356576  27.355392    34.1449    34.1427    304.516    297.029    -0.1312     4.6622     0.0930     0.0930     0.0229     0.0197       7140     4.9574     100.00     2.2726     1.9860         17 0.0000e+00
     92.010   75.70198  175.55757     93.000    -1.2875    -1.2867  27.361766  27.361207    34.1497    34.1480    304.917    297.518    -0.1293     4.6625     0.0934     0.0934     0.0227     0.0198       7185     4.9886     100.00     2.2749     1.9884         21 0.0000e+00
     92.999   75.70198  175.55761     94.000    -1.2834    -1.2827  27.370839  27.369842    34.1568    34.1546    305.252    297.738    -0.1305     4.6623     0.0926     0.0926     0.0229     0.0198       7231     5.0209     100.00     2.2769     1.9895         20 0.0000e+00
     93.988   75.70198  175.55767     95.000    -1.2797    -1.2787  27.377608  27.377094    34.1613    34.1595    305.648    298.158    -0.1347     4.6622     0.0929     0.0929     0.0229     0.0196       7296     5.0657     100.00     2.2793     1.9916         17 0.0000e+00
     94.978   75.70198  175.55771     96.000    -1.2721    -1.2712  27.389212  27.388557    34.1680    34.1660    305.797    298.663    -0.1352     4.6625     0.0934     0.0934     0.0227     0.0196       7354     5.1062     100.00     2.2804     1.9943         21 0.0000e+00
     95.967   75.70198  175.55775     97.000    -1.2594    -1.2577  27.406441  27.406560    34.1765    34.1747    305.701    298.533    -0.1348     4.6621     0.0929     0.0929     0.0230     0.0196       7393     5.1332     100.00     2.2804     1.9942         17 0.0000e+00
     96.956   75.70198  175.55778     98.000    -1.2522    -1.2516  27.416638  27.415689    34.1817    34.1796    305.605    298.699    -0.1328     4.6624     0.0920     0.0920     0.0227     0.0197       7436     5.1631     100.00     2.2800     1.9951         16 0.0000e+00
     97.945   75.70198  175.55784     99.000    -1.2479    -1.2469  27.423279  27.422446    34.1852    34.1830    304.969    297.951    -0.1340     4.6630     0.0931     0.0931     0.0222     0.0196       7509     5.2142     100.00     2.2764     1.9915         24 0.0000e+00
     98.934   75.70198  175.55789    100.000    -1.2267    -1.2251  27.449363  27.449425    34.1963    34.1945    304.591    297.590    -0.1336     4.6629     0.0936     0.0936     0.0223     0.0196       7563     5.2513     100.00     2.2752     1.9906         20 0.0000e+00
     99.923   75.70198  175.55791    101.000    -1.2138    -1.2130  27.464259  27.463289    34.2013    34.1990    304.495    297.122    -0.1350     4.6627     0.0934     0.0934     0.0225     0.0196       7598     5.2754     100.00     2.2752     1.9887         18 0.0000e+00
    100.912   75.70198  175.55795    102.000    -1.1995    -1.1963  27.481427  27.483812    34.2079    34.2075    303.779    296.751    -0.1353     4.6628     0.0921     0.0921     0.0224     0.0196       7642     5.3059     100.00     2.2716     1.9875         24 0.0000e+00
    101.901   75.70198  175.55801    103.000    -1.1813    -1.1799  27.507334  27.507524    34.2221    34.2207    301.717    294.985    -0.1337     4.6628     0.0920     0.0920     0.0224     0.0196       7723     5.3624     100.00     2.2605     1.9794         21 0.0000e+00
    102.890   75.70198  175.55804    104.000    -1.1595    -1.1584  27.539853  27.539677    34.2410    34.2396    300.713    293.742    -0.1307     4.6630     0.0940     0.0940     0.0222     0.0198       7771     5.3959      96.21     2.2558     1.9743         16 0.0000e+00
    103.879   75.70198  175.55807    105.000    -1.1528    -1.1513  27.551439  27.551422    34.2487    34.2469    300.489    293.497    -0.1334     4.6627     0.0927     0.0927     0.0224     0.0196       7804     5.4188      95.81     2.2547     1.9732         19 0.0000e+00
    104.869   75.70200  175.55811    106.000    -1.1477    -1.1469  27.558172  27.557430    34.2514    34.2495    300.369    293.163    -0.1339     4.6630     0.0912     0.0912     0.0222     0.0196       7850     5.4504      99.96     2.2541     1.9716         23 0.0000e+00
    105.858   75.70200  175.55816    107.000    -1.1421    -1.1414  27.566464  27.565535    34.2557    34.2536    300.300    293.025    -0.1324     4.6628     0.0924     0.0924     0.0224     0.0197       7929     5.5057     100.00     2.2538     1.9710         22 0.0000e+00
    106.847   75.70200  175.55819    108.000    -1.1313    -1.1302  27.581426  27.581226    34.2633    34.2617    300.253    292.950    -0.1294     4.6629     0.0923     0.0923     0.0223     0.0198       7974     5.5371     100.00     2.2540     1.9710         21 0.0000e+00
    107.836   75.70200  175.55822    109.000    -1.1185    -1.1168  27.599937  27.600166    34.2734    34.2717    300.078    293.192    -0.1324     4.6624     0.0904     0.0904     0.0227     0.0197       8008     5.5606     100.00     2.2535     1.9727         22 0.0000e+00
    108.825   75.70200  175.55826    110.000    -1.1139    -1.1129  27.605978  27.605302    34.2757    34.2737    300.003    293.026    -0.1405     4.6629     0.0911     0.0911     0.0223     0.0194       8054     5.5921     100.00     2.2531     1.9719         23 0.0000e+00
    109.814   75.70200  175.55830    111.000    -1.1114    -1.1108  27.609975  27.608816    34.2777    34.2755    300.163    293.348    -0.1331     4.6633     0.0915     0.0915     0.0219     0.0196       8134     5.6481     100.00     2.2540     1.9734         27 0.0000e+00
    110.803   75.70200  175.55834    112.000    -1.1054    -1.1041  27.618185  27.617966    34.2815    34.2798    300.245    293.157    -0.1315     4.6631     0.0912     0.0912     0.0222     0.0197       8181     5.6808     100.00     2.2546     1.9726         18 0.0000e+00
    111.792   75.70200  175.55837    113.000    -1.0845    -1.0819  27.643878  27.645394    34.2921    34.2912    300.266    293.320    -0.1301     4.6631     0.0908     0.0908     0.0221     0.0198       8214     5.7033     100.00     2.2557     1.9744         19 0.0000e+00
    112.781   75.70201  175.55840    114.000    -1.0717    -1.0704  27.661758  27.661521    34.3013    34.2995    300.333    293.079    -0.1339     4.6638     0.0906     0.0906     0.0216     0.0196       8254     5.7312     100.00     2.2567     1.9736         22 0.0000e+00
    113.770   75.70202  175.55845    115.000    -1.0663    -1.0665  27.669652  27.667662    34.3054    34.3028    300.326    293.154    -0.1332     4.6637     0.0909     0.0909     0.0216     0.0196       8334     5.7867     100.00     2.2568     1.9740         27 0.0000e+00
    114.759   75.70202  175.55847    116.000    -1.0544    -1.0524  27.684938  27.685389    34.3120    34.3103    300.398    293.707    -0.1368     4.6641     0.0918     0.0918     0.0213     0.0195       8388     5.8245     100.00     2.2577     1.9772         22 0.0000e+00
    115.748   75.70202  175.55850    117.000    -1.0405    -1.0394  27.700926  27.700232    34.3174    34.3151    300.379    293.303    -0.1353     4.6641     0.0916     0.0916     0.0212     0.0196       8420     5.8464     100.00     2.2581     1.9756         23 0.0000e+00
