Continuous CTD Data/01_SBE Stage/nabos_06_01avg.cnv
* Sea-Bird SBE 9 Data File:
* FileName = D:\CTD\data\HLY2502\raw\NABOS_06_01.hex
* Software Version Seasave V 7.26.7.110
* Temperature SN = 6954
* Conductivity SN = 2561
* Number of Bytes Per Scan = 37
* Number of Voltage Words = 4
* Number of Scans Averaged by the Deck Unit = 1
* NMEA Latitude = 75 26.04 N
* NMEA Longitude = 173 41.44 E
* NMEA UTC (Time) = Sep 12 2025  12:20:28
* NMEA baud rate = 9600
** Ship: USCG HEALY
** Bot. Depth:  204
** Cast Number:  01
** Station Name:  NABOS
** Station Number:  06
** Operator:  STARC
# nquan = 25
# nvalues = 198                         
# units = specified
# name 0 = depSM: Depth [salt water, m]
# name 1 = latitude: Latitude [deg]
# name 2 = longitude: Longitude [deg]
# name 3 = prDM: Pressure, Digiquartz [db]
# name 4 = t090C: Temperature [ITS-90, deg C]
# name 5 = t190C: Temperature, 2 [ITS-90, deg C]
# name 6 = c0mS/cm: Conductivity [mS/cm]
# name 7 = c1mS/cm: Conductivity, 2 [mS/cm]
# name 8 = sal00: Salinity, Practical [PSU]
# name 9 = sal11: Salinity, Practical, 2 [PSU]
# name 10 = sbox0Mm/Kg: Oxygen, SBE 43 [umol/kg]
# name 11 = sbox1Mm/Kg: Oxygen, SBE 43, 2 [umol/kg]
# name 12 = flECO-AFL: Fluorescence, WET Labs ECO-AFL/FL [mg/m^3]
# name 13 = v2: Voltage 2
# name 14 = wetCDOM: Fluorescence, WET Labs CDOM [mg/m^3]
# name 15 = v6: Voltage 6
# name 16 = CStarAt0: Beam Attenuation, WET Labs C-Star [1/m]
# name 17 = v3: Voltage 3
# name 18 = scan: Scan Count
# name 19 = timeM: Time, Elapsed [minutes]
# name 20 = altM: Altimeter [m]
# name 21 = sbeox0V: Oxygen raw, SBE 43 [V]
# name 22 = sbeox1V: Oxygen raw, SBE 43, 2 [V]
# name 23 = nbin: number of scans per bin
# name 24 = flag: flag
# span 0 =      4.948,    199.800       
# span 1 =   75.43333,   75.43365       
# span 2 =  173.69214,  173.69346       
# span 3 =      5.000,    202.000       
# span 4 =    -1.6601,     0.2546       
# span 5 =    -1.6598,     0.2548       
# span 6 =  22.398348,  29.071775       
# span 7 =  22.395293,  29.069963       
# span 8 =    27.4919,    34.6347       
# span 9 =    27.4895,    34.6324       
# span 10 =    267.156,    380.645      
# span 11 =    252.273,    372.453      
# span 12 =    -0.1653,     0.4584      
# span 13 =     4.3997,     4.6641      
# span 14 =     0.0921,     0.1213      
# span 15 =     0.0921,     0.1213      
# span 16 =     0.0213,     0.2549      
# span 17 =     0.0184,     0.0433      
# span 18 =       7676,      20708      
# span 19 =     5.3299,    14.3799      
# span 20 =       1.53,     100.00      
# span 21 =     2.0872,     2.6509      
# span 22 =     1.7442,     2.3027      
# span 23 =          9,         27      
# span 24 = 0.0000e+00, 0.0000e+00      
# interval = decibars: 1                
# start_time = Sep 12 2025 12:20:28 [NMEA time, header]
# bad_flag = -9.990e-29
*END*
[from data line 58]
     62.335   75.43352  173.69298     63.000    -1.5422    -1.5422  26.670927  26.668838    33.5047    33.5018    296.623    290.935    -0.0899     4.6594     0.1054     0.1054     0.0253     0.0214      11560     8.0271     100.00     2.2111     1.9431         25 0.0000e+00
     63.324   75.43352  173.69300     64.000    -1.5316    -1.5315  26.694412  26.692496    33.5246    33.5219    293.819    287.181    -0.0624     4.6595     0.1054     0.1054     0.0252     0.0225      11620     8.0691     100.00     2.1955     1.9252         23 0.0000e+00
     64.313   75.43352  173.69300     65.000    -1.5208    -1.5205  26.716460  26.714886    33.5423    33.5397    291.919    285.416    -0.0837     4.6594     0.1052     0.1052     0.0253     0.0217      11667     8.1011     100.00     2.1850     1.9171         18 0.0000e+00
     65.303   75.43352  173.69302     66.000    -1.5090    -1.5088  26.738941  26.737234    33.5594    33.5568    290.333    285.288    -0.0650     4.6593     0.1062     0.1062     0.0254     0.0224      11711     8.1321     100.00     2.1764     1.9169         23 0.0000e+00
     66.292   75.43352  173.69302     67.000    -1.4964    -1.4966  26.761556  26.759355    33.5759    33.5730    288.251    284.725    -0.0470     4.6593     0.1049     0.1049     0.0254     0.0231      11768     8.1716     100.00     2.1650     1.9147         25 0.0000e+00
     67.281   75.43352  173.69304     68.000    -1.4841    -1.4839  26.785559  26.783870    33.5945    33.5919    285.941    281.056    -0.0542     4.6591     0.1053     0.1053     0.0256     0.0228      11822     8.2087     100.00     2.1522     1.8973         23 0.0000e+00
     68.270   75.43352  173.69304     69.000    -1.4674    -1.4671  26.812444  26.810772    33.6121    33.6095    284.148    275.281    -0.0795     4.6584     0.1041     0.1041     0.0261     0.0218      11866     8.2393     100.00     2.1427     1.8696         21 0.0000e+00
     69.260   75.43352  173.69306     70.000    -1.4525    -1.4529  26.836757  26.834484    33.6282    33.6255    282.121    277.475    -0.0624     4.6578     0.1047     0.1047     0.0267     0.0225      11919     8.2762     100.00     2.1316     1.8810         21 0.0000e+00
     70.249   75.43352  173.69306     71.000    -1.4399    -1.4397  26.859009  26.857308    33.6441    33.6415    280.133    276.424    -0.0457     4.6568     0.1040     0.1040     0.0276     0.0232      11974     8.3143     100.00     2.1207     1.8764         23 0.0000e+00
     71.238   75.43352  173.69307     72.000    -1.4253    -1.4251  26.884694  26.882961    33.6625    33.6598    278.501    273.010    -0.0466     4.6565     0.1037     0.1037     0.0278     0.0231      12020     8.3469     100.00     2.1120     1.8602         19 0.0000e+00
     72.227   75.43352  173.69308     73.000    -1.4116    -1.4119  26.909586  26.907325    33.6806    33.6778    277.022    270.834    -0.0496     4.6546     0.1027     0.1027     0.0295     0.0230      12070     8.3813     100.00     2.1041     1.8500         20 0.0000e+00
     73.217   75.43352  173.69309     74.000    -1.3981    -1.3982  26.933837  26.931650    33.6982    33.6952    275.760    271.077    -0.0471     4.6545     0.1028     0.1028     0.0296     0.0231      12124     8.4188     100.00     2.0974     1.8518         14 0.0000e+00
     74.206   75.43352  173.69310     75.000    -1.3842    -1.3841  26.959930  26.958086    33.7177    33.7152    275.013    269.237    -0.0482     4.6539     0.1029     0.1029     0.0301     0.0231      12175     8.4539     100.00     2.0937     1.8434         19 0.0000e+00
     75.195   75.43352  173.69310     76.000    -1.3727    -1.3727  26.983738  26.981705    33.7369    33.7342    274.305    269.824    -0.0451     4.6532     0.1020     0.1020     0.0306     0.0232      12223     8.4874     100.00     2.0902     1.8467         16 0.0000e+00
     76.184   75.43352  173.69311     77.000    -1.3634    -1.3635  27.006286  27.004247    33.7569    33.7541    273.880    268.408    -0.0529     4.6527     0.1023     0.1023     0.0310     0.0229      12275     8.5238     100.00     2.0882     1.8402         15 0.0000e+00
     77.174   75.43352  173.69312     78.000    -1.3548    -1.3547  27.026282  27.024355    33.7740    33.7713    273.635    268.505    -0.0540     4.6518     0.1025     0.1025     0.0319     0.0228      12330     8.5620     100.00     2.0872     1.8410         17 0.0000e+00
     78.163   75.43352  173.69314     79.000    -1.3463    -1.3461  27.045543  27.043912    33.7903    33.7878    274.054    268.635    -0.0621     4.6521     0.1003     0.1003     0.0316     0.0225      12377     8.5945     100.00     2.0901     1.8420         18 0.0000e+00
     79.152   75.43352  173.69314     80.000    -1.3368    -1.3367  27.067899  27.065694    33.8096    33.8066    274.373    271.223    -0.0697     4.6521     0.1000     0.1000     0.0316     0.0222      12424     8.6268     100.00     2.0924     1.8551         16 0.0000e+00
     80.141   75.43352  173.69315     81.000    -1.3259    -1.3259  27.096138  27.093730    33.8356    33.8323    274.836    263.956    -0.0903     4.6518     0.0994     0.0994     0.0318     0.0214      12481     8.6665     100.00     2.0957     1.8198         15 0.0000e+00
     81.131   75.43352  173.69316     82.000    -1.3194    -1.3192  27.114415  27.112583    33.8527    33.8500    275.511    268.364    -0.0850     4.6512     0.0991     0.0991     0.0323     0.0216      12532     8.7024     100.00     2.1000     1.8418         16 0.0000e+00
     82.120   75.43352  173.69316     83.000    -1.3148    -1.3145  27.130161  27.128383    33.8685    33.8657    276.123    270.522    -0.0864     4.6516     0.1000     0.1000     0.0321     0.0216      12579     8.7348     100.00     2.1038     1.8527         14 0.0000e+00
     83.109   75.43352  173.69318     84.000    -1.3084    -1.3082  27.150889  27.148957    33.8891    33.8862    276.781    273.098    -0.1003     4.6528     0.0991     0.0991     0.0310     0.0210      12629     8.7694     100.00     2.1080     1.8657         15 0.0000e+00
     84.098   75.43352  173.69318     85.000    -1.2998    -1.2996  27.174978  27.172911    33.9119    33.9088    277.838    268.514    -0.1020     4.6531     0.0995     0.0995     0.0307     0.0209      12685     8.8085     100.00     2.1147     1.8435         15 0.0000e+00
     85.087   75.43352  173.69320     86.000    -1.2930    -1.2925  27.196781  27.195265    33.9335    33.9308    278.812    272.724    -0.1059     4.6532     0.0981     0.0981     0.0306     0.0208      12734     8.8427     100.00     2.1207     1.8646         14 0.0000e+00
     86.076   75.43352  173.69320     87.000    -1.2879    -1.2876  27.213689  27.212111    33.9503    33.9478    279.877    280.314    -0.1350     4.6537     0.0983     0.0983     0.0302     0.0196      12783     8.8762     100.00     2.1272     1.9022         17 0.0000e+00
     87.066   75.43352  173.69321     88.000    -1.2889    -1.2885  27.222866  27.221311    33.9635    33.9609    280.956    276.282    -0.1086     4.6543     0.0960     0.0960     0.0297     0.0207      12834     8.9120     100.00     2.1334     1.8822         19 0.0000e+00
     88.055   75.43352  173.69322     89.000    -1.2790    -1.2785  27.240788  27.239137    33.9763    33.9734    282.226    275.051    -0.1060     4.6552     0.0977     0.0977     0.0290     0.0208      12886     8.9480     100.00     2.1413     1.8765         15 0.0000e+00
     89.044   75.43352  173.69322     90.000    -1.2712    -1.2707  27.259220  27.257385    33.9920    33.9890    283.574    275.323    -0.1233     4.6549     0.0976     0.0976     0.0292     0.0201      12940     8.9851     100.00     2.1495     1.8782         16 0.0000e+00
     90.033   75.43352  173.69324     91.000    -1.2641    -1.2637  27.276889  27.275441    34.0076    34.0052    284.310    277.917    -0.1362     4.6551     0.0970     0.0970     0.0291     0.0195      12987     9.0179     100.00     2.1541     1.8913         15 0.0000e+00
     91.022   75.43352  173.69324     92.000    -1.2622    -1.2617  27.289528  27.287735    34.0221    34.0192    284.820    276.954    -0.1326     4.6553     0.0962     0.0962     0.0289     0.0197      13038     9.0532     100.00     2.1572     1.8866         15 0.0000e+00
     92.011   75.43352  173.69326     93.000    -1.2573    -1.2569  27.300385  27.298709    34.0309    34.0282    285.075    277.146    -0.1348     4.6552     0.0964     0.0964     0.0290     0.0196      13091     9.0902     100.00     2.1588     1.8876         17 0.0000e+00
     93.000   75.43352  173.69326     94.000    -1.2534    -1.2530  27.309596  27.308027    34.0385    34.0359    285.669    278.824    -0.1169     4.6556     0.0965     0.0965     0.0286     0.0203      13140     9.1246     100.00     2.1624     1.8960         17 0.0000e+00
     93.990   75.43352  173.69326     95.000    -1.2506    -1.2503  27.319304  27.317686    34.0480    34.0454    286.107    279.566    -0.1274     4.6557     0.0968     0.0968     0.0285     0.0199      13192     9.1605     100.00     2.1650     1.8997         16 0.0000e+00
     94.979   75.43352  173.69328     96.000    -1.2454    -1.2450  27.334164  27.332733    34.0618    34.0594    286.478    279.529    -0.1119     4.6562     0.0949     0.0949     0.0281     0.0205      13241     9.1945     100.00     2.1674     1.8997         21 0.0000e+00
     95.968   75.43352  173.69328     97.000    -1.2644    -1.2648  27.326236  27.324599    34.0720    34.0702    287.265    279.746    -0.1333     4.6560     0.0961     0.0961     0.0283     0.0196      13290     9.2287     100.00     2.1709     1.8999         21 0.0000e+00
     96.957   75.43352  173.69328     98.000    -1.2715    -1.2713  27.326873  27.325059    34.0804    34.0776    288.355    281.267    -0.1337     4.6564     0.0952     0.0952     0.0279     0.0196      13345     9.2669     100.00     2.1768     1.9070         21 0.0000e+00
     97.946   75.43352  173.69330     99.000    -1.2516    -1.2512  27.352245  27.350935    34.0919    34.0896    291.009    284.290    -0.1159     4.6564     0.0945     0.0945     0.0279     0.0204      13396     9.3023     100.00     2.1933     1.9227         20 0.0000e+00
     98.935   75.43352  173.69330    100.000    -1.2397    -1.2392  27.372077  27.370746    34.1049    34.1025    291.797    283.588    -0.1356     4.6568     0.0945     0.0945     0.0276     0.0195      13442     9.3343     100.00     2.1984     1.9197         20 0.0000e+00
     99.924   75.43352  173.69331    101.000    -1.2303    -1.2300  27.387698  27.386060    34.1151    34.1124    291.950    287.534    -0.1300     4.6577     0.0946     0.0946     0.0268     0.0198      13493     9.3696     100.00     2.1997     1.9396         23 0.0000e+00
    100.914   75.43352  173.69332    102.000    -1.2232    -1.2228  27.399547  27.398021    34.1225    34.1200    292.008    284.540    -0.1308     4.6585     0.0952     0.0952     0.0261     0.0197      13549     9.4081     100.00     2.2003     1.9250         21 0.0000e+00
    101.903   75.43352  173.69332    103.000    -1.2186    -1.2183  27.408490  27.407053    34.1290    34.1266    291.948    287.334    -0.1281     4.6586     0.0944     0.0944     0.0260     0.0199      13597     9.4414     100.00     2.2001     1.9388         18 0.0000e+00
    102.892   75.43352  173.69334    104.000    -1.2139    -1.2134  27.418304  27.416867    34.1365    34.1340    291.532    286.974    -0.1279     4.6591     0.0944     0.0944     0.0255     0.0199      13645     9.4753     100.00     2.1977     1.9372         21 0.0000e+00
    103.881   75.43352  173.69334    105.000    -1.2061    -1.2058  27.431552  27.430132    34.1452    34.1428    291.312    284.564    -0.1098     4.6591     0.0941     0.0941     0.0255     0.0206      13699     9.5125     100.00     2.1967     1.9255         21 0.0000e+00
    104.870   75.43352  173.69334    106.000    -1.2002    -1.1998  27.444464  27.443029    34.1555    34.1531    291.335    285.217    -0.1339     4.6592     0.0937     0.0937     0.0255     0.0196      13749     9.5470     100.00     2.1971     1.9289         20 0.0000e+00
    105.859   75.43352  173.69334    107.000    -1.1997    -1.1994  27.452353  27.450819    34.1651    34.1626    291.316    284.657    -0.1275     4.6588     0.0931     0.0931     0.0258     0.0199      13799     9.5820     100.00     2.1969     1.9261         20 0.0000e+00
    106.848   75.43352  173.69336    108.000    -1.1947    -1.1944  27.461868  27.460265    34.1718    34.1693    291.523    283.661    -0.1320     4.6590     0.0936     0.0936     0.0257     0.0197      13851     9.6179     100.00     2.1983     1.9212         20 0.0000e+00
    107.837   75.43352  173.69336    109.000    -1.1895    -1.1890  27.471876  27.470367    34.1790    34.1764    292.033    285.566    -0.1339     4.6593     0.0942     0.0942     0.0254     0.0196      13900     9.6523     100.00     2.2014     1.9308         22 0.0000e+00
    108.826   75.43352  173.69336    110.000    -1.1763    -1.1757  27.489476  27.487806    34.1874    34.1845    292.449    284.833    -0.1365     4.6596     0.0954     0.0954     0.0252     0.0195      13947     9.6848      99.89     2.2044     1.9276         17 0.0000e+00
    109.815   75.43352  173.69336    111.000    -1.1637    -1.1631  27.508514  27.506988    34.1985    34.1958    292.728    285.875    -0.1305     4.6599     0.0936     0.0936     0.0249     0.0198      14002     9.7228      98.73     2.2066     1.9333         25 0.0000e+00
    110.804   75.43352  173.69336    112.000    -1.1525    -1.1518  27.524530  27.523121    34.2070    34.2043    292.255    284.997    -0.1337     4.6600     0.0932     0.0932     0.0248     0.0196      14054     9.7588      98.09     2.2043     1.9293         21 0.0000e+00
    111.793   75.43352  173.69337    113.000    -1.1375    -1.1366  27.542259  27.540889    34.2136    34.2107    292.204    284.050    -0.1300     4.6604     0.0923     0.0923     0.0244     0.0198      14099     9.7899      97.16     2.2047     1.9251         18 0.0000e+00
    112.782   75.43352  173.69338    114.000    -1.1250    -1.1244  27.559643  27.558079    34.2225    34.2197    291.808    283.564    -0.1315     4.6599     0.0921     0.0921     0.0249     0.0197      14152     9.8268      96.14     2.2028     1.9232         24 0.0000e+00
    113.771   75.43352  173.69338    115.000    -1.1134    -1.1128  27.578004  27.576569    34.2337    34.2311    291.142    288.328    -0.1334     4.6605     0.0928     0.0928     0.0244     0.0196      14206     9.8645      95.08     2.1995     1.9472         19 0.0000e+00
    114.760   75.43352  173.69338    116.000    -1.1020    -1.1015  27.594166  27.592724    34.2423    34.2397    290.818    286.820    -0.1310     4.6605     0.0939     0.0939     0.0244     0.0197      14252     9.8968      94.02     2.1981     1.9401         22 0.0000e+00
    115.749   75.43352  173.69338    117.000    -1.0933    -1.0928  27.607198  27.605600    34.2495    34.2468    290.673    284.469    -0.1326     4.6604     0.0948     0.0948     0.0245     0.0197      14300     9.9299      93.06     2.1975     1.9288         23 0.0000e+00
    116.738   75.43352  173.69338    118.000    -1.0898    -1.0896  27.614156  27.612485    34.2544    34.2519    290.573    284.739    -0.1311     4.6606     0.0944     0.0944     0.0243     0.0197      14356     9.9686      92.00     2.1969     1.9301         22 0.0000e+00
    117.728   75.43352  173.69338    119.000    -1.0902    -1.0900  27.615417  27.613877    34.2560    34.2536    290.700    282.825    -0.1337     4.6604     0.0965     0.0965     0.0245     0.0196      14407    10.0042      90.91     2.1975     1.9204         21 0.0000e+00
