Continuous CTD Data/01_SBE Stage/nabos_09_02avg.cnv
* Sea-Bird SBE 9 Data File:
* FileName = D:\CTD\data\HLY2502\raw\NABOS_09_02.hex
* Software Version Seasave V 7.26.7.110
* Temperature SN = 6954
* Conductivity SN = 2561
* Number of Bytes Per Scan = 37
* Number of Voltage Words = 4
* Number of Scans Averaged by the Deck Unit = 1
* NMEA Latitude = 76 20.13 N
* NMEA Longitude = 178 35.91 E
* NMEA UTC (Time) = Sep 15 2025  05:01:14
* NMEA baud rate = 9600
** Ship: USCG HEALY
** Bot. Depth:  1161
** Cast Number:  02
** Station Name:  NABOS
** Station Number:  09
** Operator:  STARC
# nquan = 25
# nvalues = 1179                        
# units = specified
# name 0 = depSM: Depth [salt water, m]
# name 1 = latitude: Latitude [deg]
# name 2 = longitude: Longitude [deg]
# name 3 = prDM: Pressure, Digiquartz [db]
# name 4 = t090C: Temperature [ITS-90, deg C]
# name 5 = t190C: Temperature, 2 [ITS-90, deg C]
# name 6 = c0mS/cm: Conductivity [mS/cm]
# name 7 = c1mS/cm: Conductivity, 2 [mS/cm]
# name 8 = sal00: Salinity, Practical [PSU]
# name 9 = sal11: Salinity, Practical, 2 [PSU]
# name 10 = sbox0Mm/Kg: Oxygen, SBE 43 [umol/kg]
# name 11 = sbox1Mm/Kg: Oxygen, SBE 43, 2 [umol/kg]
# name 12 = flECO-AFL: Fluorescence, WET Labs ECO-AFL/FL [mg/m^3]
# name 13 = v2: Voltage 2
# name 14 = wetCDOM: Fluorescence, WET Labs CDOM [mg/m^3]
# name 15 = v6: Voltage 6
# name 16 = CStarAt0: Beam Attenuation, WET Labs C-Star [1/m]
# name 17 = v3: Voltage 3
# name 18 = scan: Scan Count
# name 19 = timeM: Time, Elapsed [minutes]
# name 20 = altM: Altimeter [m]
# name 21 = sbeox0V: Oxygen raw, SBE 43 [V]
# name 22 = sbeox1V: Oxygen raw, SBE 43, 2 [V]
# name 23 = nbin: number of scans per bin
# name 24 = flag: flag
# span 0 =      2.968,   1165.353       
# span 1 =   76.33544,   76.33623       
# span 2 =  178.59694,  178.59852       
# span 3 =      3.000,   1181.000       
# span 4 =    -1.6788,     0.8634       
# span 5 =    -1.6788,     0.8633       
# span 6 =  23.042495,  29.765726       
# span 7 =  23.041406,  29.763715       
# span 8 =    28.5534,    34.8937       
# span 9 =    28.5517,    34.8912       
# span 10 =    272.405,    383.965      
# span 11 =    267.843,    373.258      
# span 12 =    -0.1890,     0.3360      
# span 13 =     4.6052,     4.6630      
# span 14 =     0.0683,     0.1204      
# span 15 =     0.0683,     0.1204      
# span 16 =     0.0222,     0.0721      
# span 17 =     0.0174,     0.0385      
# span 18 =       3821,      41509      
# span 19 =     2.6528,    28.8248      
# span 20 =       4.90,     100.00      
# span 21 =     1.9298,     2.6731      
# span 22 =     1.7129,     2.3103      
# span 23 =          6,         28      
# span 24 = 0.0000e+00, 0.0000e+00      
# interval = decibars: 1                
# start_time = Sep 15 2025 05:01:14 [NMEA time, header]
# bad_flag = -9.990e-29
*END*
[from data line 1102]
   1090.557   76.33620  178.59846   1105.000    -0.0707    -0.0707  29.373091  29.371483    34.8690    34.8669    290.725    285.574    -0.1336     4.6624     0.0931     0.0931     0.0227     0.0196      35420    24.5967      81.63     2.0431     1.8058         20 0.0000e+00
   1091.542   76.33620  178.59846   1106.000    -0.0716    -0.0716  29.372803  29.371184    34.8690    34.8669    290.616    284.966    -0.1417     4.6618     0.0948     0.0948     0.0233     0.0193      35472    24.6328      80.64     2.0423     1.8029         17 0.0000e+00
   1092.526   76.33620  178.59844   1107.000    -0.0725    -0.0725  29.372475  29.370789    34.8690    34.8668    290.646    286.017    -0.1756     4.6619     0.0967     0.0967     0.0232     0.0180      35524    24.6691      79.60     2.0422     1.8074         17 0.0000e+00
   1093.510   76.33620  178.59844   1108.000    -0.0738    -0.0738  29.371872  29.370135    34.8691    34.8668    290.607    287.462    -0.1728     4.6620     0.0962     0.0962     0.0231     0.0181      35576    24.7050      78.59     2.0417     1.8137         16 0.0000e+00
   1094.495   76.33620  178.59844   1109.000    -0.0745    -0.0745  29.371686  29.369937    34.8691    34.8668    290.656    286.874    -0.1573     4.6617     0.0952     0.0952     0.0234     0.0187      35629    24.7414      77.60     2.0418     1.8108         16 0.0000e+00
   1095.479   76.33620  178.59844   1110.000    -0.0754    -0.0754  29.371214  29.369659    34.8689    34.8669    290.698    285.703    -0.1693     4.6618     0.0969     0.0969     0.0233     0.0182      35681    24.7776      76.58     2.0418     1.8054         15 0.0000e+00
   1096.463   76.33620  178.59844   1111.000    -0.0754    -0.0754  29.371623  29.369995    34.8689    34.8668    290.516    286.339    -0.1536     4.6620     0.0966     0.0966     0.0231     0.0188      35733    24.8142      75.57     2.0406     1.8080         18 0.0000e+00
   1097.448   76.33620  178.59844   1112.000    -0.0747    -0.0746  29.373171  29.371732    34.8696    34.8676    290.482    285.977    -0.1372     4.6618     0.0977     0.0977     0.0233     0.0195      35785    24.8499      74.61     2.0403     1.8063         15 0.0000e+00
   1098.432   76.33620  178.59844   1113.000    -0.0748    -0.0748  29.373896  29.372215    34.8701    34.8679    290.433    285.569    -0.1478     4.6617     0.0977     0.0977     0.0234     0.0191      35837    24.8864      73.57     2.0398     1.8043         16 0.0000e+00
   1099.416   76.33620  178.59842   1114.000    -0.0773    -0.0773  29.372229  29.370542    34.8702    34.8679    290.538    285.735    -0.1407     4.6616     0.0973     0.0973     0.0234     0.0193      35889    24.9224      72.55     2.0400     1.8048         14 0.0000e+00
   1100.400   76.33620  178.59842   1115.000    -0.0785    -0.0785  29.371575  29.370029    34.8700    34.8680    290.471    285.071    -0.1400     4.6618     0.0990     0.0990     0.0233     0.0194      35942    24.9587      71.53     2.0394     1.8016         18 0.0000e+00
   1101.385   76.33620  178.59842   1116.000    -0.0795    -0.0796  29.371162  29.369500    34.8701    34.8680    290.351    283.868    -0.1730     4.6614     0.1002     0.1002     0.0237     0.0181      35994    24.9948      70.51     2.0385     1.7959         15 0.0000e+00
   1102.369   76.33620  178.59842   1117.000    -0.0805    -0.0806  29.370747  29.369095    34.8701    34.8680    290.427    285.398    -0.1596     4.6621     0.1008     0.1008     0.0230     0.0186      36046    25.0313      69.52     2.0386     1.8026         16 0.0000e+00
   1103.353   76.33620  178.59842   1118.000    -0.0825    -0.0826  29.369461  29.367639    34.8700    34.8678    290.488    284.865    -0.1552     4.6617     0.0996     0.0996     0.0234     0.0188      36099    25.0679      68.50     2.0387     1.8000         18 0.0000e+00
   1104.338   76.33620  178.59842   1119.000    -0.0850    -0.0852  29.367588  29.365813    34.8699    34.8678    290.394    285.552    -0.1360     4.6616     0.0995     0.0995     0.0235     0.0195      36150    25.1034      67.53     2.0379     1.8028         13 0.0000e+00
   1105.322   76.33620  178.59842   1120.000    -0.0875    -0.0875  29.365780  29.364209    34.8697    34.8677    290.326    284.298    -0.1475     4.6618     0.1002     0.1002     0.0233     0.0191      36202    25.1397      66.51     2.0372     1.7969         14 0.0000e+00
   1106.306   76.33620  178.59840   1121.000    -0.0914    -0.0908  29.362690  29.361676    34.8695    34.8674    290.402    284.368    -0.1403     4.6613     0.0999     0.0999     0.0237     0.0194      36255    25.1765      65.47     2.0372     1.7969         17 0.0000e+00
   1107.290   76.33620  178.59840   1122.000    -0.0958    -0.0962  29.359271  29.357279    34.8694    34.8671    290.439    285.219    -0.1605     4.6618     0.1011     0.1011     0.0233     0.0186      36308    25.2129      64.48     2.0370     1.8004         17 0.0000e+00
   1108.275   76.33620  178.59840   1123.000    -0.1025    -0.1023  29.353714  29.352240    34.8691    34.8669    290.521    284.173    -0.1762     4.6616     0.1011     0.1011     0.0235     0.0179      36359    25.2485      63.51     2.0369     1.7953         13 0.0000e+00
   1109.259   76.33620  178.59840   1124.000    -0.1059    -0.1053  29.351060  29.349866    34.8688    34.8665    290.450    284.130    -0.1532     4.6612     0.1008     0.1008     0.0238     0.0188      36412    25.2853      62.47     2.0361     1.7948         17 0.0000e+00
   1110.243   76.33620  178.59840   1125.000    -0.1068    -0.1066  29.350593  29.349017    34.8686    34.8663    290.302    287.778    -0.1529     4.6618     0.0999     0.0999     0.0233     0.0189      36463    25.3211      61.45     2.0351     1.8110         15 0.0000e+00
   1111.227   76.33620  178.59840   1126.000    -0.1056    -0.1055  29.352020  29.350401    34.8687    34.8664    290.090    282.862    -0.1636     4.6617     0.1002     0.1002     0.0234     0.0184      36516    25.3578      60.45     2.0339     1.7887         17 0.0000e+00
   1112.211   76.33620  178.59838   1127.000    -0.1039    -0.1043  29.354063  29.352052    34.8688    34.8667    289.985    285.802    -0.1333     4.6617     0.1009     0.1009     0.0234     0.0196      36568    25.3939      59.42     2.0332     1.8018         19 0.0000e+00
   1113.196   76.33620  178.59838   1128.000    -0.1116    -0.1123  29.347518  29.345284    34.8684    34.8662    290.070    285.431    -0.1344     4.6615     0.1007     0.1007     0.0235     0.0196      36620    25.4298      58.43     2.0331     1.7997         14 0.0000e+00
   1114.180   76.33620  178.59838   1129.000    -0.1028    -0.1028  29.356459  29.354579    34.8696    34.8672    290.297    286.472    -0.1428     4.6599     0.1020     0.1020     0.0249     0.0193      36673    25.4667      57.41     2.0345     1.8046         20 0.0000e+00
   1115.164   76.33620  178.59838   1130.000    -0.1123    -0.1129  29.348827  29.346540    34.8697    34.8674    290.432    285.207    -0.1729     4.6613     0.1002     0.1002     0.0237     0.0181      36725    25.5028      56.39     2.0346     1.7983         17 0.0000e+00
   1116.148   76.33620  178.59838   1131.000    -0.1181    -0.1178  29.344546  29.343110    34.8700    34.8678    290.225    285.610    -0.1340     4.6604     0.0997     0.0997     0.0245     0.0196      36777    25.5387      55.39     2.0330     1.7998         14 0.0000e+00
   1117.133   76.33620  178.59836   1132.000    -0.1108    -0.1108  29.352443  29.350715    34.8717    34.8694    290.066    285.328    -0.1401     4.6609     0.1002     0.1002     0.0240     0.0194      36830    25.5754      54.37     2.0323     1.7986         19 0.0000e+00
   1118.117   76.33620  178.59836   1133.000    -0.1116    -0.1116  29.352343  29.350714    34.8718    34.8697    289.679    284.141    -0.1720     4.6613     0.1000     0.1000     0.0237     0.0181      36882    25.6116      53.37     2.0300     1.7931         19 0.0000e+00
   1119.101   76.33620  178.59836   1134.000    -0.1104    -0.1103  29.354655  29.353088    34.8729    34.8707    289.618    284.322    -0.1376     4.6613     0.1007     0.1007     0.0238     0.0195      36934    25.6480      52.36     2.0296     1.7938         22 0.0000e+00
   1120.085   76.33620  178.59836   1135.000    -0.1106    -0.1106  29.355165  29.353530    34.8733    34.8711    289.445    284.408    -0.1509     4.6612     0.0991     0.0991     0.0238     0.0189      36986    25.6843      51.35     2.0284     1.7940         22 0.0000e+00
   1121.070   76.33620  178.59836   1136.000    -0.1112    -0.1112  29.355133  29.353527    34.8733    34.8713    289.392    284.769    -0.1497     4.6605     0.0992     0.0992     0.0244     0.0190      37039    25.7206      50.35     2.0279     1.7955         21 0.0000e+00
   1122.054   76.33620  178.59834   1137.000    -0.1135    -0.1136  29.353546  29.351850    34.8733    34.8711    289.476    284.280    -0.1512     4.6609     0.0982     0.0982     0.0241     0.0189      37091    25.7568      49.36     2.0281     1.7930         23 0.0000e+00
   1123.038   76.33620  178.59834   1138.000    -0.1154    -0.1154  29.352334  29.350579    34.8732    34.8710    289.322    283.566    -0.1570     4.6599     0.0986     0.0986     0.0249     0.0187      37143    25.7931      48.34     2.0270     1.7896         21 0.0000e+00
   1124.022   76.33620  178.59834   1139.000    -0.1174    -0.1174  29.350956  29.349267    34.8732    34.8710    289.280    285.187    -0.1549     4.6606     0.0979     0.0979     0.0243     0.0188      37195    25.8294      47.34     2.0264     1.7966         20 0.0000e+00
   1125.006   76.33620  178.59834   1140.000    -0.1204    -0.1205  29.348726  29.346946    34.8730    34.8708    289.164    284.729    -0.1326     4.6603     0.0986     0.0986     0.0245     0.0197      37248    25.8659      46.32     2.0255     1.7942         23 0.0000e+00
   1125.990   76.33620  178.59834   1141.000    -0.1227    -0.1226  29.347210  29.345571    34.8730    34.8708    289.221    273.757    -0.1365     4.6607     0.0974     0.0974     0.0243     0.0195      37300    25.9020      45.34     2.0255     1.7449         20 0.0000e+00
   1126.974   76.33620  178.59833   1142.000    -0.1246    -0.1245  29.345934  29.344304    34.8729    34.8707    288.945    283.899    -0.1350     4.6604     0.0971     0.0971     0.0245     0.0196      37352    25.9381      44.31     2.0237     1.7900         19 0.0000e+00
   1127.959   76.33620  178.59832   1143.000    -0.1279    -0.1280  29.343408  29.341717    34.8727    34.8706    289.031    290.811    -0.1474     4.6607     0.0970     0.0970     0.0242     0.0191      37405    25.9748      43.28     2.0238     1.8207         28 0.0000e+00
   1128.943   76.33620  178.59832   1144.000    -0.1313    -0.1312  29.340845  29.339204    34.8726    34.8704    289.202    285.579    -0.1568     4.6604     0.0976     0.0976     0.0245     0.0187      37457    26.0109      42.29     2.0244     1.7970         23 0.0000e+00
   1129.927   76.33620  178.59832   1145.000    -0.1339    -0.1337  29.339027  29.337555    34.8726    34.8705    289.017    283.897    -0.1698     4.6604     0.0969     0.0969     0.0245     0.0182      37509    26.0474      41.30     2.0231     1.7892         25 0.0000e+00
   1130.911   76.33620  178.59832   1146.000    -0.1318    -0.1318  29.341284  29.339664    34.8727    34.8705    288.980    284.302    -0.1406     4.6606     0.0971     0.0971     0.0243     0.0194      37561    26.0835      40.29     2.0228     1.7909         20 0.0000e+00
   1131.895   76.33620  178.59830   1147.000    -0.1316    -0.1315  29.341985  29.340394    34.8728    34.8706    288.986    283.465    -0.1654     4.6602     0.0959     0.0959     0.0246     0.0184      37614    26.1199      39.27     2.0226     1.7870         22 0.0000e+00
   1132.879   76.33620  178.59830   1148.000    -0.1315    -0.1314  29.342700  29.341069    34.8730    34.8707    288.932    283.769    -0.1493     4.6599     0.0965     0.0965     0.0249     0.0190      37666    26.1563      38.28     2.0221     1.7882         26 0.0000e+00
   1133.863   76.33620  178.59830   1149.000    -0.1307    -0.1306  29.344156  29.342639    34.8735    34.8714    288.736    283.544    -0.1646     4.6602     0.0961     0.0961     0.0247     0.0184      37718    26.1926      37.27     2.0209     1.7871         23 0.0000e+00
   1134.848   76.33620  178.59830   1150.000    -0.1297    -0.1297  29.345820  29.344191    34.8740    34.8718    288.716    283.997    -0.1344     4.6599     0.0952     0.0952     0.0249     0.0196      37770    26.2284      36.26     2.0207     1.7889         21 0.0000e+00
   1135.832   76.33620  178.59829   1151.000    -0.1292    -0.1292  29.347145  29.345594    34.8746    34.8725    288.546    284.499    -0.1508     4.6594     0.0949     0.0949     0.0253     0.0189      37823    26.2651      35.26     2.0196     1.7911         23 0.0000e+00
   1136.816   76.33620  178.59828   1152.000    -0.1300    -0.1300  29.347171  29.345489    34.8749    34.8727    288.302    281.693    -0.1325     4.6598     0.0949     0.0949     0.0250     0.0197      37875    26.3016      34.24     2.0181     1.7783         23 0.0000e+00
   1137.800   76.33620  178.59828   1153.000    -0.1348    -0.1348  29.344036  29.342357    34.8757    34.8735    288.198    284.507    -0.1324     4.6601     0.0951     0.0951     0.0247     0.0197      37927    26.3378      33.24     2.0171     1.7905         22 0.0000e+00
   1138.784   76.33620  178.59828   1154.000    -0.1318    -0.1317  29.348304  29.346684    34.8774    34.8751    288.157    281.982    -0.1398     4.6595     0.0945     0.0945     0.0253     0.0194      37980    26.3740      32.24     2.0169     1.7792         21 0.0000e+00
   1139.768   76.33620  178.59827   1155.000    -0.1282    -0.1280  29.352778  29.351180    34.8786    34.8763    287.905    284.116    -0.1553     4.6595     0.0946     0.0946     0.0253     0.0188      38032    26.4102      31.25     2.0155     1.7888         23 0.0000e+00
   1140.752   76.33620  178.59826   1156.000    -0.1265    -0.1263  29.355132  29.353538    34.8792    34.8769    287.544    281.104    -0.1599     4.6595     0.0949     0.0949     0.0252     0.0186      38085    26.4469      30.22     2.0135     1.7752         21 0.0000e+00
   1141.736   76.33620  178.59826   1157.000    -0.1252    -0.1252  29.357025  29.355359    34.8797    34.8775    287.318    281.882    -0.1738     4.6596     0.0933     0.0933     0.0252     0.0180      38136    26.4828      29.21     2.0122     1.7786         18 0.0000e+00
   1142.720   76.33620  178.59826   1158.000    -0.1255    -0.1255  29.357221  29.355622    34.8797    34.8776    286.878    281.973    -0.1602     4.6597     0.0957     0.0957     0.0251     0.0186      38189    26.5195      28.22     2.0096     1.7788         18 0.0000e+00
   1143.705   76.33620  178.59824   1159.000    -0.1263    -0.1263  29.357060  29.355425    34.8799    34.8777    286.518    281.240    -0.1352     4.6594     0.0956     0.0956     0.0253     0.0196      38242    26.5559      27.24     2.0075     1.7753         19 0.0000e+00
   1144.689   76.33620  178.59824   1160.000    -0.1270    -0.1270  29.356909  29.355359    34.8799    34.8779    286.187    282.195    -0.1348     4.6593     0.0949     0.0949     0.0254     0.0196      38293    26.5920      26.20     2.0055     1.7794         17 0.0000e+00
   1145.673   76.33620  178.59824   1161.000    -0.1288    -0.1288  29.355904  29.354147    34.8801    34.8778    286.021    279.673    -0.1311     4.6594     0.0948     0.0948     0.0253     0.0197      38346    26.6282      25.20     2.0043     1.7679         17 0.0000e+00
