Continuous CTD Data/01_SBE Stage/nabos_09_02avg.cnv
* Sea-Bird SBE 9 Data File:
* FileName = D:\CTD\data\HLY2502\raw\NABOS_09_02.hex
* Software Version Seasave V 7.26.7.110
* Temperature SN = 6954
* Conductivity SN = 2561
* Number of Bytes Per Scan = 37
* Number of Voltage Words = 4
* Number of Scans Averaged by the Deck Unit = 1
* NMEA Latitude = 76 20.13 N
* NMEA Longitude = 178 35.91 E
* NMEA UTC (Time) = Sep 15 2025  05:01:14
* NMEA baud rate = 9600
** Ship: USCG HEALY
** Bot. Depth:  1161
** Cast Number:  02
** Station Name:  NABOS
** Station Number:  09
** Operator:  STARC
# nquan = 25
# nvalues = 1179                        
# units = specified
# name 0 = depSM: Depth [salt water, m]
# name 1 = latitude: Latitude [deg]
# name 2 = longitude: Longitude [deg]
# name 3 = prDM: Pressure, Digiquartz [db]
# name 4 = t090C: Temperature [ITS-90, deg C]
# name 5 = t190C: Temperature, 2 [ITS-90, deg C]
# name 6 = c0mS/cm: Conductivity [mS/cm]
# name 7 = c1mS/cm: Conductivity, 2 [mS/cm]
# name 8 = sal00: Salinity, Practical [PSU]
# name 9 = sal11: Salinity, Practical, 2 [PSU]
# name 10 = sbox0Mm/Kg: Oxygen, SBE 43 [umol/kg]
# name 11 = sbox1Mm/Kg: Oxygen, SBE 43, 2 [umol/kg]
# name 12 = flECO-AFL: Fluorescence, WET Labs ECO-AFL/FL [mg/m^3]
# name 13 = v2: Voltage 2
# name 14 = wetCDOM: Fluorescence, WET Labs CDOM [mg/m^3]
# name 15 = v6: Voltage 6
# name 16 = CStarAt0: Beam Attenuation, WET Labs C-Star [1/m]
# name 17 = v3: Voltage 3
# name 18 = scan: Scan Count
# name 19 = timeM: Time, Elapsed [minutes]
# name 20 = altM: Altimeter [m]
# name 21 = sbeox0V: Oxygen raw, SBE 43 [V]
# name 22 = sbeox1V: Oxygen raw, SBE 43, 2 [V]
# name 23 = nbin: number of scans per bin
# name 24 = flag: flag
# span 0 =      2.968,   1165.353       
# span 1 =   76.33544,   76.33623       
# span 2 =  178.59694,  178.59852       
# span 3 =      3.000,   1181.000       
# span 4 =    -1.6788,     0.8634       
# span 5 =    -1.6788,     0.8633       
# span 6 =  23.042495,  29.765726       
# span 7 =  23.041406,  29.763715       
# span 8 =    28.5534,    34.8937       
# span 9 =    28.5517,    34.8912       
# span 10 =    272.405,    383.965      
# span 11 =    267.843,    373.258      
# span 12 =    -0.1890,     0.3360      
# span 13 =     4.6052,     4.6630      
# span 14 =     0.0683,     0.1204      
# span 15 =     0.0683,     0.1204      
# span 16 =     0.0222,     0.0721      
# span 17 =     0.0174,     0.0385      
# span 18 =       3821,      41509      
# span 19 =     2.6528,    28.8248      
# span 20 =       4.90,     100.00      
# span 21 =     1.9298,     2.6731      
# span 22 =     1.7129,     2.3103      
# span 23 =          6,         28      
# span 24 = 0.0000e+00, 0.0000e+00      
# interval = decibars: 1                
# start_time = Sep 15 2025 05:01:14 [NMEA time, header]
# bad_flag = -9.990e-29
*END*
      2.968   76.33544  178.59805      3.000    -1.5171    -1.5144  23.056710  23.058524    28.5643    28.5641    377.416    363.288     0.1930     4.6094     0.1134     0.1134     0.0686     0.0327       3821     2.6528     100.00     2.6140     2.2444          6 0.0000e+00
      3.958   76.33544  178.59804      4.000    -1.5155    -1.5147  23.053765  23.053574    28.5581    28.5571    377.085    365.951     0.1961     4.6075     0.1133     0.1133     0.0702     0.0329       3970     2.7561     100.00     2.6118     2.2567         19 0.0000e+00
      4.948   76.33544  178.59802      5.000    -1.5183    -1.5174  23.052594  23.052801    28.5587    28.5581    376.974    365.702     0.1974     4.6073     0.1132     0.1132     0.0703     0.0329       4071     2.8265     100.00     2.6107     2.2552         17 0.0000e+00
      5.937   76.33544  178.59801      6.000    -1.5203    -1.5201  23.050419  23.049996    28.5571    28.5563    376.663    366.032     0.2297     4.6066     0.1135     0.1135     0.0709     0.0342       4152     2.8826     100.00     2.6086     2.2564         21 0.0000e+00
      6.927   76.33544  178.59800      7.000    -1.5199    -1.5226  23.049969  23.046353    28.5556    28.5533    376.403    366.179     0.2268     4.6077     0.1121     0.1121     0.0700     0.0341       4222     2.9310     100.00     2.6068     2.2566         22 0.0000e+00
      7.916   76.33544  178.59800      8.000    -1.5197    -1.5190  23.050612  23.049657    28.5557    28.5538    376.263    366.557     0.2324     4.6073     0.1128     0.1128     0.0703     0.0343       4289     2.9779     100.00     2.6057     2.2584         24 0.0000e+00
      8.906   76.33544  178.59798      9.000    -1.5192    -1.5191  23.051496  23.050442    28.5559    28.5543    376.408    365.952     0.2195     4.6066     0.1125     0.1125     0.0709     0.0338       4356     3.0241     100.00     2.6063     2.2553         22 0.0000e+00
      9.895   76.33544  178.59798     10.000    -1.5202    -1.5202  23.051025  23.049664    28.5556    28.5539    376.719    366.293     0.2217     4.6071     0.1112     0.1112     0.0705     0.0339       4414     3.0648     100.00     2.6077     2.2566         19 0.0000e+00
     10.885   76.33544  178.59797     11.000    -1.5210    -1.5216  23.050962  23.049255    28.5558    28.5540    376.793    366.591     0.2301     4.6072     0.1125     0.1125     0.0704     0.0342       4471     3.1041     100.00     2.6078     2.2577         22 0.0000e+00
     11.874   76.33544  178.59796     12.000    -1.5283    -1.5287  23.045098  23.043572    28.5543    28.5526    376.628    366.464     0.2241     4.6069     0.1139     0.1139     0.0706     0.0340       4526     3.1422     100.00     2.6061     2.2565         21 0.0000e+00
     12.864   76.33544  178.59796     13.000    -1.5318    -1.5316  23.042495  23.041406    28.5536    28.5519    376.646    366.619     0.2023     4.6068     0.1138     0.1138     0.0708     0.0331       4578     3.1783     100.00     2.6056     2.2568         26 0.0000e+00
     13.853   76.33544  178.59795     14.000    -1.5317    -1.5315  23.042945  23.041930    28.5535    28.5520    376.597    366.661     0.1979     4.6068     0.1131     0.1131     0.0707     0.0329       4629     3.2137     100.00     2.6051     2.2568         21 0.0000e+00
     14.843   76.33544  178.59794     15.000    -1.5315    -1.5313  23.043379  23.042251    28.5534    28.5517    376.410    366.405     0.2113     4.6072     0.1136     0.1136     0.0704     0.0335       4680     3.2494     100.00     2.6038     2.2554         20 0.0000e+00
     15.832   76.33544  178.59794     16.000    -1.5313    -1.5313  23.044287  23.042801    28.5539    28.5519    376.319    366.552     0.2043     4.6078     0.1126     0.1126     0.0700     0.0332       4731     3.2850     100.00     2.6031     2.2559         24 0.0000e+00
     16.822   76.33544  178.59793     17.000    -1.5246    -1.5240  23.067317  23.067559    28.5781    28.5779    376.101    365.711     0.2196     4.6082     0.1129     0.1129     0.0696     0.0338       4782     3.3205     100.00     2.6024     2.2524         25 0.0000e+00
     17.811   76.33544  178.59792     18.000    -1.5077    -1.5042  23.133396  23.147965    28.6509    28.6673    375.628    365.718     0.2286     4.6082     0.1127     0.1127     0.0695     0.0342       4834     3.3561     100.00     2.6018     2.2545         27 0.0000e+00
     18.801   76.33544  178.59792     19.000    -1.4797    -1.4778  23.255410  23.260355    28.7887    28.7936    375.325    365.632     0.2592     4.6077     0.1126     0.1126     0.0699     0.0354       4884     3.3911     100.00     2.6039     2.2570         21 0.0000e+00
     19.790   76.33544  178.59790     20.000    -1.3893    -1.3933  23.626634  23.609050    29.2031    29.1832    374.193    364.424     0.2642     4.6080     0.1129     0.1129     0.0698     0.0356       4935     3.4262     100.00     2.6100     2.2609         22 0.0000e+00
     20.779   76.33544  178.59790     21.000    -1.3351    -1.3358  23.843132  23.845491    29.4423    29.4463    374.979    362.846     0.2934     4.6072     0.1134     0.1134     0.0704     0.0367       4986     3.4621     100.00     2.6217     2.2597         21 0.0000e+00
     21.769   76.33544  178.59790     22.000    -1.3111    -1.3115  23.997570  23.996746    29.6271    29.6264    377.008    365.742     0.3042     4.6052     0.1160     0.1160     0.0721     0.0372       5037     3.4974     100.00     2.6376     2.2772         23 0.0000e+00
     22.758   76.33544  178.59790     23.000    -1.3163    -1.3165  24.007726  24.007387    29.6455    29.6452    379.485    368.118     0.3068     4.6081     0.1165     0.1165     0.0697     0.0373       5088     3.5323     100.00     2.6514     2.2884         21 0.0000e+00
     23.748   76.33544  178.59790     24.000    -1.3392    -1.3395  24.034685  24.033492    29.7042    29.7029    381.709    370.853     0.2997     4.6098     0.1168     0.1168     0.0682     0.0370       5138     3.5673     100.00     2.6633     2.3009         20 0.0000e+00
     24.737   76.33544  178.59788     25.000    -1.3837    -1.3862  24.053947  24.053307    29.7741    29.7758    383.361    372.228     0.2924     4.6102     0.1146     0.1146     0.0677     0.0367       5188     3.6021     100.00     2.6706     2.3057         19 0.0000e+00
     25.727   76.33544  178.59788     26.000    -1.4224    -1.4242  24.110454  24.108948    29.8890    29.8888    383.965    373.258     0.3187     4.6116     0.1136     0.1136     0.0666     0.0378       5239     3.6375     100.00     2.6731     2.3099         20 0.0000e+00
     26.716   76.33544  178.59788     27.000    -1.4010    -1.4006  24.211220  24.210674    30.0039    30.0027    382.528    372.790     0.3037     4.6114     0.1127     0.1127     0.0668     0.0372       5290     3.6729     100.00     2.6681     2.3103         19 0.0000e+00
     27.706   76.33544  178.59788     28.000    -1.4090    -1.4044  24.267996  24.268196    30.0886    30.0842    381.153    371.297     0.2822     4.6140     0.1132     0.1132     0.0645     0.0363       5341     3.7083     100.00     2.6609     2.3039         18 0.0000e+00
     28.695   76.33544  178.59788     29.000    -1.4443    -1.4447  24.298028  24.297239    30.1645    30.1639    380.516    370.545     0.2891     4.6151     0.1128     0.1128     0.0636     0.0365       5392     3.7440     100.00     2.6559     2.2989         19 0.0000e+00
     29.684   76.33544  178.59788     30.000    -1.4724    -1.4727  24.330446  24.329551    30.2366    30.2357    379.306    369.692     0.2876     4.6152     0.1127     0.1127     0.0635     0.0365       5443     3.7791     100.00     2.6482     2.2941         19 0.0000e+00
     30.674   76.33544  178.59788     31.000    -1.4976    -1.4981  24.415843  24.414297    30.3782    30.3766    377.837    369.191     0.2979     4.6158     0.1139     0.1139     0.0629     0.0369       5493     3.8141     100.00     2.6403     2.2921         18 0.0000e+00
     31.663   76.33544  178.59788     32.000    -1.5259    -1.5259  24.489697  24.488094    30.5074    30.5053    376.165    367.445     0.3174     4.6165     0.1139     0.1139     0.0623     0.0377       5543     3.8486     100.00     2.6308     2.2837         16 0.0000e+00
     32.653   76.33544  178.59788     33.000    -1.5433    -1.5431  24.545309  24.543767    30.6007    30.5985    374.560    366.502     0.3360     4.6166     0.1155     0.1155     0.0622     0.0385       5594     3.8839     100.00     2.6218     2.2793         17 0.0000e+00
     33.642   76.33544  178.59788     34.000    -1.5666    -1.5664  24.605070  24.603411    30.7060    30.7034    373.098    364.483     0.2816     4.6166     0.1174     0.1174     0.0622     0.0363       5645     3.9194     100.00     2.6135     2.2696         16 0.0000e+00
     34.631   76.33546  178.59788     35.000    -1.5934    -1.5932  24.673506  24.672007    30.8268    30.8246    372.042    363.584     0.2458     4.6167     0.1203     0.1203     0.0622     0.0348       5696     3.9549     100.00     2.6075     2.2653         15 0.0000e+00
     35.621   76.33546  178.59788     36.000    -1.6127    -1.6126  24.762291  24.760913    30.9681    30.9662    371.159    362.688     0.2116     4.6176     0.1189     0.1189     0.0613     0.0335       5747     3.9905     100.00     2.6033     2.2617         15 0.0000e+00
     36.610   76.33546  178.59788     37.000    -1.6231    -1.6232  24.801661  24.800580    31.0324    31.0311    370.634    361.618     0.2072     4.6183     0.1188     0.1188     0.0607     0.0333       5799     4.0261     100.00     2.6004     2.2566         15 0.0000e+00
     37.600   76.33546  178.59788     38.000    -1.6379    -1.6379  24.869386  24.868986    31.1404    31.1399    369.426    360.992     0.1584     4.6195     0.1199     0.1199     0.0597     0.0313       5849     4.0612     100.00     2.5941     2.2541         19 0.0000e+00
     38.589   76.33546  178.59788     39.000    -1.6487    -1.6487  24.950776  24.950655    31.2630    31.2629    368.021    359.072     0.1204     4.6215     0.1204     0.1204     0.0580     0.0298       5899     4.0958     100.00     2.5872     2.2457         15 0.0000e+00
     39.578   76.33546  178.59788     40.000    -1.6518    -1.6518  25.058369  25.057923    31.4138    31.4131    366.541    359.031     0.0992     4.6232     0.1188     0.1188     0.0565     0.0290       5950     4.1311     100.00     2.5808     2.2472         18 0.0000e+00
     40.568   76.33546  178.59788     41.000    -1.6521    -1.6521  25.187051  25.186487    31.5907    31.5899    364.226    356.002     0.0829     4.6260     0.1192     0.1192     0.0541     0.0283       6001     4.1669     100.00     2.5702     2.2348         18 0.0000e+00
     41.557   76.33546  178.59789     42.000    -1.6571    -1.6570  25.282228  25.281636    31.7266    31.7256    361.027    353.353     0.0476     4.6274     0.1176     0.1176     0.0529     0.0269       6053     4.2025     100.00     2.5536     2.2233         19 0.0000e+00
     42.546   76.33546  178.59790     43.000    -1.6536    -1.6535  25.344770  25.344093    31.8084    31.8073    358.425    350.721     0.0286     4.6295     0.1179     0.1179     0.0510     0.0261       6104     4.2382     100.00     2.5400     2.2117         19 0.0000e+00
     43.536   76.33548  178.59790     44.000    -1.6505    -1.6505  25.403999  25.403275    31.8862    31.8851    356.371    348.914     0.0187     4.6322     0.1174     0.1174     0.0488     0.0257       6155     4.2735     100.00     2.5294     2.2040         23 0.0000e+00
     44.525   76.33548  178.59790     45.000    -1.6501    -1.6500  25.474015  25.473424    31.9816    31.9808    354.004    346.243    -0.0099     4.6361     0.1186     0.1186     0.0454     0.0246       6205     4.3085     100.00     2.5172     2.1921         21 0.0000e+00
     45.514   76.33548  178.59790     46.000    -1.6502    -1.6501  25.549736  25.549244    32.0856    32.0849    351.609    343.776    -0.0287     4.6391     0.1175     0.1175     0.0428     0.0238       6256     4.3437     100.00     2.5049     2.1813         23 0.0000e+00
     46.504   76.33548  178.59790     47.000    -1.6525    -1.6528  25.644250  25.643390    32.2180    32.2171    349.561    342.126    -0.0124     4.6401     0.1177     0.1177     0.0419     0.0245       6306     4.3788     100.00     2.4948     2.1747         25 0.0000e+00
     47.493   76.33548  178.59790     48.000    -1.6773    -1.6771  25.709055  25.708572    32.3338    32.3330    347.091    340.587    -0.0097     4.6418     0.1121     0.1121     0.0404     0.0246       6357     4.4142     100.00     2.4808     2.1673         19 0.0000e+00
     48.482   76.33548  178.59790     49.000    -1.6589    -1.6586  25.785347  25.784672    32.4186    32.4174    346.248    338.334    -0.0419     4.6440     0.1144     0.1144     0.0386     0.0233       6409     4.4500     100.00     2.4781     2.1583         25 0.0000e+00
     49.472   76.33548  178.59790     50.000    -1.6509    -1.6506  25.839629  25.839048    32.4843    32.4831    345.751    338.409    -0.0504     4.6451     0.1148     0.1148     0.0377     0.0230       6460     4.4856     100.00     2.4765     2.1597         25 0.0000e+00
     50.461   76.33548  178.59790     51.000    -1.6238    -1.6235  25.926623  25.925718    32.5742    32.5726    343.082    336.121    -0.0458     4.6459     0.1172     0.1172     0.0369     0.0232       6511     4.5210     100.00     2.4640     2.1508         25 0.0000e+00
     51.450   76.33548  178.59790     52.000    -1.6531    -1.6531  25.959337  25.958047    32.6510    32.6491    340.247    333.911    -0.0504     4.6464     0.1163     0.1163     0.0365     0.0230       6561     4.5556     100.00     2.4469     2.1394         22 0.0000e+00
     52.439   76.33548  178.59790     53.000    -1.6788    -1.6788  25.989252  25.987937    32.7200    32.7182    337.410    331.186    -0.0481     4.6470     0.1111     0.1111     0.0360     0.0231       6612     4.5907     100.00     2.4298     2.1256         20 0.0000e+00
     53.429   76.33549  178.59790     54.000    -1.6640    -1.6638  26.051565  26.050284    32.7893    32.7873    338.753    330.557    -0.0464     4.6485     0.1104     0.1104     0.0347     0.0231       6662     4.6259     100.00     2.4392     2.1239         22 0.0000e+00
     54.418   76.33550  178.59790     55.000    -1.6249    -1.6248  26.164760  26.163684    32.9021    32.9004    339.776    332.110    -0.0515     4.6488     0.1123     0.1123     0.0345     0.0229       6713     4.6614     100.00     2.4489     2.1346         23 0.0000e+00
     55.407   76.33550  178.59790     56.000    -1.6460    -1.6459  26.223907  26.222532    33.0067    33.0047    338.336    331.949    -0.0492     4.6493     0.1123     0.1123     0.0341     0.0230       6764     4.6966     100.00     2.4407     2.1339         22 0.0000e+00
     56.397   76.33550  178.59790     57.000    -1.6496    -1.6495  26.283562  26.282443    33.0927    33.0910    333.767    327.783    -0.0736     4.6492     0.1093     0.1093     0.0341     0.0221       6816     4.7323     100.00     2.4153     2.1144         23 0.0000e+00
     57.386   76.33550  178.59792     58.000    -1.6518    -1.6518  26.335020  26.333794    33.1659    33.1641    332.284    325.663    -0.0673     4.6499     0.1081     0.1081     0.0336     0.0223       6866     4.7677     100.00     2.4075     2.1046         22 0.0000e+00
     58.375   76.33550  178.59792     59.000    -1.6579    -1.6578  26.367339  26.366117    33.2168    33.2150    331.322    324.205    -0.0938     4.6496     0.1062     0.1062     0.0338     0.0213       6917     4.8030     100.00     2.4021     2.0977         24 0.0000e+00
