Continuous CTD Data/01_SBE Stage/nabos_16_01avg.cnv
* Sea-Bird SBE 9 Data File:
* FileName = D:\CTD\data\HLY2502\raw\NABOS_16_01.hex
* Software Version Seasave V 7.26.7.110
* Temperature SN = 6954
* Conductivity SN = 2561
* Number of Bytes Per Scan = 37
* Number of Voltage Words = 4
* Number of Scans Averaged by the Deck Unit = 1
* NMEA Latitude = 77 05.32 N
* NMEA Longitude = 179 06.61 E
* NMEA UTC (Time) = Sep 17 2025  05:37:32
* NMEA baud rate = 9600
** Ship: USCG HEALY
** Bot. Depth:  1069
** Cast Number:  01
** Station Name:  NABOS
** Station Number:  16
** Operator:  STARC
# nquan = 25
# nvalues = 1060                        
# units = specified
# name 0 = depSM: Depth [salt water, m]
# name 1 = latitude: Latitude [deg]
# name 2 = longitude: Longitude [deg]
# name 3 = prDM: Pressure, Digiquartz [db]
# name 4 = t090C: Temperature [ITS-90, deg C]
# name 5 = t190C: Temperature, 2 [ITS-90, deg C]
# name 6 = c0mS/cm: Conductivity [mS/cm]
# name 7 = c1mS/cm: Conductivity, 2 [mS/cm]
# name 8 = sal00: Salinity, Practical [PSU]
# name 9 = sal11: Salinity, Practical, 2 [PSU]
# name 10 = sbox0Mm/Kg: Oxygen, SBE 43 [umol/kg]
# name 11 = sbox1Mm/Kg: Oxygen, SBE 43, 2 [umol/kg]
# name 12 = flECO-AFL: Fluorescence, WET Labs ECO-AFL/FL [mg/m^3]
# name 13 = v2: Voltage 2
# name 14 = wetCDOM: Fluorescence, WET Labs CDOM [mg/m^3]
# name 15 = v6: Voltage 6
# name 16 = CStarAt0: Beam Attenuation, WET Labs C-Star [1/m]
# name 17 = v3: Voltage 3
# name 18 = scan: Scan Count
# name 19 = timeM: Time, Elapsed [minutes]
# name 20 = altM: Altimeter [m]
# name 21 = sbeox0V: Oxygen raw, SBE 43 [V]
# name 22 = sbeox1V: Oxygen raw, SBE 43, 2 [V]
# name 23 = nbin: number of scans per bin
# name 24 = flag: flag
# span 0 =      3.958,   1049.178       
# span 1 =   77.08900,   77.09127       
# span 2 =  179.11118,  179.12020       
# span 3 =      4.000,   1063.000       
# span 4 =    -1.7077,     0.9246       
# span 5 =    -1.7056,     0.9247       
# span 6 =  23.318665,  29.789180       
# span 7 =  23.317657,  29.787098       
# span 8 =    28.9491,    34.8679       
# span 9 =    28.9467,    34.8660       
# span 10 =    288.607,    379.952      
# span 11 =    250.420,    373.810      
# span 12 =    -0.1818,     0.4355      
# span 13 =     4.6080,     4.6754      
# span 14 =     0.0730,     0.1246      
# span 15 =     0.0730,     0.1246      
# span 16 =     0.0116,     0.0702      
# span 17 =     0.0177,     0.0424      
# span 18 =       3687,      38874      
# span 19 =     2.5600,    26.9953      
# span 20 =       5.19,     100.00      
# span 21 =     2.0402,     2.6546      
# span 22 =     1.7573,     2.3161      
# span 23 =          9,         28      
# span 24 = 0.0000e+00, 0.0000e+00      
# interval = decibars: 1                
# start_time = Sep 17 2025 05:37:32 [NMEA time, header]
# bad_flag = -9.990e-29
*END*
[from data line 348]
    348.016   77.08980  179.11432    352.000     0.6805     0.6807  29.632086  29.630269    34.7993    34.7968    298.531    293.953    -0.1689     4.6702     0.0841     0.0841     0.0160     0.0182      15510    10.7703     100.00     2.2887     2.0133         18 0.0000e+00
    349.003   77.08980  179.11432    353.000     0.6781     0.6782  29.630334  29.628489    34.7991    34.7966    298.627    296.770    -0.1533     4.6702     0.0838     0.0838     0.0160     0.0189      15538    10.7892     100.00     2.2890     2.0273         18 0.0000e+00
    349.991   77.08980  179.11432    354.000     0.6723     0.6723  29.625581  29.623762    34.7989    34.7965    298.632    294.757    -0.1498     4.6689     0.0831     0.0831     0.0171     0.0190      15565    10.8081     100.00     2.2884     2.0166         16 0.0000e+00
    350.979   77.08980  179.11434    355.000     0.6677     0.6678  29.622315  29.620434    34.7992    34.7967    298.401    294.362    -0.1432     4.6697     0.0842     0.0842     0.0165     0.0193      15592    10.8269     100.00     2.2866     2.0142         18 0.0000e+00
    351.967   77.08981  179.11434    356.000     0.6643     0.6644  29.619897  29.618076    34.7992    34.7967    298.385    294.206    -0.1670     4.6703     0.0844     0.0844     0.0159     0.0183      15619    10.8457     100.00     2.2861     2.0131         13 0.0000e+00
    352.955   77.08982  179.11435    357.000     0.6627     0.6627  29.618990  29.617115    34.7993    34.7969    298.287    293.712    -0.1398     4.6700     0.0849     0.0849     0.0162     0.0194      15646    10.8646     100.00     2.2852     2.0103         17 0.0000e+00
    353.942   77.08982  179.11436    358.000     0.6615     0.6615  29.618405  29.616442    34.7994    34.7967    298.139    294.438    -0.1711     4.6693     0.0830     0.0830     0.0169     0.0181      15673    10.8834     100.00     2.2840     2.0137         15 0.0000e+00
    354.930   77.08982  179.11438    359.000     0.6599     0.6599  29.617471  29.615637    34.7993    34.7969    298.254    293.146    -0.1717     4.6691     0.0829     0.0829     0.0170     0.0181      15701    10.9026     100.00     2.2844     2.0069         20 0.0000e+00
    355.918   77.08982  179.11438    360.000     0.6579     0.6579  29.616170  29.614430    34.7993    34.7969    298.398    294.171    -0.1742     4.6694     0.0830     0.0830     0.0167     0.0180      15728    10.9212     100.00     2.2849     2.0119         17 0.0000e+00
    356.906   77.08982  179.11439    361.000     0.6574     0.6575  29.616427  29.614595    34.7996    34.7971    298.545    293.969    -0.1658     4.6691     0.0825     0.0825     0.0170     0.0184      15755    10.9401     100.00     2.2855     2.0106         17 0.0000e+00
    357.894   77.08982  179.11440    362.000     0.6610     0.6612  29.621145  29.619378    34.8011    34.7986    298.464    294.056    -0.1503     4.6691     0.0817     0.0817     0.0170     0.0190      15782    10.9590     100.00     2.2850     2.0110         14 0.0000e+00
    358.881   77.08982  179.11440    363.000     0.6638     0.6640  29.624396  29.622648    34.8015    34.7991    298.437    293.472    -0.1812     4.6689     0.0821     0.0821     0.0172     0.0177      15809    10.9779     100.00     2.2848     2.0080         16 0.0000e+00
    359.869   77.08982  179.11441    364.000     0.6659     0.6660  29.626927  29.625081    34.8019    34.7994    298.381    290.280    -0.1691     4.6690     0.0830     0.0830     0.0171     0.0182      15837    10.9971     100.00     2.2843     1.9917         19 0.0000e+00
    360.857   77.08982  179.11442    365.000     0.6714     0.6716  29.633134  29.631488    34.8032    34.8008    298.243    291.561    -0.1669     4.6691     0.0828     0.0828     0.0170     0.0183      15864    11.0160     100.00     2.2836     1.9983         20 0.0000e+00
    361.845   77.08982  179.11442    366.000     0.6725     0.6726  29.634616  29.632690    34.8033    34.8007    298.092    294.804    -0.1644     4.6693     0.0818     0.0818     0.0169     0.0184      15891    11.0349     100.00     2.2825     2.0146         22 0.0000e+00
    362.833   77.08984  179.11444    367.000     0.6731     0.6732  29.635740  29.633874    34.8036    34.8010    297.999    294.761    -0.1276     4.6694     0.0821     0.0821     0.0168     0.0199      15918    11.0536     100.00     2.2817     2.0142         19 0.0000e+00
    363.821   77.08984  179.11444    368.000     0.6718     0.6718  29.635618  29.633589    34.8042    34.8016    297.917    291.675    -0.1336     4.6696     0.0840     0.0840     0.0165     0.0196      15945    11.0726     100.00     2.2809     1.9983         19 0.0000e+00
    364.808   77.08984  179.11444    369.000     0.6684     0.6684  29.633111  29.631322    34.8042    34.8018    297.888    297.216    -0.1547     4.6696     0.0833     0.0833     0.0166     0.0188      15973    11.0914     100.00     2.2803     2.0260         22 0.0000e+00
    365.796   77.08984  179.11446    370.000     0.6710     0.6711  29.636431  29.634736    34.8050    34.8027    297.666    294.798    -0.1658     4.6672     0.0842     0.0842     0.0186     0.0184      16000    11.1103     100.00     2.2789     2.0137         18 0.0000e+00
    366.784   77.08984  179.11446    371.000     0.6746     0.6748  29.640713  29.638972    34.8059    34.8035    297.618    293.353    -0.1735     4.6693     0.0844     0.0844     0.0169     0.0180      16027    11.1293     100.00     2.2786     2.0063         24 0.0000e+00
    367.771   77.08984  179.11447    372.000     0.6761     0.6762  29.642676  29.640942    34.8062    34.8038    297.582    287.455    -0.1722     4.6696     0.0850     0.0850     0.0165     0.0181      16054    11.1479     100.00     2.2782     1.9763         18 0.0000e+00
    368.759   77.08984  179.11448    373.000     0.6767     0.6767  29.643813  29.641907    34.8065    34.8039    297.448    289.479    -0.1581     4.6695     0.0842     0.0842     0.0166     0.0187      16081    11.1668     100.00     2.2772     1.9864         15 0.0000e+00
    369.747   77.08984  179.11448    374.000     0.6763     0.6764  29.643987  29.642233    34.8065    34.8041    297.210    295.852    -0.1309     4.6700     0.0839     0.0839     0.0162     0.0197      16109    11.1858     100.00     2.2755     2.0185         21 0.0000e+00
    370.735   77.08984  179.11450    375.000     0.6760     0.6761  29.644390  29.642483    34.8068    34.8042    297.016    293.744    -0.1367     4.6697     0.0842     0.0842     0.0164     0.0195      16136    11.2047     100.00     2.2741     2.0076         19 0.0000e+00
    371.722   77.08984  179.11450    376.000     0.6762     0.6763  29.645276  29.643364    34.8071    34.8046    296.932    293.505    -0.1397     4.6704     0.0851     0.0851     0.0158     0.0194      16163    11.2235     100.00     2.2734     2.0062         19 0.0000e+00
    372.710   77.08984  179.11450    377.000     0.6731     0.6731  29.643041  29.641105    34.8071    34.8046    297.021    294.714    -0.1581     4.6704     0.0842     0.0842     0.0158     0.0187      16190    11.2424     100.00     2.2735     2.0120         18 0.0000e+00
    373.698   77.08986  179.11452    378.000     0.6719     0.6719  29.642529  29.640681    34.8072    34.8048    297.056    293.371    -0.1531     4.6703     0.0844     0.0844     0.0159     0.0189      16217    11.2611     100.00     2.2734     2.0050         15 0.0000e+00
    374.686   77.08986  179.11452    379.000     0.6693     0.6693  29.640847  29.638871    34.8073    34.8048    297.203    292.660    -0.1776     4.6706     0.0855     0.0855     0.0157     0.0179      16244    11.2800     100.00     2.2739     2.0011         16 0.0000e+00
    375.673   77.08986  179.11453    380.000     0.6675     0.6675  29.639866  29.637984    34.8075    34.8050    297.278    294.955    -0.1411     4.6707     0.0849     0.0849     0.0156     0.0193      16272    11.2991     100.00     2.2741     2.0124         18 0.0000e+00
    376.661   77.08986  179.11454    381.000     0.6651     0.6648  29.638248  29.636100    34.8075    34.8050    297.110    293.601    -0.1709     4.6710     0.0831     0.0831     0.0154     0.0182      16299    11.3179     100.00     2.2727     2.0052         18 0.0000e+00
    377.649   77.08986  179.11454    382.000     0.6548     0.6545  29.629741  29.627564    34.8074    34.8049    297.020    292.337    -0.1556     4.6707     0.0833     0.0833     0.0156     0.0188      16326    11.3368     100.00     2.2714     1.9982         16 0.0000e+00
    378.636   77.08986  179.11456    383.000     0.6483     0.6483  29.624400  29.622508    34.8071    34.8048    297.051    292.355    -0.1498     4.6715     0.0851     0.0851     0.0150     0.0190      16353    11.3556     100.00     2.2711     1.9978         16 0.0000e+00
    379.624   77.08986  179.11456    384.000     0.6461     0.6462  29.623007  29.621152    34.8072    34.8047    297.049    293.707    -0.1708     4.6712     0.0831     0.0831     0.0152     0.0182      16380    11.3746     100.00     2.2707     2.0044         19 0.0000e+00
    380.612   77.08986  179.11457    385.000     0.6458     0.6459  29.623072  29.621211    34.8070    34.8045    297.038    289.776    -0.1407     4.6707     0.0840     0.0840     0.0156     0.0193      16407    11.3931     100.00     2.2704     1.9843         13 0.0000e+00
    381.599   77.08986  179.11458    386.000     0.6436     0.6435  29.621588  29.619539    34.8071    34.8045    296.833    285.530    -0.1676     4.6699     0.0830     0.0830     0.0163     0.0183      16435    11.4122     100.00     2.2688     1.9625         15 0.0000e+00
    382.587   77.08986  179.11458    387.000     0.6421     0.6421  29.620735  29.618790    34.8070    34.8045    296.694    299.401    -0.1501     4.6711     0.0831     0.0831     0.0153     0.0190      16462    11.4313     100.00     2.2676     2.0324         18 0.0000e+00
    383.575   77.08987  179.11459    388.000     0.6392     0.6392  29.618729  29.616877    34.8070    34.8047    296.591    292.905    -0.1686     4.6667     0.0841     0.0841     0.0191     0.0182      16489    11.4500     100.00     2.2666     1.9992         16 0.0000e+00
    384.562   77.08988  179.11460    389.000     0.6343     0.6341  29.614734  29.612656    34.8068    34.8042    296.749    290.703    -0.1691     4.6675     0.0841     0.0841     0.0184     0.0182      16516    11.4688     100.00     2.2671     1.9877         15 0.0000e+00
    385.550   77.08988  179.11460    390.000     0.6295     0.6297  29.611066  29.609302    34.8067    34.8043    296.790    295.138    -0.1382     4.6712     0.0841     0.0841     0.0152     0.0194      16544    11.4878     100.00     2.2669     2.0097         16 0.0000e+00
    386.538   77.08988  179.11462    391.000     0.6272     0.6271  29.609400  29.607470    34.8066    34.8042    296.839    295.166    -0.1635     4.6705     0.0832     0.0832     0.0157     0.0184      16570    11.5065     100.00     2.2668     2.0096         13 0.0000e+00
    387.526   77.08988  179.11462    392.000     0.6244     0.6245  29.607550  29.605583    34.8068    34.8041    296.921    290.312    -0.1431     4.6702     0.0843     0.0843     0.0160     0.0192      16597    11.5253     100.00     2.2669     1.9848         12 0.0000e+00
    388.513   77.08988  179.11462    393.000     0.6220     0.6219  29.605865  29.603941    34.8067    34.8042    296.961    291.977    -0.1541     4.6702     0.0829     0.0829     0.0160     0.0188      16625    11.5443     100.00     2.2668     1.9929         14 0.0000e+00
    389.501   77.08988  179.11463    394.000     0.6237     0.6238  29.608238  29.606418    34.8073    34.8047    296.959    292.461    -0.1586     4.6704     0.0831     0.0831     0.0158     0.0186      16652    11.5632     100.00     2.2666     1.9952         15 0.0000e+00
    390.488   77.08988  179.11464    395.000     0.6261     0.6261  29.611697  29.609768    34.8084    34.8059    297.024    294.885    -0.1416     4.6710     0.0841     0.0841     0.0154     0.0193      16679    11.5821     100.00     2.2669     2.0073         15 0.0000e+00
    391.476   77.08988  179.11464    396.000     0.6258     0.6259  29.612347  29.610509    34.8090    34.8066    297.099    295.020    -0.1619     4.6704     0.0841     0.0841     0.0158     0.0185      16706    11.6009     100.00     2.2672     2.0078         17 0.0000e+00
    392.464   77.08988  179.11466    397.000     0.6251     0.6251  29.612109  29.610183    34.8090    34.8064    297.102    293.907    -0.1472     4.6710     0.0833     0.0833     0.0154     0.0191      16734    11.6198     100.00     2.2669     2.0020         15 0.0000e+00
    393.451   77.08988  179.11466    398.000     0.6226     0.6227  29.610492  29.608546    34.8091    34.8064    297.168    292.272    -0.1691     4.6708     0.0853     0.0853     0.0155     0.0182      16760    11.6384     100.00     2.2669     1.9934         12 0.0000e+00
    394.439   77.08989  179.11467    399.000     0.6199     0.6200  29.608542  29.606750    34.8090    34.8066    297.090    289.978    -0.1672     4.6706     0.0842     0.0842     0.0157     0.0183      16788    11.6575     100.00     2.2661     1.9816         15 0.0000e+00
    395.427   77.08990  179.11468    400.000     0.6166     0.6166  29.606036  29.604141    34.8088    34.8064    297.036    291.777    -0.1650     4.6707     0.0850     0.0850     0.0156     0.0184      16815    11.6763     100.00     2.2654     1.9903         14 0.0000e+00
    396.414   77.08990  179.11468    401.000     0.6116     0.6116  29.602139  29.600232    34.8087    34.8063    297.115    292.748    -0.1459     4.6710     0.0830     0.0830     0.0154     0.0191      16842    11.6953     100.00     2.2653     1.9948         15 0.0000e+00
    397.402   77.08990  179.11469    402.000     0.6086     0.6085  29.599828  29.598011    34.8085    34.8063    297.335    291.943    -0.1717     4.6704     0.0830     0.0830     0.0158     0.0181      16870    11.7142     100.00     2.2663     1.9904         17 0.0000e+00
    398.389   77.08990  179.11470    403.000     0.6057     0.6058  29.597801  29.596014    34.8085    34.8061    297.292    296.290    -0.1734     4.6709     0.0857     0.0857     0.0155     0.0181      16896    11.7329     100.00     2.2656     2.0120         15 0.0000e+00
    399.377   77.08990  179.11470    404.000     0.6006     0.6007  29.593740  29.591921    34.8084    34.8060    297.204    288.173    -0.1756     4.6709     0.0863     0.0863     0.0155     0.0180      16924    11.7520     100.00     2.2646     1.9707         18 0.0000e+00
    400.364   77.08990  179.11470    405.000     0.5964     0.5964  29.590490  29.588575    34.8083    34.8058    297.171    287.764    -0.1657     4.6705     0.0831     0.0831     0.0157     0.0184      16951    11.7707     100.00     2.2640     1.9682         17 0.0000e+00
    401.352   77.08990  179.11472    406.000     0.5961     0.5963  29.590715  29.588998    34.8084    34.8059    297.057    295.590    -0.1588     4.6711     0.0829     0.0829     0.0152     0.0186      16978    11.7896     100.00     2.2631     2.0075         18 0.0000e+00
    402.340   77.08990  179.11472    407.000     0.5957     0.5955  29.590856  29.588837    34.8083    34.8059    297.058    293.895    -0.1435     4.6715     0.0841     0.0841     0.0150     0.0192      17005    11.8084     100.00     2.2628     1.9987         17 0.0000e+00
    403.327   77.08990  179.11473    408.000     0.5908     0.5911  29.587181  29.585533    34.8085    34.8061    297.199    292.421    -0.1484     4.6715     0.0841     0.0841     0.0150     0.0190      17032    11.8272     100.00     2.2632     1.9909         18 0.0000e+00
