Continuous CTD Data/01_SBE Stage/nabos_17_01avg.cnv
* Sea-Bird SBE 9 Data File:
* FileName = D:\CTD\data\HLY2502\raw\NABOS_17_01.hex
* Software Version Seasave V 7.26.7.110
* Temperature SN = 6954
* Conductivity SN = 2561
* Number of Bytes Per Scan = 37
* Number of Voltage Words = 4
* Number of Scans Averaged by the Deck Unit = 1
* NMEA Latitude = 77 28.99 N
* NMEA Longitude = 178 18.03 E
* NMEA UTC (Time) = Sep 17 2025  11:26:45
* NMEA baud rate = 9600
** Ship: USCG HEALY
** Bot. Depth:  1260
** Cast Number:  01
** Station Name:  NABOS
** Station Number:  17
** Operator:  STARC
# nquan = 25
# nvalues = 1214                        
# units = specified
# name 0 = depSM: Depth [salt water, m]
# name 1 = latitude: Latitude [deg]
# name 2 = longitude: Longitude [deg]
# name 3 = prDM: Pressure, Digiquartz [db]
# name 4 = t090C: Temperature [ITS-90, deg C]
# name 5 = t190C: Temperature, 2 [ITS-90, deg C]
# name 6 = c0mS/cm: Conductivity [mS/cm]
# name 7 = c1mS/cm: Conductivity, 2 [mS/cm]
# name 8 = sal00: Salinity, Practical [PSU]
# name 9 = sal11: Salinity, Practical, 2 [PSU]
# name 10 = sbox0Mm/Kg: Oxygen, SBE 43 [umol/kg]
# name 11 = sbox1Mm/Kg: Oxygen, SBE 43, 2 [umol/kg]
# name 12 = flECO-AFL: Fluorescence, WET Labs ECO-AFL/FL [mg/m^3]
# name 13 = v2: Voltage 2
# name 14 = wetCDOM: Fluorescence, WET Labs CDOM [mg/m^3]
# name 15 = v6: Voltage 6
# name 16 = CStarAt0: Beam Attenuation, WET Labs C-Star [1/m]
# name 17 = v3: Voltage 3
# name 18 = scan: Scan Count
# name 19 = timeM: Time, Elapsed [minutes]
# name 20 = altM: Altimeter [m]
# name 21 = sbeox0V: Oxygen raw, SBE 43 [V]
# name 22 = sbeox1V: Oxygen raw, SBE 43, 2 [V]
# name 23 = nbin: number of scans per bin
# name 24 = flag: flag
# span 0 =      2.968,   1199.733       
# span 1 =   77.48349,   77.48671       
# span 2 =  178.30118,  178.30651       
# span 3 =      3.000,   1216.000       
# span 4 =    -1.7129,     0.9176       
# span 5 =    -1.7123,     0.9176       
# span 6 =  23.614876,  29.817650       
# span 7 =  23.614865,  29.815873       
# span 8 =    29.3744,    34.8799       
# span 9 =    29.3726,    34.8777       
# span 10 =    282.723,    373.164      
# span 11 =    266.258,    371.243      
# span 12 =    -0.1863,     0.4863      
# span 13 =     4.6039,     4.6743      
# span 14 =     0.0802,     0.1213      
# span 15 =     0.0802,     0.1213      
# span 16 =     0.0125,     0.0733      
# span 17 =     0.0175,     0.0445      
# span 18 =       3862,      40088      
# span 19 =     2.6812,    27.8380      
# span 20 =      81.99,     100.00      
# span 21 =     1.9729,     2.6190      
# span 22 =     1.7179,     2.2898      
# span 23 =          5,         28      
# span 24 = 0.0000e+00, 0.0000e+00      
# interval = decibars: 1                
# start_time = Sep 17 2025 11:26:45 [NMEA time, header]
# bad_flag = -9.990e-29
*END*
[from data line 638]
    633.294   77.48520  178.30318    641.000     0.1396     0.1396  29.309495  29.307838    34.8160    34.8137    296.009    301.642    -0.1770     4.6738     0.0830     0.0830     0.0130     0.0179      22731    15.7846     100.00     2.1806     1.9723         14 0.0000e+00
    634.280   77.48520  178.30318    642.000     0.1419     0.1418  29.312039  29.310190    34.8161    34.8138    295.977    296.314    -0.1709     4.6731     0.0824     0.0824     0.0135     0.0181      22755    15.8017     100.00     2.1803     1.9466         17 0.0000e+00
    635.267   77.48520  178.30317    643.000     0.1419     0.1419  29.312565  29.310736    34.8162    34.8138    295.930    293.525    -0.1463     4.6736     0.0836     0.0836     0.0131     0.0191      22780    15.8186     100.00     2.1798     1.9329         16 0.0000e+00
    636.253   77.48520  178.30316    644.000     0.1418     0.1418  29.312936  29.311100    34.8162    34.8137    295.949    293.037    -0.1320     4.6730     0.0816     0.0816     0.0136     0.0197      22804    15.8356     100.00     2.1797     1.9304         14 0.0000e+00
    637.240   77.48520  178.30316    645.000     0.1435     0.1437  29.315011  29.313335    34.8164    34.8140    295.852    292.352    -0.1341     4.6733     0.0828     0.0828     0.0134     0.0196      22829    15.8525     100.00     2.1790     1.9270         13 0.0000e+00
    638.226   77.48520  178.30316    646.000     0.1454     0.1454  29.317171  29.315388    34.8165    34.8142    295.851    292.417    -0.1662     4.6729     0.0830     0.0830     0.0137     0.0183      22853    15.8696     100.00     2.1789     1.9272         13 0.0000e+00
    639.213   77.48520  178.30316    647.000     0.1454     0.1454  29.317648  29.315883    34.8166    34.8143    295.816    291.786    -0.1693     4.6729     0.0818     0.0818     0.0137     0.0182      22878    15.8866     100.00     2.1784     1.9240         15 0.0000e+00
    640.199   77.48520  178.30316    648.000     0.1454     0.1455  29.318167  29.316409    34.8167    34.8142    295.744    293.101    -0.1350     4.6734     0.0816     0.0816     0.0134     0.0196      22902    15.9037     100.00     2.1778     1.9301         15 0.0000e+00
    641.186   77.48520  178.30316    649.000     0.1477     0.1478  29.320829  29.319266    34.8170    34.8148    295.565    292.562    -0.1324     4.6720     0.0815     0.0815     0.0145     0.0197      22927    15.9208     100.00     2.1767     1.9274         15 0.0000e+00
    642.172   77.48520  178.30316    650.000     0.1489     0.1489  29.322499  29.320735    34.8172    34.8149    295.515    292.009    -0.1319     4.6737     0.0822     0.0822     0.0130     0.0197      22951    15.9376     100.00     2.1763     1.9246         13 0.0000e+00
    643.158   77.48520  178.30316    651.000     0.1486     0.1487  29.322674  29.320968    34.8172    34.8149    295.657    292.286    -0.1343     4.6730     0.0832     0.0832     0.0136     0.0196      22976    15.9548     100.00     2.1768     1.9258         13 0.0000e+00
    644.145   77.48520  178.30316    652.000     0.1487     0.1487  29.323129  29.321436    34.8171    34.8149    295.771    291.902    -0.1328     4.6735     0.0836     0.0836     0.0132     0.0197      23000    15.9719     100.00     2.1773     1.9237         16 0.0000e+00
    645.131   77.48520  178.30316    653.000     0.1488     0.1488  29.323794  29.322035    34.8173    34.8150    295.803    292.078    -0.1550     4.6733     0.0828     0.0828     0.0134     0.0188      23025    15.9888     100.00     2.1772     1.9244         12 0.0000e+00
    646.118   77.48520  178.30316    654.000     0.1491     0.1490  29.324553  29.322731    34.8174    34.8150    295.848    292.901    -0.1487     4.6728     0.0830     0.0830     0.0138     0.0190      23050    16.0060     100.00     2.1773     1.9282         15 0.0000e+00
    647.104   77.48521  178.30316    655.000     0.1528     0.1528  29.328467  29.326717    34.8178    34.8155    295.828    292.786    -0.1622     4.6730     0.0829     0.0829     0.0137     0.0185      23074    16.0231     100.00     2.1771     1.9276         14 0.0000e+00
    648.090   77.48522  178.30317    656.000     0.1548     0.1548  29.330962  29.329081    34.8182    34.8158    295.871    292.371    -0.1690     4.6729     0.0849     0.0849     0.0137     0.0182      23099    16.0401     100.00     2.1773     1.9255         17 0.0000e+00
    649.077   77.48522  178.30318    657.000     0.1550     0.1550  29.331570  29.329798    34.8181    34.8159    295.870    292.532    -0.1736     4.6734     0.0841     0.0841     0.0133     0.0180      23123    16.0570     100.00     2.1771     1.9261         14 0.0000e+00
    650.063   77.48522  178.30318    658.000     0.1559     0.1559  29.332756  29.331001    34.8181    34.8159    295.685    291.634    -0.1366     4.6729     0.0840     0.0840     0.0137     0.0195      23148    16.0741     100.00     2.1758     1.9217         15 0.0000e+00
    651.050   77.48522  178.30318    659.000     0.1558     0.1559  29.333293  29.331522    34.8183    34.8159    295.639    292.432    -0.1365     4.6734     0.0841     0.0841     0.0133     0.0195      23172    16.0911     100.00     2.1753     1.9253         14 0.0000e+00
    652.036   77.48522  178.30318    660.000     0.1556     0.1558  29.333619  29.331879    34.8184    34.8160    295.739    292.329    -0.1346     4.6736     0.0836     0.0836     0.0131     0.0196      23197    16.1082     100.00     2.1756     1.9246         15 0.0000e+00
    653.022   77.48522  178.30318    661.000     0.1554     0.1555  29.333839  29.332140    34.8184    34.8161    295.775    292.592    -0.1502     4.6734     0.0829     0.0829     0.0133     0.0190      23221    16.1253     100.00     2.1756     1.9257         18 0.0000e+00
    654.009   77.48522  178.30318    662.000     0.1569     0.1568  29.335722  29.333793    34.8186    34.8161    295.751    289.709    -0.1732     4.6736     0.0832     0.0832     0.0131     0.0181      23246    16.1422     100.00     2.1753     1.9117         15 0.0000e+00
    654.995   77.48522  178.30318    663.000     0.1576     0.1575  29.336715  29.335013    34.8186    34.8164    295.589    271.598    -0.1551     4.6738     0.0838     0.0838     0.0130     0.0188      23270    16.1592     100.00     2.1742     1.8245         16 0.0000e+00
    655.981   77.48522  178.30318    664.000     0.1573     0.1573  29.336887  29.335194    34.8186    34.8162    295.558    284.888    -0.1599     4.6738     0.0830     0.0830     0.0130     0.0186      23295    16.1764     100.00     2.1738     1.8882         17 0.0000e+00
    656.968   77.48522  178.30318    665.000     0.1561     0.1561  29.336312  29.334548    34.8186    34.8163    295.571    307.712    -0.1476     4.6739     0.0838     0.0838     0.0129     0.0191      23320    16.1935     100.00     2.1736     1.9977         17 0.0000e+00
    657.954   77.48522  178.30318    666.000     0.1537     0.1537  29.334737  29.332900    34.8186    34.8162    295.638    295.043    -0.1620     4.6740     0.0839     0.0839     0.0128     0.0185      23344    16.2106     100.00     2.1737     1.9365         19 0.0000e+00
    658.941   77.48522  178.30318    667.000     0.1515     0.1514  29.333189  29.331277    34.8185    34.8161    295.676    295.576    -0.1424     4.6735     0.0840     0.0840     0.0132     0.0193      23369    16.2277     100.00     2.1735     1.9388         18 0.0000e+00
    659.927   77.48522  178.30318    668.000     0.1425     0.1423  29.325875  29.324008    34.8185    34.8161    295.785    298.301    -0.1727     4.6736     0.0834     0.0834     0.0132     0.0181      23393    16.2445     100.00     2.1735     1.9513         14 0.0000e+00
    660.913   77.48524  178.30318    669.000     0.1329     0.1327  29.317897  29.316070    34.8182    34.8159    295.858    294.195    -0.1418     4.6737     0.0830     0.0830     0.0130     0.0193      23418    16.2617     100.00     2.1732     1.9310         17 0.0000e+00
    661.900   77.48524  178.30318    670.000     0.1209     0.1209  29.308009  29.306151    34.8181    34.8157    296.127    293.585    -0.1692     4.6739     0.0833     0.0833     0.0129     0.0182      23443    16.2790     100.00     2.1739     1.9274         20 0.0000e+00
    662.885   77.48524  178.30320    671.000     0.1109     0.1108  29.299682  29.297764    34.8178    34.8154    296.195    293.050    -0.1759     4.6737     0.0835     0.0835     0.0131     0.0180      23467    16.2961     100.00     2.1736     1.9242         21 0.0000e+00
    663.872   77.48524  178.30320    672.000     0.1030     0.1030  29.293053  29.291323    34.8174    34.8151    296.195    291.617    -0.1654     4.6738     0.0833     0.0833     0.0130     0.0184      23492    16.3130     100.00     2.1730     1.9168         16 0.0000e+00
    664.858   77.48524  178.30320    673.000     0.0987     0.0984  29.289625  29.287507    34.8172    34.8147    296.213    292.211    -0.1372     4.6736     0.0849     0.0849     0.0131     0.0195      23516    16.3300     100.00     2.1726     1.9193         17 0.0000e+00
    665.845   77.48524  178.30320    674.000     0.0915     0.0915  29.283900  29.282097    34.8172    34.8148    296.255    293.171    -0.1552     4.6739     0.0819     0.0819     0.0129     0.0188      23541    16.3470     100.00     2.1723     1.9234         17 0.0000e+00
    666.831   77.48524  178.30320    675.000     0.0881     0.0881  29.281195  29.279356    34.8169    34.8144    296.247    292.419    -0.1494     4.6736     0.0828     0.0828     0.0131     0.0190      23565    16.3641     100.00     2.1719     1.9195         17 0.0000e+00
    667.817   77.48524  178.30320    676.000     0.0847     0.0845  29.278548  29.276544    34.8166    34.8142    296.353    293.147    -0.1370     4.6740     0.0829     0.0829     0.0128     0.0195      23590    16.3812     100.00     2.1721     1.9226         18 0.0000e+00
    668.803   77.48524  178.30320    677.000     0.0792     0.0790  29.273980  29.271934    34.8162    34.8138    296.431    292.905    -0.1366     4.6731     0.0836     0.0836     0.0136     0.0195      23614    16.3979     100.00     2.1720     1.9211         12 0.0000e+00
    669.790   77.48524  178.30320    678.000     0.0704     0.0705  29.266763  29.265085    34.8161    34.8137    296.559    293.053    -0.1639     4.6732     0.0833     0.0833     0.0135     0.0184      23639    16.4152     100.00     2.1721     1.9212         17 0.0000e+00
    670.776   77.48524  178.30320    679.000     0.0693     0.0693  29.266070  29.264312    34.8159    34.8135    296.564    293.272    -0.1749     4.6734     0.0824     0.0824     0.0133     0.0180      23663    16.4322     100.00     2.1719     1.9220         15 0.0000e+00
    671.762   77.48524  178.30320    680.000     0.0692     0.0692  29.266310  29.264596    34.8157    34.8134    296.633    293.662    -0.1729     4.6734     0.0827     0.0827     0.0133     0.0181      23688    16.4493     100.00     2.1720     1.9237         16 0.0000e+00
    672.749   77.48524  178.30322    681.000     0.0694     0.0696  29.266987  29.265249    34.8157    34.8132    296.670    292.820    -0.1344     4.6730     0.0833     0.0833     0.0136     0.0196      23713    16.4663     100.00     2.1720     1.9195         15 0.0000e+00
    673.735   77.48524  178.30322    682.000     0.0703     0.0703  29.268203  29.266384    34.8158    34.8134    296.695    292.029    -0.1390     4.6734     0.0816     0.0816     0.0133     0.0194      23737    16.4833     100.00     2.1720     1.9156         13 0.0000e+00
    674.721   77.48524  178.30322    683.000     0.0704     0.0705  29.268698  29.266918    34.8157    34.8133    296.616    292.723    -0.1709     4.6738     0.0831     0.0831     0.0129     0.0182      23762    16.5006     100.00     2.1713     1.9187         14 0.0000e+00
    675.708   77.48524  178.30322    684.000     0.0706     0.0706  29.269150  29.267389    34.8155    34.8131    296.428    292.471    -0.1567     4.6735     0.0839     0.0839     0.0132     0.0187      23786    16.5177     100.00     2.1700     1.9173         14 0.0000e+00
    676.694   77.48525  178.30322    685.000     0.0710     0.0711  29.269971  29.268272    34.8155    34.8132    296.285    293.181    -0.1340     4.6736     0.0829     0.0829     0.0131     0.0196      23811    16.5348     100.00     2.1690     1.9206         16 0.0000e+00
    677.680   77.48526  178.30322    686.000     0.0710     0.0710  29.270329  29.268499    34.8155    34.8131    296.278    292.679    -0.1504     4.6737     0.0840     0.0840     0.0130     0.0190      23836    16.5519     100.00     2.1688     1.9180         14 0.0000e+00
    678.666   77.48526  178.30323    687.000     0.0710     0.0711  29.270800  29.269037    34.8154    34.8131    296.182    290.095    -0.1450     4.6738     0.0855     0.0855     0.0129     0.0192      23860    16.5689     100.00     2.1680     1.9054         15 0.0000e+00
    679.652   77.48526  178.30324    688.000     0.0712     0.0712  29.271399  29.269583    34.8154    34.8131    296.212    283.915    -0.1368     4.6737     0.0840     0.0840     0.0131     0.0195      23885    16.5860     100.00     2.1680     1.8757         15 0.0000e+00
    680.639   77.48526  178.30324    689.000     0.0711     0.0712  29.271740  29.270000    34.8154    34.8130    296.180    302.046    -0.1366     4.6729     0.0834     0.0834     0.0137     0.0195      23909    16.6030     100.00     2.1676     1.9622         14 0.0000e+00
    681.625   77.48526  178.30324    690.000     0.0711     0.0711  29.272141  29.270410    34.8154    34.8131    296.239    295.586    -0.1366     4.6740     0.0839     0.0839     0.0128     0.0195      23934    16.6199     100.00     2.1677     1.9311         14 0.0000e+00
    682.611   77.48526  178.30324    691.000     0.0712     0.0713  29.272693  29.270844    34.8154    34.8129    296.195    293.265    -0.1687     4.6737     0.0839     0.0839     0.0130     0.0182      23958    16.6371     100.00     2.1672     1.9199         14 0.0000e+00
    683.597   77.48526  178.30324    692.000     0.0716     0.0716  29.273404  29.271635    34.8153    34.8130    296.212    292.562    -0.1379     4.6732     0.0838     0.0838     0.0135     0.0194      23983    16.6543     100.00     2.1671     1.9164         16 0.0000e+00
    684.584   77.48526  178.30324    693.000     0.0712     0.0709  29.273544  29.271509    34.8153    34.8129    296.219    292.614    -0.1366     4.6722     0.0830     0.0830     0.0144     0.0195      24007    16.6711     100.00     2.1669     1.9164         12 0.0000e+00
    685.570   77.48526  178.30325    694.000     0.0709     0.0711  29.273660  29.272037    34.8152    34.8129    296.260    288.445    -0.1718     4.6736     0.0829     0.0829     0.0131     0.0181      24032    16.6882     100.00     2.1669     1.8963         14 0.0000e+00
    686.556   77.48526  178.30326    695.000     0.0709     0.0710  29.274059  29.272448    34.8152    34.8130    296.411    267.814    -0.1691     4.6733     0.0829     0.0829     0.0134     0.0182      24057    16.7054     100.00     2.1675     1.7976         15 0.0000e+00
    687.543   77.48526  178.30326    696.000     0.0698     0.0699  29.273616  29.271895    34.8152    34.8129    296.583    312.007    -0.1583     4.6732     0.0838     0.0838     0.0134     0.0186      24081    16.7225     100.00     2.1682     2.0084         14 0.0000e+00
    688.528   77.48526  178.30326    697.000     0.0689     0.0690  29.273248  29.271355    34.8152    34.8126    296.817    299.229    -0.1374     4.6732     0.0824     0.0824     0.0135     0.0195      24106    16.7395     100.00     2.1693     1.9471         13 0.0000e+00
