Continuous CTD Data/01_SBE Stage/nabos_38_01avg.cnv
* Sea-Bird SBE 9 Data File:
* FileName = D:\CTD\data\HLY2502\raw\NABOS_38_01.hex
* Software Version Seasave V 7.26.7.110
* Temperature SN = 6954
* Conductivity SN = 2561
* Number of Bytes Per Scan = 37
* Number of Voltage Words = 4
* Number of Scans Averaged by the Deck Unit = 1
* NMEA Latitude = 78 47.95 N
* NMEA Longitude = 128 08.96 E
* NMEA UTC (Time) = Sep 25 2025  01:51:56
* NMEA baud rate = 9600
** Ship: USCG HEALY
** Bot. Depth:  2881
** Cast Number:  01
** Station Name:  NABOS
** Station Number:  38
** Operator:  STARC
** 1200 target
# nquan = 25
# nvalues = 1214                        
# units = specified
# name 0 = depSM: Depth [salt water, m]
# name 1 = latitude: Latitude [deg]
# name 2 = longitude: Longitude [deg]
# name 3 = prDM: Pressure, Digiquartz [db]
# name 4 = t090C: Temperature [ITS-90, deg C]
# name 5 = t190C: Temperature, 2 [ITS-90, deg C]
# name 6 = c0mS/cm: Conductivity [mS/cm]
# name 7 = c1mS/cm: Conductivity, 2 [mS/cm]
# name 8 = sal00: Salinity, Practical [PSU]
# name 9 = sal11: Salinity, Practical, 2 [PSU]
# name 10 = sbox0Mm/Kg: Oxygen, SBE 43 [umol/kg]
# name 11 = sbox1Mm/Kg: Oxygen, SBE 43, 2 [umol/kg]
# name 12 = flECO-AFL: Fluorescence, WET Labs ECO-AFL/FL [mg/m^3]
# name 13 = v2: Voltage 2
# name 14 = wetCDOM: Fluorescence, WET Labs CDOM [mg/m^3]
# name 15 = v6: Voltage 6
# name 16 = CStarAt0: Beam Attenuation, WET Labs C-Star [1/m]
# name 17 = v3: Voltage 3
# name 18 = scan: Scan Count
# name 19 = timeM: Time, Elapsed [minutes]
# name 20 = altM: Altimeter [m]
# name 21 = sbeox0V: Oxygen raw, SBE 43 [V]
# name 22 = sbeox1V: Oxygen raw, SBE 43, 2 [V]
# name 23 = nbin: number of scans per bin
# name 24 = flag: flag
# span 0 =      3.958,   1200.659       
# span 1 =   78.79920,   78.79974       
# span 2 =  128.14126,  128.14885       
# span 3 =      4.000,   1217.000       
# span 4 =    -1.7924,     1.9728       
# span 5 =    -1.7923,     1.9726       
# span 6 =  23.336060,  30.753456       
# span 7 =  23.335111,  30.751672       
# span 8 =    29.0001,    34.9089       
# span 9 =    28.9987,    34.9067       
# span 10 =    287.676,    378.046      
# span 11 =      9.305,    371.908      
# span 12 =    -0.1800,     0.5830      
# span 13 =     4.4868,     4.6321      
# span 14 =     0.0680,     0.1387      
# span 15 =     0.0680,     0.1387      
# span 16 =     0.0488,     0.1765      
# span 17 =     0.0178,     0.0483      
# span 18 =       1963,      36916      
# span 19 =     1.3628,    25.6351      
# span 20 =      49.39,     100.00      
# span 21 =     1.9954,     2.6645      
# span 22 =     0.5675,     2.3250      
# span 23 =          5,         26      
# span 24 = 0.0000e+00, 0.0000e+00      
# interval = decibars: 1                
# start_time = Sep 25 2025 01:51:56 [NMEA time, header]
# bad_flag = -9.990e-29
*END*
[from data line 696]
    691.453   78.79958  128.14500    700.000    -0.0430    -0.0420  29.203149  29.202301    34.8474    34.8453    296.532    293.380    -0.1366     4.6273     0.0849     0.0849     0.0529     0.0195      22419    15.5679     100.00     2.1619     1.9144         14 0.0000e+00
    692.439   78.79958  128.14499    701.000    -0.0406    -0.0412  29.205429  29.203223    34.8472    34.8449    296.560    292.505    -0.1342     4.6275     0.0848     0.0848     0.0528     0.0196      22442    15.5839     100.00     2.1619     1.9101         13 0.0000e+00
    693.425   78.79958  128.14498    702.000    -0.0397    -0.0400  29.206567  29.204471    34.8471    34.8446    296.734    292.853    -0.1427     4.6275     0.0828     0.0828     0.0528     0.0193      22465    15.5999     100.00     2.1627     1.9117         15 0.0000e+00
    694.412   78.79958  128.14498    703.000    -0.0399    -0.0403  29.206701  29.204547    34.8469    34.8445    296.738    293.868    -0.1513     4.6276     0.0834     0.0834     0.0527     0.0189      22489    15.6170     100.00     2.1625     1.9163         12 0.0000e+00
    695.398   78.79958  128.14497    704.000    -0.0369    -0.0360  29.209864  29.208943    34.8471    34.8448    296.825    294.573    -0.1255     4.6282     0.0838     0.0838     0.0522     0.0200      22517    15.6359     100.00     2.1630     1.9196         14 0.0000e+00
    696.384   78.79958  128.14496    705.000    -0.0312    -0.0314  29.215193  29.213278    34.8471    34.8448    296.679    294.498    -0.1305     4.6281     0.0828     0.0828     0.0523     0.0198      22544    15.6548     100.00     2.1622     1.9193         15 0.0000e+00
    697.370   78.79957  128.14496    706.000    -0.0286    -0.0287  29.218026  29.216327    34.8473    34.8451    296.812    293.456    -0.1305     4.6276     0.0826     0.0826     0.0527     0.0198      22569    15.6722     100.00     2.1629     1.9143         15 0.0000e+00
    698.356   78.79956  128.14495    707.000    -0.0262    -0.0263  29.220694  29.218966    34.8475    34.8453    296.801    293.314    -0.1305     4.6277     0.0833     0.0833     0.0526     0.0198      22592    15.6884     100.00     2.1627     1.9135         15 0.0000e+00
    699.342   78.79956  128.14494    708.000    -0.0249    -0.0247  29.222319  29.220822    34.8476    34.8454    296.890    294.677    -0.1770     4.6275     0.0836     0.0836     0.0528     0.0179      22616    15.7047     100.00     2.1631     1.9199         13 0.0000e+00
    700.328   78.79956  128.14494    709.000    -0.0190    -0.0192  29.228450  29.226611    34.8485    34.8463    297.016    293.570    -0.1728     4.6276     0.0836     0.0836     0.0527     0.0181      22641    15.7222     100.00     2.1638     1.9147         16 0.0000e+00
    701.314   78.79956  128.14492    710.000    -0.0135    -0.0137  29.233972  29.232029    34.8489    34.8466    297.027    291.966    -0.1715     4.6281     0.0837     0.0837     0.0523     0.0181      22667    15.7405     100.00     2.1640     1.9071         14 0.0000e+00
    702.301   78.79956  128.14492    711.000    -0.0124    -0.0123  29.235487  29.233800    34.8491    34.8468    297.025    294.202    -0.1516     4.6275     0.0837     0.0837     0.0528     0.0189      22693    15.7585     100.00     2.1638     1.9176         17 0.0000e+00
    703.286   78.79956  128.14492    712.000    -0.0124    -0.0124  29.235886  29.234085    34.8490    34.8467    297.013    293.566    -0.1283     4.6275     0.0836     0.0836     0.0528     0.0199      22717    15.7753     100.00     2.1635     1.9144         16 0.0000e+00
    704.272   78.79956  128.14490    713.000    -0.0117    -0.0116  29.237092  29.235550    34.8492    34.8471    296.873    292.417    -0.1320     4.6273     0.0857     0.0857     0.0530     0.0197      22741    15.7919     100.00     2.1625     1.9088         14 0.0000e+00
    705.258   78.79956  128.14490    714.000    -0.0101    -0.0104  29.238837  29.236922    34.8491    34.8470    296.756    293.622    -0.1313     4.6275     0.0840     0.0840     0.0528     0.0197      22767    15.8096     100.00     2.1618     1.9144         17 0.0000e+00
    706.245   78.79956  128.14490    715.000    -0.0122    -0.0121  29.237528  29.235980    34.8493    34.8470    296.762    294.002    -0.1621     4.6275     0.0847     0.0847     0.0528     0.0185      22793    15.8280     100.00     2.1615     1.9159         16 0.0000e+00
    707.231   78.79956  128.14488    716.000    -0.0061    -0.0061  29.243562  29.242057    34.8497    34.8477    296.776    293.578    -0.1390     4.6275     0.0833     0.0833     0.0528     0.0194      22819    15.8461     100.00     2.1616     1.9139         15 0.0000e+00
    708.217   78.79956  128.14488    717.000    -0.0047    -0.0044  29.245231  29.243906    34.8497    34.8476    296.728    293.877    -0.1627     4.6270     0.0839     0.0839     0.0533     0.0185      22844    15.8631     100.00     2.1612     1.9152         16 0.0000e+00
    709.203   78.79956  128.14488    718.000    -0.0032    -0.0032  29.247236  29.245588    34.8500    34.8479    296.687    293.676    -0.1318     4.6276     0.0840     0.0840     0.0527     0.0197      22867    15.8795     100.00     2.1608     1.9142         18 0.0000e+00
    710.189   78.79956  128.14486    719.000     0.0014     0.0014  29.251849  29.250279    34.8504    34.8483    296.626    293.544    -0.1315     4.6271     0.0838     0.0838     0.0532     0.0197      22892    15.8964     100.00     2.1605     1.9136         18 0.0000e+00
    711.175   78.79956  128.14486    720.000     0.0032     0.0033  29.254146  29.252480    34.8508    34.8485    296.500    293.306    -0.1335     4.6270     0.0842     0.0842     0.0533     0.0196      22918    15.9146     100.00     2.1597     1.9123         19 0.0000e+00
    712.161   78.79956  128.14485    721.000     0.0045     0.0043  29.255677  29.253922    34.8508    34.8486    296.413    293.814    -0.1548     4.6271     0.0846     0.0846     0.0532     0.0188      22945    15.9333     100.00     2.1590     1.9146         14 0.0000e+00
    713.147   78.79956  128.14484    722.000     0.0048     0.0048  29.256344  29.254670    34.8507    34.8486    296.390    293.203    -0.1416     4.6269     0.0838     0.0838     0.0533     0.0193      22971    15.9511     100.00     2.1587     1.9115         19 0.0000e+00
    714.133   78.79956  128.14484    723.000     0.0047     0.0046  29.256848  29.255082    34.8509    34.8487    296.282    293.044    -0.1325     4.6277     0.0837     0.0837     0.0526     0.0197      22993    15.9670     100.00     2.1578     1.9105         16 0.0000e+00
    715.119   78.79956  128.14483    724.000     0.0046     0.0047  29.257227  29.255544    34.8509    34.8487    296.260    292.686    -0.1296     4.6275     0.0837     0.0837     0.0528     0.0198      23017    15.9833     100.00     2.1575     1.9087         21 0.0000e+00
    716.105   78.79956  128.14482    725.000     0.0040     0.0039  29.257092  29.255403    34.8508    34.8487    296.318    292.936    -0.1290     4.6277     0.0837     0.0837     0.0526     0.0198      23042    16.0007     100.00     2.1576     1.9097         16 0.0000e+00
    717.091   78.79956  128.14482    726.000     0.0041     0.0040  29.257802  29.256002    34.8511    34.8488    296.397    293.210    -0.1626     4.6268     0.0830     0.0830     0.0534     0.0185      23070    16.0202     100.00     2.1578     1.9108         23 0.0000e+00
    718.077   78.79956  128.14481    727.000     0.0027     0.0022  29.257140  29.254918    34.8512    34.8488    296.490    293.045    -0.1340     4.6276     0.0848     0.0848     0.0527     0.0196      23097    16.0387     100.00     2.1581     1.9098         17 0.0000e+00
    719.063   78.79956  128.14480    728.000     0.0006     0.0001  29.255568  29.253333    34.8509    34.8485    296.551    292.369    -0.1736     4.6276     0.0839     0.0839     0.0527     0.0180      23121    16.0552     100.00     2.1581     1.9063         19 0.0000e+00
    720.049   78.79956  128.14480    729.000    -0.0067    -0.0050  29.249570  29.249421    34.8506    34.8486    296.537    293.043    -0.1707     4.6275     0.0845     0.0845     0.0528     0.0182      23143    16.0711     100.00     2.1574     1.9091         17 0.0000e+00
    721.035   78.79956  128.14479    730.000    -0.0190    -0.0185  29.238955  29.237662    34.8500    34.8478    296.547    292.690    -0.1516     4.6268     0.0842     0.0842     0.0534     0.0189      23168    16.0878     100.00     2.1566     1.9067         20 0.0000e+00
    722.021   78.79956  128.14478    731.000    -0.0316    -0.0317  29.229124  29.227278    34.8507    34.8483    296.407    293.172    -0.1313     4.6275     0.0842     0.0842     0.0528     0.0197      23194    16.1061     100.00     2.1550     1.9082         18 0.0000e+00
    723.007   78.79956  128.14478    732.000    -0.0404    -0.0407  29.221243  29.219196    34.8497    34.8473    296.362    290.908    -0.1309     4.6273     0.0845     0.0845     0.0530     0.0197      23221    16.1249     100.00     2.1541     1.8969         16 0.0000e+00
    723.993   78.79956  128.14478    733.000    -0.0669    -0.0669  29.198439  29.196524    34.8489    34.8464    296.476    295.194    -0.1330     4.6275     0.0836     0.0836     0.0528     0.0197      23246    16.1422     100.00     2.1532     1.9160         17 0.0000e+00
    724.979   78.79956  128.14476    734.000    -0.0732    -0.0733  29.193422  29.191576    34.8488    34.8465    296.488    294.280    -0.1318     4.6274     0.0838     0.0838     0.0529     0.0197      23270    16.1590     100.00     2.1528     1.9112         19 0.0000e+00
    725.965   78.79956  128.14476    735.000    -0.0758    -0.0758  29.191355  29.189433    34.8484    34.8459    296.589    292.784    -0.1331     4.6271     0.0839     0.0839     0.0532     0.0196      23294    16.1759     100.00     2.1530     1.9038         17 0.0000e+00
    726.951   78.79956  128.14474    736.000    -0.0804    -0.0805  29.187609  29.185869    34.8482    34.8459    296.667    293.875    -0.1330     4.6275     0.0824     0.0824     0.0528     0.0197      23320    16.1938     100.00     2.1529     1.9086         17 0.0000e+00
    727.937   78.79956  128.14474    737.000    -0.0803    -0.0803  29.188323  29.186562    34.8483    34.8461    296.709    293.158    -0.1408     4.6267     0.0837     0.0837     0.0535     0.0193      23346    16.2116     100.00     2.1530     1.9050         15 0.0000e+00
    728.923   78.79956  128.14474    738.000    -0.0754    -0.0757  29.193163  29.191225    34.8487    34.8464    296.822    293.825    -0.1590     4.6269     0.0858     0.0858     0.0533     0.0186      23370    16.2284     100.00     2.1536     1.9082         14 0.0000e+00
    729.909   78.79956  128.14474    739.000    -0.0729    -0.0729  29.195903  29.194172    34.8489    34.8465    296.924    292.766    -0.1305     4.6278     0.0861     0.0861     0.0525     0.0198      23394    16.2452     100.00     2.1541     1.9031         19 0.0000e+00
    730.895   78.79956  128.14472    740.000    -0.0722    -0.0724  29.196757  29.194957    34.8487    34.8465    296.905    291.266    -0.1528     4.6276     0.0851     0.0851     0.0527     0.0189      23419    16.2625     100.00     2.1538     1.8959         15 0.0000e+00
    731.881   78.79956  128.14472    741.000    -0.0713    -0.0715  29.198273  29.196282    34.8490    34.8467    296.928    292.827    -0.1440     4.6281     0.0850     0.0850     0.0522     0.0192      23447    16.2817     100.00     2.1538     1.9031         17 0.0000e+00
    732.867   78.79956  128.14471    742.000    -0.0659    -0.0659  29.203704  29.202054    34.8495    34.8473    296.796    292.851    -0.1240     4.6276     0.0841     0.0841     0.0527     0.0200      23474    16.3004     100.00     2.1531     1.9033         18 0.0000e+00
    733.853   78.79956  128.14470    743.000    -0.0615    -0.0615  29.208157  29.206453    34.8498    34.8475    296.782    292.945    -0.1305     4.6274     0.0836     0.0836     0.0528     0.0198      23497    16.3170     100.00     2.1530     1.9037         15 0.0000e+00
    734.838   78.79956  128.14470    744.000    -0.0565    -0.0567  29.213419  29.211537    34.8505    34.8483    296.839    293.178    -0.1322     4.6272     0.0832     0.0832     0.0531     0.0197      23520    16.3324     100.00     2.1533     1.9048         14 0.0000e+00
    735.824   78.79956  128.14469    745.000    -0.0535    -0.0534  29.216609  29.214954    34.8508    34.8484    296.850    293.344    -0.1670     4.6270     0.0831     0.0831     0.0533     0.0183      23543    16.3485     100.00     2.1533     1.9056         17 0.0000e+00
    736.810   78.79956  128.14468    746.000    -0.0529    -0.0530  29.217640  29.215886    34.8508    34.8486    296.827    292.493    -0.1671     4.6272     0.0837     0.0837     0.0531     0.0183      23569    16.3667     100.00     2.1531     1.9014         14 0.0000e+00
    737.796   78.79956  128.14468    747.000    -0.0525    -0.0525  29.218355  29.216663    34.8508    34.8485    296.877    292.984    -0.1258     4.6269     0.0841     0.0841     0.0533     0.0200      23599    16.3872     100.00     2.1531     1.9036         15 0.0000e+00
    738.782   78.79956  128.14468    748.000    -0.0502    -0.0503  29.221066  29.219310    34.8511    34.8489    296.834    294.114    -0.1306     4.6273     0.0847     0.0847     0.0530     0.0198      23626    16.4060     100.00     2.1528     1.9088         15 0.0000e+00
    739.768   78.79956  128.14467    749.000    -0.0492    -0.0493  29.222419  29.220634    34.8512    34.8490    296.757    293.002    -0.1562     4.6272     0.0835     0.0835     0.0531     0.0187      23649    16.4220     100.00     2.1522     1.9034         14 0.0000e+00
    740.754   78.79956  128.14466    750.000    -0.0493    -0.0493  29.222739  29.220900    34.8512    34.8488    296.658    293.901    -0.1446     4.6273     0.0837     0.0837     0.0530     0.0192      23670    16.4371     100.00     2.1514     1.9075         15 0.0000e+00
    741.740   78.79956  128.14466    751.000    -0.0533    -0.0534  29.219557  29.217827    34.8510    34.8488    296.763    293.404    -0.1325     4.6267     0.0839     0.0839     0.0536     0.0197      23693    16.4526     100.00     2.1516     1.9048         14 0.0000e+00
    742.726   78.79956  128.14465    752.000    -0.0593    -0.0596  29.214587  29.212658    34.8505    34.8484    296.872    292.867    -0.1319     4.6269     0.0837     0.0837     0.0533     0.0197      23718    16.4703     100.00     2.1517     1.9018         13 0.0000e+00
    743.712   78.79956  128.14464    753.000    -0.0720    -0.0723  29.204074  29.201949    34.8504    34.8480    296.888    292.605    -0.1347     4.6269     0.0838     0.0838     0.0534     0.0196      23747    16.4905     100.00     2.1509     1.8999         16 0.0000e+00
    744.697   78.79956  128.14464    754.000    -0.0826    -0.0828  29.195195  29.193211    34.8501    34.8478    296.834    294.256    -0.1414     4.6236     0.0839     0.0839     0.0562     0.0193      23775    16.5098     100.00     2.1498     1.9071         13 0.0000e+00
    745.684   78.79956  128.14462    755.000    -0.0881    -0.0879  29.190772  29.189077    34.8499    34.8474    296.857    294.026    -0.1691     4.6254     0.0830     0.0830     0.0546     0.0182      23800    16.5270     100.00     2.1495     1.9055         12 0.0000e+00
    746.669   78.79956  128.14462    756.000    -0.0928    -0.0926  29.186812  29.185068    34.8494    34.8469    296.904    293.462    -0.1580     4.6260     0.0831     0.0831     0.0541     0.0187      23822    16.5427     100.00     2.1493     1.9025         14 0.0000e+00
