Continuous CTD Data/01_SBE Stage/nabos_36_01avg.cnv
* Sea-Bird SBE 9 Data File:
* FileName = D:\CTD\data\HLY2502\raw\NABOS_36_01.hex
* Software Version Seasave V 7.26.7.110
* Temperature SN = 6954
* Conductivity SN = 2561
* Number of Bytes Per Scan = 37
* Number of Voltage Words = 4
* Number of Scans Averaged by the Deck Unit = 1
* NMEA Latitude = 79 18.82 N
* NMEA Longitude = 132 49.52 E
* NMEA UTC (Time) = Sep 24 2025  16:01:06
* NMEA baud rate = 9600
** Ship: USCG HEALY
** Bot. Depth:  3158
** Cast Number:  01
** Station Name:  NABOS
** Station Number:  36
** Operator:  STARC
# nquan = 25
# nvalues = 1214                        
# units = specified
# name 0 = depSM: Depth [salt water, m]
# name 1 = latitude: Latitude [deg]
# name 2 = longitude: Longitude [deg]
# name 3 = prDM: Pressure, Digiquartz [db]
# name 4 = t090C: Temperature [ITS-90, deg C]
# name 5 = t190C: Temperature, 2 [ITS-90, deg C]
# name 6 = c0mS/cm: Conductivity [mS/cm]
# name 7 = c1mS/cm: Conductivity, 2 [mS/cm]
# name 8 = sal00: Salinity, Practical [PSU]
# name 9 = sal11: Salinity, Practical, 2 [PSU]
# name 10 = sbox0Mm/Kg: Oxygen, SBE 43 [umol/kg]
# name 11 = sbox1Mm/Kg: Oxygen, SBE 43, 2 [umol/kg]
# name 12 = flECO-AFL: Fluorescence, WET Labs ECO-AFL/FL [mg/m^3]
# name 13 = v2: Voltage 2
# name 14 = wetCDOM: Fluorescence, WET Labs CDOM [mg/m^3]
# name 15 = v6: Voltage 6
# name 16 = CStarAt0: Beam Attenuation, WET Labs C-Star [1/m]
# name 17 = v3: Voltage 3
# name 18 = scan: Scan Count
# name 19 = timeM: Time, Elapsed [minutes]
# name 20 = altM: Altimeter [m]
# name 21 = sbeox0V: Oxygen raw, SBE 43 [V]
# name 22 = sbeox1V: Oxygen raw, SBE 43, 2 [V]
# name 23 = nbin: number of scans per bin
# name 24 = flag: flag
# span 0 =      3.958,   1200.637       
# span 1 =   79.31374,   79.31722       
# span 2 =  132.81580,  132.82358       
# span 3 =      4.000,   1217.000       
# span 4 =    -1.8216,     1.8330       
# span 5 =    -1.8201,     1.8325       
# span 6 =  23.112139,  30.612249       
# span 7 =  23.111232,  30.610442       
# span 8 =    28.6412,    34.9072       
# span 9 =    28.6388,    34.9051       
# span 10 =    288.999,    379.165      
# span 11 =    257.382,    374.381      
# span 12 =    -0.1799,     0.4338      
# span 13 =     4.3793,     4.6311      
# span 14 =     0.0685,     0.1316      
# span 15 =     0.0685,     0.1316      
# span 16 =     0.0498,     0.2736      
# span 17 =     0.0178,     0.0423      
# span 18 =       2738,      39368      
# span 19 =     1.9007,    27.3379      
# span 20 =     100.00,     100.00      
# span 21 =     2.0051,     2.6844      
# span 22 =     1.7812,     2.3469      
# span 23 =         10,         29      
# span 24 = 0.0000e+00, 0.0000e+00      
# interval = decibars: 1                
# start_time = Sep 24 2025 16:01:06 [NMEA time, header]
# bad_flag = -9.990e-29
*END*
[from data line 696]
    691.441   79.31570  132.81756    700.000    -0.0351    -0.0355  29.203970  29.201782    34.8396    34.8372    298.625    294.486    -0.1344     4.6259     0.0855     0.0855     0.0542     0.0196      25155    17.4678     100.00     2.1740     1.9199         14 0.0000e+00
    692.427   79.31570  132.81756    701.000    -0.0369    -0.0369  29.202616  29.200835    34.8393    34.8369    298.728    294.646    -0.1365     4.6255     0.0855     0.0855     0.0545     0.0195      25181    17.4864     100.00     2.1742     1.9204         12 0.0000e+00
    693.413   79.31570  132.81756    702.000    -0.0368    -0.0369  29.202976  29.201250    34.8390    34.8369    298.883    294.860    -0.1537     4.6253     0.0776     0.0776     0.0547     0.0188      25208    17.5051     100.00     2.1749     1.9212         13 0.0000e+00
    694.399   79.31570  132.81756    703.000    -0.0360    -0.0360  29.204073  29.202288    34.8390    34.8367    298.899    294.694    -0.1492     4.6252     0.0771     0.0771     0.0548     0.0190      25236    17.5243     100.00     2.1748     1.9203         17 0.0000e+00
    695.385   79.31570  132.81756    704.000    -0.0340    -0.0336  29.206408  29.204895    34.8392    34.8368    298.824    294.521    -0.1354     4.6254     0.0897     0.0897     0.0547     0.0196      25264    17.5440     100.00     2.1743     1.9194         15 0.0000e+00
    696.372   79.31571  132.81755    705.000    -0.0321    -0.0321  29.208513  29.206655    34.8392    34.8368    298.800    294.799    -0.1462     4.6254     0.0906     0.0906     0.0546     0.0191      25292    17.5635     100.00     2.1740     1.9206         15 0.0000e+00
    697.358   79.31572  132.81754    706.000    -0.0314    -0.0316  29.209349  29.207617    34.8390    34.8370    298.616    294.816    -0.1536     4.6253     0.0928     0.0928     0.0547     0.0188      25321    17.5830     100.00     2.1728     1.9205         16 0.0000e+00
    698.344   79.31572  132.81754    707.000    -0.0299    -0.0303  29.211306  29.209171    34.8393    34.8370    298.355    294.729    -0.1593     4.6255     0.0924     0.0924     0.0546     0.0186      25348    17.6021     100.00     2.1712     1.9200         12 0.0000e+00
    699.330   79.31572  132.81754    708.000    -0.0276    -0.0277  29.213857  29.212300    34.8395    34.8375    298.160    294.869    -0.1668     4.6252     0.0906     0.0906     0.0548     0.0183      25376    17.6218     100.00     2.1700     1.9206         15 0.0000e+00
    700.316   79.31572  132.81754    709.000    -0.0227    -0.0228  29.218836  29.217207    34.8400    34.8379    298.079    294.948    -0.1322     4.6252     0.0916     0.0916     0.0548     0.0197      25404    17.6408     100.00     2.1695     1.9210         13 0.0000e+00
    701.302   79.31572  132.81754    710.000    -0.0201    -0.0198  29.221864  29.220355    34.8404    34.8381    298.113    295.103    -0.1496     4.6256     0.0917     0.0917     0.0545     0.0190      25431    17.6594     100.00     2.1696     1.9216         17 0.0000e+00
    702.288   79.31573  132.81753    711.000    -0.0148    -0.0146  29.227284  29.225880    34.8410    34.8389    298.143    295.354    -0.1500     4.6251     0.0926     0.0926     0.0549     0.0190      25458    17.6782     100.00     2.1698     1.9229         16 0.0000e+00
    703.274   79.31574  132.81752    712.000    -0.0075    -0.0074  29.234490  29.232875    34.8417    34.8394    298.170    294.634    -0.1352     4.6247     0.0916     0.0916     0.0552     0.0196      25486    17.6978     100.00     2.1701     1.9196         17 0.0000e+00
    704.260   79.31574  132.81752    713.000     0.0001     0.0003  29.242080  29.240730    34.8425    34.8404    298.269    294.468    -0.1328     4.6256     0.0918     0.0918     0.0545     0.0197      25515    17.7178     100.00     2.1709     1.9189         16 0.0000e+00
    705.246   79.31574  132.81752    714.000     0.0062     0.0066  29.248406  29.247277    34.8433    34.8413    298.225    294.388    -0.1347     4.6252     0.0925     0.0925     0.0548     0.0196      25542    17.7371     100.00     2.1707     1.9186         16 0.0000e+00
    706.232   79.31574  132.81752    715.000     0.0081     0.0081  29.250769  29.249069    34.8437    34.8415    298.185    294.146    -0.1349     4.6252     0.0913     0.0913     0.0548     0.0196      25569    17.7553     100.00     2.1704     1.9174         18 0.0000e+00
    707.218   79.31574  132.81752    716.000     0.0081     0.0081  29.251270  29.249595    34.8438    34.8416    298.177    294.527    -0.1348     4.6253     0.0889     0.0889     0.0547     0.0196      25594    17.7732     100.00     2.1701     1.9190         17 0.0000e+00
    708.204   79.31575  132.81750    717.000     0.0081     0.0082  29.251713  29.250189    34.8438    34.8417    298.036    294.336    -0.1586     4.6253     0.0806     0.0806     0.0548     0.0186      25624    17.7937     100.00     2.1691     1.9179         19 0.0000e+00
    709.190   79.31576  132.81750    718.000     0.0082     0.0082  29.252337  29.250689    34.8439    34.8417    298.024    294.204    -0.1337     4.6256     0.0879     0.0879     0.0545     0.0196      25654    17.8148     100.00     2.1688     1.9171         16 0.0000e+00
    710.176   79.31576  132.81750    719.000     0.0082     0.0082  29.252864  29.251171    34.8440    34.8418    297.890    294.221    -0.1520     4.6256     0.0813     0.0813     0.0544     0.0189      25682    17.8341     100.00     2.1678     1.9170         20 0.0000e+00
    711.162   79.31576  132.81750    720.000     0.0082     0.0082  29.253347  29.251746    34.8441    34.8420    297.900    294.240    -0.1798     4.6255     0.0804     0.0804     0.0546     0.0178      25708    17.8522     100.00     2.1677     1.9169         16 0.0000e+00
    712.148   79.31576  132.81750    721.000     0.0084     0.0083  29.253882  29.252181    34.8441    34.8419    298.020    294.488    -0.1452     4.6258     0.0863     0.0863     0.0543     0.0192      25734    17.8705     100.00     2.1681     1.9179         18 0.0000e+00
    713.134   79.31576  132.81748    722.000     0.0082     0.0083  29.254077  29.252495    34.8439    34.8417    297.990    294.352    -0.1730     4.6253     0.0798     0.0798     0.0547     0.0181      25763    17.8901     100.00     2.1677     1.9171         21 0.0000e+00
    714.120   79.31578  132.81748    723.000    -0.0059    -0.0071  29.241684  29.238961    34.8429    34.8407    298.062    294.101    -0.1567     4.6263     0.0853     0.0853     0.0539     0.0187      25792    17.9105     100.00     2.1672     1.9150         19 0.0000e+00
    715.106   79.31578  132.81748    724.000    -0.0234    -0.0238  29.226752  29.224809    34.8423    34.8403    298.145    294.171    -0.1358     4.6260     0.0906     0.0906     0.0541     0.0195      25821    17.9303     100.00     2.1666     1.9145         16 0.0000e+00
    716.092   79.31578  132.81748    725.000    -0.0330    -0.0332  29.218769  29.216988    34.8421    34.8400    298.102    294.479    -0.1652     4.6252     0.0911     0.0911     0.0548     0.0184      25848    17.9490     100.00     2.1657     1.9153         18 0.0000e+00
    717.078   79.31578  132.81747    726.000    -0.0308    -0.0306  29.221123  29.219518    34.8422    34.8399    298.050    294.494    -0.1391     4.6251     0.0907     0.0907     0.0549     0.0194      25873    17.9667     100.00     2.1653     1.9153         18 0.0000e+00
    718.064   79.31578  132.81746    727.000    -0.0278    -0.0279  29.224173  29.222450    34.8422    34.8400    298.147    294.241    -0.1351     4.6253     0.0919     0.0919     0.0548     0.0196      25900    17.9854     100.00     2.1657     1.9141         21 0.0000e+00
    719.050   79.31580  132.81746    728.000    -0.0273    -0.0273  29.225034  29.223458    34.8422    34.8401    298.336    294.218    -0.1366     4.6253     0.0927     0.0927     0.0547     0.0195      25929    18.0056     100.00     2.1666     1.9138         17 0.0000e+00
    720.036   79.31580  132.81746    729.000    -0.0264    -0.0265  29.226287  29.224602    34.8422    34.8401    298.443    294.510    -0.1329     4.6258     0.0924     0.0924     0.0543     0.0197      25958    18.0260     100.00     2.1670     1.9151         18 0.0000e+00
    721.022   79.31580  132.81746    730.000    -0.0266    -0.0268  29.226584  29.224618    34.8422    34.8399    298.447    294.554    -0.1330     4.6256     0.0910     0.0910     0.0545     0.0197      25986    18.0454     100.00     2.1668     1.9151         17 0.0000e+00
    722.008   79.31580  132.81745    731.000    -0.0280    -0.0288  29.225583  29.223276    34.8420    34.8398    298.341    294.758    -0.1701     4.6253     0.0863     0.0863     0.0548     0.0182      26014    18.0647     100.00     2.1659     1.9158         16 0.0000e+00
    722.994   79.31580  132.81744    732.000    -0.0363    -0.0362  29.218459  29.216677    34.8413    34.8389    298.328    294.495    -0.1352     4.6251     0.0816     0.0816     0.0549     0.0196      26041    18.0831     100.00     2.1652     1.9140         21 0.0000e+00
    723.980   79.31580  132.81744    733.000    -0.0556    -0.0559  29.201740  29.199921    34.8405    34.8385    298.386    294.688    -0.1522     4.6253     0.0863     0.0863     0.0547     0.0189      26068    18.1018     100.00     2.1643     1.9140         19 0.0000e+00
    724.966   79.31582  132.81744    734.000    -0.0737    -0.0747  29.186160  29.183502    34.8399    34.8374    298.455    294.968    -0.1440     4.6255     0.0878     0.0878     0.0546     0.0192      26097    18.1224     100.00     2.1636     1.9143         21 0.0000e+00
    725.952   79.31582  132.81744    735.000    -0.0897    -0.0898  29.172097  29.170195    34.8387    34.8364    298.546    294.860    -0.1420     4.6242     0.0899     0.0899     0.0556     0.0193      26128    18.1435     100.00     2.1631     1.9130         17 0.0000e+00
    726.938   79.31582  132.81744    736.000    -0.1256    -0.1272  29.140553  29.137522    34.8371    34.8349    298.745    294.593    -0.1696     4.6244     0.0916     0.0916     0.0555     0.0182      26155    18.1626     100.00     2.1622     1.9100         17 0.0000e+00
    727.924   79.31582  132.81743    737.000    -0.1353    -0.1347  29.132505  29.131297    34.8368    34.8346    298.772    295.359    -0.1767     4.6251     0.0923     0.0923     0.0549     0.0179      26180    18.1798     100.00     2.1617     1.9131         16 0.0000e+00
    728.910   79.31582  132.81742    738.000    -0.1377    -0.1380  29.130584  29.128565    34.8364    34.8341    298.787    295.544    -0.1512     4.6249     0.0922     0.0922     0.0550     0.0189      26206    18.1980     100.00     2.1614     1.9136         19 0.0000e+00
    729.896   79.31582  132.81742    739.000    -0.1391    -0.1397  29.129425  29.127220    34.8358    34.8336    298.932    295.780    -0.1678     4.6250     0.0915     0.0915     0.0550     0.0183      26236    18.2186     100.00     2.1619     1.9145         18 0.0000e+00
    730.882   79.31584  132.81742    740.000    -0.1410    -0.1414  29.128057  29.125947    34.8356    34.8333    299.193    295.846    -0.1704     4.6253     0.0924     0.0924     0.0547     0.0182      26265    18.2389     100.00     2.1630     1.9146         18 0.0000e+00
    731.868   79.31584  132.81742    741.000    -0.1422    -0.1410  29.127235  29.126671    34.8353    34.8332    299.379    295.571    -0.1672     4.6258     0.0927     0.0927     0.0543     0.0183      26292    18.2575     100.00     2.1638     1.9131         15 0.0000e+00
    732.854   79.31584  132.81742    742.000    -0.1428    -0.1429  29.127048  29.125220    34.8351    34.8329    299.528    295.800    -0.1671     4.6261     0.0914     0.0914     0.0540     0.0183      26318    18.2760     100.00     2.1644     1.9139         13 0.0000e+00
    733.839   79.31584  132.81742    743.000    -0.1435    -0.1435  29.126730  29.125075    34.8349    34.8327    299.509    295.788    -0.1722     4.6257     0.0921     0.0921     0.0544     0.0181      26347    18.2957     100.00     2.1640     1.9136         17 0.0000e+00
    734.825   79.31584  132.81742    744.000    -0.1433    -0.1434  29.127352  29.125640    34.8350    34.8328    299.367    296.020    -0.1593     4.6262     0.0919     0.0919     0.0540     0.0186      26376    18.3158     100.00     2.1630     1.9145         17 0.0000e+00
    735.811   79.31584  132.81742    745.000    -0.1397    -0.1384  29.131370  29.130743    34.8356    34.8333    299.236    296.001    -0.1332     4.6254     0.0907     0.0907     0.0547     0.0196      26404    18.3355     100.00     2.1622     1.9145         16 0.0000e+00
    736.797   79.31584  132.81740    746.000    -0.1225    -0.1223  29.147122  29.145663    34.8364    34.8342    299.148    295.579    -0.1552     4.6262     0.0912     0.0912     0.0540     0.0188      26432    18.3550     100.00     2.1624     1.9130         16 0.0000e+00
    737.783   79.31586  132.81740    747.000    -0.1187    -0.1184  29.151147  29.149994    34.8369    34.8349    299.221    295.654    -0.1370     4.6262     0.0925     0.0925     0.0540     0.0195      26460    18.3743     100.00     2.1628     1.9133         15 0.0000e+00
    738.769   79.31586  132.81740    748.000    -0.1177    -0.1180  29.152608  29.150682    34.8371    34.8349    299.218    295.727    -0.1319     4.6259     0.0937     0.0937     0.0542     0.0197      26488    18.3934     100.00     2.1626     1.9135         13 0.0000e+00
    739.755   79.31586  132.81740    749.000    -0.1198    -0.1200  29.151277  29.149501    34.8371    34.8349    299.203    295.456    -0.1315     4.6257     0.0940     0.0940     0.0544     0.0197      26515    18.4124     100.00     2.1622     1.9120         12 0.0000e+00
    740.741   79.31586  132.81740    750.000    -0.1200    -0.1207  29.151695  29.149233    34.8373    34.8348    299.167    295.726    -0.1319     4.6260     0.0929     0.0929     0.0541     0.0197      26543    18.4322     100.00     2.1618     1.9130         13 0.0000e+00
    741.727   79.31586  132.81740    751.000    -0.1233    -0.1241  29.149157  29.146779    34.8370    34.8348    299.037    295.357    -0.1309     4.6259     0.0907     0.0907     0.0542     0.0197      26572    18.4522     100.00     2.1606     1.9110         16 0.0000e+00
    742.712   79.31586  132.81740    752.000    -0.1235    -0.1233  29.149398  29.147863    34.8371    34.8348    298.964    295.360    -0.1305     4.6245     0.0924     0.0924     0.0554     0.0198      26599    18.4710     100.00     2.1600     1.9108         15 0.0000e+00
    743.698   79.31586  132.81740    753.000    -0.1278    -0.1278  29.145832  29.144272    34.8365    34.8345    299.076    295.323    -0.1423     4.6246     0.0917     0.0917     0.0553     0.0193      26625    18.4889     100.00     2.1602     1.9103         15 0.0000e+00
    744.684   79.31587  132.81740    754.000    -0.1324    -0.1314  29.142273  29.141574    34.8365    34.8344    299.110    295.612    -0.1704     4.6254     0.0916     0.0916     0.0546     0.0182      26652    18.5080     100.00     2.1599     1.9113         14 0.0000e+00
    745.670   79.31588  132.81740    755.000    -0.1330    -0.1329  29.142173  29.140638    34.8365    34.8343    299.106    295.674    -0.1693     4.6263     0.0916     0.0916     0.0539     0.0182      26683    18.5291     100.00     2.1597     1.9113         14 0.0000e+00
    746.656   79.31588  132.81740    756.000    -0.1332    -0.1327  29.142467  29.141074    34.8364    34.8341    299.143    295.335    -0.1358     4.6253     0.0915     0.0915     0.0548     0.0195      26713    18.5498     100.00     2.1596     1.9096         15 0.0000e+00
