Continuous CTD Data/01_SBE Stage/nabos_25_01.ros
* Sea-Bird SBE 9 Data File:
* FileName = D:\CTD\data\HLY2502\raw\NABOS_25_01.hex
* Software Version Seasave V 7.26.7.110
* Temperature SN = 6954
* Conductivity SN = 2561
* Number of Bytes Per Scan = 37
* Number of Voltage Words = 4
* Number of Scans Averaged by the Deck Unit = 1
* NMEA Latitude = 80 21.66 N
* NMEA Longitude = 163 54.90 E
* NMEA UTC (Time) = Sep 20 2025  10:52:56
* NMEA baud rate = 9600
** Ship: USCG HEALY
** Bot. Depth:  2763
** Cast Number:  01
** Station Name:  NABOS
** Station Number:  25
** Operator:  STARC
# nquan = 25
# nvalues = 1127                                  
# units = specified
# name 0 = depSM: Depth [salt water, m]
# name 1 = latitude: Latitude [deg]
# name 2 = longitude: Longitude [deg]
# name 3 = prDM: Pressure, Digiquartz [db]
# name 4 = t090C: Temperature [ITS-90, deg C]
# name 5 = t190C: Temperature, 2 [ITS-90, deg C]
# name 6 = c0mS/cm: Conductivity [mS/cm]
# name 7 = c1mS/cm: Conductivity, 2 [mS/cm]
# name 8 = sal00: Salinity, Practical [PSU]
# name 9 = sal11: Salinity, Practical, 2 [PSU]
# name 10 = sbox0Mm/Kg: Oxygen, SBE 43 [umol/kg]
# name 11 = sbox1Mm/Kg: Oxygen, SBE 43, 2 [umol/kg]
# name 12 = flECO-AFL: Fluorescence, WET Labs ECO-AFL/FL [mg/m^3]
# name 13 = v2: Voltage 2
# name 14 = wetCDOM: Fluorescence, WET Labs CDOM [mg/m^3]
# name 15 = v6: Voltage 6
# name 16 = CStarAt0: Beam Attenuation, WET Labs C-Star [1/m]
# name 17 = v3: Voltage 3
# name 18 = scan: Scan Count
# name 19 = timeM: Time, Elapsed [minutes]
# name 20 = altM: Altimeter [m]
# name 21 = sbeox0V: Oxygen raw, SBE 43 [V]
# name 22 = sbeox1V: Oxygen raw, SBE 43, 2 [V]
# name 23 = nbf: Bottles Fired
# name 24 = flag:  0.000e+00
# interval = seconds: 0.0416667
# start_time = Sep 20 2025 10:52:56 [NMEA time, header]
# bad_flag = -9.990e-29
*END*
[from data line 290]
    250.525   80.36464  163.91112    253.363     0.9340     0.9341  29.806267  29.804432    34.7994    34.7970    292.974    287.074    -0.1061     4.6374     0.0830     0.0830     0.0443     0.0208      75502    52.4312     100.00     2.2913     2.0081          6  0.000e+00
    250.459   80.36464  163.91112    253.296     0.9341     0.9341  29.806454  29.804666    34.7996    34.7974    292.970    287.306    -0.1366     4.6374     0.0842     0.0842     0.0443     0.0195      75503    52.4319     100.00     2.2913     2.0093          6  0.000e+00
    250.459   80.36464  163.91112    253.296     0.9340     0.9341  29.806392  29.804373    34.7997    34.7970    292.971    287.307    -0.1366     4.6374     0.0842     0.0842     0.0443     0.0195      75504    52.4326     100.00     2.2913     2.0093          6  0.000e+00
    250.525   80.36464  163.91112    253.363     0.9340     0.9341  29.806267  29.804432    34.7995    34.7970    292.974    287.545    -0.1366     4.6361     0.0842     0.0842     0.0453     0.0195      75505    52.4333     100.00     2.2913     2.0106          6  0.000e+00
    200.045   80.36482  163.91104    202.286     0.8574     0.8577  29.688181  29.686972    34.7626    34.7607    294.244    287.431    -0.1671     4.6361     0.0830     0.0830     0.0453     0.0183      79316    55.0799     100.00     2.3068     2.0163          7  0.000e+00
    200.127   80.36482  163.91104    202.369     0.8576     0.8576  29.688305  29.687265    34.7625    34.7612    294.445    287.434    -0.1671     4.6361     0.0830     0.0830     0.0453     0.0183      79317    55.0806     100.00     2.3080     2.0163          7  0.000e+00
    200.070   80.36482  163.91104    202.311     0.8573     0.8577  29.688181  29.686796    34.7627    34.7605    294.444    287.198    -0.1671     4.6361     0.0830     0.0830     0.0453     0.0183      79318    55.0812     100.00     2.3080     2.0151          7  0.000e+00
    200.103   80.36482  163.91104    202.344     0.8576     0.8576  29.688305  29.686796    34.7626    34.7606    294.245    287.434    -0.1366     4.6361     0.0830     0.0830     0.0453     0.0195      79319    55.0819     100.00     2.3068     2.0163          7  0.000e+00
    200.070   80.36482  163.91104    202.311     0.8574     0.8576  29.688243  29.687031    34.7626    34.7609    294.443    287.667    -0.1671     4.6361     0.0830     0.0830     0.0453     0.0183      79320    55.0826     100.00     2.3080     2.0175          7  0.000e+00
    200.127   80.36482  163.91104    202.369     0.8574     0.8577  29.688554  29.686797    34.7630    34.7604    294.445    287.669    -0.1366     4.6361     0.0830     0.0830     0.0453     0.0195      79321    55.0833     100.00     2.3080     2.0175          7  0.000e+00
    200.070   80.36482  163.91104    202.311     0.8574     0.8576  29.688492  29.686796    34.7629    34.7606    294.442    287.433    -0.1671     4.6361     0.0830     0.0830     0.0453     0.0183      79322    55.0840     100.00     2.3080     2.0163          7  0.000e+00
    200.103   80.36482  163.91104    202.344     0.8574     0.8576  29.688616  29.687031    34.7631    34.7609    294.444    287.668    -0.1366     4.6361     0.0830     0.0830     0.0453     0.0195      79323    55.0847     100.00     2.3080     2.0175          7  0.000e+00
    200.070   80.36482  163.91104    202.311     0.8574     0.8576  29.688679  29.686621    34.7632    34.7604    294.640    287.668    -0.1671     4.6349     0.0830     0.0830     0.0464     0.0183      79324    55.0854     100.00     2.3093     2.0175          7  0.000e+00
    200.127   80.36482  163.91104    202.369     0.8576     0.8577  29.688492  29.686738    34.7628    34.7604    294.444    288.139    -0.1671     4.6349     0.0830     0.0830     0.0464     0.0183      79325    55.0861     100.00     2.3080     2.0200          7  0.000e+00
    200.103   80.36482  163.91104    202.344     0.8574     0.8577  29.688430  29.686855    34.7628    34.7605    294.245    288.607    -0.1976     4.6337     0.0830     0.0830     0.0474     0.0171      79326    55.0868     100.00     2.3068     2.0224          7  0.000e+00
    200.070   80.36482  163.91104    202.311     0.8574     0.8576  29.688616  29.686738    34.7632    34.7605    294.244    288.841    -0.1671     4.6337     0.0830     0.0830     0.0474     0.0183      79327    55.0875     100.00     2.3068     2.0237          7  0.000e+00
    200.070   80.36482  163.91104    202.311     0.8574     0.8579  29.688492  29.686796    34.7629    34.7603    294.244    288.839    -0.1671     4.6349     0.0830     0.0830     0.0464     0.0183      79328    55.0882     100.00     2.3068     2.0237          7  0.000e+00
    200.103   80.36482  163.91104    202.344     0.8574     0.8577  29.688430  29.686855    34.7629    34.7605    294.246    288.841    -0.1671     4.6337     0.0830     0.0830     0.0474     0.0183      79329    55.0889     100.00     2.3068     2.0237          7  0.000e+00
    200.127   80.36482  163.91104    202.369     0.8574     0.8576  29.688181  29.686855    34.7625    34.7606    294.247    289.077    -0.1976     4.6337     0.0830     0.0830     0.0474     0.0171      79330    55.0896     100.00     2.3068     2.0249          7  0.000e+00
    200.070   80.36482  163.91104    202.311     0.8576     0.8576  29.688305  29.686738    34.7626    34.7605    294.442    289.310    -0.1671     4.6337     0.0830     0.0830     0.0474     0.0183      79331    55.0903     100.00     2.3080     2.0261          7  0.000e+00
    200.127   80.36482  163.91104    202.369     0.8573     0.8577  29.688243  29.686797    34.7628    34.7604    294.446    289.077    -0.1366     4.6337     0.0818     0.0818     0.0474     0.0195      79332    55.0910     100.00     2.3080     2.0249          7  0.000e+00
    200.045   80.36482  163.91104    202.286     0.8574     0.8576  29.688554  29.686855    34.7631    34.7607    294.441    288.605    -0.1671     4.6349     0.0830     0.0830     0.0464     0.0183      79333    55.0917     100.00     2.3080     2.0224          7  0.000e+00
    200.127   80.36482  163.91104    202.369     0.8571     0.8576  29.688492  29.686738    34.7633    34.7605    294.446    288.374    -0.1671     4.6349     0.0830     0.0830     0.0464     0.0183      79334    55.0924     100.00     2.3080     2.0212          7  0.000e+00
    200.070   80.36482  163.91104    202.311     0.8574     0.8576  29.688430  29.686796    34.7629    34.7606    294.244    287.902    -0.1671     4.6337     0.0830     0.0830     0.0474     0.0183      79335    55.0931     100.00     2.3068     2.0188          7  0.000e+00
    200.103   80.36482  163.91104    202.344     0.8576     0.8576  29.688430  29.686855    34.7627    34.7606    294.443    287.668    -0.1671     4.6349     0.0830     0.0830     0.0464     0.0183      79336    55.0938     100.00     2.3080     2.0175          7  0.000e+00
    200.070   80.36482  163.91104    202.311     0.8574     0.8577  29.688181  29.686738    34.7626    34.7604    294.245    287.432    -0.1671     4.6337     0.0830     0.0830     0.0474     0.0183      79337    55.0944     100.00     2.3068     2.0163          7  0.000e+00
    200.127   80.36482  163.91104    202.369     0.8574     0.8576  29.688119  29.686621    34.7624    34.7603    294.445    287.201    -0.1671     4.6337     0.0830     0.0830     0.0474     0.0183      79338    55.0951     100.00     2.3080     2.0151          7  0.000e+00
    200.103   80.36482  163.91104    202.344     0.8572     0.8574  29.688305  29.686972    34.7629    34.7610    294.247    287.200    -0.1671     4.6337     0.0830     0.0830     0.0474     0.0183      79339    55.0958     100.00     2.3068     2.0151          7  0.000e+00
    200.070   80.36482  163.91104    202.311     0.8574     0.8574  29.688181  29.686738    34.7625    34.7607    294.245    287.434    -0.1671     4.6337     0.0830     0.0830     0.0474     0.0183      79340    55.0965     100.00     2.3068     2.0163          7  0.000e+00
    200.070   80.36482  163.91104    202.311     0.8576     0.8576  29.688305  29.686913    34.7626    34.7607    294.442    287.667    -0.1671     4.6337     0.0830     0.0830     0.0474     0.0183      79341    55.0972     100.00     2.3080     2.0175          7  0.000e+00
    200.070   80.36482  163.91104    202.311     0.8576     0.8574  29.688430  29.687089    34.7627    34.7612    294.441    287.902    -0.1671     4.6349     0.0830     0.0830     0.0464     0.0183      79342    55.0979     100.00     2.3080     2.0188          7  0.000e+00
    200.168   80.36482  163.91104    202.411     0.8576     0.8576  29.688617  29.687148    34.7629    34.7610    294.247    287.905    -0.1671     4.6337     0.0830     0.0830     0.0474     0.0183      79343    55.0986     100.00     2.3068     2.0188          7  0.000e+00
    200.070   80.36482  163.91104    202.311     0.8574     0.8576  29.688305  29.686621    34.7627    34.7604    294.244    287.902    -0.1671     4.6337     0.0830     0.0830     0.0474     0.0183      79344    55.0993     100.00     2.3068     2.0188          7  0.000e+00
    200.127   80.36482  163.91104    202.369     0.8576     0.8576  29.688554  29.686972    34.7629    34.7608    294.245    287.904    -0.1671     4.6337     0.0818     0.0818     0.0474     0.0183      79345    55.1000     100.00     2.3068     2.0188          7  0.000e+00
    200.045   80.36482  163.91104    202.286     0.8574     0.8576  29.688679  29.686738    34.7632    34.7605    294.242    287.901    -0.1671     4.6349     0.0830     0.0830     0.0464     0.0183      79346    55.1007     100.00     2.3068     2.0188          7  0.000e+00
    200.127   80.36482  163.91104    202.369     0.8574     0.8577  29.688492  29.686914    34.7630    34.7606    294.444    287.668    -0.1671     4.6349     0.0842     0.0842     0.0464     0.0183      79347    55.1014     100.00     2.3080     2.0175          7  0.000e+00
    200.070   80.36482  163.91104    202.311     0.8574     0.8577  29.688616  29.686679    34.7631    34.7603    294.243    287.667    -0.1671     4.6349     0.0842     0.0842     0.0464     0.0183      79348    55.1021     100.00     2.3068     2.0175          7  0.000e+00
    200.127   80.36482  163.91104    202.369     0.8576     0.8577  29.688492  29.686972    34.7628    34.7607    294.245    287.668    -0.1671     4.6349     0.0842     0.0842     0.0464     0.0183      79349    55.1028     100.00     2.3068     2.0175          7  0.000e+00
    200.045   80.36482  163.91104    202.286     0.8576     0.8577  29.688181  29.686913    34.7624    34.7606    294.242    287.665    -0.1671     4.6349     0.0842     0.0842     0.0464     0.0183      79350    55.1035     100.00     2.3068     2.0175          7  0.000e+00
    200.127   80.36482  163.91104    202.369     0.8576     0.8576  29.688492  29.686504    34.7628    34.7602    294.047    287.670    -0.1976     4.6349     0.0842     0.0842     0.0464     0.0171      79351    55.1042     100.00     2.3056     2.0175          7  0.000e+00
    200.070   80.36482  163.91104    202.311     0.8574     0.8574  29.688492  29.686738    34.7629    34.7607    294.243    287.668    -0.1366     4.6349     0.0830     0.0830     0.0464     0.0195      79352    55.1049     100.00     2.3068     2.0175          7  0.000e+00
    200.103   80.36482  163.91104    202.344     0.8574     0.8577  29.688430  29.686855    34.7629    34.7605    294.245    287.667    -0.1366     4.6349     0.0842     0.0842     0.0464     0.0195      79353    55.1056     100.00     2.3068     2.0175          7  0.000e+00
    200.070   80.36482  163.91104    202.311     0.8574     0.8576  29.688803  29.686738    34.7633    34.7605    294.441    287.432    -0.1366     4.6349     0.0842     0.0842     0.0464     0.0195      79354    55.1063     100.00     2.3080     2.0163          7  0.000e+00
    200.127   80.36482  163.91104    202.369     0.8574     0.8574  29.688554  29.686797    34.7630    34.7608    294.048    287.436    -0.1366     4.6349     0.0842     0.0842     0.0464     0.0195      79355    55.1069     100.00     2.3056     2.0163          7  0.000e+00
    200.045   80.36482  163.91104    202.286     0.8576     0.8574  29.688430  29.687030    34.7627    34.7611    294.242    287.197    -0.1366     4.6349     0.0842     0.0842     0.0464     0.0195      79356    55.1076     100.00     2.3068     2.0151          7  0.000e+00
    200.127   80.36482  163.91104    202.369     0.8576     0.8577  29.688430  29.686797    34.7627    34.7604    294.245    287.199    -0.1061     4.6349     0.0842     0.0842     0.0464     0.0208      79357    55.1083     100.00     2.3068     2.0151          7  0.000e+00
    200.070   80.36482  163.91104    202.311     0.8574     0.8576  29.688181  29.686796    34.7625    34.7606    294.046    287.198    -0.1366     4.6349     0.0842     0.0842     0.0464     0.0195      79358    55.1090     100.00     2.3056     2.0151          7  0.000e+00
    200.127   80.36482  163.91104    202.369     0.8574     0.8574  29.688305  29.686445    34.7627    34.7603    294.246    286.732    -0.1366     4.6349     0.0830     0.0830     0.0464     0.0195      79359    55.1097     100.00     2.3068     2.0126          7  0.000e+00
    200.045   80.36482  163.91104    202.286     0.8574     0.8576  29.688181  29.686504    34.7626    34.7602    294.045    286.728    -0.1366     4.6349     0.0842     0.0842     0.0464     0.0195      79360    55.1104     100.00     2.3056     2.0126          7  0.000e+00
    200.127   80.36482  163.91104    202.369     0.8577     0.8574  29.688305  29.686680    34.7624    34.7606    294.245    286.732    -0.1366     4.6349     0.0842     0.0842     0.0464     0.0195      79361    55.1111     100.00     2.3068     2.0126          7  0.000e+00
    200.070   80.36482  163.91104    202.311     0.8574     0.8574  29.688430  29.687031    34.7629    34.7611    294.045    286.728    -0.1366     4.6349     0.0842     0.0842     0.0464     0.0195      79362    55.1118     100.00     2.3056     2.0126          7  0.000e+00
    200.103   80.36482  163.91104    202.344     0.8574     0.8576  29.688430  29.686738    34.7629    34.7605    294.245    286.964    -0.1366     4.6349     0.0842     0.0842     0.0464     0.0195      79363    55.1125     100.00     2.3068     2.0139          7  0.000e+00
    200.127   80.36482  163.91104    202.369     0.8574     0.8572  29.688430  29.686680    34.7628    34.7608    294.246    286.967    -0.1366     4.6337     0.0842     0.0842     0.0474     0.0195      79364    55.1132     100.00     2.3068     2.0139          7  0.000e+00
    175.184   80.36496  163.91100    177.135     0.6249     0.6249  29.429807  29.428584    34.7023    34.7006    295.520    288.716    -0.1366     4.6349     0.0830     0.0830     0.0464     0.0195      82060    56.9854     100.00     2.3077     2.0173          8  0.000e+00
    175.250   80.36496  163.91100    177.202     0.6250     0.6250  29.429870  29.428176    34.7022    34.7000    295.521    288.720    -0.1366     4.6349     0.0830     0.0830     0.0464     0.0195      82061    56.9861     100.00     2.3077     2.0173          8  0.000e+00
    175.126   80.36496  163.91100    177.077     0.6248     0.6246  29.429993  29.428176    34.7026    34.7005    295.517    288.481    -0.1366     4.6349     0.0830     0.0830     0.0464     0.0195      82062    56.9868     100.00     2.3077     2.0161          8  0.000e+00
    175.250   80.36496  163.91100    177.202     0.6249     0.6248  29.429994  29.428235    34.7025    34.7003    295.721    288.485    -0.1366     4.6361     0.0830     0.0830     0.0453     0.0195      82063    56.9875     100.00     2.3089     2.0161          8  0.000e+00
