Continuous CTD Data/01_SBE Stage/nabos_29_01.ros
* Sea-Bird SBE 9 Data File:
* FileName = D:\CTD\data\HLY2502\raw\NABOS_29_01.hex
* Software Version Seasave V 7.26.7.110
* Temperature SN = 6954
* Conductivity SN = 2561
* Number of Bytes Per Scan = 37
* Number of Voltage Words = 4
* Number of Scans Averaged by the Deck Unit = 1
* NMEA Latitude = 80 31.69 N
* NMEA Longitude = 150 58.43 E
* NMEA UTC (Time) = Sep 22 2025  04:33:58
* NMEA baud rate = 9600
** Ship: USCG HEALY
** Bot. Depth:  2015
** Cast Number:  01
** Station Name:  NABOS
** Station Number:  29
** Operator:  STARC
# nquan = 25
# nvalues = 1127                                  
# units = specified
# name 0 = depSM: Depth [salt water, m]
# name 1 = latitude: Latitude [deg]
# name 2 = longitude: Longitude [deg]
# name 3 = prDM: Pressure, Digiquartz [db]
# name 4 = t090C: Temperature [ITS-90, deg C]
# name 5 = t190C: Temperature, 2 [ITS-90, deg C]
# name 6 = c0mS/cm: Conductivity [mS/cm]
# name 7 = c1mS/cm: Conductivity, 2 [mS/cm]
# name 8 = sal00: Salinity, Practical [PSU]
# name 9 = sal11: Salinity, Practical, 2 [PSU]
# name 10 = sbox0Mm/Kg: Oxygen, SBE 43 [umol/kg]
# name 11 = sbox1Mm/Kg: Oxygen, SBE 43, 2 [umol/kg]
# name 12 = flECO-AFL: Fluorescence, WET Labs ECO-AFL/FL [mg/m^3]
# name 13 = v2: Voltage 2
# name 14 = wetCDOM: Fluorescence, WET Labs CDOM [mg/m^3]
# name 15 = v6: Voltage 6
# name 16 = CStarAt0: Beam Attenuation, WET Labs C-Star [1/m]
# name 17 = v3: Voltage 3
# name 18 = scan: Scan Count
# name 19 = timeM: Time, Elapsed [minutes]
# name 20 = altM: Altimeter [m]
# name 21 = sbeox0V: Oxygen raw, SBE 43 [V]
# name 22 = sbeox1V: Oxygen raw, SBE 43, 2 [V]
# name 23 = nbf: Bottles Fired
# name 24 = flag:  0.000e+00
# interval = seconds: 0.0416667
# start_time = Sep 22 2025 04:33:58 [NMEA time, header]
# bad_flag = -9.990e-29
*END*
[from data line 812]
     30.092   80.52042  151.00392     30.416    -1.6773    -1.6776  25.389700  25.387321    31.9034    31.9004    359.161    347.540     0.0771     4.5910     0.1258     0.1258     0.0845     0.0281     114282    79.3618     100.00     2.5477     2.1991         17  0.000e+00
     30.026   80.52042  151.00392     30.350    -1.6773    -1.6774  25.389935  25.387432    31.9038    31.9004    358.944    348.041     0.0771     4.5910     0.1258     0.1258     0.0845     0.0281     114283    79.3625     100.00     2.5465     2.2016         17  0.000e+00
     30.092   80.52042  151.00392     30.416    -1.6774    -1.6774  25.390052  25.386769    31.9041    31.8995    359.161    348.551     0.0771     4.5922     0.1258     0.1258     0.0835     0.0281     114284    79.3632     100.00     2.5477     2.2040         17  0.000e+00
     30.092   80.52042  151.00392     30.416    -1.6774    -1.6777  25.390052  25.386713    31.9041    31.8997    358.947    348.301     0.0466     4.5910     0.1258     0.1258     0.0845     0.0269     114285    79.3639     100.00     2.5465     2.2028         17  0.000e+00
     30.092   80.52042  151.00392     30.416    -1.6774    -1.6774  25.390229  25.386769    31.9043    31.8995    358.947    348.046     0.0771     4.5910     0.1258     0.1258     0.0845     0.0281     114286    79.3646     100.00     2.5465     2.2016         17  0.000e+00
     30.092   80.52042  151.00392     30.416    -1.6773    -1.6776  25.389935  25.386934    31.9038    31.8999    358.947    348.047     0.0771     4.5910     0.1258     0.1258     0.0845     0.0281     114287    79.3653     100.00     2.5465     2.2016         17  0.000e+00
     30.092   80.52042  151.00394     30.416    -1.6773    -1.6774  25.390170  25.386824    31.9041    31.8996    358.733    348.299     0.0466     4.5910     0.1258     0.1258     0.0845     0.0269     114288    79.3660     100.00     2.5452     2.2028         17  0.000e+00
     30.026   80.52042  151.00394     30.350    -1.6774    -1.6774  25.390287  25.386768    31.9044    31.8995    359.157    348.548     0.0771     4.5910     0.1258     0.1258     0.0845     0.0281     114289    79.3667     100.00     2.5477     2.2040         17  0.000e+00
     30.092   80.52042  151.00394     30.416    -1.6773    -1.6776  25.389876  25.386934    31.9037    31.8999    358.947    348.805     0.0466     4.5897     0.1258     0.1258     0.0856     0.0269     114290    79.3674     100.00     2.5465     2.2052         17  0.000e+00
     30.092   80.52042  151.00394     30.416    -1.6774    -1.6774  25.390111  25.387045    31.9041    31.8999    359.160    348.803     0.0771     4.5910     0.1258     0.1258     0.0845     0.0281     114291    79.3681     100.00     2.5477     2.2052         17  0.000e+00
     30.092   80.52042  151.00394     30.416    -1.6773    -1.6776  25.390464  25.387377    31.9045    31.9005    359.158    348.803     0.0771     4.5910     0.1258     0.1258     0.0845     0.0281     114292    79.3688     100.00     2.5477     2.2052         17  0.000e+00
     30.026   80.52042  151.00394     30.350    -1.6774    -1.6774  25.390522  25.387653    31.9047    31.9007    358.942    348.545     0.0771     4.5910     0.1258     0.1258     0.0845     0.0281     114293    79.3694     100.00     2.5465     2.2040         17  0.000e+00
     30.092   80.52042  151.00394     30.416    -1.6773    -1.6776  25.389994  25.387542    31.9039    31.9007    358.947    348.045     0.0771     4.5910     0.1258     0.1258     0.0845     0.0281     114294    79.3701     100.00     2.5465     2.2016         17  0.000e+00
     30.108   80.52042  151.00394     30.433    -1.6776    -1.6774  25.390170  25.387321    31.9044    31.9002    358.735    347.287     0.0466     4.5910     0.1258     0.1258     0.0845     0.0269     114295    79.3708     100.00     2.5452     2.1979         17  0.000e+00
     30.092   80.52042  151.00394     30.416    -1.6773    -1.6774  25.390287  25.387764    31.9043    31.9009    358.945    347.285     0.0771     4.5910     0.1258     0.1258     0.0845     0.0281     114296    79.3715     100.00     2.5465     2.1979         17  0.000e+00
     30.092   80.52042  151.00394     30.416    -1.6774    -1.6776  25.390111  25.387819    31.9041    31.9011    359.160    347.033     0.0771     4.5910     0.1258     0.1258     0.0845     0.0281     114297    79.3722     100.00     2.5477     2.1967         17  0.000e+00
     30.092   80.52042  151.00394     30.416    -1.6773    -1.6777  25.390052  25.387764    31.9039    31.9012    358.946    347.034     0.0771     4.5910     0.1258     0.1258     0.0845     0.0281     114298    79.3729     100.00     2.5465     2.1967         17  0.000e+00
     30.026   80.52042  151.00394     30.350    -1.6774    -1.6776  25.389817  25.387929    31.9038    31.9013    358.945    345.767     0.0466     4.5910     0.1258     0.1258     0.0845     0.0269     114299    79.3736     100.00     2.5465     2.1906         17  0.000e+00
     30.092   80.52042  151.00394     30.416    -1.6773    -1.6777  25.389759  25.387819    31.9035    31.9013    358.947    344.508     0.0466     4.5910     0.1258     0.1258     0.0845     0.0269     114300    79.3743     100.00     2.5465     2.1845         17  0.000e+00
     30.092   80.52042  151.00394     30.416    -1.6773    -1.6776  25.389759  25.388095    31.9035    31.9015    359.161    342.991     0.0771     4.5910     0.1258     0.1258     0.0845     0.0281     114301    79.3750     100.00     2.5477     2.1772         17  0.000e+00
     30.092   80.52042  151.00394     30.416    -1.6773    -1.6774  25.389759  25.388040    31.9035    31.9012    358.947    342.737     0.0466     4.5910     0.1258     0.1258     0.0845     0.0269     114302    79.3757     100.00     2.5465     2.1759         17  0.000e+00
     26.048   80.52022  151.00434     26.328    -1.6885    -1.6883  24.832324  24.830709    31.1494    31.1470    373.661    360.694     0.1992     4.5824     0.1160     0.1160     0.0920     0.0330     116364    80.8076     100.00     2.6184     2.2527         18  0.000e+00
     26.007   80.52022  151.00434     26.287    -1.6885    -1.6885  24.832208  24.830818    31.1493    31.1474    373.659    361.201     0.1992     4.5824     0.1172     0.1172     0.0920     0.0330     116365    80.8083     100.00     2.6184     2.2552         18  0.000e+00
     26.048   80.52022  151.00434     26.328    -1.6884    -1.6885  24.832324  24.830873    31.1493    31.1474    373.874    361.203     0.1992     4.5824     0.1172     0.1172     0.0920     0.0330     116366    80.8090     100.00     2.6196     2.2552         18  0.000e+00
     26.048   80.52022  151.00434     26.328    -1.6887    -1.6886  24.832208  24.830709    31.1495    31.1473    373.877    361.458     0.1992     4.5824     0.1160     0.1160     0.0920     0.0330     116367    80.8097     100.00     2.6196     2.2564         18  0.000e+00
     25.990   80.52022  151.00434     26.270    -1.6885    -1.6885  24.832207  24.830434    31.1493    31.1469    373.658    361.964     0.1992     4.5812     0.1172     0.1172     0.0931     0.0330     116368    80.8104     100.00     2.6184     2.2589         18  0.000e+00
     26.048   80.52022  151.00434     26.328    -1.6885    -1.6886  24.832557  24.830709    31.1498    31.1473    373.659    362.728     0.1992     4.5824     0.1172     0.1172     0.0920     0.0330     116369    80.8111     100.00     2.6184     2.2625         18  0.000e+00
     25.990   80.52022  151.00434     26.270    -1.6885    -1.6885  24.832266  24.830873    31.1494    31.1475    373.658    362.978     0.1992     4.5824     0.1172     0.1172     0.0920     0.0330     116370    80.8118     100.00     2.6184     2.2637         18  0.000e+00
     26.048   80.52022  151.00434     26.328    -1.6887    -1.6885  24.832324  24.830873    31.1496    31.1474    373.876    362.219     0.1992     4.5824     0.1172     0.1172     0.0920     0.0330     116371    80.8125     100.00     2.6196     2.2601         18  0.000e+00
     26.007   80.52022  151.00434     26.287    -1.6885    -1.6886  24.832208  24.830873    31.1493    31.1476    373.659    360.948     0.1992     4.5824     0.1172     0.1172     0.0920     0.0330     116372    80.8132     100.00     2.6184     2.2540         18  0.000e+00
     26.048   80.52022  151.00434     26.328    -1.6887    -1.6888  24.832149  24.830873    31.1494    31.1478    373.663    359.681     0.1992     4.5824     0.1172     0.1172     0.0920     0.0330     116373    80.8139     100.00     2.6184     2.2479         18  0.000e+00
     25.990   80.52022  151.00434     26.270    -1.6885    -1.6885  24.832149  24.830709    31.1492    31.1472    373.658    359.422     0.1992     4.5824     0.1172     0.1172     0.0920     0.0330     116374    80.8146     100.00     2.6184     2.2466         18  0.000e+00
     26.048   80.52022  151.00434     26.328    -1.6887    -1.6885  24.832149  24.830489    31.1494    31.1469    373.448    359.426     0.1687     4.5812     0.1172     0.1172     0.0931     0.0317     116375    80.8153     100.00     2.6171     2.2466         18  0.000e+00
     26.048   80.52022  151.00434     26.328    -1.6885    -1.6886  24.832499  24.830764    31.1497    31.1474    373.660    359.426     0.1992     4.5824     0.1172     0.1172     0.0920     0.0330     116376    80.8160     100.00     2.6184     2.2466         18  0.000e+00
     25.990   80.52022  151.00434     26.270    -1.6887    -1.6885  24.832266  24.830873    31.1496    31.1475    373.659    359.422     0.1992     4.5812     0.1172     0.1172     0.0931     0.0330     116377    80.8167     100.00     2.6184     2.2466         18  0.000e+00
     26.064   80.52022  151.00434     26.345    -1.6887    -1.6888  24.832324  24.830544    31.1496    31.1473    373.877    359.175     0.1992     4.5824     0.1172     0.1172     0.0920     0.0330     116378    80.8174     100.00     2.6196     2.2454         18  0.000e+00
     25.990   80.52022  151.00434     26.270    -1.6887    -1.6885  24.832207  24.830983    31.1495    31.1476    373.659    359.167     0.1992     4.5824     0.1172     0.1172     0.0920     0.0330     116379    80.8181     100.00     2.6184     2.2454         18  0.000e+00
     26.048   80.52022  151.00434     26.328    -1.6887    -1.6886  24.831974  24.830928    31.1491    31.1476    373.663    359.425     0.1992     4.5812     0.1172     0.1172     0.0931     0.0330     116380    80.8187     100.00     2.6184     2.2466         18  0.000e+00
     26.048   80.52022  151.00434     26.328    -1.6885    -1.6885  24.832091  24.830709    31.1491    31.1472    373.661    359.679     0.1992     4.5824     0.1172     0.1172     0.0920     0.0330     116381    80.8194     100.00     2.6184     2.2479         18  0.000e+00
     25.990   80.52022  151.00434     26.270    -1.6885    -1.6886  24.832149  24.831038    31.1492    31.1478    373.658    360.438     0.1992     4.5812     0.1172     0.1172     0.0931     0.0330     116382    80.8201     100.00     2.6184     2.2515         18  0.000e+00
     26.048   80.52022  151.00434     26.328    -1.6885    -1.6886  24.832499  24.831147    31.1497    31.1479    373.660    360.694     0.1992     4.5812     0.1172     0.1172     0.0931     0.0330     116383    80.8208     100.00     2.6184     2.2527         18  0.000e+00
     26.007   80.52022  151.00434     26.287    -1.6887    -1.6885  24.832266  24.830983    31.1496    31.1476    373.660    360.692     0.1992     4.5824     0.1172     0.1172     0.0920     0.0330     116384    80.8215     100.00     2.6184     2.2527         18  0.000e+00
     26.048   80.52022  151.00434     26.328    -1.6887    -1.6885  24.832324  24.830873    31.1496    31.1474    373.662    360.440     0.1992     4.5812     0.1172     0.1172     0.0931     0.0330     116385    80.8222     100.00     2.6184     2.2515         18  0.000e+00
     25.990   80.52022  151.00434     26.270    -1.6887    -1.6885  24.832207  24.830873    31.1495    31.1475    373.659    360.438     0.1992     4.5812     0.1172     0.1172     0.0931     0.0330     116386    80.8229     100.00     2.6184     2.2515         18  0.000e+00
     25.990   80.52022  151.00434     26.270    -1.6887    -1.6886  24.832324  24.830873    31.1497    31.1476    373.873    360.439     0.1992     4.5824     0.1160     0.1160     0.0920     0.0330     116387    80.8236     100.00     2.6196     2.2515         18  0.000e+00
     26.048   80.52022  151.00434     26.329    -1.6887    -1.6885  24.832557  24.831093    31.1499    31.1477    373.661    360.440     0.1992     4.5824     0.1172     0.1172     0.0920     0.0330     116388    80.8243     100.00     2.6184     2.2515         18  0.000e+00
     26.048   80.52022  151.00434     26.329    -1.6885    -1.6886  24.832441  24.830983    31.1496    31.1477    373.445    360.695     0.1992     4.5824     0.1172     0.1172     0.0920     0.0330     116389    80.8250     100.00     2.6171     2.2527         18  0.000e+00
     26.048   80.52022  151.00434     26.329    -1.6885    -1.6883  24.832383  24.831093    31.1495    31.1476    373.660    360.692     0.1992     4.5824     0.1172     0.1172     0.0920     0.0330     116390    80.8257     100.00     2.6184     2.2527         18  0.000e+00
     26.007   80.52022  151.00434     26.287    -1.6885    -1.6886  24.832557  24.830763    31.1498    31.1474    373.442    361.202     0.1992     4.5824     0.1172     0.1172     0.0920     0.0330     116391    80.8264     100.00     2.6171     2.2552         18  0.000e+00
     26.048   80.52022  151.00434     26.329    -1.6887    -1.6886  24.832441  24.830654    31.1498    31.1473    373.661    361.458     0.1992     4.5824     0.1172     0.1172     0.0920     0.0330     116392    80.8271     100.00     2.6184     2.2564         18  0.000e+00
     25.990   80.52022  151.00434     26.270    -1.6885    -1.6886  24.832382  24.830818    31.1496    31.1475    373.442    361.709     0.1992     4.5824     0.1172     0.1172     0.0920     0.0330     116393    80.8278     100.00     2.6171     2.2576         18  0.000e+00
     25.990   80.52022  151.00434     26.270    -1.6885    -1.6886  24.832557  24.831202    31.1498    31.1481    373.656    361.707     0.1992     4.5824     0.1172     0.1172     0.0920     0.0330     116394    80.8285     100.00     2.6184     2.2576         18  0.000e+00
     26.048   80.52022  151.00434     26.329    -1.6887    -1.6888  24.832441  24.831038    31.1498    31.1480    373.661    361.458     0.1992     4.5824     0.1172     0.1172     0.0920     0.0330     116395    80.8292     100.00     2.6184     2.2564         18  0.000e+00
     26.048   80.52022  151.00434     26.329    -1.6885    -1.6885  24.832208  24.831093    31.1493    31.1477    373.446    361.710     0.1687     4.5824     0.1172     0.1172     0.0920     0.0317     116396    80.8299     100.00     2.6171     2.2576         18  0.000e+00
     26.007   80.52022  151.00434     26.287    -1.6887    -1.6888  24.832149  24.830928    31.1494    31.1479    373.445    361.965     0.1992     4.5824     0.1172     0.1172     0.0920     0.0330     116397    80.8306     100.00     2.6171     2.2589         18  0.000e+00
     26.048   80.52022  151.00434     26.329    -1.6883    -1.6886  24.832149  24.830873    31.1490    31.1476    373.445    361.965     0.1992     4.5824     0.1172     0.1172     0.0920     0.0330     116398    80.8312     100.00     2.6171     2.2589         18  0.000e+00
     26.048   80.52022  151.00434     26.329    -1.6887    -1.6886  24.832149  24.831093    31.1494    31.1479    373.662    362.473     0.1992     4.5824     0.1172     0.1172     0.0920     0.0330     116399    80.8319     100.00     2.6184     2.2613         18  0.000e+00
