Continuous CTD Data/01_SBE Stage/nabos_40_01.ros
* Sea-Bird SBE 9 Data File:
* FileName = D:\CTD\data\HLY2502\raw\NABOS_40_01.hex
* Software Version Seasave V 7.26.7.110
* Temperature SN = 6954
* Conductivity SN = 2561
* Number of Bytes Per Scan = 37
* Number of Voltage Words = 4
* Number of Scans Averaged by the Deck Unit = 1
* NMEA Latitude = 79 04.14 N
* NMEA Longitude = 126 00.67 E
* NMEA UTC (Time) = Sep 26 2025  04:32:04
* NMEA baud rate = 9600
** Ship: USCG HEALY
** Bot. Depth:  3044
** Cast Number:  01
** Station Name:  NABOS
** Station Number:  40
** Operator:  STARC
** Cast to 1200 m
# nquan = 25
# nvalues = 1029                                  
# units = specified
# name 0 = depSM: Depth [salt water, m]
# name 1 = latitude: Latitude [deg]
# name 2 = longitude: Longitude [deg]
# name 3 = prDM: Pressure, Digiquartz [db]
# name 4 = t090C: Temperature [ITS-90, deg C]
# name 5 = t190C: Temperature, 2 [ITS-90, deg C]
# name 6 = c0mS/cm: Conductivity [mS/cm]
# name 7 = c1mS/cm: Conductivity, 2 [mS/cm]
# name 8 = sal00: Salinity, Practical [PSU]
# name 9 = sal11: Salinity, Practical, 2 [PSU]
# name 10 = sbox0Mm/Kg: Oxygen, SBE 43 [umol/kg]
# name 11 = sbox1Mm/Kg: Oxygen, SBE 43, 2 [umol/kg]
# name 12 = flECO-AFL: Fluorescence, WET Labs ECO-AFL/FL [mg/m^3]
# name 13 = v2: Voltage 2
# name 14 = wetCDOM: Fluorescence, WET Labs CDOM [mg/m^3]
# name 15 = v6: Voltage 6
# name 16 = CStarAt0: Beam Attenuation, WET Labs C-Star [1/m]
# name 17 = v3: Voltage 3
# name 18 = scan: Scan Count
# name 19 = timeM: Time, Elapsed [minutes]
# name 20 = altM: Altimeter [m]
# name 21 = sbeox0V: Oxygen raw, SBE 43 [V]
# name 22 = sbeox1V: Oxygen raw, SBE 43, 2 [V]
# name 23 = nbf: Bottles Fired
# name 24 = flag:  0.000e+00
# interval = seconds: 0.0416667
# start_time = Sep 26 2025 04:32:04 [NMEA time, header]
# bad_flag = -9.990e-29
*END*
[from data line 348]
    175.166   79.06496  126.00526    177.109     1.6142     1.6139  30.338725  30.336684    34.7700    34.7678    293.177    287.457    -0.1671     4.6288     0.0818     0.0818     0.0517     0.0183      82564    57.3354     100.00     2.3456     2.0539          8  0.000e+00
    175.100   79.06496  126.00526    177.043     1.6138     1.6136  30.338787  30.336920    34.7705    34.7684    293.176    287.456    -0.1671     4.6288     0.0818     0.0818     0.0517     0.0183      82565    57.3361     100.00     2.3456     2.0539          8  0.000e+00
    175.158   79.06496  126.00526    177.101     1.6140     1.6136  30.338662  30.336743    34.7701    34.7682    293.178    287.459    -0.1976     4.6276     0.0818     0.0818     0.0527     0.0171      82566    57.3368     100.00     2.3456     2.0539          8  0.000e+00
    175.100   79.06496  126.00526    177.043     1.6142     1.6140  30.338976  30.336684    34.7704    34.7676    293.367    287.225    -0.1671     4.6288     0.0818     0.0818     0.0517     0.0183      82567    57.3375     100.00     2.3468     2.0527          8  0.000e+00
    175.100   79.06496  126.00526    177.043     1.6137     1.6139  30.338599  30.336684    34.7704    34.7678    293.371    287.226    -0.1671     4.6288     0.0818     0.0818     0.0517     0.0183      82568    57.3382     100.00     2.3468     2.0527          8  0.000e+00
    175.166   79.06496  126.00526    177.109     1.6135     1.6139  30.338537  30.336684    34.7705    34.7677    293.181    286.999    -0.1366     4.6276     0.0818     0.0818     0.0527     0.0195      82569    57.3389     100.00     2.3456     2.0515          8  0.000e+00
    175.100   79.06496  126.00526    177.043     1.6135     1.6136  30.338787  30.336507    34.7709    34.7679    293.178    286.770    -0.1976     4.6276     0.0818     0.0818     0.0527     0.0171      82570    57.3396     100.00     2.3456     2.0503          8  0.000e+00
    175.158   79.06496  126.00526    177.101     1.6142     1.6137  30.339478  30.336625    34.7710    34.7679    293.174    286.771    -0.1671     4.6276     0.0818     0.0818     0.0527     0.0183      82571    57.3403     100.00     2.3456     2.0503          8  0.000e+00
    175.100   79.06496  126.00526    177.043     1.6146     1.6139  30.339791  30.336684    34.7709    34.7678    293.362    286.768    -0.1671     4.6276     0.0818     0.0818     0.0527     0.0183      82572    57.3410     100.00     2.3468     2.0503          8  0.000e+00
    175.100   79.06496  126.00526    177.043     1.6150     1.6139  30.339917  30.336684    34.7707    34.7678    293.166    286.997    -0.1671     4.6276     0.0818     0.0818     0.0527     0.0183      82573    57.3417     100.00     2.3456     2.0515          8  0.000e+00
    175.166   79.06496  126.00526    177.109     1.6154     1.6142  30.340356  30.336920    34.7708    34.7677    293.165    286.768    -0.1671     4.6276     0.0818     0.0818     0.0527     0.0183      82574    57.3424     100.00     2.3456     2.0503          8  0.000e+00
    175.100   79.06496  126.00526    177.043     1.6151     1.6140  30.340732  30.336979    34.7716    34.7680    293.163    286.995    -0.1671     4.6276     0.0818     0.0818     0.0527     0.0183      82575    57.3431     100.00     2.3456     2.0515          8  0.000e+00
    175.157   79.06496  126.00526    177.101     1.6154     1.6144  30.340607  30.337156    34.7710    34.7678    293.164    286.766    -0.1976     4.6276     0.0830     0.0830     0.0527     0.0171      82576    57.3438     100.00     2.3456     2.0503          8  0.000e+00
    175.100   79.06496  126.00526    177.043     1.6152     1.6142  30.340481  30.337038    34.7711    34.7679    293.163    286.765    -0.1671     4.6276     0.0842     0.0842     0.0527     0.0183      82577    57.3444     100.00     2.3456     2.0503          8  0.000e+00
    175.100   79.06496  126.00526    177.043     1.6154     1.6142  30.340293  30.336979    34.7707    34.7678    293.162    286.765    -0.1671     4.6276     0.0842     0.0842     0.0527     0.0183      82578    57.3451     100.00     2.3456     2.0503          8  0.000e+00
    175.166   79.06496  126.00526    177.109     1.6157     1.6147  30.340042  30.337392    34.7700    34.7678    293.164    286.993    -0.1671     4.6276     0.0842     0.0842     0.0527     0.0183      82579    57.3458     100.00     2.3456     2.0515          8  0.000e+00
    175.100   79.06496  126.00524    177.043     1.6154     1.6144  30.340356  30.337097    34.7708    34.7678    293.162    286.993    -0.1976     4.6276     0.0842     0.0842     0.0527     0.0171      82580    57.3465     100.00     2.3456     2.0515          8  0.000e+00
    175.157   79.06496  126.00524    177.101     1.6156     1.6145  30.340481  30.336979    34.7707    34.7675    293.357    286.995    -0.1671     4.6276     0.0842     0.0842     0.0527     0.0183      82581    57.3472     100.00     2.3468     2.0515          8  0.000e+00
    175.100   79.06496  126.00524    177.043     1.6154     1.6144  30.340105  30.336566    34.7705    34.7671    293.163    286.765    -0.1671     4.6276     0.0842     0.0842     0.0527     0.0183      82582    57.3479     100.00     2.3456     2.0503          8  0.000e+00
    175.157   79.06496  126.00524    177.101     1.6152     1.6142  30.339979  30.336802    34.7705    34.7676    293.360    286.768    -0.1671     4.6276     0.0842     0.0842     0.0527     0.0183      82583    57.3486     100.00     2.3468     2.0503          8  0.000e+00
    175.108   79.06496  126.00524    177.051     1.6151     1.6137  30.339791  30.336802    34.7704    34.7681    293.359    286.768    -0.1671     4.6276     0.0842     0.0842     0.0527     0.0183      82584    57.3493     100.00     2.3468     2.0503          8  0.000e+00
    175.100   79.06496  126.00524    177.043     1.6148     1.6140  30.339477  30.336684    34.7703    34.7676    293.168    286.996    -0.1671     4.6276     0.0830     0.0830     0.0527     0.0183      82585    57.3500     100.00     2.3456     2.0515          8  0.000e+00
    175.157   79.06496  126.00524    177.101     1.6146     1.6139  30.339101  30.336684    34.7700    34.7678    293.172    286.999    -0.1671     4.6276     0.0842     0.0842     0.0527     0.0183      82586    57.3507     100.00     2.3456     2.0515          8  0.000e+00
    175.157   79.06496  126.00524    177.101     1.6145     1.6139  30.339101  30.336507    34.7702    34.7676    293.173    287.228    -0.1671     4.6276     0.0842     0.0842     0.0527     0.0183      82587    57.3514     100.00     2.3456     2.0527          8  0.000e+00
    175.100   79.06496  126.00524    177.043     1.6146     1.6137  30.339164  30.336448    34.7701    34.7677    293.170    287.456    -0.1671     4.6276     0.0842     0.0842     0.0527     0.0183      82588    57.3521     100.00     2.3456     2.0539          8  0.000e+00
    175.108   79.06496  126.00524    177.051     1.6143     1.6137  30.339728  30.336625    34.7712    34.7679    293.170    287.456    -0.1366     4.6276     0.0842     0.0842     0.0527     0.0195      82589    57.3528     100.00     2.3456     2.0539          8  0.000e+00
    175.157   79.06496  126.00524    177.101     1.6145     1.6139  30.339666  30.336684    34.7709    34.7677    293.365    287.227    -0.1366     4.6276     0.0842     0.0842     0.0527     0.0195      82590    57.3535     100.00     2.3468     2.0527          8  0.000e+00
    175.100   79.06496  126.00524    177.043     1.6150     1.6140  30.339666  30.336861    34.7704    34.7679    293.360    287.224    -0.1366     4.6276     0.0842     0.0842     0.0527     0.0195      82591    57.3542     100.00     2.3468     2.0527          8  0.000e+00
    175.157   79.06496  126.00524    177.101     1.6151     1.6144  30.340105  30.336979    34.7708    34.7676    293.360    286.995    -0.1366     4.6276     0.0842     0.0842     0.0527     0.0195      82592    57.3549     100.00     2.3468     2.0515          8  0.000e+00
    175.100   79.06496  126.00524    177.043     1.6151     1.6142  30.340293  30.336743    34.7711    34.7675    293.164    286.995    -0.1366     4.6276     0.0842     0.0842     0.0527     0.0195      82593    57.3556     100.00     2.3456     2.0515          8  0.000e+00
    175.100   79.06496  126.00524    177.043     1.6154     1.6144  30.340042  30.337333    34.7704    34.7681    293.163    286.992    -0.1366     4.6276     0.0842     0.0842     0.0527     0.0195      82594    57.3563     100.00     2.3456     2.0515          8  0.000e+00
    175.166   79.06496  126.00524    177.109     1.6156     1.6144  30.340356  30.337569    34.7706    34.7683    293.357    286.765    -0.1366     4.6276     0.0842     0.0842     0.0527     0.0195      82595    57.3569     100.00     2.3468     2.0503          8  0.000e+00
    175.100   79.06496  126.00524    177.043     1.6156     1.6144  30.340481  30.337569    34.7708    34.7684    293.161    286.762    -0.1366     4.6276     0.0842     0.0842     0.0527     0.0195      82596    57.3576     100.00     2.3456     2.0503          8  0.000e+00
    175.157   79.06496  126.00524    177.101     1.6156     1.6148  30.340544  30.337569    34.7708    34.7678    293.163    286.762    -0.1366     4.6276     0.0842     0.0842     0.0527     0.0195      82597    57.3583     100.00     2.3456     2.0503          8  0.000e+00
    175.100   79.06496  126.00524    177.043     1.6160     1.6148  30.340356  30.337746    34.7701    34.7681    293.158    286.759    -0.1366     4.6276     0.0842     0.0842     0.0527     0.0195      82598    57.3590     100.00     2.3456     2.0503          8  0.000e+00
    175.157   79.06496  126.00524    177.101     1.6156     1.6148  30.340293  30.337805    34.7705    34.7681    293.163    286.532    -0.1366     4.6288     0.0842     0.0842     0.0517     0.0195      82599    57.3597     100.00     2.3456     2.0490          8  0.000e+00
    175.108   79.06496  126.00524    177.051     1.6159     1.6148  30.340607  30.337628    34.7706    34.7680    293.159    286.531    -0.1366     4.6276     0.0842     0.0842     0.0527     0.0195      82600    57.3604     100.00     2.3456     2.0490          8  0.000e+00
    175.100   79.06496  126.00524    177.043     1.6159     1.6149  30.340795  30.337746    34.7708    34.7680    292.964    286.759    -0.1366     4.6276     0.0842     0.0842     0.0527     0.0195      82601    57.3611     100.00     2.3443     2.0503          8  0.000e+00
    175.157   79.06496  126.00524    177.101     1.6160     1.6147  30.340858  30.337628    34.7707    34.7681    293.159    286.992    -0.1366     4.6276     0.0842     0.0842     0.0527     0.0195      82602    57.3618     100.00     2.3456     2.0515          8  0.000e+00
    175.100   79.06496  126.00524    177.043     1.6162     1.6148  30.340858  30.337923    34.7705    34.7683    293.156    286.988    -0.1366     4.6276     0.0830     0.0830     0.0527     0.0195      82603    57.3625     100.00     2.3456     2.0515          8  0.000e+00
    175.100   79.06496  126.00524    177.043     1.6164     1.6150  30.340983  30.338100    34.7705    34.7684    293.155    286.986    -0.1366     4.6276     0.0818     0.0818     0.0527     0.0195      82604    57.3632     100.00     2.3456     2.0515          8  0.000e+00
    175.166   79.06496  126.00524    177.109     1.6162     1.6151  30.341046  30.338100    34.7707    34.7682    293.158    286.988    -0.1366     4.6276     0.0818     0.0818     0.0527     0.0195      82605    57.3639     100.00     2.3456     2.0515          8  0.000e+00
    175.100   79.06496  126.00524    177.043     1.6162     1.6153  30.340920  30.338100    34.7706    34.7681    293.156    287.213    -0.1366     4.6276     0.0818     0.0818     0.0527     0.0195      82606    57.3646     100.00     2.3456     2.0527          8  0.000e+00
    175.157   79.06496  126.00524    177.101     1.6164     1.6155  30.341234  30.338100    34.7708    34.7678    293.156    286.986    -0.1366     4.6276     0.0818     0.0818     0.0527     0.0195      82607    57.3653     100.00     2.3456     2.0515          8  0.000e+00
    149.867   79.06480  126.00486    151.520     1.1075     1.1054  29.794805  29.790996    34.6515    34.6489    296.618    289.911    -0.1366     4.6264     0.0818     0.0818     0.0538     0.0195      85407    59.3097     100.00     2.3453     2.0488          9  0.000e+00
    149.858   79.06480  126.00486    151.512     1.1076     1.1056  29.794930  29.790879    34.6515    34.6486    296.616    290.142    -0.1061     4.6264     0.0818     0.0818     0.0538     0.0208      85408    59.3104     100.00     2.3453     2.0500          9  0.000e+00
    149.793   79.06480  126.00486    151.446     1.1078     1.1056  29.794805  29.790644    34.6513    34.6483    296.614    289.908    -0.1366     4.6264     0.0818     0.0818     0.0538     0.0195      85409    59.3111     100.00     2.3453     2.0488          9  0.000e+00
    149.924   79.06480  126.00486    151.578     1.1076     1.1056  29.794681  29.790527    34.6511    34.6481    296.424    290.145    -0.1366     4.6264     0.0818     0.0818     0.0538     0.0195      85410    59.3118     100.00     2.3440     2.0500          9  0.000e+00
    149.858   79.06480  126.00486    151.512     1.1077     1.1053  29.794743  29.790527    34.6512    34.6485    296.617    290.376    -0.1366     4.6264     0.0818     0.0818     0.0538     0.0195      85411    59.3125     100.00     2.3453     2.0512          9  0.000e+00
    149.858   79.06480  126.00486    151.512     1.1076     1.1052  29.794805  29.790527    34.6513    34.6485    296.617    290.608    -0.1366     4.6264     0.0818     0.0818     0.0538     0.0195      85412    59.3132     100.00     2.3453     2.0524          9  0.000e+00
    149.858   79.06480  126.00486    151.512     1.1073     1.1054  29.794930  29.790527    34.6519    34.6483    296.423    291.069    -0.1366     4.6264     0.0818     0.0818     0.0538     0.0195      85413    59.3139     100.00     2.3440     2.0549          9  0.000e+00
    149.867   79.06480  126.00486    151.520     1.1076     1.1051  29.794805  29.790351    34.6513    34.6484    296.421    291.072    -0.1366     4.6264     0.0818     0.0818     0.0538     0.0195      85414    59.3146     100.00     2.3440     2.0549          9  0.000e+00
    149.916   79.06480  126.00486    151.570     1.1074     1.1053  29.794805  29.790293    34.6515    34.6481    296.425    291.073    -0.1366     4.6264     0.0818     0.0818     0.0538     0.0195      85415    59.3153     100.00     2.3440     2.0549          9  0.000e+00
    149.793   79.06480  126.00486    151.446     1.1075     1.1052  29.794681  29.790468    34.6514    34.6485    296.615    290.837    -0.1366     4.6264     0.0818     0.0818     0.0538     0.0195      85416    59.3160     100.00     2.3453     2.0537          9  0.000e+00
    149.924   79.06480  126.00486    151.578     1.1075     1.1051  29.794494  29.790527    34.6511    34.6486    296.621    290.842    -0.1061     4.6264     0.0818     0.0818     0.0538     0.0208      85417    59.3167     100.00     2.3453     2.0537          9  0.000e+00
    149.858   79.06480  126.00486    151.512     1.1075     1.1050  29.794681  29.790527    34.6514    34.6488    296.618    290.840    -0.1366     4.6264     0.0818     0.0818     0.0538     0.0195      85418    59.3174     100.00     2.3453     2.0537          9  0.000e+00
    149.858   79.06480  126.00486    151.512     1.1075     1.1049  29.795117  29.790527    34.6519    34.6489    296.421    290.841    -0.1366     4.6264     0.0818     0.0818     0.0538     0.0195      85419    59.3181     100.00     2.3440     2.0537          9  0.000e+00
