Continuous CTD Data/01_SBE Stage/nabos_13_01.ros
* Sea-Bird SBE 9 Data File:
* FileName = D:\CTD\data\HLY2502\raw\NABOS_13_01.hex
* Software Version Seasave V 7.26.7.110
* Temperature SN = 6954
* Conductivity SN = 2561
* Number of Bytes Per Scan = 37
* Number of Voltage Words = 4
* Number of Scans Averaged by the Deck Unit = 1
* NMEA Latitude = 77 47.47 N
* NMEA Longitude = 174 07.84 W
* NMEA UTC (Time) = Sep 10 2025  11:34:32
* NMEA baud rate = 9600
** Ship: USCG HEALY
** Bot. Depth:  1300
** Cast Number:  01
** Station Name:  NABOS
** Station Number:  13
** Operator:  STARC
# nquan = 25
# nvalues = 1147                                  
# units = specified
# name 0 = depSM: Depth [salt water, m]
# name 1 = latitude: Latitude [deg]
# name 2 = longitude: Longitude [deg]
# name 3 = prDM: Pressure, Digiquartz [db]
# name 4 = t090C: Temperature [ITS-90, deg C]
# name 5 = t190C: Temperature, 2 [ITS-90, deg C]
# name 6 = c0mS/cm: Conductivity [mS/cm]
# name 7 = c1mS/cm: Conductivity, 2 [mS/cm]
# name 8 = sal00: Salinity, Practical [PSU]
# name 9 = sal11: Salinity, Practical, 2 [PSU]
# name 10 = sbox0Mm/Kg: Oxygen, SBE 43 [umol/kg]
# name 11 = sbox1Mm/Kg: Oxygen, SBE 43, 2 [umol/kg]
# name 12 = flECO-AFL: Fluorescence, WET Labs ECO-AFL/FL [mg/m^3]
# name 13 = v2: Voltage 2
# name 14 = wetCDOM: Fluorescence, WET Labs CDOM [mg/m^3]
# name 15 = v6: Voltage 6
# name 16 = CStarAt0: Beam Attenuation, WET Labs C-Star [1/m]
# name 17 = v3: Voltage 3
# name 18 = scan: Scan Count
# name 19 = timeM: Time, Elapsed [minutes]
# name 20 = altM: Altimeter [m]
# name 21 = sbeox0V: Oxygen raw, SBE 43 [V]
# name 22 = sbeox1V: Oxygen raw, SBE 43, 2 [V]
# name 23 = nbf: Bottles Fired
# name 24 = flag:  0.000e+00
# interval = seconds: 0.0416667
# start_time = Sep 10 2025 11:34:32 [NMEA time, header]
# bad_flag = -9.990e-29
*END*
[from data line 174]
    502.062   77.79924 -174.10486    508.015     0.8165     0.8165  29.861244  29.859468    34.8527    34.8504    289.345    281.747    -0.1366     4.6618     0.0830     0.0830     0.0233     0.0195      66284    46.0299     100.00     2.2055     1.9282          4  0.000e+00
    502.120   77.79924 -174.10486    508.074     0.8164     0.8166  29.861244  29.859469    34.8528    34.8502    289.141    281.748    -0.1366     4.6618     0.0830     0.0830     0.0233     0.0195      66285    46.0306     100.00     2.2043     1.9282          4  0.000e+00
    502.120   77.79924 -174.10486    508.074     0.8164     0.8164  29.861182  29.859469    34.8527    34.8505    289.348    281.260    -0.1366     4.6618     0.0842     0.0842     0.0233     0.0195      66286    46.0313     100.00     2.2055     1.9258          4  0.000e+00
    502.054   77.79924 -174.10486    508.007     0.8165     0.8161  29.861681  29.859468    34.8533    34.8509    289.344    281.014    -0.1366     4.6618     0.0842     0.0842     0.0233     0.0195      66287    46.0319     100.00     2.2055     1.9245          4  0.000e+00
    502.062   77.79924 -174.10486    508.015     0.8164     0.8165  29.861494  29.859468    34.8531    34.8504    289.345    280.767    -0.1366     4.6618     0.0830     0.0830     0.0233     0.0195      66288    46.0326     100.00     2.2055     1.9233          4  0.000e+00
    502.120   77.79924 -174.10486    508.074     0.8165     0.8164  29.861307  29.859703    34.8527    34.8508    289.140    280.525    -0.1366     4.6618     0.0830     0.0830     0.0233     0.0195      66289    46.0333     100.00     2.2043     1.9221          4  0.000e+00
    502.120   77.79924 -174.10486    508.074     0.8162     0.8164  29.861369  29.859762    34.8532    34.8509    289.142    280.524    -0.1366     4.6618     0.0830     0.0830     0.0233     0.0195      66290    46.0340     100.00     2.2043     1.9221          4  0.000e+00
    502.120   77.79924 -174.10486    508.074     0.8163     0.8164  29.861494  29.859527    34.8533    34.8506    289.141    280.770    -0.1366     4.6618     0.0830     0.0830     0.0233     0.0195      66291    46.0347     100.00     2.2043     1.9233          4  0.000e+00
    502.062   77.79924 -174.10486    508.015     0.8164     0.8164  29.861681  29.859468    34.8534    34.8506    289.138    281.013    -0.1061     4.6618     0.0830     0.0830     0.0233     0.0208      66292    46.0354     100.00     2.2043     1.9245          4  0.000e+00
    502.120   77.79924 -174.10486    508.074     0.8164     0.8165  29.861369  29.859703    34.8530    34.8507    289.348    281.503    -0.1366     4.6618     0.0830     0.0830     0.0233     0.0195      66293    46.0361     100.00     2.2055     1.9270          4  0.000e+00
    502.120   77.79924 -174.10486    508.074     0.8164     0.8164  29.861369  29.859527    34.8529    34.8506    289.141    281.505    -0.1061     4.6630     0.0830     0.0830     0.0222     0.0208      66294    46.0368     100.00     2.2043     1.9270          4  0.000e+00
    502.120   77.79924 -174.10486    508.074     0.8164     0.8166  29.861494  29.859645    34.8532    34.8504    289.141    281.503    -0.1366     4.6630     0.0830     0.0830     0.0222     0.0195      66295    46.0375     100.00     2.2043     1.9270          4  0.000e+00
    502.054   77.79924 -174.10486    508.007     0.8164     0.8162  29.861244  29.859292    34.8528    34.8505    289.138    281.504    -0.1366     4.6630     0.0842     0.0842     0.0222     0.0195      66296    46.0382     100.00     2.2043     1.9270          4  0.000e+00
    502.120   77.79924 -174.10486    508.074     0.8164     0.8164  29.861681  29.859175    34.8534    34.8502    289.347    281.261    -0.1366     4.6630     0.0842     0.0842     0.0222     0.0195      66297    46.0389     100.00     2.2055     1.9258          4  0.000e+00
    502.120   77.79924 -174.10486    508.074     0.8162     0.8164  29.861182  29.859586    34.8529    34.8507    289.142    281.505    -0.1366     4.6630     0.0830     0.0830     0.0222     0.0195      66298    46.0396     100.00     2.2043     1.9270          4  0.000e+00
    502.178   77.79924 -174.10486    508.132     0.8164     0.8164  29.861556  29.859762    34.8531    34.8509    289.142    281.751    -0.1366     4.6630     0.0830     0.0830     0.0222     0.0195      66299    46.0403     100.00     2.2043     1.9282          4  0.000e+00
    502.120   77.79924 -174.10486    508.074     0.8164     0.8162  29.861806  29.859527    34.8536    34.8508    289.140    282.240    -0.1366     4.6630     0.0830     0.0830     0.0222     0.0195      66300    46.0410     100.00     2.2043     1.9307          4  0.000e+00
    502.120   77.79924 -174.10486    508.074     0.8162     0.8165  29.861307  29.859703    34.8531    34.8507    288.935    282.238    -0.1366     4.6618     0.0830     0.0830     0.0233     0.0195      66301    46.0417     100.00     2.2031     1.9307          4  0.000e+00
    502.120   77.79924 -174.10486    508.074     0.8164     0.8164  29.861244  29.859938    34.8528    34.8512    289.141    282.728    -0.1366     4.6618     0.0818     0.0818     0.0233     0.0195      66302    46.0424     100.00     2.2043     1.9331          4  0.000e+00
    502.120   77.79924 -174.10486    508.074     0.8162     0.8165  29.861182  29.859586    34.8529    34.8505    289.142    282.483    -0.1366     4.6630     0.0806     0.0806     0.0222     0.0195      66303    46.0431     100.00     2.2043     1.9319          4  0.000e+00
    502.178   77.79924 -174.10486    508.132     0.8166     0.8165  29.861245  29.859645    34.8526    34.8505    289.349    282.240    -0.1366     4.6630     0.0818     0.0818     0.0222     0.0195      66304    46.0438     100.00     2.2055     1.9307          4  0.000e+00
    502.120   77.79924 -174.10486    508.074     0.8162     0.8164  29.861369  29.859762    34.8532    34.8509    289.142    281.749    -0.1366     4.6618     0.0806     0.0806     0.0233     0.0195      66305    46.0444     100.00     2.2043     1.9282          4  0.000e+00
    502.244   77.79924 -174.10486    508.199     0.8161     0.8161  29.861245  29.859469    34.8531    34.8508    289.148    284.450    -0.1671     4.6593     0.0818     0.0818     0.0254     0.0183      66327    46.0597     100.00     2.2043     1.9417          5  0.000e+00
    502.178   77.79924 -174.10486    508.132     0.8163     0.8162  29.861494  29.859293    34.8532    34.8505    288.936    283.713    -0.1671     4.6606     0.0806     0.0806     0.0243     0.0183      66328    46.0604     100.00     2.2031     1.9380          5  0.000e+00
    502.244   77.79924 -174.10486    508.199     0.8164     0.8164  29.861245  29.859586    34.8528    34.8506    288.939    283.224    -0.1976     4.6593     0.0818     0.0818     0.0254     0.0171      66329    46.0611     100.00     2.2031     1.9356          5  0.000e+00
    502.120   77.79924 -174.10486    508.074     0.8164     0.8162  29.861432  29.859762    34.8531    34.8511    288.934    282.974    -0.1671     4.6593     0.0806     0.0806     0.0254     0.0183      66330    46.0618     100.00     2.2031     1.9343          5  0.000e+00
    502.244   77.79924 -174.10486    508.199     0.8162     0.8164  29.861245  29.859293    34.8530    34.8502    288.940    283.225    -0.1976     4.6593     0.0806     0.0806     0.0254     0.0171      66331    46.0625     100.00     2.2031     1.9356          5  0.000e+00
    502.178   77.79924 -174.10486    508.132     0.8162     0.8162  29.861245  29.859586    34.8530    34.8508    288.937    283.222    -0.1671     4.6593     0.0818     0.0818     0.0254     0.0183      66332    46.0632     100.00     2.2031     1.9356          5  0.000e+00
    502.244   77.79924 -174.10486    508.199     0.8162     0.8162  29.861619  29.859586    34.8535    34.8508    288.939    283.224    -0.1976     4.6606     0.0818     0.0818     0.0243     0.0171      66333    46.0639     100.00     2.2031     1.9356          5  0.000e+00
    502.178   77.79924 -174.10486    508.132     0.8164     0.8162  29.861556  29.859234    34.8532    34.8503    288.935    282.978    -0.1976     4.6618     0.0806     0.0806     0.0233     0.0171      66334    46.0646     100.00     2.2031     1.9343          5  0.000e+00
    502.244   77.79924 -174.10486    508.199     0.8161     0.8162  29.861681  29.859352    34.8536    34.8505    289.146    282.490    -0.1671     4.6618     0.0806     0.0806     0.0233     0.0183      66335    46.0653     100.00     2.2043     1.9319          5  0.000e+00
    502.244   77.79924 -174.10486    508.199     0.8162     0.8162  29.860995  29.859469    34.8527    34.8506    289.148    282.490    -0.1671     4.6618     0.0806     0.0806     0.0233     0.0183      66336    46.0660     100.00     2.2043     1.9319          5  0.000e+00
    502.178   77.79924 -174.10486    508.132     0.8161     0.8164  29.861245  29.859058    34.8531    34.8500    289.145    282.243    -0.1671     4.6618     0.0806     0.0806     0.0233     0.0183      66337    46.0667     100.00     2.2043     1.9307          5  0.000e+00
    502.178   77.79924 -174.10486    508.132     0.8162     0.8162  29.860870  29.859293    34.8525    34.8504    288.938    282.243    -0.1976     4.6618     0.0806     0.0806     0.0233     0.0171      66338    46.0674     100.00     2.2031     1.9307          5  0.000e+00
    502.244   77.79924 -174.10486    508.199     0.8162     0.8161  29.861245  29.859469    34.8530    34.8508    288.940    282.491    -0.1976     4.6618     0.0806     0.0806     0.0233     0.0171      66339    46.0681     100.00     2.2031     1.9319          5  0.000e+00
    502.244   77.79924 -174.10486    508.199     0.8162     0.8164  29.861307  29.859469    34.8530    34.8505    288.940    282.489    -0.1671     4.6618     0.0818     0.0818     0.0233     0.0183      66340    46.0688     100.00     2.2031     1.9319          5  0.000e+00
    502.178   77.79924 -174.10486    508.132     0.8162     0.8164  29.861182  29.859469    34.8530    34.8505    289.145    282.242    -0.1671     4.6618     0.0806     0.0806     0.0233     0.0183      66341    46.0694     100.00     2.2043     1.9307          5  0.000e+00
    502.302   77.79924 -174.10486    508.258     0.8159     0.8159  29.860996  29.859469    34.8529    34.8510    288.944    282.249    -0.1671     4.6618     0.0818     0.0818     0.0233     0.0183      66342    46.0701     100.00     2.2031     1.9307          5  0.000e+00
    502.178   77.79924 -174.10486    508.132     0.8161     0.8162  29.860995  29.859469    34.8528    34.8506    289.146    282.242    -0.1671     4.6618     0.0818     0.0818     0.0233     0.0183      66343    46.0708     100.00     2.2043     1.9307          5  0.000e+00
    502.244   77.79924 -174.10486    508.199     0.8160     0.8161  29.861120  29.859645    34.8530    34.8510    288.941    282.490    -0.1671     4.6618     0.0806     0.0806     0.0233     0.0183      66344    46.0715     100.00     2.2031     1.9319          5  0.000e+00
    502.244   77.79924 -174.10486    508.199     0.8159     0.8162  29.860995  29.859293    34.8529    34.8504    288.942    282.491    -0.1366     4.6618     0.0806     0.0806     0.0233     0.0195      66345    46.0722     100.00     2.2031     1.9319          5  0.000e+00
    502.244   77.79924 -174.10486    508.199     0.8162     0.8162  29.861307  29.859410    34.8531    34.8505    288.940    282.490    -0.1671     4.6618     0.0806     0.0806     0.0233     0.0183      66346    46.0729     100.00     2.2031     1.9319          5  0.000e+00
    502.244   77.79924 -174.10486    508.199     0.8161     0.8162  29.861307  29.859704    34.8531    34.8509    288.940    282.489    -0.1976     4.6618     0.0818     0.0818     0.0233     0.0171      66347    46.0736     100.00     2.2031     1.9319          5  0.000e+00
    502.244   77.79924 -174.10486    508.199     0.8161     0.8162  29.861370  29.859528    34.8532    34.8507    289.147    282.490    -0.1671     4.6618     0.0806     0.0806     0.0233     0.0183      66348    46.0743     100.00     2.2043     1.9319          5  0.000e+00
    502.244   77.79924 -174.10486    508.199     0.8162     0.8162  29.861058  29.859469    34.8528    34.8506    288.941    282.490    -0.1976     4.6618     0.0806     0.0806     0.0233     0.0171      66349    46.0750     100.00     2.2031     1.9319          5  0.000e+00
    502.302   77.79924 -174.10486    508.258     0.8161     0.8162  29.861307  29.859469    34.8531    34.8506    289.149    282.247    -0.1671     4.6618     0.0818     0.0818     0.0233     0.0183      66350    46.0757     100.00     2.2043     1.9307          5  0.000e+00
    502.244   77.79924 -174.10486    508.199     0.8162     0.8162  29.860871  29.859704    34.8525    34.8509    288.941    281.754    -0.1976     4.6618     0.0818     0.0818     0.0233     0.0171      66351    46.0764     100.00     2.2031     1.9282          5  0.000e+00
    502.244   77.79924 -174.10486    508.199     0.8160     0.8162  29.861245  29.859528    34.8532    34.8507    289.148    282.000    -0.1671     4.6618     0.0818     0.0818     0.0233     0.0183      66352    46.0771     100.00     2.2043     1.9294          5  0.000e+00
    502.244   77.79924 -174.10486    508.199     0.8162     0.8162  29.861307  29.859645    34.8530    34.8508    289.147    282.244    -0.1976     4.6618     0.0818     0.0818     0.0233     0.0171      66353    46.0778     100.00     2.2043     1.9307          5  0.000e+00
    502.244   77.79924 -174.10486    508.199     0.8163     0.8162  29.861182  29.859528    34.8528    34.8507    288.940    282.245    -0.1671     4.6630     0.0806     0.0806     0.0222     0.0183      66354    46.0785     100.00     2.2031     1.9307          5  0.000e+00
    502.244   77.79924 -174.10486    508.199     0.8162     0.8162  29.861245  29.859469    34.8529    34.8506    289.147    282.000    -0.1671     4.6630     0.0818     0.0818     0.0222     0.0183      66355    46.0792     100.00     2.2043     1.9294          5  0.000e+00
    502.302   77.79924 -174.10486    508.258     0.8161     0.8162  29.861183  29.859704    34.8529    34.8509    289.150    281.756    -0.1671     4.6630     0.0818     0.0818     0.0222     0.0183      66356    46.0799     100.00     2.2043     1.9282          5  0.000e+00
    502.244   77.79924 -174.10486    508.199     0.8162     0.8164  29.861432  29.859293    34.8532    34.8502    289.146    281.510    -0.1671     4.6618     0.0818     0.0818     0.0233     0.0183      66357    46.0806     100.00     2.2043     1.9270          5  0.000e+00
    502.302   77.79924 -174.10486    508.258     0.8162     0.8161  29.861120  29.859352    34.8527    34.8506    289.149    281.514    -0.1671     4.6630     0.0830     0.0830     0.0222     0.0183      66358    46.0812     100.00     2.2043     1.9270          5  0.000e+00
    502.244   77.79924 -174.10486    508.199     0.8159     0.8162  29.861120  29.859469    34.8531    34.8506    289.149    281.755    -0.1671     4.6618     0.0818     0.0818     0.0233     0.0183      66359    46.0819     100.00     2.2043     1.9282          5  0.000e+00
    502.244   77.79924 -174.10486    508.199     0.8163     0.8162  29.861245  29.859469    34.8529    34.8506    288.939    281.510    -0.1671     4.6618     0.0830     0.0830     0.0233     0.0183      66360    46.0826     100.00     2.2031     1.9270          5  0.000e+00
    502.302   77.79924 -174.10486    508.258     0.8161     0.8161  29.861183  29.859704    34.8529    34.8511    288.943    281.023    -0.1671     4.6618     0.0830     0.0830     0.0233     0.0183      66361    46.0833     100.00     2.2031     1.9245          5  0.000e+00
