Continuous CTD Data/01_SBE Stage/nabos_07_02.ros
* Sea-Bird SBE 9 Data File:
* FileName = D:\CTD\data\HLY2502\raw\NABOS_07_02.hex
* Software Version Seasave V 7.26.7.110
* Temperature SN = 6954
* Conductivity SN = 2561
* Number of Bytes Per Scan = 37
* Number of Voltage Words = 4
* Number of Scans Averaged by the Deck Unit = 1
* NMEA Latitude = 75 42.24 N
* NMEA Longitude = 175 32.88 E
* NMEA UTC (Time) = Sep 12 2025  05:23:18
* NMEA baud rate = 9600
** Ship: USCG HEALY
** Bot. Depth:  264
** Cast Number:  02
** Station Name:  NABOS
** Station Number:  07
** Operator:  STARC
** cast to 254m
# nquan = 25
# nvalues = 1029                                  
# units = specified
# name 0 = depSM: Depth [salt water, m]
# name 1 = latitude: Latitude [deg]
# name 2 = longitude: Longitude [deg]
# name 3 = prDM: Pressure, Digiquartz [db]
# name 4 = t090C: Temperature [ITS-90, deg C]
# name 5 = t190C: Temperature, 2 [ITS-90, deg C]
# name 6 = c0mS/cm: Conductivity [mS/cm]
# name 7 = c1mS/cm: Conductivity, 2 [mS/cm]
# name 8 = sal00: Salinity, Practical [PSU]
# name 9 = sal11: Salinity, Practical, 2 [PSU]
# name 10 = sbox0Mm/Kg: Oxygen, SBE 43 [umol/kg]
# name 11 = sbox1Mm/Kg: Oxygen, SBE 43, 2 [umol/kg]
# name 12 = flECO-AFL: Fluorescence, WET Labs ECO-AFL/FL [mg/m^3]
# name 13 = v2: Voltage 2
# name 14 = wetCDOM: Fluorescence, WET Labs CDOM [mg/m^3]
# name 15 = v6: Voltage 6
# name 16 = CStarAt0: Beam Attenuation, WET Labs C-Star [1/m]
# name 17 = v3: Voltage 3
# name 18 = scan: Scan Count
# name 19 = timeM: Time, Elapsed [minutes]
# name 20 = altM: Altimeter [m]
# name 21 = sbeox0V: Oxygen raw, SBE 43 [V]
# name 22 = sbeox1V: Oxygen raw, SBE 43, 2 [V]
# name 23 = nbf: Bottles Fired
# name 24 = flag:  0.000e+00
# interval = seconds: 0.0416667
# start_time = Sep 12 2025 05:23:18 [NMEA time, header]
# bad_flag = -9.990e-29
*END*
[from data line 464]
    100.364   75.70456  175.56170    101.445    -1.1758    -1.1750  27.516597  27.515966    34.2295    34.2276    299.007    289.101    -0.1366     4.6618     0.0916     0.0916     0.0233     0.0195      40084    27.8354     100.00     2.2454     1.9509         10  0.000e+00
    100.240   75.70456  175.56170    101.321    -1.1757    -1.1749  27.516778  27.515909    34.2297    34.2275    299.000    289.096    -0.1366     4.6618     0.0904     0.0904     0.0233     0.0195      40085    27.8361     100.00     2.2454     1.9509         10  0.000e+00
    100.347   75.70456  175.56170    101.429    -1.1758    -1.1752  27.517021  27.516080    34.2300    34.2280    299.213    289.101    -0.1366     4.6618     0.0916     0.0916     0.0233     0.0195      40086    27.8368     100.00     2.2466     1.9509         10  0.000e+00
    100.298   75.70456  175.56170    101.379    -1.1759    -1.1752  27.516476  27.515966    34.2294    34.2279    299.005    289.100    -0.1366     4.6618     0.0904     0.0904     0.0233     0.0195      40087    27.8375     100.00     2.2454     1.9509         10  0.000e+00
    100.364   75.70456  175.56170    101.445    -1.1758    -1.1751  27.516718  27.515909    34.2296    34.2277    298.798    289.102    -0.1366     4.6618     0.0904     0.0904     0.0233     0.0195      40088    27.8382     100.00     2.2441     1.9509         10  0.000e+00
    100.290   75.70456  175.56170    101.371    -1.1761    -1.1752  27.516839  27.515909    34.2301    34.2278    299.004    288.852    -0.1366     4.6618     0.0904     0.0904     0.0233     0.0195      40089    27.8389     100.00     2.2454     1.9497         10  0.000e+00
    100.298   75.70456  175.56170    101.379    -1.1758    -1.1752  27.516597  27.515909    34.2295    34.2278    298.795    288.853    -0.1366     4.6618     0.0891     0.0891     0.0233     0.0195      40090    27.8396     100.00     2.2441     1.9497         10  0.000e+00
    100.364   75.70456  175.56170    101.445    -1.1759    -1.1752  27.517202  27.516080    34.2304    34.2280    299.005    288.609    -0.1366     4.6618     0.0891     0.0891     0.0233     0.0195      40091    27.8403     100.00     2.2454     1.9484         10  0.000e+00
    100.347   75.70456  175.56170    101.429    -1.1758    -1.1752  27.517323  27.515966    34.2305    34.2278    299.004    288.608    -0.1366     4.6618     0.0891     0.0891     0.0233     0.0195      40092    27.8410     100.00     2.2454     1.9484         10  0.000e+00
    100.298   75.70456  175.56170    101.379    -1.1756    -1.1751  27.517323  27.515738    34.2302    34.2275    299.000    288.853    -0.1366     4.6618     0.0904     0.0904     0.0233     0.0195      40093    27.8417     100.00     2.2454     1.9497         10  0.000e+00
    100.364   75.70456  175.56170    101.445    -1.1758    -1.1753  27.517384  27.515852    34.2305    34.2279    299.004    288.857    -0.1366     4.6618     0.0904     0.0904     0.0233     0.0195      40094    27.8424     100.00     2.2454     1.9497         10  0.000e+00
    100.364   75.70456  175.56170    101.445    -1.1755    -1.1752  27.517747  27.515909    34.2306    34.2278    299.000    289.102    -0.1366     4.6618     0.0904     0.0904     0.0233     0.0195      40095    27.8431     100.00     2.2454     1.9509         10  0.000e+00
    100.347   75.70456  175.56170    101.429    -1.1755    -1.1752  27.518049  27.515909    34.2311    34.2278    298.999    289.348    -0.1366     4.6618     0.0904     0.0904     0.0233     0.0195      40096    27.8438     100.00     2.2454     1.9521         10  0.000e+00
    100.298   75.70456  175.56172    101.379    -1.1753    -1.1752  27.518170  27.515909    34.2310    34.2278    298.995    289.593    -0.1366     4.6618     0.0904     0.0904     0.0233     0.0195      40097    27.8444     100.00     2.2454     1.9533         10  0.000e+00
    100.364   75.70456  175.56172    101.445    -1.1751    -1.1752  27.518110  27.515738    34.2307    34.2276    299.206    289.596    -0.1366     4.6618     0.0904     0.0904     0.0233     0.0195      40098    27.8451     100.00     2.2466     1.9533         10  0.000e+00
    100.347   75.70456  175.56172    101.429    -1.1745    -1.1752  27.518291  27.515681    34.2302    34.2275    298.992    289.349    -0.1366     4.6618     0.0904     0.0904     0.0233     0.0195      40099    27.8458     100.00     2.2454     1.9521         10  0.000e+00
    100.364   75.70456  175.56172    101.445    -1.1748    -1.1753  27.518412  27.515852    34.2308    34.2279    298.994    289.350    -0.1366     4.6618     0.0904     0.0904     0.0233     0.0195      40100    27.8465     100.00     2.2454     1.9521         10  0.000e+00
    100.364   75.70456  175.56172    101.445    -1.1745    -1.1754  27.518412  27.515511    34.2304    34.2275    298.992    289.351    -0.1366     4.6618     0.0904     0.0904     0.0233     0.0195      40101    27.8472     100.00     2.2454     1.9521         10  0.000e+00
    100.405   75.70456  175.56172    101.487    -1.1747    -1.1753  27.517989  27.515568    34.2300    34.2274    298.996    289.846    -0.1061     4.6618     0.0891     0.0891     0.0233     0.0208      40102    27.8479     100.00     2.2454     1.9545         10  0.000e+00
    100.364   75.70456  175.56172    101.445    -1.1747    -1.1752  27.517928  27.515454    34.2300    34.2272    298.995    290.090    -0.1366     4.6618     0.0904     0.0904     0.0233     0.0195      40103    27.8486     100.00     2.2454     1.9558         10  0.000e+00
    100.364   75.70456  175.56172    101.445    -1.1753    -1.1754  27.517868  27.515568    34.2306    34.2275    298.999    290.091    -0.1061     4.6618     0.0904     0.0904     0.0233     0.0208      40104    27.8493     100.00     2.2454     1.9558         10  0.000e+00
    100.405   75.70456  175.56172    101.487    -1.1753    -1.1755  27.517444  27.515511    34.2300    34.2275    299.002    290.093    -0.1366     4.6618     0.0904     0.0904     0.0233     0.0195      40105    27.8500     100.00     2.2454     1.9558         10  0.000e+00
    100.364   75.70456  175.56172    101.445    -1.1755    -1.1752  27.517384  27.515397    34.2301    34.2271    299.002    289.844    -0.1366     4.6618     0.0904     0.0904     0.0233     0.0195      40106    27.8507     100.00     2.2454     1.9545         10  0.000e+00
    100.421   75.70456  175.56172    101.503    -1.1753    -1.1758  27.517142  27.515170    34.2296    34.2274    299.004    289.604    -0.1366     4.6618     0.0904     0.0904     0.0233     0.0195      40107    27.8514     100.00     2.2454     1.9533         10  0.000e+00
    100.405   75.70456  175.56172    101.487    -1.1759    -1.1758  27.517081  27.515113    34.2302    34.2273    299.007    289.603    -0.1366     4.6618     0.0891     0.0891     0.0233     0.0195      40108    27.8521     100.00     2.2454     1.9533         10  0.000e+00
    100.421   75.70456  175.56172    101.503    -1.1758    -1.1757  27.516900  27.515113    34.2298    34.2272    299.008    289.357    -0.1061     4.6618     0.0904     0.0904     0.0233     0.0208      40109    27.8528     100.00     2.2454     1.9521         10  0.000e+00
     84.864   75.70466  175.56276     85.775    -1.3314    -1.3314  27.258844  27.257000    34.0627    34.0602    303.323    293.469    -0.1366     4.6618     0.0928     0.0928     0.0233     0.0195      42815    29.7319     100.00     2.2637     1.9668         11  0.000e+00
     84.987   75.70466  175.56276     85.900    -1.3313    -1.3314  27.258905  27.257171    34.0625    34.0604    303.536    293.721    -0.1366     4.6618     0.0916     0.0916     0.0233     0.0195      42816    29.7326     100.00     2.2649     1.9680         11  0.000e+00
     84.864   75.70466  175.56276     85.775    -1.3314    -1.3314  27.258844  27.257171    34.0627    34.0605    303.323    293.468    -0.1061     4.6618     0.0916     0.0916     0.0233     0.0208      42817    29.7333     100.00     2.2637     1.9668         11  0.000e+00
     84.921   75.70466  175.56276     85.833    -1.3313    -1.3314  27.258845  27.257398    34.0625    34.0607    303.324    293.470    -0.1366     4.6618     0.0916     0.0916     0.0233     0.0195      42818    29.7340     100.00     2.2637     1.9668         11  0.000e+00
     84.864   75.70466  175.56276     85.775    -1.3317    -1.3314  27.259086  27.257227    34.0634    34.0605    303.324    293.468    -0.1061     4.6618     0.0916     0.0916     0.0233     0.0208      42819    29.7347     100.00     2.2637     1.9668         11  0.000e+00
     84.921   75.70466  175.56276     85.833    -1.3314    -1.3316  27.258483  27.257001    34.0621    34.0604    303.535    293.472    -0.1366     4.6618     0.0916     0.0916     0.0233     0.0195      42820    29.7354     100.00     2.2649     1.9668         11  0.000e+00
     84.864   75.70466  175.56276     85.775    -1.3314    -1.3314  27.258965  27.257114    34.0628    34.0604    303.322    293.221    -0.1366     4.6618     0.0916     0.0916     0.0233     0.0195      42821    29.7361     100.00     2.2637     1.9655         11  0.000e+00
     84.921   75.70466  175.56276     85.833    -1.3315    -1.3314  27.258724  27.257001    34.0627    34.0602    303.326    293.224    -0.1366     4.6618     0.0928     0.0928     0.0233     0.0195      42822    29.7368     100.00     2.2637     1.9655         11  0.000e+00
     84.921   75.70466  175.56276     85.833    -1.3314    -1.3316  27.258423  27.257001    34.0621    34.0604    303.326    293.225    -0.1366     4.6618     0.0928     0.0928     0.0233     0.0195      42823    29.7375     100.00     2.2637     1.9655         11  0.000e+00
     84.864   75.70466  175.56276     85.775    -1.3314    -1.3313  27.258422  27.256944    34.0621    34.0600    303.533    293.221    -0.1366     4.6618     0.0940     0.0940     0.0233     0.0195      42824    29.7382     100.00     2.2649     1.9655         11  0.000e+00
     84.864   75.70466  175.56276     85.775    -1.3315    -1.3316  27.258543  27.256774    34.0624    34.0601    303.534    293.471    -0.1366     4.6618     0.0928     0.0928     0.0233     0.0195      42825    29.7389     100.00     2.2649     1.9668         11  0.000e+00
     84.864   75.70466  175.56276     85.775    -1.3317    -1.3314  27.258242  27.256660    34.0622    34.0598    303.327    293.470    -0.1366     4.6618     0.0928     0.0928     0.0233     0.0195      42826    29.7396     100.00     2.2637     1.9668         11  0.000e+00
     84.806   75.70466  175.56276     85.717    -1.3317    -1.3314  27.257759  27.256887    34.0616    34.0601    303.535    293.467    -0.1366     4.6618     0.0928     0.0928     0.0233     0.0195      42827    29.7403     100.00     2.2649     1.9668         11  0.000e+00
     84.921   75.70466  175.56276     85.833    -1.3319    -1.3314  27.257759  27.256944    34.0617    34.0601    303.332    293.224    -0.1366     4.6618     0.0928     0.0928     0.0233     0.0195      42828    29.7410     100.00     2.2637     1.9655         11  0.000e+00
     84.806   75.70466  175.56276     85.717    -1.3320    -1.3316  27.257277  27.256944    34.0613    34.0604    303.329    292.973    -0.1366     4.6618     0.0928     0.0928     0.0233     0.0195      42829    29.7417     100.00     2.2637     1.9643         11  0.000e+00
     84.864   75.70466  175.56276     85.775    -1.3319    -1.3316  27.257397  27.256717    34.0613    34.0600    303.540    292.728    -0.1366     4.6618     0.0928     0.0928     0.0233     0.0195      42830    29.7424     100.00     2.2649     1.9631         11  0.000e+00
     84.806   75.70466  175.56276     85.717    -1.3321    -1.3314  27.257578  27.256887    34.0619    34.0601    303.329    292.724    -0.1061     4.6618     0.0928     0.0928     0.0233     0.0208      42831    29.7431     100.00     2.2637     1.9631         11  0.000e+00
     84.864   75.70466  175.56276     85.775    -1.3321    -1.3314  27.257458  27.257000    34.0617    34.0602    303.541    292.974    -0.1366     4.6606     0.0928     0.0928     0.0243     0.0195      42832    29.7437     100.00     2.2649     1.9643         11  0.000e+00
     84.806   75.70466  175.56276     85.717    -1.3320    -1.3316  27.257880  27.257114    34.0621    34.0606    303.537    292.972    -0.1366     4.6618     0.0928     0.0928     0.0233     0.0195      42833    29.7444     100.00     2.2649     1.9643         11  0.000e+00
     84.806   75.70466  175.56278     85.717    -1.3320    -1.3314  27.257518  27.257000    34.0616    34.0603    303.328    292.971    -0.1366     4.6618     0.0928     0.0928     0.0233     0.0195      42834    29.7451     100.00     2.2637     1.9643         11  0.000e+00
     84.806   75.70466  175.56278     85.717    -1.3320    -1.3314  27.257578  27.256944    34.0617    34.0602    303.328    292.476    -0.1366     4.6618     0.0928     0.0928     0.0233     0.0195      42835    29.7458     100.00     2.2637     1.9619         11  0.000e+00
     84.806   75.70466  175.56278     85.717    -1.3320    -1.3314  27.257518  27.256944    34.0616    34.0602    303.328    292.229    -0.1366     4.6618     0.0940     0.0940     0.0233     0.0195      42836    29.7465     100.00     2.2637     1.9606         11  0.000e+00
     84.806   75.70466  175.56278     85.717    -1.3320    -1.3314  27.257759  27.256717    34.0619    34.0599    303.328    292.477    -0.1366     4.6618     0.0928     0.0928     0.0233     0.0195      42837    29.7472     100.00     2.2637     1.9619         11  0.000e+00
     84.806   75.70466  175.56278     85.717    -1.3320    -1.3316  27.257819  27.256887    34.0620    34.0603    303.327    292.725    -0.1366     4.6618     0.0928     0.0928     0.0233     0.0195      42838    29.7479     100.00     2.2637     1.9631         11  0.000e+00
     84.806   75.70466  175.56278     85.717    -1.3320    -1.3316  27.257819  27.256547    34.0620    34.0598    303.537    292.974    -0.1366     4.6618     0.0928     0.0928     0.0233     0.0195      42839    29.7486     100.00     2.2649     1.9643         11  0.000e+00
     84.741   75.70466  175.56278     85.651    -1.3319    -1.3314  27.257879  27.256773    34.0620    34.0600    303.324    293.217    -0.1366     4.6618     0.0928     0.0928     0.0233     0.0195      42840    29.7493     100.00     2.2637     1.9655         11  0.000e+00
     84.806   75.70466  175.56278     85.717    -1.3320    -1.3316  27.258000  27.256944    34.0622    34.0604    303.536    293.220    -0.1366     4.6618     0.0928     0.0928     0.0233     0.0195      42841    29.7500     100.00     2.2649     1.9655         11  0.000e+00
     84.741   75.70466  175.56278     85.651    -1.3319    -1.3313  27.257879  27.256943    34.0620    34.0601    303.533    293.216    -0.1366     4.6618     0.0940     0.0940     0.0233     0.0195      42842    29.7507     100.00     2.2649     1.9655         11  0.000e+00
     84.741   75.70466  175.56278     85.651    -1.3317    -1.3316  27.257879  27.256773    34.0618    34.0602    303.532    293.218    -0.1366     4.6618     0.0928     0.0928     0.0233     0.0195      42843    29.7514     100.00     2.2649     1.9655         11  0.000e+00
     84.806   75.70466  175.56278     85.717    -1.3319    -1.3314  27.258000  27.256660    34.0621    34.0598    303.326    293.220    -0.1366     4.6618     0.0928     0.0928     0.0233     0.0195      42844    29.7521     100.00     2.2637     1.9655         11  0.000e+00
     84.741   75.70466  175.56278     85.651    -1.3317    -1.3316  27.257699  27.256660    34.0616    34.0600    303.323    293.218    -0.1366     4.6618     0.0928     0.0928     0.0233     0.0195      42845    29.7528     100.00     2.2637     1.9655         11  0.000e+00
