Continuous CTD Data/01_SBE Stage/nabos_15_01avg.cnv
* Sea-Bird SBE 9 Data File:
* FileName = D:\CTD\data\HLY2502\raw\NABOS_15_01.hex
* Software Version Seasave V 7.26.7.110
* Temperature SN = 6954
* Conductivity SN = 2561
* Number of Bytes Per Scan = 37
* Number of Voltage Words = 4
* Number of Scans Averaged by the Deck Unit = 1
* NMEA Latitude = 78 30.10 N
* NMEA Longitude = 170 08.69 W
* NMEA UTC (Time) = Sep 09 2025  12:18:25
* NMEA baud rate = 9600
** Ship: USCG HEALY
** Bot. Depth:  2700
** Cast Number:
** Station Name:  15
** Station Number:
** Operator:  STARC
# nquan = 25
# nvalues = 2773                        
# units = specified
# name 0 = depSM: Depth [salt water, m]
# name 1 = latitude: Latitude [deg]
# name 2 = longitude: Longitude [deg]
# name 3 = prDM: Pressure, Digiquartz [db]
# name 4 = t090C: Temperature [ITS-90, deg C]
# name 5 = t190C: Temperature, 2 [ITS-90, deg C]
# name 6 = c0mS/cm: Conductivity [mS/cm]
# name 7 = c1mS/cm: Conductivity, 2 [mS/cm]
# name 8 = sal00: Salinity, Practical [PSU]
# name 9 = sal11: Salinity, Practical, 2 [PSU]
# name 10 = sbox0Mm/Kg: Oxygen, SBE 43 [umol/kg]
# name 11 = sbox1Mm/Kg: Oxygen, SBE 43, 2 [umol/kg]
# name 12 = flECO-AFL: Fluorescence, WET Labs ECO-AFL/FL [mg/m^3]
# name 13 = v2: Voltage 2
# name 14 = wetCDOM: Fluorescence, WET Labs CDOM [mg/m^3]
# name 15 = v6: Voltage 6
# name 16 = CStarAt0: Beam Attenuation, WET Labs C-Star [1/m]
# name 17 = v3: Voltage 3
# name 18 = scan: Scan Count
# name 19 = timeM: Time, Elapsed [minutes]
# name 20 = altM: Altimeter [m]
# name 21 = sbeox0V: Oxygen raw, SBE 43 [V]
# name 22 = sbeox1V: Oxygen raw, SBE 43, 2 [V]
# name 23 = nbin: number of scans per bin
# name 24 = flag: flag
# span 0 =      3.958,   2728.763       
# span 1 =   78.49860,   78.50244       
# span 2 = -170.13815, -170.05974       
# span 3 =      4.000,   2776.000       
# span 4 =    -1.6529,     0.9766       
# span 5 =    -1.6525,     0.9767       
# span 6 =  23.140081,  29.916760       
# span 7 =  23.139605,  29.914975       
# span 8 =    28.7064,    34.9548       
# span 9 =    28.7049,    34.9532       
# span 10 =    242.597,    387.348      
# span 11 =    237.137,    372.950      
# span 12 =    -0.1849,     0.3655      
# span 13 =     4.5994,     4.6727      
# span 14 =     0.0653,     0.1121      
# span 15 =     0.0653,     0.1121      
# span 16 =     0.0139,     0.0772      
# span 17 =     0.0176,     0.0396      
# span 18 =       4820,      85629      
# span 19 =     3.3468,    59.4641      
# span 20 =       9.49,     100.24      
# span 21 =     1.6384,     2.6978      
# span 22 =     1.4504,     2.3134      
# span 23 =          7,         29      
# span 24 = 0.0000e+00, 0.0000e+00      
# interval = decibars: 1                
# start_time = Sep 09 2025 12:18:25 [NMEA time, header]
# bad_flag = -9.990e-29
*END*
[from data line 928]
    920.120   78.50056 -170.09768    932.000     0.2118     0.2119  29.546251  29.544863    34.8767    34.8748    290.360    284.256    -0.1720     4.6703     0.0818     0.0818     0.0159     0.0181      34112    23.6885     100.00     2.0903     1.8405         19 0.0000e+00
    921.105   78.50054 -170.09766    933.000     0.2092     0.2092  29.544441  29.543022    34.8767    34.8748    290.602    283.644    -0.1520     4.6698     0.0831     0.0831     0.0164     0.0189      34140    23.7079     100.00     2.0913     1.8374         17 0.0000e+00
    922.090   78.50054 -170.09763    934.000     0.2068     0.2068  29.542566  29.541142    34.8763    34.8746    290.801    282.774    -0.1548     4.6703     0.0835     0.0835     0.0159     0.0188      34169    23.7276     100.00     2.0921     1.8330         17 0.0000e+00
    923.075   78.50054 -170.09759    935.000     0.2043     0.2043  29.540825  29.539356    34.8763    34.8744    290.695    283.818    -0.1660     4.6702     0.0829     0.0829     0.0160     0.0183      34197    23.7473     100.00     2.0911     1.8376         20 0.0000e+00
    924.060   78.50054 -170.09757    936.000     0.2038     0.2038  29.541000  29.539620    34.8765    34.8747    290.721    284.267    -0.1402     4.6703     0.0837     0.0837     0.0159     0.0194      34225    23.7665     100.00     2.0910     1.8395         15 0.0000e+00
    925.045   78.50054 -170.09755    937.000     0.2018     0.2017  29.539660  29.538172    34.8764    34.8746    290.812    283.669    -0.1565     4.6703     0.0841     0.0841     0.0159     0.0187      34253    23.7860     100.00     2.0912     1.8365         20 0.0000e+00
    926.030   78.50053 -170.09751    938.000     0.2008     0.2008  29.539342  29.537907    34.8766    34.8748    290.814    283.440    -0.1321     4.6703     0.0835     0.0835     0.0159     0.0197      34280    23.8047     100.00     2.0910     1.8352         17 0.0000e+00
    927.015   78.50052 -170.09748    939.000     0.1999     0.1998  29.539058  29.537524    34.8767    34.8747    290.769    284.527    -0.1609     4.6703     0.0822     0.0822     0.0159     0.0185      34307    23.8238     100.00     2.0905     1.8400         15 0.0000e+00
    928.000   78.50052 -170.09746    940.000     0.1996     0.1997  29.539045  29.537751    34.8764    34.8747    290.689    283.875    -0.1335     4.6703     0.0825     0.0825     0.0159     0.0196      34335    23.8433     100.00     2.0898     1.8368         16 0.0000e+00
    928.985   78.50052 -170.09743    941.000     0.1974     0.1974  29.537577  29.536192    34.8764    34.8746    290.702    284.359    -0.1313     4.6703     0.0830     0.0830     0.0159     0.0197      34363    23.8627     100.00     2.0895     1.8388         17 0.0000e+00
    929.970   78.50052 -170.09739    942.000     0.1950     0.1949  29.535891  29.534436    34.8764    34.8746    290.643    284.127    -0.1495     4.6703     0.0830     0.0830     0.0159     0.0190      34391    23.8821     100.00     2.0889     1.8375         13 0.0000e+00
    930.955   78.50051 -170.09737    943.000     0.1936     0.1936  29.535318  29.533724    34.8766    34.8745    290.595    284.070    -0.1432     4.6702     0.0830     0.0830     0.0160     0.0193      34420    23.9019     100.00     2.0884     1.8370         13 0.0000e+00
    931.940   78.50050 -170.09735    944.000     0.1926     0.1925  29.534714  29.533253    34.8764    34.8746    290.645    283.912    -0.1272     4.6701     0.0830     0.0830     0.0161     0.0199      34448    23.9215     100.00     2.0884     1.8360         14 0.0000e+00
    932.925   78.50050 -170.09730    945.000     0.1909     0.1908  29.533558  29.532248    34.8762    34.8746    290.651    283.740    -0.1513     4.6707     0.0838     0.0838     0.0156     0.0189      34476    23.9411     100.00     2.0881     1.8350         15 0.0000e+00
    933.910   78.50050 -170.09728    946.000     0.1894     0.1894  29.532692  29.531305    34.8762    34.8743    290.841    282.880    -0.1671     4.6703     0.0822     0.0822     0.0159     0.0183      34504    23.9604     100.00     2.0889     1.8308         13 0.0000e+00
    934.895   78.50050 -170.09725    947.000     0.1859     0.1859  29.529970  29.528643    34.8760    34.8743    290.761    283.730    -0.1450     4.6701     0.0828     0.0828     0.0160     0.0192      34532    23.9801     100.00     2.0881     1.8344         15 0.0000e+00
    935.880   78.50050 -170.09723    948.000     0.1822     0.1821  29.527029  29.525818    34.8757    34.8742    290.785    284.399    -0.1365     4.6701     0.0841     0.0841     0.0160     0.0195      34560    23.9996     100.00     2.0879     1.8372         15 0.0000e+00
    936.865   78.50049 -170.09719    949.000     0.1794     0.1793  29.525154  29.523743    34.8758    34.8740    290.806    283.890    -0.1343     4.6703     0.0810     0.0810     0.0159     0.0196      34588    24.0187     100.00     2.0876     1.8346         13 0.0000e+00
    937.850   78.50048 -170.09716    950.000     0.1780     0.1781  29.524277  29.523041    34.8757    34.8740    290.795    283.469    -0.1471     4.6703     0.0817     0.0817     0.0159     0.0191      34616    24.0381     100.00     2.0872     1.8324         15 0.0000e+00
    938.835   78.50048 -170.09714    951.000     0.1776     0.1776  29.524434  29.523010    34.8758    34.8739    290.699    284.448    -0.1388     4.6703     0.0850     0.0850     0.0159     0.0194      34643    24.0572     100.00     2.0865     1.8367         14 0.0000e+00
    939.820   78.50048 -170.09711    952.000     0.1759     0.1759  29.523379  29.522100    34.8757    34.8740    290.640    283.446    -0.1587     4.6703     0.0831     0.0831     0.0159     0.0186      34671    24.0767     100.00     2.0859     1.8318         15 0.0000e+00
    940.805   78.50048 -170.09707    953.000     0.1747     0.1747  29.522811  29.521454    34.8758    34.8739    290.599    283.978    -0.1283     4.6704     0.0830     0.0830     0.0158     0.0199      34700    24.0962     100.00     2.0854     1.8341         15 0.0000e+00
    941.790   78.50048 -170.09705    954.000     0.1732     0.1732  29.521879  29.520485    34.8757    34.8738    290.620    283.798    -0.1525     4.6703     0.0809     0.0809     0.0159     0.0189      34727    24.1156     100.00     2.0852     1.8330         12 0.0000e+00
    942.775   78.50047 -170.09703    955.000     0.1712     0.1712  29.520536  29.519181    34.8755    34.8738    290.755    283.745    -0.1424     4.6703     0.0841     0.0841     0.0159     0.0193      34756    24.1354     100.00     2.0857     1.8325         15 0.0000e+00
    943.759   78.50046 -170.09700    956.000     0.1678     0.1678  29.517878  29.516586    34.8753    34.8737    290.807    283.906    -0.1364     4.6703     0.0830     0.0830     0.0159     0.0195      34784    24.1551     100.00     2.0856     1.8329         15 0.0000e+00
    944.744   78.50046 -170.09696    957.000     0.1640     0.1640  29.514906  29.513524    34.8752    34.8733    290.760    283.743    -0.1713     4.6703     0.0830     0.0830     0.0159     0.0181      34813    24.1748     100.00     2.0849     1.8319         15 0.0000e+00
    945.729   78.50046 -170.09694    958.000     0.1610     0.1612  29.512783  29.511514    34.8752    34.8733    290.864    284.230    -0.1537     4.6703     0.0828     0.0828     0.0159     0.0188      34841    24.1943     100.00     2.0852     1.8339         12 0.0000e+00
    946.714   78.50046 -170.09691    959.000     0.1587     0.1590  29.511225  29.510052    34.8751    34.8733    290.807    284.271    -0.1314     4.6703     0.0821     0.0821     0.0159     0.0197      34870    24.2143     100.00     2.0845     1.8338         13 0.0000e+00
    947.699   78.50046 -170.09689    960.000     0.1560     0.1562  29.509291  29.507945    34.8751    34.8731    290.943    284.062    -0.1295     4.6703     0.0841     0.0841     0.0159     0.0198      34898    24.2341     100.00     2.0850     1.8325         13 0.0000e+00
    948.684   78.50045 -170.09687    961.000     0.1544     0.1545  29.508322  29.506885    34.8750    34.8730    291.056    283.983    -0.1727     4.6703     0.0833     0.0833     0.0159     0.0181      34926    24.2537     100.00     2.0853     1.8319         14 0.0000e+00
    949.669   78.50044 -170.09683    962.000     0.1529     0.1529  29.507356  29.505867    34.8749    34.8730    290.982    284.114    -0.1481     4.6703     0.0827     0.0827     0.0159     0.0191      34955    24.2734     100.00     2.0846     1.8323         14 0.0000e+00
    950.654   78.50044 -170.09680    963.000     0.1514     0.1515  29.506410  29.505171    34.8748    34.8730    290.935    283.293    -0.1611     4.6703     0.0837     0.0837     0.0159     0.0185      34983    24.2932     100.00     2.0840     1.8283         16 0.0000e+00
    951.639   78.50044 -170.09677    964.000     0.1499     0.1501  29.505696  29.504439    34.8749    34.8731    290.948    283.883    -0.1427     4.6703     0.0824     0.0824     0.0159     0.0193      35011    24.3126     100.00     2.0839     1.8308         13 0.0000e+00
    952.624   78.50044 -170.09675    965.000     0.1487     0.1488  29.505198  29.504014    34.8750    34.8733    290.907    284.357    -0.1565     4.6703     0.0823     0.0823     0.0159     0.0187      35040    24.3325     100.00     2.0834     1.8328         17 0.0000e+00
    953.609   78.50044 -170.09673    966.000     0.1497     0.1497  29.506696  29.505419    34.8754    34.8736    290.925    283.608    -0.1348     4.6703     0.0836     0.0836     0.0159     0.0196      35068    24.3522     100.00     2.0833     1.8292         16 0.0000e+00
    954.594   78.50043 -170.09669    967.000     0.1514     0.1514  29.508687  29.507351    34.8755    34.8737    290.821    283.915    -0.1610     4.6703     0.0829     0.0829     0.0159     0.0185      35096    24.3717     100.00     2.0826     1.8305         17 0.0000e+00
    955.579   78.50042 -170.09666    968.000     0.1511     0.1511  29.508838  29.507555    34.8754    34.8738    290.724    283.384    -0.1690     4.6703     0.0818     0.0818     0.0159     0.0182      35125    24.3915     100.00     2.0818     1.8278         16 0.0000e+00
    956.563   78.50042 -170.09664    969.000     0.1508     0.1509  29.509097  29.507900    34.8755    34.8739    290.674    283.906    -0.1353     4.6704     0.0823     0.0823     0.0158     0.0196      35153    24.4108     100.00     2.0813     1.8301         14 0.0000e+00
    957.548   78.50042 -170.09661    970.000     0.1517     0.1517  29.510514  29.509290    34.8758    34.8742    290.555    283.058    -0.1299     4.6703     0.0837     0.0837     0.0159     0.0198      35181    24.4307     100.00     2.0805     1.8260         18 0.0000e+00
    958.533   78.50042 -170.09659    971.000     0.1548     0.1549  29.513782  29.512438    34.8760    34.8742    290.515    283.867    -0.1309     4.6703     0.0828     0.0828     0.0159     0.0197      35209    24.4502     100.00     2.0802     1.8297         16 0.0000e+00
    959.518   78.50042 -170.09657    972.000     0.1541     0.1540  29.513752  29.512227    34.8762    34.8743    290.485    283.187    -0.1349     4.6703     0.0825     0.0825     0.0159     0.0196      35238    24.4701     100.00     2.0798     1.8263         16 0.0000e+00
    960.503   78.50042 -170.09653    973.000     0.1542     0.1543  29.514201  29.512941    34.8761    34.8744    290.540    284.142    -0.1541     4.6700     0.0829     0.0829     0.0162     0.0188      35266    24.4899     100.00     2.0799     1.8306         17 0.0000e+00
    961.488   78.50040 -170.09650    974.000     0.1545     0.1544  29.514930  29.513524    34.8762    34.8744    290.600    284.057    -0.1313     4.6703     0.0830     0.0830     0.0159     0.0197      35295    24.5096     100.00     2.0801     1.8300         18 0.0000e+00
    962.473   78.50040 -170.09647    975.000     0.1524     0.1525  29.513523  29.512367    34.8762    34.8745    290.621    283.462    -0.1315     4.6703     0.0839     0.0839     0.0159     0.0197      35323    24.5291     100.00     2.0799     1.8270         18 0.0000e+00
    963.458   78.50040 -170.09645    976.000     0.1517     0.1518  29.513582  29.512230    34.8764    34.8746    290.673    283.190    -0.1501     4.6703     0.0833     0.0833     0.0159     0.0190      35351    24.5484     100.00     2.0799     1.8256         13 0.0000e+00
    964.442   78.50040 -170.09643    977.000     0.1503     0.1503  29.512799  29.511460    34.8764    34.8746    290.691    284.273    -0.1492     4.6703     0.0820     0.0820     0.0159     0.0190      35379    24.5681     100.00     2.0798     1.8304         17 0.0000e+00
    965.427   78.50040 -170.09641    978.000     0.1486     0.1486  29.511676  29.510376    34.8762    34.8745    290.698    284.435    -0.1501     4.6702     0.0828     0.0828     0.0160     0.0190      35407    24.5876     100.00     2.0795     1.8309         18 0.0000e+00
    966.412   78.50040 -170.09638    979.000     0.1472     0.1472  29.511010  29.509615    34.8764    34.8745    290.684    284.408    -0.1329     4.6702     0.0829     0.0829     0.0160     0.0197      35435    24.6071     100.00     2.0792     1.8305         16 0.0000e+00
    967.397   78.50038 -170.09634    980.000     0.1472     0.1473  29.511547  29.510256    34.8766    34.8748    290.718    283.867    -0.1366     4.6703     0.0809     0.0809     0.0159     0.0195      35463    24.6266     100.00     2.0791     1.8279         19 0.0000e+00
    968.382   78.50038 -170.09631    981.000     0.1485     0.1486  29.513394  29.512108    34.8769    34.8751    290.685    283.563    -0.1484     4.6701     0.0817     0.0817     0.0160     0.0190      35491    24.6461     100.00     2.0788     1.8263         15 0.0000e+00
    969.367   78.50038 -170.09629    982.000     0.1481     0.1482  29.513523  29.512184    34.8770    34.8751    290.656    284.278    -0.1527     4.6695     0.0806     0.0806     0.0166     0.0189      35520    24.6661     100.00     2.0784     1.8294         17 0.0000e+00
    970.351   78.50038 -170.09627    983.000     0.1485     0.1485  29.514436  29.513218    34.8771    34.8755    290.617    284.022    -0.1639     4.6704     0.0807     0.0807     0.0158     0.0184      35549    24.6861     100.00     2.0780     1.8281         20 0.0000e+00
    971.336   78.50038 -170.09624    984.000     0.1487     0.1486  29.515305  29.513919    34.8774    34.8757    290.567    283.743    -0.1342     4.6703     0.0818     0.0818     0.0159     0.0196      35578    24.7060     100.00     2.0775     1.8267         19 0.0000e+00
    972.321   78.50038 -170.09622    985.000     0.1489     0.1488  29.515823  29.514563    34.8774    34.8757    290.475    284.226    -0.1523     4.6703     0.0819     0.0819     0.0159     0.0189      35606    24.7260     100.00     2.0768     1.8287         19 0.0000e+00
    973.306   78.50037 -170.09619    986.000     0.1487     0.1487  29.516147  29.514857    34.8774    34.8757    290.475    283.823    -0.1437     4.6704     0.0832     0.0832     0.0158     0.0192      35635    24.7459     100.00     2.0766     1.8267         17 0.0000e+00
    974.291   78.50036 -170.09617    987.000     0.1485     0.1484  29.516516  29.515172    34.8775    34.8759    290.669    282.695    -0.1342     4.6703     0.0839     0.0839     0.0159     0.0196      35663    24.7652     100.00     2.0775     1.8213         15 0.0000e+00
    975.275   78.50036 -170.09615    988.000     0.1477     0.1477  29.516373  29.514913    34.8777    34.8758    290.798    284.045    -0.1591     4.6704     0.0830     0.0830     0.0158     0.0186      35691    24.7850     100.00     2.0779     1.8273         17 0.0000e+00
