Continuous CTD Data/01_SBE Stage/nabos_32_01avg.cnv
* Sea-Bird SBE 9 Data File:
* FileName = D:\CTD\data\HLY2502\raw\NABOS_32_01.hex
* Software Version Seasave V 7.26.7.110
* Temperature SN = 6954
* Conductivity SN = 2561
* Number of Bytes Per Scan = 37
* Number of Voltage Words = 4
* Number of Scans Averaged by the Deck Unit = 1
* NMEA Latitude = 79 56.86 N
* NMEA Longitude = 142 14.59 E
* NMEA UTC (Time) = Sep 23 2025  08:48:42
* NMEA baud rate = 9600
** Ship: USCG HEALY
** Bot. Depth:  1374
** Cast Number:  01
** Station Name:  NABOS
** Station Number:  32
** Operator:  STARC
** 250 m Ra cast
# nquan = 25
# nvalues = 251                         
# units = specified
# name 0 = depSM: Depth [salt water, m]
# name 1 = latitude: Latitude [deg]
# name 2 = longitude: Longitude [deg]
# name 3 = prDM: Pressure, Digiquartz [db]
# name 4 = t090C: Temperature [ITS-90, deg C]
# name 5 = t190C: Temperature, 2 [ITS-90, deg C]
# name 6 = c0mS/cm: Conductivity [mS/cm]
# name 7 = c1mS/cm: Conductivity, 2 [mS/cm]
# name 8 = sal00: Salinity, Practical [PSU]
# name 9 = sal11: Salinity, Practical, 2 [PSU]
# name 10 = sbox0Mm/Kg: Oxygen, SBE 43 [umol/kg]
# name 11 = sbox1Mm/Kg: Oxygen, SBE 43, 2 [umol/kg]
# name 12 = flECO-AFL: Fluorescence, WET Labs ECO-AFL/FL [mg/m^3]
# name 13 = v2: Voltage 2
# name 14 = wetCDOM: Fluorescence, WET Labs CDOM [mg/m^3]
# name 15 = v6: Voltage 6
# name 16 = CStarAt0: Beam Attenuation, WET Labs C-Star [1/m]
# name 17 = v3: Voltage 3
# name 18 = scan: Scan Count
# name 19 = timeM: Time, Elapsed [minutes]
# name 20 = altM: Altimeter [m]
# name 21 = sbeox0V: Oxygen raw, SBE 43 [V]
# name 22 = sbeox1V: Oxygen raw, SBE 43, 2 [V]
# name 23 = nbin: number of scans per bin
# name 24 = flag: flag
# span 0 =      3.958,    251.158       
# span 1 =   79.94750,   79.94772       
# span 2 =  142.23383,  142.24101       
# span 3 =      4.000,    254.000       
# span 4 =    -1.2972,     1.8701       
# span 5 =    -1.2987,     1.8702       
# span 6 =  23.823067,  30.649187       
# span 7 =  23.821333,  30.647317       
# span 8 =    29.3331,    34.8452       
# span 9 =    29.3310,    34.8431       
# span 10 =    294.785,    367.161      
# span 11 =    289.668,    360.484      
# span 12 =    -0.1735,     0.6468      
# span 13 =     4.4188,     4.6252      
# span 14 =     0.0830,     0.1275      
# span 15 =     0.0830,     0.1275      
# span 16 =     0.0548,     0.2377      
# span 17 =     0.0180,     0.0509      
# span 18 =       3328,      15402      
# span 19 =     2.3101,    10.6953      
# span 20 =      89.49,     101.11      
# span 21 =     2.3292,     2.5877      
# span 22 =     2.0474,     2.2606      
# span 23 =         11,         27      
# span 24 = 0.0000e+00, 0.0000e+00      
# interval = decibars: 1                
# start_time = Sep 23 2025 08:48:42 [NMEA time, header]
# bad_flag = -9.990e-29
*END*
[from data line 232]
    233.370   79.94752  142.23560    236.000     1.8422     1.8434  30.618001  30.617558    34.8375    34.8356    295.947    291.177    -0.1556     4.6221     0.0841     0.0841     0.0575     0.0188      12036     8.3573     100.00     2.3616     2.0726         16 0.0000e+00
    234.358   79.94752  142.23556    237.000     1.8552     1.8567  30.631307  30.630796    34.8394    34.8370    296.104    290.577    -0.1652     4.6228     0.0842     0.0842     0.0569     0.0184      12084     8.3906     100.00     2.3630     2.0697         16 0.0000e+00
    235.347   79.94752  142.23553    238.000     1.8620     1.8622  30.638800  30.637205    34.8408    34.8385    296.060    290.932    -0.1671     4.6232     0.0836     0.0836     0.0565     0.0183      12142     8.4312     100.00     2.3628     2.0717         17 0.0000e+00
    236.335   79.94751  142.23550    239.000     1.8602     1.8601  30.638101  30.636334    34.8412    34.8391    296.159    290.575    -0.1447     4.6230     0.0844     0.0844     0.0567     0.0192      12194     8.4671     100.00     2.3631     2.0695         16 0.0000e+00
    237.323   79.94750  142.23547    240.000     1.8616     1.8633  30.640153  30.639683    34.8417    34.8393    296.112    290.712    -0.1411     4.6234     0.0840     0.0840     0.0564     0.0193      12243     8.5016     100.00     2.3627     2.0702         14 0.0000e+00
    238.311   79.94750  142.23543    241.000     1.8701     1.8702  30.649187  30.647317    34.8431    34.8408    295.931    290.707    -0.1302     4.6238     0.0845     0.0845     0.0560     0.0198      12300     8.5408     100.00     2.3618     2.0702         15 0.0000e+00
    239.300   79.94750  142.23541    242.000     1.8607     1.8591  30.641604  30.638214    34.8434    34.8408    296.208    290.932    -0.1542     4.6233     0.0844     0.0844     0.0565     0.0188      12350     8.5758     100.00     2.3628     2.0708         17 0.0000e+00
    240.288   79.94750  142.23538    243.000     1.8535     1.8527  30.635651  30.633294    34.8432    34.8411    296.257    291.052    -0.1450     4.6239     0.0834     0.0834     0.0559     0.0192      12401     8.6114     100.00     2.3624     2.0709         18 0.0000e+00
    241.276   79.94750  142.23534    244.000     1.8503     1.8500  30.633455  30.631332    34.8434    34.8411    296.094    291.027    -0.1289     4.6235     0.0839     0.0839     0.0562     0.0198      12459     8.6512     100.00     2.3610     2.0705         17 0.0000e+00
    242.264   79.94750  142.23531    245.000     1.8518     1.8522  30.636055  30.634746    34.8445    34.8423    295.973    291.084    -0.1269     4.6245     0.0850     0.0850     0.0554     0.0199      12509     8.6860     100.00     2.3601     2.0707         19 0.0000e+00
    243.253   79.94750  142.23529    246.000     1.8518     1.8504  30.637129  30.634180    34.8452    34.8431    295.882    291.089    -0.1521     4.6248     0.0844     0.0844     0.0552     0.0189      12559     8.7210     100.00     2.3593     2.0704         19 0.0000e+00
    244.241   79.94750  142.23524    247.000     1.8450     1.8440  30.631265  30.628657    34.8448    34.8426    295.934    291.068    -0.1543     4.6249     0.0853     0.0853     0.0551     0.0188      12617     8.7612     100.00     2.3590     2.0699         19 0.0000e+00
    245.229   79.94750  142.23522    248.000     1.8344     1.8326  30.622171  30.619003    34.8444    34.8424    296.163    291.202    -0.1463     4.6246     0.0842     0.0842     0.0553     0.0191      12666     8.7949     100.00     2.3597     2.0699         18 0.0000e+00
    246.217   79.94750  142.23519    249.000     1.8204     1.8187  30.609914  30.606891    34.8439    34.8419    296.338    290.966    -0.1405     4.6242     0.0837     0.0837     0.0557     0.0194      12714     8.8285     100.00     2.3598     2.0678         17 0.0000e+00
    247.205   79.94750  142.23516    250.000     1.8134     1.8092  30.603702  30.598416    34.8431    34.8410    296.367    291.116    -0.1715     4.6245     0.0839     0.0839     0.0554     0.0181      12777     8.8721     100.00     2.3594     2.0680         18 0.0000e+00
    248.194   79.94750  142.23512    251.000     1.8076     1.7989  30.598913  30.589388    34.8429    34.8405    296.084    291.197    -0.1735     4.6252     0.0837     0.0837     0.0548     0.0180      12847     8.9208     100.00     2.3570     2.0677         19 0.0000e+00
    249.182   79.94750  142.23505    252.000     1.7922     1.7906  30.585206  30.581991    34.8420    34.8397    296.072    290.875    -0.1518     4.6241     0.0837     0.0837     0.0558     0.0189      12956     8.9968     100.00     2.3559     2.0655         20 0.0000e+00
    250.170   79.94751  142.23464    253.000     1.8009     1.8002  30.593729  30.591382    34.8426    34.8404    296.261    291.103    -0.1605     4.6238     0.0841     0.0841     0.0560     0.0186      13722     9.5281     100.00     2.3573     2.0669         18 0.0000e+00
    251.158   79.94752  142.23383    254.000     1.7887     1.7889  30.582836  30.581392    34.8418    34.8397    296.232    290.895    -0.1309     4.6228     0.0840     0.0840     0.0569     0.0198      15402    10.6953     100.00     2.3562     2.0651         14 0.0000e+00
