Continuous CTD Data/01_SBE Stage/nabos_20_01avg.cnv
* Sea-Bird SBE 9 Data File:
* FileName = D:\CTD\data\HLY2502\raw\NABOS_20_01.hex
* Software Version Seasave V 7.26.7.110
* Temperature SN = 6954
* Conductivity SN = 2561
* Number of Bytes Per Scan = 37
* Number of Voltage Words = 4
* Number of Scans Averaged by the Deck Unit = 1
* NMEA Latitude = 78 38.06 N
* NMEA Longitude = 174 57.52 E
* NMEA UTC (Time) = Sep 18 2025  06:15:34
* NMEA baud rate = 9600
** Ship: USCG HEALY
** Bot. Depth:  2143
** Cast Number:  01
** Station Name:  NABOS
** Station Number:  20
** Operator:  STARC
** 1200 target
# nquan = 25
# nvalues = 1214                        
# units = specified
# name 0 = depSM: Depth [salt water, m]
# name 1 = latitude: Latitude [deg]
# name 2 = longitude: Longitude [deg]
# name 3 = prDM: Pressure, Digiquartz [db]
# name 4 = t090C: Temperature [ITS-90, deg C]
# name 5 = t190C: Temperature, 2 [ITS-90, deg C]
# name 6 = c0mS/cm: Conductivity [mS/cm]
# name 7 = c1mS/cm: Conductivity, 2 [mS/cm]
# name 8 = sal00: Salinity, Practical [PSU]
# name 9 = sal11: Salinity, Practical, 2 [PSU]
# name 10 = sbox0Mm/Kg: Oxygen, SBE 43 [umol/kg]
# name 11 = sbox1Mm/Kg: Oxygen, SBE 43, 2 [umol/kg]
# name 12 = flECO-AFL: Fluorescence, WET Labs ECO-AFL/FL [mg/m^3]
# name 13 = v2: Voltage 2
# name 14 = wetCDOM: Fluorescence, WET Labs CDOM [mg/m^3]
# name 15 = v6: Voltage 6
# name 16 = CStarAt0: Beam Attenuation, WET Labs C-Star [1/m]
# name 17 = v3: Voltage 3
# name 18 = scan: Scan Count
# name 19 = timeM: Time, Elapsed [minutes]
# name 20 = altM: Altimeter [m]
# name 21 = sbeox0V: Oxygen raw, SBE 43 [V]
# name 22 = sbeox1V: Oxygen raw, SBE 43, 2 [V]
# name 23 = nbin: number of scans per bin
# name 24 = flag: flag
# span 0 =      3.958,   1200.666       
# span 1 =   78.63473,   78.63881       
# span 2 =  174.95872,  174.95950       
# span 3 =      4.000,   1217.000       
# span 4 =    -1.7581,     0.8952       
# span 5 =    -1.7577,     0.8953       
# span 6 =  24.306755,  29.802998       
# span 7 =  24.306141,  29.801139       
# span 8 =    30.3847,    34.8822       
# span 9 =    30.3830,    34.8799       
# span 10 =    290.518,    377.169      
# span 11 =    260.142,    368.397      
# span 12 =    -0.1848,     0.4304      
# span 13 =     4.5546,     4.6752      
# span 14 =     0.0805,     0.1089      
# span 15 =     0.0805,     0.1089      
# span 16 =     0.0117,     0.1166      
# span 17 =     0.0176,     0.0422      
# span 18 =       3273,      37337      
# span 19 =     2.2725,    25.9278      
# span 20 =      73.84,     100.00      
# span 21 =     2.0166,     2.6605      
# span 22 =     1.7187,     2.3104      
# span 23 =          1,         28      
# span 24 = 0.0000e+00, 0.0000e+00      
# interval = decibars: 1                
# start_time = Sep 18 2025 06:15:34 [NMEA time, header]
# bad_flag = -9.990e-29
*END*
[from data line 1102]
   1091.443   78.63823  174.95944   1106.000    -0.0986    -0.0987  29.348868  29.347086    34.8680    34.8657    292.089    288.277    -0.1636     4.6733     0.0839     0.0839     0.0134     0.0184      32510    22.5755     100.00     2.0489     1.8167         13 0.0000e+00
   1092.427   78.63824  174.95944   1107.000    -0.0985    -0.0988  29.349277  29.347355    34.8679    34.8656    292.087    290.549    -0.1773     4.6730     0.0831     0.0831     0.0137     0.0179      32535    22.5932     100.00     2.0486     1.8268         13 0.0000e+00
   1093.412   78.63824  174.95944   1108.000    -0.0988    -0.0987  29.349632  29.347942    34.8680    34.8657    292.149    289.250    -0.1407     4.6736     0.0837     0.0837     0.0131     0.0193      32560    22.6106     100.00     2.0488     1.8208         13 0.0000e+00
   1094.396   78.63824  174.95945   1109.000    -0.0991    -0.0985  29.349695  29.348612    34.8679    34.8657    292.239    289.033    -0.1347     4.6731     0.0849     0.0849     0.0136     0.0196      32586    22.6282     100.00     2.0491     1.8196         15 0.0000e+00
   1095.380   78.63824  174.95946   1110.000    -0.0998    -0.0998  29.349589  29.347762    34.8679    34.8656    292.096    288.707    -0.1429     4.6734     0.0845     0.0845     0.0133     0.0193      32611    22.6456     100.00     2.0480     1.8179         15 0.0000e+00
   1096.365   78.63824  174.95946   1111.000    -0.1001    -0.1001  29.349669  29.347969    34.8679    34.8657    291.995    288.669    -0.1738     4.6738     0.0847     0.0847     0.0130     0.0180      32636    22.6630     100.00     2.0473     1.8176         15 0.0000e+00
   1097.349   78.63825  174.95946   1112.000    -0.1007    -0.1011  29.349522  29.347616    34.8677    34.8657    292.037    288.471    -0.1586     4.6739     0.0851     0.0851     0.0129     0.0186      32661    22.6804     100.00     2.0473     1.8165         14 0.0000e+00
   1098.333   78.63826  174.95946   1113.000    -0.1046    -0.1047  29.346484  29.344769    34.8676    34.8654    292.093    288.781    -0.1328     4.6734     0.0849     0.0849     0.0133     0.0197      32686    22.6980     100.00     2.0472     1.8176         15 0.0000e+00
   1099.317   78.63826  174.95946   1114.000    -0.1082    -0.1083  29.343682  29.341982    34.8674    34.8652    292.053    271.145    -0.1325     4.6729     0.0840     0.0840     0.0137     0.0197      32711    22.7153     100.00     2.0466     1.7379         15 0.0000e+00
   1100.301   78.63826  174.95946   1115.000    -0.1081    -0.1081  29.344167  29.342492    34.8673    34.8652    291.965    289.218    -0.1364     4.6733     0.0841     0.0841     0.0134     0.0195      32736    22.7326     100.00     2.0459     1.8190         13 0.0000e+00
   1101.286   78.63826  174.95946   1116.000    -0.1084    -0.1083  29.344368  29.342679    34.8673    34.8651    291.948    298.462    -0.1343     4.6731     0.0853     0.0853     0.0135     0.0196      32761    22.7502     100.00     2.0456     1.8604         14 0.0000e+00
   1102.270   78.63826  174.95946   1117.000    -0.1083    -0.1082  29.344846  29.343198    34.8673    34.8651    291.832    285.765    -0.1365     4.6731     0.0831     0.0831     0.0136     0.0195      32787    22.7677     100.00     2.0448     1.8032         13 0.0000e+00
   1103.254   78.63826  174.95946   1118.000    -0.1094    -0.1094  29.344325  29.342522    34.8673    34.8649    291.937    296.113    -0.1698     4.6737     0.0829     0.0829     0.0130     0.0182      32812    22.7852     100.00     2.0451     1.8495         12 0.0000e+00
   1104.238   78.63828  174.95946   1119.000    -0.1125    -0.1131  29.341874  29.339605    34.8670    34.8647    291.907    290.715    -0.1341     4.6734     0.0849     0.0849     0.0133     0.0196      32837    22.8026     100.00     2.0446     1.8249         13 0.0000e+00
   1105.222   78.63828  174.95946   1120.000    -0.1171    -0.1175  29.338054  29.336136    34.8666    34.8645    291.906    276.910    -0.1561     4.6736     0.0860     0.0860     0.0132     0.0187      32862    22.8202     100.00     2.0442     1.7625         14 0.0000e+00
   1106.206   78.63828  174.95946   1121.000    -0.1210    -0.1214  29.335038  29.333064    34.8664    34.8643    291.992    297.587    -0.1408     4.6733     0.0854     0.0854     0.0134     0.0194      32887    22.8376     100.00     2.0442     1.8551         13 0.0000e+00
   1107.191   78.63828  174.95946   1122.000    -0.1222    -0.1215  29.334303  29.333325    34.8663    34.8642    292.082    267.260    -0.1566     4.6739     0.0852     0.0852     0.0129     0.0187      32913    22.8552     100.00     2.0444     1.7187         15 0.0000e+00
   1108.175   78.63828  174.95946   1123.000    -0.1252    -0.1253  29.332056  29.330254    34.8661    34.8638    292.179    295.930    -0.1373     4.6740     0.0847     0.0847     0.0128     0.0195      32937    22.8724     100.00     2.0446     1.8471         12 0.0000e+00
   1109.159   78.63828  174.95946   1124.000    -0.1289    -0.1288  29.329468  29.327729    34.8662    34.8639    292.133    304.226    -0.1624     4.6732     0.0835     0.0835     0.0135     0.0185      32962    22.8898     100.00     2.0440     1.8841         12 0.0000e+00
   1110.143   78.63828  174.95946   1125.000    -0.1295    -0.1293  29.329061  29.327614    34.8659    34.8637    292.154    292.270    -0.1484     4.6734     0.0833     0.0833     0.0133     0.0190      32988    22.9073     100.00     2.0439     1.8302         13 0.0000e+00
   1111.127   78.63830  174.95946   1126.000    -0.1298    -0.1297  29.329194  29.327497    34.8658    34.8635    292.112    289.502    -0.1719     4.6737     0.0839     0.0839     0.0131     0.0181      33013    22.9250     100.00     2.0434     1.8176         15 0.0000e+00
   1112.111   78.63830  174.95946   1127.000    -0.1301    -0.1300  29.329247  29.327510    34.8657    34.8633    292.167    288.902    -0.1388     4.6738     0.0840     0.0840     0.0129     0.0194      33038    22.9423     100.00     2.0435     1.8147         14 0.0000e+00
   1113.095   78.63830  174.95946   1128.000    -0.1326    -0.1325  29.327617  29.325900    34.8657    34.8634    292.229    279.239    -0.1433     4.6739     0.0840     0.0840     0.0129     0.0192      33063    22.9598     100.00     2.0435     1.7711         14 0.0000e+00
   1114.080   78.63830  174.95946   1129.000    -0.1333    -0.1333  29.327225  29.325440    34.8655    34.8631    292.094    289.918    -0.1605     4.6740     0.0851     0.0851     0.0128     0.0186      33088    22.9772     100.00     2.0426     1.8188         15 0.0000e+00
   1115.064   78.63830  174.95946   1130.000    -0.1334    -0.1335  29.327551  29.325668    34.8654    34.8631    292.000    295.803    -0.1540     4.6734     0.0842     0.0842     0.0133     0.0188      33113    22.9947     100.00     2.0419     1.8450         14 0.0000e+00
   1116.048   78.63831  174.95946   1131.000    -0.1335    -0.1334  29.327899  29.326203    34.8654    34.8630    292.001    290.823    -0.1530     4.6736     0.0838     0.0838     0.0131     0.0189      33139    23.0122     100.00     2.0416     1.8225         13 0.0000e+00
   1117.032   78.63832  174.95946   1132.000    -0.1335    -0.1335  29.328302  29.326564    34.8655    34.8631    291.982    276.487    -0.1337     4.6730     0.0838     0.0838     0.0136     0.0196      33164    23.0297     100.00     2.0413     1.7581         20 0.0000e+00
   1118.016   78.63832  174.95946   1133.000    -0.1334    -0.1335  29.328852  29.327061    34.8655    34.8632    291.970    295.184    -0.1366     4.6736     0.0840     0.0840     0.0131     0.0195      33189    23.0471     100.00     2.0411     1.8417         15 0.0000e+00
   1119.000   78.63832  174.95946   1134.000    -0.1331    -0.1331  29.329458  29.327794    34.8653    34.8631    291.925    281.789    -0.1344     4.6734     0.0830     0.0830     0.0133     0.0196      33214    23.0645     100.00     2.0407     1.7815         13 0.0000e+00
   1119.984   78.63832  174.95946   1135.000    -0.1332    -0.1333  29.329705  29.328070    34.8652    34.8631    291.864    287.331    -0.1366     4.6733     0.0835     0.0835     0.0134     0.0195      33239    23.0820     100.00     2.0401     1.8062         15 0.0000e+00
   1120.968   78.63832  174.95946   1136.000    -0.1333    -0.1333  29.330204  29.328512    34.8654    34.8632    291.951    280.989    -0.1720     4.6739     0.0841     0.0841     0.0129     0.0181      33264    23.0994     100.00     2.0404     1.7776         15 0.0000e+00
   1121.953   78.63832  174.95946   1137.000    -0.1333    -0.1332  29.330714  29.328982    34.8655    34.8631    292.081    275.021    -0.1312     4.6737     0.0838     0.0838     0.0130     0.0197      33290    23.1171     100.00     2.0408     1.7507         19 0.0000e+00
   1122.937   78.63834  174.95946   1138.000    -0.1332    -0.1331  29.331083  29.329423    34.8653    34.8631    292.085    307.973    -0.1365     4.6732     0.0839     0.0839     0.0134     0.0195      33314    23.1344     100.00     2.0407     1.8981         17 0.0000e+00
   1123.921   78.63834  174.95946   1139.000    -0.1331    -0.1331  29.331653  29.329922    34.8654    34.8631    292.062    288.140    -0.1350     4.6736     0.0854     0.0854     0.0131     0.0196      33340    23.1520     100.00     2.0404     1.8091         20 0.0000e+00
   1124.905   78.63834  174.95946   1140.000    -0.1329    -0.1329  29.332173  29.330472    34.8652    34.8631    292.135    280.271    -0.1565     4.6739     0.0851     0.0851     0.0129     0.0187      33365    23.1694     100.00     2.0406     1.7737         20 0.0000e+00
   1125.889   78.63834  174.95946   1141.000    -0.1327    -0.1327  29.332723  29.330965    34.8653    34.8630    292.096    272.111    -0.1445     4.6729     0.0841     0.0841     0.0137     0.0192      33390    23.1867     100.00     2.0401     1.7370         16 0.0000e+00
   1126.873   78.63834  174.95948   1142.000    -0.1327    -0.1328  29.333188  29.331434    34.8653    34.8631    291.989    313.565    -0.1308     4.6731     0.0841     0.0841     0.0136     0.0197      33415    23.2042     100.00     2.0394     1.9224         17 0.0000e+00
   1127.857   78.63834  174.95948   1143.000    -0.1328    -0.1329  29.333541  29.331776    34.8653    34.8631    291.950    272.778    -0.1315     4.6737     0.0851     0.0851     0.0131     0.0197      33440    23.2217     100.00     2.0390     1.7397         18 0.0000e+00
   1128.841   78.63834  174.95948   1144.000    -0.1332    -0.1332  29.333653  29.331969    34.8653    34.8631    291.966    299.111    -0.1364     4.6739     0.0852     0.0852     0.0129     0.0195      33465    23.2392     100.00     2.0388     1.8574         18 0.0000e+00
   1129.825   78.63836  174.95948   1145.000    -0.1328    -0.1327  29.334538  29.332947    34.8655    34.8632    291.990    296.676    -0.1641     4.6737     0.0854     0.0854     0.0130     0.0184      33491    23.2568     100.00     2.0387     1.8463         18 0.0000e+00
   1130.809   78.63836  174.95948   1146.000    -0.1287    -0.1275  29.340287  29.339542    34.8678    34.8655    292.048    290.972    -0.1446     4.6734     0.0845     0.0845     0.0133     0.0192      33516    23.2741     100.00     2.0391     1.8209         16 0.0000e+00
   1131.793   78.63836  174.95948   1147.000    -0.1079    -0.1058  29.361070  29.361057    34.8712    34.8688    291.833    290.159    -0.1621     4.6737     0.0849     0.0849     0.0130     0.0185      33541    23.2914     100.00     2.0388     1.8179         14 0.0000e+00
   1132.777   78.63836  174.95948   1148.000    -0.0698    -0.0699  29.397158  29.395184    34.8751    34.8727    291.570    288.560    -0.1468     4.6734     0.0852     0.0852     0.0133     0.0191      33566    23.3090     100.00     2.0390     1.8120         17 0.0000e+00
   1133.761   78.63836  174.95948   1149.000    -0.0694    -0.0695  29.398133  29.396408    34.8755    34.8733    291.645    287.961    -0.1743     4.6735     0.0848     0.0848     0.0132     0.0180      33591    23.3265     100.00     2.0392     1.8092         17 0.0000e+00
   1134.745   78.63836  174.95948   1150.000    -0.0685    -0.0694  29.399647  29.397150    34.8758    34.8736    291.607    279.629    -0.1807     4.6737     0.0840     0.0840     0.0130     0.0178      33616    23.3440     100.00     2.0388     1.7717         16 0.0000e+00
   1135.730   78.63837  174.95948   1151.000    -0.0679    -0.0680  29.400735  29.398880    34.8760    34.8737    291.628    270.967    -0.1779     4.6736     0.0839     0.0839     0.0132     0.0179      33642    23.3615     100.00     2.0388     1.7328         17 0.0000e+00
   1136.714   78.63838  174.95948   1152.000    -0.0677    -0.0676  29.401497  29.399850    34.8762    34.8740    291.513    310.947    -0.1435     4.6733     0.0837     0.0837     0.0134     0.0192      33667    23.3789     100.00     2.0380     1.9117         19 0.0000e+00
   1137.698   78.63838  174.95948   1153.000    -0.0712    -0.0712  29.398553  29.396947    34.8758    34.8737    291.531    284.437    -0.1339     4.6728     0.0829     0.0829     0.0138     0.0196      33692    23.3962     100.00     2.0377     1.7926         16 0.0000e+00
   1138.682   78.63838  174.95948   1154.000    -0.0833    -0.0830  29.388359  29.386922    34.8754    34.8732    291.482    279.572    -0.1739     4.6734     0.0830     0.0830     0.0133     0.0180      33717    23.4139     100.00     2.0366     1.7703         18 0.0000e+00
   1139.666   78.63838  174.95948   1155.000    -0.0881    -0.0885  29.384377  29.382496    34.8751    34.8730    291.304    297.685    -0.1353     4.6740     0.0829     0.0829     0.0128     0.0196      33742    23.4312     100.00     2.0353     1.8509         16 0.0000e+00
   1140.650   78.63838  174.95948   1156.000    -0.0929    -0.0934  29.380560  29.378282    34.8748    34.8725    291.259    289.678    -0.1346     4.6738     0.0840     0.0840     0.0130     0.0196      33767    23.4486     100.00     2.0346     1.8147         15 0.0000e+00
   1141.634   78.63838  174.95948   1157.000    -0.0985    -0.0991  29.375813  29.373707    34.8743    34.8722    291.240    281.570    -0.1527     4.6740     0.0840     0.0840     0.0128     0.0189      33792    23.4661     100.00     2.0340     1.7781         15 0.0000e+00
   1142.618   78.63840  174.95948   1158.000    -0.1066    -0.1065  29.368853  29.367390    34.8737    34.8717    291.318    286.911    -0.1592     4.6738     0.0831     0.0831     0.0130     0.0186      33817    23.4835     100.00     2.0339     1.8015         15 0.0000e+00
   1143.602   78.63840  174.95948   1159.000    -0.1094    -0.1092  29.366943  29.365507    34.8739    34.8717    291.271    292.082    -0.1371     4.6738     0.0845     0.0845     0.0129     0.0195      33842    23.5010     100.00     2.0333     1.8243         14 0.0000e+00
   1144.585   78.63840  174.95948   1160.000    -0.1072    -0.1069  29.369230  29.367855    34.8738    34.8716    291.207    289.492    -0.1366     4.6738     0.0844     0.0844     0.0129     0.0195      33868    23.5184     100.00     2.0329     1.8127         15 0.0000e+00
   1145.570   78.63840  174.95948   1161.000    -0.1069    -0.1069  29.369850  29.368089    34.8736    34.8714    291.243    288.314    -0.1705     4.6740     0.0853     0.0853     0.0128     0.0182      33893    23.5358     100.00     2.0329     1.8072         14 0.0000e+00
   1146.554   78.63840  174.95948   1162.000    -0.1122    -0.1135  29.365602  29.362895    34.8735    34.8714    291.333    288.638    -0.1372     4.6741     0.0851     0.0851     0.0127     0.0195      33917    23.5531     100.00     2.0329     1.8083         13 0.0000e+00
