Continuous CTD Data/01_SBE Stage/nabos_40_01.ros
* Sea-Bird SBE 9 Data File:
* FileName = D:\CTD\data\HLY2502\raw\NABOS_40_01.hex
* Software Version Seasave V 7.26.7.110
* Temperature SN = 6954
* Conductivity SN = 2561
* Number of Bytes Per Scan = 37
* Number of Voltage Words = 4
* Number of Scans Averaged by the Deck Unit = 1
* NMEA Latitude = 79 04.14 N
* NMEA Longitude = 126 00.67 E
* NMEA UTC (Time) = Sep 26 2025  04:32:04
* NMEA baud rate = 9600
** Ship: USCG HEALY
** Bot. Depth:  3044
** Cast Number:  01
** Station Name:  NABOS
** Station Number:  40
** Operator:  STARC
** Cast to 1200 m
# nquan = 25
# nvalues = 1029                                  
# units = specified
# name 0 = depSM: Depth [salt water, m]
# name 1 = latitude: Latitude [deg]
# name 2 = longitude: Longitude [deg]
# name 3 = prDM: Pressure, Digiquartz [db]
# name 4 = t090C: Temperature [ITS-90, deg C]
# name 5 = t190C: Temperature, 2 [ITS-90, deg C]
# name 6 = c0mS/cm: Conductivity [mS/cm]
# name 7 = c1mS/cm: Conductivity, 2 [mS/cm]
# name 8 = sal00: Salinity, Practical [PSU]
# name 9 = sal11: Salinity, Practical, 2 [PSU]
# name 10 = sbox0Mm/Kg: Oxygen, SBE 43 [umol/kg]
# name 11 = sbox1Mm/Kg: Oxygen, SBE 43, 2 [umol/kg]
# name 12 = flECO-AFL: Fluorescence, WET Labs ECO-AFL/FL [mg/m^3]
# name 13 = v2: Voltage 2
# name 14 = wetCDOM: Fluorescence, WET Labs CDOM [mg/m^3]
# name 15 = v6: Voltage 6
# name 16 = CStarAt0: Beam Attenuation, WET Labs C-Star [1/m]
# name 17 = v3: Voltage 3
# name 18 = scan: Scan Count
# name 19 = timeM: Time, Elapsed [minutes]
# name 20 = altM: Altimeter [m]
# name 21 = sbeox0V: Oxygen raw, SBE 43 [V]
# name 22 = sbeox1V: Oxygen raw, SBE 43, 2 [V]
# name 23 = nbf: Bottles Fired
# name 24 = flag:  0.000e+00
# interval = seconds: 0.0416667
# start_time = Sep 26 2025 04:32:04 [NMEA time, header]
# bad_flag = -9.990e-29
*END*
[from data line 406]
    149.858   79.06480  126.00486    151.512     1.1078     1.1054  29.794992  29.790644    34.6515    34.6484    296.420    290.837    -0.1061     4.6276     0.0830     0.0830     0.0527     0.0208      85421    59.3194     100.00     2.3440     2.0537          9  0.000e+00
    149.858   79.06480  126.00486    151.512     1.1076     1.1057  29.794992  29.790761    34.6516    34.6483    296.616    290.835    -0.1366     4.6276     0.0830     0.0830     0.0527     0.0195      85422    59.3201     100.00     2.3453     2.0537          9  0.000e+00
    149.858   79.06480  126.00486    151.512     1.1075     1.1056  29.795055  29.790820    34.6518    34.6485    296.421    290.836    -0.1366     4.6264     0.0830     0.0830     0.0538     0.0195      85423    59.3208     100.00     2.3440     2.0537          9  0.000e+00
    149.867   79.06480  126.00486    151.520     1.1078     1.1057  29.794992  29.790996    34.6515    34.6486    296.420    290.835    -0.1366     4.6264     0.0830     0.0830     0.0538     0.0195      85424    59.3215     100.00     2.3440     2.0537          9  0.000e+00
    149.916   79.06480  126.00486    151.570     1.1079     1.1056  29.794619  29.791113    34.6508    34.6489    296.422    290.606    -0.1366     4.6276     0.0830     0.0830     0.0527     0.0195      85425    59.3222     100.00     2.3440     2.0524          9  0.000e+00
    149.858   79.06480  126.00486    151.512     1.1078     1.1057  29.794868  29.790937    34.6513    34.6485    296.420    290.603    -0.1061     4.6276     0.0830     0.0830     0.0527     0.0208      85426    59.3229     100.00     2.3440     2.0524          9  0.000e+00
    149.867   79.06480  126.00486    151.520     1.1074     1.1057  29.794556  29.791055    34.6513    34.6486    296.619    290.372    -0.1366     4.6276     0.0830     0.0830     0.0527     0.0195      85427    59.3236     100.00     2.3453     2.0512          9  0.000e+00
    149.858   79.06480  126.00486    151.512     1.1076     1.1060  29.794058  29.791113    34.6504    34.6484    296.423    290.138    -0.1366     4.6276     0.0830     0.0830     0.0527     0.0195      85428    59.3243     100.00     2.3440     2.0500          9  0.000e+00
    149.916   79.06480  126.00486    151.570     1.1062     1.1058  29.791005  29.791113    34.6480    34.6486    296.247    290.373    -0.1366     4.6276     0.0830     0.0830     0.0527     0.0195      85429    59.3250     100.00     2.3428     2.0512          9  0.000e+00
    149.809   79.06480  126.00486    151.462     1.1004     1.1062  29.782905  29.791289    34.6441    34.6485    296.300    290.598    -0.1366     4.6276     0.0830     0.0830     0.0527     0.0195      85430    59.3257     100.00     2.3428     2.0524          9  0.000e+00
    149.858   79.06480  126.00486    151.512     1.0934     1.1059  29.778233  29.791406    34.6458    34.6489    296.357    290.601    -0.1366     4.6276     0.0830     0.0830     0.0527     0.0195      85431    59.3264     100.00     2.3428     2.0524          9  0.000e+00
    149.916   79.06480  126.00486    151.570     1.0937     1.1058  29.781847  29.791172    34.6502    34.6486    296.348    290.836    -0.1366     4.6264     0.0830     0.0830     0.0538     0.0195      85432    59.3271     100.00     2.3428     2.0537          9  0.000e+00
    149.858   79.06480  126.00486    151.512     1.0981     1.1057  29.787454  29.791523    34.6525    34.6492    296.303    290.833    -0.1366     4.6264     0.0830     0.0830     0.0538     0.0195      85433    59.3278     100.00     2.3428     2.0537          9  0.000e+00
    149.867   79.06480  126.00486    151.520     1.1015     1.1060  29.790756  29.791641    34.6529    34.6491    296.469    291.063    -0.1366     4.6276     0.0830     0.0830     0.0527     0.0195      85434    59.3285     100.00     2.3440     2.0549          9  0.000e+00
    149.858   79.06480  126.00486    151.512     1.1042     1.1065  29.792687  29.792051    34.6525    34.6491    296.252    291.290    -0.1671     4.6276     0.0830     0.0830     0.0527     0.0183      85435    59.3292     100.00     2.3428     2.0561          9  0.000e+00
    149.916   79.06480  126.00486    151.570     1.1056     1.1065  29.793684  29.792227    34.6521    34.6493    296.438    291.292    -0.1671     4.6264     0.0830     0.0830     0.0538     0.0183      85436    59.3299     100.00     2.3440     2.0561          9  0.000e+00
    149.867   79.06480  126.00486    151.520     1.1065     1.1068  29.793871  29.792637    34.6514    34.6495    296.430    291.287    -0.1366     4.6264     0.0830     0.0830     0.0538     0.0195      85437    59.3306     100.00     2.3440     2.0561          9  0.000e+00
    149.858   79.06480  126.00486    151.512     1.1070     1.1068  29.794307  29.792402    34.6514    34.6492    296.426    291.287    -0.1671     4.6264     0.0830     0.0830     0.0538     0.0183      85438    59.3312     100.00     2.3440     2.0561          9  0.000e+00
    149.858   79.06480  126.00486    151.512     1.1071     1.1071  29.794431  29.792461    34.6515    34.6489    296.229    291.285    -0.1671     4.6264     0.0830     0.0830     0.0538     0.0183      85439    59.3319     100.00     2.3428     2.0561          9  0.000e+00
    149.867   79.06480  126.00486    151.520     1.1075     1.1074  29.794494  29.792520    34.6511    34.6487    296.227    291.284    -0.1671     4.6264     0.0830     0.0830     0.0538     0.0183      85440    59.3326     100.00     2.3428     2.0561          9  0.000e+00
    149.858   79.06480  126.00486    151.512     1.1073     1.1074  29.794618  29.792520    34.6515    34.6487    296.423    291.052    -0.1671     4.6264     0.0830     0.0830     0.0538     0.0183      85441    59.3333     100.00     2.3440     2.0549          9  0.000e+00
    149.858   79.06480  126.00486    151.512     1.1075     1.1076  29.794494  29.792520    34.6511    34.6485    296.227    290.819    -0.1671     4.6264     0.0830     0.0830     0.0538     0.0183      85442    59.3340     100.00     2.3428     2.0537          9  0.000e+00
    149.924   79.06480  126.00486    151.578     1.1073     1.1076  29.794681  29.792696    34.6516    34.6487    296.426    290.821    -0.1671     4.6264     0.0830     0.0830     0.0538     0.0183      85443    59.3347     100.00     2.3440     2.0537          9  0.000e+00
    149.858   79.06480  126.00486    151.512     1.1076     1.1074  29.794681  29.792578    34.6512    34.6487    296.225    290.820    -0.1671     4.6264     0.0830     0.0830     0.0538     0.0183      85444    59.3354     100.00     2.3428     2.0537          9  0.000e+00
    149.858   79.06480  126.00486    151.512     1.1078     1.1074  29.794494  29.792520    34.6508    34.6487    296.421    290.589    -0.1366     4.6264     0.0830     0.0830     0.0538     0.0195      85445    59.3361     100.00     2.3440     2.0524          9  0.000e+00
    149.858   79.06480  126.00486    151.512     1.1075     1.1076  29.794494  29.792520    34.6511    34.6485    296.422    290.588    -0.1366     4.6264     0.0830     0.0830     0.0538     0.0195      85446    59.3368     100.00     2.3440     2.0524          9  0.000e+00
    149.867   79.06480  126.00486    151.520     1.1074     1.1074  29.794618  29.792520    34.6513    34.6487    296.423    290.589    -0.1671     4.6264     0.0830     0.0830     0.0538     0.0183      85447    59.3375     100.00     2.3440     2.0524          9  0.000e+00
    149.858   79.06480  126.00486    151.512     1.1076     1.1077  29.794930  29.792520    34.6515    34.6483    296.224    290.587    -0.1671     4.6264     0.0830     0.0830     0.0538     0.0183      85448    59.3382     100.00     2.3428     2.0524          9  0.000e+00
    149.916   79.06480  126.00486    151.570     1.1075     1.1077  29.794432  29.792520    34.6510    34.6482    296.229    290.589    -0.1671     4.6264     0.0830     0.0830     0.0538     0.0183      85449    59.3389     100.00     2.3428     2.0524          9  0.000e+00
    149.809   79.06480  126.00486    151.462     1.1073     1.1077  29.794805  29.792519    34.6517    34.6483    296.225    290.353    -0.1671     4.6264     0.0830     0.0830     0.0538     0.0183      85450    59.3396     100.00     2.3428     2.0512          9  0.000e+00
    149.916   79.06480  126.00486    151.570     1.1074     1.1076  29.794805  29.792520    34.6515    34.6484    296.228    290.590    -0.1671     4.6264     0.0830     0.0830     0.0538     0.0183      85451    59.3403     100.00     2.3428     2.0524          9  0.000e+00
    149.858   79.06480  126.00486    151.512     1.1075     1.1077  29.794494  29.792520    34.6511    34.6483    296.422    290.355    -0.1671     4.6264     0.0830     0.0830     0.0538     0.0183      85452    59.3410     100.00     2.3440     2.0512          9  0.000e+00
    149.867   79.06480  126.00486    151.520     1.1075     1.1076  29.794681  29.792344    34.6514    34.6482    296.226    290.357    -0.1671     4.6264     0.0830     0.0830     0.0538     0.0183      85453    59.3417     100.00     2.3428     2.0512          9  0.000e+00
    149.858   79.06480  126.00486    151.512     1.1074     1.1074  29.794805  29.791992    34.6516    34.6480    296.422    290.590    -0.1671     4.6264     0.0830     0.0830     0.0538     0.0183      85454    59.3424     100.00     2.3440     2.0524          9  0.000e+00
    149.793   79.06480  126.00486    151.445     1.1076     1.1073  29.794680  29.791523    34.6512    34.6476    296.418    290.589    -0.1671     4.6264     0.0830     0.0830     0.0538     0.0183      85455    59.3431     100.00     2.3440     2.0524          9  0.000e+00
    130.087   79.06462  126.00458    131.516     0.0569     0.0599  28.739088  28.741089    34.4603    34.4596    308.342    302.170    -0.1366     4.6252     0.0867     0.0867     0.0548     0.0195      88006    61.1146     100.00     2.3633     2.0681         10  0.000e+00
    130.021   79.06462  126.00458    131.449     0.0564     0.0596  28.739396  28.740974    34.4613    34.4598    308.342    302.169    -0.1366     4.6264     0.0867     0.0867     0.0538     0.0195      88007    61.1153     100.00     2.3633     2.0681         10  0.000e+00
    130.087   79.06462  126.00458    131.516     0.0563     0.0593  28.739457  28.741032    34.4615    34.4601    308.345    302.173    -0.1366     4.6264     0.0867     0.0867     0.0538     0.0195      88008    61.1160     100.00     2.3633     2.0681         10  0.000e+00
    130.021   79.06462  126.00458    131.449     0.0561     0.0590  28.739273  28.740742    34.4615    34.4602    308.344    302.174    -0.1061     4.6264     0.0867     0.0867     0.0538     0.0208      88009    61.1167     100.00     2.3633     2.0681         10  0.000e+00
    130.087   79.06462  126.00458    131.516     0.0557     0.0594  28.738966  28.740338    34.4615    34.4591    308.350    301.936    -0.1671     4.6252     0.0867     0.0867     0.0548     0.0183      88010    61.1174     100.00     2.3633     2.0669         10  0.000e+00
    130.021   79.06462  126.00458    131.449     0.0552     0.0588  28.738474  28.740395    34.4615    34.4599    308.352    301.937    -0.1671     4.6252     0.0867     0.0867     0.0548     0.0183      88011    61.1181     100.00     2.3633     2.0669         10  0.000e+00
    130.062   79.06462  126.00458    131.491     0.0549     0.0585  28.738351  28.740049    34.4616    34.4598    308.356    301.942    -0.1671     4.6264     0.0867     0.0867     0.0538     0.0183      88012    61.1187     100.00     2.3633     2.0669         10  0.000e+00
    130.021   79.06462  126.00458    131.449     0.0546     0.0584  28.737736  28.739701    34.4612    34.4595    308.358    301.942    -0.1671     4.6252     0.0855     0.0855     0.0548     0.0183      88013    61.1194     100.00     2.3633     2.0669         10  0.000e+00
    130.087   79.06462  126.00458    131.516     0.0547     0.0582  28.737552  28.739817    34.4607    34.4598    308.562    301.945    -0.1671     4.6264     0.0855     0.0855     0.0538     0.0183      88014    61.1201     100.00     2.3645     2.0669         10  0.000e+00
    130.021   79.06462  126.00458    131.449     0.0544     0.0580  28.737306  28.740106    34.4608    34.4604    308.361    302.181    -0.1671     4.6264     0.0855     0.0855     0.0538     0.0183      88015    61.1208     100.00     2.3633     2.0681         10  0.000e+00
    130.087   79.06462  126.00458    131.516     0.0533     0.0577  28.736691  28.739586    34.4612    34.4600    308.574    302.187    -0.1671     4.6264     0.0867     0.0867     0.0538     0.0183      88016    61.1215     100.00     2.3645     2.0681         10  0.000e+00
    130.021   79.06462  126.00458    131.449     0.0529     0.0577  28.736261  28.739355    34.4611    34.4597    308.374    302.424    -0.1671     4.6264     0.0855     0.0855     0.0538     0.0183      88017    61.1222     100.00     2.3633     2.0693         10  0.000e+00
    130.087   79.06462  126.00458    131.516     0.0527     0.0577  28.736199  28.739528    34.4612    34.4599    308.176    302.664    -0.1366     4.6264     0.0842     0.0842     0.0538     0.0195      88018    61.1229     100.00     2.3621     2.0705         10  0.000e+00
    130.021   79.06462  126.00458    131.449     0.0524     0.0579  28.736384  28.739817    34.4618    34.4602    308.376    302.660    -0.1671     4.6252     0.0855     0.0855     0.0548     0.0183      88019    61.1236     100.00     2.3633     2.0705         10  0.000e+00
    130.087   79.06462  126.00458    131.516     0.0522     0.0577  28.736445  28.739702    34.4621    34.4602    308.380    302.664    -0.1671     4.6264     0.0855     0.0855     0.0538     0.0183      88020    61.1243     100.00     2.3633     2.0705         10  0.000e+00
    130.021   79.06462  126.00458    131.449     0.0530     0.0579  28.737060  28.739817    34.4620    34.4602    308.370    302.421    -0.1671     4.6264     0.0855     0.0855     0.0538     0.0183      88021    61.1250     100.00     2.3633     2.0693         10  0.000e+00
    130.087   79.06462  126.00458    131.516     0.0533     0.0577  28.737675  28.739702    34.4625    34.4602    308.168    301.949    -0.1671     4.6264     0.0855     0.0855     0.0538     0.0183      88022    61.1257     100.00     2.3621     2.0669         10  0.000e+00
    130.062   79.06462  126.00458    131.491     0.0542     0.0580  28.737982  28.739991    34.4618    34.4602    308.361    301.945    -0.1671     4.6264     0.0855     0.0855     0.0538     0.0183      88023    61.1264     100.00     2.3633     2.0669         10  0.000e+00
    130.021   79.06462  126.00458    131.449     0.0542     0.0582  28.738474  28.740164    34.4625    34.4603    308.358    301.941    -0.1671     4.6252     0.0855     0.0855     0.0548     0.0183      88024    61.1271     100.00     2.3633     2.0669         10  0.000e+00
    130.021   79.06462  126.00458    131.449     0.0550     0.0583  28.739027  28.740222    34.4624    34.4602    308.351    301.941    -0.1671     4.6264     0.0855     0.0855     0.0538     0.0183      88025    61.1278     100.00     2.3633     2.0669         10  0.000e+00
    130.087   79.06462  126.00458    131.516     0.0556     0.0582  28.738966  28.740396    34.4616    34.4606    308.149    301.705    -0.1671     4.6264     0.0855     0.0855     0.0538     0.0183      88026    61.1285     100.00     2.3621     2.0656         10  0.000e+00
    130.021   79.06462  126.00458    131.449     0.0557     0.0583  28.738904  28.740280    34.4615    34.4603    308.146    301.464    -0.1366     4.6264     0.0855     0.0855     0.0538     0.0195      88027    61.1292     100.00     2.3621     2.0644         10  0.000e+00
