Continuous CTD Data/01_SBE Stage/nabos_10_02.ros
* Sea-Bird SBE 9 Data File:
* FileName = D:\CTD\data\HLY2502\raw\NABOS_10_02.hex
* Software Version Seasave V 7.26.7.110
* Temperature SN = 6954
* Conductivity SN = 2561
* Number of Bytes Per Scan = 37
* Number of Voltage Words = 4
* Number of Scans Averaged by the Deck Unit = 1
* NMEA Latitude = 76 35.83 N
* NMEA Longitude = 179 51.15 W
* NMEA UTC (Time) = Sep 16 2025  19:12:24
* NMEA baud rate = 9600
** Ship: USCG HEALY
** Bot. Depth:  1157
** Cast Number:  02
** Station Name:  NABOS
** Station Number:  10
** Operator:  STARC
# nquan = 25
# nvalues = 1176                                  
# units = specified
# name 0 = depSM: Depth [salt water, m]
# name 1 = latitude: Latitude [deg]
# name 2 = longitude: Longitude [deg]
# name 3 = prDM: Pressure, Digiquartz [db]
# name 4 = t090C: Temperature [ITS-90, deg C]
# name 5 = t190C: Temperature, 2 [ITS-90, deg C]
# name 6 = c0mS/cm: Conductivity [mS/cm]
# name 7 = c1mS/cm: Conductivity, 2 [mS/cm]
# name 8 = sal00: Salinity, Practical [PSU]
# name 9 = sal11: Salinity, Practical, 2 [PSU]
# name 10 = sbox0Mm/Kg: Oxygen, SBE 43 [umol/kg]
# name 11 = sbox1Mm/Kg: Oxygen, SBE 43, 2 [umol/kg]
# name 12 = flECO-AFL: Fluorescence, WET Labs ECO-AFL/FL [mg/m^3]
# name 13 = v2: Voltage 2
# name 14 = wetCDOM: Fluorescence, WET Labs CDOM [mg/m^3]
# name 15 = v6: Voltage 6
# name 16 = CStarAt0: Beam Attenuation, WET Labs C-Star [1/m]
# name 17 = v3: Voltage 3
# name 18 = scan: Scan Count
# name 19 = timeM: Time, Elapsed [minutes]
# name 20 = altM: Altimeter [m]
# name 21 = sbeox0V: Oxygen raw, SBE 43 [V]
# name 22 = sbeox1V: Oxygen raw, SBE 43, 2 [V]
# name 23 = nbf: Bottles Fired
# name 24 = flag:  0.000e+00
# interval = seconds: 0.0416667
# start_time = Sep 16 2025 19:12:24 [NMEA time, header]
# bad_flag = -9.990e-29
*END*
[from data line 1160]
     20.381   76.59888 -179.84372     20.598    -1.4147    -1.4132  24.290269  24.283477    30.1289    30.1181    379.324    371.626     0.5350     4.5958     0.1123     0.1123     0.0803     0.0464      46953    32.6056     100.00     2.6529     2.3072         24  0.000e+00
     20.398   76.59888 -179.84372     20.614    -1.4146    -1.4132  24.290153  24.283532    30.1285    30.1181    379.324    370.357     0.5655     4.5958     0.1136     0.1136     0.0803     0.0476      46954    32.6063     100.00     2.6529     2.3011         24  0.000e+00
     20.201   76.59888 -179.84372     20.415    -1.4146    -1.4134  24.290095  24.283531    30.1286    30.1185    379.315    369.334     0.5350     4.5958     0.1123     0.1123     0.0803     0.0464      46955    32.6069     100.00     2.6529     2.2962         24  0.000e+00
     20.439   76.59888 -179.84372     20.656    -1.4147    -1.4134  24.290095  24.282988    30.1286    30.1176    379.114    368.841     0.5350     4.5958     0.1123     0.1123     0.0803     0.0464      46956    32.6076     100.00     2.6517     2.2938         24  0.000e+00
     20.324   76.59888 -179.84372     20.540    -1.4144    -1.4134  24.290095  24.282824    30.1283    30.1174    379.105    368.836     0.5655     4.5958     0.1123     0.1123     0.0803     0.0476      46957    32.6083     100.00     2.6517     2.2938         24  0.000e+00
     20.340   76.59888 -179.84372     20.556    -1.4146    -1.4139  24.290269  24.282607    30.1287    30.1177    379.106    369.350     0.5350     4.5958     0.1123     0.1123     0.0803     0.0464      46958    32.6090     100.00     2.6517     2.2962         24  0.000e+00
     20.324   76.59888 -179.84372     20.540    -1.4146    -1.4138  24.289979  24.282226    30.1284    30.1170    379.107    369.096     0.5655     4.5971     0.1123     0.1123     0.0792     0.0476      46959    32.6097     100.00     2.6517     2.2950         24  0.000e+00
     20.381   76.59888 -179.84372     20.598    -1.4147    -1.4138  24.289864  24.282770    30.1283    30.1177    379.326    369.096     0.5350     4.5958     0.1136     0.1136     0.0803     0.0464      46960    32.6104     100.00     2.6529     2.2950         24  0.000e+00
     20.324   76.59888 -179.84372     20.540    -1.4147    -1.4141  24.289864  24.283205    30.1283    30.1187    379.323    369.348     0.5350     4.5958     0.1123     0.1123     0.0803     0.0464      46961    32.6111     100.00     2.6529     2.2962         24  0.000e+00
     20.340   76.59888 -179.84372     20.556    -1.4147    -1.4141  24.290037  24.283967    30.1286    30.1197    379.323    369.346     0.5350     4.5958     0.1123     0.1123     0.0803     0.0464      46962    32.6118     100.00     2.6529     2.2962         24  0.000e+00
     20.381   76.59888 -179.84372     20.598    -1.4146    -1.4145  24.289748  24.284402    30.1280    30.1206    379.325    369.349     0.5350     4.5958     0.1136     0.1136     0.0803     0.0464      46963    32.6125     100.00     2.6529     2.2962         24  0.000e+00
     20.324   76.59888 -179.84372     20.540    -1.4148    -1.4145  24.289632  24.284837    30.1281    30.1213    379.110    369.852     0.5350     4.5958     0.1123     0.1123     0.0803     0.0464      46964    32.6132     100.00     2.6517     2.2987         24  0.000e+00
     20.398   76.59888 -179.84372     20.614    -1.4148    -1.4144  24.289980  24.285327    30.1286    30.1218    379.113    370.361     0.5350     4.5958     0.1123     0.1123     0.0803     0.0464      46965    32.6139     100.00     2.6517     2.3011         24  0.000e+00
     20.258   76.59888 -179.84372     20.473    -1.4147    -1.4143  24.289921  24.285055    30.1285    30.1214    379.105    370.607     0.5655     4.5958     0.1123     0.1123     0.0803     0.0476      46966    32.6146     100.00     2.6517     2.3023         24  0.000e+00
     20.381   76.59888 -179.84372     20.598    -1.4146    -1.4143  24.289690  24.284620    30.1279    30.1207    379.325    370.869     0.5350     4.5958     0.1123     0.1123     0.0803     0.0464      46967    32.6153     100.00     2.6529     2.3035         24  0.000e+00
     20.381   76.59888 -179.84372     20.598    -1.4146    -1.4145  24.289806  24.284511    30.1281    30.1208    379.111    370.871     0.5350     4.5958     0.1123     0.1123     0.0803     0.0464      46968    32.6160     100.00     2.6517     2.3035         24  0.000e+00
