Continuous CTD Data/01_SBE Stage/nabos_29_01.ros
* Sea-Bird SBE 9 Data File:
* FileName = D:\CTD\data\HLY2502\raw\NABOS_29_01.hex
* Software Version Seasave V 7.26.7.110
* Temperature SN = 6954
* Conductivity SN = 2561
* Number of Bytes Per Scan = 37
* Number of Voltage Words = 4
* Number of Scans Averaged by the Deck Unit = 1
* NMEA Latitude = 80 31.69 N
* NMEA Longitude = 150 58.43 E
* NMEA UTC (Time) = Sep 22 2025  04:33:58
* NMEA baud rate = 9600
** Ship: USCG HEALY
** Bot. Depth:  2015
** Cast Number:  01
** Station Name:  NABOS
** Station Number:  29
** Operator:  STARC
# nquan = 25
# nvalues = 1127                                  
# units = specified
# name 0 = depSM: Depth [salt water, m]
# name 1 = latitude: Latitude [deg]
# name 2 = longitude: Longitude [deg]
# name 3 = prDM: Pressure, Digiquartz [db]
# name 4 = t090C: Temperature [ITS-90, deg C]
# name 5 = t190C: Temperature, 2 [ITS-90, deg C]
# name 6 = c0mS/cm: Conductivity [mS/cm]
# name 7 = c1mS/cm: Conductivity, 2 [mS/cm]
# name 8 = sal00: Salinity, Practical [PSU]
# name 9 = sal11: Salinity, Practical, 2 [PSU]
# name 10 = sbox0Mm/Kg: Oxygen, SBE 43 [umol/kg]
# name 11 = sbox1Mm/Kg: Oxygen, SBE 43, 2 [umol/kg]
# name 12 = flECO-AFL: Fluorescence, WET Labs ECO-AFL/FL [mg/m^3]
# name 13 = v2: Voltage 2
# name 14 = wetCDOM: Fluorescence, WET Labs CDOM [mg/m^3]
# name 15 = v6: Voltage 6
# name 16 = CStarAt0: Beam Attenuation, WET Labs C-Star [1/m]
# name 17 = v3: Voltage 3
# name 18 = scan: Scan Count
# name 19 = timeM: Time, Elapsed [minutes]
# name 20 = altM: Altimeter [m]
# name 21 = sbeox0V: Oxygen raw, SBE 43 [V]
# name 22 = sbeox1V: Oxygen raw, SBE 43, 2 [V]
# name 23 = nbf: Bottles Fired
# name 24 = flag:  0.000e+00
# interval = seconds: 0.0416667
# start_time = Sep 22 2025 04:33:58 [NMEA time, header]
# bad_flag = -9.990e-29
*END*
[from data line 116]
    750.619   80.52516  150.98990    760.050    -0.1921    -0.1919  29.074121  29.071907    34.8103    34.8071    299.547    293.001    -0.1671     4.6361     0.0830     0.0830     0.0453     0.0183      55630    38.6313     100.00     2.1577     1.8951          3  0.000e+00
    750.619   80.52516  150.98990    760.050    -0.1921    -0.1917  29.074183  29.072024    34.8104    34.8071    299.768    292.738    -0.1671     4.6361     0.0830     0.0830     0.0453     0.0183      55631    38.6319     100.00     2.1590     1.8939          3  0.000e+00
    750.619   80.52516  150.98992    760.050    -0.1920    -0.1919  29.073627  29.072372    34.8095    34.8077    299.547    292.477    -0.1671     4.6361     0.0842     0.0842     0.0453     0.0183      55632    38.6326     100.00     2.1577     1.8927          3  0.000e+00
    750.628   80.52516  150.98992    760.058    -0.1921    -0.1921  29.073936  29.072198    34.8101    34.8077    299.769    292.478    -0.1671     4.6361     0.0830     0.0830     0.0453     0.0183      55633    38.6333     100.00     2.1590     1.8927          3  0.000e+00
    750.553   80.52516  150.98992    759.983    -0.1919    -0.1921  29.073874  29.072198    34.8098    34.8078    299.543    292.475    -0.1671     4.6361     0.0842     0.0842     0.0453     0.0183      55634    38.6340     100.00     2.1577     1.8927          3  0.000e+00
    750.619   80.52516  150.98992    760.050    -0.1918    -0.1919  29.073998  29.071907    34.8098    34.8071    299.324    292.217    -0.1671     4.6361     0.0830     0.0830     0.0453     0.0183      55635    38.6347     100.00     2.1565     1.8915          3  0.000e+00
    750.619   80.52516  150.98992    760.050    -0.1920    -0.1921  29.073874  29.071907    34.8098    34.8073    299.768    292.218    -0.1671     4.6361     0.0830     0.0830     0.0453     0.0183      55636    38.6354     100.00     2.1590     1.8915          3  0.000e+00
    750.619   80.52516  150.98992    760.050    -0.1919    -0.1919  29.073627  29.071849    34.8094    34.8071    299.547    292.739    -0.1671     4.6361     0.0830     0.0830     0.0453     0.0183      55637    38.6361     100.00     2.1577     1.8939          3  0.000e+00
    750.619   80.52516  150.98992    760.050    -0.1918    -0.1919  29.073936  29.071849    34.8097    34.8071    299.766    293.262    -0.1671     4.6361     0.0830     0.0830     0.0453     0.0183      55638    38.6368     100.00     2.1590     1.8964          3  0.000e+00
    750.562   80.52516  150.98992    759.991    -0.1920    -0.1922  29.073689  29.072140    34.8096    34.8078    299.545    293.783    -0.1671     4.6361     0.0830     0.0830     0.0453     0.0183      55639    38.6375     100.00     2.1577     1.8988          3  0.000e+00
    750.619   80.52516  150.98992    760.050    -0.1920    -0.1921  29.073751  29.072140    34.8097    34.8076    299.547    294.046    -0.1671     4.6361     0.0842     0.0842     0.0453     0.0183      55640    38.6382     100.00     2.1577     1.9000          3  0.000e+00
    750.619   80.52516  150.98992    760.050    -0.1921    -0.1919  29.073812  29.071965    34.8099    34.8072    299.548    294.046    -0.1671     4.6361     0.0830     0.0830     0.0453     0.0183      55641    38.6389     100.00     2.1577     1.9000          3  0.000e+00
    750.619   80.52516  150.98992    760.050    -0.1919    -0.1919  29.074245  29.071849    34.8102    34.8071    299.545    294.046    -0.1976     4.6361     0.0842     0.0842     0.0453     0.0171      55642    38.6396     100.00     2.1577     1.9000          3  0.000e+00
    750.553   80.52516  150.98992    759.983    -0.1918    -0.1918  29.073997  29.072023    34.8099    34.8073    299.543    294.043    -0.1976     4.6361     0.0830     0.0830     0.0453     0.0171      55643    38.6403     100.00     2.1577     1.9000          3  0.000e+00
    750.677   80.52516  150.98992    760.109    -0.1921    -0.1919  29.073998  29.071966    34.8102    34.8072    299.550    294.048    -0.1366     4.6361     0.0830     0.0830     0.0453     0.0195      55644    38.6410     100.00     2.1577     1.9000          3  0.000e+00
    750.562   80.52516  150.98992    759.991    -0.1920    -0.1919  29.073627  29.072081    34.8096    34.8074    299.546    294.304    -0.1671     4.6349     0.0842     0.0842     0.0464     0.0183      55645    38.6417     100.00     2.1577     1.9013          3  0.000e+00
    750.619   80.52516  150.98992    760.050    -0.1918    -0.1919  29.073751  29.071791    34.8095    34.8070    299.546    294.830    -0.1671     4.6349     0.0842     0.0842     0.0464     0.0183      55646    38.6424     100.00     2.1577     1.9037          3  0.000e+00
    750.620   80.52516  150.98992    760.050    -0.1918    -0.1919  29.073812  29.072024    34.8096    34.8073    299.546    295.091    -0.1671     4.6349     0.0842     0.0842     0.0464     0.0183      55647    38.6431     100.00     2.1577     1.9050          3  0.000e+00
    750.620   80.52516  150.98992    760.050    -0.1919    -0.1919  29.073998  29.071965    34.8099    34.8072    299.546    294.307    -0.1671     4.6349     0.0842     0.0842     0.0464     0.0183      55648    38.6437     100.00     2.1577     1.9013          3  0.000e+00
    750.620   80.52516  150.98992    760.050    -0.1921    -0.1919  29.073874  29.072314    34.8100    34.8077    299.769    292.999    -0.1671     4.6349     0.0830     0.0830     0.0464     0.0183      55649    38.6444     100.00     2.1590     1.8951          3  0.000e+00
    750.553   80.52516  150.98992    759.983    -0.1918    -0.1919  29.073997  29.072198    34.8099    34.8076    299.764    292.736    -0.1671     4.6349     0.0830     0.0830     0.0464     0.0183      55650    38.6451     100.00     2.1590     1.8939          3  0.000e+00
    750.628   80.52516  150.98992    760.058    -0.1921    -0.1921  29.073874  29.072372    34.8100    34.8079    299.548    292.739    -0.1671     4.6349     0.0842     0.0842     0.0464     0.0183      55651    38.6458     100.00     2.1577     1.8939          3  0.000e+00
    750.620   80.52516  150.98992    760.050    -0.1918    -0.1919  29.073812  29.071965    34.8096    34.8072    299.767    291.955    -0.1671     4.6349     0.0830     0.0830     0.0464     0.0183      55652    38.6465     100.00     2.1590     1.8902          3  0.000e+00
    750.620   80.52516  150.98992    760.050    -0.1921    -0.1919  29.073998  29.071907    34.8102    34.8071    299.768    291.171    -0.1671     4.6349     0.0830     0.0830     0.0464     0.0183      55653    38.6472     100.00     2.1590     1.8865          3  0.000e+00
    750.620   80.52516  150.98992    760.050    -0.1920    -0.1919  29.074059  29.071849    34.8101    34.8071    299.767    290.126    -0.1671     4.6349     0.0830     0.0830     0.0464     0.0183      55654    38.6479     100.00     2.1590     1.8816          3  0.000e+00
    750.620   80.52516  150.98992    760.050    -0.1920    -0.1919  29.074059  29.072024    34.8101    34.8073    299.546    289.342    -0.1671     4.6349     0.0830     0.0830     0.0464     0.0183      55655    38.6486     100.00     2.1577     1.8779          3  0.000e+00
    750.553   80.52516  150.98992    759.983    -0.1921    -0.1922  29.074059  29.071791    34.8103    34.8073    299.765    288.558    -0.1671     4.6349     0.0830     0.0830     0.0464     0.0183      55656    38.6493     100.00     2.1590     1.8743          3  0.000e+00
    750.686   80.52516  150.98992    760.117    -0.1921    -0.1919  29.074307  29.072198    34.8106    34.8075    299.549    288.560    -0.1671     4.6349     0.0842     0.0842     0.0464     0.0183      55657    38.6500     100.00     2.1577     1.8743          3  0.000e+00
    750.620   80.52516  150.98992    760.050    -0.1918    -0.1919  29.073998  29.071849    34.8098    34.8071    299.545    288.297    -0.1976     4.6349     0.0842     0.0842     0.0464     0.0171      55658    38.6507     100.00     2.1577     1.8730          3  0.000e+00
    750.553   80.52516  150.98992    759.983    -0.1919    -0.1921  29.073812  29.072023    34.8097    34.8075    299.544    287.511    -0.1671     4.6349     0.0830     0.0830     0.0464     0.0183      55659    38.6514     100.00     2.1577     1.8694          3  0.000e+00
    750.620   80.52516  150.98992    760.050    -0.1920    -0.1919  29.073812  29.072198    34.8098    34.8075    299.547    286.728    -0.1976     4.6349     0.0830     0.0830     0.0464     0.0171      55660    38.6521     100.00     2.1577     1.8657          3  0.000e+00
    500.359   80.52458  150.99230    506.337     0.2658     0.2655  29.349678  29.347969    34.8056    34.8038    298.868    287.801    -0.1671     4.6313     0.0830     0.0830     0.0496     0.0183      64251    44.6181     100.00     2.2337     1.9355          4  0.000e+00
    500.302   80.52458  150.99230    506.279     0.2659     0.2657  29.349616  29.347852    34.8054    34.8033    299.075    288.046    -0.1671     4.6300     0.0830     0.0830     0.0506     0.0183      64252    44.6187     100.00     2.2349     1.9368          4  0.000e+00
    500.359   80.52458  150.99230    506.337     0.2658     0.2657  29.349802  29.347969    34.8058    34.8034    299.078    288.297    -0.1671     4.6313     0.0818     0.0818     0.0496     0.0183      64253    44.6194     100.00     2.2349     1.9380          4  0.000e+00
    500.359   80.52458  150.99230    506.337     0.2659     0.2656  29.349864  29.347853    34.8057    34.8034    299.077    288.298    -0.1671     4.6313     0.0830     0.0830     0.0496     0.0183      64254    44.6201     100.00     2.2349     1.9380          4  0.000e+00
    500.302   80.52458  150.99230    506.279     0.2658     0.2657  29.349864  29.348202    34.8059    34.8038    299.076    288.294    -0.1671     4.6313     0.0818     0.0818     0.0496     0.0183      64255    44.6208     100.00     2.2349     1.9380          4  0.000e+00
    500.302   80.52458  150.99230    506.279     0.2658     0.2659  29.349864  29.347911    34.8059    34.8032    299.076    287.796    -0.1671     4.6313     0.0830     0.0830     0.0496     0.0183      64256    44.6215     100.00     2.2349     1.9355          4  0.000e+00
    500.302   80.52458  150.99230    506.279     0.2657     0.2656  29.350298  29.347969    34.8066    34.8036    299.075    287.051    -0.1671     4.6325     0.0830     0.0830     0.0485     0.0183      64257    44.6222     100.00     2.2349     1.9319          4  0.000e+00
    500.359   80.52458  150.99230    506.337     0.2661     0.2657  29.349740  29.348086    34.8054    34.8036    299.076    286.554    -0.1671     4.6325     0.0818     0.0818     0.0485     0.0183      64258    44.6229     100.00     2.2349     1.9294          4  0.000e+00
    500.359   80.52458  150.99230    506.337     0.2656     0.2656  29.349926  29.347853    34.8062    34.8034    299.079    286.805    -0.1671     4.6325     0.0818     0.0818     0.0485     0.0183      64259    44.6236     100.00     2.2349     1.9306          4  0.000e+00
    500.302   80.52458  150.99230    506.279     0.2658     0.2657  29.349926  29.347794    34.8059    34.8032    298.865    288.295    -0.1976     4.6313     0.0818     0.0818     0.0496     0.0171      64260    44.6243     100.00     2.2337     1.9380          4  0.000e+00
    500.359   80.52458  150.99230    506.337     0.2658     0.2656  29.350050  29.347794    34.8061    34.8033    298.867    289.791    -0.1671     4.6313     0.0818     0.0818     0.0496     0.0183      64261    44.6250     100.00     2.2337     1.9453          4  0.000e+00
    500.302   80.52458  150.99230    506.279     0.2658     0.2659  29.349926  29.347969    34.8060    34.8033    298.865    291.031    -0.1671     4.6313     0.0818     0.0818     0.0496     0.0183      64262    44.6257     100.00     2.2337     1.9515          4  0.000e+00
    500.302   80.52458  150.99230    506.279     0.2656     0.2657  29.349864  29.348260    34.8061    34.8038    299.077    292.027    -0.1671     4.6325     0.0818     0.0818     0.0485     0.0183      64263    44.6264     100.00     2.2349     1.9564          4  0.000e+00
    500.359   80.52458  150.99230    506.337     0.2658     0.2656  29.349864  29.347911    34.8058    34.8035    299.078    293.027    -0.1976     4.6313     0.0830     0.0830     0.0496     0.0171      64264    44.6271     100.00     2.2349     1.9613          4  0.000e+00
    500.302   80.52458  150.99230    506.279     0.2659     0.2659  29.350050  29.347969    34.8060    34.8033    299.074    294.018    -0.1671     4.6325     0.0818     0.0818     0.0485     0.0183      64265    44.6278     100.00     2.2349     1.9662          4  0.000e+00
    500.359   80.52458  150.99230    506.337     0.2658     0.2657  29.350112  29.348261    34.8062    34.8038    298.867    295.514    -0.1671     4.6313     0.0818     0.0818     0.0496     0.0183      64266    44.6285     100.00     2.2337     1.9735          4  0.000e+00
    500.302   80.52458  150.99230    506.279     0.2658     0.2657  29.349926  29.348144    34.8060    34.8037    298.865    296.756    -0.1366     4.6313     0.0830     0.0830     0.0496     0.0195      64267    44.6292     100.00     2.2337     1.9797          4  0.000e+00
    500.359   80.52458  150.99230    506.337     0.2657     0.2661  29.349431  29.347853    34.8054    34.8029    298.870    297.255    -0.1671     4.6313     0.0830     0.0830     0.0496     0.0183      64268    44.6299     100.00     2.2337     1.9821          4  0.000e+00
    500.302   80.52458  150.99230    506.279     0.2658     0.2659  29.349864  29.347969    34.8059    34.8033    298.865    298.000    -0.1976     4.6325     0.0830     0.0830     0.0485     0.0171      64269    44.6306     100.00     2.2337     1.9858          4  0.000e+00
    500.359   80.52458  150.99230    506.337     0.2656     0.2656  29.349926  29.348261    34.8062    34.8039    299.079    298.750    -0.1976     4.6313     0.0830     0.0830     0.0496     0.0171      64270    44.6313     100.00     2.2349     1.9895          4  0.000e+00
    500.359   80.52458  150.99230    506.337     0.2658     0.2659  29.349864  29.347911    34.8058    34.8031    298.867    298.998    -0.1671     4.6313     0.0830     0.0830     0.0496     0.0183      64271    44.6319     100.00     2.2337     1.9907          4  0.000e+00
    500.302   80.52458  150.99230    506.279     0.2655     0.2656  29.349864  29.347969    34.8062    34.8036    299.077    298.500    -0.1366     4.6313     0.0818     0.0818     0.0496     0.0195      64272    44.6326     100.00     2.2349     1.9882          4  0.000e+00
    500.302   80.52458  150.99230    506.279     0.2658     0.2659  29.350050  29.348086    34.8062    34.8034    298.865    298.000    -0.1366     4.6313     0.0818     0.0818     0.0496     0.0195      64273    44.6333     100.00     2.2337     1.9858          4  0.000e+00
    500.359   80.52458  150.99230    506.337     0.2658     0.2656  29.349678  29.348086    34.8056    34.8037    299.079    298.253    -0.1061     4.6313     0.0830     0.0830     0.0496     0.0208      64274    44.6340     100.00     2.2349     1.9870          4  0.000e+00
    500.359   80.52458  150.99230    506.337     0.2657     0.2657  29.349740  29.347853    34.8059    34.8033    299.079    299.000    -0.1366     4.6313     0.0818     0.0818     0.0496     0.0195      64275    44.6347     100.00     2.2349     1.9907          4  0.000e+00
    500.302   80.52458  150.99230    506.279     0.2656     0.2657  29.349864  29.347794    34.8061    34.8032    298.866    298.997    -0.1061     4.6325     0.0818     0.0818     0.0485     0.0208      64276    44.6354     100.00     2.2337     1.9907          4  0.000e+00
