Continuous CTD Data/01_SBE Stage/nabos_14_01avg.cnv
* Sea-Bird SBE 9 Data File:
* FileName = D:\CTD\data\HLY2502\raw\NABOS_14_01.hex
* Software Version Seasave V 7.26.7.110
* Temperature SN = 6954
* Conductivity SN = 2561
* Number of Bytes Per Scan = 37
* Number of Voltage Words = 4
* Number of Scans Averaged by the Deck Unit = 1
* NMEA Latitude = 78 08.65 N
* NMEA Longitude = 172 14.25 W
* NMEA UTC (Time) = Sep 10 2025  02:59:44
* NMEA baud rate = 9600
** Ship: USCG HEALY
** Bot. Depth:  2700
** Cast Number:  01
** Station Name:  NABOS
** Station Number:  14
** Operator:  STARC
** 1200 m release test
# nquan = 25
# nvalues = 1137                        
# units = specified
# name 0 = depSM: Depth [salt water, m]
# name 1 = latitude: Latitude [deg]
# name 2 = longitude: Longitude [deg]
# name 3 = prDM: Pressure, Digiquartz [db]
# name 4 = t090C: Temperature [ITS-90, deg C]
# name 5 = t190C: Temperature, 2 [ITS-90, deg C]
# name 6 = c0mS/cm: Conductivity [mS/cm]
# name 7 = c1mS/cm: Conductivity, 2 [mS/cm]
# name 8 = sal00: Salinity, Practical [PSU]
# name 9 = sal11: Salinity, Practical, 2 [PSU]
# name 10 = sbox0Mm/Kg: Oxygen, SBE 43 [umol/kg]
# name 11 = sbox1Mm/Kg: Oxygen, SBE 43, 2 [umol/kg]
# name 12 = flECO-AFL: Fluorescence, WET Labs ECO-AFL/FL [mg/m^3]
# name 13 = v2: Voltage 2
# name 14 = wetCDOM: Fluorescence, WET Labs CDOM [mg/m^3]
# name 15 = v6: Voltage 6
# name 16 = CStarAt0: Beam Attenuation, WET Labs C-Star [1/m]
# name 17 = v3: Voltage 3
# name 18 = scan: Scan Count
# name 19 = timeM: Time, Elapsed [minutes]
# name 20 = altM: Altimeter [m]
# name 21 = sbeox0V: Oxygen raw, SBE 43 [V]
# name 22 = sbeox1V: Oxygen raw, SBE 43, 2 [V]
# name 23 = nbin: number of scans per bin
# name 24 = flag: flag
# span 0 =      2.969,   1123.941       
# span 1 =   78.14370,   78.14428       
# span 2 = -172.23608, -172.22520       
# span 3 =      3.000,   1139.000       
# span 4 =    -1.6309,     1.0079       
# span 5 =    -1.6303,     1.0079       
# span 6 =  23.219327,  29.945248       
# span 7 =  23.218618,  29.943524       
# span 8 =    28.8055,    34.8889       
# span 9 =    28.8040,    34.8868       
# span 10 =    198.834,    395.699      
# span 11 =    195.282,    384.483      
# span 12 =    -0.1856,     0.7928      
# span 13 =     4.5662,     4.6694      
# span 14 =     0.0805,     0.1098      
# span 15 =     0.0805,     0.1098      
# span 16 =     0.0167,     0.1062      
# span 17 =     0.0176,     0.0567      
# span 18 =       3491,      36017      
# span 19 =     2.4233,    25.0114      
# span 20 =      64.30,     100.02      
# span 21 =     1.6517,     2.7645      
# span 22 =     1.4807,     2.3820      
# span 23 =          6,         26      
# span 24 = 0.0000e+00, 0.0000e+00      
# interval = decibars: 1                
# start_time = Sep 10 2025 02:59:44 [NMEA time, header]
# bad_flag = -9.990e-29
*END*
[from data line 696]
    690.484   78.14376 -172.22870    699.000     0.5011     0.5012  29.680890  29.679215    34.8614    34.8591    290.424    283.880    -0.1482     4.6692     0.0820     0.0820     0.0169     0.0191      24411    16.9515     100.00     2.1542     1.8912         13 0.0000e+00
    691.469   78.14376 -172.22868    700.000     0.4959     0.4958  29.676724  29.674932    34.8612    34.8590    290.417    283.712    -0.1633     4.6689     0.0817     0.0817     0.0172     0.0185      24436    16.9686     100.00     2.1537     1.8900         13 0.0000e+00
    692.456   78.14376 -172.22866    701.000     0.4920     0.4921  29.673612  29.671987    34.8609    34.8587    290.431    283.336    -0.1567     4.6689     0.0818     0.0818     0.0172     0.0187      24460    16.9856     100.00     2.1534     1.8878         15 0.0000e+00
    693.442   78.14376 -172.22866    702.000     0.4882     0.4883  29.670687  29.669050    34.8609    34.8586    290.592    284.350    -0.1713     4.6689     0.0832     0.0832     0.0171     0.0181      24485    17.0029     100.00     2.1539     1.8924         15 0.0000e+00
    694.428   78.14376 -172.22864    703.000     0.4855     0.4855  29.668624  29.666919    34.8606    34.8584    290.713    284.363    -0.1782     4.6690     0.0842     0.0842     0.0171     0.0179      24510    17.0200     100.00     2.1542     1.8922         14 0.0000e+00
    695.414   78.14376 -172.22864    704.000     0.4815     0.4814  29.665466  29.663597    34.8604    34.8581    290.798    284.122    -0.1449     4.6689     0.0847     0.0847     0.0171     0.0192      24535    17.0372     100.00     2.1543     1.8907         15 0.0000e+00
    696.400   78.14376 -172.22862    705.000     0.4784     0.4784  29.663277  29.661457    34.8604    34.8580    290.912    284.272    -0.1371     4.6691     0.0846     0.0846     0.0170     0.0195      24559    17.0541     100.00     2.1546     1.8911         13 0.0000e+00
    697.387   78.14376 -172.22860    706.000     0.4760     0.4760  29.661458  29.659728    34.8602    34.8579    290.914    284.079    -0.1723     4.6691     0.0822     0.0822     0.0170     0.0181      24584    17.0714     100.00     2.1542     1.8899         16 0.0000e+00
    698.373   78.14376 -172.22859    707.000     0.4743     0.4744  29.660271  29.658552    34.8600    34.8577    290.992    284.204    -0.1433     4.6691     0.0828     0.0828     0.0170     0.0192      24608    17.0885     100.00     2.1544     1.8903         14 0.0000e+00
    699.359   78.14376 -172.22858    708.000     0.4749     0.4749  29.661520  29.659804    34.8603    34.8581    290.970    284.654    -0.1644     4.6690     0.0818     0.0818     0.0171     0.0184      24633    17.1055     100.00     2.1540     1.8923         15 0.0000e+00
    700.345   78.14376 -172.22858    709.000     0.4797     0.4797  29.666637  29.665024    34.8611    34.8589    291.011    284.337    -0.1445     4.6691     0.0818     0.0818     0.0170     0.0192      24657    17.1225     100.00     2.1543     1.8908         14 0.0000e+00
    701.331   78.14376 -172.22856    710.000     0.4821     0.4826  29.669740  29.668365    34.8618    34.8595    290.916    284.188    -0.1652     4.6691     0.0828     0.0828     0.0170     0.0184      24682    17.1395     100.00     2.1537     1.8900         16 0.0000e+00
    702.317   78.14376 -172.22855    711.000     0.4900     0.4900  29.677537  29.675856    34.8625    34.8603    290.770    284.132    -0.1504     4.6694     0.0821     0.0821     0.0167     0.0190      24706    17.1564     100.00     2.1530     1.8898         16 0.0000e+00
    703.303   78.14376 -172.22853    712.000     0.4912     0.4910  29.679128  29.677291    34.8627    34.8605    290.782    284.394    -0.1510     4.6693     0.0824     0.0824     0.0168     0.0189      24731    17.1733     100.00     2.1529     1.8909         17 0.0000e+00
    704.289   78.14376 -172.22852    713.000     0.4894     0.4896  29.678017  29.676504    34.8627    34.8604    290.835    283.807    -0.1489     4.6691     0.0830     0.0830     0.0170     0.0190      24755    17.1901     100.00     2.1529     1.8879         15 0.0000e+00
    705.275   78.14376 -172.22851    714.000     0.4876     0.4876  29.676853  29.675225    34.8626    34.8605    290.841    283.855    -0.1362     4.6690     0.0830     0.0830     0.0171     0.0195      24779    17.2068     100.00     2.1526     1.8879         14 0.0000e+00
    706.261   78.14376 -172.22850    715.000     0.4842     0.4843  29.674346  29.672672    34.8626    34.8603    290.921    283.975    -0.1349     4.6692     0.0830     0.0830     0.0169     0.0196      24804    17.2241     100.00     2.1527     1.8881         17 0.0000e+00
    707.248   78.14376 -172.22849    716.000     0.4764     0.4766  29.667761  29.666152    34.8622    34.8599    290.900    284.090    -0.1341     4.6691     0.0830     0.0830     0.0170     0.0196      24828    17.2410     100.00     2.1520     1.8882         12 0.0000e+00
    708.234   78.14376 -172.22848    717.000     0.4735     0.4736  29.665577  29.663856    34.8620    34.8597    290.951    284.069    -0.1316     4.6690     0.0818     0.0818     0.0171     0.0197      24853    17.2580     100.00     2.1519     1.8878         18 0.0000e+00
    709.220   78.14376 -172.22847    718.000     0.4727     0.4727  29.665269  29.663488    34.8619    34.8596    290.973    284.130    -0.1671     4.6687     0.0841     0.0841     0.0174     0.0183      24877    17.2752     100.00     2.1518     1.8879         16 0.0000e+00
    710.205   78.14376 -172.22846    719.000     0.4735     0.4735  29.666230  29.664673    34.8617    34.8597    290.968    283.920    -0.1761     4.6691     0.0832     0.0832     0.0170     0.0179      24902    17.2922     100.00     2.1516     1.8867         16 0.0000e+00
    711.192   78.14376 -172.22845    720.000     0.4723     0.4722  29.665775  29.663878    34.8618    34.8595    290.993    284.230    -0.1628     4.6691     0.0830     0.0830     0.0170     0.0185      24926    17.3094     100.00     2.1515     1.8880         14 0.0000e+00
    712.178   78.14376 -172.22843    721.000     0.4702     0.4703  29.664313  29.662709    34.8618    34.8596    290.953    284.289    -0.1333     4.6691     0.0838     0.0838     0.0170     0.0196      24952    17.3267     100.00     2.1509     1.8880         19 0.0000e+00
    713.164   78.14376 -172.22842    722.000     0.4687     0.4689  29.663284  29.661777    34.8616    34.8594    290.959    284.696    -0.1438     4.6690     0.0830     0.0830     0.0171     0.0192      24976    17.3438     100.00     2.1507     1.8897         18 0.0000e+00
    714.150   78.14376 -172.22841    723.000     0.4663     0.4668  29.661670  29.660410    34.8615    34.8593    291.008    284.464    -0.1723     4.6691     0.0829     0.0829     0.0170     0.0181      25001    17.3610     100.00     2.1506     1.8883         18 0.0000e+00
    715.136   78.14376 -172.22840    724.000     0.4693     0.4694  29.664837  29.663245    34.8617    34.8596    290.881    284.051    -0.1707     4.6691     0.0846     0.0846     0.0170     0.0182      25025    17.3777     100.00     2.1498     1.8863         17 0.0000e+00
    716.122   78.14376 -172.22839    725.000     0.4692     0.4692  29.665183  29.663458    34.8617    34.8595    290.769    284.195    -0.1483     4.6691     0.0831     0.0831     0.0170     0.0190      25050    17.3950     100.00     2.1490     1.8868         23 0.0000e+00
    717.108   78.14376 -172.22838    726.000     0.4694     0.4695  29.665862  29.664207    34.8618    34.8595    290.717    284.408    -0.1345     4.6690     0.0829     0.0829     0.0170     0.0196      25074    17.4118     100.00     2.1485     1.8876         20 0.0000e+00
    718.094   78.14376 -172.22837    727.000     0.4702     0.4703  29.667085  29.665366    34.8619    34.8595    290.681    284.315    -0.1637     4.6689     0.0818     0.0818     0.0172     0.0184      25098    17.4284     100.00     2.1481     1.8871         13 0.0000e+00
    719.080   78.14376 -172.22836    728.000     0.4700     0.4700  29.667238  29.665593    34.8618    34.8596    290.562    284.735    -0.1722     4.6690     0.0840     0.0840     0.0171     0.0181      25122    17.4453     100.00     2.1471     1.8889         16 0.0000e+00
    720.066   78.14376 -172.22835    729.000     0.4712     0.4712  29.668821  29.667191    34.8619    34.8597    290.504    284.769    -0.1378     4.6691     0.0832     0.0832     0.0170     0.0195      25146    17.4621     100.00     2.1466     1.8889         15 0.0000e+00
    721.052   78.14376 -172.22834    730.000     0.4716     0.4715  29.669563  29.667776    34.8619    34.8596    290.533    283.934    -0.1366     4.6691     0.0837     0.0837     0.0170     0.0195      25171    17.4789     100.00     2.1467     1.8847         15 0.0000e+00
    722.039   78.14376 -172.22833    731.000     0.4696     0.4697  29.668294  29.666646    34.8619    34.8596    290.599    284.070    -0.1726     4.6691     0.0849     0.0849     0.0170     0.0181      25196    17.4963     100.00     2.1467     1.8851         18 0.0000e+00
    723.024   78.14376 -172.22832    732.000     0.4675     0.4674  29.666770  29.664974    34.8617    34.8594    290.771    284.616    -0.1711     4.6690     0.0846     0.0846     0.0171     0.0181      25220    17.5132     100.00     2.1474     1.8875         15 0.0000e+00
    724.010   78.14376 -172.22831    733.000     0.4628     0.4628  29.663157  29.661291    34.8616    34.8592    290.816    284.291    -0.1627     4.6687     0.0830     0.0830     0.0174     0.0185      25244    17.5302     100.00     2.1472     1.8855         13 0.0000e+00
    724.996   78.14376 -172.22830    734.000     0.4579     0.4578  29.659188  29.657329    34.8614    34.8591    290.778    284.697    -0.1366     4.6689     0.0832     0.0832     0.0172     0.0195      25270    17.5476     100.00     2.1465     1.8871         15 0.0000e+00
    725.982   78.14376 -172.22829    735.000     0.4527     0.4526  29.655047  29.653350    34.8612    34.8591    290.773    284.379    -0.1490     4.6691     0.0841     0.0841     0.0170     0.0190      25294    17.5647     100.00     2.1460     1.8852         15 0.0000e+00
    726.968   78.14376 -172.22828    736.000     0.4487     0.4484  29.651885  29.649987    34.8610    34.8589    290.727    284.736    -0.1711     4.6688     0.0830     0.0830     0.0172     0.0181      25319    17.5819     100.00     2.1453     1.8866         18 0.0000e+00
    727.954   78.14376 -172.22826    737.000     0.4433     0.4435  29.647548  29.645982    34.8609    34.8586    290.650    284.338    -0.1754     4.6690     0.0830     0.0830     0.0171     0.0180      25343    17.5988     100.00     2.1444     1.8843         15 0.0000e+00
    728.940   78.14376 -172.22826    738.000     0.4410     0.4411  29.645887  29.644289    34.8607    34.8586    290.758    284.187    -0.1462     4.6688     0.0818     0.0818     0.0173     0.0191      25368    17.6162     100.00     2.1447     1.8833         17 0.0000e+00
    729.926   78.14376 -172.22824    739.000     0.4411     0.4411  29.646229  29.644622    34.8605    34.8584    290.835    284.574    -0.1332     4.6687     0.0828     0.0828     0.0174     0.0196      25393    17.6332     100.00     2.1449     1.8849         17 0.0000e+00
    730.912   78.14376 -172.22824    740.000     0.4417     0.4418  29.647451  29.645714    34.8609    34.8584    290.872    283.763    -0.1693     4.6689     0.0829     0.0829     0.0172     0.0182      25417    17.6501     100.00     2.1449     1.8809         13 0.0000e+00
    731.898   78.14376 -172.22822    741.000     0.4456     0.4457  29.651686  29.650025    34.8614    34.8591    290.774    284.125    -0.1705     4.6690     0.0830     0.0830     0.0171     0.0182      25442    17.6671     100.00     2.1444     1.8826         18 0.0000e+00
    732.884   78.14376 -172.22822    742.000     0.4521     0.4524  29.658856  29.657465    34.8629    34.8607    290.804    284.591    -0.1776     4.6688     0.0836     0.0836     0.0173     0.0179      25466    17.6839     100.00     2.1447     1.8850         14 0.0000e+00
    733.870   78.14376 -172.22820    743.000     0.4591     0.4593  29.666516  29.664983    34.8644    34.8621    290.739    284.551    -0.1252     4.6690     0.0842     0.0842     0.0171     0.0200      25490    17.7009     100.00     2.1444     1.8849         16 0.0000e+00
    734.856   78.14376 -172.22820    744.000     0.4603     0.4604  29.668713  29.666992    34.8653    34.8630    290.777    284.441    -0.1340     4.6689     0.0837     0.0837     0.0172     0.0196      25515    17.7179     100.00     2.1445     1.8842         13 0.0000e+00
    735.842   78.14376 -172.22818    745.000     0.4666     0.4666  29.676269  29.674545    34.8676    34.8652    290.837    284.111    -0.1369     4.6686     0.0816     0.0816     0.0174     0.0195      25539    17.7350     100.00     2.1449     1.8828         12 0.0000e+00
    736.828   78.14376 -172.22818    746.000     0.4698     0.4699  29.680061  29.678391    34.8683    34.8660    290.747    284.256    -0.1465     4.6686     0.0818     0.0818     0.0174     0.0191      25564    17.7521     100.00     2.1444     1.8834         13 0.0000e+00
    737.814   78.14376 -172.22816    747.000     0.4724     0.4724  29.683252  29.681476    34.8690    34.8666    290.658    284.432    -0.1566     4.6690     0.0842     0.0842     0.0171     0.0187      25589    17.7693     100.00     2.1438     1.8841         14 0.0000e+00
    738.799   78.14376 -172.22816    748.000     0.4720     0.4719  29.683301  29.681541    34.8689    34.8668    290.699    284.120    -0.1570     4.6684     0.0831     0.0831     0.0175     0.0187      25613    17.7864     100.00     2.1438     1.8824         15 0.0000e+00
    739.785   78.14376 -172.22814    749.000     0.4695     0.4694  29.681621  29.679729    34.8689    34.8666    290.525    283.970    -0.1729     4.6690     0.0830     0.0830     0.0171     0.0181      25638    17.8035     100.00     2.1424     1.8815         16 0.0000e+00
    740.771   78.14376 -172.22814    750.000     0.4664     0.4665  29.679405  29.677717    34.8689    34.8667    290.345    283.890    -0.1732     4.6687     0.0830     0.0830     0.0173     0.0181      25662    17.8204     100.00     2.1410     1.8808         15 0.0000e+00
    741.758   78.14376 -172.22814    751.000     0.4657     0.4657  29.679156  29.677479    34.8688    34.8666    290.139    283.997    -0.1759     4.6691     0.0825     0.0825     0.0170     0.0180      25687    17.8375     100.00     2.1396     1.8811         14 0.0000e+00
    742.744   78.14376 -172.22812    752.000     0.4633     0.4633  29.677577  29.675840    34.8689    34.8666    290.223    283.994    -0.1711     4.6691     0.0817     0.0817     0.0170     0.0181      25712    17.8546     100.00     2.1398     1.8808         15 0.0000e+00
    743.729   78.14376 -172.22812    753.000     0.4598     0.4597  29.674850  29.673043    34.8687    34.8664    290.358    284.239    -0.1395     4.6691     0.0821     0.0821     0.0170     0.0194      25736    17.8716     100.00     2.1401     1.8817         14 0.0000e+00
    744.715   78.14376 -172.22810    754.000     0.4550     0.4550  29.670987  29.669191    34.8684    34.8662    290.630    283.938    -0.1827     4.6691     0.0828     0.0828     0.0170     0.0177      25760    17.8883     100.00     2.1412     1.8798         12 0.0000e+00
    745.701   78.14376 -172.22810    755.000     0.4506     0.4505  29.667610  29.665737    34.8684    34.8661    290.665    283.806    -0.1712     4.6689     0.0820     0.0820     0.0172     0.0181      25785    17.9053     100.00     2.1410     1.8788         15 0.0000e+00
