Continuous CTD Data/01_SBE Stage/nabos_32_01.ros
* Sea-Bird SBE 9 Data File:
* FileName = D:\CTD\data\HLY2502\raw\NABOS_32_01.hex
* Software Version Seasave V 7.26.7.110
* Temperature SN = 6954
* Conductivity SN = 2561
* Number of Bytes Per Scan = 37
* Number of Voltage Words = 4
* Number of Scans Averaged by the Deck Unit = 1
* NMEA Latitude = 79 56.86 N
* NMEA Longitude = 142 14.59 E
* NMEA UTC (Time) = Sep 23 2025  08:48:42
* NMEA baud rate = 9600
** Ship: USCG HEALY
** Bot. Depth:  1374
** Cast Number:  01
** Station Name:  NABOS
** Station Number:  32
** Operator:  STARC
** 250 m Ra cast
# nquan = 25
# nvalues = 1176                                  
# units = specified
# name 0 = depSM: Depth [salt water, m]
# name 1 = latitude: Latitude [deg]
# name 2 = longitude: Longitude [deg]
# name 3 = prDM: Pressure, Digiquartz [db]
# name 4 = t090C: Temperature [ITS-90, deg C]
# name 5 = t190C: Temperature, 2 [ITS-90, deg C]
# name 6 = c0mS/cm: Conductivity [mS/cm]
# name 7 = c1mS/cm: Conductivity, 2 [mS/cm]
# name 8 = sal00: Salinity, Practical [PSU]
# name 9 = sal11: Salinity, Practical, 2 [PSU]
# name 10 = sbox0Mm/Kg: Oxygen, SBE 43 [umol/kg]
# name 11 = sbox1Mm/Kg: Oxygen, SBE 43, 2 [umol/kg]
# name 12 = flECO-AFL: Fluorescence, WET Labs ECO-AFL/FL [mg/m^3]
# name 13 = v2: Voltage 2
# name 14 = wetCDOM: Fluorescence, WET Labs CDOM [mg/m^3]
# name 15 = v6: Voltage 6
# name 16 = CStarAt0: Beam Attenuation, WET Labs C-Star [1/m]
# name 17 = v3: Voltage 3
# name 18 = scan: Scan Count
# name 19 = timeM: Time, Elapsed [minutes]
# name 20 = altM: Altimeter [m]
# name 21 = sbeox0V: Oxygen raw, SBE 43 [V]
# name 22 = sbeox1V: Oxygen raw, SBE 43, 2 [V]
# name 23 = nbf: Bottles Fired
# name 24 = flag:  0.000e+00
# interval = seconds: 0.0416667
# start_time = Sep 23 2025 08:48:42 [NMEA time, header]
# bad_flag = -9.990e-29
*END*
[from data line 174]
    250.635   79.94752  142.23412    253.470     1.8044     1.8038  30.597312  30.595159    34.8431    34.8410    296.010    291.213    -0.1366     4.6227     0.0830     0.0830     0.0570     0.0195      14734    10.2312     100.00     2.3558     2.0676          4  0.000e+00
    250.635   79.94752  142.23412    253.470     1.8042     1.8039  30.597501  30.595041    34.8435    34.8407    295.817    291.213    -0.1366     4.6227     0.0830     0.0830     0.0570     0.0195      14735    10.2319     100.00     2.3546     2.0676          4  0.000e+00
    250.635   79.94752  142.23412    253.470     1.8042     1.8041  30.597375  30.595396    34.8433    34.8410    296.011    290.981    -0.1366     4.6227     0.0830     0.0830     0.0570     0.0195      14736    10.2326     100.00     2.3558     2.0663          4  0.000e+00
    250.577   79.94752  142.23412    253.412     1.8042     1.8042  30.597312  30.595100    34.8433    34.8405    296.009    290.979    -0.1366     4.6227     0.0842     0.0842     0.0570     0.0195      14737    10.2333     100.00     2.3558     2.0663          4  0.000e+00
    250.635   79.94752  142.23412    253.470     1.8042     1.8038  30.597690  30.595396    34.8437    34.8413    296.010    290.983    -0.1366     4.6227     0.0842     0.0842     0.0570     0.0195      14738    10.2340     100.00     2.3558     2.0663          4  0.000e+00
    250.635   79.94752  142.23412    253.470     1.8044     1.8041  30.597879  30.595337    34.8438    34.8409    296.009    290.981    -0.1366     4.6239     0.0830     0.0830     0.0559     0.0195      14739    10.2347     100.00     2.3558     2.0663          4  0.000e+00
    250.635   79.94752  142.23412    253.470     1.8040     1.8039  30.597627  30.595041    34.8438    34.8407    296.011    290.983    -0.1671     4.6227     0.0842     0.0842     0.0570     0.0183      14740    10.2354     100.00     2.3558     2.0663          4  0.000e+00
    250.635   79.94752  142.23412    253.470     1.8044     1.8039  30.597564  30.594982    34.8434    34.8406    296.010    290.983    -0.1671     4.6227     0.0842     0.0842     0.0570     0.0183      14741    10.2361     100.00     2.3558     2.0663          4  0.000e+00
    250.635   79.94752  142.23412    253.470     1.8047     1.8041  30.597564  30.594745    34.8430    34.8402    296.008    290.983    -0.1671     4.6227     0.0842     0.0842     0.0570     0.0183      14742    10.2368     100.00     2.3558     2.0663          4  0.000e+00
    250.577   79.94752  142.23412    253.412     1.8048     1.8037  30.597123  30.595100    34.8423    34.8410    295.812    290.982    -0.1671     4.6227     0.0842     0.0842     0.0570     0.0183      14743    10.2375     100.00     2.3546     2.0663          4  0.000e+00
    250.701   79.94752  142.23412    253.537     1.8048     1.8038  30.597187  30.595041    34.8424    34.8408    295.817    290.987    -0.1366     4.6227     0.0830     0.0830     0.0570     0.0195      14744    10.2382     100.00     2.3546     2.0663          4  0.000e+00
    250.577   79.94752  142.23412    253.412     1.8047     1.8039  30.597501  30.594982    34.8430    34.8407    295.812    290.981    -0.1671     4.6227     0.0842     0.0842     0.0570     0.0183      14745    10.2389     100.00     2.3546     2.0663          4  0.000e+00
    250.635   79.94752  142.23412    253.470     1.8045     1.8037  30.597375  30.595159    34.8430    34.8411    295.815    290.754    -0.1671     4.6227     0.0830     0.0830     0.0570     0.0183      14746    10.2396     100.00     2.3546     2.0651          4  0.000e+00
    250.635   79.94752  142.23412    253.470     1.8045     1.8039  30.597501  30.595041    34.8431    34.8407    296.009    290.753    -0.1671     4.6227     0.0842     0.0842     0.0570     0.0183      14747    10.2403     100.00     2.3558     2.0651          4  0.000e+00
    250.635   79.94752  142.23412    253.470     1.8047     1.8039  30.597375  30.595159    34.8428    34.8409    295.814    290.753    -0.1671     4.6227     0.0842     0.0842     0.0570     0.0183      14748    10.2410     100.00     2.3546     2.0651          4  0.000e+00
    250.577   79.94752  142.23412    253.412     1.8047     1.8037  30.597312  30.595278    34.8427    34.8412    295.812    290.751    -0.1671     4.6227     0.0830     0.0830     0.0570     0.0183      14749    10.2417     100.00     2.3546     2.0651          4  0.000e+00
    250.635   79.94752  142.23412    253.470     1.8045     1.8039  30.597312  30.594804    34.8429    34.8404    296.010    290.984    -0.1671     4.6227     0.0842     0.0842     0.0570     0.0183      14750    10.2424     100.00     2.3558     2.0663          4  0.000e+00
    250.700   79.94752  142.23412    253.537     1.8044     1.8039  30.597501  30.594686    34.8433    34.8402    296.013    290.987    -0.1671     4.6239     0.0830     0.0830     0.0559     0.0183      14751    10.2431     100.00     2.3558     2.0663          4  0.000e+00
    250.577   79.94752  142.23412    253.412     1.8040     1.8036  30.597375  30.594686    34.8435    34.8406    296.010    291.214    -0.1671     4.6239     0.0842     0.0842     0.0559     0.0183      14752    10.2438     100.00     2.3558     2.0676          4  0.000e+00
    250.635   79.94752  142.23412    253.470     1.8039     1.8038  30.597061  30.594863    34.8433    34.8406    295.820    291.215    -0.1671     4.6227     0.0842     0.0842     0.0570     0.0183      14753    10.2444     100.00     2.3546     2.0676          4  0.000e+00
    250.635   79.94752  142.23412    253.470     1.8034     1.8036  30.597187  30.594745    34.8439    34.8407    296.016    291.216    -0.1671     4.6239     0.0830     0.0830     0.0559     0.0183      14754    10.2451     100.00     2.3558     2.0676          4  0.000e+00
    250.577   79.94752  142.23412    253.412     1.8037     1.8036  30.597312  30.594863    34.8438    34.8408    295.818    291.443    -0.1671     4.6227     0.0842     0.0842     0.0570     0.0183      14755    10.2458     100.00     2.3546     2.0688          4  0.000e+00
    250.756   79.94752  142.23404    253.592     1.8029     1.8027  30.595928  30.593621    34.8428    34.8402    296.224    291.001    -0.1366     4.6227     0.0830     0.0830     0.0570     0.0195      14908    10.3521     100.00     2.3570     2.0663          5  0.000e+00
    250.756   79.94752  142.23404    253.592     1.8030     1.8028  30.595865  30.593917    34.8427    34.8404    296.224    290.999    -0.1366     4.6227     0.0842     0.0842     0.0570     0.0195      14909    10.3528     100.00     2.3570     2.0663          5  0.000e+00
    250.756   79.94752  142.23404    253.592     1.8029     1.8030  30.595677  30.593917    34.8425    34.8402    296.225    291.228    -0.1366     4.6227     0.0842     0.0842     0.0570     0.0195      14910    10.3535     100.00     2.3570     2.0676          5  0.000e+00
    250.698   79.94752  142.23404    253.534     1.8029     1.8027  30.595802  30.593384    34.8427    34.8399    296.222    291.229    -0.1366     4.6227     0.0842     0.0842     0.0570     0.0195      14911    10.3542     100.00     2.3570     2.0676          5  0.000e+00
    250.756   79.94752  142.23404    253.592     1.8028     1.8026  30.595865  30.593680    34.8429    34.8403    296.225    291.231    -0.1061     4.6239     0.0842     0.0842     0.0559     0.0208      14912    10.3549     100.00     2.3570     2.0676          5  0.000e+00
    250.756   79.94752  142.23404    253.592     1.8028     1.8026  30.596243  30.593621    34.8434    34.8402    296.224    291.231    -0.1366     4.6227     0.0842     0.0842     0.0570     0.0195      14913    10.3556     100.00     2.3570     2.0676          5  0.000e+00
    250.755   79.94752  142.23404    253.592     1.8026     1.8024  30.595991  30.593325    34.8433    34.8401    296.420    291.233    -0.1366     4.6239     0.0842     0.0842     0.0559     0.0195      14914    10.3562     100.00     2.3583     2.0676          5  0.000e+00
    250.755   79.94752  142.23404    253.592     1.8028     1.8025  30.595865  30.593266    34.8429    34.8400    296.225    291.003    -0.1061     4.6239     0.0842     0.0842     0.0559     0.0208      14915    10.3569     100.00     2.3570     2.0663          5  0.000e+00
    250.755   79.94752  142.23404    253.592     1.8029     1.8023  30.595865  30.593266    34.8427    34.8401    296.419    291.004    -0.1366     4.6227     0.0842     0.0842     0.0570     0.0195      14916    10.3576     100.00     2.3583     2.0663          5  0.000e+00
    250.698   79.94752  142.23404    253.534     1.8028     1.8022  30.595865  30.593029    34.8429    34.8400    296.223    291.233    -0.1061     4.6239     0.0830     0.0830     0.0559     0.0208      14917    10.3583     100.00     2.3570     2.0676          5  0.000e+00
    250.813   79.94752  142.23404    253.650     1.8028     1.8019  30.595677  30.593148    34.8427    34.8404    296.422    291.009    -0.1061     4.6239     0.0842     0.0842     0.0559     0.0208      14918    10.3590     100.00     2.3583     2.0663          5  0.000e+00
    250.698   79.94752  142.23404    253.534     1.8026     1.8017  30.595362  30.593029    34.8425    34.8405    296.225    291.006    -0.1366     4.6239     0.0842     0.0842     0.0559     0.0195      14919    10.3597     100.00     2.3570     2.0663          5  0.000e+00
    250.755   79.94752  142.23404    253.592     1.8025     1.8014  30.595488  30.593147    34.8427    34.8410    296.422    291.009    -0.1671     4.6227     0.0842     0.0842     0.0570     0.0183      14920    10.3604     100.00     2.3583     2.0663          5  0.000e+00
    250.698   79.94752  142.23404    253.534     1.8024     1.8017  30.595613  30.593029    34.8430    34.8405    296.226    291.006    -0.1671     4.6227     0.0830     0.0830     0.0570     0.0183      14921    10.3611     100.00     2.3570     2.0663          5  0.000e+00
    250.755   79.94752  142.23404    253.592     1.8023     1.8015  30.595614  30.593147    34.8431    34.8408    296.229    291.009    -0.1366     4.6239     0.0842     0.0842     0.0559     0.0195      14922    10.3618     100.00     2.3570     2.0663          5  0.000e+00
    250.755   79.94752  142.23404    253.592     1.8022     1.8016  30.595362  30.593029    34.8429    34.8406    296.230    290.779    -0.1671     4.6239     0.0830     0.0830     0.0559     0.0183      14923    10.3625     100.00     2.3570     2.0651          5  0.000e+00
    250.755   79.94752  142.23404    253.592     1.8021     1.8015  30.595488  30.593147    34.8432    34.8408    296.230    290.779    -0.1671     4.6239     0.0830     0.0830     0.0559     0.0183      14924    10.3632     100.00     2.3570     2.0651          5  0.000e+00
    250.755   79.94752  142.23404    253.592     1.8022     1.8017  30.595173  30.593029    34.8427    34.8405    296.425    290.778    -0.1366     4.6239     0.0842     0.0842     0.0559     0.0195      14925    10.3639     100.00     2.3583     2.0651          5  0.000e+00
    250.698   79.94752  142.23404    253.534     1.8018     1.8013  30.595047  30.592792    34.8430    34.8407    296.231    290.549    -0.1671     4.6227     0.0842     0.0842     0.0570     0.0183      14926    10.3646     100.00     2.3570     2.0639          5  0.000e+00
    250.755   79.94752  142.23404    253.592     1.8020     1.8015  30.595047  30.592911    34.8428    34.8405    296.232    290.320    -0.1671     4.6239     0.0830     0.0830     0.0559     0.0183      14927    10.3653     100.00     2.3570     2.0627          5  0.000e+00
    250.755   79.94752  142.23404    253.592     1.8017     1.8015  30.595047  30.593147    34.8431    34.8408    296.234    290.549    -0.1671     4.6239     0.0830     0.0830     0.0559     0.0183      14928    10.3660     100.00     2.3570     2.0639          5  0.000e+00
    250.698   79.94752  142.23404    253.534     1.8016     1.8014  30.595047  30.593266    34.8432    34.8411    296.426    290.547    -0.1671     4.6227     0.0818     0.0818     0.0570     0.0183      14929    10.3667     100.00     2.3583     2.0639          5  0.000e+00
    250.755   79.94752  142.23404    253.592     1.8018     1.8017  30.594796  30.593029    34.8426    34.8405    296.234    290.548    -0.1671     4.6227     0.0830     0.0830     0.0570     0.0183      14930    10.3674     100.00     2.3570     2.0639          5  0.000e+00
    250.755   79.94752  142.23404    253.592     1.8019     1.8015  30.594921  30.592792    34.8427    34.8404    296.233    290.550    -0.1671     4.6227     0.0830     0.0830     0.0570     0.0183      14931    10.3681     100.00     2.3570     2.0639          5  0.000e+00
    250.755   79.94752  142.23402    253.592     1.8020     1.8014  30.595047  30.592911    34.8428    34.8407    296.232    290.550    -0.1671     4.6239     0.0818     0.0818     0.0559     0.0183      14932    10.3688     100.00     2.3570     2.0639          5  0.000e+00
    250.698   79.94752  142.23402    253.534     1.8017     1.8015  30.595047  30.593147    34.8431    34.8409    296.232    290.547    -0.1671     4.6252     0.0818     0.0818     0.0548     0.0183      14933    10.3694     100.00     2.3570     2.0639          5  0.000e+00
    250.755   79.94752  142.23402    253.592     1.8016     1.8015  30.594796  30.593029    34.8428    34.8407    296.235    290.549    -0.1671     4.6252     0.0830     0.0830     0.0548     0.0183      14934    10.3701     100.00     2.3570     2.0639          5  0.000e+00
    250.698   79.94752  142.23402    253.534     1.8015     1.8018  30.594732  30.592970    34.8429    34.8404    296.234    290.546    -0.1366     4.6252     0.0818     0.0818     0.0548     0.0195      14935    10.3708     100.00     2.3570     2.0639          5  0.000e+00
    250.755   79.94752  142.23402    253.592     1.8014     1.8015  30.594733  30.593147    34.8430    34.8408    296.237    290.549    -0.1671     4.6252     0.0830     0.0830     0.0548     0.0183      14936    10.3715     100.00     2.3570     2.0639          5  0.000e+00
    250.755   79.94752  142.23402    253.592     1.8018     1.8017  30.594921  30.592851    34.8428    34.8403    296.234    290.319    -0.1671     4.6252     0.0830     0.0830     0.0548     0.0183      14937    10.3722     100.00     2.3570     2.0627          5  0.000e+00
    250.698   79.94752  142.23402    253.534     1.8016     1.8015  30.594795  30.592910    34.8428    34.8406    296.233    290.317    -0.1671     4.6252     0.0818     0.0818     0.0548     0.0183      14938    10.3729     100.00     2.3570     2.0627          5  0.000e+00
    250.755   79.94752  142.23402    253.592     1.8020     1.8016  30.594921  30.592970    34.8426    34.8405    296.233    290.089    -0.1671     4.6252     0.0830     0.0830     0.0548     0.0183      14939    10.3736     100.00     2.3570     2.0615          5  0.000e+00
    250.698   79.94752  142.23402    253.534     1.8016     1.8015  30.595047  30.592733    34.8432    34.8403    296.232    290.088    -0.1366     4.6252     0.0830     0.0830     0.0548     0.0195      14940    10.3743     100.00     2.3570     2.0615          5  0.000e+00
    250.755   79.94752  142.23402    253.592     1.8017     1.8014  30.595047  30.592851    34.8431    34.8406    296.234    290.551    -0.1976     4.6252     0.0830     0.0830     0.0548     0.0171      14941    10.3750     100.00     2.3570     2.0639          5  0.000e+00
    250.755   79.94752  142.23402    253.592     1.8016     1.8013  30.595047  30.592792    34.8431    34.8406    296.234    290.781    -0.1976     4.6252     0.0830     0.0830     0.0548     0.0171      14942    10.3757     100.00     2.3570     2.0651          5  0.000e+00
