Continuous CTD Data/01_SBE Stage/nabos_18_01.ros
* Sea-Bird SBE 9 Data File:
* FileName = D:\CTD\data\HLY2502\raw\NABOS_18_01.hex
* Software Version Seasave V 7.26.7.110
* Temperature SN = 6954
* Conductivity SN = 2561
* Number of Bytes Per Scan = 37
* Number of Voltage Words = 4
* Number of Scans Averaged by the Deck Unit = 1
* NMEA Latitude = 77 52.02 N
* NMEA Longitude = 177 13.45 E
* NMEA UTC (Time) = Sep 17 2025  18:13:44
* NMEA baud rate = 9600
** Ship: USCG HEALY
** Bot. Depth:  1532
** Cast Number:  01
** Station Name:  NABOS
** Station Number:  18
** Operator:  STARC
# nquan = 25
# nvalues = 980                                   
# units = specified
# name 0 = depSM: Depth [salt water, m]
# name 1 = latitude: Latitude [deg]
# name 2 = longitude: Longitude [deg]
# name 3 = prDM: Pressure, Digiquartz [db]
# name 4 = t090C: Temperature [ITS-90, deg C]
# name 5 = t190C: Temperature, 2 [ITS-90, deg C]
# name 6 = c0mS/cm: Conductivity [mS/cm]
# name 7 = c1mS/cm: Conductivity, 2 [mS/cm]
# name 8 = sal00: Salinity, Practical [PSU]
# name 9 = sal11: Salinity, Practical, 2 [PSU]
# name 10 = sbox0Mm/Kg: Oxygen, SBE 43 [umol/kg]
# name 11 = sbox1Mm/Kg: Oxygen, SBE 43, 2 [umol/kg]
# name 12 = flECO-AFL: Fluorescence, WET Labs ECO-AFL/FL [mg/m^3]
# name 13 = v2: Voltage 2
# name 14 = wetCDOM: Fluorescence, WET Labs CDOM [mg/m^3]
# name 15 = v6: Voltage 6
# name 16 = CStarAt0: Beam Attenuation, WET Labs C-Star [1/m]
# name 17 = v3: Voltage 3
# name 18 = scan: Scan Count
# name 19 = timeM: Time, Elapsed [minutes]
# name 20 = altM: Altimeter [m]
# name 21 = sbeox0V: Oxygen raw, SBE 43 [V]
# name 22 = sbeox1V: Oxygen raw, SBE 43, 2 [V]
# name 23 = nbf: Bottles Fired
# name 24 = flag:  0.000e+00
# interval = seconds: 0.0416667
# start_time = Sep 17 2025 18:13:44 [NMEA time, header]
# bad_flag = -9.990e-29
*END*
[from data line 754]
     29.838   77.87028  177.25090     30.157    -1.7152    -1.7149  25.724871  25.723622    32.4081    32.4060    360.693    351.791     0.1687     4.6422     0.1050     0.1050     0.0401     0.0317     107729    74.8111     100.00     2.5624     2.2246         16  0.000e+00
     29.961   77.87028  177.25090     30.281    -1.7153    -1.7149  25.725049  25.723511    32.4083    32.4058    360.912    351.545     0.1687     4.6422     0.1050     0.1050     0.0401     0.0317     107730    74.8118     100.00     2.5636     2.2234         16  0.000e+00
     29.895   77.87028  177.25090     30.215    -1.7152    -1.7149  25.725167  25.723622    32.4084    32.4060    360.907    351.793     0.1687     4.6422     0.1050     0.1050     0.0401     0.0317     107731    74.8125     100.00     2.5636     2.2246         16  0.000e+00
     29.838   77.87028  177.25090     30.157    -1.7152    -1.7152  25.724930  25.723511    32.4081    32.4062    360.905    352.045     0.1687     4.6422     0.1050     0.1050     0.0401     0.0317     107732    74.8132     100.00     2.5636     2.2258         16  0.000e+00
     29.920   77.87028  177.25090     30.240    -1.7151    -1.7149  25.724931  25.723788    32.4079    32.4062    360.908    352.046     0.1687     4.6422     0.1050     0.1050     0.0401     0.0317     107733    74.8139     100.00     2.5636     2.2258         16  0.000e+00
     29.895   77.87028  177.25090     30.215    -1.7152    -1.7151  25.724872  25.723344    32.4080    32.4058    360.908    352.048     0.1687     4.6422     0.1050     0.1050     0.0401     0.0317     107734    74.8146     100.00     2.5636     2.2258         16  0.000e+00
     29.961   77.87028  177.25090     30.281    -1.7152    -1.7151  25.725108  25.723344    32.4083    32.4057    360.911    352.554     0.1687     4.6422     0.1050     0.1050     0.0401     0.0317     107735    74.8153     100.00     2.5636     2.2283         16  0.000e+00
     29.838   77.87028  177.25090     30.157    -1.7155    -1.7151  25.725167  25.723788    32.4088    32.4064    360.906    352.798     0.1687     4.6422     0.1050     0.1050     0.0401     0.0317     107736    74.8160     100.00     2.5636     2.2295         16  0.000e+00
     29.961   77.87028  177.25090     30.281    -1.7152    -1.7152  25.724813  25.723733    32.4079    32.4064    361.125    352.806     0.1687     4.6422     0.1050     0.1050     0.0401     0.0317     107737    74.8167     100.00     2.5648     2.2295         16  0.000e+00
     29.895   77.87028  177.25090     30.215    -1.7153    -1.7151  25.725226  25.723677    32.4086    32.4062    360.908    352.801     0.1687     4.6422     0.1050     0.1050     0.0401     0.0317     107738    74.8174     100.00     2.5636     2.2295         16  0.000e+00
     29.895   77.87028  177.25090     30.215    -1.7152    -1.7149  25.725226  25.723511    32.4085    32.4058    360.907    352.801     0.1687     4.6422     0.1050     0.1050     0.0401     0.0317     107739    74.8181     100.00     2.5636     2.2295         16  0.000e+00
     29.895   77.87028  177.25090     30.215    -1.7152    -1.7149  25.725167  25.723788    32.4084    32.4062    360.907    352.800     0.1687     4.6422     0.1050     0.1050     0.0401     0.0317     107740    74.8187     100.00     2.5636     2.2295         16  0.000e+00
     29.895   77.87028  177.25090     30.215    -1.7153    -1.7151  25.725167  25.723733    32.4086    32.4063    360.908    353.053     0.1992     4.6422     0.1050     0.1050     0.0401     0.0330     107741    74.8194     100.00     2.5636     2.2307         16  0.000e+00
     29.895   77.87028  177.25090     30.215    -1.7152    -1.7152  25.724990  25.723677    32.4082    32.4064    360.908    353.306     0.1687     4.6422     0.1050     0.1050     0.0401     0.0317     107742    74.8201     100.00     2.5636     2.2319         16  0.000e+00
     29.895   77.87028  177.25090     30.215    -1.7153    -1.7149  25.724872  25.723844    32.4081    32.4063    360.909    353.555     0.1687     4.6422     0.1050     0.1050     0.0401     0.0317     107743    74.8208     100.00     2.5636     2.2332         16  0.000e+00
     29.895   77.87028  177.25090     30.215    -1.7152    -1.7149  25.724931  25.723733    32.4080    32.4061    360.907    353.304     0.1687     4.6422     0.1050     0.1050     0.0401     0.0317     107744    74.8215     100.00     2.5636     2.2319         16  0.000e+00
     29.961   77.87028  177.25090     30.281    -1.7155    -1.7151  25.724872  25.723677    32.4083    32.4061    360.914    353.056     0.1687     4.6422     0.1050     0.1050     0.0401     0.0317     107745    74.8222     100.00     2.5636     2.2307         16  0.000e+00
     29.863   77.87028  177.25090     30.182    -1.7153    -1.7151  25.725108  25.723511    32.4085    32.4060    361.119    353.304     0.1687     4.6422     0.1050     0.1050     0.0401     0.0317     107746    74.8229     100.00     2.5648     2.2319         16  0.000e+00
     29.895   77.87028  177.25090     30.215    -1.7153    -1.7151  25.724931  25.723455    32.4082    32.4059    360.909    353.809     0.1687     4.6422     0.1050     0.1050     0.0401     0.0317     107747    74.8236     100.00     2.5636     2.2344         16  0.000e+00
     29.895   77.87028  177.25090     30.215    -1.7153    -1.7154  25.724694  25.723622    32.4079    32.4064    360.910    353.811     0.1687     4.6422     0.1050     0.1050     0.0401     0.0317     107748    74.8243     100.00     2.5636     2.2344         16  0.000e+00
     29.895   77.87028  177.25090     30.215    -1.7153    -1.7151  25.724635  25.723511    32.4078    32.4060    360.910    353.305     0.1687     4.6422     0.1050     0.1050     0.0401     0.0317     107749    74.8250     100.00     2.5636     2.2319         16  0.000e+00
     29.895   77.87028  177.25090     30.215    -1.7153    -1.7151  25.724813  25.723788    32.4081    32.4063    360.909    353.304     0.1687     4.6422     0.1050     0.1050     0.0401     0.0317     107750    74.8257     100.00     2.5636     2.2319         16  0.000e+00
     29.961   77.87028  177.25090     30.281    -1.7152    -1.7152  25.725285  25.723733    32.4086    32.4064    361.122    353.561     0.1687     4.6422     0.1050     0.1050     0.0401     0.0317     107751    74.8264     100.00     2.5648     2.2332         16  0.000e+00
     29.895   77.87028  177.25090     30.215    -1.7155    -1.7151  25.724990  25.723677    32.4085    32.4062    360.910    353.808     0.1687     4.6422     0.1050     0.1050     0.0401     0.0317     107752    74.8271     100.00     2.5636     2.2344         16  0.000e+00
     29.895   77.87028  177.25090     30.215    -1.7153    -1.7151  25.724694  25.723677    32.4079    32.4062    361.122    354.312     0.1687     4.6422     0.1050     0.1050     0.0401     0.0317     107753    74.8278     100.00     2.5648     2.2368         16  0.000e+00
     29.895   77.87028  177.25090     30.215    -1.7152    -1.7149  25.725049  25.723511    32.4083    32.4058    360.907    354.564     0.1687     4.6422     0.1050     0.1050     0.0401     0.0317     107754    74.8285     100.00     2.5636     2.2380         16  0.000e+00
     29.895   77.87028  177.25090     30.215    -1.7156    -1.7151  25.724990  25.723622    32.4086    32.4061    360.910    354.312     0.1687     4.6435     0.1050     0.1050     0.0390     0.0317     107755    74.8292     100.00     2.5636     2.2368         16  0.000e+00
     29.895   77.87028  177.25090     30.215    -1.7152    -1.7151  25.724694  25.723677    32.4078    32.4062    360.908    354.312     0.1687     4.6435     0.1050     0.1050     0.0390     0.0317     107756    74.8299     100.00     2.5636     2.2368         16  0.000e+00
     29.895   77.87028  177.25090     30.215    -1.7152    -1.7149  25.724872  25.723511    32.4080    32.4058    360.908    354.564     0.1687     4.6422     0.1050     0.1050     0.0401     0.0317     107757    74.8306     100.00     2.5636     2.2380         16  0.000e+00
     29.895   77.87028  177.25090     30.215    -1.7153    -1.7150  25.725108  25.723455    32.4085    32.4058    360.908    354.564     0.1687     4.6422     0.1062     0.1062     0.0401     0.0317     107758    74.8312     100.00     2.5636     2.2380         16  0.000e+00
     18.432   77.87032  177.25122     18.629    -1.6417    -1.6435  25.462046  25.465599    31.9721    31.9789    363.521    356.927     0.3518     4.6166     0.1099     0.1099     0.0622     0.0391     109276    75.8854     100.00     2.5793     2.2501         17  0.000e+00
     18.416   77.87032  177.25122     18.612    -1.6417    -1.6436  25.462988  25.464824    31.9734    31.9780    363.516    356.427     0.3518     4.6166     0.1099     0.1099     0.0622     0.0391     109277    75.8861     100.00     2.5793     2.2477         17  0.000e+00
     18.481   77.87032  177.25122     18.678    -1.6418    -1.6431  25.462870  25.463662    31.9733    31.9757    363.521    355.927     0.3518     4.6166     0.1099     0.1099     0.0622     0.0391     109278    75.8868     100.00     2.5793     2.2452         17  0.000e+00
     18.416   77.87032  177.25122     18.612    -1.6418    -1.6429  25.462635  25.462058    31.9730    31.9734    363.518    355.677     0.3518     4.6166     0.1099     0.1099     0.0622     0.0391     109279    75.8875     100.00     2.5793     2.2440         17  0.000e+00
     18.489   77.87032  177.25122     18.687    -1.6418    -1.6423  25.462341  25.461228    31.9725    31.9715    363.523    355.427     0.3518     4.6166     0.1099     0.1099     0.0622     0.0391     109280    75.8882     100.00     2.5793     2.2428         17  0.000e+00
     18.416   77.87032  177.25122     18.612    -1.6418    -1.6421  25.462282  25.460564    31.9725    31.9705    363.520    355.676     0.3518     4.6166     0.1099     0.1099     0.0622     0.0391     109281    75.8889     100.00     2.5793     2.2440         17  0.000e+00
     18.416   77.87032  177.25122     18.612    -1.6418    -1.6418  25.462105  25.460176    31.9723    31.9696    363.308    355.424     0.3518     4.6166     0.1099     0.1099     0.0622     0.0391     109282    75.8896     100.00     2.5781     2.2428         17  0.000e+00
     18.490   77.87032  177.25122     18.687    -1.6418    -1.6418  25.462400  25.459955    31.9726    31.9693    363.523    354.673     0.3518     4.6166     0.1099     0.1099     0.0622     0.0391     109283    75.8903     100.00     2.5793     2.2391         17  0.000e+00
     18.416   77.87032  177.25122     18.612    -1.6418    -1.6418  25.462517  25.460232    31.9728    31.9697    363.519    353.913     0.3518     4.6166     0.1099     0.1099     0.0622     0.0391     109284    75.8910     100.00     2.5793     2.2355         17  0.000e+00
     18.481   77.87032  177.25122     18.678    -1.6417    -1.6419  25.462694  25.460730    31.9729    31.9705    363.733    353.412     0.3518     4.6166     0.1099     0.1099     0.0622     0.0391     109285    75.8917     100.00     2.5805     2.2330         17  0.000e+00
     18.432   77.87032  177.25122     18.629    -1.6417    -1.6420  25.462399  25.461062    31.9725    31.9710    363.732    353.157     0.3518     4.6166     0.1099     0.1099     0.0622     0.0391     109286    75.8924     100.00     2.5805     2.2318         17  0.000e+00
     18.481   77.87032  177.25122     18.678    -1.6418    -1.6421  25.462635  25.461836    31.9730    31.9722    363.521    352.905     0.3518     4.6166     0.1099     0.1099     0.0622     0.0391     109287    75.8931     100.00     2.5793     2.2306         17  0.000e+00
     18.416   77.87032  177.25122     18.612    -1.6418    -1.6421  25.462399  25.462666    31.9727    31.9734    363.519    352.647     0.3518     4.6166     0.1099     0.1099     0.0622     0.0391     109288    75.8937     100.00     2.5793     2.2294         17  0.000e+00
     18.481   77.87032  177.25122     18.678    -1.6417    -1.6420  25.462282  25.462666    31.9723    31.9732    363.522    352.146     0.3518     4.6178     0.1099     0.1099     0.0612     0.0391     109289    75.8944     100.00     2.5793     2.2269         17  0.000e+00
     18.432   77.87032  177.25122     18.629    -1.6417    -1.6421  25.462458  25.462445    31.9726    31.9731    363.731    351.893     0.3518     4.6190     0.1099     0.1099     0.0601     0.0391     109290    75.8951     100.00     2.5805     2.2257         17  0.000e+00
     18.481   77.87032  177.25122     18.678    -1.6418    -1.6421  25.462517  25.462002    31.9728    31.9724    363.522    351.646     0.3823     4.6190     0.1099     0.1099     0.0601     0.0403     109291    75.8958     100.00     2.5793     2.2245         17  0.000e+00
     18.416   77.87032  177.25122     18.612    -1.6417    -1.6420  25.462517  25.461891    31.9727    31.9722    363.730    351.642     0.3823     4.6190     0.1099     0.1099     0.0601     0.0403     109292    75.8965     100.00     2.5805     2.2245         17  0.000e+00
     18.490   77.87032  177.25122     18.687    -1.6418    -1.6421  25.462164  25.462224    31.9723    31.9727    363.524    351.897     0.3823     4.6178     0.1099     0.1099     0.0612     0.0403     109293    75.8972     100.00     2.5793     2.2257         17  0.000e+00
     18.416   77.87032  177.25122     18.612    -1.6418    -1.6422  25.462752  25.462555    31.9732    31.9733    363.730    351.893     0.3823     4.6190     0.1099     0.1099     0.0601     0.0403     109294    75.8979     100.00     2.5805     2.2257         17  0.000e+00
     18.481   77.87032  177.25122     18.678    -1.6418    -1.6423  25.463164  25.462611    31.9737    31.9735    363.732    352.148     0.3823     4.6190     0.1099     0.1099     0.0601     0.0403     109295    75.8986     100.00     2.5805     2.2269         17  0.000e+00
     18.432   77.87032  177.25122     18.629    -1.6420    -1.6423  25.463400  25.462777    31.9742    31.9737    363.517    352.397     0.3823     4.6190     0.1099     0.1099     0.0601     0.0403     109296    75.8993     100.00     2.5793     2.2281         17  0.000e+00
     18.416   77.87032  177.25122     18.612    -1.6420    -1.6424  25.463929  25.462666    31.9750    31.9737    363.514    352.397     0.3823     4.6178     0.1099     0.1099     0.0612     0.0403     109297    75.9000     100.00     2.5793     2.2281         17  0.000e+00
     18.539   77.87032  177.25122     18.736    -1.6420    -1.6421  25.464165  25.462445    31.9752    31.9730    363.519    352.402     0.3518     4.6190     0.1099     0.1099     0.0601     0.0391     109298    75.9007     100.00     2.5793     2.2281         17  0.000e+00
     18.432   77.87032  177.25122     18.629    -1.6420    -1.6423  25.464047  25.462390    31.9751    31.9732    363.727    352.398     0.3823     4.6190     0.1099     0.1099     0.0601     0.0403     109299    75.9014     100.00     2.5805     2.2281         17  0.000e+00
     18.416   77.87032  177.25122     18.612    -1.6420    -1.6421  25.464047  25.462168    31.9751    31.9727    363.514    352.649     0.3823     4.6190     0.1099     0.1099     0.0601     0.0403     109300    75.9021     100.00     2.5793     2.2294         17  0.000e+00
     18.481   77.87032  177.25122     18.678    -1.6420    -1.6421  25.463988  25.461947    31.9750    31.9723    363.730    352.905     0.3823     4.6190     0.1099     0.1099     0.0601     0.0403     109301    75.9028     100.00     2.5805     2.2306         17  0.000e+00
     18.416   77.87032  177.25122     18.612    -1.6420    -1.6420  25.463988  25.461891    31.9750    31.9722    363.514    353.152     0.3823     4.6190     0.1099     0.1099     0.0601     0.0403     109302    75.9035     100.00     2.5793     2.2318         17  0.000e+00
