Continuous CTD Data/01_SBE Stage/nabos_22_01.ros
* Sea-Bird SBE 9 Data File:
* FileName = D:\CTD\data\HLY2502\raw\NABOS_22_01.hex
* Software Version Seasave V 7.26.7.110
* Temperature SN = 6954
* Conductivity SN = 2561
* Number of Bytes Per Scan = 37
* Number of Voltage Words = 4
* Number of Scans Averaged by the Deck Unit = 1
* NMEA Latitude = 79 21.70 N
* NMEA Longitude = 171 33.88 E
* NMEA UTC (Time) = Sep 19 2025  12:09:27
* NMEA baud rate = 9600
** Ship: USCG HEALY
** Bot. Depth:  1200
** Cast Number:  01
** Station Name:  NABOS
** Station Number:  22
** Operator:  STARC
# nquan = 25
# nvalues = 1127                                  
# units = specified
# name 0 = depSM: Depth [salt water, m]
# name 1 = latitude: Latitude [deg]
# name 2 = longitude: Longitude [deg]
# name 3 = prDM: Pressure, Digiquartz [db]
# name 4 = t090C: Temperature [ITS-90, deg C]
# name 5 = t190C: Temperature, 2 [ITS-90, deg C]
# name 6 = c0mS/cm: Conductivity [mS/cm]
# name 7 = c1mS/cm: Conductivity, 2 [mS/cm]
# name 8 = sal00: Salinity, Practical [PSU]
# name 9 = sal11: Salinity, Practical, 2 [PSU]
# name 10 = sbox0Mm/Kg: Oxygen, SBE 43 [umol/kg]
# name 11 = sbox1Mm/Kg: Oxygen, SBE 43, 2 [umol/kg]
# name 12 = flECO-AFL: Fluorescence, WET Labs ECO-AFL/FL [mg/m^3]
# name 13 = v2: Voltage 2
# name 14 = wetCDOM: Fluorescence, WET Labs CDOM [mg/m^3]
# name 15 = v6: Voltage 6
# name 16 = CStarAt0: Beam Attenuation, WET Labs C-Star [1/m]
# name 17 = v3: Voltage 3
# name 18 = scan: Scan Count
# name 19 = timeM: Time, Elapsed [minutes]
# name 20 = altM: Altimeter [m]
# name 21 = sbeox0V: Oxygen raw, SBE 43 [V]
# name 22 = sbeox1V: Oxygen raw, SBE 43, 2 [V]
# name 23 = nbf: Bottles Fired
# name 24 = flag:  0.000e+00
# interval = seconds: 0.0416667
# start_time = Sep 19 2025 12:09:27 [NMEA time, header]
# bad_flag = -9.990e-29
*END*
[from data line 928]
     29.995   79.37330  171.54168     30.317    -1.6121    -1.6106  25.566861  25.565516    32.0776    32.0742    366.640    356.893     0.1381     4.5995     0.1136     0.1136     0.0771     0.0305     121850    84.6174     100.00     2.5976     2.2503         19  0.000e+00
     29.954   79.37330  171.54168     30.276    -1.6125    -1.6106  25.566978  25.565627    32.0782    32.0743    366.854    356.891     0.1381     4.5995     0.1136     0.1136     0.0771     0.0305     121851    84.6181     100.00     2.5988     2.2503         19  0.000e+00
     29.995   79.37330  171.54168     30.317    -1.6121    -1.6108  25.567096  25.565738    32.0780    32.0747    366.427    356.894     0.1381     4.5983     0.1123     0.1123     0.0782     0.0305     121852    84.6188     100.00     2.5964     2.2503         19  0.000e+00
     19.851   79.37358  171.54134     20.064    -1.6913    -1.6917  24.757431  24.756703    31.0530    31.0524    368.909    358.382     0.4739     4.5495     0.1050     0.1050     0.1209     0.0440     124668    86.5743     100.00     2.5913     2.2416         20  0.000e+00
     19.867   79.37358  171.54134     20.080    -1.6916    -1.6914  24.757081  24.756375    31.0528    31.0516    369.129    358.382     0.4434     4.5495     0.1050     0.1050     0.1209     0.0427     124669    86.5750     100.00     2.5925     2.2416         20  0.000e+00
     19.851   79.37358  171.54134     20.064    -1.6919    -1.6917  24.756965  24.756594    31.0530    31.0523    368.916    358.637     0.4739     4.5495     0.1050     0.1050     0.1209     0.0440     124670    86.5757     100.00     2.5913     2.2428         20  0.000e+00
     19.908   79.37358  171.54134     20.122    -1.6919    -1.6914  24.757314  24.756375    31.0534    31.0516    368.917    358.892     0.4739     4.5482     0.1062     0.1062     0.1220     0.0440     124671    86.5764     100.00     2.5913     2.2440         20  0.000e+00
     19.867   79.37358  171.54134     20.080    -1.6917    -1.6914  24.756907  24.756265    31.0527    31.0515    368.916    359.398     0.4739     4.5482     0.1062     0.1062     0.1220     0.0440     124672    86.5771     100.00     2.5913     2.2465         20  0.000e+00
     19.851   79.37358  171.54134     20.064    -1.6919    -1.6915  24.756557  24.756265    31.0524    31.0516    368.918    359.652     0.4739     4.5482     0.1062     0.1062     0.1220     0.0440     124673    86.5778     100.00     2.5913     2.2477         20  0.000e+00
     19.851   79.37358  171.54134     20.064    -1.6922    -1.6914  24.756499  24.756046    31.0527    31.0512    368.921    359.652     0.4739     4.5482     0.1062     0.1062     0.1220     0.0440     124674    86.5785     100.00     2.5913     2.2477         20  0.000e+00
     19.908   79.37358  171.54134     20.122    -1.6923    -1.6915  24.756266  24.755991    31.0524    31.0512    368.711    359.910     0.4434     4.5482     0.1062     0.1062     0.1220     0.0427     124675    86.5792     100.00     2.5901     2.2489         20  0.000e+00
     19.867   79.37358  171.54134     20.080    -1.6925    -1.6914  24.756033  24.756046    31.0523    31.0512    368.926    359.653     0.4739     4.5482     0.1062     0.1062     0.1220     0.0440     124676    86.5799     100.00     2.5913     2.2477         20  0.000e+00
     19.908   79.37358  171.54134     20.122    -1.6923    -1.6918  24.755975  24.756046    31.0520    31.0516    368.926    359.659     0.4434     4.5482     0.1062     0.1062     0.1220     0.0427     124677    86.5806     100.00     2.5913     2.2477         20  0.000e+00
     19.851   79.37358  171.54134     20.064    -1.6925    -1.6918  24.755975  24.755663    31.0522    31.0511    368.925    359.911     0.4739     4.5482     0.1062     0.1062     0.1220     0.0440     124678    86.5812     100.00     2.5913     2.2489         20  0.000e+00
     19.867   79.37358  171.54134     20.080    -1.6927    -1.6920  24.755800  24.755717    31.0522    31.0514    369.143    359.913     0.4739     4.5495     0.1062     0.1062     0.1209     0.0440     124679    86.5819     100.00     2.5925     2.2489         20  0.000e+00
     19.851   79.37358  171.54134     20.064    -1.6927    -1.6915  24.755858  24.755936    31.0523    31.0512    368.927    359.654     0.4434     4.5482     0.1062     0.1062     0.1220     0.0427     124680    86.5826     100.00     2.5913     2.2477         20  0.000e+00
     19.908   79.37358  171.54134     20.122    -1.6925    -1.6918  24.756150  24.756046    31.0525    31.0516    369.142    359.404     0.4434     4.5482     0.1062     0.1062     0.1220     0.0427     124681    86.5833     100.00     2.5925     2.2465         20  0.000e+00
     19.851   79.37358  171.54134     20.064    -1.6925    -1.6921  24.756033  24.755772    31.0523    31.0516    368.925    359.405     0.4434     4.5482     0.1062     0.1062     0.1220     0.0427     124682    86.5840     100.00     2.5913     2.2465         20  0.000e+00
     19.867   79.37358  171.54134     20.080    -1.6923    -1.6920  24.755975  24.755553    31.0521    31.0511    369.139    359.406     0.4434     4.5495     0.1062     0.1062     0.1209     0.0427     124683    86.5847     100.00     2.5925     2.2465         20  0.000e+00
     19.851   79.37358  171.54134     20.064    -1.6923    -1.6921  24.756324  24.755389    31.0525    31.0510    368.922    359.407     0.4434     4.5482     0.1062     0.1062     0.1220     0.0427     124684    86.5854     100.00     2.5913     2.2465         20  0.000e+00
     19.908   79.37358  171.54134     20.122    -1.6927    -1.6926  24.756441  24.755498    31.0530    31.0517    368.927    359.413     0.4434     4.5482     0.1062     0.1062     0.1220     0.0427     124685    86.5861     100.00     2.5913     2.2465         20  0.000e+00
     19.851   79.37358  171.54134     20.064    -1.6921    -1.6924  24.757198  24.755170    31.0535    31.0511    369.131    359.664     0.4434     4.5495     0.1062     0.1062     0.1209     0.0427     124686    86.5868     100.00     2.5925     2.2477         20  0.000e+00
     19.867   79.37358  171.54134     20.080    -1.6913    -1.6924  24.757955  24.755060    31.0537    31.0509    368.907    359.665     0.4739     4.5482     0.1062     0.1062     0.1220     0.0440     124687    86.5875     100.00     2.5913     2.2477         20  0.000e+00
     19.908   79.37358  171.54134     20.122    -1.6910    -1.6921  24.758537  24.755060    31.0541    31.0506    368.905    359.411     0.4434     4.5482     0.1062     0.1062     0.1220     0.0427     124688    86.5882     100.00     2.5913     2.2465         20  0.000e+00
     19.851   79.37358  171.54134     20.064    -1.6910    -1.6921  24.759003  24.755170    31.0548    31.0507    368.900    359.153     0.4434     4.5482     0.1062     0.1062     0.1220     0.0427     124689    86.5889     100.00     2.5913     2.2453         20  0.000e+00
     19.867   79.37358  171.54134     20.080    -1.6909    -1.6921  24.758421  24.755060    31.0539    31.0506    368.902    358.901     0.4434     4.5482     0.1062     0.1062     0.1220     0.0427     124690    86.5896     100.00     2.5913     2.2440         20  0.000e+00
     19.908   79.37358  171.54134     20.122    -1.6913    -1.6921  24.758013  24.755060    31.0537    31.0506    368.909    358.903     0.4434     4.5482     0.1062     0.1062     0.1220     0.0427     124691    86.5903     100.00     2.5913     2.2440         20  0.000e+00
     19.851   79.37358  171.54134     20.064    -1.6916    -1.6921  24.757139  24.754896    31.0529    31.0504    369.127    358.138     0.4739     4.5482     0.1062     0.1062     0.1220     0.0440     124692    86.5910     100.00     2.5925     2.2404         20  0.000e+00
     19.908   79.37358  171.54134     20.122    -1.6921    -1.6926  24.756383  24.755005    31.0523    31.0510    368.922    357.637     0.4739     4.5482     0.1062     0.1062     0.1220     0.0440     124693    86.5917     100.00     2.5913     2.2379         20  0.000e+00
     19.867   79.37358  171.54134     20.080    -1.6922    -1.6924  24.756033  24.755060    31.0520    31.0509    368.923    357.379     0.4434     4.5482     0.1062     0.1062     0.1220     0.0427     124694    86.5924     100.00     2.5913     2.2367         20  0.000e+00
     19.851   79.37358  171.54134     20.064    -1.6927    -1.6926  24.755800  24.754896    31.0522    31.0509    369.141    357.380     0.4739     4.5482     0.1062     0.1062     0.1220     0.0440     124695    86.5931     100.00     2.5925     2.2367         20  0.000e+00
     19.851   79.37358  171.54134     20.064    -1.6927    -1.6924  24.755509  24.754622    31.0518    31.0503    369.143    357.634     0.4739     4.5482     0.1062     0.1062     0.1220     0.0440     124696    86.5938     100.00     2.5925     2.2379         20  0.000e+00
     19.867   79.37358  171.54134     20.080    -1.6928    -1.6927  24.755276  24.754896    31.0516    31.0510    369.360    357.636     0.4739     4.5482     0.1062     0.1062     0.1220     0.0440     124697    86.5944     100.00     2.5937     2.2379         20  0.000e+00
     19.908   79.37358  171.54134     20.122    -1.6928    -1.6926  24.755625  24.755225    31.0520    31.0513    369.146    357.890     0.4739     4.5482     0.1062     0.1062     0.1220     0.0440     124698    86.5951     100.00     2.5925     2.2392         20  0.000e+00
     19.851   79.37358  171.54134     20.064    -1.6930    -1.6924  24.755392  24.755115    31.0519    31.0510    368.931    358.140     0.4434     4.5482     0.1062     0.1062     0.1220     0.0427     124699    86.5958     100.00     2.5913     2.2404         20  0.000e+00
     19.908   79.37358  171.54134     20.122    -1.6930    -1.6924  24.754810  24.755389    31.0511    31.0513    368.936    358.396     0.4434     4.5482     0.1062     0.1062     0.1220     0.0427     124700    86.5965     100.00     2.5913     2.2416         20  0.000e+00
     19.867   79.37358  171.54134     20.080    -1.6930    -1.6921  24.754927  24.755553    31.0513    31.0513    368.933    358.644     0.4434     4.5482     0.1062     0.1062     0.1220     0.0427     124701    86.5972     100.00     2.5913     2.2428         20  0.000e+00
     19.851   79.37358  171.54134     20.064    -1.6928    -1.6923  24.755218  24.755389    31.0515    31.0512    369.145    358.646     0.4739     4.5482     0.1062     0.1062     0.1220     0.0440     124702    86.5979     100.00     2.5925     2.2428         20  0.000e+00
     19.908   79.37358  171.54134     20.122    -1.6931    -1.6923  24.755451  24.755115    31.0521    31.0508    369.149    358.650     0.4739     4.5482     0.1062     0.1062     0.1220     0.0440     124703    86.5986     100.00     2.5925     2.2428         20  0.000e+00
     19.851   79.37358  171.54134     20.064    -1.6928    -1.6924  24.755625  24.754622    31.0521    31.0503    369.143    358.650     0.4739     4.5482     0.1062     0.1062     0.1220     0.0440     124704    86.5993     100.00     2.5925     2.2428         20  0.000e+00
     19.867   79.37358  171.54134     20.080    -1.6927    -1.6924  24.755858  24.754896    31.0523    31.0507    368.927    358.903     0.4434     4.5482     0.1062     0.1062     0.1220     0.0427     124705    86.6000     100.00     2.5913     2.2440         20  0.000e+00
     19.908   79.37358  171.54134     20.122    -1.6928    -1.6923  24.755451  24.754512    31.0518    31.0500    369.147    358.906     0.4739     4.5482     0.1062     0.1062     0.1220     0.0440     124706    86.6007     100.00     2.5925     2.2440         20  0.000e+00
     19.851   79.37358  171.54134     20.064    -1.6928    -1.6927  24.755276  24.754129    31.0516    31.0499    368.930    359.162     0.4434     4.5482     0.1062     0.1062     0.1220     0.0427     124707    86.6014     100.00     2.5913     2.2453         20  0.000e+00
     19.867   79.37358  171.54134     20.080    -1.6930    -1.6926  24.755043  24.754074    31.0514    31.0497    368.933    359.416     0.4739     4.5482     0.1062     0.1062     0.1220     0.0440     124708    86.6021     100.00     2.5913     2.2465         20  0.000e+00
     19.851   79.37358  171.54134     20.064    -1.6930    -1.6930  24.754985  24.754238    31.0514    31.0504    369.147    359.672     0.4739     4.5482     0.1062     0.1062     0.1220     0.0440     124709    86.6028     100.00     2.5925     2.2477         20  0.000e+00
     19.851   79.37358  171.54134     20.064    -1.6933    -1.6929  24.754635  24.753965    31.0512    31.0499    368.936    359.672     0.4739     4.5482     0.1062     0.1062     0.1220     0.0440     124710    86.6035     100.00     2.5913     2.2477         20  0.000e+00
     19.908   79.37358  171.54134     20.122    -1.6931    -1.6929  24.754694  24.753855    31.0511    31.0497    369.152    359.421     0.4434     4.5482     0.1062     0.1062     0.1220     0.0427     124711    86.6042     100.00     2.5925     2.2465         20  0.000e+00
     19.867   79.37358  171.54134     20.080    -1.6931    -1.6929  24.754694  24.753965    31.0511    31.0499    369.150    359.419     0.4434     4.5482     0.1062     0.1062     0.1220     0.0427     124712    86.6049     100.00     2.5925     2.2465         20  0.000e+00
     19.851   79.37358  171.54134     20.064    -1.6930    -1.6929  24.755101  24.754019    31.0515    31.0500    369.146    359.418     0.4434     4.5482     0.1062     0.1062     0.1220     0.0427     124713    86.6056     100.00     2.5925     2.2465         20  0.000e+00
     19.908   79.37358  171.54134     20.122    -1.6931    -1.6930  24.754694  24.754403    31.0511    31.0506    369.152    359.166     0.4739     4.5495     0.1062     0.1062     0.1209     0.0440     124714    86.6063     100.00     2.5925     2.2453         20  0.000e+00
     19.851   79.37358  171.54134     20.064    -1.6933    -1.6929  24.754868  24.754184    31.0515    31.0502    369.365    359.163     0.4434     4.5495     0.1062     0.1062     0.1209     0.0427     124715    86.6069     100.00     2.5937     2.2453         20  0.000e+00
     19.925   79.37358  171.54134     20.138    -1.6930    -1.6929  24.755160  24.754239    31.0515    31.0502    369.150    359.167     0.4434     4.5495     0.1062     0.1062     0.1209     0.0427     124716    86.6076     100.00     2.5925     2.2453         20  0.000e+00
     10.281   79.37438  171.54040     10.391    -1.6858    -1.6844  24.753738  24.753558    31.0478    31.0462    369.368    360.053     0.4739     4.5470     0.1050     0.1050     0.1231     0.0440     132829    92.2417     100.00     2.5969     2.2522         21  0.000e+00
     10.272   79.37438  171.54040     10.382    -1.6860    -1.6845  24.753622  24.753010    31.0480    31.0455    369.156    359.802     0.4739     4.5470     0.1050     0.1050     0.1231     0.0440     132830    92.2424     100.00     2.5956     2.2509         21  0.000e+00
     10.272   79.37438  171.54040     10.382    -1.6858    -1.6852  24.753447  24.753010    31.0474    31.0462    369.369    359.554     0.4739     4.5470     0.1050     0.1050     0.1231     0.0440     132831    92.2431     100.00     2.5969     2.2497         21  0.000e+00
     10.281   79.37438  171.54040     10.391    -1.6856    -1.6855  24.753505  24.752736    31.0474    31.0462    369.154    359.050     0.4739     4.5482     0.1050     0.1050     0.1220     0.0440     132832    92.2438     100.00     2.5956     2.2473         21  0.000e+00
     10.215   79.37438  171.54040     10.324    -1.6858    -1.6858  24.753563  24.752407    31.0476    31.0461    369.151    359.304     0.4739     4.5470     0.1050     0.1050     0.1231     0.0440     132833    92.2444     100.00     2.5956     2.2485         21  0.000e+00
