Continuous CTD Data/01_SBE Stage/nabos_33_01avg.cnv
* Sea-Bird SBE 9 Data File:
* FileName = D:\CTD\data\HLY2502\raw\NABOS_33_01.hex
* Software Version Seasave V 7.26.7.110
* Temperature SN = 6954
* Conductivity SN = 2561
* Number of Bytes Per Scan = 37
* Number of Voltage Words = 4
* Number of Scans Averaged by the Deck Unit = 1
* NMEA Latitude = 79 51.39 N
* NMEA Longitude = 140 04.65 E
* NMEA UTC (Time) = Sep 23 2025  14:40:56
* NMEA baud rate = 9600
** Ship: USCG HEALY
** Bot. Depth:  1970
** Cast Number:  01
** Station Name:  NABOS
** Station Number:  33
** Operator:  STARC
# nquan = 25
# nvalues = 1214                        
# units = specified
# name 0 = depSM: Depth [salt water, m]
# name 1 = latitude: Latitude [deg]
# name 2 = longitude: Longitude [deg]
# name 3 = prDM: Pressure, Digiquartz [db]
# name 4 = t090C: Temperature [ITS-90, deg C]
# name 5 = t190C: Temperature, 2 [ITS-90, deg C]
# name 6 = c0mS/cm: Conductivity [mS/cm]
# name 7 = c1mS/cm: Conductivity, 2 [mS/cm]
# name 8 = sal00: Salinity, Practical [PSU]
# name 9 = sal11: Salinity, Practical, 2 [PSU]
# name 10 = sbox0Mm/Kg: Oxygen, SBE 43 [umol/kg]
# name 11 = sbox1Mm/Kg: Oxygen, SBE 43, 2 [umol/kg]
# name 12 = flECO-AFL: Fluorescence, WET Labs ECO-AFL/FL [mg/m^3]
# name 13 = v2: Voltage 2
# name 14 = wetCDOM: Fluorescence, WET Labs CDOM [mg/m^3]
# name 15 = v6: Voltage 6
# name 16 = CStarAt0: Beam Attenuation, WET Labs C-Star [1/m]
# name 17 = v3: Voltage 3
# name 18 = scan: Scan Count
# name 19 = timeM: Time, Elapsed [minutes]
# name 20 = altM: Altimeter [m]
# name 21 = sbeox0V: Oxygen raw, SBE 43 [V]
# name 22 = sbeox1V: Oxygen raw, SBE 43, 2 [V]
# name 23 = nbin: number of scans per bin
# name 24 = flag: flag
# span 0 =      3.958,   1200.616       
# span 1 =   79.85658,   79.85849       
# span 2 =  140.06293,  140.07485       
# span 3 =      4.000,   1217.000       
# span 4 =    -1.4239,     1.3963       
# span 5 =    -1.4254,     1.3959       
# span 6 =  24.234668,  30.211009       
# span 7 =  24.233773,  30.209231       
# span 8 =    29.6306,    34.8762       
# span 9 =    29.6285,    34.8741       
# span 10 =    293.543,    363.357      
# span 11 =    279.045,    357.532      
# span 12 =    -0.1800,     0.7952      
# span 13 =     4.4579,     4.6296      
# span 14 =     0.0806,     0.1245      
# span 15 =     0.0806,     0.1245      
# span 16 =     0.0510,     0.2023      
# span 17 =     0.0178,     0.0568      
# span 18 =       5620,      39837      
# span 19 =     3.9018,    27.6637      
# span 20 =     100.00,     100.00      
# span 21 =     2.0309,     2.6148      
# span 22 =     1.7650,     2.2853      
# span 23 =          9,         27      
# span 24 = 0.0000e+00, 0.0000e+00      
# interval = decibars: 1                
# start_time = Sep 23 2025 14:40:56 [NMEA time, header]
# bad_flag = -9.990e-29
*END*
[from data line 696]
    691.428   79.85758  140.06704    700.000     0.2127     0.2126  29.409632  29.407698    34.8306    34.8281    297.450    294.968    -0.1365     4.6256     0.0837     0.0837     0.0545     0.0195      25632    17.7996     100.00     2.1795     1.9324         15 0.0000e+00
    692.415   79.85758  140.06703    701.000     0.2103     0.2102  29.407979  29.406101    34.8306    34.8282    297.412    294.013    -0.1366     4.6243     0.0840     0.0840     0.0555     0.0195      25655    17.8155     100.00     2.1789     1.9275         12 0.0000e+00
    693.401   79.85758  140.06702    702.000     0.2072     0.2070  29.405677  29.403851    34.8305    34.8282    297.558    293.031    -0.1302     4.6258     0.0827     0.0827     0.0543     0.0198      25679    17.8319     100.00     2.1794     1.9225         14 0.0000e+00
    694.387   79.85758  140.06702    703.000     0.2031     0.2030  29.402572  29.400740    34.8304    34.8281    297.593    292.861    -0.1339     4.6256     0.0833     0.0833     0.0545     0.0196      25704    17.8495     100.00     2.1792     1.9213         12 0.0000e+00
    695.373   79.85758  140.06701    704.000     0.1994     0.1993  29.399857  29.397896    34.8304    34.8280    297.556    293.243    -0.1618     4.6254     0.0836     0.0836     0.0546     0.0185      25731    17.8682     100.00     2.1785     1.9228         13 0.0000e+00
    696.359   79.85758  140.06700    705.000     0.1955     0.1954  29.396708  29.394877    34.8301    34.8278    297.460    292.683    -0.1439     4.6265     0.0858     0.0858     0.0538     0.0192      25757    17.8861     100.00     2.1776     1.9198         15 0.0000e+00
    697.345   79.85758  140.06699    706.000     0.1894     0.1892  29.391896  29.389946    34.8301    34.8277    297.543    294.186    -0.1758     4.6267     0.0840     0.0840     0.0535     0.0180      25780    17.9021     100.00     2.1775     1.9265         12 0.0000e+00
    698.331   79.85758  140.06698    707.000     0.1846     0.1845  29.388227  29.386326    34.8301    34.8277    297.654    293.292    -0.1694     4.6259     0.0840     0.0840     0.0542     0.0182      25803    17.9178     100.00     2.1777     1.9219         13 0.0000e+00
    699.317   79.85758  140.06697    708.000     0.1830     0.1831  29.387154  29.385472    34.8299    34.8276    297.786    294.270    -0.1526     4.6260     0.0839     0.0839     0.0541     0.0189      25827    17.9345     100.00     2.1782     1.9263         15 0.0000e+00
    700.303   79.85758  140.06696    709.000     0.1827     0.1826  29.387111  29.385291    34.8296    34.8274    297.770    293.656    -0.1292     4.6265     0.0828     0.0828     0.0537     0.0198      25853    17.9527     100.00     2.1778     1.9232         17 0.0000e+00
    701.289   79.85758  140.06694    710.000     0.1796     0.1798  29.384793  29.383205    34.8295    34.8272    297.831    293.231    -0.1309     4.6263     0.0832     0.0832     0.0539     0.0197      25879    17.9709     100.00     2.1778     1.9208         16 0.0000e+00
    702.276   79.85758  140.06694    711.000     0.1752     0.1750  29.381542  29.379623    34.8295    34.8273    297.787    292.622    -0.1301     4.6263     0.0845     0.0845     0.0539     0.0198      25904    17.9880     100.00     2.1771     1.9175         14 0.0000e+00
    703.261   79.85758  140.06692    712.000     0.1719     0.1719  29.379192  29.377291    34.8296    34.8272    297.693    294.761    -0.1361     4.6262     0.0845     0.0845     0.0539     0.0195      25928    18.0046     100.00     2.1762     1.9274         15 0.0000e+00
    704.247   79.85758  140.06692    713.000     0.1697     0.1696  29.377632  29.375669    34.8295    34.8270    297.548    294.380    -0.1327     4.6256     0.0835     0.0835     0.0545     0.0197      25951    18.0208     100.00     2.1750     1.9253         15 0.0000e+00
    705.233   79.85760  140.06692    714.000     0.1651     0.1651  29.374102  29.372281    34.8294    34.8271    297.495    293.619    -0.1328     4.6259     0.0834     0.0834     0.0542     0.0197      25976    18.0379     100.00     2.1743     1.9213         16 0.0000e+00
    706.219   79.85760  140.06690    715.000     0.1617     0.1617  29.371482  29.369825    34.8292    34.8271    297.430    292.963    -0.1670     4.6264     0.0856     0.0856     0.0538     0.0183      26002    18.0560     100.00     2.1735     1.9179         17 0.0000e+00
    707.206   79.85760  140.06690    716.000     0.1598     0.1597  29.370271  29.368580    34.8293    34.8271    297.513    294.201    -0.1521     4.6265     0.0834     0.0834     0.0537     0.0189      26028    18.0746     100.00     2.1737     1.9235         16 0.0000e+00
    708.191   79.85760  140.06688    717.000     0.1589     0.1589  29.370138  29.368312    34.8294    34.8270    297.679    293.999    -0.1500     4.6264     0.0844     0.0844     0.0538     0.0190      26053    18.0919     100.00     2.1743     1.9223         16 0.0000e+00
    709.178   79.85760  140.06688    718.000     0.1578     0.1576  29.369494  29.367612    34.8293    34.8270    297.718    293.990    -0.1653     4.6263     0.0854     0.0854     0.0539     0.0184      26077    18.1083     100.00     2.1743     1.9220         18 0.0000e+00
    710.164   79.85760  140.06688    719.000     0.1566     0.1565  29.368821  29.367048    34.8292    34.8270    297.780    295.256    -0.1670     4.6264     0.0844     0.0844     0.0538     0.0183      26101    18.1248     100.00     2.1743     1.9279         18 0.0000e+00
    711.149   79.85760  140.06686    720.000     0.1551     0.1552  29.368079  29.366393    34.8292    34.8270    297.731    293.607    -0.1700     4.6267     0.0836     0.0836     0.0535     0.0182      26126    18.1422     100.00     2.1738     1.9197         21 0.0000e+00
    712.136   79.85760  140.06686    721.000     0.1545     0.1545  29.367996  29.366139    34.8293    34.8268    297.796    293.626    -0.1366     4.6247     0.0844     0.0844     0.0552     0.0195      26151    18.1597     100.00     2.1739     1.9196         17 0.0000e+00
    713.122   79.85760  140.06684    722.000     0.1542     0.1541  29.368220  29.366503    34.8294    34.8272    297.673    293.255    -0.1324     4.6257     0.0845     0.0845     0.0543     0.0197      26177    18.1774     100.00     2.1730     1.9177         14 0.0000e+00
    714.107   79.85760  140.06684    723.000     0.1549     0.1550  29.369535  29.367651    34.8296    34.8271    297.576    292.824    -0.1275     4.6273     0.0844     0.0844     0.0530     0.0199      26201    18.1945     100.00     2.1722     1.9155         13 0.0000e+00
    715.093   79.85760  140.06684    724.000     0.1558     0.1557  29.370640  29.368822    34.8296    34.8273    297.547    294.306    -0.1285     4.6266     0.0850     0.0850     0.0536     0.0198      26225    18.2111     100.00     2.1719     1.9224         15 0.0000e+00
    716.080   79.85760  140.06682    725.000     0.1561     0.1560  29.371344  29.369517    34.8296    34.8272    297.678    294.553    -0.1328     4.6267     0.0870     0.0870     0.0535     0.0197      26248    18.2273     100.00     2.1724     1.9234         18 0.0000e+00
    717.066   79.85760  140.06682    726.000     0.1564     0.1564  29.372247  29.370367    34.8298    34.8274    297.741    295.303    -0.1395     4.6268     0.0847     0.0847     0.0534     0.0194      26273    18.2444     100.00     2.1726     1.9268         22 0.0000e+00
    718.051   79.85760  140.06680    727.000     0.1582     0.1577  29.374384  29.372199    34.8300    34.8277    297.757    293.564    -0.1683     4.6244     0.0845     0.0845     0.0555     0.0183      26299    18.2626     100.00     2.1725     1.9183         20 0.0000e+00
    719.037   79.85760  140.06680    728.000     0.1604     0.1603  29.377002  29.375161    34.8304    34.8281    297.805    293.469    -0.1509     4.6266     0.0835     0.0835     0.0536     0.0189      26325    18.2807     100.00     2.1727     1.9179         18 0.0000e+00
    720.024   79.85760  140.06679    729.000     0.1626     0.1625  29.379728  29.377977    34.8309    34.8286    297.863    294.295    -0.1330     4.6268     0.0835     0.0835     0.0534     0.0197      26350    18.2980     100.00     2.1729     1.9217         20 0.0000e+00
    721.010   79.85760  140.06678    730.000     0.1629     0.1631  29.380538  29.378978    34.8310    34.8288    297.841    294.026    -0.1328     4.6274     0.0837     0.0837     0.0529     0.0197      26373    18.3142     100.00     2.1726     1.9202         16 0.0000e+00
    721.995   79.85761  140.06678    731.000     0.1635     0.1635  29.381515  29.379654    34.8311    34.8287    297.672    295.590    -0.1524     4.6275     0.0842     0.0842     0.0528     0.0189      26397    18.3306     100.00     2.1714     1.9275         17 0.0000e+00
    722.981   79.85762  140.06677    732.000     0.1668     0.1673  29.385192  29.383854    34.8316    34.8293    297.460    295.036    -0.1711     4.6272     0.0832     0.0832     0.0530     0.0181      26422    18.3480     100.00     2.1702     1.9249         16 0.0000e+00
    723.967   79.85762  140.06676    733.000     0.1744     0.1743  29.392767  29.390917    34.8324    34.8301    297.405    294.547    -0.1672     4.6282     0.0838     0.0838     0.0522     0.0183      26449    18.3668     100.00     2.1701     1.9226         19 0.0000e+00
    724.953   79.85762  140.06676    734.000     0.1784     0.1784  29.397145  29.395351    34.8330    34.8307    297.372    294.346    -0.1290     4.6281     0.0845     0.0845     0.0523     0.0198      26475    18.3847     100.00     2.1699     1.9217         18 0.0000e+00
    725.939   79.85762  140.06675    735.000     0.1836     0.1837  29.402550  29.401041    34.8337    34.8316    297.301    292.739    -0.1312     4.6278     0.0844     0.0844     0.0525     0.0197      26499    18.4011     100.00     2.1695     1.9141         17 0.0000e+00
    726.925   79.85762  140.06674    736.000     0.1931     0.1940  29.412381  29.411485    34.8353    34.8331    297.140    292.529    -0.1407     4.6274     0.0843     0.0843     0.0529     0.0193      26522    18.4171     100.00     2.1689     1.9133         15 0.0000e+00
    727.911   79.85762  140.06674    737.000     0.2026     0.2029  29.421850  29.420338    34.8365    34.8341    297.022    292.266    -0.1800     4.6277     0.0836     0.0836     0.0526     0.0178      26546    18.4339     100.00     2.1685     1.9123         18 0.0000e+00
    728.897   79.85762  140.06673    738.000     0.2047     0.2047  29.424361  29.422550    34.8368    34.8345    296.919    293.572    -0.1774     4.6276     0.0851     0.0851     0.0527     0.0179      26571    18.4515     100.00     2.1678     1.9184         15 0.0000e+00
    729.883   79.85762  140.06672    739.000     0.2062     0.2062  29.426378  29.424697    34.8373    34.8350    296.911    295.777    -0.1708     4.6268     0.0857     0.0857     0.0534     0.0182      26597    18.4695     100.00     2.1676     1.9288         17 0.0000e+00
    730.869   79.85762  140.06672    740.000     0.2068     0.2066  29.427552  29.425771    34.8374    34.8353    296.887    293.385    -0.1549     4.6274     0.0851     0.0851     0.0528     0.0188      26621    18.4864     100.00     2.1673     1.9172         15 0.0000e+00
    731.855   79.85762  140.06672    741.000     0.2065     0.2065  29.427833  29.426117    34.8376    34.8354    296.887    294.436    -0.1628     4.6275     0.0845     0.0845     0.0528     0.0185      26646    18.5035     100.00     2.1670     1.9220         15 0.0000e+00
    732.840   79.85762  140.06670    742.000     0.2071     0.2070  29.429093  29.427242    34.8380    34.8357    296.998    293.678    -0.1449     4.6276     0.0843     0.0843     0.0527     0.0192      26670    18.5203     100.00     2.1675     1.9183         17 0.0000e+00
    733.826   79.85762  140.06670    743.000     0.2093     0.2093  29.431592  29.429828    34.8382    34.8359    297.006    297.803    -0.1594     4.6270     0.0847     0.0847     0.0533     0.0186      26694    18.5369     100.00     2.1674     1.9378         19 0.0000e+00
    734.812   79.85762  140.06670    744.000     0.2112     0.2111  29.434072  29.432087    34.8387    34.8362    296.863    294.666    -0.1390     4.6257     0.0855     0.0855     0.0544     0.0194      26718    18.5537     100.00     2.1665     1.9228         13 0.0000e+00
    735.798   79.85762  140.06668    745.000     0.2149     0.2149  29.437990  29.436290    34.8392    34.8369    296.671    294.198    -0.1326     4.6262     0.0835     0.0835     0.0540     0.0197      26744    18.5719     100.00     2.1654     1.9205         16 0.0000e+00
    736.784   79.85762  140.06668    746.000     0.2244     0.2252  29.447841  29.446878    34.8407    34.8386    296.494    292.424    -0.1315     4.6251     0.0844     0.0844     0.0549     0.0197      26770    18.5897     100.00     2.1646     1.9123         12 0.0000e+00
    737.770   79.85762  140.06668    747.000     0.2330     0.2325  29.456409  29.454221    34.8417    34.8394    296.319    286.231    -0.1346     4.6251     0.0844     0.0844     0.0549     0.0196      26796    18.6075     100.00     2.1638     1.8829         15 0.0000e+00
    738.756   79.85762  140.06666    748.000     0.2317     0.2318  29.455877  29.454287    34.8419    34.8397    296.420    291.244    -0.1342     4.6241     0.0846     0.0846     0.0558     0.0196      26820    18.6241     100.00     2.1641     1.9066         13 0.0000e+00
    739.742   79.85762  140.06666    749.000     0.2237     0.2238  29.449179  29.447711    34.8416    34.8395    296.407    291.079    -0.1291     4.6240     0.0853     0.0853     0.0558     0.0198      26844    18.6408     100.00     2.1634     1.9053         12 0.0000e+00
    740.728   79.85764  140.06666    750.000     0.2233     0.2238  29.449484  29.448080    34.8419    34.8394    296.301    292.688    -0.1279     4.6251     0.0849     0.0849     0.0549     0.0199      26869    18.6583     100.00     2.1626     1.9128         14 0.0000e+00
    741.714   79.85764  140.06664    751.000     0.2204     0.2197  29.447254  29.444895    34.8416    34.8393    296.126    293.627    -0.1364     4.6245     0.0846     0.0846     0.0554     0.0195      26894    18.6758     100.00     2.1613     1.9169         14 0.0000e+00
    742.699   79.85764  140.06664    752.000     0.2125     0.2119  29.440556  29.438303    34.8411    34.8389    296.215    292.914    -0.1300     4.6248     0.0843     0.0843     0.0551     0.0198      26919    18.6933     100.00     2.1612     1.9130         14 0.0000e+00
    743.685   79.85764  140.06664    753.000     0.1994     0.2007  29.428794  29.428408    34.8399    34.8379    296.230    293.153    -0.1256     4.6242     0.0841     0.0841     0.0557     0.0200      26944    18.7107     100.00     2.1604     1.9135         14 0.0000e+00
    744.671   79.85764  140.06662    754.000     0.1722     0.1711  29.405133  29.402219    34.8390    34.8364    296.559    293.355    -0.1658     4.6244     0.0839     0.0839     0.0555     0.0183      26970    18.7283     100.00     2.1606     1.9131         14 0.0000e+00
    745.657   79.85764  140.06662    755.000     0.1558     0.1550  29.391084  29.388577    34.8383    34.8360    296.632    294.534    -0.1651     4.6238     0.0855     0.0855     0.0560     0.0184      26994    18.7450     100.00     2.1600     1.9178         15 0.0000e+00
    746.643   79.85764  140.06660    756.000     0.1498     0.1499  29.386136  29.384301    34.8380    34.8356    296.500    293.687    -0.1329     4.6242     0.0833     0.0833     0.0556     0.0197      27017    18.7613     100.00     2.1588     1.9134         16 0.0000e+00
