Continuous CTD Data/01_SBE Stage/nabos_08_01.ros
* Sea-Bird SBE 9 Data File:
* FileName = D:\CTD\data\HLY2502\raw\NABOS_08_01.hex
* Software Version Seasave V 7.26.7.110
* Temperature SN = 6954
* Conductivity SN = 2561
* Number of Bytes Per Scan = 37
* Number of Voltage Words = 4
* Number of Scans Averaged by the Deck Unit = 1
* NMEA Latitude = 76 01.68 N
* NMEA Longitude = 176 49.39 E
* NMEA UTC (Time) = Sep 14 2025  20:51:02
* NMEA baud rate = 9600
** Ship: USCG HEALY
** Bot. Depth:  554
** Cast Number:  01
** Station Name:  NABOS
** Station Number:  08
** Operator:  STARC
# nquan = 25
# nvalues = 1176                                  
# units = specified
# name 0 = depSM: Depth [salt water, m]
# name 1 = latitude: Latitude [deg]
# name 2 = longitude: Longitude [deg]
# name 3 = prDM: Pressure, Digiquartz [db]
# name 4 = t090C: Temperature [ITS-90, deg C]
# name 5 = t190C: Temperature, 2 [ITS-90, deg C]
# name 6 = c0mS/cm: Conductivity [mS/cm]
# name 7 = c1mS/cm: Conductivity, 2 [mS/cm]
# name 8 = sal00: Salinity, Practical [PSU]
# name 9 = sal11: Salinity, Practical, 2 [PSU]
# name 10 = sbox0Mm/Kg: Oxygen, SBE 43 [umol/kg]
# name 11 = sbox1Mm/Kg: Oxygen, SBE 43, 2 [umol/kg]
# name 12 = flECO-AFL: Fluorescence, WET Labs ECO-AFL/FL [mg/m^3]
# name 13 = v2: Voltage 2
# name 14 = wetCDOM: Fluorescence, WET Labs CDOM [mg/m^3]
# name 15 = v6: Voltage 6
# name 16 = CStarAt0: Beam Attenuation, WET Labs C-Star [1/m]
# name 17 = v3: Voltage 3
# name 18 = scan: Scan Count
# name 19 = timeM: Time, Elapsed [minutes]
# name 20 = altM: Altimeter [m]
# name 21 = sbeox0V: Oxygen raw, SBE 43 [V]
# name 22 = sbeox1V: Oxygen raw, SBE 43, 2 [V]
# name 23 = nbf: Bottles Fired
# name 24 = flag:  0.000e+00
# interval = seconds: 0.0416667
# start_time = Sep 14 2025 20:51:02 [NMEA time, header]
# bad_flag = -9.990e-29
*END*
[from data line 406]
    114.711   76.03154  176.81140    115.953    -1.2105    -1.2122  27.514218  27.511797    34.2567    34.2553    307.399    299.813    -0.1366     4.6593     0.0904     0.0904     0.0254     0.0195      54576    37.8993     100.00     2.2896     1.9998          9  0.000e+00
    114.711   76.03154  176.81140    115.953    -1.2105    -1.2120  27.514218  27.511740    34.2567    34.2550    307.608    299.811    -0.1366     4.6593     0.0904     0.0904     0.0254     0.0195      54577    37.9000     100.00     2.2908     1.9998          9  0.000e+00
    114.735   76.03154  176.81140    115.978    -1.2104    -1.2120  27.514279  27.511910    34.2566    34.2553    307.399    299.812    -0.1366     4.6581     0.0891     0.0891     0.0264     0.0195      54578    37.9007     100.00     2.2896     1.9998          9  0.000e+00
    114.768   76.03154  176.81140    116.011    -1.2105    -1.2120  27.514037  27.511797    34.2564    34.2551    307.402    299.814    -0.1061     4.6593     0.0904     0.0904     0.0254     0.0208      54579    37.9014     100.00     2.2896     1.9998          9  0.000e+00
    114.735   76.03154  176.81140    115.978    -1.2103    -1.2123  27.514339  27.511569    34.2566    34.2551    307.399    299.815    -0.1366     4.6581     0.0904     0.0904     0.0264     0.0195      54580    37.9021     100.00     2.2896     1.9998          9  0.000e+00
    114.711   76.03154  176.81140    115.953    -1.2104    -1.2119  27.514339  27.511683    34.2567    34.2548    307.398    299.811    -0.1366     4.6581     0.0904     0.0904     0.0264     0.0195      54581    37.9028     100.00     2.2896     1.9998          9  0.000e+00
    114.711   76.03154  176.81140    115.953    -1.2104    -1.2122  27.514218  27.511569    34.2566    34.2550    307.608    299.813    -0.1366     4.6593     0.0904     0.0904     0.0254     0.0195      54582    37.9035     100.00     2.2908     1.9998          9  0.000e+00
    114.735   76.03154  176.81140    115.978    -1.2103    -1.2122  27.514400  27.512081    34.2567    34.2557    307.399    299.813    -0.1366     4.6593     0.0904     0.0904     0.0254     0.0195      54583    37.9042     100.00     2.2896     1.9998          9  0.000e+00
    114.711   76.03154  176.81140    115.953    -1.2104    -1.2119  27.514339  27.511853    34.2567    34.2550    307.607    299.810    -0.1366     4.6593     0.0891     0.0891     0.0254     0.0195      54584    37.9049     100.00     2.2908     1.9998          9  0.000e+00
    114.735   76.03154  176.81140    115.978    -1.2105    -1.2117  27.514218  27.511910    34.2567    34.2549    307.400    299.810    -0.1366     4.6581     0.0904     0.0904     0.0264     0.0195      54585    37.9056     100.00     2.2896     1.9998          9  0.000e+00
    114.711   76.03154  176.81140    115.953    -1.2104    -1.2116  27.514400  27.512195    34.2568    34.2552    307.189    299.808    -0.1366     4.6581     0.0904     0.0904     0.0264     0.0195      54586    37.9063     100.00     2.2884     1.9998          9  0.000e+00
    114.768   76.03154  176.81140    116.011    -1.2105    -1.2116  27.514339  27.512479    34.2568    34.2555    307.401    300.056    -0.1366     4.6593     0.0904     0.0904     0.0254     0.0195      54587    37.9069     100.00     2.2896     2.0010          9  0.000e+00
    114.612   76.03154  176.81140    115.853    -1.2105    -1.2116  27.514037  27.512024    34.2565    34.2550    307.187    300.051    -0.1366     4.6581     0.0891     0.0891     0.0264     0.0195      54588    37.9076     100.00     2.2884     2.0010          9  0.000e+00
    114.768   76.03154  176.81140    116.011    -1.2107    -1.2116  27.514158  27.512366    34.2568    34.2554    307.612    300.057    -0.1366     4.6593     0.0904     0.0904     0.0254     0.0195      54589    37.9083     100.00     2.2908     2.0010          9  0.000e+00
    114.793   76.03154  176.81140    116.036    -1.2105    -1.2116  27.514098  27.512366    34.2565    34.2554    307.403    300.058    -0.1366     4.6581     0.0891     0.0891     0.0264     0.0195      54590    37.9090     100.00     2.2896     2.0010          9  0.000e+00
    114.645   76.03154  176.81140    115.886    -1.2105    -1.2116  27.514158  27.512081    34.2566    34.2550    307.397    299.805    -0.1366     4.6581     0.0891     0.0891     0.0264     0.0195      54591    37.9097     100.00     2.2896     1.9998          9  0.000e+00
    114.711   76.03154  176.81140    115.953    -1.2107    -1.2116  27.514400  27.512195    34.2571    34.2552    307.400    299.807    -0.1366     4.6581     0.0904     0.0904     0.0264     0.0195      54592    37.9104     100.00     2.2896     1.9998          9  0.000e+00
    114.670   76.03154  176.81140    115.911    -1.2107    -1.2116  27.514158  27.512081    34.2568    34.2551    307.399    299.806    -0.1366     4.6593     0.0904     0.0904     0.0254     0.0195      54593    37.9111     100.00     2.2896     1.9998          9  0.000e+00
    114.891   76.03154  176.81140    116.135    -1.2105    -1.2120  27.514158  27.511854    34.2565    34.2551    307.407    299.819    -0.1366     4.6581     0.0904     0.0904     0.0264     0.0195      54594    37.9118     100.00     2.2896     1.9998          9  0.000e+00
    114.735   76.03154  176.81140    115.978    -1.2105    -1.2120  27.514218  27.511740    34.2567    34.2550    307.400    299.812    -0.1366     4.6581     0.0904     0.0904     0.0264     0.0195      54595    37.9125     100.00     2.2896     1.9998          9  0.000e+00
    114.711   76.03154  176.81140    115.953    -1.2107    -1.2120  27.514037  27.511910    34.2566    34.2553    307.610    300.058    -0.1366     4.6593     0.0904     0.0904     0.0254     0.0195      54596    37.9132     100.00     2.2908     2.0010          9  0.000e+00
    114.588   76.03154  176.81140    115.828    -1.2105    -1.2117  27.513855  27.512024    34.2563    34.2552    307.395    300.051    -0.1366     4.6593     0.0904     0.0904     0.0254     0.0195      54597    37.9139     100.00     2.2896     2.0010          9  0.000e+00
    114.858   76.03154  176.81140    116.102    -1.2107    -1.2119  27.514098  27.512024    34.2566    34.2551    307.407    300.063    -0.1366     4.6581     0.0904     0.0904     0.0264     0.0195      54598    37.9146     100.00     2.2896     2.0010          9  0.000e+00
    114.645   76.03154  176.81140    115.886    -1.2105    -1.2120  27.514400  27.512024    34.2570    34.2555    307.187    300.303    -0.1366     4.6581     0.0916     0.0916     0.0264     0.0195      54599    37.9153     100.00     2.2884     2.0022          9  0.000e+00
    114.735   76.03154  176.81140    115.978    -1.2104    -1.2119  27.514158  27.511683    34.2565    34.2548    307.609    300.307    -0.1366     4.6593     0.0904     0.0904     0.0254     0.0195      54600    37.9160     100.00     2.2908     2.0022          9  0.000e+00
    114.645   76.03154  176.81140    115.886    -1.2105    -1.2119  27.514158  27.511683    34.2566    34.2549    307.397    300.303    -0.1366     4.6593     0.0916     0.0916     0.0254     0.0195      54601    37.9167     100.00     2.2896     2.0022          9  0.000e+00
    114.834   76.03154  176.81140    116.077    -1.2103    -1.2120  27.514400  27.511740    34.2567    34.2549    307.403    300.558    -0.1366     4.6581     0.0904     0.0904     0.0264     0.0195      54602    37.9174     100.00     2.2896     2.0034          9  0.000e+00
    114.793   76.03154  176.81140    116.036    -1.2104    -1.2120  27.514340  27.511569    34.2567    34.2548    307.402    300.558    -0.1061     4.6581     0.0904     0.0904     0.0264     0.0208      54603    37.9181     100.00     2.2896     2.0034          9  0.000e+00
    114.711   76.03154  176.81140    115.953    -1.2103    -1.2119  27.514218  27.511512    34.2565    34.2546    307.398    300.554    -0.1061     4.6581     0.0904     0.0904     0.0264     0.0208      54604    37.9188     100.00     2.2896     2.0034          9  0.000e+00
    114.735   76.03154  176.81140    115.978    -1.2107    -1.2119  27.514218  27.511512    34.2569    34.2545    307.401    300.307    -0.1366     4.6581     0.0916     0.0916     0.0264     0.0195      54605    37.9194     100.00     2.2896     2.0022          9  0.000e+00
    114.711   76.03154  176.81140    115.953    -1.2108    -1.2117  27.514097  27.512138    34.2569    34.2553    307.402    300.303    -0.1366     4.6581     0.0916     0.0916     0.0264     0.0195      54606    37.9201     100.00     2.2896     2.0022          9  0.000e+00
    114.587   76.03154  176.81140    115.828    -1.2113    -1.2116  27.513553  27.512081    34.2567    34.2551    307.401    300.297    -0.1366     4.6593     0.0916     0.0916     0.0254     0.0195      54607    37.9208     100.00     2.2896     2.0022          9  0.000e+00
    114.858   76.03154  176.81140    116.102    -1.2111    -1.2114  27.513432  27.512195    34.2562    34.2549    307.412    300.307    -0.1366     4.6581     0.0916     0.0916     0.0264     0.0195      54608    37.9215     100.00     2.2896     2.0022          9  0.000e+00
    114.645   76.03154  176.81140    115.886    -1.2116    -1.2116  27.513734  27.512650    34.2573    34.2558    307.614    300.545    -0.1366     4.6593     0.0904     0.0904     0.0254     0.0195      54609    37.9222     100.00     2.2908     2.0034          9  0.000e+00
    114.793   76.03154  176.81140    116.036    -1.2116    -1.2114  27.514098  27.512593    34.2577    34.2555    307.410    300.550    -0.1366     4.6593     0.0916     0.0916     0.0254     0.0195      54610    37.9229     100.00     2.2896     2.0034          9  0.000e+00
     99.934   76.03164  176.81098    101.013    -1.2889    -1.2847  27.371175  27.373158    34.1592    34.1571    306.697    299.106    -0.1366     4.6593     0.0916     0.0916     0.0254     0.0195      56398    39.1646     100.00     2.2834     1.9948         10  0.000e+00
     99.992   76.03164  176.81098    101.071    -1.2887    -1.2853  27.371417  27.372761    34.1593    34.1572    306.697    299.114    -0.1061     4.6593     0.0916     0.0916     0.0254     0.0208      56399    39.1653     100.00     2.2834     1.9948         10  0.000e+00
     99.918   76.03164  176.81098    100.996    -1.2887    -1.2871  27.371175  27.372477    34.1590    34.1590    306.486    299.123    -0.1061     4.6593     0.0916     0.0916     0.0254     0.0208      56400    39.1660     100.00     2.2822     1.9948         10  0.000e+00
    100.115   76.03164  176.81098    101.195    -1.2889    -1.2885  27.371115  27.371625    34.1590    34.1592    306.495    298.895    -0.1366     4.6581     0.0916     0.0916     0.0264     0.0195      56401    39.1667     100.00     2.2822     1.9936         10  0.000e+00
     99.992   76.03164  176.81098    101.071    -1.2889    -1.2891  27.371115  27.370943    34.1591    34.1591    306.699    298.896    -0.1061     4.6593     0.0916     0.0916     0.0254     0.0208      56402    39.1674     100.00     2.2834     1.9936         10  0.000e+00
     99.860   76.03164  176.81098    100.938    -1.2889    -1.2897  27.371115  27.370205    34.1591    34.1588    306.694    298.897    -0.1366     4.6593     0.0928     0.0928     0.0254     0.0195      56403    39.1681     100.00     2.2834     1.9936         10  0.000e+00
    100.115   76.03164  176.81098    101.195    -1.2889    -1.2896  27.371478  27.369865    34.1595    34.1580    306.703    298.660    -0.1061     4.6593     0.0940     0.0940     0.0254     0.0208      56404    39.1688     100.00     2.2834     1.9924         10  0.000e+00
     99.992   76.03164  176.81098    101.071    -1.2892    -1.2894  27.371417  27.369637    34.1598    34.1576    306.700    298.654    -0.1366     4.6593     0.0928     0.0928     0.0254     0.0195      56405    39.1694     100.00     2.2834     1.9924         10  0.000e+00
     99.983   76.03164  176.81098    101.062    -1.2889    -1.2893  27.371538  27.369126    34.1596    34.1568    306.697    298.655    -0.1366     4.6593     0.0928     0.0928     0.0254     0.0195      56406    39.1701     100.00     2.2834     1.9924         10  0.000e+00
     99.992   76.03164  176.81098    101.071    -1.2889    -1.2896  27.371236  27.368388    34.1592    34.1561    306.490    298.907    -0.1366     4.6593     0.0928     0.0928     0.0254     0.0195      56407    39.1708     100.00     2.2822     1.9936         10  0.000e+00
     99.992   76.03164  176.81098    101.071    -1.2887    -1.2904  27.371658  27.367990    34.1596    34.1564    306.696    298.913    -0.1366     4.6593     0.0940     0.0940     0.0254     0.0195      56408    39.1715     100.00     2.2834     1.9936         10  0.000e+00
     99.795   76.03164  176.81098    100.871    -1.2887    -1.2914  27.371658  27.366967    34.1597    34.1563    306.479    298.915    -0.1366     4.6581     0.0928     0.0928     0.0264     0.0195      56409    39.1722     100.00     2.2822     1.9936         10  0.000e+00
    100.115   76.03164  176.81098    101.195    -1.2889    -1.2935  27.371598  27.366457    34.1596    34.1579    306.494    298.944    -0.1366     4.6593     0.0928     0.0928     0.0254     0.0195      56410    39.1729     100.00     2.2822     1.9936         10  0.000e+00
     99.992   76.03164  176.81098    101.071    -1.2886    -1.2949  27.371417  27.366571    34.1591    34.1597    306.487    298.947    -0.1366     4.6593     0.0940     0.0940     0.0254     0.0195      56411    39.1736     100.00     2.2822     1.9936         10  0.000e+00
     99.983   76.03164  176.81098    101.062    -1.2887    -1.2947  27.371538  27.366627    34.1594    34.1596    306.696    298.945    -0.1366     4.6593     0.0940     0.0940     0.0254     0.0195      56412    39.1743     100.00     2.2834     1.9936         10  0.000e+00
     99.992   76.03164  176.81098    101.071    -1.2884    -1.2934  27.371598  27.366457    34.1592    34.1578    306.695    298.690    -0.1366     4.6593     0.0928     0.0928     0.0254     0.0195      56413    39.1750     100.00     2.2834     1.9924         10  0.000e+00
    100.057   76.03164  176.81098    101.137    -1.2887    -1.2931  27.371538  27.366400    34.1594    34.1573    306.699    298.691    -0.1366     4.6593     0.0928     0.0928     0.0254     0.0195      56414    39.1757     100.00     2.2834     1.9924         10  0.000e+00
     99.868   76.03164  176.81098    100.946    -1.2887    -1.2941  27.371537  27.365775    34.1595    34.1578    306.691    298.692    -0.1366     4.6593     0.0928     0.0928     0.0254     0.0195      56415    39.1764     100.00     2.2834     1.9924         10  0.000e+00
     99.983   76.03164  176.81098    101.062    -1.2887    -1.2947  27.371598  27.365775    34.1595    34.1584    306.696    298.700    -0.1061     4.6593     0.0928     0.0928     0.0254     0.0208      56416    39.1771     100.00     2.2834     1.9924         10  0.000e+00
    100.115   76.03164  176.81098    101.195    -1.2887    -1.2949  27.371598  27.365889    34.1594    34.1587    306.702    298.707    -0.1366     4.6593     0.0928     0.0928     0.0254     0.0195      56417    39.1778     100.00     2.2834     1.9924         10  0.000e+00
     99.992   76.03164  176.81098    101.071    -1.2887    -1.2949  27.371236  27.366400    34.1590    34.1595    306.698    298.947    -0.1366     4.6593     0.0928     0.0928     0.0254     0.0195      56418    39.1785     100.00     2.2834     1.9936         10  0.000e+00
     99.918   76.03164  176.81098    100.996    -1.2889    -1.2928  27.371296  27.367025    34.1593    34.1579    306.695    298.681    -0.1366     4.6593     0.0940     0.0940     0.0254     0.0195      56419    39.1792     100.00     2.2834     1.9924         10  0.000e+00
