Continuous CTD Data/01_SBE Stage/nabos_40_01avg.cnv
* Sea-Bird SBE 9 Data File:
* FileName = D:\CTD\data\HLY2502\raw\NABOS_40_01.hex
* Software Version Seasave V 7.26.7.110
* Temperature SN = 6954
* Conductivity SN = 2561
* Number of Bytes Per Scan = 37
* Number of Voltage Words = 4
* Number of Scans Averaged by the Deck Unit = 1
* NMEA Latitude = 79 04.14 N
* NMEA Longitude = 126 00.67 E
* NMEA UTC (Time) = Sep 26 2025  04:32:04
* NMEA baud rate = 9600
** Ship: USCG HEALY
** Bot. Depth:  3044
** Cast Number:  01
** Station Name:  NABOS
** Station Number:  40
** Operator:  STARC
** Cast to 1200 m
# nquan = 25
# nvalues = 1214                        
# units = specified
# name 0 = depSM: Depth [salt water, m]
# name 1 = latitude: Latitude [deg]
# name 2 = longitude: Longitude [deg]
# name 3 = prDM: Pressure, Digiquartz [db]
# name 4 = t090C: Temperature [ITS-90, deg C]
# name 5 = t190C: Temperature, 2 [ITS-90, deg C]
# name 6 = c0mS/cm: Conductivity [mS/cm]
# name 7 = c1mS/cm: Conductivity, 2 [mS/cm]
# name 8 = sal00: Salinity, Practical [PSU]
# name 9 = sal11: Salinity, Practical, 2 [PSU]
# name 10 = sbox0Mm/Kg: Oxygen, SBE 43 [umol/kg]
# name 11 = sbox1Mm/Kg: Oxygen, SBE 43, 2 [umol/kg]
# name 12 = flECO-AFL: Fluorescence, WET Labs ECO-AFL/FL [mg/m^3]
# name 13 = v2: Voltage 2
# name 14 = wetCDOM: Fluorescence, WET Labs CDOM [mg/m^3]
# name 15 = v6: Voltage 6
# name 16 = CStarAt0: Beam Attenuation, WET Labs C-Star [1/m]
# name 17 = v3: Voltage 3
# name 18 = scan: Scan Count
# name 19 = timeM: Time, Elapsed [minutes]
# name 20 = altM: Altimeter [m]
# name 21 = sbeox0V: Oxygen raw, SBE 43 [V]
# name 22 = sbeox1V: Oxygen raw, SBE 43, 2 [V]
# name 23 = nbin: number of scans per bin
# name 24 = flag: flag
# span 0 =      2.968,   1199.664       
# span 1 =   79.06747,   79.06906       
# span 2 =  126.00882,  126.01032       
# span 3 =      3.000,   1216.000       
# span 4 =    -1.8350,     1.8614       
# span 5 =    -1.8347,     1.8612       
# span 6 =  23.880600,  30.665901       
# span 7 =  23.879099,  30.663261       
# span 8 =    29.7889,    34.9097       
# span 9 =    29.7857,    34.9067       
# span 10 =    287.650,    380.618      
# span 11 =    284.093,    374.113      
# span 12 =    -0.1763,     0.3442      
# span 13 =     4.5360,     4.6316      
# span 14 =     0.0656,     0.1418      
# span 15 =     0.0656,     0.1418      
# span 16 =     0.0493,     0.1327      
# span 17 =     0.0179,     0.0388      
# span 18 =       3347,      39082      
# span 19 =     2.3240,    27.1392      
# span 20 =     100.00,     100.00      
# span 21 =     1.9918,     2.6606      
# span 22 =     1.7703,     2.3177      
# span 23 =          2,         26      
# span 24 = 0.0000e+00, 0.0000e+00      
# interval = decibars: 1                
# start_time = Sep 26 2025 04:32:04 [NMEA time, header]
# bad_flag = -9.990e-29
*END*
[from data line 928]
    919.116   79.06792  126.00930    931.000    -0.0695    -0.0694  29.317032  29.314797    34.8933    34.8903    291.727    287.788    -0.1305     4.6264     0.0842     0.0842     0.0538     0.0198      30508    21.1857     100.00     2.0849     1.8462         20 0.0000e+00
    920.101   79.06792  126.00930    932.000    -0.0740    -0.0741  29.313397  29.311012    34.8931    34.8901    291.818    288.281    -0.1274     4.6263     0.0842     0.0842     0.0539     0.0199      30534    21.2036     100.00     2.0850     1.8481         20 0.0000e+00
    921.086   79.06792  126.00930    933.000    -0.0746    -0.0746  29.313529  29.311214    34.8933    34.8902    291.771    287.642    -0.1712     4.6261     0.0834     0.0834     0.0541     0.0181      30560    21.2214     100.00     2.0845     1.8449         15 0.0000e+00
    922.071   79.06792  126.00930    934.000    -0.0735    -0.0736  29.314839  29.312570    34.8933    34.8904    291.690    288.126    -0.1321     4.6259     0.0838     0.0838     0.0542     0.0197      30586    21.2395     100.00     2.0839     1.8470         21 0.0000e+00
    923.056   79.06792  126.00930    935.000    -0.0710    -0.0711  29.317731  29.315476    34.8937    34.8908    291.596    288.205    -0.1417     4.6263     0.0851     0.0851     0.0539     0.0193      30612    21.2573     100.00     2.0833     1.8473         19 0.0000e+00
    924.041   79.06792  126.00930    936.000    -0.0689    -0.0690  29.320211  29.317843    34.8940    34.8910    291.578    287.747    -0.1579     4.6262     0.0855     0.0855     0.0540     0.0187      30637    21.2753     100.00     2.0831     1.8451         18 0.0000e+00
    925.026   79.06792  126.00930    937.000    -0.0688    -0.0690  29.320787  29.318367    34.8940    34.8910    291.548    287.876    -0.1482     4.6254     0.0843     0.0843     0.0546     0.0191      30663    21.2931     100.00     2.0828     1.8455         15 0.0000e+00
    926.011   79.06792  126.00930    938.000    -0.0721    -0.0723  29.318440  29.315902    34.8941    34.8910    291.451    287.921    -0.1328     4.6256     0.0836     0.0836     0.0544     0.0197      30689    21.3109     100.00     2.0818     1.8455         16 0.0000e+00
    926.996   79.06792  126.00930    939.000    -0.0749    -0.0751  29.316541  29.313909    34.8942    34.8910    291.417    288.001    -0.1218     4.6260     0.0842     0.0842     0.0542     0.0201      30714    21.3287     100.00     2.0813     1.8455         13 0.0000e+00
    927.981   79.06792  126.00930    940.000    -0.0783    -0.0786  29.313926  29.311469    34.8940    34.8910    291.344    287.866    -0.1293     4.6257     0.0842     0.0842     0.0544     0.0198      30740    21.3468     100.00     2.0805     1.8446         15 0.0000e+00
    928.966   79.06792  126.00930    941.000    -0.0793    -0.0793  29.313569  29.311189    34.8940    34.8910    291.414    288.369    -0.1611     4.6253     0.0839     0.0839     0.0547     0.0185      30766    21.3646     100.00     2.0807     1.8467         14 0.0000e+00
    929.951   79.06792  126.00930    942.000    -0.0800    -0.0802  29.313378  29.311136    34.8940    34.8913    291.452    287.748    -0.1232     4.6250     0.0833     0.0833     0.0550     0.0201      30792    21.3825     100.00     2.0806     1.8437         12 0.0000e+00
    930.936   79.06792  126.00930    943.000    -0.0787    -0.0788  29.315052  29.312707    34.8942    34.8912    291.458    287.777    -0.1528     4.6256     0.0842     0.0842     0.0545     0.0189      30818    21.4005     100.00     2.0805     1.8437         13 0.0000e+00
    931.921   79.06790  126.00930    944.000    -0.0784    -0.0785  29.315995  29.313701    34.8945    34.8916    291.492    287.603    -0.1472     4.6254     0.0842     0.0842     0.0547     0.0191      30844    21.4185     100.00     2.0805     1.8427         14 0.0000e+00
    932.906   79.06790  126.00930    945.000    -0.0776    -0.0774  29.317331  29.315163    34.8948    34.8918    291.577    288.089    -0.1618     4.6254     0.0840     0.0840     0.0546     0.0185      30869    21.4364     100.00     2.0808     1.8448         13 0.0000e+00
    933.891   79.06790  126.00930    946.000    -0.0774    -0.0775  29.318101  29.315707    34.8950    34.8920    291.527    287.523    -0.1644     4.6255     0.0831     0.0831     0.0545     0.0184      30895    21.4542     100.00     2.0804     1.8421         11 0.0000e+00
    934.876   79.06790  126.00930    947.000    -0.0793    -0.0793  29.316957  29.314713    34.8951    34.8922    291.504    288.231    -0.1345     4.6255     0.0830     0.0830     0.0546     0.0196      30921    21.4723     100.00     2.0799     1.8451         14 0.0000e+00
    935.861   79.06790  126.00930    948.000    -0.0815    -0.0815  29.315544  29.313340    34.8951    34.8922    291.436    287.933    -0.1600     4.6254     0.0842     0.0842     0.0546     0.0186      30947    21.4902     100.00     2.0792     1.8434         13 0.0000e+00
    936.846   79.06790  126.00930    949.000    -0.0818    -0.0819  29.315884  29.313532    34.8954    34.8924    291.343    287.810    -0.1451     4.6253     0.0842     0.0842     0.0547     0.0192      30973    21.5082     100.00     2.0785     1.8427         15 0.0000e+00
    937.831   79.06790  126.00930    950.000    -0.0825    -0.0825  29.315787  29.313381    34.8954    34.8923    291.344    287.540    -0.1539     4.6252     0.0833     0.0833     0.0548     0.0188      30998    21.5259     100.00     2.0783     1.8412         14 0.0000e+00
    938.816   79.06790  126.00930    951.000    -0.0827    -0.0828  29.315999  29.313655    34.8954    34.8924    291.354    287.652    -0.1261     4.6259     0.0839     0.0839     0.0542     0.0199      31024    21.5440     100.00     2.0781     1.8416         13 0.0000e+00
    939.801   79.06790  126.00930    952.000    -0.0828    -0.0829  29.316369  29.313935    34.8954    34.8923    291.458    287.676    -0.1345     4.6244     0.0835     0.0835     0.0555     0.0196      31050    21.5619     100.00     2.0785     1.8415         14 0.0000e+00
    940.786   79.06790  126.00930    953.000    -0.0830    -0.0831  29.316828  29.314536    34.8957    34.8927    291.382    287.616    -0.1299     4.6247     0.0837     0.0837     0.0552     0.0198      31076    21.5797     100.00     2.0778     1.8410         14 0.0000e+00
    941.771   79.06790  126.00930    954.000    -0.0832    -0.0832  29.317235  29.314896    34.8958    34.8928    291.260    287.562    -0.1323     4.6252     0.0836     0.0836     0.0548     0.0197      31102    21.5976     100.00     2.0769     1.8406         14 0.0000e+00
    942.756   79.06790  126.00930    955.000    -0.0834    -0.0835  29.317620  29.315367    34.8959    34.8931    291.119    287.717    -0.1632     4.6253     0.0832     0.0832     0.0547     0.0185      31127    21.6154     100.00     2.0760     1.8411         12 0.0000e+00
    943.741   79.06790  126.00930    956.000    -0.0810    -0.0811  29.320438  29.318147    34.8965    34.8935    291.098    287.738    -0.1387     4.6252     0.0836     0.0836     0.0548     0.0194      31153    21.6334     100.00     2.0758     1.8411         14 0.0000e+00
    944.726   79.06790  126.00930    957.000    -0.0794    -0.0796  29.322694  29.320202    34.8971    34.8940    291.075    287.668    -0.1754     4.6252     0.0847     0.0847     0.0548     0.0180      31179    21.6514     100.00     2.0755     1.8407         14 0.0000e+00
    945.711   79.06790  126.00930    958.000    -0.0816    -0.0818  29.321258  29.318927    34.8970    34.8941    291.133    287.607    -0.1671     4.6254     0.0851     0.0851     0.0547     0.0183      31205    21.6694     100.00     2.0755     1.8402         16 0.0000e+00
    946.696   79.06788  126.00930    959.000    -0.0832    -0.0833  29.320484  29.318153    34.8972    34.8943    291.010    287.813    -0.1391     4.6252     0.0842     0.0842     0.0548     0.0194      31231    21.6872     100.00     2.0746     1.8409         14 0.0000e+00
    947.680   79.06788  126.00930    960.000    -0.0792    -0.0790  29.324579  29.322422    34.8976    34.8945    290.948    287.887    -0.1342     4.6254     0.0843     0.0843     0.0546     0.0196      31256    21.7050     100.00     2.0742     1.8412         12 0.0000e+00
    948.665   79.06788  126.00930    961.000    -0.0802    -0.0804  29.324179  29.321840    34.8976    34.8948    290.996    287.408    -0.1649     4.6252     0.0840     0.0840     0.0548     0.0184      31282    21.7231     100.00     2.0742     1.8388         14 0.0000e+00
    949.650   79.06788  126.00930    962.000    -0.0819    -0.0819  29.323508  29.321148    34.8980    34.8949    291.078    287.637    -0.1710     4.6253     0.0834     0.0834     0.0547     0.0181      31308    21.7409     100.00     2.0744     1.8396         14 0.0000e+00
    950.635   79.06788  126.00930    963.000    -0.0749    -0.0745  29.330342  29.328481    34.8986    34.8956    291.044    287.420    -0.1528     4.6253     0.0854     0.0854     0.0547     0.0189      31333    21.7587     100.00     2.0743     1.8387         12 0.0000e+00
    951.620   79.06788  126.00930    964.000    -0.0726    -0.0728  29.333096  29.330832    34.8990    34.8962    290.909    287.325    -0.1553     4.6257     0.0856     0.0856     0.0544     0.0188      31360    21.7768     100.00     2.0735     1.8382         13 0.0000e+00
    952.605   79.06788  126.00930    965.000    -0.0738    -0.0739  29.332616  29.330357    34.8992    34.8963    290.920    287.368    -0.1487     4.6256     0.0844     0.0844     0.0545     0.0190      31385    21.7945     100.00     2.0733     1.8382         12 0.0000e+00
    953.590   79.06788  126.00930    966.000    -0.0771    -0.0773  29.330222  29.327774    34.8992    34.8962    290.706    287.854    -0.1363     4.6252     0.0843     0.0843     0.0548     0.0195      31411    21.8125     100.00     2.0718     1.8401         16 0.0000e+00
    954.575   79.06788  126.00930    967.000    -0.0801    -0.0804  29.327963  29.325586    34.8990    34.8961    290.543    287.240    -0.1583     4.6262     0.0842     0.0842     0.0540     0.0186      31437    21.8305     100.00     2.0706     1.8370         15 0.0000e+00
    955.559   79.06788  126.00930    968.000    -0.0832    -0.0833  29.325956  29.323546    34.8993    34.8962    290.499    287.008    -0.1688     4.6264     0.0854     0.0854     0.0538     0.0182      31463    21.8483     100.00     2.0699     1.8357         15 0.0000e+00
    956.544   79.06788  126.00930    969.000    -0.0852    -0.0853  29.324643  29.322271    34.8992    34.8962    290.413    287.674    -0.1410     4.6265     0.0845     0.0845     0.0537     0.0193      31488    21.8661     100.00     2.0691     1.8385         17 0.0000e+00
    957.529   79.06788  126.00928    970.000    -0.0872    -0.0873  29.323465  29.321192    34.8993    34.8965    290.458    287.406    -0.1699     4.6272     0.0842     0.0842     0.0530     0.0182      31514    21.8841     100.00     2.0691     1.8370         15 0.0000e+00
    958.514   79.06788  126.00928    971.000    -0.0881    -0.0882  29.323173  29.320730    34.8994    34.8964    290.470    286.328    -0.1563     4.6271     0.0850     0.0850     0.0532     0.0187      31540    21.9018     100.00     2.0690     1.8318         12 0.0000e+00
    959.499   79.06788  126.00928    972.000    -0.0904    -0.0905  29.321591  29.319255    34.8993    34.8964    290.570    286.965    -0.1339     4.6272     0.0847     0.0847     0.0530     0.0196      31566    21.9201     100.00     2.0692     1.8345         17 0.0000e+00
    960.484   79.06788  126.00928    973.000    -0.0940    -0.0941  29.318969  29.316548    34.8993    34.8963    290.598    287.543    -0.1553     4.6275     0.0849     0.0849     0.0528     0.0188      31592    21.9380     100.00     2.0689     1.8368         18 0.0000e+00
    961.468   79.06788  126.00928    974.000    -0.0963    -0.0965  29.317357  29.315088    34.8993    34.8965    290.504    286.872    -0.1723     4.6272     0.0855     0.0855     0.0531     0.0181      31618    21.9560     100.00     2.0681     1.8335         17 0.0000e+00
    962.453   79.06786  126.00928    975.000    -0.0970    -0.0970  29.317346  29.314932    34.8996    34.8964    290.505    287.372    -0.1345     4.6272     0.0844     0.0844     0.0531     0.0196      31643    21.9739     100.00     2.0679     1.8356         16 0.0000e+00
    963.438   79.06786  126.00928    976.000    -0.0968    -0.0968  29.318138  29.315838    34.8997    34.8968    290.497    287.102    -0.1401     4.6276     0.0838     0.0838     0.0527     0.0194      31669    21.9917     100.00     2.0676     1.8342         18 0.0000e+00
    964.423   79.06786  126.00928    977.000    -0.0977    -0.0979  29.317755  29.315377    34.8997    34.8968    290.493    286.545    -0.1538     4.6264     0.0852     0.0852     0.0538     0.0188      31695    22.0098     100.00     2.0674     1.8314         18 0.0000e+00
    965.408   79.06786  126.00928    978.000    -0.0995    -0.0996  29.316713  29.314419    34.8998    34.8969    290.528    287.051    -0.1296     4.6264     0.0843     0.0843     0.0538     0.0198      31721    22.0277     100.00     2.0672     1.8335         16 0.0000e+00
    966.393   79.06786  126.00928    979.000    -0.0996    -0.0997  29.317269  29.315020    34.9000    34.8972    290.616    287.147    -0.1511     4.6264     0.0855     0.0855     0.0538     0.0189      31747    22.0457     100.00     2.0675     1.8337         18 0.0000e+00
    967.378   79.06786  126.00928    980.000    -0.1004    -0.1005  29.317055  29.314668    34.9001    34.8971    290.582    287.309    -0.1472     4.6260     0.0845     0.0845     0.0542     0.0191      31772    22.0632     100.00     2.0672     1.8343         17 0.0000e+00
    968.362   79.06786  126.00928    981.000    -0.1007    -0.1008  29.317425  29.315064    34.9003    34.8974    290.527    287.590    -0.1327     4.6264     0.0864     0.0864     0.0538     0.0197      31798    22.0813     100.00     2.0666     1.8354         20 0.0000e+00
    969.347   79.06786  126.00928    982.000    -0.1006    -0.1007  29.317915  29.315623    34.9003    34.8974    290.497    286.926    -0.1615     4.6264     0.0832     0.0832     0.0538     0.0185      31824    22.0990     100.00     2.0662     1.8322         17 0.0000e+00
    970.332   79.06786  126.00927    983.000    -0.1011    -0.1013  29.318022  29.315706    34.9005    34.8976    290.389    286.562    -0.1669     4.6262     0.0841     0.0841     0.0540     0.0183      31849    22.1167     100.00     2.0654     1.8303         15 0.0000e+00
    971.317   79.06786  126.00926    984.000    -0.1010    -0.1010  29.318806  29.316486    34.9007    34.8978    290.346    287.071    -0.1525     4.6261     0.0853     0.0853     0.0541     0.0189      31875    22.1347     100.00     2.0650     1.8325         19 0.0000e+00
    972.301   79.06786  126.00926    985.000    -0.1010    -0.1012  29.319169  29.316887    34.9007    34.8979    290.357    286.966    -0.1414     4.6263     0.0843     0.0843     0.0539     0.0193      31901    22.1526     100.00     2.0648     1.8318         18 0.0000e+00
    973.286   79.06786  126.00926    986.000    -0.1018    -0.1019  29.319133  29.316793    34.9010    34.8980    290.347    287.547    -0.1691     4.6263     0.0842     0.0842     0.0539     0.0182      31926    22.1704     100.00     2.0645     1.8343         16 0.0000e+00
    974.271   79.06786  126.00926    987.000    -0.1033    -0.1034  29.318535  29.316188    34.9013    34.8983    290.379    286.811    -0.1706     4.6257     0.0852     0.0852     0.0544     0.0182      31952    22.1885     100.00     2.0644     1.8307         18 0.0000e+00
