Continuous CTD Data/01_SBE Stage/nabos_13_01.ros
* Sea-Bird SBE 9 Data File:
* FileName = D:\CTD\data\HLY2502\raw\NABOS_13_01.hex
* Software Version Seasave V 7.26.7.110
* Temperature SN = 6954
* Conductivity SN = 2561
* Number of Bytes Per Scan = 37
* Number of Voltage Words = 4
* Number of Scans Averaged by the Deck Unit = 1
* NMEA Latitude = 77 47.47 N
* NMEA Longitude = 174 07.84 W
* NMEA UTC (Time) = Sep 10 2025  11:34:32
* NMEA baud rate = 9600
** Ship: USCG HEALY
** Bot. Depth:  1300
** Cast Number:  01
** Station Name:  NABOS
** Station Number:  13
** Operator:  STARC
# nquan = 25
# nvalues = 1147                                  
# units = specified
# name 0 = depSM: Depth [salt water, m]
# name 1 = latitude: Latitude [deg]
# name 2 = longitude: Longitude [deg]
# name 3 = prDM: Pressure, Digiquartz [db]
# name 4 = t090C: Temperature [ITS-90, deg C]
# name 5 = t190C: Temperature, 2 [ITS-90, deg C]
# name 6 = c0mS/cm: Conductivity [mS/cm]
# name 7 = c1mS/cm: Conductivity, 2 [mS/cm]
# name 8 = sal00: Salinity, Practical [PSU]
# name 9 = sal11: Salinity, Practical, 2 [PSU]
# name 10 = sbox0Mm/Kg: Oxygen, SBE 43 [umol/kg]
# name 11 = sbox1Mm/Kg: Oxygen, SBE 43, 2 [umol/kg]
# name 12 = flECO-AFL: Fluorescence, WET Labs ECO-AFL/FL [mg/m^3]
# name 13 = v2: Voltage 2
# name 14 = wetCDOM: Fluorescence, WET Labs CDOM [mg/m^3]
# name 15 = v6: Voltage 6
# name 16 = CStarAt0: Beam Attenuation, WET Labs C-Star [1/m]
# name 17 = v3: Voltage 3
# name 18 = scan: Scan Count
# name 19 = timeM: Time, Elapsed [minutes]
# name 20 = altM: Altimeter [m]
# name 21 = sbeox0V: Oxygen raw, SBE 43 [V]
# name 22 = sbeox1V: Oxygen raw, SBE 43, 2 [V]
# name 23 = nbf: Bottles Fired
# name 24 = flag:  0.000e+00
# interval = seconds: 0.0416667
# start_time = Sep 10 2025 11:34:32 [NMEA time, header]
# bad_flag = -9.990e-29
*END*
[from data line 1044]
      9.626   77.80436 -174.09150      9.729    -1.5330    -1.5329  23.295446  23.293763    28.8999    28.8975    374.820    362.175     0.1687     4.6044     0.1062     0.1062     0.0728     0.0317     106309    73.8250     100.00     2.6020     2.2412         22  0.000e+00
      9.684   77.80436 -174.09150      9.787    -1.5330    -1.5329  23.295674  23.294085    28.9002    28.8979    374.823    361.920     0.1687     4.6044     0.1062     0.1062     0.0728     0.0317     106310    73.8257     100.00     2.6020     2.2399         22  0.000e+00
      9.684   77.80436 -174.09150      9.787    -1.5328    -1.5329  23.295731  23.293924    28.9001    28.8977    374.821    362.434     0.1687     4.6044     0.1062     0.1062     0.0728     0.0317     106311    73.8264     100.00     2.6020     2.2424         22  0.000e+00
      9.626   77.80436 -174.09150      9.729    -1.5331    -1.5329  23.295389  23.293924    28.8999    28.8978    374.822    362.945     0.1687     4.6044     0.1062     0.1062     0.0728     0.0317     106312    73.8271     100.00     2.6020     2.2448         22  0.000e+00
      9.684   77.80436 -174.09150      9.787    -1.5329    -1.5329  23.295446  23.294139    28.8998    28.8980    374.605    363.203     0.1687     4.6044     0.1062     0.1062     0.0728     0.0317     106313    73.8278     100.00     2.6008     2.2460         22  0.000e+00
      9.692   77.80436 -174.09150      9.795    -1.5330    -1.5329  23.295332  23.294031    28.8997    28.8979    374.824    363.205     0.1687     4.6044     0.1062     0.1062     0.0728     0.0317     106314    73.8285     100.00     2.6020     2.2460         22  0.000e+00
      9.618   77.80436 -174.09150      9.720    -1.5329    -1.5329  23.295275  23.293709    28.8996    28.8975    374.820    363.202     0.1687     4.6044     0.1062     0.1062     0.0728     0.0317     106315    73.8292     100.00     2.6020     2.2460         22  0.000e+00
      9.692   77.80436 -174.09150      9.795    -1.5331    -1.5330  23.295047  23.293334    28.8994    28.8970    374.826    363.208     0.1687     4.6044     0.1062     0.1062     0.0728     0.0317     106316    73.8299     100.00     2.6020     2.2460         22  0.000e+00
      9.684   77.80436 -174.09150      9.787    -1.5329    -1.5329  23.295161  23.293281    28.8994    28.8969    374.823    362.950     0.1687     4.6032     0.1062     0.1062     0.0739     0.0317     106317    73.8306     100.00     2.6020     2.2448         22  0.000e+00
      9.692   77.80436 -174.09150      9.795    -1.5328    -1.5332  23.295446  23.292959    28.8997    28.8966    374.822    362.697     0.1687     4.6044     0.1062     0.1062     0.0728     0.0317     106318    73.8312     100.00     2.6020     2.2436         22  0.000e+00
      9.684   77.80436 -174.09150      9.787    -1.5331    -1.5329  23.295503  23.293066    28.9000    28.8966    374.607    361.924     0.1687     4.6032     0.1062     0.1062     0.0739     0.0317     106319    73.8319     100.00     2.6008     2.2399         22  0.000e+00
      9.626   77.80436 -174.09150      9.729    -1.5329    -1.5332  23.295332  23.293227    28.8996    28.8971    374.603    361.409     0.1687     4.6032     0.1062     0.1062     0.0739     0.0317     106320    73.8326     100.00     2.6008     2.2375         22  0.000e+00
      9.684   77.80436 -174.09150      9.787    -1.5330    -1.5332  23.295446  23.292584    28.8999    28.8961    374.823    360.901     0.1687     4.6032     0.1062     0.1062     0.0739     0.0317     106321    73.8333     100.00     2.6020     2.2351         22  0.000e+00
      9.692   77.80436 -174.09150      9.795    -1.5329    -1.5330  23.295674  23.292959    28.9001    28.8965    374.822    361.156     0.1687     4.6044     0.1062     0.1062     0.0728     0.0317     106322    73.8340     100.00     2.6020     2.2363         22  0.000e+00
      9.684   77.80436 -174.09150      9.787    -1.5328    -1.5332  23.296244  23.293227    28.9008    28.8970    374.818    361.155     0.1687     4.6032     0.1062     0.1062     0.0739     0.0317     106323    73.8347     100.00     2.6020     2.2363         22  0.000e+00
      9.626   77.80436 -174.09150      9.729    -1.5329    -1.5330  23.296244  23.293120    28.9009    28.8968    374.599    361.408     0.1687     4.6032     0.1062     0.1062     0.0739     0.0317     106324    73.8354     100.00     2.6008     2.2375         22  0.000e+00
      9.684   77.80436 -174.09150      9.787    -1.5326    -1.5330  23.295845  23.293066    28.9001    28.8967    374.819    360.898     0.1687     4.6032     0.1050     0.1050     0.0739     0.0317     106325    73.8361     100.00     2.6020     2.2351         22  0.000e+00
      3.653   77.80458 -174.09072      3.692    -1.5342    -1.5335  23.292468  23.292463    28.9004    28.8997    373.421    361.088     0.1687     4.6056     0.1062     0.1062     0.0718     0.0317     107878    74.9146     100.00     2.5958     2.2374         23  0.000e+00
      3.711   77.80458 -174.09072      3.750    -1.5342    -1.5338  23.292639  23.292517    28.9006    28.9000    373.423    361.094     0.1687     4.6056     0.1062     0.1062     0.0718     0.0317     107879    74.9153     100.00     2.5958     2.2374         23  0.000e+00
      3.653   77.80458 -174.09072      3.692    -1.5341    -1.5338  23.292354  23.292570    28.9001    28.9001    373.420    361.090     0.1687     4.6044     0.1062     0.1062     0.0728     0.0317     107880    74.9160     100.00     2.5958     2.2374         23  0.000e+00
      3.645   77.80458 -174.09072      3.684    -1.5342    -1.5336  23.292582  23.292463    28.9006    28.8998    373.420    361.089     0.1687     4.6044     0.1062     0.1062     0.0728     0.0317     107881    74.9167     100.00     2.5958     2.2374         23  0.000e+00
      3.653   77.80458 -174.09072      3.692    -1.5343    -1.5338  23.292696  23.292517    28.9008    28.9001    373.203    361.091     0.1687     4.6044     0.1062     0.1062     0.0728     0.0317     107882    74.9174     100.00     2.5945     2.2374         23  0.000e+00
      3.711   77.80458 -174.09072      3.750    -1.5340    -1.5336  23.292525  23.292570    28.9003    28.8999    373.422    361.092     0.1687     4.6044     0.1062     0.1062     0.0728     0.0317     107883    74.9181     100.00     2.5958     2.2374         23  0.000e+00
      3.645   77.80458 -174.09072      3.684    -1.5341    -1.5338  23.292468  23.292570    28.9003    28.9002    373.202    360.834     0.1687     4.6044     0.1062     0.1062     0.0728     0.0317     107884    74.9188     100.00     2.5945     2.2361         23  0.000e+00
      3.588   77.80458 -174.09072      3.626    -1.5340    -1.5339  23.292810  23.292624    28.9007    28.9004    373.198    360.319     0.1687     4.6044     0.1062     0.1062     0.0728     0.0317     107885    74.9194     100.00     2.5945     2.2337         23  0.000e+00
      3.645   77.80458 -174.09072      3.684    -1.5340    -1.5339  23.292753  23.292570    28.9006    28.9003    373.201    360.065     0.1687     4.6044     0.1062     0.1062     0.0728     0.0317     107886    74.9201     100.00     2.5945     2.2325         23  0.000e+00
      3.653   77.80458 -174.09072      3.692    -1.5339    -1.5338  23.292525  23.292731    28.9002    28.9004    373.418    360.064     0.1687     4.6044     0.1062     0.1062     0.0728     0.0317     107887    74.9208     100.00     2.5958     2.2325         23  0.000e+00
      3.653   77.80458 -174.09072      3.692    -1.5339    -1.5336  23.292639  23.292624    28.9003    28.9000    373.200    360.319     0.1687     4.6044     0.1062     0.1062     0.0728     0.0317     107888    74.9215     100.00     2.5945     2.2337         23  0.000e+00
      3.588   77.80458 -174.09072      3.626    -1.5339    -1.5336  23.292525  23.292463    28.9002    28.8999    373.198    360.317     0.1687     4.6056     0.1062     0.1062     0.0718     0.0317     107889    74.9222     100.00     2.5945     2.2337         23  0.000e+00
      3.653   77.80458 -174.09072      3.692    -1.5342    -1.5338  23.292468  23.292356    28.9004    28.8998    373.204    360.321     0.1687     4.6044     0.1062     0.1062     0.0728     0.0317     107890    74.9229     100.00     2.5945     2.2337         23  0.000e+00
      3.588   77.80458 -174.09072      3.626    -1.5341    -1.5336  23.292639  23.292356    28.9006    28.8997    373.415    360.317     0.1687     4.6044     0.1062     0.1062     0.0728     0.0317     107891    74.9236     100.00     2.5958     2.2337         23  0.000e+00
      3.588   77.80458 -174.09072      3.626    -1.5340    -1.5336  23.292867  23.292677    28.9008    28.9002    373.414    360.316     0.1687     4.6044     0.1062     0.1062     0.0728     0.0317     107892    74.9243     100.00     2.5958     2.2337         23  0.000e+00
      3.588   77.80458 -174.09072      3.626    -1.5340    -1.5336  23.292924  23.292677    28.9009    28.9001    373.197    360.572     0.1687     4.6032     0.1062     0.1062     0.0739     0.0317     107893    74.9250     100.00     2.5945     2.2349         23  0.000e+00
      3.645   77.80458 -174.09072      3.684    -1.5341    -1.5336  23.293095  23.292570    28.9011    28.9000    373.417    360.576     0.1687     4.6020     0.1062     0.1062     0.0750     0.0317     107894    74.9257     100.00     2.5958     2.2349         23  0.000e+00
      3.588   77.80458 -174.09070      3.626    -1.5339    -1.5338  23.293323  23.292731    28.9013    28.9003    373.194    360.830     0.1687     4.6032     0.1062     0.1062     0.0739     0.0317     107895    74.9264     100.00     2.5945     2.2361         23  0.000e+00
      3.588   77.80458 -174.09070      3.626    -1.5341    -1.5335  23.293209  23.292838    28.9013    28.9003    373.413    360.571     0.1687     4.6032     0.1062     0.1062     0.0739     0.0317     107896    74.9271     100.00     2.5958     2.2349         23  0.000e+00
      3.530   77.80458 -174.09070      3.568    -1.5339    -1.5336  23.293494  23.292677    28.9015    28.9001    373.190    360.569     0.1687     4.6032     0.1062     0.1062     0.0739     0.0317     107897    74.9278     100.00     2.5945     2.2349         23  0.000e+00
      3.653   77.80458 -174.09070      3.692    -1.5337    -1.5338  23.293437  23.292945    28.9012    28.9007    373.195    360.319     0.1687     4.6032     0.1062     0.1062     0.0739     0.0317     107898    74.9285     100.00     2.5945     2.2337         23  0.000e+00
      3.530   77.80458 -174.09070      3.568    -1.5339    -1.5336  23.293380  23.292892    28.9014    28.9005    373.407    360.055     0.1687     4.6032     0.1062     0.1062     0.0739     0.0317     107899    74.9292     100.00     2.5958     2.2325         23  0.000e+00
      3.588   77.80458 -174.09070      3.626    -1.5337    -1.5336  23.293038  23.292463    28.9007    28.8998    373.194    360.059     0.1687     4.6032     0.1062     0.1062     0.0739     0.0317     107900    74.9299     100.00     2.5945     2.2325         23  0.000e+00
      3.588   77.80458 -174.09070      3.626    -1.5338    -1.5336  23.293266  23.292409    28.9011    28.8998    373.410    360.317     0.1687     4.6032     0.1062     0.1062     0.0739     0.0317     107901    74.9306     100.00     2.5958     2.2337         23  0.000e+00
      3.588   77.80458 -174.09070      3.626    -1.5337    -1.5338  23.293380  23.292731    28.9012    28.9003    373.192    360.316     0.1687     4.6032     0.1062     0.1062     0.0739     0.0317     107902    74.9313     100.00     2.5945     2.2337         23  0.000e+00
      3.588   77.80458 -174.09070      3.626    -1.5338    -1.5338  23.293380  23.292999    28.9013    28.9008    373.193    360.316     0.1687     4.6032     0.1062     0.1062     0.0739     0.0317     107903    74.9319     100.00     2.5945     2.2337         23  0.000e+00
      3.588   77.80458 -174.09070      3.626    -1.5339    -1.5338  23.293551  23.292945    28.9016    28.9007    373.193    360.573     0.1687     4.6032     0.1062     0.1062     0.0739     0.0317     107904    74.9326     100.00     2.5945     2.2349         23  0.000e+00
      3.588   77.80458 -174.09070      3.626    -1.5338    -1.5336  23.293608  23.292838    28.9016    28.9003    373.192    360.828     0.1992     4.6032     0.1062     0.1062     0.0739     0.0330     107905    74.9333     100.00     2.5945     2.2361         23  0.000e+00
      3.588   77.80458 -174.09070      3.626    -1.5339    -1.5336  23.293437  23.292999    28.9014    28.9006    373.410    361.084     0.1687     4.6032     0.1062     0.1062     0.0739     0.0317     107906    74.9340     100.00     2.5958     2.2374         23  0.000e+00
      3.653   77.80458 -174.09070      3.692    -1.5339    -1.5335  23.293380  23.293053    28.9013    28.9005    373.197    361.085     0.1687     4.6032     0.1062     0.1062     0.0739     0.0317     107907    74.9347     100.00     2.5945     2.2374         23  0.000e+00
      3.588   77.80458 -174.09070      3.626    -1.5339    -1.5338  23.293209  23.292945    28.9012    28.9007    373.411    361.086     0.1687     4.6032     0.1062     0.1062     0.0739     0.0317     107908    74.9354     100.00     2.5958     2.2374         23  0.000e+00
      3.588   77.80458 -174.09070      3.626    -1.5337    -1.5338  23.292810  23.293374    28.9004    28.9013    373.411    360.827     0.1687     4.6032     0.1062     0.1062     0.0739     0.0317     107909    74.9361     100.00     2.5958     2.2361         23  0.000e+00
      3.653   77.80458 -174.09070      3.692    -1.5341    -1.5335  23.292867  23.293160    28.9008    28.9006    373.418    360.828     0.1687     4.6032     0.1074     0.1074     0.0739     0.0317     107910    74.9368     100.00     2.5958     2.2361         23  0.000e+00
      3.588   77.80458 -174.09070      3.626    -1.5339    -1.5333  23.293095  23.293213    28.9010    28.9006    373.195    361.080     0.1687     4.6032     0.1074     0.1074     0.0739     0.0317     107911    74.9375     100.00     2.5945     2.2374         23  0.000e+00
      3.588   77.80458 -174.09070      3.626    -1.5339    -1.5335  23.293152  23.293160    28.9011    28.9006    373.195    361.082     0.1687     4.6032     0.1074     0.1074     0.0739     0.0317     107912    74.9382     100.00     2.5945     2.2374         23  0.000e+00
      3.653   77.80458 -174.09070      3.692    -1.5340    -1.5333  23.293323  23.293214    28.9014    28.9006    373.198    360.827     0.1687     4.6032     0.1074     0.1074     0.0739     0.0317     107913    74.9389     100.00     2.5945     2.2361         23  0.000e+00
      3.588   77.80458 -174.09070      3.626    -1.5340    -1.5335  23.293551  23.293267    28.9017    28.9008    373.194    360.825     0.1687     4.6044     0.1074     0.1074     0.0728     0.0317     107914    74.9396     100.00     2.5945     2.2361         23  0.000e+00
      3.711   77.80458 -174.09070      3.750    -1.5338    -1.5336  23.293608  23.293106    28.9015    28.9006    373.415    360.576     0.1992     4.6056     0.1074     0.1074     0.0718     0.0330     107915    74.9403     100.00     2.5958     2.2349         24  0.000e+00
      3.588   77.80458 -174.09070      3.626    -1.5340    -1.5336  23.293437  23.293106    28.9016    28.9007    373.195    360.827     0.1992     4.6044     0.1074     0.1074     0.0728     0.0330     107916    74.9410     100.00     2.5945     2.2361         24  0.000e+00
      3.653   77.80458 -174.09070      3.692    -1.5338    -1.5335  23.293893  23.293214    28.9020    28.9007    373.194    360.828     0.1992     4.6044     0.1074     0.1074     0.0728     0.0330     107917    74.9417     100.00     2.5945     2.2361         24  0.000e+00
