Continuous CTD Data/01_SBE Stage/nabos_38_01avg.cnv
* Sea-Bird SBE 9 Data File:
* FileName = D:\CTD\data\HLY2502\raw\NABOS_38_01.hex
* Software Version Seasave V 7.26.7.110
* Temperature SN = 6954
* Conductivity SN = 2561
* Number of Bytes Per Scan = 37
* Number of Voltage Words = 4
* Number of Scans Averaged by the Deck Unit = 1
* NMEA Latitude = 78 47.95 N
* NMEA Longitude = 128 08.96 E
* NMEA UTC (Time) = Sep 25 2025  01:51:56
* NMEA baud rate = 9600
** Ship: USCG HEALY
** Bot. Depth:  2881
** Cast Number:  01
** Station Name:  NABOS
** Station Number:  38
** Operator:  STARC
** 1200 target
# nquan = 25
# nvalues = 1214                        
# units = specified
# name 0 = depSM: Depth [salt water, m]
# name 1 = latitude: Latitude [deg]
# name 2 = longitude: Longitude [deg]
# name 3 = prDM: Pressure, Digiquartz [db]
# name 4 = t090C: Temperature [ITS-90, deg C]
# name 5 = t190C: Temperature, 2 [ITS-90, deg C]
# name 6 = c0mS/cm: Conductivity [mS/cm]
# name 7 = c1mS/cm: Conductivity, 2 [mS/cm]
# name 8 = sal00: Salinity, Practical [PSU]
# name 9 = sal11: Salinity, Practical, 2 [PSU]
# name 10 = sbox0Mm/Kg: Oxygen, SBE 43 [umol/kg]
# name 11 = sbox1Mm/Kg: Oxygen, SBE 43, 2 [umol/kg]
# name 12 = flECO-AFL: Fluorescence, WET Labs ECO-AFL/FL [mg/m^3]
# name 13 = v2: Voltage 2
# name 14 = wetCDOM: Fluorescence, WET Labs CDOM [mg/m^3]
# name 15 = v6: Voltage 6
# name 16 = CStarAt0: Beam Attenuation, WET Labs C-Star [1/m]
# name 17 = v3: Voltage 3
# name 18 = scan: Scan Count
# name 19 = timeM: Time, Elapsed [minutes]
# name 20 = altM: Altimeter [m]
# name 21 = sbeox0V: Oxygen raw, SBE 43 [V]
# name 22 = sbeox1V: Oxygen raw, SBE 43, 2 [V]
# name 23 = nbin: number of scans per bin
# name 24 = flag: flag
# span 0 =      3.958,   1200.659       
# span 1 =   78.79920,   78.79974       
# span 2 =  128.14126,  128.14885       
# span 3 =      4.000,   1217.000       
# span 4 =    -1.7924,     1.9728       
# span 5 =    -1.7923,     1.9726       
# span 6 =  23.336060,  30.753456       
# span 7 =  23.335111,  30.751672       
# span 8 =    29.0001,    34.9089       
# span 9 =    28.9987,    34.9067       
# span 10 =    287.676,    378.046      
# span 11 =      9.305,    371.908      
# span 12 =    -0.1800,     0.5830      
# span 13 =     4.4868,     4.6321      
# span 14 =     0.0680,     0.1387      
# span 15 =     0.0680,     0.1387      
# span 16 =     0.0488,     0.1765      
# span 17 =     0.0178,     0.0483      
# span 18 =       1963,      36916      
# span 19 =     1.3628,    25.6351      
# span 20 =      49.39,     100.00      
# span 21 =     1.9954,     2.6645      
# span 22 =     0.5675,     2.3250      
# span 23 =          5,         26      
# span 24 = 0.0000e+00, 0.0000e+00      
# interval = decibars: 1                
# start_time = Sep 25 2025 01:51:56 [NMEA time, header]
# bad_flag = -9.990e-29
*END*
[from data line 1044]
   1034.344   78.79952  128.14258   1048.000    -0.1348    -0.1348  29.316490  29.314812    34.8992    34.8970    290.677    287.045    -0.1564     4.6238     0.0843     0.0843     0.0560     0.0187      31254    21.7032     100.00     2.0520     1.8200         18 0.0000e+00
   1035.328   78.79952  128.14258   1049.000    -0.1349    -0.1348  29.316915  29.315315    34.8992    34.8971    290.613    288.321    -0.1549     4.6237     0.0837     0.0837     0.0561     0.0188      31284    21.7242     100.00     2.0514     1.8256         20 0.0000e+00
   1036.313   78.79952  128.14256   1050.000    -0.1346    -0.1346  29.317843  29.316127    34.8996    34.8974    290.467    288.003    -0.1369     4.6229     0.0843     0.0843     0.0568     0.0195      31313    21.7447     100.00     2.0505     1.8240         15 0.0000e+00
   1037.297   78.79952  128.14256   1051.000    -0.1348    -0.1348  29.318353  29.316622    34.9000    34.8977    290.332    288.102    -0.1676     4.6236     0.0840     0.0840     0.0562     0.0183      31338    21.7617     100.00     2.0495     1.8243         12 0.0000e+00
   1038.282   78.79952  128.14256   1052.000    -0.1356    -0.1356  29.318235  29.316452    34.9001    34.8978    290.309    288.122    -0.1692     4.6238     0.0847     0.0847     0.0560     0.0182      31360    21.7769     100.00     2.0491     1.8242         15 0.0000e+00
   1039.266   78.79952  128.14254   1053.000    -0.1368    -0.1368  29.317865  29.316124    34.9003    34.8981    290.339    287.663    -0.1314     4.6240     0.0848     0.0848     0.0558     0.0197      31382    21.7926     100.00     2.0490     1.8219         18 0.0000e+00
   1040.250   78.79952  128.14254   1054.000    -0.1374    -0.1374  29.317678  29.316057    34.9002    34.8981    290.268    287.597    -0.1328     4.6231     0.0827     0.0827     0.0566     0.0197      31408    21.8107     100.00     2.0484     1.8214         16 0.0000e+00
   1041.235   78.79952  128.14254   1055.000    -0.1375    -0.1376  29.318191  29.316406    34.9005    34.8982    290.257    287.352    -0.1345     4.6234     0.0829     0.0829     0.0563     0.0196      31438    21.8314     100.00     2.0482     1.8201         15 0.0000e+00
   1042.219   78.79952  128.14253   1056.000    -0.1383    -0.1383  29.318029  29.316304    34.9007    34.8984    290.307    287.258    -0.1323     4.6235     0.0849     0.0849     0.0563     0.0197      31465    21.8501     100.00     2.0482     1.8195         14 0.0000e+00
   1043.204   78.79952  128.14252   1057.000    -0.1389    -0.1389  29.318023  29.316331    34.9007    34.8985    290.321    287.598    -0.1343     4.6231     0.0839     0.0839     0.0567     0.0196      31488    21.8661     100.00     2.0480     1.8208         13 0.0000e+00
   1044.189   78.79952  128.14252   1058.000    -0.1392    -0.1393  29.318158  29.316466    34.9007    34.8986    290.414    287.567    -0.1392     4.6228     0.0845     0.0845     0.0569     0.0194      31511    21.8817     100.00     2.0483     1.8205         14 0.0000e+00
   1045.173   78.79952  128.14251   1059.000    -0.1394    -0.1394  29.318452  29.316728    34.9007    34.8984    290.476    288.113    -0.1608     4.6236     0.0843     0.0843     0.0562     0.0186      31535    21.8987     100.00     2.0484     1.8228         15 0.0000e+00
   1046.157   78.79952  128.14250   1060.000    -0.1400    -0.1400  29.318521  29.316782    34.9009    34.8986    290.476    287.652    -0.1295     4.6233     0.0846     0.0846     0.0565     0.0198      31564    21.9189     100.00     2.0482     1.8205         15 0.0000e+00
   1047.142   78.79952  128.14250   1061.000    -0.1410    -0.1410  29.318359  29.316639    34.9012    34.8990    290.309    287.646    -0.1522     4.6233     0.0838     0.0838     0.0564     0.0189      31593    21.9392     100.00     2.0470     1.8203         13 0.0000e+00
   1048.126   78.79952  128.14250   1062.000    -0.1418    -0.1418  29.318251  29.316435    34.9014    34.8991    290.247    286.954    -0.1673     4.6208     0.0838     0.0838     0.0587     0.0183      31618    21.9563     100.00     2.0464     1.8170         16 0.0000e+00
   1049.111   78.79953  128.14249   1063.000    -0.1431    -0.1432  29.317657  29.316011    34.9016    34.8995    290.163    287.729    -0.1696     4.6239     0.0836     0.0836     0.0559     0.0182      31640    21.9714     100.00     2.0457     1.8203         13 0.0000e+00
   1050.095   78.79954  128.14248   1064.000    -0.1447    -0.1448  29.316917  29.315238    34.9018    34.8997    290.080    287.455    -0.1693     4.6238     0.0837     0.0837     0.0560     0.0182      31662    21.9867     100.00     2.0450     1.8188         14 0.0000e+00
   1051.079   78.79954  128.14248   1065.000    -0.1456    -0.1456  29.316752  29.315054    34.9020    34.8998    289.958    287.357    -0.1495     4.6238     0.0833     0.0833     0.0560     0.0190      31689    22.0052     100.00     2.0442     1.8181         15 0.0000e+00
   1052.064   78.79954  128.14248   1066.000    -0.1460    -0.1461  29.316835  29.315210    34.9020    34.9000    289.948    287.255    -0.1651     4.6235     0.0848     0.0848     0.0563     0.0184      31720    22.0271     100.00     2.0439     1.8175         18 0.0000e+00
   1053.049   78.79954  128.14246   1067.000    -0.1470    -0.1470  29.316541  29.314923    34.9022    34.9001    289.962    287.850    -0.1655     4.6235     0.0842     0.0842     0.0562     0.0184      31748    22.0464     100.00     2.0437     1.8200         19 0.0000e+00
   1054.033   78.79954  128.14246   1068.000    -0.1489    -0.1490  29.315582  29.313881    34.9024    34.9004    289.950    287.718    -0.1543     4.6239     0.0837     0.0837     0.0559     0.0188      31770    22.0620     100.00     2.0434     1.8191         14 0.0000e+00
   1055.017   78.79954  128.14246   1069.000    -0.1506    -0.1506  29.314728  29.313034    34.9027    34.9005    289.987    287.190    -0.1415     4.6241     0.0840     0.0840     0.0557     0.0193      31791    22.0766     100.00     2.0433     1.8165         14 0.0000e+00
   1056.002   78.79954  128.14244   1070.000    -0.1515    -0.1516  29.314416  29.312732    34.9027    34.9006    290.056    286.856    -0.1695     4.6241     0.0840     0.0840     0.0557     0.0182      31814    22.0922     100.00     2.0434     1.8148         16 0.0000e+00
   1056.986   78.79954  128.14244   1071.000    -0.1532    -0.1533  29.313522  29.311789    34.9030    34.9007    289.970    287.122    -0.1519     4.6236     0.0848     0.0848     0.0562     0.0189      31842    22.1118     100.00     2.0426     1.8157         20 0.0000e+00
   1057.970   78.79954  128.14243   1072.000    -0.1542    -0.1542  29.313342  29.311637    34.9032    34.9010    289.945    286.889    -0.1319     4.6233     0.0839     0.0839     0.0564     0.0197      31873    22.1335     100.00     2.0423     1.8145         15 0.0000e+00
   1058.955   78.79954  128.14242   1073.000    -0.1544    -0.1545  29.313515  29.311832    34.9032    34.9010    289.816    286.864    -0.1701     4.6237     0.0838     0.0838     0.0561     0.0182      31901    22.1526     100.00     2.0414     1.8142         15 0.0000e+00
   1059.939   78.79954  128.14242   1074.000    -0.1547    -0.1547  29.313788  29.312063    34.9032    34.9010    289.752    287.074    -0.1338     4.6229     0.0846     0.0846     0.0568     0.0196      31923    22.1682     100.00     2.0408     1.8150         15 0.0000e+00
   1060.924   78.79954  128.14242   1075.000    -0.1548    -0.1548  29.314094  29.312374    34.9032    34.9009    289.699    286.789    -0.1343     4.6232     0.0851     0.0851     0.0566     0.0196      31945    22.1830     100.00     2.0403     1.8135         13 0.0000e+00
   1061.908   78.79954  128.14241   1076.000    -0.1551    -0.1551  29.314342  29.312562    34.9033    34.9010    289.621    286.971    -0.1346     4.6233     0.0845     0.0845     0.0564     0.0196      31968    22.1990     100.00     2.0397     1.8142         15 0.0000e+00
   1062.892   78.79954  128.14240   1077.000    -0.1557    -0.1557  29.314247  29.312585    34.9033    34.9011    289.592    285.893    -0.1299     4.6236     0.0837     0.0837     0.0561     0.0198      31995    22.2177     100.00     2.0393     1.8091         18 0.0000e+00
   1063.877   78.79954  128.14240   1078.000    -0.1564    -0.1564  29.314113  29.312478    34.9033    34.9011    289.486    286.062    -0.1321     4.6235     0.0837     0.0837     0.0563     0.0197      32025    22.2389     100.00     2.0385     1.8097         20 0.0000e+00
   1064.861   78.79954  128.14238   1079.000    -0.1578    -0.1579  29.313494  29.311703    34.9035    34.9013    289.526    286.848    -0.1312     4.6239     0.0838     0.0838     0.0559     0.0197      32053    22.2583     100.00     2.0384     1.8130         17 0.0000e+00
   1065.845   78.79954  128.14238   1080.000    -0.1591    -0.1592  29.312944  29.311217    34.9037    34.9015    289.592    286.259    -0.1598     4.6237     0.0842     0.0842     0.0561     0.0186      32077    22.2751     100.00     2.0386     1.8101         13 0.0000e+00
   1066.830   78.79954  128.14238   1081.000    -0.1610    -0.1610  29.311906  29.310209    34.9039    34.9016    289.679    286.948    -0.1614     4.6227     0.0845     0.0845     0.0570     0.0185      32100    22.2908     100.00     2.0387     1.8130         16 0.0000e+00
   1067.814   78.79954  128.14238   1082.000    -0.1622    -0.1623  29.311255  29.309625    34.9038    34.9018    289.632    286.752    -0.1344     4.6238     0.0829     0.0829     0.0560     0.0196      32122    22.3063     100.00     2.0382     1.8119         16 0.0000e+00
   1068.799   78.79954  128.14237   1083.000    -0.1629    -0.1630  29.311297  29.309614    34.9041    34.9019    289.642    286.625    -0.1642     4.6235     0.0835     0.0835     0.0563     0.0184      32146    22.3229     100.00     2.0380     1.8111         16 0.0000e+00
   1069.783   78.79954  128.14236   1084.000    -0.1630    -0.1631  29.311508  29.309880    34.9039    34.9019    289.555    286.219    -0.1699     4.6235     0.0835     0.0835     0.0563     0.0182      32174    22.3426     100.00     2.0374     1.8091         22 0.0000e+00
   1070.767   78.79954  128.14236   1085.000    -0.1634    -0.1634  29.311697  29.310024    34.9041    34.9019    289.572    287.473    -0.1481     4.6232     0.0837     0.0837     0.0566     0.0191      32205    22.3636     100.00     2.0372     1.8146         19 0.0000e+00
   1071.752   78.79954  128.14235   1086.000    -0.1644    -0.1645  29.311286  29.309603    34.9041    34.9020    289.438    286.019    -0.1527     4.6235     0.0826     0.0826     0.0562     0.0189      32232    22.3827     100.00     2.0362     1.8078         19 0.0000e+00
   1072.736   78.79954  128.14234   1087.000    -0.1677    -0.1677  29.309129  29.307395    34.9044    34.9021    289.508    285.913    -0.1352     4.6232     0.0848     0.0848     0.0565     0.0196      32255    22.3986     100.00     2.0363     1.8070         14 0.0000e+00
   1073.720   78.79954  128.14234   1088.000    -0.1692    -0.1693  29.308290  29.306661    34.9044    34.9023    289.481    286.050    -0.1323     4.6236     0.0832     0.0832     0.0561     0.0197      32277    22.4137     100.00     2.0358     1.8074         14 0.0000e+00
   1074.705   78.79954  128.14234   1089.000    -0.1707    -0.1708  29.307556  29.305786    34.9046    34.9024    289.453    286.171    -0.1564     4.6231     0.0826     0.0826     0.0566     0.0187      32299    22.4293     100.00     2.0355     1.8077         15 0.0000e+00
   1075.689   78.79954  128.14232   1090.000    -0.1712    -0.1713  29.307548  29.305892    34.9046    34.9025    289.511    286.531    -0.1442     4.6232     0.0833     0.0833     0.0565     0.0192      32326    22.4477     100.00     2.0355     1.8092         20 0.0000e+00
   1076.673   78.79954  128.14232   1091.000    -0.1715    -0.1716  29.307679  29.306048    34.9044    34.9024    289.539    286.539    -0.1683     4.6231     0.0838     0.0838     0.0567     0.0183      32357    22.4694     100.00     2.0355     1.8090         19 0.0000e+00
   1077.657   78.79954  128.14232   1092.000    -0.1720    -0.1721  29.307693  29.305992    34.9045    34.9024    289.481    285.670    -0.1543     4.6237     0.0839     0.0839     0.0561     0.0188      32385    22.4892     100.00     2.0349     1.8049         21 0.0000e+00
   1078.642   78.79954  128.14231   1093.000    -0.1723    -0.1723  29.307967  29.306343    34.9046    34.9025    289.421    286.309    -0.1343     4.6236     0.0834     0.0834     0.0561     0.0196      32409    22.5055     100.00     2.0344     1.8076         18 0.0000e+00
   1079.626   78.79954  128.14230   1094.000    -0.1721    -0.1722  29.308479  29.306682    34.9045    34.9023    289.329    287.379    -0.1478     4.6236     0.0829     0.0829     0.0562     0.0191      32430    22.5203     100.00     2.0337     1.8123         12 0.0000e+00
   1080.610   78.79954  128.14230   1095.000    -0.1731    -0.1733  29.307850  29.306269    34.9042    34.9024    289.351    285.716    -0.1491     4.6239     0.0836     0.0836     0.0559     0.0190      32453    22.5359     100.00     2.0335     1.8046         17 0.0000e+00
   1081.595   78.79954  128.14229   1096.000    -0.1747    -0.1748  29.307217  29.305563    34.9046    34.9025    289.385    285.517    -0.1503     4.6232     0.0838     0.0838     0.0565     0.0190      32479    22.5542     100.00     2.0334     1.8035         20 0.0000e+00
   1082.579   78.79954  128.14228   1097.000    -0.1753    -0.1754  29.307227  29.305505    34.9048    34.9026    289.339    286.736    -0.1690     4.6236     0.0839     0.0839     0.0562     0.0182      32509    22.5753     100.00     2.0330     1.8088         21 0.0000e+00
   1083.563   78.79956  128.14228   1098.000    -0.1755    -0.1756  29.307413  29.305692    34.9047    34.9026    289.255    286.821    -0.1561     4.6239     0.0848     0.0848     0.0559     0.0187      32537    22.5945     100.00     2.0323     1.8090         17 0.0000e+00
   1084.547   78.79956  128.14228   1099.000    -0.1769    -0.1770  29.306625  29.304899    34.9047    34.9025    289.159    286.269    -0.1382     4.6238     0.0849     0.0849     0.0560     0.0194      32561    22.6109     100.00     2.0315     1.8063         17 0.0000e+00
   1085.531   78.79956  128.14228   1100.000    -0.1787    -0.1789  29.305661  29.303849    34.9048    34.9026    289.130    286.407    -0.1664     4.6238     0.0838     0.0838     0.0560     0.0183      32583    22.6265     100.00     2.0311     1.8066         15 0.0000e+00
   1086.516   78.79956  128.14226   1101.000    -0.1802    -0.1802  29.304829  29.303163    34.9048    34.9027    289.157    285.975    -0.1563     4.6232     0.0838     0.0838     0.0565     0.0187      32607    22.6429     100.00     2.0310     1.8044         17 0.0000e+00
   1087.500   78.79956  128.14226   1102.000    -0.1823    -0.1824  29.303600  29.301964    34.9051    34.9030    289.100    285.783    -0.1475     4.6236     0.0838     0.0838     0.0562     0.0191      32633    22.6612     100.00     2.0304     1.8033         19 0.0000e+00
   1088.484   78.79956  128.14226   1103.000    -0.1836    -0.1837  29.302956  29.301283    34.9051    34.9030    289.127    286.169    -0.1745     4.6229     0.0835     0.0835     0.0568     0.0180      32662    22.6811     100.00     2.0303     1.8049         15 0.0000e+00
   1089.469   78.79956  128.14225   1104.000    -0.1852    -0.1853  29.302156  29.300545    34.9052    34.9032    289.059    286.352    -0.1653     4.6230     0.0846     0.0846     0.0567     0.0184      32689    22.7002     100.00     2.0296     1.8055         18 0.0000e+00
