Continuous CTD Data/01_SBE Stage/nabos_12_01avg.cnv
* Sea-Bird SBE 9 Data File:
* FileName = D:\CTD\data\HLY2502\raw\NABOS_12_01.hex
* Software Version Seasave V 7.26.7.110
* Temperature SN = 6954
* Conductivity SN = 2561
* Number of Bytes Per Scan = 37
* Number of Voltage Words = 4
* Number of Scans Averaged by the Deck Unit = 1
* NMEA Latitude = 77 22.28 N
* NMEA Longitude = 176 15.46 W
* NMEA UTC (Time) = Sep 10 2025  20:08:53
* NMEA baud rate = 9600
** Ship: USCG HEALY
** Bot. Depth:  1389
** Cast Number:  01
** Station Name:  NABOS
** Station Number:  12
** Operator:  STARC
** Ra cast to 250
# nquan = 25
# nvalues = 251                         
# units = specified
# name 0 = depSM: Depth [salt water, m]
# name 1 = latitude: Latitude [deg]
# name 2 = longitude: Longitude [deg]
# name 3 = prDM: Pressure, Digiquartz [db]
# name 4 = t090C: Temperature [ITS-90, deg C]
# name 5 = t190C: Temperature, 2 [ITS-90, deg C]
# name 6 = c0mS/cm: Conductivity [mS/cm]
# name 7 = c1mS/cm: Conductivity, 2 [mS/cm]
# name 8 = sal00: Salinity, Practical [PSU]
# name 9 = sal11: Salinity, Practical, 2 [PSU]
# name 10 = sbox0Mm/Kg: Oxygen, SBE 43 [umol/kg]
# name 11 = sbox1Mm/Kg: Oxygen, SBE 43, 2 [umol/kg]
# name 12 = flECO-AFL: Fluorescence, WET Labs ECO-AFL/FL [mg/m^3]
# name 13 = v2: Voltage 2
# name 14 = wetCDOM: Fluorescence, WET Labs CDOM [mg/m^3]
# name 15 = v6: Voltage 6
# name 16 = CStarAt0: Beam Attenuation, WET Labs C-Star [1/m]
# name 17 = v3: Voltage 3
# name 18 = scan: Scan Count
# name 19 = timeM: Time, Elapsed [minutes]
# name 20 = altM: Altimeter [m]
# name 21 = sbeox0V: Oxygen raw, SBE 43 [V]
# name 22 = sbeox1V: Oxygen raw, SBE 43, 2 [V]
# name 23 = nbin: number of scans per bin
# name 24 = flag: flag
# span 0 =      3.958,    251.181       
# span 1 =   77.37149,   77.37242       
# span 2 = -176.25718, -176.25506       
# span 3 =      4.000,    254.000       
# span 4 =    -1.6079,     0.8032       
# span 5 =    -1.6076,     0.8026       
# span 6 =  23.168929,  29.679719       
# span 7 =  23.167513,  29.677550       
# span 8 =    28.7232,    34.7817       
# span 9 =    28.7214,    34.7794       
# span 10 =    251.949,    385.845      
# span 11 =    246.473,    373.968      
# span 12 =    -0.1743,     0.4320      
# span 13 =     4.5446,     4.6623      
# span 14 =     0.0805,     0.1202      
# span 15 =     0.0805,     0.1202      
# span 16 =     0.0228,     0.1259      
# span 17 =     0.0180,     0.0423      
# span 18 =       3195,      15983      
# span 19 =     2.2182,    11.0986      
# span 20 =      24.83,     100.16      
# span 21 =     1.9571,     2.6938      
# span 22 =     1.7294,     2.3197      
# span 23 =          4,         28      
# span 24 = 0.0000e+00, 0.0000e+00      
# interval = decibars: 1                
# start_time = Sep 10 2025 20:08:53 [NMEA time, header]
# bad_flag = -9.990e-29
*END*
[from data line 174]
    176.057   77.37202 -176.25600    178.000     0.0164     0.0163  28.809692  28.807805    34.5712    34.5689    296.492    288.495    -0.1329     4.6589     0.0848     0.0848     0.0257     0.0197      10485     7.2805     100.00     2.2799     1.9883         13 0.0000e+00
    177.046   77.37202 -176.25600    179.000     0.0146     0.0147  28.809037  28.807335    34.5718    34.5695    296.603    288.459    -0.1299     4.6594     0.0849     0.0849     0.0253     0.0198      10511     7.2984     100.00     2.2802     1.9879         18 0.0000e+00
    178.034   77.37202 -176.25599    180.000     0.0147     0.0149  28.809932  28.808386    34.5723    34.5700    296.456    288.662    -0.1345     4.6592     0.0849     0.0849     0.0255     0.0196      10536     7.3160     100.00     2.2791     1.9887         14 0.0000e+00
    179.023   77.37202 -176.25598    181.000     0.0385     0.0414  28.836341  28.837369    34.5798    34.5779    295.954    288.286    -0.1319     4.6595     0.0837     0.0837     0.0252     0.0197      10562     7.3337     100.00     2.2771     1.9878         13 0.0000e+00
    180.012   77.37202 -176.25598    182.000     0.0678     0.0679  28.866179  28.864597    34.5857    34.5834    295.440    288.141    -0.1322     4.6596     0.0834     0.0834     0.0252     0.0197      10587     7.3515     100.00     2.2754     1.9881         14 0.0000e+00
    181.000   77.37202 -176.25598    183.000     0.0684     0.0683  28.867786  28.865884    34.5864    34.5840    295.460    287.441    -0.1291     4.6599     0.0842     0.0842     0.0249     0.0198      10613     7.3694     100.00     2.2754     1.9844         16 0.0000e+00
    181.989   77.37202 -176.25598    184.000     0.0917     0.0922  28.893474  28.892380    34.5936    34.5916    295.426    287.413    -0.1309     4.6599     0.0845     0.0845     0.0249     0.0197      10639     7.3872     100.00     2.2762     1.9851         16 0.0000e+00
    182.978   77.37202 -176.25597    185.000     0.1294     0.1294  28.932181  28.930484    34.6016    34.5994    295.402    287.149    -0.1338     4.6590     0.0851     0.0851     0.0256     0.0196      10664     7.4048     100.00     2.2779     1.9853         12 0.0000e+00
    183.966   77.37202 -176.25596    186.000     0.1326     0.1327  28.936530  28.934901    34.6032    34.6008    295.614    287.959    -0.1305     4.6492     0.0842     0.0842     0.0341     0.0198      10690     7.4228     100.00     2.2792     1.9894         15 0.0000e+00
    184.955   77.37204 -176.25596    187.000     0.1326     0.1328  28.937485  28.935760    34.6038    34.6014    295.426    287.663    -0.1315     4.6597     0.0842     0.0842     0.0251     0.0197      10715     7.4406     100.00     2.2778     1.9877         12 0.0000e+00
    185.943   77.37204 -176.25596    188.000     0.1331     0.1330  28.938545  28.936687    34.6041    34.6017    295.074    286.822    -0.1251     4.6599     0.0842     0.0842     0.0249     0.0200      10741     7.4584      99.98     2.2754     1.9832         13 0.0000e+00
    186.932   77.37204 -176.25596    189.000     0.1376     0.1396  28.945209  28.945397    34.6071    34.6052    294.816    287.035    -0.1317     4.6604     0.0866     0.0866     0.0245     0.0197      10767     7.4763      94.31     2.2740     1.9844         12 0.0000e+00
    187.921   77.37204 -176.25594    190.000     0.1939     0.1938  29.002267  29.000549    34.6184    34.6162    294.205    286.759    -0.1328     4.6594     0.0864     0.0864     0.0253     0.0197      10793     7.4944      94.38     2.2731     1.9853         16 0.0000e+00
    188.909   77.37204 -176.25594    191.000     0.1956     0.1955  29.005158  29.003328    34.6198    34.6174    293.995    286.997    -0.1344     4.6597     0.0865     0.0865     0.0251     0.0196      10819     7.5123      94.06     2.2717     1.9864         14 0.0000e+00
    189.898   77.37204 -176.25594    192.000     0.1954     0.1954  29.005906  29.004196    34.6203    34.6180    293.569    286.414    -0.1330     4.6597     0.0861     0.0861     0.0251     0.0197      10845     7.5303      94.60     2.2689     1.9832         17 0.0000e+00
    190.887   77.37204 -176.25594    193.000     0.1954     0.1955  29.006586  29.004952    34.6207    34.6184    293.007    286.350    -0.1366     4.6599     0.0889     0.0889     0.0249     0.0195      10870     7.5481      85.67     2.2652     1.9827         16 0.0000e+00
    191.875   77.37204 -176.25593    194.000     0.1956     0.1962  29.007827  29.007005    34.6215    34.6196    292.679    286.148    -0.1332     4.6598     0.0844     0.0844     0.0250     0.0196      10896     7.5660      97.02     2.2630     1.9815         18 0.0000e+00
    192.864   77.37204 -176.25592    195.000     0.2682     0.2693  29.082832  29.082196    34.6378    34.6358    291.903    284.940    -0.1322     4.6598     0.0851     0.0851     0.0250     0.0197      10921     7.5836      96.06     2.2621     1.9784         14 0.0000e+00
    193.852   77.37204 -176.25592    196.000     0.2758     0.2754  29.090473  29.088366    34.6388    34.6365    292.114    284.634    -0.1735     4.6602     0.0867     0.0867     0.0246     0.0180      10947     7.6015      93.85     2.2635     1.9769         17 0.0000e+00
    194.841   77.37205 -176.25592    197.000     0.2755     0.2754  29.091323  29.089527    34.6397    34.6374    292.279    284.773    -0.1334     4.6602     0.0868     0.0868     0.0247     0.0196      10973     7.6194      93.68     2.2643     1.9774         18 0.0000e+00
    195.829   77.37206 -176.25592    198.000     0.2751     0.2753  29.091742  29.090149    34.6400    34.6377    292.519    284.043    -0.1325     4.6600     0.0851     0.0851     0.0248     0.0197      10998     7.6371      95.57     2.2655     1.9735         15 0.0000e+00
    196.818   77.37206 -176.25592    199.000     0.2861     0.2871  29.104566  29.104223    34.6438    34.6423    292.562    284.916    -0.1328     4.6606     0.0855     0.0855     0.0243     0.0197      11024     7.6550      94.52     2.2662     1.9784         16 0.0000e+00
    197.806   77.37206 -176.25591    200.000     0.3468     0.3460  29.165584  29.163209    34.6552    34.6530    292.209    284.483    -0.1367     4.6603     0.0849     0.0849     0.0246     0.0195      11050     7.6730      97.61     2.2671     1.9785         17 0.0000e+00
    198.795   77.37206 -176.25590    201.000     0.3450     0.3451  29.165269  29.163527    34.6561    34.6538    292.551    284.743    -0.1310     4.6601     0.0880     0.0880     0.0248     0.0197      11076     7.6907      92.29     2.2688     1.9797         17 0.0000e+00
    199.784   77.37206 -176.25590    202.000     0.3648     0.3650  29.187123  29.185951    34.6620    34.6603    292.644    285.283    -0.1328     4.6606     0.0873     0.0873     0.0243     0.0197      11101     7.7086      93.29     2.2702     1.9831         16 0.0000e+00
    200.772   77.37206 -176.25590    203.000     0.4395     0.4403  29.267095  29.266286    34.6823    34.6804    292.333    284.669    -0.1400     4.6607     0.0897     0.0897     0.0242     0.0194      11127     7.7265      89.83     2.2722     1.9832         17 0.0000e+00
    201.761   77.37206 -176.25590    204.000     0.4468     0.4468  29.275614  29.273876    34.6847    34.6824    292.680    284.726    -0.1657     4.6605     0.0867     0.0867     0.0244     0.0184      11153     7.7444      90.70     2.2745     1.9836         16 0.0000e+00
    202.749   77.37206 -176.25588    205.000     0.4469     0.4470  29.276907  29.275107    34.6856    34.6832    292.810    284.897    -0.1486     4.6593     0.0849     0.0849     0.0254     0.0190      11179     7.7623      93.08     2.2751     1.9843         17 0.0000e+00
    203.738   77.37206 -176.25588    206.000     0.4465     0.4464  29.277408  29.275452    34.6861    34.6837    292.895    285.059    -0.1670     4.6604     0.0871     0.0871     0.0245     0.0183      11204     7.7802      91.65     2.2754     1.9849         17 0.0000e+00
    204.726   77.37206 -176.25588    207.000     0.4459     0.4466  29.277619  29.276380    34.6865    34.6841    292.982    285.144    -0.1455     4.6606     0.0926     0.0926     0.0243     0.0192      11230     7.7980      86.30     2.2756     1.9852         18 0.0000e+00
    205.715   77.37207 -176.25588    208.000     0.4461     0.4463  29.278439  29.276829    34.6867    34.6844    293.153    285.289    -0.1363     4.6606     0.0908     0.0908     0.0243     0.0195      11256     7.8158      88.50     2.2765     1.9857         18 0.0000e+00
    206.703   77.37208 -176.25587    209.000     0.4453     0.4460  29.278452  29.277172    34.6870    34.6845    293.197    284.783    -0.1352     4.6601     0.0878     0.0878     0.0247     0.0196      11281     7.8337      91.34     2.2765     1.9829         21 0.0000e+00
    207.692   77.37208 -176.25586    210.000     0.4433     0.4437  29.277269  29.275693    34.6872    34.6847    293.173    285.235    -0.1366     4.6592     0.0897     0.0897     0.0255     0.0195      11307     7.8514      88.34     2.2760     1.9850         18 0.0000e+00
    208.680   77.37208 -176.25586    211.000     0.4420     0.4419  29.276666  29.274835    34.6872    34.6850    293.090    285.656    -0.1690     4.6610     0.0890     0.0890     0.0240     0.0182      11332     7.8691      88.36     2.2751     1.9869         15 0.0000e+00
    209.669   77.37208 -176.25586    212.000     0.4436     0.4443  29.279031  29.277915    34.6879    34.6857    292.990    285.258    -0.1571     4.6609     0.0881     0.0881     0.0241     0.0187      11358     7.8871      89.01     2.2744     1.9848         18 0.0000e+00
    210.657   77.37208 -176.25586    213.000     0.5049     0.5063  29.341507  29.341555    34.7002    34.6987    292.294    284.331    -0.1278     4.6611     0.0885     0.0885     0.0239     0.0199      11384     7.9051      89.41     2.2732     1.9826         22 0.0000e+00
    211.646   77.37208 -176.25585    214.000     0.5163     0.5162  29.353763  29.351902    34.7028    34.7005    292.480    285.070    -0.1325     4.6608     0.0869     0.0869     0.0241     0.0197      11410     7.9228      91.16     2.2748     1.9866         16 0.0000e+00
    212.634   77.37208 -176.25584    215.000     0.5166     0.5164  29.354991  29.353073    34.7035    34.7012    292.516    285.063    -0.1366     4.6610     0.0858     0.0858     0.0240     0.0195      11436     7.9408      92.10     2.2748     1.9864         23 0.0000e+00
    213.623   77.37208 -176.25584    216.000     0.5168     0.5170  29.355946  29.354399    34.7040    34.7016    292.244    284.943    -0.1366     4.6607     0.0853     0.0853     0.0242     0.0195      11461     7.9586      92.62     2.2729     1.9856         18 0.0000e+00
    214.611   77.37208 -176.25584    217.000     0.5169     0.5171  29.356729  29.355118    34.7042    34.7019    292.026    285.115    -0.1570     4.6607     0.0847     0.0847     0.0243     0.0187      11487     7.9765      93.37     2.2714     1.9863         22 0.0000e+00
    215.600   77.37210 -176.25584    218.000     0.5175     0.5179  29.358179  29.356977    34.7049    34.7028    292.020    284.350    -0.1278     4.6606     0.0857     0.0857     0.0243     0.0199      11513     7.9943      91.96     2.2711     1.9822         17 0.0000e+00
    216.588   77.37210 -176.25582    219.000     0.5732     0.5738  29.418176  29.417179    34.7201    34.7181    291.654    284.095    -0.1634     4.6604     0.0824     0.0824     0.0245     0.0184      11539     8.0123      98.67     2.2717     1.9832         20 0.0000e+00
    217.577   77.37210 -176.25582    220.000     0.6141     0.6144  29.462949  29.462231    34.7320    34.7307    291.474    283.599    -0.1326     4.6608     0.0830     0.0830     0.0241     0.0197      11564     8.0301     100.05     2.2726     1.9823         22 0.0000e+00
    218.565   77.37210 -176.25582    221.000     0.6275     0.6275  29.477705  29.476024    34.7356    34.7334    291.381    283.941    -0.1325     4.6607     0.0830     0.0830     0.0242     0.0197      11590     8.0478     100.00     2.2726     1.9845         15 0.0000e+00
    219.554   77.37210 -176.25582    222.000     0.6276     0.6275  29.478896  29.476907    34.7364    34.7339    291.305    284.289    -0.1349     4.6608     0.0805     0.0805     0.0241     0.0196      11615     8.0656     100.00     2.2719     1.9861         17 0.0000e+00
    220.542   77.37210 -176.25581    223.000     0.6272     0.6272  29.479273  29.477465    34.7368    34.7345    290.966    284.418    -0.1603     4.6607     0.0806     0.0806     0.0242     0.0186      11641     8.0835     100.00     2.2696     1.9866         19 0.0000e+00
    221.530   77.37210 -176.25580    224.000     0.6271     0.6272  29.479918  29.478196    34.7371    34.7348    290.871    283.700    -0.1743     4.6598     0.0826     0.0826     0.0250     0.0180      11667     8.1013     100.00     2.2688     1.9827         17 0.0000e+00
    222.519   77.37210 -176.25580    225.000     0.6272     0.6273  29.480749  29.478971    34.7375    34.7351    290.803    283.776    -0.1743     4.6602     0.0811     0.0811     0.0246     0.0180      11693     8.1192     100.00     2.2681     1.9829         17 0.0000e+00
    223.507   77.37210 -176.25580    226.000     0.6278     0.6277  29.481694  29.479842    34.7375    34.7352    290.811    283.551    -0.1543     4.6617     0.0815     0.0815     0.0234     0.0188      11718     8.1368     100.00     2.2680     1.9816         14 0.0000e+00
    224.496   77.37210 -176.25580    227.000     0.6278     0.6279  29.482458  29.480707    34.7379    34.7354    290.972    283.581    -0.1471     4.6619     0.0834     0.0834     0.0232     0.0191      11744     8.1549     100.00     2.2688     1.9815         17 0.0000e+00
    225.484   77.37211 -176.25579    228.000     0.6278     0.6279  29.483031  29.481308    34.7380    34.7357    290.936    283.444    -0.1478     4.6613     0.0834     0.0834     0.0237     0.0191      11770     8.1728     100.00     2.2683     1.9806         19 0.0000e+00
    226.473   77.37212 -176.25578    229.000     0.6278     0.6277  29.483660  29.481600    34.7382    34.7356    291.052    283.197    -0.1318     4.6609     0.0823     0.0823     0.0241     0.0197      11795     8.1903     100.00     2.2688     1.9792         13 0.0000e+00
    227.461   77.37212 -176.25578    230.000     0.6270     0.6267  29.483404  29.481261    34.7382    34.7358    291.075    282.791    -0.1270     4.6615     0.0824     0.0824     0.0235     0.0199      11821     8.2084     100.00     2.2687     1.9768         16 0.0000e+00
    228.450   77.37212 -176.25578    231.000     0.6259     0.6259  29.482970  29.481163    34.7382    34.7359    291.003    283.104    -0.1649     4.6615     0.0825     0.0825     0.0236     0.0184      11847     8.2261     100.00     2.2679     1.9782         14 0.0000e+00
    229.438   77.37212 -176.25578    232.000     0.6259     0.6259  29.483516  29.481651    34.7384    34.7360    290.827    283.638    -0.1365     4.6610     0.0819     0.0819     0.0240     0.0195      11873     8.2441     100.00     2.2666     1.9808         13 0.0000e+00
    230.426   77.37212 -176.25578    233.000     0.6260     0.6260  29.484163  29.482318    34.7385    34.7361    290.888    283.304    -0.1366     4.6617     0.0819     0.0819     0.0234     0.0195      11898     8.2620     100.00     2.2667     1.9789         15 0.0000e+00
    231.414   77.37212 -176.25576    234.000     0.6418     0.6413  29.500370  29.498258    34.7413    34.7391    290.798    283.213    -0.1341     4.6607     0.0818     0.0818     0.0242     0.0196      11924     8.2799     100.00     2.2668     1.9789         13 0.0000e+00
