Continuous CTD Data/01_SBE Stage/nabos_38_01avg.cnv
* Sea-Bird SBE 9 Data File:
* FileName = D:\CTD\data\HLY2502\raw\NABOS_38_01.hex
* Software Version Seasave V 7.26.7.110
* Temperature SN = 6954
* Conductivity SN = 2561
* Number of Bytes Per Scan = 37
* Number of Voltage Words = 4
* Number of Scans Averaged by the Deck Unit = 1
* NMEA Latitude = 78 47.95 N
* NMEA Longitude = 128 08.96 E
* NMEA UTC (Time) = Sep 25 2025  01:51:56
* NMEA baud rate = 9600
** Ship: USCG HEALY
** Bot. Depth:  2881
** Cast Number:  01
** Station Name:  NABOS
** Station Number:  38
** Operator:  STARC
** 1200 target
# nquan = 25
# nvalues = 1214                        
# units = specified
# name 0 = depSM: Depth [salt water, m]
# name 1 = latitude: Latitude [deg]
# name 2 = longitude: Longitude [deg]
# name 3 = prDM: Pressure, Digiquartz [db]
# name 4 = t090C: Temperature [ITS-90, deg C]
# name 5 = t190C: Temperature, 2 [ITS-90, deg C]
# name 6 = c0mS/cm: Conductivity [mS/cm]
# name 7 = c1mS/cm: Conductivity, 2 [mS/cm]
# name 8 = sal00: Salinity, Practical [PSU]
# name 9 = sal11: Salinity, Practical, 2 [PSU]
# name 10 = sbox0Mm/Kg: Oxygen, SBE 43 [umol/kg]
# name 11 = sbox1Mm/Kg: Oxygen, SBE 43, 2 [umol/kg]
# name 12 = flECO-AFL: Fluorescence, WET Labs ECO-AFL/FL [mg/m^3]
# name 13 = v2: Voltage 2
# name 14 = wetCDOM: Fluorescence, WET Labs CDOM [mg/m^3]
# name 15 = v6: Voltage 6
# name 16 = CStarAt0: Beam Attenuation, WET Labs C-Star [1/m]
# name 17 = v3: Voltage 3
# name 18 = scan: Scan Count
# name 19 = timeM: Time, Elapsed [minutes]
# name 20 = altM: Altimeter [m]
# name 21 = sbeox0V: Oxygen raw, SBE 43 [V]
# name 22 = sbeox1V: Oxygen raw, SBE 43, 2 [V]
# name 23 = nbin: number of scans per bin
# name 24 = flag: flag
# span 0 =      3.958,   1200.659       
# span 1 =   78.79920,   78.79974       
# span 2 =  128.14126,  128.14885       
# span 3 =      4.000,   1217.000       
# span 4 =    -1.7924,     1.9728       
# span 5 =    -1.7923,     1.9726       
# span 6 =  23.336060,  30.753456       
# span 7 =  23.335111,  30.751672       
# span 8 =    29.0001,    34.9089       
# span 9 =    28.9987,    34.9067       
# span 10 =    287.676,    378.046      
# span 11 =      9.305,    371.908      
# span 12 =    -0.1800,     0.5830      
# span 13 =     4.4868,     4.6321      
# span 14 =     0.0680,     0.1387      
# span 15 =     0.0680,     0.1387      
# span 16 =     0.0488,     0.1765      
# span 17 =     0.0178,     0.0483      
# span 18 =       1963,      36916      
# span 19 =     1.3628,    25.6351      
# span 20 =      49.39,     100.00      
# span 21 =     1.9954,     2.6645      
# span 22 =     0.5675,     2.3250      
# span 23 =          5,         26      
# span 24 = 0.0000e+00, 0.0000e+00      
# interval = decibars: 1                
# start_time = Sep 25 2025 01:51:56 [NMEA time, header]
# bad_flag = -9.990e-29
*END*
[from data line 348]
    347.993   78.79970  128.14688    352.000     1.5284     1.5287  30.424082  30.422706    34.8719    34.8699    294.011    290.999    -0.1347     4.6310     0.0825     0.0825     0.0498     0.0196      13716     9.5245     100.00     2.3058     2.0352         15 0.0000e+00
    348.981   78.79970  128.14688    353.000     1.5462     1.5460  30.442507  30.440722    34.8751    34.8730    294.121    290.514    -0.1662     4.6305     0.0819     0.0819     0.0502     0.0183      13740     9.5411     100.00     2.3072     2.0333         17 0.0000e+00
    349.969   78.79970  128.14688    354.000     1.5544     1.5552  30.451975  30.451245    34.8775    34.8756    294.101    290.414    -0.1759     4.6313     0.0814     0.0814     0.0496     0.0180      13764     9.5575     100.00     2.3073     2.0329         15 0.0000e+00
    350.956   78.79970  128.14688    355.000     1.5763     1.5761  30.474568  30.472693    34.8812    34.8791    294.027    289.656    -0.1756     4.6312     0.0815     0.0815     0.0497     0.0180      13788     9.5743     100.00     2.3078     2.0297         18 0.0000e+00
    351.944   78.79970  128.14688    356.000     1.5775     1.5773  30.476403  30.474612    34.8817    34.8796    294.160    290.181    -0.1720     4.6309     0.0824     0.0824     0.0499     0.0181      13814     9.5924     100.00     2.3084     2.0323         19 0.0000e+00
    352.932   78.79970  128.14686    357.000     1.5772     1.5771  30.476878  30.475034    34.8821    34.8799    294.148    290.732    -0.1557     4.6304     0.0830     0.0830     0.0503     0.0188      13841     9.6110     100.00     2.3081     2.0350         17 0.0000e+00
    353.920   78.79970  128.14686    358.000     1.5761     1.5759  30.476402  30.474556    34.8821    34.8800    294.162    290.424    -0.1545     4.6308     0.0811     0.0811     0.0499     0.0188      13867     9.6293     100.00     2.3079     2.0332         17 0.0000e+00
    354.907   78.79970  128.14686    359.000     1.5750     1.5748  30.475963  30.474127    34.8822    34.8801    294.256    290.147    -0.1425     4.6309     0.0811     0.0811     0.0499     0.0193      13892     9.6463     100.00     2.3082     2.0314         17 0.0000e+00
    355.895   78.79970  128.14686    360.000     1.5769     1.5768  30.478493  30.476654    34.8827    34.8805    294.194    290.614    -0.1557     4.6311     0.0804     0.0804     0.0497     0.0188      13915     9.6624     100.00     2.3076     2.0338         16 0.0000e+00
    356.883   78.79970  128.14686    361.000     1.5730     1.5725  30.475521  30.473363    34.8827    34.8805    294.139    290.655    -0.1747     4.6311     0.0810     0.0810     0.0497     0.0180      13938     9.6786     100.00     2.3069     2.0336         17 0.0000e+00
    357.871   78.79970  128.14686    362.000     1.5617     1.5612  30.466112  30.463821    34.8826    34.8803    293.981    290.794    -0.1696     4.6313     0.0805     0.0805     0.0496     0.0182      13962     9.6954     100.00     2.3051     2.0337         14 0.0000e+00
    358.858   78.79970  128.14684    363.000     1.5544     1.5543  30.459886  30.458296    34.8823    34.8803    293.829    290.590    -0.1687     4.6310     0.0820     0.0820     0.0499     0.0182      13989     9.7141     100.00     2.3035     2.0321         19 0.0000e+00
    359.846   78.79970  128.14684    364.000     1.5608     1.5607  30.466396  30.464666    34.8829    34.8808    293.807    290.228    -0.1583     4.6312     0.0816     0.0816     0.0496     0.0187      14017     9.7330     100.00     2.3035     2.0303         18 0.0000e+00
    360.834   78.79970  128.14684    365.000     1.5552     1.5543  30.461753  30.459352    34.8826    34.8805    293.893    289.648    -0.1392     4.6312     0.0802     0.0802     0.0497     0.0194      14043     9.7511     100.00     2.3035     2.0268         18 0.0000e+00
    361.822   78.79971  128.14684    366.000     1.5518     1.5519  30.459151  30.457693    34.8825    34.8805    293.859    290.828    -0.1533     4.6309     0.0773     0.0773     0.0499     0.0188      14066     9.7675     100.00     2.3029     2.0327         19 0.0000e+00
    362.809   78.79972  128.14684    367.000     1.5500     1.5500  30.457989  30.456358    34.8825    34.8804    293.932    290.660    -0.1526     4.6313     0.0742     0.0742     0.0496     0.0189      14089     9.7832     100.00     2.3030     2.0315         21 0.0000e+00
    363.797   78.79972  128.14683    368.000     1.5444     1.5430  30.453280  30.450135    34.8821    34.8797    293.948    290.670    -0.1683     4.6312     0.0755     0.0755     0.0496     0.0183      14113     9.7997     100.00     2.3025     2.0310         20 0.0000e+00
    364.785   78.79972  128.14682    369.000     1.5254     1.5247  30.436809  30.434481    34.8816    34.8794    293.908    290.273    -0.1703     4.6311     0.0812     0.0812     0.0498     0.0182      14139     9.8178     100.00     2.3011     2.0280         19 0.0000e+00
    365.773   78.79972  128.14682    370.000     1.5144     1.5142  30.427245  30.425327    34.8810    34.8789    293.787    290.356    -0.1701     4.6313     0.0815     0.0815     0.0496     0.0182      14166     9.8371     100.00     2.2996     2.0278         20 0.0000e+00
    366.760   78.79972  128.14682    371.000     1.5078     1.5075  30.421701  30.419767    34.8808    34.8787    293.903    290.522    -0.1656     4.6312     0.0814     0.0814     0.0496     0.0184      14193     9.8553     100.00     2.2997     2.0281         20 0.0000e+00
    367.748   78.79972  128.14682    372.000     1.5021     1.5018  30.416886  30.414843    34.8805    34.8782    293.936    290.547    -0.1689     4.6311     0.0813     0.0813     0.0498     0.0182      14217     9.8721     100.00     2.2994     2.0278         18 0.0000e+00
    368.735   78.79972  128.14682    373.000     1.4981     1.4979  30.413777  30.411863    34.8804    34.8781    294.005    290.307    -0.1747     4.6312     0.0814     0.0814     0.0497     0.0180      14240     9.8879     100.00     2.2994     2.0262         16 0.0000e+00
    369.723   78.79972  128.14681    374.000     1.4965     1.4964  30.412624  30.410800    34.8800    34.8779    293.906    290.642    -0.1726     4.6314     0.0824     0.0824     0.0495     0.0181      14263     9.9043     100.00     2.2985     2.0277         17 0.0000e+00
    370.711   78.79972  128.14680    375.000     1.4965     1.4964  30.412987  30.411272    34.8800    34.8779    293.891    290.098    -0.1705     4.6314     0.0827     0.0827     0.0495     0.0182      14288     9.9215     100.00     2.2981     2.0247         18 0.0000e+00
    371.698   78.79972  128.14680    376.000     1.4988     1.4984  30.416058  30.413972    34.8807    34.8785    293.986    291.095    -0.1707     4.6313     0.0827     0.0827     0.0496     0.0182      14315     9.9400     100.00     2.2986     2.0298         17 0.0000e+00
    372.686   78.79972  128.14680    377.000     1.4968     1.4965  30.414884  30.412910    34.8809    34.8786    293.987    290.701    -0.1687     4.6303     0.0817     0.0817     0.0504     0.0182      14342     9.9588     100.00     2.2983     2.0274         19 0.0000e+00
    373.674   78.79972  128.14680    378.000     1.4916     1.4916  30.410768  30.409048    34.8808    34.8786    293.966    290.905    -0.1437     4.6314     0.0820     0.0820     0.0495     0.0192      14367     9.9762     100.00     2.2976     2.0281         17 0.0000e+00
    374.661   78.79972  128.14680    379.000     1.4814     1.4817  30.402016  30.400432    34.8804    34.8781    293.956    290.707    -0.1349     4.6317     0.0825     0.0825     0.0493     0.0196      14390     9.9923     100.00     2.2967     2.0264         16 0.0000e+00
    375.649   78.79972  128.14680    380.000     1.4743     1.4741  30.396110  30.394095    34.8802    34.8779    293.878    290.611    -0.1366     4.6317     0.0820     0.0820     0.0493     0.0195      14413    10.0086     100.00     2.2957     2.0254         16 0.0000e+00
    376.637   78.79972  128.14678    381.000     1.4683     1.4675  30.390919  30.388514    34.8797    34.8775    293.873    290.617    -0.1346     4.6314     0.0807     0.0807     0.0495     0.0196      14438    10.0258     100.00     2.2951     2.0250         15 0.0000e+00
    377.624   78.79972  128.14678    382.000     1.4563     1.4569  30.380481  30.379305    34.8791    34.8769    293.963    290.624    -0.1676     4.6313     0.0812     0.0812     0.0496     0.0183      14465    10.0442     100.00     2.2948     2.0243         13 0.0000e+00
    378.612   78.79972  128.14678    383.000     1.4483     1.4475  30.373544  30.371041    34.8786    34.8763    293.996    290.332    -0.1693     4.6315     0.0757     0.0757     0.0494     0.0182      14491    10.0624     100.00     2.2944     2.0222         14 0.0000e+00
    379.600   78.79972  128.14678    384.000     1.4353     1.4349  30.362421  30.360139    34.8783    34.8759    294.086    290.547    -0.1671     4.6314     0.0827     0.0827     0.0495     0.0183      14516    10.0796     100.00     2.2940     2.0226         14 0.0000e+00
    380.587   78.79972  128.14678    385.000     1.4263     1.4262  30.354498  30.352476    34.8776    34.8752    294.198    290.746    -0.1671     4.6312     0.0828     0.0828     0.0497     0.0183      14539    10.0959     100.00     2.2940     2.0231         12 0.0000e+00
    381.575   78.79972  128.14678    386.000     1.4207     1.4203  30.349529  30.347602    34.8770    34.8749    294.115    287.403    -0.1565     4.6313     0.0813     0.0813     0.0496     0.0187      14564    10.1132     100.00     2.2930     2.0053         15 0.0000e+00
    382.562   78.79972  128.14676    387.000     1.4263     1.4262  30.355763  30.354059    34.8781    34.8760    293.743    291.402    -0.1554     4.6314     0.0823     0.0823     0.0495     0.0188      14590    10.1313     100.00     2.2907     2.0261         13 0.0000e+00
    383.550   78.79972  128.14676    388.000     1.4387     1.4385  30.369371  30.367530    34.8811    34.8789    293.569    290.577    -0.1645     4.6313     0.0826     0.0826     0.0496     0.0184      14616    10.1496     100.00     2.2901     2.0222         14 0.0000e+00
    384.538   78.79972  128.14676    389.000     1.4366     1.4366  30.368375  30.366696    34.8815    34.8794    293.490    290.041    -0.1671     4.6310     0.0817     0.0817     0.0498     0.0183      14641    10.1668     100.00     2.2893     2.0191         14 0.0000e+00
    385.525   78.79972  128.14676    390.000     1.4355     1.4354  30.367869  30.366081    34.8816    34.8794    293.479    287.964    -0.1695     4.6310     0.0813     0.0813     0.0498     0.0182      14664    10.1826     100.00     2.2889     2.0081         12 0.0000e+00
    386.513   78.79972  128.14676    391.000     1.4348     1.4344  30.367597  30.365664    34.8814    34.8793    293.370    291.196    -0.1709     4.6314     0.0817     0.0817     0.0495     0.0182      14688    10.1993     100.00     2.2880     2.0246         16 0.0000e+00
    387.501   78.79972  128.14676    392.000     1.4344     1.4343  30.367599  30.365852    34.8812    34.8792    293.338    289.569    -0.1692     4.6315     0.0831     0.0831     0.0494     0.0182      14714    10.2174     100.00     2.2876     2.0160         14 0.0000e+00
    388.488   78.79972  128.14675    393.000     1.4300     1.4300  30.363949  30.362431    34.8810    34.8789    293.235    289.144    -0.1741     4.6314     0.0827     0.0827     0.0495     0.0180      14743    10.2373     100.00     2.2865     2.0134         13 0.0000e+00
    389.476   78.79972  128.14674    394.000     1.4182     1.4177  30.353897  30.351604    34.8806    34.8783    293.184    290.227    -0.1689     4.6313     0.0823     0.0823     0.0496     0.0182      14770    10.2559     100.00     2.2853     2.0183         17 0.0000e+00
    390.463   78.79972  128.14674    395.000     1.4115     1.4112  30.348217  30.346334    34.8803    34.8782    293.209    291.918    -0.1731     4.6313     0.0835     0.0835     0.0496     0.0181      14793    10.2720     100.00     2.2849     2.0265         15 0.0000e+00
    391.451   78.79972  128.14674    396.000     1.4112     1.4110  30.348174  30.346366    34.8800    34.8780    293.247    289.683    -0.1697     4.6312     0.0826     0.0826     0.0497     0.0182      14814    10.2867     100.00     2.2849     2.0148         12 0.0000e+00
    392.438   78.79972  128.14674    397.000     1.4114     1.4112  30.348746  30.347052    34.8799    34.8779    293.312    288.755    -0.1689     4.6311     0.0817     0.0817     0.0497     0.0182      14836    10.3018     100.00     2.2851     2.0098         17 0.0000e+00
    393.426   78.79972  128.14674    398.000     1.4114     1.4112  30.349201  30.347364    34.8799    34.8777    293.224    289.467    -0.1672     4.6313     0.0824     0.0824     0.0496     0.0183      14861    10.3194     100.00     2.2842     2.0133         15 0.0000e+00
    394.413   78.79972  128.14674    399.000     1.4116     1.4114  30.349613  30.347810    34.8797    34.8775    293.248    289.927    -0.1595     4.6317     0.0826     0.0826     0.0492     0.0186      14893    10.3416     100.00     2.2842     2.0155         20 0.0000e+00
    395.401   78.79972  128.14672    400.000     1.4117     1.4116  30.350268  30.348453    34.8798    34.8776    293.315    289.359    -0.1476     4.6313     0.0825     0.0825     0.0496     0.0191      14923    10.3623     100.00     2.2843     2.0123         14 0.0000e+00
    396.389   78.79972  128.14672    401.000     1.4116     1.4114  30.350588  30.348724    34.8797    34.8775    293.215    289.114    -0.1671     4.6313     0.0813     0.0813     0.0496     0.0183      14946    10.3786     100.00     2.2835     2.0109         15 0.0000e+00
    397.376   78.79972  128.14672    402.000     1.4102     1.4099  30.349701  30.347839    34.8795    34.8775    293.239    289.216    -0.1646     4.6319     0.0816     0.0816     0.0490     0.0184      14966    10.3921     100.00     2.2834     2.0112         12 0.0000e+00
    398.364   78.79972  128.14672    403.000     1.4082     1.4075  30.348237  30.346099    34.8794    34.8774    293.195    289.056    -0.1670     4.6313     0.0827     0.0827     0.0496     0.0183      14985    10.4052     100.00     2.2827     2.0100         14 0.0000e+00
    399.351   78.79972  128.14672    404.000     1.3973     1.3967  30.338774  30.336506    34.8787    34.8766    293.067    286.444    -0.1705     4.6314     0.0825     0.0825     0.0495     0.0182      15007    10.4209     100.00     2.2812     1.9959         18 0.0000e+00
    400.339   78.79972  128.14672    405.000     1.3824     1.3803  30.325714  30.322306    34.8781    34.8761    292.911    290.224    -0.1425     4.6312     0.0810     0.0810     0.0497     0.0193      15042    10.4449     100.00     2.2792     2.0145         20 0.0000e+00
    401.326   78.79972  128.14671    406.000     1.3380     1.3370  30.286593  30.283788    34.8769    34.8745    293.120    289.997    -0.1669     4.6314     0.0815     0.0815     0.0495     0.0183      15075    10.4678     100.00     2.2780     2.0113         18 0.0000e+00
    402.314   78.79972  128.14670    407.000     1.3196     1.3187  30.270293  30.267452    34.8760    34.8734    293.349    293.563    -0.1643     4.6313     0.0827     0.0827     0.0496     0.0184      15098    10.4839     100.00     2.2782     2.0286         11 0.0000e+00
    403.301   78.79972  128.14670    408.000     1.3098     1.3097  30.261800  30.259780    34.8754    34.8730    293.459    290.879    -0.1311     4.6313     0.0829     0.0829     0.0496     0.0197      15117    10.4974     100.00     2.2781     2.0142         15 0.0000e+00
