Continuous CTD Data/01_SBE Stage/nabos_10_02.ros
* Sea-Bird SBE 9 Data File:
* FileName = D:\CTD\data\HLY2502\raw\NABOS_10_02.hex
* Software Version Seasave V 7.26.7.110
* Temperature SN = 6954
* Conductivity SN = 2561
* Number of Bytes Per Scan = 37
* Number of Voltage Words = 4
* Number of Scans Averaged by the Deck Unit = 1
* NMEA Latitude = 76 35.83 N
* NMEA Longitude = 179 51.15 W
* NMEA UTC (Time) = Sep 16 2025  19:12:24
* NMEA baud rate = 9600
** Ship: USCG HEALY
** Bot. Depth:  1157
** Cast Number:  02
** Station Name:  NABOS
** Station Number:  10
** Operator:  STARC
# nquan = 25
# nvalues = 1176                                  
# units = specified
# name 0 = depSM: Depth [salt water, m]
# name 1 = latitude: Latitude [deg]
# name 2 = longitude: Longitude [deg]
# name 3 = prDM: Pressure, Digiquartz [db]
# name 4 = t090C: Temperature [ITS-90, deg C]
# name 5 = t190C: Temperature, 2 [ITS-90, deg C]
# name 6 = c0mS/cm: Conductivity [mS/cm]
# name 7 = c1mS/cm: Conductivity, 2 [mS/cm]
# name 8 = sal00: Salinity, Practical [PSU]
# name 9 = sal11: Salinity, Practical, 2 [PSU]
# name 10 = sbox0Mm/Kg: Oxygen, SBE 43 [umol/kg]
# name 11 = sbox1Mm/Kg: Oxygen, SBE 43, 2 [umol/kg]
# name 12 = flECO-AFL: Fluorescence, WET Labs ECO-AFL/FL [mg/m^3]
# name 13 = v2: Voltage 2
# name 14 = wetCDOM: Fluorescence, WET Labs CDOM [mg/m^3]
# name 15 = v6: Voltage 6
# name 16 = CStarAt0: Beam Attenuation, WET Labs C-Star [1/m]
# name 17 = v3: Voltage 3
# name 18 = scan: Scan Count
# name 19 = timeM: Time, Elapsed [minutes]
# name 20 = altM: Altimeter [m]
# name 21 = sbeox0V: Oxygen raw, SBE 43 [V]
# name 22 = sbeox1V: Oxygen raw, SBE 43, 2 [V]
# name 23 = nbf: Bottles Fired
# name 24 = flag:  0.000e+00
# interval = seconds: 0.0416667
# start_time = Sep 16 2025 19:12:24 [NMEA time, header]
# bad_flag = -9.990e-29
*END*
[from data line 812]
     39.453   76.59876 -179.84440     39.874    -1.6451    -1.6447  24.907312  24.904587    31.1989    31.1948    364.745    356.310     0.0771     4.6471     0.1209     0.1209     0.0359     0.0281      43358    30.1090     100.00     2.5675     2.2315         17  0.000e+00
     39.511   76.59876 -179.84440     39.932    -1.6451    -1.6447  24.907196  24.905081    31.1987    31.1955    364.963    355.549     0.1076     4.6484     0.1209     0.1209     0.0348     0.0293      43359    30.1097     100.00     2.5687     2.2279         17  0.000e+00
     39.511   76.59876 -179.84440     39.932    -1.6449    -1.6448  24.907137  24.905026    31.1985    31.1955    364.961    355.042     0.1076     4.6484     0.1209     0.1209     0.0348     0.0293      43360    30.1104     100.00     2.5687     2.2254         17  0.000e+00
     39.453   76.59876 -179.84440     39.874    -1.6447    -1.6449  24.907137  24.905356    31.1983    31.1961    364.957    355.038     0.1076     4.6471     0.1209     0.1209     0.0359     0.0293      43361    30.1111     100.00     2.5687     2.2254         17  0.000e+00
     39.478   76.59876 -179.84440     39.899    -1.6450    -1.6449  24.906787  24.905466    31.1981    31.1962    364.747    355.039     0.1076     4.6484     0.1209     0.1209     0.0348     0.0293      43362    30.1118     100.00     2.5675     2.2254         17  0.000e+00
     39.511   76.59876 -179.84440     39.932    -1.6451    -1.6449  24.907021  24.905301    31.1985    31.1959    364.963    355.041     0.1076     4.6471     0.1209     0.1209     0.0359     0.0293      43363    30.1125     100.00     2.5687     2.2254         17  0.000e+00
     39.568   76.59876 -179.84440     39.990    -1.6449    -1.6450  24.907137  24.905411    31.1984    31.1962    364.750    355.553     0.1076     4.6471     0.1209     0.1209     0.0359     0.0293      43364    30.1132     100.00     2.5675     2.2279         17  0.000e+00
     39.511   76.59876 -179.84440     39.932    -1.6451    -1.6446  24.906787  24.905630    31.1982    31.1961    364.750    356.054     0.1076     4.6471     0.1209     0.1209     0.0359     0.0293      43365    30.1139     100.00     2.5675     2.2303         17  0.000e+00
     39.511   76.59876 -179.84440     39.932    -1.6449    -1.6450  24.906846  24.905685    31.1981    31.1966    364.963    357.327     0.1076     4.6484     0.1209     0.1209     0.0348     0.0293      43366    30.1146     100.00     2.5687     2.2364         17  0.000e+00
     39.330   76.59876 -179.84440     39.750    -1.6449    -1.6447  24.906903  24.905520    31.1983    31.1962    364.739    358.587     0.0771     4.6471     0.1209     0.1209     0.0359     0.0281      43367    30.1153     100.00     2.5675     2.2425         17  0.000e+00
     39.634   76.59876 -179.84440     40.057    -1.6451    -1.6447  24.906904  24.905466    31.1983    31.1959    364.970    359.110     0.1076     4.6471     0.1221     0.1221     0.0359     0.0293      43368    30.1160     100.00     2.5687     2.2450         17  0.000e+00
     39.511   76.59876 -179.84440     39.932    -1.6451    -1.6447  24.907079  24.904917    31.1986    31.1952    364.748    358.852     0.1076     4.6484     0.1221     0.1221     0.0348     0.0293      43369    30.1167     100.00     2.5675     2.2438         17  0.000e+00
     39.511   76.59876 -179.84440     39.932    -1.6451    -1.6446  24.906962  24.903435    31.1984    31.1931    364.964    357.841     0.1076     4.6471     0.1221     0.1221     0.0359     0.0293      43370    30.1174     100.00     2.5687     2.2389         17  0.000e+00
     39.420   76.59876 -179.84440     39.841    -1.6451    -1.6444  24.907079  24.903215    31.1986    31.1926    364.744    356.566     0.1076     4.6471     0.1221     0.1221     0.0359     0.0293      43371    30.1181     100.00     2.5675     2.2328         17  0.000e+00
     39.511   76.59876 -179.84440     39.932    -1.6450    -1.6447  24.907137  24.904148    31.1986    31.1942    364.962    356.061     0.1076     4.6471     0.1221     0.1221     0.0359     0.0293      43372    30.1187     100.00     2.5687     2.2303         17  0.000e+00
     39.511   76.59876 -179.84440     39.932    -1.6451    -1.6446  24.907137  24.904642    31.1987    31.1947    364.748    356.566     0.1076     4.6471     0.1221     0.1221     0.0359     0.0293      43373    30.1194     100.00     2.5675     2.2328         17  0.000e+00
     39.568   76.59876 -179.84440     39.990    -1.6449    -1.6449  24.907313  24.904752    31.1987    31.1952    364.749    357.587     0.1076     4.6471     0.1221     0.1221     0.0359     0.0293      43374    30.1201     100.00     2.5675     2.2376         17  0.000e+00
     39.511   76.59876 -179.84440     39.932    -1.6449    -1.6446  24.907371  24.904423    31.1988    31.1944    364.961    357.329     0.1076     4.6471     0.1221     0.1221     0.0359     0.0293      43375    30.1208     100.00     2.5687     2.2364         17  0.000e+00
     39.453   76.59876 -179.84440     39.874    -1.6451    -1.6446  24.907196  24.904642    31.1988    31.1948    364.745    356.055     0.1076     4.6471     0.1221     0.1221     0.0359     0.0293      43376    30.1215     100.00     2.5675     2.2303         17  0.000e+00
     39.568   76.59876 -179.84440     39.990    -1.6452    -1.6449  24.907488  24.904533    31.1993    31.1949    364.966    355.047     0.1076     4.6471     0.1221     0.1221     0.0359     0.0293      43377    30.1222     100.00     2.5687     2.2254         17  0.000e+00
     39.453   76.59876 -179.84440     39.874    -1.6449    -1.6446  24.907254  24.904477    31.1987    31.1945    364.743    354.277     0.1076     4.6471     0.1221     0.1221     0.0359     0.0293      43378    30.1229     100.00     2.5675     2.2218         17  0.000e+00
     39.452   76.59878 -179.84438     39.873    -1.6449    -1.6444  24.906670  24.903764    31.1979    31.1934    364.316    354.278     0.1076     4.6471     0.1209     0.1209     0.0359     0.0293      43491    30.2014     100.00     2.5650     2.2218         18  0.000e+00
     39.510   76.59878 -179.84438     39.931    -1.6449    -1.6446  24.906846  24.904368    31.1981    31.1943    364.318    354.534     0.1076     4.6471     0.1209     0.1209     0.0359     0.0293      43492    30.2021     100.00     2.5650     2.2230         18  0.000e+00
     39.452   76.59878 -179.84438     39.873    -1.6449    -1.6446  24.906495  24.903928    31.1976    31.1938    364.317    355.549     0.1076     4.6471     0.1209     0.1209     0.0359     0.0293      43493    30.2028     100.00     2.5650     2.2279         18  0.000e+00
     39.567   76.59878 -179.84438     39.989    -1.6449    -1.6447  24.906379  24.903215    31.1974    31.1929    364.323    356.829     0.1076     4.6459     0.1209     0.1209     0.0369     0.0293      43494    30.2035     100.00     2.5650     2.2340         18  0.000e+00
     39.510   76.59878 -179.84438     39.931    -1.6449    -1.6444  24.906204  24.902995    31.1972    31.1923    364.321    357.333     0.1076     4.6459     0.1209     0.1209     0.0369     0.0293      43495    30.2042     100.00     2.5650     2.2364         18  0.000e+00
     39.477   76.59878 -179.84438     39.898    -1.6449    -1.6447  24.905795  24.903215    31.1967    31.1929    364.535    357.333     0.1076     4.6459     0.1209     0.1209     0.0369     0.0293      43496    30.2049     100.00     2.5663     2.2364         18  0.000e+00
     39.510   76.59878 -179.84438     39.931    -1.6447    -1.6447  24.905503  24.903819    31.1961    31.1937    364.322    357.840     0.1076     4.6459     0.1209     0.1209     0.0369     0.0293      43497    30.2056     100.00     2.5650     2.2389         18  0.000e+00
     39.452   76.59878 -179.84438     39.873    -1.6449    -1.6446  24.905445  24.904532    31.1962    31.1946    364.536    358.088     0.1076     4.6459     0.1209     0.1209     0.0369     0.0293      43498    30.2063     100.00     2.5663     2.2401         18  0.000e+00
     39.387   76.59878 -179.84438     39.807    -1.6446    -1.6446  24.905795  24.904752    31.1964    31.1950    364.314    358.084     0.1076     4.6459     0.1209     0.1209     0.0369     0.0293      43499    30.2069     100.00     2.5650     2.2401         18  0.000e+00
     39.633   76.59878 -179.84438     40.056    -1.6449    -1.6449  24.905912  24.904917    31.1967    31.1953    364.328    357.589     0.1076     4.6459     0.1209     0.1209     0.0369     0.0293      43500    30.2076     100.00     2.5650     2.2376         18  0.000e+00
     39.510   76.59878 -179.84438     39.931    -1.6447    -1.6446  24.906087  24.904972    31.1969    31.1952    364.320    356.818     0.1076     4.6459     0.1209     0.1209     0.0369     0.0293      43501    30.2083     100.00     2.5650     2.2340         18  0.000e+00
     39.510   76.59878 -179.84438     39.931    -1.6449    -1.6447  24.905795  24.904807    31.1966    31.1951    364.322    356.566     0.1076     4.6459     0.1209     0.1209     0.0369     0.0293      43502    30.2090     100.00     2.5650     2.2328         18  0.000e+00
     39.510   76.59878 -179.84438     39.931    -1.6447    -1.6446  24.905678  24.904917    31.1963    31.1951    364.321    356.819     0.1076     4.6459     0.1209     0.1209     0.0369     0.0293      43503    30.2097     100.00     2.5650     2.2340         18  0.000e+00
     39.420   76.59878 -179.84438     39.840    -1.6447    -1.6446  24.905853  24.904093    31.1966    31.1940    364.316    357.325     0.1076     4.6459     0.1209     0.1209     0.0369     0.0293      43504    30.2104     100.00     2.5650     2.2364         18  0.000e+00
     39.510   76.59878 -179.84438     39.931    -1.6449    -1.6447  24.905912  24.903764    31.1968    31.1936    364.322    357.586     0.1076     4.6459     0.1221     0.1221     0.0369     0.0293      43505    30.2111     100.00     2.5650     2.2376         18  0.000e+00
     39.510   76.59878 -179.84438     39.931    -1.6449    -1.6446  24.906437  24.903599    31.1975    31.1933    364.320    357.586     0.0771     4.6459     0.1221     0.1221     0.0369     0.0281      43506    30.2118     100.00     2.5650     2.2376         18  0.000e+00
     39.452   76.59878 -179.84438     39.873    -1.6447    -1.6447  24.906437  24.902776    31.1974    31.1923    364.316    358.095     0.1076     4.6459     0.1221     0.1221     0.0369     0.0293      43507    30.2125     100.00     2.5650     2.2401         18  0.000e+00
     39.633   76.59878 -179.84438     40.056    -1.6446    -1.6443  24.906554  24.902556    31.1973    31.1915    364.323    358.356     0.1076     4.6459     0.1221     0.1221     0.0369     0.0293      43508    30.2132     100.00     2.5650     2.2413         18  0.000e+00
     39.510   76.59878 -179.84438     39.931    -1.6451    -1.6444  24.906670  24.902172    31.1980    31.1911    364.320    358.098     0.1076     4.6459     0.1221     0.1221     0.0369     0.0293      43509    30.2139     100.00     2.5650     2.2401         18  0.000e+00
     39.510   76.59878 -179.84438     39.931    -1.6449    -1.6441  24.907196  24.900964    31.1986    31.1892    364.102    357.846     0.1076     4.6459     0.1221     0.1221     0.0369     0.0293      43510    30.2146     100.00     2.5638     2.2389         18  0.000e+00
     39.510   76.59878 -179.84438     39.931    -1.6451    -1.6443  24.907021  24.899482    31.1985    31.1873    364.319    357.345     0.1076     4.6459     0.1221     0.1221     0.0369     0.0293      43511    30.2153     100.00     2.5650     2.2364         18  0.000e+00
     39.329   76.59878 -179.84438     39.749    -1.6449    -1.6435  24.907079  24.899097    31.1985    31.1861    364.308    357.078     0.1076     4.6459     0.1221     0.1221     0.0369     0.0293      43512    30.2160     100.00     2.5650     2.2352         18  0.000e+00
     39.600   76.59878 -179.84438     40.022    -1.6450    -1.6437  24.907313  24.898933    31.1988    31.1859    364.322    355.823     0.0771     4.6459     0.1221     0.1221     0.0369     0.0281      43513    30.2167     100.00     2.5650     2.2291         18  0.000e+00
     39.510   76.59878 -179.84438     39.931    -1.6449    -1.6438  24.907196  24.898878    31.1986    31.1860    364.532    354.803     0.1076     4.6459     0.1221     0.1221     0.0369     0.0293      43514    30.2174     100.00     2.5663     2.2242         18  0.000e+00
     39.567   76.59878 -179.84438     39.989    -1.6451    -1.6440  24.907488  24.899043    31.1991    31.1864    364.320    354.553     0.1076     4.6471     0.1221     0.1221     0.0359     0.0293      43515    30.2181     100.00     2.5650     2.2230         18  0.000e+00
     39.452   76.59878 -179.84438     39.873    -1.6451    -1.6440  24.907604  24.899482    31.1993    31.1870    364.314    355.562     0.1076     4.6471     0.1221     0.1221     0.0359     0.0293      43516    30.2188     100.00     2.5650     2.2279         18  0.000e+00
     39.452   76.59878 -179.84438     39.873    -1.6453    -1.6437  24.907429  24.899427    31.1994    31.1867    364.317    356.322     0.1076     4.6484     0.1221     0.1221     0.0348     0.0293      43517    30.2194     100.00     2.5650     2.2315         18  0.000e+00
     39.452   76.59878 -179.84438     39.873    -1.6449    -1.6440  24.907371  24.899153    31.1988    31.1866    364.313    357.087     0.0771     4.6471     0.1221     0.1221     0.0359     0.0281      43518    30.2201     100.00     2.5650     2.2352         18  0.000e+00
     39.510   76.59878 -179.84438     39.931    -1.6452    -1.6440  24.907371  24.898933    31.1992    31.1862    364.319    357.091     0.1076     4.6471     0.1221     0.1221     0.0359     0.0293      43519    30.2208     100.00     2.5650     2.2352         18  0.000e+00
     39.633   76.59878 -179.84438     40.055    -1.6452    -1.6437  24.907196  24.898879    31.1988    31.1858    364.326    356.587     0.0771     4.6471     0.1221     0.1221     0.0359     0.0281      43520    30.2215     100.00     2.5650     2.2328         18  0.000e+00
     39.510   76.59878 -179.84438     39.931    -1.6449    -1.6438  24.907488  24.898714    31.1990    31.1857    364.316    356.328     0.1076     4.6484     0.1221     0.1221     0.0348     0.0293      43521    30.2222     100.00     2.5650     2.2315         18  0.000e+00
     39.362   76.59878 -179.84438     39.782    -1.6451    -1.6438  24.907254  24.899537    31.1989    31.1870    364.310    356.064     0.1076     4.6484     0.1221     0.1221     0.0348     0.0293      43522    30.2229     100.00     2.5650     2.2303         18  0.000e+00
     39.567   76.59878 -179.84438     39.989    -1.6450    -1.6438  24.906962  24.900361    31.1983    31.1880    364.536    355.817     0.1076     4.6484     0.1221     0.1221     0.0348     0.0293      43523    30.2236     100.00     2.5663     2.2291         18  0.000e+00
     39.387   76.59878 -179.84438     39.807    -1.6449    -1.6441  24.906904  24.900580    31.1982    31.1887    364.312    355.555     0.1076     4.6471     0.1221     0.1221     0.0359     0.0293      43524    30.2243     100.00     2.5650     2.2279         18  0.000e+00
     39.633   76.59878 -179.84438     40.055    -1.6451    -1.6440  24.906729  24.900745    31.1980    31.1887    364.326    354.549     0.0771     4.6471     0.1221     0.1221     0.0359     0.0281      43525    30.2250     100.00     2.5650     2.2230         18  0.000e+00
     39.510   76.59878 -179.84438     39.931    -1.6451    -1.6440  24.906846  24.900635    31.1983    31.1886    364.534    353.781     0.1076     4.6484     0.1221     0.1221     0.0348     0.0293      43526    30.2257     100.00     2.5663     2.2193         18  0.000e+00
