Continuous CTD Data/01_SBE Stage/nabos_09_01avg.cnv
* Sea-Bird SBE 9 Data File:
* FileName = D:\CTD\data\HLY2502\raw\NABOS_09_01.hex
* Software Version Seasave V 7.26.7.110
* Temperature SN = 6954
* Conductivity SN = 2561
* Number of Bytes Per Scan = 37
* Number of Voltage Words = 4
* Number of Scans Averaged by the Deck Unit = 1
* NMEA Latitude = 76 19.84 N
* NMEA Longitude = 178 34.73 E
* NMEA UTC (Time) = Sep 15 2025  03:07:08
* NMEA baud rate = 9600
** Ship: USCG HEALY
** Bot. Depth:  1161
** Cast Number:  01
** Station Name:  NABOS
** Station Number:  09
** Operator:  STARC
# nquan = 25
# nvalues = 251                         
# units = specified
# name 0 = depSM: Depth [salt water, m]
# name 1 = latitude: Latitude [deg]
# name 2 = longitude: Longitude [deg]
# name 3 = prDM: Pressure, Digiquartz [db]
# name 4 = t090C: Temperature [ITS-90, deg C]
# name 5 = t190C: Temperature, 2 [ITS-90, deg C]
# name 6 = c0mS/cm: Conductivity [mS/cm]
# name 7 = c1mS/cm: Conductivity, 2 [mS/cm]
# name 8 = sal00: Salinity, Practical [PSU]
# name 9 = sal11: Salinity, Practical, 2 [PSU]
# name 10 = sbox0Mm/Kg: Oxygen, SBE 43 [umol/kg]
# name 11 = sbox1Mm/Kg: Oxygen, SBE 43, 2 [umol/kg]
# name 12 = flECO-AFL: Fluorescence, WET Labs ECO-AFL/FL [mg/m^3]
# name 13 = v2: Voltage 2
# name 14 = wetCDOM: Fluorescence, WET Labs CDOM [mg/m^3]
# name 15 = v6: Voltage 6
# name 16 = CStarAt0: Beam Attenuation, WET Labs C-Star [1/m]
# name 17 = v3: Voltage 3
# name 18 = scan: Scan Count
# name 19 = timeM: Time, Elapsed [minutes]
# name 20 = altM: Altimeter [m]
# name 21 = sbeox0V: Oxygen raw, SBE 43 [V]
# name 22 = sbeox1V: Oxygen raw, SBE 43, 2 [V]
# name 23 = nbin: number of scans per bin
# name 24 = flag: flag
# span 0 =      2.968,    250.204       
# span 1 =   76.33088,   76.33145       
# span 2 =  178.57868,  178.57878       
# span 3 =      3.000,    253.000       
# span 4 =    -1.6939,     0.7352       
# span 5 =    -1.6928,     0.7363       
# span 6 =  23.044976,  29.598876       
# span 7 =  23.044628,  29.598774       
# span 8 =    28.5601,    34.7535       
# span 9 =    28.5574,    34.7521       
# span 10 =    295.199,    385.154      
# span 11 =    288.040,    374.486      
# span 12 =    -0.1727,     0.3120      
# span 13 =     4.5495,     4.6617      
# span 14 =     0.0813,     0.1234      
# span 15 =     0.0813,     0.1234      
# span 16 =     0.0234,     0.1228      
# span 17 =     0.0181,     0.0375      
# span 18 =       4551,      17705      
# span 19 =     3.1596,    12.2946      
# span 20 =     100.00,     100.00      
# span 21 =     2.2587,     2.6799      
# span 22 =     1.9786,     2.3164      
# span 23 =          7,         28      
# span 24 = 0.0000e+00, 0.0000e+00      
# interval = decibars: 1                
# start_time = Sep 15 2025 03:07:08 [NMEA time, header]
# bad_flag = -9.990e-29
*END*
[from data line 58]
     60.354   76.33102  178.57874     61.000    -1.6620    -1.6614  26.400907  26.400246    33.2667    33.2651    331.170    324.448    -0.0887     4.6470     0.1084     0.1084     0.0360     0.0215       7652     5.3134     100.00     2.4012     2.0989         21 0.0000e+00
     61.343   76.33102  178.57874     62.000    -1.6568    -1.6561  26.426125  26.425952    33.2952    33.2941    331.280    323.859    -0.0862     4.6474     0.1089     0.1089     0.0357     0.0216       7703     5.3485     100.00     2.4023     2.0964         23 0.0000e+00
     62.332   76.33102  178.57873     63.000    -1.6547    -1.6545  26.449436  26.448600    33.3245    33.3231    332.226    324.295    -0.0870     4.6488     0.1094     0.1094     0.0345     0.0216       7753     5.3831     100.00     2.4081     2.0988         16 0.0000e+00
     63.322   76.33102  178.57872     64.000    -1.6553    -1.6544  26.469099  26.469190    33.3518    33.3509    331.832    324.452    -0.0887     4.6493     0.1076     0.1076     0.0341     0.0215       7804     5.4189     100.00     2.4059     2.0997         23 0.0000e+00
     64.311   76.33102  178.57872     65.000    -1.6368    -1.6365  26.507790  26.507276    33.3841    33.3830    331.035    324.042    -0.0877     4.6495     0.1071     0.1071     0.0339     0.0215       7855     5.4543     100.00     2.4026     2.0987         25 0.0000e+00
     65.300   76.33102  178.57872     66.000    -1.6286    -1.6283  26.535488  26.534896    33.4126    33.4114    329.656    323.067    -0.0872     4.6505     0.1062     0.1062     0.0330     0.0215       7905     5.4892     100.00     2.3953     2.0945         21 0.0000e+00
     66.289   76.33102  178.57872     67.000    -1.6311    -1.6307  26.552926  26.552245    33.4389    33.4375    327.637    321.318    -0.0892     4.6506     0.1066     0.1066     0.0329     0.0215       7956     5.5242     100.00     2.3837     2.0860         20 0.0000e+00
     67.279   76.33102  178.57872     68.000    -1.6329    -1.6325  26.569618  26.568888    33.4635    33.4620    325.775    319.769    -0.0925     4.6506     0.1060     0.1060     0.0329     0.0213       8007     5.5597     100.00     2.3729     2.0785         20 0.0000e+00
     68.268   76.33103  178.57872     69.000    -1.6226    -1.6217  26.595340  26.595443    33.4869    33.4860    324.659    317.508    -0.0837     4.6516     0.1061     0.1061     0.0320     0.0217       8057     5.5948     100.00     2.3672     2.0680         22 0.0000e+00
     69.257   76.33104  178.57872     70.000    -1.5938    -1.5935  26.639906  26.639500    33.5156    33.5146    324.117    317.197    -0.0879     4.6518     0.1060     0.1060     0.0318     0.0215       8108     5.6299     100.00     2.3659     2.0680         22 0.0000e+00
     70.246   76.33104  178.57872     71.000    -1.5818    -1.5814  26.667565  26.667120    33.5397    33.5386    322.840    316.536    -0.0893     4.6523     0.1062     0.1062     0.0315     0.0215       8158     5.6649     100.00     2.3593     2.0654         20 0.0000e+00
     71.235   76.33104  178.57872     72.000    -1.5755    -1.5749  26.693627  26.693442    33.5680    33.5671    320.980    314.337    -0.0901     4.6531     0.1052     0.1052     0.0307     0.0214       8209     5.7002     100.00     2.3491     2.0551         21 0.0000e+00
     72.225   76.33104  178.57872     73.000    -1.5543    -1.5540  26.736220  26.735927    33.6024    33.6017    318.945    312.656    -0.0870     4.6518     0.1039     0.1039     0.0318     0.0216       8260     5.7355     100.00     2.3388     2.0481         19 0.0000e+00
     73.214   76.33104  178.57872     74.000    -1.5363    -1.5359  26.772267  26.771826    33.6313    33.6302    317.533    310.708    -0.0826     4.6539     0.1038     0.1038     0.0301     0.0217       8310     5.7704     100.00     2.3317     2.0395         17 0.0000e+00
     74.203   76.33104  178.57872     75.000    -1.5213    -1.5208  26.806833  26.806535    33.6615    33.6606    315.734    309.913    -0.1049     4.6544     0.1037     0.1037     0.0297     0.0208       8361     5.8059     100.00     2.3224     2.0365         21 0.0000e+00
     75.192   76.33104  178.57872     76.000    -1.5023    -1.5020  26.847789  26.847360    33.6960    33.6951    313.659    307.754    -0.1114     4.6542     0.1032     0.1032     0.0298     0.0205       8412     5.8410     100.00     2.3117     2.0270         17 0.0000e+00
     76.181   76.33104  178.57872     77.000    -1.4841    -1.4838  26.890449  26.890030    33.7337    33.7328    311.778    306.064    -0.0944     4.6544     0.1021     0.1021     0.0297     0.0213       8462     5.8758     100.00     2.3020     2.0198         16 0.0000e+00
     77.171   76.33106  178.57872     78.000    -1.4660    -1.4659  26.930650  26.930088    33.7681    33.7672    310.093    304.414    -0.1059     4.6554     0.1018     0.1018     0.0288     0.0208       8513     5.9113     100.00     2.2935     2.0127         18 0.0000e+00
     78.160   76.33106  178.57872     79.000    -1.4486    -1.4482  26.966418  26.965729    33.7971    33.7958    308.840    302.869    -0.1335     4.6556     0.1007     0.1007     0.0286     0.0196       8564     5.9466     100.00     2.2873     2.0061         17 0.0000e+00
     79.149   76.33106  178.57872     80.000    -1.4323    -1.4320  27.001680  27.001291    33.8267    33.8258    307.659    301.551    -0.1077     4.6545     0.0999     0.0999     0.0296     0.0207       8615     5.9819     100.00     2.2816     2.0005         16 0.0000e+00
     80.138   76.33106  178.57872     81.000    -1.4166    -1.4163  27.037465  27.036786    33.8576    33.8563    306.596    300.220    -0.1294     4.6559     0.0990     0.0990     0.0284     0.0198       8665     6.0168     100.00     2.2764     1.9948         16 0.0000e+00
     81.127   76.33106  178.57872     82.000    -1.4067    -1.4064  27.061821  27.060944    33.8793    33.8777    305.531    299.732    -0.1098     4.6564     0.0994     0.0994     0.0279     0.0206       8716     6.0522     100.00     2.2708     1.9929         15 0.0000e+00
     82.116   76.33106  178.57872     83.000    -1.3984    -1.3981  27.082912  27.081997    33.8983    33.8968    304.717    298.755    -0.0998     4.6559     0.0983     0.0983     0.0283     0.0210       8767     6.0875     100.00     2.2665     1.9885         15 0.0000e+00
     83.106   76.33106  178.57872     84.000    -1.3892    -1.3889  27.104750  27.103854    33.9173    33.9157    304.320    297.838    -0.1117     4.6560     0.0977     0.0977     0.0283     0.0205       8817     6.1225     100.00     2.2648     1.9844         16 0.0000e+00
     84.095   76.33106  178.57872     85.000    -1.3795    -1.3793  27.125222  27.124312    33.9339    33.9324    303.884    297.567    -0.1295     4.6567     0.0987     0.0987     0.0277     0.0198       8867     6.1571     100.00     2.2628     1.9835         13 0.0000e+00
     85.084   76.33107  178.57872     86.000    -1.3710    -1.3707  27.146896  27.145836    33.9535    33.9517    303.484    297.112    -0.0999     4.6563     0.0979     0.0979     0.0280     0.0210       8919     6.1929     100.00     2.2609     1.9817         16 0.0000e+00
     86.073   76.33108  178.57872     87.000    -1.3679    -1.3675  27.163343  27.162520    33.9720    33.9704    303.075    296.687    -0.0935     4.6572     0.0975     0.0975     0.0272     0.0213       8969     6.2280     100.00     2.2587     1.9798         17 0.0000e+00
     87.062   76.33108  178.57872     88.000    -1.3663    -1.3659  27.180252  27.179457    33.9928    33.9913    303.064    296.425    -0.1273     4.6573     0.0960     0.0960     0.0271     0.0199       9020     6.2632     100.00     2.2588     1.9786         15 0.0000e+00
     88.051   76.33108  178.57872     89.000    -1.3631    -1.3627  27.196262  27.195264    34.0106    34.0088    303.503    296.441    -0.1137     4.6578     0.0959     0.0959     0.0267     0.0205       9071     6.2983     100.00     2.2615     1.9788         16 0.0000e+00
     89.040   76.33108  178.57872     90.000    -1.3571    -1.3566  27.213925  27.213035    34.0275    34.0258    303.859    296.802    -0.1317     4.6573     0.0971     0.0971     0.0272     0.0197       9122     6.3341     100.00     2.2639     1.9809         19 0.0000e+00
     90.030   76.33108  178.57872     91.000    -1.3533    -1.3529  27.228314  27.227208    34.0423    34.0403    304.268    297.308    -0.1315     4.6581     0.0955     0.0955     0.0264     0.0197       9173     6.3693     100.00     2.2665     1.9835         18 0.0000e+00
     91.019   76.33108  178.57872     92.000    -1.3507    -1.3504  27.242099  27.240867    34.0577    34.0557    304.521    297.720    -0.1323     4.6587     0.0964     0.0964     0.0259     0.0197       9223     6.4041     100.00     2.2681     1.9856         14 0.0000e+00
     92.008   76.33108  178.57871     93.000    -1.3463    -1.3459  27.254615  27.253428    34.0693    34.0672    305.033    298.541    -0.1271     4.6584     0.0956     0.0956     0.0262     0.0199       9274     6.4399     100.00     2.2713     1.9898         19 0.0000e+00
     92.997   76.33108  178.57870     94.000    -1.3438    -1.3434  27.264859  27.263669    34.0800    34.0779    305.237    298.956    -0.1301     4.6585     0.0943     0.0943     0.0261     0.0198       9325     6.4750     100.00     2.2725     1.9919         19 0.0000e+00
     93.986   76.33109  178.57870     95.000    -1.3413    -1.3409  27.274559  27.273463    34.0898    34.0878    305.400    299.283    -0.1318     4.6582     0.0948     0.0948     0.0263     0.0197       9375     6.5100     100.00     2.2735     1.9936         19 0.0000e+00
     94.975   76.33110  178.57870     96.000    -1.3388    -1.3385  27.284510  27.283365    34.1001    34.0981    306.080    299.734    -0.1170     4.6580     0.0954     0.0954     0.0265     0.0203       9427     6.5456     100.00     2.2775     1.9958         22 0.0000e+00
     95.964   76.33110  178.57870     97.000    -1.3379    -1.3376  27.292292  27.291117    34.1091    34.1071    306.692    300.008    -0.1310     4.6589     0.0934     0.0934     0.0257     0.0197       9478     6.5809     100.00     2.2810     1.9971         20 0.0000e+00
     96.953   76.33110  178.57870     98.000    -1.3364    -1.3361  27.300684  27.299545    34.1184    34.1164    306.941    300.187    -0.1308     4.6590     0.0939     0.0939     0.0256     0.0197       9528     6.6160     100.00     2.2824     1.9980         21 0.0000e+00
     97.942   76.33110  178.57870     99.000    -1.3335    -1.3331  27.310477  27.309181    34.1278    34.1257    306.910    300.016    -0.1305     4.6524     0.0938     0.0938     0.0313     0.0198       9579     6.6512     100.00     2.2823     1.9972         20 0.0000e+00
     98.931   76.33110  178.57870    100.000    -1.3297    -1.3293  27.319997  27.318672    34.1360    34.1338    306.733    300.242    -0.1337     4.6536     0.0947     0.0947     0.0303     0.0196       9630     6.6868     100.00     2.2813     1.9983         22 0.0000e+00
     99.920   76.33110  178.57870    101.000    -1.3242    -1.3239  27.330362  27.329205    34.1434    34.1414    306.648    299.713    -0.1301     4.6578     0.0941     0.0941     0.0267     0.0198       9681     6.7221     100.00     2.2810     1.9959         24 0.0000e+00
    100.909   76.33110  178.57870    102.000    -1.3131    -1.3128  27.345804  27.344674    34.1513    34.1494    306.636    300.506    -0.1283     4.6586     0.0944     0.0944     0.0260     0.0199       9731     6.7571     100.00     2.2814     2.0002         22 0.0000e+00
    101.899   76.33110  178.57870    103.000    -1.3045    -1.3041  27.358757  27.357561    34.1586    34.1566    306.520    300.087    -0.1314     4.6581     0.0940     0.0940     0.0264     0.0197       9782     6.7923     100.00     2.2810     1.9984         23 0.0000e+00
    102.888   76.33112  178.57870    104.000    -1.3005    -1.3003  27.366455  27.365102    34.1641    34.1619    306.396    299.778    -0.1305     4.6583     0.0929     0.0929     0.0263     0.0198       9833     6.8276     100.00     2.2804     1.9969         20 0.0000e+00
    103.877   76.33112  178.57870    105.000    -1.2921    -1.2917  27.378653  27.377580    34.1706    34.1687    305.992    300.120    -0.1300     4.6583     0.0929     0.0929     0.0262     0.0198       9884     6.8630     100.00     2.2784     1.9989         23 0.0000e+00
    104.866   76.33112  178.57870    106.000    -1.2864    -1.2862  27.388753  27.387311    34.1773    34.1752    306.060    299.910    -0.1293     4.6583     0.0942     0.0942     0.0263     0.0198       9934     6.8981     100.00     2.2789     1.9979         21 0.0000e+00
    105.855   76.33112  178.57870    107.000    -1.2861    -1.2857  27.395449  27.394262    34.1856    34.1836    305.893    299.566    -0.1329     4.6582     0.0922     0.0922     0.0263     0.0197       9985     6.9336     100.00     2.2779     1.9962         24 0.0000e+00
    106.844   76.33112  178.57870    108.000    -1.2780    -1.2776  27.409204  27.408115    34.1947    34.1927    306.386    299.736    -0.1300     4.6586     0.0930     0.0930     0.0260     0.0198      10036     6.9689     100.00     2.2811     1.9973         28 0.0000e+00
    107.833   76.33112  178.57870    109.000    -1.2746    -1.2742  27.419324  27.418156    34.2040    34.2020    307.066    300.417    -0.1271     4.6585     0.0914     0.0914     0.0261     0.0199      10086     7.0038     100.00     2.2851     2.0007         19 0.0000e+00
    108.822   76.33112  178.57870    110.000    -1.2677    -1.2674  27.430591  27.429351    34.2110    34.2089    307.164    300.949    -0.1246     4.6590     0.0923     0.0923     0.0256     0.0200      10137     7.0389     100.00     2.2859     2.0035         18 0.0000e+00
    109.811   76.33112  178.57870    111.000    -1.2566    -1.2563  27.445307  27.444123    34.2179    34.2159    306.992    300.551    -0.1299     4.6588     0.0917     0.0917     0.0258     0.0198      10188     7.0742     100.00     2.2853     2.0019         23 0.0000e+00
    110.800   76.33113  178.57870    112.000    -1.2503    -1.2499  27.457514  27.456458    34.2268    34.2249    306.802    300.351    -0.1216     4.6584     0.0917     0.0917     0.0261     0.0201      10239     7.1097     100.00     2.2845     2.0011         24 0.0000e+00
    111.789   76.33114  178.57870    113.000    -1.2399    -1.2395  27.472765  27.471797    34.2353    34.2335    306.700    300.111    -0.1348     4.6583     0.0928     0.0928     0.0263     0.0196      10289     7.1447     100.00     2.2843     2.0003         20 0.0000e+00
    112.778   76.33114  178.57870    114.000    -1.2277    -1.2273  27.488186  27.487170    34.2419    34.2400    306.989    299.783    -0.1243     4.6580     0.0911     0.0911     0.0265     0.0200      10340     7.1800     100.00     2.2865     1.9991         22 0.0000e+00
    113.767   76.33114  178.57870    115.000    -1.2121    -1.2118  27.505720  27.504586    34.2475    34.2456    307.468    300.151    -0.1335     4.6580     0.0924     0.0924     0.0265     0.0196      10391     7.2150     100.00     2.2900     2.0015         19 0.0000e+00
    114.756   76.33114  178.57870    116.000    -1.2079    -1.2076  27.514721  27.513368    34.2543    34.2522    307.472    299.934    -0.1257     4.5495     0.0921     0.0921     0.1228     0.0200      10442     7.2506     100.00     2.2901     2.0005         25 0.0000e+00
    115.745   76.33114  178.57870    117.000    -1.1951    -1.1948  27.531269  27.530426    34.2618    34.2604    306.938    299.900    -0.1287     4.6589     0.0919     0.0919     0.0257     0.0198      10492     7.2855     100.00     2.2876     2.0008         23 0.0000e+00
