Continuous CTD Data/01_SBE Stage/nabos_36_01avg.cnv
* Sea-Bird SBE 9 Data File:
* FileName = D:\CTD\data\HLY2502\raw\NABOS_36_01.hex
* Software Version Seasave V 7.26.7.110
* Temperature SN = 6954
* Conductivity SN = 2561
* Number of Bytes Per Scan = 37
* Number of Voltage Words = 4
* Number of Scans Averaged by the Deck Unit = 1
* NMEA Latitude = 79 18.82 N
* NMEA Longitude = 132 49.52 E
* NMEA UTC (Time) = Sep 24 2025  16:01:06
* NMEA baud rate = 9600
** Ship: USCG HEALY
** Bot. Depth:  3158
** Cast Number:  01
** Station Name:  NABOS
** Station Number:  36
** Operator:  STARC
# nquan = 25
# nvalues = 1214                        
# units = specified
# name 0 = depSM: Depth [salt water, m]
# name 1 = latitude: Latitude [deg]
# name 2 = longitude: Longitude [deg]
# name 3 = prDM: Pressure, Digiquartz [db]
# name 4 = t090C: Temperature [ITS-90, deg C]
# name 5 = t190C: Temperature, 2 [ITS-90, deg C]
# name 6 = c0mS/cm: Conductivity [mS/cm]
# name 7 = c1mS/cm: Conductivity, 2 [mS/cm]
# name 8 = sal00: Salinity, Practical [PSU]
# name 9 = sal11: Salinity, Practical, 2 [PSU]
# name 10 = sbox0Mm/Kg: Oxygen, SBE 43 [umol/kg]
# name 11 = sbox1Mm/Kg: Oxygen, SBE 43, 2 [umol/kg]
# name 12 = flECO-AFL: Fluorescence, WET Labs ECO-AFL/FL [mg/m^3]
# name 13 = v2: Voltage 2
# name 14 = wetCDOM: Fluorescence, WET Labs CDOM [mg/m^3]
# name 15 = v6: Voltage 6
# name 16 = CStarAt0: Beam Attenuation, WET Labs C-Star [1/m]
# name 17 = v3: Voltage 3
# name 18 = scan: Scan Count
# name 19 = timeM: Time, Elapsed [minutes]
# name 20 = altM: Altimeter [m]
# name 21 = sbeox0V: Oxygen raw, SBE 43 [V]
# name 22 = sbeox1V: Oxygen raw, SBE 43, 2 [V]
# name 23 = nbin: number of scans per bin
# name 24 = flag: flag
# span 0 =      3.958,   1200.637       
# span 1 =   79.31374,   79.31722       
# span 2 =  132.81580,  132.82358       
# span 3 =      4.000,   1217.000       
# span 4 =    -1.8216,     1.8330       
# span 5 =    -1.8201,     1.8325       
# span 6 =  23.112139,  30.612249       
# span 7 =  23.111232,  30.610442       
# span 8 =    28.6412,    34.9072       
# span 9 =    28.6388,    34.9051       
# span 10 =    288.999,    379.165      
# span 11 =    257.382,    374.381      
# span 12 =    -0.1799,     0.4338      
# span 13 =     4.3793,     4.6311      
# span 14 =     0.0685,     0.1316      
# span 15 =     0.0685,     0.1316      
# span 16 =     0.0498,     0.2736      
# span 17 =     0.0178,     0.0423      
# span 18 =       2738,      39368      
# span 19 =     1.9007,    27.3379      
# span 20 =     100.00,     100.00      
# span 21 =     2.0051,     2.6844      
# span 22 =     1.7812,     2.3469      
# span 23 =         10,         29      
# span 24 = 0.0000e+00, 0.0000e+00      
# interval = decibars: 1                
# start_time = Sep 24 2025 16:01:06 [NMEA time, header]
# bad_flag = -9.990e-29
*END*
[from data line 638]
    634.238   79.31554  132.81770    642.000     0.1493     0.1494  29.338209  29.336558    34.8421    34.8398    298.158    289.854    -0.1314     4.6252     0.0855     0.0855     0.0548     0.0197      23546    16.3505     100.00     2.1935     1.9160         17 0.0000e+00
    635.225   79.31554  132.81770    643.000     0.1502     0.1504  29.339515  29.337958    34.8423    34.8400    298.114    287.154    -0.1349     4.6257     0.0855     0.0855     0.0544     0.0196      23572    16.3685     100.00     2.1931     1.9029         18 0.0000e+00
    636.211   79.31556  132.81770    644.000     0.1508     0.1505  29.340399  29.338468    34.8422    34.8399    298.058    301.856    -0.1498     4.6255     0.0855     0.0855     0.0545     0.0190      23600    16.3881     100.00     2.1925     1.9736         16 0.0000e+00
    637.198   79.31556  132.81768    645.000     0.1417     0.1416  29.333184  29.331127    34.8423    34.8398    298.170    293.917    -0.1700     4.6257     0.0854     0.0854     0.0544     0.0182      23629    16.4086     100.00     2.1925     1.9347         15 0.0000e+00
    638.184   79.31556  132.81768    646.000     0.1511     0.1506  29.341844  29.339787    34.8426    34.8404    298.069    292.700    -0.1434     4.6253     0.0842     0.0842     0.0547     0.0192      23657    16.4277     100.00     2.1922     1.9291         16 0.0000e+00
    639.170   79.31556  132.81768    647.000     0.1537     0.1541  29.344693  29.343330    34.8428    34.8406    297.862    287.982    -0.1705     4.6254     0.0840     0.0840     0.0547     0.0182      23684    16.4463     100.00     2.1909     1.9063         15 0.0000e+00
    640.156   79.31556  132.81768    648.000     0.1505     0.1499  29.342068  29.340073    34.8423    34.8404    297.868    291.942    -0.1737     4.6252     0.0833     0.0833     0.0548     0.0180      23711    16.4651     100.00     2.1905     1.9250         14 0.0000e+00
    641.143   79.31556  132.81768    649.000     0.1425     0.1427  29.335581  29.334203    34.8423    34.8402    297.863    293.462    -0.1483     4.6259     0.0827     0.0827     0.0543     0.0190      23739    16.4850     100.00     2.1898     1.9318         15 0.0000e+00
    642.129   79.31556  132.81768    650.000     0.1373     0.1371  29.331358  29.329465    34.8420    34.8398    297.834    299.313    -0.1409     4.6258     0.0790     0.0790     0.0543     0.0194      23769    16.5054     100.00     2.1892     1.9596         14 0.0000e+00
    643.116   79.31556  132.81768    651.000     0.1307     0.1306  29.326333  29.324413    34.8422    34.8398    297.802    294.944    -0.1728     4.6256     0.0834     0.0834     0.0545     0.0181      23797    16.5247     100.00     2.1885     1.9381         12 0.0000e+00
    644.102   79.31556  132.81768    652.000     0.1203     0.1198  29.317528  29.315401    34.8418    34.8396    297.936    298.262    -0.1351     4.6260     0.0842     0.0842     0.0541     0.0196      23824    16.5434     100.00     2.1885     1.9534         15 0.0000e+00
    645.088   79.31556  132.81768    653.000     0.1104     0.1100  29.308953  29.307034    34.8412    34.8391    297.991    293.841    -0.1317     4.6256     0.0809     0.0809     0.0545     0.0197      23850    16.5616     100.00     2.1881     1.9316         13 0.0000e+00
    646.075   79.31557  132.81768    654.000     0.1028     0.1028  29.303031  29.301280    34.8413    34.8390    297.937    294.162    -0.1328     4.6260     0.0755     0.0755     0.0542     0.0197      23878    16.5810     100.00     2.1872     1.9326         16 0.0000e+00
    647.061   79.31558  132.81768    655.000     0.0984     0.0986  29.299403  29.297882    34.8409    34.8387    297.975    294.634    -0.1634     4.6259     0.0861     0.0861     0.0542     0.0185      23907    16.6013     100.00     2.1870     1.9345         18 0.0000e+00
    648.047   79.31558  132.81768    656.000     0.0933     0.0939  29.295374  29.294253    34.8408    34.8386    297.965    294.262    -0.1380     4.6254     0.0882     0.0882     0.0546     0.0195      23935    16.6209     100.00     2.1864     1.9323         16 0.0000e+00
    649.034   79.31558  132.81768    657.000     0.0866     0.0871  29.289859  29.288755    34.8406    34.8386    297.900    296.078    -0.1620     4.6257     0.0889     0.0889     0.0544     0.0185      23962    16.6395     100.00     2.1855     1.9406         16 0.0000e+00
    650.020   79.31558  132.81766    658.000     0.0815     0.0826  29.286005  29.285235    34.8407    34.8384    297.947    294.042    -0.1353     4.6255     0.0923     0.0923     0.0546     0.0196      23988    16.6577     100.00     2.1853     1.9304         16 0.0000e+00
    651.006   79.31558  132.81766    659.000     0.0793     0.0776  29.284334  29.281062    34.8403    34.8380    298.176    296.050    -0.1334     4.6257     0.0909     0.0909     0.0544     0.0196      24017    16.6775     100.00     2.1863     1.9397         19 0.0000e+00
    651.992   79.31558  132.81766    660.000     0.0771     0.0771  29.282597  29.281093    34.8400    34.8379    298.354    294.094    -0.1319     4.6259     0.0921     0.0921     0.0542     0.0197      24045    16.6972     100.00     2.1869     1.9301         13 0.0000e+00
    652.979   79.31558  132.81766    661.000     0.0780     0.0782  29.283949  29.282523    34.8401    34.8380    298.329    295.180    -0.1328     4.6263     0.0866     0.0866     0.0539     0.0197      24073    16.7164     100.00     2.1866     1.9352         16 0.0000e+00
    653.965   79.31558  132.81766    662.000     0.0818     0.0819  29.287766  29.286247    34.8402    34.8381    298.232    295.690    -0.1654     4.6244     0.0789     0.0789     0.0555     0.0184      24099    16.7348     100.00     2.1860     1.9376         15 0.0000e+00
    654.951   79.31560  132.81766    663.000     0.0825     0.0825  29.289022  29.287333    34.8406    34.8383    298.303    295.295    -0.1695     4.6250     0.0836     0.0836     0.0549     0.0182      24127    16.7540     100.00     2.1862     1.9355         14 0.0000e+00
    655.938   79.31560  132.81766    664.000     0.0764     0.0751  29.283802  29.280894    34.8400    34.8376    298.497    295.343    -0.1380     4.6252     0.0842     0.0842     0.0548     0.0195      24156    16.7746     100.00     2.1868     1.9353         18 0.0000e+00
    656.924   79.31560  132.81766    665.000     0.0536     0.0525  29.264318  29.261752    34.8395    34.8374    298.740    294.909    -0.1381     4.6256     0.0849     0.0849     0.0545     0.0195      24184    16.7940     100.00     2.1868     1.9320         20 0.0000e+00
    657.910   79.31560  132.81766    666.000     0.0382     0.0377  29.251377  29.249231    34.8393    34.8370    298.780    295.313    -0.1588     4.6252     0.0856     0.0856     0.0548     0.0186      24211    16.8122     100.00     2.1861     1.9332         16 0.0000e+00
    658.896   79.31560  132.81766    667.000     0.0342     0.0342  29.248200  29.246471    34.8389    34.8366    298.587    292.150    -0.1278     4.6252     0.0861     0.0861     0.0548     0.0199      24238    16.8314     100.00     2.1845     1.9177         22 0.0000e+00
    659.883   79.31560  132.81766    668.000     0.0350     0.0350  29.249164  29.247503    34.8387    34.8366    298.639    295.311    -0.1333     4.6260     0.0867     0.0867     0.0541     0.0196      24267    16.8514     100.00     2.1846     1.9327         18 0.0000e+00
    660.869   79.31560  132.81766    669.000     0.0390     0.0399  29.253418  29.252542    34.8393    34.8371    298.684    296.476    -0.1351     4.6259     0.0899     0.0899     0.0542     0.0196      24296    16.8714     100.00     2.1849     1.9383         20 0.0000e+00
    661.855   79.31560  132.81766    670.000     0.0518     0.0521  29.265618  29.264208    34.8403    34.8381    298.724    296.167    -0.1282     4.6248     0.0916     0.0916     0.0551     0.0199      24323    16.8905     100.00     2.1855     1.9371         18 0.0000e+00
    662.842   79.31561  132.81764    671.000     0.0542     0.0540  29.268332  29.266497    34.8405    34.8383    298.776    295.512    -0.1447     4.6252     0.0908     0.0908     0.0548     0.0192      24349    16.9086     100.00     2.1858     1.9339         16 0.0000e+00
    663.828   79.31562  132.81764    672.000     0.0543     0.0544  29.268911  29.267290    34.8406    34.8383    298.640    287.739    -0.1522     4.6252     0.0916     0.0916     0.0548     0.0189      24377    16.9274     100.00     2.1847     1.8965         18 0.0000e+00
    664.814   79.31562  132.81764    673.000     0.0539     0.0537  29.268935  29.267255    34.8406    34.8385    298.647    291.706    -0.1615     4.6252     0.0920     0.0920     0.0548     0.0185      24405    16.9473     100.00     2.1845     1.9153         17 0.0000e+00
    665.800   79.31562  132.81764    674.000     0.0535     0.0535  29.269089  29.267383    34.8406    34.8384    298.597    293.498    -0.1558     4.6255     0.0924     0.0924     0.0546     0.0188      24434    16.9672     100.00     2.1840     1.9237         16 0.0000e+00
    666.787   79.31562  132.81764    675.000     0.0536     0.0536  29.269583  29.267941    34.8406    34.8384    298.487    294.116    -0.1461     4.6254     0.0920     0.0920     0.0547     0.0191      24462    16.9867     100.00     2.1832     1.9265         23 0.0000e+00
    667.773   79.31562  132.81764    676.000     0.0536     0.0536  29.270091  29.268367    34.8406    34.8384    298.415    294.289    -0.1732     4.6255     0.0916     0.0916     0.0546     0.0181      24488    17.0050     100.00     2.1825     1.9271         14 0.0000e+00
    668.759   79.31562  132.81764    677.000     0.0537     0.0537  29.270600  29.268840    34.8406    34.8383    298.259    294.601    -0.1665     4.6261     0.0916     0.0916     0.0540     0.0183      24515    17.0233     100.00     2.1815     1.9284         15 0.0000e+00
    669.745   79.31562  132.81764    678.000     0.0538     0.0539  29.271074  29.269498    34.8405    34.8384    298.266    294.198    -0.1720     4.6254     0.0908     0.0908     0.0547     0.0181      24543    17.0429     100.00     2.1813     1.9263         19 0.0000e+00
    670.731   79.31563  132.81764    679.000     0.0538     0.0538  29.271594  29.269808    34.8406    34.8382    298.265    294.461    -0.1327     4.6252     0.0912     0.0912     0.0548     0.0197      24572    17.0634     100.00     2.1810     1.9274         16 0.0000e+00
    671.718   79.31564  132.81763    680.000     0.0540     0.0540  29.272027  29.270426    34.8404    34.8383    298.134    294.458    -0.1588     4.6254     0.0895     0.0895     0.0547     0.0186      24601    17.0835     100.00     2.1801     1.9272         15 0.0000e+00
    672.704   79.31564  132.81762    681.000     0.0539     0.0539  29.272478  29.270863    34.8405    34.8383    298.151    294.638    -0.1724     4.6248     0.0798     0.0798     0.0552     0.0181      24628    17.1019     100.00     2.1800     1.9278         13 0.0000e+00
    673.690   79.31564  132.81762    682.000     0.0573     0.0577  29.276498  29.275108    34.8413    34.8391    298.093    294.358    -0.1404     4.6252     0.0741     0.0741     0.0548     0.0194      24653    17.1195     100.00     2.1796     1.9265         14 0.0000e+00
    674.676   79.31564  132.81762    683.000     0.0659     0.0662  29.284765  29.283387    34.8420    34.8398    297.910    294.454    -0.1658     4.6255     0.0790     0.0790     0.0545     0.0184      24680    17.1385     100.00     2.1788     1.9271         15 0.0000e+00
    675.662   79.31564  132.81762    684.000     0.0667     0.0664  29.286013  29.284097    34.8421    34.8399    297.795    294.123    -0.1251     4.6257     0.0839     0.0839     0.0544     0.0200      24711    17.1595     100.00     2.1779     1.9254         14 0.0000e+00
    676.649   79.31564  132.81762    685.000     0.0749     0.0754  29.294377  29.293145    34.8433    34.8411    297.635    294.089    -0.1330     4.6257     0.0842     0.0842     0.0544     0.0197      24740    17.1798     100.00     2.1772     1.9254         16 0.0000e+00
    677.635   79.31565  132.81762    686.000     0.0785     0.0786  29.298092  29.296486    34.8435    34.8413    297.660    293.671    -0.1659     4.6253     0.0853     0.0853     0.0547     0.0183      24766    17.1980     100.00     2.1773     1.9233         15 0.0000e+00
    678.621   79.31566  132.81761    687.000     0.0788     0.0787  29.298694  29.297006    34.8435    34.8413    297.836    293.894    -0.1373     4.6257     0.0855     0.0855     0.0544     0.0195      24792    17.2157     100.00     2.1781     1.9243         14 0.0000e+00
    679.607   79.31566  132.81760    688.000     0.0786     0.0785  29.299155  29.297496    34.8436    34.8415    297.994    294.662    -0.1571     4.6256     0.0845     0.0845     0.0545     0.0187      24819    17.2348     100.00     2.1788     1.9277         16 0.0000e+00
    680.593   79.31566  132.81760    689.000     0.0784     0.0785  29.299403  29.297788    34.8436    34.8414    297.973    294.221    -0.1336     4.6259     0.0842     0.0842     0.0542     0.0196      24849    17.2553     100.00     2.1784     1.9254         16 0.0000e+00
    681.579   79.31566  132.81760    690.000     0.0786     0.0785  29.300059  29.298310    34.8437    34.8414    297.894    297.577    -0.1323     4.6253     0.0853     0.0853     0.0548     0.0197      24878    17.2755     100.00     2.1778     1.9413         14 0.0000e+00
    682.566   79.31566  132.81760    691.000     0.0769     0.0759  29.298725  29.296390    34.8432    34.8413    297.943    300.227    -0.1366     4.6260     0.0855     0.0855     0.0541     0.0195      24905    17.2946     100.00     2.1777     1.9536         16 0.0000e+00
    683.552   79.31566  132.81760    692.000     0.0591     0.0580  29.283482  29.281057    34.8427    34.8407    298.100    296.151    -0.1632     4.6257     0.0865     0.0865     0.0544     0.0185      24931    17.3125     100.00     2.1775     1.9332         16 0.0000e+00
    684.538   79.31567  132.81760    693.000     0.0378     0.0368  29.265360  29.262962    34.8423    34.8403    298.073    294.724    -0.1308     4.6253     0.0857     0.0857     0.0547     0.0197      24958    17.3313     100.00     2.1761     1.9254         15 0.0000e+00
    685.524   79.31568  132.81759    694.000     0.0221     0.0216  29.252308  29.250026    34.8422    34.8398    298.095    294.406    -0.1322     4.6257     0.0865     0.0865     0.0544     0.0197      24988    17.3519     100.00     2.1752     1.9230         14 0.0000e+00
    686.510   79.31568  132.81758    695.000     0.0178     0.0178  29.248586  29.247004    34.8416    34.8396    298.140    295.509    -0.1406     4.6252     0.0866     0.0866     0.0548     0.0193      25018    17.3726     100.00     2.1750     1.9279         15 0.0000e+00
    687.496   79.31568  132.81758    696.000     0.0103     0.0096  29.242408  29.240134    34.8414    34.8391    298.232    293.384    -0.1582     4.6253     0.0855     0.0855     0.0547     0.0187      25044    17.3912     100.00     2.1749     1.9173         15 0.0000e+00
    688.483   79.31568  132.81758    697.000    -0.0021    -0.0029  29.231808  29.229570    34.8408    34.8387    298.334    290.540    -0.1271     4.6257     0.0843     0.0843     0.0544     0.0199      25070    17.4088     100.00     2.1747     1.9030         13 0.0000e+00
    689.468   79.31568  132.81758    698.000    -0.0169    -0.0176  29.219249  29.217057    34.8404    34.8383    298.460    291.598    -0.1347     4.6261     0.0853     0.0853     0.0541     0.0196      25097    17.4275     100.00     2.1744     1.9073         14 0.0000e+00
