Continuous CTD Data/01_SBE Stage/nabos_03_01.ros
* Sea-Bird SBE 9 Data File:
* FileName = D:\CTD\data\HLY2502\raw\NABOS_03_01.hex
* Software Version Seasave V 7.26.7.110
* Temperature SN = 6954
* Conductivity SN = 2561
* Number of Bytes Per Scan = 37
* Number of Voltage Words = 4
* Number of Scans Averaged by the Deck Unit = 1
* NMEA Latitude = 74 27.67 N
* NMEA Longitude = 169 54.00 E
* NMEA UTC (Time) = Sep 13 2025  06:21:18
* NMEA baud rate = 9600
** Ship: USCG HEALY
** Bot. Depth:  57
** Cast Number:  01
** Station Name:  NABOS
** Station Number:  03
** Operator:  STARC
** Kink in the wire during the deployment, BOSN and STARC assessed to be structurally competent and comms on deck are established, CO approved deployment. STARC will reterminate during the mooring evolution
# nquan = 25
# nvalues = 1176                                  
# units = specified
# name 0 = depSM: Depth [salt water, m]
# name 1 = latitude: Latitude [deg]
# name 2 = longitude: Longitude [deg]
# name 3 = prDM: Pressure, Digiquartz [db]
# name 4 = t090C: Temperature [ITS-90, deg C]
# name 5 = t190C: Temperature, 2 [ITS-90, deg C]
# name 6 = c0mS/cm: Conductivity [mS/cm]
# name 7 = c1mS/cm: Conductivity, 2 [mS/cm]
# name 8 = sal00: Salinity, Practical [PSU]
# name 9 = sal11: Salinity, Practical, 2 [PSU]
# name 10 = sbox0Mm/Kg: Oxygen, SBE 43 [umol/kg]
# name 11 = sbox1Mm/Kg: Oxygen, SBE 43, 2 [umol/kg]
# name 12 = flECO-AFL: Fluorescence, WET Labs ECO-AFL/FL [mg/m^3]
# name 13 = v2: Voltage 2
# name 14 = wetCDOM: Fluorescence, WET Labs CDOM [mg/m^3]
# name 15 = v6: Voltage 6
# name 16 = CStarAt0: Beam Attenuation, WET Labs C-Star [1/m]
# name 17 = v3: Voltage 3
# name 18 = scan: Scan Count
# name 19 = timeM: Time, Elapsed [minutes]
# name 20 = altM: Altimeter [m]
# name 21 = sbeox0V: Oxygen raw, SBE 43 [V]
# name 22 = sbeox1V: Oxygen raw, SBE 43, 2 [V]
# name 23 = nbf: Bottles Fired
# name 24 = flag:  0.000e+00
# interval = seconds: 0.0416667
# start_time = Sep 13 2025 06:21:18 [NMEA time, header]
# bad_flag = -9.990e-29
*END*
[from data line 696]
     20.253   74.46224  169.90574     20.466    -1.1032    -1.1011  23.573116  23.582242    28.8529    28.8631    369.320    356.658     0.2908     4.5775     0.1099     0.1099     0.0963     0.0366      19849    13.7833      37.85     2.5948     2.2346         15  0.000e+00
     20.236   74.46224  169.90574     20.449    -1.1032    -1.1012  23.572829  23.582565    28.8525    28.8637    369.320    356.657     0.3213     4.5775     0.1087     0.1087     0.0963     0.0379      19850    13.7840      37.88     2.5948     2.2346         15  0.000e+00
     20.294   74.46224  169.90574     20.507    -1.1030    -1.1012  23.573803  23.581758    28.8537    28.8626    369.318    356.917     0.2908     4.5775     0.1087     0.1087     0.0963     0.0366      19851    13.7847      37.88     2.5948     2.2358         15  0.000e+00
     20.171   74.46224  169.90574     20.383    -1.1029    -1.1015  23.574318  23.581327    28.8543    28.8624    369.094    357.422     0.2908     4.5775     0.1074     0.1074     0.0963     0.0366      19852    13.7854      37.85     2.5936     2.2382         15  0.000e+00
     20.253   74.46224  169.90574     20.466    -1.1027    -1.1016  23.574260  23.581327    28.8540    28.8624    369.312    357.681     0.3213     4.5775     0.1074     0.1074     0.0963     0.0379      19853    13.7861      37.88     2.5948     2.2395         15  0.000e+00
     20.236   74.46224  169.90574     20.449    -1.1030    -1.1017  23.574489  23.581004    28.8546    28.8621    369.312    357.682     0.3213     4.5775     0.1074     0.1074     0.0963     0.0379      19854    13.7868      37.90     2.5948     2.2395         15  0.000e+00
     20.236   74.46224  169.90574     20.449    -1.1026    -1.1018  23.574432  23.579981    28.8541    28.8608    369.309    357.433     0.3213     4.5775     0.1087     0.1087     0.0963     0.0379      19855    13.7875      37.90     2.5948     2.2382         15  0.000e+00
     20.187   74.46224  169.90574     20.399    -1.1027    -1.1021  23.574203  23.579011    28.8540    28.8599    369.309    357.691     0.3213     4.5775     0.1074     0.1074     0.0963     0.0379      19856    13.7882      37.90     2.5948     2.2395         15  0.000e+00
     20.294   74.46224  169.90574     20.507    -1.1028    -1.1025  23.573803  23.578366    28.8535    28.8593    369.317    358.463     0.3518     4.5775     0.1074     0.1074     0.0963     0.0391      19857    13.7889      37.90     2.5948     2.2431         15  0.000e+00
     20.236   74.46224  169.90574     20.449    -1.1031    -1.1029  23.573516  23.578096    28.8534    28.8594    369.317    358.718     0.3518     4.5800     0.1087     0.1087     0.0941     0.0391      19858    13.7896      37.90     2.5948     2.2443         15  0.000e+00
     20.236   74.46224  169.90574     20.449    -1.1031    -1.1027  23.573287  23.578635    28.8530    28.8599    369.318    358.715     0.3518     4.5824     0.1087     0.1087     0.0920     0.0391      19859    13.7903      37.90     2.5948     2.2443         15  0.000e+00
     20.187   74.46224  169.90574     20.399    -1.1027    -1.1024  23.573459  23.579281    28.8530    28.8605    369.097    358.707     0.3518     4.5824     0.1087     0.1087     0.0920     0.0391      19860    13.7910      37.88     2.5936     2.2443         15  0.000e+00
     20.236   74.46224  169.90574     20.449    -1.1028    -1.1024  23.573287  23.579819    28.8528    28.8612    369.101    358.962     0.3518     4.5824     0.1074     0.1074     0.0920     0.0391      19861    13.7917      37.88     2.5936     2.2456         15  0.000e+00
     20.236   74.46224  169.90574     20.449    -1.1029    -1.1021  23.573058  23.579550    28.8526    28.8605    369.317    359.214     0.3518     4.5824     0.1087     0.1087     0.0920     0.0391      19862    13.7924      37.88     2.5948     2.2468         15  0.000e+00
     20.236   74.46224  169.90574     20.449    -1.1027    -1.1026  23.573001  23.579604    28.8523    28.8611    369.101    359.472     0.3518     4.5824     0.1074     0.1074     0.0920     0.0391      19863    13.7931      37.85     2.5936     2.2480         15  0.000e+00
     20.187   74.46224  169.90576     20.399    -1.1028    -1.1022  23.573001  23.580627    28.8525    28.8621    369.314    359.208     0.3518     4.5824     0.1087     0.1087     0.0920     0.0391      19864    13.7937      37.88     2.5948     2.2468         15  0.000e+00
     20.236   74.46224  169.90576     20.449    -1.1027    -1.1017  23.573001  23.581919    28.8523    28.8633    369.316    359.456     0.3518     4.5824     0.1074     0.1074     0.0920     0.0391      19865    13.7944      37.88     2.5948     2.2480         15  0.000e+00
     20.236   74.46224  169.90576     20.449    -1.1029    -1.1014  23.572658  23.582942    28.8520    28.8644    369.319    359.449     0.3518     4.5824     0.1087     0.1087     0.0920     0.0391      19866    13.7951      37.88     2.5948     2.2480         15  0.000e+00
     20.236   74.46224  169.90576     20.449    -1.1028    -1.1010  23.572600  23.583265    28.8519    28.8644    369.318    359.191     0.3518     4.5824     0.1087     0.1087     0.0920     0.0391      19867    13.7958      37.88     2.5948     2.2468         15  0.000e+00
     20.187   74.46224  169.90576     20.399    -1.1029    -1.1011  23.572715  23.583373    28.8521    28.8647    369.316    359.188     0.3518     4.5824     0.1074     0.1074     0.0920     0.0391      19868    13.7965      37.90     2.5948     2.2468         15  0.000e+00
     20.236   74.46224  169.90576     20.449    -1.1029    -1.1010  23.572772  23.582942    28.8522    28.8640    369.318    358.938     0.3518     4.5824     0.1087     0.1087     0.0920     0.0391      19869    13.7972      37.90     2.5948     2.2456         15  0.000e+00
     20.171   74.46224  169.90576     20.383    -1.1030    -1.1011  23.572944  23.582188    28.8526    28.8631    369.101    358.684     0.3518     4.5824     0.1074     0.1074     0.0920     0.0391      19870    13.7979      37.90     2.5936     2.2443         15  0.000e+00
     20.253   74.46224  169.90576     20.466    -1.1027    -1.1014  23.572658  23.581650    28.8519    28.8627    369.104    358.440     0.3518     4.5824     0.1087     0.1087     0.0920     0.0391      19871    13.7986      37.90     2.5936     2.2431         15  0.000e+00
     20.236   74.46224  169.90576     20.449    -1.1029    -1.1016  23.572944  23.581219    28.8524    28.8623    369.103    358.696     0.3518     4.5824     0.1087     0.1087     0.0920     0.0391      19872    13.7993      37.88     2.5936     2.2443         15  0.000e+00
     20.171   74.46224  169.90576     20.383    -1.1028    -1.1015  23.573001  23.580519    28.8525    28.8613    369.314    358.441     0.3518     4.5824     0.1074     0.1074     0.0920     0.0391      19873    13.8000      37.85     2.5948     2.2431         15  0.000e+00
     20.236   74.46224  169.90576     20.449    -1.1029    -1.1021  23.573001  23.580250    28.8525    28.8614    369.103    358.703     0.3518     4.5824     0.1087     0.1087     0.0920     0.0391      19874    13.8007      37.85     2.5936     2.2443         15  0.000e+00
     20.187   74.46224  169.90576     20.399    -1.1027    -1.1018  23.573173  23.580142    28.8526    28.8611    369.098    358.446     0.3518     4.5824     0.1074     0.1074     0.0920     0.0391      19875    13.8014      37.85     2.5936     2.2431         15  0.000e+00
     20.171   74.46224  169.90576     20.383    -1.1028    -1.1021  23.573058  23.580465    28.8526    28.8618    369.313    358.445     0.3518     4.5824     0.1087     0.1087     0.0920     0.0391      19876    13.8021      37.85     2.5948     2.2431         15  0.000e+00
     20.236   74.46224  169.90576     20.449    -1.1027    -1.1021  23.573173  23.580681    28.8526    28.8621    369.315    358.448     0.3518     4.5824     0.1074     0.1074     0.0920     0.0391      19877    13.8028      37.85     2.5948     2.2431         15  0.000e+00
     20.171   74.46224  169.90576     20.383    -1.1027    -1.1018  23.573058  23.580950    28.8525    28.8622    369.312    358.695     0.3518     4.5824     0.1087     0.1087     0.0920     0.0391      19878    13.8035      37.85     2.5948     2.2443         15  0.000e+00
     20.187   74.46224  169.90576     20.399    -1.1030    -1.1018  23.573058  23.581219    28.8527    28.8625    369.316    358.695     0.3518     4.5849     0.1087     0.1087     0.0899     0.0391      19879    13.8042      37.85     2.5948     2.2443         15  0.000e+00
     20.236   74.46224  169.90576     20.449    -1.1027    -1.1015  23.572829  23.582081    28.8521    28.8634    369.531    358.438     0.3518     4.5849     0.1099     0.1099     0.0899     0.0391      19880    13.8049      37.88     2.5960     2.2431         15  0.000e+00
     20.171   74.46224  169.90576     20.383    -1.1029    -1.1013  23.572429  23.582996    28.8518    28.8644    369.316    358.429     0.3518     4.5849     0.1087     0.1087     0.0899     0.0391      19881    13.8056      37.85     2.5948     2.2431         15  0.000e+00
     20.171   74.46224  169.90576     20.383    -1.1029    -1.1009  23.572257  23.583265    28.8515    28.8644    369.317    358.426     0.3213     4.5849     0.1087     0.1087     0.0899     0.0379      19882    13.8063      37.88     2.5948     2.2431         15  0.000e+00
     20.253   74.46224  169.90576     20.466    -1.1027    -1.1009  23.571742  23.583211    28.8506    28.8643    369.322    358.430     0.3518     4.5849     0.1099     0.1099     0.0899     0.0391      19883    13.8069      37.88     2.5948     2.2431         15  0.000e+00
     20.171   74.46224  169.90576     20.383    -1.1027    -1.1010  23.571742  23.582834    28.8507    28.8639    369.318    358.428     0.3213     4.5849     0.1099     0.1099     0.0899     0.0379      19884    13.8076      37.90     2.5948     2.2431         15  0.000e+00
     20.171   74.46224  169.90576     20.383    -1.1029    -1.1011  23.571627  23.582242    28.8507    28.8632    369.319    358.430     0.3518     4.5849     0.1087     0.1087     0.0899     0.0391      19885    13.8083      37.90     2.5948     2.2431         15  0.000e+00
     20.187   74.46224  169.90576     20.399    -1.1028    -1.1013  23.571627  23.581811    28.8506    28.8628    369.320    358.435     0.3518     4.5849     0.1099     0.1099     0.0899     0.0391      19886    13.8090      37.90     2.5948     2.2431         15  0.000e+00
     20.171   74.46224  169.90576     20.383    -1.1031    -1.1012  23.571398  23.582027    28.8506    28.8630    369.322    358.433     0.3518     4.5849     0.1099     0.1099     0.0899     0.0391      19887    13.8097      37.90     2.5948     2.2431         15  0.000e+00
     20.187   74.46224  169.90580     20.399    -1.1013    -1.1007  23.584164  23.584127    28.8660    28.8653    371.189    360.959     0.3213     4.5861     0.1074     0.1074     0.0888     0.0379      20005    13.8917      37.97     2.6058     2.2553         16  0.000e+00
     20.171   74.46224  169.90580     20.383    -1.1012    -1.1006  23.583820  23.584127    28.8654    28.8653    370.973    361.212     0.2908     4.5861     0.1074     0.1074     0.0888     0.0366      20006    13.8924      37.97     2.6046     2.2566         16  0.000e+00
     20.236   74.46224  169.90580     20.449    -1.1015    -1.1007  23.583649  23.584181    28.8654    28.8654    371.195    361.215     0.3213     4.5861     0.1074     0.1074     0.0888     0.0379      20007    13.8931      37.97     2.6058     2.2566         16  0.000e+00
     20.113   74.46224  169.90582     20.325    -1.1018    -1.1008  23.583706  23.584504    28.8659    28.8659    370.976    361.209     0.2908     4.5861     0.1087     0.1087     0.0888     0.0366      20008    13.8938      37.97     2.6046     2.2566         16  0.000e+00
     20.130   74.46224  169.90582     20.341    -1.1015    -1.1006  23.583649  23.584396    28.8655    28.8657    371.189    361.209     0.3213     4.5861     0.1074     0.1074     0.0888     0.0379      20009    13.8944      37.95     2.6058     2.2566         16  0.000e+00
     20.236   74.46224  169.90582     20.449    -1.1014    -1.1007  23.583992  23.584073    28.8658    28.8652    371.193    361.216     0.3213     4.5861     0.1074     0.1074     0.0888     0.0379      20010    13.8951      37.92     2.6058     2.2566         16  0.000e+00
     20.113   74.46224  169.90582     20.325    -1.1011    -1.1005  23.584507  23.584234    28.8662    28.8653    371.181    361.207     0.3518     4.5861     0.1087     0.1087     0.0888     0.0391      20011    13.8958      37.90     2.6058     2.2566         16  0.000e+00
     20.171   74.46224  169.90582     20.383    -1.1012    -1.1005  23.584965  23.584450    28.8670    28.8656    371.398    360.956     0.3213     4.5861     0.1087     0.1087     0.0888     0.0379      20012    13.8965      37.90     2.6070     2.2553         16  0.000e+00
     20.187   74.46224  169.90582     20.399    -1.1014    -1.1003  23.584908  23.584558    28.8671    28.8656    371.187    360.955     0.3213     4.5861     0.1087     0.1087     0.0888     0.0379      20013    13.8972      37.90     2.6058     2.2553         16  0.000e+00
     20.171   74.46224  169.90582     20.383    -1.1011    -1.1007  23.584450  23.585096    28.8661    28.8666    371.184    360.955     0.3518     4.5861     0.1074     0.1074     0.0888     0.0391      20014    13.8979      37.92     2.6058     2.2553         16  0.000e+00
     20.113   74.46224  169.90582     20.325    -1.1012    -1.1008  23.584393  23.584988    28.8662    28.8666    371.183    360.953     0.3518     4.5861     0.1099     0.1099     0.0888     0.0391      20015    13.8986      37.90     2.6058     2.2553         16  0.000e+00
     20.187   74.46224  169.90582     20.399    -1.1012    -1.1006  23.584336  23.585365    28.8661    28.8669    371.401    360.954     0.3823     4.5861     0.1099     0.1099     0.0888     0.0403      20016    13.8993      37.92     2.6070     2.2553         16  0.000e+00
     20.113   74.46224  169.90582     20.325    -1.1012    -1.1007  23.584393  23.585527    28.8662    28.8673    371.398    360.950     0.3823     4.5861     0.1099     0.1099     0.0888     0.0403      20017    13.9000      37.92     2.6070     2.2553         16  0.000e+00
     20.171   74.46224  169.90582     20.383    -1.1012    -1.1006  23.584164  23.585419    28.8659    28.8670    371.187    360.699     0.3823     4.5861     0.1099     0.1099     0.0888     0.0403      20018    13.9007      37.92     2.6058     2.2541         16  0.000e+00
     20.113   74.46224  169.90582     20.325    -1.1012    -1.1007  23.584336  23.585096    28.8661    28.8667    371.397    360.698     0.3823     4.5861     0.1099     0.1099     0.0888     0.0403      20019    13.9014      37.92     2.6070     2.2541         16  0.000e+00
     20.187   74.46224  169.90582     20.399    -1.1012    -1.1006  23.584336  23.584773    28.8661    28.8661    371.187    360.703     0.3518     4.5861     0.1111     0.1111     0.0888     0.0391      20020    13.9021      37.92     2.6058     2.2541         16  0.000e+00
     20.113   74.46224  169.90582     20.325    -1.1015    -1.1005  23.584336  23.584611    28.8664    28.8658    371.400    360.698     0.3823     4.5861     0.1099     0.1099     0.0888     0.0403      20021    13.9028      37.92     2.6070     2.2541         16  0.000e+00
     20.171   74.46224  169.90582     20.383    -1.1013    -1.1008  23.584221  23.584611    28.8661    28.8661    371.188    360.450     0.3518     4.5861     0.1111     0.1111     0.0888     0.0391      20022    13.9035      37.92     2.6058     2.2529         16  0.000e+00
