Continuous CTD Data/01_SBE Stage/nabos_11_01avg.cnv
* Sea-Bird SBE 9 Data File:
* FileName = D:\CTD\data\HLY2502\raw\NABOS_11_01.hex
* Software Version Seasave V 7.26.7.110
* Temperature SN = 6954
* Conductivity SN = 2561
* Number of Bytes Per Scan = 37
* Number of Voltage Words = 4
* Number of Scans Averaged by the Deck Unit = 1
* NMEA Latitude = 77 00.90 N
* NMEA Longitude = 177 56.55 W
* NMEA UTC (Time) = Sep 16 2025  10:26:07
* NMEA baud rate = 9600
** Ship: USCG HEALY
** Bot. Depth:  1320
** Cast Number:  01
** Station Name:  NABOS
** Station Number:  11
** Operator:  STARC
# nquan = 25
# nvalues = 1214                        
# units = specified
# name 0 = depSM: Depth [salt water, m]
# name 1 = latitude: Latitude [deg]
# name 2 = longitude: Longitude [deg]
# name 3 = prDM: Pressure, Digiquartz [db]
# name 4 = t090C: Temperature [ITS-90, deg C]
# name 5 = t190C: Temperature, 2 [ITS-90, deg C]
# name 6 = c0mS/cm: Conductivity [mS/cm]
# name 7 = c1mS/cm: Conductivity, 2 [mS/cm]
# name 8 = sal00: Salinity, Practical [PSU]
# name 9 = sal11: Salinity, Practical, 2 [PSU]
# name 10 = sbox0Mm/Kg: Oxygen, SBE 43 [umol/kg]
# name 11 = sbox1Mm/Kg: Oxygen, SBE 43, 2 [umol/kg]
# name 12 = flECO-AFL: Fluorescence, WET Labs ECO-AFL/FL [mg/m^3]
# name 13 = v2: Voltage 2
# name 14 = wetCDOM: Fluorescence, WET Labs CDOM [mg/m^3]
# name 15 = v6: Voltage 6
# name 16 = CStarAt0: Beam Attenuation, WET Labs C-Star [1/m]
# name 17 = v3: Voltage 3
# name 18 = scan: Scan Count
# name 19 = timeM: Time, Elapsed [minutes]
# name 20 = altM: Altimeter [m]
# name 21 = sbeox0V: Oxygen raw, SBE 43 [V]
# name 22 = sbeox1V: Oxygen raw, SBE 43, 2 [V]
# name 23 = nbin: number of scans per bin
# name 24 = flag: flag
# span 0 =      3.958,   1200.740       
# span 1 =   77.01524,   77.01674       
# span 2 = -177.94956, -177.94327       
# span 3 =      4.000,   1217.000       
# span 4 =    -1.7029,     0.9010       
# span 5 =    -1.7020,     0.9010       
# span 6 =  23.557239,  29.807293       
# span 7 =  23.555549,  29.805563       
# span 8 =    29.3152,    34.8742       
# span 9 =    29.3131,    34.8719       
# span 10 =    287.403,    384.723      
# span 11 =    282.120,    379.384      
# span 12 =    -0.1824,     0.5341      
# span 13 =     4.5944,     4.6618      
# span 14 =     0.0816,     0.1257      
# span 15 =     0.0816,     0.1257      
# span 16 =     0.0233,     0.0815      
# span 17 =     0.0177,     0.0464      
# span 18 =       5505,      39691      
# span 19 =     3.8221,    27.5623      
# span 20 =     100.00,     100.00      
# span 21 =     1.9945,     2.6817      
# span 22 =     1.7640,     2.3443      
# span 23 =          8,         28      
# span 24 = 0.0000e+00, 0.0000e+00      
# interval = decibars: 1                
# start_time = Sep 16 2025 10:26:07 [NMEA time, header]
# bad_flag = -9.990e-29
*END*
[from data line 1102]
   1091.511   77.01652 -177.94870   1106.000    -0.2344    -0.2344  29.223145  29.221419    34.8553    34.8531    293.705    293.757    -0.1606     4.6592     0.0835     0.0835     0.0255     0.0186      35357    24.5530     100.00     2.0510     1.8360         14 0.0000e+00
   1092.495   77.01652 -177.94870   1107.000    -0.2347    -0.2347  29.223295  29.221673    34.8553    34.8532    293.580    290.484    -0.1276     4.6592     0.0830     0.0830     0.0255     0.0199      35382    24.5698     100.00     2.0502     1.8211         14 0.0000e+00
   1093.480   77.01652 -177.94870   1108.000    -0.2353    -0.2354  29.223407  29.221630    34.8555    34.8533    293.279    286.564    -0.1324     4.6586     0.0837     0.0837     0.0260     0.0197      35406    24.5865     100.00     2.0483     1.8033         14 0.0000e+00
   1094.464   77.01652 -177.94870   1109.000    -0.2364    -0.2365  29.222842  29.221174    34.8555    34.8534    293.136    288.202    -0.1322     4.6587     0.0850     0.0850     0.0259     0.0197      35429    24.6031     100.00     2.0473     1.8104         14 0.0000e+00
   1095.448   77.01652 -177.94872   1110.000    -0.2380    -0.2381  29.221941  29.220193    34.8555    34.8533    293.087    289.777    -0.1490     4.6584     0.0833     0.0833     0.0262     0.0190      35453    24.6198     100.00     2.0468     1.8173         14 0.0000e+00
   1096.432   77.01652 -177.94872   1111.000    -0.2398    -0.2397  29.220773  29.219190    34.8554    34.8533    292.928    289.930    -0.1739     4.6581     0.0843     0.0843     0.0264     0.0180      35477    24.6363     100.00     2.0456     1.8177         11 0.0000e+00
   1097.416   77.01652 -177.94872   1112.000    -0.2415    -0.2415  29.219679  29.217978    34.8554    34.8532    292.955    286.077    -0.1722     4.6581     0.0842     0.0842     0.0264     0.0181      35501    24.6531     100.00     2.0455     1.8002         12 0.0000e+00
   1098.401   77.01652 -177.94872   1113.000    -0.2461    -0.2461  29.216118  29.214432    34.8553    34.8531    292.951    286.023    -0.1418     4.6581     0.0842     0.0842     0.0264     0.0193      35525    24.6697     100.00     2.0451     1.7996         13 0.0000e+00
   1099.385   77.01652 -177.94872   1114.000    -0.2488    -0.2489  29.214095  29.212454    34.8550    34.8530    292.874    289.706    -0.1539     4.6581     0.0825     0.0825     0.0264     0.0188      35550    24.6866     100.00     2.0443     1.8158         12 0.0000e+00
   1100.369   77.01652 -177.94874   1115.000    -0.2512    -0.2512  29.212484  29.210831    34.8550    34.8529    292.834    288.274    -0.1475     4.6582     0.0831     0.0831     0.0263     0.0191      35574    24.7033     100.00     2.0438     1.8092         14 0.0000e+00
   1101.354   77.01652 -177.94874   1116.000    -0.2543    -0.2545  29.210086  29.208442    34.8549    34.8529    292.888    288.860    -0.1610     4.6581     0.0842     0.0842     0.0264     0.0185      35597    24.7198     100.00     2.0437     1.8115         11 0.0000e+00
   1102.338   77.01652 -177.94874   1117.000    -0.2572    -0.2574  29.207869  29.206256    34.8547    34.8527    292.935    289.311    -0.1403     4.6575     0.0845     0.0845     0.0270     0.0194      35622    24.7366     100.00     2.0436     1.8132         14 0.0000e+00
   1103.322   77.01652 -177.94874   1118.000    -0.2627    -0.2629  29.203495  29.201756    34.8545    34.8524    293.030    289.373    -0.1668     4.6579     0.0854     0.0854     0.0266     0.0183      35646    24.7534     100.00     2.0437     1.8131         16 0.0000e+00
   1104.306   77.01654 -177.94876   1119.000    -0.2666    -0.2667  29.200507  29.198925    34.8543    34.8524    293.068    288.175    -0.1355     4.6582     0.0842     0.0842     0.0263     0.0196      35670    24.7699     100.00     2.0435     1.8075         13 0.0000e+00
   1105.291   77.01654 -177.94876   1120.000    -0.2676    -0.2679  29.199958  29.198159    34.8542    34.8521    292.959    289.673    -0.1666     4.6580     0.0820     0.0820     0.0265     0.0183      35694    24.7867     100.00     2.0427     1.8139         15 0.0000e+00
   1106.275   77.01654 -177.94876   1121.000    -0.2687    -0.2689  29.199498  29.197652    34.8543    34.8520    292.886    290.389    -0.1315     4.6581     0.0828     0.0828     0.0264     0.0197      35718    24.8032     100.00     2.0420     1.8169         13 0.0000e+00
   1107.259   77.01654 -177.94876   1122.000    -0.2706    -0.2708  29.198179  29.196440    34.8541    34.8519    292.912    288.711    -0.1366     4.6586     0.0838     0.0838     0.0259     0.0195      35742    24.8199     100.00     2.0419     1.8092         11 0.0000e+00
   1108.243   77.01654 -177.94878   1123.000    -0.2708    -0.2710  29.198404  29.196651    34.8541    34.8519    292.894    284.987    -0.1321     4.6581     0.0842     0.0842     0.0264     0.0197      35766    24.8365     100.00     2.0416     1.7924         14 0.0000e+00
   1109.228   77.01654 -177.94878   1124.000    -0.2710    -0.2710  29.198649  29.197060    34.8541    34.8519    292.691    288.780    -0.1346     4.6580     0.0838     0.0838     0.0265     0.0196      35790    24.8534     100.00     2.0403     1.8091         15 0.0000e+00
   1110.212   77.01654 -177.94878   1125.000    -0.2711    -0.2711  29.198971  29.197275    34.8540    34.8518    292.644    290.358    -0.1325     4.6583     0.0833     0.0833     0.0262     0.0197      35814    24.8700     100.00     2.0398     1.8160         15 0.0000e+00
   1111.196   77.01654 -177.94878   1126.000    -0.2713    -0.2713  29.199238  29.197590    34.8540    34.8519    292.690    289.034    -0.1488     4.6583     0.0842     0.0842     0.0263     0.0190      35838    24.8866     100.00     2.0398     1.8099         13 0.0000e+00
   1112.180   77.01654 -177.94878   1127.000    -0.2720    -0.2720  29.199041  29.197417    34.8540    34.8518    292.856    287.527    -0.1480     4.6583     0.0832     0.0832     0.0262     0.0191      35862    24.9034     100.00     2.0405     1.8030         16 0.0000e+00
   1113.164   77.01654 -177.94880   1128.000    -0.2722    -0.2723  29.199379  29.197668    34.8540    34.8519    292.998    289.151    -0.1284     4.6581     0.0868     0.0868     0.0264     0.0198      35886    24.9200     100.00     2.0410     1.8100         13 0.0000e+00
   1114.148   77.01654 -177.94880   1129.000    -0.2727    -0.2729  29.199163  29.197483    34.8538    34.8518    293.100    289.937    -0.1316     4.6583     0.0835     0.0835     0.0262     0.0197      35910    24.9369     100.00     2.0413     1.8134         18 0.0000e+00
   1115.133   77.01654 -177.94880   1130.000    -0.2741    -0.2739  29.198442  29.196966    34.8538    34.8516    293.189    285.960    -0.1635     4.6582     0.0849     0.0849     0.0263     0.0184      35934    24.9534     100.00     2.0415     1.7954         14 0.0000e+00
   1116.117   77.01654 -177.94880   1131.000    -0.2762    -0.2761  29.197006  29.195487    34.8538    34.8516    293.231    288.571    -0.1430     4.6581     0.0855     0.0855     0.0264     0.0193      35958    24.9701     100.00     2.0414     1.8068         14 0.0000e+00
   1117.101   77.01654 -177.94882   1132.000    -0.2772    -0.2774  29.196488  29.194855    34.8536    34.8517    293.219    287.729    -0.1567     4.6582     0.0851     0.0851     0.0263     0.0187      35982    24.9867     100.00     2.0411     1.8028         16 0.0000e+00
   1118.085   77.01654 -177.94882   1133.000    -0.2776    -0.2777  29.196551  29.194846    34.8536    34.8514    293.238    288.685    -0.1801     4.6582     0.0838     0.0838     0.0263     0.0178      36006    25.0035     100.00     2.0410     1.8069         15 0.0000e+00
   1119.069   77.01654 -177.94882   1134.000    -0.2779    -0.2779  29.196724  29.195097    34.8536    34.8514    293.169    289.538    -0.1355     4.6580     0.0832     0.0832     0.0265     0.0196      36030    25.0203     100.00     2.0404     1.8105         19 0.0000e+00
   1120.054   77.01654 -177.94882   1135.000    -0.2805    -0.2806  29.194838  29.193110    34.8534    34.8512    293.122    289.372    -0.1691     4.6582     0.0842     0.0842     0.0263     0.0182      36054    25.0369     100.00     2.0398     1.8095         17 0.0000e+00
   1121.038   77.01656 -177.94884   1136.000    -0.2850    -0.2850  29.191199  29.189600    34.8532    34.8510    293.109    288.718    -0.1377     4.6585     0.0818     0.0818     0.0261     0.0195      36078    25.0536     100.00     2.0394     1.8063         18 0.0000e+00
   1122.022   77.01656 -177.94884   1137.000    -0.2876    -0.2877  29.189220  29.187638    34.8529    34.8510    293.072    288.492    -0.1344     4.6584     0.0840     0.0840     0.0262     0.0196      36102    25.0701     100.00     2.0388     1.8050         16 0.0000e+00
   1123.006   77.01656 -177.94884   1138.000    -0.2838    -0.2839  29.193367  29.191650    34.8535    34.8514    293.036    288.791    -0.1625     4.6583     0.0842     0.0842     0.0262     0.0185      36126    25.0870     100.00     2.0386     1.8063         18 0.0000e+00
   1123.990   77.01656 -177.94884   1139.000    -0.2772    -0.2771  29.200203  29.198526    34.8545    34.8522    293.043    288.902    -0.1466     4.6582     0.0851     0.0851     0.0264     0.0191      36150    25.1037     100.00     2.0388     1.8069         22 0.0000e+00
   1124.974   77.01656 -177.94886   1140.000    -0.2641    -0.2642  29.213177  29.211544    34.8563    34.8543    292.973    289.027    -0.1555     4.6580     0.0849     0.0849     0.0265     0.0188      36174    25.1203     100.00     2.0388     1.8078         19 0.0000e+00
   1125.959   77.01656 -177.94886   1141.000    -0.2580    -0.2579  29.219724  29.218153    34.8576    34.8553    293.013    288.776    -0.1330     4.6581     0.0838     0.0838     0.0264     0.0197      36198    25.1371     100.00     2.0391     1.8068         18 0.0000e+00
   1126.943   77.01656 -177.94886   1142.000    -0.2498    -0.2502  29.228608  29.226514    34.8595    34.8571    292.883    289.000    -0.1472     4.6584     0.0832     0.0832     0.0261     0.0191      36222    25.1537     100.00     2.0386     1.8079         18 0.0000e+00
   1127.927   77.01656 -177.94886   1143.000    -0.2449    -0.2448  29.234141  29.232511    34.8606    34.8584    292.781    288.602    -0.1549     4.6585     0.0842     0.0842     0.0261     0.0188      36246    25.1703     100.00     2.0381     1.8062         17 0.0000e+00
   1128.911   77.01656 -177.94888   1144.000    -0.2424    -0.2424  29.237263  29.235569    34.8614    34.8591    292.582    287.974    -0.1519     4.6578     0.0830     0.0830     0.0267     0.0189      36270    25.1870     100.00     2.0370     1.8033         16 0.0000e+00
   1129.895   77.01656 -177.94888   1145.000    -0.2425    -0.2426  29.237632  29.235965    34.8614    34.8593    292.395    287.809    -0.1470     4.6576     0.0821     0.0821     0.0269     0.0191      36294    25.2037     100.00     2.0358     1.8024         15 0.0000e+00
   1130.879   77.01656 -177.94888   1146.000    -0.2428    -0.2428  29.237900  29.236247    34.8616    34.8593    292.236    289.053    -0.1345     4.6578     0.0838     0.0838     0.0267     0.0196      36318    25.2204     100.00     2.0348     1.8078         16 0.0000e+00
   1131.863   77.01656 -177.94888   1147.000    -0.2428    -0.2430  29.238426  29.236652    34.8617    34.8595    292.090    288.641    -0.1602     4.6578     0.0851     0.0851     0.0267     0.0186      36343    25.2372     100.00     2.0338     1.8058         20 0.0000e+00
   1132.847   77.01656 -177.94888   1148.000    -0.2433    -0.2432  29.238494  29.236960    34.8617    34.8596    291.939    288.408    -0.1384     4.6574     0.0848     0.0848     0.0270     0.0194      36367    25.2539     100.00     2.0328     1.8046         17 0.0000e+00
   1133.832   77.01656 -177.94890   1149.000    -0.2459    -0.2461  29.236491  29.234804    34.8615    34.8594    291.890    288.654    -0.1622     4.6570     0.0838     0.0838     0.0274     0.0185      36390    25.2704     100.00     2.0322     1.8054         17 0.0000e+00
   1134.816   77.01656 -177.94890   1150.000    -0.2477    -0.2474  29.235486  29.234084    34.8616    34.8594    291.800    286.686    -0.1727     4.6568     0.0830     0.0830     0.0276     0.0181      36414    25.2871     100.00     2.0314     1.7964         16 0.0000e+00
   1135.800   77.01658 -177.94890   1151.000    -0.2504    -0.2504  29.233470  29.231986    34.8614    34.8595    291.777    288.485    -0.1691     4.6569     0.0831     0.0831     0.0275     0.0182      36438    25.3038     100.00     2.0310     1.8041         16 0.0000e+00
   1136.784   77.01658 -177.94890   1152.000    -0.2549    -0.2548  29.230039  29.228580    34.8614    34.8593    291.824    288.004    -0.1375     4.6569     0.0842     0.0842     0.0275     0.0195      36463    25.3206     100.00     2.0308     1.8016         16 0.0000e+00
   1137.768   77.01658 -177.94892   1153.000    -0.2566    -0.2564  29.228968  29.227452    34.8613    34.8591    291.836    287.339    -0.1688     4.6570     0.0831     0.0831     0.0274     0.0182      36487    25.3372     100.00     2.0306     1.7984         16 0.0000e+00
   1138.752   77.01658 -177.94892   1154.000    -0.2619    -0.2617  29.224652  29.223302    34.8610    34.8590    291.778    287.888    -0.1655     4.6568     0.0840     0.0840     0.0276     0.0184      36511    25.3540     100.00     2.0299     1.8005         20 0.0000e+00
   1139.736   77.01658 -177.94892   1155.000    -0.2666    -0.2667  29.220952  29.219327    34.8609    34.8588    291.812    286.678    -0.1371     4.6569     0.0835     0.0835     0.0275     0.0195      36535    25.3705     100.00     2.0296     1.7947         16 0.0000e+00
   1140.720   77.01658 -177.94892   1156.000    -0.2698    -0.2698  29.218490  29.216875    34.8607    34.8586    291.813    286.092    -0.1644     4.6567     0.0837     0.0837     0.0277     0.0184      36558    25.3870     100.00     2.0293     1.7918         13 0.0000e+00
   1141.704   77.01658 -177.94894   1157.000    -0.2717    -0.2718  29.217234  29.215492    34.8606    34.8584    291.872    287.910    -0.1509     4.6563     0.0842     0.0842     0.0280     0.0190      36583    25.4038     100.00     2.0293     1.7997         15 0.0000e+00
   1142.688   77.01658 -177.94894   1158.000    -0.2730    -0.2731  29.216498  29.214791    34.8606    34.8584    291.884    287.362    -0.1256     4.6562     0.0842     0.0842     0.0281     0.0200      36607    25.4207     100.00     2.0291     1.7970         17 0.0000e+00
   1143.672   77.01658 -177.94894   1159.000    -0.2743    -0.2742  29.215768  29.214112    34.8604    34.8582    291.898    287.883    -0.1486     4.6564     0.0842     0.0842     0.0279     0.0190      36631    25.4372     100.00     2.0289     1.7991         13 0.0000e+00
   1144.656   77.01658 -177.94894   1160.000    -0.2764    -0.2764  29.214222  29.212723    34.8602    34.8583    291.853    288.224    -0.1778     4.6561     0.0842     0.0842     0.0282     0.0179      36655    25.4540     100.00     2.0284     1.8004         13 0.0000e+00
   1145.640   77.01658 -177.94896   1161.000    -0.2796    -0.2796  29.211803  29.210208    34.8600    34.8580    291.905    287.858    -0.1494     4.6557     0.0855     0.0855     0.0285     0.0190      36679    25.4708     100.00     2.0283     1.7985         16 0.0000e+00
   1146.624   77.01658 -177.94896   1162.000    -0.2826    -0.2825  29.209671  29.208059    34.8601    34.8578    291.938    286.411    -0.1360     4.6557     0.0844     0.0844     0.0285     0.0195      36703    25.4872     100.00     2.0281     1.7918         14 0.0000e+00
