Continuous CTD Data/01_SBE Stage/nabos_32_01avg.cnv
* Sea-Bird SBE 9 Data File:
* FileName = D:\CTD\data\HLY2502\raw\NABOS_32_01.hex
* Software Version Seasave V 7.26.7.110
* Temperature SN = 6954
* Conductivity SN = 2561
* Number of Bytes Per Scan = 37
* Number of Voltage Words = 4
* Number of Scans Averaged by the Deck Unit = 1
* NMEA Latitude = 79 56.86 N
* NMEA Longitude = 142 14.59 E
* NMEA UTC (Time) = Sep 23 2025  08:48:42
* NMEA baud rate = 9600
** Ship: USCG HEALY
** Bot. Depth:  1374
** Cast Number:  01
** Station Name:  NABOS
** Station Number:  32
** Operator:  STARC
** 250 m Ra cast
# nquan = 25
# nvalues = 251                         
# units = specified
# name 0 = depSM: Depth [salt water, m]
# name 1 = latitude: Latitude [deg]
# name 2 = longitude: Longitude [deg]
# name 3 = prDM: Pressure, Digiquartz [db]
# name 4 = t090C: Temperature [ITS-90, deg C]
# name 5 = t190C: Temperature, 2 [ITS-90, deg C]
# name 6 = c0mS/cm: Conductivity [mS/cm]
# name 7 = c1mS/cm: Conductivity, 2 [mS/cm]
# name 8 = sal00: Salinity, Practical [PSU]
# name 9 = sal11: Salinity, Practical, 2 [PSU]
# name 10 = sbox0Mm/Kg: Oxygen, SBE 43 [umol/kg]
# name 11 = sbox1Mm/Kg: Oxygen, SBE 43, 2 [umol/kg]
# name 12 = flECO-AFL: Fluorescence, WET Labs ECO-AFL/FL [mg/m^3]
# name 13 = v2: Voltage 2
# name 14 = wetCDOM: Fluorescence, WET Labs CDOM [mg/m^3]
# name 15 = v6: Voltage 6
# name 16 = CStarAt0: Beam Attenuation, WET Labs C-Star [1/m]
# name 17 = v3: Voltage 3
# name 18 = scan: Scan Count
# name 19 = timeM: Time, Elapsed [minutes]
# name 20 = altM: Altimeter [m]
# name 21 = sbeox0V: Oxygen raw, SBE 43 [V]
# name 22 = sbeox1V: Oxygen raw, SBE 43, 2 [V]
# name 23 = nbin: number of scans per bin
# name 24 = flag: flag
# span 0 =      3.958,    251.158       
# span 1 =   79.94750,   79.94772       
# span 2 =  142.23383,  142.24101       
# span 3 =      4.000,    254.000       
# span 4 =    -1.2972,     1.8701       
# span 5 =    -1.2987,     1.8702       
# span 6 =  23.823067,  30.649187       
# span 7 =  23.821333,  30.647317       
# span 8 =    29.3331,    34.8452       
# span 9 =    29.3310,    34.8431       
# span 10 =    294.785,    367.161      
# span 11 =    289.668,    360.484      
# span 12 =    -0.1735,     0.6468      
# span 13 =     4.4188,     4.6252      
# span 14 =     0.0830,     0.1275      
# span 15 =     0.0830,     0.1275      
# span 16 =     0.0548,     0.2377      
# span 17 =     0.0180,     0.0509      
# span 18 =       3328,      15402      
# span 19 =     2.3101,    10.6953      
# span 20 =      89.49,     101.11      
# span 21 =     2.3292,     2.5877      
# span 22 =     2.0474,     2.2606      
# span 23 =         11,         27      
# span 24 = 0.0000e+00, 0.0000e+00      
# interval = decibars: 1                
# start_time = Sep 23 2025 08:48:42 [NMEA time, header]
# bad_flag = -9.990e-29
*END*
[from data line 58]
     61.335   79.94766  142.23894     62.000    -1.0013    -0.9980  27.386240  27.389402    33.8778    33.8783    319.858    315.321    -0.0817     4.5984     0.1001     0.1001     0.0781     0.0218       6371     4.4238     100.00     2.3821     2.0930         15 0.0000e+00
     62.324   79.94766  142.23890     63.000    -1.0035    -0.9992  27.391872  27.396136    33.8873    33.8882    317.644    313.354    -0.0845     4.5957     0.0986     0.0986     0.0804     0.0216       6430     4.4649     100.00     2.3688     2.0830         21 0.0000e+00
     63.313   79.94766  142.23887     64.000    -0.9950    -0.9942  27.412601  27.413816    33.9054    33.9060    316.347    311.553    -0.0844     4.5963     0.0977     0.0977     0.0799     0.0216       6481     4.5003     100.00     2.3616     2.0743         24 0.0000e+00
     64.302   79.94764  142.23883     65.000    -1.0063    -1.0029  27.411778  27.415122    33.9164    33.9171    315.575    310.722    -0.0835     4.5948     0.0981     0.0981     0.0812     0.0217       6527     4.5317     100.00     2.3563     2.0697         23 0.0000e+00
     65.291   79.94764  142.23880     66.000    -0.9972    -0.9941  27.421266  27.432306    33.9183    33.9299    314.734    310.317    -0.0824     4.5950     0.0974     0.0974     0.0809     0.0217       6585     4.5721     100.00     2.3516     2.0680         22 0.0000e+00
     66.280   79.94764  142.23876     67.000    -1.0082    -1.0087  27.434345  27.434412    33.9480    33.9487    314.360    310.214    -0.0868     4.5949     0.0981     0.0981     0.0810     0.0216       6637     4.6083     100.00     2.3490     2.0668         19 0.0000e+00
     67.270   79.94764  142.23873     68.000    -1.0249    -1.0243  27.428673  27.429229    33.9585    33.9587    314.316    310.245    -0.0801     4.5955     0.0960     0.0960     0.0806     0.0218       6682     4.6394     100.00     2.3478     2.0662         20 0.0000e+00
     68.259   79.94764  142.23869     69.000    -1.0313    -1.0311  27.431777  27.432472    33.9694    33.9701    314.723    310.008    -0.0816     4.5963     0.0957     0.0957     0.0798     0.0218       6738     4.6783     100.00     2.3497     2.0646         25 0.0000e+00
     69.248   79.94764  142.23865     70.000    -1.0435    -1.0444  27.429984  27.429626    33.9801    33.9806    314.805    310.354    -0.0875     4.5969     0.0958     0.0958     0.0794     0.0215       6791     4.7154     100.00     2.3494     2.0656         20 0.0000e+00
     70.237   79.94764  142.23862     71.000    -1.0578    -1.0569  27.428770  27.431370    33.9940    33.9965    315.103    310.395    -0.0800     4.5971     0.0945     0.0945     0.0792     0.0218       6837     4.7473     100.00     2.3503     2.0652         20 0.0000e+00
     71.226   79.94764  142.23859     72.000    -1.0502    -1.0478  27.446822  27.449680    34.0094    34.0106    315.528    310.652    -0.0968     4.5977     0.0964     0.0964     0.0787     0.0211       6891     4.7848     100.00     2.3533     2.0669         22 0.0000e+00
     72.215   79.94764  142.23855     73.000    -1.0469    -1.0445  27.455206  27.457550    34.0166    34.0170    316.083    310.993    -0.0883     4.5992     0.0946     0.0946     0.0774     0.0215       6945     4.8222     100.00     2.3565     2.0687         16 0.0000e+00
     73.204   79.94764  142.23853     74.000    -1.0438    -1.0420  27.465840  27.468188    34.0269    34.0281    316.068    311.159    -0.0805     4.5984     0.0951     0.0951     0.0781     0.0218       6992     4.8549     100.00     2.3565     2.0695         19 0.0000e+00
     74.193   79.94764  142.23848     75.000    -1.0081    -0.9967  27.506538  27.516276    34.0414    34.0417    315.626    311.009    -0.0855     4.5986     0.0947     0.0947     0.0779     0.0216       7045     4.8917     100.00     2.3559     2.0708         18 0.0000e+00
     75.182   79.94764  142.23845     76.000    -0.9618    -0.9570  27.559990  27.564449    34.0611    34.0618    315.039    310.245    -0.1000     4.5999     0.0948     0.0948     0.0767     0.0210       7100     4.9299     100.00     2.3550     2.0689         19 0.0000e+00
     76.171   79.94764  142.23842     77.000    -0.9387    -0.9348  27.586403  27.589635    34.0703    34.0703    314.067    309.394    -0.0914     4.5980     0.0950     0.0950     0.0784     0.0214       7147     4.9626     100.00     2.3505     2.0656         17 0.0000e+00
     77.160   79.94764  142.23838     78.000    -0.9185    -0.9162  27.613299  27.615244    34.0834    34.0834    312.732    308.332    -0.1057     4.5974     0.0952     0.0952     0.0790     0.0208       7199     4.9987     100.00     2.3437     2.0611         17 0.0000e+00
     78.149   79.94764  142.23835     79.000    -0.9165    -0.9121  27.622916  27.627499    34.0937    34.0949    311.925    307.331    -0.1303     4.5960     0.0952     0.0952     0.0801     0.0198       7254     5.0370     100.00     2.3389     2.0562         16 0.0000e+00
     79.138   79.94764  142.23831     80.000    -0.9103    -0.9087  27.639137  27.640207    34.1081    34.1077    311.487    307.022    -0.1239     4.5952     0.0945     0.0945     0.0808     0.0200       7304     5.0717     100.00     2.3366     2.0548         17 0.0000e+00
     80.127   79.94764  142.23828     81.000    -0.9017    -0.8967  27.651304  27.655125    34.1142    34.1138    311.069    306.375    -0.1027     4.5960     0.0928     0.0928     0.0802     0.0209       7355     5.1066     100.00     2.3345     2.0520         17 0.0000e+00
     81.116   79.94763  142.23824     82.000    -0.8976    -0.8983  27.661983  27.660235    34.1235    34.1219    310.848    305.995    -0.1185     4.5961     0.0941     0.0941     0.0801     0.0203       7410     5.1450     100.00     2.3332     2.0499         15 0.0000e+00
     82.105   79.94762  142.23821     83.000    -0.8978    -0.8967  27.667911  27.666926    34.1312    34.1285    310.424    305.698    -0.1170     4.5951     0.0946     0.0946     0.0809     0.0203       7459     5.1790     100.00     2.3306     2.0483         14 0.0000e+00
     83.094   79.94762  142.23818     84.000    -0.8777    -0.8767  27.690734  27.688470    34.1387    34.1345    310.459    305.770    -0.1083     4.5956     0.0942     0.0942     0.0804     0.0207       7510     5.2144     100.00     2.3318     2.0495         16 0.0000e+00
     84.083   79.94762  142.23814     85.000    -0.8783    -0.8774  27.700902  27.700510    34.1526    34.1511    310.531    305.621    -0.0967     4.5954     0.0933     0.0933     0.0806     0.0211       7563     5.2513     100.00     2.3321     2.0487         16 0.0000e+00
     85.072   79.94762  142.23811     86.000    -0.8737    -0.8724  27.710126  27.709579    34.1594    34.1571    310.295    305.418    -0.1142     4.5953     0.0927     0.0927     0.0808     0.0204       7614     5.2867     100.00     2.3308     2.0478         15 0.0000e+00
     86.061   79.94762  142.23808     87.000    -0.8653    -0.8642  27.723831  27.723138    34.1678    34.1656    310.238    305.645    -0.1240     4.5964     0.0919     0.0919     0.0798     0.0200       7666     5.3226     100.00     2.3308     2.0492         17 0.0000e+00
     87.050   79.94762  142.23805     88.000    -0.8746    -0.8743  27.722774  27.721377    34.1763    34.1740    310.370    305.673    -0.1120     4.5968     0.0928     0.0928     0.0794     0.0205       7717     5.3583     100.00     2.3310     2.0488         16 0.0000e+00
     88.040   79.94762  142.23802     89.000    -0.8700    -0.8704  27.732692  27.730983    34.1839    34.1821    310.557    305.965    -0.1252     4.5977     0.0934     0.0934     0.0787     0.0200       7769     5.3942     100.00     2.3322     2.0503         16 0.0000e+00
     89.028   79.94762  142.23798     90.000    -0.8931    -0.8943  27.718266  27.715941    34.1900    34.1882    311.096    306.407    -0.1290     4.5973     0.0916     0.0916     0.0790     0.0198       7819     5.4291     100.00     2.3340     2.0513         16 0.0000e+00
     90.017   79.94762  142.23795     91.000    -0.9176    -0.9196  27.702982  27.700453    34.1963    34.1952    312.030    306.923    -0.1244     4.5990     0.0899     0.0899     0.0775     0.0200       7872     5.4657     100.00     2.3380     2.0526         15 0.0000e+00
     91.006   79.94762  142.23792     92.000    -0.9119    -0.9111  27.713865  27.712605    34.2041    34.2014    313.073    307.775    -0.1289     4.5994     0.0897     0.0897     0.0772     0.0198       7923     5.5017     100.00     2.3444     2.0571         16 0.0000e+00
     91.995   79.94762  142.23789     93.000    -0.8862    -0.8820  27.740313  27.741516    34.2102    34.2071    314.064    308.937    -0.1282     4.6025     0.0904     0.0904     0.0746     0.0199       7973     5.5363     100.00     2.3515     2.0641         18 0.0000e+00
     92.985   79.94762  142.23786     94.000    -0.8250    -0.8227  27.797695  27.795876    34.2181    34.2129    314.352    309.300    -0.1246     4.6043     0.0922     0.0922     0.0729     0.0200       8026     5.5730     100.00     2.3565     2.0686         20 0.0000e+00
     93.973   79.94762  142.23783     95.000    -0.7662    -0.7632  27.853809  27.853567    34.2267    34.2231    314.005    309.176    -0.1244     4.6030     0.0930     0.0930     0.0741     0.0200       8078     5.6093     100.00     2.3576     2.0706         20 0.0000e+00
     94.962   79.94762  142.23780     96.000    -0.7546    -0.7520  27.871393  27.871881    34.2368    34.2346    312.469    307.999    -0.1238     4.5988     0.0932     0.0932     0.0777     0.0200       8129     5.6444     100.00     2.3490     2.0651         19 0.0000e+00
     95.951   79.94762  142.23776     97.000    -0.7384    -0.7337  27.891646  27.893278    34.2452    34.2422    310.643    306.331    -0.1081     4.5964     0.0918     0.0918     0.0798     0.0207       8181     5.6803     100.00     2.3389     2.0575         21 0.0000e+00
     96.940   79.94762  142.23773     98.000    -0.7361    -0.7352  27.899782  27.899614    34.2531    34.2518    309.796    305.382    -0.1244     4.5960     0.0915     0.0915     0.0802     0.0200       8230     5.7149     100.00     2.3338     2.0526         20 0.0000e+00
     97.929   79.94762  142.23771     99.000    -0.7472    -0.7481  27.895445  27.893602    34.2591    34.2576    309.182    304.721    -0.1189     4.5955     0.0904     0.0904     0.0806     0.0203       8284     5.7522     100.00     2.3294     2.0485         19 0.0000e+00
     98.918   79.94762  142.23767    100.000    -0.7234    -0.7201  27.921277  27.920086    34.2665    34.2612    309.391    304.649    -0.1316     4.5988     0.0909     0.0909     0.0778     0.0197       8342     5.7920     100.00     2.3318     2.0493         21 0.0000e+00
     99.907   79.94761  142.23761    101.000    -0.7240    -0.7229  27.926757  27.925248    34.2740    34.2707    310.072    305.262    -0.1193     4.5993     0.0900     0.0900     0.0773     0.0202       8443     5.8622     100.00     2.3357     2.0522         21 0.0000e+00
    100.896   79.94760  142.23758    102.000    -0.6684    -0.6673  27.983909  27.983098    34.2876    34.2852    309.698    304.928    -0.0928     4.6004     0.0916     0.0916     0.0763     0.0213       8491     5.8961     100.00     2.3365     2.0530         16 0.0000e+00
    101.885   79.94760  142.23758    103.000    -0.6384    -0.6379  28.016039  28.014919    34.2964    34.2942    309.987    305.189    -0.1294     4.6029     0.0915     0.0915     0.0741     0.0198       8515     5.9124     100.00     2.3398     2.0556         19 0.0000e+00
    102.874   79.94760  142.23756    104.000    -0.6361    -0.6355  28.022873  28.014178    34.3023    34.2899    310.336    305.357    -0.1263     4.6029     0.0905     0.0905     0.0741     0.0199       8540     5.9295     100.00     2.3418     2.0563         18 0.0000e+00
    103.863   79.94760  142.23754    105.000    -0.6112    -0.6103  28.050240  28.049349    34.3105    34.3082    309.605    305.080    -0.1294     4.6012     0.0914     0.0914     0.0756     0.0198       8567     5.9484     100.00     2.3387     2.0560         21 0.0000e+00
    104.852   79.94760  142.23753    106.000    -0.5857    -0.5844  28.077784  28.077083    34.3180    34.3157    309.026    304.383    -0.1260     4.5999     0.0936     0.0936     0.0767     0.0200       8595     5.9678     100.00     2.3365     2.0536         17 0.0000e+00
    105.841   79.94760  142.23751    107.000    -0.5663    -0.5655  28.099762  28.098899    34.3251    34.3230    308.843    303.899    -0.1255     4.6018     0.0916     0.0916     0.0752     0.0200       8622     5.9869     100.00     2.3363     2.0519         22 0.0000e+00
    106.830   79.94760  142.23750    108.000    -0.5547    -0.5543  28.113554  28.112173    34.3299    34.3275    308.317    303.723    -0.1245     4.6001     0.0916     0.0916     0.0766     0.0200       8648     6.0049     100.00     2.3336     2.0514         15 0.0000e+00
    107.818   79.94760  142.23748    109.000    -0.5461    -0.5455  28.124157  28.122759    34.3338    34.3313    307.817    303.462    -0.1293     4.5998     0.0926     0.0926     0.0768     0.0198       8675     6.0236     100.00     2.3309     2.0503         18 0.0000e+00
    108.807   79.94760  142.23746    110.000    -0.5362    -0.5348  28.136622  28.136039    34.3387    34.3363    307.496    302.868    -0.1332     4.5984     0.0908     0.0908     0.0781     0.0196       8703     6.0429     100.00     2.3294     2.0477         19 0.0000e+00
    109.796   79.94760  142.23745    111.000    -0.4829    -0.4794  28.190264  28.191294    34.3499    34.3473    306.991    302.602    -0.1299     4.5978     0.0893     0.0893     0.0786     0.0198       8730     6.0621     100.00     2.3292     2.0487         18 0.0000e+00
    110.785   79.94760  142.23743    112.000    -0.4265    -0.4240  28.241965  28.242310    34.3550    34.3526    306.614    302.091    -0.1270     4.5963     0.0891     0.0891     0.0799     0.0199       8758     6.0814     100.00     2.3298     2.0485         22 0.0000e+00
    111.774   79.94760  142.23742    113.000    -0.3666    -0.3642  28.300874  28.292634    34.3656    34.3518    306.224    301.387    -0.1335     4.5942     0.0891     0.0891     0.0817     0.0196       8784     6.0994     100.00     2.3306     2.0474         20 0.0000e+00
    112.763   79.94760  142.23741    114.000    -0.3276    -0.3259  28.340456  28.339857    34.3739    34.3711    306.829    301.489    -0.1328     4.5931     0.0882     0.0882     0.0827     0.0197       8809     6.1167     100.00     2.3363     2.0497         16 0.0000e+00
    113.752   79.94760  142.23739    115.000    -0.3021    -0.3003  28.368900  28.368699    34.3825    34.3803    307.736    302.090    -0.1200     4.5822     0.0879     0.0879     0.0922     0.0202       8836     6.1351     100.00     2.3430     2.0538         19 0.0000e+00
    114.741   79.94760  142.23738    116.000    -0.2784    -0.2778  28.392409  28.390926    34.3865    34.3839    308.298    303.078    -0.1239     4.5895     0.0888     0.0888     0.0858     0.0200       8863     6.1545     100.00     2.3475     2.0597         17 0.0000e+00
    115.729   79.94760  142.23736    117.000    -0.2606    -0.2595  28.410663  28.410170    34.3903    34.3883    308.724    303.293    -0.1263     4.5998     0.0872     0.0872     0.0769     0.0199       8893     6.1748     100.00     2.3508     2.0615         21 0.0000e+00
    116.718   79.94760  142.23734    118.000    -0.2207    -0.2195  28.449821  28.449252    34.3969    34.3948    308.900    303.481    -0.1291     4.6022     0.0877     0.0877     0.0748     0.0198       8920     6.1937     100.00     2.3539     2.0641         16 0.0000e+00
