Continuous CTD Data/01_SBE Stage/nabos_05_01.ros
* Sea-Bird SBE 9 Data File:
* FileName = D:\CTD\data\HLY2502\raw\NABOS_05_01.hex
* Software Version Seasave V 7.26.7.110
* Temperature SN = 6954
* Conductivity SN = 2561
* Number of Bytes Per Scan = 37
* Number of Voltage Words = 4
* Number of Scans Averaged by the Deck Unit = 1
* NMEA Latitude = 75 06.57 N
* NMEA Longitude = 172 12.56 E
* NMEA UTC (Time) = Sep 12 2025  16:44:22
* NMEA baud rate = 9600
** Ship: USCG HEALY
** Bot. Depth:  145
** Cast Number:  01
** Station Name:  NABOS
** Station Number:  05
** Operator:  STARC
# nquan = 25
# nvalues = 1176                                  
# units = specified
# name 0 = depSM: Depth [salt water, m]
# name 1 = latitude: Latitude [deg]
# name 2 = longitude: Longitude [deg]
# name 3 = prDM: Pressure, Digiquartz [db]
# name 4 = t090C: Temperature [ITS-90, deg C]
# name 5 = t190C: Temperature, 2 [ITS-90, deg C]
# name 6 = c0mS/cm: Conductivity [mS/cm]
# name 7 = c1mS/cm: Conductivity, 2 [mS/cm]
# name 8 = sal00: Salinity, Practical [PSU]
# name 9 = sal11: Salinity, Practical, 2 [PSU]
# name 10 = sbox0Mm/Kg: Oxygen, SBE 43 [umol/kg]
# name 11 = sbox1Mm/Kg: Oxygen, SBE 43, 2 [umol/kg]
# name 12 = flECO-AFL: Fluorescence, WET Labs ECO-AFL/FL [mg/m^3]
# name 13 = v2: Voltage 2
# name 14 = wetCDOM: Fluorescence, WET Labs CDOM [mg/m^3]
# name 15 = v6: Voltage 6
# name 16 = CStarAt0: Beam Attenuation, WET Labs C-Star [1/m]
# name 17 = v3: Voltage 3
# name 18 = scan: Scan Count
# name 19 = timeM: Time, Elapsed [minutes]
# name 20 = altM: Altimeter [m]
# name 21 = sbeox0V: Oxygen raw, SBE 43 [V]
# name 22 = sbeox1V: Oxygen raw, SBE 43, 2 [V]
# name 23 = nbf: Bottles Fired
# name 24 = flag:  0.000e+00
# interval = seconds: 0.0416667
# start_time = Sep 12 2025 16:44:22 [NMEA time, header]
# bad_flag = -9.990e-29
*END*
[from data line 928]
     19.768   75.11066  172.21110     19.977    -1.1292    -1.1263  23.682021  23.680209    29.0245    29.0192    377.291    364.898     0.1687     4.6203     0.0989     0.0989     0.0591     0.0317      25271    17.5486     100.00     2.6415     2.2751         19  0.000e+00
     19.809   75.11066  172.21110     20.018    -1.1292    -1.1265  23.682480  23.680209    29.0251    29.0194    377.291    364.902     0.1992     4.6203     0.0989     0.0989     0.0591     0.0330      25272    17.5493     100.00     2.6415     2.2751         19  0.000e+00
     19.809   75.11066  172.21110     20.018    -1.1295    -1.1271  23.682652  23.680425    29.0256    29.0202    377.293    364.906     0.1687     4.6203     0.0977     0.0977     0.0591     0.0317      25273    17.5500     100.00     2.6415     2.2751         19  0.000e+00
     19.752   75.11066  172.21114     19.960    -1.1562    -1.1547  23.682712  23.681182    29.0516    29.0481    377.734    365.891     0.2297     4.6227     0.0977     0.0977     0.0570     0.0342      25443    17.6681     100.00     2.6427     2.2788         20  0.000e+00
     19.826   75.11066  172.21114     20.035    -1.1563    -1.1546  23.682769  23.681344    29.0517    29.0481    377.953    366.147     0.2297     4.6227     0.0977     0.0977     0.0570     0.0342      25444    17.6687     100.00     2.6439     2.2800         20  0.000e+00
     19.752   75.11066  172.21114     19.960    -1.1562    -1.1550  23.682482  23.681398    29.0512    29.0487    377.735    366.401     0.2297     4.6227     0.0977     0.0977     0.0570     0.0342      25445    17.6694     100.00     2.6427     2.2812         20  0.000e+00
     19.809   75.11066  172.21114     20.018    -1.1563    -1.1552  23.682769  23.681452    29.0517    29.0489    377.952    367.167     0.2297     4.6227     0.0977     0.0977     0.0570     0.0342      25446    17.6701     100.00     2.6439     2.2849         20  0.000e+00
     19.752   75.11066  172.21114     19.960    -1.1567    -1.1552  23.682826  23.681128    29.0522    29.0485    377.737    367.927     0.2297     4.6227     0.0977     0.0977     0.0570     0.0342      25447    17.6708     100.00     2.6427     2.2886         20  0.000e+00
     19.645   75.11066  172.21114     19.852    -1.1567    -1.1561  23.682826  23.681344    29.0523    29.0497    377.732    368.436     0.2297     4.6215     0.0977     0.0977     0.0580     0.0342      25448    17.6715     100.00     2.6427     2.2910         20  0.000e+00
     19.867   75.11066  172.21114     20.076    -1.1569    -1.1563  23.682712  23.681290    29.0523    29.0497    377.746    368.702     0.2297     4.6227     0.0977     0.0977     0.0570     0.0342      25449    17.6722     100.00     2.6427     2.2922         20  0.000e+00
     19.752   75.11066  172.21114     19.960    -1.1572    -1.1559  23.682310  23.681074    29.0520    29.0491    377.958    368.440     0.2297     4.6227     0.0977     0.0977     0.0570     0.0342      25450    17.6729     100.00     2.6439     2.2910         20  0.000e+00
     19.752   75.11066  172.21114     19.960    -1.1568    -1.1558  23.682310  23.681020    29.0516    29.0490    377.740    367.932     0.2297     4.6227     0.0977     0.0977     0.0570     0.0342      25451    17.6736     100.00     2.6427     2.2886         20  0.000e+00
     19.768   75.11066  172.21114     19.977    -1.1571    -1.1561  23.682368  23.680805    29.0520    29.0489    377.744    367.428     0.2297     4.6227     0.0977     0.0977     0.0570     0.0342      25452    17.6743     100.00     2.6427     2.2861         20  0.000e+00
     19.752   75.11066  172.21114     19.960    -1.1571    -1.1560  23.682597  23.680913    29.0523    29.0489    377.742    367.172     0.2297     4.6227     0.0977     0.0977     0.0570     0.0342      25453    17.6750     100.00     2.6427     2.2849         20  0.000e+00
     19.752   75.11066  172.21114     19.960    -1.1572    -1.1561  23.682482  23.681021    29.0522    29.0493    377.743    366.919     0.2297     4.6227     0.0977     0.0977     0.0570     0.0342      25454    17.6757     100.00     2.6427     2.2837         20  0.000e+00
     19.768   75.11066  172.21114     19.977    -1.1571    -1.1558  23.682540  23.680643    29.0522    29.0484    377.743    367.680     0.2297     4.6227     0.0977     0.0977     0.0570     0.0342      25455    17.6764     100.00     2.6427     2.2873         20  0.000e+00
     19.686   75.11066  172.21114     19.894    -1.1575    -1.1555  23.682425  23.681182    29.0525    29.0489    377.743    367.925     0.2297     4.6227     0.0977     0.0977     0.0570     0.0342      25456    17.6771     100.00     2.6427     2.2886         20  0.000e+00
     19.752   75.11066  172.21114     19.960    -1.1574    -1.1556  23.682081  23.680751    29.0519    29.0484    377.747    367.424     0.2297     4.6215     0.0977     0.0977     0.0580     0.0342      25457    17.6778     100.00     2.6427     2.2861         20  0.000e+00
     19.752   75.11066  172.21114     19.960    -1.1578    -1.1557  23.681794  23.680859    29.0519    29.0486    377.751    366.916     0.2297     4.6215     0.0977     0.0977     0.0580     0.0342      25458    17.6785     100.00     2.6427     2.2837         20  0.000e+00
     19.703   75.11066  172.21114     19.910    -1.1577    -1.1562  23.681794  23.680805    29.0519    29.0490    377.748    366.411     0.2297     4.6203     0.0977     0.0977     0.0591     0.0342      25459    17.6792     100.00     2.6427     2.2812         20  0.000e+00
     19.752   75.11066  172.21114     19.960    -1.1578    -1.1561  23.681909  23.680913    29.0520    29.0491    377.751    365.904     0.2297     4.6203     0.0977     0.0977     0.0591     0.0342      25460    17.6799     100.00     2.6427     2.2788         20  0.000e+00
     19.752   75.11066  172.21114     19.960    -1.1580    -1.1563  23.681966  23.680805    29.0523    29.0491    377.752    366.160     0.1992     4.6190     0.0977     0.0977     0.0601     0.0330      25461    17.6806     100.00     2.6427     2.2800         20  0.000e+00
     19.703   75.11066  172.21116     19.910    -1.1582    -1.1559  23.681680  23.680589    29.0521    29.0485    377.967    366.155     0.2297     4.6203     0.0977     0.0977     0.0591     0.0342      25462    17.6812     100.00     2.6439     2.2800         20  0.000e+00
     19.752   75.11066  172.21116     19.960    -1.1579    -1.1557  23.682024  23.680697    29.0524    29.0484    377.752    366.155     0.2297     4.6190     0.0977     0.0977     0.0601     0.0342      25463    17.6819     100.00     2.6427     2.2800         20  0.000e+00
     19.686   75.11066  172.21116     19.894    -1.1579    -1.1553  23.682196  23.680912    29.0526    29.0483    377.962    366.402     0.2297     4.6203     0.0977     0.0977     0.0591     0.0342      25464    17.6826     100.00     2.6439     2.2812         20  0.000e+00
     19.686   75.11066  172.21116     19.894    -1.1578    -1.1548  23.682196  23.681020    29.0525    29.0480    377.746    366.397     0.2297     4.6190     0.0977     0.0977     0.0601     0.0342      25465    17.6833     100.00     2.6427     2.2812         20  0.000e+00
     19.703   75.11066  172.21116     19.910    -1.1579    -1.1538  23.681909  23.680805    29.0522    29.0467    377.749    366.391     0.2297     4.6190     0.0977     0.0977     0.0601     0.0342      25466    17.6840     100.00     2.6427     2.2812         20  0.000e+00
     19.686   75.11066  172.21116     19.894    -1.1579    -1.1524  23.682081  23.680912    29.0525    29.0455    377.748    366.378     0.2297     4.6203     0.0977     0.0977     0.0591     0.0342      25467    17.6847     100.00     2.6427     2.2812         20  0.000e+00
     19.752   75.11066  172.21116     19.960    -1.1576    -1.1504  23.682196  23.681074    29.0522    29.0438    377.533    366.364     0.2297     4.6203     0.0977     0.0977     0.0591     0.0342      25468    17.6854     100.00     2.6415     2.2812         20  0.000e+00
     19.686   75.11066  172.21116     19.894    -1.1577    -1.1489  23.682196  23.681020    29.0524    29.0423    377.745    366.348     0.2297     4.6203     0.0977     0.0977     0.0591     0.0342      25469    17.6861     100.00     2.6427     2.2812         20  0.000e+00
     19.703   75.11066  172.21116     19.910    -1.1576    -1.1489  23.682138  23.681020    29.0522    29.0423    377.745    366.095     0.2297     4.6203     0.0977     0.0977     0.0591     0.0342      25470    17.6868     100.00     2.6427     2.2800         20  0.000e+00
     19.686   75.11066  172.21116     19.894    -1.1573    -1.1492  23.681966  23.681182    29.0517    29.0428    377.743    366.350     0.2297     4.6203     0.0977     0.0977     0.0591     0.0342      25471    17.6875     100.00     2.6427     2.2812         20  0.000e+00
     19.686   75.11066  172.21116     19.894    -1.1576    -1.1491  23.682138  23.681074    29.0522    29.0425    377.744    366.603     0.2297     4.6203     0.0977     0.0977     0.0591     0.0342      25472    17.6882     100.00     2.6427     2.2825         20  0.000e+00
     19.703   75.11066  172.21116     19.910    -1.1575    -1.1480  23.682138  23.681182    29.0521    29.0416    377.959    366.848     0.2297     4.6203     0.0977     0.0977     0.0591     0.0342      25473    17.6889     100.00     2.6439     2.2837         20  0.000e+00
     19.686   75.11066  172.21116     19.894    -1.1576    -1.1483  23.682310  23.681397    29.0524    29.0422    377.744    366.849     0.2297     4.6203     0.0977     0.0977     0.0591     0.0342      25474    17.6896     100.00     2.6427     2.2837         20  0.000e+00
     19.686   75.11066  172.21116     19.894    -1.1573    -1.1501  23.682081  23.681290    29.0519    29.0438    377.743    366.611     0.2602     4.6203     0.0977     0.0977     0.0591     0.0354      25475    17.6903     100.00     2.6427     2.2825         20  0.000e+00
     19.686   75.11066  172.21116     19.894    -1.1573    -1.1521  23.682310  23.681236    29.0521    29.0457    377.741    366.374     0.2297     4.6190     0.0977     0.0977     0.0601     0.0342      25476    17.6910     100.00     2.6427     2.2812         20  0.000e+00
     19.645   75.11066  172.21116     19.852    -1.1575    -1.1524  23.682367  23.681074    29.0525    29.0458    377.741    366.121     0.2602     4.6203     0.0977     0.0977     0.0591     0.0354      25477    17.6917     100.00     2.6427     2.2800         20  0.000e+00
     19.686   75.11066  172.21116     19.894    -1.1577    -1.1527  23.682196  23.681020    29.0524    29.0460    377.746    366.126     0.2602     4.6190     0.0977     0.0977     0.0601     0.0354      25478    17.6924     100.00     2.6427     2.2800         20  0.000e+00
     19.686   75.11066  172.21116     19.894    -1.1578    -1.1524  23.682196  23.681020    29.0525    29.0457    377.746    366.124     0.2602     4.6203     0.0977     0.0977     0.0591     0.0354      25479    17.6931     100.00     2.6427     2.2800         20  0.000e+00
     19.703   75.11066  172.21116     19.910    -1.1579    -1.1522  23.682196  23.680912    29.0526    29.0454    377.748    366.123     0.2602     4.6215     0.0977     0.0977     0.0580     0.0354      25480    17.6938     100.00     2.6427     2.2800         20  0.000e+00
     19.629   75.11066  172.21116     19.836    -1.1581    -1.1524  23.681909  23.681128    29.0524    29.0459    377.747    366.120     0.2602     4.6215     0.0977     0.0977     0.0580     0.0354      25481    17.6944     100.00     2.6427     2.2800         20  0.000e+00
     19.686   75.11066  172.21116     19.894    -1.1582    -1.1528  23.681909  23.681236    29.0525    29.0464    377.965    365.872     0.2602     4.6215     0.0977     0.0977     0.0580     0.0354      25482    17.6951     100.00     2.6439     2.2788         20  0.000e+00
     19.686   75.11066  172.21116     19.894    -1.1584    -1.1543  23.681794  23.681074    29.0526    29.0476    377.968    365.631     0.2602     4.6215     0.0977     0.0977     0.0580     0.0354      25483    17.6958     100.00     2.6439     2.2776         20  0.000e+00
     19.645   75.11066  172.21116     19.852    -1.1586    -1.1548  23.681507  23.681020    29.0524    29.0480    377.754    365.634     0.2602     4.6215     0.0977     0.0977     0.0580     0.0354      25484    17.6965     100.00     2.6427     2.2776         20  0.000e+00
     19.686   75.11066  172.21116     19.894    -1.1586    -1.1554  23.681393  23.680805    29.0522    29.0482    377.757    365.387     0.2602     4.6215     0.0977     0.0977     0.0580     0.0354      25485    17.6972     100.00     2.6427     2.2764         20  0.000e+00
     19.686   75.11066  172.21116     19.894    -1.1591    -1.1549  23.681622  23.680751    29.0529    29.0477    377.759    365.130     0.2602     4.6215     0.0977     0.0977     0.0580     0.0354      25486    17.6979     100.00     2.6427     2.2751         20  0.000e+00
     19.686   75.11066  172.21116     19.894    -1.1592    -1.1544  23.681508  23.680751    29.0530    29.0472    377.761    364.872     0.2602     4.6215     0.0977     0.0977     0.0580     0.0354      25487    17.6986     100.00     2.6427     2.2739         20  0.000e+00
     19.645   75.11066  172.21116     19.852    -1.1593    -1.1545  23.681393  23.680750    29.0529    29.0473    377.975    364.870     0.2602     4.6215     0.0977     0.0977     0.0580     0.0354      25488    17.6993     100.00     2.6439     2.2739         20  0.000e+00
     19.686   75.11066  172.21116     19.894    -1.1594    -1.1551  23.681393  23.680751    29.0530    29.0479    377.978    364.878     0.2602     4.6215     0.0977     0.0977     0.0580     0.0354      25489    17.7000     100.00     2.6439     2.2739         20  0.000e+00
     19.686   75.11066  172.21116     19.894    -1.1592    -1.1555  23.681622  23.680751    29.0531    29.0483    377.975    364.881     0.2602     4.6215     0.0977     0.0977     0.0580     0.0354      25490    17.7007     100.00     2.6439     2.2739         20  0.000e+00
     19.645   75.11066  172.21116     19.852    -1.1588    -1.1561  23.681507  23.680751    29.0525    29.0489    377.755    365.138     0.2602     4.6215     0.0965     0.0965     0.0580     0.0354      25491    17.7014     100.00     2.6427     2.2751         20  0.000e+00
     19.645   75.11066  172.21120     19.852    -1.1661    -1.1618  23.680820  23.680859    29.0588    29.0546    378.680    365.946     0.2602     4.6215     0.0965     0.0965     0.0580     0.0354      25625    17.7944     100.00     2.6476     2.2788         21  0.000e+00
     19.752   75.11066  172.21120     19.960    -1.1666    -1.1609  23.680763  23.680751    29.0591    29.0535    378.690    365.437     0.2602     4.6215     0.0965     0.0965     0.0580     0.0354      25626    17.7951     100.00     2.6476     2.2764         21  0.000e+00
     19.686   75.11066  172.21120     19.894    -1.1665    -1.1601  23.680591  23.680913    29.0588    29.0530    378.686    364.919     0.2602     4.6215     0.0965     0.0965     0.0580     0.0354      25627    17.7958     100.00     2.6476     2.2739         21  0.000e+00
     19.686   75.11066  172.21120     19.894    -1.1663    -1.1589  23.680877  23.681021    29.0590    29.0520    378.683    364.908     0.2602     4.6215     0.0965     0.0965     0.0580     0.0354      25628    17.7965     100.00     2.6476     2.2739         21  0.000e+00
     19.645   75.11066  172.21120     19.852    -1.1659    -1.1582  23.680763  23.681182    29.0584    29.0515    378.677    364.899     0.2602     4.6215     0.0977     0.0977     0.0580     0.0354      25629    17.7972     100.00     2.6476     2.2739         21  0.000e+00
