Continuous CTD Data/01_SBE Stage/nabos_44_01avg.cnv
* Sea-Bird SBE 9 Data File:
* FileName = D:\CTD\data\HLY2502\raw\NABOS_44_01.hex
* Software Version Seasave V 7.26.7.110
* Temperature SN = 6954
* Conductivity SN = 2561
* Number of Bytes Per Scan = 37
* Number of Voltage Words = 4
* Number of Scans Averaged by the Deck Unit = 1
* NMEA Latitude = 81 22.71 N
* NMEA Longitude = 125 50.34 E
* NMEA UTC (Time) = Sep 28 2025  09:12:40
* NMEA baud rate = 9600
** Ship: USCG HEALY
** Bot. Depth:  3963
** Cast Number:  01
** Station Name:  NABOS
** Station Number:  44
** Operator:  STARC
** 3958m target
# nquan = 25
# nvalues = 4029                        
# units = specified
# name 0 = depSM: Depth [salt water, m]
# name 1 = latitude: Latitude [deg]
# name 2 = longitude: Longitude [deg]
# name 3 = prDM: Pressure, Digiquartz [db]
# name 4 = t090C: Temperature [ITS-90, deg C]
# name 5 = t190C: Temperature, 2 [ITS-90, deg C]
# name 6 = c0mS/cm: Conductivity [mS/cm]
# name 7 = c1mS/cm: Conductivity, 2 [mS/cm]
# name 8 = sal00: Salinity, Practical [PSU]
# name 9 = sal11: Salinity, Practical, 2 [PSU]
# name 10 = sbox0Mm/Kg: Oxygen, SBE 43 [umol/kg]
# name 11 = sbox1Mm/Kg: Oxygen, SBE 43, 2 [umol/kg]
# name 12 = flECO-AFL: Fluorescence, WET Labs ECO-AFL/FL [mg/m^3]
# name 13 = v2: Voltage 2
# name 14 = wetCDOM: Fluorescence, WET Labs CDOM [mg/m^3]
# name 15 = v6: Voltage 6
# name 16 = CStarAt0: Beam Attenuation, WET Labs C-Star [1/m]
# name 17 = v3: Voltage 3
# name 18 = scan: Scan Count
# name 19 = timeM: Time, Elapsed [minutes]
# name 20 = altM: Altimeter [m]
# name 21 = sbeox0V: Oxygen raw, SBE 43 [V]
# name 22 = sbeox1V: Oxygen raw, SBE 43, 2 [V]
# name 23 = nbin: number of scans per bin
# name 24 = flag: flag
# span 0 =      3.957,   3951.648       
# span 1 =   81.37871,   81.38836       
# span 2 =  125.84004,  125.89915       
# span 3 =      4.000,   4032.000       
# span 4 =    -1.7803,     1.6285       
# span 5 =    -1.7799,     1.6282       
# span 6 =  22.493084,  30.466624       
# span 7 =  22.492357,  30.463969       
# span 8 =    27.7848,    34.9409       
# span 9 =    27.7829,    34.9384       
# span 10 =    280.669,    375.897      
# span 11 =    247.183,    369.636      
# span 12 =    -0.1824,     0.3250      
# span 13 =     4.4976,     4.6388      
# span 14 =     0.0627,     4.4304      
# span 15 =     0.0627,     4.4304      
# span 16 =     0.0430,     0.1669      
# span 17 =     0.0177,     0.0380      
# span 18 =       2460,     116372      
# span 19 =     1.7079,    80.8133      
# span 20 =       7.47,     100.00      
# span 21 =     1.4927,     2.6446      
# span 22 =     1.3572,     2.3015      
# span 23 =          7,         28      
# span 24 = 0.0000e+00, 0.0000e+00      
# interval = decibars: 1                
# start_time = Sep 28 2025 09:12:40 [NMEA time, header]
# bad_flag = -9.990e-29
*END*
[from data line 812]
    805.748   81.38052  125.85052    816.000    -0.1918    -0.1922  29.135324  29.132787    34.8584    34.8554    293.707    289.380    -0.1490     4.6313     0.0842     0.0842     0.0496     0.0190      25378    17.6230     100.00     2.1139     1.8686         17 0.0000e+00
    806.733   81.38052  125.85053    817.000    -0.1930    -0.1932  29.135003  29.132876    34.8587    34.8560    293.551    289.231    -0.1288     4.6313     0.0842     0.0842     0.0496     0.0198      25403    17.6403     100.00     2.1128     1.8677         15 0.0000e+00
    807.719   81.38052  125.85054    818.000    -0.1900    -0.1899  29.138553  29.136514    34.8594    34.8566    293.534    288.848    -0.1571     4.6310     0.0842     0.0842     0.0498     0.0187      25429    17.6581     100.00     2.1126     1.8659         17 0.0000e+00
    808.704   81.38052  125.85055    819.000    -0.1825    -0.1828  29.146381  29.144054    34.8607    34.8579    293.366    288.761    -0.1351     4.6312     0.0841     0.0841     0.0497     0.0196      25454    17.6756     100.00     2.1118     1.8656         16 0.0000e+00
    809.690   81.38053  125.85056    820.000    -0.1734    -0.1734  29.155528  29.153479    34.8619    34.8592    293.289    288.682    -0.1624     4.6317     0.0842     0.0842     0.0493     0.0185      25479    17.6933     100.00     2.1116     1.8655         19 0.0000e+00
    810.675   81.38054  125.85058    821.000    -0.1714    -0.1713  29.157727  29.155646    34.8620    34.8591    293.232    289.321    -0.1228     4.6315     0.0842     0.0842     0.0494     0.0201      25505    17.7108     100.00     2.1112     1.8683         16 0.0000e+00
    811.661   81.38054  125.85058    822.000    -0.1732    -0.1731  29.156711  29.154443    34.8621    34.8590    293.244    289.626    -0.1332     4.6313     0.0840     0.0840     0.0496     0.0196      25530    17.7284     100.00     2.1110     1.8695         16 0.0000e+00
    812.646   81.38054  125.85060    823.000    -0.1741    -0.1742  29.156356  29.154095    34.8621    34.8592    293.200    288.968    -0.1325     4.6313     0.0833     0.0833     0.0496     0.0197      25555    17.7460     100.00     2.1105     1.8662         15 0.0000e+00
    813.632   81.38054  125.85060    824.000    -0.1780    -0.1780  29.153346  29.151035    34.8619    34.8588    293.590    288.647    -0.1482     4.6314     0.0855     0.0855     0.0495     0.0191      25581    17.7637     100.00     2.1123     1.8644         19 0.0000e+00
    814.617   81.38054  125.85062    825.000    -0.1806    -0.1807  29.151549  29.149250    34.8619    34.8590    293.367    288.432    -0.1691     4.6311     0.0855     0.0855     0.0497     0.0182      25606    17.7812     100.00     2.1107     1.8631         17 0.0000e+00
    815.603   81.38054  125.85062    826.000    -0.1817    -0.1818  29.151025  29.148838    34.8619    34.8590    292.827    289.182    -0.1656     4.6315     0.0843     0.0843     0.0494     0.0184      25631    17.7988     100.00     2.1075     1.8664         19 0.0000e+00
    816.588   81.38054  125.85064    827.000    -0.1831    -0.1832  29.150254  29.147847    34.8618    34.8588    292.708    289.422    -0.1748     4.6317     0.0841     0.0841     0.0492     0.0180      25656    17.8162     100.00     2.1065     1.8673         16 0.0000e+00
    817.574   81.38054  125.85064    828.000    -0.1855    -0.1857  29.148525  29.146146    34.8617    34.8587    292.603    288.646    -0.1342     4.6308     0.0841     0.0841     0.0499     0.0196      25681    17.8337     100.00     2.1056     1.8634         19 0.0000e+00
    818.559   81.38054  125.85066    829.000    -0.1890    -0.1892  29.145993  29.143454    34.8617    34.8586    292.589    288.493    -0.1694     4.6303     0.0851     0.0851     0.0504     0.0182      25706    17.8510     100.00     2.1052     1.8623         16 0.0000e+00
    819.544   81.38056  125.85066    830.000    -0.1917    -0.1917  29.144026  29.141742    34.8616    34.8585    292.487    288.709    -0.1366     4.6319     0.0847     0.0847     0.0491     0.0195      25732    17.8684     100.00     2.1042     1.8631         17 0.0000e+00
    820.530   81.38056  125.85068    831.000    -0.1953    -0.1955  29.141210  29.138685    34.8613    34.8583    292.608    288.757    -0.1606     4.6320     0.0842     0.0842     0.0490     0.0186      25757    17.8861     100.00     2.1045     1.8630         18 0.0000e+00
    821.515   81.38056  125.85069    832.000    -0.1993    -0.1995  29.138202  29.135656    34.8613    34.8581    292.723    289.159    -0.1270     4.6311     0.0842     0.0842     0.0498     0.0199      25782    17.9034     100.00     2.1047     1.8645         15 0.0000e+00
    822.501   81.38056  125.85070    833.000    -0.2061    -0.2064  29.132583  29.130060    34.8610    34.8580    292.900    289.196    -0.1313     4.6304     0.0842     0.0842     0.0503     0.0197      25808    17.9212     100.00     2.1052     1.8642         18 0.0000e+00
    823.486   81.38056  125.85070    834.000    -0.2096    -0.2097  29.129922  29.127497    34.8608    34.8578    292.907    288.945    -0.1571     4.6306     0.0846     0.0846     0.0501     0.0187      25833    17.9386     100.00     2.1048     1.8627         13 0.0000e+00
    824.472   81.38056  125.85071    835.000    -0.2138    -0.2139  29.126572  29.124263    34.8606    34.8576    293.025    288.955    -0.1432     4.6313     0.0851     0.0851     0.0496     0.0193      25858    17.9563     100.00     2.1051     1.8624         17 0.0000e+00
    825.457   81.38056  125.85072    836.000    -0.2165    -0.2167  29.124680  29.122335    34.8606    34.8577    293.061    289.204    -0.1325     4.6318     0.0830     0.0830     0.0492     0.0197      25883    17.9737     100.00     2.1049     1.8633         15 0.0000e+00
    826.443   81.38056  125.85073    837.000    -0.2196    -0.2198  29.122382  29.120027    34.8604    34.8575    293.152    322.763    -0.1366     4.6313     0.0833     0.0833     0.0496     0.0195      25908    17.9912     100.00     2.1051     2.0190         14 0.0000e+00
    827.428   81.38056  125.85074    838.000    -0.2212    -0.2212  29.121341  29.119190    34.8602    34.8574    293.037    298.924    -0.1608     4.6303     0.0854     0.0854     0.0503     0.0186      25934    18.0089     100.00     2.1042     1.9079         19 0.0000e+00
    828.413   81.38057  125.85075    839.000    -0.2228    -0.2229  29.120269  29.117970    34.8601    34.8572    293.078    303.119    -0.1429     4.6316     0.0830     0.0830     0.0494     0.0193      25959    18.0264     100.00     2.1041     1.9272         17 0.0000e+00
    829.399   81.38058  125.85076    840.000    -0.2275    -0.2276  29.116418  29.114040    34.8598    34.8567    293.171    366.285    -0.1678     4.6315     0.0863     0.0863     0.0494     0.0183      25984    18.0437     100.00     2.1042     2.2202         16 0.0000e+00
    830.384   81.38058  125.85078    841.000    -0.2319    -0.2322  29.113096  29.110756    34.8598    34.8569    293.090    317.098    -0.1543     4.6317     0.0845     0.0845     0.0493     0.0188      26009    18.0612     100.00     2.1033     1.9913         17 0.0000e+00
    831.369   81.38058  125.85078    842.000    -0.2353    -0.2356  29.110398  29.107926    34.8594    34.8565    293.123    300.097    -0.1518     4.6318     0.0853     0.0853     0.0492     0.0189      26034    18.0787     100.00     2.1031     1.9120         16 0.0000e+00
    832.355   81.38058  125.85080    843.000    -0.2435    -0.2434  29.103425  29.101382    34.8589    34.8561    292.975    301.360    -0.1388     4.6313     0.0846     0.0846     0.0496     0.0194      26059    18.0959     100.00     2.1016     1.9174         13 0.0000e+00
    833.340   81.38058  125.85080    844.000    -0.2492    -0.2493  29.099086  29.096703    34.8591    34.8560    293.034    293.941    -0.1310     4.6317     0.0842     0.0842     0.0492     0.0197      26084    18.1134     100.00     2.1015     1.8825         17 0.0000e+00
    834.326   81.38058  125.85082    845.000    -0.2495    -0.2495  29.099138  29.096919    34.8588    34.8559    292.865    293.623    -0.1276     4.6314     0.0842     0.0842     0.0495     0.0199      26110    18.1309     100.00     2.1003     1.8809         17 0.0000e+00
    835.311   81.38058  125.85082    846.000    -0.2328    -0.2324  29.115882  29.113892    34.8615    34.8584    292.822    291.914    -0.1300     4.6313     0.0847     0.0847     0.0496     0.0198      26135    18.1484     100.00     2.1007     1.8735         14 0.0000e+00
    836.296   81.38058  125.85084    847.000    -0.2264    -0.2270  29.121976  29.119193    34.8618    34.8588    292.807    286.187    -0.1346     4.6313     0.0851     0.0851     0.0496     0.0196      26160    18.1660     100.00     2.1007     1.8469         15 0.0000e+00
    837.282   81.38058  125.85084    848.000    -0.2216    -0.2216  29.127151  29.125028    34.8626    34.8598    292.867    290.353    -0.1323     4.6316     0.0843     0.0843     0.0493     0.0197      26185    18.1835     100.00     2.1011     1.8663         14 0.0000e+00
    838.267   81.38060  125.85086    849.000    -0.2176    -0.2175  29.131535  29.129353    34.8633    34.8602    292.861    294.602    -0.1492     4.6314     0.0852     0.0852     0.0495     0.0190      26210    18.2010     100.00     2.1011     1.8860         16 0.0000e+00
    839.252   81.38060  125.85087    850.000    -0.2119    -0.2117  29.137961  29.136022    34.8648    34.8620    292.882    294.866    -0.1648     4.6312     0.0842     0.0842     0.0497     0.0184      26236    18.2186     100.00     2.1013     1.8873         15 0.0000e+00
    840.238   81.38060  125.85088    851.000    -0.2094    -0.2095  29.140969  29.138731    34.8654    34.8625    292.891    291.346    -0.1519     4.6312     0.0830     0.0830     0.0497     0.0189      26261    18.2359     100.00     2.1012     1.8709         14 0.0000e+00
    841.223   81.38060  125.85089    852.000    -0.2096    -0.2096  29.141388  29.139035    34.8655    34.8624    292.939    289.997    -0.1548     4.6314     0.0841     0.0841     0.0495     0.0188      26286    18.2534     100.00     2.1013     1.8645         15 0.0000e+00
    842.208   81.38060  125.85090    853.000    -0.2099    -0.2099  29.141680  29.139482    34.8657    34.8627    292.782    289.476    -0.1388     4.6315     0.0864     0.0864     0.0494     0.0194      26311    18.2709     100.00     2.1002     1.8619         14 0.0000e+00
    843.194   81.38060  125.85091    854.000    -0.2103    -0.2104  29.141704  29.139378    34.8656    34.8627    292.646    289.390    -0.1693     4.6319     0.0858     0.0858     0.0491     0.0182      26336    18.2882     100.00     2.0992     1.8613         13 0.0000e+00
    844.179   81.38060  125.85092    855.000    -0.2121    -0.2121  29.140671  29.138279    34.8656    34.8626    292.549    289.344    -0.1282     4.6319     0.0845     0.0845     0.0490     0.0199      26361    18.3058     100.00     2.0983     1.8608         13 0.0000e+00
    845.164   81.38060  125.85093    856.000    -0.2134    -0.2135  29.139904  29.137560    34.8656    34.8626    292.422    288.822    -0.1656     4.6319     0.0850     0.0850     0.0491     0.0184      26386    18.3232     100.00     2.0974     1.8582         15 0.0000e+00
    846.150   81.38060  125.85094    857.000    -0.2148    -0.2148  29.139173  29.136822    34.8655    34.8625    292.305    289.200    -0.1301     4.6316     0.0843     0.0843     0.0493     0.0198      26412    18.3407     100.00     2.0965     1.8597         14 0.0000e+00
    847.135   81.38061  125.85095    858.000    -0.2179    -0.2178  29.136752  29.134711    34.8654    34.8625    292.444    285.612    -0.1486     4.6314     0.0840     0.0840     0.0495     0.0190      26437    18.3581     100.00     2.0968     1.8428         15 0.0000e+00
    848.120   81.38062  125.85096    859.000    -0.2202    -0.2202  29.135173  29.132969    34.8652    34.8624    292.378    288.667    -0.1433     4.6311     0.0855     0.0855     0.0497     0.0193      26462    18.3756     100.00     2.0962     1.8566         14 0.0000e+00
    849.106   81.38062  125.85096    860.000    -0.2238    -0.2239  29.132336  29.130153    34.8650    34.8621    292.299    291.578    -0.1298     4.6313     0.0854     0.0854     0.0496     0.0198      26487    18.3930     100.00     2.0954     1.8698         14 0.0000e+00
    850.091   81.38062  125.85097    861.000    -0.2277    -0.2278  29.129417  29.127088    34.8650    34.8620    292.293    289.882    -0.1558     4.6314     0.0855     0.0855     0.0495     0.0187      26511    18.4101     100.00     2.0949     1.8616         11 0.0000e+00
    851.076   81.38062  125.85098    862.000    -0.2296    -0.2295  29.128343  29.125996    34.8651    34.8619    292.248    289.230    -0.1375     4.6313     0.0855     0.0855     0.0496     0.0195      26537    18.4280     100.00     2.0944     1.8584         14 0.0000e+00
    852.062   81.38062  125.85100    863.000    -0.2323    -0.2325  29.126098  29.123895    34.8646    34.8618    292.239    288.849    -0.1652     4.6302     0.0855     0.0855     0.0505     0.0184      26563    18.4456     100.00     2.0940     1.8563         16 0.0000e+00
    853.047   81.38062  125.85100    864.000    -0.2363    -0.2365  29.123001  29.120763    34.8645    34.8617    292.331    289.525    -0.1741     4.6309     0.0867     0.0867     0.0499     0.0180      26588    18.4630     100.00     2.0941     1.8591         14 0.0000e+00
    854.032   81.38062  125.85102    865.000    -0.2391    -0.2392  29.121145  29.118788    34.8645    34.8616    292.489    289.058    -0.1691     4.6312     0.0857     0.0857     0.0497     0.0182      26613    18.4803     100.00     2.0946     1.8566         15 0.0000e+00
    855.018   81.38062  125.85102    866.000    -0.2405    -0.2406  29.120167  29.117881    34.8643    34.8614    292.394    290.364    -0.1693     4.6313     0.0845     0.0845     0.0496     0.0182      26638    18.4980     100.00     2.0938     1.8624         14 0.0000e+00
    856.003   81.38062  125.85104    867.000    -0.2436    -0.2436  29.117880  29.115759    34.8642    34.8614    292.413    288.449    -0.1537     4.6313     0.0833     0.0833     0.0496     0.0188      26663    18.5154     100.00     2.0935     1.8533         16 0.0000e+00
    856.988   81.38064  125.85104    868.000    -0.2450    -0.2450  29.117089  29.114892    34.8641    34.8612    292.530    284.122    -0.1312     4.6312     0.0830     0.0830     0.0497     0.0197      26688    18.5329     100.00     2.0939     1.8330         15 0.0000e+00
    857.973   81.38064  125.85104    869.000    -0.2493    -0.2494  29.113685  29.111340    34.8639    34.8610    292.512    290.196    -0.1289     4.6313     0.0850     0.0850     0.0496     0.0198      26714    18.5504     100.00     2.0934     1.8608         16 0.0000e+00
    858.958   81.38064  125.85106    870.000    -0.2536    -0.2538  29.110329  29.107912    34.8638    34.8608    292.445    290.469    -0.1549     4.6313     0.0855     0.0855     0.0496     0.0188      26738    18.5676     100.00     2.0926     1.8617         17 0.0000e+00
    859.944   81.38064  125.85107    871.000    -0.2546    -0.2546  29.109884  29.107660    34.8637    34.8607    292.317    290.373    -0.1468     4.6313     0.0846     0.0846     0.0496     0.0191      26764    18.5851     100.00     2.0917     1.8610         18 0.0000e+00
    860.929   81.38064  125.85108    872.000    -0.2551    -0.2550  29.109817  29.107540    34.8636    34.8605    292.282    289.753    -0.1372     4.6314     0.0850     0.0850     0.0495     0.0195      26789    18.6025     100.00     2.0912     1.8580         16 0.0000e+00
