Continuous CTD Data/01_SBE Stage/nabos_23_01.ros
* Sea-Bird SBE 9 Data File:
* FileName = D:\CTD\data\HLY2502\raw\NABOS_23_01.hex
* Software Version Seasave V 7.26.7.110
* Temperature SN = 6954
* Conductivity SN = 2561
* Number of Bytes Per Scan = 37
* Number of Voltage Words = 4
* Number of Scans Averaged by the Deck Unit = 1
* NMEA Latitude = 79 43.17 N
* NMEA Longitude = 169 12.20 E
* NMEA UTC (Time) = Sep 19 2025  18:25:30
* NMEA baud rate = 9600
** Ship: USCG HEALY
** Bot. Depth:  1200
** Cast Number:  01
** Station Name:  NABOS
** Station Number:  23
** Operator:  STARC
# nquan = 25
# nvalues = 1078                                  
# units = specified
# name 0 = depSM: Depth [salt water, m]
# name 1 = latitude: Latitude [deg]
# name 2 = longitude: Longitude [deg]
# name 3 = prDM: Pressure, Digiquartz [db]
# name 4 = t090C: Temperature [ITS-90, deg C]
# name 5 = t190C: Temperature, 2 [ITS-90, deg C]
# name 6 = c0mS/cm: Conductivity [mS/cm]
# name 7 = c1mS/cm: Conductivity, 2 [mS/cm]
# name 8 = sal00: Salinity, Practical [PSU]
# name 9 = sal11: Salinity, Practical, 2 [PSU]
# name 10 = sbox0Mm/Kg: Oxygen, SBE 43 [umol/kg]
# name 11 = sbox1Mm/Kg: Oxygen, SBE 43, 2 [umol/kg]
# name 12 = flECO-AFL: Fluorescence, WET Labs ECO-AFL/FL [mg/m^3]
# name 13 = v2: Voltage 2
# name 14 = wetCDOM: Fluorescence, WET Labs CDOM [mg/m^3]
# name 15 = v6: Voltage 6
# name 16 = CStarAt0: Beam Attenuation, WET Labs C-Star [1/m]
# name 17 = v3: Voltage 3
# name 18 = scan: Scan Count
# name 19 = timeM: Time, Elapsed [minutes]
# name 20 = altM: Altimeter [m]
# name 21 = sbeox0V: Oxygen raw, SBE 43 [V]
# name 22 = sbeox1V: Oxygen raw, SBE 43, 2 [V]
# name 23 = nbf: Bottles Fired
# name 24 = flag:  0.000e+00
# interval = seconds: 0.0416667
# start_time = Sep 19 2025 18:25:30 [NMEA time, header]
# bad_flag = -9.990e-29
*END*
[from data line 638]
     70.053   79.72278  169.17848     70.813    -1.4899    -1.4907  26.938916  26.935437    33.8112    33.8073    319.232    310.382    -0.1366     4.6264     0.0989     0.0989     0.0538     0.0195      96441    66.9722     100.00     2.3476     2.0428         14  0.000e+00
     69.929   79.72278  169.17848     70.689    -1.4901    -1.4907  26.938856  26.935719    33.8114    33.8077    319.018    310.376    -0.1366     4.6264     0.0989     0.0989     0.0538     0.0195      96442    66.9729     100.00     2.3464     2.0428         14  0.000e+00
     70.053   79.72278  169.17848     70.813    -1.4899    -1.4909  26.938976  26.935720    33.8112    33.8079    319.231    310.631    -0.1061     4.6264     0.0989     0.0989     0.0538     0.0208      96443    66.9736     100.00     2.3476     2.0440         14  0.000e+00
     69.979   79.72278  169.17848     70.739    -1.4902    -1.4909  26.938736  26.935550    33.8113    33.8077    319.021    310.877    -0.1061     4.6264     0.0977     0.0977     0.0538     0.0208      96444    66.9743     100.00     2.3464     2.0452         14  0.000e+00
     69.987   79.72278  169.17848     70.747    -1.4901    -1.4907  26.938496  26.935268    33.8109    33.8071    319.232    310.877    -0.1366     4.6264     0.0989     0.0989     0.0538     0.0195      96445    66.9750     100.00     2.3476     2.0452         14  0.000e+00
     70.053   79.72278  169.17848     70.813    -1.4901    -1.4910  26.938856  26.935437    33.8113    33.8076    319.023    311.130    -0.1366     4.6264     0.0989     0.0989     0.0538     0.0195      96446    66.9757     100.00     2.3464     2.0465         14  0.000e+00
     69.979   79.72278  169.17848     70.739    -1.4901    -1.4907  26.938856  26.935437    33.8114    33.8073    319.020    311.125    -0.1366     4.6264     0.0989     0.0989     0.0538     0.0195      96447    66.9764     100.00     2.3464     2.0465         14  0.000e+00
     69.987   79.72278  169.17848     70.747    -1.4902    -1.4906  26.938676  26.936115    33.8112    33.8081    319.231    311.122    -0.1061     4.6264     0.0977     0.0977     0.0538     0.0208      96448    66.9771     100.00     2.3476     2.0465         14  0.000e+00
     69.987   79.72278  169.17848     70.747    -1.4900    -1.4906  26.938916  26.936002    33.8113    33.8080    319.440    310.874    -0.1366     4.6264     0.0977     0.0977     0.0538     0.0195      96449    66.9778     100.00     2.3488     2.0452         14  0.000e+00
     69.987   79.72278  169.17848     70.747    -1.4901    -1.4907  26.938856  26.936002    33.8113    33.8081    319.230    310.875    -0.1366     4.6276     0.0989     0.0989     0.0527     0.0195      96450    66.9785     100.00     2.3476     2.0452         14  0.000e+00
     69.979   79.72278  169.17848     70.739    -1.4900    -1.4907  26.938796  26.936171    33.8112    33.8083    319.019    310.874    -0.1366     4.6276     0.0989     0.0989     0.0527     0.0195      96451    66.9792     100.00     2.3464     2.0452         14  0.000e+00
     70.053   79.72278  169.17848     70.813    -1.4901    -1.4909  26.938676  26.936058    33.8111    33.8083    319.024    311.127    -0.1366     4.6264     0.0989     0.0989     0.0538     0.0195      96452    66.9799     100.00     2.3464     2.0465         14  0.000e+00
     69.987   79.72278  169.17848     70.747    -1.4902    -1.4906  26.938496  26.935945    33.8109    33.8079    319.022    311.123    -0.1366     4.6276     0.0989     0.0989     0.0527     0.0195      96453    66.9806     100.00     2.3464     2.0465         14  0.000e+00
     69.979   79.72278  169.17848     70.739    -1.4905    -1.4907  26.938676  26.936002    33.8115    33.8081    319.233    311.123    -0.1366     4.6276     0.0989     0.0989     0.0527     0.0195      96454    66.9813     100.00     2.3476     2.0465         14  0.000e+00
     69.987   79.72278  169.17848     70.747    -1.4904    -1.4907  26.938796  26.936171    33.8115    33.8083    319.022    311.123    -0.1366     4.6276     0.0977     0.0977     0.0527     0.0195      96455    66.9819     100.00     2.3464     2.0465         14  0.000e+00
     70.053   79.72278  169.17848     70.813    -1.4901    -1.4906  26.938976  26.936397    33.8115    33.8085    319.233    310.875    -0.1366     4.6276     0.0977     0.0977     0.0527     0.0195      96456    66.9826     100.00     2.3476     2.0452         14  0.000e+00
     69.987   79.72278  169.17848     70.747    -1.4902    -1.4904  26.938736  26.936341    33.8113    33.8082    319.021    311.120    -0.1366     4.6276     0.0977     0.0977     0.0527     0.0195      96457    66.9833     100.00     2.3464     2.0465         14  0.000e+00
     69.979   79.72278  169.17848     70.739    -1.4905    -1.4903  26.938135  26.936623    33.8108    33.8085    319.025    311.118    -0.1366     4.6264     0.0977     0.0977     0.0538     0.0195      96458    66.9840     100.00     2.3464     2.0465         14  0.000e+00
     70.053   79.72278  169.17848     70.813    -1.4907    -1.4903  26.937235  26.936228    33.8097    33.8079    319.243    311.122    -0.1366     4.6264     0.0977     0.0977     0.0538     0.0195      96459    66.9847     100.00     2.3476     2.0465         14  0.000e+00
     69.987   79.72278  169.17848     70.747    -1.4909    -1.4903  26.937175  26.936341    33.8099    33.8081    319.241    311.119    -0.1366     4.6276     0.0977     0.0977     0.0527     0.0195      96460    66.9854     100.00     2.3476     2.0465         14  0.000e+00
     69.979   79.72278  169.17848     70.739    -1.4906    -1.4904  26.937115  26.936510    33.8095    33.8085    319.239    311.119    -0.1366     4.6264     0.0977     0.0977     0.0538     0.0195      96461    66.9861     100.00     2.3476     2.0465         14  0.000e+00
     69.987   79.72278  169.17848     70.747    -1.4904    -1.4904  26.937595  26.936058    33.8099    33.8078    319.236    311.121    -0.1366     4.6276     0.0977     0.0977     0.0527     0.0195      96462    66.9868     100.00     2.3476     2.0465         14  0.000e+00
     69.987   79.72278  169.17848     70.747    -1.4905    -1.4904  26.938135  26.936002    33.8108    33.8078    319.445    311.121    -0.1366     4.6276     0.0977     0.0977     0.0527     0.0195      96463    66.9875     100.00     2.3488     2.0465         14  0.000e+00
     70.053   79.72278  169.17848     70.813    -1.4902    -1.4904  26.938436  26.936171    33.8108    33.8079    319.235    311.123    -0.1366     4.6276     0.0977     0.0977     0.0527     0.0195      96464    66.9882     100.00     2.3476     2.0465         14  0.000e+00
     69.979   79.72278  169.17848     70.739    -1.4900    -1.4906  26.938796  26.935889    33.8112    33.8078    319.229    310.874    -0.1366     4.6264     0.0977     0.0977     0.0538     0.0195      96465    66.9889     100.00     2.3476     2.0452         14  0.000e+00
     69.987   79.72278  169.17848     70.747    -1.4899    -1.4904  26.938976  26.935889    33.8113    33.8076    319.228    310.873    -0.1366     4.6276     0.0977     0.0977     0.0527     0.0195      96466    66.9896     100.00     2.3476     2.0452         14  0.000e+00
     69.987   79.72278  169.17848     70.747    -1.4900    -1.4906  26.938856  26.936002    33.8112    33.8080    319.019    310.873    -0.1366     4.6264     0.0977     0.0977     0.0538     0.0195      96467    66.9903     100.00     2.3464     2.0452         14  0.000e+00
     70.044   79.72278  169.17848     70.805    -1.4899    -1.4906  26.938796  26.936171    33.8110    33.8082    319.231    310.875    -0.1366     4.6264     0.0977     0.0977     0.0538     0.0195      96468    66.9910     100.00     2.3476     2.0452         14  0.000e+00
     69.987   79.72278  169.17848     70.747    -1.4899    -1.4907  26.938856  26.935889    33.8111    33.8079    319.228    310.875    -0.1061     4.6276     0.0977     0.0977     0.0527     0.0208      96469    66.9917     100.00     2.3476     2.0452         14  0.000e+00
     69.987   79.72278  169.17848     70.747    -1.4899    -1.4906  26.939396  26.935719    33.8118    33.8076    319.226    310.874    -0.1366     4.6276     0.0977     0.0977     0.0527     0.0195      96470    66.9924     100.00     2.3476     2.0452         14  0.000e+00
     69.987   79.72278  169.17848     70.747    -1.4899    -1.4907  26.939156  26.935945    33.8115    33.8080    319.227    310.874    -0.1366     4.6276     0.0977     0.0977     0.0527     0.0195      96471    66.9931     100.00     2.3476     2.0452         14  0.000e+00
     70.044   79.72278  169.17848     70.805    -1.4899    -1.4909  26.939036  26.935381    33.8113    33.8074    319.440    310.880    -0.1366     4.6276     0.0977     0.0977     0.0527     0.0195      96472    66.9938     100.00     2.3488     2.0452         14  0.000e+00
     69.987   79.72278  169.17848     70.747    -1.4899    -1.4906  26.939156  26.935211    33.8115    33.8069    319.227    310.627    -0.1366     4.6276     0.0977     0.0977     0.0527     0.0195      96473    66.9944     100.00     2.3476     2.0440         14  0.000e+00
     69.987   79.72278  169.17848     70.747    -1.4897    -1.4909  26.939036  26.935211    33.8111    33.8072    319.226    310.629    -0.1061     4.6276     0.0977     0.0977     0.0527     0.0208      96474    66.9951     100.00     2.3476     2.0440         14  0.000e+00
     69.987   79.72278  169.17848     70.747    -1.4901    -1.4910  26.939036  26.935211    33.8116    33.8073    319.439    310.630    -0.1061     4.6276     0.0977     0.0977     0.0527     0.0208      96475    66.9958     100.00     2.3488     2.0440         14  0.000e+00
     70.044   79.72278  169.17848     70.805    -1.4899    -1.4911  26.938856  26.934986    33.8110    33.8071    319.441    310.385    -0.1061     4.6276     0.0977     0.0977     0.0527     0.0208      96476    66.9965     100.00     2.3488     2.0428         14  0.000e+00
     69.987   79.72278  169.17848     70.747    -1.4899    -1.4910  26.938796  26.935155    33.8110    33.8073    319.439    310.381    -0.1366     4.6276     0.0977     0.0977     0.0527     0.0195      96477    66.9972     100.00     2.3488     2.0428         14  0.000e+00
     69.987   79.72280  169.17848     70.747    -1.4900    -1.4909  26.938856  26.935607    33.8112    33.8078    319.439    310.628    -0.1366     4.6276     0.0977     0.0977     0.0527     0.0195      96478    66.9979     100.00     2.3488     2.0440         14  0.000e+00
     70.044   79.72280  169.17848     70.805    -1.4901    -1.4906  26.938796  26.935776    33.8113    33.8076    319.443    310.628    -0.1366     4.6276     0.0977     0.0977     0.0527     0.0195      96479    66.9986     100.00     2.3488     2.0440         14  0.000e+00
     69.987   79.72280  169.17848     70.747    -1.4897    -1.4906  26.938796  26.935719    33.8108    33.8076    319.227    310.874    -0.1366     4.6276     0.0977     0.0977     0.0527     0.0195      96480    66.9993     100.00     2.3476     2.0452         14  0.000e+00
     69.987   79.72280  169.17848     70.747    -1.4901    -1.4904  26.938796  26.935945    33.8113    33.8077    319.230    310.872    -0.1366     4.6276     0.0977     0.0977     0.0527     0.0195      96481    67.0000     100.00     2.3476     2.0452         14  0.000e+00
     69.987   79.72280  169.17848     70.747    -1.4899    -1.4907  26.938856  26.935550    33.8111    33.8075    319.439    310.876    -0.1366     4.6276     0.0977     0.0977     0.0527     0.0195      96482    67.0007     100.00     2.3488     2.0452         14  0.000e+00
     70.044   79.72280  169.17848     70.805    -1.4900    -1.4907  26.938796  26.935889    33.8111    33.8079    319.232    310.877    -0.1366     4.6276     0.0977     0.0977     0.0527     0.0195      96483    67.0014     100.00     2.3476     2.0452         14  0.000e+00
     69.987   79.72280  169.17848     70.747    -1.4901    -1.4909  26.938556  26.935776    33.8109    33.8080    319.441    310.876    -0.1366     4.6276     0.0977     0.0977     0.0527     0.0195      96484    67.0021     100.00     2.3488     2.0452         14  0.000e+00
     69.987   79.72280  169.17848     70.747    -1.4903    -1.4907  26.938856  26.935381    33.8116    33.8072    319.441    310.876    -0.1061     4.6276     0.0977     0.0977     0.0527     0.0208      96485    67.0028     100.00     2.3488     2.0452         14  0.000e+00
     69.979   79.72280  169.17848     70.739    -1.4902    -1.4907  26.938556  26.935607    33.8110    33.8076    319.441    310.626    -0.1366     4.6276     0.0977     0.0977     0.0527     0.0195      96486    67.0035     100.00     2.3488     2.0440         14  0.000e+00
     69.987   79.72280  169.17848     70.747    -1.4901    -1.4907  26.939036  26.935381    33.8116    33.8072    319.439    310.627    -0.1366     4.6276     0.0977     0.0977     0.0527     0.0195      96487    67.0042     100.00     2.3488     2.0440         14  0.000e+00
     70.053   79.72280  169.17848     70.813    -1.4899    -1.4907  26.938916  26.935776    33.8112    33.8077    319.231    310.380    -0.1366     4.6276     0.0977     0.0977     0.0527     0.0195      96488    67.0049     100.00     2.3476     2.0428         14  0.000e+00
     55.419   79.72290  169.17796     56.018    -1.5938    -1.5931  26.518750  26.518119    33.3566    33.3549    334.457    325.314    -0.1061     4.6239     0.1038     0.1038     0.0559     0.0208      98491    68.3958     100.00     2.4268     2.1086         15  0.000e+00
     55.394   79.72290  169.17796     55.993    -1.5935    -1.5933  26.518929  26.518512    33.3565    33.3557    334.664    325.064    -0.0755     4.6239     0.1038     0.1038     0.0559     0.0220      98492    68.3965     100.00     2.4280     2.1074         15  0.000e+00
     55.419   79.72290  169.17796     56.018    -1.5940    -1.5936  26.518989  26.518400    33.3571    33.3558    334.668    325.317    -0.1061     4.6239     0.1038     0.1038     0.0559     0.0208      98493    68.3972     100.00     2.4280     2.1086         15  0.000e+00
     55.394   79.72290  169.17796     55.993    -1.5937    -1.5936  26.518929  26.518512    33.3567    33.3560    334.665    325.315    -0.1061     4.6239     0.1050     0.1050     0.0559     0.0208      98494    68.3979     100.00     2.4280     2.1086         15  0.000e+00
     55.419   79.72290  169.17796     56.018    -1.5940    -1.5934  26.518989  26.518287    33.3571    33.3554    334.457    325.316    -0.0755     4.6239     0.1038     0.1038     0.0559     0.0220      98495    68.3986     100.00     2.4268     2.1086         15  0.000e+00
     55.394   79.72290  169.17796     55.993    -1.5940    -1.5931  26.519287  26.518287    33.3575    33.3552    334.666    325.063    -0.0755     4.6239     0.1038     0.1038     0.0559     0.0220      98496    68.3993     100.00     2.4280     2.1074         15  0.000e+00
     55.394   79.72290  169.17794     55.993    -1.5940    -1.5928  26.519586  26.517950    33.3580    33.3543    334.665    325.312    -0.0755     4.6239     0.1038     0.1038     0.0559     0.0220      98497    68.4000     100.00     2.4280     2.1086         15  0.000e+00
     55.419   79.72290  169.17794     56.018    -1.5941    -1.5928  26.519526  26.518063    33.3580    33.3545    334.456    325.312    -0.0755     4.6239     0.1038     0.1038     0.0559     0.0220      98498    68.4007     100.00     2.4268     2.1086         15  0.000e+00
     55.394   79.72290  169.17794     55.993    -1.5941    -1.5930  26.519586  26.517894    33.3581    33.3544    334.665    325.563    -0.0755     4.6239     0.1038     0.1038     0.0559     0.0220      98499    68.4014     100.00     2.4280     2.1098         15  0.000e+00
