Continuous CTD Data/01_SBE Stage/nabos_10_01.ros
* Sea-Bird SBE 9 Data File:
* FileName = D:\CTD\data\HLY2502\raw\NABOS_10_01.hex
* Software Version Seasave V 7.26.7.110
* Temperature SN = 6954
* Conductivity SN = 2561
* Number of Bytes Per Scan = 37
* Number of Voltage Words = 4
* Number of Scans Averaged by the Deck Unit = 1
* NMEA Latitude = 76 35.18 N
* NMEA Longitude = 179 42.41 W
* NMEA UTC (Time) = Sep 16 2025  00:09:49
* NMEA baud rate = 9600
** Ship: USCG HEALY
** Bot. Depth:  1171
** Cast Number:  01
** Station Name:  NABOS
** Station Number:  10
** Operator:  STARC
** normal CTD cast down to 1165m
# nquan = 25
# nvalues = 1176                                  
# units = specified
# name 0 = depSM: Depth [salt water, m]
# name 1 = latitude: Latitude [deg]
# name 2 = longitude: Longitude [deg]
# name 3 = prDM: Pressure, Digiquartz [db]
# name 4 = t090C: Temperature [ITS-90, deg C]
# name 5 = t190C: Temperature, 2 [ITS-90, deg C]
# name 6 = c0mS/cm: Conductivity [mS/cm]
# name 7 = c1mS/cm: Conductivity, 2 [mS/cm]
# name 8 = sal00: Salinity, Practical [PSU]
# name 9 = sal11: Salinity, Practical, 2 [PSU]
# name 10 = sbox0Mm/Kg: Oxygen, SBE 43 [umol/kg]
# name 11 = sbox1Mm/Kg: Oxygen, SBE 43, 2 [umol/kg]
# name 12 = flECO-AFL: Fluorescence, WET Labs ECO-AFL/FL [mg/m^3]
# name 13 = v2: Voltage 2
# name 14 = wetCDOM: Fluorescence, WET Labs CDOM [mg/m^3]
# name 15 = v6: Voltage 6
# name 16 = CStarAt0: Beam Attenuation, WET Labs C-Star [1/m]
# name 17 = v3: Voltage 3
# name 18 = scan: Scan Count
# name 19 = timeM: Time, Elapsed [minutes]
# name 20 = altM: Altimeter [m]
# name 21 = sbeox0V: Oxygen raw, SBE 43 [V]
# name 22 = sbeox1V: Oxygen raw, SBE 43, 2 [V]
# name 23 = nbf: Bottles Fired
# name 24 = flag:  0.000e+00
# interval = seconds: 0.0416667
# start_time = Sep 16 2025 00:09:49 [NMEA time, header]
# bad_flag = -9.990e-29
*END*
[from data line 406]
    199.935   76.58606 -179.70710    202.147     0.3403     0.3425  29.159997  29.161766    34.6539    34.6537    300.284    292.401    -0.1671     4.6569     0.0842     0.0842     0.0275     0.0183     101500    70.4854     100.00     2.3152     2.0186          9  0.000e+00
    199.812   76.58606 -179.70710    202.022     0.3405     0.3426  29.160121  29.161708    34.6539    34.6536    300.277    292.396    -0.1671     4.6569     0.0855     0.0855     0.0275     0.0183     101501    70.4861     100.00     2.3152     2.0186          9  0.000e+00
    199.911   76.58606 -179.70710    202.122     0.3406     0.3427  29.159750  29.161592    34.6532    34.6533    300.281    292.638    -0.1671     4.6569     0.0855     0.0855     0.0275     0.0183     101502    70.4868     100.00     2.3152     2.0198          9  0.000e+00
    199.870   76.58606 -179.70710    202.081     0.3406     0.3423  29.159441  29.161301    34.6528    34.6534    300.280    292.877    -0.1671     4.6569     0.0842     0.0842     0.0275     0.0183     101503    70.4875     100.00     2.3152     2.0211          9  0.000e+00
    199.812   76.58606 -179.70710    202.022     0.3406     0.3419  29.159750  29.161243    34.6533    34.6538    300.479    293.116    -0.1671     4.6569     0.0842     0.0842     0.0275     0.0183     101504    70.4882     100.00     2.3164     2.0223          9  0.000e+00
    199.911   76.58606 -179.70710    202.122     0.3406     0.3422  29.159874  29.161417    34.6534    34.6536    300.482    292.879    -0.1671     4.6569     0.0855     0.0855     0.0275     0.0183     101505    70.4889     100.00     2.3164     2.0211          9  0.000e+00
    199.870   76.58606 -179.70710    202.081     0.3408     0.3422  29.159935  29.161126    34.6533    34.6533    300.479    292.640    -0.1671     4.6569     0.0842     0.0842     0.0275     0.0183     101506    70.4896     100.00     2.3164     2.0198          9  0.000e+00
    199.870   76.58606 -179.70710    202.081     0.3406     0.3428  29.159688  29.160952    34.6531    34.6524    300.481    292.399    -0.1671     4.6581     0.0842     0.0842     0.0264     0.0183     101507    70.4903     100.00     2.3164     2.0186          9  0.000e+00
    199.870   76.58606 -179.70710    202.081     0.3405     0.3436  29.159812  29.161359    34.6535    34.6520    300.280    292.393    -0.1976     4.6569     0.0855     0.0855     0.0275     0.0171     101508    70.4910     100.00     2.3152     2.0186          9  0.000e+00
    199.845   76.58606 -179.70710    202.056     0.3406     0.3443  29.159873  29.161126    34.6534    34.6509    300.278    292.388    -0.1976     4.6569     0.0855     0.0855     0.0275     0.0171     101509    70.4917     100.00     2.3152     2.0186          9  0.000e+00
    199.870   76.58606 -179.70710    202.081     0.3406     0.3438  29.159688  29.160777    34.6531    34.6510    300.280    292.632    -0.1366     4.6569     0.0855     0.0855     0.0275     0.0195     101510    70.4924     100.00     2.3152     2.0198          9  0.000e+00
    199.870   76.58606 -179.70710    202.081     0.3405     0.3439  29.159812  29.160487    34.6535    34.6505    300.280    292.870    -0.1366     4.6581     0.0842     0.0842     0.0264     0.0195     101511    70.4931     100.00     2.3152     2.0211          9  0.000e+00
    199.845   76.58606 -179.70710    202.056     0.3403     0.3431  29.159688  29.160022    34.6535    34.6508    300.482    292.876    -0.1366     4.6581     0.0855     0.0855     0.0264     0.0195     101512    70.4938     100.00     2.3164     2.0211          9  0.000e+00
    199.870   76.58606 -179.70710    202.081     0.3403     0.3427  29.159441  29.160080    34.6532    34.6514    300.484    292.879    -0.1366     4.6581     0.0855     0.0855     0.0264     0.0195     101513    70.4944     100.00     2.3164     2.0211          9  0.000e+00
    199.870   76.58606 -179.70710    202.081     0.3405     0.3425  29.159750  29.160138    34.6534    34.6516    300.280    292.880    -0.1366     4.6569     0.0842     0.0842     0.0275     0.0195     101514    70.4951     100.00     2.3152     2.0211          9  0.000e+00
    199.870   76.58606 -179.70710    202.081     0.3405     0.3420  29.159688  29.160138    34.6533    34.6522    300.482    292.644    -0.1366     4.6581     0.0855     0.0855     0.0264     0.0195     101515    70.4958     100.00     2.3164     2.0198          9  0.000e+00
    199.845   76.58606 -179.70710    202.056     0.3406     0.3418  29.159626  29.160138    34.6531    34.6524    300.480    292.644    -0.1366     4.6581     0.0842     0.0842     0.0264     0.0195     101516    70.4965     100.00     2.3164     2.0198          9  0.000e+00
    199.935   76.58606 -179.70710    202.147     0.3405     0.3420  29.159812  29.160138    34.6534    34.6521    300.283    292.647    -0.1366     4.6581     0.0830     0.0830     0.0264     0.0195     101517    70.4972     100.00     2.3152     2.0198          9  0.000e+00
    199.812   76.58606 -179.70710    202.022     0.3405     0.3418  29.159688  29.160138    34.6534    34.6524    300.479    292.404    -0.1366     4.6581     0.0830     0.0830     0.0264     0.0195     101518    70.4979     100.00     2.3164     2.0186          9  0.000e+00
    199.911   76.58606 -179.70710    202.122     0.3405     0.3418  29.159874  29.159673    34.6535    34.6517    300.282    292.410    -0.1061     4.6581     0.0818     0.0818     0.0264     0.0208     101519    70.4986     100.00     2.3152     2.0186          9  0.000e+00
    199.870   76.58606 -179.70710    202.081     0.3405     0.3420  29.159688  29.159964    34.6533    34.6519    300.482    292.406    -0.1366     4.6581     0.0830     0.0830     0.0264     0.0195     101520    70.4993     100.00     2.3164     2.0186          9  0.000e+00
    199.812   76.58606 -179.70710    202.022     0.3406     0.3417  29.159812  29.159963    34.6533    34.6523    300.478    292.644    -0.1366     4.6581     0.0830     0.0830     0.0264     0.0195     101521    70.5000     100.00     2.3164     2.0198          9  0.000e+00
    199.935   76.58606 -179.70710    202.147     0.3403     0.3414  29.159874  29.160080    34.6537    34.6527    300.485    292.889    -0.1366     4.6581     0.0830     0.0830     0.0264     0.0195     101522    70.5007     100.00     2.3164     2.0211          9  0.000e+00
    199.845   76.58606 -179.70710    202.056     0.3405     0.3416  29.159935  29.159731    34.6537    34.6522    300.480    293.124    -0.1061     4.6581     0.0830     0.0830     0.0264     0.0208     101523    70.5014     100.00     2.3164     2.0223          9  0.000e+00
    199.870   76.58606 -179.70710    202.081     0.3405     0.3422  29.159874  29.160196    34.6536    34.6520    300.280    293.119    -0.1366     4.6569     0.0830     0.0830     0.0275     0.0195     101524    70.5021     100.00     2.3152     2.0223          9  0.000e+00
    199.812   76.58606 -179.70710    202.022     0.3405     0.3425  29.159873  29.160777    34.6536    34.6525    300.479    292.875    -0.1366     4.6581     0.0830     0.0830     0.0264     0.0195     101525    70.5028     100.00     2.3164     2.0211          9  0.000e+00
    199.911   76.58606 -179.70710    202.122     0.3405     0.3428  29.159688  29.160952    34.6533    34.6523    300.282    292.639    -0.1061     4.6581     0.0818     0.0818     0.0264     0.0208     101526    70.5035     100.00     2.3152     2.0198          9  0.000e+00
    199.870   76.58606 -179.70710    202.081     0.3405     0.3427  29.159626  29.161359    34.6532    34.6530    300.482    292.160    -0.1366     4.6581     0.0830     0.0830     0.0264     0.0195     101527    70.5042     100.00     2.3164     2.0174          9  0.000e+00
    199.870   76.58606 -179.70710    202.081     0.3405     0.3433  29.159812  29.161126    34.6535    34.6521    300.280    291.919    -0.1366     4.6569     0.0830     0.0830     0.0275     0.0195     101528    70.5049     100.00     2.3152     2.0162          9  0.000e+00
    199.870   76.58606 -179.70710    202.081     0.3408     0.3439  29.159935  29.161184    34.6533    34.6514    300.479    291.915    -0.1366     4.6581     0.0830     0.0830     0.0264     0.0195     101529    70.5056     100.00     2.3164     2.0162          9  0.000e+00
    199.845   76.58606 -179.70710    202.056     0.3406     0.3445  29.159873  29.161068    34.6534    34.6506    300.479    291.672    -0.1366     4.6581     0.0830     0.0830     0.0264     0.0195     101530    70.5062     100.00     2.3164     2.0149          9  0.000e+00
    199.870   76.58606 -179.70710    202.081     0.3403     0.3445  29.159874  29.161184    34.6538    34.6507    300.281    291.434    -0.1061     4.6593     0.0830     0.0830     0.0254     0.0208     101531    70.5069     100.00     2.3152     2.0137          9  0.000e+00
    199.870   76.58606 -179.70710    202.081     0.3405     0.3448  29.159688  29.161242    34.6533    34.6505    300.482    291.433    -0.1366     4.6581     0.0830     0.0830     0.0264     0.0195     101532    70.5076     100.00     2.3164     2.0137          9  0.000e+00
    199.845   76.58606 -179.70710    202.056     0.3405     0.3450  29.159873  29.161242    34.6536    34.6503    300.279    291.669    -0.1671     4.6581     0.0830     0.0830     0.0264     0.0183     101533    70.5083     100.00     2.3152     2.0149          9  0.000e+00
    199.870   76.58606 -179.70710    202.081     0.3403     0.3459  29.159688  29.161824    34.6535    34.6500    300.483    291.663    -0.1671     4.6581     0.0830     0.0830     0.0264     0.0183     101534    70.5090     100.00     2.3164     2.0149          9  0.000e+00
    174.983   76.58612 -179.70692    176.908    -0.1661    -0.1690  28.635217  28.631323    34.5463    34.5444    303.115    300.823    -0.1366     4.6569     0.0842     0.0842     0.0275     0.0195     104911    72.8542     100.00     2.3099     2.0428         10  0.000e+00
    174.926   76.58612 -179.70692    176.850    -0.1663    -0.1692  28.635340  28.631265    34.5468    34.5446    303.114    300.339    -0.1366     4.6581     0.0855     0.0855     0.0264     0.0195     104912    72.8549     100.00     2.3099     2.0403         10  0.000e+00
    174.926   76.58612 -179.70692    176.850    -0.1662    -0.1692  28.635033  28.631439    34.5463    34.5448    303.318    300.097    -0.1366     4.6581     0.0855     0.0855     0.0264     0.0195     104913    72.8556     100.00     2.3112     2.0391         10  0.000e+00
    174.934   76.58612 -179.70692    176.858    -0.1662    -0.1690  28.635647  28.631150    34.5471    34.5442    303.112    300.097    -0.1366     4.6581     0.0842     0.0842     0.0264     0.0195     104914    72.8563     100.00     2.3099     2.0391         10  0.000e+00
    174.983   76.58612 -179.70692    176.908    -0.1662    -0.1692  28.635586  28.631208    34.5470    34.5445    302.911    300.100    -0.1366     4.6569     0.0855     0.0855     0.0275     0.0195     104915    72.8569     100.00     2.3087     2.0391         10  0.000e+00
    174.868   76.58612 -179.70692    176.792    -0.1662    -0.1692  28.635217  28.631092    34.5465    34.5444    303.111    300.337    -0.1366     4.6581     0.0855     0.0855     0.0264     0.0195     104916    72.8576     100.00     2.3099     2.0403         10  0.000e+00
    174.926   76.58612 -179.70692    176.850    -0.1657    -0.1692  28.635524  28.631381    34.5463    34.5447    303.109    300.097    -0.1366     4.6581     0.0855     0.0855     0.0264     0.0195     104917    72.8583     100.00     2.3099     2.0391         10  0.000e+00
    174.926   76.58612 -179.70692    176.850    -0.1659    -0.1692  28.635708  28.631727    34.5468    34.5452    303.110    299.614    -0.1366     4.6581     0.0855     0.0855     0.0264     0.0195     104918    72.8590     100.00     2.3099     2.0366         10  0.000e+00
    174.934   76.58612 -179.70692    176.858    -0.1658    -0.1690  28.635524  28.631612    34.5465    34.5449    303.111    299.372    -0.1366     4.6581     0.0842     0.0842     0.0264     0.0195     104919    72.8597     100.00     2.3099     2.0354         10  0.000e+00
    174.926   76.58612 -179.70692    176.850    -0.1658    -0.1690  28.635831  28.631323    34.5469    34.5445    303.109    298.890    -0.1366     4.6569     0.0855     0.0855     0.0275     0.0195     104920    72.8604     100.00     2.3099     2.0330         10  0.000e+00
    174.926   76.58612 -179.70692    176.850    -0.1658    -0.1687  28.635585  28.631265    34.5466    34.5441    303.110    298.647    -0.1976     4.6569     0.0855     0.0855     0.0275     0.0171     104921    72.8611     100.00     2.3099     2.0317         10  0.000e+00
    174.983   76.58612 -179.70692    176.908    -0.1658    -0.1690  28.635831  28.631439    34.5468    34.5446    303.111    298.168    -0.1671     4.6581     0.0855     0.0855     0.0264     0.0183     104922    72.8618     100.00     2.3099     2.0293         10  0.000e+00
    174.926   76.58612 -179.70692    176.850    -0.1654    -0.1689  28.635954  28.631554    34.5466    34.5446    303.106    297.682    -0.1671     4.6569     0.0855     0.0855     0.0275     0.0183     104923    72.8625     100.00     2.3099     2.0269         10  0.000e+00
    174.934   76.58612 -179.70692    176.858    -0.1650    -0.1689  28.635954  28.631727    34.5461    34.5449    303.104    297.199    -0.1976     4.6581     0.0855     0.0855     0.0264     0.0171     104924    72.8632     100.00     2.3099     2.0244         10  0.000e+00
    174.926   76.58612 -179.70692    176.850    -0.1651    -0.1689  28.636015  28.631612    34.5463    34.5447    303.104    297.199    -0.1671     4.6569     0.0842     0.0842     0.0275     0.0183     104925    72.8639     100.00     2.3099     2.0244         10  0.000e+00
    174.926   76.58612 -179.70692    176.850    -0.1651    -0.1689  28.635770  28.631900    34.5460    34.5451    302.901    296.957    -0.1976     4.6569     0.0855     0.0855     0.0275     0.0171     104926    72.8646     100.00     2.3087     2.0232         10  0.000e+00
    174.926   76.58612 -179.70692    176.850    -0.1649    -0.1689  28.636076  28.631669    34.5461    34.5448    303.102    296.717    -0.1671     4.6581     0.0855     0.0855     0.0264     0.0183     104927    72.8653     100.00     2.3099     2.0220         10  0.000e+00
    174.983   76.58612 -179.70692    176.908    -0.1648    -0.1687  28.635831  28.631727    34.5457    34.5446    303.105    296.235    -0.1671     4.6581     0.0855     0.0855     0.0264     0.0183     104928    72.8660     100.00     2.3099     2.0195         10  0.000e+00
    174.934   76.58612 -179.70692    176.858    -0.1647    -0.1692  28.635708  28.631612    34.5455    34.5450    303.103    295.995    -0.1671     4.6569     0.0855     0.0855     0.0275     0.0183     104929    72.8667     100.00     2.3099     2.0183         10  0.000e+00
    174.926   76.58612 -179.70692    176.850    -0.1643    -0.1687  28.635524  28.631727    34.5448    34.5447    303.101    295.750    -0.1976     4.6581     0.0855     0.0855     0.0264     0.0171     104930    72.8674     100.00     2.3099     2.0171         10  0.000e+00
    174.868   76.58612 -179.70692    176.792    -0.1644    -0.1689  28.635831  28.631612    34.5453    34.5448    303.097    295.508    -0.1671     4.6581     0.0842     0.0842     0.0264     0.0183     104931    72.8681     100.00     2.3099     2.0159         10  0.000e+00
    174.983   76.58612 -179.70692    176.908    -0.1645    -0.1689  28.636199  28.631554    34.5458    34.5446    303.306    295.513    -0.1671     4.6581     0.0842     0.0842     0.0264     0.0183     104932    72.8688     100.00     2.3112     2.0159         10  0.000e+00
