Continuous CTD Data/01_SBE Stage/nabos_25_01avg.cnv
* Sea-Bird SBE 9 Data File:
* FileName = D:\CTD\data\HLY2502\raw\NABOS_25_01.hex
* Software Version Seasave V 7.26.7.110
* Temperature SN = 6954
* Conductivity SN = 2561
* Number of Bytes Per Scan = 37
* Number of Voltage Words = 4
* Number of Scans Averaged by the Deck Unit = 1
* NMEA Latitude = 80 21.66 N
* NMEA Longitude = 163 54.90 E
* NMEA UTC (Time) = Sep 20 2025  10:52:56
* NMEA baud rate = 9600
** Ship: USCG HEALY
** Bot. Depth:  2763
** Cast Number:  01
** Station Name:  NABOS
** Station Number:  25
** Operator:  STARC
# nquan = 25
# nvalues = 1215                        
# units = specified
# name 0 = depSM: Depth [salt water, m]
# name 1 = latitude: Latitude [deg]
# name 2 = longitude: Longitude [deg]
# name 3 = prDM: Pressure, Digiquartz [db]
# name 4 = t090C: Temperature [ITS-90, deg C]
# name 5 = t190C: Temperature, 2 [ITS-90, deg C]
# name 6 = c0mS/cm: Conductivity [mS/cm]
# name 7 = c1mS/cm: Conductivity, 2 [mS/cm]
# name 8 = sal00: Salinity, Practical [PSU]
# name 9 = sal11: Salinity, Practical, 2 [PSU]
# name 10 = sbox0Mm/Kg: Oxygen, SBE 43 [umol/kg]
# name 11 = sbox1Mm/Kg: Oxygen, SBE 43, 2 [umol/kg]
# name 12 = flECO-AFL: Fluorescence, WET Labs ECO-AFL/FL [mg/m^3]
# name 13 = v2: Voltage 2
# name 14 = wetCDOM: Fluorescence, WET Labs CDOM [mg/m^3]
# name 15 = v6: Voltage 6
# name 16 = CStarAt0: Beam Attenuation, WET Labs C-Star [1/m]
# name 17 = v3: Voltage 3
# name 18 = scan: Scan Count
# name 19 = timeM: Time, Elapsed [minutes]
# name 20 = altM: Altimeter [m]
# name 21 = sbeox0V: Oxygen raw, SBE 43 [V]
# name 22 = sbeox1V: Oxygen raw, SBE 43, 2 [V]
# name 23 = nbin: number of scans per bin
# name 24 = flag: flag
# span 0 =      2.968,   1200.597       
# span 1 =   80.36106,   80.36281       
# span 2 =  163.91243,  163.91479       
# span 3 =      3.000,   1217.000       
# span 4 =    -1.6942,     0.9764       
# span 5 =    -1.6940,     0.9764       
# span 6 =  24.812637,  29.848853       
# span 7 =  24.811596,  29.847038       
# span 8 =    31.1362,    34.8929       
# span 9 =    31.1342,    34.8908       
# span 10 =    290.192,    368.979      
# span 11 =    195.207,    364.133      
# span 12 =    -0.1827,     0.3696      
# span 13 =     4.5652,     4.6412      
# span 14 =     0.0806,     0.1126      
# span 15 =     0.0806,     0.1126      
# span 16 =     0.0410,     0.1071      
# span 17 =     0.0177,     0.0398      
# span 18 =       1685,      38012      
# span 19 =     1.1691,    26.3967      
# span 20 =     100.00,     100.00      
# span 21 =     2.0166,     2.6119      
# span 22 =     1.4764,     2.2739      
# span 23 =          1,         27      
# span 24 = 0.0000e+00, 0.0000e+00      
# interval = decibars: 1                
# start_time = Sep 20 2025 10:52:56 [NMEA time, header]
# bad_flag = -9.990e-29
*END*
[from data line 1160]
   1147.472   80.36266  163.91260   1163.000    -0.0976    -0.0976  29.386813  29.385115    34.8844    34.8821    290.734    290.614    -0.1312     4.6400     0.0846     0.0846     0.0420     0.0197      34778    24.1507     100.00     2.0303     1.8177         11 0.0000e+00
   1148.456   80.36266  163.91260   1164.000    -0.0955    -0.0954  29.389410  29.387697    34.8850    34.8826    290.814    287.784    -0.1687     4.6407     0.0850     0.0850     0.0413     0.0182      34803    24.1678     100.00     2.0306     1.8049         14 0.0000e+00
   1149.440   80.36266  163.91260   1165.000    -0.0917    -0.0914  29.393640  29.392205    34.8857    34.8834    290.810    289.137    -0.1582     4.6409     0.0851     0.0851     0.0412     0.0187      34827    24.1849     100.00     2.0306     1.8110         13 0.0000e+00
   1150.424   80.36268  163.91260   1166.000    -0.0815    -0.0813  29.404281  29.402804    34.8876    34.8854    290.717    278.724    -0.1430     4.6407     0.0862     0.0862     0.0413     0.0193      34852    24.2021     100.00     2.0304     1.7647         14 0.0000e+00
   1151.408   80.36268  163.91260   1167.000    -0.0750    -0.0748  29.411342  29.409608    34.8890    34.8865    290.594    294.861    -0.1670     4.6408     0.0863     0.0863     0.0413     0.0183      34876    24.2189     100.00     2.0298     1.8369         13 0.0000e+00
   1152.392   80.36268  163.91258   1168.000    -0.0732    -0.0732  29.413551  29.411746    34.8892    34.8869    290.653    287.607    -0.1501     4.6404     0.0846     0.0846     0.0416     0.0190      34901    24.2360     100.00     2.0300     1.8044         14 0.0000e+00
   1153.375   80.36268  163.91258   1169.000    -0.0730    -0.0731  29.414185  29.412352    34.8894    34.8870    290.589    284.819    -0.1566     4.6405     0.0849     0.0849     0.0415     0.0187      34925    24.2530     100.00     2.0295     1.7917         15 0.0000e+00
   1154.359   80.36268  163.91258   1170.000    -0.0730    -0.0731  29.414747  29.412808    34.8895    34.8870    290.425    285.662    -0.1717     4.6405     0.0855     0.0855     0.0416     0.0181      34950    24.2702     100.00     2.0284     1.7953         12 0.0000e+00
   1155.343   80.36268  163.91258   1171.000    -0.0734    -0.0737  29.414709  29.412656    34.8893    34.8870    290.324    287.298    -0.1573     4.6402     0.0842     0.0842     0.0419     0.0187      34997    24.3025     100.00     2.0277     1.8024         16 0.0000e+00
   1156.327   80.36268  163.91258   1172.000    -0.0748    -0.0750  29.413877  29.411983    34.8892    34.8869    290.368    286.935    -0.1305     4.6405     0.0839     0.0839     0.0416     0.0198      35075    24.3571     100.00     2.0276     1.8006         18 0.0000e+00
   1157.311   80.36268  163.91258   1173.000    -0.0782    -0.0785  29.411377  29.409209    34.8892    34.8867    290.436    284.237    -0.1492     4.6408     0.0840     0.0840     0.0413     0.0190      35124    24.3913     100.00     2.0276     1.7883         15 0.0000e+00
   1158.295   80.36268  163.91258   1174.000    -0.0814    -0.0814  29.408981  29.407105    34.8890    34.8867    290.739    286.463    -0.1564     4.6408     0.0848     0.0848     0.0413     0.0187      35178    24.4282     100.00     2.0289     1.7979         15 0.0000e+00
   1159.279   80.36268  163.91258   1175.000    -0.0821    -0.0822  29.408616  29.406797    34.8889    34.8866    290.792    285.710    -0.1345     4.6407     0.0842     0.0842     0.0413     0.0196      35231    24.4651     100.00     2.0289     1.7943         22 0.0000e+00
   1160.263   80.36270  163.91256   1176.000    -0.0844    -0.0846  29.407038  29.405193    34.8888    34.8866    290.652    286.549    -0.1441     4.6410     0.0854     0.0854     0.0411     0.0192      35283    24.5013     100.00     2.0279     1.7978         22 0.0000e+00
   1161.246   80.36270  163.91256   1177.000    -0.0857    -0.0860  29.406203  29.404403    34.8886    34.8865    290.562    287.453    -0.1562     4.6403     0.0851     0.0851     0.0417     0.0187      35334    24.5370     100.00     2.0272     1.8017         17 0.0000e+00
   1162.230   80.36270  163.91256   1178.000    -0.0884    -0.0888  29.404471  29.402343    34.8887    34.8864    290.617    284.860    -0.1691     4.6404     0.0844     0.0844     0.0416     0.0182      35387    24.5735     100.00     2.0271     1.7898         18 0.0000e+00
   1163.214   80.36270  163.91256   1179.000    -0.0907    -0.0908  29.402618  29.400924    34.8884    34.8862    290.606    286.437    -0.1553     4.6405     0.0840     0.0840     0.0415     0.0188      35439    24.6097     100.00     2.0268     1.7966         19 0.0000e+00
   1164.198   80.36270  163.91256   1180.000    -0.0937    -0.0937  29.400383  29.398638    34.8882    34.8860    290.655    287.513    -0.1702     4.6409     0.0825     0.0825     0.0412     0.0182      35492    24.6462     100.00     2.0267     1.8011         20 0.0000e+00
   1165.182   80.36270  163.91256   1181.000    -0.0980    -0.0981  29.396907  29.395078    34.8880    34.8856    290.604    287.240    -0.1496     4.6410     0.0847     0.0847     0.0411     0.0190      35543    24.6822     100.00     2.0260     1.7995         17 0.0000e+00
   1166.166   80.36270  163.91256   1182.000    -0.0998    -0.0998  29.395728  29.394057    34.8878    34.8857    290.528    286.337    -0.1512     4.6409     0.0850     0.0850     0.0412     0.0189      35596    24.7190     100.00     2.0253     1.7953         23 0.0000e+00
   1167.149   80.36271  163.91256   1183.000    -0.1013    -0.1015  29.394783  29.392793    34.8877    34.8854    290.696    284.376    -0.1553     4.6404     0.0843     0.0843     0.0416     0.0188      35649    24.7555     100.00     2.0259     1.7863         23 0.0000e+00
   1168.133   80.36272  163.91255   1184.000    -0.1027    -0.1027  29.393900  29.392173    34.8876    34.8854    290.811    285.733    -0.1466     4.6410     0.0843     0.0843     0.0411     0.0191      35701    24.7916     100.00     2.0263     1.7921         21 0.0000e+00
   1169.117   80.36272  163.91254   1185.000    -0.1044    -0.1044  29.392803  29.391052    34.8875    34.8852    290.722    289.922    -0.1655     4.6408     0.0847     0.0847     0.0412     0.0184      35753    24.8281     100.00     2.0256     1.8106         22 0.0000e+00
   1170.101   80.36272  163.91254   1186.000    -0.1063    -0.1063  29.391602  29.389814    34.8875    34.8852    290.672    285.996    -0.1547     4.6408     0.0845     0.0845     0.0412     0.0188      35806    24.8643     100.00     2.0250     1.7928         23 0.0000e+00
   1171.085   80.36272  163.91254   1187.000    -0.1075    -0.1076  29.390790  29.389051    34.8873    34.8850    290.656    286.269    -0.1583     4.6412     0.0848     0.0848     0.0410     0.0186      35858    24.9006     100.00     2.0247     1.7939         21 0.0000e+00
   1172.068   80.36272  163.91254   1188.000    -0.1082    -0.1085  29.390546  29.388624    34.8872    34.8849    290.659    285.773    -0.1465     4.6410     0.0846     0.0846     0.0411     0.0191      35909    24.9363     100.00     2.0244     1.7914         18 0.0000e+00
   1173.052   80.36272  163.91254   1189.000    -0.1089    -0.1090  29.390429  29.388630    34.8872    34.8849    290.714    286.466    -0.1689     4.6409     0.0846     0.0846     0.0412     0.0182      35962    24.9728     100.00     2.0245     1.7943         21 0.0000e+00
   1174.036   80.36272  163.91254   1190.000    -0.1093    -0.1094  29.390424  29.388558    34.8871    34.8848    290.609    284.686    -0.1670     4.6402     0.0854     0.0854     0.0418     0.0183      36015    25.0094     100.00     2.0237     1.7862         21 0.0000e+00
   1175.020   80.36272  163.91254   1191.000    -0.1104    -0.1105  29.389921  29.388007    34.8871    34.8848    290.514    286.070    -0.1459     4.6403     0.0841     0.0841     0.0417     0.0191      36067    25.0456     100.00     2.0229     1.7922         21 0.0000e+00
   1176.004   80.36274  163.91252   1192.000    -0.1108    -0.1109  29.389903  29.388196    34.8870    34.8848    290.600    285.643    -0.1579     4.6405     0.0851     0.0851     0.0415     0.0187      36119    25.0818     100.00     2.0232     1.7901         22 0.0000e+00
   1176.987   80.36274  163.91252   1193.000    -0.1114    -0.1116  29.389740  29.387923    34.8869    34.8847    290.625    286.359    -0.1614     4.6407     0.0854     0.0854     0.0414     0.0185      36171    25.1181     100.00     2.0231     1.7931         22 0.0000e+00
   1177.971   80.36274  163.91252   1194.000    -0.1110    -0.1110  29.390770  29.389015    34.8872    34.8849    290.587    286.461    -0.1497     4.6410     0.0855     0.0855     0.0411     0.0190      36223    25.1539     100.00     2.0227     1.7934         19 0.0000e+00
   1178.955   80.36274  163.91252   1195.000    -0.1058    -0.1058  29.396693  29.395030    34.8885    34.8864    290.537    287.697    -0.1401     4.6407     0.0842     0.0842     0.0414     0.0194      36275    25.1899     100.00     2.0225     1.7989         15 0.0000e+00
   1179.939   80.36274  163.91252   1196.000    -0.0952    -0.0952  29.407534  29.405855    34.8903    34.8881    290.408    285.410    -0.1484     4.6409     0.0853     0.0853     0.0412     0.0190      36328    25.2269     100.00     2.0221     1.7890         23 0.0000e+00
   1180.923   80.36274  163.91252   1197.000    -0.0916    -0.0917  29.411551  29.409726    34.8910    34.8886    290.493    283.968    -0.1327     4.6407     0.0847     0.0847     0.0414     0.0197      36380    25.2634     100.00     2.0225     1.7826         22 0.0000e+00
   1181.906   80.36274  163.91252   1198.000    -0.0917    -0.0918  29.411973  29.410176    34.8911    34.8888    290.489    285.724    -0.1345     4.6409     0.0843     0.0843     0.0412     0.0196      36431    25.2988     100.00     2.0223     1.7902         15 0.0000e+00
   1182.890   80.36274  163.91251   1199.000    -0.0931    -0.0932  29.411141  29.409348    34.8910    34.8888    290.549    285.747    -0.1478     4.6408     0.0848     0.0848     0.0413     0.0191      36484    25.3357     100.00     2.0224     1.7901         17 0.0000e+00
   1183.874   80.36276  163.91250   1200.000    -0.0923    -0.0924  29.412561  29.410899    34.8915    34.8893    290.587    288.195    -0.1275     4.6410     0.0857     0.0857     0.0411     0.0199      36536    25.3716     100.00     2.0224     1.8008         19 0.0000e+00
   1184.858   80.36276  163.91250   1201.000    -0.0878    -0.0878  29.417750  29.416083    34.8925    34.8904    290.550    286.415    -0.1441     4.6409     0.0845     0.0845     0.0412     0.0192      36589    25.4082     100.00     2.0222     1.7930         18 0.0000e+00
   1185.841   80.36276  163.91250   1202.000    -0.0858    -0.0860  29.420137  29.418370    34.8929    34.8908    290.379    287.355    -0.1471     4.6410     0.0845     0.0845     0.0411     0.0191      36640    25.4440     100.00     2.0212     1.7970         15 0.0000e+00
   1186.825   80.36276  163.91250   1203.000    -0.0864    -0.0865  29.420054  29.418327    34.8929    34.8907    290.386    282.629    -0.1443     4.6405     0.0845     0.0845     0.0415     0.0192      36693    25.4808     100.00     2.0210     1.7758         20 0.0000e+00
   1187.809   80.36276  163.91250   1204.000    -0.0883    -0.0884  29.418835  29.416933    34.8929    34.8906    290.348    285.268    -0.1404     4.6405     0.0836     0.0836     0.0416     0.0194      36745    25.5168     100.00     2.0205     1.7873         16 0.0000e+00
   1188.793   80.36276  163.91250   1205.000    -0.0902    -0.0904  29.417630  29.415693    34.8929    34.8905    290.417    286.061    -0.1305     4.6410     0.0848     0.0848     0.0411     0.0198      36797    25.5530     100.00     2.0206     1.7906         15 0.0000e+00
   1189.776   80.36276  163.91250   1206.000    -0.0915    -0.0915  29.416927  29.415157    34.8928    34.8905    290.339    285.956    -0.1368     4.6411     0.0850     0.0850     0.0410     0.0195      36850    25.5893     100.00     2.0199     1.7899         15 0.0000e+00
   1190.760   80.36277  163.91248   1207.000    -0.0935    -0.0936  29.415587  29.413767    34.8928    34.8905    290.192    285.843    -0.1470     4.6394     0.0849     0.0849     0.0425     0.0191      36902    25.6259     100.00     2.0188     1.7892         16 0.0000e+00
   1191.744   80.36278  163.91248   1208.000    -0.0962    -0.0962  29.413628  29.411822    34.8927    34.8903    290.200    286.233    -0.1557     4.6408     0.0843     0.0843     0.0413     0.0188      36953    25.6613     100.00     2.0186     1.7906         16 0.0000e+00
   1192.727   80.36278  163.91248   1209.000    -0.0981    -0.0982  29.412243  29.410388    34.8924    34.8901    290.306    285.411    -0.1348     4.6411     0.0854     0.0854     0.0410     0.0196      37006    25.6979     100.00     2.0188     1.7867         15 0.0000e+00
   1193.711   80.36278  163.91248   1210.000    -0.1003    -0.1004  29.410675  29.408768    34.8923    34.8899    290.423    286.730    -0.1517     4.6410     0.0840     0.0840     0.0411     0.0189      37058    25.7342     100.00     2.0192     1.7924         14 0.0000e+00
   1194.695   80.36278  163.91248   1211.000    -0.1026    -0.1026  29.409052  29.407327    34.8921    34.8899    290.423    286.475    -0.1519     4.6410     0.0853     0.0853     0.0411     0.0189      37110    25.7705     100.00     2.0189     1.7910         16 0.0000e+00
   1195.679   80.36278  163.91248   1212.000    -0.1051    -0.1053  29.407214  29.405267    34.8921    34.8897    290.546    286.751    -0.1480     4.6408     0.0846     0.0846     0.0413     0.0191      37163    25.8069     100.00     2.0192     1.7919         16 0.0000e+00
   1196.662   80.36278  163.91248   1213.000    -0.1066    -0.1069  29.406204  29.404176    34.8918    34.8895    290.671    286.642    -0.1528     4.6411     0.0855     0.0855     0.0410     0.0189      37228    25.8520     100.00     2.0195     1.7912         15 0.0000e+00
   1197.646   80.36278  163.91247   1214.000    -0.1083    -0.1084  29.404972  29.403215    34.8915    34.8894    290.746    285.668    -0.1687     4.6409     0.0834     0.0834     0.0412     0.0182      37304    25.9052     100.00     2.0197     1.7867         16 0.0000e+00
   1198.630   80.36280  163.91246   1215.000    -0.1106    -0.1109  29.403374  29.401480    34.8915    34.8893    290.727    285.947    -0.1581     4.6409     0.0836     0.0836     0.0412     0.0187      37380    25.9579     100.00     2.0193     1.7876         17 0.0000e+00
   1199.613   80.36280  163.91246   1216.000    -0.1122    -0.1125  29.402392  29.400399    34.8914    34.8891    290.579    286.094    -0.1382     4.6411     0.0850     0.0850     0.0410     0.0195      37464    26.0158     100.00     2.0182     1.7881         15 0.0000e+00
   1200.597   80.36281  163.91243   1217.000    -0.1128    -0.1140  29.402062  29.399437    34.8911    34.8890    290.309    286.113    -0.1548     4.6410     0.0837     0.0837     0.0411     0.0188      38012    26.3967     100.00     2.0166     1.7879          5 0.0000e+00
