Continuous CTD Data/01_SBE Stage/nabos_36_01avg.cnv
* Sea-Bird SBE 9 Data File:
* FileName = D:\CTD\data\HLY2502\raw\NABOS_36_01.hex
* Software Version Seasave V 7.26.7.110
* Temperature SN = 6954
* Conductivity SN = 2561
* Number of Bytes Per Scan = 37
* Number of Voltage Words = 4
* Number of Scans Averaged by the Deck Unit = 1
* NMEA Latitude = 79 18.82 N
* NMEA Longitude = 132 49.52 E
* NMEA UTC (Time) = Sep 24 2025  16:01:06
* NMEA baud rate = 9600
** Ship: USCG HEALY
** Bot. Depth:  3158
** Cast Number:  01
** Station Name:  NABOS
** Station Number:  36
** Operator:  STARC
# nquan = 25
# nvalues = 1214                        
# units = specified
# name 0 = depSM: Depth [salt water, m]
# name 1 = latitude: Latitude [deg]
# name 2 = longitude: Longitude [deg]
# name 3 = prDM: Pressure, Digiquartz [db]
# name 4 = t090C: Temperature [ITS-90, deg C]
# name 5 = t190C: Temperature, 2 [ITS-90, deg C]
# name 6 = c0mS/cm: Conductivity [mS/cm]
# name 7 = c1mS/cm: Conductivity, 2 [mS/cm]
# name 8 = sal00: Salinity, Practical [PSU]
# name 9 = sal11: Salinity, Practical, 2 [PSU]
# name 10 = sbox0Mm/Kg: Oxygen, SBE 43 [umol/kg]
# name 11 = sbox1Mm/Kg: Oxygen, SBE 43, 2 [umol/kg]
# name 12 = flECO-AFL: Fluorescence, WET Labs ECO-AFL/FL [mg/m^3]
# name 13 = v2: Voltage 2
# name 14 = wetCDOM: Fluorescence, WET Labs CDOM [mg/m^3]
# name 15 = v6: Voltage 6
# name 16 = CStarAt0: Beam Attenuation, WET Labs C-Star [1/m]
# name 17 = v3: Voltage 3
# name 18 = scan: Scan Count
# name 19 = timeM: Time, Elapsed [minutes]
# name 20 = altM: Altimeter [m]
# name 21 = sbeox0V: Oxygen raw, SBE 43 [V]
# name 22 = sbeox1V: Oxygen raw, SBE 43, 2 [V]
# name 23 = nbin: number of scans per bin
# name 24 = flag: flag
# span 0 =      3.958,   1200.637       
# span 1 =   79.31374,   79.31722       
# span 2 =  132.81580,  132.82358       
# span 3 =      4.000,   1217.000       
# span 4 =    -1.8216,     1.8330       
# span 5 =    -1.8201,     1.8325       
# span 6 =  23.112139,  30.612249       
# span 7 =  23.111232,  30.610442       
# span 8 =    28.6412,    34.9072       
# span 9 =    28.6388,    34.9051       
# span 10 =    288.999,    379.165      
# span 11 =    257.382,    374.381      
# span 12 =    -0.1799,     0.4338      
# span 13 =     4.3793,     4.6311      
# span 14 =     0.0685,     0.1316      
# span 15 =     0.0685,     0.1316      
# span 16 =     0.0498,     0.2736      
# span 17 =     0.0178,     0.0423      
# span 18 =       2738,      39368      
# span 19 =     1.9007,    27.3379      
# span 20 =     100.00,     100.00      
# span 21 =     2.0051,     2.6844      
# span 22 =     1.7812,     2.3469      
# span 23 =         10,         29      
# span 24 = 0.0000e+00, 0.0000e+00      
# interval = decibars: 1                
# start_time = Sep 24 2025 16:01:06 [NMEA time, header]
# bad_flag = -9.990e-29
*END*
[from data line 58]
     61.336   79.31387  132.82162     62.000    -1.8153    -1.8147  26.527759  26.527049    33.6153    33.6137    350.927    347.426    -0.1216     4.6149     0.1016     0.1016     0.0637     0.0201       5745     3.9889     100.00     2.5109     2.2073         20 0.0000e+00
     62.325   79.31388  132.82160     63.000    -1.8178    -1.8173  26.536800  26.536008    33.6301    33.6285    351.642    348.026    -0.0847     4.6148     0.1015     0.1015     0.0638     0.0216       5797     4.0250     100.00     2.5148     2.2100         23 0.0000e+00
     63.314   79.31388  132.82157     64.000    -1.8174    -1.8158  26.546184  26.546146    33.6421    33.6403    351.760    348.209    -0.1089     4.6160     0.1006     0.1006     0.0627     0.0206       5846     4.0588     100.00     2.5155     2.2110         20 0.0000e+00
     64.304   79.31388  132.82156     65.000    -1.8119    -1.8123  26.558536  26.556792    33.6525    33.6505    351.460    347.833    -0.1093     4.6162     0.1026     0.1026     0.0625     0.0206       5898     4.0949     100.00     2.5140     2.2092         19 0.0000e+00
     65.293   79.31388  132.82154     66.000    -1.8216    -1.8201  26.557018  26.556757    33.6608    33.6587    351.224    347.904    -0.1004     4.6160     0.1018     0.1018     0.0628     0.0210       5952     4.1327     100.00     2.5119     2.2090         22 0.0000e+00
     66.282   79.31388  132.82151     67.000    -1.7871    -1.7863  26.591893  26.591421    33.6696    33.6680    350.913    347.441    -0.0975     4.6166     0.1013     0.1013     0.0622     0.0211       6001     4.1665     100.00     2.5121     2.2084         21 0.0000e+00
     67.271   79.31389  132.82149     68.000    -1.7947    -1.7941  26.592460  26.591568    33.6783    33.6764    350.929    347.319    -0.1087     4.6162     0.1014     0.1014     0.0625     0.0207       6054     4.2036     100.00     2.5116     2.2073         22 0.0000e+00
     68.260   79.31390  132.82148     69.000    -1.7835    -1.7827  26.606333  26.605383    33.6843    33.6820    350.112    346.571    -0.0869     4.6163     0.0999     0.0999     0.0624     0.0216       6103     4.2374     100.00     2.5074     2.2042         18 0.0000e+00
     69.249   79.31390  132.82145     70.000    -1.8002    -1.8001  26.597595  26.596506    33.6905    33.6889    349.476    346.306    -0.0932     4.6153     0.0998     0.0998     0.0634     0.0213       6154     4.2726     100.00     2.5025     2.2018         23 0.0000e+00
     70.238   79.31390  132.82144     71.000    -1.7899    -1.7879  26.612631  26.612782    33.6991    33.6971    349.039    345.494    -0.1007     4.6144     0.1001     0.1001     0.0642     0.0210       6204     4.3075     100.00     2.5005     2.1984         18 0.0000e+00
     71.227   79.31390  132.82142     72.000    -1.7853    -1.7855  26.623945  26.622799    33.7091    33.7076    348.755    345.343    -0.0985     4.6150     0.0983     0.0983     0.0637     0.0211       6256     4.3436     100.00     2.4991     2.1977         16 0.0000e+00
     72.216   79.31390  132.82140     73.000    -1.7958    -1.7948  26.621277  26.620425    33.7166    33.7143    348.252    345.684    -0.1205     4.6149     0.0988     0.0988     0.0638     0.0202       6308     4.3798     100.00     2.4954     2.1987         22 0.0000e+00
     73.206   79.31390  132.82138     74.000    -1.7893    -1.7889  26.633105  26.632711    33.7251    33.7240    347.621    344.800    -0.1099     4.6141     0.0983     0.0983     0.0645     0.0206       6356     4.4132     100.00     2.4920     2.1946         15 0.0000e+00
     74.195   79.31392  132.82136     75.000    -1.7928    -1.7913  26.638524  26.638365    33.7360    33.7340    347.314    344.728    -0.0958     4.6142     0.0981     0.0981     0.0644     0.0212       6412     4.4522     100.00     2.4900     2.1941         22 0.0000e+00
     75.184   79.31392  132.82135     76.000    -1.7757    -1.7737  26.662304  26.662817    33.7490    33.7475    347.269    344.355    -0.1288     4.6147     0.0978     0.0978     0.0639     0.0198       6459     4.4849     100.00     2.4907     2.1931         19 0.0000e+00
     76.173   79.31392  132.82133     77.000    -1.7569    -1.7537  26.688613  26.690533    33.7636    33.7626    347.000    343.588    -0.1072     4.6150     0.0970     0.0970     0.0637     0.0207       6508     4.5185     100.00     2.4903     2.1904         15 0.0000e+00
     77.162   79.31392  132.82131     78.000    -1.7389    -1.7366  26.714785  26.715479    33.7789    33.7773    346.320    343.037    -0.1009     4.6154     0.0955     0.0955     0.0633     0.0210       6561     4.5553     100.00     2.4874     2.1886         17 0.0000e+00
     78.151   79.31392  132.82130     79.000    -1.7214    -1.7191  26.740510  26.741412    33.7941    33.7927    345.037    342.168    -0.1172     4.6150     0.0945     0.0945     0.0637     0.0203       6610     4.5896     100.00     2.4811     2.1852         16 0.0000e+00
     79.140   79.31394  132.82128     80.000    -1.7062    -1.7029  26.763602  26.765263    33.8082    33.8069    343.822    341.277    -0.1368     4.6154     0.0946     0.0946     0.0633     0.0195       6660     4.6241     100.00     2.4749     2.1817         14 0.0000e+00
     80.129   79.31394  132.82126     81.000    -1.6759    -1.6704  26.803302  26.806999    33.8284    33.8272    342.316    339.814    -0.1241     4.6150     0.0946     0.0946     0.0637     0.0200       6714     4.6615     100.00     2.4681     2.1762         17 0.0000e+00
     81.118   79.31394  132.82125     82.000    -1.6568    -1.6577  26.837957  26.838765    33.8541    33.8561    341.271    338.892    -0.1203     4.6150     0.0967     0.0967     0.0637     0.0202       6763     4.6958     100.00     2.4634     2.1725         15 0.0000e+00
     82.107   79.31394  132.82124     83.000    -1.6469    -1.6381  26.867442  26.873833    33.8831    33.8819    340.027    336.960    -0.1194     4.6152     0.0954     0.0954     0.0635     0.0202       6813     4.7308     100.00     2.4570     2.1642         16 0.0000e+00
     83.096   79.31395  132.82122     84.000    -1.5988    -1.5962  26.921254  26.922599    33.9023    33.9012    338.433    335.305    -0.1346     4.6147     0.0938     0.0938     0.0640     0.0196       6862     4.7648     100.00     2.4507     2.1583         16 0.0000e+00
     84.085   79.31396  132.82121     85.000    -1.5744    -1.5650  26.958668  26.965838    33.9257    33.9248    336.841    333.958    -0.1290     4.6152     0.0934     0.0934     0.0635     0.0198       6913     4.7999     100.00     2.4430     2.1533         16 0.0000e+00
     85.074   79.31396  132.82120     86.000    -1.5275    -1.5267  27.011448  27.011254    33.9447    33.9435    335.409    332.498    -0.1232     4.6146     0.0928     0.0928     0.0640     0.0201       6965     4.8359     100.00     2.4376     2.1481         16 0.0000e+00
     86.063   79.31396  132.82118     87.000    -1.5161    -1.5244  27.030881  27.024907    33.9579    33.9591    333.844    331.589    -0.1312     4.6152     0.0929     0.0929     0.0634     0.0197       7013     4.8694     100.00     2.4291     2.1438         17 0.0000e+00
     87.052   79.31397  132.82116     88.000    -1.5576    -1.5494  27.012434  27.018132    33.9791    33.9777    332.983    330.198    -0.1305     4.6157     0.0905     0.0905     0.0630     0.0198       7067     4.9070     100.00     2.4217     2.1357         15 0.0000e+00
     88.041   79.31398  132.82115     89.000    -1.5215    -1.5202  27.054457  27.054602    33.9954    33.9942    332.610    329.365    -0.1305     4.6147     0.0915     0.0915     0.0639     0.0198       7117     4.9414     100.00     2.4217     2.1331         15 0.0000e+00
     89.030   79.31398  132.82114     90.000    -1.4798    -1.4786  27.101150  27.102260    34.0118    34.0120    332.283    328.968    -0.1281     4.6151     0.0908     0.0908     0.0635     0.0199       7166     4.9755     100.00     2.4222     2.1332         18 0.0000e+00
     90.019   79.31398  132.82113     91.000    -1.4536    -1.4484  27.141652  27.145264    34.0373    34.0363    331.495    328.359    -0.1306     4.6147     0.0899     0.0899     0.0639     0.0198       7219     5.0126     100.00     2.4193     2.1318         15 0.0000e+00
     91.008   79.31398  132.82112     92.000    -1.4540    -1.4546  27.156410  27.154429    34.0575    34.0554    331.033    328.203    -0.1222     4.6158     0.0904     0.0904     0.0629     0.0201       7264     5.0441     100.00     2.4166     2.1307         15 0.0000e+00
     91.997   79.31400  132.82111     93.000    -1.4663    -1.4646  27.157795  27.159040    34.0728    34.0725    330.411    328.026    -0.1303     4.6162     0.0903     0.0903     0.0626     0.0198       7317     5.0806     100.00     2.4123     2.1293         19 0.0000e+00
     92.986   79.31400  132.82110     94.000    -1.4605    -1.4597  27.175568  27.174771    34.0900    34.0880    330.544    327.582    -0.1294     4.6160     0.0909     0.0909     0.0628     0.0198       7370     5.1177     100.00     2.4134     2.1274         17 0.0000e+00
     93.975   79.31400  132.82108     95.000    -1.4508    -1.4485  27.193952  27.195313    34.1037    34.1030    330.510    327.631    -0.1331     4.6165     0.0895     0.0895     0.0623     0.0196       7416     5.1490     100.00     2.4137     2.1282         17 0.0000e+00
     94.964   79.31400  132.82107     96.000    -1.4250    -1.4216  27.226909  27.228365    34.1191    34.1173    329.992    326.818    -0.1321     4.6175     0.0909     0.0909     0.0615     0.0197       7473     5.1892     100.00     2.4122     2.1255         20 0.0000e+00
     95.953   79.31402  132.82106     97.000    -1.3869    -1.3854  27.266252  27.265992    34.1292    34.1272    329.120    326.597    -0.1315     4.6179     0.0907     0.0907     0.0611     0.0197       7520     5.2217     100.00     2.4093     2.1261         18 0.0000e+00
     96.942   79.31402  132.82105     98.000    -1.3559    -1.3525  27.299220  27.300762    34.1386    34.1368    328.436    325.614    -0.1276     4.6188     0.0896     0.0896     0.0603     0.0199       7569     5.2553     100.00     2.4069     2.1227         20 0.0000e+00
     97.931   79.31402  132.82104     99.000    -1.3266    -1.3249  27.332495  27.332715    34.1503    34.1487    328.004    325.238    -0.1304     4.6186     0.0886     0.0886     0.0605     0.0198       7621     5.2915     100.00     2.4060     2.1221         20 0.0000e+00
     98.920   79.31402  132.82103    100.000    -1.3090    -1.3065  27.358831  27.360079    34.1658    34.1646    327.880    324.741    -0.1285     4.6191     0.0883     0.0883     0.0600     0.0198       7670     5.3254     100.00     2.4063     2.1206         19 0.0000e+00
     99.909   79.31404  132.82102    101.000    -1.2632    -1.2588  27.409497  27.412764    34.1825    34.1820    327.698    324.218    -0.1279     4.6190     0.0893     0.0893     0.0601     0.0199       7720     5.3606     100.00     2.4079     2.1203         21 0.0000e+00
    100.898   79.31404  132.82102    102.000    -1.2167    -1.2119  27.463077  27.466738    34.2023    34.2019    327.252    323.873    -0.1323     4.6178     0.0882     0.0882     0.0611     0.0197       7772     5.3963     100.00     2.4080     2.1209         21 0.0000e+00
    101.887   79.31404  132.82100    103.000    -1.1821    -1.1790  27.500704  27.502333    34.2139    34.2125    326.690    323.262    -0.1289     4.6197     0.0884     0.0884     0.0596     0.0198       7824     5.4326     100.00     2.4066     2.1194         20 0.0000e+00
    102.876   79.31404  132.82100    104.000    -1.1739    -1.1726  27.511570  27.511002    34.2187    34.2164    326.206    323.082    -0.1313     4.6205     0.0891     0.0891     0.0589     0.0197       7874     5.4671     100.00     2.4041     2.1187         17 0.0000e+00
    103.865   79.31405  132.82098    105.000    -1.1492    -1.1436  27.538974  27.543582    34.2275    34.2273    325.761    322.509    -0.1320     4.6206     0.0890     0.0890     0.0588     0.0197       7923     5.5017     100.00     2.4028     2.1171         20 0.0000e+00
    104.854   79.31406  132.82098    106.000    -1.0753    -1.0740  27.613680  27.613672    34.2447    34.2433    325.110    321.721    -0.1287     4.6197     0.0886     0.0886     0.0595     0.0198       7975     5.5375     100.00     2.4033     2.1165         23 0.0000e+00
    105.843   79.31406  132.82097    107.000    -1.0377    -1.0358  27.651615  27.652271    34.2531    34.2518    324.555    321.317    -0.1333     4.6200     0.0891     0.0891     0.0593     0.0196       8023     5.5706     100.00     2.4020     2.1163         20 0.0000e+00
    106.832   79.31406  132.82096    108.000    -1.0120    -1.0072  27.679821  27.682834    34.2616    34.2602    324.101    320.870    -0.1235     4.6207     0.0879     0.0879     0.0587     0.0201       8076     5.6074     100.00     2.4006     2.1153         17 0.0000e+00
    107.821   79.31408  132.82096    109.000    -0.9775    -0.9758  27.714975  27.715205    34.2696    34.2680    323.475    320.201    -0.1265     4.6205     0.0886     0.0886     0.0589     0.0199       8125     5.6420     100.00     2.3988     2.1134         21 0.0000e+00
    108.809   79.31408  132.82094    110.000    -0.9497    -0.9452  27.744362  27.747600    34.2774    34.2766    322.848    319.593    -0.1244     4.6214     0.0875     0.0875     0.0581     0.0200       8179     5.6790     100.00     2.3966     2.1117         25 0.0000e+00
    109.798   79.31408  132.82094    111.000    -0.9026    -0.9000  27.791280  27.792623    34.2869    34.2858    322.479    319.205    -0.1449     4.6213     0.0876     0.0876     0.0582     0.0192       8230     5.7143     100.00     2.3970     2.1118         21 0.0000e+00
    110.787   79.31409  132.82093    112.000    -0.8409    -0.8395  27.851058  27.851447    34.2974    34.2963    321.524    318.451    -0.1314     4.6201     0.0871     0.0871     0.0592     0.0197       8277     5.7474     100.00     2.3947     2.1109         17 0.0000e+00
    111.776   79.31410  132.82092    113.000    -0.8354    -0.8353  27.864219  27.863235    34.3083    34.3069    321.031    318.007    -0.1315     4.6205     0.0885     0.0885     0.0588     0.0197       8328     5.7827     100.00     2.3921     2.1088         24 0.0000e+00
    112.765   79.31410  132.82092    114.000    -0.8092    -0.8059  27.897354  27.899028    34.3229    34.3214    320.239    317.252    -0.1328     4.6215     0.0877     0.0877     0.0580     0.0197       8378     5.8177     100.00     2.3888     2.1064         24 0.0000e+00
    113.754   79.31410  132.82090    115.000    -0.7293    -0.7262  27.973563  27.975569    34.3346    34.3338    319.935    316.249    -0.1398     4.6215     0.0880     0.0880     0.0580     0.0194       8428     5.8521     100.00     2.3915     2.1051         26 0.0000e+00
    114.743   79.31412  132.82090    116.000    -0.6835    -0.6788  28.019357  28.022751    34.3440    34.3432    319.601    315.931    -0.1273     4.6212     0.0883     0.0883     0.0583     0.0199       8482     5.8894     100.00     2.3919     2.1056         26 0.0000e+00
    115.732   79.31412  132.82088    117.000    -0.6084    -0.6061  28.091586  28.092615    34.3556    34.3544    318.472    314.953    -0.1243     4.6215     0.0881     0.0881     0.0580     0.0200       8532     5.9244     100.00     2.3893     2.1040         20 0.0000e+00
    116.721   79.31412  132.82088    118.000    -0.5424    -0.5375  28.155283  28.158961    34.3660    34.3654    317.663    314.181    -0.1284     4.6217     0.0880     0.0880     0.0578     0.0198       8581     5.9586     100.00     2.3882     2.1033         26 0.0000e+00
