Continuous CTD Data/01_SBE Stage/nabos_12_01.ros
* Sea-Bird SBE 9 Data File:
* FileName = D:\CTD\data\HLY2502\raw\NABOS_12_01.hex
* Software Version Seasave V 7.26.7.110
* Temperature SN = 6954
* Conductivity SN = 2561
* Number of Bytes Per Scan = 37
* Number of Voltage Words = 4
* Number of Scans Averaged by the Deck Unit = 1
* NMEA Latitude = 77 22.28 N
* NMEA Longitude = 176 15.46 W
* NMEA UTC (Time) = Sep 10 2025  20:08:53
* NMEA baud rate = 9600
** Ship: USCG HEALY
** Bot. Depth:  1389
** Cast Number:  01
** Station Name:  NABOS
** Station Number:  12
** Operator:  STARC
** Ra cast to 250
# nquan = 25
# nvalues = 1176                                  
# units = specified
# name 0 = depSM: Depth [salt water, m]
# name 1 = latitude: Latitude [deg]
# name 2 = longitude: Longitude [deg]
# name 3 = prDM: Pressure, Digiquartz [db]
# name 4 = t090C: Temperature [ITS-90, deg C]
# name 5 = t190C: Temperature, 2 [ITS-90, deg C]
# name 6 = c0mS/cm: Conductivity [mS/cm]
# name 7 = c1mS/cm: Conductivity, 2 [mS/cm]
# name 8 = sal00: Salinity, Practical [PSU]
# name 9 = sal11: Salinity, Practical, 2 [PSU]
# name 10 = sbox0Mm/Kg: Oxygen, SBE 43 [umol/kg]
# name 11 = sbox1Mm/Kg: Oxygen, SBE 43, 2 [umol/kg]
# name 12 = flECO-AFL: Fluorescence, WET Labs ECO-AFL/FL [mg/m^3]
# name 13 = v2: Voltage 2
# name 14 = wetCDOM: Fluorescence, WET Labs CDOM [mg/m^3]
# name 15 = v6: Voltage 6
# name 16 = CStarAt0: Beam Attenuation, WET Labs C-Star [1/m]
# name 17 = v3: Voltage 3
# name 18 = scan: Scan Count
# name 19 = timeM: Time, Elapsed [minutes]
# name 20 = altM: Altimeter [m]
# name 21 = sbeox0V: Oxygen raw, SBE 43 [V]
# name 22 = sbeox1V: Oxygen raw, SBE 43, 2 [V]
# name 23 = nbf: Bottles Fired
# name 24 = flag:  0.000e+00
# interval = seconds: 0.0416667
# start_time = Sep 10 2025 20:08:53 [NMEA time, header]
# bad_flag = -9.990e-29
*END*
[from data line 232]
    250.651   77.37228 -176.25538    253.463     0.8025     0.8023  29.678189  29.676178    34.7808    34.7783    295.078    287.179    -0.1366     4.6606     0.0818     0.0818     0.0243     0.0195      14163     9.8347     100.00     2.2972     2.0028          5  0.000e+00
    250.651   77.37228 -176.25538    253.463     0.8025     0.8023  29.678251  29.676354    34.7808    34.7785    295.278    286.942    -0.1366     4.6618     0.0818     0.0818     0.0233     0.0195      14164     9.8354     100.00     2.2984     2.0016          5  0.000e+00
    250.651   77.37228 -176.25538    253.463     0.8025     0.8022  29.678251  29.676412    34.7808    34.7788    295.078    286.942    -0.1061     4.6618     0.0818     0.0818     0.0233     0.0208      14165     9.8361     100.00     2.2972     2.0016          5  0.000e+00
    250.651   77.37228 -176.25538    253.463     0.8023     0.8025  29.678251  29.676237    34.7810    34.7782    295.079    286.704    -0.1366     4.6618     0.0818     0.0818     0.0233     0.0195      14166     9.8368     100.00     2.2972     2.0004          5  0.000e+00
    250.651   77.37228 -176.25538    253.463     0.8027     0.8025  29.678251  29.676178    34.7807    34.7781    295.077    286.704    -0.1366     4.6618     0.0830     0.0830     0.0233     0.0195      14167     9.8375     100.00     2.2972     2.0004          5  0.000e+00
    250.651   77.37228 -176.25538    253.463     0.8027     0.8025  29.678251  29.676354    34.7807    34.7784    295.077    286.704    -0.1366     4.6618     0.0818     0.0818     0.0233     0.0195      14168     9.8382     100.00     2.2972     2.0004          5  0.000e+00
    250.709   77.37228 -176.25538    253.521     0.8027     0.8025  29.678251  29.676237    34.7806    34.7782    295.079    286.943    -0.1366     4.6606     0.0818     0.0818     0.0243     0.0195      14169     9.8389     100.00     2.2972     2.0016          5  0.000e+00
    250.651   77.37228 -176.25538    253.463     0.8027     0.8023  29.678251  29.676178    34.7807    34.7783    295.277    286.942    -0.1366     4.6618     0.0818     0.0818     0.0233     0.0195      14170     9.8396     100.00     2.2984     2.0016          5  0.000e+00
    250.651   77.37228 -176.25538    253.463     0.8025     0.8023  29.678438  29.676529    34.7811    34.7788    295.077    287.178    -0.1366     4.6618     0.0818     0.0818     0.0233     0.0195      14171     9.8403     100.00     2.2972     2.0028          5  0.000e+00
    250.651   77.37228 -176.25538    253.463     0.8028     0.8025  29.678313  29.676471    34.7806    34.7785    294.876    287.177    -0.1366     4.6606     0.0818     0.0818     0.0243     0.0195      14172     9.8410     100.00     2.2960     2.0028          5  0.000e+00
    250.651   77.37228 -176.25538    253.463     0.8027     0.8022  29.678438  29.676471    34.7809    34.7789    295.076    286.942    -0.1366     4.6606     0.0818     0.0818     0.0243     0.0195      14173     9.8417     100.00     2.2972     2.0016          5  0.000e+00
    250.651   77.37228 -176.25538    253.463     0.8025     0.8022  29.678313  29.676471    34.7809    34.7789    295.078    286.706    -0.1061     4.6618     0.0818     0.0818     0.0233     0.0208      14174     9.8424     100.00     2.2972     2.0004          5  0.000e+00
    250.709   77.37228 -176.25538    253.521     0.8025     0.8025  29.678438  29.676178    34.7810    34.7781    295.080    286.470    -0.1366     4.6618     0.0818     0.0818     0.0233     0.0195      14175     9.8431     100.00     2.2972     1.9992          5  0.000e+00
    250.651   77.37230 -176.25536    253.463     0.8022     0.8025  29.678002  29.676529    34.7809    34.7786    294.683    286.706    -0.1671     4.6606     0.0818     0.0818     0.0243     0.0183      14347     9.9625     100.00     2.2947     2.0004          6  0.000e+00
    250.708   77.37230 -176.25536    253.521     0.8025     0.8023  29.678189  29.676471    34.7807    34.7787    294.683    286.472    -0.1671     4.6606     0.0818     0.0818     0.0243     0.0183      14348     9.9632     100.00     2.2947     1.9992          6  0.000e+00
    250.651   77.37230 -176.25536    253.463     0.8025     0.8023  29.678251  29.676646    34.7808    34.7789    294.680    286.233    -0.1671     4.6606     0.0818     0.0818     0.0243     0.0183      14349     9.9639     100.00     2.2947     1.9979          6  0.000e+00
    250.708   77.37230 -176.25536    253.521     0.8025     0.8026  29.678438  29.676295    34.7810    34.7781    294.682    286.235    -0.1671     4.6606     0.0818     0.0818     0.0243     0.0183      14350     9.9646     100.00     2.2947     1.9979          6  0.000e+00
    250.708   77.37230 -176.25536    253.521     0.8023     0.8023  29.678313  29.676354    34.7811    34.7785    294.683    286.236    -0.1671     4.6606     0.0818     0.0818     0.0243     0.0183      14351     9.9653     100.00     2.2947     1.9979          6  0.000e+00
    250.651   77.37230 -176.25536    253.463     0.8023     0.8027  29.678251  29.676178    34.7810    34.7779    294.681    286.469    -0.1671     4.6606     0.0818     0.0818     0.0243     0.0183      14352     9.9660     100.00     2.2947     1.9992          6  0.000e+00
    250.708   77.37230 -176.25536    253.521     0.8023     0.8025  29.678064  29.676120    34.7807    34.7780    294.684    286.472    -0.1976     4.6606     0.0818     0.0818     0.0243     0.0171      14353     9.9667     100.00     2.2947     1.9992          6  0.000e+00
    250.708   77.37230 -176.25536    253.521     0.8025     0.8023  29.678127  29.676354    34.7806    34.7785    294.683    286.709    -0.1671     4.6606     0.0818     0.0818     0.0243     0.0183      14354     9.9674     100.00     2.2947     2.0004          6  0.000e+00
    250.708   77.37230 -176.25536    253.521     0.8025     0.8025  29.678189  29.676471    34.7807    34.7785    294.883    286.708    -0.1671     4.6606     0.0818     0.0818     0.0243     0.0183      14355     9.9681     100.00     2.2960     2.0004          6  0.000e+00
    250.651   77.37230 -176.25536    253.463     0.8025     0.8023  29.678064  29.676178    34.7806    34.7783    294.681    286.708    -0.1671     4.6606     0.0818     0.0818     0.0243     0.0183      14356     9.9688     100.00     2.2947     2.0004          6  0.000e+00
    250.651   77.37230 -176.25534    253.463     0.8025     0.8023  29.678189  29.676120    34.7808    34.7782    294.680    286.471    -0.1671     4.6606     0.0818     0.0818     0.0243     0.0183      14357     9.9694     100.00     2.2947     1.9992          6  0.000e+00
    250.708   77.37230 -176.25534    253.521     0.8025     0.8025  29.677878  29.676588    34.7803    34.7786    294.684    286.234    -0.1671     4.6606     0.0818     0.0818     0.0243     0.0183      14358     9.9701     100.00     2.2947     1.9979          6  0.000e+00
    250.708   77.37230 -176.25534    253.521     0.8025     0.8023  29.677940  29.676295    34.7804    34.7784    294.683    286.236    -0.1671     4.6618     0.0818     0.0818     0.0233     0.0183      14359     9.9708     100.00     2.2947     1.9979          6  0.000e+00
    250.651   77.37230 -176.25534    253.463     0.8025     0.8025  29.678189  29.676354    34.7808    34.7784    294.680    286.233    -0.1976     4.6618     0.0818     0.0818     0.0233     0.0171      14360     9.9715     100.00     2.2947     1.9980          6  0.000e+00
    250.708   77.37230 -176.25534    253.521     0.8025     0.8022  29.678438  29.676237    34.7810    34.7786    294.682    286.237    -0.1671     4.6618     0.0818     0.0818     0.0233     0.0183      14361     9.9722     100.00     2.2947     1.9980          6  0.000e+00
    250.708   77.37230 -176.25534    253.521     0.8025     0.8025  29.678127  29.676354    34.7806    34.7783    294.683    286.235    -0.1671     4.6618     0.0818     0.0818     0.0233     0.0183      14362     9.9729     100.00     2.2947     1.9980          6  0.000e+00
    250.651   77.37230 -176.25534    253.463     0.8027     0.8026  29.678375  29.676178    34.7808    34.7780    294.879    286.469    -0.1671     4.6618     0.0818     0.0818     0.0233     0.0183      14363     9.9736     100.00     2.2960     1.9992          6  0.000e+00
    250.708   77.37230 -176.25534    253.521     0.8023     0.8025  29.677940  29.676120    34.7806    34.7780    294.684    286.709    -0.1671     4.6618     0.0806     0.0806     0.0233     0.0183      14364     9.9743     100.00     2.2947     2.0004          6  0.000e+00
    250.708   77.37230 -176.25534    253.521     0.8025     0.8027  29.678127  29.676178    34.7806    34.7779    294.883    286.945    -0.1671     4.6618     0.0794     0.0794     0.0233     0.0183      14365     9.9750     100.00     2.2960     2.0016          6  0.000e+00
    250.651   77.37230 -176.25534    253.463     0.8025     0.8025  29.678064  29.676178    34.7806    34.7781    294.681    286.943    -0.1671     4.6618     0.0794     0.0794     0.0233     0.0183      14366     9.9757     100.00     2.2947     2.0016          6  0.000e+00
    250.708   77.37230 -176.25534    253.521     0.8025     0.8025  29.678189  29.676354    34.7807    34.7783    294.683    287.182    -0.1976     4.6618     0.0794     0.0794     0.0233     0.0171      14367     9.9764     100.00     2.2947     2.0028          6  0.000e+00
    250.708   77.37230 -176.25534    253.521     0.8025     0.8025  29.678251  29.676412    34.7808    34.7784    294.683    287.182    -0.1976     4.6618     0.0794     0.0794     0.0233     0.0171      14368     9.9771     100.00     2.2947     2.0028          6  0.000e+00
    250.651   77.37230 -176.25534    253.463     0.8027     0.8026  29.678064  29.676646    34.7804    34.7786    294.680    287.178    -0.1671     4.6630     0.0794     0.0794     0.0222     0.0183      14369     9.9778     100.00     2.2947     2.0028          6  0.000e+00
    250.708   77.37230 -176.25534    253.521     0.8023     0.8023  29.678189  29.676295    34.7809    34.7784    294.884    287.420    -0.1671     4.6618     0.0794     0.0794     0.0233     0.0183      14370     9.9785     100.00     2.2960     2.0041          6  0.000e+00
    250.708   77.37230 -176.25534    253.521     0.8025     0.8025  29.678251  29.676530    34.7808    34.7785    294.683    287.418    -0.1976     4.6618     0.0794     0.0794     0.0233     0.0171      14371     9.9792     100.00     2.2947     2.0041          6  0.000e+00
    250.651   77.37230 -176.25534    253.463     0.8025     0.8023  29.678375  29.676471    34.7810    34.7787    294.880    287.417    -0.1671     4.6618     0.0806     0.0806     0.0233     0.0183      14372     9.9799     100.00     2.2960     2.0041          6  0.000e+00
    250.708   77.37230 -176.25534    253.521     0.8025     0.8026  29.678251  29.676471    34.7808    34.7783    294.683    287.418    -0.1671     4.6618     0.0794     0.0794     0.0233     0.0183      14373     9.9806     100.00     2.2947     2.0041          6  0.000e+00
    250.651   77.37230 -176.25534    253.463     0.8025     0.8025  29.678251  29.676178    34.7808    34.7781    294.680    287.417    -0.1976     4.6618     0.0806     0.0806     0.0233     0.0171      14374     9.9812     100.00     2.2947     2.0041          6  0.000e+00
    250.708   77.37230 -176.25534    253.521     0.8025     0.8025  29.678064  29.676120    34.7806    34.7780    294.683    287.419    -0.1671     4.6618     0.0806     0.0806     0.0233     0.0183      14375     9.9819     100.00     2.2947     2.0041          6  0.000e+00
    250.708   77.37230 -176.25534    253.521     0.8025     0.8025  29.678189  29.676588    34.7807    34.7786    294.683    287.418    -0.1671     4.6618     0.0794     0.0794     0.0233     0.0183      14376     9.9826     100.00     2.2947     2.0041          6  0.000e+00
    250.708   77.37230 -176.25534    253.521     0.8025     0.8025  29.678064  29.676764    34.7806    34.7788    294.883    287.418    -0.1671     4.6618     0.0794     0.0794     0.0233     0.0183      14377     9.9833     100.00     2.2960     2.0041          6  0.000e+00
    250.708   77.37230 -176.25534    253.521     0.8023     0.8025  29.678189  29.676237    34.7809    34.7782    294.684    287.419    -0.1671     4.6618     0.0794     0.0794     0.0233     0.0183      14378     9.9840     100.00     2.2947     2.0041          6  0.000e+00
    250.651   77.37230 -176.25534    253.463     0.8027     0.8026  29.678064  29.676354    34.7804    34.7782    294.680    287.416    -0.1671     4.6618     0.0794     0.0794     0.0233     0.0183      14379     9.9847     100.00     2.2947     2.0041          6  0.000e+00
    250.651   77.37230 -176.25534    253.463     0.8023     0.8022  29.678002  29.676471    34.7807    34.7789    294.682    287.418    -0.1671     4.6618     0.0794     0.0794     0.0233     0.0183      14380     9.9854     100.00     2.2947     2.0041          6  0.000e+00
    250.708   77.37230 -176.25534    253.521     0.8025     0.8026  29.678376  29.676471    34.7810    34.7783    294.682    287.418    -0.1976     4.6618     0.0794     0.0794     0.0233     0.0171      14381     9.9861     100.00     2.2947     2.0041          6  0.000e+00
    250.708   77.37230 -176.25534    253.521     0.8025     0.8023  29.678127  29.676413    34.7806    34.7786    294.883    287.420    -0.1671     4.6618     0.0794     0.0794     0.0233     0.0183      14382     9.9868     100.00     2.2960     2.0041          6  0.000e+00
    250.708   77.37230 -176.25534    253.521     0.8025     0.8025  29.678002  29.676237    34.7805    34.7782    294.684    287.419    -0.1671     4.6618     0.0794     0.0794     0.0233     0.0183      14383     9.9875     100.00     2.2947     2.0041          6  0.000e+00
    250.708   77.37230 -176.25534    253.521     0.8025     0.8025  29.678376  29.676354    34.7810    34.7783    294.882    287.182    -0.1671     4.6618     0.0794     0.0794     0.0233     0.0183      14384     9.9882     100.00     2.2960     2.0028          6  0.000e+00
    250.651   77.37230 -176.25534    253.463     0.8023     0.8025  29.677940  29.676588    34.7806    34.7787    294.882    287.179    -0.1671     4.6618     0.0794     0.0794     0.0233     0.0183      14385     9.9889     100.00     2.2960     2.0028          6  0.000e+00
    250.708   77.37230 -176.25534    253.521     0.8025     0.8025  29.678127  29.676705    34.7806    34.7788    294.883    287.181    -0.1671     4.6618     0.0794     0.0794     0.0233     0.0183      14386     9.9896     100.00     2.2960     2.0028          6  0.000e+00
    250.651   77.37230 -176.25534    253.463     0.8025     0.8026  29.678251  29.676295    34.7808    34.7781    294.880    287.416    -0.1671     4.6618     0.0794     0.0794     0.0233     0.0183      14387     9.9903     100.00     2.2960     2.0041          6  0.000e+00
    250.708   77.37230 -176.25534    253.521     0.8023     0.8025  29.678438  29.676178    34.7812    34.7781    294.683    287.419    -0.1976     4.6618     0.0806     0.0806     0.0233     0.0171      14388     9.9910     100.00     2.2947     2.0041          6  0.000e+00
    250.708   77.37230 -176.25534    253.521     0.8027     0.8025  29.678127  29.676354    34.7805    34.7783    294.882    287.182    -0.1976     4.6618     0.0794     0.0794     0.0233     0.0171      14389     9.9917     100.00     2.2960     2.0028          6  0.000e+00
    250.708   77.37230 -176.25534    253.521     0.8023     0.8023  29.678313  29.676237    34.7811    34.7784    294.684    286.947    -0.1671     4.6618     0.0794     0.0794     0.0233     0.0183      14390     9.9924     100.00     2.2947     2.0016          6  0.000e+00
