Continuous CTD Data/01_SBE Stage/nabos_30_01.ros
* Sea-Bird SBE 9 Data File:
* FileName = D:\CTD\data\HLY2502\raw\NABOS_30_01.hex
* Software Version Seasave V 7.26.7.110
* Temperature SN = 6954
* Conductivity SN = 2561
* Number of Bytes Per Scan = 37
* Number of Voltage Words = 4
* Number of Scans Averaged by the Deck Unit = 1
* NMEA Latitude = 80 25.03 N
* NMEA Longitude = 147 31.64 E
* NMEA UTC (Time) = Sep 22 2025  11:40:31
* NMEA baud rate = 9600
** Ship: USCG HEALY
** Bot. Depth:  1812
** Cast Number:  01
** Station Name:  NABOS
** Station Number:  30
** Operator:  STARC
# nquan = 25
# nvalues = 1176                                  
# units = specified
# name 0 = depSM: Depth [salt water, m]
# name 1 = latitude: Latitude [deg]
# name 2 = longitude: Longitude [deg]
# name 3 = prDM: Pressure, Digiquartz [db]
# name 4 = t090C: Temperature [ITS-90, deg C]
# name 5 = t190C: Temperature, 2 [ITS-90, deg C]
# name 6 = c0mS/cm: Conductivity [mS/cm]
# name 7 = c1mS/cm: Conductivity, 2 [mS/cm]
# name 8 = sal00: Salinity, Practical [PSU]
# name 9 = sal11: Salinity, Practical, 2 [PSU]
# name 10 = sbox0Mm/Kg: Oxygen, SBE 43 [umol/kg]
# name 11 = sbox1Mm/Kg: Oxygen, SBE 43, 2 [umol/kg]
# name 12 = flECO-AFL: Fluorescence, WET Labs ECO-AFL/FL [mg/m^3]
# name 13 = v2: Voltage 2
# name 14 = wetCDOM: Fluorescence, WET Labs CDOM [mg/m^3]
# name 15 = v6: Voltage 6
# name 16 = CStarAt0: Beam Attenuation, WET Labs C-Star [1/m]
# name 17 = v3: Voltage 3
# name 18 = scan: Scan Count
# name 19 = timeM: Time, Elapsed [minutes]
# name 20 = altM: Altimeter [m]
# name 21 = sbeox0V: Oxygen raw, SBE 43 [V]
# name 22 = sbeox1V: Oxygen raw, SBE 43, 2 [V]
# name 23 = nbf: Bottles Fired
# name 24 = flag:  0.000e+00
# interval = seconds: 0.0416667
# start_time = Sep 22 2025 11:40:31 [NMEA time, header]
# bad_flag = -9.990e-29
*END*
[from data line 1102]
      4.265   80.42128  147.43996      4.311    -1.5347    -1.5347  22.865636  22.862467    28.3213    28.3170    367.449    355.961     0.6571     4.5177     0.1465     0.1465     0.1489     0.0513     155969   108.3111     100.00     2.5525     2.2050         23  0.000e+00
      4.331   80.42128  147.43996      4.377    -1.5345    -1.5347  22.865750  22.862307    28.3212    28.3168    367.450    355.965     0.6571     4.5165     0.1453     0.1453     0.1500     0.0513     155970   108.3118     100.00     2.5525     2.2050         23  0.000e+00
      4.265   80.42128  147.43996      4.311    -1.5344    -1.5345  22.865636  22.862520    28.3210    28.3169    367.447    355.959     0.6876     4.5165     0.1465     0.1465     0.1500     0.0525     155971   108.3125     100.00     2.5525     2.2050         23  0.000e+00
      4.265   80.42128  147.43996      4.311    -1.5343    -1.5347  22.865466  22.862787    28.3207    28.3174    367.447    356.217     0.6571     4.5177     0.1465     0.1465     0.1489     0.0513     155972   108.3132     100.00     2.5525     2.2062         23  0.000e+00
      4.331   80.42128  147.43996      4.377    -1.5346    -1.5345  22.865523  22.862947    28.3210    28.3174    367.452    356.476     0.6571     4.5189     0.1465     0.1465     0.1479     0.0513     155973   108.3139     100.00     2.5525     2.2074         23  0.000e+00
      4.265   80.42128  147.43996      4.311    -1.5343    -1.5347  22.865297  22.863000    28.3205    28.3177    367.665    356.732     0.6571     4.5177     0.1465     0.1465     0.1489     0.0513     155974   108.3146     100.00     2.5537     2.2086         23  0.000e+00
      4.331   80.42128  147.43996      4.377    -1.5344    -1.5345  22.865467  22.862840    28.3208    28.3173    367.451    356.734     0.6571     4.5189     0.1465     0.1465     0.1479     0.0513     155975   108.3153     100.00     2.5525     2.2086         23  0.000e+00
      4.265   80.42128  147.43996      4.311    -1.5343    -1.5347  22.865410  22.862627    28.3206    28.3172    367.665    356.475     0.6571     4.5177     0.1465     0.1465     0.1489     0.0513     155976   108.3160     100.00     2.5537     2.2074         23  0.000e+00
      4.331   80.42128  147.43996      4.377    -1.5345    -1.5345  22.865410  22.862574    28.3207    28.3169    367.452    356.478     0.6571     4.5177     0.1465     0.1465     0.1489     0.0513     155977   108.3167     100.00     2.5525     2.2074         23  0.000e+00
      4.331   80.42128  147.43996      4.377    -1.5346    -1.5348  22.865523  22.862254    28.3210    28.3168    367.452    356.481     0.6571     4.5177     0.1465     0.1465     0.1489     0.0513     155978   108.3174     100.00     2.5525     2.2074         23  0.000e+00
      4.265   80.42128  147.43996      4.311    -1.5345    -1.5347  22.865806  22.862787    28.3213    28.3174    367.665    356.217     0.6571     4.5177     0.1465     0.1465     0.1489     0.0513     155979   108.3181     100.00     2.5537     2.2062         23  0.000e+00
      4.265   80.42128  147.43996      4.311    -1.5343    -1.5345  22.866146  22.862840    28.3216    28.3173    367.661    355.958     0.7181     4.5177     0.1465     0.1465     0.1489     0.0537     155980   108.3187     100.00     2.5537     2.2050         23  0.000e+00
      4.322   80.42128  147.43996      4.369    -1.5345    -1.5348  22.866429  22.862627    28.3221    28.3173    367.447    355.448     0.7486     4.5177     0.1465     0.1465     0.1489     0.0549     155981   108.3194     100.00     2.5525     2.2025         23  0.000e+00
      4.265   80.42128  147.43996      4.311    -1.5344    -1.5348  22.866599  22.862574    28.3223    28.3173    367.443    355.188     0.7486     4.5177     0.1465     0.1465     0.1489     0.0549     155982   108.3201     100.00     2.5525     2.2013         23  0.000e+00
      4.265   80.42128  147.43996      4.311    -1.5348    -1.5347  22.866486  22.862733    28.3226    28.3173    367.665    355.186     0.7486     4.5177     0.1465     0.1465     0.1489     0.0549     155983   108.3208     100.00     2.5537     2.2013         23  0.000e+00
      4.322   80.42128  147.43996      4.369    -1.5345    -1.5347  22.866769  22.862947    28.3226    28.3176    367.446    355.704     0.7181     4.5177     0.1465     0.1465     0.1489     0.0537     155984   108.3215     100.00     2.5525     2.2038         23  0.000e+00
      4.265   80.42128  147.43996      4.311    -1.5344    -1.5348  22.867052  22.862840    28.3230    28.3176    367.441    355.960     0.7486     4.5177     0.1465     0.1465     0.1489     0.0549     155985   108.3222     100.00     2.5525     2.2050         23  0.000e+00
      4.322   80.42128  147.43996      4.369    -1.5345    -1.5347  22.867506  22.862947    28.3236    28.3176    367.443    355.961     0.7486     4.5177     0.1465     0.1465     0.1489     0.0549     155986   108.3229     100.00     2.5525     2.2050         23  0.000e+00
      4.331   80.42128  147.43996      4.377    -1.5346    -1.5345  22.867222  22.863213    28.3233    28.3178    367.663    355.444     0.7486     4.5189     0.1465     0.1465     0.1479     0.0549     155987   108.3236     100.00     2.5537     2.2025         23  0.000e+00
      4.265   80.42128  147.43994      4.311    -1.5345    -1.5348  22.867279  22.862946    28.3233    28.3178    367.659    355.702     0.7486     4.5177     0.1465     0.1465     0.1489     0.0549     155988   108.3243     100.00     2.5537     2.2038         23  0.000e+00
      4.265   80.42128  147.43994      4.311    -1.5346    -1.5345  22.867166  22.863106    28.3232    28.3177    367.442    355.957     0.7181     4.5177     0.1465     0.1465     0.1489     0.0537     155989   108.3250     100.00     2.5525     2.2050         23  0.000e+00
      4.331   80.42128  147.43994      4.377    -1.5345    -1.5347  22.867506  22.863053    28.3236    28.3178    367.661    355.961     0.7486     4.5177     0.1465     0.1465     0.1489     0.0549     155990   108.3257     100.00     2.5537     2.2050         23  0.000e+00
      4.265   80.42128  147.43994      4.311    -1.5343    -1.5347  22.867279  22.863160    28.3232    28.3179    367.657    355.700     0.7486     4.5177     0.1465     0.1465     0.1489     0.0549     155991   108.3264     100.00     2.5537     2.2038         23  0.000e+00
      4.265   80.42128  147.43994      4.311    -1.5346    -1.5348  22.867109  22.863426    28.3231    28.3184    367.877    355.442     0.7486     4.5177     0.1465     0.1465     0.1489     0.0549     155992   108.3271     100.00     2.5549     2.2025         23  0.000e+00
      4.331   80.42128  147.43994      4.377    -1.5343    -1.5348  22.867109  22.863106    28.3229    28.3180    367.661    355.447     0.7486     4.5177     0.1465     0.1465     0.1489     0.0549     155993   108.3278     100.00     2.5537     2.2025         23  0.000e+00
      4.265   80.42128  147.43990      4.311    -1.5345    -1.5348  22.867279  22.865397    28.3233    28.3211    367.874    354.401     0.6876     4.5189     0.1453     0.1453     0.1479     0.0525     156103   108.4042     100.00     2.5549     2.1976         24  0.000e+00
      4.323   80.42128  147.43990      4.369    -1.5346    -1.5350  22.867166  22.865131    28.3232    28.3208    367.878    354.664     0.6876     4.5177     0.1490     0.1490     0.1489     0.0525     156104   108.4049      93.46     2.5549     2.1989         24  0.000e+00
      4.331   80.42128  147.43990      4.378    -1.5347    -1.5350  22.867279  22.865237    28.3234    28.3210    367.661    355.180     0.6876     4.5177     0.1538     0.1538     0.1489     0.0525     156105   108.4056      87.67     2.5537     2.2013         24  0.000e+00
      4.265   80.42128  147.43990      4.311    -1.5345    -1.5347  22.866826  22.865344    28.3227    28.3209    367.876    355.174     0.6876     4.5189     0.1563     0.1563     0.1479     0.0525     156106   108.4063      86.37     2.5549     2.2013         24  0.000e+00
      4.331   80.42128  147.43988      4.378    -1.5347    -1.5350  22.867053  22.865184    28.3232    28.3209    367.880    355.437     0.6571     4.5177     0.1563     0.1563     0.1489     0.0513     156107   108.4069      86.59     2.5549     2.2025         24  0.000e+00
      4.265   80.42128  147.43988      4.311    -1.5347    -1.5347  22.867279  22.865077    28.3235    28.3205    367.875    356.464     0.6876     4.5189     0.1563     0.1563     0.1479     0.0525     156108   108.4076      86.84     2.5549     2.2074         24  0.000e+00
      4.265   80.42128  147.43988      4.311    -1.5346    -1.5348  22.867166  22.865290    28.3232    28.3209    367.875    358.268     0.6876     4.5177     0.1563     0.1563     0.1489     0.0525     156109   108.4083      86.91     2.5549     2.2160         24  0.000e+00
      4.331   80.42128  147.43988      4.378    -1.5345    -1.5348  22.867109  22.865504    28.3231    28.3212    367.660    359.301     0.6876     4.5189     0.1514     0.1514     0.1479     0.0525     156110   108.4090      93.99     2.5537     2.2208         24  0.000e+00
      4.266   80.42128  147.43988      4.311    -1.5347    -1.5347  22.867109  22.865237    28.3232    28.3208    367.658    359.556     0.6876     4.5177     0.1477     0.1477     0.1489     0.0525     156111   108.4097      98.75     2.5537     2.2221         24  0.000e+00
      4.266   80.42128  147.43988      4.311    -1.5347    -1.5348  22.867336  22.865450    28.3236    28.3212    367.658    359.298     0.6571     4.5177     0.1477     0.1477     0.1489     0.0513     156112   108.4104     100.00     2.5537     2.2208         24  0.000e+00
      4.323   80.42128  147.43988      4.369    -1.5343    -1.5348  22.867506  22.865557    28.3234    28.3213    367.874    358.270     0.6876     4.5177     0.1477     0.1477     0.1489     0.0525     156113   108.4111     100.00     2.5549     2.2160         24  0.000e+00
      4.266   80.42128  147.43988      4.311    -1.5344    -1.5348  22.867222  22.865344    28.3232    28.3210    367.656    356.206     0.6876     4.5177     0.1477     0.1477     0.1489     0.0525     156114   108.4118     100.00     2.5537     2.2062         24  0.000e+00
      4.266   80.42128  147.43988      4.311    -1.5342    -1.5347  22.867279  22.864971    28.3230    28.3204    368.089    354.917     0.6876     4.5177     0.1477     0.1477     0.1489     0.0525     156115   108.4125     100.00     2.5561     2.2001         24  0.000e+00
      4.323   80.42128  147.43988      4.369    -1.5346    -1.5347  22.867166  22.864918    28.3232    28.3203    367.660    354.663     0.6876     4.5177     0.1477     0.1477     0.1489     0.0525     156116   108.4132     100.00     2.5537     2.1989         24  0.000e+00
      4.331   80.42128  147.43988      4.378    -1.5347    -1.5348  22.867336  22.864864    28.3235    28.3203    367.878    354.406     0.7181     4.5177     0.1477     0.1477     0.1489     0.0537     156117   108.4139     100.00     2.5549     2.1976         24  0.000e+00
      4.266   80.42128  147.43988      4.311    -1.5345    -1.5347  22.867336  22.864704    28.3234    28.3200    367.873    354.145     0.7181     4.5177     0.1477     0.1477     0.1489     0.0537     156118   108.4146     100.00     2.5549     2.1964         24  0.000e+00
      4.266   80.42128  147.43988      4.311    -1.5346    -1.5348  22.866996  22.864598    28.3230    28.3200    367.657    353.889     0.7181     4.5177     0.1477     0.1477     0.1489     0.0537     156119   108.4153     100.00     2.5537     2.1952         24  0.000e+00
      4.331   80.42128  147.43988      4.378    -1.5343    -1.5347  22.867392  22.864278    28.3233    28.3194    367.875    354.665     0.7181     4.5177     0.1477     0.1477     0.1489     0.0537     156120   108.4160     100.00     2.5549     2.1989         24  0.000e+00
      4.266   80.42128  147.43988      4.311    -1.5346    -1.5348  22.867392  22.864172    28.3235    28.3194    367.874    356.468     0.6876     4.5177     0.1477     0.1477     0.1489     0.0525     156121   108.4167     100.00     2.5549     2.2074         24  0.000e+00
      4.331   80.42128  147.43988      4.378    -1.5345    -1.5348  22.868072  22.863852    28.3244    28.3190    367.874    358.019     0.7181     4.5177     0.1477     0.1477     0.1489     0.0537     156122   108.4174     100.00     2.5549     2.2147         24  0.000e+00
      4.266   80.42128  147.43988      4.311    -1.5343    -1.5347  22.868412  22.863905    28.3246    28.3190    367.867    358.272     0.7181     4.5177     0.1477     0.1477     0.1489     0.0537     156123   108.4181     100.00     2.5549     2.2160         24  0.000e+00
      4.331   80.42128  147.43988      4.378    -1.5345    -1.5350  22.868695  22.863746    28.3252    28.3189    367.871    358.020     0.7181     4.5177     0.1477     0.1477     0.1489     0.0537     156124   108.4188     100.00     2.5549     2.2147         24  0.000e+00
      4.266   80.42128  147.43988      4.311    -1.5345    -1.5350  22.869035  22.863532    28.3257    28.3187    367.867    357.503     0.7181     4.5177     0.1477     0.1477     0.1489     0.0537     156125   108.4194     100.00     2.5549     2.2123         24  0.000e+00
      4.331   80.42128  147.43988      4.378    -1.5343    -1.5347  22.869035  22.863106    28.3254    28.3178    367.650    356.474     0.6876     4.5177     0.1477     0.1477     0.1489     0.0525     156126   108.4201     100.00     2.5537     2.2074         24  0.000e+00
      4.266   80.42128  147.43988      4.311    -1.5343    -1.5348  22.869375  22.862840    28.3260    28.3176    367.864    356.730     0.7181     4.5177     0.1477     0.1477     0.1489     0.0537     156127   108.4208     100.00     2.5549     2.2086         24  0.000e+00
      4.266   80.42128  147.43988      4.311    -1.5343    -1.5347  22.869375  22.863319    28.3259    28.3182    367.863    357.243     0.7181     4.5177     0.1477     0.1477     0.1489     0.0537     156128   108.4215     100.00     2.5549     2.2111         24  0.000e+00
      4.266   80.42128  147.43988      4.311    -1.5345    -1.5348  22.868921  22.863479    28.3255    28.3185    367.867    357.501     0.7181     4.5177     0.1477     0.1477     0.1489     0.0537     156129   108.4222     100.00     2.5549     2.2123         24  0.000e+00
      4.323   80.42128  147.43988      4.369    -1.5343    -1.5348  22.868865  22.863692    28.3252    28.3188    367.868    357.503     0.7181     4.5177     0.1490     0.1490     0.1489     0.0537     156130   108.4229     100.00     2.5549     2.2123         24  0.000e+00
      4.266   80.42128  147.43988      4.311    -1.5343    -1.5348  22.868808  22.864065    28.3252    28.3193    367.866    357.499     0.7181     4.5177     0.1477     0.1477     0.1489     0.0537     156131   108.4236     100.00     2.5549     2.2123         24  0.000e+00
      4.331   80.42128  147.43988      4.378    -1.5343    -1.5347  22.868865  22.864012    28.3253    28.3190    367.869    356.470     0.7181     4.5177     0.1477     0.1477     0.1489     0.0537     156132   108.4243     100.00     2.5549     2.2074         24  0.000e+00
      4.266   80.42128  147.43988      4.311    -1.5344    -1.5348  22.868808  22.864118    28.3253    28.3194    367.649    354.406     0.7181     4.5165     0.1477     0.1477     0.1500     0.0537     156133   108.4250     100.00     2.5537     2.1976         24  0.000e+00
      4.266   80.42128  147.43988      4.311    -1.5343    -1.5348  22.868978  22.864012    28.3255    28.3192    367.647    353.633     0.7181     4.5165     0.1477     0.1477     0.1500     0.0537     156134   108.4257     100.00     2.5537     2.1940         24  0.000e+00
