Continuous CTD Data/01_SBE Stage/nabos_34_01.ros
* Sea-Bird SBE 9 Data File:
* FileName = D:\CTD\data\HLY2502\raw\NABOS_34_01.hex
* Software Version Seasave V 7.26.7.110
* Temperature SN = 6954
* Conductivity SN = 2561
* Number of Bytes Per Scan = 37
* Number of Voltage Words = 4
* Number of Scans Averaged by the Deck Unit = 1
* NMEA Latitude = 79 43.52 N
* NMEA Longitude = 137 55.80 E
* NMEA UTC (Time) = Sep 23 2025  23:29:11
* NMEA baud rate = 9600
** Ship: USCG HEALY
** Bot. Depth:  2758
** Cast Number:  01
** Station Name:  NABOS
** Station Number:  34
** Operator:  STARC
** 2760m target, but 5m off the bottom actual
# nquan = 25
# nvalues = 1176                                  
# units = specified
# name 0 = depSM: Depth [salt water, m]
# name 1 = latitude: Latitude [deg]
# name 2 = longitude: Longitude [deg]
# name 3 = prDM: Pressure, Digiquartz [db]
# name 4 = t090C: Temperature [ITS-90, deg C]
# name 5 = t190C: Temperature, 2 [ITS-90, deg C]
# name 6 = c0mS/cm: Conductivity [mS/cm]
# name 7 = c1mS/cm: Conductivity, 2 [mS/cm]
# name 8 = sal00: Salinity, Practical [PSU]
# name 9 = sal11: Salinity, Practical, 2 [PSU]
# name 10 = sbox0Mm/Kg: Oxygen, SBE 43 [umol/kg]
# name 11 = sbox1Mm/Kg: Oxygen, SBE 43, 2 [umol/kg]
# name 12 = flECO-AFL: Fluorescence, WET Labs ECO-AFL/FL [mg/m^3]
# name 13 = v2: Voltage 2
# name 14 = wetCDOM: Fluorescence, WET Labs CDOM [mg/m^3]
# name 15 = v6: Voltage 6
# name 16 = CStarAt0: Beam Attenuation, WET Labs C-Star [1/m]
# name 17 = v3: Voltage 3
# name 18 = scan: Scan Count
# name 19 = timeM: Time, Elapsed [minutes]
# name 20 = altM: Altimeter [m]
# name 21 = sbeox0V: Oxygen raw, SBE 43 [V]
# name 22 = sbeox1V: Oxygen raw, SBE 43, 2 [V]
# name 23 = nbf: Bottles Fired
# name 24 = flag:  0.000e+00
# interval = seconds: 0.0416667
# start_time = Sep 23 2025 23:29:11 [NMEA time, header]
# bad_flag = -9.990e-29
*END*
[from data line 348]
    250.007   79.73688  137.89722    252.833     1.8034     1.8039  30.597436  30.596401    34.8446    34.8428    294.744    289.297    -0.1976     4.6300     0.0806     0.0806     0.0506     0.0171     175735   122.0375     100.00     2.3479     2.0575          8  0.000e+00
    249.949   79.73688  137.89722    252.775     1.8032     1.8039  30.597310  30.595927    34.8447    34.8422    294.743    288.376    -0.1671     4.6300     0.0806     0.0806     0.0506     0.0183     175736   122.0382     100.00     2.3479     2.0526          8  0.000e+00
    249.949   79.73688  137.89722    252.775     1.8031     1.8034  30.597688  30.596223    34.8453    34.8431    294.743    288.378    -0.1671     4.6300     0.0806     0.0806     0.0506     0.0183     175737   122.0389     100.00     2.3479     2.0526          8  0.000e+00
    250.072   79.73688  137.89722    252.899     1.8031     1.8036  30.597185  30.595927    34.8446    34.8425    294.749    288.153    -0.1671     4.6300     0.0806     0.0806     0.0506     0.0183     175738   122.0396     100.00     2.3479     2.0514          8  0.000e+00
    250.007   79.73688  137.89722    252.833     1.8031     1.8033  30.597374  30.595809    34.8449    34.8427    294.746    288.152    -0.1671     4.6300     0.0806     0.0806     0.0506     0.0183     175739   122.0403     100.00     2.3479     2.0514          8  0.000e+00
    249.949   79.73688  137.89722    252.775     1.8031     1.8036  30.597562  30.595809    34.8452    34.8424    294.937    288.608    -0.1671     4.6300     0.0806     0.0806     0.0506     0.0183     175740   122.0410     100.00     2.3492     2.0538          8  0.000e+00
    250.007   79.73688  137.89722    252.833     1.8034     1.8036  30.597374  30.595986    34.8446    34.8426    294.744    289.299    -0.1671     4.6300     0.0818     0.0818     0.0506     0.0183     175741   122.0417     100.00     2.3479     2.0575          8  0.000e+00
    249.949   79.73688  137.89722    252.775     1.8034     1.8033  30.597688  30.596105    34.8449    34.8431    294.740    289.528    -0.1671     4.6300     0.0806     0.0806     0.0506     0.0183     175742   122.0424     100.00     2.3479     2.0587          8  0.000e+00
    250.007   79.73688  137.89722    252.833     1.8031     1.8033  30.597625  30.596105    34.8452    34.8431    294.745    289.301    -0.1671     4.6300     0.0818     0.0818     0.0506     0.0183     175743   122.0431     100.00     2.3479     2.0575          8  0.000e+00
    250.007   79.73688  137.89722    252.833     1.8031     1.8033  30.597751  30.595868    34.8453    34.8428    294.939    289.072    -0.1671     4.6300     0.0806     0.0806     0.0506     0.0183     175744   122.0438     100.00     2.3492     2.0563          8  0.000e+00
    250.007   79.73688  137.89722    252.833     1.8034     1.8033  30.597625  30.595809    34.8449    34.8427    294.743    288.611    -0.1671     4.6300     0.0806     0.0806     0.0506     0.0183     175745   122.0444     100.00     2.3479     2.0538          8  0.000e+00
    249.949   79.73688  137.89722    252.775     1.8034     1.8036  30.597751  30.595986    34.8451    34.8426    294.935    288.377    -0.1671     4.6300     0.0806     0.0806     0.0506     0.0183     175746   122.0451     100.00     2.3492     2.0526          8  0.000e+00
    250.007   79.73688  137.89722    252.833     1.8033     1.8034  30.597436  30.596105    34.8448    34.8429    294.744    288.840    -0.1671     4.6300     0.0806     0.0806     0.0506     0.0183     175747   122.0458     100.00     2.3479     2.0551          8  0.000e+00
    250.007   79.73688  137.89722    252.833     1.8034     1.8033  30.597311  30.595868    34.8445    34.8428    294.938    289.301    -0.1671     4.6300     0.0806     0.0806     0.0506     0.0183     175748   122.0465     100.00     2.3492     2.0575          8  0.000e+00
    250.007   79.73688  137.89722    252.833     1.8032     1.8033  30.597499  30.596223    34.8449    34.8433    294.744    289.530    -0.1671     4.6300     0.0806     0.0806     0.0506     0.0183     175749   122.0472     100.00     2.3479     2.0587          8  0.000e+00
    250.007   79.73688  137.89722    252.833     1.8031     1.8034  30.597374  30.596164    34.8449    34.8430    294.745    289.759    -0.1366     4.6300     0.0818     0.0818     0.0506     0.0195     175750   122.0479     100.00     2.3479     2.0600          8  0.000e+00
    250.007   79.73688  137.89722    252.833     1.8029     1.8035  30.597311  30.595868    34.8450    34.8426    294.747    289.760    -0.1671     4.6288     0.0806     0.0806     0.0517     0.0183     175751   122.0486     100.00     2.3479     2.0600          8  0.000e+00
    250.007   79.73688  137.89722    252.833     1.8030     1.8036  30.597688  30.595986    34.8454    34.8426    294.745    289.989    -0.1671     4.6288     0.0806     0.0806     0.0517     0.0183     175752   122.0493     100.00     2.3479     2.0612          8  0.000e+00
    250.007   79.73688  137.89722    252.833     1.8032     1.8034  30.597436  30.595868    34.8448    34.8426    294.744    289.760    -0.1671     4.6300     0.0806     0.0806     0.0506     0.0183     175753   122.0500     100.00     2.3479     2.0600          8  0.000e+00
    250.007   79.73688  137.89722    252.833     1.8031     1.8033  30.597311  30.595631    34.8448    34.8425    294.745    289.531    -0.1671     4.6300     0.0806     0.0806     0.0506     0.0183     175754   122.0507     100.00     2.3479     2.0587          8  0.000e+00
    250.007   79.73688  137.89722    252.833     1.8030     1.8034  30.597311  30.595927    34.8449    34.8427    294.746    289.530    -0.1671     4.6300     0.0806     0.0806     0.0506     0.0183     175755   122.0514     100.00     2.3479     2.0587          8  0.000e+00
    250.007   79.73688  137.89722    252.833     1.8031     1.8031  30.597311  30.595868    34.8448    34.8430    294.745    289.302    -0.1671     4.6300     0.0806     0.0806     0.0506     0.0183     175756   122.0521     100.00     2.3479     2.0575          8  0.000e+00
    250.007   79.73688  137.89722    252.833     1.8029     1.8031  30.597311  30.595809    34.8450    34.8429    294.941    289.532    -0.1671     4.6300     0.0818     0.0818     0.0506     0.0183     175757   122.0528     100.00     2.3492     2.0587          8  0.000e+00
    250.007   79.73688  137.89722    252.833     1.8030     1.8033  30.597311  30.595631    34.8449    34.8425    294.746    289.531    -0.1671     4.6288     0.0806     0.0806     0.0517     0.0183     175758   122.0535     100.00     2.3479     2.0587          8  0.000e+00
    250.007   79.73688  137.89722    252.833     1.8031     1.8033  30.597311  30.596164    34.8448    34.8432    294.745    289.530    -0.1976     4.6288     0.0818     0.0818     0.0517     0.0171     175759   122.0542     100.00     2.3479     2.0587          8  0.000e+00
    250.073   79.73688  137.89722    252.899     1.8028     1.8033  30.597311  30.595927    34.8451    34.8429    294.944    289.533    -0.1671     4.6300     0.0806     0.0806     0.0506     0.0183     175760   122.0549     100.00     2.3492     2.0587          8  0.000e+00
    250.007   79.73688  137.89722    252.833     1.8024     1.8031  30.597059  30.595631    34.8452    34.8426    294.944    289.302    -0.1671     4.6300     0.0806     0.0806     0.0506     0.0183     175761   122.0556     100.00     2.3492     2.0575          8  0.000e+00
    250.007   79.73688  137.89722    252.833     1.8020     1.8033  30.595926  30.596164    34.8443    34.8432    294.950    289.300    -0.1671     4.6300     0.0806     0.0806     0.0506     0.0183     175762   122.0563     100.00     2.3492     2.0575          8  0.000e+00
    250.007   79.73688  137.89722    252.833     1.8015     1.8031  30.595360  30.595927    34.8441    34.8431    294.759    289.071    -0.1671     4.6300     0.0806     0.0806     0.0506     0.0183     175763   122.0569     100.00     2.3479     2.0563          8  0.000e+00
    250.073   79.73688  137.89722    252.899     1.8008     1.8031  30.594605  30.595987    34.8438    34.8431    294.962    288.844    -0.1671     4.6300     0.0818     0.0818     0.0506     0.0183     175764   122.0576     100.00     2.3492     2.0551          8  0.000e+00
    250.007   79.73688  137.89722    252.833     1.8001     1.8033  30.594605  30.595690    34.8447    34.8426    294.964    288.151    -0.1671     4.6288     0.0806     0.0806     0.0517     0.0183     175765   122.0583     100.00     2.3492     2.0514          8  0.000e+00
    250.073   79.73688  137.89722    252.899     1.8002     1.8033  30.594731  30.595750    34.8448    34.8426    294.772    287.464    -0.1671     4.6288     0.0806     0.0806     0.0517     0.0183     175766   122.0590     100.00     2.3479     2.0477          8  0.000e+00
    250.007   79.73688  137.89722    252.833     1.8001     1.8031  30.594731  30.595986    34.8449    34.8431    294.769    287.231    -0.1671     4.6288     0.0818     0.0818     0.0517     0.0183     175767   122.0597     100.00     2.3479     2.0465          8  0.000e+00
    250.007   79.73688  137.89722    252.833     1.7998     1.8031  30.594731  30.595454    34.8452    34.8425    294.771    287.923    -0.1671     4.6300     0.0818     0.0818     0.0506     0.0183     175768   122.0604     100.00     2.3479     2.0502          8  0.000e+00
    250.007   79.73688  137.89722    252.833     1.8001     1.8033  30.594479  30.595631    34.8445    34.8425    294.964    288.841    -0.1671     4.6300     0.0818     0.0818     0.0506     0.0183     175769   122.0611     100.00     2.3492     2.0551          8  0.000e+00
    250.073   79.73688  137.89722    252.899     1.7998     1.8027  30.594416  30.595395    34.8448    34.8428    294.775    289.537    -0.1671     4.6300     0.0818     0.0818     0.0506     0.0183     175770   122.0618     100.00     2.3479     2.0587          8  0.000e+00
    250.073   79.73688  137.89722    252.899     1.8000     1.8031  30.594668  30.595454    34.8449    34.8424    294.773    289.765    -0.1671     4.6288     0.0830     0.0830     0.0517     0.0183     175771   122.0625     100.00     2.3479     2.0600          8  0.000e+00
    250.007   79.73688  137.89722    252.833     1.8003     1.8030  30.594731  30.595513    34.8447    34.8427    294.768    289.763    -0.1671     4.6288     0.0818     0.0818     0.0517     0.0183     175772   122.0632     100.00     2.3479     2.0600          8  0.000e+00
    250.007   79.73688  137.89722    252.833     1.8006     1.8029  30.594919  30.595335    34.8446    34.8426    294.766    289.994    -0.1976     4.6288     0.0818     0.0818     0.0517     0.0171     175773   122.0639     100.00     2.3479     2.0612          8  0.000e+00
    250.073   79.73688  137.89722    252.899     1.8006     1.8026  30.595234  30.594803    34.8449    34.8421    294.767    289.769    -0.1671     4.6288     0.0818     0.0818     0.0517     0.0183     175774   122.0646     100.00     2.3479     2.0600          8  0.000e+00
    250.007   79.73688  137.89722    252.833     1.8010     1.8020  30.595486  30.594447    34.8448    34.8424    294.762    289.771    -0.1671     4.6288     0.0818     0.0818     0.0517     0.0183     175775   122.0653     100.00     2.3479     2.0600          8  0.000e+00
    250.073   79.73688  137.89722    252.899     1.8010     1.8021  30.595360  30.594388    34.8446    34.8422    294.959    289.543    -0.1671     4.6300     0.0818     0.0818     0.0506     0.0183     175776   122.0660     100.00     2.3492     2.0587          8  0.000e+00
    250.007   79.73688  137.89722    252.833     1.8011     1.8017  30.595486  30.594388    34.8447    34.8426    294.761    289.313    -0.1671     4.6288     0.0818     0.0818     0.0517     0.0183     175777   122.0667     100.00     2.3479     2.0575          8  0.000e+00
    250.073   79.73688  137.89722    252.900     1.8013     1.8019  30.595612  30.594152    34.8446    34.8421    294.956    288.395    -0.1671     4.6288     0.0818     0.0818     0.0517     0.0183     175778   122.0674     100.00     2.3492     2.0526          8  0.000e+00
    200.223   79.73716  137.89710    202.462     1.7566     1.7564  30.497097  30.495214    34.7987    34.7965    294.665    288.621    -0.1671     4.6264     0.0806     0.0806     0.0538     0.0183     179556   124.6910     100.00     2.3566     2.0615          9  0.000e+00
    200.223   79.73716  137.89710    202.462     1.7566     1.7565  30.496971  30.495155    34.7985    34.7963    294.665    287.706    -0.1671     4.6276     0.0806     0.0806     0.0527     0.0183     179557   124.6917     100.00     2.3566     2.0566          9  0.000e+00
    200.132   79.73716  137.89710    202.370     1.7569     1.7564  30.496908  30.494977    34.7982    34.7962    294.660    286.560    -0.1671     4.6276     0.0818     0.0818     0.0527     0.0183     179558   124.6924     100.00     2.3566     2.0505          9  0.000e+00
    200.223   79.73716  137.89710    202.462     1.7567     1.7564  30.497286  30.495096    34.7988    34.7963    294.664    285.877    -0.1671     4.6276     0.0818     0.0818     0.0527     0.0183     179559   124.6931     100.00     2.3566     2.0468          9  0.000e+00
    200.223   79.73716  137.89710    202.462     1.7569     1.7564  30.497034  30.495214    34.7983    34.7965    294.663    285.648    -0.1671     4.6276     0.0806     0.0806     0.0527     0.0183     179560   124.6937     100.00     2.3566     2.0456          9  0.000e+00
    200.198   79.73716  137.89710    202.437     1.7567     1.7564  30.497097  30.494918    34.7985    34.7961    294.663    286.105    -0.1976     4.6276     0.0806     0.0806     0.0527     0.0171     179561   124.6944     100.00     2.3566     2.0480          9  0.000e+00
    200.223   79.73716  137.89710    202.462     1.7569     1.7564  30.497349  30.494859    34.7986    34.7960    294.662    286.792    -0.1671     4.6276     0.0806     0.0806     0.0527     0.0183     179562   124.6951     100.00     2.3566     2.0517          9  0.000e+00
    200.157   79.73716  137.89710    202.395     1.7569     1.7564  30.497034  30.494918    34.7983    34.7962    294.661    286.561    -0.1671     4.6276     0.0818     0.0818     0.0527     0.0183     179563   124.6958     100.00     2.3566     2.0505          9  0.000e+00
    200.223   79.73716  137.89710    202.462     1.7570     1.7562  30.497286  30.495096    34.7984    34.7965    294.855    286.335    -0.1671     4.6276     0.0806     0.0806     0.0527     0.0183     179564   124.6965     100.00     2.3578     2.0493          9  0.000e+00
    200.256   79.73716  137.89710    202.495     1.7569     1.7564  30.496783  30.494978    34.7979    34.7962    294.665    287.250    -0.1671     4.6276     0.0818     0.0818     0.0527     0.0183     179565   124.6972     100.00     2.3566     2.0542          9  0.000e+00
    200.223   79.73716  137.89710    202.462     1.7569     1.7564  30.496971  30.495096    34.7981    34.7963    294.663    288.850    -0.1671     4.6276     0.0818     0.0818     0.0527     0.0183     179566   124.6979     100.00     2.3566     2.0627          9  0.000e+00
    200.157   79.73716  137.89710    202.395     1.7567     1.7564  30.496720  30.494977    34.7981    34.7962    294.662    290.677    -0.1671     4.6276     0.0806     0.0806     0.0527     0.0183     179567   124.6986     100.00     2.3566     2.0725          9  0.000e+00
    200.198   79.73716  137.89710    202.437     1.7566     1.7565  30.496971  30.495096    34.7985    34.7962    294.664    291.136    -0.1976     4.6276     0.0818     0.0818     0.0527     0.0171     179568   124.6993     100.00     2.3566     2.0749          9  0.000e+00
