Continuous CTD Data/01_SBE Stage/nabos_04_01.ros
* Sea-Bird SBE 9 Data File:
* FileName = D:\CTD\data\HLY2502\raw\NABOS_04_01.hex
* Software Version Seasave V 7.26.7.110
* Temperature SN = 6954
* Conductivity SN = 2561
* Number of Bytes Per Scan = 37
* Number of Voltage Words = 4
* Number of Scans Averaged by the Deck Unit = 1
* NMEA Latitude = 74 49.90 N
* NMEA Longitude = 170 48.41 E
* NMEA UTC (Time) = Sep 13 2025  02:24:39
* NMEA baud rate = 9600
** Ship: USCG HEALY
** Bot. Depth:  66
** Cast Number:  01
** Station Name:  NABOS
** Station Number:  04
** Operator:  STARC
** 60m target depth, alimeter moved lower, yet untested
# nquan = 25
# nvalues = 1176                                  
# units = specified
# name 0 = depSM: Depth [salt water, m]
# name 1 = latitude: Latitude [deg]
# name 2 = longitude: Longitude [deg]
# name 3 = prDM: Pressure, Digiquartz [db]
# name 4 = t090C: Temperature [ITS-90, deg C]
# name 5 = t190C: Temperature, 2 [ITS-90, deg C]
# name 6 = c0mS/cm: Conductivity [mS/cm]
# name 7 = c1mS/cm: Conductivity, 2 [mS/cm]
# name 8 = sal00: Salinity, Practical [PSU]
# name 9 = sal11: Salinity, Practical, 2 [PSU]
# name 10 = sbox0Mm/Kg: Oxygen, SBE 43 [umol/kg]
# name 11 = sbox1Mm/Kg: Oxygen, SBE 43, 2 [umol/kg]
# name 12 = flECO-AFL: Fluorescence, WET Labs ECO-AFL/FL [mg/m^3]
# name 13 = v2: Voltage 2
# name 14 = wetCDOM: Fluorescence, WET Labs CDOM [mg/m^3]
# name 15 = v6: Voltage 6
# name 16 = CStarAt0: Beam Attenuation, WET Labs C-Star [1/m]
# name 17 = v3: Voltage 3
# name 18 = scan: Scan Count
# name 19 = timeM: Time, Elapsed [minutes]
# name 20 = altM: Altimeter [m]
# name 21 = sbeox0V: Oxygen raw, SBE 43 [V]
# name 22 = sbeox1V: Oxygen raw, SBE 43, 2 [V]
# name 23 = nbf: Bottles Fired
# name 24 = flag:  0.000e+00
# interval = seconds: 0.0416667
# start_time = Sep 13 2025 02:24:39 [NMEA time, header]
# bad_flag = -9.990e-29
*END*
     60.218   74.83202  170.80700     60.858    -1.2884    -1.2877  27.038721  27.038291    33.7269    33.7255    228.424    223.771     0.0160     4.0916     0.1258     0.1258     0.5456     0.0256       6807     4.7264       7.23     1.8289     1.6250          1  0.000e+00
     60.390   74.83202  170.80700     61.033    -1.2881    -1.2877  27.038421  27.038235    33.7260    33.7253    228.429    223.530     0.0160     4.0916     0.1258     0.1258     0.5456     0.0256       6808     4.7271       7.23     1.8289     1.6238          1  0.000e+00
     60.218   74.83202  170.80700     60.858    -1.2886    -1.2877  27.038480  27.038404    33.7267    33.7256    228.216    223.771     0.0160     4.0916     0.1258     0.1258     0.5456     0.0256       6809     4.7278       7.23     1.8277     1.6250          1  0.000e+00
     60.390   74.83202  170.80700     61.033    -1.2884    -1.2877  27.038721  27.038461    33.7268    33.7256    228.221    223.529    -0.0145     4.0916     0.1258     0.1258     0.5456     0.0244       6810     4.7285       7.25     1.8277     1.6238          1  0.000e+00
     60.160   74.83202  170.80700     60.800    -1.2884    -1.2876  27.039021  27.038460    33.7273    33.7256    228.421    223.521    -0.0145     4.0916     0.1258     0.1258     0.5456     0.0244       6811     4.7292       7.25     1.8289     1.6238          1  0.000e+00
     60.448   74.83202  170.80700     61.091    -1.2883    -1.2882  27.039262  27.037952    33.7273    33.7254    228.429    223.782    -0.0145     4.0916     0.1258     0.1258     0.5456     0.0244       6812     4.7299       7.23     1.8289     1.6250          1  0.000e+00
     60.341   74.83202  170.80700     60.983    -1.2883    -1.2880  27.039142  27.038121    33.7272    33.7255    228.426    223.777    -0.0145     4.0916     0.1258     0.1258     0.5456     0.0244       6813     4.7306       7.23     1.8289     1.6250          1  0.000e+00
     60.144   74.83202  170.80700     60.784    -1.2883    -1.2879  27.039262  27.037838    33.7275    33.7251    228.420    223.771     0.0160     4.0916     0.1258     0.1258     0.5456     0.0256       6814     4.7313       7.23     1.8289     1.6250          1  0.000e+00
     60.341   74.83202  170.80700     60.983    -1.2881    -1.2877  27.039322  27.037895    33.7272    33.7248    228.425    223.776     0.0160     4.0916     0.1258     0.1258     0.5456     0.0256       6815     4.7319       7.23     1.8289     1.6250          1  0.000e+00
     60.390   74.83202  170.80700     61.033    -1.2883    -1.2877  27.039503  27.038517    33.7276    33.7256    228.427    223.776     0.0160     4.0916     0.1258     0.1258     0.5456     0.0256       6816     4.7326       7.28     1.8289     1.6250          1  0.000e+00
     60.218   74.83202  170.80700     60.858    -1.2883    -1.2876  27.039683  27.038743    33.7280    33.7259    228.421    224.017     0.0160     4.0965     0.1258     0.1258     0.5408     0.0256       6817     4.7333       7.23     1.8289     1.6263          1  0.000e+00
     60.324   74.83202  170.80700     60.966    -1.2881    -1.2879  27.039623  27.038517    33.7277    33.7259    228.424    223.775     0.0160     4.1050     0.1258     0.1258     0.5325     0.0256       6818     4.7340       7.23     1.8289     1.6250          1  0.000e+00
     60.283   74.83202  170.80700     60.925    -1.2881    -1.2879  27.039623  27.038630    33.7277    33.7261    228.213    223.773    -0.0145     4.1074     0.1258     0.1258     0.5301     0.0244       6819     4.7347       7.25     1.8277     1.6250          1  0.000e+00
     60.398   74.83202  170.80700     61.041    -1.2883    -1.2877  27.039803  27.038743    33.7281    33.7260    228.217    223.776    -0.0145     4.1074     0.1258     0.1258     0.5301     0.0244       6820     4.7354       7.23     1.8277     1.6250          1  0.000e+00
     60.324   74.83202  170.80700     60.966    -1.2879    -1.2877  27.039683  27.038743    33.7276    33.7260    228.423    223.774     0.0160     4.1074     0.1258     0.1258     0.5301     0.0256       6821     4.7361       7.23     1.8289     1.6250          1  0.000e+00
     60.283   74.83202  170.80700     60.925    -1.2881    -1.2879  27.039623  27.038574    33.7277    33.7260    228.422    223.774     0.0160     4.1074     0.1258     0.1258     0.5301     0.0256       6822     4.7368       7.23     1.8289     1.6250          1  0.000e+00
     60.267   74.83202  170.80700     60.908    -1.2881    -1.2879  27.039803  27.038291    33.7279    33.7256    228.421    223.774     0.0160     4.1074     0.1245     0.1245     0.5301     0.0256       6823     4.7375       7.23     1.8289     1.6250          1  0.000e+00
     60.341   74.83202  170.80700     60.983    -1.2884    -1.2880  27.039442  27.038234    33.7278    33.7256    228.426    223.777    -0.0145     4.1074     0.1233     0.1233     0.5301     0.0244       6824     4.7382       7.23     1.8289     1.6250          1  0.000e+00
     60.324   74.83202  170.80700     60.966    -1.2879    -1.2879  27.039503  27.038404    33.7273    33.7258    228.423    223.775     0.0160     4.1074     0.1233     0.1233     0.5301     0.0256       6825     4.7389       7.23     1.8289     1.6250          1  0.000e+00
     60.341   74.83202  170.80700     60.983    -1.2879    -1.2882  27.039803  27.038461    33.7277    33.7262    228.423    223.777     0.0160     4.1074     0.1233     0.1233     0.5301     0.0256       6826     4.7396       7.23     1.8289     1.6250          1  0.000e+00
     60.390   74.83202  170.80700     61.033    -1.2883    -1.2882  27.039863  27.038065    33.7281    33.7256    228.426    223.780     0.0160     4.1074     0.1233     0.1233     0.5301     0.0256       6827     4.7403       7.23     1.8289     1.6250          1  0.000e+00
     60.283   74.83202  170.80700     60.925    -1.2881    -1.2879  27.040043  27.038404    33.7283    33.7258    228.212    224.021     0.0160     4.1074     0.1233     0.1233     0.5301     0.0256       6828     4.7410       7.23     1.8277     1.6263          1  0.000e+00
     60.390   74.83202  170.80700     61.033    -1.2883    -1.2881  27.040104  27.038291    33.7285    33.7258    228.217    224.273    -0.0145     4.1074     0.1233     0.1233     0.5301     0.0244       6829     4.7417       7.20     1.8277     1.6275          1  0.000e+00
     60.341   74.83202  170.80700     60.983    -1.2879    -1.2879  27.040104  27.038404    33.7281    33.7257    228.422    224.517     0.0160     4.1074     0.1233     0.1233     0.5301     0.0256       6830     4.7424       7.20     1.8289     1.6287          1  0.000e+00
     60.390   74.83202  170.80700     61.033    -1.2883    -1.2879  27.040284  27.038630    33.7287    33.7260    228.425    224.518     0.0160     4.1074     0.1233     0.1233     0.5301     0.0256       6831     4.7431       7.20     1.8289     1.6287          1  0.000e+00
     60.218   74.83202  170.80700     60.858    -1.2879    -1.2879  27.040404  27.038517    33.7286    33.7260    228.417    224.513     0.0160     4.1074     0.1233     0.1233     0.5301     0.0256       6832     4.7438       7.20     1.8289     1.6287          1  0.000e+00
     60.267   74.83202  170.80700     60.908    -1.2881    -1.2880  27.040585  27.038517    33.7290    33.7261    228.419    224.515     0.0160     4.1074     0.1233     0.1233     0.5301     0.0256       6833     4.7444       7.18     1.8289     1.6287          1  0.000e+00
     60.464   74.83202  170.80700     61.107    -1.2881    -1.2879  27.040465  27.038687    33.7287    33.7261    228.426    224.520     0.0160     4.1074     0.1233     0.1233     0.5301     0.0256       6834     4.7451       7.20     1.8289     1.6287          1  0.000e+00
     60.390   74.83202  170.80700     61.033    -1.2881    -1.2879  27.040404  27.038743    33.7287    33.7262    228.424    225.012     0.0160     4.1074     0.1233     0.1233     0.5301     0.0256       6835     4.7458       7.18     1.8289     1.6312          1  0.000e+00
     60.218   74.83202  170.80700     60.858    -1.2879    -1.2877  27.040584  27.038743    33.7289    33.7261    228.208    225.006     0.0160     4.1074     0.1233     0.1233     0.5301     0.0256       6836     4.7465       7.18     1.8277     1.6312          1  0.000e+00
     60.505   74.83202  170.80700     61.149    -1.2883    -1.2879  27.040224  27.038744    33.7286    33.7261    228.429    225.262     0.0160     4.1074     0.1233     0.1233     0.5301     0.0256       6837     4.7472       7.18     1.8289     1.6324          1  0.000e+00
     60.218   74.83202  170.80700     60.858    -1.2883    -1.2879  27.040284  27.038573    33.7288    33.7261    228.419    225.007    -0.0145     4.1099     0.1233     0.1233     0.5277     0.0244       6838     4.7479       7.18     1.8289     1.6312          1  0.000e+00
     60.464   74.83202  170.80700     61.107    -1.2883    -1.2879  27.040405  27.038913    33.7288    33.7264    228.427    224.273     0.0160     4.1099     0.1233     0.1233     0.5277     0.0256       6839     4.7486       7.18     1.8289     1.6275          1  0.000e+00
     60.390   74.83202  170.80700     61.033    -1.2884    -1.2877  27.040585  27.038800    33.7293    33.7261    228.216    224.023    -0.0145     4.1099     0.1233     0.1233     0.5277     0.0244       6840     4.7493       7.18     1.8277     1.6263          1  0.000e+00
     60.398   74.83202  170.80700     61.041    -1.2883    -1.2879  27.040645  27.038743    33.7292    33.7262    228.424    223.777     0.0160     4.1099     0.1233     0.1233     0.5277     0.0256       6841     4.7500       7.16     1.8289     1.6250          1  0.000e+00
     60.390   74.83202  170.80700     61.033    -1.2884    -1.2877  27.040645  27.038913    33.7294    33.7262    228.216    223.775    -0.0145     4.1099     0.1233     0.1233     0.5277     0.0244       6842     4.7507       7.16     1.8277     1.6250          1  0.000e+00
     60.341   74.83202  170.80700     60.983    -1.2883    -1.2880  27.040825  27.039026    33.7295    33.7267    228.422    223.775    -0.0145     4.1099     0.1233     0.1233     0.5277     0.0244       6843     4.7514       7.16     1.8289     1.6250          1  0.000e+00
     60.448   74.83202  170.80700     61.091    -1.2881    -1.2877  27.040765  27.038800    33.7292    33.7260    228.425    224.024     0.0160     4.1099     0.1233     0.1233     0.5277     0.0256       6844     4.7521       7.16     1.8289     1.6263          1  0.000e+00
     60.398   74.83202  170.80700     61.041    -1.2883    -1.2877  27.040825  27.038517    33.7295    33.7257    228.215    224.024    -0.0145     4.1099     0.1233     0.1233     0.5277     0.0244       6845     4.7528       7.16     1.8277     1.6263          1  0.000e+00
     60.390   74.83202  170.80700     61.033    -1.2881    -1.2877  27.040705  27.038857    33.7291    33.7261    228.423    223.775     0.0160     4.1099     0.1233     0.1233     0.5277     0.0256       6846     4.7535       7.16     1.8289     1.6250          1  0.000e+00
     60.398   74.83202  170.80700     61.041    -1.2883    -1.2879  27.040645  27.038800    33.7292    33.7263    228.216    224.024     0.0160     4.1111     0.1233     0.1233     0.5265     0.0256       6847     4.7542       7.13     1.8277     1.6263          1  0.000e+00
     60.267   74.83202  170.80700     60.908    -1.2881    -1.2877  27.040825  27.038517    33.7293    33.7257    228.210    224.019     0.0160     4.1099     0.1233     0.1233     0.5277     0.0256       6848     4.7549       7.13     1.8277     1.6263          1  0.000e+00
     60.398   74.83202  170.80700     61.041    -1.2881    -1.2880  27.040705  27.038121    33.7291    33.7255    228.215    224.026     0.0160     4.1099     0.1233     0.1233     0.5277     0.0256       6849     4.7556       7.13     1.8277     1.6263          1  0.000e+00
     60.505   74.83202  170.80700     61.149    -1.2883    -1.2879  27.040826  27.037952    33.7294    33.7250    228.427    223.782     0.0160     4.1099     0.1233     0.1233     0.5277     0.0256       6850     4.7562       7.13     1.8289     1.6250          1  0.000e+00
     60.398   74.83202  170.80700     61.041    -1.2883    -1.2879  27.040885  27.037952    33.7295    33.7251    228.424    223.532     0.0160     4.1099     0.1258     0.1258     0.5277     0.0256       6851     4.7569       7.13     1.8289     1.6238          1  0.000e+00
     60.448   74.83202  170.80700     61.091    -1.2883    -1.2880  27.040705  27.037782    33.7293    33.7250    228.217    223.534    -0.0145     4.1099     0.1258     0.1258     0.5277     0.0244       6852     4.7576       7.13     1.8277     1.6238          1  0.000e+00
     60.398   74.83202  170.80700     61.041    -1.2883    -1.2879  27.041006  27.037726    33.7297    33.7248    228.215    223.779     0.0160     4.1099     0.1258     0.1258     0.5277     0.0256       6853     4.7583       7.11     1.8277     1.6250          1  0.000e+00
     60.390   74.83202  170.80700     61.033    -1.2881    -1.2880  27.040946  27.037556    33.7294    33.7247    228.214    223.780     0.0160     4.1099     0.1258     0.1258     0.5277     0.0256       6854     4.7590       7.11     1.8277     1.6250          1  0.000e+00
     60.464   74.83202  170.80700     61.107    -1.2883    -1.2882  27.040705  27.037443    33.7292    33.7247    228.426    223.783     0.0160     4.1099     0.1258     0.1258     0.5277     0.0256       6855     4.7597       7.08     1.8289     1.6250          1  0.000e+00
     60.201   74.83202  170.80698     60.842    -1.2886    -1.2877  27.039683  27.037725    33.7283    33.7247    228.422    224.514     0.0160     4.1038     0.1270     0.1270     0.5336     0.0256       7030     4.8812       7.28     1.8289     1.6287          2  0.000e+00
     60.103   74.83202  170.80698     60.742    -1.2883    -1.2879  27.039863  27.037386    33.7283    33.7245    228.417    224.513     0.0160     4.1038     0.1270     0.1270     0.5336     0.0256       7031     4.8819       7.28     1.8289     1.6287          2  0.000e+00
     60.201   74.83202  170.80698     60.842    -1.2883    -1.2877  27.040043  27.037386    33.7285    33.7242    228.420    224.268     0.0160     4.1038     0.1270     0.1270     0.5336     0.0256       7032     4.8826       7.30     1.8289     1.6275          2  0.000e+00
     60.160   74.83202  170.80698     60.800    -1.2884    -1.2880  27.040464  27.037442    33.7293    33.7247    228.210    224.268    -0.0145     4.1038     0.1270     0.1270     0.5336     0.0244       7033     4.8833       7.30     1.8277     1.6275          2  0.000e+00
     60.267   74.83202  170.80698     60.908    -1.2886    -1.2880  27.040464  27.037443    33.7294    33.7246    228.423    223.777    -0.0145     4.1038     0.1270     0.1270     0.5336     0.0244       7034     4.8840       7.30     1.8289     1.6250          2  0.000e+00
     60.160   74.83202  170.80698     60.800    -1.2881    -1.2880  27.040163  27.037047    33.7285    33.7241    228.418    223.281     0.0160     4.1038     0.1270     0.1270     0.5336     0.0256       7035     4.8847       7.30     1.8289     1.6226          2  0.000e+00
     60.201   74.83202  170.80698     60.842    -1.2886    -1.2883  27.040284  27.036934    33.7292    33.7242    228.212    223.530     0.0160     4.1038     0.1270     0.1270     0.5336     0.0256       7036     4.8854       7.30     1.8277     1.6238          2  0.000e+00
     60.103   74.83202  170.80698     60.742    -1.2881    -1.2882  27.040404  27.036707    33.7289    33.7239    228.415    223.528     0.0160     4.1038     0.1270     0.1270     0.5336     0.0256       7037     4.8861       7.30     1.8289     1.6238          2  0.000e+00
