Continuous CTD Data/01_SBE Stage/nabos_29_01.ros
* Sea-Bird SBE 9 Data File:
* FileName = D:\CTD\data\HLY2502\raw\NABOS_29_01.hex
* Software Version Seasave V 7.26.7.110
* Temperature SN = 6954
* Conductivity SN = 2561
* Number of Bytes Per Scan = 37
* Number of Voltage Words = 4
* Number of Scans Averaged by the Deck Unit = 1
* NMEA Latitude = 80 31.69 N
* NMEA Longitude = 150 58.43 E
* NMEA UTC (Time) = Sep 22 2025  04:33:58
* NMEA baud rate = 9600
** Ship: USCG HEALY
** Bot. Depth:  2015
** Cast Number:  01
** Station Name:  NABOS
** Station Number:  29
** Operator:  STARC
# nquan = 25
# nvalues = 1127                                  
# units = specified
# name 0 = depSM: Depth [salt water, m]
# name 1 = latitude: Latitude [deg]
# name 2 = longitude: Longitude [deg]
# name 3 = prDM: Pressure, Digiquartz [db]
# name 4 = t090C: Temperature [ITS-90, deg C]
# name 5 = t190C: Temperature, 2 [ITS-90, deg C]
# name 6 = c0mS/cm: Conductivity [mS/cm]
# name 7 = c1mS/cm: Conductivity, 2 [mS/cm]
# name 8 = sal00: Salinity, Practical [PSU]
# name 9 = sal11: Salinity, Practical, 2 [PSU]
# name 10 = sbox0Mm/Kg: Oxygen, SBE 43 [umol/kg]
# name 11 = sbox1Mm/Kg: Oxygen, SBE 43, 2 [umol/kg]
# name 12 = flECO-AFL: Fluorescence, WET Labs ECO-AFL/FL [mg/m^3]
# name 13 = v2: Voltage 2
# name 14 = wetCDOM: Fluorescence, WET Labs CDOM [mg/m^3]
# name 15 = v6: Voltage 6
# name 16 = CStarAt0: Beam Attenuation, WET Labs C-Star [1/m]
# name 17 = v3: Voltage 3
# name 18 = scan: Scan Count
# name 19 = timeM: Time, Elapsed [minutes]
# name 20 = altM: Altimeter [m]
# name 21 = sbeox0V: Oxygen raw, SBE 43 [V]
# name 22 = sbeox1V: Oxygen raw, SBE 43, 2 [V]
# name 23 = nbf: Bottles Fired
# name 24 = flag:  0.000e+00
# interval = seconds: 0.0416667
# start_time = Sep 22 2025 04:33:58 [NMEA time, header]
# bad_flag = -9.990e-29
*END*
[from data line 464]
    130.120   80.52276  150.99850    131.555    -0.1450    -0.1453  28.596604  28.594248    34.4988    34.4960    305.422    297.432    -0.1366     4.6276     0.0867     0.0867     0.0527     0.0195      88372    61.3687     100.00     2.3352     2.0351         10  0.000e+00
    130.243   80.52276  150.99850    131.680    -0.1450    -0.1450  28.596359  28.594710    34.4983    34.4962    305.427    297.434    -0.1366     4.6276     0.0867     0.0867     0.0527     0.0195      88373    61.3694     100.00     2.3352     2.0351         10  0.000e+00
    130.185   80.52276  150.99850    131.622    -0.1453    -0.1450  28.596727  28.594421    34.4993    34.4958    305.426    296.713    -0.1061     4.6276     0.0867     0.0867     0.0527     0.0208      88374    61.3701     100.00     2.3352     2.0314         10  0.000e+00
    130.185   80.52276  150.99850    131.622    -0.1451    -0.1449  28.596911  28.594767    34.4992    34.4962    305.626    296.232    -0.1366     4.6276     0.0879     0.0879     0.0527     0.0195      88375    61.3708     100.00     2.3364     2.0290         10  0.000e+00
    130.185   80.52276  150.99850    131.622    -0.1453    -0.1450  28.596727  28.594710    34.4993    34.4962    305.426    296.233    -0.1366     4.6276     0.0867     0.0867     0.0527     0.0195      88376    61.3715     100.00     2.3352     2.0290         10  0.000e+00
    130.185   80.52276  150.99850    131.622    -0.1452    -0.1450  28.596359  28.594652    34.4986    34.4961    305.427    296.233    -0.1366     4.6264     0.0879     0.0879     0.0538     0.0195      88377    61.3722     100.00     2.3352     2.0290         10  0.000e+00
    130.185   80.52276  150.99850    131.622    -0.1453    -0.1452  28.596297  28.594941    34.4987    34.4967    305.427    296.233    -0.1061     4.6276     0.0867     0.0867     0.0527     0.0208      88378    61.3729     100.00     2.3352     2.0290         10  0.000e+00
    130.185   80.52276  150.99850    131.622    -0.1454    -0.1450  28.596359  28.594941    34.4988    34.4965    305.428    295.992    -0.1366     4.6264     0.0867     0.0867     0.0538     0.0195      88379    61.3736     100.00     2.3352     2.0278         10  0.000e+00
    130.185   80.52276  150.99850    131.622    -0.1452    -0.1451  28.596359  28.594710    34.4986    34.4963    305.426    295.754    -0.1366     4.6264     0.0879     0.0879     0.0538     0.0195      88380    61.3743     100.00     2.3352     2.0265         10  0.000e+00
    130.185   80.52276  150.99850    131.622    -0.1454    -0.1450  28.596175  28.594825    34.4986    34.4964    305.226    295.993    -0.1061     4.6264     0.0867     0.0867     0.0538     0.0208      88381    61.3750     100.00     2.3340     2.0278         10  0.000e+00
    130.161   80.52276  150.99850    131.597    -0.1455    -0.1449  28.595991  28.594825    34.4985    34.4963    305.428    296.470    -0.1366     4.6264     0.0879     0.0879     0.0538     0.0195      88382    61.3757     100.00     2.3352     2.0302         10  0.000e+00
    130.243   80.52276  150.99850    131.680    -0.1452    -0.1449  28.596482  28.594883    34.4988    34.4963    305.428    296.953    -0.1366     4.6264     0.0867     0.0867     0.0538     0.0195      88383    61.3764     100.00     2.3352     2.0326         10  0.000e+00
    130.185   80.52276  150.99850    131.622    -0.1456    -0.1450  28.596420  28.594710    34.4992    34.4962    305.429    297.191    -0.1366     4.6264     0.0855     0.0855     0.0538     0.0195      88384    61.3771     100.00     2.3352     2.0339         10  0.000e+00
    130.185   80.52276  150.99850    131.622    -0.1454    -0.1451  28.596175  28.594652    34.4986    34.4962    305.428    297.432    -0.1366     4.6264     0.0842     0.0842     0.0538     0.0195      88385    61.3778     100.00     2.3352     2.0351         10  0.000e+00
    130.185   80.52276  150.99850    131.622    -0.1453    -0.1452  28.596297  28.594306    34.4987    34.4959    305.427    297.673    -0.1366     4.6264     0.0842     0.0842     0.0538     0.0195      88386    61.3785     100.00     2.3352     2.0363         10  0.000e+00
    130.185   80.52276  150.99850    131.622    -0.1452    -0.1452  28.596482  28.594536    34.4988    34.4962    305.426    297.672    -0.1061     4.6264     0.0842     0.0842     0.0538     0.0208      88387    61.3792     100.00     2.3352     2.0363         10  0.000e+00
    130.120   80.52276  150.99850    131.555    -0.1455    -0.1453  28.596604  28.594421    34.4993    34.4962    305.424    297.910    -0.1366     4.6264     0.0842     0.0842     0.0538     0.0195      88388    61.3799     100.00     2.3352     2.0375         10  0.000e+00
    130.185   80.52276  150.99850    131.622    -0.1454    -0.1453  28.596420  28.594537    34.4989    34.4963    305.427    297.913    -0.1366     4.6264     0.0842     0.0842     0.0538     0.0195      88389    61.3806     100.00     2.3352     2.0375         10  0.000e+00
    130.243   80.52276  150.99850    131.680    -0.1453    -0.1453  28.596359  28.594306    34.4987    34.4959    305.227    297.676    -0.1366     4.6264     0.0855     0.0855     0.0538     0.0195      88390    61.3813     100.00     2.3340     2.0363         10  0.000e+00
    130.185   80.52276  150.99850    131.622    -0.1452    -0.1453  28.596359  28.594132    34.4986    34.4958    305.426    297.435    -0.1366     4.6264     0.0842     0.0842     0.0538     0.0195      88391    61.3819     100.00     2.3352     2.0351         10  0.000e+00
    130.185   80.52276  150.99850    131.622    -0.1455    -0.1457  28.596482  28.594306    34.4991    34.4964    305.428    297.196    -0.1061     4.6264     0.0842     0.0842     0.0538     0.0208      88392    61.3826     100.00     2.3352     2.0339         10  0.000e+00
    130.185   80.52276  150.99850    131.622    -0.1452    -0.1453  28.596175  28.594363    34.4984    34.4961    305.427    297.194    -0.1366     4.6264     0.0842     0.0842     0.0538     0.0195      88393    61.3833     100.00     2.3352     2.0339         10  0.000e+00
    130.161   80.52276  150.99850    131.597    -0.1455    -0.1452  28.596113  28.594075    34.4986    34.4956    305.428    297.193    -0.1366     4.6264     0.0842     0.0842     0.0538     0.0195      88394    61.3840     100.00     2.3352     2.0339         10  0.000e+00
    130.185   80.52276  150.99850    131.622    -0.1454    -0.1453  28.596297  28.594479    34.4988    34.4962    305.427    297.193    -0.1671     4.6264     0.0842     0.0842     0.0538     0.0183      88395    61.3847     100.00     2.3352     2.0339         10  0.000e+00
    130.185   80.52276  150.99850    131.622    -0.1455    -0.1452  28.596052  28.594825    34.4985    34.4966    305.429    297.432    -0.1671     4.6264     0.0855     0.0855     0.0538     0.0183      88396    61.3854     100.00     2.3352     2.0351         10  0.000e+00
    130.243   80.52276  150.99850    131.680    -0.1454    -0.1449  28.596052  28.594941    34.4984    34.4964    305.228    297.671    -0.1671     4.6264     0.0855     0.0855     0.0538     0.0183      88397    61.3861     100.00     2.3340     2.0363         10  0.000e+00
    115.222   80.52260  150.99902    116.489    -0.4864    -0.4868  28.236720  28.234337    34.4129    34.4102    308.469    298.309    -0.1366     4.6264     0.0855     0.0855     0.0538     0.0195      90500    62.8465     100.00     2.3374     2.0263         11  0.000e+00
    115.312   80.52260  150.99902    116.580    -0.4861    -0.4868  28.236964  28.234222    34.4130    34.4100    308.471    298.555    -0.1061     4.6264     0.0855     0.0855     0.0538     0.0208      90501    62.8472     100.00     2.3374     2.0276         11  0.000e+00
    115.222   80.52260  150.99902    116.489    -0.4860    -0.4866  28.237025  28.234854    34.4130    34.4107    308.466    298.790    -0.1366     4.6264     0.0855     0.0855     0.0538     0.0195      90502    62.8479     100.00     2.3374     2.0288         11  0.000e+00
    115.345   80.52260  150.99902    116.613    -0.4860    -0.4869  28.237025  28.234682    34.4129    34.4107    308.471    298.797    -0.1061     4.6276     0.0855     0.0855     0.0527     0.0208      90503    62.8486     100.00     2.3374     2.0288         11  0.000e+00
    115.246   80.52260  150.99902    116.514    -0.4859    -0.4866  28.237391  28.234107    34.4133    34.4097    308.465    298.551    -0.1366     4.6264     0.0867     0.0867     0.0538     0.0195      90504    62.8493     100.00     2.3374     2.0276         11  0.000e+00
    115.222   80.52260  150.99902    116.489    -0.4859    -0.4869  28.237147  28.234165    34.4129    34.4101    308.465    298.552    -0.1366     4.6264     0.0855     0.0855     0.0538     0.0195      90505    62.8500     100.00     2.3374     2.0276         11  0.000e+00
    115.312   80.52260  150.99902    116.580    -0.4859    -0.4869  28.237025  28.233878    34.4127    34.4097    308.469    298.315    -0.1366     4.6264     0.0867     0.0867     0.0538     0.0195      90506    62.8507     100.00     2.3374     2.0263         11  0.000e+00
    115.287   80.52260  150.99902    116.555    -0.4860    -0.4874  28.237392  28.234107    34.4134    34.4105    308.468    298.558    -0.1366     4.6264     0.0855     0.0855     0.0538     0.0195      90507    62.8514     100.00     2.3374     2.0276         11  0.000e+00
    115.287   80.52260  150.99902    116.555    -0.4859    -0.4869  28.237147  28.233878    34.4129    34.4097    308.467    298.556    -0.1366     4.6264     0.0855     0.0855     0.0538     0.0195      90508    62.8521     100.00     2.3374     2.0276         11  0.000e+00
    115.246   80.52260  150.99902    116.514    -0.4860    -0.4871  28.237025  28.234107    34.4130    34.4102    308.467    298.554    -0.1366     4.6264     0.0855     0.0855     0.0538     0.0195      90509    62.8528     100.00     2.3374     2.0276         11  0.000e+00
    115.287   80.52260  150.99902    116.555    -0.4860    -0.4871  28.237025  28.234222    34.4129    34.4104    308.469    299.039    -0.1366     4.6264     0.0855     0.0855     0.0538     0.0195      90510    62.8535     100.00     2.3374     2.0300         11  0.000e+00
    115.189   80.52260  150.99902    116.455    -0.4860    -0.4869  28.237208  28.234050    34.4132    34.4100    308.464    299.276    -0.1366     4.6276     0.0855     0.0855     0.0527     0.0195      90511    62.8542     100.00     2.3374     2.0312         11  0.000e+00
    115.345   80.52260  150.99902    116.613    -0.4862    -0.4873  28.236903  28.233993    34.4129    34.4102    308.473    299.285    -0.1366     4.6264     0.0855     0.0855     0.0538     0.0195      90512    62.8549     100.00     2.3374     2.0312         11  0.000e+00
    115.287   80.52260  150.99902    116.555    -0.4859    -0.4874  28.236964  28.233992    34.4127    34.4104    308.264    299.525    -0.1366     4.6264     0.0855     0.0855     0.0538     0.0195      90513    62.8556     100.00     2.3362     2.0324         11  0.000e+00
    115.246   80.52260  150.99902    116.514    -0.4862    -0.4871  28.237025  28.234165    34.4131    34.4103    308.468    299.763    -0.1366     4.6264     0.0855     0.0855     0.0538     0.0195      90514    62.8563     100.00     2.3374     2.0337         11  0.000e+00
    115.287   80.52260  150.99902    116.555    -0.4863    -0.4865  28.237025  28.234452    34.4132    34.4100    308.470    299.760    -0.1366     4.6276     0.0867     0.0867     0.0527     0.0195      90515    62.8569     100.00     2.3374     2.0337         11  0.000e+00
    115.287   80.52260  150.99902    116.555    -0.4860    -0.4865  28.237025  28.234739    34.4129    34.4104    308.469    299.759    -0.1366     4.6264     0.0855     0.0855     0.0538     0.0195      90516    62.8576     100.00     2.3374     2.0337         11  0.000e+00
    115.246   80.52260  150.99902    116.514    -0.4860    -0.4865  28.237025  28.234797    34.4130    34.4105    308.467    300.483    -0.1366     4.6264     0.0855     0.0855     0.0538     0.0195      90517    62.8583     100.00     2.3374     2.0373         11  0.000e+00
    115.287   80.52260  150.99902    116.555    -0.4862    -0.4865  28.236781  28.234969    34.4128    34.4107    308.471    301.209    -0.1366     4.6264     0.0855     0.0855     0.0538     0.0195      90518    62.8590     100.00     2.3374     2.0410         11  0.000e+00
    115.312   80.52260  150.99902    116.580    -0.4861    -0.4865  28.236903  28.234854    34.4129    34.4105    308.471    301.210    -0.1366     4.6264     0.0855     0.0855     0.0538     0.0195      90519    62.8597     100.00     2.3374     2.0410         11  0.000e+00
    115.222   80.52260  150.99902    116.489    -0.4862    -0.4868  28.236842  28.234624    34.4129    34.4106    308.467    300.967    -0.1366     4.6264     0.0855     0.0855     0.0538     0.0195      90520    62.8604     100.00     2.3374     2.0398         11  0.000e+00
    115.287   80.52260  150.99902    116.555    -0.4861    -0.4866  28.236964  28.234912    34.4130    34.4107    308.470    300.485    -0.1366     4.6264     0.0855     0.0855     0.0538     0.0195      90521    62.8611     100.00     2.3374     2.0373         11  0.000e+00
    115.246   80.52260  150.99902    116.514    -0.4864    -0.4866  28.237025  28.235026    34.4133    34.4109    308.265    300.241    -0.1366     4.6264     0.0855     0.0855     0.0538     0.0195      90522    62.8618     100.00     2.3362     2.0361         11  0.000e+00
    115.345   80.52260  150.99902    116.613    -0.4861    -0.4868  28.236598  28.234682    34.4124    34.4106    308.473    300.005    -0.1366     4.6264     0.0855     0.0855     0.0538     0.0195      90523    62.8625     100.00     2.3374     2.0349         11  0.000e+00
    115.222   80.52260  150.99902    116.489    -0.4862    -0.4865  28.236842  28.234739    34.4129    34.4104    308.263    299.998    -0.1061     4.6264     0.0855     0.0855     0.0538     0.0208      90524    62.8632     100.00     2.3362     2.0349         11  0.000e+00
    115.312   80.52260  150.99902    116.580    -0.4861    -0.4866  28.237025  28.234395    34.4130    34.4100    308.470    300.004    -0.1366     4.6264     0.0855     0.0855     0.0538     0.0195      90525    62.8639     100.00     2.3374     2.0349         11  0.000e+00
    115.287   80.52260  150.99902    116.555    -0.4862    -0.4865  28.236781  28.234624    34.4128    34.4102    308.266    300.001    -0.1366     4.6264     0.0867     0.0867     0.0538     0.0195      90526    62.8646     100.00     2.3362     2.0349         11  0.000e+00
    115.246   80.52260  150.99902    116.514    -0.4860    -0.4868  28.237086  28.234969    34.4130    34.4110    308.262    299.517    -0.1366     4.6264     0.0855     0.0855     0.0538     0.0195      90527    62.8653     100.00     2.3362     2.0324         11  0.000e+00
    115.287   80.52260  150.99902    116.555    -0.4860    -0.4865  28.237086  28.235026    34.4130    34.4108    308.468    298.791    -0.1366     4.6264     0.0855     0.0855     0.0538     0.0195      90528    62.8660     100.00     2.3374     2.0288         11  0.000e+00
    115.287   80.52260  150.99902    116.555    -0.4860    -0.4868  28.237025  28.234854    34.4129    34.4109    308.264    298.551    -0.1061     4.6264     0.0855     0.0855     0.0538     0.0208      90529    62.8667     100.00     2.3362     2.0276         11  0.000e+00
    115.246   80.52260  150.99902    116.514    -0.4862    -0.4869  28.237208  28.234394    34.4134    34.4104    308.467    298.552    -0.1366     4.6264     0.0855     0.0855     0.0538     0.0195      90530    62.8674     100.00     2.3374     2.0276         11  0.000e+00
