Continuous CTD Data/01_SBE Stage/nabos_12_01.ros
* Sea-Bird SBE 9 Data File:
* FileName = D:\CTD\data\HLY2502\raw\NABOS_12_01.hex
* Software Version Seasave V 7.26.7.110
* Temperature SN = 6954
* Conductivity SN = 2561
* Number of Bytes Per Scan = 37
* Number of Voltage Words = 4
* Number of Scans Averaged by the Deck Unit = 1
* NMEA Latitude = 77 22.28 N
* NMEA Longitude = 176 15.46 W
* NMEA UTC (Time) = Sep 10 2025  20:08:53
* NMEA baud rate = 9600
** Ship: USCG HEALY
** Bot. Depth:  1389
** Cast Number:  01
** Station Name:  NABOS
** Station Number:  12
** Operator:  STARC
** Ra cast to 250
# nquan = 25
# nvalues = 1176                                  
# units = specified
# name 0 = depSM: Depth [salt water, m]
# name 1 = latitude: Latitude [deg]
# name 2 = longitude: Longitude [deg]
# name 3 = prDM: Pressure, Digiquartz [db]
# name 4 = t090C: Temperature [ITS-90, deg C]
# name 5 = t190C: Temperature, 2 [ITS-90, deg C]
# name 6 = c0mS/cm: Conductivity [mS/cm]
# name 7 = c1mS/cm: Conductivity, 2 [mS/cm]
# name 8 = sal00: Salinity, Practical [PSU]
# name 9 = sal11: Salinity, Practical, 2 [PSU]
# name 10 = sbox0Mm/Kg: Oxygen, SBE 43 [umol/kg]
# name 11 = sbox1Mm/Kg: Oxygen, SBE 43, 2 [umol/kg]
# name 12 = flECO-AFL: Fluorescence, WET Labs ECO-AFL/FL [mg/m^3]
# name 13 = v2: Voltage 2
# name 14 = wetCDOM: Fluorescence, WET Labs CDOM [mg/m^3]
# name 15 = v6: Voltage 6
# name 16 = CStarAt0: Beam Attenuation, WET Labs C-Star [1/m]
# name 17 = v3: Voltage 3
# name 18 = scan: Scan Count
# name 19 = timeM: Time, Elapsed [minutes]
# name 20 = altM: Altimeter [m]
# name 21 = sbeox0V: Oxygen raw, SBE 43 [V]
# name 22 = sbeox1V: Oxygen raw, SBE 43, 2 [V]
# name 23 = nbf: Bottles Fired
# name 24 = flag:  0.000e+00
# interval = seconds: 0.0416667
# start_time = Sep 10 2025 20:08:53 [NMEA time, header]
# bad_flag = -9.990e-29
*END*
[from data line 928]
     20.234   77.37362 -176.25262     20.449    -1.3084    -1.3074  24.270190  24.269651    29.9946    29.9928    387.018    374.048     0.2602     4.6093     0.1258     0.1258     0.0686     0.0354      30592    21.2437      88.28     2.7016     2.3229         19  0.000e+00
     20.184   77.37362 -176.25262     20.399    -1.3082    -1.3076  24.270652  24.269760    29.9949    29.9931    386.797    374.300     0.2602     4.6093     0.1245     0.1245     0.0686     0.0354      30593    21.2444      88.21     2.7004     2.3242         19  0.000e+00
     20.234   77.37362 -176.25262     20.449    -1.3081    -1.3074  24.270826  24.270032    29.9951    29.9933    387.012    374.300     0.2602     4.6093     0.1258     0.1258     0.0686     0.0354      30594    21.2451      88.08     2.7016     2.3242         19  0.000e+00
     20.234   77.37364 -176.25260     20.449    -1.3088    -1.3085  24.268165  24.266931    29.9922    29.9902    386.601    374.827     0.2297     4.6068     0.1306     0.1306     0.0707     0.0342      30725    21.3361      23.22     2.6991     2.3266         20  0.000e+00
     20.234   77.37364 -176.25260     20.449    -1.3089    -1.3085  24.268108  24.266823    29.9922    29.9900    386.602    374.828     0.2602     4.6068     0.1331     0.1331     0.0707     0.0354      30726    21.3368       5.32     2.6991     2.3266         20  0.000e+00
     20.234   77.37364 -176.25260     20.449    -1.3087    -1.3085  24.267992  24.267040    29.9919    29.9903    386.601    374.574     0.2602     4.6068     0.1331     0.1331     0.0707     0.0354      30727    21.3375       3.76     2.6991     2.3254         20  0.000e+00
     20.184   77.37364 -176.25260     20.399    -1.3091    -1.3088  24.267992  24.266986    29.9922    29.9906    386.601    374.574     0.2602     4.6068     0.1331     0.1331     0.0707     0.0354      30728    21.3382       5.54     2.6991     2.3254         20  0.000e+00
     20.168   77.37364 -176.25260     20.383    -1.3088    -1.3086  24.267876  24.266822    29.9918    29.9902    386.599    374.572     0.2602     4.6068     0.1331     0.1331     0.0707     0.0354      30729    21.3389       8.47     2.6991     2.3254         20  0.000e+00
     20.234   77.37364 -176.25260     20.449    -1.3088    -1.3086  24.267934  24.266823    29.9918    29.9901    386.816    374.322     0.2602     4.6068     0.1319     0.1319     0.0707     0.0354      30730    21.3396      10.62     2.7004     2.3242         20  0.000e+00
     20.234   77.37364 -176.25260     20.449    -1.3091    -1.3086  24.267819  24.266931    29.9920    29.9903    386.605    374.575     0.2602     4.6056     0.1319     0.1319     0.0718     0.0354      30731    21.3403      10.65     2.6991     2.3254         20  0.000e+00
     20.250   77.37364 -176.25260     20.466    -1.3086    -1.3086  24.267819  24.266659    29.9915    29.9899    386.602    374.577     0.2602     4.6068     0.1331     0.1331     0.0707     0.0354      30732    21.3410      10.45     2.6991     2.3254         20  0.000e+00
     20.234   77.37364 -176.25260     20.449    -1.3084    -1.3088  24.267761  24.266877    29.9913    29.9904    386.814    374.577     0.2602     4.6068     0.1319     0.1319     0.0707     0.0354      30733    21.3417      10.79     2.7004     2.3254         20  0.000e+00
     20.168   77.37364 -176.25260     20.383    -1.3084    -1.3088  24.267818  24.266877    29.9914    29.9904    386.596    374.573     0.2602     4.6068     0.1319     0.1319     0.0707     0.0354      30734    21.3424       9.89     2.6991     2.3254         20  0.000e+00
     20.250   77.37364 -176.25260     20.466    -1.3086    -1.3088  24.267934  24.266931    29.9917    29.9905    386.601    374.324     0.2602     4.6068     0.1319     0.1319     0.0707     0.0354      30735    21.3431       8.96     2.6991     2.3242         20  0.000e+00
     20.234   77.37364 -176.25260     20.449    -1.3086    -1.3088  24.267645  24.266823    29.9913    29.9903    386.602    374.071     0.2297     4.6056     0.1331     0.1331     0.0718     0.0342      30736    21.3438       8.67     2.6991     2.3229         20  0.000e+00
     20.168   77.37364 -176.25260     20.383    -1.3089    -1.3088  24.267414  24.267040    29.9913    29.9907    386.601    373.560     0.2602     4.6068     0.1331     0.1331     0.0707     0.0354      30737    21.3444       9.40     2.6991     2.3205         20  0.000e+00
     20.234   77.37364 -176.25260     20.449    -1.3089    -1.3085  24.267645  24.267203    29.9916    29.9905    386.604    373.560     0.2602     4.6068     0.1319     0.1319     0.0707     0.0354      30738    21.3451       9.69     2.6991     2.3205         20  0.000e+00
     20.250   77.37364 -176.25260     20.466    -1.3089    -1.3086  24.267645  24.267258    29.9916    29.9907    386.391    373.815     0.2297     4.6068     0.1331     0.1331     0.0707     0.0342      30739    21.3458       9.89     2.6979     2.3217         20  0.000e+00
     20.234   77.37364 -176.25260     20.449    -1.3089    -1.3086  24.267876  24.266931    29.9919    29.9903    386.603    373.562     0.2602     4.6068     0.1331     0.1331     0.0707     0.0354      30740    21.3465      11.31     2.6991     2.3205         20  0.000e+00
     20.168   77.37364 -176.25260     20.383    -1.3089    -1.3088  24.268165  24.266931    29.9923    29.9905    386.598    373.307     0.2602     4.6068     0.1331     0.1331     0.0707     0.0354      30741    21.3472      10.62     2.6991     2.3193         20  0.000e+00
     20.168   77.37364 -176.25260     20.383    -1.3088    -1.3086  24.268512  24.266822    29.9927    29.9902    386.596    373.306     0.2602     4.6068     0.1331     0.1331     0.0707     0.0354      30742    21.3479       9.91     2.6991     2.3193         20  0.000e+00
     20.250   77.37364 -176.25260     20.466    -1.3086    -1.3088  24.268628  24.266442    29.9926    29.9898    386.598    373.314     0.2602     4.6068     0.1319     0.1319     0.0707     0.0354      30743    21.3486      11.36     2.6991     2.3193         20  0.000e+00
     20.168   77.37364 -176.25260     20.383    -1.3084    -1.3086  24.268397  24.267040    29.9922    29.9905    386.593    373.559     0.2602     4.6081     0.1319     0.1319     0.0697     0.0354      30744    21.3493      11.65     2.6991     2.3205         20  0.000e+00
     20.234   77.37364 -176.25260     20.449    -1.3089    -1.3089  24.268050  24.267040    29.9921    29.9907    386.602    373.564     0.2602     4.6093     0.1319     0.1319     0.0686     0.0354      30745    21.3500      10.77     2.6991     2.3205         20  0.000e+00
     20.291   77.37364 -176.25260     20.507    -1.3088    -1.3086  24.268166  24.267095    29.9921    29.9905    386.604    373.818     0.2602     4.6093     0.1319     0.1319     0.0686     0.0354      30746    21.3507       9.47     2.6991     2.3217         20  0.000e+00
     20.184   77.37364 -176.25260     20.399    -1.3089    -1.3089  24.268281  24.267203    29.9925    29.9910    386.599    374.068     0.2602     4.6093     0.1331     0.1331     0.0686     0.0354      30747    21.3514       9.38     2.6991     2.3229         20  0.000e+00
     20.168   77.37364 -176.25260     20.383    -1.3086    -1.3085  24.268397  24.266877    29.9923    29.9901    386.595    374.065     0.2602     4.6093     0.1319     0.1319     0.0686     0.0354      30748    21.3521       9.57     2.6991     2.3229         20  0.000e+00
     20.234   77.37364 -176.25260     20.449    -1.3084    -1.3086  24.268802  24.266823    29.9927    29.9901    386.595    374.069     0.2602     4.6093     0.1319     0.1319     0.0686     0.0354      30749    21.3528       9.87     2.6991     2.3229         20  0.000e+00
     20.250   77.37364 -176.25260     20.466    -1.3086    -1.3086  24.269206  24.266768    29.9934    29.9901    386.596    374.070     0.2602     4.6093     0.1331     0.1331     0.0686     0.0354      30750    21.3535      10.18     2.6991     2.3229         20  0.000e+00
     20.168   77.37364 -176.25260     20.383    -1.3084    -1.3088  24.269206  24.267094    29.9933    29.9907    386.590    374.319     0.2602     4.6093     0.1331     0.1331     0.0686     0.0354      30751    21.3542      10.43     2.6991     2.3242         20  0.000e+00
     20.234   77.37364 -176.25260     20.449    -1.3082    -1.3086  24.268917  24.267312    29.9926    29.9908    386.592    374.574     0.2602     4.6081     0.1319     0.1319     0.0697     0.0354      30752    21.3549      11.43     2.6991     2.3254         20  0.000e+00
     20.234   77.37364 -176.25260     20.449    -1.3084    -1.3086  24.268512  24.267421    29.9923    29.9910    386.596    375.079     0.2602     4.6081     0.1331     0.1331     0.0697     0.0354      30753    21.3556      12.21     2.6991     2.3278         20  0.000e+00
     20.184   77.37364 -176.25260     20.399    -1.3086    -1.3086  24.268281  24.267094    29.9922    29.9905    386.596    375.331     0.2602     4.6093     0.1319     0.1319     0.0686     0.0354      30754    21.3562      10.26     2.6991     2.3291         20  0.000e+00
     20.234   77.37364 -176.25260     20.449    -1.3086    -1.3086  24.268686  24.266877    29.9927    29.9902    386.597    375.082     0.2602     4.6081     0.1331     0.1331     0.0697     0.0354      30755    21.3569       9.40     2.6991     2.3278         20  0.000e+00
     20.168   77.37364 -176.25260     20.383    -1.3086    -1.3085  24.268339  24.267149    29.9923    29.9905    386.595    375.076     0.2602     4.6093     0.1319     0.1319     0.0686     0.0354      30756    21.3576       9.52     2.6991     2.3278         20  0.000e+00
     20.234   77.37364 -176.25260     20.449    -1.3089    -1.3085  24.268281  24.267747    29.9924    29.9913    386.387    375.077     0.2602     4.6093     0.1331     0.1331     0.0686     0.0354      30757    21.3583      10.50     2.6979     2.3278         20  0.000e+00
     20.250   77.37364 -176.25260     20.466    -1.3086    -1.3083  24.268223  24.268019    29.9921    29.9915    386.814    375.075     0.2602     4.6093     0.1319     0.1319     0.0686     0.0354      30758    21.3590      11.45     2.7004     2.3278         20  0.000e+00
     20.168   77.37364 -176.25260     20.383    -1.3086    -1.3079  24.268223  24.268508    29.9921    29.9917    386.596    375.066     0.2297     4.6081     0.1319     0.1319     0.0697     0.0342      30759    21.3597      12.04     2.6991     2.3278         20  0.000e+00
     20.234   77.37364 -176.25260     20.449    -1.3086    -1.3080  24.268108  24.268672    29.9919    29.9920    386.600    375.069     0.2602     4.6093     0.1319     0.1319     0.0686     0.0354      30760    21.3604      12.70     2.6991     2.3278         20  0.000e+00
     20.234   77.37364 -176.25260     20.449    -1.3088    -1.3076  24.267992  24.268400    29.9919    29.9913    386.602    375.067     0.2602     4.6081     0.1319     0.1319     0.0697     0.0354      30761    21.3611      12.55     2.6991     2.3278         20  0.000e+00
     20.184   77.37364 -176.25260     20.399    -1.3086    -1.3079  24.268223  24.267856    29.9921    29.9909    386.596    375.069     0.2602     4.6093     0.1319     0.1319     0.0686     0.0354      30762    21.3618      11.94     2.6991     2.3278         20  0.000e+00
     20.234   77.37364 -176.25260     20.449    -1.3087    -1.3083  24.268050  24.267366    29.9919    29.9906    386.601    375.077     0.2602     4.6081     0.1319     0.1319     0.0697     0.0354      30763    21.3625      12.45     2.6991     2.3278         20  0.000e+00
     20.234   77.37364 -176.25260     20.449    -1.3086    -1.3083  24.268165  24.267040    29.9920    29.9901    386.599    374.825     0.2297     4.6081     0.1319     0.1319     0.0697     0.0342      30764    21.3632      13.41     2.6991     2.3266         20  0.000e+00
     20.250   77.37364 -176.25260     20.466    -1.3082    -1.3085  24.269033  24.266877    29.9927    29.9901    386.593    374.575     0.2602     4.6081     0.1319     0.1319     0.0697     0.0354      30765    21.3639      14.21     2.6991     2.3254         20  0.000e+00
     20.168   77.37364 -176.25260     20.383    -1.3077    -1.3086  24.269380  24.266931    29.9927    29.9903    386.369    374.572     0.2602     4.6081     0.1319     0.1319     0.0697     0.0354      30766    21.3646      14.70     2.6979     2.3254         20  0.000e+00
     20.168   77.37364 -176.25260     20.383    -1.3077    -1.3086  24.269611  24.266986    29.9930    29.9904    386.582    374.318     0.2602     4.6093     0.1319     0.1319     0.0686     0.0354      30767    21.3653      15.21     2.6991     2.3242         20  0.000e+00
     20.234   77.37364 -176.25260     20.449    -1.3080    -1.3088  24.269380  24.266877    29.9930    29.9904    386.589    374.324     0.2602     4.6093     0.1319     0.1319     0.0686     0.0354      30768    21.3660      13.68     2.6991     2.3242         20  0.000e+00
     20.184   77.37364 -176.25260     20.399    -1.3082    -1.3088  24.269553  24.266768    29.9934    29.9903    386.373    374.321     0.2602     4.6093     0.1319     0.1319     0.0686     0.0354      30769    21.3667      11.75     2.6979     2.3242         20  0.000e+00
     20.234   77.37364 -176.25260     20.449    -1.3078    -1.3086  24.269380  24.267094    29.9928    29.9905    386.588    374.321     0.2602     4.6093     0.1319     0.1319     0.0686     0.0354      30770    21.3674      12.36     2.6991     2.3242         20  0.000e+00
     20.234   77.37364 -176.25260     20.449    -1.3083    -1.3086  24.269033  24.267149    29.9928    29.9906    386.593    374.321     0.2602     4.6081     0.1319     0.1319     0.0697     0.0354      30771    21.3681      13.46     2.6991     2.3242         20  0.000e+00
     20.168   77.37364 -176.25260     20.383    -1.3082    -1.3086  24.268570  24.267203    29.9921    29.9907    386.590    374.064     0.2602     4.6093     0.1306     0.1306     0.0686     0.0354      30772    21.3687      18.68     2.6991     2.3229         20  0.000e+00
     20.250   77.37364 -176.25260     20.466    -1.3084    -1.3082  24.268339  24.267747    29.9920    29.9910    386.598    374.063     0.2602     4.6093     0.1306     0.1306     0.0686     0.0354      30773    21.3694      21.90     2.6991     2.3229         20  0.000e+00
     20.168   77.37364 -176.25258     20.383    -1.3082    -1.3080  24.269091  24.267747    29.9928    29.9908    387.016    372.538     0.2602     4.6081     0.1331     0.1331     0.0697     0.0354      30916    21.4688      54.87     2.7016     2.3156         21  0.000e+00
     20.234   77.37366 -176.25256     20.449    -1.3080    -1.3080  24.268917  24.267258    29.9924    29.9901    386.805    372.796     0.2297     4.6081     0.1331     0.1331     0.0697     0.0342      30917    21.4694      54.70     2.7004     2.3168         21  0.000e+00
     20.250   77.37366 -176.25256     20.466    -1.3080    -1.3079  24.268917  24.267584    29.9924    29.9904    387.019    373.048     0.2602     4.6081     0.1331     0.1331     0.0697     0.0354      30918    21.4701      55.09     2.7016     2.3181         21  0.000e+00
     20.168   77.37366 -176.25256     20.383    -1.3079    -1.3079  24.268975  24.267910    29.9925    29.9909    386.800    373.042     0.2297     4.6081     0.1331     0.1331     0.0697     0.0342      30919    21.4708      55.70     2.7004     2.3181         21  0.000e+00
     20.168   77.37366 -176.25256     20.383    -1.3078    -1.3080  24.269206  24.267856    29.9927    29.9910    387.012    373.297     0.2602     4.6081     0.1331     0.1331     0.0697     0.0354      30920    21.4715      55.14     2.7016     2.3193         21  0.000e+00
