Continuous CTD Data/01_SBE Stage/nabos_01_01.ros
* Sea-Bird SBE 9 Data File:
* FileName = D:\CTD\data\HLY2502\raw\NABOS_01_01.hex
* Software Version Seasave V 7.26.7.110
* Temperature SN = 6954
* Conductivity SN = 2561
* Number of Bytes Per Scan = 37
* Number of Voltage Words = 4
* Number of Scans Averaged by the Deck Unit = 1
* NMEA Latitude = 73 46.25 N
* NMEA Longitude = 167 42.69 E
* NMEA UTC (Time) = Sep 13 2025  14:06:01
* NMEA baud rate = 9600
** Ship: USCG HEALY
** Bot. Depth:  45
** Cast Number:  01
** Station Name:  NABOS
** Station Number:  01
** Operator:  STARC
# nquan = 25
# nvalues = 1176                                  
# units = specified
# name 0 = depSM: Depth [salt water, m]
# name 1 = latitude: Latitude [deg]
# name 2 = longitude: Longitude [deg]
# name 3 = prDM: Pressure, Digiquartz [db]
# name 4 = t090C: Temperature [ITS-90, deg C]
# name 5 = t190C: Temperature, 2 [ITS-90, deg C]
# name 6 = c0mS/cm: Conductivity [mS/cm]
# name 7 = c1mS/cm: Conductivity, 2 [mS/cm]
# name 8 = sal00: Salinity, Practical [PSU]
# name 9 = sal11: Salinity, Practical, 2 [PSU]
# name 10 = sbox0Mm/Kg: Oxygen, SBE 43 [umol/kg]
# name 11 = sbox1Mm/Kg: Oxygen, SBE 43, 2 [umol/kg]
# name 12 = flECO-AFL: Fluorescence, WET Labs ECO-AFL/FL [mg/m^3]
# name 13 = v2: Voltage 2
# name 14 = wetCDOM: Fluorescence, WET Labs CDOM [mg/m^3]
# name 15 = v6: Voltage 6
# name 16 = CStarAt0: Beam Attenuation, WET Labs C-Star [1/m]
# name 17 = v3: Voltage 3
# name 18 = scan: Scan Count
# name 19 = timeM: Time, Elapsed [minutes]
# name 20 = altM: Altimeter [m]
# name 21 = sbeox0V: Oxygen raw, SBE 43 [V]
# name 22 = sbeox1V: Oxygen raw, SBE 43, 2 [V]
# name 23 = nbf: Bottles Fired
# name 24 = flag:  0.000e+00
# interval = seconds: 0.0416667
# start_time = Sep 13 2025 14:06:01 [NMEA time, header]
# bad_flag = -9.990e-29
*END*
[from data line 580]
     29.787   73.77052  167.71466     30.100    -1.3912    -1.3877  23.494440  23.488763    29.0205    29.0094    324.722    315.263     0.1381     4.6215     0.1160     0.1160     0.0580     0.0305      13856     9.6215       0.73     2.3248     2.0220         12  0.000e+00
     29.787   73.77052  167.71466     30.100    -1.3913    -1.3877  23.494269  23.488817    29.0204    29.0095    324.723    315.519     0.1381     4.6215     0.1160     0.1160     0.0580     0.0305      13857     9.6222       0.73     2.3248     2.0232         12  0.000e+00
     29.787   73.77052  167.71466     30.100    -1.3913    -1.3876  23.494097  23.489516    29.0202    29.0103    324.724    314.747     0.1076     4.6203     0.1172     0.1172     0.0591     0.0293      13858     9.6229       0.73     2.3248     2.0196         12  0.000e+00
     29.787   73.77052  167.71466     30.100    -1.3909    -1.3873  23.493926  23.490054    29.0195    29.0107    324.721    314.487     0.1381     4.6215     0.1160     0.1160     0.0580     0.0305      13859     9.6236       0.73     2.3248     2.0184         12  0.000e+00
     29.730   73.77052  167.71466     30.042    -1.3907    -1.3876  23.493182  23.490215    29.0183    29.0113    324.720    314.230     0.1381     4.6203     0.1160     0.1160     0.0591     0.0305      13860     9.6243       0.73     2.3248     2.0171         12  0.000e+00
     29.787   73.77052  167.71466     30.100    -1.3903    -1.3874  23.492554  23.489839    29.0171    29.0106    324.722    314.233     0.1381     4.6215     0.1160     0.1160     0.0580     0.0305      13861     9.6250       0.78     2.3248     2.0171         12  0.000e+00
     29.730   73.77052  167.71466     30.042    -1.3902    -1.3874  23.492153  23.489355    29.0164    29.0099    324.719    313.976     0.1381     4.6203     0.1160     0.1160     0.0591     0.0305      13862     9.6257       0.78     2.3248     2.0159         12  0.000e+00
     29.787   73.77052  167.71466     30.100    -1.3897    -1.3874  23.491982  23.488602    29.0157    29.0089    324.719    314.237     0.1076     4.6215     0.1160     0.1160     0.0580     0.0293      13863     9.6264       0.73     2.3248     2.0171         12  0.000e+00
     19.753   73.77054  167.71458     19.960    -0.9777    -0.9470  23.113258  23.083521    28.1195    28.0512    372.802    358.756     0.2602     4.5922     0.1123     0.1123     0.0835     0.0354      16114    11.1896      14.29     2.6106     2.2418         13  0.000e+00
     19.647   73.77054  167.71458     19.853    -0.9851    -0.9415  23.120024  23.073954    28.1355    28.0334    372.833    358.996     0.2602     4.5922     0.1123     0.1123     0.0835     0.0354      16115    11.1903      14.24     2.6106     2.2431         13  0.000e+00
     19.688   73.77054  167.71458     19.894    -0.9919    -0.9396  23.127018  23.068183    28.1511    28.0239    372.866    359.004     0.2602     4.5922     0.1136     0.1136     0.0835     0.0354      16116    11.1910      14.26     2.6106     2.2431         13  0.000e+00
     19.753   73.77054  167.71458     19.960    -0.9976    -0.9384  23.131284  23.062412    28.1621    28.0151    372.902    358.765     0.2602     4.5922     0.1148     0.1148     0.0835     0.0354      16117    11.1917      14.21     2.6106     2.2418         13  0.000e+00
     19.704   73.77054  167.71458     19.911    -0.9980    -0.9367  23.130601  23.057764    28.1617    28.0074    372.906    358.766     0.2602     4.5922     0.1148     0.1148     0.0835     0.0354      16118    11.1924      14.26     2.6106     2.2418         13  0.000e+00
     19.688   73.77054  167.71458     19.894    -1.0020    -0.9339  23.128896  23.056214    28.1632    28.0026    372.731    358.493     0.2602     4.5922     0.1160     0.1160     0.0835     0.0354      16119    11.1931      14.38     2.6094     2.2406         13  0.000e+00
     19.688   73.77054  167.71458     19.894    -1.0025    -0.9309  23.128668  23.056534    28.1633    28.0003    372.951    358.468     0.2602     4.5922     0.1148     0.1148     0.0835     0.0354      16120    11.1937      14.43     2.6106     2.2406         13  0.000e+00
     19.753   73.77054  167.71458     19.960    -0.9996    -0.9302  23.128270  23.056054    28.1600    27.9989    372.716    358.212     0.2602     4.5922     0.1148     0.1148     0.0835     0.0354      16121    11.1944      14.36     2.6094     2.2394         13  0.000e+00
     19.704   73.77054  167.71458     19.911    -0.9974    -0.9297  23.124517  23.056321    28.1530    27.9989    372.924    357.951     0.2602     4.5922     0.1148     0.1148     0.0835     0.0354      16122    11.1951      14.29     2.6106     2.2382         13  0.000e+00
     19.688   73.77054  167.71458     19.894    -0.9934    -0.9303  23.116216  23.057389    28.1382    28.0009    372.707    357.951     0.2602     4.5922     0.1148     0.1148     0.0835     0.0354      16123    11.1958      14.31     2.6094     2.2382         13  0.000e+00
     19.753   73.77054  167.71458     19.960    -0.9783    -0.9297  23.106494  23.059259    28.1110    28.0028    372.618    357.942     0.2602     4.5922     0.1148     0.1148     0.0835     0.0354      16124    11.1965      14.33     2.6094     2.2382         13  0.000e+00
     19.688   73.77054  167.71458     19.894    -0.9613    -0.9331  23.099899  23.065297    28.0864    28.0140    372.710    357.690     0.2602     4.5922     0.1148     0.1148     0.0835     0.0354      16125    11.1972      14.31     2.6106     2.2370         13  0.000e+00
     19.770   73.77054  167.71458     19.977    -0.9490    -0.9453  23.094726  23.072031    28.0679    28.0343    372.414    358.024     0.2602     4.5910     0.1148     0.1148     0.0845     0.0354      16126    11.1979      14.36     2.6094     2.2382         13  0.000e+00
     19.688   73.77054  167.71458     19.894    -0.9409    -0.9596  23.091201  23.078017    28.0558    28.0557    372.355    358.370     0.2602     4.5922     0.1148     0.1148     0.0835     0.0354      16127    11.1986      14.33     2.6094     2.2394         13  0.000e+00
     19.753   73.77054  167.71458     19.960    -0.9358    -0.9640  23.089212  23.083095    28.0483    28.0665    372.322    358.645     0.2602     4.5922     0.1148     0.1148     0.0835     0.0354      16128    11.1993      14.29     2.6094     2.2406         13  0.000e+00
     19.704   73.77054  167.71458     19.911    -0.9329    -0.9590  23.086711  23.082720    28.0423    28.0614    372.304    358.856     0.2602     4.5910     0.1148     0.1148     0.0845     0.0354      16129    11.2000      14.29     2.6094     2.2418         13  0.000e+00
     19.753   73.77054  167.71458     19.960    -0.9335    -0.9508  23.085007  23.081544    28.0406    28.0521    372.318    358.795     0.2602     4.5910     0.1148     0.1148     0.0845     0.0354      16130    11.2007      14.26     2.6094     2.2418         13  0.000e+00
     19.753   73.77054  167.71458     19.960    -0.9359    -0.9432  23.085007  23.083414    28.0428    28.0475    372.554    358.980     0.2602     4.5922     0.1148     0.1148     0.0835     0.0354      16131    11.2014      14.26     2.6106     2.2431         13  0.000e+00
     19.688   73.77054  167.71458     19.894    -0.9376    -0.9350  23.084439  23.083574    28.0436    28.0401    372.352    358.909     0.2602     4.5946     0.1148     0.1148     0.0813     0.0354      16132    11.2021      14.29     2.6094     2.2431         13  0.000e+00
     19.770   73.77054  167.71458     19.977    -0.9404    -0.9328  23.082621  23.082344    28.0439    28.0363    372.388    358.899     0.2602     4.5958     0.1148     0.1148     0.0803     0.0354      16133    11.2028      14.29     2.6094     2.2431         13  0.000e+00
     19.753   73.77054  167.71458     19.960    -0.9418    -0.9364  23.079666  23.080741    28.0412    28.0376    372.410    358.680     0.2297     4.5958     0.1148     0.1148     0.0803     0.0342      16134    11.2035      14.31     2.6094     2.2418         13  0.000e+00
     19.753   73.77054  167.71458     19.960    -0.9402    -0.9367  23.076598  23.079298    28.0356    28.0360    372.408    358.433     0.2297     4.5958     0.1148     0.1148     0.0803     0.0342      16135    11.2042      14.31     2.6094     2.2406         13  0.000e+00
     19.770   73.77054  167.71458     19.977    -0.9388    -0.9345  23.075177  23.077054    28.0324    28.0309    372.188    358.424     0.2297     4.5958     0.1148     0.1148     0.0803     0.0342      16136    11.2049      14.38     2.6082     2.2406         13  0.000e+00
     19.688   73.77054  167.71458     19.894    -0.9394    -0.9323  23.074722  23.075931    28.0324    28.0274    372.191    358.406     0.1992     4.5958     0.1148     0.1148     0.0803     0.0330      16137    11.2056      14.29     2.6082     2.2406         13  0.000e+00
     19.753   73.77054  167.71458     19.960    -0.9387    -0.9311  23.074836  23.075771    28.0319    28.0260    372.402    358.400     0.2297     4.5958     0.1148     0.1148     0.0803     0.0342      16138    11.2063      14.24     2.6094     2.2406         13  0.000e+00
     19.811   73.77054  167.71458     20.018    -0.9354    -0.9318  23.074211  23.074702    28.0279    28.0253    372.165    358.159     0.2297     4.5958     0.1148     0.1148     0.0803     0.0342      16139    11.2069      14.24     2.6082     2.2394         13  0.000e+00
     19.770   73.77054  167.71458     19.977    -0.9343    -0.9331  23.072961  23.074381    28.0253    28.0260    372.158    358.169     0.2297     4.5958     0.1148     0.1148     0.0803     0.0342      16140    11.2076      14.24     2.6082     2.2394         13  0.000e+00
     19.753   73.77054  167.71458     19.960    -0.9346    -0.9342  23.071540  23.077107    28.0237    28.0307    372.165    357.912     0.2297     4.5958     0.1148     0.1148     0.0803     0.0342      16141    11.2083      14.21     2.6082     2.2382         13  0.000e+00
     19.753   73.77054  167.71458     19.960    -0.9348    -0.9342  23.068927  23.085658    28.0204    28.0420    372.177    357.880     0.1992     4.5958     0.1148     0.1148     0.0803     0.0330      16142    11.2090      14.24     2.6082     2.2382         13  0.000e+00
     19.753   73.77054  167.71458     19.960    -0.9327    -0.9352  23.066825  23.094157    28.0157    28.0543    372.168    358.111     0.2297     4.5958     0.1148     0.1148     0.0803     0.0342      16143    11.2097      14.29     2.6082     2.2394         13  0.000e+00
     19.770   73.77054  167.71458     19.977    -0.9313    -0.9390  23.066370  23.097365    28.0138    28.0622    372.158    358.386     0.2297     4.5958     0.1148     0.1148     0.0803     0.0342      16144    11.2104      14.29     2.6082     2.2406         13  0.000e+00
     19.753   73.77054  167.71458     19.960    -0.9312    -0.9564  23.066370  23.095976    28.0137    28.0765    372.157    358.788     0.2297     4.5958     0.1148     0.1148     0.0803     0.0342      16145    11.2111      14.26     2.6082     2.2418         13  0.000e+00
     19.811   73.77054  167.71458     20.018    -0.9312    -0.9677  23.066030  23.093144    28.0132    28.0833    372.161    358.895     0.2297     4.5958     0.1148     0.1148     0.0803     0.0342      16146    11.2118      14.29     2.6082     2.2418         13  0.000e+00
     19.770   73.77054  167.71458     19.977    -0.9301    -0.9654  23.066086  23.089830    28.0122    28.0768    372.149    358.886     0.2297     4.5958     0.1148     0.1148     0.0803     0.0342      16147    11.2125      14.29     2.6082     2.2418         13  0.000e+00
     19.753   73.77054  167.71458     19.960    -0.9315    -0.9590  23.068018  23.084591    28.0161    28.0638    372.153    358.598     0.2297     4.5958     0.1148     0.1148     0.0803     0.0342      16148    11.2132      14.29     2.6082     2.2406         13  0.000e+00
     19.753   73.77054  167.71458     19.960    -0.9356    -0.9610  23.071086  23.079460    28.0240    28.0588    372.176    358.633     0.1992     4.5958     0.1148     0.1148     0.0803     0.0330      16149    11.2139      14.19     2.6082     2.2406         13  0.000e+00
     19.811   73.77054  167.71458     20.018    -0.9483    -0.9557  23.073644  23.076360    28.0393    28.0497    372.278    358.604     0.2297     4.5958     0.1148     0.1148     0.0803     0.0342      16150    11.2146      14.11     2.6082     2.2406         13  0.000e+00
     19.827   73.77054  167.71458     20.035    -0.9522    -0.9460  23.073019  23.076413    28.0420    28.0408    372.099    358.779     0.2297     4.5946     0.1148     0.1148     0.0813     0.0342      16151    11.2153      14.07     2.6069     2.2418         13  0.000e+00
     19.753   73.77054  167.71458     19.960    -0.9481    -0.9387  23.071030  23.077695    28.0356    28.0357    372.283    358.710     0.2297     4.5946     0.1148     0.1148     0.0813     0.0342      16152    11.2160      14.09     2.6082     2.2418         13  0.000e+00
     19.811   73.77054  167.71458     20.018    -0.9432    -0.9358  23.069837  23.080153    28.0294    28.0362    372.034    358.934     0.2297     4.5958     0.1148     0.1148     0.0803     0.0342      16153    11.2167      14.07     2.6069     2.2431         13  0.000e+00
     19.770   73.77054  167.71458     19.977    -0.9397    -0.9370  23.068530  23.083093    28.0244    28.0413    372.222    359.185     0.2297     4.5958     0.1148     0.1148     0.0803     0.0342      16154    11.2174      14.09     2.6082     2.2443         13  0.000e+00
     19.811   73.77054  167.71458     20.018    -0.9371    -0.9392  23.068700  23.086781    28.0222    28.0482    371.986    359.191     0.1992     4.5958     0.1148     0.1148     0.0803     0.0330      16155    11.2181      14.09     2.6069     2.2443         13  0.000e+00
     19.753   73.77054  167.71458     19.960    -0.9344    -0.9413  23.069268  23.089881    28.0205    28.0543    371.958    359.194     0.1687     4.5958     0.1148     0.1148     0.0803     0.0317      16156    11.2188      14.14     2.6069     2.2443         13  0.000e+00
     19.811   73.77054  167.71458     20.018    -0.9320    -0.9433  23.069211  23.092501    28.0181    28.0596    371.940    359.204     0.1687     4.5958     0.1148     0.1148     0.0803     0.0317      16157    11.2194      14.21     2.6069     2.2443         13  0.000e+00
     19.770   73.77054  167.71458     19.977    -0.9306    -0.9453  23.068416  23.093998    28.0157    28.0635    371.929    359.213     0.1687     4.5958     0.1148     0.1148     0.0803     0.0317      16158    11.2201      14.21     2.6069     2.2443         13  0.000e+00
     19.811   73.77054  167.71458     20.018    -0.9327    -0.9464  23.068529  23.093517    28.0179    28.0639    371.949    359.225     0.1687     4.5958     0.1148     0.1148     0.0803     0.0317      16159    11.2208      14.24     2.6069     2.2443         13  0.000e+00
     19.811   73.77054  167.71458     20.018    -0.9364    -0.9433  23.069382  23.091432    28.0225    28.0582    371.978    359.208     0.1687     4.5958     0.1148     0.1148     0.0803     0.0317      16160    11.2215      14.21     2.6069     2.2443         13  0.000e+00
     19.753   73.77054  167.71458     19.960    -0.9372    -0.9402  23.069439  23.089774    28.0233    28.0532    371.981    359.186     0.1687     4.5958     0.1148     0.1148     0.0803     0.0317      16161    11.2222      14.19     2.6069     2.2443         13  0.000e+00
     19.827   73.77054  167.71458     20.035    -0.9349    -0.9419  23.069041  23.089775    28.0206    28.0547    371.967    359.203     0.1687     4.5958     0.1148     0.1148     0.0803     0.0317      16162    11.2229      14.14     2.6069     2.2443         13  0.000e+00
