Continuous CTD Data/01_SBE Stage/nabos_12_01avg.cnv
* Sea-Bird SBE 9 Data File:
* FileName = D:\CTD\data\HLY2502\raw\NABOS_12_01.hex
* Software Version Seasave V 7.26.7.110
* Temperature SN = 6954
* Conductivity SN = 2561
* Number of Bytes Per Scan = 37
* Number of Voltage Words = 4
* Number of Scans Averaged by the Deck Unit = 1
* NMEA Latitude = 77 22.28 N
* NMEA Longitude = 176 15.46 W
* NMEA UTC (Time) = Sep 10 2025  20:08:53
* NMEA baud rate = 9600
** Ship: USCG HEALY
** Bot. Depth:  1389
** Cast Number:  01
** Station Name:  NABOS
** Station Number:  12
** Operator:  STARC
** Ra cast to 250
# nquan = 25
# nvalues = 251                         
# units = specified
# name 0 = depSM: Depth [salt water, m]
# name 1 = latitude: Latitude [deg]
# name 2 = longitude: Longitude [deg]
# name 3 = prDM: Pressure, Digiquartz [db]
# name 4 = t090C: Temperature [ITS-90, deg C]
# name 5 = t190C: Temperature, 2 [ITS-90, deg C]
# name 6 = c0mS/cm: Conductivity [mS/cm]
# name 7 = c1mS/cm: Conductivity, 2 [mS/cm]
# name 8 = sal00: Salinity, Practical [PSU]
# name 9 = sal11: Salinity, Practical, 2 [PSU]
# name 10 = sbox0Mm/Kg: Oxygen, SBE 43 [umol/kg]
# name 11 = sbox1Mm/Kg: Oxygen, SBE 43, 2 [umol/kg]
# name 12 = flECO-AFL: Fluorescence, WET Labs ECO-AFL/FL [mg/m^3]
# name 13 = v2: Voltage 2
# name 14 = wetCDOM: Fluorescence, WET Labs CDOM [mg/m^3]
# name 15 = v6: Voltage 6
# name 16 = CStarAt0: Beam Attenuation, WET Labs C-Star [1/m]
# name 17 = v3: Voltage 3
# name 18 = scan: Scan Count
# name 19 = timeM: Time, Elapsed [minutes]
# name 20 = altM: Altimeter [m]
# name 21 = sbeox0V: Oxygen raw, SBE 43 [V]
# name 22 = sbeox1V: Oxygen raw, SBE 43, 2 [V]
# name 23 = nbin: number of scans per bin
# name 24 = flag: flag
# span 0 =      3.958,    251.181       
# span 1 =   77.37149,   77.37242       
# span 2 = -176.25718, -176.25506       
# span 3 =      4.000,    254.000       
# span 4 =    -1.6079,     0.8032       
# span 5 =    -1.6076,     0.8026       
# span 6 =  23.168929,  29.679719       
# span 7 =  23.167513,  29.677550       
# span 8 =    28.7232,    34.7817       
# span 9 =    28.7214,    34.7794       
# span 10 =    251.949,    385.845      
# span 11 =    246.473,    373.968      
# span 12 =    -0.1743,     0.4320      
# span 13 =     4.5446,     4.6623      
# span 14 =     0.0805,     0.1202      
# span 15 =     0.0805,     0.1202      
# span 16 =     0.0228,     0.1259      
# span 17 =     0.0180,     0.0423      
# span 18 =       3195,      15983      
# span 19 =     2.2182,    11.0986      
# span 20 =      24.83,     100.16      
# span 21 =     1.9571,     2.6938      
# span 22 =     1.7294,     2.3197      
# span 23 =          4,         28      
# span 24 = 0.0000e+00, 0.0000e+00      
# interval = decibars: 1                
# start_time = Sep 10 2025 20:08:53 [NMEA time, header]
# bad_flag = -9.990e-29
*END*
[from data line 232]
    233.391   77.37212 -176.25576    236.000     0.6574     0.6574  29.516881  29.515109    34.7442    34.7419    290.544    282.781    -0.1585     4.6606     0.0827     0.0827     0.0243     0.0186      11976     8.3156     100.00     2.2656     1.9770         15 0.0000e+00
    234.380   77.37212 -176.25576    237.000     0.6576     0.6576  29.517642  29.515868    34.7443    34.7419    290.611    283.426    -0.1500     4.6613     0.0807     0.0807     0.0237     0.0190      12001     8.3334     100.00     2.2658     1.9802         14 0.0000e+00
    235.368   77.37212 -176.25575    238.000     0.6575     0.6576  29.518282  29.516537    34.7446    34.7422    290.902    283.521    -0.1294     4.6614     0.0806     0.0806     0.0237     0.0198      12027     8.3514     100.00     2.2674     1.9804         14 0.0000e+00
    236.356   77.37213 -176.25574    239.000     0.6673     0.6682  29.528669  29.527588    34.7466    34.7442    291.079    283.645    -0.1346     4.6616     0.0829     0.0829     0.0234     0.0196      12053     8.3692     100.00     2.2688     1.9813         15 0.0000e+00
    237.345   77.37214 -176.25574    240.000     0.6751     0.6754  29.536549  29.534916    34.7475    34.7451    291.154    283.480    -0.1346     4.6616     0.0808     0.0808     0.0235     0.0196      12078     8.3871     100.00     2.2694     1.9806         15 0.0000e+00
    238.333   77.37214 -176.25574    241.000     0.6754     0.6754  29.537443  29.535574    34.7477    34.7453    291.270    283.500    -0.1346     4.6584     0.0817     0.0817     0.0261     0.0196      12104     8.4049     100.00     2.2699     1.9805         15 0.0000e+00
    239.322   77.37214 -176.25574    242.000     0.6753     0.6754  29.537994  29.536139    34.7479    34.7454    291.512    284.065    -0.1346     4.6614     0.0818     0.0818     0.0237     0.0196      12130     8.4227     100.00     2.2711     1.9832         15 0.0000e+00
    240.310   77.37214 -176.25572    243.000     0.7040     0.7039  29.567328  29.565584    34.7534    34.7512    291.583    284.329    -0.1385     4.6612     0.0827     0.0827     0.0238     0.0194      12155     8.4406     100.00     2.2729     1.9857         15 0.0000e+00
    241.298   77.37214 -176.25572    244.000     0.7219     0.7219  29.585500  29.583742    34.7563    34.7540    291.898    284.249    -0.1344     4.6617     0.0823     0.0823     0.0234     0.0196      12181     8.4585     100.00     2.2755     1.9859         13 0.0000e+00
    242.287   77.37214 -176.25572    245.000     0.7223     0.7224  29.586752  29.584958    34.7569    34.7545    292.060    284.763    -0.1344     4.6617     0.0825     0.0825     0.0234     0.0196      12207     8.4765     100.00     2.2763     1.9884         14 0.0000e+00
    243.275   77.37214 -176.25572    246.000     0.7203     0.7203  29.585679  29.583684    34.7571    34.7546    291.856    284.622    -0.1730     4.6618     0.0824     0.0824     0.0233     0.0181      12233     8.4944     100.00     2.2747     1.9873         15 0.0000e+00
    244.263   77.37214 -176.25572    247.000     0.7194     0.7200  29.585385  29.584151    34.7572    34.7550    291.774    284.442    -0.1691     4.6614     0.0818     0.0818     0.0236     0.0182      12258     8.5120     100.00     2.2739     1.9862         14 0.0000e+00
    245.252   77.37214 -176.25570    248.000     0.7291     0.7295  29.596447  29.594955    34.7601    34.7577    291.745    284.371    -0.1470     4.6616     0.0813     0.0813     0.0234     0.0191      12284     8.5299     100.00     2.2740     1.9861         15 0.0000e+00
    246.240   77.37214 -176.25570    249.000     0.7499     0.7510  29.619116  29.618600    34.7657    34.7637    291.462    283.867    -0.1517     4.6616     0.0806     0.0806     0.0234     0.0189      12310     8.5478     100.00     2.2732     1.9843         14 0.0000e+00
    247.228   77.37216 -176.25570    250.000     0.7676     0.7678  29.637332  29.635562    34.7689    34.7664    291.110    284.244    -0.1562     4.6615     0.0806     0.0806     0.0236     0.0187      12335     8.5653     100.00     2.2718     1.9867         14 0.0000e+00
    248.217   77.37216 -176.25569    251.000     0.7870     0.7874  29.658781  29.657778    34.7744    34.7726    291.340    284.431    -0.1407     4.6618     0.0811     0.0811     0.0233     0.0194      12367     8.5873     100.00     2.2740     1.9884         17 0.0000e+00
    249.205   77.37216 -176.25568    252.000     0.8012     0.8013  29.674852  29.673131    34.7787    34.7764    292.267    284.552    -0.1497     4.6616     0.0814     0.0814     0.0235     0.0190      12412     8.6188     100.00     2.2802     1.9895         16 0.0000e+00
    250.193   77.37217 -176.25565    253.000     0.8018     0.8020  29.676470  29.674752    34.7796    34.7772    293.726    285.803    -0.1614     4.6618     0.0807     0.0807     0.0233     0.0185      12648     8.7824     100.00     2.2890     1.9958         16 0.0000e+00
    251.181   77.37242 -176.25506    254.000     0.8032     0.8026  29.679719  29.677550    34.7817    34.7794    296.123    288.137    -0.1177     4.6623     0.0816     0.0816     0.0228     0.0203      15983    11.0986     100.00     2.3035     2.0077          4 0.0000e+00
