Continuous CTD Data/01_SBE Stage/nabos_19_01avg.cnv
* Sea-Bird SBE 9 Data File:
* FileName = D:\CTD\data\HLY2502\raw\NABOS_19_01.hex
* Software Version Seasave V 7.26.7.110
* Temperature SN = 6954
* Conductivity SN = 2561
* Number of Bytes Per Scan = 37
* Number of Voltage Words = 4
* Number of Scans Averaged by the Deck Unit = 1
* NMEA Latitude = 78 13.65 N
* NMEA Longitude = 176 14.99 E
* NMEA UTC (Time) = Sep 17 2025  23:54:54
* NMEA baud rate = 9600
** Ship: USCG HEALY
** Bot. Depth:  1815
** Cast Number:  01
** Station Name:  NABOS
** Station Number:  19
** Operator:  STARC
# nquan = 25
# nvalues = 1215                        
# units = specified
# name 0 = depSM: Depth [salt water, m]
# name 1 = latitude: Latitude [deg]
# name 2 = longitude: Longitude [deg]
# name 3 = prDM: Pressure, Digiquartz [db]
# name 4 = t090C: Temperature [ITS-90, deg C]
# name 5 = t190C: Temperature, 2 [ITS-90, deg C]
# name 6 = c0mS/cm: Conductivity [mS/cm]
# name 7 = c1mS/cm: Conductivity, 2 [mS/cm]
# name 8 = sal00: Salinity, Practical [PSU]
# name 9 = sal11: Salinity, Practical, 2 [PSU]
# name 10 = sbox0Mm/Kg: Oxygen, SBE 43 [umol/kg]
# name 11 = sbox1Mm/Kg: Oxygen, SBE 43, 2 [umol/kg]
# name 12 = flECO-AFL: Fluorescence, WET Labs ECO-AFL/FL [mg/m^3]
# name 13 = v2: Voltage 2
# name 14 = wetCDOM: Fluorescence, WET Labs CDOM [mg/m^3]
# name 15 = v6: Voltage 6
# name 16 = CStarAt0: Beam Attenuation, WET Labs C-Star [1/m]
# name 17 = v3: Voltage 3
# name 18 = scan: Scan Count
# name 19 = timeM: Time, Elapsed [minutes]
# name 20 = altM: Altimeter [m]
# name 21 = sbeox0V: Oxygen raw, SBE 43 [V]
# name 22 = sbeox1V: Oxygen raw, SBE 43, 2 [V]
# name 23 = nbin: number of scans per bin
# name 24 = flag: flag
# span 0 =      3.958,   1201.667       
# span 1 =   78.22801,   78.23495       
# span 2 =  176.24638,  176.24943       
# span 3 =      4.000,   1218.000       
# span 4 =    -1.7473,     0.9364       
# span 5 =    -1.7467,     0.9363       
# span 6 =  24.567395,  29.800984       
# span 7 =  24.566288,  29.799237       
# span 8 =    30.7459,    34.8718       
# span 9 =    30.7436,    34.8698       
# span 10 =    291.389,    371.925      
# span 11 =    287.070,    369.306      
# span 12 =    -0.1841,     0.4432      
# span 13 =     4.5879,     4.6720      
# span 14 =     0.0800,     0.1132      
# span 15 =     0.0800,     0.1132      
# span 16 =     0.0146,     0.0872      
# span 17 =     0.0176,     0.0427      
# span 18 =       3522,      53057      
# span 19 =     2.4454,    36.8441      
# span 20 =     100.00,     100.00      
# span 21 =     2.0164,     2.6102      
# span 22 =     1.7866,     2.2942      
# span 23 =          2,         26      
# span 24 = 0.0000e+00, 0.0000e+00      
# interval = decibars: 1                
# start_time = Sep 17 2025 23:54:54 [NMEA time, header]
# bad_flag = -9.990e-29
*END*
[from data line 928]
    920.129   78.23174  176.24770    932.000    -0.1803    -0.1803  29.174714  29.173077    34.8301    34.8280    296.048    292.148    -0.1352     4.6683     0.0840     0.0840     0.0177     0.0196      29856    20.7327     100.00     2.1022     1.8610         21 0.0000e+00
    921.114   78.23174  176.24770    933.000    -0.1754    -0.1753  29.180136  29.178437    34.8311    34.8288    295.767    290.314    -0.1497     4.6683     0.0821     0.0821     0.0177     0.0190      29881    20.7502     100.00     2.1007     1.8526         18 0.0000e+00
    922.099   78.23174  176.24770    934.000    -0.1743    -0.1743  29.181656  29.179865    34.8313    34.8290    295.566    291.023    -0.1475     4.6683     0.0852     0.0852     0.0177     0.0191      29907    20.7681     100.00     2.0995     1.8558         17 0.0000e+00
    923.084   78.23174  176.24770    935.000    -0.1750    -0.1751  29.181620  29.179841    34.8315    34.8292    295.460    291.215    -0.1371     4.6680     0.0843     0.0843     0.0179     0.0195      29932    20.7856     100.00     2.0986     1.8564         15 0.0000e+00
    924.069   78.23174  176.24770    936.000    -0.1763    -0.1763  29.180903  29.179229    34.8315    34.8293    295.426    291.396    -0.1366     4.6679     0.0842     0.0842     0.0180     0.0195      29958    20.8033     100.00     2.0982     1.8571         14 0.0000e+00
    925.054   78.23175  176.24770    937.000    -0.1778    -0.1779  29.180047  29.178319    34.8314    34.8292    295.485    290.997    -0.1366     4.6685     0.0842     0.0842     0.0175     0.0195      29983    20.8209     100.00     2.0982     1.8550         11 0.0000e+00
    926.039   78.23176  176.24770    938.000    -0.1795    -0.1796  29.178961  29.177209    34.8314    34.8292    295.413    291.013    -0.1366     4.6686     0.0842     0.0842     0.0174     0.0195      30009    20.8391     100.00     2.0976     1.8548         14 0.0000e+00
    927.024   78.23176  176.24770    939.000    -0.1804    -0.1804  29.178710  29.176969    34.8315    34.8292    295.350    291.554    -0.1424     4.6683     0.0842     0.0842     0.0176     0.0193      30035    20.8567     100.00     2.0969     1.8571         16 0.0000e+00
    928.009   78.23176  176.24768    940.000    -0.1811    -0.1811  29.178568  29.176735    34.8314    34.8290    295.146    290.949    -0.1747     4.6679     0.0841     0.0841     0.0180     0.0180      30060    20.8744     100.00     2.0956     1.8541         14 0.0000e+00
    928.994   78.23176  176.24768    941.000    -0.1816    -0.1816  29.178654  29.176729    34.8315    34.8290    295.101    290.888    -0.1588     4.6686     0.0836     0.0836     0.0174     0.0186      30086    20.8923     100.00     2.0951     1.8536         15 0.0000e+00
    929.979   78.23176  176.24768    942.000    -0.1826    -0.1829  29.177960  29.176098    34.8312    34.8291    295.185    291.001    -0.1355     4.6688     0.0836     0.0836     0.0172     0.0196      30111    20.9099     100.00     2.0953     1.8539         13 0.0000e+00
    930.964   78.23178  176.24768    943.000    -0.1849    -0.1848  29.176502  29.174969    34.8312    34.8291    295.258    291.087    -0.1617     4.6689     0.0842     0.0842     0.0172     0.0185      30137    20.9279     100.00     2.0954     1.8541         15 0.0000e+00
    931.949   78.23178  176.24768    944.000    -0.1893    -0.1897  29.172911  29.170986    34.8309    34.8288    295.254    291.159    -0.1494     4.6689     0.0838     0.0838     0.0172     0.0190      30162    20.9451     100.00     2.0949     1.8540         12 0.0000e+00
    932.934   78.23178  176.24768    945.000    -0.1939    -0.1941  29.169431  29.167551    34.8310    34.8287    295.303    290.792    -0.1344     4.6691     0.0835     0.0835     0.0170     0.0196      30188    20.9632     100.00     2.0947     1.8520         13 0.0000e+00
    933.919   78.23178  176.24768    946.000    -0.1980    -0.1983  29.166209  29.164276    34.8308    34.8285    295.335    291.391    -0.1366     4.6691     0.0840     0.0840     0.0170     0.0195      30213    20.9807     100.00     2.0945     1.8544         12 0.0000e+00
    934.904   78.23178  176.24768    947.000    -0.2001    -0.2004  29.164656  29.162803    34.8306    34.8283    295.285    290.969    -0.1345     4.6691     0.0833     0.0833     0.0170     0.0196      30239    20.9988     100.00     2.0939     1.8522         14 0.0000e+00
    935.889   78.23179  176.24768    948.000    -0.2008    -0.2009  29.164459  29.162653    34.8305    34.8282    295.344    290.909    -0.1365     4.6694     0.0841     0.0841     0.0168     0.0195      30265    21.0166     100.00     2.0940     1.8517         13 0.0000e+00
    936.874   78.23180  176.24768    949.000    -0.2010    -0.2011  29.164647  29.162962    34.8304    34.8283    295.286    290.985    -0.1389     4.6694     0.0830     0.0830     0.0167     0.0194      30290    21.0344     100.00     2.0935     1.8519         13 0.0000e+00
    937.859   78.23180  176.24768    950.000    -0.2019    -0.2019  29.164341  29.162705    34.8304    34.8282    295.421    291.311    -0.1549     4.6691     0.0855     0.0855     0.0170     0.0188      30316    21.0519     100.00     2.0939     1.8532         12 0.0000e+00
    938.844   78.23180  176.24768    951.000    -0.2044    -0.2043  29.162517  29.160737    34.8302    34.8278    295.498    291.509    -0.1720     4.6691     0.0843     0.0843     0.0170     0.0181      30342    21.0698     100.00     2.0941     1.8538         13 0.0000e+00
    939.829   78.23180  176.24768    952.000    -0.2078    -0.2079  29.159914  29.158185    34.8301    34.8279    295.570    291.699    -0.1427     4.6693     0.0854     0.0854     0.0168     0.0193      30367    21.0875     100.00     2.0941     1.8544         12 0.0000e+00
    940.814   78.23181  176.24768    953.000    -0.2099    -0.2099  29.158502  29.156821    34.8299    34.8278    295.630    290.397    -0.1675     4.6693     0.0844     0.0844     0.0168     0.0183      30393    21.1055     100.00     2.0941     1.8481         11 0.0000e+00
    941.799   78.23182  176.24768    954.000    -0.2095    -0.2095  29.159287  29.157559    34.8300    34.8277    295.613    291.115    -0.1449     4.6694     0.0842     0.0842     0.0167     0.0192      30418    21.1231     100.00     2.0938     1.8512         14 0.0000e+00
    942.784   78.23182  176.24768    955.000    -0.2093    -0.2094  29.159767  29.158102    34.8298    34.8277    295.767    291.392    -0.1606     4.6692     0.0850     0.0850     0.0169     0.0186      30444    21.1409     100.00     2.0944     1.8523         14 0.0000e+00
    943.769   78.23182  176.24768    956.000    -0.2095    -0.2095  29.160133  29.158457    34.8299    34.8277    295.817    290.729    -0.1412     4.6692     0.0838     0.0838     0.0169     0.0193      30469    21.1585     100.00     2.0945     1.8491         10 0.0000e+00
    944.754   78.23182  176.24768    957.000    -0.2100    -0.2100  29.160124  29.158385    34.8299    34.8276    295.801    291.185    -0.1550     4.6693     0.0836     0.0836     0.0168     0.0188      30495    21.1765     100.00     2.0942     1.8510         15 0.0000e+00
    945.739   78.23182  176.24766    958.000    -0.2117    -0.2118  29.158929  29.157118    34.8297    34.8274    295.809    291.419    -0.1482     4.6692     0.0836     0.0836     0.0169     0.0190      30521    21.1943     100.00     2.0939     1.8518         13 0.0000e+00
    946.724   78.23184  176.24766    959.000    -0.2143    -0.2142  29.157102  29.155530    34.8297    34.8275    295.744    291.855    -0.1290     4.6701     0.0829     0.0829     0.0161     0.0198      30546    21.2115     100.00     2.0932     1.8536         10 0.0000e+00
    947.709   78.23184  176.24766    960.000    -0.2172    -0.2175  29.154940  29.152937    34.8295    34.8271    295.659    290.860    -0.1366     4.6694     0.0833     0.0833     0.0167     0.0195      30571    21.2294     100.00     2.0924     1.8487         13 0.0000e+00
    948.693   78.23184  176.24766    961.000    -0.2206    -0.2205  29.152456  29.150714    34.8294    34.8270    295.738    291.321    -0.1754     4.6695     0.0843     0.0843     0.0166     0.0180      30597    21.2475     100.00     2.0925     1.8505         11 0.0000e+00
    949.679   78.23184  176.24766    962.000    -0.2223    -0.2225  29.151290  29.149335    34.8293    34.8270    295.823    291.362    -0.1363     4.6691     0.0840     0.0840     0.0170     0.0195      30622    21.2643     100.00     2.0926     1.8505          7 0.0000e+00
    950.663   78.23184  176.24766    963.000    -0.2236    -0.2236  29.150617  29.148770    34.8293    34.8268    295.719    291.759    -0.1482     4.6686     0.0830     0.0830     0.0174     0.0191      30649    21.2831     100.00     2.0918     1.8521         14 0.0000e+00
    951.648   78.23184  176.24766    964.000    -0.2241    -0.2240  29.150486  29.148784    34.8291    34.8268    295.827    292.356    -0.1604     4.6694     0.0843     0.0843     0.0168     0.0186      30674    21.3009     100.00     2.0921     1.8546         16 0.0000e+00
    952.633   78.23185  176.24766    965.000    -0.2261    -0.2263  29.149126  29.147290    34.8290    34.8268    295.845    293.067    -0.1367     4.6693     0.0830     0.0830     0.0168     0.0195      30699    21.3184     100.00     2.0919     1.8576         11 0.0000e+00
    953.618   78.23186  176.24766    966.000    -0.2281    -0.2282  29.147968  29.146158    34.8291    34.8268    296.034    291.648    -0.1366     4.6691     0.0840     0.0840     0.0170     0.0195      30725    21.3362     100.00     2.0926     1.8508         13 0.0000e+00
    954.603   78.23186  176.24766    967.000    -0.2283    -0.2284  29.148126  29.146308    34.8290    34.8267    296.039    293.098    -0.1649     4.6699     0.0842     0.0842     0.0163     0.0184      30751    21.3542     100.00     2.0924     1.8573         16 0.0000e+00
    955.588   78.23186  176.24766    968.000    -0.2299    -0.2302  29.147085  29.145123    34.8289    34.8266    296.070    291.947    -0.1746     4.6692     0.0832     0.0832     0.0169     0.0180      30776    21.3718     100.00     2.0923     1.8518         12 0.0000e+00
    956.573   78.23186  176.24766    969.000    -0.2313    -0.2313  29.146344  29.144565    34.8289    34.8264    296.140    291.230    -0.1493     4.6691     0.0830     0.0830     0.0170     0.0190      30801    21.3888     100.00     2.0924     1.8483          9 0.0000e+00
    957.558   78.23188  176.24766    970.000    -0.2313    -0.2314  29.146628  29.144849    34.8287    34.8264    296.137    290.345    -0.1730     4.6698     0.0839     0.0839     0.0163     0.0181      30828    21.4074     100.00     2.0922     1.8441         15 0.0000e+00
    958.543   78.23188  176.24766    971.000    -0.2292    -0.2290  29.149228  29.147690    34.8292    34.8269    296.058    289.168    -0.1716     4.6691     0.0841     0.0841     0.0170     0.0181      30853    21.4252     100.00     2.0917     1.8386         14 0.0000e+00
    959.528   78.23188  176.24766    972.000    -0.2253    -0.2251  29.153652  29.151975    34.8300    34.8276    296.022    289.979    -0.1558     4.6689     0.0842     0.0842     0.0171     0.0187      30879    21.4431     100.00     2.0914     1.8423         15 0.0000e+00
    960.512   78.23188  176.24766    973.000    -0.2217    -0.2214  29.157536  29.156030    34.8306    34.8282    295.923    291.892    -0.1569     4.6694     0.0848     0.0848     0.0168     0.0187      30905    21.4608     100.00     2.0909     1.8510         15 0.0000e+00
    961.497   78.23188  176.24766    974.000    -0.2159    -0.2158  29.163756  29.162139    34.8316    34.8293    295.766    291.408    -0.1448     4.6692     0.0855     0.0855     0.0169     0.0192      30930    21.4784     100.00     2.0901     1.8489         14 0.0000e+00
    962.482   78.23188  176.24766    975.000    -0.2131    -0.2131  29.166890  29.165075    34.8320    34.8296    295.839    290.409    -0.1336     4.6694     0.0848     0.0848     0.0168     0.0196      30956    21.4963     100.00     2.0904     1.8442         14 0.0000e+00
    963.467   78.23190  176.24766    976.000    -0.2115    -0.2114  29.169288  29.167571    34.8327    34.8304    295.860    291.356    -0.1410     4.6692     0.0834     0.0834     0.0169     0.0193      30981    21.5141     100.00     2.0904     1.8484         13 0.0000e+00
    964.452   78.23190  176.24765    977.000    -0.2069    -0.2069  29.174247  29.172384    34.8335    34.8311    295.869    290.587    -0.1763     4.6692     0.0842     0.0842     0.0169     0.0179      31007    21.5322     100.00     2.0905     1.8449         21 0.0000e+00
    965.437   78.23190  176.24764    978.000    -0.2015    -0.2012  29.180004  29.178511    34.8345    34.8321    295.782    292.247    -0.1523     4.6691     0.0842     0.0842     0.0170     0.0189      31033    21.5499     100.00     2.0900     1.8526         20 0.0000e+00
    966.422   78.23190  176.24764    979.000    -0.1999    -0.1998  29.181933  29.180201    34.8346    34.8323    295.716    290.191    -0.1370     4.6692     0.0843     0.0843     0.0169     0.0195      31058    21.5676     100.00     2.0896     1.8431         17 0.0000e+00
    967.406   78.23191  176.24764    980.000    -0.2000    -0.2002  29.182265  29.180348    34.8347    34.8324    295.744    289.933    -0.1366     4.6692     0.0856     0.0856     0.0169     0.0195      31084    21.5853     100.00     2.0895     1.8417         12 0.0000e+00
    968.391   78.23192  176.24764    981.000    -0.2011    -0.2014  29.181639  29.179791    34.8345    34.8323    295.598    290.830    -0.1366     4.6681     0.0855     0.0855     0.0178     0.0195      31109    21.6029     100.00     2.0885     1.8456         15 0.0000e+00
    969.376   78.23192  176.24764    982.000    -0.2054    -0.2054  29.178498  29.176690    34.8346    34.8323    295.570    290.671    -0.1649     4.6689     0.0841     0.0841     0.0172     0.0184      31135    21.6209     100.00     2.0879     1.8445         17 0.0000e+00
    970.361   78.23192  176.24764    983.000    -0.2104    -0.2105  29.174482  29.172767    34.8344    34.8323    295.490    291.460    -0.1784     4.6686     0.0842     0.0842     0.0174     0.0179      31161    21.6386     100.00     2.0870     1.8477         18 0.0000e+00
    971.346   78.23192  176.24764    984.000    -0.2129    -0.2132  29.172714  29.170848    34.8343    34.8321    295.509    291.460    -0.1661     4.6691     0.0852     0.0852     0.0170     0.0183      31186    21.6565     100.00     2.0868     1.8475         19 0.0000e+00
    972.330   78.23192  176.24764    985.000    -0.2174    -0.2181  29.169124  29.166870    34.8341    34.8318    295.538    290.632    -0.1321     4.6681     0.0836     0.0836     0.0179     0.0197      31212    21.6741     100.00     2.0865     1.8433         15 0.0000e+00
    973.315   78.23194  176.24764    986.000    -0.2213    -0.2215  29.166103  29.164269    34.8339    34.8317    295.389    290.935    -0.1578     4.6688     0.0830     0.0830     0.0172     0.0187      31237    21.6919     100.00     2.0853     1.8444         16 0.0000e+00
    974.300   78.23194  176.24764    987.000    -0.2234    -0.2236  29.164724  29.162813    34.8339    34.8316    295.369    291.055    -0.1487     4.6686     0.0830     0.0830     0.0174     0.0190      31263    21.7099     100.00     2.0849     1.8447         18 0.0000e+00
    975.285   78.23194  176.24764    988.000    -0.2260    -0.2260  29.162892  29.161128    34.8338    34.8315    295.325    289.308    -0.1598     4.6697     0.0830     0.0830     0.0165     0.0186      31289    21.7276     100.00     2.0844     1.8364         16 0.0000e+00
