Continuous CTD Data/01_SBE Stage/nabos_32_01avg.cnv
* Sea-Bird SBE 9 Data File:
* FileName = D:\CTD\data\HLY2502\raw\NABOS_32_01.hex
* Software Version Seasave V 7.26.7.110
* Temperature SN = 6954
* Conductivity SN = 2561
* Number of Bytes Per Scan = 37
* Number of Voltage Words = 4
* Number of Scans Averaged by the Deck Unit = 1
* NMEA Latitude = 79 56.86 N
* NMEA Longitude = 142 14.59 E
* NMEA UTC (Time) = Sep 23 2025  08:48:42
* NMEA baud rate = 9600
** Ship: USCG HEALY
** Bot. Depth:  1374
** Cast Number:  01
** Station Name:  NABOS
** Station Number:  32
** Operator:  STARC
** 250 m Ra cast
# nquan = 25
# nvalues = 251                         
# units = specified
# name 0 = depSM: Depth [salt water, m]
# name 1 = latitude: Latitude [deg]
# name 2 = longitude: Longitude [deg]
# name 3 = prDM: Pressure, Digiquartz [db]
# name 4 = t090C: Temperature [ITS-90, deg C]
# name 5 = t190C: Temperature, 2 [ITS-90, deg C]
# name 6 = c0mS/cm: Conductivity [mS/cm]
# name 7 = c1mS/cm: Conductivity, 2 [mS/cm]
# name 8 = sal00: Salinity, Practical [PSU]
# name 9 = sal11: Salinity, Practical, 2 [PSU]
# name 10 = sbox0Mm/Kg: Oxygen, SBE 43 [umol/kg]
# name 11 = sbox1Mm/Kg: Oxygen, SBE 43, 2 [umol/kg]
# name 12 = flECO-AFL: Fluorescence, WET Labs ECO-AFL/FL [mg/m^3]
# name 13 = v2: Voltage 2
# name 14 = wetCDOM: Fluorescence, WET Labs CDOM [mg/m^3]
# name 15 = v6: Voltage 6
# name 16 = CStarAt0: Beam Attenuation, WET Labs C-Star [1/m]
# name 17 = v3: Voltage 3
# name 18 = scan: Scan Count
# name 19 = timeM: Time, Elapsed [minutes]
# name 20 = altM: Altimeter [m]
# name 21 = sbeox0V: Oxygen raw, SBE 43 [V]
# name 22 = sbeox1V: Oxygen raw, SBE 43, 2 [V]
# name 23 = nbin: number of scans per bin
# name 24 = flag: flag
# span 0 =      3.958,    251.158       
# span 1 =   79.94750,   79.94772       
# span 2 =  142.23383,  142.24101       
# span 3 =      4.000,    254.000       
# span 4 =    -1.2972,     1.8701       
# span 5 =    -1.2987,     1.8702       
# span 6 =  23.823067,  30.649187       
# span 7 =  23.821333,  30.647317       
# span 8 =    29.3331,    34.8452       
# span 9 =    29.3310,    34.8431       
# span 10 =    294.785,    367.161      
# span 11 =    289.668,    360.484      
# span 12 =    -0.1735,     0.6468      
# span 13 =     4.4188,     4.6252      
# span 14 =     0.0830,     0.1275      
# span 15 =     0.0830,     0.1275      
# span 16 =     0.0548,     0.2377      
# span 17 =     0.0180,     0.0509      
# span 18 =       3328,      15402      
# span 19 =     2.3101,    10.6953      
# span 20 =      89.49,     101.11      
# span 21 =     2.3292,     2.5877      
# span 22 =     2.0474,     2.2606      
# span 23 =         11,         27      
# span 24 = 0.0000e+00, 0.0000e+00      
# interval = decibars: 1                
# start_time = Sep 23 2025 08:48:42 [NMEA time, header]
# bad_flag = -9.990e-29
*END*
[from data line 116]
    118.696   79.94760  142.23732    120.000    -0.1809    -0.1791  28.493042  28.493152    34.4084    34.4064    309.360    303.661    -0.1189     4.5452     0.0885     0.0885     0.1247     0.0203       8970     6.2283     100.00     2.3585     2.0666         13 0.0000e+00
    119.685   79.94760  142.23730    121.000    -0.1085    -0.1060  28.567238  28.567606    34.4249    34.4226    308.843    303.088    -0.1290     4.5707     0.0877     0.0877     0.1023     0.0198       8997     6.2473     100.00     2.3594     2.0670         20 0.0000e+00
    120.674   79.94760  142.23729    122.000    -0.0589    -0.0571  28.612819  28.612671    34.4290    34.4267    308.663    303.204    -0.1311     4.6078     0.0867     0.0867     0.0699     0.0197       9025     6.2668     100.00     2.3608     2.0696         17 0.0000e+00
    121.662   79.94760  142.23728    123.000    -0.0173    -0.0164  28.654735  28.653727    34.4372    34.4349    308.129    302.840    -0.1289     4.6053     0.0867     0.0867     0.0721     0.0198       9054     6.2867     100.00     2.3597     2.0695         16 0.0000e+00
    122.651   79.94760  142.23727    124.000     0.0267     0.0286  28.698399  28.698214    34.4449    34.4426    307.629    302.346    -0.1242     4.6059     0.0867     0.0867     0.0715     0.0200       9081     6.3053     100.00     2.3590     2.0689         17 0.0000e+00
    123.640   79.94758  142.23724    125.000     0.0164     0.0161  28.694509  28.692860    34.4507    34.4489    307.542    302.677    -0.1342     4.5929     0.0867     0.0867     0.0829     0.0196       9106     6.3231     100.00     2.3577     2.0699         14 0.0000e+00
    124.629   79.94758  142.23724    126.000     0.0681     0.0705  28.747099  28.747445    34.4617    34.4594    306.893    302.368    -0.1246     4.6065     0.0873     0.0873     0.0710     0.0200       9132     6.3408     100.00     2.3565     2.0707         16 0.0000e+00
    125.618   79.94758  142.23722    127.000     0.0971     0.0967  28.774542  28.772252    34.4647    34.4622    306.733    301.908    -0.1276     4.5908     0.0874     0.0874     0.0847     0.0199       9159     6.3596     100.00     2.3569     2.0694         20 0.0000e+00
    126.607   79.94758  142.23720    128.000    -0.0014    -0.0017  28.691556  28.689533    34.4651    34.4627    307.390    302.844    -0.1245     4.6106     0.0880     0.0880     0.0674     0.0200       9186     6.3788     100.00     2.3553     2.0695         15 0.0000e+00
    127.595   79.94758  142.23719    129.000     0.0118     0.0133  28.709391  28.709586    34.4733    34.4719    306.660    302.203    -0.1299     4.6023     0.0889     0.0889     0.0747     0.0198       9214     6.3981     100.00     2.3514     2.0668         14 0.0000e+00
    128.584   79.94758  142.23717    130.000     0.0670     0.0687  28.761218  28.761182    34.4792    34.4772    305.696    301.351    -0.1200     4.6058     0.0884     0.0884     0.0716     0.0202       9241     6.4164     100.00     2.3484     2.0648         11 0.0000e+00
    129.573   79.94758  142.23716    131.000     0.0934     0.0949  28.786416  28.786022    34.4822    34.4800    305.048    300.492    -0.1275     4.5933     0.0879     0.0879     0.0825     0.0199       9267     6.4346     100.00     2.3457     2.0614         16 0.0000e+00
    130.562   79.94758  142.23715    132.000     0.1754     0.1794  28.866876  28.869222    34.4957    34.4942    303.835    299.126    -0.1360     4.5748     0.0879     0.0879     0.0987     0.0196       9293     6.4526     100.00     2.3427     2.0581         14 0.0000e+00
    131.551   79.94758  142.23713    133.000     0.2878     0.2893  28.971942  28.971903    34.5072    34.5055    302.636    298.069    -0.1261     4.5612     0.0883     0.0883     0.1107     0.0199       9319     6.4708     100.00     2.3414     2.0575         15 0.0000e+00
    132.539   79.94758  142.23712    134.000     0.3384     0.3493  29.023757  29.032803    34.5180    34.5177    302.357    297.581    -0.1271     4.5503     0.0886     0.0886     0.1202     0.0199       9345     6.4892     100.00     2.3423     2.0576         16 0.0000e+00
    133.528   79.94758  142.23710    135.000     0.5058     0.5119  29.178652  29.182554    34.5330    34.5312    301.292    295.977    -0.1264     4.5875     0.0879     0.0879     0.0876     0.0199       9371     6.5069     100.00     2.3447     2.0565         15 0.0000e+00
    134.517   79.94758  142.23708    136.000     0.5775     0.5792  29.247444  29.248134    34.5420    34.5411    301.517    295.891    -0.1550     4.5936     0.0870     0.0870     0.0823     0.0188       9396     6.5243     100.00     2.3497     2.0589         12 0.0000e+00
    135.506   79.94758  142.23708    137.000     0.6322     0.6342  29.305141  29.305933    34.5556    34.5544    301.654    295.907    -0.1246     4.5898     0.0841     0.0841     0.0855     0.0200       9422     6.5421     100.00     2.3535     2.0614         16 0.0000e+00
    136.494   79.94758  142.23706    138.000     0.6649     0.6621  29.337427  29.333363    34.5606    34.5584    301.742    296.380    -0.1224     4.5982     0.0866     0.0866     0.0782     0.0201       9447     6.5599     100.00     2.3556     2.0649         15 0.0000e+00
    137.483   79.94758  142.23704    139.000     0.6691     0.6702  29.348003  29.347583    34.5690    34.5672    301.842    296.716    -0.1292     4.5994     0.0867     0.0867     0.0772     0.0198       9473     6.5777     100.00     2.3563     2.0669         13 0.0000e+00
    138.472   79.94758  142.23704    140.000     0.7259     0.7305  29.406991  29.409076    34.5818    34.5793    301.140    296.073    -0.1366     4.6069     0.0856     0.0856     0.0707     0.0195       9498     6.5950     100.00     2.3549     2.0662         13 0.0000e+00
    139.461   79.94758  142.23702    141.000     0.7142     0.7118  29.395983  29.392302    34.5800    34.5777    301.268    296.237    -0.1469     4.6092     0.0864     0.0864     0.0687     0.0191       9522     6.6121     100.00     2.3548     2.0660         15 0.0000e+00
    140.449   79.94758  142.23700    142.000     0.7234     0.7270  29.414694  29.416383    34.5933    34.5915    300.955    296.157    -0.1371     4.6078     0.0857     0.0857     0.0699     0.0195       9547     6.6289     100.00     2.3534     2.0662         16 0.0000e+00
    141.438   79.94758  142.23700    143.000     0.8041     0.8065  29.491426  29.491563    34.6024    34.5999    300.335    295.263    -0.1549     4.6059     0.0855     0.0855     0.0716     0.0188       9572     6.6462     100.00     2.3537     2.0650         12 0.0000e+00
    142.427   79.94758  142.23697    144.000     0.8215     0.8211  29.508325  29.506043    34.6043    34.6018    300.451    294.953    -0.1354     4.6024     0.0866     0.0866     0.0746     0.0196       9597     6.6638     100.00     2.3551     2.0638         16 0.0000e+00
    143.416   79.94758  142.23696    145.000     0.8171     0.8174  29.507122  29.505600    34.6070    34.6047    300.464    295.164    -0.1294     4.6096     0.0862     0.0862     0.0684     0.0198       9622     6.6812     100.00     2.3548     2.0646         17 0.0000e+00
    144.404   79.94758  142.23695    146.000     0.8254     0.8258  29.517542  29.516106    34.6107    34.6084    300.194    294.852    -0.1324     4.6132     0.0848     0.0848     0.0652     0.0197       9646     6.6981     100.00     2.3534     2.0631         14 0.0000e+00
    145.393   79.94758  142.23693    147.000     0.8322     0.8331  29.525998  29.524698    34.6134    34.6108    300.005    294.903    -0.1245     4.6062     0.0863     0.0863     0.0713     0.0200       9670     6.7147     100.00     2.3524     2.0636         15 0.0000e+00
    146.382   79.94758  142.23692    148.000     0.7920     0.7899  29.492247  29.488912    34.6140    34.6119    300.448    295.317    -0.1330     4.6031     0.0856     0.0856     0.0740     0.0197       9695     6.7318     100.00     2.3527     2.0637         18 0.0000e+00
    147.371   79.94758  142.23691    149.000     0.8005     0.8015  29.509441  29.508289    34.6262    34.6236    300.304    294.924    -0.1538     4.6123     0.0866     0.0866     0.0659     0.0188       9720     6.7491     100.00     2.3522     2.0620         15 0.0000e+00
    148.359   79.94758  142.23689    150.000     0.7889     0.7881  29.501580  29.498862    34.6284    34.6257    300.421    295.022    -0.1231     4.6001     0.0865     0.0865     0.0766     0.0201       9745     6.7667     100.00     2.3521     2.0618         15 0.0000e+00
    149.348   79.94757  142.23688    151.000     0.8314     0.8370  29.546182  29.549213    34.6381    34.6359    299.934    294.121    -0.1298     4.6084     0.0878     0.0878     0.0693     0.0198       9771     6.7847     100.00     2.3512     2.0591         18 0.0000e+00
    150.336   79.94756  142.23687    152.000     0.8760     0.8757  29.586089  29.583722    34.6394    34.6367    299.533    294.172    -0.1536     4.6077     0.0867     0.0867     0.0700     0.0188       9796     6.8019     100.00     2.3509     2.0609         17 0.0000e+00
    151.325   79.94756  142.23685    153.000     0.8657     0.8656  29.578121  29.576185    34.6400    34.6377    299.502    294.186    -0.1616     4.6053     0.0866     0.0866     0.0721     0.0185       9820     6.8186     100.00     2.3499     2.0603         18 0.0000e+00
    152.314   79.94756  142.23684    154.000     0.8707     0.8716  29.585558  29.584480    34.6436    34.6412    299.233    293.993    -0.1391     4.6083     0.0867     0.0867     0.0695     0.0194       9844     6.8351     100.00     2.3483     2.0595         17 0.0000e+00
    153.303   79.94756  142.23683    155.000     0.8974     0.8994  29.612789  29.612955    34.6485    34.6464    298.771    293.666    -0.1277     4.6039     0.0867     0.0867     0.0733     0.0199       9868     6.8519     100.00     2.3467     2.0588         18 0.0000e+00
    154.291   79.94756  142.23681    156.000     0.9629     0.9696  29.679417  29.683872    34.6610    34.6592    298.271    293.161    -0.1642     4.6082     0.0863     0.0863     0.0696     0.0184       9893     6.8693     100.00     2.3470     2.0592         16 0.0000e+00
    155.280   79.94756  142.23680    157.000     1.0495     1.0496  29.756670  29.754997    34.6636    34.6613    297.645    292.482    -0.1610     4.5991     0.0854     0.0854     0.0775     0.0185       9919     6.8873     100.00     2.3475     2.0589         20 0.0000e+00
    156.269   79.94756  142.23679    158.000     1.0497     1.0482  29.758170  29.755198    34.6647    34.6626    297.603    292.618    -0.1359     4.6040     0.0856     0.0856     0.0732     0.0195       9944     6.9049     100.00     2.3470     2.0594         17 0.0000e+00
    157.257   79.94756  142.23676    159.000     1.1091     1.1185  29.819882  29.827078    34.6775    34.6764    297.122    292.012    -0.1404     4.5967     0.0864     0.0864     0.0795     0.0194       9969     6.9221     100.00     2.3470     2.0592         16 0.0000e+00
    158.246   79.94756  142.23676    160.000     1.1872     1.1880  29.889573  29.888588    34.6798    34.6776    296.713    291.726    -0.1716     4.5934     0.0855     0.0855     0.0824     0.0181       9992     6.9383     100.00     2.3484     2.0605         13 0.0000e+00
    159.234   79.94756  142.23675    161.000     1.2072     1.2103  29.912656  29.914210    34.6866    34.6852    296.837    291.988    -0.1490     4.5997     0.0865     0.0865     0.0770     0.0190      10016     6.9547     100.00     2.3501     2.0628         17 0.0000e+00
    160.223   79.94756  142.23673    162.000     1.2838     1.2881  29.987507  29.989605    34.6969    34.6949    296.325    291.159    -0.1331     4.6046     0.0857     0.0857     0.0727     0.0197      10040     6.9713     100.00     2.3508     2.0617         14 0.0000e+00
    161.212   79.94756  142.23672    163.000     1.3621     1.3679  30.065145  30.068672    34.7089    34.7069    295.969    290.973    -0.1507     4.6069     0.0845     0.0845     0.0706     0.0190      10065     6.9891     100.00     2.3526     2.0641         15 0.0000e+00
    162.200   79.94756  142.23670    164.000     1.3843     1.3846  30.086102  30.084344    34.7104    34.7079    296.095    291.127    -0.1418     4.6085     0.0849     0.0849     0.0693     0.0193      10092     7.0077     100.00     2.3543     2.0655         16 0.0000e+00
    163.189   79.94756  142.23668    165.000     1.4120     1.4115  30.114707  30.112438    34.7157    34.7133    295.876    290.860    -0.1639     4.6087     0.0854     0.0854     0.0691     0.0184      10118     7.0258     100.00     2.3542     2.0651         16 0.0000e+00
    164.178   79.94756  142.23668    166.000     1.4131     1.4107  30.115322  30.111189    34.7146    34.7121    295.880    290.966    -0.1649     4.6101     0.0847     0.0847     0.0679     0.0184      10142     7.0426     100.00     2.3540     2.0654         14 0.0000e+00
    165.166   79.94756  142.23666    167.000     1.3820     1.3808  30.090950  30.088458    34.7175    34.7155    296.216    291.215    -0.1624     4.6094     0.0841     0.0841     0.0685     0.0185      10165     7.0585     100.00     2.3543     2.0653         13 0.0000e+00
    166.155   79.94756  142.23664    168.000     1.3803     1.3796  30.091288  30.088816    34.7191    34.7168    296.158    291.094    -0.1282     4.6103     0.0842     0.0842     0.0676     0.0199      10189     7.0749     100.00     2.3536     2.0644         15 0.0000e+00
    167.144   79.94756  142.23664    169.000     1.3843     1.3868  30.098208  30.099492    34.7230    34.7219    296.247    290.251    -0.1602     4.6138     0.0853     0.0853     0.0647     0.0186      10214     7.0922     100.00     2.3542     2.0601         13 0.0000e+00
    168.132   79.94756  142.23662    170.000     1.4216     1.4210  30.131879  30.129167    34.7240    34.7213    296.002    290.388    -0.1530     4.6141     0.0853     0.0853     0.0643     0.0189      10240     7.1105     100.00     2.3544     2.0621         13 0.0000e+00
    169.121   79.94756  142.23660    171.000     1.3883     1.4004  30.109480  30.119837    34.7318    34.7316    296.386    290.623    -0.1311     4.6168     0.0841     0.0841     0.0621     0.0197      10266     7.1286     100.00     2.3550     2.0624         15 0.0000e+00
    170.109   79.94756  142.23660    172.000     1.4970     1.5002  30.207734  30.208520    34.7360    34.7335    295.424    289.755    -0.1285     4.6166     0.0840     0.0840     0.0622     0.0198      10291     7.1456     100.00     2.3544     2.0619         15 0.0000e+00
    171.098   79.94756  142.23658    173.000     1.4798     1.4717  30.190665  30.181199    34.7327    34.7297    295.986    290.350    -0.1349     4.6166     0.0853     0.0853     0.0622     0.0196      10315     7.1623     100.00     2.3568     2.0636         16 0.0000e+00
    172.087   79.94756  142.23658    174.000     1.4639     1.4663  30.181922  30.182387    34.7387    34.7366    295.887    290.750    -0.1512     4.6165     0.0844     0.0844     0.0623     0.0189      10339     7.1788     100.00     2.3552     2.0654         16 0.0000e+00
    173.075   79.94756  142.23656    175.000     1.4878     1.4877  30.204513  30.202769    34.7405    34.7383    295.444    290.314    -0.1389     4.6164     0.0847     0.0847     0.0624     0.0194      10363     7.1960     100.00     2.3534     2.0638         13 0.0000e+00
    174.064   79.94756  142.23653    176.000     1.4864     1.4852  30.204003  30.201140    34.7408    34.7384    295.448    290.209    -0.1626     4.6156     0.0860     0.0860     0.0631     0.0185      10389     7.2140     100.00     2.3531     2.0629         17 0.0000e+00
