Continuous CTD Data/01_SBE Stage/nabos_09_02.ros
* Sea-Bird SBE 9 Data File:
* FileName = D:\CTD\data\HLY2502\raw\NABOS_09_02.hex
* Software Version Seasave V 7.26.7.110
* Temperature SN = 6954
* Conductivity SN = 2561
* Number of Bytes Per Scan = 37
* Number of Voltage Words = 4
* Number of Scans Averaged by the Deck Unit = 1
* NMEA Latitude = 76 20.13 N
* NMEA Longitude = 178 35.91 E
* NMEA UTC (Time) = Sep 15 2025  05:01:14
* NMEA baud rate = 9600
** Ship: USCG HEALY
** Bot. Depth:  1161
** Cast Number:  02
** Station Name:  NABOS
** Station Number:  09
** Operator:  STARC
# nquan = 25
# nvalues = 980                                   
# units = specified
# name 0 = depSM: Depth [salt water, m]
# name 1 = latitude: Latitude [deg]
# name 2 = longitude: Longitude [deg]
# name 3 = prDM: Pressure, Digiquartz [db]
# name 4 = t090C: Temperature [ITS-90, deg C]
# name 5 = t190C: Temperature, 2 [ITS-90, deg C]
# name 6 = c0mS/cm: Conductivity [mS/cm]
# name 7 = c1mS/cm: Conductivity, 2 [mS/cm]
# name 8 = sal00: Salinity, Practical [PSU]
# name 9 = sal11: Salinity, Practical, 2 [PSU]
# name 10 = sbox0Mm/Kg: Oxygen, SBE 43 [umol/kg]
# name 11 = sbox1Mm/Kg: Oxygen, SBE 43, 2 [umol/kg]
# name 12 = flECO-AFL: Fluorescence, WET Labs ECO-AFL/FL [mg/m^3]
# name 13 = v2: Voltage 2
# name 14 = wetCDOM: Fluorescence, WET Labs CDOM [mg/m^3]
# name 15 = v6: Voltage 6
# name 16 = CStarAt0: Beam Attenuation, WET Labs C-Star [1/m]
# name 17 = v3: Voltage 3
# name 18 = scan: Scan Count
# name 19 = timeM: Time, Elapsed [minutes]
# name 20 = altM: Altimeter [m]
# name 21 = sbeox0V: Oxygen raw, SBE 43 [V]
# name 22 = sbeox1V: Oxygen raw, SBE 43, 2 [V]
# name 23 = nbf: Bottles Fired
# name 24 = flag:  0.000e+00
# interval = seconds: 0.0416667
# start_time = Sep 15 2025 05:01:14 [NMEA time, header]
# bad_flag = -9.990e-29
*END*
[from data line 406]
    149.712   76.33628  178.59774    151.348    -0.5633    -0.5510  28.218987  28.232714    34.4549    34.4595    303.832    295.635    -0.1366     4.6593     0.0867     0.0867     0.0254     0.0195      96958    67.3312     100.00     2.2978     2.0037          9  0.000e+00
    149.761   76.33628  178.59774    151.398    -0.5633    -0.5528  28.219109  28.230818    34.4550    34.4590    303.833    295.411    -0.1366     4.6593     0.0867     0.0867     0.0254     0.0195      96959    67.3319     100.00     2.2978     2.0025          9  0.000e+00
    149.761   76.33628  178.59774    151.398    -0.5629    -0.5545  28.218987  28.228922    34.4545    34.4583    303.832    295.427    -0.1366     4.6593     0.0867     0.0867     0.0254     0.0195      96960    67.3326     100.00     2.2978     2.0025          9  0.000e+00
    149.704   76.33628  178.59774    151.339    -0.5628    -0.5542  28.218987  28.227831    34.4544    34.4565    303.828    295.669    -0.1366     4.6593     0.0867     0.0867     0.0254     0.0195      96961    67.3333     100.00     2.2978     2.0037          9  0.000e+00
    149.769   76.33628  178.59774    151.406    -0.5625    -0.5519  28.219109  28.226797    34.4542    34.4525    303.829    295.661    -0.1366     4.6593     0.0879     0.0879     0.0254     0.0195      96962    67.3340     100.00     2.2978     2.0037          9  0.000e+00
    149.761   76.33628  178.59774    151.398    -0.5627    -0.5508  28.219170  28.225992    34.4544    34.4502    303.829    295.657    -0.1366     4.6593     0.0879     0.0879     0.0254     0.0195      96963    67.3347     100.00     2.2978     2.0037          9  0.000e+00
    149.704   76.33628  178.59774    151.339    -0.5627    -0.5511  28.219170  28.225188    34.4545    34.4495    303.827    295.659    -0.1366     4.6593     0.0879     0.0879     0.0254     0.0195      96964    67.3354     100.00     2.2978     2.0037          9  0.000e+00
    149.769   76.33628  178.59774    151.406    -0.5629    -0.5528  28.218987  28.224614    34.4545    34.4506    303.832    295.430    -0.1366     4.6593     0.0879     0.0879     0.0254     0.0195      96965    67.3361     100.00     2.2978     2.0025          9  0.000e+00
    149.761   76.33628  178.59774    151.398    -0.5629    -0.5560  28.219170  28.224672    34.4548    34.4543    303.831    295.449    -0.1366     4.6593     0.0867     0.0867     0.0254     0.0195      96966    67.3368     100.00     2.2978     2.0025          9  0.000e+00
    149.761   76.33628  178.59774    151.398    -0.5628    -0.5589  28.219170  28.224270    34.4546    34.4571    303.830    295.712    -0.1366     4.6581     0.0867     0.0867     0.0264     0.0195      96967    67.3375     100.00     2.2978     2.0037          9  0.000e+00
    149.704   76.33628  178.59774    151.339    -0.5631    -0.5597  28.219170  28.223810    34.4550    34.4574    304.035    295.716    -0.1366     4.6593     0.0867     0.0867     0.0254     0.0195      96968    67.3382     100.00     2.2990     2.0037          9  0.000e+00
    149.769   76.33628  178.59774    151.406    -0.5628    -0.5572  28.218987  28.223868    34.4544    34.4546    303.831    295.703    -0.1366     4.6581     0.0879     0.0879     0.0264     0.0195      96969    67.3389     100.00     2.2978     2.0037          9  0.000e+00
    149.704   76.33628  178.59774    151.339    -0.5631    -0.5539  28.218926  28.223925    34.4546    34.4509    303.830    295.193    -0.1366     4.6581     0.0879     0.0879     0.0264     0.0195      96970    67.3396     100.00     2.2978     2.0013          9  0.000e+00
    149.761   76.33628  178.59774    151.398    -0.5631    -0.5519  28.218987  28.224097    34.4547    34.4488    303.832    295.182    -0.1366     4.6581     0.0867     0.0867     0.0264     0.0195      96971    67.3403     100.00     2.2978     2.0013          9  0.000e+00
    149.769   76.33628  178.59774    151.406    -0.5629    -0.5519  28.219109  28.224384    34.4547    34.4492    304.037    295.182    -0.1366     4.6581     0.0867     0.0867     0.0264     0.0195      96972    67.3410     100.00     2.2990     2.0013          9  0.000e+00
    149.704   76.33628  178.59774    151.339    -0.5631    -0.5540  28.218987  28.224269    34.4547    34.4515    303.830    294.949    -0.1366     4.6581     0.0867     0.0867     0.0264     0.0195      96973    67.3417     100.00     2.2978     2.0000          9  0.000e+00
    149.761   76.33628  178.59774    151.398    -0.5631    -0.5560  28.219109  28.223982    34.4549    34.4534    304.038    294.965    -0.1366     4.6581     0.0879     0.0879     0.0264     0.0195      96974    67.3424     100.00     2.2990     2.0000          9  0.000e+00
    149.761   76.33628  178.59774    151.398    -0.5633    -0.5572  28.219171  28.223293    34.4551    34.4538    303.833    294.974    -0.1061     4.6581     0.0867     0.0867     0.0264     0.0208      96975    67.3431     100.00     2.2978     2.0000          9  0.000e+00
    149.712   76.33628  178.59774    151.348    -0.5631    -0.5568  28.219048  28.222948    34.4548    34.4529    303.830    295.214    -0.1366     4.6581     0.0867     0.0867     0.0264     0.0195      96976    67.3438     100.00     2.2978     2.0013          9  0.000e+00
    149.761   76.33628  178.59774    151.398    -0.5629    -0.5539  28.219109  28.222833    34.4547    34.4494    303.831    295.442    -0.1366     4.6581     0.0867     0.0867     0.0264     0.0195      96977    67.3444     100.00     2.2978     2.0025          9  0.000e+00
    149.704   76.33628  178.59774    151.339    -0.5629    -0.5516  28.218987  28.223005    34.4545    34.4471    303.829    295.911    -0.1366     4.6581     0.0867     0.0867     0.0264     0.0195      96978    67.3451     100.00     2.2978     2.0049          9  0.000e+00
    149.769   76.33628  178.59774    151.406    -0.5629    -0.5504  28.219109  28.222718    34.4547    34.4452    303.831    295.907    -0.1366     4.6581     0.0879     0.0879     0.0264     0.0195      96979    67.3458     100.00     2.2978     2.0049          9  0.000e+00
    149.761   76.33628  178.59774    151.398    -0.5631    -0.5503  28.219171  28.222776    34.4549    34.4452    303.832    295.663    -0.1366     4.6581     0.0867     0.0867     0.0264     0.0195      96980    67.3465     100.00     2.2978     2.0037          9  0.000e+00
    149.704   76.33628  178.59774    151.339    -0.5633    -0.5511  28.218621  28.222431    34.4544    34.4458    304.038    295.910    -0.1366     4.6581     0.0879     0.0879     0.0264     0.0195      96981    67.3472     100.00     2.2990     2.0049          9  0.000e+00
    149.769   76.33628  178.59774    151.406    -0.5633    -0.5531  28.218804  28.222489    34.4546    34.4481    303.834    295.925    -0.1366     4.6581     0.0879     0.0879     0.0264     0.0195      96982    67.3479     100.00     2.2978     2.0049          9  0.000e+00
    149.761   76.33628  178.59774    151.398    -0.5634    -0.5556  28.218926  28.221972    34.4550    34.4501    303.834    295.698    -0.1061     4.6581     0.0867     0.0867     0.0264     0.0208      96983    67.3486     100.00     2.2978     2.0037          9  0.000e+00
    149.704   76.33628  178.59774    151.339    -0.5633    -0.5569  28.218926  28.221800    34.4548    34.4515    303.831    295.704    -0.1366     4.6581     0.0867     0.0867     0.0264     0.0195      96984    67.3493     100.00     2.2978     2.0037          9  0.000e+00
    149.761   76.33628  178.59774    151.398    -0.5636    -0.5566  28.218926  28.221800    34.4552    34.4511    303.835    295.705    -0.1061     4.6581     0.0867     0.0867     0.0264     0.0208      96985    67.3500     100.00     2.2978     2.0037          9  0.000e+00
    149.712   76.33628  178.59774    151.348    -0.5636    -0.5566  28.218743  28.221800    34.4550    34.4512    303.834    295.703    -0.1366     4.6581     0.0879     0.0879     0.0264     0.0195      96986    67.3507     100.00     2.2978     2.0037          9  0.000e+00
    149.761   76.33628  178.59774    151.398    -0.5631    -0.5585  28.218865  28.221570    34.4545    34.4529    303.832    295.717    -0.1366     4.6581     0.0867     0.0867     0.0264     0.0195      96987    67.3514     100.00     2.2978     2.0037          9  0.000e+00
    149.761   76.33628  178.59774    151.398    -0.5633    -0.5600  28.218926  28.222087    34.4548    34.4554    303.833    295.481    -0.1366     4.6581     0.0879     0.0879     0.0264     0.0195      96988    67.3521     100.00     2.2978     2.0025          9  0.000e+00
    149.712   76.33628  178.59774    151.348    -0.5633    -0.5613  28.218926  28.221915    34.4548    34.4566    303.831    295.731    -0.1366     4.6581     0.0879     0.0879     0.0264     0.0195      96989    67.3528     100.00     2.2978     2.0037          9  0.000e+00
    149.761   76.33628  178.59774    151.398    -0.5631    -0.5624  28.218987  28.221398    34.4547    34.4572    303.832    295.742    -0.1061     4.6581     0.0879     0.0879     0.0264     0.0208      96990    67.3535     100.00     2.2978     2.0037          9  0.000e+00
    149.761   76.33628  178.59774    151.398    -0.5628    -0.5631  28.218926  28.220824    34.4543    34.4572    303.830    295.504    -0.1366     4.6581     0.0867     0.0867     0.0264     0.0195      96991    67.3542     100.00     2.2978     2.0025          9  0.000e+00
    149.761   76.33628  178.59774    151.398    -0.5628    -0.5629  28.218682  28.220881    34.4540    34.4570    303.831    295.503    -0.1061     4.6593     0.0879     0.0879     0.0254     0.0208      96992    67.3549     100.00     2.2978     2.0025          9  0.000e+00
    129.574   76.33628  178.59764    130.983    -1.0573    -1.0567  27.705552  27.704578    34.3341    34.3320    305.667    298.089    -0.1061     4.6581     0.0904     0.0904     0.0264     0.0208      99710    69.2424     100.00     2.2853     1.9961         10  0.000e+00
    129.631   76.33628  178.59764    131.041    -1.0571    -1.0568  27.705673  27.704692    34.3340    34.3324    305.876    297.845    -0.1366     4.6581     0.0904     0.0904     0.0264     0.0195      99711    69.2431     100.00     2.2865     1.9949         10  0.000e+00
    129.574   76.33628  178.59764    130.983    -1.0571    -1.0567  27.705613  27.704521    34.3339    34.3320    305.874    297.842    -0.1061     4.6581     0.0904     0.0904     0.0264     0.0208      99712    69.2438     100.00     2.2865     1.9949         10  0.000e+00
    129.664   76.33628  178.59764    131.074    -1.0570    -1.0565  27.705734  27.704635    34.3339    34.3319    305.876    297.845    -0.1366     4.6569     0.0904     0.0904     0.0275     0.0195      99713    69.2444     100.00     2.2865     1.9949         10  0.000e+00
    129.574   76.33628  178.59764    130.983    -1.0571    -1.0568  27.705552  27.704350    34.3338    34.3319    305.874    297.597    -0.1366     4.6581     0.0904     0.0904     0.0264     0.0195      99714    69.2451     100.00     2.2865     1.9937         10  0.000e+00
    129.631   76.33628  178.59764    131.041    -1.0571    -1.0567  27.705673  27.704008    34.3340    34.3312    305.876    297.353    -0.1061     4.6581     0.0904     0.0904     0.0264     0.0208      99715    69.2458     100.00     2.2865     1.9924         10  0.000e+00
    129.631   76.33628  178.59764    131.041    -1.0571    -1.0567  27.705370  27.704293    34.3335    34.3316    305.877    297.352    -0.1366     4.6581     0.0904     0.0904     0.0264     0.0195      99716    69.2465     100.00     2.2865     1.9924         10  0.000e+00
    129.574   76.33628  178.59764    130.983    -1.0571    -1.0570  27.705613  27.704464    34.3339    34.3323    305.665    297.352    -0.1366     4.6569     0.0904     0.0904     0.0275     0.0195      99717    69.2472     100.00     2.2853     1.9924         10  0.000e+00
    129.631   76.33628  178.59764    131.041    -1.0572    -1.0568  27.705552  27.704692    34.3339    34.3324    305.877    297.845    -0.1366     4.6569     0.0904     0.0904     0.0275     0.0195      99718    69.2479     100.00     2.2865     1.9949         10  0.000e+00
    129.631   76.33628  178.59764    131.041    -1.0571    -1.0567  27.705491  27.704749    34.3338    34.3322    305.668    298.090    -0.1366     4.6581     0.0904     0.0904     0.0264     0.0195      99719    69.2486     100.00     2.2853     1.9961         10  0.000e+00
    129.631   76.33628  178.59764    131.041    -1.0571    -1.0568  27.705673  27.704521    34.3340    34.3321    305.667    297.846    -0.1366     4.6569     0.0904     0.0904     0.0275     0.0195      99720    69.2493     100.00     2.2853     1.9949         10  0.000e+00
    129.574   76.33628  178.59764    130.983    -1.0572    -1.0567  27.705552  27.704464    34.3340    34.3319    305.874    297.842    -0.1366     4.6569     0.0904     0.0904     0.0275     0.0195      99721    69.2500     100.00     2.2865     1.9949         10  0.000e+00
    129.606   76.33628  178.59764    131.016    -1.0572    -1.0570  27.705491  27.704293    34.3339    34.3320    305.668    297.847    -0.1366     4.6581     0.0904     0.0904     0.0264     0.0195      99722    69.2507     100.00     2.2853     1.9949         10  0.000e+00
    129.631   76.33628  178.59764    131.041    -1.0573    -1.0568  27.705673  27.704236    34.3343    34.3317    305.669    297.847    -0.1061     4.6581     0.0904     0.0904     0.0264     0.0208      99723    69.2514     100.00     2.2853     1.9949         10  0.000e+00
    129.631   76.33628  178.59764    131.041    -1.0571    -1.0568  27.705552  27.704236    34.3339    34.3317    305.668    297.847    -0.1366     4.6569     0.0904     0.0904     0.0275     0.0195      99724    69.2521     100.00     2.2853     1.9949         10  0.000e+00
    129.631   76.33628  178.59764    131.041    -1.0571    -1.0567  27.705491  27.704236    34.3337    34.3315    305.668    297.845    -0.1366     4.6569     0.0904     0.0904     0.0275     0.0195      99725    69.2528     100.00     2.2853     1.9949         10  0.000e+00
    129.574   76.33628  178.59764    130.983    -1.0571    -1.0570  27.705855  27.704407    34.3342    34.3322    305.664    297.845    -0.1366     4.6581     0.0916     0.0916     0.0264     0.0195      99726    69.2535     100.00     2.2853     1.9949         10  0.000e+00
    129.631   76.33628  178.59764    131.041    -1.0571    -1.0568  27.705613  27.704464    34.3339    34.3320    305.876    297.599    -0.1366     4.6569     0.0904     0.0904     0.0275     0.0195      99727    69.2542     100.00     2.2865     1.9937         10  0.000e+00
    129.574   76.33628  178.59764    130.983    -1.0571    -1.0565  27.705491  27.704293    34.3337    34.3315    305.874    297.596    -0.1366     4.6569     0.0904     0.0904     0.0275     0.0195      99728    69.2549     100.00     2.2865     1.9937         10  0.000e+00
    129.631   76.33628  178.59764    131.041    -1.0572    -1.0568  27.705128  27.704407    34.3333    34.3320    305.670    297.599    -0.1366     4.6569     0.0904     0.0904     0.0275     0.0195      99729    69.2556     100.00     2.2853     1.9937         10  0.000e+00
    129.574   76.33628  178.59764    130.983    -1.0571    -1.0570  27.705552  27.704464    34.3339    34.3323    305.874    297.351    -0.1366     4.6569     0.0904     0.0904     0.0275     0.0195      99730    69.2562     100.00     2.2865     1.9924         10  0.000e+00
    129.664   76.33628  178.59764    131.074    -1.0571    -1.0570  27.705370  27.704293    34.3335    34.3320    305.670    297.356    -0.1366     4.6569     0.0904     0.0904     0.0275     0.0195      99731    69.2569     100.00     2.2853     1.9924         10  0.000e+00
