Continuous CTD Data/01_SBE Stage/nabos_15_01avg.cnv
* Sea-Bird SBE 9 Data File:
* FileName = D:\CTD\data\HLY2502\raw\NABOS_15_01.hex
* Software Version Seasave V 7.26.7.110
* Temperature SN = 6954
* Conductivity SN = 2561
* Number of Bytes Per Scan = 37
* Number of Voltage Words = 4
* Number of Scans Averaged by the Deck Unit = 1
* NMEA Latitude = 78 30.10 N
* NMEA Longitude = 170 08.69 W
* NMEA UTC (Time) = Sep 09 2025  12:18:25
* NMEA baud rate = 9600
** Ship: USCG HEALY
** Bot. Depth:  2700
** Cast Number:
** Station Name:  15
** Station Number:
** Operator:  STARC
# nquan = 25
# nvalues = 2773                        
# units = specified
# name 0 = depSM: Depth [salt water, m]
# name 1 = latitude: Latitude [deg]
# name 2 = longitude: Longitude [deg]
# name 3 = prDM: Pressure, Digiquartz [db]
# name 4 = t090C: Temperature [ITS-90, deg C]
# name 5 = t190C: Temperature, 2 [ITS-90, deg C]
# name 6 = c0mS/cm: Conductivity [mS/cm]
# name 7 = c1mS/cm: Conductivity, 2 [mS/cm]
# name 8 = sal00: Salinity, Practical [PSU]
# name 9 = sal11: Salinity, Practical, 2 [PSU]
# name 10 = sbox0Mm/Kg: Oxygen, SBE 43 [umol/kg]
# name 11 = sbox1Mm/Kg: Oxygen, SBE 43, 2 [umol/kg]
# name 12 = flECO-AFL: Fluorescence, WET Labs ECO-AFL/FL [mg/m^3]
# name 13 = v2: Voltage 2
# name 14 = wetCDOM: Fluorescence, WET Labs CDOM [mg/m^3]
# name 15 = v6: Voltage 6
# name 16 = CStarAt0: Beam Attenuation, WET Labs C-Star [1/m]
# name 17 = v3: Voltage 3
# name 18 = scan: Scan Count
# name 19 = timeM: Time, Elapsed [minutes]
# name 20 = altM: Altimeter [m]
# name 21 = sbeox0V: Oxygen raw, SBE 43 [V]
# name 22 = sbeox1V: Oxygen raw, SBE 43, 2 [V]
# name 23 = nbin: number of scans per bin
# name 24 = flag: flag
# span 0 =      3.958,   2728.763       
# span 1 =   78.49860,   78.50244       
# span 2 = -170.13815, -170.05974       
# span 3 =      4.000,   2776.000       
# span 4 =    -1.6529,     0.9766       
# span 5 =    -1.6525,     0.9767       
# span 6 =  23.140081,  29.916760       
# span 7 =  23.139605,  29.914975       
# span 8 =    28.7064,    34.9548       
# span 9 =    28.7049,    34.9532       
# span 10 =    242.597,    387.348      
# span 11 =    237.137,    372.950      
# span 12 =    -0.1849,     0.3655      
# span 13 =     4.5994,     4.6727      
# span 14 =     0.0653,     0.1121      
# span 15 =     0.0653,     0.1121      
# span 16 =     0.0139,     0.0772      
# span 17 =     0.0176,     0.0396      
# span 18 =       4820,      85629      
# span 19 =     3.3468,    59.4641      
# span 20 =       9.49,     100.24      
# span 21 =     1.6384,     2.6978      
# span 22 =     1.4504,     2.3134      
# span 23 =          7,         29      
# span 24 = 0.0000e+00, 0.0000e+00      
# interval = decibars: 1                
# start_time = Sep 09 2025 12:18:25 [NMEA time, header]
# bad_flag = -9.990e-29
*END*
[from data line 116]
    118.702   78.50226 -170.12721    120.000    -1.1602    -1.1580  27.514334  27.515362    34.1968    34.1957    299.108    291.339    -0.1352     4.6641     0.0925     0.0925     0.0213     0.0196      11320     7.8605     100.00     2.2420     1.9588         21 0.0000e+00
    119.691   78.50226 -170.12717    121.000    -1.1593    -1.1586  27.523816  27.523509    34.2082    34.2070    299.321    290.839    -0.1306     4.6638     0.0917     0.0917     0.0215     0.0198      11347     7.8795     100.00     2.2433     1.9562         20 0.0000e+00
    120.680   78.50226 -170.12714    122.000    -1.1469    -1.1457  27.541401  27.541274    34.2175    34.2160    299.113    290.987    -0.1331     4.6637     0.0926     0.0926     0.0216     0.0196      11375     7.8985     100.00     2.2426     1.9575         18 0.0000e+00
    121.668   78.50226 -170.12710    123.000    -1.1338    -1.1323  27.555933  27.555965    34.2218    34.2201    298.935    290.292    -0.1306     4.6640     0.0927     0.0927     0.0214     0.0198      11402     7.9171     100.00     2.2421     1.9544         15 0.0000e+00
    122.657   78.50226 -170.12707    124.000    -1.1147    -1.1133  27.575430  27.575382    34.2261    34.2245    298.877    289.767    -0.1309     4.6638     0.0919     0.0919     0.0216     0.0197      11429     7.9362     100.00     2.2426     1.9525         16 0.0000e+00
    123.646   78.50226 -170.12703    125.000    -1.0981    -1.0973  27.593853  27.593404    34.2317    34.2302    298.703    290.130    -0.1289     4.6633     0.0896     0.0896     0.0220     0.0198      11456     7.9551     100.00     2.2423     1.9549         16 0.0000e+00
    124.635   78.50226 -170.12699    126.000    -1.0888    -1.0880  27.606497  27.605986    34.2378    34.2361    298.155    290.091    -0.1328     4.6622     0.0910     0.0910     0.0229     0.0197      11484     7.9743     100.00     2.2394     1.9550         17 0.0000e+00
    125.624   78.50228 -170.12695    127.000    -1.0860    -1.0858  27.612343  27.611386    34.2420    34.2404    297.439    289.523    -0.1344     4.6622     0.0907     0.0907     0.0229     0.0196      11511     7.9933     100.00     2.2351     1.9521         14 0.0000e+00
    126.613   78.50228 -170.12691    128.000    -1.0804    -1.0793  27.622702  27.622515    34.2491    34.2476    296.905    289.346    -0.1346     4.6617     0.0914     0.0914     0.0234     0.0196      11539     8.0123     100.00     2.2322     1.9514         15 0.0000e+00
    127.602   78.50228 -170.12688    129.000    -1.0619    -1.0604  27.644094  27.644307    34.2566    34.2552    296.455    288.923    -0.1224     4.6623     0.0906     0.0906     0.0229     0.0201      11566     8.0311     100.00     2.2304     1.9500         15 0.0000e+00
    128.591   78.50228 -170.12684    130.000    -1.0449    -1.0418  27.664644  27.666207    34.2646    34.2632    296.189    288.600    -0.1326     4.6623     0.0914     0.0914     0.0229     0.0197      11593     8.0498     100.00     2.2296     1.9491         16 0.0000e+00
    129.579   78.50228 -170.12681    131.000    -1.0136    -1.0104  27.696486  27.698477    34.2718    34.2708    295.958    287.856    -0.1305     4.6623     0.0915     0.0915     0.0229     0.0198      11619     8.0681     100.00     2.2298     1.9467         15 0.0000e+00
    130.568   78.50228 -170.12677    132.000    -0.9900    -0.9883  27.722107  27.722652    34.2792    34.2781    295.674    288.028    -0.1343     4.6620     0.0908     0.0908     0.0231     0.0196      11645     8.0863     100.00     2.2292     1.9484         13 0.0000e+00
    131.557   78.50228 -170.12673    133.000    -0.9748    -0.9727  27.740537  27.741623    34.2864    34.2855    295.258    287.645    -0.1323     4.6613     0.0904     0.0904     0.0237     0.0197      11672     8.1047     100.00     2.2274     1.9470         14 0.0000e+00
    132.546   78.50228 -170.12670    134.000    -0.9570    -0.9554  27.761267  27.761652    34.2938    34.2925    294.379    286.660    -0.1345     4.6617     0.0896     0.0896     0.0234     0.0196      11698     8.1227     100.00     2.2230     1.9428         14 0.0000e+00
    133.535   78.50228 -170.12666    135.000    -0.9421    -0.9408  27.779621  27.779653    34.3011    34.2998    293.745    286.445    -0.1343     4.6620     0.0891     0.0891     0.0231     0.0196      11724     8.1409     100.00     2.2199     1.9422         13 0.0000e+00
    134.523   78.50230 -170.12662    136.000    -0.9273    -0.9248  27.795449  27.796545    34.3052    34.3038    293.793    286.134    -0.1319     4.6620     0.0891     0.0891     0.0231     0.0197      11750     8.1589     100.00     2.2208     1.9412         13 0.0000e+00
    135.512   78.50230 -170.12660    137.000    -0.9125    -0.9107  27.811756  27.812491    34.3099    34.3089    294.126    285.151    -0.1342     4.6619     0.0890     0.0890     0.0232     0.0196      11776     8.1768     100.00     2.2234     1.9368         12 0.0000e+00
    136.501   78.50230 -170.12655    138.000    -0.8993    -0.8984  27.827919  27.827208    34.3162    34.3143    294.568    285.934    -0.1318     4.6617     0.0901     0.0901     0.0234     0.0197      11803     8.1957     100.00     2.2265     1.9411         13 0.0000e+00
    137.490   78.50230 -170.12651    139.000    -0.8846    -0.8817  27.844004  27.845983    34.3207    34.3201    294.918    286.233    -0.1322     4.6623     0.0909     0.0909     0.0228     0.0197      11829     8.2140     100.00     2.2292     1.9432         14 0.0000e+00
    138.479   78.50230 -170.12648    140.000    -0.8666    -0.8662  27.863836  27.863158    34.3266    34.3251    295.159    286.729    -0.1297     4.6621     0.0898     0.0898     0.0230     0.0198      11856     8.2325     100.00     2.2314     1.9462         13 0.0000e+00
    139.467   78.50230 -170.12644    141.000    -0.8748    -0.8758  27.860226  27.857923    34.3303    34.3285    295.446    287.303    -0.1322     4.6618     0.0891     0.0891     0.0233     0.0197      11883     8.2512     100.00     2.2324     1.9484         14 0.0000e+00
    140.456   78.50230 -170.12641    142.000    -0.8849    -0.8836  27.857084  27.857612    34.3369    34.3362    295.317    287.215    -0.1284     4.6611     0.0887     0.0887     0.0239     0.0198      11909     8.2698     100.00     2.2310     1.9476         15 0.0000e+00
    141.445   78.50230 -170.12637    143.000    -0.8322    -0.8247  27.908451  27.914626    34.3461    34.3460    294.663    286.359    -0.1294     4.6620     0.0884     0.0884     0.0231     0.0198      11937     8.2886     100.00     2.2298     1.9458         17 0.0000e+00
    142.434   78.50230 -170.12632    144.000    -0.8024    -0.8001  27.936780  27.938215    34.3500    34.3494    294.673    286.597    -0.1344     4.6624     0.0893     0.0893     0.0227     0.0196      11963     8.3070      98.99     2.2312     1.9478         15 0.0000e+00
    143.423   78.50230 -170.12628    145.000    -0.7793    -0.7771  27.963376  27.964288    34.3592    34.3579    295.083    286.901    -0.1277     4.6625     0.0887     0.0887     0.0227     0.0199      11990     8.3256      99.99     2.2348     1.9503         17 0.0000e+00
    144.411   78.50230 -170.12624    146.000    -0.7852    -0.7867  27.959818  27.956968    34.3604    34.3583    295.499    287.422    -0.1290     4.6628     0.0879     0.0879     0.0224     0.0198      12017     8.3442     100.00     2.2367     1.9522         16 0.0000e+00
    145.400   78.50230 -170.12621    147.000    -0.7944    -0.7935  27.954579  27.954543    34.3631    34.3621    295.787    288.513    -0.1323     4.6620     0.0879     0.0879     0.0231     0.0197      12043     8.3626     100.00     2.2377     1.9572         14 0.0000e+00
    146.389   78.50230 -170.12616    148.000    -0.7839    -0.7826  27.969675  27.969580    34.3710    34.3695    295.848    288.231    -0.1352     4.6627     0.0879     0.0879     0.0225     0.0196      12072     8.3824     100.00     2.2385     1.9562         18 0.0000e+00
    147.378   78.50230 -170.12612    149.000    -0.7750    -0.7725  27.980107  27.981655    34.3745    34.3737    296.184    288.085    -0.1301     4.6623     0.0879     0.0879     0.0228     0.0198      12099     8.4016     100.00     2.2408     1.9558         19 0.0000e+00
    148.367   78.50230 -170.12607    150.000    -0.7573    -0.7566  27.999388  27.998542    34.3798    34.3779    296.607    288.112    -0.1294     4.6630     0.0879     0.0879     0.0222     0.0198      12128     8.4215     100.00     2.2440     1.9565         17 0.0000e+00
    149.355   78.50230 -170.12602    151.000    -0.7569    -0.7563  28.000531  27.999642    34.3803    34.3784    297.152    288.753    -0.1349     4.6641     0.0879     0.0879     0.0213     0.0196      12157     8.4417     100.00     2.2470     1.9594         18 0.0000e+00
    150.344   78.50230 -170.12597    152.000    -0.7445    -0.7386  28.014956  28.019864    34.3851    34.3850    297.749    289.035    -0.1365     4.6642     0.0879     0.0879     0.0212     0.0195      12187     8.4623     100.00     2.2511     1.9615         17 0.0000e+00
    151.333   78.50230 -170.12592    153.000    -0.7186    -0.7167  28.041998  28.042764    34.3916    34.3905    298.309    289.599    -0.1337     4.6646     0.0887     0.0887     0.0208     0.0196      12217     8.4832     100.00     2.2556     1.9651         20 0.0000e+00
    152.322   78.50230 -170.12587    154.000    -0.6955    -0.6930  28.067065  28.068209    34.3986    34.3973    298.702    290.641    -0.1322     4.6637     0.0882     0.0882     0.0216     0.0197      12247     8.5040     100.00     2.2590     1.9713         21 0.0000e+00
    153.310   78.50230 -170.12582    155.000    -0.6734    -0.6697  28.090229  28.092788    34.4041    34.4034    298.913    290.540    -0.1541     4.6641     0.0888     0.0888     0.0213     0.0188      12276     8.5246     100.00     2.2612     1.9716         16 0.0000e+00
    154.299   78.50228 -170.12577    156.000    -0.6506    -0.6499  28.113499  28.112776    34.4090    34.4073    299.001    290.785    -0.1411     4.6645     0.0869     0.0869     0.0209     0.0193      12306     8.5453      97.50     2.2628     1.9736         19 0.0000e+00
    155.288   78.50228 -170.12572    157.000    -0.6486    -0.6453  28.117124  28.119571    34.4111    34.4106    299.074    290.550    -0.1332     4.6646     0.0887     0.0887     0.0209     0.0196      12335     8.5653      97.74     2.2631     1.9725         17 0.0000e+00
    156.276   78.50228 -170.12568    158.000    -0.6235    -0.6225  28.144906  28.144432    34.4193    34.4176    298.945    290.684    -0.1312     4.6643     0.0868     0.0868     0.0211     0.0197      12364     8.5852      99.99     2.2635     1.9740         17 0.0000e+00
    157.265   78.50228 -170.12563    159.000    -0.6210    -0.6204  28.148034  28.147084    34.4202    34.4182    299.020    290.422    -0.1364     4.6647     0.0877     0.0877     0.0207     0.0195      12392     8.6050     100.00     2.2639     1.9726         18 0.0000e+00
    158.254   78.50228 -170.12558    160.000    -0.6186    -0.6159  28.151777  28.153718    34.4218    34.4214    299.170    290.885    -0.1348     4.6645     0.0867     0.0867     0.0209     0.0196      12421     8.6252     100.00     2.2647     1.9749         17 0.0000e+00
    159.242   78.50228 -170.12553    161.000    -0.5835    -0.5826  28.188779  28.188020    34.4312    34.4292    298.955    290.789    -0.1331     4.6644     0.0867     0.0867     0.0210     0.0197      12451     8.6457     100.00     2.2651     1.9758         18 0.0000e+00
    160.231   78.50228 -170.12548    162.000    -0.5850    -0.5847  28.188011  28.186954    34.4313    34.4294    299.096    290.704    -0.1308     4.6650     0.0866     0.0866     0.0205     0.0197      12481     8.6667     100.00     2.2657     1.9751         16 0.0000e+00
    161.220   78.50226 -170.12543    163.000    -0.5699    -0.5667  28.205252  28.207573    34.4368    34.4363    299.076    291.068    -0.1673     4.6653     0.0862     0.0862     0.0202     0.0183      12513     8.6887     100.00     2.2662     1.9776         16 0.0000e+00
    162.209   78.50226 -170.12537    164.000    -0.5435    -0.5415  28.232275  28.232620    34.4425    34.4407    299.073    290.968    -0.1518     4.6652     0.0871     0.0871     0.0202     0.0189      12545     8.7111     100.00     2.2675     1.9780         16 0.0000e+00
    163.197   78.50226 -170.12532    165.000    -0.5366    -0.5361  28.239077  28.238131    34.4433    34.4414    299.114    290.625    -0.1310     4.6652     0.0870     0.0870     0.0203     0.0197      12578     8.7337     100.00     2.2678     1.9764         16 0.0000e+00
    164.186   78.50226 -170.12527    166.000    -0.5013    -0.4969  28.274712  28.277518    34.4504    34.4492    298.854    290.761    -0.1345     4.6643     0.0876     0.0876     0.0211     0.0196      12609     8.7558     100.00     2.2680     1.9786         15 0.0000e+00
    165.175   78.50226 -170.12521    167.000    -0.4796    -0.4795  28.295401  28.294131    34.4531    34.4512    299.021    290.537    -0.1283     4.6651     0.0844     0.0844     0.0204     0.0199      12641     8.7780     100.00     2.2699     1.9781         15 0.0000e+00
    166.163   78.50225 -170.12516    168.000    -0.4704    -0.4659  28.307310  28.310198    34.4580    34.4567    298.999    290.957    -0.1344     4.6648     0.0867     0.0867     0.0206     0.0196      12673     8.7997     100.00     2.2701     1.9806         15 0.0000e+00
    167.152   78.50224 -170.12511    169.000    -0.4390    -0.4379  28.339513  28.338971    34.4650    34.4630    298.698    290.374    -0.1297     4.6652     0.0861     0.0861     0.0203     0.0198      12704     8.8213     100.00     2.2698     1.9788         17 0.0000e+00
    168.140   78.50224 -170.12506    170.000    -0.4365    -0.4363  28.342847  28.341772    34.4660    34.4643    298.789    290.846    -0.1305     4.6650     0.0861     0.0861     0.0205     0.0198      12734     8.8426     100.00     2.2703     1.9811         15 0.0000e+00
    169.129   78.50224 -170.12501    171.000    -0.4226    -0.4183  28.358520  28.361464    34.4707    34.4697    298.596    290.214    -0.1326     4.6650     0.0860     0.0860     0.0205     0.0197      12765     8.8639     100.00     2.2697     1.9785         15 0.0000e+00
    170.118   78.50224 -170.12496    172.000    -0.3985    -0.3952  28.382555  28.385418    34.4750    34.4751    298.582    291.121    -0.1348     4.6652     0.0855     0.0855     0.0203     0.0196      12796     8.8852     100.00     2.2707     1.9840         17 0.0000e+00
    171.106   78.50224 -170.12490    173.000    -0.3603    -0.3590  28.422723  28.422433    34.4849    34.4830    298.395    290.546    -0.1309     4.6651     0.0866     0.0866     0.0204     0.0197      12827     8.9069     100.00     2.2715     1.9825         16 0.0000e+00
    172.095   78.50224 -170.12485    174.000    -0.3588    -0.3585  28.425128  28.423969    34.4858    34.4839    298.381    289.492    -0.1332     4.6653     0.0865     0.0865     0.0202     0.0196      12858     8.9287     100.00     2.2713     1.9771         18 0.0000e+00
    173.084   78.50223 -170.12481    175.000    -0.3590    -0.3583  28.425800  28.424846    34.4862    34.4842    298.246    289.612    -0.1312     4.6651     0.0858     0.0858     0.0204     0.0197      12890     8.9505     100.00     2.2702     1.9775         17 0.0000e+00
    174.072   78.50222 -170.12477    176.000    -0.3404    -0.3348  28.446387  28.450931    34.4921    34.4918    298.184    289.552    -0.1351     4.6639     0.0863     0.0863     0.0214     0.0196      12921     8.9725     100.00     2.2707     1.9781         18 0.0000e+00
