Continuous CTD Data/01_SBE Stage/nabos_01_02.cnv
* Sea-Bird SBE 9 Data File:
* FileName = D:\CTD\data\HLY2502\raw\NABOS_01_02.hex
* Software Version Seasave V 7.26.7.110
* Temperature SN = 6954
* Conductivity SN = 2561
* Number of Bytes Per Scan = 37
* Number of Voltage Words = 4
* Number of Scans Averaged by the Deck Unit = 1
* NMEA Latitude = 73 46.22 N
* NMEA Longitude = 167 42.20 E
* NMEA UTC (Time) = Sep 13 2025  16:38:43
* NMEA baud rate = 9600
** Ship: USCG HEALY
** Bot. Depth:  43
** Cast Number:  02
** Station Name:  NABOS
** Station Number:  01
** Operator:  STARC
# nquan = 24
# nvalues = 15600                       
# units = specified
# name 0 = depSM: Depth [salt water, m]
# name 1 = latitude: Latitude [deg]
# name 2 = longitude: Longitude [deg]
# name 3 = prDM: Pressure, Digiquartz [db]
# name 4 = t090C: Temperature [ITS-90, deg C]
# name 5 = t190C: Temperature, 2 [ITS-90, deg C]
# name 6 = c0mS/cm: Conductivity [mS/cm]
# name 7 = c1mS/cm: Conductivity, 2 [mS/cm]
# name 8 = sal00: Salinity, Practical [PSU]
# name 9 = sal11: Salinity, Practical, 2 [PSU]
# name 10 = sbox0Mm/Kg: Oxygen, SBE 43 [umol/kg]
# name 11 = sbox1Mm/Kg: Oxygen, SBE 43, 2 [umol/kg]
# name 12 = flECO-AFL: Fluorescence, WET Labs ECO-AFL/FL [mg/m^3]
# name 13 = v2: Voltage 2
# name 14 = wetCDOM: Fluorescence, WET Labs CDOM [mg/m^3]
# name 15 = v6: Voltage 6
# name 16 = CStarAt0: Beam Attenuation, WET Labs C-Star [1/m]
# name 17 = v3: Voltage 3
# name 18 = scan: Scan Count
# name 19 = timeM: Time, Elapsed [minutes]
# name 20 = altM: Altimeter [m]
# name 21 = sbeox0V: Oxygen raw, SBE 43 [V]
# name 22 = sbeox1V: Oxygen raw, SBE 43, 2 [V]
# name 23 = flag:  0.000e+00
# span 0 =      2.865,     36.790       
# span 1 =   73.77032,   73.77076       
# span 2 =  167.70326,  167.70592       
# span 3 =      2.895,     37.178       
# span 4 =    -1.4554,    -0.5639       
# span 5 =    -1.4542,    -0.5690       
# span 6 =  22.111501,  23.881732       
# span 7 =  22.110792,  23.877985       
# span 8 =    26.4762,    29.6044       
# span 9 =    26.4743,    29.5985       
# span 10 =    266.928,    379.316      
# span 11 =    261.829,    367.111      
# span 12 =     0.0466,     0.9013      
# span 13 =     4.2234,     4.6300      
# span 14 =     0.0916,     0.1221      
# span 15 =     0.0916,     0.1221      
# span 16 =     0.0506,     0.4186      
# span 17 =     0.0269,     0.0611      
# span 18 =          1,      15600      
# span 19 =     0.0000,    10.8326      
# span 20 =       0.00,     100.00      
# span 21 =     2.0011,     2.6459      
# span 22 =     1.7692,     2.2821      
# span 23 = 0.0000e+00, 0.0000e+00      
# interval = seconds: 0.0416667
# start_time = Sep 13 2025 16:38:43 [NMEA time, header]
# bad_flag = -9.990e-29
*END*
[from data line 1570]
      9.418   73.77034  167.70362      9.517    -0.6428    -0.6429  22.219432  22.295900    26.6393    26.7396    370.673    366.006     0.1076     4.5800     0.1038     0.1038     0.0941     0.0293       1571     1.0903       2.56     2.5983     2.2772 -9.990e-29
      9.410   73.77034  167.70362      9.509    -0.6430    -0.6429  22.220497  22.296270    26.6408    26.7401    370.885    366.004     0.1076     4.5800     0.1026     0.1026     0.0941     0.0293       1572     1.0910       2.49     2.5995     2.2772 -9.990e-29
      9.418   73.77034  167.70362      9.517    -0.6434    -0.6440  22.222404  22.296692    26.6437    26.7416    370.667    366.012     0.0771     4.5800     0.1026     0.1026     0.0941     0.0281       1573     1.0917       2.20     2.5983     2.2772 -9.990e-29
      9.410   73.77034  167.70362      9.509    -0.6434    -0.6453  22.222796  22.296798    26.6442    26.7429    370.665    365.514     0.1076     4.5800     0.1026     0.1026     0.0941     0.0293       1574     1.0924       2.03     2.5983     2.2747 -9.990e-29
      9.353   73.77034  167.70362      9.451    -0.6436    -0.6461  22.223806  22.296270    26.6457    26.7430    370.874    365.266     0.1076     4.5800     0.1026     0.1026     0.0941     0.0293       1575     1.0931       2.25     2.5995     2.2735 -9.990e-29
      9.410   73.77034  167.70362      9.509    -0.6438    -0.6459  22.224423  22.296428    26.6467    26.7430    370.662    365.266     0.1076     4.5800     0.1026     0.1026     0.0941     0.0293       1576     1.0938       2.74     2.5983     2.2735 -9.990e-29
      9.295   73.77034  167.70362      9.393    -0.6436    -0.6467  22.224591  22.296059    26.6468    26.7432    370.869    365.269     0.1076     4.5800     0.1026     0.1026     0.0941     0.0293       1577     1.0944       2.91     2.5995     2.2735 -9.990e-29
      9.345   73.77034  167.70362      9.442    -0.6438    -0.6478  22.224030  22.294897    26.6462    26.7426    370.660    365.284     0.1076     4.5775     0.1026     0.1026     0.0963     0.0293       1578     1.0951       2.49     2.5983     2.2735 -9.990e-29
      9.353   73.77034  167.70362      9.451    -0.6430    -0.6488  22.221731  22.291465    26.6425    26.7391    370.877    365.307     0.1076     4.5726     0.1026     0.1026     0.1005     0.0293       1579     1.0958       2.20     2.5995     2.2735 -9.990e-29
      9.287   73.77034  167.70362      9.384    -0.6422    -0.6493  22.219431  22.286237    26.6388    26.7327    370.661    365.327     0.1076     4.5702     0.1026     0.1026     0.1027     0.0293       1580     1.0965       2.20     2.5983     2.2735 -9.990e-29
      9.295   73.77034  167.70362      9.393    -0.6421    -0.6493  22.218085  22.279743    26.6369    26.7242    370.880    365.098     0.1076     4.5702     0.1026     0.1026     0.1027     0.0293       1581     1.0972       2.34     2.5995     2.2723 -9.990e-29
      9.344   73.77034  167.70362      9.442    -0.6415    -0.6490  22.215618  22.273038    26.6331    26.7151    370.887    365.123     0.1076     4.5702     0.1026     0.1026     0.1027     0.0293       1582     1.0979       2.91     2.5995     2.2723 -9.990e-29
      9.238   73.77034  167.70362      9.334    -0.6411    -0.6488  22.214721  22.268445    26.6317    26.7089    370.882    365.133     0.1076     4.5714     0.1026     0.1026     0.1016     0.0293       1583     1.0986       3.27     2.5995     2.2723 -9.990e-29
      9.287   73.77034  167.70362      9.384    -0.6410    -0.6488  22.214833  22.266809    26.6317    26.7068    370.667    364.888     0.1076     4.5702     0.1038     0.1038     0.1027     0.0293       1584     1.0993       3.22     2.5983     2.2711 -9.990e-29
      9.238   73.77034  167.70362      9.334    -0.6402    -0.6491  22.213879  22.266123    26.6298    26.7062    370.877    364.636     0.1076     4.5714     0.1026     0.1026     0.1016     0.0293       1585     1.1000       3.05     2.5995     2.2698 -9.990e-29
      9.230   73.77034  167.70362      9.326    -0.6403    -0.6501  22.212814  22.265067    26.6285    26.7056    370.882    364.393     0.1076     4.5702     0.1026     0.1026     0.1027     0.0293       1586     1.1007       3.15     2.5995     2.2686 -9.990e-29
      9.172   73.77034  167.70362      9.268    -0.6399    -0.6496  22.211748  22.263642    26.6268    26.7034    370.879    364.392     0.1076     4.5702     0.1026     0.1026     0.1027     0.0293       1587     1.1014       2.95     2.5995     2.2686 -9.990e-29
      9.230   73.77034  167.70362      9.326    -0.6399    -0.6493  22.210459  22.262533    26.6250    26.7016    370.887    364.396     0.1076     4.5702     0.1026     0.1026     0.1027     0.0293       1588     1.1021       2.93     2.5995     2.2686 -9.990e-29
      9.172   73.77034  167.70362      9.268    -0.6388    -0.6493  22.208945  22.261953    26.6221    26.7009    370.880    364.141     0.1076     4.5714     0.1026     0.1026     0.1016     0.0293       1589     1.1028       2.83     2.5995     2.2674 -9.990e-29
      9.164   73.77034  167.70362      9.260    -0.6386    -0.6492  22.209057  22.261372    26.6221    26.7001    370.878    364.143     0.1076     4.5702     0.1026     0.1026     0.1027     0.0293       1590     1.1035       2.83     2.5995     2.2674 -9.990e-29
      9.172   73.77034  167.70362      9.268    -0.6386    -0.6496  22.210403  22.261530    26.6239    26.7006    370.873    363.891     0.1076     4.5714     0.1038     0.1038     0.1016     0.0293       1591     1.1042       2.78     2.5995     2.2662 -9.990e-29
      9.164   73.77034  167.70362      9.260    -0.6388    -0.6498  22.211300  22.261953    26.6252    26.7013    370.656    363.891     0.1076     4.5714     0.1038     0.1038     0.1016     0.0293       1592     1.1049       3.03     2.5983     2.2662 -9.990e-29
      9.115   73.77034  167.70362      9.210    -0.6391    -0.6496  22.211972  22.261741    26.6264    26.7009    370.869    363.887     0.1076     4.5702     0.1026     0.1026     0.1027     0.0293       1593     1.1056       3.10     2.5995     2.2662 -9.990e-29
      9.107   73.77034  167.70362      9.202    -0.6388    -0.6493  22.211804  22.260263    26.6259    26.6987    370.651    363.890     0.0771     4.5702     0.1038     0.1038     0.1027     0.0281       1594     1.1062       3.52     2.5983     2.2662 -9.990e-29
      9.115   73.77034  167.70364      9.210    -0.6390    -0.6488  22.210683  22.258258    26.6246    26.6956    370.872    363.894     0.1076     4.5702     0.1038     0.1038     0.1027     0.0293       1595     1.1069       4.05     2.5995     2.2662 -9.990e-29
      9.107   73.77034  167.70364      9.202    -0.6386    -0.6481  22.209337  22.255197    26.6225    26.6909    370.874    363.898     0.1381     4.5702     0.1026     0.1026     0.1027     0.0305       1596     1.1076       4.42     2.5995     2.2662 -9.990e-29
      9.049   73.77034  167.70364      9.144    -0.6386    -0.6476  22.208832  22.251977    26.6219    26.6864    370.873    363.904     0.1381     4.5702     0.1038     0.1038     0.1027     0.0305       1597     1.1083       4.62     2.5995     2.2662 -9.990e-29
      9.107   73.77034  167.70364      9.202    -0.6388    -0.6469  22.208776  22.247861    26.6219    26.6803    370.878    363.916     0.1381     4.5714     0.1038     0.1038     0.1016     0.0305       1598     1.1090       4.57     2.5995     2.2662 -9.990e-29
      9.041   73.77034  167.70364      9.136    -0.6385    -0.6466  22.208608  22.241634    26.6214    26.6719    370.872    363.933     0.1076     4.5763     0.1038     0.1038     0.0973     0.0293       1599     1.1097       4.93     2.5995     2.2662 -9.990e-29
      9.049   73.77034  167.70364      9.144    -0.6386    -0.6455  22.209225  22.236411    26.6224    26.6641    370.872    363.690     0.1381     4.5800     0.1026     0.1026     0.0941     0.0305       1600     1.1104       5.76     2.5995     2.2650 -9.990e-29
      9.041   73.77034  167.70364      9.135    -0.6390    -0.6448  22.211636  22.234828    26.6258    26.6614    370.650    363.435     0.1381     4.5800     0.1026     0.1026     0.0941     0.0305       1601     1.1111       5.57     2.5983     2.2637 -9.990e-29
      8.992   73.77034  167.70364      9.086    -0.6392    -0.6444  22.214103  22.235619    26.6293    26.6621    370.855    363.427     0.1381     4.5800     0.1038     0.1038     0.0941     0.0305       1602     1.1118       5.74     2.5995     2.2637 -9.990e-29
      9.041   73.77034  167.70364      9.135    -0.6396    -0.6451  22.214664  22.237888    26.6304    26.6657    370.644    363.427     0.1381     4.5800     0.1038     0.1038     0.0941     0.0305       1603     1.1125       5.67     2.5983     2.2637 -9.990e-29
      8.992   73.77034  167.70364      9.086    -0.6392    -0.6455  22.213654  22.242162    26.6288    26.6717    370.857    363.666     0.1381     4.5800     0.1038     0.1038     0.0941     0.0305       1604     1.1132       5.57     2.5995     2.2650 -9.990e-29
      8.984   73.77034  167.70364      9.077    -0.6391    -0.6448  22.213486  22.245539    26.6284    26.6755    370.641    363.647     0.1381     4.5800     0.1026     0.1026     0.0941     0.0305       1605     1.1139       5.84     2.5983     2.2650 -9.990e-29
      9.049   73.77034  167.70364      9.144    -0.6390    -0.6448  22.213374  22.246119    26.6281    26.6762    370.644    363.648     0.1381     4.5800     0.1038     0.1038     0.0941     0.0305       1606     1.1146       5.18     2.5983     2.2650 -9.990e-29
      8.926   73.77034  167.70364      9.019    -0.6396    -0.6451  22.213318  22.244114    26.6286    26.6739    370.643    363.651     0.1381     4.5800     0.1038     0.1038     0.0941     0.0305       1607     1.1153       4.59     2.5983     2.2650 -9.990e-29
      8.992   73.77034  167.70364      9.086    -0.6395    -0.6453  22.213486  22.242742    26.6287    26.6723    370.645    363.662     0.1381     4.5800     0.1026     0.1026     0.0941     0.0305       1608     1.1160       4.64     2.5983     2.2650 -9.990e-29
      8.926   73.77034  167.70364      9.019    -0.6391    -0.6453  22.214888  22.243111    26.6303    26.6728    370.848    363.657     0.1381     4.5800     0.1038     0.1038     0.0941     0.0305       1609     1.1167       4.64     2.5995     2.2650 -9.990e-29
      8.992   73.77034  167.70364      9.086    -0.6392    -0.6451  22.216178  22.243006    26.6321    26.6725    370.633    363.659     0.1381     4.5800     0.1038     0.1038     0.0941     0.0305       1610     1.1174       4.71     2.5983     2.2650 -9.990e-29
      8.926   73.77034  167.70364      9.019    -0.6399    -0.6448  22.217636  22.240684    26.6346    26.6692    370.844    363.662     0.1381     4.5800     0.1038     0.1038     0.0941     0.0305       1611     1.1181       5.27     2.5995     2.2650 -9.990e-29
      8.934   73.77034  167.70364      9.028    -0.6402    -0.6444  22.218365  22.238046    26.6358    26.6653    370.844    363.415     0.1381     4.5800     0.1038     0.1038     0.0941     0.0305       1612     1.1187       5.79     2.5995     2.2637 -9.990e-29
      8.926   73.77034  167.70364      9.019    -0.6405    -0.6437  22.218813  22.235091    26.6367    26.6608    370.845    363.419     0.1381     4.5800     0.1026     0.1026     0.0941     0.0305       1613     1.1194       5.49     2.5995     2.2637 -9.990e-29
      8.934   73.77034  167.70364      9.028    -0.6407    -0.6430  22.219318  22.231926    26.6375    26.6561    370.630    363.426     0.1381     4.5800     0.1038     0.1038     0.0941     0.0305       1614     1.1201       4.93     2.5983     2.2637 -9.990e-29
      8.860   73.77034  167.70364      8.953    -0.6411    -0.6426  22.220720  22.229552    26.6397    26.6526    370.625    363.682     0.1381     4.5800     0.1038     0.1038     0.0941     0.0305       1615     1.1208       5.18     2.5983     2.2650 -9.990e-29
      8.934   73.77034  167.70364      9.028    -0.6410    -0.6419  22.223076  22.229130    26.6427    26.6515    370.618    363.936     0.1381     4.5800     0.1038     0.1038     0.0941     0.0305       1616     1.1215       5.05     2.5983     2.2662 -9.990e-29
      8.860   73.77034  167.70364      8.953    -0.6415    -0.6421  22.224814  22.229763    26.6454    26.6525    370.612    363.931     0.1076     4.5800     0.1038     0.1038     0.0941     0.0293       1617     1.1222       4.37     2.5983     2.2662 -9.990e-29
      8.934   73.77034  167.70364      9.028    -0.6419    -0.6419  22.225712  22.229499    26.6469    26.6519    370.831    363.680     0.1076     4.5800     0.1050     0.1050     0.0941     0.0293       1618     1.1229       4.25     2.5995     2.2650 -9.990e-29
      8.860   73.77034  167.70364      8.953    -0.6421    -0.6422  22.226665  22.229657    26.6484    26.6524    370.825    363.678     0.1076     4.5788     0.1050     0.1050     0.0952     0.0293       1619     1.1236       4.35     2.5995     2.2650 -9.990e-29
      8.811   73.77034  167.70364      8.903    -0.6400    -0.6421  22.227955  22.230343    26.6483    26.6533    370.800    363.163     0.1076     4.5788     0.1050     0.1050     0.0952     0.0293       1620     1.1243       4.52     2.5995     2.2625 -9.990e-29
      8.860   73.77034  167.70364      8.953    -0.6376    -0.6419  22.229469  22.231978    26.6481    26.6552    370.561    363.158     0.1076     4.5788     0.1050     0.1050     0.0952     0.0293       1621     1.1250       5.01     2.5983     2.2625 -9.990e-29
      8.869   73.77034  167.70364      8.961    -0.6374    -0.6423  22.229189  22.234880    26.6476    26.6593    370.561    362.897     0.1076     4.5788     0.1050     0.1050     0.0952     0.0293       1622     1.1257       5.71     2.5983     2.2613 -9.990e-29
      8.803   73.77034  167.70364      8.895    -0.6385    -0.6429  22.228796  22.237993    26.6480    26.6640    370.568    363.650     0.1076     4.5788     0.1050     0.1050     0.0952     0.0293       1623     1.1264       6.11     2.5983     2.2650 -9.990e-29
      8.869   73.77034  167.70364      8.961    -0.6394    -0.6435  22.229750  22.240209    26.6501    26.6674    370.576    364.158     0.1076     4.5788     0.1050     0.1050     0.0952     0.0293       1624     1.1271       6.03     2.5983     2.2674 -9.990e-29
      8.803   73.77034  167.70364      8.895    -0.6400    -0.6432  22.230591  22.240789    26.6517    26.6680    370.790    364.405     0.1076     4.5788     0.1050     0.1050     0.0952     0.0293       1625     1.1278       6.62     2.5995     2.2686 -9.990e-29
      8.811   73.77034  167.70364      8.903    -0.6407    -0.6430  22.230984  22.238995    26.6528    26.6654    370.794    364.156     0.1076     4.5775     0.1050     0.1050     0.0963     0.0293       1626     1.1285       6.72     2.5995     2.2674 -9.990e-29
      8.803   73.77034  167.70364      8.895    -0.6411    -0.6430  22.232274  22.237887    26.6549    26.6640    370.578    364.160     0.1076     4.5788     0.1050     0.1050     0.0952     0.0293       1627     1.1292       6.15     2.5983     2.2674 -9.990e-29
      8.754   73.77034  167.70364      8.845    -0.6415    -0.6429  22.233115  22.240895    26.6563    26.6678    370.575    364.145     0.1076     4.5788     0.1050     0.1050     0.0952     0.0293       1628     1.1299       5.57     2.5983     2.2674 -9.990e-29
      8.803   73.77034  167.70364      8.895    -0.6416    -0.6424  22.234461  22.244852    26.6582    26.6726    370.573    363.874     0.1076     4.5775     0.1038     0.1038     0.0963     0.0293       1629     1.1306       5.62     2.5983     2.2662 -9.990e-29
      8.754   73.77034  167.70364      8.845    -0.6419    -0.6413  22.238949  22.245644    26.6644    26.6727    370.557    363.606     0.1076     4.5788     0.1050     0.1050     0.0952     0.0293       1630     1.1313       5.89     2.5983     2.2650 -9.990e-29
