Continuous CTD Data/01_SBE Stage/nabos_01_02.cnv
* Sea-Bird SBE 9 Data File:
* FileName = D:\CTD\data\HLY2502\raw\NABOS_01_02.hex
* Software Version Seasave V 7.26.7.110
* Temperature SN = 6954
* Conductivity SN = 2561
* Number of Bytes Per Scan = 37
* Number of Voltage Words = 4
* Number of Scans Averaged by the Deck Unit = 1
* NMEA Latitude = 73 46.22 N
* NMEA Longitude = 167 42.20 E
* NMEA UTC (Time) = Sep 13 2025  16:38:43
* NMEA baud rate = 9600
** Ship: USCG HEALY
** Bot. Depth:  43
** Cast Number:  02
** Station Name:  NABOS
** Station Number:  01
** Operator:  STARC
# nquan = 24
# nvalues = 15600                       
# units = specified
# name 0 = depSM: Depth [salt water, m]
# name 1 = latitude: Latitude [deg]
# name 2 = longitude: Longitude [deg]
# name 3 = prDM: Pressure, Digiquartz [db]
# name 4 = t090C: Temperature [ITS-90, deg C]
# name 5 = t190C: Temperature, 2 [ITS-90, deg C]
# name 6 = c0mS/cm: Conductivity [mS/cm]
# name 7 = c1mS/cm: Conductivity, 2 [mS/cm]
# name 8 = sal00: Salinity, Practical [PSU]
# name 9 = sal11: Salinity, Practical, 2 [PSU]
# name 10 = sbox0Mm/Kg: Oxygen, SBE 43 [umol/kg]
# name 11 = sbox1Mm/Kg: Oxygen, SBE 43, 2 [umol/kg]
# name 12 = flECO-AFL: Fluorescence, WET Labs ECO-AFL/FL [mg/m^3]
# name 13 = v2: Voltage 2
# name 14 = wetCDOM: Fluorescence, WET Labs CDOM [mg/m^3]
# name 15 = v6: Voltage 6
# name 16 = CStarAt0: Beam Attenuation, WET Labs C-Star [1/m]
# name 17 = v3: Voltage 3
# name 18 = scan: Scan Count
# name 19 = timeM: Time, Elapsed [minutes]
# name 20 = altM: Altimeter [m]
# name 21 = sbeox0V: Oxygen raw, SBE 43 [V]
# name 22 = sbeox1V: Oxygen raw, SBE 43, 2 [V]
# name 23 = flag:  0.000e+00
# span 0 =      2.865,     36.790       
# span 1 =   73.77032,   73.77076       
# span 2 =  167.70326,  167.70592       
# span 3 =      2.895,     37.178       
# span 4 =    -1.4554,    -0.5639       
# span 5 =    -1.4542,    -0.5690       
# span 6 =  22.111501,  23.881732       
# span 7 =  22.110792,  23.877985       
# span 8 =    26.4762,    29.6044       
# span 9 =    26.4743,    29.5985       
# span 10 =    266.928,    379.316      
# span 11 =    261.829,    367.111      
# span 12 =     0.0466,     0.9013      
# span 13 =     4.2234,     4.6300      
# span 14 =     0.0916,     0.1221      
# span 15 =     0.0916,     0.1221      
# span 16 =     0.0506,     0.4186      
# span 17 =     0.0269,     0.0611      
# span 18 =          1,      15600      
# span 19 =     0.0000,    10.8326      
# span 20 =       0.00,     100.00      
# span 21 =     2.0011,     2.6459      
# span 22 =     1.7692,     2.2821      
# span 23 = 0.0000e+00, 0.0000e+00      
# interval = seconds: 0.0416667
# start_time = Sep 13 2025 16:38:43 [NMEA time, header]
# bad_flag = -9.990e-29
*END*
[from data line 2657]
      6.815   73.77036  167.70392      6.887    -0.6226    -0.6243  22.133568  22.139713    26.5102    26.5198    370.477    362.997     0.1076     4.5849     0.1026     0.1026     0.0899     0.0293       2658     1.8451       2.78     2.5971     2.2613 0.0000e+00
      6.815   73.77036  167.70392      6.887    -0.6226    -0.6244  22.133960  22.140293    26.5108    26.5207    370.261    363.250     0.1076     4.5849     0.1026     0.1026     0.0899     0.0293       2659     1.8458       2.54     2.5959     2.2625 -9.990e-29
      6.807   73.77036  167.70392      6.878    -0.6229    -0.6247  22.135136  22.140556    26.5126    26.5213    370.474    363.505     0.1076     4.5861     0.1026     0.1026     0.0888     0.0293       2660     1.8465       2.37     2.5971     2.2637 -9.990e-29
      6.815   73.77036  167.70392      6.887    -0.6229    -0.6246  22.136312  22.140609    26.5141    26.5212    370.470    363.505     0.1076     4.5849     0.1026     0.1026     0.0899     0.0293       2661     1.8472       2.42     2.5971     2.2637 -9.990e-29
      6.807   73.77036  167.70392      6.878    -0.6237    -0.6248  22.138328  22.141083    26.5175    26.5221    370.468    363.250     0.1076     4.5849     0.1026     0.1026     0.0899     0.0293       2662     1.8479       2.44     2.5971     2.2625 -9.990e-29
      6.930   73.77036  167.70392      7.003    -0.6243    -0.6249  22.139673  22.141558    26.5197    26.5227    370.260    363.255     0.1076     4.5849     0.1026     0.1026     0.0899     0.0293       2663     1.8486       2.37     2.5959     2.2625 0.0000e+00
      6.864   73.77036  167.70392      6.936    -0.6243    -0.6250  22.139953  22.142084    26.5201    26.5236    370.685    362.997     0.1076     4.5861     0.1026     0.1026     0.0888     0.0293       2664     1.8493       2.52     2.5983     2.2613 -9.990e-29
      6.873   73.77036  167.70392      6.945    -0.6247    -0.6253  22.140177  22.142664    26.5208    26.5246    370.474    362.743     0.1076     4.5849     0.1026     0.1026     0.0899     0.0293       2665     1.8500       2.66     2.5971     2.2601 -9.990e-29
      6.930   73.77036  167.70392      7.003    -0.6249    -0.6255  22.140233  22.142664    26.5210    26.5247    370.478    362.493     0.0771     4.5849     0.1026     0.1026     0.0899     0.0281       2666     1.8507       2.66     2.5971     2.2589 -9.990e-29
      6.930   73.77036  167.70392      7.003    -0.6248    -0.6253  22.140905  22.141241    26.5217    26.5227    370.689    362.497     0.1076     4.5849     0.1026     0.1026     0.0899     0.0293       2667     1.8514       2.56     2.5983     2.2589 -9.990e-29
      6.930   73.77036  167.70392      7.003    -0.6252    -0.6252  22.140625  22.140451    26.5218    26.5215    370.479    362.499     0.1076     4.5849     0.1026     0.1026     0.0899     0.0293       2668     1.8521       2.83     2.5971     2.2589 -9.990e-29
      6.930   73.77036  167.70392      7.003    -0.6246    -0.6249  22.139281  22.140767    26.5195    26.5216    370.694    362.749     0.1076     4.5849     0.1026     0.1026     0.0899     0.0293       2669     1.8528       2.64     2.5983     2.2601 -9.990e-29
      6.988   73.77036  167.70392      7.061    -0.6243    -0.6249  22.139897  22.141821    26.5200    26.5230    370.477    362.748     0.1076     4.5788     0.1026     0.1026     0.0952     0.0293       2670     1.8535       2.39     2.5971     2.2601 0.0000e+00
      6.996   73.77036  167.70392      7.069    -0.6250    -0.6252  22.142250  22.143296    26.5237    26.5252    370.475    362.492     0.1076     4.5763     0.1026     0.1026     0.0973     0.0293       2671     1.8542       2.32     2.5971     2.2589 0.0000e+00
      6.988   73.77036  167.70392      7.061    -0.6254    -0.6255  22.142754  22.143244    26.5247    26.5254    370.476    362.494     0.1076     4.5763     0.1026     0.1026     0.0973     0.0293       2672     1.8549       2.44     2.5971     2.2589 -9.990e-29
      6.996   73.77036  167.70392      7.069    -0.6254    -0.6257  22.141017  22.143454    26.5224    26.5259    370.483    362.496     0.0771     4.5763     0.1026     0.1026     0.0973     0.0281       2673     1.8556       2.59     2.5971     2.2589 -9.990e-29
      7.053   73.77036  167.70392      7.127    -0.6246    -0.6255  22.139057  22.144034    26.5191    26.5264    370.486    362.494     0.1076     4.5763     0.1026     0.1026     0.0973     0.0293       2674     1.8562       2.52     2.5971     2.2589 0.0000e+00
      7.045   73.77036  167.70392      7.119    -0.6243    -0.6256  22.137489  22.143665    26.5168    26.5261    370.489    363.005     0.0771     4.5763     0.1026     0.1026     0.0973     0.0281       2675     1.8569       2.34     2.5971     2.2613 -9.990e-29
      7.053   73.77036  167.70392      7.127    -0.6238    -0.6255  22.135696  22.143349    26.5140    26.5255    370.492    363.005     0.1076     4.5775     0.1026     0.1026     0.0963     0.0293       2676     1.8576       2.30     2.5971     2.2613 -9.990e-29
      7.045   73.77036  167.70392      7.119    -0.6229    -0.6256  22.133680  22.142243    26.5106    26.5242    370.491    363.265     0.1076     4.5775     0.1026     0.1026     0.0963     0.0293       2677     1.8583       2.25     2.5971     2.2625 -9.990e-29
      7.119   73.77036  167.70392      7.193    -0.6224    -0.6250  22.134072  22.140135    26.5107    26.5209    370.490    363.271     0.1076     4.5775     0.1026     0.1026     0.0963     0.0293       2678     1.8590       2.20     2.5971     2.2625 0.0000e+00
      7.111   73.77036  167.70392      7.185    -0.6229    -0.6243  22.136089  22.139977    26.5137    26.5201    370.486    363.011     0.0771     4.5775     0.1026     0.1026     0.0963     0.0281       2679     1.8597       2.08     2.5971     2.2613 -9.990e-29
      7.119   73.77036  167.70392      7.193    -0.6229    -0.6252  22.137601  22.142980    26.5157    26.5247    370.695    362.753     0.1076     4.5775     0.1026     0.1026     0.0963     0.0293       2680     1.8604       1.93     2.5983     2.2601 -9.990e-29
      7.168   73.77036  167.70392      7.243    -0.6237    -0.6252  22.138609  22.143455    26.5176    26.5253    370.486    362.499     0.1076     4.5763     0.1026     0.1026     0.0973     0.0293       2681     1.8611       1.93     2.5971     2.2589 0.0000e+00
      7.119   73.77036  167.70392      7.193    -0.6240    -0.6252  22.140065  22.142980    26.5199    26.5247    370.480    362.499     0.1076     4.5775     0.1026     0.1026     0.0963     0.0293       2682     1.8618       1.86     2.5971     2.2589 -9.990e-29
      7.168   73.77036  167.70392      7.243    -0.6249    -0.6252  22.143482  22.142664    26.5251    26.5243    370.693    363.011     0.1076     4.5763     0.1026     0.1026     0.0973     0.0293       2683     1.8625       1.90     2.5983     2.2613 -9.990e-29
      7.176   73.77036  167.70392      7.251    -0.6256    -0.6247  22.145835  22.141242    26.5288    26.5220    370.476    363.013     0.1076     4.5775     0.1050     0.1050     0.0963     0.0293       2684     1.8632       1.76     2.5971     2.2613 0.0000e+00
      7.234   73.77036  167.70392      7.309    -0.6261    -0.6244  22.146283  22.139767    26.5298    26.5198    370.696    362.510     0.1076     4.5775     0.1050     0.1050     0.0963     0.0293       2685     1.8639       1.51     2.5983     2.2589 0.0000e+00
      7.234   73.77036  167.70392      7.309    -0.6269    -0.6244  22.147123  22.139925    26.5316    26.5200    370.485    362.000     0.1076     4.5775     0.1050     0.1050     0.0963     0.0293       2686     1.8646       1.42     2.5971     2.2564 -9.990e-29
      7.168   73.77036  167.70392      7.243    -0.6270    -0.6246  22.147403  22.141242    26.5321    26.5219    370.696    361.485     0.1076     4.5775     0.1050     0.1050     0.0963     0.0293       2687     1.8653       1.47     2.5983     2.2540 -9.990e-29
      7.234   73.77036  167.70392      7.309    -0.6269    -0.6249  22.146227  22.143349    26.5305    26.5249    370.488    361.738     0.1076     4.5775     0.1050     0.1050     0.0963     0.0293       2688     1.8660       1.61     2.5971     2.2552 -9.990e-29
      7.234   73.77036  167.70392      7.309    -0.6260    -0.6252  22.143482  22.145299    26.5260    26.5277    370.276    361.478     0.1076     4.5763     0.1050     0.1050     0.0973     0.0293       2689     1.8667       1.86     2.5959     2.2540 -9.990e-29
      7.299   73.77036  167.70392      7.376    -0.6249    -0.6256  22.140794  22.146774    26.5215    26.5300    370.710    361.226     0.1076     4.5775     0.1050     0.1050     0.0963     0.0293       2690     1.8674       1.93     2.5983     2.2528 0.0000e+00
      7.234   73.77036  167.70392      7.309    -0.6246    -0.6262  22.139842  22.147459    26.5200    26.5315    370.492    361.225     0.1076     4.5775     0.1050     0.1050     0.0963     0.0293       2691     1.8681       2.30     2.5971     2.2528 -9.990e-29
      7.299   73.77036  167.70392      7.376    -0.6248    -0.6262  22.139618  22.146880    26.5199    26.5307    370.713    361.485     0.1076     4.5775     0.1062     0.1062     0.0963     0.0293       2692     1.8687       2.83     2.5983     2.2540 -9.990e-29
      7.299   73.77036  167.70392      7.376    -0.6243    -0.6262  22.138161  22.146511    26.5175    26.5302    370.499    361.740     0.1076     4.5775     0.1050     0.1050     0.0963     0.0293       2693     1.8694       3.00     2.5971     2.2552 -9.990e-29
      7.291   73.77036  167.70392      7.367    -0.6237    -0.6264  22.136369  22.145562    26.5146    26.5291    370.715    361.745     0.1076     4.5775     0.1050     0.1050     0.0963     0.0293       2694     1.8701       3.13     2.5983     2.2552 -9.990e-29
      7.299   73.77036  167.70392      7.376    -0.6237    -0.6264  22.136649  22.144298    26.5150    26.5274    370.500    361.496     0.1076     4.5775     0.1050     0.1050     0.0963     0.0293       2695     1.8708       3.15     2.5971     2.2540 -9.990e-29
      7.348   73.77036  167.70392      7.425    -0.6237    -0.6256  22.137321  22.141980    26.5159    26.5236    370.285    361.245     0.0771     4.5775     0.1062     0.1062     0.0963     0.0281       2696     1.8715       2.86     2.5959     2.2528 0.0000e+00
      7.299   73.77036  167.70392      7.376    -0.6238    -0.6252  22.137993  22.141242    26.5169    26.5223    370.496    361.497     0.1076     4.5775     0.1050     0.1050     0.0963     0.0293       2697     1.8722       2.66     2.5971     2.2540 -9.990e-29
      7.348   73.77036  167.70392      7.425    -0.6237    -0.6253  22.138049  22.142085    26.5168    26.5236    370.497    362.006     0.1076     4.5775     0.1050     0.1050     0.0963     0.0293       2698     1.8729       2.69     2.5971     2.2564 -9.990e-29
      7.299   73.77036  167.70394      7.376    -0.6241    -0.6253  22.140682  22.142717    26.5207    26.5244    370.488    362.256     0.1076     4.5775     0.1050     0.1050     0.0963     0.0293       2699     1.8736       2.66     2.5971     2.2576 -9.990e-29
      7.348   73.77036  167.70394      7.425    -0.6260    -0.6252  22.146283  22.143929    26.5296    26.5258    370.486    362.506     0.1076     4.5775     0.1050     0.1050     0.0963     0.0293       2700     1.8743       2.66     2.5971     2.2589 -9.990e-29
      7.414   73.77036  167.70394      7.492    -0.6280    -0.6259  22.152614  22.145721    26.5396    26.5288    370.697    362.510     0.0771     4.5775     0.1050     0.1050     0.0963     0.0281       2701     1.8750       2.34     2.5983     2.2589 0.0000e+00
      7.291   73.77036  167.70394      7.367    -0.6287    -0.6264  22.156535  22.147354    26.5455    26.5314    370.468    362.501     0.1076     4.5775     0.1050     0.1050     0.0963     0.0293       2702     1.8757       2.05     2.5971     2.2589 -9.990e-29
      7.414   73.77036  167.70394      7.492    -0.6278    -0.6265  22.156984  22.147776    26.5452    26.5320    370.249    362.761     0.0771     4.5775     0.1050     0.1050     0.0963     0.0281       2703     1.8764       2.00     2.5959     2.2601 -9.990e-29
      7.348   73.77036  167.70394      7.425    -0.6285    -0.6268  22.156703  22.147775    26.5455    26.5323    370.468    362.760     0.1076     4.5775     0.1050     0.1050     0.0963     0.0293       2704     1.8771       1.86     2.5971     2.2601 -9.990e-29
      7.414   73.77036  167.70394      7.492    -0.6289    -0.6270  22.156143  22.147828    26.5451    26.5325    370.477    362.765     0.1076     4.5775     0.1050     0.1050     0.0963     0.0293       2705     1.8778       1.76     2.5971     2.2601 -9.990e-29
      7.348   73.77036  167.70394      7.425    -0.6289    -0.6273  22.155471  22.148302    26.5442    26.5334    370.476    363.017     0.1076     4.5775     0.1050     0.1050     0.0963     0.0293       2706     1.8785       1.90     2.5971     2.2613 -9.990e-29
      7.414   73.77036  167.70394      7.492    -0.6291    -0.6273  22.156311  22.148619    26.5455    26.5338    370.478    363.528     0.1076     4.5775     0.1050     0.1050     0.0963     0.0293       2707     1.8792       2.12     2.5971     2.2637 -9.990e-29
      7.471   73.77036  167.70394      7.550    -0.6292    -0.6279  22.158721  22.149146    26.5487    26.5350    370.473    363.534     0.1076     4.5775     0.1050     0.1050     0.0963     0.0293       2708     1.8799       2.10     2.5971     2.2637 0.0000e+00
      7.357   73.77036  167.70394      7.434    -0.6297    -0.6278  22.160906  22.150568    26.5520    26.5368    370.463    364.030     0.1076     4.5775     0.1050     0.1050     0.0963     0.0293       2709     1.8806       2.47     2.5971     2.2662 -9.990e-29
      7.471   73.77036  167.70394      7.550    -0.6305    -0.6284  22.163091  22.152255    26.5555    26.5395    370.467    364.035     0.1076     4.5775     0.1050     0.1050     0.0963     0.0293       2710     1.8813       2.78     2.5971     2.2662 -9.990e-29
      7.414   73.77036  167.70394      7.492    -0.6311    -0.6284  22.164156  22.152571    26.5575    26.5399    370.465    364.285     0.1076     4.5775     0.1038     0.1038     0.0963     0.0293       2711     1.8819       2.95     2.5971     2.2674 -9.990e-29
      7.471   73.77036  167.70394      7.550    -0.6318    -0.6282  22.164828  22.152360    26.5590    26.5395    370.472    364.033     0.1076     4.5788     0.1026     0.1026     0.0952     0.0293       2712     1.8826       2.74     2.5971     2.2662 -9.990e-29
      7.480   73.77036  167.70394      7.558    -0.6322    -0.6282  22.164996  22.151991    26.5595    26.5390    370.690    364.290     0.1076     4.5788     0.1026     0.1026     0.0952     0.0293       2713     1.8833       2.59     2.5983     2.2674 0.0000e+00
      7.414   73.77036  167.70394      7.492    -0.6323    -0.6284  22.165669  22.153203    26.5606    26.5408    370.470    364.283     0.1076     4.5775     0.1026     0.1026     0.0963     0.0293       2714     1.8840       2.52     2.5971     2.2674 -9.990e-29
      7.471   73.77036  167.70394      7.550    -0.6324    -0.6287  22.166901  22.154995    26.5622    26.5433    370.684    364.282     0.1076     4.5788     0.1038     0.1038     0.0952     0.0293       2715     1.8847       2.95     2.5983     2.2674 -9.990e-29
      7.480   73.77036  167.70394      7.558    -0.6331    -0.6290  22.168582  22.155469    26.5651    26.5443    370.469    364.538     0.1076     4.5775     0.1026     0.1026     0.0963     0.0293       2716     1.8854       3.42     2.5971     2.2686 -9.990e-29
