Continuous CTD Data/01_SBE Stage/nabos_09_02avg.cnv
* Sea-Bird SBE 9 Data File:
* FileName = D:\CTD\data\HLY2502\raw\NABOS_09_02.hex
* Software Version Seasave V 7.26.7.110
* Temperature SN = 6954
* Conductivity SN = 2561
* Number of Bytes Per Scan = 37
* Number of Voltage Words = 4
* Number of Scans Averaged by the Deck Unit = 1
* NMEA Latitude = 76 20.13 N
* NMEA Longitude = 178 35.91 E
* NMEA UTC (Time) = Sep 15 2025  05:01:14
* NMEA baud rate = 9600
** Ship: USCG HEALY
** Bot. Depth:  1161
** Cast Number:  02
** Station Name:  NABOS
** Station Number:  09
** Operator:  STARC
# nquan = 25
# nvalues = 1179                        
# units = specified
# name 0 = depSM: Depth [salt water, m]
# name 1 = latitude: Latitude [deg]
# name 2 = longitude: Longitude [deg]
# name 3 = prDM: Pressure, Digiquartz [db]
# name 4 = t090C: Temperature [ITS-90, deg C]
# name 5 = t190C: Temperature, 2 [ITS-90, deg C]
# name 6 = c0mS/cm: Conductivity [mS/cm]
# name 7 = c1mS/cm: Conductivity, 2 [mS/cm]
# name 8 = sal00: Salinity, Practical [PSU]
# name 9 = sal11: Salinity, Practical, 2 [PSU]
# name 10 = sbox0Mm/Kg: Oxygen, SBE 43 [umol/kg]
# name 11 = sbox1Mm/Kg: Oxygen, SBE 43, 2 [umol/kg]
# name 12 = flECO-AFL: Fluorescence, WET Labs ECO-AFL/FL [mg/m^3]
# name 13 = v2: Voltage 2
# name 14 = wetCDOM: Fluorescence, WET Labs CDOM [mg/m^3]
# name 15 = v6: Voltage 6
# name 16 = CStarAt0: Beam Attenuation, WET Labs C-Star [1/m]
# name 17 = v3: Voltage 3
# name 18 = scan: Scan Count
# name 19 = timeM: Time, Elapsed [minutes]
# name 20 = altM: Altimeter [m]
# name 21 = sbeox0V: Oxygen raw, SBE 43 [V]
# name 22 = sbeox1V: Oxygen raw, SBE 43, 2 [V]
# name 23 = nbin: number of scans per bin
# name 24 = flag: flag
# span 0 =      2.968,   1165.353       
# span 1 =   76.33544,   76.33623       
# span 2 =  178.59694,  178.59852       
# span 3 =      3.000,   1181.000       
# span 4 =    -1.6788,     0.8634       
# span 5 =    -1.6788,     0.8633       
# span 6 =  23.042495,  29.765726       
# span 7 =  23.041406,  29.763715       
# span 8 =    28.5534,    34.8937       
# span 9 =    28.5517,    34.8912       
# span 10 =    272.405,    383.965      
# span 11 =    267.843,    373.258      
# span 12 =    -0.1890,     0.3360      
# span 13 =     4.6052,     4.6630      
# span 14 =     0.0683,     0.1204      
# span 15 =     0.0683,     0.1204      
# span 16 =     0.0222,     0.0721      
# span 17 =     0.0174,     0.0385      
# span 18 =       3821,      41509      
# span 19 =     2.6528,    28.8248      
# span 20 =       4.90,     100.00      
# span 21 =     1.9298,     2.6731      
# span 22 =     1.7129,     2.3103      
# span 23 =          6,         28      
# span 24 = 0.0000e+00, 0.0000e+00      
# interval = decibars: 1                
# start_time = Sep 15 2025 05:01:14 [NMEA time, header]
# bad_flag = -9.990e-29
*END*
[from data line 754]
    747.727   76.33600  178.59804    757.000    -0.1482    -0.1481  29.104008  29.102227    34.8020    34.7996    299.943    295.429    -0.1708     4.6593     0.0818     0.0818     0.0254     0.0182      25852    17.9520     100.00     2.1627     1.9088         13 0.0000e+00
    748.713   76.33600  178.59806    758.000    -0.1483    -0.1482  29.104339  29.102621    34.8019    34.7995    300.030    296.349    -0.1732     4.6593     0.0818     0.0818     0.0254     0.0181      25876    17.9689     100.00     2.1630     1.9130         15 0.0000e+00
    749.699   76.33600  178.59806    759.000    -0.1482    -0.1482  29.104774  29.103199    34.8018    34.7997    299.906    294.038    -0.1736     4.6593     0.0828     0.0828     0.0254     0.0180      25900    17.9857     100.00     2.1620     1.9019         14 0.0000e+00
    750.684   76.33600  178.59806    760.000    -0.1488    -0.1489  29.104793  29.102943    34.8019    34.7996    299.965    294.130    -0.1346     4.6593     0.0822     0.0822     0.0254     0.0196      25924    18.0024     100.00     2.1621     1.9021         13 0.0000e+00
    751.671   76.33600  178.59806    761.000    -0.1486    -0.1487  29.105272  29.103499    34.8018    34.7996    300.058    294.122    -0.1365     4.6592     0.0818     0.0818     0.0255     0.0195      25948    18.0191     100.00     2.1624     1.9019         14 0.0000e+00
    752.656   76.33602  178.59806    762.000    -0.1316    -0.1298  29.122814  29.122298    34.8052    34.8024    299.821    291.687    -0.1687     4.6593     0.0818     0.0818     0.0254     0.0182      25973    18.0359     100.00     2.1618     1.8910         13 0.0000e+00
    753.642   76.33602  178.59806    763.000    -0.0811    -0.0813  29.171638  29.168966    34.8120    34.8087    299.435    295.478    -0.1690     4.6593     0.0818     0.0818     0.0254     0.0182      25997    18.0528     100.00     2.1620     1.9108         16 0.0000e+00
    754.628   76.33602  178.59806    764.000    -0.0071    -0.0084  29.240324  29.237321    34.8185    34.8161    298.956    293.072    -0.1487     4.6593     0.0821     0.0821     0.0254     0.0190      26021    18.0694     100.00     2.1628     1.9023         15 0.0000e+00
    755.614   76.33602  178.59808    765.000    -0.0057    -0.0055  29.242858  29.241265    34.8197    34.8174    299.066    292.831    -0.1677     4.6593     0.0840     0.0840     0.0254     0.0183      26045    18.0862     100.00     2.1633     1.9011         14 0.0000e+00
    756.600   76.33602  178.59808    766.000    -0.0056    -0.0059  29.243899  29.241891    34.8204    34.8180    298.777    290.836    -0.1717     4.6593     0.0819     0.0819     0.0254     0.0181      26069    18.1028     100.00     2.1615     1.8915         13 0.0000e+00
    757.586   76.33602  178.59808    767.000    -0.0058    -0.0056  29.244553  29.242845    34.8208    34.8184    298.300    294.876    -0.1715     4.6594     0.0818     0.0818     0.0253     0.0181      26093    18.1196     100.00     2.1586     1.9104         14 0.0000e+00
    758.572   76.33602  178.59808    768.000    -0.0059    -0.0059  29.245034  29.243285    34.8211    34.8187    297.738    292.257    -0.1469     4.6594     0.0809     0.0809     0.0253     0.0191      26117    18.1364     100.00     2.1552     1.8979         14 0.0000e+00
    759.558   76.33602  178.59808    769.000    -0.0060    -0.0058  29.245625  29.243944    34.8214    34.8189    297.189    290.093    -0.1607     4.6597     0.0819     0.0819     0.0251     0.0186      26142    18.1534     100.00     2.1519     1.8875         14 0.0000e+00
    760.544   76.33602  178.59808    770.000    -0.0060    -0.0060  29.246066  29.244420    34.8213    34.8192    296.941    292.155    -0.1505     4.6595     0.0825     0.0825     0.0252     0.0190      26166    18.1698     100.00     2.1503     1.8970         13 0.0000e+00
    761.530   76.33602  178.59808    771.000    -0.0057    -0.0054  29.246891  29.245416    34.8215    34.8192    296.642    291.507    -0.1363     4.6604     0.0821     0.0821     0.0245     0.0195      26190    18.1868     100.00     2.1485     1.8938         16 0.0000e+00
    762.516   76.33602  178.59808    772.000    -0.0050    -0.0049  29.248065  29.246386    34.8217    34.8193    296.457    290.578    -0.1624     4.6606     0.0827     0.0827     0.0243     0.0185      26214    18.2037     100.00     2.1473     1.8893         14 0.0000e+00
    763.501   76.33602  178.59810    773.000    -0.0047    -0.0044  29.248911  29.247279    34.8219    34.8194    296.334    290.451    -0.1709     4.6608     0.0817     0.0817     0.0241     0.0181      26239    18.2206     100.00     2.1464     1.8885         16 0.0000e+00
    764.487   76.33602  178.59810    774.000    -0.0048    -0.0046  29.249274  29.247618    34.8219    34.8195    296.102    290.584    -0.1357     4.6607     0.0818     0.0818     0.0242     0.0196      26263    18.2373     100.00     2.1448     1.8890         14 0.0000e+00
    765.473   76.33602  178.59810    775.000    -0.0046    -0.0044  29.249979  29.248387    34.8220    34.8197    295.982    289.596    -0.1701     4.6616     0.0818     0.0818     0.0235     0.0182      26287    18.2540     100.00     2.1440     1.8841         11 0.0000e+00
    766.459   76.33604  178.59810    776.000    -0.0044    -0.0046  29.250586  29.248607    34.8221    34.8196    295.782    290.454    -0.1421     4.6615     0.0838     0.0838     0.0235     0.0193      26311    18.2710     100.00     2.1427     1.8880         18 0.0000e+00
    767.445   76.33604  178.59810    777.000    -0.0047    -0.0047  29.250841  29.249050    34.8221    34.8198    295.802    289.827    -0.1750     4.6615     0.0826     0.0826     0.0236     0.0180      26335    18.2878     100.00     2.1425     1.8849         14 0.0000e+00
    768.431   76.33604  178.59810    778.000    -0.0052    -0.0048  29.250865  29.249448    34.8222    34.8198    295.943    291.367    -0.1703     4.6618     0.0812     0.0812     0.0233     0.0182      26359    18.3045     100.00     2.1431     1.8919         17 0.0000e+00
    769.417   76.33604  178.59810    779.000    -0.0080    -0.0078  29.248801  29.247168    34.8220    34.8196    296.038    291.753    -0.1747     4.6616     0.0811     0.0811     0.0235     0.0180      26383    18.3212     100.00     2.1432     1.8934         16 0.0000e+00
    770.403   76.33604  178.59812    780.000    -0.0218    -0.0224  29.237050  29.234555    34.8215    34.8189    296.143    291.436    -0.1528     4.6614     0.0822     0.0822     0.0236     0.0189      26408    18.3380     100.00     2.1429     1.8912         18 0.0000e+00
    771.388   76.33604  178.59812    781.000    -0.0346    -0.0350  29.225462  29.223534    34.8200    34.8180    296.274    290.565    -0.1344     4.6609     0.0828     0.0828     0.0241     0.0196      26432    18.3545     100.00     2.1428     1.8864         14 0.0000e+00
    772.374   76.33604  178.59812    782.000    -0.0430    -0.0419  29.218607  29.217795    34.8199    34.8177    296.262    290.614    -0.1582     4.6617     0.0806     0.0806     0.0234     0.0186      26456    18.3714     100.00     2.1421     1.8862         17 0.0000e+00
    773.360   76.33604  178.59812    783.000    -0.0422    -0.0432  29.219684  29.216947    34.8198    34.8174    296.168    289.497    -0.1511     4.6616     0.0818     0.0818     0.0234     0.0189      26480    18.3882     100.00     2.1414     1.8806         15 0.0000e+00
    774.346   76.33604  178.59812    784.000    -0.0421    -0.0422  29.220110  29.218217    34.8198    34.8174    296.321    290.197    -0.1367     4.6613     0.0828     0.0828     0.0237     0.0195      26504    18.4050     100.00     2.1420     1.8838         16 0.0000e+00
    775.332   76.33604  178.59812    785.000    -0.0512    -0.0501  29.212228  29.211513    34.8191    34.8168    296.548    292.008    -0.1366     4.6616     0.0830     0.0830     0.0234     0.0195      26528    18.4218     100.00     2.1426     1.8918         16 0.0000e+00
    776.318   76.33604  178.59812    786.000    -0.0640    -0.0658  29.201040  29.197835    34.8182    34.8159    296.704    291.037    -0.1691     4.6615     0.0823     0.0823     0.0236     0.0182      26553    18.4388     100.00     2.1426     1.8864         19 0.0000e+00
    777.303   76.33604  178.59814    787.000    -0.0793    -0.0784  29.188105  29.187153    34.8178    34.8155    296.777    290.783    -0.1695     4.6613     0.0818     0.0818     0.0237     0.0182      26577    18.4552     100.00     2.1421     1.8845         14 0.0000e+00
    778.289   76.33606  178.59814    788.000    -0.0793    -0.0793  29.188333  29.186503    34.8175    34.8151    296.625    290.992    -0.1355     4.6612     0.0818     0.0818     0.0238     0.0195      26601    18.4724     100.00     2.1410     1.8853         19 0.0000e+00
    779.275   76.33606  178.59814    789.000    -0.0778    -0.0772  29.190010  29.188688    34.8175    34.8150    296.633    291.746    -0.1366     4.6617     0.0821     0.0821     0.0234     0.0195      26625    18.4891     100.00     2.1409     1.8887         17 0.0000e+00
    780.261   76.33606  178.59814    790.000    -0.0785    -0.0785  29.189745  29.187974    34.8173    34.8150    296.667    290.149    -0.1618     4.6615     0.0827     0.0827     0.0236     0.0185      26649    18.5058     100.00     2.1408     1.8810         17 0.0000e+00
    781.247   76.33606  178.59814    791.000    -0.0786    -0.0786  29.189986  29.188246    34.8172    34.8148    296.707    291.465    -0.1324     4.6614     0.0818     0.0818     0.0236     0.0197      26674    18.5227     100.00     2.1408     1.8870         16 0.0000e+00
    782.233   76.33606  178.59814    792.000    -0.0791    -0.0790  29.189961  29.188282    34.8171    34.8148    296.852    291.678    -0.1288     4.6615     0.0830     0.0830     0.0235     0.0198      26698    18.5395     100.00     2.1414     1.8878         16 0.0000e+00
    783.218   76.33606  178.59814    793.000    -0.0788    -0.0787  29.190668  29.189032    34.8171    34.8148    296.949    291.411    -0.1505     4.6608     0.0820     0.0820     0.0242     0.0190      26722    18.5561     100.00     2.1418     1.8864         15 0.0000e+00
    784.204   76.33606  178.59816    794.000    -0.0786    -0.0786  29.191180  29.189448    34.8170    34.8147    297.034    291.460    -0.1612     4.6612     0.0818     0.0818     0.0238     0.0185      26746    18.5731     100.00     2.1420     1.8864         14 0.0000e+00
    785.190   76.33606  178.59816    795.000    -0.0789    -0.0787  29.191445  29.189818    34.8170    34.8147    296.928    291.812    -0.1281     4.6607     0.0818     0.0818     0.0242     0.0199      26771    18.5900     100.00     2.1412     1.8879         13 0.0000e+00
    786.175   76.33606  178.59816    796.000    -0.0754    -0.0751  29.195064  29.193414    34.8173    34.8149    296.771    290.944    -0.1331     4.6614     0.0812     0.0812     0.0236     0.0196      26796    18.6074     100.00     2.1403     1.8838         17 0.0000e+00
    787.161   76.33606  178.59816    797.000    -0.0742    -0.0740  29.196553  29.194899    34.8173    34.8149    296.744    290.794    -0.1322     4.6612     0.0813     0.0813     0.0238     0.0197      26820    18.6244     100.00     2.1400     1.8829         14 0.0000e+00
    788.147   76.33606  178.59816    798.000    -0.0696    -0.0692  29.201219  29.199942    34.8177    34.8155    296.687    292.416    -0.1345     4.6609     0.0826     0.0826     0.0241     0.0196      26845    18.6413     100.00     2.1396     1.8906         15 0.0000e+00
    789.133   76.33606  178.59816    799.000    -0.0672    -0.0669  29.203840  29.202325    34.8179    34.8156    296.785    291.497    -0.1344     4.6603     0.0819     0.0819     0.0246     0.0196      26869    18.6584     100.00     2.1401     1.8862         14 0.0000e+00
    790.119   76.33607  178.59817    800.000    -0.0672    -0.0671  29.204386  29.202620    34.8181    34.8156    296.844    292.520    -0.1367     4.6607     0.0830     0.0830     0.0242     0.0195      26894    18.6754     100.00     2.1403     1.8908         13 0.0000e+00
    791.105   76.33608  178.59818    801.000    -0.0670    -0.0669  29.205097  29.203374    34.8181    34.8158    296.865    291.184    -0.1682     4.6608     0.0830     0.0830     0.0241     0.0183      26919    18.6928     100.00     2.1402     1.8844         16 0.0000e+00
    792.090   76.33608  178.59818    802.000    -0.0668    -0.0667  29.205613  29.203790    34.8180    34.8155    296.939    291.110    -0.1335     4.6601     0.0830     0.0830     0.0248     0.0196      26943    18.7098     100.00     2.1404     1.8838         15 0.0000e+00
    793.076   76.33608  178.59818    803.000    -0.0663    -0.0658  29.206518  29.205103    34.8180    34.8157    296.950    291.574    -0.1648     4.6600     0.0830     0.0830     0.0248     0.0184      26967    18.7266     100.00     2.1402     1.8859         11 0.0000e+00
    794.061   76.33608  178.59818    804.000    -0.0650    -0.0649  29.208133  29.206497    34.8182    34.8159    296.901    290.512    -0.1374     4.6606     0.0813     0.0813     0.0243     0.0195      26992    18.7437     100.00     2.1398     1.8808         11 0.0000e+00
    795.047   76.33608  178.59818    805.000    -0.0665    -0.0663  29.207304  29.205650    34.8181    34.8157    296.969    291.241    -0.1573     4.6610     0.0822     0.0822     0.0240     0.0187      27017    18.7610     100.00     2.1399     1.8839         13 0.0000e+00
    796.033   76.33608  178.59818    806.000    -0.0728    -0.0730  29.202042  29.200177    34.8178    34.8155    297.097    290.710    -0.1562     4.6616     0.0826     0.0826     0.0235     0.0187      27041    18.7781     100.00     2.1401     1.8810         14 0.0000e+00
    797.019   76.33608  178.59818    807.000    -0.0827    -0.0828  29.193831  29.191986    34.8175    34.8152    297.111    291.245    -0.1363     4.6609     0.0818     0.0818     0.0240     0.0195      27066    18.7951     100.00     2.1394     1.8829         14 0.0000e+00
    798.005   76.33608  178.59819    808.000    -0.0890    -0.0889  29.188771  29.187094    34.8174    34.8151    297.019    292.235    -0.1325     4.6606     0.0818     0.0818     0.0243     0.0197      27091    18.8122     100.00     2.1384     1.8871         15 0.0000e+00
    798.990   76.33608  178.59820    809.000    -0.0924    -0.0923  29.186150  29.184336    34.8172    34.8147    296.931    291.703    -0.1604     4.6610     0.0818     0.0818     0.0240     0.0186      27115    18.8291     100.00     2.1375     1.8843         12 0.0000e+00
    799.976   76.33608  178.59820    810.000    -0.0963    -0.0965  29.183004  29.181209    34.8169    34.8147    296.945    291.917    -0.1487     4.6607     0.0818     0.0818     0.0242     0.0190      27140    18.8463     100.00     2.1372     1.8850         15 0.0000e+00
    800.962   76.33608  178.59820    811.000    -0.1033    -0.1033  29.177129  29.175554    34.8164    34.8143    297.012    291.765    -0.1347     4.6607     0.0830     0.0830     0.0242     0.0196      27164    18.8634     100.00     2.1370     1.8838         17 0.0000e+00
    801.947   76.33608  178.59820    812.000    -0.1057    -0.1064  29.175492  29.173252    34.8164    34.8142    297.012    291.831    -0.1679     4.6611     0.0819     0.0819     0.0239     0.0183      27189    18.8805     100.00     2.1367     1.8838         19 0.0000e+00
    802.933   76.33609  178.59820    813.000    -0.1194    -0.1200  29.163525  29.161191    34.8155    34.8131    297.153    291.524    -0.1649     4.6607     0.0818     0.0818     0.0242     0.0184      27213    18.8975     100.00     2.1365     1.8816         15 0.0000e+00
