Continuous CTD Data/01_SBE Stage/nabos_19_01.ros
* Sea-Bird SBE 9 Data File:
* FileName = D:\CTD\data\HLY2502\raw\NABOS_19_01.hex
* Software Version Seasave V 7.26.7.110
* Temperature SN = 6954
* Conductivity SN = 2561
* Number of Bytes Per Scan = 37
* Number of Voltage Words = 4
* Number of Scans Averaged by the Deck Unit = 1
* NMEA Latitude = 78 13.65 N
* NMEA Longitude = 176 14.99 E
* NMEA UTC (Time) = Sep 17 2025  23:54:54
* NMEA baud rate = 9600
** Ship: USCG HEALY
** Bot. Depth:  1815
** Cast Number:  01
** Station Name:  NABOS
** Station Number:  19
** Operator:  STARC
# nquan = 25
# nvalues = 1078                                  
# units = specified
# name 0 = depSM: Depth [salt water, m]
# name 1 = latitude: Latitude [deg]
# name 2 = longitude: Longitude [deg]
# name 3 = prDM: Pressure, Digiquartz [db]
# name 4 = t090C: Temperature [ITS-90, deg C]
# name 5 = t190C: Temperature, 2 [ITS-90, deg C]
# name 6 = c0mS/cm: Conductivity [mS/cm]
# name 7 = c1mS/cm: Conductivity, 2 [mS/cm]
# name 8 = sal00: Salinity, Practical [PSU]
# name 9 = sal11: Salinity, Practical, 2 [PSU]
# name 10 = sbox0Mm/Kg: Oxygen, SBE 43 [umol/kg]
# name 11 = sbox1Mm/Kg: Oxygen, SBE 43, 2 [umol/kg]
# name 12 = flECO-AFL: Fluorescence, WET Labs ECO-AFL/FL [mg/m^3]
# name 13 = v2: Voltage 2
# name 14 = wetCDOM: Fluorescence, WET Labs CDOM [mg/m^3]
# name 15 = v6: Voltage 6
# name 16 = CStarAt0: Beam Attenuation, WET Labs C-Star [1/m]
# name 17 = v3: Voltage 3
# name 18 = scan: Scan Count
# name 19 = timeM: Time, Elapsed [minutes]
# name 20 = altM: Altimeter [m]
# name 21 = sbeox0V: Oxygen raw, SBE 43 [V]
# name 22 = sbeox1V: Oxygen raw, SBE 43, 2 [V]
# name 23 = nbf: Bottles Fired
# name 24 = flag:  0.000e+00
# interval = seconds: 0.0416667
# start_time = Sep 17 2025 23:54:54 [NMEA time, header]
# bad_flag = -9.990e-29
*END*
[from data line 232]
    301.029   78.24072  176.24710    304.454     0.8864     0.8863  29.786602  29.784186    34.7972    34.7941    296.608    289.889    -0.1976     4.6679     0.0818     0.0818     0.0180     0.0171      91667    63.6569     100.00     2.2990     2.0106          5  0.000e+00
    301.177   78.24072  176.24710    304.604     0.8862     0.8860  29.786540  29.784656    34.7972    34.7950    296.816    289.419    -0.1671     4.6691     0.0806     0.0806     0.0170     0.0183      91668    63.6576     100.00     2.3002     2.0081          5  0.000e+00
    301.095   78.24072  176.24710    304.520     0.8862     0.8863  29.786789  29.784479    34.7976    34.7945    296.812    288.939    -0.1671     4.6691     0.0806     0.0806     0.0170     0.0183      91669    63.6583     100.00     2.3002     2.0057          5  0.000e+00
    301.095   78.24072  176.24710    304.520     0.8859     0.8861  29.786228  29.784362    34.7972    34.7945    296.815    288.941    -0.1671     4.6691     0.0806     0.0806     0.0170     0.0183      91670    63.6590     100.00     2.3002     2.0057          5  0.000e+00
    301.119   78.24072  176.24710    304.545     0.8856     0.8862  29.785979  29.784714    34.7972    34.7948    296.818    289.178    -0.1671     4.6691     0.0818     0.0818     0.0170     0.0183      91671    63.6597     100.00     2.3002     2.0069          5  0.000e+00
    301.095   78.24072  176.24710    304.521     0.8859     0.8865  29.786228  29.784479    34.7972    34.7943    296.815    289.651    -0.1671     4.6691     0.0818     0.0818     0.0170     0.0183      91672    63.6604     100.00     2.3002     2.0094          5  0.000e+00
    301.152   78.24072  176.24710    304.579     0.8860     0.8863  29.786353  29.784538    34.7972    34.7945    296.816    289.892    -0.1671     4.6691     0.0818     0.0818     0.0170     0.0183      91673    63.6611     100.00     2.3002     2.0106          5  0.000e+00
    301.095   78.24072  176.24710    304.521     0.8864     0.8861  29.786291  29.784597    34.7967    34.7948    296.812    289.891    -0.1976     4.6691     0.0818     0.0818     0.0170     0.0171      91674    63.6618     100.00     2.3002     2.0106          5  0.000e+00
    301.119   78.24072  176.24710    304.546     0.8862     0.8861  29.786291  29.784597    34.7969    34.7948    296.814    290.130    -0.1976     4.6691     0.0818     0.0818     0.0170     0.0171      91675    63.6625     100.00     2.3002     2.0118          5  0.000e+00
    301.095   78.24072  176.24710    304.521     0.8865     0.8865  29.786540  29.784597    34.7969    34.7944    296.810    289.889    -0.1671     4.6691     0.0818     0.0818     0.0170     0.0183      91676    63.6632     100.00     2.3002     2.0106          5  0.000e+00
    301.152   78.24072  176.24710    304.579     0.8862     0.8863  29.786353  29.784421    34.7970    34.7944    296.815    289.655    -0.1671     4.6691     0.0818     0.0818     0.0170     0.0183      91677    63.6639     100.00     2.3002     2.0094          5  0.000e+00
    301.119   78.24072  176.24710    304.546     0.8865     0.8863  29.786727  29.784538    34.7971    34.7946    297.012    289.653    -0.1671     4.6691     0.0818     0.0818     0.0170     0.0183      91678    63.6646     100.00     2.3014     2.0094          5  0.000e+00
    301.095   78.24072  176.24710    304.521     0.8862     0.8860  29.786477  29.784186    34.7972    34.7944    296.812    289.893    -0.1671     4.6691     0.0806     0.0806     0.0170     0.0183      91679    63.6653     100.00     2.3002     2.0106          5  0.000e+00
    250.239   78.24130  176.24730    253.054     0.8571     0.8572  29.714279  29.712054    34.7666    34.7636    297.638    290.052    -0.1366     4.6667     0.0818     0.0818     0.0191     0.0195      95500    66.3187     100.00     2.3156     2.0199          6  0.000e+00
    250.304   78.24130  176.24730    253.121     0.8572     0.8574  29.713968  29.712464    34.7661    34.7639    297.641    290.052    -0.1671     4.6667     0.0818     0.0818     0.0191     0.0183      95501    66.3194     100.00     2.3156     2.0199          6  0.000e+00
    250.239   78.24130  176.24730    253.054     0.8570     0.8574  29.714216  29.712581    34.7667    34.7641    297.639    289.813    -0.1671     4.6667     0.0806     0.0806     0.0191     0.0183      95502    66.3201     100.00     2.3156     2.0187          6  0.000e+00
    250.304   78.24130  176.24730    253.121     0.8574     0.8574  29.714154  29.712171    34.7661    34.7635    297.639    289.817    -0.1671     4.6667     0.0818     0.0818     0.0191     0.0183      95503    66.3208     100.00     2.3156     2.0187          6  0.000e+00
    250.304   78.24130  176.24730    253.121     0.8573     0.8576  29.713905  29.712230    34.7659    34.7634    297.641    289.815    -0.1671     4.6667     0.0818     0.0818     0.0191     0.0183      95504    66.3215     100.00     2.3156     2.0187          6  0.000e+00
    250.304   78.24130  176.24730    253.121     0.8572     0.8576  29.714217  29.712522    34.7664    34.7638    297.840    289.578    -0.1671     4.6667     0.0806     0.0806     0.0191     0.0183      95505    66.3222     100.00     2.3168     2.0175          6  0.000e+00
    250.239   78.24130  176.24730    253.054     0.8571     0.8576  29.714154  29.712581    34.7665    34.7639    297.638    289.103    -0.1671     4.6667     0.0818     0.0818     0.0191     0.0183      95506    66.3229     100.00     2.3156     2.0150          6  0.000e+00
    250.304   78.24130  176.24730    253.121     0.8571     0.8572  29.713905  29.712171    34.7662    34.7637    297.642    289.109    -0.1671     4.6667     0.0818     0.0818     0.0191     0.0183      95507    66.3236     100.00     2.3156     2.0150          6  0.000e+00
    250.304   78.24130  176.24730    253.121     0.8571     0.8574  29.714217  29.712230    34.7665    34.7636    297.641    288.871    -0.1671     4.6667     0.0806     0.0806     0.0191     0.0183      95508    66.3243     100.00     2.3156     2.0138          6  0.000e+00
    250.239   78.24130  176.24730    253.054     0.8571     0.8571  29.713718  29.712171    34.7660    34.7639    297.640    288.870    -0.1671     4.6667     0.0818     0.0818     0.0191     0.0183      95509    66.3250     100.00     2.3156     2.0138          6  0.000e+00
    250.362   78.24130  176.24730    253.179     0.8571     0.8574  29.713719  29.712464    34.7658    34.7639    297.645    288.873    -0.1976     4.6667     0.0818     0.0818     0.0191     0.0171      95510    66.3257     100.00     2.3156     2.0138          6  0.000e+00
    250.239   78.24130  176.24730    253.054     0.8569     0.8572  29.713843  29.712405    34.7663    34.7641    297.640    288.633    -0.1671     4.6667     0.0806     0.0806     0.0191     0.0183      95511    66.3264     100.00     2.3156     2.0126          6  0.000e+00
    250.305   78.24130  176.24730    253.121     0.8570     0.8574  29.714030  29.712347    34.7665    34.7638    297.642    288.634    -0.1671     4.6667     0.0818     0.0818     0.0191     0.0183      95512    66.3271     100.00     2.3156     2.0126          6  0.000e+00
    250.305   78.24130  176.24730    253.121     0.8571     0.8574  29.713656  29.712522    34.7659    34.7640    297.643    288.870    -0.1976     4.6667     0.0818     0.0818     0.0191     0.0171      95513    66.3278     100.00     2.3156     2.0138          6  0.000e+00
    250.239   78.24130  176.24730    253.054     0.8570     0.8572  29.713905  29.712230    34.7663    34.7639    297.640    289.106    -0.1671     4.6667     0.0818     0.0818     0.0191     0.0183      95514    66.3285     100.00     2.3156     2.0150          6  0.000e+00
    250.362   78.24130  176.24730    253.179     0.8571     0.8576  29.713657  29.712288    34.7658    34.7635    297.645    289.345    -0.1671     4.6667     0.0806     0.0806     0.0191     0.0183      95515    66.3292     100.00     2.3156     2.0163          6  0.000e+00
    250.239   78.24130  176.24730    253.054     0.8571     0.8574  29.713532  29.712522    34.7657    34.7640    297.640    289.340    -0.1366     4.6667     0.0806     0.0806     0.0191     0.0195      95516    66.3299     100.00     2.3156     2.0163          6  0.000e+00
    250.305   78.24130  176.24730    253.121     0.8571     0.8572  29.713719  29.712405    34.7659    34.7640    297.642    289.344    -0.1671     4.6667     0.0818     0.0818     0.0191     0.0183      95517    66.3306     100.00     2.3156     2.0163          6  0.000e+00
    250.305   78.24130  176.24730    253.121     0.8571     0.8572  29.713843  29.712347    34.7660    34.7640    297.642    289.580    -0.1671     4.6667     0.0818     0.0818     0.0191     0.0183      95518    66.3312     100.00     2.3156     2.0175          6  0.000e+00
    250.305   78.24130  176.24730    253.121     0.8571     0.8572  29.713843  29.712347    34.7661    34.7640    297.842    289.580    -0.1671     4.6667     0.0818     0.0818     0.0191     0.0183      95519    66.3319     100.00     2.3168     2.0175          6  0.000e+00
    250.305   78.24130  176.24730    253.121     0.8573     0.8574  29.713843  29.712347    34.7659    34.7638    297.641    289.579    -0.1671     4.6667     0.0818     0.0818     0.0191     0.0183      95520    66.3326     100.00     2.3156     2.0175          6  0.000e+00
    250.305   78.24130  176.24730    253.121     0.8571     0.8572  29.714030  29.712522    34.7663    34.7642    297.841    289.816    -0.1671     4.6667     0.0806     0.0806     0.0191     0.0183      95521    66.3333     100.00     2.3168     2.0187          6  0.000e+00
    250.305   78.24130  176.24730    253.121     0.8571     0.8572  29.714092  29.712171    34.7664    34.7637    297.641    289.817    -0.1671     4.6667     0.0806     0.0806     0.0191     0.0183      95522    66.3340     100.00     2.3156     2.0187          6  0.000e+00
    250.305   78.24130  176.24730    253.121     0.8574     0.8574  29.713905  29.712464    34.7658    34.7639    297.640    289.815    -0.1976     4.6667     0.0818     0.0818     0.0191     0.0171      95523    66.3347     100.00     2.3156     2.0187          6  0.000e+00
    250.239   78.24130  176.24730    253.054     0.8570     0.8574  29.714030  29.712405    34.7665    34.7639    297.839    290.049    -0.1976     4.6667     0.0806     0.0806     0.0191     0.0171      95524    66.3354     100.00     2.3168     2.0199          6  0.000e+00
    250.305   78.24130  176.24730    253.121     0.8571     0.8576  29.714092  29.712347    34.7664    34.7636    297.841    290.760    -0.1976     4.6667     0.0806     0.0806     0.0191     0.0171      95525    66.3361     100.00     2.3168     2.0236          6  0.000e+00
    250.305   78.24130  176.24730    253.121     0.8571     0.8571  29.713905  29.712113    34.7661    34.7638    298.041    290.763    -0.1671     4.6667     0.0818     0.0818     0.0191     0.0183      95526    66.3368     100.00     2.3180     2.0236          6  0.000e+00
    250.305   78.24130  176.24730    253.121     0.8572     0.8572  29.714030  29.712230    34.7662    34.7638    297.840    290.762    -0.1976     4.6667     0.0806     0.0806     0.0191     0.0171      95527    66.3375     100.00     2.3168     2.0236          6  0.000e+00
    250.305   78.24130  176.24730    253.121     0.8570     0.8572  29.713905  29.712171    34.7663    34.7637    297.842    290.526    -0.1671     4.6667     0.0806     0.0806     0.0191     0.0183      95528    66.3382     100.00     2.3168     2.0224          6  0.000e+00
    250.305   78.24130  176.24730    253.121     0.8572     0.8571  29.714030  29.712288    34.7662    34.7640    297.840    290.290    -0.1671     4.6667     0.0806     0.0806     0.0191     0.0183      95529    66.3389     100.00     2.3168     2.0212          6  0.000e+00
    250.305   78.24130  176.24730    253.121     0.8571     0.8572  29.714092  29.712347    34.7664    34.7640    297.840    290.053    -0.1671     4.6667     0.0806     0.0806     0.0191     0.0183      95530    66.3396     100.00     2.3168     2.0199          6  0.000e+00
    250.305   78.24130  176.24730    253.121     0.8571     0.8569  29.713905  29.712171    34.7662    34.7641    297.841    289.819    -0.1671     4.6667     0.0818     0.0818     0.0191     0.0183      95531    66.3403     100.00     2.3168     2.0187          6  0.000e+00
    250.305   78.24130  176.24730    253.121     0.8569     0.8569  29.714030  29.712288    34.7666    34.7642    297.842    289.818    -0.1671     4.6667     0.0806     0.0806     0.0191     0.0183      95532    66.3410     100.00     2.3168     2.0187          6  0.000e+00
    250.305   78.24130  176.24730    253.121     0.8572     0.8572  29.714092  29.712171    34.7662    34.7637    297.840    289.817    -0.1671     4.6667     0.0818     0.0818     0.0191     0.0183      95533    66.3417     100.00     2.3168     2.0187          6  0.000e+00
    250.305   78.24130  176.24730    253.121     0.8573     0.8572  29.714092  29.712054    34.7662    34.7636    297.839    289.817    -0.1671     4.6667     0.0818     0.0818     0.0191     0.0183      95534    66.3424     100.00     2.3168     2.0187          6  0.000e+00
    250.305   78.24130  176.24730    253.121     0.8572     0.8572  29.714092  29.712230    34.7662    34.7638    297.840    290.053    -0.1671     4.6667     0.0818     0.0818     0.0191     0.0183      95535    66.3431     100.00     2.3168     2.0199          6  0.000e+00
    250.305   78.24130  176.24730    253.121     0.8571     0.8571  29.714279  29.712171    34.7666    34.7639    297.840    290.527    -0.1671     4.6667     0.0830     0.0830     0.0191     0.0183      95536    66.3438     100.00     2.3168     2.0224          6  0.000e+00
    250.305   78.24130  176.24730    253.121     0.8572     0.8572  29.714154  29.712288    34.7663    34.7639    297.839    290.762    -0.1671     4.6667     0.0830     0.0830     0.0191     0.0183      95537    66.3444     100.00     2.3168     2.0236          6  0.000e+00
    250.305   78.24130  176.24730    253.121     0.8574     0.8572  29.714092  29.712113    34.7660    34.7637    297.838    291.235    -0.1671     4.6667     0.0830     0.0830     0.0191     0.0183      95538    66.3451     100.00     2.3168     2.0261          6  0.000e+00
    250.305   78.24130  176.24730    253.121     0.8572     0.8574  29.714092  29.712464    34.7662    34.7639    297.839    291.469    -0.1976     4.6667     0.0830     0.0830     0.0191     0.0171      95539    66.3458     100.00     2.3168     2.0273          6  0.000e+00
    250.305   78.24130  176.24730    253.121     0.8573     0.8574  29.714466  29.712405    34.7667    34.7639    297.638    291.469    -0.1671     4.6667     0.0818     0.0818     0.0191     0.0183      95540    66.3465     100.00     2.3156     2.0273          6  0.000e+00
    250.305   78.24130  176.24730    253.121     0.8574     0.8572  29.714217  29.712347    34.7662    34.7640    297.838    291.707    -0.1976     4.6667     0.0830     0.0830     0.0191     0.0171      95541    66.3472     100.00     2.3168     2.0285          6  0.000e+00
    250.362   78.24130  176.24730    253.179     0.8574     0.8571  29.713905  29.712523    34.7657    34.7643    297.841    291.473    -0.1671     4.6667     0.0830     0.0830     0.0191     0.0183      95542    66.3479     100.00     2.3168     2.0273          6  0.000e+00
    250.239   78.24130  176.24730    253.055     0.8572     0.8572  29.714030  29.712171    34.7662    34.7638    297.837    291.232    -0.1976     4.6667     0.0830     0.0830     0.0191     0.0171      95543    66.3486     100.00     2.3168     2.0261          6  0.000e+00
