Continuous CTD Data/01_SBE Stage/nabos_30_01.ros
* Sea-Bird SBE 9 Data File:
* FileName = D:\CTD\data\HLY2502\raw\NABOS_30_01.hex
* Software Version Seasave V 7.26.7.110
* Temperature SN = 6954
* Conductivity SN = 2561
* Number of Bytes Per Scan = 37
* Number of Voltage Words = 4
* Number of Scans Averaged by the Deck Unit = 1
* NMEA Latitude = 80 25.03 N
* NMEA Longitude = 147 31.64 E
* NMEA UTC (Time) = Sep 22 2025  11:40:31
* NMEA baud rate = 9600
** Ship: USCG HEALY
** Bot. Depth:  1812
** Cast Number:  01
** Station Name:  NABOS
** Station Number:  30
** Operator:  STARC
# nquan = 25
# nvalues = 1176                                  
# units = specified
# name 0 = depSM: Depth [salt water, m]
# name 1 = latitude: Latitude [deg]
# name 2 = longitude: Longitude [deg]
# name 3 = prDM: Pressure, Digiquartz [db]
# name 4 = t090C: Temperature [ITS-90, deg C]
# name 5 = t190C: Temperature, 2 [ITS-90, deg C]
# name 6 = c0mS/cm: Conductivity [mS/cm]
# name 7 = c1mS/cm: Conductivity, 2 [mS/cm]
# name 8 = sal00: Salinity, Practical [PSU]
# name 9 = sal11: Salinity, Practical, 2 [PSU]
# name 10 = sbox0Mm/Kg: Oxygen, SBE 43 [umol/kg]
# name 11 = sbox1Mm/Kg: Oxygen, SBE 43, 2 [umol/kg]
# name 12 = flECO-AFL: Fluorescence, WET Labs ECO-AFL/FL [mg/m^3]
# name 13 = v2: Voltage 2
# name 14 = wetCDOM: Fluorescence, WET Labs CDOM [mg/m^3]
# name 15 = v6: Voltage 6
# name 16 = CStarAt0: Beam Attenuation, WET Labs C-Star [1/m]
# name 17 = v3: Voltage 3
# name 18 = scan: Scan Count
# name 19 = timeM: Time, Elapsed [minutes]
# name 20 = altM: Altimeter [m]
# name 21 = sbeox0V: Oxygen raw, SBE 43 [V]
# name 22 = sbeox1V: Oxygen raw, SBE 43, 2 [V]
# name 23 = nbf: Bottles Fired
# name 24 = flag:  0.000e+00
# interval = seconds: 0.0416667
# start_time = Sep 22 2025 11:40:31 [NMEA time, header]
# bad_flag = -9.990e-29
*END*
[from data line 580]
    115.095   80.42024  147.45088    116.360    -0.7006    -0.7018  27.950988  27.947533    34.2707    34.2674    309.905    301.392    -0.1366     4.6068     0.0891     0.0891     0.0707     0.0195     133856    92.9549     100.00     2.3322     2.0306         12  0.000e+00
    115.185   80.42024  147.45088    116.451    -0.7008    -0.7021  27.950988  27.947247    34.2708    34.2673    309.910    301.399    -0.1061     4.6081     0.0891     0.0891     0.0697     0.0208     133857    92.9556     100.00     2.3322     2.0306         12  0.000e+00
    115.160   80.42024  147.45088    116.426    -0.7001    -0.7020  27.952144  27.947247    34.2717    34.2672    309.901    300.910    -0.1366     4.6068     0.0891     0.0891     0.0707     0.0195     133858    92.9562     100.00     2.3322     2.0281         12  0.000e+00
    115.119   80.42024  147.45088    116.385    -0.6995    -0.7018  27.952935  27.947133    34.2721    34.2668    309.893    300.907    -0.1366     4.6068     0.0891     0.0891     0.0707     0.0195     133859    92.9569     100.00     2.3322     2.0281         12  0.000e+00
    115.095   80.42024  147.45088    116.360    -0.6988    -0.7019  27.953483  27.946846    34.2720    34.2666    309.679    301.152    -0.1366     4.6068     0.0891     0.0891     0.0707     0.0195     133860    92.9576     100.00     2.3310     2.0293         12  0.000e+00
    115.160   80.42024  147.45088    116.426    -0.6983    -0.7019  27.953605  27.947018    34.2715    34.2668    309.884    301.397    -0.1366     4.6068     0.0891     0.0891     0.0707     0.0195     133861    92.9583     100.00     2.3322     2.0306         12  0.000e+00
    115.119   80.42024  147.45088    116.385    -0.6979    -0.7021  27.954213  27.947304    34.2720    34.2674    309.672    301.639    -0.1366     4.6068     0.0891     0.0891     0.0707     0.0195     133862    92.9590     100.00     2.3310     2.0318         12  0.000e+00
    115.095   80.42024  147.45088    116.360    -0.6975    -0.7016  27.954639  27.947304    34.2721    34.2669    309.873    301.879    -0.1061     4.6068     0.0891     0.0891     0.0707     0.0208     133863    92.9597     100.00     2.3322     2.0330         12  0.000e+00
    100.033   80.42032  147.44992    101.129    -0.9349    -0.9343  27.620592  27.620727    34.0975    34.0970    310.163    303.477    -0.1366     4.6056     0.0904     0.0904     0.0718     0.0195     135756    94.2743     100.00     2.3221     2.0315         13  0.000e+00
     99.976   80.42032  147.44992    101.071    -0.9351    -0.9342  27.620652  27.620898    34.0978    34.0972    310.162    303.719    -0.1366     4.6056     0.0904     0.0904     0.0718     0.0195     135757    94.2750     100.00     2.3221     2.0327         13  0.000e+00
    100.082   80.42032  147.44992    101.179    -0.9350    -0.9343  27.620895  27.620727    34.0980    34.0970    310.372    303.724    -0.1366     4.6056     0.0904     0.0904     0.0718     0.0195     135758    94.2757     100.00     2.3234     2.0327         13  0.000e+00
     99.976   80.42032  147.44992    101.071    -0.9349    -0.9342  27.621016  27.620727    34.0982    34.0969    310.367    303.964    -0.1366     4.6056     0.0904     0.0904     0.0718     0.0195     135759    94.2764     100.00     2.3234     2.0340         13  0.000e+00
    100.033   80.42032  147.44992    101.129    -0.9351    -0.9342  27.620955  27.620670    34.0982    34.0968    310.370    304.212    -0.1366     4.6056     0.0904     0.0904     0.0718     0.0195     135760    94.2771     100.00     2.3234     2.0352         13  0.000e+00
    100.025   80.42032  147.44992    101.121    -0.9349    -0.9342  27.621016  27.620898    34.0981    34.0971    310.161    304.211    -0.1366     4.6056     0.0904     0.0904     0.0718     0.0195     135761    94.2778     100.00     2.3221     2.0352         13  0.000e+00
    100.033   80.42032  147.44992    101.129    -0.9349    -0.9338  27.620774  27.620898    34.0978    34.0967    310.370    303.964    -0.1366     4.6056     0.0916     0.0916     0.0718     0.0195     135762    94.2785     100.00     2.3234     2.0340         13  0.000e+00
    100.033   80.42032  147.44992    101.129    -0.9351    -0.9339  27.620531  27.620784    34.0976    34.0966    310.372    303.229    -0.1061     4.6056     0.0916     0.0916     0.0718     0.0208     135763    94.2792     100.00     2.3234     2.0303         13  0.000e+00
    100.025   80.42032  147.44992    101.121    -0.9353    -0.9339  27.620107  27.620841    34.0973    34.0967    310.167    302.738    -0.1061     4.6056     0.0916     0.0916     0.0718     0.0208     135764    94.2799     100.00     2.3221     2.0279         13  0.000e+00
     99.976   80.42032  147.44992    101.071    -0.9354    -0.9337  27.620349  27.621183    34.0978    34.0970    310.372    302.244    -0.1366     4.6056     0.0916     0.0916     0.0718     0.0195     135765    94.2806     100.00     2.3234     2.0254         13  0.000e+00
    100.033   80.42032  147.44992    101.129    -0.9354    -0.9337  27.620107  27.620955    34.0974    34.0967    310.168    302.247    -0.1061     4.6056     0.0916     0.0916     0.0718     0.0208     135766    94.2813     100.00     2.3221     2.0254         13  0.000e+00
    100.033   80.42032  147.44992    101.129    -0.9354    -0.9335  27.620350  27.621183    34.0978    34.0968    310.374    302.000    -0.1366     4.6056     0.0916     0.0916     0.0718     0.0195     135767    94.2819     100.00     2.3234     2.0242         13  0.000e+00
    100.082   80.42032  147.44992    101.179    -0.9355    -0.9335  27.620047  27.621411    34.0975    34.0970    310.171    301.756    -0.1366     4.6056     0.0916     0.0916     0.0718     0.0195     135768    94.2826     100.00     2.3221     2.0230         13  0.000e+00
     99.976   80.42032  147.44992    101.071    -0.9360    -0.9335  27.619986  27.621468    34.0980    34.0972    310.170    301.997    -0.1366     4.6056     0.0916     0.0916     0.0718     0.0195     135769    94.2833     100.00     2.3221     2.0242         13  0.000e+00
    100.033   80.42032  147.44992    101.129    -0.9356    -0.9334  27.620531  27.621867    34.0983    34.0976    310.375    301.752    -0.1366     4.6056     0.0916     0.0916     0.0718     0.0195     135770    94.2840     100.00     2.3234     2.0230         13  0.000e+00
    100.025   80.42032  147.44992    101.121    -0.9357    -0.9334  27.620168  27.622038    34.0978    34.0978    310.169    301.751    -0.1061     4.6056     0.0916     0.0916     0.0718     0.0208     135771    94.2847     100.00     2.3221     2.0230         13  0.000e+00
    100.033   80.42032  147.44992    101.129    -0.9355    -0.9334  27.620107  27.622209    34.0976    34.0980    310.169    301.996    -0.1366     4.6056     0.0916     0.0916     0.0718     0.0195     135772    94.2854     100.00     2.3221     2.0242         13  0.000e+00
    100.033   80.42032  147.44992    101.129    -0.9355    -0.9331  27.620350  27.622095    34.0979    34.0975    310.168    301.994    -0.1061     4.6056     0.0916     0.0916     0.0718     0.0208     135773    94.2861     100.00     2.3221     2.0242         13  0.000e+00
    100.082   80.42032  147.44992    101.179    -0.9352    -0.9329  27.620531  27.622209    34.0978    34.0975    310.374    301.995    -0.1061     4.6056     0.0916     0.0916     0.0718     0.0208     135774    94.2868     100.00     2.3234     2.0242         13  0.000e+00
     99.976   80.42032  147.44992    101.071    -0.9354    -0.9331  27.620652  27.621924    34.0982    34.0973    310.163    302.237    -0.1366     4.6056     0.0916     0.0916     0.0718     0.0195     135775    94.2875     100.00     2.3221     2.0254         13  0.000e+00
    100.033   80.42032  147.44992    101.129    -0.9354    -0.9331  27.620592  27.621924    34.0982    34.0973    310.374    302.485    -0.1061     4.6056     0.0916     0.0916     0.0718     0.0208     135776    94.2882     100.00     2.3234     2.0266         13  0.000e+00
    100.025   80.42032  147.44992    101.121    -0.9352    -0.9329  27.620834  27.621639    34.0983    34.0967    310.371    302.975    -0.1366     4.6056     0.0916     0.0916     0.0718     0.0195     135777    94.2889     100.00     2.3234     2.0291         13  0.000e+00
    100.033   80.42032  147.44992    101.129    -0.9351    -0.9328  27.620349  27.621468    34.0974    34.0963    310.372    302.975    -0.1366     4.6056     0.0916     0.0916     0.0718     0.0195     135778    94.2896     100.00     2.3234     2.0291         13  0.000e+00
    100.033   80.42032  147.44992    101.129    -0.9351    -0.9329  27.620834  27.621696    34.0981    34.0968    310.163    302.975    -0.1366     4.6056     0.0916     0.0916     0.0718     0.0195     135779    94.2903     100.00     2.3221     2.0291         13  0.000e+00
    100.033   80.42032  147.44990    101.129    -0.9351    -0.9328  27.621198  27.621924    34.0986    34.0970    310.162    302.973    -0.1366     4.6056     0.0916     0.0916     0.0718     0.0195     135780    94.2910     100.00     2.3221     2.0291         13  0.000e+00
    100.025   80.42032  147.44990    101.121    -0.9350    -0.9329  27.620895  27.622551    34.0981    34.0980    310.162    302.726    -0.1366     4.6056     0.0916     0.0916     0.0718     0.0195     135781    94.2917     100.00     2.3221     2.0279         13  0.000e+00
    100.033   80.42032  147.44990    101.129    -0.9351    -0.9328  27.620895  27.622437    34.0981    34.0977    310.163    302.236    -0.1366     4.6056     0.0916     0.0916     0.0718     0.0195     135782    94.2924     100.00     2.3221     2.0254         13  0.000e+00
     99.976   80.42032  147.44990    101.071    -0.9349    -0.9326  27.620955  27.622266    34.0981    34.0973    310.366    302.233    -0.1366     4.6044     0.0916     0.0916     0.0728     0.0195     135783    94.2931     100.00     2.3234     2.0254         13  0.000e+00
    100.082   80.42032  147.44990    101.179    -0.9351    -0.9329  27.621016  27.622095    34.0983    34.0973    310.164    302.485    -0.1366     4.6044     0.0916     0.0916     0.0728     0.0195     135784    94.2938     100.00     2.3221     2.0266         13  0.000e+00
     99.976   80.42032  147.44990    101.071    -0.9348    -0.9332  27.620955  27.621981    34.0979    34.0975    310.158    302.483    -0.1366     4.6044     0.0916     0.0916     0.0728     0.0195     135785    94.2944     100.00     2.3221     2.0266         13  0.000e+00
    100.033   80.42032  147.44990    101.129    -0.9351    -0.9334  27.620834  27.621810    34.0981    34.0975    310.163    302.487    -0.1366     4.6044     0.0916     0.0916     0.0728     0.0195     135786    94.2951     100.00     2.3221     2.0266         13  0.000e+00
    100.025   80.42032  147.44990    101.121    -0.9348    -0.9338  27.620713  27.621525    34.0976    34.0976    310.161    302.735    -0.1061     4.6044     0.0916     0.0916     0.0728     0.0208     135787    94.2958     100.00     2.3221     2.0279         13  0.000e+00
    100.033   80.42032  147.44990    101.129    -0.9351    -0.9339  27.620713  27.621126    34.0979    34.0971    310.163    302.737    -0.1366     4.6044     0.0904     0.0904     0.0728     0.0195     135788    94.2965     100.00     2.3221     2.0279         13  0.000e+00
    100.033   80.42032  147.44990    101.129    -0.9351    -0.9340  27.620774  27.620898    34.0980    34.0969    310.163    302.739    -0.1366     4.6044     0.0891     0.0891     0.0728     0.0195     135789    94.2972     100.00     2.3221     2.0279         13  0.000e+00
    100.082   80.42032  147.44990    101.179    -0.9352    -0.9340  27.620531  27.621183    34.0978    34.0973    310.374    302.740    -0.1061     4.6056     0.0891     0.0891     0.0718     0.0208     135790    94.2979     100.00     2.3234     2.0279         13  0.000e+00
     99.976   80.42032  147.44990    101.071    -0.9354    -0.9339  27.620289  27.621183    34.0977    34.0972    310.371    302.244    -0.1061     4.6044     0.0891     0.0891     0.0728     0.0208     135791    94.2986     100.00     2.3234     2.0254         13  0.000e+00
    100.033   80.42032  147.44990    101.129    -0.9354    -0.9337  27.620410  27.621411    34.0979    34.0973    310.373    301.264    -0.1366     4.6044     0.0891     0.0891     0.0728     0.0195     135792    94.2993     100.00     2.3234     2.0205         13  0.000e+00
    100.025   80.42032  147.44990    101.121    -0.9354    -0.9335  27.620471  27.621468    34.0980    34.0972    310.373    298.812    -0.1366     4.6056     0.0891     0.0891     0.0718     0.0195     135793    94.3000     100.00     2.3234     2.0083         13  0.000e+00
    100.033   80.42032  147.44990    101.129    -0.9357    -0.9332  27.620531  27.621696    34.0983    34.0971    310.168    296.113    -0.1061     4.6044     0.0891     0.0891     0.0728     0.0208     135794    94.3007     100.00     2.3221     1.9949         13  0.000e+00
    100.033   80.42032  147.44990    101.129    -0.9355    -0.9334  27.620047  27.622152    34.0975    34.0979    310.168    294.643    -0.1366     4.6044     0.0891     0.0891     0.0728     0.0195     135795    94.3014     100.00     2.3221     1.9875         13  0.000e+00
    100.033   80.42032  147.44990    101.129    -0.9357    -0.9331  27.619986  27.622266    34.0976    34.0978    310.169    293.660    -0.1061     4.6044     0.0891     0.0891     0.0728     0.0208     135796    94.3021     100.00     2.3221     1.9826         13  0.000e+00
    100.025   80.42032  147.44990    101.121    -0.9358    -0.9331  27.619925  27.622266    34.0977    34.0978    310.170    293.169    -0.1366     4.6044     0.0891     0.0891     0.0728     0.0195     135797    94.3028     100.00     2.3221     1.9802         13  0.000e+00
    100.033   80.42032  147.44990    101.129    -0.9357    -0.9331  27.619925  27.622095    34.0975    34.0975    310.169    293.415    -0.1366     4.6056     0.0891     0.0891     0.0718     0.0195     135798    94.3035     100.00     2.3221     1.9814         13  0.000e+00
     99.976   80.42032  147.44990    101.071    -0.9359    -0.9329  27.619986  27.621981    34.0979    34.0972    310.168    293.902    -0.1366     4.6044     0.0891     0.0891     0.0728     0.0195     135799    94.3042     100.00     2.3221     1.9839         13  0.000e+00
    100.082   80.42032  147.44990    101.179    -0.9355    -0.9329  27.620350  27.622209    34.0979    34.0975    310.169    294.886    -0.1366     4.6044     0.0891     0.0891     0.0728     0.0195     135800    94.3049     100.00     2.3221     1.9888         13  0.000e+00
    100.033   80.42032  147.44990    101.129    -0.9357    -0.9331  27.620289  27.622038    34.0980    34.0975    309.961    295.866    -0.1366     4.6044     0.0891     0.0891     0.0728     0.0195     135801    94.3056     100.00     2.3209     1.9936         13  0.000e+00
     99.976   80.42032  147.44990    101.071    -0.9354    -0.9332  27.620168  27.621810    34.0976    34.0973    310.164    296.601    -0.1366     4.6044     0.0891     0.0891     0.0728     0.0195     135802    94.3063     100.00     2.3221     1.9973         13  0.000e+00
    100.082   80.42032  147.44990    101.179    -0.9354    -0.9332  27.620713  27.621525    34.0982    34.0969    310.167    296.851    -0.1366     4.6044     0.0891     0.0891     0.0728     0.0195     135803    94.3069     100.00     2.3221     1.9985         13  0.000e+00
     99.976   80.42032  147.44990    101.071    -0.9352    -0.9334  27.620652  27.621126    34.0980    34.0966    310.161    297.094    -0.1366     4.6044     0.0891     0.0891     0.0728     0.0195     135804    94.3076     100.00     2.3221     1.9997         13  0.000e+00
