Continuous CTD Data/01_SBE Stage/nabos_42_01avg.cnv
* Sea-Bird SBE 9 Data File:
* FileName = D:\CTD\data\HLY2502\raw\NABOS_42_01.hex
* Software Version Seasave V 7.26.7.110
* Temperature SN = 6954
* Conductivity SN = 2561
* Number of Bytes Per Scan = 37
* Number of Voltage Words = 4
* Number of Scans Averaged by the Deck Unit = 1
* NMEA Latitude = 80 14.10 N
* NMEA Longitude = 125 56.70 E
* NMEA UTC (Time) = Sep 27 2025  13:25:46
* NMEA baud rate = 9600
** Ship: USCG HEALY
** Bot. Depth:  3554
** Cast Number:  01
** Station Name:  NABOS
** Station Number:  42
** Operator:  STARC
# nquan = 25
# nvalues = 1214                        
# units = specified
# name 0 = depSM: Depth [salt water, m]
# name 1 = latitude: Latitude [deg]
# name 2 = longitude: Longitude [deg]
# name 3 = prDM: Pressure, Digiquartz [db]
# name 4 = t090C: Temperature [ITS-90, deg C]
# name 5 = t190C: Temperature, 2 [ITS-90, deg C]
# name 6 = c0mS/cm: Conductivity [mS/cm]
# name 7 = c1mS/cm: Conductivity, 2 [mS/cm]
# name 8 = sal00: Salinity, Practical [PSU]
# name 9 = sal11: Salinity, Practical, 2 [PSU]
# name 10 = sbox0Mm/Kg: Oxygen, SBE 43 [umol/kg]
# name 11 = sbox1Mm/Kg: Oxygen, SBE 43, 2 [umol/kg]
# name 12 = flECO-AFL: Fluorescence, WET Labs ECO-AFL/FL [mg/m^3]
# name 13 = v2: Voltage 2
# name 14 = wetCDOM: Fluorescence, WET Labs CDOM [mg/m^3]
# name 15 = v6: Voltage 6
# name 16 = CStarAt0: Beam Attenuation, WET Labs C-Star [1/m]
# name 17 = v3: Voltage 3
# name 18 = scan: Scan Count
# name 19 = timeM: Time, Elapsed [minutes]
# name 20 = altM: Altimeter [m]
# name 21 = sbeox0V: Oxygen raw, SBE 43 [V]
# name 22 = sbeox1V: Oxygen raw, SBE 43, 2 [V]
# name 23 = nbin: number of scans per bin
# name 24 = flag: flag
# span 0 =      3.958,   1200.602       
# span 1 =   80.23512,   80.23529       
# span 2 =  125.94629,  125.95330       
# span 3 =      4.000,   1217.000       
# span 4 =    -1.8081,     1.8127       
# span 5 =    -1.8081,     1.8125       
# span 6 =  22.969967,  30.622389       
# span 7 =  22.970201,  30.620341       
# span 8 =    28.4754,    34.9093       
# span 9 =    28.4757,    34.9062       
# span 10 =    287.776,    384.460      
# span 11 =    276.912,    376.035      
# span 12 =    -0.1793,     0.3991      
# span 13 =     4.4995,     4.6321      
# span 14 =     0.0695,     0.1423      
# span 15 =     0.0695,     0.1423      
# span 16 =     0.0490,     0.1651      
# span 17 =     0.0178,     0.0410      
# span 18 =       6659,      42049      
# span 19 =     4.6233,    29.2000      
# span 20 =      10.62,     100.02      
# span 21 =     1.9940,     2.7151      
# span 22 =     1.7704,     2.3587      
# span 23 =          2,         27      
# span 24 = 0.0000e+00, 0.0000e+00      
# interval = decibars: 1                
# start_time = Sep 27 2025 13:25:46 [NMEA time, header]
# bad_flag = -9.990e-29
*END*
[from data line 638]
    634.219   80.23520  125.94988    642.000     0.2756     0.2754  29.457000  29.454768    34.8557    34.8530    294.436    291.054    -0.1409     4.6301     0.0899     0.0899     0.0505     0.0193      25380    17.6240     100.00     2.1786     1.9271         14 0.0000e+00
    635.206   80.23520  125.94988    643.000     0.2752     0.2751  29.457174  29.454956    34.8557    34.8529    294.373    290.160    -0.1691     4.6300     0.0897     0.0897     0.0506     0.0182      25405    17.6413     100.00     2.1780     1.9226         13 0.0000e+00
    636.192   80.23520  125.94988    644.000     0.2636     0.2637  29.447507  29.445341    34.8556    34.8526    294.429    291.421    -0.1742     4.6299     0.0907     0.0907     0.0507     0.0180      25429    17.6586     100.00     2.1775     1.9281         13 0.0000e+00
    637.179   80.23520  125.94988    645.000     0.2565     0.2560  29.441834  29.439110    34.8555    34.8526    294.431    291.586    -0.1522     4.6300     0.0909     0.0909     0.0506     0.0189      25454    17.6758     100.00     2.1770     1.9284         14 0.0000e+00
    638.165   80.23520  125.94988    646.000     0.2493     0.2487  29.435820  29.433007    34.8551    34.8522    294.450    291.740    -0.1507     4.6304     0.0910     0.0910     0.0503     0.0189      25479    17.6931     100.00     2.1765     1.9286         13 0.0000e+00
    639.151   80.23520  125.94988    647.000     0.2453     0.2452  29.433002  29.430640    34.8554    34.8524    294.421    291.035    -0.1702     4.6299     0.0900     0.0900     0.0507     0.0182      25504    17.7106     100.00     2.1760     1.9249         13 0.0000e+00
    640.138   80.23520  125.94988    648.000     0.2424     0.2423  29.430781  29.428325    34.8552    34.8521    294.384    290.975    -0.1670     4.6291     0.0913     0.0913     0.0514     0.0183      25530    17.7282     100.00     2.1754     1.9243         16 0.0000e+00
    641.124   80.23520  125.94990    649.000     0.2338     0.2336  29.423647  29.421139    34.8549    34.8519    294.525    290.894    -0.1398     4.6300     0.0923     0.0923     0.0506     0.0194      25555    17.7456     100.00     2.1755     1.9233         14 0.0000e+00
    642.110   80.23520  125.94990    650.000     0.2328     0.2328  29.423249  29.421062    34.8550    34.8521    294.378    291.205    -0.1314     4.6300     0.0901     0.0901     0.0506     0.0197      25579    17.7625     100.00     2.1744     1.9246         13 0.0000e+00
    643.097   80.23520  125.94990    651.000     0.2320     0.2319  29.423043  29.420784    34.8550    34.8521    294.245    290.406    -0.1704     4.6301     0.0903     0.0903     0.0505     0.0182      25604    17.7800     100.00     2.1734     1.9205         14 0.0000e+00
    644.083   80.23520  125.94990    652.000     0.2294     0.2289  29.421029  29.418493    34.8547    34.8519    294.313    290.949    -0.1472     4.6300     0.0900     0.0900     0.0506     0.0191      25629    17.7975     100.00     2.1734     1.9229         14 0.0000e+00
    645.069   80.23520  125.94990    653.000     0.2235     0.2240  29.416529  29.414749    34.8549    34.8520    294.213    290.698    -0.1770     4.6296     0.0902     0.0902     0.0510     0.0179      25654    17.8146     100.00     2.1723     1.9213         12 0.0000e+00
    646.055   80.23520  125.94990    654.000     0.2195     0.2196  29.413292  29.411114    34.8546    34.8516    294.148    291.144    -0.1697     4.6302     0.0916     0.0916     0.0505     0.0182      25680    17.8324     100.00     2.1715     1.9230         14 0.0000e+00
    647.042   80.23520  125.94990    655.000     0.2105     0.2108  29.405832  29.403916    34.8543    34.8514    294.032    291.223    -0.1480     4.6301     0.0910     0.0910     0.0505     0.0191      25705    17.8499     100.00     2.1702     1.9229         13 0.0000e+00
    648.028   80.23520  125.94990    656.000     0.1994     0.1990  29.396244  29.393697    34.8536    34.8508    293.976    290.939    -0.1599     4.6309     0.0904     0.0904     0.0499     0.0186      25730    17.8672     100.00     2.1691     1.9208         13 0.0000e+00
    649.014   80.23520  125.94991    657.000     0.1945     0.1943  29.392506  29.390152    34.8537    34.8508    293.760    290.881    -0.1643     4.6305     0.0905     0.0905     0.0502     0.0184      25755    17.8845     100.00     2.1674     1.9202         12 0.0000e+00
    650.001   80.23520  125.94992    658.000     0.1925     0.1922  29.390981  29.388718    34.8534    34.8507    293.711    290.909    -0.1389     4.6310     0.0909     0.0909     0.0498     0.0194      25780    17.9019     100.00     2.1668     1.9200         12 0.0000e+00
    650.987   80.23520  125.94992    659.000     0.1914     0.1913  29.390441  29.388311    34.8533    34.8506    293.758    290.448    -0.1568     4.6310     0.0906     0.0906     0.0498     0.0187      25805    17.9192     100.00     2.1668     1.9176         15 0.0000e+00
    651.973   80.23520  125.94992    660.000     0.1896     0.1896  29.389476  29.387214    34.8535    34.8506    293.805    291.435    -0.1385     4.6302     0.0912     0.0912     0.0504     0.0194      25829    17.9360     100.00     2.1668     1.9221         10 0.0000e+00
    652.959   80.23520  125.94992    661.000     0.1888     0.1886  29.389281  29.387021    34.8536    34.8508    293.754    291.117    -0.1315     4.6305     0.0923     0.0923     0.0502     0.0197      25854    17.9533     100.00     2.1662     1.9204         12 0.0000e+00
    653.946   80.23520  125.94993    662.000     0.1889     0.1888  29.389843  29.387490    34.8536    34.8507    293.700    290.612    -0.1319     4.6314     0.0898     0.0898     0.0496     0.0197      25879    17.9707     100.00     2.1657     1.9177         13 0.0000e+00
    654.932   80.23520  125.94994    663.000     0.1904     0.1903  29.391890  29.389535    34.8540    34.8511    293.612    290.816    -0.1295     4.6306     0.0909     0.0909     0.0502     0.0198      25904    17.9880     100.00     2.1651     1.9186         13 0.0000e+00
    655.918   80.23519  125.94994    664.000     0.1909     0.1905  29.392739  29.390183    34.8540    34.8511    293.651    290.930    -0.1440     4.6302     0.0915     0.0915     0.0505     0.0192      25929    18.0053     100.00     2.1651     1.9189         13 0.0000e+00
    656.904   80.23518  125.94995    665.000     0.1880     0.1879  29.390658  29.388272    34.8539    34.8510    293.729    290.247    -0.1733     4.6312     0.0902     0.0902     0.0497     0.0181      25953    18.0224     100.00     2.1652     1.9154         11 0.0000e+00
    657.891   80.23518  125.94996    666.000     0.1878     0.1874  29.391000  29.388489    34.8541    34.8511    293.649    290.031    -0.1478     4.6302     0.0909     0.0909     0.0504     0.0191      25979    18.0401     100.00     2.1645     1.9141         16 0.0000e+00
    658.877   80.23518  125.94996    667.000     0.1828     0.1825  29.386966  29.384557    34.8537    34.8510    293.742    290.258    -0.1582     4.6302     0.0906     0.0906     0.0505     0.0187      26004    18.0579     100.00     2.1645     1.9149         14 0.0000e+00
    659.863   80.23518  125.94996    668.000     0.1706     0.1690  29.376905  29.373215    34.8537    34.8507    293.861    290.084    -0.1671     4.6310     0.0904     0.0904     0.0498     0.0183      26030    18.0754     100.00     2.1644     1.9133         15 0.0000e+00
    660.849   80.23518  125.94998    669.000     0.1653     0.1651  29.372742  29.370309    34.8537    34.8507    294.031    290.105    -0.1671     4.6311     0.0908     0.0908     0.0497     0.0183      26055    18.0930     100.00     2.1649     1.9130         15 0.0000e+00
    661.836   80.23518  125.94998    670.000     0.1586     0.1584  29.367153  29.364722    34.8533    34.8503    294.081    290.566    -0.1486     4.6304     0.0908     0.0908     0.0503     0.0190      26080    18.1106     100.00     2.1646     1.9148         16 0.0000e+00
    662.822   80.23518  125.94998    671.000     0.1519     0.1517  29.361649  29.359212    34.8531    34.8501    294.090    289.986    -0.1467     4.6300     0.0906     0.0906     0.0506     0.0191      26105    18.1280     100.00     2.1641     1.9115         15 0.0000e+00
    663.808   80.23518  125.94998    672.000     0.1470     0.1469  29.357845  29.355721    34.8529    34.8503    294.005    290.402    -0.1284     4.6300     0.0901     0.0901     0.0506     0.0198      26130    18.1454     100.00     2.1632     1.9132         13 0.0000e+00
    664.794   80.23518  125.95000    673.000     0.1461     0.1459  29.357342  29.355027    34.8528    34.8499    293.863    289.999    -0.1285     4.6304     0.0908     0.0908     0.0503     0.0198      26155    18.1626     100.00     2.1621     1.9110         15 0.0000e+00
    665.781   80.23518  125.95000    674.000     0.1459     0.1457  29.357513  29.355271    34.8527    34.8498    293.663    291.873    -0.1264     4.6297     0.0897     0.0897     0.0509     0.0199      26180    18.1799     100.00     2.1608     1.9198         15 0.0000e+00
    666.767   80.23518  125.95000    675.000     0.1401     0.1397  29.352830  29.350419    34.8525    34.8497    293.627    289.476    -0.1308     4.6304     0.0912     0.0912     0.0504     0.0197      26205    18.1971     100.00     2.1601     1.9079         16 0.0000e+00
    667.753   80.23518  125.95000    676.000     0.1364     0.1362  29.350214  29.347796    34.8526    34.8497    293.590    289.508    -0.1346     4.6310     0.0912     0.0912     0.0499     0.0196      26229    18.2141     100.00     2.1594     1.9077         16 0.0000e+00
    668.739   80.23518  125.95002    677.000     0.1328     0.1326  29.347496  29.345150    34.8525    34.8496    293.540    289.705    -0.1626     4.6304     0.0913     0.0913     0.0503     0.0185      26254    18.2312     100.00     2.1588     1.9083         15 0.0000e+00
    669.725   80.23518  125.95002    678.000     0.1229     0.1226  29.339116  29.336652    34.8521    34.8491    293.535    290.108    -0.1347     4.6311     0.0910     0.0910     0.0498     0.0196      26278    18.2481     100.00     2.1580     1.9097         13 0.0000e+00
    670.711   80.23518  125.95003    679.000     0.1189     0.1186  29.336305  29.334004    34.8523    34.8496    293.520    290.275    -0.1649     4.6312     0.0910     0.0910     0.0497     0.0184      26304    18.2657     100.00     2.1575     1.9101         17 0.0000e+00
    671.698   80.23518  125.95004    680.000     0.1184     0.1183  29.336338  29.333993    34.8523    34.8494    293.427    290.235    -0.1614     4.6309     0.0914     0.0914     0.0499     0.0185      26328    18.2826     100.00     2.1567     1.9097         11 0.0000e+00
    672.684   80.23518  125.95004    681.000     0.1179     0.1177  29.336248  29.333934    34.8521    34.8493    293.409    290.026    -0.1576     4.6290     0.0911     0.0911     0.0515     0.0187      26354    18.3005     100.00     2.1564     1.9085         13 0.0000e+00
    673.670   80.23518  125.95004    682.000     0.1169     0.1167  29.335762  29.333425    34.8520    34.8492    293.445    289.616    -0.1388     4.6304     0.0913     0.0913     0.0503     0.0194      26379    18.3178     100.00     2.1563     1.9063         11 0.0000e+00
    674.656   80.23518  125.95005    683.000     0.1155     0.1155  29.335030  29.332937    34.8522    34.8494    293.462    291.036    -0.1415     4.6304     0.0912     0.0912     0.0503     0.0193      26404    18.3353     100.00     2.1561     1.9129         12 0.0000e+00
    675.642   80.23519  125.95006    684.000     0.1164     0.1163  29.336341  29.334091    34.8522    34.8494    293.478    290.595    -0.1522     4.6306     0.0912     0.0912     0.0502     0.0189      26430    18.3534     100.00     2.1560     1.9106         14 0.0000e+00
    676.629   80.23520  125.95006    685.000     0.1187     0.1184  29.338780  29.336579    34.8523    34.8497    293.683    290.052    -0.1366     4.6308     0.0908     0.0908     0.0500     0.0195      26455    18.3710     100.00     2.1571     1.9079         14 0.0000e+00
    677.615   80.23520  125.95006    686.000     0.1209     0.1207  29.341564  29.339175    34.8529    34.8499    293.768    290.004    -0.1587     4.6311     0.0900     0.0900     0.0497     0.0186      26480    18.3884     100.00     2.1575     1.9076         13 0.0000e+00
    678.601   80.23520  125.95007    687.000     0.1221     0.1220  29.343151  29.341001    34.8530    34.8502    293.808    290.096    -0.1370     4.6306     0.0899     0.0899     0.0502     0.0195      26505    18.4057     100.00     2.1576     1.9079         14 0.0000e+00
    679.587   80.23520  125.95008    688.000     0.1228     0.1228  29.344488  29.342311    34.8533    34.8505    293.915    290.415    -0.1316     4.6302     0.0908     0.0908     0.0504     0.0197      26530    18.4228     100.00     2.1580     1.9093         12 0.0000e+00
    680.573   80.23520  125.95008    689.000     0.1215     0.1213  29.343884  29.341491    34.8534    34.8506    294.011    290.351    -0.1295     4.6303     0.0919     0.0919     0.0504     0.0198      26554    18.4399     100.00     2.1582     1.9088         13 0.0000e+00
    681.559   80.23520  125.95008    690.000     0.1131     0.1125  29.336889  29.334198    34.8532    34.8503    294.178    290.904    -0.1278     4.6301     0.0923     0.0923     0.0505     0.0199      26579    18.4573     100.00     2.1585     1.9109         14 0.0000e+00
    682.545   80.23520  125.95010    691.000     0.1016     0.1005  29.327585  29.324302    34.8533    34.8502    294.231    290.687    -0.1444     4.6303     0.0915     0.0915     0.0504     0.0192      26604    18.4743     100.00     2.1581     1.9091         15 0.0000e+00
    683.532   80.23520  125.95010    692.000     0.0949     0.0959  29.322285  29.320954    34.8533    34.8505    294.216    290.861    -0.1632     4.6308     0.0905     0.0905     0.0500     0.0185      26628    18.4913     100.00     2.1574     1.9096         12 0.0000e+00
    684.518   80.23520  125.95010    693.000     0.0915     0.0917  29.319754  29.317731    34.8532    34.8504    294.164    290.092    -0.1464     4.6299     0.0912     0.0912     0.0507     0.0191      26653    18.5083     100.00     2.1568     1.9056         13 0.0000e+00
    685.504   80.23520  125.95010    694.000     0.0914     0.0915  29.320354  29.318164    34.8535    34.8506    294.038    290.517    -0.1506     4.6305     0.0911     0.0911     0.0502     0.0190      26678    18.5256     100.00     2.1559     1.9074         13 0.0000e+00
    686.490   80.23520  125.95012    695.000     0.0974     0.0975  29.326331  29.324422    34.8541    34.8514    293.896    291.034    -0.1661     4.6299     0.0912     0.0912     0.0507     0.0183      26703    18.5430     100.00     2.1551     1.9100         11 0.0000e+00
    687.476   80.23520  125.95012    696.000     0.0985     0.0983  29.328002  29.325559    34.8544    34.8515    293.733    290.864    -0.1334     4.6301     0.0922     0.0922     0.0505     0.0196      26729    18.5608     100.00     2.1540     1.9090         15 0.0000e+00
    688.462   80.23520  125.95012    697.000     0.0979     0.0978  29.327938  29.325532    34.8544    34.8514    293.650    290.380    -0.1328     4.6302     0.0925     0.0925     0.0505     0.0197      26754    18.5783     100.00     2.1533     1.9065         16 0.0000e+00
    689.448   80.23520  125.95012    698.000     0.0943     0.0942  29.325099  29.322874    34.8542    34.8514    293.599    290.249    -0.1322     4.6306     0.0913     0.0913     0.0502     0.0197      26779    18.5959     100.00     2.1526     1.9055         14 0.0000e+00
