Continuous CTD Data/01_SBE Stage/nabos_12_01.ros
* Sea-Bird SBE 9 Data File:
* FileName = D:\CTD\data\HLY2502\raw\NABOS_12_01.hex
* Software Version Seasave V 7.26.7.110
* Temperature SN = 6954
* Conductivity SN = 2561
* Number of Bytes Per Scan = 37
* Number of Voltage Words = 4
* Number of Scans Averaged by the Deck Unit = 1
* NMEA Latitude = 77 22.28 N
* NMEA Longitude = 176 15.46 W
* NMEA UTC (Time) = Sep 10 2025  20:08:53
* NMEA baud rate = 9600
** Ship: USCG HEALY
** Bot. Depth:  1389
** Cast Number:  01
** Station Name:  NABOS
** Station Number:  12
** Operator:  STARC
** Ra cast to 250
# nquan = 25
# nvalues = 1176                                  
# units = specified
# name 0 = depSM: Depth [salt water, m]
# name 1 = latitude: Latitude [deg]
# name 2 = longitude: Longitude [deg]
# name 3 = prDM: Pressure, Digiquartz [db]
# name 4 = t090C: Temperature [ITS-90, deg C]
# name 5 = t190C: Temperature, 2 [ITS-90, deg C]
# name 6 = c0mS/cm: Conductivity [mS/cm]
# name 7 = c1mS/cm: Conductivity, 2 [mS/cm]
# name 8 = sal00: Salinity, Practical [PSU]
# name 9 = sal11: Salinity, Practical, 2 [PSU]
# name 10 = sbox0Mm/Kg: Oxygen, SBE 43 [umol/kg]
# name 11 = sbox1Mm/Kg: Oxygen, SBE 43, 2 [umol/kg]
# name 12 = flECO-AFL: Fluorescence, WET Labs ECO-AFL/FL [mg/m^3]
# name 13 = v2: Voltage 2
# name 14 = wetCDOM: Fluorescence, WET Labs CDOM [mg/m^3]
# name 15 = v6: Voltage 6
# name 16 = CStarAt0: Beam Attenuation, WET Labs C-Star [1/m]
# name 17 = v3: Voltage 3
# name 18 = scan: Scan Count
# name 19 = timeM: Time, Elapsed [minutes]
# name 20 = altM: Altimeter [m]
# name 21 = sbeox0V: Oxygen raw, SBE 43 [V]
# name 22 = sbeox1V: Oxygen raw, SBE 43, 2 [V]
# name 23 = nbf: Bottles Fired
# name 24 = flag:  0.000e+00
# interval = seconds: 0.0416667
# start_time = Sep 10 2025 20:08:53 [NMEA time, header]
# bad_flag = -9.990e-29
*END*
[from data line 348]
    100.483   77.37280 -176.25428    101.573    -1.1826    -1.1801  27.473169  27.473810    34.1775    34.1756    299.117    290.673    -0.1061     4.6545     0.0928     0.0928     0.0296     0.0208      20807    14.4486     100.00     2.2449     1.9578          8  0.000e+00
    100.426   77.37280 -176.25428    101.515    -1.1825    -1.1801  27.473169  27.473924    34.1775    34.1758    298.905    290.424    -0.1366     4.6532     0.0928     0.0928     0.0306     0.0195      20808    14.4493     100.00     2.2437     1.9566          8  0.000e+00
    100.467   77.37280 -176.25428    101.557    -1.1827    -1.1802  27.473411  27.473924    34.1780    34.1758    298.907    290.426    -0.1366     4.6532     0.0928     0.0928     0.0306     0.0195      20809    14.4500     100.00     2.2437     1.9566          8  0.000e+00
    100.483   77.37280 -176.25428    101.573    -1.1830    -1.1801  27.473048  27.473924    34.1778    34.1758    298.911    290.426    -0.1366     4.6545     0.0928     0.0928     0.0296     0.0195      20810    14.4507     100.00     2.2437     1.9566          8  0.000e+00
    100.426   77.37280 -176.25428    101.515    -1.1826    -1.1802  27.473108  27.473696    34.1775    34.1755    298.906    290.425    -0.1366     4.6532     0.0928     0.0928     0.0306     0.0195      20811    14.4514     100.00     2.2437     1.9566          8  0.000e+00
    100.467   77.37280 -176.25428    101.557    -1.1829    -1.1799  27.473048  27.473639    34.1777    34.1752    298.910    290.672    -0.1061     4.6545     0.0928     0.0928     0.0296     0.0208      20812    14.4521     100.00     2.2437     1.9578          8  0.000e+00
    100.483   77.37280 -176.25428    101.573    -1.1829    -1.1801  27.473350  27.473639    34.1781    34.1754    298.909    290.674    -0.1366     4.6545     0.0928     0.0928     0.0296     0.0195      20813    14.4528     100.00     2.2437     1.9578          8  0.000e+00
    100.483   77.37280 -176.25428    101.573    -1.1825    -1.1802  27.473290  27.473810    34.1776    34.1757    298.907    290.674    -0.1366     4.6545     0.0928     0.0928     0.0296     0.0195      20814    14.4535     100.00     2.2437     1.9578          8  0.000e+00
    100.467   77.37280 -176.25428    101.557    -1.1827    -1.1801  27.473411  27.473924    34.1780    34.1758    298.907    290.672    -0.1366     4.6532     0.0916     0.0916     0.0306     0.0195      20815    14.4542     100.00     2.2437     1.9578          8  0.000e+00
    100.483   77.37280 -176.25428    101.573    -1.1824    -1.1801  27.473471  27.473696    34.1778    34.1754    298.906    290.427    -0.1366     4.6532     0.0904     0.0904     0.0306     0.0195      20816    14.4549     100.00     2.2437     1.9566          8  0.000e+00
    100.483   77.37280 -176.25428    101.573    -1.1825    -1.1799  27.473471  27.473639    34.1779    34.1751    298.907    290.426    -0.1366     4.6532     0.0904     0.0904     0.0306     0.0195      20817    14.4556     100.00     2.2437     1.9566          8  0.000e+00
    100.467   77.37280 -176.25428    101.557    -1.1827    -1.1801  27.473471  27.473639    34.1781    34.1754    299.116    290.427    -0.1061     4.6532     0.0904     0.0904     0.0306     0.0208      20818    14.4563     100.00     2.2449     1.9566          8  0.000e+00
    100.426   77.37280 -176.25428    101.515    -1.1827    -1.1798  27.473471  27.473810    34.1781    34.1753    298.905    290.423    -0.1366     4.6532     0.0904     0.0904     0.0306     0.0195      20819    14.4569     100.00     2.2437     1.9566          8  0.000e+00
    100.483   77.37280 -176.25428    101.573    -1.1824    -1.1799  27.473290  27.473696    34.1775    34.1752    298.907    290.672    -0.1366     4.6545     0.0904     0.0904     0.0296     0.0195      20820    14.4576     100.00     2.2437     1.9578          8  0.000e+00
    100.467   77.37280 -176.25428    101.557    -1.1825    -1.1799  27.473411  27.473639    34.1778    34.1752    298.906    290.426    -0.1366     4.6532     0.0904     0.0904     0.0306     0.0195      20821    14.4583     100.00     2.2437     1.9566          8  0.000e+00
    100.483   77.37280 -176.25428    101.573    -1.1824    -1.1799  27.473713  27.474037    34.1781    34.1756    299.114    290.425    -0.1366     4.6532     0.0904     0.0904     0.0306     0.0195      20822    14.4590     100.00     2.2449     1.9566          8  0.000e+00
    100.483   77.37280 -176.25428    101.573    -1.1825    -1.1795  27.473532  27.473980    34.1780    34.1751    298.907    290.423    -0.1366     4.6532     0.0904     0.0904     0.0306     0.0195      20823    14.4597     100.00     2.2437     1.9566          8  0.000e+00
    100.467   77.37280 -176.25428    101.557    -1.1826    -1.1795  27.473653  27.474094    34.1782    34.1753    298.906    290.422    -0.1366     4.6545     0.0904     0.0904     0.0296     0.0195      20824    14.4604     100.00     2.2437     1.9566          8  0.000e+00
    100.426   77.37280 -176.25428    101.515    -1.1829    -1.1797  27.473713  27.474378    34.1786    34.1759    298.906    290.667    -0.1366     4.6545     0.0904     0.0904     0.0296     0.0195      20825    14.4611     100.00     2.2437     1.9578          8  0.000e+00
    100.483   77.37280 -176.25428    101.573    -1.1825    -1.1798  27.473350  27.474436    34.1777    34.1761    298.907    290.670    -0.1366     4.6532     0.0904     0.0904     0.0306     0.0195      20826    14.4618     100.00     2.2437     1.9578          8  0.000e+00
    100.467   77.37280 -176.25428    101.557    -1.1829    -1.1798  27.473229  27.474037    34.1779    34.1756    298.909    290.670    -0.1366     4.6532     0.0904     0.0904     0.0306     0.0195      20827    14.4625     100.00     2.2437     1.9578          8  0.000e+00
    100.541   77.37280 -176.25428    101.631    -1.1830    -1.1797  27.472806  27.474265    34.1774    34.1757    298.914    290.672    -0.1366     4.6532     0.0904     0.0904     0.0306     0.0195      20828    14.4632     100.00     2.2437     1.9578          8  0.000e+00
    100.426   77.37280 -176.25428    101.515    -1.1832    -1.1799  27.472504  27.474037    34.1774    34.1757    298.912    290.669    -0.1366     4.6532     0.0904     0.0904     0.0306     0.0195      20829    14.4639     100.00     2.2437     1.9578          8  0.000e+00
    100.467   77.37280 -176.25428    101.557    -1.1833    -1.1799  27.472443  27.473924    34.1774    34.1756    298.914    290.671    -0.1061     4.6545     0.0904     0.0904     0.0296     0.0208      20830    14.4646     100.00     2.2437     1.9578          8  0.000e+00
    100.483   77.37280 -176.25428    101.573    -1.1833    -1.1799  27.472262  27.474265    34.1771    34.1759    298.916    290.671    -0.1366     4.6545     0.0904     0.0904     0.0296     0.0195      20831    14.4653     100.00     2.2437     1.9578          8  0.000e+00
    100.483   77.37280 -176.25428    101.573    -1.1835    -1.1799  27.472141  27.474265    34.1771    34.1760    298.917    290.671    -0.1366     4.6545     0.0904     0.0904     0.0296     0.0195      20832    14.4660     100.00     2.2437     1.9578          8  0.000e+00
    100.467   77.37280 -176.25428    101.557    -1.1835    -1.1797  27.471960  27.474379    34.1769    34.1759    298.917    290.915    -0.1061     4.6532     0.0904     0.0904     0.0306     0.0208      20833    14.4667     100.00     2.2437     1.9591          8  0.000e+00
    100.483   77.37280 -176.25428    101.573    -1.1835    -1.1798  27.471899  27.474037    34.1768    34.1756    298.918    290.918    -0.1366     4.6545     0.0904     0.0904     0.0296     0.0195      20834    14.4674     100.00     2.2437     1.9591          8  0.000e+00
    100.483   77.37280 -176.25428    101.573    -1.1837    -1.1798  27.471899  27.474265    34.1770    34.1759    298.710    290.917    -0.1366     4.6532     0.0904     0.0904     0.0306     0.0195      20835    14.4681     100.00     2.2425     1.9591          8  0.000e+00
    100.426   77.37280 -176.25428    101.515    -1.1833    -1.1800  27.471536  27.474265    34.1762    34.1761    298.916    290.916    -0.1366     4.6545     0.0904     0.0904     0.0296     0.0195      20836    14.4688     100.00     2.2437     1.9591          8  0.000e+00
    100.467   77.37280 -176.25426    101.557    -1.1837    -1.1799  27.471960  27.474549    34.1771    34.1764    298.918    290.669    -0.1366     4.6545     0.0904     0.0904     0.0296     0.0195      20837    14.4694     100.00     2.2437     1.9578          8  0.000e+00
    100.483   77.37280 -176.25426    101.573    -1.1837    -1.1798  27.471778  27.474322    34.1768    34.1760    298.919    290.670    -0.1366     4.6532     0.0904     0.0904     0.0306     0.0195      20838    14.4701     100.00     2.2437     1.9578          8  0.000e+00
    100.483   77.37280 -176.25426    101.573    -1.1835    -1.1797  27.471657  27.474379    34.1765    34.1759    298.919    290.669    -0.1366     4.6532     0.0904     0.0904     0.0306     0.0195      20839    14.4708     100.00     2.2437     1.9578          8  0.000e+00
    100.467   77.37280 -176.25426    101.557    -1.1833    -1.1799  27.471657  27.474265    34.1763    34.1760    298.917    290.670    -0.1061     4.6545     0.0904     0.0904     0.0296     0.0208      20840    14.4715     100.00     2.2437     1.9578          8  0.000e+00
    100.426   77.37280 -176.25426    101.515    -1.1837    -1.1799  27.471294  27.474549    34.1762    34.1764    298.919    290.421    -0.1366     4.6532     0.0904     0.0904     0.0306     0.0195      20841    14.4722     100.00     2.2437     1.9566          8  0.000e+00
    100.541   77.37280 -176.25426    101.631    -1.1837    -1.1798  27.471537  27.474322    34.1765    34.1759    298.923    290.426    -0.1366     4.6532     0.0904     0.0904     0.0306     0.0195      20842    14.4729     100.00     2.2437     1.9566          8  0.000e+00
    100.467   77.37280 -176.25426    101.557    -1.1837    -1.1799  27.471839  27.474379    34.1769    34.1762    298.918    290.423    -0.1366     4.6520     0.0916     0.0916     0.0317     0.0195      20843    14.4736     100.00     2.2437     1.9566          8  0.000e+00
    100.483   77.37280 -176.25426    101.573    -1.1837    -1.1799  27.471899  27.474265    34.1770    34.1759    298.919    290.424    -0.1366     4.6520     0.0928     0.0928     0.0317     0.0195      20844    14.4743     100.00     2.2437     1.9566          8  0.000e+00
    100.426   77.37280 -176.25426    101.515    -1.1837    -1.1799  27.472262  27.474208    34.1775    34.1760    299.124    290.422    -0.1366     4.6520     0.0928     0.0928     0.0317     0.0195      20845    14.4750     100.00     2.2449     1.9566          8  0.000e+00
    100.467   77.37280 -176.25426    101.557    -1.1835    -1.1799  27.472262  27.473980    34.1773    34.1756    298.916    290.425    -0.1366     4.6532     0.0928     0.0928     0.0306     0.0195      20846    14.4757     100.00     2.2437     1.9566          8  0.000e+00
    100.483   77.37280 -176.25426    101.573    -1.1833    -1.1799  27.472383  27.474094    34.1773    34.1757    298.915    290.424    -0.1366     4.6520     0.0928     0.0928     0.0317     0.0195      20847    14.4764     100.00     2.2437     1.9566          8  0.000e+00
    100.483   77.37280 -176.25426    101.573    -1.1833    -1.1796  27.472806  27.474208    34.1779    34.1756    298.914    290.423    -0.1366     4.6520     0.0928     0.0928     0.0317     0.0195      20848    14.4771     100.00     2.2437     1.9566          8  0.000e+00
    100.467   77.37280 -176.25426    101.557    -1.1835    -1.1798  27.472564  27.474379    34.1777    34.1760    298.915    290.669    -0.1366     4.6520     0.0928     0.0928     0.0317     0.0195      20849    14.4778     100.00     2.2437     1.9578          8  0.000e+00
    100.483   77.37280 -176.25426    101.573    -1.1835    -1.1797  27.472443  27.474265    34.1776    34.1757    298.916    290.670    -0.1366     4.6520     0.0928     0.0928     0.0317     0.0195      20850    14.4785     100.00     2.2437     1.9578          8  0.000e+00
    100.541   77.37282 -176.25424    101.631    -1.1839    -1.1825  27.471537  27.471308    34.1768    34.1748    299.342    290.698    -0.1366     4.6545     0.0928     0.0928     0.0296     0.0195      20974    14.5646     100.00     2.2461     1.9578          9  0.000e+00
    100.409   77.37282 -176.25424    101.498    -1.1841    -1.1826  27.471778  27.471080    34.1774    34.1747    299.545    290.941    -0.1366     4.6545     0.0928     0.0928     0.0296     0.0195      20975    14.5653     100.00     2.2473     1.9591          9  0.000e+00
    100.426   77.37282 -176.25424    101.515    -1.1839    -1.1826  27.471718  27.470852    34.1771    34.1744    299.336    291.190    -0.1366     4.6545     0.0928     0.0928     0.0296     0.0195      20976    14.5660     100.00     2.2461     1.9603          9  0.000e+00
    100.541   77.37282 -176.25424    101.631    -1.1841    -1.1825  27.471416  27.470967    34.1768    34.1743    299.343    291.440    -0.1366     4.6545     0.0928     0.0928     0.0296     0.0195      20977    14.5667     100.00     2.2461     1.9615          9  0.000e+00
    100.483   77.37282 -176.25424    101.573    -1.1839    -1.1823  27.471536  27.471023    34.1768    34.1742    299.339    291.190    -0.1366     4.6545     0.0928     0.0928     0.0296     0.0195      20978    14.5674     100.00     2.2461     1.9603          9  0.000e+00
    100.467   77.37282 -176.25424    101.557    -1.1841    -1.1826  27.471657  27.471023    34.1772    34.1746    299.339    290.697    -0.1366     4.6545     0.0928     0.0928     0.0296     0.0195      20979    14.5681     100.00     2.2461     1.9578          9  0.000e+00
    100.426   77.37282 -176.25424    101.515    -1.1841    -1.1825  27.471839  27.471194    34.1775    34.1747    299.546    290.201    -0.1366     4.6545     0.0940     0.0940     0.0296     0.0195      20980    14.5687     100.00     2.2473     1.9554          9  0.000e+00
    100.483   77.37282 -176.25424    101.573    -1.1839    -1.1826  27.471476  27.470682    34.1767    34.1741    299.340    290.205    -0.1061     4.6545     0.0940     0.0940     0.0296     0.0208      20981    14.5694     100.00     2.2461     1.9554          9  0.000e+00
    100.467   77.37282 -176.25424    101.557    -1.1839    -1.1824  27.471718  27.470853    34.1771    34.1741    299.338    290.450    -0.1366     4.6545     0.0940     0.0940     0.0296     0.0195      20982    14.5701     100.00     2.2461     1.9566          9  0.000e+00
    100.483   77.37282 -176.25424    101.573    -1.1839    -1.1829  27.471899  27.470853    34.1773    34.1747    299.338    290.453    -0.1366     4.6532     0.0940     0.0940     0.0306     0.0195      20983    14.5708     100.00     2.2461     1.9566          9  0.000e+00
    100.483   77.37282 -176.25424    101.573    -1.1841    -1.1827  27.471718  27.471365    34.1773    34.1752    299.340    290.451    -0.1366     4.6532     0.0940     0.0940     0.0306     0.0195      20984    14.5715     100.00     2.2461     1.9566          9  0.000e+00
    100.467   77.37282 -176.25424    101.557    -1.1839    -1.1825  27.471657  27.471137    34.1770    34.1746    299.338    290.449    -0.1366     4.6532     0.0928     0.0928     0.0306     0.0195      20985    14.5722     100.00     2.2461     1.9566          9  0.000e+00
    100.483   77.37282 -176.25424    101.573    -1.1838    -1.1826  27.471839  27.471023    34.1771    34.1746    299.338    290.451    -0.1366     4.6532     0.0940     0.0940     0.0306     0.0195      20986    14.5729     100.00     2.2461     1.9566          9  0.000e+00
