Continuous CTD Data/01_SBE Stage/nabos_37_01avg.cnv
* Sea-Bird SBE 9 Data File:
* FileName = D:\CTD\data\HLY2502\raw\NABOS_37_01.hex
* Software Version Seasave V 7.26.7.110
* Temperature SN = 6954
* Conductivity SN = 2561
* Number of Bytes Per Scan = 37
* Number of Voltage Words = 4
* Number of Scans Averaged by the Deck Unit = 1
* NMEA Latitude = 79 03.75 N
* NMEA Longitude = 130 24.14 E
* NMEA UTC (Time) = Sep 24 2025  20:20:46
* NMEA baud rate = 9600
** Ship: USCG HEALY
** Bot. Depth:  3116
** Cast Number:  01
** Station Name:  NABOS
** Station Number:  37
** Operator:  STARC
# nquan = 25
# nvalues = 1216                        
# units = specified
# name 0 = depSM: Depth [salt water, m]
# name 1 = latitude: Latitude [deg]
# name 2 = longitude: Longitude [deg]
# name 3 = prDM: Pressure, Digiquartz [db]
# name 4 = t090C: Temperature [ITS-90, deg C]
# name 5 = t190C: Temperature, 2 [ITS-90, deg C]
# name 6 = c0mS/cm: Conductivity [mS/cm]
# name 7 = c1mS/cm: Conductivity, 2 [mS/cm]
# name 8 = sal00: Salinity, Practical [PSU]
# name 9 = sal11: Salinity, Practical, 2 [PSU]
# name 10 = sbox0Mm/Kg: Oxygen, SBE 43 [umol/kg]
# name 11 = sbox1Mm/Kg: Oxygen, SBE 43, 2 [umol/kg]
# name 12 = flECO-AFL: Fluorescence, WET Labs ECO-AFL/FL [mg/m^3]
# name 13 = v2: Voltage 2
# name 14 = wetCDOM: Fluorescence, WET Labs CDOM [mg/m^3]
# name 15 = v6: Voltage 6
# name 16 = CStarAt0: Beam Attenuation, WET Labs C-Star [1/m]
# name 17 = v3: Voltage 3
# name 18 = scan: Scan Count
# name 19 = timeM: Time, Elapsed [minutes]
# name 20 = altM: Altimeter [m]
# name 21 = sbeox0V: Oxygen raw, SBE 43 [V]
# name 22 = sbeox1V: Oxygen raw, SBE 43, 2 [V]
# name 23 = nbin: number of scans per bin
# name 24 = flag: flag
# span 0 =      2.968,   1201.631       
# span 1 =   79.06314,   79.06776       
# span 2 =  130.38762,  130.39960       
# span 3 =      3.000,   1218.000       
# span 4 =    -1.8388,     1.9191       
# span 5 =    -1.8382,     1.9191       
# span 6 =  23.287123,  30.720229       
# span 7 =  23.286515,  30.718471       
# span 8 =    28.9256,    34.9089       
# span 9 =    28.9241,    34.9068       
# span 10 =    288.091,    377.094      
# span 11 =    -35.341,    372.162      
# span 12 =    -0.1787,     0.3931      
# span 13 =     4.5095,     4.6317      
# span 14 =     0.0718,     0.1371      
# span 15 =     0.0718,     0.1371      
# span 16 =     0.0492,     0.1562      
# span 17 =     0.0178,     0.0407      
# span 18 =       5443,      46844      
# span 19 =     3.7793,    32.5302      
# span 20 =      28.19,     100.00      
# span 21 =     1.9951,     2.6704      
# span 22 =     0.3324,     2.3350      
# span 23 =         11,         28      
# span 24 = 0.0000e+00, 0.0000e+00      
# interval = decibars: 1                
# start_time = Sep 24 2025 20:20:46 [NMEA time, header]
# bad_flag = -9.990e-29
*END*
[from data line 290]
    289.703   79.06416  130.39402    293.000     1.7983     1.7983  30.626833  30.625027    34.8643    34.8620    294.706    290.932    -0.1417     4.6300     0.0828     0.0828     0.0506     0.0193      16410    11.3954     100.00     2.3380     2.0581         13 0.0000e+00
    290.691   79.06416  130.39402    294.000     1.7800     1.7799  30.611094  30.609273    34.8640    34.8618    294.798    290.985    -0.1602     4.6301     0.0837     0.0837     0.0505     0.0186      16438    11.4149     100.00     2.3374     2.0574         16 0.0000e+00
    291.679   79.06416  130.39400    295.000     1.7757     1.7756  30.607678  30.605826    34.8638    34.8616    294.989    290.774    -0.1323     4.6302     0.0836     0.0836     0.0505     0.0197      16466    11.4340     100.00     2.3381     2.0559         14 0.0000e+00
    292.667   79.06416  130.39400    296.000     1.7768     1.7767  30.608984  30.607293    34.8637    34.8616    294.946    290.456    -0.1603     4.6302     0.0835     0.0835     0.0504     0.0186      16494    11.4538     100.00     2.3376     2.0540         16 0.0000e+00
    293.655   79.06416  130.39399    297.000     1.7769     1.7769  30.609506  30.607717    34.8636    34.8614    294.831    290.926    -0.1372     4.6300     0.0823     0.0823     0.0506     0.0195      16523    11.4735     100.00     2.3367     2.0563         13 0.0000e+00
    294.643   79.06416  130.39398    298.000     1.7763     1.7761  30.609301  30.607461    34.8635    34.8614    294.747    290.977    -0.1527     4.6300     0.0824     0.0824     0.0506     0.0189      16551    11.4933     100.00     2.3359     2.0563         17 0.0000e+00
    295.631   79.06416  130.39396    299.000     1.7717     1.7715  30.605539  30.603701    34.8632    34.8611    294.720    290.445    -0.1441     4.6300     0.0837     0.0837     0.0506     0.0192      16580    11.5131     100.00     2.3353     2.0531         15 0.0000e+00
    296.620   79.06416  130.39396    300.000     1.7678     1.7678  30.602541  30.600686    34.8632    34.8609    294.790    290.866    -0.1410     4.6301     0.0832     0.0832     0.0506     0.0193      16608    11.5330     100.00     2.3352     2.0550         21 0.0000e+00
    297.608   79.06418  130.39395    301.000     1.7576     1.7573  30.593668  30.591781    34.8627    34.8606    294.987    290.730    -0.1597     4.6306     0.0830     0.0830     0.0502     0.0186      16636    11.5520     100.00     2.3357     2.0536         18 0.0000e+00
    298.595   79.06418  130.39394    302.000     1.7474     1.7473  30.585161  30.583402    34.8627    34.8605    295.057    290.835    -0.1452     4.6305     0.0821     0.0821     0.0502     0.0192      16663    11.5711     100.00     2.3354     2.0536         19 0.0000e+00
    299.584   79.06418  130.39393    303.000     1.7433     1.7433  30.581927  30.580101    34.8625    34.8602    295.149    291.243    -0.1708     4.6311     0.0834     0.0834     0.0497     0.0182      16691    11.5905     100.00     2.3355     2.0553         19 0.0000e+00
    300.572   79.06418  130.39392    304.000     1.7361     1.7360  30.575782  30.573998    34.8621    34.8599    295.049    291.457    -0.1703     4.6296     0.0842     0.0842     0.0510     0.0182      16719    11.6100     100.00     2.3343     2.0560         19 0.0000e+00
    301.560   79.06418  130.39392    305.000     1.7319     1.7319  30.572500  30.570598    34.8620    34.8597    294.992    290.920    -0.1650     4.6299     0.0852     0.0852     0.0507     0.0184      16746    11.6286     100.00     2.3335     2.0527         15 0.0000e+00
    302.548   79.06418  130.39390    306.000     1.7291     1.7290  30.570461  30.568555    34.8620    34.8597    294.921    290.956    -0.1671     4.6303     0.0845     0.0845     0.0503     0.0183      16774    11.6476     100.00     2.3326     2.0526         19 0.0000e+00
    303.535   79.06418  130.39390    307.000     1.7303     1.7302  30.572373  30.570382    34.8625    34.8601    294.895    291.022    -0.1737     4.6302     0.0832     0.0832     0.0504     0.0180      16802    11.6677     100.00     2.3323     2.0528         19 0.0000e+00
    304.524   79.06418  130.39388    308.000     1.7368     1.7366  30.579566  30.577611    34.8638    34.8616    294.921    290.836    -0.1700     4.6299     0.0830     0.0830     0.0507     0.0182      16832    11.6882     100.00     2.3326     2.0519         20 0.0000e+00
    305.512   79.06418  130.39387    309.000     1.7407     1.7406  30.584364  30.582434    34.8649    34.8627    294.943    290.955    -0.1734     4.6300     0.0830     0.0830     0.0506     0.0181      16860    11.7074     100.00     2.3327     2.0525         19 0.0000e+00
    306.499   79.06418  130.39386    310.000     1.7496     1.7496  30.595319  30.593429    34.8684    34.8661    294.917    291.079    -0.1397     4.6301     0.0830     0.0830     0.0505     0.0194      16887    11.7263     100.00     2.3328     2.0534         17 0.0000e+00
    307.487   79.06420  130.39384    311.000     1.7573     1.7572  30.604421  30.602633    34.8708    34.8687    294.885    290.803    -0.1520     4.6312     0.0830     0.0830     0.0497     0.0189      16915    11.7458     100.00     2.3328     2.0521         18 0.0000e+00
    308.475   79.06420  130.39384    312.000     1.7633     1.7624  30.611165  30.608631    34.8722    34.8700    294.898    291.049    -0.1551     4.6304     0.0841     0.0841     0.0503     0.0188      16947    11.7678     100.00     2.3329     2.0534         20 0.0000e+00
    309.463   79.06420  130.39383    313.000     1.7533     1.7525  30.602528  30.600012    34.8718    34.8695    294.906    290.385    -0.1659     4.6314     0.0817     0.0817     0.0496     0.0183      16976    11.7882     100.00     2.3322     2.0493         16 0.0000e+00
    310.451   79.06420  130.39382    314.000     1.7537     1.7536  30.603772  30.602001    34.8723    34.8701    294.859    290.693    -0.1642     4.6312     0.0829     0.0829     0.0496     0.0184      17003    11.8067     100.00     2.3317     2.0508         21 0.0000e+00
    311.439   79.06420  130.39381    315.000     1.7482     1.7479  30.599473  30.597495    34.8723    34.8702    294.867    291.194    -0.1502     4.6308     0.0830     0.0830     0.0500     0.0190      17029    11.8247     100.00     2.3312     2.0530         21 0.0000e+00
    312.427   79.06420  130.39380    316.000     1.7416     1.7415  30.593950  30.592195    34.8721    34.8700    294.853    291.175    -0.1303     4.6310     0.0840     0.0840     0.0498     0.0198      17057    11.8443     100.00     2.3305     2.0524         21 0.0000e+00
    313.415   79.06420  130.39378    317.000     1.7322     1.7320  30.585817  30.583967    34.8716    34.8695    294.862    291.018    -0.1722     4.6302     0.0818     0.0818     0.0504     0.0181      17087    11.8655     100.00     2.3298     2.0509         20 0.0000e+00
    314.403   79.06420  130.39378    318.000     1.7211     1.7211  30.576298  30.574484    34.8713    34.8690    294.932    291.172    -0.1618     4.6308     0.0818     0.0818     0.0500     0.0185      17117    11.8862     100.00     2.3295     2.0511         21 0.0000e+00
    315.391   79.06421  130.39376    319.000     1.7113     1.7117  30.567786  30.566546    34.8708    34.8687    295.002    291.242    -0.1514     4.6310     0.0820     0.0820     0.0498     0.0189      17144    11.9049     100.00     2.3292     2.0509         20 0.0000e+00
    316.379   79.06422  130.39375    320.000     1.7003     1.6999  30.558128  30.556010    34.8701    34.8679    295.094    290.848    -0.1670     4.6313     0.0830     0.0830     0.0495     0.0183      17171    11.9234     100.00     2.3289     2.0481         22 0.0000e+00
    317.367   79.06422  130.39374    321.000     1.6895     1.6893  30.548716  30.546999    34.8696    34.8676    294.997    290.764    -0.1365     4.6312     0.0830     0.0830     0.0497     0.0195      17198    11.9427     100.00     2.3275     2.0470         17 0.0000e+00
    318.355   79.06422  130.39372    322.000     1.6859     1.6857  30.545931  30.544199    34.8695    34.8675    295.002    291.319    -0.1450     4.6311     0.0836     0.0836     0.0498     0.0192      17229    11.9639     100.00     2.3271     2.0495         17 0.0000e+00
    319.343   79.06422  130.39372    323.000     1.6876     1.6876  30.548577  30.546749    34.8703    34.8681    295.021    291.292    -0.1639     4.6313     0.0835     0.0835     0.0496     0.0184      17260    11.9851     100.00     2.3271     2.0493         17 0.0000e+00
    320.331   79.06422  130.39371    324.000     1.6867     1.6865  30.550185  30.548217    34.8728    34.8705    295.051    291.085    -0.1670     4.6313     0.0830     0.0830     0.0496     0.0183      17287    12.0044     100.00     2.3270     2.0480         17 0.0000e+00
    321.318   79.06422  130.39370    325.000     1.6808     1.6805  30.546049  30.544056    34.8735    34.8713    295.160    291.432    -0.1635     4.6313     0.0829     0.0829     0.0496     0.0184      17314    12.0229     100.00     2.3272     2.0493         17 0.0000e+00
    322.306   79.06422  130.39369    326.000     1.6766     1.6765  30.543088  30.541223    34.8738    34.8716    295.069    291.553    -0.1332     4.6315     0.0811     0.0811     0.0494     0.0196      17341    12.0418     100.00     2.3262     2.0496         15 0.0000e+00
    323.294   79.06422  130.39366    327.000     1.6750     1.6750  30.542123  30.540320    34.8737    34.8716    295.072    292.126    -0.1499     4.6313     0.0832     0.0832     0.0496     0.0190      17371    12.0628     100.00     2.3259     2.0524         16 0.0000e+00
    324.282   79.06422  130.39366    328.000     1.6694     1.6692  30.537466  30.535421    34.8735    34.8712    294.850    290.405    -0.1416     4.6313     0.0824     0.0824     0.0496     0.0193      17402    12.0841     100.00     2.3240     2.0429         16 0.0000e+00
    325.270   79.06424  130.39364    329.000     1.6632     1.6631  30.532378  30.530480    34.8734    34.8711    294.635    291.078    -0.1754     4.6303     0.0815     0.0815     0.0503     0.0180      17429    12.1031     100.00     2.3220     2.0460         17 0.0000e+00
    326.258   79.06424  130.39363    330.000     1.6580     1.6579  30.528141  30.526202    34.8732    34.8709    294.574    290.935    -0.1585     4.6312     0.0817     0.0817     0.0497     0.0187      17455    12.1208     100.00     2.3212     2.0448         14 0.0000e+00
    327.246   79.06424  130.39362    331.000     1.6538     1.6537  30.524710  30.522900    34.8728    34.8707    294.567    290.572    -0.1480     4.6314     0.0810     0.0810     0.0495     0.0191      17482    12.1395     100.00     2.3207     2.0425         16 0.0000e+00
    328.234   79.06424  130.39361    332.000     1.6421     1.6424  30.514695  30.513249    34.8725    34.8704    294.723    290.820    -0.1719     4.6314     0.0764     0.0764     0.0495     0.0181      17512    12.1605     100.00     2.3208     2.0431         17 0.0000e+00
    329.221   79.06424  130.39360    333.000     1.6342     1.6342  30.508153  30.506354    34.8724    34.8701    294.694    290.568    -0.1736     4.6313     0.0756     0.0756     0.0496     0.0180      17543    12.1822     100.00     2.3200     2.0412         14 0.0000e+00
    330.209   79.06424  130.39358    334.000     1.6265     1.6266  30.501531  30.499932    34.8720    34.8699    294.654    290.244    -0.1715     4.6313     0.0826     0.0826     0.0496     0.0181      17572    12.2020     100.00     2.3191     2.0390         14 0.0000e+00
    331.197   79.06425  130.39357    335.000     1.6239     1.6239  30.499668  30.497735    34.8720    34.8695    294.539    289.933    -0.1650     4.6313     0.0830     0.0830     0.0496     0.0184      17598    12.2203     100.00     2.3180     2.0371         13 0.0000e+00
    332.185   79.06426  130.39356    336.000     1.6236     1.6236  30.499660  30.497855    34.8716    34.8694    294.319    290.848    -0.1736     4.6312     0.0841     0.0841     0.0497     0.0180      17626    12.2393     100.00     2.3164     2.0416         14 0.0000e+00
    333.173   79.06426  130.39355    337.000     1.6237     1.6236  30.500054  30.498211    34.8715    34.8692    294.253    290.690    -0.1629     4.6315     0.0784     0.0784     0.0494     0.0185      17656    12.2602     100.00     2.3157     2.0406         13 0.0000e+00
    334.161   79.06426  130.39354    338.000     1.6239     1.6238  30.500641  30.498866    34.8714    34.8693    294.199    290.063    -0.1370     4.6313     0.0718     0.0718     0.0496     0.0195      17686    12.2814     100.00     2.3152     2.0371         14 0.0000e+00
    335.148   79.06426  130.39352    339.000     1.6243     1.6242  30.501420  30.499588    34.8714    34.8692    294.342    290.964    -0.1631     4.6308     0.0792     0.0792     0.0500     0.0185      17714    12.3008     100.00     2.3158     2.0417         15 0.0000e+00
    336.136   79.06426  130.39350    340.000     1.6270     1.6268  30.504454  30.502620    34.8718    34.8696    294.353    290.332    -0.1397     4.6313     0.0860     0.0860     0.0496     0.0194      17741    12.3193     100.00     2.3158     2.0383         13 0.0000e+00
    337.124   79.06426  130.39349    341.000     1.6308     1.6306  30.508533  30.506685    34.8721    34.8700    294.208    290.627    -0.1732     4.6306     0.0871     0.0871     0.0501     0.0181      17769    12.3389     100.00     2.3148     2.0398         15 0.0000e+00
    338.112   79.06426  130.39348    342.000     1.6317     1.6317  30.509795  30.508123    34.8721    34.8700    294.015    290.458    -0.1646     4.6310     0.0886     0.0886     0.0499     0.0184      17798    12.3593     100.00     2.3135     2.0387         15 0.0000e+00
    339.100   79.06426  130.39346    343.000     1.6314     1.6314  30.510009  30.508208    34.8722    34.8699    293.980    290.261    -0.1693     4.6311     0.0865     0.0865     0.0498     0.0182      17827    12.3794     100.00     2.3130     2.0375         13 0.0000e+00
    340.088   79.06428  130.39344    344.000     1.6313     1.6312  30.510461  30.508394    34.8722    34.8697    294.098    290.697    -0.1645     4.6308     0.0849     0.0849     0.0500     0.0184      17855    12.3985     100.00     2.3135     2.0396         13 0.0000e+00
    341.075   79.06428  130.39344    345.000     1.6208     1.6213  30.501049  30.499760    34.8713    34.8691    294.143    289.731    -0.1547     4.6305     0.0801     0.0801     0.0503     0.0188      17882    12.4176     100.00     2.3130     2.0339         15 0.0000e+00
    342.063   79.06428  130.39342    346.000     1.5918     1.5909  30.475594  30.472978    34.8706    34.8682    294.399    291.563    -0.1301     4.6302     0.0822     0.0822     0.0505     0.0198      17912    12.4380     100.00     2.3128     2.0420         15 0.0000e+00
    343.051   79.06428  130.39341    347.000     1.5673     1.5669  30.454139  30.452110    34.8699    34.8678    294.327    290.338    -0.1639     4.6312     0.0835     0.0835     0.0496     0.0184      17942    12.4590     100.00     2.3109     2.0343         17 0.0000e+00
    344.039   79.06428  130.39338    348.000     1.5616     1.5612  30.449393  30.447431    34.8696    34.8675    294.213    290.201    -0.1732     4.6312     0.0841     0.0841     0.0497     0.0181      17971    12.4789     100.00     2.3096     2.0332         15 0.0000e+00
    345.027   79.06428  130.39338    349.000     1.5644     1.5642  30.452487  30.450648    34.8699    34.8677    294.117    290.537    -0.1653     4.6313     0.0840     0.0840     0.0496     0.0184      17998    12.4982     100.00     2.3089     2.0349         16 0.0000e+00
