Continuous CTD Data/01_SBE Stage/nabos_33_01avg.cnv
* Sea-Bird SBE 9 Data File:
* FileName = D:\CTD\data\HLY2502\raw\NABOS_33_01.hex
* Software Version Seasave V 7.26.7.110
* Temperature SN = 6954
* Conductivity SN = 2561
* Number of Bytes Per Scan = 37
* Number of Voltage Words = 4
* Number of Scans Averaged by the Deck Unit = 1
* NMEA Latitude = 79 51.39 N
* NMEA Longitude = 140 04.65 E
* NMEA UTC (Time) = Sep 23 2025  14:40:56
* NMEA baud rate = 9600
** Ship: USCG HEALY
** Bot. Depth:  1970
** Cast Number:  01
** Station Name:  NABOS
** Station Number:  33
** Operator:  STARC
# nquan = 25
# nvalues = 1214                        
# units = specified
# name 0 = depSM: Depth [salt water, m]
# name 1 = latitude: Latitude [deg]
# name 2 = longitude: Longitude [deg]
# name 3 = prDM: Pressure, Digiquartz [db]
# name 4 = t090C: Temperature [ITS-90, deg C]
# name 5 = t190C: Temperature, 2 [ITS-90, deg C]
# name 6 = c0mS/cm: Conductivity [mS/cm]
# name 7 = c1mS/cm: Conductivity, 2 [mS/cm]
# name 8 = sal00: Salinity, Practical [PSU]
# name 9 = sal11: Salinity, Practical, 2 [PSU]
# name 10 = sbox0Mm/Kg: Oxygen, SBE 43 [umol/kg]
# name 11 = sbox1Mm/Kg: Oxygen, SBE 43, 2 [umol/kg]
# name 12 = flECO-AFL: Fluorescence, WET Labs ECO-AFL/FL [mg/m^3]
# name 13 = v2: Voltage 2
# name 14 = wetCDOM: Fluorescence, WET Labs CDOM [mg/m^3]
# name 15 = v6: Voltage 6
# name 16 = CStarAt0: Beam Attenuation, WET Labs C-Star [1/m]
# name 17 = v3: Voltage 3
# name 18 = scan: Scan Count
# name 19 = timeM: Time, Elapsed [minutes]
# name 20 = altM: Altimeter [m]
# name 21 = sbeox0V: Oxygen raw, SBE 43 [V]
# name 22 = sbeox1V: Oxygen raw, SBE 43, 2 [V]
# name 23 = nbin: number of scans per bin
# name 24 = flag: flag
# span 0 =      3.958,   1200.616       
# span 1 =   79.85658,   79.85849       
# span 2 =  140.06293,  140.07485       
# span 3 =      4.000,   1217.000       
# span 4 =    -1.4239,     1.3963       
# span 5 =    -1.4254,     1.3959       
# span 6 =  24.234668,  30.211009       
# span 7 =  24.233773,  30.209231       
# span 8 =    29.6306,    34.8762       
# span 9 =    29.6285,    34.8741       
# span 10 =    293.543,    363.357      
# span 11 =    279.045,    357.532      
# span 12 =    -0.1800,     0.7952      
# span 13 =     4.4579,     4.6296      
# span 14 =     0.0806,     0.1245      
# span 15 =     0.0806,     0.1245      
# span 16 =     0.0510,     0.2023      
# span 17 =     0.0178,     0.0568      
# span 18 =       5620,      39837      
# span 19 =     3.9018,    27.6637      
# span 20 =     100.00,     100.00      
# span 21 =     2.0309,     2.6148      
# span 22 =     1.7650,     2.2853      
# span 23 =          9,         27      
# span 24 = 0.0000e+00, 0.0000e+00      
# interval = decibars: 1                
# start_time = Sep 23 2025 14:40:56 [NMEA time, header]
# bad_flag = -9.990e-29
*END*
[from data line 522]
    519.776   79.85736  140.06876    526.000     0.8198     0.8196  29.865585  29.863683    34.8442    34.8420    296.579    291.075    -0.1416     4.6223     0.0902     0.0902     0.0574     0.0193      21318    14.8035     100.00     2.2443     1.9715         16 0.0000e+00
    520.763   79.85736  140.06874    527.000     0.8129     0.8126  29.860208  29.858219    34.8444    34.8421    296.516    291.226    -0.1291     4.6216     0.0902     0.0902     0.0579     0.0198      21344    14.8212     100.00     2.2433     1.9718         18 0.0000e+00
    521.750   79.85738  140.06874    528.000     0.8101     0.8101  29.858330  29.856428    34.8445    34.8421    296.143    291.358    -0.1696     4.6227     0.0902     0.0902     0.0570     0.0182      21370    14.8392     100.00     2.2408     1.9721         17 0.0000e+00
    522.737   79.85738  140.06872    529.000     0.8075     0.8075  29.856524  29.854751    34.8445    34.8422    295.893    291.524    -0.1712     4.6226     0.0906     0.0906     0.0571     0.0181      21394    14.8566     100.00     2.2390     1.9727         15 0.0000e+00
    523.724   79.85738  140.06872    530.000     0.8066     0.8066  29.856261  29.854442    34.8445    34.8422    295.903    291.271    -0.1383     4.6227     0.0900     0.0900     0.0570     0.0194      21419    14.8733     100.00     2.2387     1.9712         19 0.0000e+00
    524.711   79.85738  140.06870    531.000     0.8073     0.8074  29.857501  29.855721    34.8448    34.8424    295.784    291.195    -0.1581     4.6235     0.0885     0.0885     0.0563     0.0187      21443    14.8903     100.00     2.2378     1.9706         17 0.0000e+00
    525.698   79.85738  140.06870    532.000     0.8085     0.8084  29.859050  29.857210    34.8449    34.8426    295.733    291.414    -0.1380     4.6227     0.0895     0.0895     0.0570     0.0194      21469    14.9081     100.00     2.2373     1.9716         17 0.0000e+00
    526.684   79.85738  140.06868    533.000     0.8064     0.8063  29.857604  29.855840    34.8448    34.8426    295.807    291.153    -0.1310     4.6231     0.0893     0.0893     0.0567     0.0197      21494    14.9258     100.00     2.2375     1.9700         16 0.0000e+00
    527.671   79.85738  140.06868    534.000     0.7999     0.7997  29.852219  29.850399    34.8446    34.8424    295.895    291.107    -0.1323     4.6233     0.0896     0.0896     0.0564     0.0197      21519    14.9429     100.00     2.2374     1.9693         14 0.0000e+00
    528.658   79.85738  140.06866    535.000     0.7969     0.7969  29.850555  29.848629    34.8451    34.8427    295.771    291.839    -0.1620     4.6227     0.0885     0.0885     0.0570     0.0185      21543    14.9599     100.00     2.2363     1.9726         14 0.0000e+00
    529.645   79.85738  140.06866    536.000     0.7983     0.7983  29.852242  29.850401    34.8451    34.8428    295.510    292.276    -0.1715     4.6225     0.0885     0.0885     0.0572     0.0181      21567    14.9764     100.00     2.2346     1.9747         15 0.0000e+00
    530.632   79.85738  140.06864    537.000     0.8013     0.8013  29.855587  29.853841    34.8455    34.8433    295.253    291.391    -0.1690     4.6227     0.0890     0.0890     0.0570     0.0182      21592    14.9935     100.00     2.2331     1.9702         17 0.0000e+00
    531.619   79.85738  140.06863    538.000     0.7967     0.7955  29.851768  29.848944    34.8452    34.8429    295.230    291.645    -0.1334     4.6227     0.0896     0.0896     0.0570     0.0197      21618    15.0116     100.00     2.2324     1.9710         18 0.0000e+00
    532.606   79.85738  140.06862    539.000     0.7788     0.7784  29.836328  29.834301    34.8447    34.8424    295.316    291.353    -0.1723     4.6226     0.0893     0.0893     0.0571     0.0181      21643    15.0295     100.00     2.2318     1.9687         15 0.0000e+00
    533.593   79.85738  140.06861    540.000     0.7769     0.7765  29.835189  29.832897    34.8448    34.8423    295.362    291.437    -0.1693     4.6230     0.0891     0.0891     0.0567     0.0182      21667    15.0459     100.00     2.2318     1.9688         14 0.0000e+00
    534.579   79.85738  140.06860    541.000     0.7775     0.7775  29.836160  29.834287    34.8448    34.8423    295.413    291.580    -0.1647     4.6219     0.0884     0.0884     0.0576     0.0184      21690    15.0616     100.00     2.2319     1.9694         13 0.0000e+00
    535.566   79.85738  140.06859    542.000     0.7800     0.7811  29.838890  29.838152    34.8449    34.8428    295.516    291.572    -0.1538     4.6232     0.0886     0.0886     0.0565     0.0188      21714    15.0787     100.00     2.2324     1.9693         16 0.0000e+00
    536.553   79.85738  140.06858    543.000     0.7815     0.7813  29.840835  29.838767    34.8451    34.8427    295.609    291.162    -0.1507     4.6223     0.0898     0.0898     0.0573     0.0189      21741    15.0975     100.00     2.2328     1.9671         15 0.0000e+00
    537.540   79.85738  140.06857    544.000     0.7783     0.7783  29.838315  29.836615    34.8449    34.8427    295.575    291.474    -0.1415     4.6233     0.0893     0.0893     0.0564     0.0193      21768    15.1161     100.00     2.2322     1.9683         13 0.0000e+00
    538.527   79.85739  140.06855    545.000     0.7747     0.7738  29.835518  29.833001    34.8447    34.8425    295.429    291.943    -0.1287     4.6231     0.0897     0.0897     0.0566     0.0198      21793    15.1331     100.00     2.2309     1.9703         16 0.0000e+00
    539.514   79.85740  140.06854    546.000     0.7717     0.7709  29.833071  29.830726    34.8444    34.8422    295.331    291.341    -0.1590     4.6226     0.0896     0.0896     0.0571     0.0186      21815    15.1489     100.00     2.2299     1.9670         13 0.0000e+00
    540.501   79.85740  140.06853    547.000     0.7614     0.7607  29.824423  29.822116    34.8441    34.8418    295.304    290.615    -0.1672     4.6227     0.0894     0.0894     0.0570     0.0183      21839    15.1651     100.00     2.2290     1.9627         12 0.0000e+00
    541.487   79.85740  140.06852    548.000     0.7639     0.7640  29.827256  29.825669    34.8444    34.8423    295.184    290.911    -0.1713     4.6229     0.0900     0.0900     0.0568     0.0181      21865    15.1830     100.00     2.2282     1.9641         14 0.0000e+00
    542.474   79.85740  140.06851    549.000     0.7663     0.7659  29.830011  29.827828    34.8447    34.8423    295.209    291.100    -0.1653     4.6241     0.0899     0.0899     0.0558     0.0184      21891    15.2016     100.00     2.2282     1.9650         15 0.0000e+00
    543.461   79.85740  140.06850    550.000     0.7612     0.7602  29.825814  29.823022    34.8444    34.8419    295.473    291.246    -0.1274     4.6227     0.0892     0.0892     0.0570     0.0199      21917    15.2193     100.00     2.2293     1.9653         14 0.0000e+00
    544.448   79.85740  140.06848    551.000     0.7593     0.7589  29.824500  29.822317    34.8442    34.8418    295.916    291.701    -0.1341     4.6233     0.0892     0.0892     0.0564     0.0196      21940    15.2357     100.00     2.2316     1.9673         12 0.0000e+00
    545.434   79.85740  140.06847    552.000     0.7555     0.7545  29.821499  29.818927    34.8440    34.8418    295.702    291.474    -0.1328     4.6207     0.0906     0.0906     0.0586     0.0197      21964    15.2521     100.00     2.2299     1.9658         16 0.0000e+00
    546.421   79.85740  140.06846    553.000     0.7503     0.7495  29.817471  29.815080    34.8441    34.8418    295.566    290.843    -0.1322     4.6223     0.0896     0.0896     0.0573     0.0197      21987    15.2683     100.00     2.2286     1.9623         14 0.0000e+00
    547.408   79.85740  140.06844    554.000     0.7431     0.7431  29.811641  29.809747    34.8440    34.8415    295.275    290.544    -0.1451     4.6229     0.0895     0.0895     0.0568     0.0192      22013    15.2859     100.00     2.2263     1.9603         18 0.0000e+00
    548.395   79.85740  140.06842    555.000     0.7339     0.7346  29.803901  29.802721    34.8436    34.8413    294.306    290.997    -0.1442     4.6233     0.0906     0.0906     0.0564     0.0192      22038    15.3037     100.00     2.2200     1.9620         16 0.0000e+00
    549.382   79.85740  140.06842    556.000     0.7244     0.7257  29.795871  29.795237    34.8433    34.8410    294.344    291.093    -0.1266     4.6237     0.0890     0.0890     0.0561     0.0199      22064    15.3216     100.00     2.2195     1.9619         15 0.0000e+00
    550.368   79.85740  140.06840    557.000     0.7212     0.7210  29.793481  29.791582    34.8432    34.8409    294.362    290.967    -0.1608     4.6230     0.0893     0.0893     0.0568     0.0185      22089    15.3391     100.00     2.2192     1.9609         18 0.0000e+00
    551.355   79.85742  140.06838    558.000     0.7164     0.7162  29.789690  29.787780    34.8430    34.8408    294.518    291.480    -0.1733     4.6225     0.0890     0.0890     0.0572     0.0181      22113    15.3557     100.00     2.2197     1.9631         16 0.0000e+00
    552.342   79.85742  140.06838    559.000     0.7109     0.7106  29.785311  29.783152    34.8429    34.8405    294.667    291.006    -0.1709     4.6226     0.0898     0.0898     0.0571     0.0182      22137    15.3722     100.00     2.2200     1.9603         16 0.0000e+00
    553.329   79.85742  140.06836    560.000     0.7083     0.7082  29.783184  29.781306    34.8426    34.8402    294.780    291.216    -0.1705     4.6220     0.0905     0.0905     0.0576     0.0182      22161    15.3892     100.00     2.2203     1.9611         18 0.0000e+00
    554.316   79.85742  140.06834    561.000     0.7022     0.7021  29.778232  29.776369    34.8424    34.8401    294.749    291.909    -0.1281     4.6224     0.0892     0.0892     0.0573     0.0199      22187    15.4069     100.00     2.2196     1.9640         15 0.0000e+00
    555.302   79.85742  140.06834    562.000     0.6989     0.6975  29.775778  29.772832    34.8423    34.8400    294.668    290.973    -0.1322     4.6217     0.0890     0.0890     0.0579     0.0197      22213    15.4251     100.00     2.2188     1.9590         21 0.0000e+00
    556.289   79.85742  140.06832    563.000     0.6917     0.6907  29.769786  29.766986    34.8420    34.8396    294.802    290.749    -0.1532     4.6213     0.0907     0.0907     0.0582     0.0188      22238    15.4421     100.00     2.2189     1.9574         15 0.0000e+00
    557.276   79.85742  140.06830    564.000     0.6785     0.6771  29.758271  29.755235    34.8413    34.8389    294.864    291.363    -0.1703     4.6209     0.0897     0.0897     0.0586     0.0182      22262    15.4588     100.00     2.2184     1.9597         20 0.0000e+00
    558.262   79.85742  140.06830    565.000     0.6727     0.6733  29.753382  29.752197    34.8408    34.8386    294.889    291.426    -0.1524     4.6217     0.0906     0.0906     0.0578     0.0189      22285    15.4750     100.00     2.2180     1.9597         15 0.0000e+00
    559.249   79.85742  140.06828    566.000     0.6697     0.6696  29.751256  29.749421    34.8409    34.8386    294.835    292.100    -0.1546     4.6216     0.0907     0.0907     0.0579     0.0188      22310    15.4922     100.00     2.2173     1.9627         17 0.0000e+00
    560.236   79.85742  140.06826    567.000     0.6675     0.6673  29.749602  29.747692    34.8406    34.8383    294.917    291.319    -0.1724     4.6211     0.0899     0.0899     0.0584     0.0181      22335    15.5095     100.00     2.2175     1.9585         12 0.0000e+00
    561.222   79.85742  140.06826    568.000     0.6645     0.6645  29.747378  29.745610    34.8404    34.8382    294.913    291.058    -0.1334     4.6205     0.0901     0.0901     0.0589     0.0196      22361    15.5277     100.00     2.2171     1.9569         17 0.0000e+00
    562.209   79.85742  140.06824    569.000     0.6629     0.6628  29.746404  29.744481    34.8405    34.8381    294.966    291.718    -0.1349     4.6203     0.0907     0.0907     0.0591     0.0196      22385    15.5445     100.00     2.2171     1.9599         18 0.0000e+00
    563.196   79.85742  140.06822    570.000     0.6636     0.6636  29.747774  29.745900    34.8408    34.8384    294.905    291.109    -0.1291     4.6203     0.0901     0.0901     0.0591     0.0198      22408    15.5607     100.00     2.2165     1.9568         20 0.0000e+00
    564.183   79.85742  140.06822    571.000     0.6671     0.6673  29.751391  29.749791    34.8410    34.8387    294.857    290.559    -0.1315     4.6205     0.0896     0.0896     0.0589     0.0197      22432    15.5773     100.00     2.2162     1.9540         18 0.0000e+00
    565.169   79.85744  140.06819    572.000     0.6717     0.6717  29.756276  29.754628    34.8417    34.8395    295.054    290.406    -0.1333     4.6197     0.0893     0.0893     0.0596     0.0196      22459    15.5960     100.00     2.2174     1.9533         18 0.0000e+00
    566.156   79.85744  140.06818    573.000     0.6637     0.6633  29.749540  29.747340    34.8412    34.8389    295.058    291.895    -0.1447     4.6181     0.0898     0.0898     0.0609     0.0192      22486    15.6144     100.00     2.2168     1.9601         16 0.0000e+00
    567.143   79.85744  140.06817    574.000     0.6528     0.6527  29.740398  29.738478    34.8410    34.8387    295.121    292.020    -0.1669     4.6190     0.0897     0.0897     0.0601     0.0183      22510    15.6312     100.00     2.2164     1.9600         18 0.0000e+00
    568.130   79.85744  140.06815    575.000     0.6466     0.6465  29.735579  29.733594    34.8412    34.8387    295.048    291.289    -0.1576     4.6187     0.0894     0.0894     0.0604     0.0187      22532    15.6467     100.00     2.2154     1.9560         17 0.0000e+00
    569.116   79.85744  140.06814    576.000     0.6480     0.6479  29.737315  29.735443    34.8413    34.8389    294.929    293.149    -0.1338     4.6181     0.0896     0.0896     0.0609     0.0196      22556    15.6633     100.00     2.2145     1.9650         21 0.0000e+00
    570.103   79.85744  140.06813    577.000     0.6454     0.6457  29.735518  29.733870    34.8413    34.8388    295.008    292.947    -0.1321     4.6194     0.0887     0.0887     0.0598     0.0197      22582    15.6816     100.00     2.2146     1.9638         20 0.0000e+00
    571.089   79.85744  140.06811    578.000     0.6433     0.6433  29.734232  29.732468    34.8414    34.8390    295.077    288.074    -0.1651     4.6185     0.0903     0.0903     0.0606     0.0184      22610    15.7006     100.00     2.2147     1.9395         20 0.0000e+00
    572.076   79.85744  140.06810    579.000     0.6427     0.6427  29.734196  29.732332    34.8414    34.8391    295.012    289.651    -0.1671     4.6190     0.0908     0.0908     0.0601     0.0183      22636    15.7185     100.00     2.2141     1.9470         18 0.0000e+00
    573.063   79.85744  140.06809    580.000     0.6415     0.6413  29.733754  29.731912    34.8417    34.8394    294.883    291.267    -0.1691     4.6194     0.0900     0.0900     0.0598     0.0182      22659    15.7347     100.00     2.2130     1.9547         15 0.0000e+00
    574.050   79.85744  140.06807    581.000     0.6425     0.6423  29.735414  29.733450    34.8421    34.8398    294.869    291.084    -0.1671     4.6191     0.0895     0.0895     0.0600     0.0183      22681    15.7503     100.00     2.2128     1.9537         17 0.0000e+00
    575.036   79.85744  140.06806    582.000     0.6466     0.6465  29.739888  29.738091    34.8427    34.8405    294.761    290.914    -0.1635     4.6195     0.0896     0.0896     0.0598     0.0184      22705    15.7663     100.00     2.2121     1.9529         17 0.0000e+00
