Continuous CTD Data/01_SBE Stage/nabos_18_01avg.cnv
* Sea-Bird SBE 9 Data File:
* FileName = D:\CTD\data\HLY2502\raw\NABOS_18_01.hex
* Software Version Seasave V 7.26.7.110
* Temperature SN = 6954
* Conductivity SN = 2561
* Number of Bytes Per Scan = 37
* Number of Voltage Words = 4
* Number of Scans Averaged by the Deck Unit = 1
* NMEA Latitude = 77 52.02 N
* NMEA Longitude = 177 13.45 E
* NMEA UTC (Time) = Sep 17 2025  18:13:44
* NMEA baud rate = 9600
** Ship: USCG HEALY
** Bot. Depth:  1532
** Cast Number:  01
** Station Name:  NABOS
** Station Number:  18
** Operator:  STARC
# nquan = 25
# nvalues = 1215                        
# units = specified
# name 0 = depSM: Depth [salt water, m]
# name 1 = latitude: Latitude [deg]
# name 2 = longitude: Longitude [deg]
# name 3 = prDM: Pressure, Digiquartz [db]
# name 4 = t090C: Temperature [ITS-90, deg C]
# name 5 = t190C: Temperature, 2 [ITS-90, deg C]
# name 6 = c0mS/cm: Conductivity [mS/cm]
# name 7 = c1mS/cm: Conductivity, 2 [mS/cm]
# name 8 = sal00: Salinity, Practical [PSU]
# name 9 = sal11: Salinity, Practical, 2 [PSU]
# name 10 = sbox0Mm/Kg: Oxygen, SBE 43 [umol/kg]
# name 11 = sbox1Mm/Kg: Oxygen, SBE 43, 2 [umol/kg]
# name 12 = flECO-AFL: Fluorescence, WET Labs ECO-AFL/FL [mg/m^3]
# name 13 = v2: Voltage 2
# name 14 = wetCDOM: Fluorescence, WET Labs CDOM [mg/m^3]
# name 15 = v6: Voltage 6
# name 16 = CStarAt0: Beam Attenuation, WET Labs C-Star [1/m]
# name 17 = v3: Voltage 3
# name 18 = scan: Scan Count
# name 19 = timeM: Time, Elapsed [minutes]
# name 20 = altM: Altimeter [m]
# name 21 = sbeox0V: Oxygen raw, SBE 43 [V]
# name 22 = sbeox1V: Oxygen raw, SBE 43, 2 [V]
# name 23 = nbin: number of scans per bin
# name 24 = flag: flag
# span 0 =      2.968,   1200.700       
# span 1 =   77.86717,   77.86839       
# span 2 =  177.22536,  177.23520       
# span 3 =      3.000,   1217.000       
# span 4 =    -1.7833,     0.9267       
# span 5 =    -1.7827,     0.9268       
# span 6 =  24.159526,  29.801796       
# span 7 =  24.158491,  29.800161       
# span 8 =    30.1915,    34.8689       
# span 9 =    30.1895,    34.8668       
# span 10 =    290.162,    373.000      
# span 11 =    273.864,    367.975      
# span 12 =    -0.1841,     0.4370      
# span 13 =     4.4821,     4.6736      
# span 14 =     0.0810,     0.1165      
# span 15 =     0.0810,     0.1165      
# span 16 =     0.0131,     0.1841      
# span 17 =     0.0176,     0.0424      
# span 18 =       3169,      42734      
# span 19 =     2.2000,    29.6754      
# span 20 =     100.00,     100.00      
# span 21 =     2.0071,     2.6129      
# span 22 =     1.7420,     2.2825      
# span 23 =          1,         29      
# span 24 = 0.0000e+00, 0.0000e+00      
# interval = decibars: 1                
# start_time = Sep 17 2025 18:13:44 [NMEA time, header]
# bad_flag = -9.990e-29
*END*
[from data line 870]
    862.013   77.86802  177.23112    873.000    -0.1217    -0.1213  29.196768  29.195246    34.8272    34.8247    295.373    291.537    -0.1653     4.6703     0.0839     0.0839     0.0159     0.0184      31337    21.7609     100.00     2.1138     1.8710         18 0.0000e+00
    862.999   77.86802  177.23113    874.000    -0.1188    -0.1188  29.199954  29.198037    34.8275    34.8250    295.431    291.967    -0.1500     4.6702     0.0842     0.0842     0.0160     0.0190      31364    21.7800     100.00     2.1141     1.8730         19 0.0000e+00
    863.984   77.86802  177.23114    875.000    -0.1188    -0.1187  29.200295  29.198609    34.8274    34.8250    295.504    291.662    -0.1644     4.6703     0.0842     0.0842     0.0159     0.0184      31391    21.7986     100.00     2.1143     1.8713         15 0.0000e+00
    864.969   77.86802  177.23115    876.000    -0.1201    -0.1197  29.199439  29.198212    34.8272    34.8250    295.681    291.727    -0.1725     4.6703     0.0822     0.0822     0.0159     0.0181      31419    21.8178     100.00     2.1150     1.8714         15 0.0000e+00
    865.955   77.86802  177.23116    877.000    -0.1403    -0.1405  29.181638  29.179996    34.8259    34.8239    295.779    292.172    -0.1613     4.6703     0.0828     0.0828     0.0159     0.0185      31446    21.8369     100.00     2.1143     1.8725         17 0.0000e+00
    866.940   77.86804  177.23118    878.000    -0.1556    -0.1556  29.168980  29.167335    34.8258    34.8237    295.678    293.231    -0.1341     4.6703     0.0830     0.0830     0.0159     0.0196      31473    21.8558     100.00     2.1128     1.8766         18 0.0000e+00
    867.925   77.86804  177.23118    879.000    -0.1551    -0.1552  29.169651  29.167798    34.8256    34.8233    295.477    292.935    -0.1591     4.6702     0.0841     0.0841     0.0160     0.0186      31501    21.8748     100.00     2.1115     1.8751         20 0.0000e+00
    868.911   77.86804  177.23120    880.000    -0.1590    -0.1591  29.166384  29.164775    34.8251    34.8231    295.473    292.638    -0.1721     4.6703     0.0842     0.0842     0.0159     0.0181      31528    21.8936     100.00     2.1111     1.8733         15 0.0000e+00
    869.896   77.86804  177.23121    881.000    -0.1637    -0.1638  29.162766  29.160939    34.8251    34.8227    295.540    291.991    -0.1669     4.6704     0.0832     0.0832     0.0158     0.0183      31555    21.9128     100.00     2.1110     1.8700         20 0.0000e+00
    870.881   77.86804  177.23122    882.000    -0.1618    -0.1615  29.165332  29.163770    34.8257    34.8233    295.563    291.920    -0.1325     4.6708     0.0830     0.0830     0.0155     0.0197      31583    21.9317     100.00     2.1110     1.8696         19 0.0000e+00
    871.867   77.86804  177.23123    883.000    -0.1640    -0.1641  29.163676  29.161819    34.8255    34.8231    295.762    292.242    -0.1533     4.6705     0.0841     0.0841     0.0157     0.0188      31610    21.9507     100.00     2.1118     1.8708         17 0.0000e+00
    872.852   77.86804  177.23124    884.000    -0.1684    -0.1681  29.160299  29.158806    34.8253    34.8230    295.855    291.744    -0.1448     4.6703     0.0842     0.0842     0.0159     0.0192      31637    21.9698     100.00     2.1119     1.8681         19 0.0000e+00
    873.837   77.86804  177.23124    885.000    -0.1743    -0.1748  29.155294  29.153094    34.8248    34.8225    295.870    292.195    -0.1604     4.6704     0.0852     0.0852     0.0158     0.0186      31665    21.9886     100.00     2.1115     1.8698         15 0.0000e+00
    874.822   77.86804  177.23126    886.000    -0.1844    -0.1848  29.146772  29.144727    34.8244    34.8222    295.948    292.611    -0.1398     4.6705     0.0834     0.0834     0.0158     0.0194      31692    22.0078     100.00     2.1112     1.8711         23 0.0000e+00
    875.808   77.86804  177.23127    887.000    -0.1904    -0.1901  29.141861  29.140366    34.8241    34.8218    295.960    292.432    -0.1538     4.6703     0.0840     0.0840     0.0159     0.0188      31719    22.0266     100.00     2.1107     1.8699         17 0.0000e+00
    876.793   77.86804  177.23128    888.000    -0.1950    -0.1948  29.137912  29.136431    34.8235    34.8213    295.991    292.325    -0.1554     4.6703     0.0832     0.0832     0.0159     0.0188      31746    22.0453     100.00     2.1104     1.8690         13 0.0000e+00
    877.778   77.86804  177.23129    889.000    -0.2031    -0.2028  29.131192  29.129763    34.8232    34.8210    296.180    292.513    -0.1700     4.6703     0.0820     0.0820     0.0159     0.0182      31774    22.0644     100.00     2.1109     1.8694         16 0.0000e+00
    878.763   77.86804  177.23130    890.000    -0.2048    -0.2046  29.129981  29.128298    34.8229    34.8205    296.148    293.219    -0.1390     4.6703     0.0849     0.0849     0.0159     0.0194      31801    22.0834     100.00     2.1104     1.8724         16 0.0000e+00
    879.749   77.86804  177.23131    891.000    -0.2069    -0.2072  29.128397  29.126412    34.8226    34.8203    296.123    293.640    -0.1594     4.6710     0.0836     0.0836     0.0153     0.0186      31829    22.1025     100.00     2.1099     1.8740         16 0.0000e+00
    880.734   77.86804  177.23132    892.000    -0.2100    -0.2102  29.126155  29.124189    34.8225    34.8201    296.274    293.308    -0.1482     4.6704     0.0842     0.0842     0.0158     0.0190      31856    22.1216     100.00     2.1104     1.8722         18 0.0000e+00
    881.720   77.86804  177.23134    893.000    -0.2120    -0.2120  29.124626  29.122972    34.8223    34.8201    296.435    293.433    -0.1763     4.6704     0.0833     0.0833     0.0158     0.0179      31883    22.1404     100.00     2.1110     1.8725         15 0.0000e+00
    882.705   77.86804  177.23135    894.000    -0.2131    -0.2131  29.124055  29.122391    34.8222    34.8199    296.519    293.214    -0.1434     4.6703     0.0840     0.0840     0.0159     0.0192      31911    22.1596     100.00     2.1112     1.8713         18 0.0000e+00
    883.690   77.86804  177.23136    895.000    -0.2142    -0.2141  29.123429  29.121771    34.8220    34.8196    296.574    293.330    -0.1651     4.6703     0.0832     0.0832     0.0159     0.0184      31938    22.1785     100.00     2.1112     1.8716         16 0.0000e+00
    884.675   77.86804  177.23137    896.000    -0.2147    -0.2148  29.123343  29.121579    34.8219    34.8196    296.529    292.786    -0.1412     4.6701     0.0830     0.0830     0.0161     0.0193      31966    22.1976     100.00     2.1107     1.8689         19 0.0000e+00
    885.660   77.86804  177.23138    897.000    -0.2161    -0.2159  29.122542  29.121017    34.8218    34.8195    296.584    293.576    -0.1487     4.6702     0.0830     0.0830     0.0160     0.0190      31993    22.2166     100.00     2.1108     1.8723         15 0.0000e+00
    886.646   77.86804  177.23139    898.000    -0.2165    -0.2166  29.122596  29.120678    34.8217    34.8193    296.520    292.867    -0.1330     4.6702     0.0820     0.0820     0.0160     0.0197      32020    22.2355     100.00     2.1102     1.8688         16 0.0000e+00
    887.631   77.86804  177.23140    899.000    -0.2176    -0.2178  29.121897  29.120134    34.8214    34.8193    296.485    291.696    -0.1707     4.6702     0.0838     0.0838     0.0160     0.0182      32047    22.2545     100.00     2.1097     1.8632         16 0.0000e+00
    888.616   77.86804  177.23140    900.000    -0.2194    -0.2192  29.120849  29.119153    34.8216    34.8191    296.428    292.221    -0.1381     4.6703     0.0842     0.0842     0.0159     0.0194      32074    22.2731     100.00     2.1091     1.8654         12 0.0000e+00
    889.601   77.86804  177.23142    901.000    -0.2208    -0.2209  29.119942  29.118034    34.8214    34.8189    296.430    291.864    -0.1322     4.6702     0.0842     0.0842     0.0160     0.0197      32102    22.2922     100.00     2.1089     1.8635         14 0.0000e+00
    890.587   77.86806  177.23143    902.000    -0.2239    -0.2237  29.117499  29.116044    34.8211    34.8188    296.545    292.431    -0.1546     4.6701     0.0833     0.0833     0.0161     0.0188      32129    22.3111     100.00     2.1091     1.8658         12 0.0000e+00
    891.572   77.86806  177.23144    903.000    -0.2257    -0.2256  29.116330  29.114790    34.8210    34.8188    296.604    292.597    -0.1497     4.6702     0.0851     0.0851     0.0160     0.0190      32156    22.3301     100.00     2.1091     1.8663         14 0.0000e+00
    892.557   77.86806  177.23145    904.000    -0.2271    -0.2270  29.115528  29.113847    34.8209    34.8186    296.595    293.128    -0.1350     4.6703     0.0834     0.0834     0.0159     0.0196      32184    22.3491     100.00     2.1088     1.8685         14 0.0000e+00
    893.542   77.86806  177.23146    905.000    -0.2298    -0.2298  29.113661  29.111835    34.8208    34.8184    296.641    293.229    -0.1572     4.6701     0.0830     0.0830     0.0161     0.0187      32211    22.3681     100.00     2.1087     1.8687         14 0.0000e+00
    894.528   77.86806  177.23148    906.000    -0.2326    -0.2326  29.111459  29.109758    34.8206    34.8183    296.764    293.437    -0.1370     4.6701     0.0840     0.0840     0.0161     0.0195      32239    22.3874     100.00     2.1090     1.8694         15 0.0000e+00
    895.513   77.86806  177.23148    907.000    -0.2340    -0.2340  29.110683  29.108972    34.8206    34.8182    296.760    292.707    -0.1603     4.6699     0.0842     0.0842     0.0163     0.0186      32270    22.4087     100.00     2.1087     1.8658         14 0.0000e+00
    896.498   77.86806  177.23150    908.000    -0.2347    -0.2346  29.110449  29.108727    34.8205    34.8181    296.790    291.908    -0.1389     4.6696     0.0832     0.0832     0.0166     0.0194      32302    22.4310     100.00     2.1086     1.8619         13 0.0000e+00
    897.483   77.86806  177.23152    909.000    -0.2355    -0.2354  29.110135  29.108444    34.8204    34.8180    296.865    293.168    -0.1512     4.6700     0.0842     0.0842     0.0162     0.0189      32333    22.4527     100.00     2.1088     1.8675         17 0.0000e+00
    898.468   77.86806  177.23152    910.000    -0.2365    -0.2365  29.109641  29.107959    34.8202    34.8180    296.886    292.804    -0.1493     4.6699     0.0845     0.0845     0.0163     0.0190      32360    22.4713     100.00     2.1086     1.8656         12 0.0000e+00
    899.453   77.86806  177.23154    911.000    -0.2376    -0.2376  29.109070  29.107295    34.8202    34.8178    296.922    292.666    -0.1343     4.6696     0.0852     0.0852     0.0166     0.0196      32387    22.4900     100.00     2.1085     1.8647         15 0.0000e+00
    900.439   77.86806  177.23154    912.000    -0.2384    -0.2383  29.108840  29.107094    34.8202    34.8178    296.967    294.701    -0.1389     4.6698     0.0842     0.0842     0.0163     0.0194      32414    22.5087     100.00     2.1085     1.8739         13 0.0000e+00
    901.424   77.86806  177.23156    913.000    -0.2386    -0.2383  29.109243  29.107659    34.8203    34.8179    297.026    293.388    -0.1543     4.6700     0.0839     0.0839     0.0161     0.0188      32441    22.5278     100.00     2.1087     1.8677         14 0.0000e+00
    902.409   77.86806  177.23157    914.000    -0.2363    -0.2362  29.111758  29.110119    34.8205    34.8182    296.755    292.074    -0.1363     4.6692     0.0832     0.0832     0.0169     0.0195      32468    22.5468     100.00     2.1071     1.8616         15 0.0000e+00
    903.394   77.86806  177.23158    915.000    -0.2344    -0.2342  29.114148  29.112513    34.8209    34.8186    296.646    292.928    -0.1328     4.6695     0.0838     0.0838     0.0167     0.0197      32496    22.5659     100.00     2.1064     1.8654         16 0.0000e+00
    904.379   77.86806  177.23158    916.000    -0.2295    -0.2290  29.119314  29.117927    34.8216    34.8192    296.678    292.740    -0.1670     4.6699     0.0830     0.0830     0.0163     0.0183      32523    22.5848     100.00     2.1066     1.8646         17 0.0000e+00
    905.364   77.86806  177.23160    917.000    -0.2256    -0.2255  29.123368  29.121757    34.8220    34.8198    296.728    294.642    -0.1784     4.6695     0.0830     0.0830     0.0167     0.0179      32551    22.6039     100.00     2.1068     1.8733         18 0.0000e+00
    906.350   77.86806  177.23160    918.000    -0.2252    -0.2253  29.124160  29.122444    34.8221    34.8199    296.860    293.864    -0.1547     4.6693     0.0834     0.0834     0.0168     0.0188      32578    22.6228     100.00     2.1074     1.8695         17 0.0000e+00
    907.335   77.86806  177.23162    919.000    -0.2207    -0.2206  29.129185  29.127604    34.8231    34.8208    296.770    293.221    -0.1600     4.6691     0.0842     0.0842     0.0170     0.0186      32605    22.6418     100.00     2.1069     1.8666         18 0.0000e+00
    908.320   77.86806  177.23163    920.000    -0.2175    -0.2174  29.132762  29.131152    34.8236    34.8213    296.556    293.201    -0.1446     4.6692     0.0838     0.0838     0.0169     0.0192      32632    22.6607     100.00     2.1056     1.8665         16 0.0000e+00
    909.305   77.86806  177.23164    921.000    -0.2126    -0.2123  29.138249  29.136874    34.8248    34.8226    296.321    293.034    -0.1384     4.6694     0.0833     0.0833     0.0168     0.0194      32660    22.6799     100.00     2.1044     1.8657         18 0.0000e+00
    910.290   77.86806  177.23165    922.000    -0.2080    -0.2078  29.143364  29.141768    34.8257    34.8234    296.256    292.639    -0.1493     4.6700     0.0842     0.0842     0.0162     0.0190      32687    22.6989     100.00     2.1041     1.8639         17 0.0000e+00
    911.275   77.86806  177.23166    923.000    -0.2039    -0.2037  29.148058  29.146617    34.8267    34.8246    296.265    292.166    -0.1575     4.6693     0.0845     0.0845     0.0168     0.0187      32715    22.7179     100.00     2.1041     1.8617         19 0.0000e+00
    912.260   77.86808  177.23168    924.000    -0.1980    -0.1975  29.154356  29.153073    34.8278    34.8255    296.189    292.050    -0.1569     4.6701     0.0850     0.0850     0.0161     0.0187      32742    22.7367     100.00     2.1038     1.8613         15 0.0000e+00
    913.245   77.86808  177.23168    925.000    -0.1934    -0.1932  29.159392  29.157832    34.8287    34.8264    295.999    290.336    -0.1705     4.6700     0.0830     0.0830     0.0162     0.0182      32769    22.7558     100.00     2.1028     1.8534         18 0.0000e+00
    914.230   77.86808  177.23170    926.000    -0.1898    -0.1896  29.163614  29.162010    34.8296    34.8272    295.847    290.609    -0.1730     4.6692     0.0833     0.0833     0.0169     0.0181      32797    22.7749     100.00     2.1019     1.8546         21 0.0000e+00
    915.216   77.86808  177.23171    927.000    -0.1862    -0.1861  29.167535  29.166008    34.8302    34.8280    295.758    291.242    -0.1347     4.6694     0.0842     0.0842     0.0167     0.0196      32824    22.7937     100.00     2.1014     1.8575         19 0.0000e+00
    916.201   77.86808  177.23172    928.000    -0.1858    -0.1857  29.168494  29.166781    34.8304    34.8280    295.647    292.869    -0.1335     4.6690     0.0842     0.0842     0.0170     0.0196      32851    22.8126     100.00     2.1006     1.8649         19 0.0000e+00
    917.186   77.86808  177.23173    929.000    -0.1856    -0.1856  29.169108  29.167527    34.8304    34.8282    295.608    293.019    -0.1563     4.6693     0.0840     0.0840     0.0168     0.0187      32878    22.8316     100.00     2.1002     1.8654         18 0.0000e+00
