Continuous CTD Data/01_SBE Stage/nabos_09_02.ros
* Sea-Bird SBE 9 Data File:
* FileName = D:\CTD\data\HLY2502\raw\NABOS_09_02.hex
* Software Version Seasave V 7.26.7.110
* Temperature SN = 6954
* Conductivity SN = 2561
* Number of Bytes Per Scan = 37
* Number of Voltage Words = 4
* Number of Scans Averaged by the Deck Unit = 1
* NMEA Latitude = 76 20.13 N
* NMEA Longitude = 178 35.91 E
* NMEA UTC (Time) = Sep 15 2025  05:01:14
* NMEA baud rate = 9600
** Ship: USCG HEALY
** Bot. Depth:  1161
** Cast Number:  02
** Station Name:  NABOS
** Station Number:  09
** Operator:  STARC
# nquan = 25
# nvalues = 980                                   
# units = specified
# name 0 = depSM: Depth [salt water, m]
# name 1 = latitude: Latitude [deg]
# name 2 = longitude: Longitude [deg]
# name 3 = prDM: Pressure, Digiquartz [db]
# name 4 = t090C: Temperature [ITS-90, deg C]
# name 5 = t190C: Temperature, 2 [ITS-90, deg C]
# name 6 = c0mS/cm: Conductivity [mS/cm]
# name 7 = c1mS/cm: Conductivity, 2 [mS/cm]
# name 8 = sal00: Salinity, Practical [PSU]
# name 9 = sal11: Salinity, Practical, 2 [PSU]
# name 10 = sbox0Mm/Kg: Oxygen, SBE 43 [umol/kg]
# name 11 = sbox1Mm/Kg: Oxygen, SBE 43, 2 [umol/kg]
# name 12 = flECO-AFL: Fluorescence, WET Labs ECO-AFL/FL [mg/m^3]
# name 13 = v2: Voltage 2
# name 14 = wetCDOM: Fluorescence, WET Labs CDOM [mg/m^3]
# name 15 = v6: Voltage 6
# name 16 = CStarAt0: Beam Attenuation, WET Labs C-Star [1/m]
# name 17 = v3: Voltage 3
# name 18 = scan: Scan Count
# name 19 = timeM: Time, Elapsed [minutes]
# name 20 = altM: Altimeter [m]
# name 21 = sbeox0V: Oxygen raw, SBE 43 [V]
# name 22 = sbeox1V: Oxygen raw, SBE 43, 2 [V]
# name 23 = nbf: Bottles Fired
# name 24 = flag:  0.000e+00
# interval = seconds: 0.0416667
# start_time = Sep 15 2025 05:01:14 [NMEA time, header]
# bad_flag = -9.990e-29
*END*
[from data line 58]
    999.947   76.33622  178.59798   1012.968    -0.0357    -0.0361  29.354910  29.353093    34.8581    34.8561    292.246    285.555    -0.1366     4.6618     0.0818     0.0818     0.0233     0.0195      51895    36.0375     100.00     2.0718     1.8227          2  0.000e+00
    999.947   76.33622  178.59798   1012.968    -0.0357    -0.0359  29.355096  29.353268    34.8583    34.8561    292.473    285.554    -0.1366     4.6630     0.0818     0.0818     0.0222     0.0195      51896    36.0382     100.00     2.0730     1.8227          2  0.000e+00
    999.947   76.33622  178.59798   1012.968    -0.0359    -0.0358  29.355158  29.353151    34.8585    34.8558    292.474    285.823    -0.1366     4.6630     0.0818     0.0818     0.0222     0.0195      51897    36.0389     100.00     2.0730     1.8239          2  0.000e+00
    999.947   76.33622  178.59798   1012.968    -0.0357    -0.0359  29.354972  29.352918    34.8581    34.8556    292.474    286.094    -0.1366     4.6618     0.0818     0.0818     0.0233     0.0195      51898    36.0396     100.00     2.0730     1.8251          2  0.000e+00
    999.881   76.33622  178.59798   1012.900    -0.0357    -0.0361  29.355096  29.352860    34.8583    34.8558    292.243    286.631    -0.1366     4.6618     0.0818     0.0818     0.0233     0.0195      51899    36.0403     100.00     2.0718     1.8276          2  0.000e+00
    999.947   76.33622  178.59798   1012.968    -0.0356    -0.0358  29.354972  29.353035    34.8580    34.8557    292.245    286.632    -0.1366     4.6618     0.0818     0.0818     0.0233     0.0195      51900    36.0410     100.00     2.0718     1.8276          2  0.000e+00
    999.947   76.33622  178.59798   1012.968    -0.0357    -0.0361  29.355096  29.353093    34.8583    34.8561    292.473    286.903    -0.1366     4.6630     0.0818     0.0818     0.0222     0.0195      51901    36.0417     100.00     2.0730     1.8288          2  0.000e+00
    999.947   76.33622  178.59798   1012.968    -0.0357    -0.0361  29.355158  29.353268    34.8583    34.8563    292.473    287.171    -0.1366     4.6618     0.0818     0.0818     0.0233     0.0195      51902    36.0424     100.00     2.0730     1.8300          2  0.000e+00
    999.947   76.33622  178.59798   1012.968    -0.0357    -0.0359  29.354724  29.353384    34.8578    34.8563    292.702    287.170    -0.1366     4.6630     0.0818     0.0818     0.0222     0.0195      51903    36.0431     100.00     2.0742     1.8300          2  0.000e+00
    999.947   76.33622  178.59798   1012.968    -0.0357    -0.0359  29.354786  29.353151    34.8578    34.8560    292.474    287.440    -0.1366     4.6630     0.0818     0.0818     0.0222     0.0195      51904    36.0438     100.00     2.0730     1.8313          2  0.000e+00
    999.947   76.33622  178.59798   1012.968    -0.0356    -0.0359  29.355096  29.353093    34.8581    34.8559    292.473    287.440    -0.1366     4.6630     0.0818     0.0818     0.0222     0.0195      51905    36.0444     100.00     2.0730     1.8313          2  0.000e+00
    999.881   76.33622  178.59798   1012.900    -0.0357    -0.0361  29.355158  29.353093    34.8584    34.8561    292.471    287.169    -0.1366     4.6618     0.0818     0.0818     0.0233     0.0195      51906    36.0451     100.00     2.0730     1.8300          2  0.000e+00
    999.947   76.33622  178.59798   1012.968    -0.0357    -0.0359  29.355158  29.353093    34.8583    34.8559    292.246    286.632    -0.1061     4.6630     0.0818     0.0818     0.0222     0.0208      51907    36.0458     100.00     2.0718     1.8276          2  0.000e+00
    999.964   76.33622  178.59798   1012.985    -0.0357    -0.0359  29.354972  29.353093    34.8581    34.8559    292.475    286.633    -0.1366     4.6630     0.0818     0.0818     0.0222     0.0195      51908    36.0465     100.00     2.0730     1.8276          2  0.000e+00
    999.947   76.33622  178.59798   1012.968    -0.0359    -0.0359  29.354910  29.353268    34.8582    34.8561    292.475    286.632    -0.1061     4.6630     0.0818     0.0818     0.0222     0.0208      51909    36.0472     100.00     2.0730     1.8276          2  0.000e+00
    999.881   76.33622  178.59798   1012.900    -0.0357    -0.0361  29.354910  29.353559    34.8580    34.8567    292.471    286.629    -0.1366     4.6630     0.0818     0.0818     0.0222     0.0195      51910    36.0479     100.00     2.0730     1.8276          2  0.000e+00
    999.947   76.33622  178.59798   1012.968    -0.0357    -0.0358  29.354663  29.353210    34.8577    34.8559    292.247    286.901    -0.1366     4.6630     0.0818     0.0818     0.0222     0.0195      51911    36.0486     100.00     2.0718     1.8288          2  0.000e+00
    999.947   76.33622  178.59798   1012.968    -0.0357    -0.0359  29.354972  29.353268    34.8582    34.8561    292.474    286.901    -0.1366     4.6630     0.0818     0.0818     0.0222     0.0195      51912    36.0493     100.00     2.0730     1.8288          2  0.000e+00
    999.947   76.33622  178.59798   1012.968    -0.0357    -0.0359  29.354972  29.353151    34.8581    34.8560    292.246    286.902    -0.1366     4.6630     0.0818     0.0818     0.0222     0.0195      51913    36.0500     100.00     2.0718     1.8288          2  0.000e+00
    999.947   76.33622  178.59798   1012.968    -0.0356    -0.0361  29.354910  29.353093    34.8579    34.8561    292.246    286.903    -0.1061     4.6630     0.0818     0.0818     0.0222     0.0208      51914    36.0507     100.00     2.0718     1.8288          2  0.000e+00
    999.947   76.33622  178.59798   1012.968    -0.0357    -0.0359  29.354910  29.352918    34.8580    34.8556    292.247    286.902    -0.1366     4.6630     0.0818     0.0818     0.0222     0.0195      51915    36.0514     100.00     2.0718     1.8288          2  0.000e+00
    999.947   76.33622  178.59798   1012.968    -0.0356    -0.0361  29.354910  29.353035    34.8579    34.8560    292.246    286.634    -0.1366     4.6618     0.0818     0.0818     0.0233     0.0195      51916    36.0521     100.00     2.0718     1.8276          2  0.000e+00
    999.881   76.33622  178.59798   1012.900    -0.0359    -0.0359  29.355096  29.353093    34.8585    34.8559    292.244    286.630    -0.1366     4.6630     0.0818     0.0818     0.0222     0.0195      51917    36.0528     100.00     2.0718     1.8276          2  0.000e+00
    999.947   76.33622  178.59798   1012.968    -0.0357    -0.0359  29.354724  29.353093    34.8578    34.8559    292.248    286.633    -0.1366     4.6618     0.0818     0.0818     0.0233     0.0195      51918    36.0535     100.00     2.0718     1.8276          2  0.000e+00
    999.947   76.33622  178.59798   1012.968    -0.0357    -0.0361  29.354786  29.353268    34.8578    34.8563    292.247    286.633    -0.1366     4.6618     0.0818     0.0818     0.0233     0.0195      51919    36.0542     100.00     2.0718     1.8276          2  0.000e+00
    999.947   76.33622  178.59798   1012.968    -0.0357    -0.0361  29.354724  29.353151    34.8578    34.8562    292.247    286.633    -0.1366     4.6630     0.0818     0.0818     0.0222     0.0195      51920    36.0549     100.00     2.0718     1.8276          2  0.000e+00
    999.947   76.33622  178.59798   1012.968    -0.0357    -0.0358  29.355220  29.352918    34.8584    34.8555    292.246    286.632    -0.1366     4.6618     0.0818     0.0818     0.0233     0.0195      51921    36.0556     100.00     2.0718     1.8276          2  0.000e+00
    999.947   76.33622  178.59798   1012.968    -0.0356    -0.0361  29.355220  29.353210    34.8583    34.8562    292.473    286.633    -0.1366     4.6630     0.0818     0.0818     0.0222     0.0195      51922    36.0562     100.00     2.0730     1.8276          2  0.000e+00
    999.947   76.33622  178.59798   1012.968    -0.0356    -0.0361  29.354972  29.353384    34.8580    34.8565    292.246    286.633    -0.1366     4.6630     0.0818     0.0818     0.0222     0.0195      51923    36.0569     100.00     2.0718     1.8276          2  0.000e+00
    999.947   76.33622  178.59798   1012.968    -0.0359    -0.0361  29.355096  29.353151    34.8585    34.8562    292.475    286.634    -0.1366     4.6630     0.0818     0.0818     0.0222     0.0195      51924    36.0576     100.00     2.0730     1.8276          2  0.000e+00
    999.947   76.33622  178.59798   1012.968    -0.0357    -0.0361  29.354972  29.353093    34.8581    34.8561    292.019    286.903    -0.1366     4.6630     0.0830     0.0830     0.0222     0.0195      51925    36.0583     100.00     2.0705     1.8288          2  0.000e+00
    999.947   76.33622  178.59798   1012.968    -0.0357    -0.0359  29.355096  29.353093    34.8583    34.8559    292.246    286.902    -0.1366     4.6630     0.0818     0.0818     0.0222     0.0195      51926    36.0590     100.00     2.0718     1.8288          2  0.000e+00
    999.897   76.33622  178.59798   1012.917    -0.0357    -0.0361  29.355158  29.353093    34.8584    34.8561    292.017    286.901    -0.1366     4.6618     0.0818     0.0818     0.0233     0.0195      51927    36.0597     100.00     2.0705     1.8288          2  0.000e+00
    999.947   76.33622  178.59798   1012.968    -0.0356    -0.0358  29.355158  29.352918    34.8582    34.8555    292.246    286.902    -0.1366     4.6630     0.0818     0.0818     0.0222     0.0195      51928    36.0604     100.00     2.0718     1.8288          2  0.000e+00
    999.947   76.33622  178.59798   1012.968    -0.0356    -0.0361  29.355158  29.353035    34.8582    34.8560    292.246    286.903    -0.1366     4.6630     0.0818     0.0818     0.0222     0.0195      51929    36.0611     100.00     2.0718     1.8288          2  0.000e+00
    999.947   76.33622  178.59798   1012.968    -0.0359    -0.0359  29.354725  29.353093    34.8580    34.8559    292.021    286.902    -0.1366     4.6630     0.0830     0.0830     0.0222     0.0195      51930    36.0618     100.00     2.0705     1.8288          2  0.000e+00
    999.947   76.33622  178.59798   1012.968    -0.0357    -0.0359  29.354972  29.353093    34.8581    34.8559    292.247    286.902    -0.1366     4.6618     0.0818     0.0818     0.0233     0.0195      51931    36.0625     100.00     2.0718     1.8288          2  0.000e+00
    999.881   76.33622  178.59798   1012.901    -0.0357    -0.0359  29.355158  29.352918    34.8584    34.8557    292.016    286.631    -0.1366     4.6630     0.0818     0.0818     0.0222     0.0195      51932    36.0632     100.00     2.0705     1.8276          2  0.000e+00
    999.947   76.33622  178.59798   1012.968    -0.0357    -0.0359  29.355344  29.353035    34.8586    34.8558    292.246    285.017    -0.1671     4.6630     0.0830     0.0830     0.0222     0.0183      51933    36.0639     100.00     2.0718     1.8202          2  0.000e+00
    999.947   76.33622  178.59798   1012.968    -0.0356    -0.0359  29.355096  29.353501    34.8581    34.8564    292.018    284.207    -0.1671     4.6630     0.0818     0.0818     0.0222     0.0183      51934    36.0646     100.00     2.0705     1.8165          2  0.000e+00
    749.823   76.33620  178.59754    759.126    -0.1504    -0.1509  29.102771  29.100770    34.8016    34.7995    299.737    293.543    -0.1671     4.6593     0.0830     0.0830     0.0254     0.0183      63461    44.0694     100.00     2.1610     1.8994          3  0.000e+00
    749.765   76.33620  178.59754    759.068    -0.1505    -0.1509  29.102524  29.100538    34.8014    34.7992    299.736    293.280    -0.1976     4.6593     0.0818     0.0818     0.0254     0.0171      63462    44.0701     100.00     2.1610     1.8982          3  0.000e+00
    749.765   76.33620  178.59754    759.068    -0.1503    -0.1509  29.102462  29.100654    34.8011    34.7993    299.734    293.280    -0.1671     4.6593     0.0818     0.0818     0.0254     0.0183      63463    44.0708     100.00     2.1610     1.8982          3  0.000e+00
    749.823   76.33620  178.59754    759.126    -0.1505    -0.1507  29.102524  29.101177    34.8014    34.7999    299.738    293.541    -0.1671     4.6593     0.0818     0.0818     0.0254     0.0183      63464    44.0715     100.00     2.1610     1.8994          3  0.000e+00
    749.765   76.33620  178.59754    759.068    -0.1504    -0.1504  29.102276  29.100886    34.8010    34.7992    299.957    293.537    -0.1671     4.6593     0.0830     0.0830     0.0254     0.0183      63465    44.0722     100.00     2.1622     1.8994          3  0.000e+00
    749.773   76.33620  178.59754    759.076    -0.1505    -0.1507  29.102647  29.100945    34.8016    34.7996    299.736    293.278    -0.1671     4.6593     0.0818     0.0818     0.0254     0.0183      63466    44.0729     100.00     2.1610     1.8982          3  0.000e+00
    749.765   76.33620  178.59754    759.068    -0.1506    -0.1504  29.102524  29.100828    34.8015    34.7991    299.736    292.755    -0.1976     4.6593     0.0818     0.0818     0.0254     0.0171      63467    44.0736     100.00     2.1610     1.8958          3  0.000e+00
    749.823   76.33620  178.59754    759.126    -0.1507    -0.1504  29.102709  29.101119    34.8018    34.7995    299.738    293.017    -0.1671     4.6593     0.0818     0.0818     0.0254     0.0183      63468    44.0743     100.00     2.1610     1.8970          3  0.000e+00
    749.765   76.33620  178.59754    759.068    -0.1508    -0.1503  29.102771  29.100886    34.8021    34.7990    299.737    293.536    -0.1976     4.6593     0.0830     0.0830     0.0254     0.0171      63469    44.0750     100.00     2.1610     1.8994          3  0.000e+00
    749.823   76.33620  178.59754    759.126    -0.1505    -0.1503  29.102771  29.100945    34.8017    34.7990    299.958    293.799    -0.1671     4.6593     0.0830     0.0830     0.0254     0.0183      63470    44.0757     100.00     2.1622     1.9007          3  0.000e+00
    749.765   76.33620  178.59754    759.068    -0.1508    -0.1504  29.102338  29.101003    34.8015    34.7993    299.738    293.798    -0.1671     4.6593     0.0818     0.0818     0.0254     0.0183      63471    44.0764     100.00     2.1610     1.9007          3  0.000e+00
    749.765   76.33620  178.59754    759.068    -0.1507    -0.1501  29.102462  29.101467    34.8015    34.7996    299.957    293.533    -0.1976     4.6593     0.0818     0.0818     0.0254     0.0171      63472    44.0771     100.00     2.1622     1.8994          3  0.000e+00
    749.831   76.33620  178.59754    759.135    -0.1506    -0.1501  29.102277  29.101177    34.8012    34.7991    299.740    293.798    -0.1671     4.6593     0.0818     0.0818     0.0254     0.0183      63473    44.0778     100.00     2.1610     1.9007          3  0.000e+00
    749.765   76.33620  178.59754    759.068    -0.1509    -0.1504  29.102215  29.101409    34.8015    34.7999    299.739    293.797    -0.1976     4.6593     0.0830     0.0830     0.0254     0.0171      63474    44.0785     100.00     2.1610     1.9007          3  0.000e+00
    749.765   76.33620  178.59754    759.068    -0.1508    -0.1503  29.102647  29.101409    34.8019    34.7997    299.737    293.535    -0.1976     4.6593     0.0830     0.0830     0.0254     0.0171      63475    44.0792     100.00     2.1610     1.8994          3  0.000e+00
    749.823   76.33620  178.59754    759.126    -0.1509    -0.1504  29.102771  29.100887    34.8022    34.7992    299.740    293.801    -0.1976     4.6593     0.0818     0.0818     0.0254     0.0171      63476    44.0799     100.00     2.1610     1.9007          3  0.000e+00
    749.765   76.33620  178.59754    759.068    -0.1508    -0.1503  29.102215  29.101119    34.8013    34.7993    299.738    294.058    -0.1671     4.6593     0.0818     0.0818     0.0254     0.0183      63477    44.0806     100.00     2.1610     1.9019          3  0.000e+00
