Continuous CTD Data/01_SBE Stage/nabos_32_01.ros
* Sea-Bird SBE 9 Data File:
* FileName = D:\CTD\data\HLY2502\raw\NABOS_32_01.hex
* Software Version Seasave V 7.26.7.110
* Temperature SN = 6954
* Conductivity SN = 2561
* Number of Bytes Per Scan = 37
* Number of Voltage Words = 4
* Number of Scans Averaged by the Deck Unit = 1
* NMEA Latitude = 79 56.86 N
* NMEA Longitude = 142 14.59 E
* NMEA UTC (Time) = Sep 23 2025  08:48:42
* NMEA baud rate = 9600
** Ship: USCG HEALY
** Bot. Depth:  1374
** Cast Number:  01
** Station Name:  NABOS
** Station Number:  32
** Operator:  STARC
** 250 m Ra cast
# nquan = 25
# nvalues = 1176                                  
# units = specified
# name 0 = depSM: Depth [salt water, m]
# name 1 = latitude: Latitude [deg]
# name 2 = longitude: Longitude [deg]
# name 3 = prDM: Pressure, Digiquartz [db]
# name 4 = t090C: Temperature [ITS-90, deg C]
# name 5 = t190C: Temperature, 2 [ITS-90, deg C]
# name 6 = c0mS/cm: Conductivity [mS/cm]
# name 7 = c1mS/cm: Conductivity, 2 [mS/cm]
# name 8 = sal00: Salinity, Practical [PSU]
# name 9 = sal11: Salinity, Practical, 2 [PSU]
# name 10 = sbox0Mm/Kg: Oxygen, SBE 43 [umol/kg]
# name 11 = sbox1Mm/Kg: Oxygen, SBE 43, 2 [umol/kg]
# name 12 = flECO-AFL: Fluorescence, WET Labs ECO-AFL/FL [mg/m^3]
# name 13 = v2: Voltage 2
# name 14 = wetCDOM: Fluorescence, WET Labs CDOM [mg/m^3]
# name 15 = v6: Voltage 6
# name 16 = CStarAt0: Beam Attenuation, WET Labs C-Star [1/m]
# name 17 = v3: Voltage 3
# name 18 = scan: Scan Count
# name 19 = timeM: Time, Elapsed [minutes]
# name 20 = altM: Altimeter [m]
# name 21 = sbeox0V: Oxygen raw, SBE 43 [V]
# name 22 = sbeox1V: Oxygen raw, SBE 43, 2 [V]
# name 23 = nbf: Bottles Fired
# name 24 = flag:  0.000e+00
# interval = seconds: 0.0416667
# start_time = Sep 23 2025 08:48:42 [NMEA time, header]
# bad_flag = -9.990e-29
*END*
[from data line 1044]
     20.027   79.94730  142.22384     20.242    -0.8728    -0.8756  25.944103  25.959823    31.8079    31.8321    358.220    349.600     0.2602     4.5360     0.1245     0.1245     0.1327     0.0354      32234    22.3840     100.00     2.5942     2.2522         22  0.000e+00
     19.978   79.94730  142.22384     20.192    -0.8729    -0.8753  25.944162  25.958764    31.8082    31.8303    358.219    349.845     0.2908     4.5360     0.1245     0.1245     0.1327     0.0366      32235    22.3847     100.00     2.5942     2.2534         22  0.000e+00
     20.027   79.94730  142.22384     20.242    -0.8725    -0.8752  25.944221  25.958597    31.8078    31.8300    358.218    349.847     0.2908     4.5360     0.1245     0.1245     0.1327     0.0366      32236    22.3854     100.00     2.5942     2.2534         22  0.000e+00
     19.961   79.94730  142.22384     20.176    -0.8726    -0.8755  25.944399  25.958263    31.8081    31.8299    358.215    350.094     0.2908     4.5360     0.1245     0.1245     0.1327     0.0366      32237    22.3861     100.00     2.5942     2.2546         22  0.000e+00
     20.027   79.94730  142.22384     20.242    -0.8726    -0.8758  25.944636  25.958263    31.8084    31.8301    358.217    350.099     0.2908     4.5360     0.1245     0.1245     0.1327     0.0366      32238    22.3868     100.00     2.5942     2.2546         22  0.000e+00
     19.978   79.94730  142.22384     20.192    -0.8729    -0.8758  25.944340  25.958152    31.8084    31.8300    358.218    350.097     0.2908     4.5360     0.1245     0.1245     0.1327     0.0366      32239    22.3875     100.00     2.5942     2.2546         22  0.000e+00
     20.027   79.94730  142.22384     20.242    -0.8728    -0.8759  25.944399  25.958096    31.8083    31.8300    358.219    350.101     0.2602     4.5360     0.1245     0.1245     0.1327     0.0354      32240    22.3882     100.00     2.5942     2.2546         22  0.000e+00
     20.027   79.94730  142.22384     20.242    -0.8728    -0.8755  25.944458  25.957372    31.8084    31.8286    358.219    349.854     0.2908     4.5360     0.1245     0.1245     0.1327     0.0366      32241    22.3889     100.00     2.5942     2.2534         22  0.000e+00
     19.978   79.94730  142.22384     20.192    -0.8729    -0.8755  25.944458  25.956703    31.8085    31.8278    358.218    349.854     0.2908     4.5360     0.1245     0.1245     0.1327     0.0366      32242    22.3896     100.00     2.5942     2.2534         22  0.000e+00
     20.027   79.94730  142.22384     20.242    -0.8729    -0.8750  25.944458  25.956202    31.8085    31.8265    358.012    349.855     0.2908     4.5360     0.1245     0.1245     0.1327     0.0366      32243    22.3903     100.00     2.5930     2.2534         22  0.000e+00
     19.961   79.94730  142.22384     20.175    -0.8732    -0.8752  25.944103  25.955589    31.8084    31.8260    358.221    349.855     0.2908     4.5360     0.1245     0.1245     0.1327     0.0366      32244    22.3910     100.00     2.5942     2.2534         22  0.000e+00
     20.035   79.94730  142.22384     20.250    -0.8729    -0.8748  25.944340  25.954920    31.8083    31.8246    358.221    349.859     0.2908     4.5360     0.1245     0.1245     0.1327     0.0366      32245    22.3917     100.00     2.5942     2.2534         22  0.000e+00
     19.961   79.94730  142.22384     20.175    -0.8729    -0.8747  25.944280  25.954196    31.8083    31.8236    358.218    349.857     0.2908     4.5360     0.1245     0.1245     0.1327     0.0366      32246    22.3924     100.00     2.5942     2.2534         22  0.000e+00
     20.027   79.94730  142.22384     20.242    -0.8732    -0.8747  25.944399  25.953527    31.8087    31.8226    358.014    349.862     0.2908     4.5360     0.1245     0.1245     0.1327     0.0366      32247    22.3931     100.00     2.5930     2.2534         22  0.000e+00
     20.027   79.94730  142.22384     20.242    -0.8732    -0.8745  25.944458  25.952747    31.8088    31.8214    358.223    349.864     0.2908     4.5360     0.1245     0.1245     0.1327     0.0366      32248    22.3938     100.00     2.5942     2.2534         22  0.000e+00
     19.977   79.94730  142.22384     20.192    -0.8732    -0.8747  25.944280  25.950965    31.8086    31.8192    358.013    349.870     0.2908     4.5360     0.1245     0.1245     0.1327     0.0366      32249    22.3944     100.00     2.5930     2.2534         22  0.000e+00
     20.026   79.94730  142.22384     20.242    -0.8729    -0.8741  25.944399  25.949628    31.8084    31.8167    358.220    349.872     0.2908     4.5360     0.1245     0.1245     0.1327     0.0366      32250    22.3951     100.00     2.5942     2.2534         22  0.000e+00
     19.961   79.94730  142.22384     20.175    -0.8729    -0.8742  25.944636  25.949293    31.8088    31.8165    358.216    349.871     0.2908     4.5372     0.1245     0.1245     0.1317     0.0366      32251    22.3958     100.00     2.5942     2.2534         22  0.000e+00
     20.035   79.94730  142.22384     20.250    -0.8728    -0.8741  25.944754  25.949293    31.8088    31.8163    358.010    349.628     0.2602     4.5372     0.1245     0.1245     0.1317     0.0354      32252    22.3965     100.00     2.5930     2.2522         22  0.000e+00
     20.026   79.94730  142.22384     20.242    -0.8725    -0.8741  25.944932  25.949683    31.8088    31.8168    358.216    349.626     0.2908     4.5372     0.1245     0.1245     0.1317     0.0366      32253    22.3972     100.00     2.5942     2.2522         22  0.000e+00
     20.026   79.94730  142.22384     20.242    -0.8726    -0.8739  25.944991  25.949962    31.8089    31.8170    358.008    349.377     0.2602     4.5372     0.1245     0.1245     0.1317     0.0354      32254    22.3979     100.00     2.5930     2.2509         22  0.000e+00
     19.961   79.94730  142.22384     20.175    -0.8726    -0.8738  25.945346  25.949683    31.8094    31.8165    358.211    349.374     0.2908     4.5372     0.1245     0.1245     0.1317     0.0366      32255    22.3986     100.00     2.5942     2.2509         22  0.000e+00
     20.035   79.94730  142.22384     20.250    -0.8725    -0.8739  25.945287  25.949906    31.8092    31.8169    358.006    349.624     0.2908     4.5372     0.1245     0.1245     0.1317     0.0366      32256    22.3993     100.00     2.5930     2.2522         22  0.000e+00
     19.961   79.94730  142.22384     20.175    -0.8724    -0.8741  25.945406  25.949627    31.8093    31.8168    358.001    349.623     0.2908     4.5385     0.1245     0.1245     0.1306     0.0366      32257    22.4000     100.00     2.5930     2.2522         22  0.000e+00
     20.026   79.94730  142.22384     20.241    -0.8726    -0.8742  25.944873  25.950686    31.8087    31.8183    358.008    349.623     0.2908     4.5385     0.1245     0.1245     0.1306     0.0366      32258    22.4007     100.00     2.5930     2.2522         22  0.000e+00
     19.977   79.94730  142.22384     20.192    -0.8729    -0.8748  25.945050  25.953304    31.8093    31.8225    358.007    349.615     0.2908     4.5385     0.1245     0.1245     0.1306     0.0366      32259    22.4014     100.00     2.5930     2.2522         22  0.000e+00
     20.084   79.94730  142.22382     20.299    -0.8726    -0.8758  25.945051  25.954029    31.8090    31.8244    358.010    349.625     0.2908     4.5372     0.1245     0.1245     0.1317     0.0366      32260    22.4021     100.00     2.5930     2.2522         22  0.000e+00
     19.961   79.94730  142.22382     20.175    -0.8729    -0.8752  25.944577  25.951800    31.8087    31.8208    358.008    349.869     0.2602     4.5372     0.1245     0.1245     0.1317     0.0354      32261    22.4028     100.00     2.5930     2.2534         22  0.000e+00
     19.977   79.94730  142.22382     20.192    -0.8728    -0.8748  25.944103  25.950296    31.8079    31.8184    358.010    349.873     0.2908     4.5372     0.1245     0.1245     0.1317     0.0366      32262    22.4035     100.00     2.5930     2.2534         22  0.000e+00
     20.026   79.94730  142.22382     20.241    -0.8730    -0.8750  25.944518  25.950018    31.8087    31.8182    358.013    349.878     0.2908     4.5372     0.1258     0.1258     0.1317     0.0366      32263    22.4042     100.00     2.5930     2.2534         22  0.000e+00
     20.026   79.94730  142.22382     20.241    -0.8732    -0.8748  25.944162  25.950073    31.8084    31.8181    358.015    350.122     0.2908     4.5385     0.1258     0.1258     0.1306     0.0366      32264    22.4049     100.00     2.5930     2.2546         22  0.000e+00
     19.961   79.94730  142.22382     20.175    -0.8730    -0.8747  25.944162  25.949850    31.8083    31.8177    358.011    350.119     0.2908     4.5372     0.1258     0.1258     0.1317     0.0366      32265    22.4056     100.00     2.5930     2.2546         22  0.000e+00
     20.034   79.94730  142.22382     20.249    -0.8729    -0.8744  25.944577  25.950129    31.8087    31.8177    358.012    350.119     0.2908     4.5372     0.1258     0.1258     0.1317     0.0366      32266    22.4063     100.00     2.5930     2.2546         22  0.000e+00
     20.026   79.94730  142.22382     20.241    -0.8730    -0.8742  25.944754  25.949962    31.8090    31.8173    357.803    350.118     0.2908     4.5372     0.1258     0.1258     0.1317     0.0366      32267    22.4069     100.00     2.5917     2.2546         22  0.000e+00
     19.953   79.94730  142.22364     20.167    -0.8724    -0.8718  25.942918  25.939656    31.8059    31.8009    358.009    349.887     0.2908     4.5385     0.1245     0.1245     0.1306     0.0366      32544    22.5993     100.00     2.5929     2.2534         23  0.000e+00
     20.027   79.94730  142.22364     20.242    -0.8723    -0.8720  25.942563  25.940269    31.8053    31.8019    358.014    349.890     0.2908     4.5385     0.1245     0.1245     0.1306     0.0366      32545    22.6000     100.00     2.5929     2.2534         23  0.000e+00
     20.018   79.94730  142.22364     20.233    -0.8723    -0.8721  25.942089  25.940492    31.8046    31.8023    358.015    349.890     0.2908     4.5385     0.1245     0.1245     0.1306     0.0366      32546    22.6007     100.00     2.5929     2.2534         23  0.000e+00
     20.018   79.94730  142.22364     20.233    -0.8723    -0.8717  25.941971  25.940102    31.8045    31.8013    357.808    349.888     0.2908     4.5385     0.1245     0.1245     0.1306     0.0366      32547    22.6014     100.00     2.5917     2.2534         23  0.000e+00
     20.018   79.94730  142.22362     20.233    -0.8724    -0.8718  25.942149  25.940547    31.8049    31.8021    358.016    349.887     0.2908     4.5385     0.1245     0.1245     0.1306     0.0366      32548    22.6021     100.00     2.5929     2.2534         23  0.000e+00
     19.969   79.94730  142.22362     20.184    -0.8724    -0.8720  25.942208  25.940937    31.8050    31.8028    358.013    350.131     0.2908     4.5372     0.1245     0.1245     0.1317     0.0366      32549    22.6028     100.00     2.5929     2.2546         23  0.000e+00
     20.076   79.94730  142.22362     20.291    -0.8723    -0.8717  25.942030  25.940826    31.8046    31.8023    358.018    350.134     0.2908     4.5385     0.1245     0.1245     0.1306     0.0366      32550    22.6035     100.00     2.5929     2.2546         23  0.000e+00
     20.018   79.94730  142.22362     20.233    -0.8726    -0.8718  25.941971  25.940603    31.8048    31.8021    358.018    350.133     0.2908     4.5385     0.1245     0.1245     0.1306     0.0366      32551    22.6042     100.00     2.5929     2.2546         23  0.000e+00
     20.026   79.94730  142.22362     20.242    -0.8724    -0.8720  25.942326  25.940715    31.8051    31.8025    358.015    350.135     0.2908     4.5372     0.1245     0.1245     0.1317     0.0366      32552    22.6049     100.00     2.5929     2.2546         23  0.000e+00
     20.018   79.94730  142.22362     20.233    -0.8724    -0.8721  25.942267  25.940380    31.8051    31.8021    358.016    349.890     0.2908     4.5372     0.1245     0.1245     0.1317     0.0366      32553    22.6056     100.00     2.5929     2.2534         23  0.000e+00
     20.018   79.94730  142.22362     20.233    -0.8723    -0.8723  25.942741  25.940826    31.8056    31.8029    357.805    349.890     0.2908     4.5372     0.1245     0.1245     0.1317     0.0366      32554    22.6062     100.00     2.5917     2.2534         23  0.000e+00
     20.026   79.94730  142.22362     20.241    -0.8721    -0.8721  25.942800  25.940993    31.8054    31.8030    358.011    349.642     0.2908     4.5372     0.1245     0.1245     0.1317     0.0366      32555    22.6069     100.00     2.5929     2.2522         23  0.000e+00
     20.018   79.94730  142.22362     20.233    -0.8720    -0.8721  25.942741  25.940826    31.8052    31.8027    357.802    349.642     0.2908     4.5372     0.1245     0.1245     0.1317     0.0366      32556    22.6076     100.00     2.5917     2.2522         23  0.000e+00
     20.018   79.94730  142.22362     20.233    -0.8720    -0.8720  25.942741  25.940937    31.8052    31.8028    357.802    349.641     0.2908     4.5372     0.1245     0.1245     0.1317     0.0366      32557    22.6083     100.00     2.5917     2.2522         23  0.000e+00
     20.018   79.94730  142.22362     20.233    -0.8719    -0.8724  25.942741  25.940993    31.8052    31.8033    357.802    349.644     0.2908     4.5372     0.1245     0.1245     0.1317     0.0366      32558    22.6090     100.00     2.5917     2.2522         23  0.000e+00
     20.026   79.94730  142.22362     20.241    -0.8718    -0.8721  25.942918  25.940659    31.8053    31.8025    357.801    349.643     0.2908     4.5372     0.1245     0.1245     0.1317     0.0366      32559    22.6097     100.00     2.5917     2.2522         23  0.000e+00
     20.075   79.94730  142.22362     20.291    -0.8718    -0.8726  25.942978  25.940325    31.8053    31.8025    357.802    349.650     0.2908     4.5372     0.1245     0.1245     0.1317     0.0366      32560    22.6104     100.00     2.5917     2.2522         23  0.000e+00
     20.018   79.94730  142.22362     20.233    -0.8720    -0.8727  25.943333  25.940269    31.8060    31.8026    358.008    349.649     0.2908     4.5372     0.1245     0.1245     0.1317     0.0366      32561    22.6111     100.00     2.5929     2.2522         23  0.000e+00
     20.026   79.94730  142.22362     20.241    -0.8717    -0.8726  25.943096  25.940046    31.8054    31.8022    357.799    349.649     0.2908     4.5372     0.1245     0.1245     0.1317     0.0366      32562    22.6118     100.00     2.5917     2.2522         23  0.000e+00
     20.018   79.94730  142.22362     20.233    -0.8717    -0.8727  25.943333  25.940325    31.8057    31.8027    357.797    349.649     0.2602     4.5372     0.1245     0.1245     0.1317     0.0354      32563    22.6125     100.00     2.5917     2.2522         23  0.000e+00
     20.018   79.94730  142.22362     20.233    -0.8717    -0.8726  25.943451  25.940659    31.8058    31.8030    357.797    349.400     0.2908     4.5372     0.1245     0.1245     0.1317     0.0366      32564    22.6132     100.00     2.5917     2.2509         23  0.000e+00
     20.075   79.94730  142.22362     20.291    -0.8717    -0.8724  25.943096  25.940770    31.8053    31.8030    357.801    349.647     0.2908     4.5372     0.1245     0.1245     0.1317     0.0366      32565    22.6139     100.00     2.5917     2.2522         23  0.000e+00
     20.026   79.94730  142.22362     20.241    -0.8718    -0.8723  25.943155  25.940770    31.8056    31.8029    357.799    349.398     0.2908     4.5372     0.1245     0.1245     0.1317     0.0366      32566    22.6146     100.00     2.5917     2.2509         23  0.000e+00
