Continuous CTD Data/01_SBE Stage/nabos_44_01avg.cnv
* Sea-Bird SBE 9 Data File:
* FileName = D:\CTD\data\HLY2502\raw\NABOS_44_01.hex
* Software Version Seasave V 7.26.7.110
* Temperature SN = 6954
* Conductivity SN = 2561
* Number of Bytes Per Scan = 37
* Number of Voltage Words = 4
* Number of Scans Averaged by the Deck Unit = 1
* NMEA Latitude = 81 22.71 N
* NMEA Longitude = 125 50.34 E
* NMEA UTC (Time) = Sep 28 2025  09:12:40
* NMEA baud rate = 9600
** Ship: USCG HEALY
** Bot. Depth:  3963
** Cast Number:  01
** Station Name:  NABOS
** Station Number:  44
** Operator:  STARC
** 3958m target
# nquan = 25
# nvalues = 4029                        
# units = specified
# name 0 = depSM: Depth [salt water, m]
# name 1 = latitude: Latitude [deg]
# name 2 = longitude: Longitude [deg]
# name 3 = prDM: Pressure, Digiquartz [db]
# name 4 = t090C: Temperature [ITS-90, deg C]
# name 5 = t190C: Temperature, 2 [ITS-90, deg C]
# name 6 = c0mS/cm: Conductivity [mS/cm]
# name 7 = c1mS/cm: Conductivity, 2 [mS/cm]
# name 8 = sal00: Salinity, Practical [PSU]
# name 9 = sal11: Salinity, Practical, 2 [PSU]
# name 10 = sbox0Mm/Kg: Oxygen, SBE 43 [umol/kg]
# name 11 = sbox1Mm/Kg: Oxygen, SBE 43, 2 [umol/kg]
# name 12 = flECO-AFL: Fluorescence, WET Labs ECO-AFL/FL [mg/m^3]
# name 13 = v2: Voltage 2
# name 14 = wetCDOM: Fluorescence, WET Labs CDOM [mg/m^3]
# name 15 = v6: Voltage 6
# name 16 = CStarAt0: Beam Attenuation, WET Labs C-Star [1/m]
# name 17 = v3: Voltage 3
# name 18 = scan: Scan Count
# name 19 = timeM: Time, Elapsed [minutes]
# name 20 = altM: Altimeter [m]
# name 21 = sbeox0V: Oxygen raw, SBE 43 [V]
# name 22 = sbeox1V: Oxygen raw, SBE 43, 2 [V]
# name 23 = nbin: number of scans per bin
# name 24 = flag: flag
# span 0 =      3.957,   3951.648       
# span 1 =   81.37871,   81.38836       
# span 2 =  125.84004,  125.89915       
# span 3 =      4.000,   4032.000       
# span 4 =    -1.7803,     1.6285       
# span 5 =    -1.7799,     1.6282       
# span 6 =  22.493084,  30.466624       
# span 7 =  22.492357,  30.463969       
# span 8 =    27.7848,    34.9409       
# span 9 =    27.7829,    34.9384       
# span 10 =    280.669,    375.897      
# span 11 =    247.183,    369.636      
# span 12 =    -0.1824,     0.3250      
# span 13 =     4.4976,     4.6388      
# span 14 =     0.0627,     4.4304      
# span 15 =     0.0627,     4.4304      
# span 16 =     0.0430,     0.1669      
# span 17 =     0.0177,     0.0380      
# span 18 =       2460,     116372      
# span 19 =     1.7079,    80.8133      
# span 20 =       7.47,     100.00      
# span 21 =     1.4927,     2.6446      
# span 22 =     1.3572,     2.3015      
# span 23 =          7,         28      
# span 24 = 0.0000e+00, 0.0000e+00      
# interval = decibars: 1                
# start_time = Sep 28 2025 09:12:40 [NMEA time, header]
# bad_flag = -9.990e-29
*END*
[from data line 2957]
   2909.104   81.38500  125.87654   2961.000    -0.7494    -0.7495  29.590997  29.588832    34.9303    34.9276    283.651    280.727    -0.1680     4.6382     0.0829     0.0829     0.0436     0.0183      78147    54.2682     100.00     1.6530     1.4893         14 0.0000e+00
   2910.080   81.38500  125.87657   2962.000    -0.7494    -0.7494  29.591401  29.589364    34.9304    34.9277    283.569    281.845    -0.1671     4.6384     0.0832     0.0832     0.0434     0.0183      78172    54.2852     100.00     1.6526     1.4930         15 0.0000e+00
   2911.056   81.38500  125.87658   2963.000    -0.7493    -0.7495  29.591794  29.589836    34.9303    34.9279    283.589    281.957    -0.1720     4.6375     0.0832     0.0832     0.0442     0.0181      78196    54.3021     100.00     1.6525     1.4933         13 0.0000e+00
   2912.032   81.38500  125.87659   2964.000    -0.7493    -0.7494  29.592161  29.590173    34.9303    34.9278    283.642    281.217    -0.1693     4.6377     0.0832     0.0832     0.0441     0.0182      78221    54.3192     100.00     1.6525     1.4906         14 0.0000e+00
   2913.007   81.38500  125.87661   2965.000    -0.7493    -0.7494  29.592565  29.590614    34.9303    34.9278    283.614    281.850    -0.1693     4.6381     0.0832     0.0832     0.0437     0.0182      78245    54.3362     100.00     1.6523     1.4926         14 0.0000e+00
   2913.983   81.38500  125.87662   2966.000    -0.7494    -0.7494  29.592984  29.591010    34.9304    34.9278    283.607    280.804    -0.1713     4.6381     0.0827     0.0827     0.0436     0.0181      78270    54.3533     100.00     1.6521     1.4889         15 0.0000e+00
   2914.959   81.38502  125.87662   2967.000    -0.7493    -0.7493  29.593356  29.591366    34.9304    34.9278    283.634    281.441    -0.1803     4.6384     0.0824     0.0824     0.0434     0.0178      78294    54.3701     100.00     1.6521     1.4910         12 0.0000e+00
   2915.934   81.38502  125.87665   2968.000    -0.7494    -0.7494  29.593741  29.591731    34.9305    34.9279    283.695    282.140    -0.1735     4.6376     0.0838     0.0838     0.0442     0.0180      78319    54.3873     100.00     1.6522     1.4933         14 0.0000e+00
   2916.910   81.38502  125.87667   2969.000    -0.7493    -0.7494  29.594103  29.592097    34.9304    34.9278    283.712    282.302    -0.1559     4.6382     0.0819     0.0819     0.0436     0.0187      78343    54.4044     100.00     1.6521     1.4937         14 0.0000e+00
   2917.886   81.38502  125.87668   2970.000    -0.7493    -0.7493  29.594604  29.592546    34.9305    34.9278    283.660    282.175    -0.1333     4.6377     0.0821     0.0821     0.0440     0.0196      78368    54.4214     100.00     1.6517     1.4931         14 0.0000e+00
   2918.862   81.38502  125.87669   2971.000    -0.7491    -0.7493  29.595009  29.592954    34.9304    34.9279    283.627    282.445    -0.1325     4.6377     0.0831     0.0831     0.0440     0.0197      78393    54.4386     100.00     1.6514     1.4939         15 0.0000e+00
   2919.837   81.38502  125.87671   2972.000    -0.7492    -0.7493  29.595497  29.593360    34.9306    34.9279    283.752    282.320    -0.1631     4.6377     0.0823     0.0823     0.0440     0.0185      78417    54.4557     100.00     1.6518     1.4934         16 0.0000e+00
   2920.813   81.38502  125.87672   2973.000    -0.7494    -0.7495  29.595493  29.593610    34.9303    34.9279    283.700    280.115    -0.1731     4.6384     0.0840     0.0840     0.0434     0.0181      78441    54.4723     100.00     1.6514     1.4856         10 0.0000e+00
   2921.789   81.38502  125.87673   2974.000    -0.7493    -0.7494  29.596056  29.594135    34.9304    34.9280    283.632    279.276    -0.1417     4.6377     0.0835     0.0835     0.0440     0.0193      78466    54.4896     100.00     1.6510     1.4826         14 0.0000e+00
   2922.764   81.38503  125.87675   2975.000    -0.7493    -0.7494  29.596472  29.594428    34.9305    34.9279    283.703    283.075    -0.1325     4.6383     0.0831     0.0831     0.0435     0.0197      78491    54.5070     100.00     1.6511     1.4956         16 0.0000e+00
   2923.740   81.38504  125.87676   2976.000    -0.7493    -0.7494  29.596879  29.594798    34.9305    34.9279    283.644    284.477    -0.1779     4.6382     0.0832     0.0832     0.0435     0.0179      78515    54.5237     100.00     1.6507     1.5003         16 0.0000e+00
   2924.716   81.38504  125.87677   2977.000    -0.7493    -0.7494  29.597320  29.595246    34.9306    34.9279    283.723    298.045    -0.1392     4.6380     0.0830     0.0830     0.0437     0.0194      78540    54.5410     100.00     1.6509     1.5470         19 0.0000e+00
   2925.692   81.38504  125.87678   2978.000    -0.7493    -0.7494  29.597554  29.595547    34.9305    34.9280    283.708    276.906    -0.1672     4.6382     0.0823     0.0823     0.0435     0.0183      78564    54.5578     100.00     1.6506     1.4739         16 0.0000e+00
   2926.667   81.38504  125.87679   2979.000    -0.7493    -0.7495  29.597887  29.595941    34.9304    34.9280    283.767    279.812    -0.1734     4.6384     0.0832     0.0832     0.0434     0.0181      78589    54.5747     100.00     1.6507     1.4838         15 0.0000e+00
   2927.643   81.38504  125.87681   2980.000    -0.7493    -0.7493  29.598474  29.596446    34.9306    34.9280    283.741    280.165    -0.1537     4.6376     0.0831     0.0831     0.0441     0.0188      78613    54.5917     100.00     1.6505     1.4849         15 0.0000e+00
   2928.619   81.38504  125.87682   2981.000    -0.7492    -0.7493  29.598883  29.596919    34.9306    34.9281    283.733    279.676    -0.1568     4.6382     0.0831     0.0831     0.0436     0.0187      78638    54.6088     100.00     1.6503     1.4831         18 0.0000e+00
   2929.594   81.38504  125.87683   2982.000    -0.7492    -0.7493  29.599255  29.597322    34.9306    34.9282    283.709    280.889    -0.1713     4.6381     0.0823     0.0823     0.0437     0.0181      78662    54.6259     100.00     1.6501     1.4871         19 0.0000e+00
   2930.570   81.38504  125.87685   2983.000    -0.7492    -0.7493  29.599642  29.597722    34.9305    34.9282    283.674    280.058    -0.1739     4.6381     0.0829     0.0829     0.0437     0.0180      78687    54.6428     100.00     1.6497     1.4842         18 0.0000e+00
   2931.546   81.38504  125.87686   2984.000    -0.7492    -0.7493  29.600070  29.598074    34.9306    34.9281    283.737    281.437    -0.1729     4.6383     0.0831     0.0831     0.0435     0.0181      78711    54.6600     100.00     1.6499     1.4888         16 0.0000e+00
   2932.521   81.38505  125.87687   2985.000    -0.7491    -0.7492  29.600606  29.598518    34.9307    34.9281    283.809    281.348    -0.1374     4.6379     0.0834     0.0834     0.0438     0.0195      78736    54.6770     100.00     1.6500     1.4884         14 0.0000e+00
   2933.497   81.38506  125.87689   2986.000    -0.7490    -0.7491  29.600950  29.598918    34.9307    34.9281    283.730    280.245    -0.1605     4.6384     0.0844     0.0844     0.0434     0.0186      78761    54.6941     100.00     1.6496     1.4844         17 0.0000e+00
   2934.472   81.38506  125.87690   2987.000    -0.7491    -0.7492  29.601299  29.599383    34.9306    34.9282    283.675    282.613    -0.1311     4.6382     0.0846     0.0846     0.0436     0.0197      78785    54.7113     100.00     1.6492     1.4925         20 0.0000e+00
   2935.448   81.38506  125.87692   2988.000    -0.7490    -0.7491  29.601769  29.599746    34.9307    34.9281    283.646    281.283    -0.1701     4.6378     0.0824     0.0824     0.0439     0.0182      78810    54.7283     100.00     1.6489     1.4877         19 0.0000e+00
   2936.424   81.38506  125.87694   2989.000    -0.7490    -0.7492  29.602111  29.600094    34.9307    34.9282    283.696    280.930    -0.1321     4.6382     0.0832     0.0832     0.0436     0.0197      78834    54.7454     100.00     1.6490     1.4864         20 0.0000e+00
   2937.399   81.38506  125.87694   2990.000    -0.7490    -0.7491  29.602561  29.600538    34.9308    34.9282    283.681    281.677    -0.1401     4.6375     0.0832     0.0832     0.0442     0.0194      78859    54.7624     100.00     1.6488     1.4889         18 0.0000e+00
   2938.376   81.38506  125.87696   2991.000    -0.7490    -0.7491  29.602977  29.600972    34.9307    34.9282    283.736    281.213    -0.1682     4.6378     0.0842     0.0842     0.0439     0.0183      78883    54.7791     100.00     1.6488     1.4871         15 0.0000e+00
   2939.351   81.38506  125.87698   2992.000    -0.7488    -0.7489  29.603507  29.601404    34.9308    34.9281    283.692    281.597    -0.1594     4.6379     0.0825     0.0825     0.0439     0.0186      78908    54.7963     100.00     1.6485     1.4883         16 0.0000e+00
   2940.327   81.38506  125.87698   2993.000    -0.7488    -0.7489  29.603815  29.601849    34.9307    34.9282    283.710    280.898    -0.1472     4.6382     0.0828     0.0828     0.0436     0.0191      78932    54.8131     100.00     1.6484     1.4858         14 0.0000e+00
   2941.302   81.38506  125.87700   2994.000    -0.7488    -0.7489  29.604151  29.602158    34.9306    34.9281    283.686    280.423    -0.1695     4.6378     0.0828     0.0828     0.0439     0.0182      78956    54.8302     100.00     1.6482     1.4840         17 0.0000e+00
   2942.278   81.38508  125.87702   2995.000    -0.7489    -0.7489  29.604627  29.602668    34.9308    34.9283    283.695    281.689    -0.1484     4.6380     0.0820     0.0820     0.0438     0.0190      78981    54.8473     100.00     1.6480     1.4883         13 0.0000e+00
   2943.253   81.38508  125.87702   2996.000    -0.7488    -0.7489  29.605017  29.603007    34.9308    34.9283    283.689    281.433    -0.1346     4.6380     0.0824     0.0824     0.0437     0.0196      79006    54.8644     100.00     1.6479     1.4872         15 0.0000e+00
   2944.229   81.38508  125.87704   2997.000    -0.7487    -0.7488  29.605505  29.603360    34.9309    34.9281    283.605    282.550    -0.1674     4.6380     0.0836     0.0836     0.0438     0.0183      79030    54.8814     100.00     1.6474     1.4910         15 0.0000e+00
   2945.205   81.38508  125.87706   2998.000    -0.7487    -0.7488  29.605842  29.603944    34.9307    34.9284    283.625    281.735    -0.1383     4.6379     0.0844     0.0844     0.0438     0.0194      79055    54.8986     100.00     1.6473     1.4880         16 0.0000e+00
   2946.180   81.38508  125.87706   2999.000    -0.7486    -0.7487  29.606355  29.604302    34.9309    34.9282    283.570    282.253    -0.1704     4.6383     0.0843     0.0843     0.0435     0.0182      79079    54.9156     100.00     1.6469     1.4897         16 0.0000e+00
   2947.156   81.38508  125.87708   3000.000    -0.7485    -0.7486  29.606836  29.604801    34.9309    34.9283    283.539    281.528    -0.1753     4.6380     0.0831     0.0831     0.0437     0.0180      79104    54.9327     100.00     1.6467     1.4871         15 0.0000e+00
   2948.131   81.38508  125.87710   3001.000    -0.7486    -0.7486  29.607065  29.605131    34.9307    34.9283    283.649    281.520    -0.1653     4.6384     0.0809     0.0809     0.0434     0.0184      79129    54.9497     100.00     1.6469     1.4869         16 0.0000e+00
   2949.107   81.38508  125.87710   3002.000    -0.7487    -0.7488  29.607366  29.605353    34.9308    34.9283    283.669    280.453    -0.1671     4.6378     0.0827     0.0827     0.0440     0.0183      79153    54.9666     100.00     1.6469     1.4831         13 0.0000e+00
   2950.083   81.38508  125.87712   3003.000    -0.7488    -0.7488  29.607800  29.605840    34.9310    34.9284    283.657    282.816    -0.1377     4.6381     0.0833     0.0833     0.0437     0.0195      79177    54.9836     100.00     1.6467     1.4911         16 0.0000e+00
   2951.058   81.38510  125.87714   3004.000    -0.7487    -0.7488  29.608207  29.606166    34.9310    34.9283    283.630    281.504    -0.1342     4.6384     0.0824     0.0824     0.0434     0.0196      79202    55.0008     100.00     1.6464     1.4865         13 0.0000e+00
   2952.033   81.38510  125.87716   3005.000    -0.7486    -0.7488  29.608659  29.606635    34.9309    34.9284    283.661    280.622    -0.1306     4.6384     0.0825     0.0825     0.0433     0.0198      79227    55.0179     100.00     1.6464     1.4833         15 0.0000e+00
   2953.009   81.38510  125.87716   3006.000    -0.7486    -0.7487  29.609112  29.607050    34.9310    34.9283    283.664    281.193    -0.1571     4.6379     0.0831     0.0831     0.0439     0.0187      79251    55.0349     100.00     1.6462     1.4851         13 0.0000e+00
   2953.985   81.38510  125.87718   3007.000    -0.7485    -0.7486  29.609520  29.607544    34.9309    34.9284    283.679    282.431    -0.1468     4.6379     0.0831     0.0831     0.0438     0.0191      79275    55.0517     100.00     1.6462     1.4893         12 0.0000e+00
   2954.960   81.38510  125.87720   3008.000    -0.7484    -0.7485  29.609906  29.607998    34.9309    34.9284    283.635    282.380    -0.1683     4.6377     0.0834     0.0834     0.0441     0.0183      79300    55.0689     100.00     1.6458     1.4890         14 0.0000e+00
   2955.936   81.38510  125.87721   3009.000    -0.7483    -0.7485  29.610405  29.608357    34.9310    34.9284    283.670    281.700    -0.1671     4.6384     0.0842     0.0842     0.0433     0.0183      79325    55.0860     100.00     1.6458     1.4865         14 0.0000e+00
   2956.911   81.38510  125.87722   3010.000    -0.7484    -0.7485  29.610807  29.608843    34.9310    34.9285    283.518    281.069    -0.1419     4.6380     0.0831     0.0831     0.0437     0.0193      79349    55.1028     100.00     1.6450     1.4842         12 0.0000e+00
   2957.887   81.38510  125.87724   3011.000    -0.7484    -0.7485  29.611126  29.609131    34.9309    34.9284    283.555    282.510    -0.1632     4.6379     0.0832     0.0832     0.0439     0.0185      79374    55.1200     100.00     1.6451     1.4891         13 0.0000e+00
   2958.863   81.38510  125.87725   3012.000    -0.7483    -0.7484  29.611627  29.609624    34.9311    34.9285    283.570    282.196    -0.1338     4.6376     0.0831     0.0831     0.0441     0.0196      79398    55.1371     100.00     1.6450     1.4878         13 0.0000e+00
   2959.838   81.38511  125.87726   3013.000    -0.7483    -0.7483  29.612007  29.609974    34.9311    34.9284    283.611    280.786    -0.1468     4.6376     0.0824     0.0824     0.0441     0.0191      79423    55.1542     100.00     1.6450     1.4829         15 0.0000e+00
   2960.814   81.38512  125.87727   3014.000    -0.7483    -0.7485  29.612316  29.610406    34.9309    34.9286    283.586    280.601    -0.1748     4.6382     0.0826     0.0826     0.0435     0.0180      79448    55.1713     100.00     1.6447     1.4821         15 0.0000e+00
   2961.789   81.38512  125.87729   3015.000    -0.7484    -0.7483  29.612823  29.610798    34.9312    34.9285    283.609    281.452    -0.1753     4.6377     0.0832     0.0832     0.0440     0.0180      79472    55.1882     100.00     1.6447     1.4849         15 0.0000e+00
   2962.764   81.38512  125.87730   3016.000    -0.7482    -0.7483  29.613224  29.611258    34.9310    34.9285    283.534    279.674    -0.1754     4.6377     0.0832     0.0832     0.0440     0.0180      79496    55.2049     100.00     1.6442     1.4787         11 0.0000e+00
   2963.740   81.38512  125.87731   3017.000    -0.7482    -0.7482  29.613627  29.611579    34.9311    34.9284    283.573    279.809    -0.1500     4.6383     0.0832     0.0832     0.0435     0.0190      79521    55.2221     100.00     1.6442     1.4790         14 0.0000e+00
