Continuous CTD Data/01_SBE Stage/nabos_33_01avg.cnv
* Sea-Bird SBE 9 Data File:
* FileName = D:\CTD\data\HLY2502\raw\NABOS_33_01.hex
* Software Version Seasave V 7.26.7.110
* Temperature SN = 6954
* Conductivity SN = 2561
* Number of Bytes Per Scan = 37
* Number of Voltage Words = 4
* Number of Scans Averaged by the Deck Unit = 1
* NMEA Latitude = 79 51.39 N
* NMEA Longitude = 140 04.65 E
* NMEA UTC (Time) = Sep 23 2025  14:40:56
* NMEA baud rate = 9600
** Ship: USCG HEALY
** Bot. Depth:  1970
** Cast Number:  01
** Station Name:  NABOS
** Station Number:  33
** Operator:  STARC
# nquan = 25
# nvalues = 1214                        
# units = specified
# name 0 = depSM: Depth [salt water, m]
# name 1 = latitude: Latitude [deg]
# name 2 = longitude: Longitude [deg]
# name 3 = prDM: Pressure, Digiquartz [db]
# name 4 = t090C: Temperature [ITS-90, deg C]
# name 5 = t190C: Temperature, 2 [ITS-90, deg C]
# name 6 = c0mS/cm: Conductivity [mS/cm]
# name 7 = c1mS/cm: Conductivity, 2 [mS/cm]
# name 8 = sal00: Salinity, Practical [PSU]
# name 9 = sal11: Salinity, Practical, 2 [PSU]
# name 10 = sbox0Mm/Kg: Oxygen, SBE 43 [umol/kg]
# name 11 = sbox1Mm/Kg: Oxygen, SBE 43, 2 [umol/kg]
# name 12 = flECO-AFL: Fluorescence, WET Labs ECO-AFL/FL [mg/m^3]
# name 13 = v2: Voltage 2
# name 14 = wetCDOM: Fluorescence, WET Labs CDOM [mg/m^3]
# name 15 = v6: Voltage 6
# name 16 = CStarAt0: Beam Attenuation, WET Labs C-Star [1/m]
# name 17 = v3: Voltage 3
# name 18 = scan: Scan Count
# name 19 = timeM: Time, Elapsed [minutes]
# name 20 = altM: Altimeter [m]
# name 21 = sbeox0V: Oxygen raw, SBE 43 [V]
# name 22 = sbeox1V: Oxygen raw, SBE 43, 2 [V]
# name 23 = nbin: number of scans per bin
# name 24 = flag: flag
# span 0 =      3.958,   1200.616       
# span 1 =   79.85658,   79.85849       
# span 2 =  140.06293,  140.07485       
# span 3 =      4.000,   1217.000       
# span 4 =    -1.4239,     1.3963       
# span 5 =    -1.4254,     1.3959       
# span 6 =  24.234668,  30.211009       
# span 7 =  24.233773,  30.209231       
# span 8 =    29.6306,    34.8762       
# span 9 =    29.6285,    34.8741       
# span 10 =    293.543,    363.357      
# span 11 =    279.045,    357.532      
# span 12 =    -0.1800,     0.7952      
# span 13 =     4.4579,     4.6296      
# span 14 =     0.0806,     0.1245      
# span 15 =     0.0806,     0.1245      
# span 16 =     0.0510,     0.2023      
# span 17 =     0.0178,     0.0568      
# span 18 =       5620,      39837      
# span 19 =     3.9018,    27.6637      
# span 20 =     100.00,     100.00      
# span 21 =     2.0309,     2.6148      
# span 22 =     1.7650,     2.2853      
# span 23 =          9,         27      
# span 24 = 0.0000e+00, 0.0000e+00      
# interval = decibars: 1                
# start_time = Sep 23 2025 14:40:56 [NMEA time, header]
# bad_flag = -9.990e-29
*END*
[from data line 754]
    748.614   79.85764  140.06659    758.000     0.1396     0.1418  29.377332  29.377569    34.8368    34.8346    296.784    292.622    -0.1325     4.6250     0.0845     0.0845     0.0549     0.0197      27067    18.7956     100.00     2.1594     1.9076         15 0.0000e+00
    749.600   79.85764  140.06658    759.000     0.1337     0.1340  29.372563  29.371124    34.8366    34.8344    296.918    293.976    -0.1437     4.6252     0.0844     0.0844     0.0548     0.0192      27092    18.8135     100.00     2.1597     1.9135         13 0.0000e+00
    750.586   79.85764  140.06658    760.000     0.1240     0.1248  29.364059  29.362983    34.8358    34.8335    297.167    294.056    -0.1553     4.6256     0.0835     0.0835     0.0545     0.0188      27118    18.8311     100.00     2.1603     1.9134         15 0.0000e+00
    751.572   79.85764  140.06657    761.000     0.1086     0.1084  29.350544  29.348592    34.8348    34.8325    297.412    293.674    -0.1306     4.6243     0.0840     0.0840     0.0555     0.0198      27142    18.8479     100.00     2.1607     1.9107         15 0.0000e+00
    752.558   79.85764  140.06656    762.000     0.1038     0.1040  29.346567  29.345052    34.8345    34.8322    297.306    292.873    -0.1552     4.6234     0.0840     0.0840     0.0563     0.0188      27166    18.8648     100.00     2.1597     1.9065         14 0.0000e+00
    753.543   79.85764  140.06655    763.000     0.0992     0.0996  29.342810  29.341410    34.8340    34.8317    297.248    293.661    -0.1398     4.6257     0.0836     0.0836     0.0544     0.0194      27191    18.8817     100.00     2.1589     1.9099         15 0.0000e+00
    754.529   79.85764  140.06654    764.000     0.0943     0.0934  29.338624  29.336142    34.8335    34.8313    297.279    293.868    -0.1633     4.6251     0.0846     0.0846     0.0549     0.0185      27216    18.8990     100.00     2.1586     1.9104         17 0.0000e+00
    755.515   79.85764  140.06653    765.000     0.0862     0.0857  29.331836  29.329676    34.8331    34.8309    297.316    294.213    -0.1365     4.6254     0.0840     0.0840     0.0547     0.0195      27241    18.9170     100.00     2.1582     1.9115         16 0.0000e+00
    756.500   79.85765  140.06652    766.000     0.0737     0.0734  29.320873  29.318898    34.8323    34.8300    297.260    295.285    -0.1324     4.6263     0.0833     0.0833     0.0539     0.0197      27267    18.9350     100.00     2.1571     1.9159         15 0.0000e+00
    757.487   79.85766  140.06652    767.000     0.0682     0.0670  29.317047  29.313833    34.8329    34.8299    297.325    294.543    -0.1571     4.6263     0.0858     0.0858     0.0539     0.0187      27292    18.9519     100.00     2.1569     1.9120         15 0.0000e+00
    758.473   79.85766  140.06651    768.000     0.0775     0.0776  29.325471  29.323973    34.8328    34.8307    297.240    295.016    -0.1268     4.6261     0.0823     0.0823     0.0540     0.0199      27316    18.9684     100.00     2.1567     1.9145         12 0.0000e+00
    759.458   79.85766  140.06650    769.000     0.0779     0.0773  29.326284  29.323951    34.8329    34.8305    297.329    294.967    -0.1465     4.6265     0.0832     0.0832     0.0537     0.0191      27339    18.9849     100.00     2.1570     1.9140         13 0.0000e+00
    760.444   79.85766  140.06649    770.000     0.0708     0.0690  29.320383  29.316982    34.8325    34.8301    297.523    293.950    -0.1542     4.6264     0.0843     0.0843     0.0538     0.0188      27364    19.0019     100.00     2.1575     1.9087         14 0.0000e+00
    761.430   79.85766  140.06648    771.000     0.0662     0.0662  29.317023  29.315219    34.8328    34.8304    297.612    295.163    -0.1339     4.6265     0.0835     0.0835     0.0537     0.0196      27389    19.0194     100.00     2.1575     1.9141         13 0.0000e+00
    762.416   79.85766  140.06647    772.000     0.0673     0.0675  29.318500  29.316809    34.8328    34.8305    297.510    294.790    -0.1365     4.6268     0.0840     0.0840     0.0534     0.0195      27415    19.0372     100.00     2.1568     1.9122         14 0.0000e+00
    763.401   79.85766  140.06646    773.000     0.0690     0.0692  29.320421  29.318739    34.8328    34.8305    297.484    293.515    -0.1344     4.6256     0.0846     0.0846     0.0544     0.0196      27439    19.0544     100.00     2.1565     1.9061         14 0.0000e+00
    764.387   79.85766  140.06646    774.000     0.0701     0.0701  29.322030  29.320151    34.8331    34.8307    297.556    294.469    -0.1575     4.6261     0.0845     0.0845     0.0540     0.0187      27464    19.0714     100.00     2.1568     1.9104         19 0.0000e+00
    765.373   79.85766  140.06644    775.000     0.0708     0.0706  29.323017  29.321151    34.8331    34.8309    297.682    293.711    -0.1697     4.6263     0.0845     0.0845     0.0539     0.0182      27488    19.0880     100.00     2.1573     1.9067         13 0.0000e+00
    766.359   79.85766  140.06644    776.000     0.0721     0.0720  29.324996  29.323133    34.8336    34.8313    297.809    294.037    -0.1306     4.6261     0.0854     0.0854     0.0541     0.0198      27513    19.1055     100.00     2.1579     1.9081         14 0.0000e+00
    767.344   79.85766  140.06642    777.000     0.0652     0.0651  29.319500  29.317526    34.8337    34.8312    297.824    293.972    -0.1674     4.6257     0.0845     0.0845     0.0544     0.0183      27538    19.1227     100.00     2.1574     1.9074         15 0.0000e+00
    768.330   79.85766  140.06642    778.000     0.0622     0.0613  29.317308  29.314792    34.8336    34.8313    297.669    294.316    -0.1410     4.6263     0.0845     0.0845     0.0539     0.0193      27563    19.1402     100.00     2.1561     1.9087         16 0.0000e+00
    769.316   79.85766  140.06640    779.000     0.0585     0.0585  29.314674  29.312847    34.8337    34.8313    297.613    294.271    -0.1677     4.6253     0.0823     0.0823     0.0547     0.0183      27589    19.1580     100.00     2.1554     1.9081         19 0.0000e+00
    770.301   79.85768  140.06640    780.000     0.0577     0.0575  29.314182  29.312294    34.8334    34.8311    297.603    294.898    -0.1704     4.6263     0.0841     0.0841     0.0539     0.0182      27614    19.1754     100.00     2.1551     1.9109         18 0.0000e+00
    771.287   79.85768  140.06638    781.000     0.0550     0.0549  29.312251  29.310380    34.8333    34.8310    297.674    294.252    -0.1456     4.6263     0.0827     0.0827     0.0539     0.0192      27639    19.1927     100.00     2.1551     1.9075         17 0.0000e+00
    772.273   79.85768  140.06638    782.000     0.0520     0.0518  29.310025  29.308222    34.8332    34.8310    297.728    294.552    -0.1330     4.6263     0.0823     0.0823     0.0539     0.0197      27663    19.2094     100.00     2.1551     1.9087         14 0.0000e+00
    773.258   79.85768  140.06636    783.000     0.0507     0.0500  29.309513  29.307259    34.8334    34.8312    297.703    294.084    -0.1367     4.6264     0.0837     0.0837     0.0538     0.0195      27687    19.2262     100.00     2.1547     1.9062         16 0.0000e+00
    774.244   79.85768  140.06636    784.000     0.0501     0.0500  29.309574  29.307765    34.8336    34.8313    297.798    294.122    -0.1366     4.6273     0.0851     0.0851     0.0530     0.0195      27712    19.2436     100.00     2.1549     1.9062         17 0.0000e+00
    775.230   79.85768  140.06635    785.000     0.0514     0.0513  29.311576  29.309753    34.8341    34.8319    297.831    294.448    -0.1650     4.6267     0.0851     0.0851     0.0535     0.0184      27738    19.2616     100.00     2.1550     1.9076         18 0.0000e+00
    776.215   79.85768  140.06634    786.000     0.0496     0.0496  29.310733  29.308896    34.8345    34.8321    297.912    294.418    -0.1342     4.6264     0.0854     0.0854     0.0538     0.0196      27763    19.2789     100.00     2.1551     1.9072         18 0.0000e+00
    777.201   79.85768  140.06633    787.000     0.0432     0.0427  29.305362  29.303214    34.8340    34.8318    297.950    294.391    -0.1567     4.6264     0.0846     0.0846     0.0538     0.0187      27787    19.2956     100.00     2.1548     1.9066         15 0.0000e+00
    778.187   79.85768  140.06632    788.000     0.0332     0.0334  29.296986  29.295431    34.8338    34.8315    297.964    294.376    -0.1348     4.6274     0.0854     0.0854     0.0529     0.0196      27811    19.3126     100.00     2.1542     1.9060         16 0.0000e+00
    779.173   79.85768  140.06631    789.000     0.0196     0.0201  29.285389  29.284024    34.8332    34.8309    298.000    294.271    -0.1423     4.6264     0.0831     0.0831     0.0538     0.0193      27836    19.3298     100.00     2.1535     1.9047         16 0.0000e+00
    780.158   79.85768  140.06630    790.000     0.0147     0.0144  29.281256  29.279371    34.8328    34.8306    298.031    294.467    -0.1674     4.6261     0.0854     0.0854     0.0541     0.0183      27861    19.3470     100.00     2.1532     1.9053         14 0.0000e+00
    781.144   79.85768  140.06630    791.000     0.0067     0.0070  29.274651  29.273144    34.8325    34.8301    298.056    295.171    -0.1455     4.6262     0.0857     0.0857     0.0540     0.0192      27885    19.3642     100.00     2.1527     1.9081         15 0.0000e+00
    782.130   79.85768  140.06629    792.000     0.0041     0.0043  29.272663  29.271120    34.8322    34.8299    297.985    295.156    -0.1322     4.6267     0.0839     0.0839     0.0536     0.0197      27910    19.3813     100.00     2.1520     1.9077         14 0.0000e+00
    783.115   79.85769  140.06628    793.000     0.0036     0.0034  29.272590  29.270674    34.8321    34.8298    298.028    294.425    -0.1607     4.6263     0.0833     0.0833     0.0538     0.0186      27935    19.3986     100.00     2.1520     1.9040         17 0.0000e+00
    784.101   79.85770  140.06627    794.000     0.0011     0.0001  29.270614  29.268067    34.8317    34.8295    298.024    294.740    -0.1670     4.6266     0.0840     0.0840     0.0536     0.0183      27960    19.4160     100.00     2.1516     1.9052         16 0.0000e+00
    785.087   79.85770  140.06626    795.000    -0.0059    -0.0067  29.264982  29.262533    34.8317    34.8293    298.138    294.150    -0.1689     4.6273     0.0840     0.0840     0.0530     0.0182      27986    19.4337     100.00     2.1517     1.9020         16 0.0000e+00
    786.072   79.85770  140.06626    796.000    -0.0126    -0.0128  29.259396  29.257489    34.8312    34.8290    298.233    294.429    -0.1670     4.6269     0.0831     0.0831     0.0533     0.0183      28011    19.4514     100.00     2.1516     1.9029         14 0.0000e+00
    787.058   79.85770  140.06625    797.000    -0.0206    -0.0206  29.252758  29.251027    34.8309    34.8287    298.438    294.829    -0.1588     4.6271     0.0835     0.0835     0.0531     0.0186      28036    19.4690     100.00     2.1522     1.9042         15 0.0000e+00
    788.044   79.85770  140.06624    798.000    -0.0195    -0.0198  29.254241  29.252090    34.8310    34.8286    298.318    294.186    -0.1492     4.6270     0.0847     0.0847     0.0532     0.0190      28062    19.4866     100.00     2.1513     1.9010         17 0.0000e+00
    789.029   79.85770  140.06623    799.000    -0.0202    -0.0213  29.253840  29.251211    34.8308    34.8286    298.144    294.067    -0.1634     4.6277     0.0844     0.0844     0.0526     0.0184      28086    19.5037     100.00     2.1501     1.9002         14 0.0000e+00
    790.015   79.85770  140.06622    800.000    -0.0216    -0.0215  29.252851  29.251129    34.8305    34.8280    298.108    294.528    -0.1490     4.6276     0.0844     0.0844     0.0527     0.0190      28112    19.5218     100.00     2.1496     1.9022         14 0.0000e+00
    791.001   79.85770  140.06622    801.000    -0.0313    -0.0314  29.244930  29.243110    34.8304    34.8281    298.190    295.017    -0.1630     4.6275     0.0842     0.0842     0.0528     0.0185      28139    19.5400     100.00     2.1494     1.9039         14 0.0000e+00
    791.986   79.85770  140.06620    802.000    -0.0338    -0.0338  29.243165  29.241346    34.8303    34.8280    298.141    296.121    -0.1650     4.6281     0.0873     0.0873     0.0523     0.0184      28164    19.5576     100.00     2.1488     1.9088         14 0.0000e+00
    792.972   79.85770  140.06620    803.000    -0.0359    -0.0359  29.241732  29.239923    34.8302    34.8278    298.171    295.183    -0.1371     4.6274     0.0846     0.0846     0.0528     0.0195      28188    19.5746     100.00     2.1486     1.9042         14 0.0000e+00
    793.958   79.85770  140.06618    804.000    -0.0375    -0.0375  29.240672  29.238956    34.8301    34.8278    298.164    294.910    -0.1341     4.6276     0.0846     0.0846     0.0527     0.0196      28213    19.5918     100.00     2.1483     1.9026         12 0.0000e+00
    794.943   79.85770  140.06618    805.000    -0.0385    -0.0385  29.240219  29.238415    34.8299    34.8276    298.211    295.162    -0.1293     4.6275     0.0842     0.0842     0.0528     0.0198      28238    19.6090     100.00     2.1483     1.9036         13 0.0000e+00
    795.929   79.85772  140.06618    806.000    -0.0386    -0.0387  29.240532  29.238744    34.8299    34.8277    298.361    295.125    -0.1407     4.6274     0.0835     0.0835     0.0529     0.0194      28263    19.6262     100.00     2.1489     1.9032         14 0.0000e+00
    796.914   79.85772  140.06616    807.000    -0.0394    -0.0395  29.240174  29.238432    34.8298    34.8276    298.458    294.837    -0.1539     4.6274     0.0832     0.0832     0.0529     0.0188      28288    19.6437     100.00     2.1492     1.9017         14 0.0000e+00
    797.899   79.85772  140.06615    808.000    -0.0407    -0.0408  29.239548  29.237760    34.8299    34.8276    298.422    294.757    -0.1330     4.6282     0.0830     0.0830     0.0522     0.0197      28313    19.6614     100.00     2.1487     1.9010         12 0.0000e+00
    798.885   79.85772  140.06614    809.000    -0.0411    -0.0412  29.239597  29.237742    34.8298    34.8275    298.342    294.601    -0.1306     4.6276     0.0838     0.0838     0.0527     0.0198      28339    19.6793     100.00     2.1480     1.9001         15 0.0000e+00
    799.871   79.85772  140.06614    810.000    -0.0410    -0.0412  29.240039  29.238151    34.8297    34.8274    298.247    294.936    -0.1309     4.6274     0.0846     0.0846     0.0529     0.0197      28364    19.6965     100.00     2.1473     1.9015         16 0.0000e+00
    800.857   79.85772  140.06613    811.000    -0.0413    -0.0414  29.240194  29.238451    34.8296    34.8275    298.232    294.829    -0.1346     4.6276     0.0856     0.0856     0.0527     0.0196      28388    19.7133     100.00     2.1470     1.9008         16 0.0000e+00
    801.842   79.85772  140.06612    812.000    -0.0422    -0.0423  29.239993  29.238261    34.8298    34.8276    298.333    294.576    -0.1613     4.6277     0.0844     0.0844     0.0526     0.0185      28414    19.7310     100.00     2.1472     1.8994         16 0.0000e+00
    802.828   79.85772  140.06611    813.000    -0.0441    -0.0440  29.238706  29.237168    34.8297    34.8275    298.364    296.008    -0.1435     4.6278     0.0843     0.0843     0.0526     0.0192      28441    19.7501     100.00     2.1471     1.9059         15 0.0000e+00
    803.813   79.85772  140.06610    814.000    -0.0452    -0.0451  29.238348  29.236693    34.8299    34.8276    298.304    294.424    -0.1586     4.6266     0.0831     0.0831     0.0536     0.0186      28467    19.7681     100.00     2.1465     1.8982         13 0.0000e+00
