Continuous CTD Data/01_SBE Stage/nabos_19_01avg.cnv
* Sea-Bird SBE 9 Data File:
* FileName = D:\CTD\data\HLY2502\raw\NABOS_19_01.hex
* Software Version Seasave V 7.26.7.110
* Temperature SN = 6954
* Conductivity SN = 2561
* Number of Bytes Per Scan = 37
* Number of Voltage Words = 4
* Number of Scans Averaged by the Deck Unit = 1
* NMEA Latitude = 78 13.65 N
* NMEA Longitude = 176 14.99 E
* NMEA UTC (Time) = Sep 17 2025  23:54:54
* NMEA baud rate = 9600
** Ship: USCG HEALY
** Bot. Depth:  1815
** Cast Number:  01
** Station Name:  NABOS
** Station Number:  19
** Operator:  STARC
# nquan = 25
# nvalues = 1215                        
# units = specified
# name 0 = depSM: Depth [salt water, m]
# name 1 = latitude: Latitude [deg]
# name 2 = longitude: Longitude [deg]
# name 3 = prDM: Pressure, Digiquartz [db]
# name 4 = t090C: Temperature [ITS-90, deg C]
# name 5 = t190C: Temperature, 2 [ITS-90, deg C]
# name 6 = c0mS/cm: Conductivity [mS/cm]
# name 7 = c1mS/cm: Conductivity, 2 [mS/cm]
# name 8 = sal00: Salinity, Practical [PSU]
# name 9 = sal11: Salinity, Practical, 2 [PSU]
# name 10 = sbox0Mm/Kg: Oxygen, SBE 43 [umol/kg]
# name 11 = sbox1Mm/Kg: Oxygen, SBE 43, 2 [umol/kg]
# name 12 = flECO-AFL: Fluorescence, WET Labs ECO-AFL/FL [mg/m^3]
# name 13 = v2: Voltage 2
# name 14 = wetCDOM: Fluorescence, WET Labs CDOM [mg/m^3]
# name 15 = v6: Voltage 6
# name 16 = CStarAt0: Beam Attenuation, WET Labs C-Star [1/m]
# name 17 = v3: Voltage 3
# name 18 = scan: Scan Count
# name 19 = timeM: Time, Elapsed [minutes]
# name 20 = altM: Altimeter [m]
# name 21 = sbeox0V: Oxygen raw, SBE 43 [V]
# name 22 = sbeox1V: Oxygen raw, SBE 43, 2 [V]
# name 23 = nbin: number of scans per bin
# name 24 = flag: flag
# span 0 =      3.958,   1201.667       
# span 1 =   78.22801,   78.23495       
# span 2 =  176.24638,  176.24943       
# span 3 =      4.000,   1218.000       
# span 4 =    -1.7473,     0.9364       
# span 5 =    -1.7467,     0.9363       
# span 6 =  24.567395,  29.800984       
# span 7 =  24.566288,  29.799237       
# span 8 =    30.7459,    34.8718       
# span 9 =    30.7436,    34.8698       
# span 10 =    291.389,    371.925      
# span 11 =    287.070,    369.306      
# span 12 =    -0.1841,     0.4432      
# span 13 =     4.5879,     4.6720      
# span 14 =     0.0800,     0.1132      
# span 15 =     0.0800,     0.1132      
# span 16 =     0.0146,     0.0872      
# span 17 =     0.0176,     0.0427      
# span 18 =       3522,      53057      
# span 19 =     2.4454,    36.8441      
# span 20 =     100.00,     100.00      
# span 21 =     2.0164,     2.6102      
# span 22 =     1.7866,     2.2942      
# span 23 =          2,         26      
# span 24 = 0.0000e+00, 0.0000e+00      
# interval = decibars: 1                
# start_time = Sep 17 2025 23:54:54 [NMEA time, header]
# bad_flag = -9.990e-29
*END*
[from data line 116]
    118.703   78.22884  176.24892    120.000    -0.9017    -0.9009  27.827359  27.826365    34.3294    34.3271    307.792    303.209    -0.1309     4.6608     0.0888     0.0888     0.0241     0.0197       9505     6.6002     100.00     2.3088     2.0306         16 0.0000e+00
    119.692   78.22884  176.24892    121.000    -0.8895    -0.8892  27.841754  27.840198    34.3345    34.3320    307.698    302.782    -0.1330     4.6606     0.0880     0.0880     0.0243     0.0197       9533     6.6195     100.00     2.3087     2.0289         17 0.0000e+00
    120.681   78.22885  176.24892    122.000    -0.8898    -0.8894  27.844079  27.842610    34.3373    34.3349    307.675    302.611    -0.1322     4.6612     0.0889     0.0889     0.0238     0.0197       9560     6.6382     100.00     2.3083     2.0279         21 0.0000e+00
    121.670   78.22886  176.24891    123.000    -0.8765    -0.8758  27.860591  27.859404    34.3440    34.3416    307.603    302.759    -0.1305     4.6612     0.0891     0.0891     0.0238     0.0198       9585     6.6558     100.00     2.3085     2.0291         15 0.0000e+00
    122.659   78.22886  176.24890    124.000    -0.8626    -0.8621  27.876880  27.875488    34.3497    34.3473    307.468    302.553    -0.1301     4.6614     0.0900     0.0900     0.0236     0.0198       9610     6.6731     100.00     2.3083     2.0286         14 0.0000e+00
    123.647   78.22886  176.24890    125.000    -0.8508    -0.8503  27.891339  27.890074    34.3553    34.3530    307.345    302.365    -0.1258     4.6615     0.0892     0.0892     0.0235     0.0200       9636     6.6908     100.00     2.3080     2.0280         17 0.0000e+00
    124.636   78.22886  176.24890    126.000    -0.8298    -0.8286  27.914376  27.913584    34.3620    34.3595    306.981    302.116    -0.1310     4.6603     0.0888     0.0888     0.0246     0.0197       9661     6.7081     100.00     2.3068     2.0276         16 0.0000e+00
    125.625   78.22888  176.24890    127.000    -0.8136    -0.8130  27.931116  27.929837    34.3656    34.3632    306.810    302.165    -0.1318     4.6613     0.0898     0.0898     0.0237     0.0197       9686     6.7256     100.00     2.3065     2.0285         13 0.0000e+00
    126.614   78.22888  176.24890    128.000    -0.8102    -0.8099  27.938497  27.936968    34.3711    34.3688    306.923    301.722    -0.1300     4.6611     0.0893     0.0893     0.0239     0.0198       9711     6.7432     100.00     2.3072     2.0262         14 0.0000e+00
    127.603   78.22888  176.24890    129.000    -0.7968    -0.7959  27.953261  27.952410    34.3753    34.3731    307.029    302.275    -0.1342     4.6607     0.0902     0.0902     0.0242     0.0196       9735     6.7601     100.00     2.3084     2.0295         12 0.0000e+00
    128.592   78.22888  176.24890    130.000    -0.7656    -0.7649  27.984110  27.982917    34.3810    34.3785    306.895    302.472    -0.1297     4.6612     0.0888     0.0888     0.0238     0.0198       9761     6.7781     100.00     2.3092     2.0317         17 0.0000e+00
    129.581   78.22888  176.24890    131.000    -0.7525    -0.7519  27.998626  27.997215    34.3852    34.3825    306.828    302.006    -0.1192     4.6614     0.0868     0.0868     0.0236     0.0202       9786     6.7953     100.00     2.3093     2.0298         12 0.0000e+00
    130.569   78.22888  176.24890    132.000    -0.7294    -0.7287  28.022610  28.021522    34.3907    34.3884    306.505    301.655    -0.1298     4.6609     0.0878     0.0878     0.0241     0.0198       9811     6.8128     100.00     2.3084     2.0290         15 0.0000e+00
    131.558   78.22890  176.24888    133.000    -0.7104    -0.7099  28.043409  28.042112    34.3966    34.3942    306.335    301.182    -0.1319     4.6613     0.0879     0.0879     0.0238     0.0197       9836     6.8301     100.00     2.3083     2.0273         13 0.0000e+00
    132.547   78.22890  176.24888    134.000    -0.7162    -0.7142  28.042048  28.041810    34.4006    34.3981    306.385    301.396    -0.1755     4.6615     0.0879     0.0879     0.0235     0.0180       9862     6.8477     100.00     2.3081     2.0280         13 0.0000e+00
    133.536   78.22890  176.24888    135.000    -0.6969    -0.6963  28.061934  28.060756    34.4050    34.4027    306.271    301.654    -0.1271     4.6615     0.0879     0.0879     0.0235     0.0199       9886     6.8649     100.00     2.3083     2.0300         13 0.0000e+00
    134.525   78.22890  176.24888    136.000    -0.6641    -0.6631  28.094528  28.093408    34.4111    34.4085    306.123    302.126    -0.1327     4.6613     0.0879     0.0879     0.0237     0.0197       9912     6.8823     100.00     2.3091     2.0337         16 0.0000e+00
    135.514   78.22890  176.24888    137.000    -0.6432    -0.6419  28.117223  28.116496    34.4174    34.4150    306.075    301.806    -0.1323     4.6616     0.0886     0.0886     0.0235     0.0197       9935     6.8986     100.00     2.3097     2.0330         14 0.0000e+00
    136.503   78.22891  176.24888    138.000    -0.6289    -0.6281  28.132824  28.131562    34.4216    34.4190    305.985    301.049    -0.1325     4.6609     0.0883     0.0883     0.0240     0.0197       9958     6.9144     100.00     2.3098     2.0297         15 0.0000e+00
    137.491   78.22892  176.24888    139.000    -0.6169    -0.6165  28.147639  28.146140    34.4272    34.4248    305.958    300.733    -0.1312     4.6614     0.0868     0.0868     0.0236     0.0197       9981     6.9303     100.00     2.3101     2.0284         17 0.0000e+00
    138.480   78.22892  176.24888    140.000    -0.6153    -0.6149  28.150604  28.149097    34.4289    34.4264    306.187    301.593    -0.1346     4.6616     0.0867     0.0867     0.0235     0.0196      10003     6.9460     100.00     2.3113     2.0326         15 0.0000e+00
    139.469   78.22892  176.24888    141.000    -0.6058    -0.6053  28.162770  28.161331    34.4339    34.4314    306.104    301.003    -0.1311     4.6585     0.0887     0.0887     0.0261     0.0197      10025     6.9614     100.00     2.3112     2.0300         11 0.0000e+00
    140.458   78.22892  176.24888    142.000    -0.5926    -0.5918  28.177812  28.176510    34.4385    34.4358    305.838    300.119    -0.1319     4.6558     0.0891     0.0891     0.0284     0.0197      10048     6.9772     100.00     2.3102     2.0260         13 0.0000e+00
    141.447   78.22892  176.24888    143.000    -0.5767    -0.5749  28.194629  28.194268    34.4425    34.4399    305.522    300.745    -0.1343     4.6621     0.0881     0.0881     0.0231     0.0196      10071     6.9933     100.00     2.3090     2.0298         13 0.0000e+00
    142.435   78.22892  176.24886    144.000    -0.5410    -0.5395  28.229159  28.228639    34.4479    34.4453    305.174    300.653    -0.1301     4.6624     0.0871     0.0871     0.0228     0.0198      10094     7.0091     100.00     2.3087     2.0307         14 0.0000e+00
    143.424   78.22893  176.24886    145.000    -0.5135    -0.5130  28.255402  28.253929    34.4513    34.4488    305.024    300.213    -0.1260     4.6620     0.0877     0.0877     0.0231     0.0200      10117     7.0247     100.00     2.3091     2.0296         14 0.0000e+00
    144.413   78.22894  176.24886    146.000    -0.5010    -0.5000  28.269823  28.268869    34.4559    34.4535    304.960    300.174    -0.1426     4.6621     0.0867     0.0867     0.0230     0.0193      10139     7.0405     100.00     2.3092     2.0298         14 0.0000e+00
    145.402   78.22894  176.24886    147.000    -0.4803    -0.4781  28.291526  28.291664    34.4609    34.4586    304.773    299.963    -0.1573     4.6625     0.0867     0.0867     0.0226     0.0187      10162     7.0563     100.00     2.3090     2.0296         12 0.0000e+00
    146.390   78.22894  176.24886    148.000    -0.4496    -0.4483  28.320623  28.319960    34.4646    34.4622    304.500    299.805    -0.1277     4.6596     0.0874     0.0874     0.0251     0.0199      10185     7.0722     100.00     2.3088     2.0299         15 0.0000e+00
    147.379   78.22894  176.24886    149.000    -0.4103    -0.4084  28.359778  28.359616    34.4719    34.4696    304.308    298.984    -0.1351     4.6622     0.0879     0.0879     0.0230     0.0196      10208     7.0880     100.00     2.3096     2.0274         16 0.0000e+00
    148.368   78.22894  176.24886    150.000    -0.3960    -0.3949  28.375433  28.374399    34.4761    34.4735    304.293    299.029    -0.1349     4.6627     0.0876     0.0876     0.0224     0.0196      10230     7.1037     100.00     2.3101     2.0281         18 0.0000e+00
    149.357   78.22895  176.24886    151.000    -0.3693    -0.3687  28.403085  28.401619    34.4823    34.4797    304.123    298.990    -0.1297     4.6625     0.0866     0.0866     0.0227     0.0198      10253     7.1193     100.00     2.3104     2.0290         14 0.0000e+00
    150.345   78.22896  176.24886    152.000    -0.3527    -0.3527  28.420250  28.418413    34.4858    34.4833    304.092    298.769    -0.1369     4.6627     0.0880     0.0880     0.0225     0.0195      10276     7.1351     100.00     2.3109     2.0284         16 0.0000e+00
    151.334   78.22896  176.24886    153.000    -0.3375    -0.3350  28.437152  28.437490    34.4906    34.4882    304.214    298.238    -0.1253     4.6629     0.0879     0.0879     0.0223     0.0200      10299     7.1510     100.00     2.3123     2.0264         17 0.0000e+00
    152.323   78.22896  176.24885    154.000    -0.2932    -0.2929  28.480747  28.479055    34.4981    34.4955    303.857    299.065    -0.1330     4.6612     0.0870     0.0870     0.0238     0.0197      10320     7.1662     100.00     2.3124     2.0323         10 0.0000e+00
    153.312   78.22896  176.24884    155.000    -0.2838    -0.2824  28.491549  28.490713    34.5013    34.4985    303.872    298.948    -0.1330     4.6619     0.0867     0.0867     0.0232     0.0197      10344     7.1825     100.00     2.3128     2.0320         17 0.0000e+00
    154.301   78.22896  176.24884    156.000    -0.2474    -0.2449  28.528047  28.528222    34.5082    34.5056    303.549    298.337    -0.1364     4.6629     0.0869     0.0869     0.0222     0.0195      10366     7.1980     100.00     2.3127     2.0305         14 0.0000e+00
    155.289   78.22896  176.24884    157.000    -0.2149    -0.2151  28.559858  28.557858    34.5133    34.5108    303.374    298.867    -0.1322     4.6631     0.0879     0.0879     0.0221     0.0197      10389     7.2139     100.00     2.3132     2.0344         14 0.0000e+00
    156.278   78.22898  176.24884    158.000    -0.2020    -0.1982  28.575598  28.576755    34.5190    34.5163    303.536    298.393    -0.1348     4.6636     0.0879     0.0879     0.0217     0.0196      10412     7.2298     100.00     2.3147     2.0326         17 0.0000e+00
    157.267   78.22898  176.24884    159.000    -0.1605    -0.1599  28.615679  28.614270    34.5249    34.5224    303.319    298.567    -0.1327     4.6627     0.0861     0.0861     0.0225     0.0197      10435     7.2455     100.00     2.3154     2.0351         15 0.0000e+00
    158.255   78.22898  176.24884    160.000    -0.1542    -0.1534  28.623139  28.622257    34.5272    34.5250    303.515    299.125    -0.1503     4.6629     0.0847     0.0847     0.0223     0.0190      10457     7.2613     100.00     2.3168     2.0380         16 0.0000e+00
    159.244   78.22898  176.24884    161.000    -0.1185    -0.1177  28.660256  28.658895    34.5356    34.5329    303.322    298.599    -0.1549     4.6632     0.0852     0.0852     0.0221     0.0188      10480     7.2772     100.00     2.3174     2.0368         15 0.0000e+00
    160.233   78.22898  176.24884    162.000    -0.1027    -0.1020  28.677508  28.676011    34.5400    34.5372    303.363    298.374    -0.1333     4.6631     0.0865     0.0865     0.0221     0.0196      10502     7.2922     100.00     2.3183     2.0362         10 0.0000e+00
    161.221   78.22898  176.24884    163.000    -0.0704    -0.0704  28.708924  28.707123    34.5447    34.5423    303.149    298.679    -0.1449     4.6630     0.0854     0.0854     0.0222     0.0192      10525     7.3087     100.00     2.3186     2.0390         16 0.0000e+00
    162.210   78.22900  176.24884    164.000    -0.0718    -0.0713  28.708655  28.707227    34.5453    34.5428    303.153    298.250    -0.1515     4.6630     0.0866     0.0866     0.0222     0.0189      10547     7.3238     100.00     2.3183     2.0366         12 0.0000e+00
    163.199   78.22900  176.24884    165.000    -0.0431    -0.0394  28.740010  28.741582    34.5539    34.5518    302.800    297.594    -0.1292     4.6630     0.0867     0.0867     0.0222     0.0198      10570     7.3398     100.00     2.3176     2.0346         12 0.0000e+00
    164.188   78.22900  176.24883    166.000    -0.0228    -0.0229  28.760032  28.758377    34.5570    34.5549    302.666    298.091    -0.1343     4.6633     0.0860     0.0860     0.0219     0.0196      10593     7.3556     100.00     2.3177     2.0377         14 0.0000e+00
    165.176   78.22900  176.24882    167.000     0.0103     0.0116  28.795069  28.794011    34.5654    34.5626    302.423    297.911    -0.1299     4.6626     0.0855     0.0855     0.0226     0.0198      10616     7.3714     100.00     2.3179     2.0382         13 0.0000e+00
    166.165   78.22900  176.24882    168.000     0.0248     0.0249  28.809438  28.807795    34.5676    34.5652    302.437    297.482    -0.1542     4.6634     0.0855     0.0855     0.0219     0.0188      10638     7.3871     100.00     2.3185     2.0364         13 0.0000e+00
    167.153   78.22900  176.24882    169.000     0.0422     0.0427  28.830064  28.828267    34.5746    34.5716    302.326    297.228    -0.1508     4.6642     0.0856     0.0856     0.0212     0.0189      10662     7.4038     100.00     2.3186     2.0358         13 0.0000e+00
    168.142   78.22901  176.24882    170.000     0.0809     0.0836  28.870593  28.870697    34.5840    34.5810    301.909    297.129    -0.1351     4.6641     0.0867     0.0867     0.0213     0.0196      10687     7.4210     100.00     2.3181     2.0370         14 0.0000e+00
    169.131   78.22902  176.24882    171.000     0.1088     0.1093  28.898562  28.897027    34.5889    34.5863    301.650    296.658    -0.1343     4.6642     0.0856     0.0856     0.0212     0.0196      10713     7.4387     100.00     2.3178     2.0356         13 0.0000e+00
    170.119   78.22902  176.24882    172.000     0.1120     0.1127  28.902734  28.901436    34.5902    34.5877    301.737    297.276    -0.1625     4.6642     0.0865     0.0865     0.0212     0.0185      10738     7.4564     100.00     2.3183     2.0387         12 0.0000e+00
    171.108   78.22902  176.24882    173.000     0.1447     0.1440  28.938080  28.935364    34.5994    34.5966    301.347    296.197    -0.1820     4.6646     0.0857     0.0857     0.0208     0.0177      10764     7.4744     100.00     2.3175     2.0345         18 0.0000e+00
    172.097   78.22902  176.24882    174.000     0.1549     0.1553  28.948909  28.947304    34.6017    34.5991    301.286    296.570    -0.1553     4.6649     0.0855     0.0855     0.0205     0.0188      10789     7.4919     100.00     2.3175     2.0367         13 0.0000e+00
    173.085   78.22902  176.24882    175.000     0.1547     0.1549  28.949690  28.947983    34.6022    34.5998    301.237    297.002    -0.1332     4.6644     0.0855     0.0855     0.0210     0.0196      10815     7.5095     100.00     2.3170     2.0387         12 0.0000e+00
    174.074   78.22902  176.24882    176.000     0.1545     0.1545  28.950279  28.948478    34.6027    34.6003    301.216    296.680    -0.1341     4.6645     0.0845     0.0845     0.0209     0.0196      10840     7.5271     100.00     2.3166     2.0369         12 0.0000e+00
