Continuous CTD Data/01_SBE Stage/nabos_34_01.ros
* Sea-Bird SBE 9 Data File:
* FileName = D:\CTD\data\HLY2502\raw\NABOS_34_01.hex
* Software Version Seasave V 7.26.7.110
* Temperature SN = 6954
* Conductivity SN = 2561
* Number of Bytes Per Scan = 37
* Number of Voltage Words = 4
* Number of Scans Averaged by the Deck Unit = 1
* NMEA Latitude = 79 43.52 N
* NMEA Longitude = 137 55.80 E
* NMEA UTC (Time) = Sep 23 2025  23:29:11
* NMEA baud rate = 9600
** Ship: USCG HEALY
** Bot. Depth:  2758
** Cast Number:  01
** Station Name:  NABOS
** Station Number:  34
** Operator:  STARC
** 2760m target, but 5m off the bottom actual
# nquan = 25
# nvalues = 1176                                  
# units = specified
# name 0 = depSM: Depth [salt water, m]
# name 1 = latitude: Latitude [deg]
# name 2 = longitude: Longitude [deg]
# name 3 = prDM: Pressure, Digiquartz [db]
# name 4 = t090C: Temperature [ITS-90, deg C]
# name 5 = t190C: Temperature, 2 [ITS-90, deg C]
# name 6 = c0mS/cm: Conductivity [mS/cm]
# name 7 = c1mS/cm: Conductivity, 2 [mS/cm]
# name 8 = sal00: Salinity, Practical [PSU]
# name 9 = sal11: Salinity, Practical, 2 [PSU]
# name 10 = sbox0Mm/Kg: Oxygen, SBE 43 [umol/kg]
# name 11 = sbox1Mm/Kg: Oxygen, SBE 43, 2 [umol/kg]
# name 12 = flECO-AFL: Fluorescence, WET Labs ECO-AFL/FL [mg/m^3]
# name 13 = v2: Voltage 2
# name 14 = wetCDOM: Fluorescence, WET Labs CDOM [mg/m^3]
# name 15 = v6: Voltage 6
# name 16 = CStarAt0: Beam Attenuation, WET Labs C-Star [1/m]
# name 17 = v3: Voltage 3
# name 18 = scan: Scan Count
# name 19 = timeM: Time, Elapsed [minutes]
# name 20 = altM: Altimeter [m]
# name 21 = sbeox0V: Oxygen raw, SBE 43 [V]
# name 22 = sbeox1V: Oxygen raw, SBE 43, 2 [V]
# name 23 = nbf: Bottles Fired
# name 24 = flag:  0.000e+00
# interval = seconds: 0.0416667
# start_time = Sep 23 2025 23:29:11 [NMEA time, header]
# bad_flag = -9.990e-29
*END*
[from data line 580]
    130.275   79.73758  137.89622    131.709     0.6098     0.6101  29.299040  29.297945    34.5758    34.5741    300.825    293.724    -0.1366     4.6154     0.0830     0.0830     0.0633     0.0195     186104   129.2382     100.00     2.3488     2.0502         12  0.000e+00
    130.332   79.73758  137.89622    131.767     0.6095     0.6099  29.298978  29.298120    34.5761    34.5745    300.632    294.430    -0.1366     4.6154     0.0830     0.0830     0.0633     0.0195     186105   129.2389     100.00     2.3475     2.0539         12  0.000e+00
    130.332   79.73758  137.89622    131.767     0.6095     0.6103  29.298730  29.298412    34.5758    34.5744    300.632    294.661    -0.1366     4.6154     0.0818     0.0818     0.0633     0.0195     186106   129.2396     100.00     2.3475     2.0551         12  0.000e+00
    130.365   79.73758  137.89622    131.800     0.6096     0.6103  29.298854  29.298062    34.5758    34.5740    300.633    294.663    -0.1061     4.6154     0.0818     0.0818     0.0633     0.0208     186107   129.2403     100.00     2.3475     2.0551         12  0.000e+00
    130.332   79.73758  137.89622    131.767     0.6097     0.6106  29.298730  29.298120    34.5756    34.5737    300.829    294.660    -0.1061     4.6154     0.0830     0.0830     0.0633     0.0208     186108   129.2410     100.00     2.3488     2.0551         12  0.000e+00
    130.275   79.73758  137.89622    131.709     0.6097     0.6108  29.299040  29.298411    34.5760    34.5740    300.826    293.953    -0.1366     4.6154     0.0830     0.0830     0.0633     0.0195     186109   129.2417     100.00     2.3488     2.0515         12  0.000e+00
    130.390   79.73758  137.89622    131.825     0.6098     0.6109  29.298792  29.298703    34.5754    34.5741    300.633    293.253    -0.1366     4.6154     0.0818     0.0818     0.0633     0.0195     186110   129.2424     100.00     2.3475     2.0478         12  0.000e+00
    130.275   79.73758  137.89622    131.709     0.6098     0.6109  29.299040  29.298994    34.5758    34.5746    300.627    292.544    -0.1061     4.6154     0.0830     0.0830     0.0633     0.0208     186111   129.2431     100.00     2.3475     2.0441         12  0.000e+00
    115.003   79.73770  137.89580    116.264    -0.0402    -0.0429  28.636513  28.632647    34.4429    34.4407    306.174    298.013    -0.0755     4.6117     0.0855     0.0855     0.0665     0.0220     187680   130.3326     100.00     2.3484     2.0450         13  0.000e+00
    115.027   79.73770  137.89580    116.289    -0.0402    -0.0424  28.636574  28.632878    34.4429    34.4405    306.175    298.726    -0.0755     4.6117     0.0842     0.0842     0.0665     0.0220     187681   130.3333     100.00     2.3484     2.0487         13  0.000e+00
    115.003   79.73770  137.89580    116.264    -0.0399    -0.0423  28.636636  28.633166    34.4427    34.4408    306.172    299.678    -0.1061     4.6117     0.0855     0.0855     0.0665     0.0208     187682   130.3340     100.00     2.3484     2.0536         13  0.000e+00
    115.027   79.73770  137.89580    116.289    -0.0396    -0.0416  28.636390  28.633859    34.4420    34.4410    306.172    300.388    -0.0755     4.6117     0.0855     0.0855     0.0665     0.0220     187683   130.3347     100.00     2.3484     2.0572         13  0.000e+00
    115.068   79.73770  137.89580    116.331    -0.0395    -0.0415  28.636697  28.634090    34.4423    34.4411    306.172    301.104    -0.0755     4.6117     0.0842     0.0842     0.0665     0.0220     187684   130.3354     100.00     2.3484     2.0609         13  0.000e+00
    115.003   79.73770  137.89580    116.264    -0.0397    -0.0414  28.636451  28.633859    34.4423    34.4408    306.172    300.863    -0.0755     4.6117     0.0855     0.0855     0.0665     0.0220     187685   130.3361     100.00     2.3484     2.0597         13  0.000e+00
    115.027   79.73770  137.89580    116.289    -0.0396    -0.0413  28.636329  28.634206    34.4419    34.4411    306.172    300.385    -0.1061     4.6117     0.0842     0.0842     0.0665     0.0208     187686   130.3368     100.00     2.3484     2.0572         13  0.000e+00
    115.003   79.73770  137.89580    116.264    -0.0399    -0.0416  28.636329  28.633917    34.4423    34.4410    306.375    300.864    -0.0755     4.6105     0.0842     0.0842     0.0675     0.0220     187687   130.3375     100.00     2.3496     2.0597         13  0.000e+00
    115.027   79.73770  137.89580    116.289    -0.0396    -0.0415  28.636943  28.633802    34.4428    34.4407    306.372    302.057    -0.0755     4.6117     0.0855     0.0855     0.0665     0.0220     187688   130.3382     100.00     2.3496     2.0658         13  0.000e+00
    115.003   79.73770  137.89580    116.264    -0.0399    -0.0417  28.636943  28.633397    34.4431    34.4405    306.171    303.252    -0.0755     4.6129     0.0842     0.0842     0.0654     0.0220     187689   130.3389     100.00     2.3484     2.0719         13  0.000e+00
    115.068   79.73770  137.89580    116.331    -0.0396    -0.0421  28.636636  28.633282    34.4424    34.4407    306.173    303.734    -0.0755     4.6129     0.0855     0.0855     0.0654     0.0220     187690   130.3396     100.00     2.3484     2.0744         13  0.000e+00
    115.027   79.73770  137.89578    116.289    -0.0397    -0.0422  28.636574  28.633282    34.4424    34.4408    306.172    303.018    -0.0755     4.6129     0.0842     0.0842     0.0654     0.0220     187691   130.3403     100.00     2.3484     2.0707         13  0.000e+00
    115.068   79.73770  137.89578    116.331    -0.0397    -0.0427  28.636636  28.632416    34.4425    34.4403    306.375    302.310    -0.0755     4.6129     0.0855     0.0855     0.0654     0.0220     187692   130.3410     100.00     2.3496     2.0670         13  0.000e+00
    115.027   79.73770  137.89578    116.289    -0.0397    -0.0436  28.636820  28.631550    34.4428    34.4401    306.171    301.362    -0.0755     4.6129     0.0842     0.0842     0.0654     0.0220     187693   130.3417     100.00     2.3484     2.0621         13  0.000e+00
    115.003   79.73770  137.89578    116.264    -0.0402    -0.0441  28.636451  28.630741    34.4428    34.4396    306.376    300.412    -0.0755     4.6129     0.0855     0.0855     0.0654     0.0220     187694   130.3424     100.00     2.3496     2.0572         13  0.000e+00
    115.068   79.73770  137.89578    116.331    -0.0405    -0.0447  28.636145  28.630164    34.4427    34.4395    306.381    299.227    -0.0755     4.6129     0.0855     0.0855     0.0654     0.0220     187695   130.3431     100.00     2.3496     2.0511         13  0.000e+00
    115.027   79.73770  137.89578    116.289    -0.0403    -0.0453  28.636267  28.629817    34.4427    34.4398    306.177    298.753    -0.0755     4.6129     0.0842     0.0842     0.0654     0.0220     187696   130.3438     100.00     2.3484     2.0487         13  0.000e+00
    115.068   79.73770  137.89578    116.331    -0.0403    -0.0454  28.636145  28.629933    34.4425    34.4400    306.380    298.516    -0.0755     4.6129     0.0842     0.0842     0.0654     0.0220     187697   130.3444     100.00     2.3496     2.0475         13  0.000e+00
    115.027   79.73770  137.89578    116.289    -0.0407    -0.0455  28.636267  28.629817    34.4431    34.4400    306.179    298.992    -0.1061     4.6129     0.0842     0.0842     0.0654     0.0208     187698   130.3451     100.00     2.3483     2.0499         13  0.000e+00
    115.068   79.73770  137.89578    116.331    -0.0407    -0.0456  28.636329  28.629529    34.4431    34.4396    306.180    300.188    -0.0755     4.6129     0.0842     0.0842     0.0654     0.0220     187699   130.3458     100.00     2.3483     2.0560         13  0.000e+00
    115.068   79.73770  137.89578    116.331    -0.0409    -0.0460  28.635960  28.628836    34.4429    34.4392    306.183    300.909    -0.0755     4.6129     0.0855     0.0855     0.0654     0.0220     187700   130.3465     100.00     2.3483     2.0597         13  0.000e+00
    115.027   79.73770  137.89578    116.289    -0.0407    -0.0467  28.635838  28.628432    34.4425    34.4394    306.381    300.674    -0.0755     4.6129     0.0855     0.0855     0.0654     0.0220     187701   130.3472     100.00     2.3496     2.0585         13  0.000e+00
    115.068   79.73770  137.89578    116.331    -0.0408    -0.0467  28.635838  28.628547    34.4427    34.4396    306.183    299.721    -0.0755     4.6129     0.0842     0.0842     0.0654     0.0220     187702   130.3479     100.00     2.3483     2.0536         13  0.000e+00
    115.027   79.73770  137.89578    116.289    -0.0410    -0.0468  28.636206  28.628432    34.4434    34.4396    306.181    299.243    -0.0755     4.6129     0.0855     0.0855     0.0654     0.0220     187703   130.3486     100.00     2.3483     2.0511         13  0.000e+00
    115.068   79.73770  137.89578    116.331    -0.0411    -0.0468  28.635961  28.628547    34.4431    34.4398    306.184    298.767    -0.1061     4.6129     0.0842     0.0842     0.0654     0.0208     187704   130.3493     100.00     2.3483     2.0487         13  0.000e+00
    115.068   79.73770  137.89578    116.331    -0.0413    -0.0473  28.635838  28.628663    34.4432    34.4404    306.185    299.008    -0.0755     4.6129     0.0842     0.0842     0.0654     0.0220     187705   130.3500     100.00     2.3483     2.0499         13  0.000e+00
    115.027   79.73770  137.89578    116.289    -0.0411    -0.0472  28.635776  28.628432    34.4429    34.4400    306.182    299.245    -0.0755     4.6129     0.0855     0.0855     0.0654     0.0220     187706   130.3507     100.00     2.3483     2.0511         13  0.000e+00
    115.068   79.73770  137.89578    116.331    -0.0413    -0.0468  28.635592  28.628778    34.4428    34.4400    306.186    299.482    -0.1061     4.6129     0.0842     0.0842     0.0654     0.0208     187707   130.3514     100.00     2.3483     2.0524         13  0.000e+00
    115.093   79.73770  137.89578    116.355    -0.0414    -0.0463  28.635347  28.629760    34.4427    34.4407    306.390    299.477    -0.1366     4.6129     0.0855     0.0855     0.0654     0.0195     187708   130.3521     100.00     2.3496     2.0524         13  0.000e+00
    115.068   79.73770  137.89578    116.331    -0.0413    -0.0453  28.635040  28.630799    34.4421    34.4410    306.188    298.989    -0.1061     4.6129     0.0842     0.0842     0.0654     0.0208     187709   130.3528     100.00     2.3483     2.0499         13  0.000e+00
    115.068   79.73770  137.89578    116.331    -0.0410    -0.0444  28.635347  28.631665    34.4422    34.4412    306.386    299.459    -0.1366     4.6129     0.0842     0.0842     0.0654     0.0195     187710   130.3535     100.00     2.3496     2.0524         13  0.000e+00
    115.093   79.73770  137.89578    116.355    -0.0409    -0.0437  28.635347  28.632301    34.4421    34.4412    306.185    300.408    -0.1366     4.6129     0.0855     0.0855     0.0654     0.0195     187711   130.3542     100.00     2.3483     2.0572         13  0.000e+00
    115.068   79.73770  137.89578    116.331    -0.0407    -0.0433  28.635039  28.632647    34.4414    34.4412    306.184    300.880    -0.1366     4.6129     0.0855     0.0855     0.0654     0.0195     187712   130.3549     100.00     2.3483     2.0597         13  0.000e+00
    115.068   79.73770  137.89578    116.331    -0.0410    -0.0429  28.635162  28.632878    34.4420    34.4410    306.185    300.399    -0.1366     4.6129     0.0855     0.0855     0.0654     0.0195     187713   130.3556     100.00     2.3483     2.0572         13  0.000e+00
    115.093   79.73770  137.89578    116.355    -0.0411    -0.0424  28.635285  28.632993    34.4422    34.4406    306.187    299.443    -0.1366     4.6129     0.0855     0.0855     0.0654     0.0195     187714   130.3562     100.00     2.3483     2.0524         13  0.000e+00
    115.068   79.73770  137.89578    116.331    -0.0416    -0.0423  28.635285  28.633340    34.4428    34.4410    306.390    299.440    -0.1366     4.6129     0.0855     0.0855     0.0654     0.0195     187715   130.3569     100.00     2.3496     2.0524         13  0.000e+00
    115.027   79.73770  137.89578    116.289    -0.0412    -0.0422  28.635285  28.633513    34.4424    34.4412    306.386    299.676    -0.1061     4.6129     0.0867     0.0867     0.0654     0.0208     187716   130.3576     100.00     2.3496     2.0536         13  0.000e+00
    115.126   79.73770  137.89578    116.389    -0.0410    -0.0423  28.634426  28.633686    34.4410    34.4414    306.391    299.918    -0.1366     4.6129     0.0855     0.0855     0.0654     0.0195     187717   130.3583     100.00     2.3496     2.0548         13  0.000e+00
    115.068   79.73770  137.89578    116.331    -0.0422    -0.0421  28.633566  28.633802    34.4412    34.4414    306.198    299.676    -0.1061     4.6129     0.0855     0.0855     0.0654     0.0208     187718   130.3590     100.00     2.3483     2.0536         13  0.000e+00
    115.093   79.73770  137.89578    116.355    -0.0436    -0.0418  28.632952  28.633571    34.4420    34.4407    306.411    299.437    -0.1366     4.6129     0.0855     0.0855     0.0654     0.0195     187719   130.3597     100.00     2.3496     2.0524         13  0.000e+00
    115.068   79.73770  137.89578    116.331    -0.0438    -0.0414  28.632645  28.634148    34.4418    34.4411    306.210    299.432    -0.1366     4.6129     0.0867     0.0867     0.0654     0.0195     187720   130.3604     100.00     2.3483     2.0524         13  0.000e+00
    115.093   79.73770  137.89578    116.355    -0.0441    -0.0416  28.632584  28.633917    34.4420    34.4410    306.213    299.912    -0.1061     4.6129     0.0855     0.0855     0.0654     0.0208     187721   130.3611     100.00     2.3483     2.0548         13  0.000e+00
    115.068   79.73770  137.89578    116.331    -0.0442    -0.0413  28.632584  28.634148    34.4421    34.4410    306.415    301.101    -0.1366     4.6129     0.0855     0.0855     0.0654     0.0195     187722   130.3618     100.00     2.3496     2.0609         13  0.000e+00
    115.068   79.73770  137.89578    116.331    -0.0441    -0.0411  28.632584  28.634321    34.4420    34.4410    306.212    301.815    -0.1366     4.6129     0.0855     0.0855     0.0654     0.0195     187723   130.3625     100.00     2.3483     2.0646         13  0.000e+00
    115.093   79.73770  137.89578    116.355    -0.0438    -0.0413  28.632768  28.634379    34.4419    34.4413    306.211    301.817    -0.1366     4.6129     0.0855     0.0855     0.0654     0.0195     187724   130.3632     100.00     2.3483     2.0646         13  0.000e+00
    115.068   79.73770  137.89578    116.331    -0.0444    -0.0410  28.632645  28.634321    34.4424    34.4409    306.214    301.337    -0.1366     4.6129     0.0855     0.0855     0.0654     0.0195     187725   130.3639     100.00     2.3483     2.0621         13  0.000e+00
    115.093   79.73770  137.89578    116.355    -0.0442    -0.0411  28.632768  28.634148    34.4424    34.4408    306.415    300.863    -0.1366     4.6129     0.0855     0.0855     0.0654     0.0195     187726   130.3646     100.00     2.3496     2.0597         13  0.000e+00
    115.126   79.73770  137.89578    116.389    -0.0440    -0.0409  28.633014  28.634437    34.4425    34.4408    306.213    300.384    -0.1366     4.6129     0.0867     0.0867     0.0654     0.0195     187727   130.3653     100.00     2.3483     2.0572         13  0.000e+00
    115.068   79.73770  137.89578    116.331    -0.0438    -0.0407  28.633259  28.634610    34.4426    34.4409    306.410    300.380    -0.1061     4.6129     0.0855     0.0855     0.0654     0.0208     187728   130.3660     100.00     2.3496     2.0572         13  0.000e+00
