Continuous CTD Data/01_SBE Stage/nabos_09_01avg.cnv
* Sea-Bird SBE 9 Data File:
* FileName = D:\CTD\data\HLY2502\raw\NABOS_09_01.hex
* Software Version Seasave V 7.26.7.110
* Temperature SN = 6954
* Conductivity SN = 2561
* Number of Bytes Per Scan = 37
* Number of Voltage Words = 4
* Number of Scans Averaged by the Deck Unit = 1
* NMEA Latitude = 76 19.84 N
* NMEA Longitude = 178 34.73 E
* NMEA UTC (Time) = Sep 15 2025  03:07:08
* NMEA baud rate = 9600
** Ship: USCG HEALY
** Bot. Depth:  1161
** Cast Number:  01
** Station Name:  NABOS
** Station Number:  09
** Operator:  STARC
# nquan = 25
# nvalues = 251                         
# units = specified
# name 0 = depSM: Depth [salt water, m]
# name 1 = latitude: Latitude [deg]
# name 2 = longitude: Longitude [deg]
# name 3 = prDM: Pressure, Digiquartz [db]
# name 4 = t090C: Temperature [ITS-90, deg C]
# name 5 = t190C: Temperature, 2 [ITS-90, deg C]
# name 6 = c0mS/cm: Conductivity [mS/cm]
# name 7 = c1mS/cm: Conductivity, 2 [mS/cm]
# name 8 = sal00: Salinity, Practical [PSU]
# name 9 = sal11: Salinity, Practical, 2 [PSU]
# name 10 = sbox0Mm/Kg: Oxygen, SBE 43 [umol/kg]
# name 11 = sbox1Mm/Kg: Oxygen, SBE 43, 2 [umol/kg]
# name 12 = flECO-AFL: Fluorescence, WET Labs ECO-AFL/FL [mg/m^3]
# name 13 = v2: Voltage 2
# name 14 = wetCDOM: Fluorescence, WET Labs CDOM [mg/m^3]
# name 15 = v6: Voltage 6
# name 16 = CStarAt0: Beam Attenuation, WET Labs C-Star [1/m]
# name 17 = v3: Voltage 3
# name 18 = scan: Scan Count
# name 19 = timeM: Time, Elapsed [minutes]
# name 20 = altM: Altimeter [m]
# name 21 = sbeox0V: Oxygen raw, SBE 43 [V]
# name 22 = sbeox1V: Oxygen raw, SBE 43, 2 [V]
# name 23 = nbin: number of scans per bin
# name 24 = flag: flag
# span 0 =      2.968,    250.204       
# span 1 =   76.33088,   76.33145       
# span 2 =  178.57868,  178.57878       
# span 3 =      3.000,    253.000       
# span 4 =    -1.6939,     0.7352       
# span 5 =    -1.6928,     0.7363       
# span 6 =  23.044976,  29.598876       
# span 7 =  23.044628,  29.598774       
# span 8 =    28.5601,    34.7535       
# span 9 =    28.5574,    34.7521       
# span 10 =    295.199,    385.154      
# span 11 =    288.040,    374.486      
# span 12 =    -0.1727,     0.3120      
# span 13 =     4.5495,     4.6617      
# span 14 =     0.0813,     0.1234      
# span 15 =     0.0813,     0.1234      
# span 16 =     0.0234,     0.1228      
# span 17 =     0.0181,     0.0375      
# span 18 =       4551,      17705      
# span 19 =     3.1596,    12.2946      
# span 20 =     100.00,     100.00      
# span 21 =     2.2587,     2.6799      
# span 22 =     1.9786,     2.3164      
# span 23 =          7,         28      
# span 24 = 0.0000e+00, 0.0000e+00      
# interval = decibars: 1                
# start_time = Sep 15 2025 03:07:08 [NMEA time, header]
# bad_flag = -9.990e-29
*END*
      2.968   76.33088  178.57878      3.000    -1.5162    -1.5210  23.054917  23.049269    28.5609    28.5579    377.978    366.432     0.0981     4.5869     0.1158     0.1158     0.0881     0.0289       4551     3.1596     100.00     2.6171     2.2589          7 0.0000e+00
      3.958   76.33088  178.57878      4.000    -1.5270    -1.5265  23.047619  23.046131    28.5608    28.5583    378.177    367.146     0.0878     4.5860     0.1169     0.1169     0.0888     0.0285       4699     3.2624     100.00     2.6172     2.2618         20 0.0000e+00
      4.948   76.33088  178.57878      5.000    -1.5256    -1.5253  23.048950  23.047300    28.5608    28.5582    378.341    367.435     0.1033     4.5873     0.1166     0.1166     0.0878     0.0291       4776     3.3160     100.00     2.6179     2.2630         21 0.0000e+00
      5.937   76.33088  178.57878      6.000    -1.5168    -1.5152  23.055385  23.054226    28.5605    28.5574    378.426    367.567     0.1032     4.5854     0.1175     0.1175     0.0894     0.0291       4842     3.3620     100.00     2.6187     2.2639         21 0.0000e+00
      6.927   76.33088  178.57878      7.000    -1.5209    -1.5206  23.052947  23.051349    28.5606    28.5581    378.573    367.772     0.1261     4.5879     0.1172     0.1172     0.0872     0.0300       4902     3.4032     100.00     2.6190     2.2644         21 0.0000e+00
      7.916   76.33088  178.57878      8.000    -1.5237    -1.5229  23.051274  23.049776    28.5605    28.5576    378.787    367.779     0.1353     4.5889     0.1161     0.1161     0.0864     0.0304       4954     3.4395     100.00     2.6198     2.2641         19 0.0000e+00
      8.906   76.33089  178.57878      9.000    -1.5215    -1.5202  23.053194  23.052047    28.5604    28.5576    378.740    367.863     0.1680     4.5895     0.1167     0.1167     0.0858     0.0317       5005     3.4749     100.00     2.6194     2.2644         22 0.0000e+00
      9.895   76.33090  178.57878     10.000    -1.5270    -1.5253  23.049465  23.049083    28.5601    28.5579    378.775    368.023     0.1672     4.5909     0.1173     0.1173     0.0846     0.0316       5056     3.5101     100.00     2.6189     2.2647         21 0.0000e+00
     10.885   76.33090  178.57878     11.000    -1.5342    -1.5324  23.044976  23.044628    28.5603    28.5582    378.898    368.148     0.1686     4.5912     0.1150     0.1150     0.0844     0.0317       5107     3.5455     100.00     2.6188     2.2646         20 0.0000e+00
     11.874   76.33090  178.57878     12.000    -1.5360    -1.5353  23.046518  23.045753    28.5636    28.5619    378.885    368.106     0.1952     4.5918     0.1175     0.1175     0.0839     0.0328       5158     3.5812     100.00     2.6184     2.2641         20 0.0000e+00
     12.864   76.33090  178.57878     13.000    -1.5344    -1.5337  23.052348  23.052936    28.5694    28.5696    378.826    367.830     0.2181     4.5923     0.1163     0.1163     0.0834     0.0337       5209     3.6168     100.00     2.6180     2.2627         23 0.0000e+00
     13.853   76.33090  178.57878     14.000    -1.5334    -1.5334  23.056636  23.054380    28.5737    28.5707    378.715    368.134     0.2172     4.5921     0.1174     0.1174     0.0835     0.0337       5261     3.6527     100.00     2.6172     2.2640         22 0.0000e+00
     14.843   76.33090  178.57878     15.000    -1.5334    -1.5332  23.056619  23.055393    28.5732    28.5713    378.859    368.124     0.2168     4.5936     0.1166     0.1166     0.0822     0.0337       5313     3.6889     100.00     2.6178     2.2637         26 0.0000e+00
     15.832   76.33090  178.57878     16.000    -1.5233    -1.5120  23.101857  23.157126    28.6242    28.6883    378.497    367.063     0.2330     4.5940     0.1168     0.1168     0.0819     0.0343       5364     3.7246     100.00     2.6170     2.2612         21 0.0000e+00
     16.822   76.33090  178.57876     17.000    -1.3992    -1.4060  23.664908  23.648189    29.2664    29.2504    375.490    365.399     0.2894     4.5950     0.1177     0.1177     0.0810     0.0365       5415     3.7597     100.00     2.6186     2.2665         22 0.0000e+00
     17.811   76.33092  178.57876     18.000    -1.3671    -1.3662  23.788906  23.792140    29.4023    29.4057    376.594    365.797     0.2881     4.5969     0.1189     0.1189     0.0794     0.0365       5465     3.7948     100.00     2.6289     2.2724         22 0.0000e+00
     18.801   76.33092  178.57876     19.000    -1.3115    -1.3124  23.937733  23.934574    29.5483    29.5448    378.767    367.221     0.3000     4.5964     0.1173     0.1173     0.0798     0.0370       5516     3.8300     100.00     2.6471     2.2838         27 0.0000e+00
     19.790   76.33092  178.57876     20.000    -1.3041    -1.3046  23.985106  23.982991    29.6044    29.6020    381.251    369.742     0.2881     4.5969     0.1172     0.1172     0.0794     0.0365       5566     3.8646     100.00     2.6624     2.2969         24 0.0000e+00
     20.779   76.33092  178.57876     21.000    -1.3413    -1.3431  23.993772  23.990527    29.6525    29.6500    383.347    372.113     0.2893     4.5984     0.1172     0.1172     0.0781     0.0365       5616     3.8994     100.00     2.6724     2.3067         21 0.0000e+00
     21.769   76.33092  178.57876     22.000    -1.3496    -1.3515  23.995672  23.994098    29.6628    29.6625    384.134    373.225     0.2719     4.5990     0.1168     0.1168     0.0776     0.0359       5667     3.9350     100.00     2.6762     2.3115         23 0.0000e+00
     22.758   76.33092  178.57876     23.000    -1.3624    -1.3621  24.037373  24.033133    29.7315    29.7254    384.332    373.667     0.2912     4.5995     0.1204     0.1204     0.0771     0.0366       5718     3.9700     100.00     2.6774     2.3137         22 0.0000e+00
     23.748   76.33092  178.57876     24.000    -1.4016    -1.4021  24.043471  24.040484    29.7783    29.7747    385.154    374.467     0.3004     4.6003     0.1175     0.1175     0.0764     0.0370       5769     4.0053     100.00     2.6799     2.3158         22 0.0000e+00
     24.737   76.33092  178.57876     25.000    -1.4258    -1.4273  24.142382  24.135876    29.9365    29.9291    384.836    374.486     0.2922     4.5990     0.1173     0.1173     0.0775     0.0367       5820     4.0409     100.00     2.6790     2.3164         20 0.0000e+00
     25.727   76.33092  178.57876     26.000    -1.4254    -1.4250  24.204788  24.203552    30.0203    30.0182    383.381    372.419     0.2972     4.6033     0.1153     0.1153     0.0738     0.0369       5871     4.0765     100.00     2.6719     2.3077         24 0.0000e+00
     26.716   76.33093  178.57876     27.000    -1.4112    -1.4117  24.265510  24.262092    30.0880    30.0838    381.572    372.850     0.2749     4.6052     0.1143     0.1143     0.0721     0.0360       5922     4.1117     100.00     2.6634     2.3112         20 0.0000e+00
     27.706   76.33094  178.57876     28.000    -1.4251    -1.4290  24.300947  24.296960    30.1497    30.1482    380.971    371.875     0.2874     4.6070     0.1148     0.1148     0.0706     0.0365       5973     4.1471     100.00     2.6599     2.3062         20 0.0000e+00
     28.695   76.33094  178.57876     29.000    -1.4852    -1.4860  24.361489  24.359546    30.2925    30.2907    380.716    371.410     0.2749     4.6068     0.1171     0.1171     0.0708     0.0360       6023     4.1822     100.00     2.6566     2.3026         21 0.0000e+00
     29.684   76.33094  178.57876     30.000    -1.5106    -1.5112  24.447597  24.444309    30.4353    30.4315    379.608    370.637     0.2892     4.6060     0.1177     0.1177     0.0715     0.0365       6074     4.2176     100.00     2.6507     2.2993         18 0.0000e+00
     30.674   76.33094  178.57876     31.000    -1.5298    -1.5302  24.515103  24.512659    30.5468    30.5437    377.880    368.843     0.3120     4.6084     0.1195     0.1195     0.0695     0.0375       6125     4.2528     100.00     2.6413     2.2910         16 0.0000e+00
     31.663   76.33094  178.57876     32.000    -1.5572    -1.5576  24.581467  24.579202    30.6651    30.6624    376.431    367.413     0.2731     4.6093     0.1215     0.1215     0.0686     0.0359       6176     4.2884     100.00     2.6329     2.2841         16 0.0000e+00
     32.652   76.33094  178.57876     33.000    -1.5873    -1.5874  24.647763  24.646870    30.7864    30.7853    375.795    366.505     0.2072     4.6094     0.1217     0.1217     0.0685     0.0333       6228     4.3240     100.00     2.6291     2.2796         17 0.0000e+00
     33.642   76.33094  178.57876     34.000    -1.6082    -1.6079  24.712075  24.711120    30.8958    30.8941    375.294    366.616     0.1914     4.6100     0.1221     0.1221     0.0680     0.0327       6279     4.3594     100.00     2.6264     2.2803         16 0.0000e+00
     34.631   76.33096  178.57876     35.000    -1.6182    -1.6180  24.766630  24.765503    30.9805    30.9786    374.163    365.411     0.1675     4.6117     0.1233     0.1233     0.0665     0.0317       6329     4.3947     100.00     2.6205     2.2749         15 0.0000e+00
     35.621   76.33096  178.57876     36.000    -1.6226    -1.6223  24.813844  24.813644    31.0493    31.0486    372.622    364.058     0.1687     4.6134     0.1234     0.1234     0.0650     0.0317       6381     4.4305     100.00     2.6123     2.2689         17 0.0000e+00
     36.610   76.33096  178.57876     37.000    -1.6321    -1.6323  24.887117  24.886529    31.1593    31.1586    371.153    363.077     0.1211     4.6174     0.1233     0.1233     0.0616     0.0298       6432     4.4660     100.00     2.6049     2.2649         19 0.0000e+00
     37.600   76.33096  178.57876     38.000    -1.6462    -1.6463  24.934802  24.934380    31.2390    31.2385    368.862    360.524     0.0759     4.6185     0.1218     0.1218     0.0606     0.0281       6484     4.5017     100.00     2.5920     2.2527         18 0.0000e+00
     38.589   76.33096  178.57876     39.000    -1.6524    -1.6524  24.989563  24.989479    31.3203    31.3202    366.861    359.151     0.0618     4.6187     0.1207     0.1207     0.0604     0.0275       6534     4.5370     100.00     2.5813     2.2467         16 0.0000e+00
     39.578   76.33096  178.57874     40.000    -1.6539    -1.6536  25.057558  25.057736    31.4149    31.4148    365.758    357.743     0.0513     4.6212     0.1226     0.1226     0.0583     0.0271       6586     4.5728     100.00     2.5762     2.2409         20 0.0000e+00
     40.568   76.33096  178.57874     41.000    -1.6540    -1.6536  25.148349  25.147074    31.5394    31.5372    364.405    356.367     0.0484     4.6223     0.1207     0.1207     0.0573     0.0269       6637     4.6082     100.00     2.5703     2.2357         18 0.0000e+00
     41.557   76.33096  178.57874     42.000    -1.6526    -1.6522  25.218400  25.217241    31.6338    31.6317    362.608    354.522     0.0071     4.6238     0.1221     0.1221     0.0560     0.0253       6688     4.6439     100.00     2.5614     2.2280         20 0.0000e+00
     42.546   76.33096  178.57874     43.000    -1.6535    -1.6531  25.310286  25.309928    31.7608    31.7599    360.438    352.344     0.0118     4.6254     0.1215     0.1215     0.0547     0.0255       6739     4.6791     100.00     2.5507     2.2189         22 0.0000e+00
     43.536   76.33098  178.57874     44.000    -1.6565    -1.6562  25.392996  25.392098    31.8775    31.8758    357.927    349.919    -0.0175     4.6273     0.1209     0.1209     0.0530     0.0243       6790     4.7145     100.00     2.5378     2.2084         19 0.0000e+00
     44.525   76.33098  178.57874     45.000    -1.6538    -1.6531  25.457013  25.456596    31.9622    31.9608    355.803    347.309    -0.0212     4.6298     0.1209     0.1209     0.0508     0.0241       6841     4.7497     100.00     2.5269     2.1968         23 0.0000e+00
     45.514   76.33098  178.57874     46.000    -1.6497    -1.6493  25.519662  25.518524    32.0436    32.0416    353.899    346.091    -0.0444     4.6315     0.1221     0.1221     0.0494     0.0232       6891     4.7850     100.00     2.5174     2.1920         22 0.0000e+00
     46.504   76.33098  178.57874     47.000    -1.6510    -1.6513  25.597274  25.598163    32.1515    32.1530    351.727    343.892    -0.0426     4.6330     0.1215     0.1215     0.0480     0.0233       6942     4.8205     100.00     2.5063     2.1825         25 0.0000e+00
     47.493   76.33098  178.57874     48.000    -1.6939    -1.6928  25.669109  25.669466    32.2967    32.2960    350.059    342.560    -0.0464     4.6350     0.1165     0.1165     0.0463     0.0231       6993     4.8556     100.00     2.4961     2.1756         23 0.0000e+00
     48.482   76.33098  178.57874     49.000    -1.6858    -1.6848  25.751768  25.751732    32.4016    32.4004    349.063    341.231    -0.0478     4.6358     0.1140     0.1140     0.0456     0.0231       7044     4.8908     100.00     2.4923     2.1707         22 0.0000e+00
     49.472   76.33098  178.57874     50.000    -1.6736    -1.6731  25.818931  25.819284    32.4805    32.4805    350.973    342.272    -0.0450     4.6389     0.1162     0.1162     0.0429     0.0232       7094     4.9260     100.00     2.5050     2.1772         22 0.0000e+00
     50.461   76.33098  178.57874     51.000    -1.6655    -1.6647  25.878348  25.878842    32.5532    32.5530    349.505    342.068    -0.0733     4.6400     0.1148     0.1148     0.0420     0.0221       7145     4.9614     100.00     2.4980     2.1774         23 0.0000e+00
     51.450   76.33100  178.57874     52.000    -1.6293    -1.6289  25.959488  25.960846    32.6250    32.6264    348.191    340.326    -0.0423     4.6410     0.1179     0.1179     0.0411     0.0233       7196     4.9966     100.00     2.4935     2.1715         24 0.0000e+00
     52.440   76.33100  178.57874     53.000    -1.6611    -1.6616  25.994215  25.993820    32.7074    32.7074    345.991    339.225    -0.0592     4.6420     0.1172     0.1172     0.0403     0.0226       7247     5.0317     100.00     2.4800     2.1653         23 0.0000e+00
     53.429   76.33100  178.57874     54.000    -1.6671    -1.6656  26.053098  26.054242    32.7948    32.7947    340.666    334.663    -0.0589     4.6424     0.1129     0.1129     0.0399     0.0227       7297     5.0670     100.00     2.4501     2.1439         22 0.0000e+00
     54.418   76.33100  178.57874     55.000    -1.6507    -1.6508  26.119419  26.118902    32.8679    32.8673    340.554    333.033    -0.0857     4.6432     0.1149     0.1149     0.0393     0.0216       7348     5.1022     100.00     2.4513     2.1374         22 0.0000e+00
     55.407   76.33100  178.57874     56.000    -1.6568    -1.6563  26.175372  26.176294    32.9515    32.9522    340.287    332.660    -0.0906     4.6441     0.1130     0.1130     0.0385     0.0214       7399     5.1372     100.00     2.4505     2.1362         22 0.0000e+00
     56.397   76.33100  178.57874     57.000    -1.6527    -1.6518  26.250139  26.251456    33.0499    33.0506    338.515    331.267    -0.0959     4.6435     0.1125     0.1125     0.0390     0.0212       7450     5.1726     100.00     2.4418     2.1307         21 0.0000e+00
     57.386   76.33100  178.57874     58.000    -1.6423    -1.6415  26.298781  26.299177    33.1050    33.1046    336.924    329.661    -0.0762     4.6450     0.1122     0.1122     0.0377     0.0220       7500     5.2078     100.00     2.4338     2.1239         27 0.0000e+00
     58.375   76.33100  178.57874     59.000    -1.6350    -1.6346  26.348727  26.348989    33.1654    33.1653    334.961    328.075    -0.0839     4.6455     0.1120     0.1120     0.0373     0.0217       7551     5.2429     100.00     2.4236     2.1170         22 0.0000e+00
