Continuous CTD Data/01_SBE Stage/nabos_12_02avg.cnv
* Sea-Bird SBE 9 Data File:
* FileName = D:\CTD\data\HLY2502\raw\NABOS_12_02.hex
* Software Version Seasave V 7.26.7.110
* Temperature SN = 6954
* Conductivity SN = 2561
* Number of Bytes Per Scan = 37
* Number of Voltage Words = 4
* Number of Scans Averaged by the Deck Unit = 1
* NMEA Latitude = 77 22.95 N
* NMEA Longitude = 176 13.98 W
* NMEA UTC (Time) = Sep 10 2025  21:33:20
* NMEA baud rate = 9600
** Ship: USCG HEALY
** Bot. Depth:  1417
** Cast Number:  02
** Station Name:  NABOS
** Station Number:  12
** Operator:  STARC
** mooring release test at depth
# nquan = 25
# nvalues = 1214                        
# units = specified
# name 0 = depSM: Depth [salt water, m]
# name 1 = latitude: Latitude [deg]
# name 2 = longitude: Longitude [deg]
# name 3 = prDM: Pressure, Digiquartz [db]
# name 4 = t090C: Temperature [ITS-90, deg C]
# name 5 = t190C: Temperature, 2 [ITS-90, deg C]
# name 6 = c0mS/cm: Conductivity [mS/cm]
# name 7 = c1mS/cm: Conductivity, 2 [mS/cm]
# name 8 = sal00: Salinity, Practical [PSU]
# name 9 = sal11: Salinity, Practical, 2 [PSU]
# name 10 = sbox0Mm/Kg: Oxygen, SBE 43 [umol/kg]
# name 11 = sbox1Mm/Kg: Oxygen, SBE 43, 2 [umol/kg]
# name 12 = flECO-AFL: Fluorescence, WET Labs ECO-AFL/FL [mg/m^3]
# name 13 = v2: Voltage 2
# name 14 = wetCDOM: Fluorescence, WET Labs CDOM [mg/m^3]
# name 15 = v6: Voltage 6
# name 16 = CStarAt0: Beam Attenuation, WET Labs C-Star [1/m]
# name 17 = v3: Voltage 3
# name 18 = scan: Scan Count
# name 19 = timeM: Time, Elapsed [minutes]
# name 20 = altM: Altimeter [m]
# name 21 = sbeox0V: Oxygen raw, SBE 43 [V]
# name 22 = sbeox1V: Oxygen raw, SBE 43, 2 [V]
# name 23 = nbin: number of scans per bin
# name 24 = flag: flag
# span 0 =      3.958,   1200.722       
# span 1 =   77.38280,   77.38743       
# span 2 = -176.23257, -176.22215       
# span 3 =      4.000,   1217.000       
# span 4 =    -1.5940,     0.9616       
# span 5 =    -1.5943,     0.9617       
# span 6 =  23.171414,  29.894858       
# span 7 =  23.170309,  29.892879       
# span 8 =    28.7286,    34.8838       
# span 9 =    28.7270,    34.8812       
# span 10 =    251.747,    385.283      
# span 11 =    246.442,    373.544      
# span 12 =    -0.1801,     0.4617      
# span 13 =     4.6011,     4.6678      
# span 14 =     0.0784,     0.1189      
# span 15 =     0.0784,     0.1189      
# span 16 =     0.0181,     0.0757      
# span 17 =     0.0178,     0.0435      
# span 18 =       1944,      40160      
# span 19 =     1.3491,    27.8884      
# span 20 =      60.57,     100.39      
# span 21 =     1.9530,     2.6847      
# span 22 =     1.7269,     2.3143      
# span 23 =          9,         26      
# span 24 = 0.0000e+00, 0.0000e+00      
# interval = decibars: 1                
# start_time = Sep 10 2025 21:33:20 [NMEA time, header]
# bad_flag = -9.990e-29
*END*
[from data line 870]
    863.015   77.38616 -176.22510    874.000     0.0983     0.0984  29.406898  29.405094    34.8551    34.8527    292.479    286.352    -0.1698     4.6667     0.0821     0.0821     0.0191     0.0182      30065    20.8779     100.00     2.1086     1.8557         15 0.0000e+00
    864.000   77.38617 -176.22508    875.000     0.0986     0.0988  29.407753  29.405866    34.8553    34.8526    292.629    286.252    -0.1597     4.6667     0.0826     0.0826     0.0191     0.0186      30094    20.8978     100.00     2.1092     1.8551         21 0.0000e+00
    864.986   77.38618 -176.22508    876.000     0.0999     0.1000  29.409306  29.407309    34.8554    34.8526    292.684    286.108    -0.1485     4.6666     0.0818     0.0818     0.0192     0.0190      30122    20.9174     100.00     2.1094     1.8543         18 0.0000e+00
    865.971   77.38618 -176.22507    877.000     0.0993     0.0991  29.409097  29.407077    34.8552    34.8527    292.697    286.342    -0.1692     4.6667     0.0818     0.0818     0.0191     0.0182      30150    20.9372     100.00     2.1092     1.8552         17 0.0000e+00
    866.956   77.38618 -176.22506    878.000     0.0966     0.0967  29.407198  29.405351    34.8551    34.8526    292.701    286.539    -0.1518     4.6666     0.0829     0.0829     0.0192     0.0189      30179    20.9568     100.00     2.1089     1.8558         15 0.0000e+00
    867.942   77.38618 -176.22506    879.000     0.0930     0.0927  29.404290  29.402055    34.8548    34.8521    292.678    286.390    -0.1717     4.6663     0.0828     0.0828     0.0194     0.0181      30207    20.9767     100.00     2.1084     1.8548         19 0.0000e+00
    868.927   77.38618 -176.22504    880.000     0.0879     0.0881  29.400282  29.398432    34.8547    34.8520    292.624    286.026    -0.1735     4.6664     0.0818     0.0818     0.0194     0.0180      30236    20.9968     100.00     2.1076     1.8528         24 0.0000e+00
    869.912   77.38619 -176.22504    881.000     0.0857     0.0859  29.398776  29.396933    34.8545    34.8520    292.525    286.044    -0.1710     4.6663     0.0818     0.0818     0.0194     0.0181      30265    21.0163     100.00     2.1068     1.8526         16 0.0000e+00
    870.898   77.38620 -176.22503    882.000     0.0807     0.0803  29.394557  29.392099    34.8541    34.8514    292.565    286.648    -0.1437     4.6666     0.0826     0.0826     0.0192     0.0192      30293    21.0358     100.00     2.1065     1.8550         16 0.0000e+00
    871.883   77.38620 -176.22502    883.000     0.0712     0.0712  29.386800  29.384611    34.8540    34.8512    292.645    286.981    -0.1588     4.6665     0.0830     0.0830     0.0192     0.0186      30321    21.0556     100.00     2.1063     1.8560         16 0.0000e+00
    872.868   77.38620 -176.22502    884.000     0.0695     0.0698  29.385554  29.383898    34.8537    34.8512    292.773    286.354    -0.1364     4.6667     0.0814     0.0814     0.0191     0.0195      30349    21.0751     100.00     2.1067     1.8529         15 0.0000e+00
    873.854   77.38620 -176.22500    885.000     0.0700     0.0703  29.386533  29.384857    34.8539    34.8514    292.702    285.698    -0.1645     4.6666     0.0815     0.0815     0.0191     0.0184      30378    21.0950     100.00     2.1061     1.8496         22 0.0000e+00
    874.839   77.38620 -176.22500    886.000     0.0719     0.0720  29.388696  29.386878    34.8540    34.8515    292.771    285.628    -0.1652     4.6666     0.0834     0.0834     0.0192     0.0184      30406    21.1143     100.00     2.1064     1.8492         16 0.0000e+00
    875.824   77.38621 -176.22499    887.000     0.0670     0.0671  29.384914  29.382936    34.8539    34.8513    292.761    286.682    -0.1349     4.6667     0.0824     0.0824     0.0191     0.0196      30434    21.1342     100.00     2.1059     1.8537         16 0.0000e+00
    876.810   77.38622 -176.22498    888.000     0.0631     0.0633  29.381821  29.380004    34.8537    34.8512    292.698    286.051    -0.1565     4.6665     0.0818     0.0818     0.0192     0.0187      30463    21.1540     100.00     2.1051     1.8505         16 0.0000e+00
    877.795   77.38622 -176.22498    889.000     0.0555     0.0555  29.375571  29.373617    34.8536    34.8509    292.666    286.561    -0.1709     4.6666     0.0818     0.0818     0.0191     0.0182      30491    21.1737     100.00     2.1044     1.8523         20 0.0000e+00
    878.780   77.38622 -176.22496    890.000     0.0552     0.0551  29.375928  29.373774    34.8537    34.8510    292.738    286.754    -0.1419     4.6664     0.0818     0.0818     0.0193     0.0193      30519    21.1933     100.00     2.1046     1.8531         18 0.0000e+00
    879.765   77.38622 -176.22496    891.000     0.0511     0.0510  29.372569  29.370425    34.8534    34.8507    292.928    287.071    -0.1625     4.6665     0.0830     0.0830     0.0193     0.0185      30548    21.2129     100.00     2.1052     1.8542         18 0.0000e+00
    880.751   77.38622 -176.22494    892.000     0.0478     0.0473  29.369736  29.367478    34.8528    34.8504    292.944    286.531    -0.1550     4.6664     0.0819     0.0819     0.0193     0.0188      30576    21.2326     100.00     2.1049     1.8513         18 0.0000e+00
    881.736   77.38623 -176.22494    893.000     0.0384     0.0391  29.361710  29.360183    34.8523    34.8495    292.984    286.588    -0.1508     4.6665     0.0818     0.0818     0.0193     0.0189      30604    21.2521     100.00     2.1044     1.8511         17 0.0000e+00
    882.721   77.38624 -176.22493    894.000     0.0161     0.0153  29.342192  29.339399    34.8512    34.8484    293.163    287.315    -0.1388     4.6665     0.0830     0.0830     0.0192     0.0194      30633    21.2720     100.00     2.1041     1.8534         15 0.0000e+00
    883.706   77.38624 -176.22492    895.000     0.0110     0.0111  29.338148  29.336412    34.8511    34.8486    293.214    287.044    -0.1348     4.6662     0.0829     0.0829     0.0195     0.0196      30661    21.2918     100.00     2.1040     1.8518         17 0.0000e+00
    884.692   77.38624 -176.22492    896.000     0.0141     0.0145  29.341565  29.339954    34.8514    34.8489    293.213    286.281    -0.1347     4.6665     0.0818     0.0818     0.0193     0.0196      30689    21.3114     100.00     2.1039     1.8482         16 0.0000e+00
    885.677   77.38624 -176.22490    897.000     0.0369     0.0368  29.363084  29.361248    34.8535    34.8511    292.934    286.879    -0.1366     4.6662     0.0819     0.0819     0.0195     0.0195      30718    21.3312     100.00     2.1033     1.8517         17 0.0000e+00
    886.662   77.38625 -176.22490    898.000     0.0399     0.0399  29.366658  29.364751    34.8543    34.8517    292.922    287.138    -0.1414     4.6659     0.0830     0.0830     0.0197     0.0193      30746    21.3509     100.00     2.1031     1.8529         19 0.0000e+00
    887.647   77.38626 -176.22489    899.000     0.0436     0.0435  29.370580  29.368568    34.8546    34.8521    292.847    287.053    -0.1707     4.6656     0.0828     0.0828     0.0199     0.0182      30774    21.3705     100.00     2.1027     1.8524         16 0.0000e+00
    888.633   77.38626 -176.22488    900.000     0.0485     0.0487  29.375834  29.374011    34.8555    34.8529    292.638    286.799    -0.1693     4.6662     0.0821     0.0821     0.0195     0.0182      30803    21.3902     100.00     2.1016     1.8513         14 0.0000e+00
    889.618   77.38626 -176.22488    901.000     0.0528     0.0531  29.380247  29.378556    34.8558    34.8532    292.620    286.739    -0.1410     4.6661     0.0827     0.0827     0.0196     0.0193      30831    21.4098     100.00     2.1015     1.8510         14 0.0000e+00
    890.603   77.38626 -176.22486    902.000     0.0518     0.0521  29.379783  29.378172    34.8557    34.8533    292.752    286.436    -0.1348     4.6658     0.0814     0.0814     0.0198     0.0196      30860    21.4296     100.00     2.1019     1.8494         16 0.0000e+00
    891.588   77.38626 -176.22486    903.000     0.0524     0.0528  29.380863  29.379249    34.8559    34.8533    292.628    286.462    -0.1366     4.6655     0.0806     0.0806     0.0200     0.0195      30888    21.4491     100.00     2.1011     1.8494         15 0.0000e+00
    892.574   77.38627 -176.22485    904.000     0.0539     0.0541  29.382684  29.380918    34.8560    34.8535    292.523    286.943    -0.1329     4.6663     0.0811     0.0811     0.0194     0.0197      30916    21.4688     100.00     2.1004     1.8515         16 0.0000e+00
    893.559   77.38628 -176.22484    905.000     0.0544     0.0542  29.383615  29.381475    34.8562    34.8535    292.558    286.677    -0.1365     4.6658     0.0823     0.0823     0.0198     0.0195      30944    21.4884     100.00     2.1004     1.8501         13 0.0000e+00
    894.544   77.38628 -176.22484    906.000     0.0543     0.0542  29.383893  29.381868    34.8561    34.8534    292.630    285.365    -0.1695     4.6658     0.0824     0.0824     0.0198     0.0182      30973    21.5083     100.00     2.1006     1.8438         14 0.0000e+00
    895.529   77.38628 -176.22482    907.000     0.0461     0.0463  29.377025  29.375134    34.8557    34.8530    292.532    285.919    -0.1715     4.6665     0.0806     0.0806     0.0192     0.0181      31001    21.5281     100.00     2.0994     1.8459         14 0.0000e+00
    896.515   77.38628 -176.22482    908.000     0.0420     0.0421  29.373731  29.371871    34.8554    34.8529    292.469    286.115    -0.1732     4.6660     0.0814     0.0814     0.0196     0.0181      31030    21.5479     100.00     2.0987     1.8464         15 0.0000e+00
    897.500   77.38629 -176.22481    909.000     0.0375     0.0373  29.370074  29.368050    34.8551    34.8527    292.451    287.059    -0.1432     4.6658     0.0817     0.0817     0.0198     0.0192      31058    21.5673     100.00     2.0981     1.8505         13 0.0000e+00
    898.485   77.38630 -176.22480    910.000     0.0279     0.0277  29.362020  29.359708    34.8547    34.8519    292.539    286.392    -0.1364     4.6665     0.0820     0.0820     0.0192     0.0195      31086    21.5870     100.00     2.0979     1.8468         14 0.0000e+00
    899.470   77.38630 -176.22480    911.000     0.0154     0.0153  29.351194  29.349114    34.8541    34.8514    292.657    286.137    -0.1322     4.6660     0.0830     0.0830     0.0196     0.0197      31115    21.6069     100.00     2.0978     1.8450         14 0.0000e+00
    900.456   77.38630 -176.22478    912.000     0.0133     0.0137  29.349800  29.348072    34.8540    34.8513    292.586    286.229    -0.1563     4.6657     0.0813     0.0813     0.0199     0.0187      31144    21.6268     100.00     2.0971     1.8452         15 0.0000e+00
    901.441   77.38630 -176.22478    913.000     0.0128     0.0129  29.349548  29.347673    34.8536    34.8510    292.728    287.500    -0.1785     4.6654     0.0806     0.0806     0.0201     0.0179      31172    21.6464     100.00     2.0976     1.8508         15 0.0000e+00
    902.426   77.38630 -176.22477    914.000     0.0112     0.0113  29.348470  29.346656    34.8534    34.8509    292.853    285.971    -0.1720     4.6657     0.0806     0.0806     0.0199     0.0181      31200    21.6662     100.00     2.0980     1.8435         19 0.0000e+00
    903.411   77.38630 -176.22476    915.000     0.0104     0.0106  29.348115  29.346377    34.8533    34.8508    292.935    287.263    -0.1533     4.6661     0.0816     0.0816     0.0195     0.0189      31228    21.6858     100.00     2.0982     1.8493         16 0.0000e+00
    904.396   77.38631 -176.22476    916.000     0.0093     0.0095  29.347692  29.345817    34.8534    34.8507    292.957    287.495    -0.1569     4.6655     0.0818     0.0818     0.0200     0.0187      31257    21.7054     100.00     2.0981     1.8501         15 0.0000e+00
    905.381   77.38632 -176.22474    917.000     0.0099     0.0105  29.348751  29.347192    34.8535    34.8509    293.003    286.629    -0.1447     4.6655     0.0828     0.0828     0.0200     0.0192      31285    21.7250     100.00     2.0981     1.8460         16 0.0000e+00
    906.367   77.38632 -176.22474    918.000     0.0112     0.0118  29.350391  29.348851    34.8536    34.8510    292.988    286.348    -0.1658     4.6659     0.0818     0.0818     0.0197     0.0183      31313    21.7445     100.00     2.0979     1.8446         16 0.0000e+00
    907.352   77.38632 -176.22474    919.000     0.0103     0.0103  29.350081  29.348052    34.8537    34.8510    292.922    286.663    -0.1320     4.6652     0.0806     0.0806     0.0203     0.0197      31341    21.7642     100.00     2.0973     1.8458         16 0.0000e+00
    908.337   77.38632 -176.22472    920.000     0.0037     0.0030  29.344249  29.341672    34.8529    34.8503    292.936    286.302    -0.1640     4.6654     0.0818     0.0818     0.0201     0.0184      31370    21.7841     100.00     2.0968     1.8437         17 0.0000e+00
    909.322   77.38633 -176.22472    921.000    -0.0108    -0.0107  29.331926  29.330074    34.8525    34.8499    293.051    286.669    -0.1454     4.6653     0.0817     0.0817     0.0202     0.0192      31399    21.8038     100.00     2.0966     1.8446         17 0.0000e+00
    910.307   77.38634 -176.22470    922.000    -0.0123    -0.0098  29.331193  29.331401    34.8526    34.8500    293.012    287.296    -0.1667     4.6654     0.0818     0.0818     0.0201     0.0183      31427    21.8236     100.00     2.0961     1.8474         18 0.0000e+00
    911.292   77.38634 -176.22470    923.000    -0.0110    -0.0118  29.332576  29.329902    34.8524    34.8497    293.091    286.811    -0.1451     4.6647     0.0818     0.0818     0.0207     0.0192      31455    21.8432     100.00     2.0963     1.8449         19 0.0000e+00
    912.277   77.38634 -176.22468    924.000    -0.0171    -0.0165  29.327288  29.326021    34.8517    34.8494    293.216    287.963    -0.1485     4.6653     0.0818     0.0818     0.0202     0.0190      31484    21.8629     100.00     2.0965     1.8499         18 0.0000e+00
    913.262   77.38634 -176.22468    925.000    -0.0255    -0.0246  29.320291  29.318966    34.8514    34.8487    293.218    286.822    -0.1617     4.6654     0.0818     0.0818     0.0201     0.0185      31512    21.8828     100.00     2.0959     1.8441         19 0.0000e+00
    914.248   77.38634 -176.22467    926.000    -0.0281    -0.0281  29.318284  29.316122    34.8511    34.8482    293.171    286.776    -0.1431     4.6653     0.0818     0.0818     0.0202     0.0192      31540    21.9022     100.00     2.0953     1.8436         16 0.0000e+00
    915.233   77.38635 -176.22466    927.000    -0.0379    -0.0376  29.309845  29.308233    34.8504    34.8480    293.222    287.536    -0.1680     4.6654     0.0818     0.0818     0.0201     0.0183      31569    21.9222     100.00     2.0949     1.8466         19 0.0000e+00
    916.218   77.38636 -176.22466    928.000    -0.0517    -0.0513  29.297648  29.295999    34.8494    34.8468    293.404    287.115    -0.1717     4.6649     0.0818     0.0818     0.0205     0.0181      31597    21.9418     100.00     2.0950     1.8439         20 0.0000e+00
    917.203   77.38636 -176.22464    929.000    -0.0593    -0.0593  29.291334  29.289380    34.8491    34.8465    293.453    286.751    -0.1419     4.6654     0.0827     0.0827     0.0201     0.0193      31626    21.9616     100.00     2.0947     1.8417         24 0.0000e+00
    918.188   77.38636 -176.22464    930.000    -0.0651    -0.0647  29.286566  29.284997    34.8489    34.8463    293.510    286.491    -0.1709     4.6654     0.0837     0.0837     0.0201     0.0181      31654    21.9812     100.00     2.0945     1.8401         21 0.0000e+00
