Continuous CTD Data/01_SBE Stage/nabos_02_01.ros
* Sea-Bird SBE 9 Data File:
* FileName = D:\CTD\data\HLY2502\raw\NABOS_02_01.hex
* Software Version Seasave V 7.26.7.110
* Temperature SN = 6954
* Conductivity SN = 2561
* Number of Bytes Per Scan = 37
* Number of Voltage Words = 4
* Number of Scans Averaged by the Deck Unit = 1
* NMEA Latitude = 74 06.85 N
* NMEA Longitude = 168 41.05 E
* NMEA UTC (Time) = Sep 13 2025  10:56:16
* NMEA baud rate = 9600
** Ship: USCG HEALY
** Bot. Depth:  48
** Cast Number:  01
** Station Name:  NABOS
** Station Number:  02
** Operator:  STARC
# nquan = 25
# nvalues = 1176                                  
# units = specified
# name 0 = depSM: Depth [salt water, m]
# name 1 = latitude: Latitude [deg]
# name 2 = longitude: Longitude [deg]
# name 3 = prDM: Pressure, Digiquartz [db]
# name 4 = t090C: Temperature [ITS-90, deg C]
# name 5 = t190C: Temperature, 2 [ITS-90, deg C]
# name 6 = c0mS/cm: Conductivity [mS/cm]
# name 7 = c1mS/cm: Conductivity, 2 [mS/cm]
# name 8 = sal00: Salinity, Practical [PSU]
# name 9 = sal11: Salinity, Practical, 2 [PSU]
# name 10 = sbox0Mm/Kg: Oxygen, SBE 43 [umol/kg]
# name 11 = sbox1Mm/Kg: Oxygen, SBE 43, 2 [umol/kg]
# name 12 = flECO-AFL: Fluorescence, WET Labs ECO-AFL/FL [mg/m^3]
# name 13 = v2: Voltage 2
# name 14 = wetCDOM: Fluorescence, WET Labs CDOM [mg/m^3]
# name 15 = v6: Voltage 6
# name 16 = CStarAt0: Beam Attenuation, WET Labs C-Star [1/m]
# name 17 = v3: Voltage 3
# name 18 = scan: Scan Count
# name 19 = timeM: Time, Elapsed [minutes]
# name 20 = altM: Altimeter [m]
# name 21 = sbeox0V: Oxygen raw, SBE 43 [V]
# name 22 = sbeox1V: Oxygen raw, SBE 43, 2 [V]
# name 23 = nbf: Bottles Fired
# name 24 = flag:  0.000e+00
# interval = seconds: 0.0416667
# start_time = Sep 13 2025 10:56:16 [NMEA time, header]
# bad_flag = -9.990e-29
*END*
[from data line 1160]
      3.824   74.11446  168.69424      3.864    -1.1282    -1.1351  22.116350  22.110038    26.9384    26.9362    321.100    356.024     0.0466     4.6020     0.1013     0.1013     0.0750     0.0269      21360    14.8326      46.64     2.2956     2.2077         24  0.000e+00
      3.816   74.11446  168.69424      3.856    -1.1282    -1.1350  22.116350  22.109985    26.9384    26.9360    321.317    358.082     0.0466     4.6032     0.1013     0.1013     0.0739     0.0269      21361    14.8333      46.62     2.2968     2.2175         24  0.000e+00
      3.824   74.11446  168.69424      3.864    -1.1286    -1.1348  22.116350  22.109985    26.9387    26.9359    321.102    360.140     0.0466     4.6020     0.1026     0.1026     0.0750     0.0269      21362    14.8340      46.57     2.2956     2.2272         24  0.000e+00
      3.881   74.11446  168.69424      3.922    -1.1281    -1.1351  22.116182  22.109669    26.9380    26.9356    321.102    362.205     0.0466     4.6020     0.1013     0.1013     0.0750     0.0269      21363    14.8347      46.40     2.2956     2.2370         24  0.000e+00
      3.873   74.11446  168.69424      3.914    -1.1282    -1.1354  22.116294  22.109406    26.9383    26.9356    321.102    364.011     0.0466     4.6020     0.1013     0.1013     0.0750     0.0269      21364    14.8354      46.32     2.2956     2.2456         24  0.000e+00
      3.824   74.11446  168.69424      3.864    -1.1282    -1.1356  22.116350  22.109143    26.9384    26.9354    321.100    365.812     0.0771     4.6020     0.1013     0.1013     0.0750     0.0281      21365    14.8361      46.32     2.2956     2.2541         24  0.000e+00
      3.816   74.11446  168.69424      3.856    -1.1282    -1.1359  22.116182  22.109248    26.9382    26.9359    321.100    367.101     0.0466     4.6020     0.1013     0.1013     0.0750     0.0269      21366    14.8368      46.25     2.2956     2.2602         24  0.000e+00
      3.881   74.11446  168.69424      3.922    -1.1282    -1.1359  22.116630  22.108985    26.9387    26.9354    320.884    367.362     0.0466     4.6020     0.1013     0.1013     0.0750     0.0269      21367    14.8375      46.35     2.2943     2.2614         24  0.000e+00
      3.881   74.11446  168.69424      3.922    -1.1281    -1.1361  22.116462  22.109038    26.9384    26.9357    320.883    368.136     0.0771     4.6020     0.1013     0.1013     0.0750     0.0281      21368    14.8382      46.30     2.2943     2.2651         24  0.000e+00
      3.873   74.11446  168.69424      3.914    -1.1284    -1.1359  22.116350  22.109248    26.9385    26.9358    320.886    368.648     0.0771     4.6020     0.1013     0.1013     0.0750     0.0281      21369    14.8389      46.18     2.2943     2.2675         24  0.000e+00
      3.824   74.11446  168.69424      3.864    -1.1284    -1.1359  22.116350  22.109353    26.9386    26.9359    320.666    369.160     0.0771     4.6020     0.1013     0.1013     0.0750     0.0281      21370    14.8396      46.13     2.2931     2.2700         24  0.000e+00
      3.873   74.11446  168.69424      3.914    -1.1282    -1.1357  22.116350  22.109353    26.9384    26.9358    320.667    369.161     0.0466     4.6020     0.1013     0.1013     0.0750     0.0269      21371    14.8403      46.13     2.2931     2.2700         24  0.000e+00
      3.881   74.11446  168.69424      3.922    -1.1282    -1.1360  22.116350  22.109511    26.9384    26.9363    320.667    369.164     0.0466     4.6020     0.1013     0.1013     0.0750     0.0269      21372    14.8410      46.13     2.2931     2.2700         24  0.000e+00
      3.881   74.11446  168.69424      3.922    -1.1282    -1.1357  22.116182  22.109722    26.9381    26.9363    320.668    370.190     0.0160     4.6020     0.1013     0.1013     0.0750     0.0256      21373    14.8417      46.13     2.2931     2.2749         24  0.000e+00
      3.873   74.11446  168.69424      3.914    -1.1284    -1.1359  22.116294  22.109459    26.9385    26.9360    320.451    371.993     0.0160     4.6020     0.1013     0.1013     0.0750     0.0256      21374    14.8424      46.08     2.2919     2.2834         24  0.000e+00
      3.881   74.11446  168.69424      3.922    -1.1284    -1.1357  22.116350  22.109511    26.9385    26.9360    320.451    373.279     0.0160     4.6020     0.1013     0.1013     0.0750     0.0256      21375    14.8431      45.98     2.2919     2.2895         24  0.000e+00
