Continuous CTD Data/01_SBE Stage/nabos_19_01.ros
* Sea-Bird SBE 9 Data File:
* FileName = D:\CTD\data\HLY2502\raw\NABOS_19_01.hex
* Software Version Seasave V 7.26.7.110
* Temperature SN = 6954
* Conductivity SN = 2561
* Number of Bytes Per Scan = 37
* Number of Voltage Words = 4
* Number of Scans Averaged by the Deck Unit = 1
* NMEA Latitude = 78 13.65 N
* NMEA Longitude = 176 14.99 E
* NMEA UTC (Time) = Sep 17 2025  23:54:54
* NMEA baud rate = 9600
** Ship: USCG HEALY
** Bot. Depth:  1815
** Cast Number:  01
** Station Name:  NABOS
** Station Number:  19
** Operator:  STARC
# nquan = 25
# nvalues = 1078                                  
# units = specified
# name 0 = depSM: Depth [salt water, m]
# name 1 = latitude: Latitude [deg]
# name 2 = longitude: Longitude [deg]
# name 3 = prDM: Pressure, Digiquartz [db]
# name 4 = t090C: Temperature [ITS-90, deg C]
# name 5 = t190C: Temperature, 2 [ITS-90, deg C]
# name 6 = c0mS/cm: Conductivity [mS/cm]
# name 7 = c1mS/cm: Conductivity, 2 [mS/cm]
# name 8 = sal00: Salinity, Practical [PSU]
# name 9 = sal11: Salinity, Practical, 2 [PSU]
# name 10 = sbox0Mm/Kg: Oxygen, SBE 43 [umol/kg]
# name 11 = sbox1Mm/Kg: Oxygen, SBE 43, 2 [umol/kg]
# name 12 = flECO-AFL: Fluorescence, WET Labs ECO-AFL/FL [mg/m^3]
# name 13 = v2: Voltage 2
# name 14 = wetCDOM: Fluorescence, WET Labs CDOM [mg/m^3]
# name 15 = v6: Voltage 6
# name 16 = CStarAt0: Beam Attenuation, WET Labs C-Star [1/m]
# name 17 = v3: Voltage 3
# name 18 = scan: Scan Count
# name 19 = timeM: Time, Elapsed [minutes]
# name 20 = altM: Altimeter [m]
# name 21 = sbeox0V: Oxygen raw, SBE 43 [V]
# name 22 = sbeox1V: Oxygen raw, SBE 43, 2 [V]
# name 23 = nbf: Bottles Fired
# name 24 = flag:  0.000e+00
# interval = seconds: 0.0416667
# start_time = Sep 17 2025 23:54:54 [NMEA time, header]
# bad_flag = -9.990e-29
*END*
[from data line 290]
    250.305   78.24130  176.24730    253.121     0.8572     0.8572  29.714092  29.712347    34.7662    34.7640    298.039    290.761    -0.1671     4.6667     0.0830     0.0830     0.0191     0.0183      95545    66.3500     100.00     2.3180     2.0236          6  0.000e+00
    250.305   78.24130  176.24730    253.121     0.8573     0.8572  29.714279  29.712347    34.7664    34.7640    297.838    290.525    -0.1366     4.6679     0.0830     0.0830     0.0180     0.0195      95546    66.3507     100.00     2.3168     2.0224          6  0.000e+00
    250.305   78.24130  176.24730    253.121     0.8572     0.8572  29.714154  29.712347    34.7663    34.7640    297.839    290.525    -0.1366     4.6667     0.0818     0.0818     0.0191     0.0195      95547    66.3514     100.00     2.3168     2.0224          6  0.000e+00
    250.305   78.24130  176.24730    253.121     0.8573     0.8572  29.714092  29.712113    34.7662    34.7637    297.839    290.289    -0.1366     4.6667     0.0830     0.0830     0.0191     0.0195      95548    66.3521     100.00     2.3168     2.0212          6  0.000e+00
    200.335   78.24196  176.24754    202.565     0.5703     0.5712  29.395281  29.394190    34.7033    34.7008    297.761    290.550    -0.1366     4.6618     0.0842     0.0842     0.0233     0.0195      99839    69.3319     100.00     2.3125     2.0194          7  0.000e+00
    200.393   78.24196  176.24754    202.623     0.5703     0.5712  29.395282  29.394540    34.7032    34.7012    297.564    290.788    -0.1366     4.6618     0.0842     0.0842     0.0233     0.0195      99840    69.3326     100.00     2.3113     2.0207          7  0.000e+00
    200.368   78.24196  176.24754    202.598     0.5705     0.5710  29.395281  29.394307    34.7031    34.7011    297.762    290.789    -0.1366     4.6618     0.0830     0.0830     0.0233     0.0195      99841    69.3333     100.00     2.3125     2.0207          7  0.000e+00
    200.393   78.24196  176.24754    202.623     0.5705     0.5713  29.395344  29.394307    34.7031    34.7008    297.563    290.788    -0.1366     4.6618     0.0830     0.0830     0.0233     0.0195      99842    69.3340     100.00     2.3113     2.0207          7  0.000e+00
    200.393   78.24196  176.24754    202.623     0.5705     0.5712  29.395530  29.394016    34.7034    34.7006    297.562    290.789    -0.1061     4.6618     0.0830     0.0830     0.0233     0.0208      99843    69.3347     100.00     2.3113     2.0207          7  0.000e+00
    200.368   78.24196  176.24754    202.598     0.5705     0.5712  29.395343  29.394015    34.7031    34.7006    297.561    290.552    -0.1366     4.6618     0.0842     0.0842     0.0233     0.0195      99844    69.3354     100.00     2.3113     2.0194          7  0.000e+00
    200.335   78.24196  176.24754    202.565     0.5706     0.5710  29.395281  29.394132    34.7029    34.7009    297.359    290.551    -0.1366     4.6618     0.0830     0.0830     0.0233     0.0195      99845    69.3361     100.00     2.3101     2.0194          7  0.000e+00
    200.393   78.24196  176.24754    202.623     0.5706     0.5710  29.395592  29.394074    34.7033    34.7008    297.561    290.553    -0.1366     4.6618     0.0830     0.0830     0.0233     0.0195      99846    69.3368     100.00     2.3113     2.0194          7  0.000e+00
    200.368   78.24196  176.24754    202.598     0.5706     0.5712  29.395157  29.394132    34.7027    34.7008    297.561    290.552    -0.1061     4.6618     0.0830     0.0830     0.0233     0.0208      99847    69.3375     100.00     2.3113     2.0194          7  0.000e+00
    200.393   78.24196  176.24754    202.623     0.5705     0.5710  29.395406  29.393899    34.7032    34.7006    297.762    290.554    -0.1366     4.6630     0.0830     0.0830     0.0222     0.0195      99848    69.3382     100.00     2.3125     2.0194          7  0.000e+00
    200.393   78.24196  176.24754    202.623     0.5706     0.5713  29.395406  29.394307    34.7030    34.7008    297.561    290.551    -0.1366     4.6654     0.0842     0.0842     0.0201     0.0195      99849    69.3389     100.00     2.3113     2.0194          7  0.000e+00
    200.368   78.24196  176.24754    202.598     0.5706     0.5713  29.395529  29.393957    34.7032    34.7004    297.360    290.551    -0.1366     4.6667     0.0842     0.0842     0.0191     0.0195      99850    69.3396     100.00     2.3101     2.0194          7  0.000e+00
    200.393   78.24196  176.24754    202.623     0.5706     0.5712  29.395592  29.394074    34.7033    34.7006    297.361    290.552    -0.1366     4.6654     0.0830     0.0830     0.0201     0.0195      99851    69.3403     100.00     2.3101     2.0194          7  0.000e+00
    200.335   78.24196  176.24754    202.565     0.5706     0.5710  29.395653  29.394074    34.7034    34.7009    297.358    290.314    -0.1366     4.6654     0.0842     0.0842     0.0201     0.0195      99852    69.3410     100.00     2.3101     2.0182          7  0.000e+00
    200.393   78.24196  176.24754    202.623     0.5708     0.5712  29.395592  29.393899    34.7031    34.7004    297.560    290.316    -0.1366     4.6667     0.0842     0.0842     0.0191     0.0195      99853    69.3417     100.00     2.3113     2.0182          7  0.000e+00
    200.368   78.24196  176.24754    202.598     0.5710     0.5709  29.395591  29.394074    34.7029    34.7010    297.358    290.317    -0.1366     4.6654     0.0855     0.0855     0.0201     0.0195      99854    69.3424     100.00     2.3101     2.0182          7  0.000e+00
    200.393   78.24196  176.24754    202.623     0.5710     0.5710  29.395839  29.394307    34.7032    34.7011    297.758    290.316    -0.1366     4.6667     0.0855     0.0855     0.0191     0.0195      99855    69.3431     100.00     2.3125     2.0182          7  0.000e+00
    200.393   78.24196  176.24754    202.623     0.5710     0.5710  29.395653  29.394016    34.7030    34.7007    297.358    290.317    -0.1366     4.6654     0.0855     0.0855     0.0201     0.0195      99856    69.3438     100.00     2.3101     2.0182          7  0.000e+00
    200.368   78.24196  176.24754    202.598     0.5712     0.5709  29.395777  29.393841    34.7029    34.7007    297.555    290.317    -0.1366     4.6667     0.0867     0.0867     0.0191     0.0195      99857    69.3444     100.00     2.3113     2.0182          7  0.000e+00
    200.393   78.24196  176.24754    202.623     0.5711     0.5709  29.395715  29.393841    34.7029    34.7007    297.557    290.555    -0.1366     4.6667     0.0855     0.0855     0.0191     0.0195      99858    69.3451     100.00     2.3113     2.0194          7  0.000e+00
    200.335   78.24196  176.24754    202.565     0.5711     0.5710  29.395777  29.393840    34.7030    34.7006    297.355    290.788    -0.1366     4.6654     0.0855     0.0855     0.0201     0.0195      99859    69.3458     100.00     2.3101     2.0207          7  0.000e+00
    200.434   78.24196  176.24754    202.664     0.5712     0.5709  29.395654  29.393666    34.7027    34.7005    297.558    290.794    -0.1366     4.6654     0.0855     0.0855     0.0201     0.0195      99860    69.3465     100.00     2.3113     2.0207          7  0.000e+00
    200.393   78.24196  176.24754    202.623     0.5712     0.5710  29.395839  29.393957    34.7029    34.7007    297.356    291.027    -0.1366     4.6667     0.0855     0.0855     0.0191     0.0195      99861    69.3472     100.00     2.3101     2.0219          7  0.000e+00
    200.393   78.24196  176.24754    202.623     0.5711     0.5707  29.395839  29.393899    34.7030    34.7010    297.557    291.029    -0.1366     4.6667     0.0867     0.0867     0.0191     0.0195      99862    69.3479     100.00     2.3113     2.0219          7  0.000e+00
    200.335   78.24196  176.24754    202.565     0.5710     0.5708  29.395839  29.394015    34.7033    34.7011    297.555    291.263    -0.1366     4.6667     0.0855     0.0855     0.0191     0.0195      99863    69.3486     100.00     2.3113     2.0231          7  0.000e+00
    200.434   78.24196  176.24754    202.664     0.5711     0.5710  29.395654  29.393899    34.7028    34.7006    297.359    291.739    -0.1366     4.6667     0.0855     0.0855     0.0191     0.0195      99864    69.3493     100.00     2.3101     2.0256          7  0.000e+00
    200.335   78.24196  176.24754    202.565     0.5710     0.5709  29.395653  29.393840    34.7030    34.7007    297.356    291.736    -0.1366     4.6654     0.0855     0.0855     0.0201     0.0195      99865    69.3500     100.00     2.3101     2.0256          7  0.000e+00
    200.458   78.24196  176.24754    202.689     0.5711     0.5708  29.395778  29.394307    34.7029    34.7014    297.359    291.740    -0.1366     4.6667     0.0855     0.0855     0.0191     0.0195      99866    69.3507     100.00     2.3101     2.0256          7  0.000e+00
    200.368   78.24196  176.24754    202.598     0.5708     0.5709  29.395219  29.394132    34.7026    34.7011    297.359    291.736    -0.1366     4.6667     0.0867     0.0867     0.0191     0.0195      99867    69.3514     100.00     2.3101     2.0256          7  0.000e+00
    200.335   78.24196  176.24754    202.565     0.5708     0.5710  29.395529  29.393899    34.7030    34.7006    297.357    291.971    -0.1366     4.6654     0.0855     0.0855     0.0201     0.0195      99868    69.3521     100.00     2.3101     2.0268          7  0.000e+00
    200.393   78.24196  176.24754    202.623     0.5705     0.5710  29.395592  29.394249    34.7035    34.7011    297.361    291.973    -0.1366     4.6654     0.0855     0.0855     0.0201     0.0195      99869    69.3528     100.00     2.3101     2.0268          7  0.000e+00
    200.434   78.24196  176.24754    202.664     0.5705     0.5710  29.395592  29.394016    34.7034    34.7007    297.363    291.975    -0.1366     4.6654     0.0855     0.0855     0.0201     0.0195      99870    69.3535     100.00     2.3101     2.0268          7  0.000e+00
    200.393   78.24196  176.24754    202.623     0.5706     0.5710  29.395406  29.394016    34.7030    34.7007    297.361    291.973    -0.1366     4.6654     0.0855     0.0855     0.0201     0.0195      99871    69.3542     100.00     2.3101     2.0268          7  0.000e+00
    200.393   78.24196  176.24754    202.623     0.5710     0.5712  29.395529  29.393899    34.7028    34.7005    297.358    291.736    -0.1366     4.6654     0.0867     0.0867     0.0201     0.0195      99872    69.3549     100.00     2.3101     2.0256          7  0.000e+00
    200.335   78.24196  176.24754    202.565     0.5708     0.5708  29.395343  29.393840    34.7028    34.7009    297.358    291.737    -0.1061     4.6654     0.0867     0.0867     0.0201     0.0208      99873    69.3556     100.00     2.3101     2.0256          7  0.000e+00
    200.434   78.24196  176.24754    202.664     0.5708     0.5710  29.395592  29.393841    34.7031    34.7005    297.361    291.502    -0.1366     4.6654     0.0855     0.0855     0.0201     0.0195      99874    69.3563     100.00     2.3101     2.0243          7  0.000e+00
    200.393   78.24196  176.24754    202.623     0.5708     0.5710  29.395344  29.393841    34.7028    34.7005    297.360    291.264    -0.1366     4.6654     0.0867     0.0867     0.0201     0.0195      99875    69.3569     100.00     2.3101     2.0231          7  0.000e+00
    200.393   78.24196  176.24754    202.623     0.5710     0.5712  29.395468  29.393491    34.7027    34.6999    297.358    291.027    -0.1366     4.6654     0.0855     0.0855     0.0201     0.0195      99876    69.3576     100.00     2.3101     2.0219          7  0.000e+00
    200.368   78.24196  176.24754    202.598     0.5706     0.5709  29.395219  29.393899    34.7028    34.7008    297.360    290.790    -0.1366     4.6654     0.0867     0.0867     0.0201     0.0195      99877    69.3583     100.00     2.3101     2.0207          7  0.000e+00
    200.393   78.24196  176.24754    202.623     0.5708     0.5710  29.395220  29.394132    34.7026    34.7009    297.560    290.789    -0.1366     4.6654     0.0855     0.0855     0.0201     0.0195      99878    69.3590     100.00     2.3113     2.0207          7  0.000e+00
    200.393   78.24196  176.24754    202.623     0.5706     0.5709  29.395282  29.393899    34.7029    34.7008    297.361    290.791    -0.1366     4.6654     0.0867     0.0867     0.0201     0.0195      99879    69.3597     100.00     2.3101     2.0207          7  0.000e+00
    200.368   78.24196  176.24754    202.598     0.5706     0.5709  29.395591  29.394074    34.7033    34.7010    297.559    290.553    -0.1366     4.6654     0.0855     0.0855     0.0201     0.0195      99880    69.3604     100.00     2.3113     2.0194          7  0.000e+00
    200.393   78.24196  176.24754    202.623     0.5705     0.5710  29.395344  29.394074    34.7031    34.7008    297.362    290.553    -0.1366     4.6654     0.0842     0.0842     0.0201     0.0195      99881    69.3611     100.00     2.3101     2.0194          7  0.000e+00
    200.393   78.24196  176.24754    202.623     0.5706     0.5707  29.395096  29.393899    34.7026    34.7010    297.361    290.555    -0.1671     4.6654     0.0830     0.0830     0.0201     0.0183      99882    69.3618     100.00     2.3101     2.0194          7  0.000e+00
    200.393   78.24196  176.24754    202.623     0.5708     0.5706  29.395220  29.393841    34.7026    34.7010    297.560    290.556    -0.1671     4.6654     0.0830     0.0830     0.0201     0.0183      99883    69.3625     100.00     2.3113     2.0194          7  0.000e+00
    200.434   78.24196  176.24754    202.665     0.5708     0.5706  29.395344  29.394074    34.7027    34.7013    297.361    290.794    -0.1976     4.6654     0.0830     0.0830     0.0201     0.0171      99884    69.3632     100.00     2.3101     2.0207          7  0.000e+00
    200.335   78.24196  176.24754    202.565     0.5706     0.5710  29.395715  29.393899    34.7035    34.7006    297.557    290.788    -0.1671     4.6654     0.0830     0.0830     0.0201     0.0183      99885    69.3639     100.00     2.3113     2.0207          7  0.000e+00
    200.459   78.24196  176.24754    202.689     0.5705     0.5710  29.395220  29.393841    34.7029    34.7005    297.565    290.556    -0.1671     4.6654     0.0818     0.0818     0.0201     0.0183      99886    69.3646     100.00     2.3113     2.0194          7  0.000e+00
    200.368   78.24196  176.24754    202.598     0.5706     0.5709  29.395281  29.394074    34.7029    34.7010    297.560    290.789    -0.1671     4.6654     0.0830     0.0830     0.0201     0.0183      99887    69.3653     100.00     2.3113     2.0207          7  0.000e+00
    174.785   78.24242  176.24774    176.719     0.1374     0.1366  28.938535  28.936392    34.6060    34.6041    301.660    294.334    -0.1366     4.6630     0.0855     0.0855     0.0222     0.0195     102914    71.4674     100.00     2.3182     2.0240          8  0.000e+00
    174.728   78.24242  176.24774    176.661     0.1374     0.1368  28.938535  28.936160    34.6060    34.6036    301.658    294.809    -0.1061     4.6630     0.0855     0.0855     0.0222     0.0208     102915    71.4681     100.00     2.3182     2.0264          8  0.000e+00
    174.728   78.24242  176.24774    176.661     0.1373     0.1365  28.938535  28.936508    34.6062    34.6044    301.861    294.810    -0.1366     4.6630     0.0855     0.0855     0.0222     0.0195     102916    71.4688     100.00     2.3194     2.0264          8  0.000e+00
    174.728   78.24244  176.24774    176.661     0.1373     0.1366  28.938535  28.936624    34.6062    34.6044    301.861    294.570    -0.1061     4.6630     0.0855     0.0855     0.0222     0.0208     102917    71.4694     100.00     2.3194     2.0252          8  0.000e+00
