Continuous CTD Data/01_SBE Stage/nabos_32_01avg.cnv
* Sea-Bird SBE 9 Data File:
* FileName = D:\CTD\data\HLY2502\raw\NABOS_32_01.hex
* Software Version Seasave V 7.26.7.110
* Temperature SN = 6954
* Conductivity SN = 2561
* Number of Bytes Per Scan = 37
* Number of Voltage Words = 4
* Number of Scans Averaged by the Deck Unit = 1
* NMEA Latitude = 79 56.86 N
* NMEA Longitude = 142 14.59 E
* NMEA UTC (Time) = Sep 23 2025  08:48:42
* NMEA baud rate = 9600
** Ship: USCG HEALY
** Bot. Depth:  1374
** Cast Number:  01
** Station Name:  NABOS
** Station Number:  32
** Operator:  STARC
** 250 m Ra cast
# nquan = 25
# nvalues = 251                         
# units = specified
# name 0 = depSM: Depth [salt water, m]
# name 1 = latitude: Latitude [deg]
# name 2 = longitude: Longitude [deg]
# name 3 = prDM: Pressure, Digiquartz [db]
# name 4 = t090C: Temperature [ITS-90, deg C]
# name 5 = t190C: Temperature, 2 [ITS-90, deg C]
# name 6 = c0mS/cm: Conductivity [mS/cm]
# name 7 = c1mS/cm: Conductivity, 2 [mS/cm]
# name 8 = sal00: Salinity, Practical [PSU]
# name 9 = sal11: Salinity, Practical, 2 [PSU]
# name 10 = sbox0Mm/Kg: Oxygen, SBE 43 [umol/kg]
# name 11 = sbox1Mm/Kg: Oxygen, SBE 43, 2 [umol/kg]
# name 12 = flECO-AFL: Fluorescence, WET Labs ECO-AFL/FL [mg/m^3]
# name 13 = v2: Voltage 2
# name 14 = wetCDOM: Fluorescence, WET Labs CDOM [mg/m^3]
# name 15 = v6: Voltage 6
# name 16 = CStarAt0: Beam Attenuation, WET Labs C-Star [1/m]
# name 17 = v3: Voltage 3
# name 18 = scan: Scan Count
# name 19 = timeM: Time, Elapsed [minutes]
# name 20 = altM: Altimeter [m]
# name 21 = sbeox0V: Oxygen raw, SBE 43 [V]
# name 22 = sbeox1V: Oxygen raw, SBE 43, 2 [V]
# name 23 = nbin: number of scans per bin
# name 24 = flag: flag
# span 0 =      3.958,    251.158       
# span 1 =   79.94750,   79.94772       
# span 2 =  142.23383,  142.24101       
# span 3 =      4.000,    254.000       
# span 4 =    -1.2972,     1.8701       
# span 5 =    -1.2987,     1.8702       
# span 6 =  23.823067,  30.649187       
# span 7 =  23.821333,  30.647317       
# span 8 =    29.3331,    34.8452       
# span 9 =    29.3310,    34.8431       
# span 10 =    294.785,    367.161      
# span 11 =    289.668,    360.484      
# span 12 =    -0.1735,     0.6468      
# span 13 =     4.4188,     4.6252      
# span 14 =     0.0830,     0.1275      
# span 15 =     0.0830,     0.1275      
# span 16 =     0.0548,     0.2377      
# span 17 =     0.0180,     0.0509      
# span 18 =       3328,      15402      
# span 19 =     2.3101,    10.6953      
# span 20 =      89.49,     101.11      
# span 21 =     2.3292,     2.5877      
# span 22 =     2.0474,     2.2606      
# span 23 =         11,         27      
# span 24 = 0.0000e+00, 0.0000e+00      
# interval = decibars: 1                
# start_time = Sep 23 2025 08:48:42 [NMEA time, header]
# bad_flag = -9.990e-29
*END*
      3.958   79.94772  142.24101      4.000    -1.2395    -1.2378  23.824802  23.824484    29.3331    29.3310    366.857    360.299     0.6452     4.4526     0.1248     0.1248     0.2071     0.0508       3328     2.3101     101.11     2.5846     2.2550         15 0.0000e+00
      4.947   79.94772  142.24093      5.000    -1.2433    -1.2449  23.823067  23.821333    29.3339    29.3332    367.058    360.421     0.6417     4.4639     0.1258     0.1258     0.1969     0.0507       3450     2.3952      89.49     2.5852     2.2551         16 0.0000e+00
      5.936   79.94772  142.24090      6.000    -1.2451    -1.2466  23.824637  23.821820    29.3372    29.3349    367.161    360.484     0.6464     4.4639     0.1240     0.1240     0.1969     0.0509       3504     2.4328     100.15     2.5855     2.2551         17 0.0000e+00
      6.926   79.94772  142.24087      7.000    -1.2448    -1.2414  23.826873  23.828931    29.3394    29.3388    367.057    360.153     0.6220     4.4582     0.1245     0.1245     0.2020     0.0499       3553     2.4670     100.00     2.5847     2.2536         21 0.0000e+00
      7.915   79.94772  142.24083      8.000    -1.2402    -1.2409  23.833075  23.830833    29.3427    29.3403    366.760    360.433     0.6468     4.4639     0.1243     0.1243     0.1969     0.0509       3607     2.5039     100.00     2.5830     2.2547         19 0.0000e+00
      8.905   79.94772  142.24080      9.000    -1.2404    -1.2324  23.833814  23.839610    29.3433    29.3433    366.670    360.404     0.6456     4.4634     0.1244     0.1244     0.1973     0.0508       3660     2.5412     100.00     2.5822     2.2549         24 0.0000e+00
      9.894   79.94772  142.24076     10.000    -1.2379    -1.2375  23.836416  23.835454    29.3438    29.3421    366.748    360.363     0.6439     4.4188     0.1236     0.1236     0.2377     0.0508       3710     2.5755     100.00     2.5825     2.2542         21 0.0000e+00
     10.883   79.94772  142.24074     11.000    -1.2368    -1.2275  23.836057  23.839950    29.3417    29.3378    366.672    360.042     0.6261     4.4666     0.1244     0.1244     0.1944     0.0501       3761     2.6111     100.00     2.5819     2.2528         25 0.0000e+00
     11.873   79.94772  142.24070     12.000    -1.2335    -1.2329  23.838440  23.836975    29.3412    29.3386    366.553    360.297     0.6300     4.4636     0.1235     0.1235     0.1972     0.0502       3813     2.6471     100.00     2.5811     2.2536         26 0.0000e+00
     12.862   79.94772  142.24067     13.000    -1.2078    -1.1886  23.863506  23.880676    29.3492    29.3533    366.123    359.308     0.6312     4.4634     0.1243     0.1243     0.1973     0.0503       3865     2.6834     100.00     2.5802     2.2511         26 0.0000e+00
     13.851   79.94772  142.24063     14.000    -1.0995    -1.0866  23.985247  23.995650    29.4062    29.4075    365.180    358.924     0.6014     4.4618     0.1234     0.1234     0.1987     0.0490       3915     2.7182     100.00     2.5823     2.2551         24 0.0000e+00
     14.841   79.94772  142.24061     15.000    -1.0654    -1.0548  24.023231  24.028554    29.4232    29.4199    365.040    358.714     0.5885     4.4659     0.1228     0.1228     0.1951     0.0485       3967     2.7541     100.00     2.5837     2.2557         21 0.0000e+00
     15.830   79.94772  142.24057     16.000    -0.9631    -0.9412  24.117297  24.138292    29.4483    29.4550    363.920    357.176     0.5864     4.4687     0.1230     0.1230     0.1926     0.0484       4021     2.7916     100.00     2.5839     2.2545         22 0.0000e+00
     16.819   79.94772  142.24054     17.000    -0.8471    -0.8212  24.285385  24.332313    29.5586    29.5958    362.849    356.042     0.5133     4.4697     0.1240     0.1240     0.1917     0.0456       4072     2.8268     100.00     2.5866     2.2569         22 0.0000e+00
     17.809   79.94772  142.24050     18.000    -0.7692    -0.7520  25.052525  25.051320    30.5061    30.4871    359.561    353.398     0.4166     4.4872     0.1253     0.1253     0.1761     0.0416       4123     2.8626     100.00     2.5877     2.2596         22 0.0000e+00
     18.798   79.94771  142.24047     19.000    -0.8478    -0.8397  25.622163  25.673122    31.3495    31.4095    357.334    351.011     0.3642     4.5058     0.1274     0.1274     0.1595     0.0396       4173     2.8972     100.00     2.5833     2.2555         26 0.0000e+00
     19.787   79.94770  142.24043     20.000    -0.9299    -0.8972  25.952960  26.016670    31.8805    31.9319    356.565    349.770     0.3131     4.5239     0.1275     0.1275     0.1434     0.0375       4224     2.9325     100.00     2.5821     2.2533         27 0.0000e+00
     20.777   79.94770  142.24040     21.000    -0.9472    -0.9382  26.098337  26.142197    32.0947    32.1445    356.913    350.696     0.2644     4.5392     0.1253     0.1253     0.1300     0.0356       4275     2.9680     100.00     2.5863     2.2584         19 0.0000e+00
     21.766   79.94770  142.24037     22.000    -0.9657    -0.9640  26.223154  26.238201    32.2828    32.3014    356.318    351.025     0.2471     4.5476     0.1247     0.1247     0.1225     0.0349       4324     3.0019     100.00     2.5845     2.2606         26 0.0000e+00
     22.755   79.94770  142.24033     23.000    -0.9943    -0.9903  26.342048  26.354730    32.4742    32.4871    355.040    350.396     0.2387     4.5533     0.1246     0.1246     0.1175     0.0346       4375     3.0378     100.00     2.5781     2.2584         21 0.0000e+00
     23.745   79.94770  142.24030     24.000    -1.0299    -1.0219  26.405591  26.413344    32.5984    32.6002    353.424    349.158     0.2322     4.5574     0.1244     0.1244     0.1138     0.0343       4428     3.0744     100.00     2.5681     2.2520         23 0.0000e+00
     24.734   79.94770  142.24026     25.000    -1.0460    -1.0322  26.423432  26.445318    32.6395    32.6543    351.524    346.799     0.2283     4.5617     0.1230     0.1230     0.1101     0.0341       4474     3.1062     100.00     2.5563     2.2402         22 0.0000e+00
     25.723   79.94770  142.24022     26.000    -1.0491    -1.0375  26.452085  26.477801    32.6812    32.7035    349.264    344.332     0.1980     4.5641     0.1225     0.1225     0.1080     0.0329       4528     3.1438     100.00     2.5433     2.2281         19 0.0000e+00
     26.713   79.94770  142.24019     27.000    -1.0546    -1.0401  26.507984  26.537763    32.7627    32.7873    347.180    342.131     0.1664     4.5650     0.1217     0.1217     0.1073     0.0316       4582     3.1813     100.00     2.5317     2.2180         19 0.0000e+00
     27.702   79.94770  142.24015     28.000    -1.0579    -1.0484  26.535906  26.546339    32.8036    32.8075    345.789    340.230     0.1669     4.5691     0.1221     0.1221     0.1036     0.0316       4628     3.2133     100.00     2.5238     2.2081         18 0.0000e+00
     28.691   79.94770  142.24011     29.000    -1.0828    -1.0763  26.555836  26.561272    32.8574    32.8577    344.037    338.762     0.1668     4.5707     0.1204     0.1204     0.1022     0.0316       4684     3.2522     100.00     2.5125     2.1999         16 0.0000e+00
     29.680   79.94770  142.24008     30.000    -1.1372    -1.1363  26.598326  26.607489    32.9745    32.9859    342.698    337.245     0.1670     4.5707     0.1189     0.1189     0.1022     0.0316       4738     3.2893     100.00     2.5030     2.1908         18 0.0000e+00
     30.670   79.94770  142.24004     31.000    -1.1087    -1.0981  26.681399  26.696703    33.0557    33.0650    340.704    336.094     0.1296     4.5727     0.1187     0.1187     0.1004     0.0302       4784     3.3216     100.00     2.4940     2.1878         16 0.0000e+00
     31.659   79.94770  142.24000     32.000    -1.0898    -1.0868  26.725814  26.738336    33.0948    33.1086    337.906    333.494     0.1033     4.5755     0.1170     0.1170     0.0980     0.0291       4839     3.3596     100.00     2.4790     2.1758         17 0.0000e+00
     32.648   79.94770  142.23997     33.000    -1.1084    -1.1046  26.763295  26.772687    33.1659    33.1744    335.669    331.096     0.1075     4.5759     0.1164     0.1164     0.0977     0.0293       4889     3.3944     100.00     2.4656     2.1637         17 0.0000e+00
     33.637   79.94769  142.23994     34.000    -1.0918    -1.0898  26.822865  26.832204    33.2281    33.2386    333.803    329.203     0.0704     4.5788     0.1137     0.1137     0.0952     0.0278       4937     3.4281     100.00     2.4563     2.1556         17 0.0000e+00
     34.627   79.94768  142.23989     35.000    -1.1009    -1.0977  26.863792  26.875100    33.2934    33.3053    332.262    327.450     0.0475     4.5811     0.1137     0.1137     0.0932     0.0269       4992     3.4660     100.00     2.4475     2.1471         17 0.0000e+00
     35.616   79.94768  142.23986     36.000    -1.0946    -1.0977  26.918658  26.920919    33.3606    33.3672    330.779    325.822     0.0333     4.5823     0.1119     0.1119     0.0921     0.0263       5045     3.5026     100.00     2.4399     2.1396         16 0.0000e+00
     36.605   79.94768  142.23983     37.000    -1.1356    -1.1343  26.905624  26.908322    33.3880    33.3902    329.636    324.658     0.0287     4.5838     0.1122     0.1122     0.0908     0.0261       5094     3.5366     100.00     2.4309     2.1321         17 0.0000e+00
     37.594   79.94768  142.23978     38.000    -1.0903    -1.0736  26.963362  26.987009    33.4156    33.4292    327.643    322.609     0.0229     4.5855     0.1105     0.1105     0.0894     0.0259       5145     3.5719     100.00     2.4220     2.1252         18 0.0000e+00
     38.584   79.94768  142.23976     39.000    -1.0972    -1.1152  27.001558  26.990740    33.4749    33.4802    326.443    321.887     0.0030     4.5860     0.1109     0.1109     0.0889     0.0251       5198     3.6093     100.00     2.4152     2.1200         16 0.0000e+00
     39.573   79.94768  142.23972     40.000    -1.1788    -1.1892  26.950233  26.943376    33.4953    33.4976    325.190    320.981    -0.0055     4.5867     0.1090     0.1090     0.0883     0.0248       5248     3.6438     100.00     2.4032     2.1119         16 0.0000e+00
     40.562   79.94768  142.23968     41.000    -1.1579    -1.1534  26.975163  26.979409    33.5054    33.5061    324.360    319.794    -0.0044     4.5888     0.1083     0.1083     0.0864     0.0248       5296     3.6774     100.00     2.3994     2.1076         18 0.0000e+00
     41.552   79.94768  142.23965     42.000    -1.1396    -1.1347  27.005464  27.012096    33.5257    33.5294    324.902    320.023    -0.0111     4.5897     0.1075     0.1075     0.0856     0.0245       5351     3.7151     100.00     2.4036     2.1098         18 0.0000e+00
     42.541   79.94768  142.23961     43.000    -1.1510    -1.1537  27.018065  27.018183    33.5551    33.5583    324.879    320.225    -0.0066     4.5882     0.1074     0.1074     0.0870     0.0247       5403     3.7516     100.00     2.4030     2.1100         19 0.0000e+00
     43.530   79.94768  142.23957     44.000    -1.1604    -1.1565  27.021064  27.025770    33.5691    33.5712    324.317    319.730    -0.0254     4.5902     0.1074     0.1074     0.0852     0.0240       5454     3.7871     100.00     2.3992     2.1073         22 0.0000e+00
     44.519   79.94768  142.23955     45.000    -1.1328    -1.1287  27.060936  27.066173    33.5921    33.5947    324.077    319.168    -0.0098     4.5922     0.1064     0.1064     0.0835     0.0246       5503     3.8211     100.00     2.3995     2.1060         19 0.0000e+00
     45.508   79.94768  142.23950     46.000    -1.1168    -1.1086  27.101002  27.109510    33.6284    33.6307    323.874    318.839    -0.0317     4.5913     0.1050     0.1050     0.0843     0.0237       5554     3.8562     100.00     2.3995     2.1055         18 0.0000e+00
     46.497   79.94768  142.23946     47.000    -1.1944    -1.2134  27.050825  27.037768    33.6462    33.6496    324.187    319.342    -0.0336     4.5915     0.1049     0.1049     0.0841     0.0236       5609     3.8944     100.00     2.3968     2.1031         24 0.0000e+00
     47.487   79.94768  142.23944     48.000    -1.2020    -1.1974  27.060094  27.065644    33.6668    33.6692    323.610    318.701    -0.0462     4.5921     0.1032     0.1032     0.0836     0.0232       5657     3.9280     100.00     2.3931     2.1007         23 0.0000e+00
     48.476   79.94767  142.23940     49.000    -1.2238    -1.2196  27.057702  27.061926    33.6874    33.6885    324.622    319.842    -0.0685     4.5939     0.1021     0.1021     0.0820     0.0223       5708     3.9634     100.00     2.3978     2.1053         22 0.0000e+00
     49.465   79.94766  142.23936     50.000    -1.2147    -1.2196  27.077891  27.076618    33.7043    33.7080    324.855    320.144    -0.0509     4.5945     0.1019     0.1019     0.0814     0.0230       5761     4.0001     100.00     2.3997     2.1068         26 0.0000e+00
     50.454   79.94766  142.23933     51.000    -1.2850    -1.2851  27.035782  27.036678    33.7251    33.7265    325.792    320.788    -0.0775     4.5955     0.1017     0.1017     0.0806     0.0219       5812     4.0353     100.00     2.4013     2.1069         18 0.0000e+00
     51.443   79.94766  142.23929     52.000    -1.2758    -1.2767  27.059519  27.059323    33.7468    33.7475    325.957    320.944    -0.0834     4.5968     0.1002     0.1002     0.0795     0.0217       5864     4.0716     100.00     2.4028     2.1081         22 0.0000e+00
     52.432   79.94766  142.23926     53.000    -1.2972    -1.2987  27.052501  27.051295    33.7607    33.7607    326.558    321.491    -0.0904     4.5985     0.0990     0.0990     0.0780     0.0214       5912     4.1045     100.00     2.4051     2.1097         18 0.0000e+00
     53.422   79.94766  142.23922     54.000    -1.2956    -1.2904  27.058418  27.062922    33.7662    33.7667    327.006    322.008    -0.0567     4.6001     0.0990     0.0990     0.0765     0.0227       5965     4.1415     100.00     2.4076     2.1126         22 0.0000e+00
     54.411   79.94766  142.23918     55.000    -1.2366    -1.2302  27.116687  27.123085    33.7790    33.7806    327.285    322.080    -0.0814     4.6003     0.1001     0.1001     0.0763     0.0218       6019     4.1793     100.00     2.4126     2.1158         20 0.0000e+00
     55.400   79.94766  142.23916     56.000    -1.2043    -1.1991  27.157182  27.161675    33.7974    33.7978    326.980    321.643    -0.0873     4.6007     0.1001     0.1001     0.0760     0.0215       6066     4.2116     100.00     2.4127     2.1151         23 0.0000e+00
     56.389   79.94766  142.23911     57.000    -1.1779    -1.1734  27.185049  27.188547    33.8052    33.8050    325.711    320.700    -0.0857     4.6004     0.0996     0.0996     0.0763     0.0216       6119     4.2486     100.00     2.4066     2.1116         27 0.0000e+00
     57.378   79.94766  142.23908     58.000    -1.1741    -1.1708  27.198759  27.202007    33.8191    33.8198    324.205    319.549    -0.0831     4.5992     0.0984     0.0984     0.0773     0.0217       6174     4.2868     100.00     2.3980     2.1059         24 0.0000e+00
     58.367   79.94766  142.23905     59.000    -1.1568    -1.1472  27.219409  27.227429    33.8272    33.8274    323.044    318.406    -0.0904     4.5995     0.0983     0.0983     0.0771     0.0214       6220     4.3187     100.00     2.3920     2.1013         20 0.0000e+00
     59.357   79.94766  142.23901     60.000    -1.1308    -1.1205  27.249538  27.260073    33.8384    33.8412    322.300    317.657    -0.0826     4.5998     0.0995     0.0995     0.0768     0.0217       6274     4.3563     100.00     2.3890     2.0988         25 0.0000e+00
