Continuous CTD Data/01_SBE Stage/nabos_18_01avg.cnv
* Sea-Bird SBE 9 Data File:
* FileName = D:\CTD\data\HLY2502\raw\NABOS_18_01.hex
* Software Version Seasave V 7.26.7.110
* Temperature SN = 6954
* Conductivity SN = 2561
* Number of Bytes Per Scan = 37
* Number of Voltage Words = 4
* Number of Scans Averaged by the Deck Unit = 1
* NMEA Latitude = 77 52.02 N
* NMEA Longitude = 177 13.45 E
* NMEA UTC (Time) = Sep 17 2025  18:13:44
* NMEA baud rate = 9600
** Ship: USCG HEALY
** Bot. Depth:  1532
** Cast Number:  01
** Station Name:  NABOS
** Station Number:  18
** Operator:  STARC
# nquan = 25
# nvalues = 1215                        
# units = specified
# name 0 = depSM: Depth [salt water, m]
# name 1 = latitude: Latitude [deg]
# name 2 = longitude: Longitude [deg]
# name 3 = prDM: Pressure, Digiquartz [db]
# name 4 = t090C: Temperature [ITS-90, deg C]
# name 5 = t190C: Temperature, 2 [ITS-90, deg C]
# name 6 = c0mS/cm: Conductivity [mS/cm]
# name 7 = c1mS/cm: Conductivity, 2 [mS/cm]
# name 8 = sal00: Salinity, Practical [PSU]
# name 9 = sal11: Salinity, Practical, 2 [PSU]
# name 10 = sbox0Mm/Kg: Oxygen, SBE 43 [umol/kg]
# name 11 = sbox1Mm/Kg: Oxygen, SBE 43, 2 [umol/kg]
# name 12 = flECO-AFL: Fluorescence, WET Labs ECO-AFL/FL [mg/m^3]
# name 13 = v2: Voltage 2
# name 14 = wetCDOM: Fluorescence, WET Labs CDOM [mg/m^3]
# name 15 = v6: Voltage 6
# name 16 = CStarAt0: Beam Attenuation, WET Labs C-Star [1/m]
# name 17 = v3: Voltage 3
# name 18 = scan: Scan Count
# name 19 = timeM: Time, Elapsed [minutes]
# name 20 = altM: Altimeter [m]
# name 21 = sbeox0V: Oxygen raw, SBE 43 [V]
# name 22 = sbeox1V: Oxygen raw, SBE 43, 2 [V]
# name 23 = nbin: number of scans per bin
# name 24 = flag: flag
# span 0 =      2.968,   1200.700       
# span 1 =   77.86717,   77.86839       
# span 2 =  177.22536,  177.23520       
# span 3 =      3.000,   1217.000       
# span 4 =    -1.7833,     0.9267       
# span 5 =    -1.7827,     0.9268       
# span 6 =  24.159526,  29.801796       
# span 7 =  24.158491,  29.800161       
# span 8 =    30.1915,    34.8689       
# span 9 =    30.1895,    34.8668       
# span 10 =    290.162,    373.000      
# span 11 =    273.864,    367.975      
# span 12 =    -0.1841,     0.4370      
# span 13 =     4.4821,     4.6736      
# span 14 =     0.0810,     0.1165      
# span 15 =     0.0810,     0.1165      
# span 16 =     0.0131,     0.1841      
# span 17 =     0.0176,     0.0424      
# span 18 =       3169,      42734      
# span 19 =     2.2000,    29.6754      
# span 20 =     100.00,     100.00      
# span 21 =     2.0071,     2.6129      
# span 22 =     1.7420,     2.2825      
# span 23 =          1,         29      
# span 24 = 0.0000e+00, 0.0000e+00      
# interval = decibars: 1                
# start_time = Sep 17 2025 18:13:44 [NMEA time, header]
# bad_flag = -9.990e-29
*END*
[from data line 464]
    461.572   77.86772  177.22948    467.000     0.4778     0.4774  29.518136  29.515725    34.8106    34.8080    296.541    292.358    -0.1514     4.6728     0.0823     0.0823     0.0138     0.0189      20406    14.1705     100.00     2.2399     1.9745         18 0.0000e+00
    462.559   77.86772  177.22950    468.000     0.4696     0.4698  29.511013  29.509377    34.8100    34.8076    296.491    292.577    -0.1719     4.6726     0.0825     0.0825     0.0140     0.0181      20435    14.1900     100.00     2.2389     1.9750         16 0.0000e+00
    463.546   77.86773  177.22950    469.000     0.4615     0.4615  29.504327  29.502478    34.8098    34.8074    296.584    292.506    -0.1760     4.6725     0.0830     0.0830     0.0141     0.0179      20463    14.2096     100.00     2.2388     1.9741         20 0.0000e+00
    464.534   77.86774  177.22951    470.000     0.4567     0.4568  29.500467  29.498620    34.8095    34.8071    296.808    292.408    -0.1594     4.6729     0.0831     0.0831     0.0137     0.0186      20491    14.2289     100.00     2.2397     1.9732         16 0.0000e+00
    465.521   77.86774  177.22952    471.000     0.4498     0.4496  29.494827  29.492637    34.8094    34.8067    296.850    293.253    -0.1542     4.6729     0.0822     0.0822     0.0137     0.0188      20519    14.2485     100.00     2.2394     1.9769         19 0.0000e+00
    466.508   77.86774  177.22953    472.000     0.4344     0.4332  29.481722  29.478662    34.8090    34.8063    296.856    293.397    -0.1790     4.6725     0.0834     0.0834     0.0141     0.0178      20547    14.2678     100.00     2.2384     1.9767         16 0.0000e+00
    467.495   77.86774  177.22954    473.000     0.4303     0.4304  29.478301  29.476524    34.8086    34.8061    296.840    292.993    -0.1369     4.6720     0.0843     0.0843     0.0145     0.0195      20575    14.2876     100.00     2.2378     1.9744         22 0.0000e+00
    468.483   77.86774  177.22956    474.000     0.4310     0.4311  29.479373  29.477578    34.8086    34.8061    296.738    292.770    -0.1669     4.6716     0.0841     0.0841     0.0149     0.0183      20603    14.3069     100.00     2.2370     1.9732         20 0.0000e+00
    469.470   77.86774  177.22956    475.000     0.4347     0.4348  29.483063  29.481462    34.8086    34.8064    296.635    292.757    -0.1491     4.6716     0.0831     0.0831     0.0149     0.0190      20631    14.3265     100.00     2.2364     1.9731         19 0.0000e+00
    470.457   77.86774  177.22957    476.000     0.4341     0.4342  29.483286  29.481524    34.8090    34.8066    296.657    292.892    -0.1731     4.6711     0.0834     0.0834     0.0153     0.0181      20659    14.3460     100.00     2.2363     1.9735         16 0.0000e+00
    471.444   77.86774  177.22958    477.000     0.4341     0.4342  29.483946  29.482181    34.8092    34.8068    296.722    293.481    -0.1721     4.6705     0.0831     0.0831     0.0157     0.0181      20687    14.3655     100.00     2.2364     1.9763         18 0.0000e+00
    472.431   77.86774  177.22959    478.000     0.4347     0.4349  29.484991  29.483221    34.8093    34.8069    296.792    292.697    -0.1743     4.6705     0.0831     0.0831     0.0158     0.0180      20715    14.3848     100.00     2.2366     1.9722         17 0.0000e+00
    473.419   77.86774  177.22960    479.000     0.4360     0.4361  29.486635  29.484934    34.8095    34.8071    296.950    293.261    -0.1636     4.6702     0.0831     0.0831     0.0160     0.0184      20743    14.4044     100.00     2.2374     1.9749         16 0.0000e+00
    474.406   77.86774  177.22960    480.000     0.4379     0.4378  29.488847  29.486994    34.8097    34.8073    296.973    292.905    -0.1588     4.6704     0.0838     0.0838     0.0158     0.0186      20771    14.4239     100.00     2.2374     1.9730         15 0.0000e+00
    475.393   77.86774  177.22962    481.000     0.4381     0.4382  29.489440  29.487696    34.8096    34.8072    296.959    292.807    -0.1456     4.6703     0.0840     0.0840     0.0159     0.0191      20800    14.4436     100.00     2.2371     1.9723         20 0.0000e+00
    476.380   77.86774  177.22963    482.000     0.4385     0.4387  29.490389  29.488612    34.8097    34.8073    296.918    293.037    -0.1647     4.6704     0.0827     0.0827     0.0158     0.0184      20828    14.4630     100.00     2.2366     1.9733         18 0.0000e+00
    477.368   77.86774  177.22964    483.000     0.4414     0.4413  29.493511  29.491597    34.8100    34.8076    296.781    292.588    -0.1692     4.6702     0.0827     0.0827     0.0160     0.0182      20855    14.4821     100.00     2.2358     1.9710         15 0.0000e+00
    478.355   77.86774  177.22964    484.000     0.4413     0.4412  29.493900  29.492145    34.8101    34.8079    296.740    292.835    -0.1456     4.6696     0.0831     0.0831     0.0165     0.0192      20884    14.5019     100.00     2.2353     1.9720         18 0.0000e+00
    479.342   77.86774  177.22966    485.000     0.4415     0.4415  29.494515  29.492708    34.8101    34.8077    296.635    293.083    -0.1286     4.6702     0.0840     0.0840     0.0160     0.0198      20911    14.5212     100.00     2.2345     1.9731         17 0.0000e+00
    480.329   77.86774  177.22966    486.000     0.4407     0.4408  29.494394  29.492567    34.8102    34.8077    296.393    293.205    -0.1366     4.6702     0.0844     0.0844     0.0160     0.0195      20940    14.5407     100.00     2.2328     1.9735         17 0.0000e+00
    481.316   77.86774  177.22968    487.000     0.4390     0.4389  29.493255  29.491383    34.8100    34.8077    296.343    292.646    -0.1559     4.6700     0.0831     0.0831     0.0162     0.0187      20968    14.5601     100.00     2.2322     1.9704         16 0.0000e+00
    482.303   77.86774  177.22968    488.000     0.4419     0.4419  29.496391  29.494598    34.8103    34.8079    296.449    292.759    -0.1557     4.6700     0.0835     0.0835     0.0162     0.0188      20996    14.5796     100.00     2.2327     1.9709         16 0.0000e+00
    483.291   77.86775  177.22969    489.000     0.4450     0.4449  29.499829  29.497820    34.8107    34.8082    296.505    293.543    -0.1781     4.6699     0.0838     0.0838     0.0163     0.0179      21023    14.5987     100.00     2.2330     1.9747         13 0.0000e+00
    484.278   77.86776  177.22970    490.000     0.4419     0.4419  29.497664  29.495822    34.8108    34.8084    296.663    292.978    -0.1374     4.6705     0.0834     0.0834     0.0157     0.0195      21052    14.6186     100.00     2.2335     1.9716         14 0.0000e+00
    485.265   77.86776  177.22970    491.000     0.4371     0.4369  29.493794  29.491735    34.8105    34.8080    296.648    293.090    -0.1709     4.6708     0.0824     0.0824     0.0155     0.0181      21080    14.6382     100.00     2.2329     1.9718         16 0.0000e+00
    486.252   77.86776  177.22972    492.000     0.4216     0.4207  29.480842  29.477951    34.8104    34.8077    296.691    293.238    -0.1755     4.6707     0.0829     0.0829     0.0156     0.0180      21108    14.6576     100.00     2.2322     1.9716         15 0.0000e+00
    487.239   77.86776  177.22972    493.000     0.4166     0.4166  29.476725  29.474935    34.8101    34.8077    296.636    292.729    -0.1722     4.6709     0.0840     0.0840     0.0154     0.0181      21135    14.6767     100.00     2.2314     1.9688         12 0.0000e+00
    488.226   77.86776  177.22973    494.000     0.4152     0.4152  29.476301  29.474349    34.8105    34.8080    296.676    293.280    -0.1693     4.6705     0.0844     0.0844     0.0158     0.0182      21164    14.6965     100.00     2.2313     1.9712         14 0.0000e+00
    489.213   77.86776  177.22974    495.000     0.4085     0.4083  29.470807  29.468699    34.8103    34.8078    296.729    292.524    -0.1597     4.6701     0.0833     0.0833     0.0161     0.0186      21192    14.7160     100.00     2.2311     1.9670         16 0.0000e+00
    490.201   77.86776  177.22974    496.000     0.3888     0.3882  29.454014  29.451385    34.8099    34.8072    296.751    292.499    -0.1478     4.6704     0.0840     0.0840     0.0158     0.0191      21220    14.7353     100.00     2.2300     1.9658         14 0.0000e+00
    491.188   77.86776  177.22976    497.000     0.3793     0.3795  29.446035  29.444183    34.8096    34.8069    296.545    292.790    -0.1475     4.6704     0.0835     0.0835     0.0158     0.0191      21248    14.7548     100.00     2.2280     1.9667         14 0.0000e+00
    492.175   77.86776  177.22976    498.000     0.3788     0.3788  29.445811  29.443983    34.8093    34.8068    296.503    293.163    -0.1350     4.6702     0.0834     0.0834     0.0160     0.0196      21276    14.7742     100.00     2.2275     1.9683         15 0.0000e+00
    493.162   77.86776  177.22977    499.000     0.3775     0.3775  29.445057  29.443322    34.8092    34.8068    296.412    292.814    -0.1423     4.6703     0.0832     0.0832     0.0159     0.0193      21304    14.7937     100.00     2.2267     1.9664         16 0.0000e+00
    494.149   77.86776  177.22978    500.000     0.3802     0.3805  29.447827  29.446373    34.8092    34.8069    296.365    293.290    -0.1713     4.6704     0.0841     0.0841     0.0158     0.0181      21332    14.8132     100.00     2.2263     1.9686         17 0.0000e+00
    495.136   77.86776  177.22978    501.000     0.3798     0.3799  29.447985  29.445974    34.8092    34.8065    296.544    293.418    -0.1670     4.6703     0.0832     0.0832     0.0159     0.0183      21360    14.8324     100.00     2.2271     1.9691         15 0.0000e+00
    496.123   77.86776  177.22978    502.000     0.3838     0.3840  29.452310  29.450692    34.8098    34.8075    296.562    293.477    -0.1690     4.6701     0.0831     0.0831     0.0161     0.0182      21388    14.8521     100.00     2.2272     1.9693         17 0.0000e+00
    497.110   77.86776  177.22980    503.000     0.3841     0.3842  29.453291  29.451476    34.8101    34.8076    296.470    292.325    -0.1615     4.6698     0.0823     0.0823     0.0164     0.0185      21416    14.8715     100.00     2.2265     1.9635         17 0.0000e+00
    498.098   77.86776  177.22980    504.000     0.3842     0.3843  29.453875  29.452028    34.8101    34.8076    296.411    293.316    -0.1510     4.6696     0.0831     0.0831     0.0166     0.0189      21444    14.8908     100.00     2.2259     1.9682         15 0.0000e+00
    499.085   77.86776  177.22980    505.000     0.3838     0.3839  29.453902  29.452225    34.8101    34.8078    296.524    293.155    -0.1427     4.6700     0.0830     0.0830     0.0162     0.0193      21472    14.9103     100.00     2.2263     1.9672         15 0.0000e+00
    500.072   77.86776  177.22981    506.000     0.3813     0.3816  29.452175  29.450722    34.8100    34.8077    296.615    292.958    -0.1347     4.6696     0.0834     0.0834     0.0166     0.0196      21500    14.9298     100.00     2.2265     1.9659         16 0.0000e+00
    501.059   77.86776  177.22982    507.000     0.3746     0.3744  29.447014  29.444885    34.8102    34.8076    296.624    292.919    -0.1390     4.6694     0.0844     0.0844     0.0167     0.0194      21528    14.9493     100.00     2.2260     1.9652         16 0.0000e+00
    502.046   77.86776  177.22982    508.000     0.3727     0.3725  29.445638  29.443572    34.8100    34.8075    296.569    293.075    -0.1695     4.6700     0.0834     0.0834     0.0162     0.0182      21556    14.9685     100.00     2.2253     1.9657         15 0.0000e+00
    503.033   77.86776  177.22984    509.000     0.3699     0.3700  29.443587  29.441787    34.8099    34.8074    296.635    293.251    -0.1712     4.6703     0.0841     0.0841     0.0159     0.0181      21584    14.9880     100.00     2.2253     1.9663         15 0.0000e+00
    504.020   77.86776  177.22984    510.000     0.3686     0.3686  29.442810  29.441046    34.8097    34.8074    296.729    292.643    -0.1715     4.6703     0.0831     0.0831     0.0159     0.0181      21612    15.0074     100.00     2.2256     1.9631         14 0.0000e+00
    505.007   77.86776  177.22984    511.000     0.3676     0.3677  29.442398  29.440702    34.8097    34.8074    296.825    293.091    -0.1673     4.6708     0.0835     0.0835     0.0155     0.0183      21639    15.0266     100.00     2.2259     1.9650         13 0.0000e+00
    505.994   77.86777  177.22985    512.000     0.3663     0.3663  29.441750  29.439981    34.8098    34.8075    296.904    292.602    -0.1528     4.6704     0.0834     0.0834     0.0158     0.0189      21667    15.0461     100.00     2.2261     1.9624         16 0.0000e+00
    506.981   77.86778  177.22986    513.000     0.3652     0.3652  29.441248  29.439410    34.8098    34.8073    296.933    291.259    -0.1529     4.6708     0.0812     0.0812     0.0155     0.0189      21695    15.0653     100.00     2.2259     1.9555         15 0.0000e+00
    507.968   77.86778  177.22986    514.000     0.3631     0.3631  29.439807  29.438037    34.8096    34.8073    297.059    293.189    -0.1588     4.6712     0.0828     0.0828     0.0152     0.0186      21723    15.0849     100.00     2.2264     1.9648         15 0.0000e+00
    508.955   77.86778  177.22986    515.000     0.3618     0.3619  29.439122  29.437400    34.8096    34.8072    297.071    293.153    -0.1456     4.6714     0.0824     0.0824     0.0150     0.0191      21751    15.1043     100.00     2.2262     1.9643         17 0.0000e+00
    509.942   77.86778  177.22986    516.000     0.3605     0.3605  29.438387  29.436647    34.8095    34.8072    297.118    293.489    -0.1801     4.6712     0.0831     0.0831     0.0152     0.0178      21779    15.1239     100.00     2.2261     1.9657         20 0.0000e+00
    510.929   77.86778  177.22988    517.000     0.3590     0.3590  29.437617  29.435738    34.8096    34.8071    297.233    293.430    -0.1716     4.6716     0.0831     0.0831     0.0149     0.0181      21807    15.1432     100.00     2.2265     1.9652         19 0.0000e+00
    511.916   77.86778  177.22988    518.000     0.3577     0.3577  29.436788  29.435086    34.8095    34.8072    297.311    293.449    -0.1709     4.6713     0.0834     0.0834     0.0151     0.0181      21835    15.1626     100.00     2.2266     1.9651         16 0.0000e+00
    512.904   77.86778  177.22988    519.000     0.3567     0.3567  29.436335  29.434569    34.8093    34.8070    297.247    293.159    -0.1367     4.6725     0.0837     0.0837     0.0141     0.0195      21863    15.1821     100.00     2.2260     1.9634         18 0.0000e+00
    513.890   77.86778  177.22989    520.000     0.3544     0.3544  29.434820  29.432981    34.8094    34.8070    297.095    292.762    -0.1756     4.6726     0.0819     0.0819     0.0140     0.0180      21891    15.2015     100.00     2.2248     1.9611         20 0.0000e+00
    514.878   77.86778  177.22990    521.000     0.3525     0.3525  29.433619  29.431947    34.8093    34.8071    296.958    293.583    -0.1729     4.6722     0.0826     0.0826     0.0144     0.0181      21919    15.2209     100.00     2.2236     1.9649         21 0.0000e+00
    515.864   77.86778  177.22990    522.000     0.3519     0.3519  29.433517  29.431818    34.8093    34.8071    297.016    293.268    -0.1743     4.6718     0.0833     0.0833     0.0147     0.0180      21947    15.2401     100.00     2.2237     1.9631         17 0.0000e+00
    516.851   77.86778  177.22990    523.000     0.3478     0.3474  29.430423  29.428178    34.8093    34.8068    297.193    294.036    -0.1696     4.6726     0.0830     0.0830     0.0140     0.0182      21975    15.2596     100.00     2.2243     1.9666         20 0.0000e+00
