Continuous CTD Data/01_SBE Stage/nabos_09_01.ros
* Sea-Bird SBE 9 Data File:
* FileName = D:\CTD\data\HLY2502\raw\NABOS_09_01.hex
* Software Version Seasave V 7.26.7.110
* Temperature SN = 6954
* Conductivity SN = 2561
* Number of Bytes Per Scan = 37
* Number of Voltage Words = 4
* Number of Scans Averaged by the Deck Unit = 1
* NMEA Latitude = 76 19.84 N
* NMEA Longitude = 178 34.73 E
* NMEA UTC (Time) = Sep 15 2025  03:07:08
* NMEA baud rate = 9600
** Ship: USCG HEALY
** Bot. Depth:  1161
** Cast Number:  01
** Station Name:  NABOS
** Station Number:  09
** Operator:  STARC
# nquan = 25
# nvalues = 1176                                  
# units = specified
# name 0 = depSM: Depth [salt water, m]
# name 1 = latitude: Latitude [deg]
# name 2 = longitude: Longitude [deg]
# name 3 = prDM: Pressure, Digiquartz [db]
# name 4 = t090C: Temperature [ITS-90, deg C]
# name 5 = t190C: Temperature, 2 [ITS-90, deg C]
# name 6 = c0mS/cm: Conductivity [mS/cm]
# name 7 = c1mS/cm: Conductivity, 2 [mS/cm]
# name 8 = sal00: Salinity, Practical [PSU]
# name 9 = sal11: Salinity, Practical, 2 [PSU]
# name 10 = sbox0Mm/Kg: Oxygen, SBE 43 [umol/kg]
# name 11 = sbox1Mm/Kg: Oxygen, SBE 43, 2 [umol/kg]
# name 12 = flECO-AFL: Fluorescence, WET Labs ECO-AFL/FL [mg/m^3]
# name 13 = v2: Voltage 2
# name 14 = wetCDOM: Fluorescence, WET Labs CDOM [mg/m^3]
# name 15 = v6: Voltage 6
# name 16 = CStarAt0: Beam Attenuation, WET Labs C-Star [1/m]
# name 17 = v3: Voltage 3
# name 18 = scan: Scan Count
# name 19 = timeM: Time, Elapsed [minutes]
# name 20 = altM: Altimeter [m]
# name 21 = sbeox0V: Oxygen raw, SBE 43 [V]
# name 22 = sbeox1V: Oxygen raw, SBE 43, 2 [V]
# name 23 = nbf: Bottles Fired
# name 24 = flag:  0.000e+00
# interval = seconds: 0.0416667
# start_time = Sep 15 2025 03:07:08 [NMEA time, header]
# bad_flag = -9.990e-29
*END*
[from data line 812]
     40.189   76.33218  178.57974     40.618    -1.6524    -1.6525  25.160376  25.157177    31.5545    31.5502    357.634    348.087     0.0466     4.6422     0.1209     0.1209     0.0401     0.0269      34657    24.0667     100.00     2.5321     2.1962         17  0.000e+00
     40.189   76.33218  178.57974     40.618    -1.6524    -1.6526  25.160435  25.156957    31.5546    31.5500    357.634    348.089     0.0160     4.6422     0.1209     0.1209     0.0401     0.0256      34658    24.0674     100.00     2.5321     2.1962         17  0.000e+00
     40.189   76.33218  178.57974     40.618    -1.6526    -1.6523  25.160494  25.156901    31.5548    31.5496    357.635    347.834     0.0160     4.6422     0.1209     0.1209     0.0401     0.0256      34659    24.0681     100.00     2.5321     2.1949         17  0.000e+00
     40.189   76.33218  178.57974     40.618    -1.6528    -1.6525  25.160669  25.157067    31.5553    31.5500    357.636    347.834     0.0160     4.6422     0.1209     0.1209     0.0401     0.0256      34660    24.0688     100.00     2.5321     2.1949         17  0.000e+00
     40.247   76.33218  178.57974     40.676    -1.6526    -1.6526  25.160552  25.157122    31.5549    31.5502    357.638    347.838     0.0466     4.6422     0.1209     0.1209     0.0401     0.0269      34661    24.0694     100.00     2.5321     2.1949         17  0.000e+00
     40.099   76.33218  178.57974     40.526    -1.6525    -1.6525  25.160669  25.157893    31.5550    31.5512    357.629    347.573     0.0160     4.6422     0.1209     0.1209     0.0401     0.0256      34662    24.0701     100.00     2.5321     2.1937         17  0.000e+00
     40.247   76.33218  178.57974     40.676    -1.6524    -1.6526  25.160552  25.158114    31.5547    31.5516    357.637    347.581     0.0466     4.6422     0.1209     0.1209     0.0401     0.0269      34663    24.0708     100.00     2.5321     2.1937         17  0.000e+00
     40.132   76.33218  178.57974     40.559    -1.6526    -1.6523  25.160493  25.158113    31.5549    31.5513    357.632    347.573     0.0466     4.6422     0.1209     0.1209     0.0401     0.0269      34664    24.0715     100.00     2.5321     2.1937         17  0.000e+00
     40.189   76.33218  178.57974     40.618    -1.6526    -1.6526  25.160318  25.157783    31.5546    31.5511    357.422    347.579     0.0466     4.6422     0.1209     0.1209     0.0401     0.0269      34665    24.0722     100.00     2.5309     2.1937         17  0.000e+00
     40.247   76.33218  178.57974     40.676    -1.6528    -1.6525  25.160435  25.157618    31.5549    31.5507    357.640    347.582     0.0466     4.6410     0.1209     0.1209     0.0411     0.0269      34666    24.0729     100.00     2.5321     2.1937         17  0.000e+00
     40.189   76.33218  178.57974     40.618    -1.6524    -1.6525  25.160318  25.157287    31.5544    31.5503    357.635    347.327     0.0466     4.6422     0.1209     0.1209     0.0401     0.0269      34667    24.0736     100.00     2.5321     2.1925         17  0.000e+00
     40.189   76.33218  178.57974     40.618    -1.6524    -1.6526  25.160435  25.157342    31.5546    31.5505    357.634    347.327     0.0160     4.6422     0.1209     0.1209     0.0401     0.0256      34668    24.0743     100.00     2.5321     2.1925         17  0.000e+00
     40.132   76.33218  178.57974     40.559    -1.6528    -1.6526  25.160318  25.157397    31.5548    31.5506    357.634    347.324     0.0160     4.6422     0.1209     0.1209     0.0401     0.0256      34669    24.0750     100.00     2.5321     2.1925         17  0.000e+00
     40.222   76.33218  178.57974     40.651    -1.6524    -1.6526  25.160259  25.157948    31.5543    31.5513    357.636    347.580     0.0466     4.6422     0.1209     0.1209     0.0401     0.0269      34670    24.0757     100.00     2.5321     2.1937         17  0.000e+00
     40.189   76.33218  178.57974     40.617    -1.6526    -1.6526  25.160083  25.158169    31.5543    31.5517    357.637    347.578     0.0466     4.6422     0.1209     0.1209     0.0401     0.0269      34671    24.0764     100.00     2.5321     2.1937         17  0.000e+00
     40.189   76.33218  178.57974     40.617    -1.6526    -1.6528  25.160201  25.158279    31.5544    31.5520    357.636    347.832     0.0466     4.6422     0.1209     0.1209     0.0401     0.0269      34672    24.0771     100.00     2.5321     2.1949         17  0.000e+00
     40.189   76.33218  178.57974     40.617    -1.6526    -1.6525  25.160259  25.158554    31.5545    31.5521    357.636    347.829     0.0160     4.6422     0.1221     0.1221     0.0401     0.0256      34673    24.0778     100.00     2.5321     2.1949         17  0.000e+00
     40.189   76.33218  178.57974     40.617    -1.6526    -1.6526  25.159498  25.158444    31.5535    31.5520    357.640    347.830     0.0160     4.6422     0.1209     0.1209     0.0401     0.0256      34674    24.0785     100.00     2.5321     2.1949         17  0.000e+00
     40.189   76.33218  178.57974     40.617    -1.6528    -1.6528  25.158326  25.158334    31.5520    31.5521    357.645    347.832     0.0160     4.6422     0.1209     0.1209     0.0401     0.0256      34675    24.0792     100.00     2.5321     2.1949         17  0.000e+00
     40.189   76.33218  178.57974     40.617    -1.6526    -1.6525  25.156979  25.158554    31.5500    31.5521    357.649    347.829     0.0466     4.6422     0.1209     0.1209     0.0401     0.0269      34676    24.0799     100.00     2.5321     2.1949         17  0.000e+00
     40.222   76.33218  178.57974     40.651    -1.6524    -1.6529  25.155281  25.157673    31.5475    31.5513    357.870    347.837     0.0466     4.6422     0.1209     0.1209     0.0401     0.0269      34677    24.0806     100.00     2.5333     2.1949         17  0.000e+00
     40.188   76.33220  178.57976     40.617    -1.6537    -1.6525  25.145734  25.159050    31.5357    31.5527    357.487    348.333     0.0160     4.6422     0.1221     0.1221     0.0401     0.0256      34816    24.1771     100.00     2.5309     2.1974         18  0.000e+00
     40.188   76.33220  178.57976     40.617    -1.6537    -1.6525  25.144563  25.158940    31.5340    31.5526    357.491    348.334     0.0160     4.6422     0.1221     0.1221     0.0401     0.0256      34817    24.1778     100.00     2.5309     2.1974         18  0.000e+00
     40.246   76.33220  178.57976     40.675    -1.6537    -1.6525  25.143099  25.159050    31.5321    31.5527    357.286    348.336     0.0160     4.6410     0.1221     0.1221     0.0411     0.0256      34818    24.1785     100.00     2.5297     2.1974         18  0.000e+00
     40.188   76.33220  178.57976     40.617    -1.6537    -1.6527  25.142923  25.158885    31.5318    31.5527    357.283    348.082     0.0160     4.6422     0.1221     0.1221     0.0401     0.0256      34819    24.1792     100.00     2.5297     2.1962         18  0.000e+00
     40.156   76.33220  178.57976     40.583    -1.6535    -1.6526  25.143743  25.158830    31.5328    31.5526    357.063    348.333     0.0466     4.6422     0.1221     0.1221     0.0401     0.0269      34820    24.1799     100.00     2.5284     2.1974         18  0.000e+00
     40.188   76.33220  178.57976     40.617    -1.6537    -1.6526  25.147139  25.158114    31.5376    31.5516    357.267    348.338     0.0160     4.6422     0.1197     0.1197     0.0401     0.0256      34821    24.1806     100.00     2.5297     2.1974         18  0.000e+00
     40.188   76.33220  178.57976     40.617    -1.6532    -1.6525  25.150946  25.157673    31.5424    31.5509    357.249    348.085     0.0160     4.6410     0.1184     0.1184     0.0411     0.0256      34822    24.1812     100.00     2.5297     2.1962         18  0.000e+00
     40.188   76.33220  178.57976     40.617    -1.6533    -1.6526  25.154109  25.156681    31.5468    31.5496    357.451    348.090     0.0466     4.6422     0.1184     0.1184     0.0401     0.0269      34823    24.1819     100.00     2.5309     2.1962         18  0.000e+00
     40.246   76.33220  178.57976     40.675    -1.6529    -1.6529  25.156101  25.154367    31.5491    31.5467    357.229    347.850     0.0160     4.6422     0.1197     0.1197     0.0401     0.0256      34824    24.1826     100.00     2.5297     2.1949         18  0.000e+00
     40.188   76.33220  178.57976     40.617    -1.6528    -1.6529  25.157682  25.151448    31.5512    31.5427    357.433    347.605     0.0466     4.6422     0.1197     0.1197     0.0401     0.0269      34825    24.1833     100.00     2.5309     2.1937         18  0.000e+00
     40.188   76.33220  178.57976     40.617    -1.6528    -1.6529  25.158443  25.149630    31.5522    31.5402    357.216    347.612     0.0466     4.6422     0.1197     0.1197     0.0401     0.0269      34826    24.1840     100.00     2.5297     2.1937         18  0.000e+00
     40.188   76.33220  178.57976     40.617    -1.6530    -1.6534  25.158912  25.148528    31.5532    31.5392    357.002    347.366     0.0160     4.6410     0.1184     0.1184     0.0411     0.0256      34827    24.1847     100.00     2.5284     2.1925         18  0.000e+00
     40.155   76.33220  178.57976     40.583    -1.6526    -1.6529  25.159205  25.147922    31.5531    31.5379    357.210    347.363     0.0160     4.6410     0.1184     0.1184     0.0411     0.0256      34828    24.1854     100.00     2.5297     2.1925         18  0.000e+00
     40.246   76.33220  178.57976     40.675    -1.6529    -1.6533  25.159088  25.147812    31.5532    31.5381    357.217    347.624     0.0466     4.6422     0.1184     0.1184     0.0401     0.0269      34829    24.1861     100.00     2.5297     2.1937         18  0.000e+00
     40.188   76.33220  178.57976     40.617    -1.6524    -1.6531  25.159556  25.146820    31.5533    31.5365    357.423    347.877     0.0466     4.6422     0.1184     0.1184     0.0401     0.0269      34830    24.1868     100.00     2.5309     2.1949         18  0.000e+00
     40.188   76.33220  178.57976     40.617    -1.6526    -1.6534  25.159791  25.145058    31.5539    31.5344    357.209    347.886     0.0160     4.6422     0.1184     0.1184     0.0401     0.0256      34831    24.1875     100.00     2.5297     2.1949         18  0.000e+00
     40.188   76.33220  178.57976     40.617    -1.6528    -1.6534  25.159791  25.143846    31.5541    31.5328    357.211    347.891     0.0160     4.6422     0.1197     0.1197     0.0401     0.0256      34832    24.1882     100.00     2.5297     2.1949         18  0.000e+00
     40.188   76.33220  178.57976     40.617    -1.6526    -1.6534  25.159966  25.143791    31.5541    31.5327    357.209    347.891     0.0160     4.6422     0.1184     0.1184     0.0401     0.0256      34833    24.1889     100.00     2.5297     2.1949         18  0.000e+00
     40.188   76.33220  178.57976     40.617    -1.6526    -1.6536  25.160025  25.143681    31.5542    31.5327    357.208    347.893     0.0160     4.6422     0.1184     0.1184     0.0401     0.0256      34834    24.1896     100.00     2.5297     2.1949         18  0.000e+00
     40.188   76.33220  178.57976     40.617    -1.6524    -1.6534  25.160201  25.143075    31.5543    31.5317    357.206    347.894     0.0466     4.6422     0.1184     0.1184     0.0401     0.0269      34835    24.1903     100.00     2.5297     2.1949         18  0.000e+00
     40.221   76.33220  178.57976     40.650    -1.6526    -1.6537  25.160259  25.142138    31.5545    31.5307    357.209    347.901     0.0466     4.6422     0.1184     0.1184     0.0401     0.0269      34836    24.1910     100.00     2.5297     2.1949         18  0.000e+00
     40.188   76.33220  178.57976     40.617    -1.6524    -1.6537  25.160259  25.140927    31.5543    31.5291    357.420    347.904     0.0160     4.6422     0.1184     0.1184     0.0401     0.0256      34837    24.1917     100.00     2.5309     2.1949         18  0.000e+00
     40.188   76.33220  178.57976     40.617    -1.6526    -1.6537  25.160259  25.140982    31.5545    31.5291    357.207    347.904     0.0466     4.6422     0.1184     0.1184     0.0401     0.0269      34838    24.1924     100.00     2.5297     2.1949         18  0.000e+00
     40.188   76.33220  178.57976     40.616    -1.6524    -1.6536  25.160435  25.140982    31.5546    31.5290    357.205    347.903     0.0160     4.6422     0.1184     0.1184     0.0401     0.0256      34839    24.1931     100.00     2.5297     2.1949         18  0.000e+00
     40.188   76.33220  178.57976     40.616    -1.6528    -1.6537  25.160494  25.140706    31.5550    31.5288    357.208    348.159     0.0160     4.6422     0.1184     0.1184     0.0401     0.0256      34840    24.1938     100.00     2.5297     2.1962         18  0.000e+00
     40.188   76.33220  178.57976     40.616    -1.6526    -1.6537  25.160494  25.141587    31.5549    31.5300    357.207    348.409     0.0160     4.6422     0.1184     0.1184     0.0401     0.0256      34841    24.1944     100.00     2.5297     2.1974         18  0.000e+00
     40.246   76.33220  178.57976     40.675    -1.6526    -1.6536  25.160494  25.142799    31.5549    31.5315    357.210    348.406     0.0160     4.6422     0.1184     0.1184     0.0401     0.0256      34842    24.1951     100.00     2.5297     2.1974         18  0.000e+00
     40.131   76.33220  178.57976     40.558    -1.6528    -1.6536  25.160728  25.143460    31.5554    31.5325    357.204    348.145     0.0466     4.6422     0.1184     0.1184     0.0401     0.0269      34843    24.1958     100.00     2.5297     2.1962         18  0.000e+00
     40.221   76.33220  178.57976     40.650    -1.6524    -1.6536  25.160552  25.143626    31.5547    31.5326    356.992    348.148     0.0160     4.6422     0.1184     0.1184     0.0401     0.0256      34844    24.1965     100.00     2.5284     2.1962         18  0.000e+00
     40.188   76.33220  178.57976     40.616    -1.6524    -1.6537  25.160669  25.143791    31.5549    31.5330    356.990    348.147     0.0466     4.6422     0.1184     0.1184     0.0401     0.0269      34845    24.1972     100.00     2.5284     2.1962         18  0.000e+00
     40.188   76.33220  178.57976     40.616    -1.6524    -1.6540  25.160376  25.142579    31.5545    31.5317    357.206    348.154     0.0160     4.6422     0.1197     0.1197     0.0401     0.0256      34846    24.1979     100.00     2.5297     2.1962         18  0.000e+00
     40.246   76.33220  178.57976     40.674    -1.6526    -1.6540  25.160435  25.142304    31.5547    31.5313    356.995    348.158     0.0160     4.6422     0.1184     0.1184     0.0401     0.0256      34847    24.1986     100.00     2.5284     2.1962         18  0.000e+00
     40.131   76.33220  178.57976     40.558    -1.6526    -1.6536  25.160493  25.144947    31.5549    31.5345    357.418    348.139     0.0160     4.6422     0.1197     0.1197     0.0401     0.0256      34848    24.1993     100.00     2.5309     2.1962         18  0.000e+00
     40.246   76.33220  178.57976     40.674    -1.6526    -1.6534  25.160494  25.148198    31.5548    31.5387    357.209    348.384     0.0160     4.6422     0.1209     0.1209     0.0401     0.0256      34849    24.2000     100.00     2.5297     2.1974         18  0.000e+00
     40.188   76.33220  178.57976     40.616    -1.6524    -1.6531  25.160494  25.150291    31.5547    31.5413    357.205    348.371     0.0160     4.6422     0.1209     0.1209     0.0401     0.0256      34850    24.2007     100.00     2.5297     2.1974         18  0.000e+00
     40.188   76.33220  178.57976     40.616    -1.6526    -1.6531  25.160904  25.151668    31.5554    31.5432    357.205    348.366     0.0466     4.6435     0.1209     0.1209     0.0390     0.0269      34851    24.2014     100.00     2.5297     2.1974         18  0.000e+00
