Continuous CTD Data/01_SBE Stage/nabos_25_01.ros
* Sea-Bird SBE 9 Data File:
* FileName = D:\CTD\data\HLY2502\raw\NABOS_25_01.hex
* Software Version Seasave V 7.26.7.110
* Temperature SN = 6954
* Conductivity SN = 2561
* Number of Bytes Per Scan = 37
* Number of Voltage Words = 4
* Number of Scans Averaged by the Deck Unit = 1
* NMEA Latitude = 80 21.66 N
* NMEA Longitude = 163 54.90 E
* NMEA UTC (Time) = Sep 20 2025  10:52:56
* NMEA baud rate = 9600
** Ship: USCG HEALY
** Bot. Depth:  2763
** Cast Number:  01
** Station Name:  NABOS
** Station Number:  25
** Operator:  STARC
# nquan = 25
# nvalues = 1127                                  
# units = specified
# name 0 = depSM: Depth [salt water, m]
# name 1 = latitude: Latitude [deg]
# name 2 = longitude: Longitude [deg]
# name 3 = prDM: Pressure, Digiquartz [db]
# name 4 = t090C: Temperature [ITS-90, deg C]
# name 5 = t190C: Temperature, 2 [ITS-90, deg C]
# name 6 = c0mS/cm: Conductivity [mS/cm]
# name 7 = c1mS/cm: Conductivity, 2 [mS/cm]
# name 8 = sal00: Salinity, Practical [PSU]
# name 9 = sal11: Salinity, Practical, 2 [PSU]
# name 10 = sbox0Mm/Kg: Oxygen, SBE 43 [umol/kg]
# name 11 = sbox1Mm/Kg: Oxygen, SBE 43, 2 [umol/kg]
# name 12 = flECO-AFL: Fluorescence, WET Labs ECO-AFL/FL [mg/m^3]
# name 13 = v2: Voltage 2
# name 14 = wetCDOM: Fluorescence, WET Labs CDOM [mg/m^3]
# name 15 = v6: Voltage 6
# name 16 = CStarAt0: Beam Attenuation, WET Labs C-Star [1/m]
# name 17 = v3: Voltage 3
# name 18 = scan: Scan Count
# name 19 = timeM: Time, Elapsed [minutes]
# name 20 = altM: Altimeter [m]
# name 21 = sbeox0V: Oxygen raw, SBE 43 [V]
# name 22 = sbeox1V: Oxygen raw, SBE 43, 2 [V]
# name 23 = nbf: Bottles Fired
# name 24 = flag:  0.000e+00
# interval = seconds: 0.0416667
# start_time = Sep 20 2025 10:52:56 [NMEA time, header]
# bad_flag = -9.990e-29
*END*
[from data line 58]
    999.513   80.36320  163.91206   1012.677    -0.1299    -0.1297  29.274337  29.272707    34.8583    34.8559    292.665    287.532    -0.1366     4.6386     0.0842     0.0842     0.0432     0.0195      45937    31.9000     100.00     2.0697     1.8281          2  0.000e+00
    999.571   80.36320  163.91206   1012.736    -0.1299    -0.1297  29.274275  29.272707    34.8582    34.8559    292.896    287.534    -0.1366     4.6398     0.0842     0.0842     0.0422     0.0195      45938    31.9007     100.00     2.0709     1.8281          2  0.000e+00
    999.513   80.36320  163.91206   1012.677    -0.1296    -0.1297  29.274089  29.272707    34.8576    34.8559    292.664    286.991    -0.1366     4.6398     0.0842     0.0842     0.0422     0.0195      45939    31.9014     100.00     2.0697     1.8256          2  0.000e+00
    999.513   80.36320  163.91206   1012.677    -0.1297    -0.1298  29.274399  29.272533    34.8581    34.8559    292.663    286.993    -0.1366     4.6386     0.0855     0.0855     0.0432     0.0195      45940    31.9021     100.00     2.0697     1.8256          2  0.000e+00
    999.513   80.36320  163.91206   1012.677    -0.1299    -0.1300  29.274151  29.272649    34.8581    34.8561    292.666    286.993    -0.1061     4.6386     0.0842     0.0842     0.0432     0.0208      45941    31.9028     100.00     2.0697     1.8256          2  0.000e+00
    999.513   80.36320  163.91206   1012.677    -0.1298    -0.1298  29.274213  29.273115    34.8580    34.8566    292.664    287.262    -0.1366     4.6374     0.0842     0.0842     0.0443     0.0195      45942    31.9035     100.00     2.0697     1.8269          2  0.000e+00
    999.513   80.36320  163.91206   1012.677    -0.1299    -0.1296  29.274089  29.272707    34.8580    34.8558    292.666    287.261    -0.1366     4.6361     0.0855     0.0855     0.0453     0.0195      45943    31.9042     100.00     2.0697     1.8269          2  0.000e+00
    999.513   80.36320  163.91206   1012.677    -0.1298    -0.1297  29.274399  29.272649    34.8582    34.8558    292.664    287.262    -0.1366     4.6361     0.0855     0.0855     0.0453     0.0195      45944    31.9049     100.00     2.0697     1.8269          2  0.000e+00
    999.513   80.36320  163.91206   1012.677    -0.1298    -0.1298  29.274151  29.272707    34.8579    34.8561    292.665    287.263    -0.1366     4.6361     0.0842     0.0842     0.0453     0.0195      45945    31.9056     100.00     2.0697     1.8269          2  0.000e+00
    999.513   80.36320  163.91206   1012.677    -0.1299    -0.1298  29.274213  29.272533    34.8582    34.8559    292.665    287.534    -0.1061     4.6361     0.0855     0.0855     0.0453     0.0208      45946    31.9063     100.00     2.0697     1.8281          2  0.000e+00
    999.522   80.36320  163.91206   1012.685    -0.1298    -0.1297  29.274089  29.272474    34.8578    34.8556    292.437    287.533    -0.1366     4.6361     0.0855     0.0855     0.0453     0.0195      45947    31.9069     100.00     2.0684     1.8281          2  0.000e+00
    999.513   80.36320  163.91206   1012.677    -0.1298    -0.1297  29.274399  29.272824    34.8582    34.8560    292.664    287.532    -0.1366     4.6374     0.0855     0.0855     0.0443     0.0195      45948    31.9076     100.00     2.0697     1.8281          2  0.000e+00
    999.571   80.36320  163.91206   1012.736    -0.1299    -0.1298  29.274151  29.272591    34.8581    34.8559    292.668    287.536    -0.1366     4.6361     0.0855     0.0855     0.0453     0.0195      45949    31.9083     100.00     2.0697     1.8281          2  0.000e+00
    999.447   80.36320  163.91206   1012.609    -0.1299    -0.1297  29.274027  29.272474    34.8580    34.8556    292.663    287.800    -0.1366     4.6361     0.0855     0.0855     0.0453     0.0195      45950    31.9090     100.00     2.0697     1.8293          2  0.000e+00
    999.513   80.36320  163.91206   1012.677    -0.1298    -0.1300  29.274399  29.272882    34.8582    34.8565    292.664    288.074    -0.1061     4.6361     0.0855     0.0855     0.0453     0.0208      45951    31.9097     100.00     2.0697     1.8306          2  0.000e+00
    999.513   80.36320  163.91206   1012.677    -0.1299    -0.1300  29.273904  29.272591    34.8578    34.8561    292.667    288.345    -0.1366     4.6361     0.0855     0.0855     0.0453     0.0195      45952    31.9104     100.00     2.0697     1.8318          2  0.000e+00
    999.571   80.36320  163.91206   1012.736    -0.1298    -0.1298  29.274089  29.272474    34.8578    34.8557    292.667    288.617    -0.1366     4.6374     0.0855     0.0855     0.0443     0.0195      45953    31.9111     100.00     2.0697     1.8330          2  0.000e+00
    999.513   80.36320  163.91206   1012.677    -0.1298    -0.1300  29.274089  29.272649    34.8578    34.8561    292.665    288.885    -0.1061     4.6361     0.0842     0.0842     0.0453     0.0208      45954    31.9118     100.00     2.0697     1.8342          2  0.000e+00
    999.513   80.36320  163.91206   1012.677    -0.1299    -0.1297  29.274027  29.272300    34.8579    34.8554    292.666    288.884    -0.1366     4.6361     0.0855     0.0855     0.0453     0.0195      45955    31.9125     100.00     2.0697     1.8342          2  0.000e+00
    999.513   80.36320  163.91206   1012.677    -0.1301    -0.1297  29.274027  29.272183    34.8581    34.8552    292.667    289.155    -0.1061     4.6361     0.0855     0.0855     0.0453     0.0208      45956    31.9132     100.00     2.0697     1.8355          2  0.000e+00
    999.513   80.36320  163.91206   1012.677    -0.1299    -0.1298  29.274213  29.272649    34.8582    34.8560    292.666    289.154    -0.1366     4.6361     0.0842     0.0842     0.0453     0.0195      45957    31.9139     100.00     2.0697     1.8355          2  0.000e+00
    999.513   80.36320  163.91206   1012.677    -0.1301    -0.1300  29.274089  29.272300    34.8582    34.8557    292.667    289.156    -0.1366     4.6361     0.0842     0.0842     0.0453     0.0195      45958    31.9146     100.00     2.0697     1.8355          2  0.000e+00
    999.513   80.36320  163.91206   1012.677    -0.1299    -0.1298  29.274399  29.272358    34.8584    34.8556    292.665    289.155    -0.1366     4.6361     0.0855     0.0855     0.0453     0.0195      45959    31.9153     100.00     2.0697     1.8355          2  0.000e+00
    999.513   80.36320  163.91206   1012.677    -0.1301    -0.1301  29.274151  29.272649    34.8583    34.8563    292.667    288.886    -0.1061     4.6361     0.0842     0.0842     0.0453     0.0208      45960    31.9160     100.00     2.0697     1.8342          2  0.000e+00
    999.571   80.36320  163.91206   1012.736    -0.1301    -0.1298  29.274028  29.272707    34.8581    34.8561    292.898    288.616    -0.1366     4.6361     0.0842     0.0842     0.0453     0.0195      45961    31.9167     100.00     2.0709     1.8330          2  0.000e+00
    999.513   80.36320  163.91206   1012.677    -0.1297    -0.1298  29.274213  29.272707    34.8579    34.8561    292.664    288.614    -0.1366     4.6374     0.0855     0.0855     0.0443     0.0195      45962    31.9174     100.00     2.0697     1.8330          2  0.000e+00
    999.513   80.36320  163.91206   1012.677    -0.1299    -0.1300  29.274275  29.272533    34.8582    34.8561    292.666    288.616    -0.1366     4.6386     0.0855     0.0855     0.0432     0.0195      45963    31.9181     100.00     2.0697     1.8330          2  0.000e+00
    999.513   80.36320  163.91206   1012.677    -0.1298    -0.1297  29.274275  29.272474    34.8581    34.8556    292.665    288.884    -0.1366     4.6386     0.0855     0.0855     0.0432     0.0195      45964    31.9187     100.00     2.0697     1.8342          2  0.000e+00
    999.522   80.36320  163.91206   1012.685    -0.1297    -0.1300  29.274461  29.272300    34.8582    34.8557    292.436    288.886    -0.1366     4.6386     0.0855     0.0855     0.0432     0.0195      45965    31.9194     100.00     2.0685     1.8343          2  0.000e+00
    999.513   80.36320  163.91206   1012.677    -0.1296    -0.1295  29.274151  29.272416    34.8577    34.8553    292.664    288.343    -0.1366     4.6386     0.0855     0.0855     0.0432     0.0195      45966    31.9201     100.00     2.0697     1.8318          2  0.000e+00
    999.513   80.36320  163.91206   1012.677    -0.1298    -0.1298  29.274399  29.272474    34.8582    34.8558    292.665    288.075    -0.1366     4.6386     0.0855     0.0855     0.0432     0.0195      45967    31.9208     100.00     2.0697     1.8306          2  0.000e+00
    999.513   80.36320  163.91206   1012.677    -0.1296    -0.1298  29.274337  29.272241    34.8580    34.8555    292.664    288.075    -0.1366     4.6386     0.0867     0.0867     0.0432     0.0195      45968    31.9215     100.00     2.0697     1.8306          2  0.000e+00
    999.571   80.36320  163.91206   1012.736    -0.1297    -0.1298  29.274647  29.272533    34.8584    34.8558    292.666    288.347    -0.1366     4.6386     0.0855     0.0855     0.0432     0.0195      45969    31.9222     100.00     2.0697     1.8318          2  0.000e+00
    999.447   80.36320  163.91206   1012.609    -0.1296    -0.1297  29.274646  29.272532    34.8584    34.8557    292.660    288.341    -0.1366     4.6386     0.0867     0.0867     0.0432     0.0195      45970    31.9229     100.00     2.0697     1.8318          2  0.000e+00
    999.571   80.36320  163.91206   1012.736    -0.1297    -0.1300  29.274337  29.272242    34.8580    34.8556    292.667    288.349    -0.1366     4.6386     0.0855     0.0855     0.0432     0.0195      45971    31.9236     100.00     2.0697     1.8318          2  0.000e+00
    999.513   80.36320  163.91206   1012.677    -0.1294    -0.1297  29.274461  29.272882    34.8579    34.8561    292.662    288.343    -0.1366     4.6386     0.0867     0.0867     0.0432     0.0195      45972    31.9243     100.00     2.0697     1.8318          2  0.000e+00
    999.513   80.36320  163.91206   1012.677    -0.1297    -0.1298  29.274337  29.272591    34.8580    34.8559    292.664    288.345    -0.1366     4.6386     0.0855     0.0855     0.0432     0.0195      45973    31.9250     100.00     2.0697     1.8318          2  0.000e+00
    999.513   80.36320  163.91206   1012.677    -0.1297    -0.1300  29.274461  29.272241    34.8582    34.8556    292.664    288.346    -0.1366     4.6374     0.0855     0.0855     0.0443     0.0195      45974    31.9257     100.00     2.0697     1.8318          2  0.000e+00
    999.513   80.36320  163.91206   1012.677    -0.1294    -0.1298  29.274337  29.272533    34.8578    34.8559    292.663    288.075    -0.1366     4.6386     0.0855     0.0855     0.0432     0.0195      45975    31.9264     100.00     2.0697     1.8306          2  0.000e+00
    999.571   80.36320  163.91206   1012.736    -0.1297    -0.1297  29.274275  29.272707    34.8579    34.8559    292.667    287.805    -0.1366     4.6386     0.0855     0.0855     0.0432     0.0195      45976    31.9271     100.00     2.0697     1.8293          2  0.000e+00
    749.607   80.36362  163.91172    759.019     0.0442     0.0449  29.298376  29.296788    34.8400    34.8371    294.279    290.329    -0.1366     4.6410     0.0830     0.0830     0.0411     0.0195      54587    37.9069     100.00     2.1405     1.8927          3  0.000e+00
    749.607   80.36362  163.91172    759.019     0.0446     0.0450  29.298066  29.296730    34.8391    34.8369    294.277    289.290    -0.1366     4.6410     0.0830     0.0830     0.0411     0.0195      54588    37.9076     100.00     2.1405     1.8877          3  0.000e+00
    749.673   80.36362  163.91172    759.086     0.0445     0.0448  29.298190  29.296905    34.8394    34.8373    294.281    288.515    -0.1366     4.6398     0.0830     0.0830     0.0422     0.0195      54589    37.9083     100.00     2.1405     1.8841          3  0.000e+00
    749.665   80.36362  163.91172    759.078     0.0446     0.0448  29.298066  29.297021    34.8391    34.8375    294.280    288.515    -0.1366     4.6398     0.0830     0.0830     0.0422     0.0195      54590    37.9090     100.00     2.1405     1.8841          3  0.000e+00
    749.607   80.36362  163.91172    759.019     0.0445     0.0449  29.298190  29.297196    34.8395    34.8377    294.278    288.771    -0.1366     4.6398     0.0830     0.0830     0.0422     0.0195      54591    37.9097     100.00     2.1405     1.8853          3  0.000e+00
    749.665   80.36362  163.91172    759.078     0.0445     0.0452  29.298314  29.297079    34.8396    34.8371    294.280    289.031    -0.1366     4.6398     0.0830     0.0830     0.0422     0.0195      54592    37.9104     100.00     2.1405     1.8865          3  0.000e+00
    749.607   80.36362  163.91172    759.019     0.0445     0.0448  29.298314  29.297021    34.8396    34.8375    294.497    288.772    -0.1366     4.6410     0.0830     0.0830     0.0411     0.0195      54593    37.9111     100.00     2.1418     1.8853          3  0.000e+00
    749.665   80.36362  163.91172    759.078     0.0445     0.0450  29.298066  29.296788    34.8393    34.8370    294.281    288.774    -0.1366     4.6398     0.0830     0.0830     0.0422     0.0195      54594    37.9118     100.00     2.1405     1.8853          3  0.000e+00
    749.607   80.36362  163.91170    759.019     0.0443     0.0448  29.298190  29.296904    34.8397    34.8374    294.279    288.773    -0.1366     4.6398     0.0830     0.0830     0.0422     0.0195      54595    37.9125     100.00     2.1405     1.8853          3  0.000e+00
    749.673   80.36362  163.91170    759.086     0.0445     0.0448  29.298314  29.297196    34.8396    34.8377    294.280    289.293    -0.1366     4.6398     0.0830     0.0830     0.0422     0.0195      54596    37.9132     100.00     2.1405     1.8877          3  0.000e+00
    749.607   80.36362  163.91170    759.019     0.0445     0.0450  29.298128  29.297079    34.8394    34.8374    294.059    289.549    -0.1061     4.6410     0.0830     0.0830     0.0411     0.0208      54597    37.9139     100.00     2.1393     1.8890          3  0.000e+00
    749.665   80.36362  163.91170    759.078     0.0447     0.0449  29.298252  29.296788    34.8393    34.8371    294.060    289.812    -0.1366     4.6398     0.0818     0.0818     0.0422     0.0195      54598    37.9146     100.00     2.1393     1.8902          3  0.000e+00
    749.607   80.36362  163.91170    759.019     0.0446     0.0450  29.298066  29.296730    34.8391    34.8369    294.058    289.550    -0.1366     4.6398     0.0830     0.0830     0.0422     0.0195      54599    37.9153     100.00     2.1393     1.8890          3  0.000e+00
    749.665   80.36362  163.91170    759.078     0.0445     0.0450  29.298376  29.297137    34.8397    34.8374    294.280    289.292    -0.1366     4.6398     0.0830     0.0830     0.0422     0.0195      54600    37.9160     100.00     2.1405     1.8877          3  0.000e+00
    749.607   80.36362  163.91170    759.019     0.0446     0.0447  29.298375  29.296846    34.8395    34.8374    294.276    289.292    -0.1366     4.6398     0.0830     0.0830     0.0422     0.0195      54601    37.9167     100.00     2.1405     1.8877          3  0.000e+00
    749.607   80.36362  163.91170    759.019     0.0445     0.0449  29.298314  29.296904    34.8396    34.8373    294.278    289.550    -0.1366     4.6398     0.0830     0.0830     0.0422     0.0195      54602    37.9174     100.00     2.1405     1.8890          3  0.000e+00
    749.673   80.36362  163.91170    759.086     0.0445     0.0450  29.298314  29.297021    34.8396    34.8373    294.280    289.552    -0.1366     4.6398     0.0830     0.0830     0.0422     0.0195      54603    37.9181     100.00     2.1405     1.8890          3  0.000e+00
