Continuous CTD Data/01_SBE Stage/nabos_42_01avg.cnv
* Sea-Bird SBE 9 Data File:
* FileName = D:\CTD\data\HLY2502\raw\NABOS_42_01.hex
* Software Version Seasave V 7.26.7.110
* Temperature SN = 6954
* Conductivity SN = 2561
* Number of Bytes Per Scan = 37
* Number of Voltage Words = 4
* Number of Scans Averaged by the Deck Unit = 1
* NMEA Latitude = 80 14.10 N
* NMEA Longitude = 125 56.70 E
* NMEA UTC (Time) = Sep 27 2025  13:25:46
* NMEA baud rate = 9600
** Ship: USCG HEALY
** Bot. Depth:  3554
** Cast Number:  01
** Station Name:  NABOS
** Station Number:  42
** Operator:  STARC
# nquan = 25
# nvalues = 1214                        
# units = specified
# name 0 = depSM: Depth [salt water, m]
# name 1 = latitude: Latitude [deg]
# name 2 = longitude: Longitude [deg]
# name 3 = prDM: Pressure, Digiquartz [db]
# name 4 = t090C: Temperature [ITS-90, deg C]
# name 5 = t190C: Temperature, 2 [ITS-90, deg C]
# name 6 = c0mS/cm: Conductivity [mS/cm]
# name 7 = c1mS/cm: Conductivity, 2 [mS/cm]
# name 8 = sal00: Salinity, Practical [PSU]
# name 9 = sal11: Salinity, Practical, 2 [PSU]
# name 10 = sbox0Mm/Kg: Oxygen, SBE 43 [umol/kg]
# name 11 = sbox1Mm/Kg: Oxygen, SBE 43, 2 [umol/kg]
# name 12 = flECO-AFL: Fluorescence, WET Labs ECO-AFL/FL [mg/m^3]
# name 13 = v2: Voltage 2
# name 14 = wetCDOM: Fluorescence, WET Labs CDOM [mg/m^3]
# name 15 = v6: Voltage 6
# name 16 = CStarAt0: Beam Attenuation, WET Labs C-Star [1/m]
# name 17 = v3: Voltage 3
# name 18 = scan: Scan Count
# name 19 = timeM: Time, Elapsed [minutes]
# name 20 = altM: Altimeter [m]
# name 21 = sbeox0V: Oxygen raw, SBE 43 [V]
# name 22 = sbeox1V: Oxygen raw, SBE 43, 2 [V]
# name 23 = nbin: number of scans per bin
# name 24 = flag: flag
# span 0 =      3.958,   1200.602       
# span 1 =   80.23512,   80.23529       
# span 2 =  125.94629,  125.95330       
# span 3 =      4.000,   1217.000       
# span 4 =    -1.8081,     1.8127       
# span 5 =    -1.8081,     1.8125       
# span 6 =  22.969967,  30.622389       
# span 7 =  22.970201,  30.620341       
# span 8 =    28.4754,    34.9093       
# span 9 =    28.4757,    34.9062       
# span 10 =    287.776,    384.460      
# span 11 =    276.912,    376.035      
# span 12 =    -0.1793,     0.3991      
# span 13 =     4.4995,     4.6321      
# span 14 =     0.0695,     0.1423      
# span 15 =     0.0695,     0.1423      
# span 16 =     0.0490,     0.1651      
# span 17 =     0.0178,     0.0410      
# span 18 =       6659,      42049      
# span 19 =     4.6233,    29.2000      
# span 20 =      10.62,     100.02      
# span 21 =     1.9940,     2.7151      
# span 22 =     1.7704,     2.3587      
# span 23 =          2,         27      
# span 24 = 0.0000e+00, 0.0000e+00      
# interval = decibars: 1                
# start_time = Sep 27 2025 13:25:46 [NMEA time, header]
# bad_flag = -9.990e-29
*END*
[from data line 1102]
   1091.385   80.23524  125.95224   1106.000    -0.2273    -0.2275  29.267527  29.265343    34.9060    34.9033    289.016    286.005    -0.1652     4.6287     0.0841     0.0841     0.0518     0.0184      37089    25.7558     100.00     2.0271     1.8020         16 0.0000e+00
   1092.370   80.23524  125.95224   1107.000    -0.2289    -0.2290  29.266713  29.264477    34.9061    34.9032    288.972    286.092    -0.1465     4.6287     0.0840     0.0840     0.0518     0.0191      37115    25.7733     100.00     2.0266     1.8021         15 0.0000e+00
   1093.354   80.23524  125.95224   1108.000    -0.2298    -0.2299  29.266317  29.264167    34.9060    34.9033    288.925    286.278    -0.1565     4.6281     0.0859     0.0859     0.0523     0.0187      37140    25.7910     100.00     2.0261     1.8027         14 0.0000e+00
   1094.338   80.23524  125.95224   1109.000    -0.2307    -0.2309  29.265881  29.263634    34.9060    34.9032    288.907    286.223    -0.1440     4.6287     0.0837     0.0837     0.0518     0.0192      37165    25.8082     100.00     2.0257     1.8023         11 0.0000e+00
   1095.322   80.23524  125.95226   1110.000    -0.2321    -0.2322  29.265180  29.262914    34.9060    34.9031    288.910    286.001    -0.1323     4.6288     0.0846     0.0846     0.0517     0.0197      37190    25.8259     100.00     2.0255     1.8011         14 0.0000e+00
   1096.306   80.23524  125.95226   1111.000    -0.2330    -0.2331  29.264897  29.262635    34.9061    34.9032    289.009    286.087    -0.1367     4.6288     0.0852     0.0852     0.0517     0.0195      37215    25.8433     100.00     2.0258     1.8013         14 0.0000e+00
   1097.290   80.23524  125.95226   1112.000    -0.2333    -0.2335  29.265000  29.262766    34.9060    34.9033    289.059    287.030    -0.1588     4.6289     0.0841     0.0841     0.0516     0.0186      37241    25.8609     100.00     2.0258     1.8053         16 0.0000e+00
   1098.275   80.23524  125.95226   1113.000    -0.2336    -0.2337  29.265269  29.263129    34.9061    34.9033    288.939    286.453    -0.1456     4.6281     0.0839     0.0839     0.0522     0.0192      37266    25.8785     100.00     2.0250     1.8025         13 0.0000e+00
   1099.259   80.23524  125.95228   1114.000    -0.2345    -0.2346  29.264985  29.262719    34.9062    34.9033    289.013    285.632    -0.1495     4.6289     0.0847     0.0847     0.0516     0.0190      37291    25.8960     100.00     2.0251     1.7986         12 0.0000e+00
   1100.243   80.23524  125.95228   1115.000    -0.2361    -0.2363  29.264056  29.261806    34.9062    34.9034    288.949    286.188    -0.1347     4.6290     0.0840     0.0840     0.0516     0.0196      37317    25.9136     100.00     2.0245     1.8009         15 0.0000e+00
   1101.227   80.23524  125.95228   1116.000    -0.2377    -0.2378  29.263132  29.260936    34.9061    34.9035    289.033    285.950    -0.1509     4.6288     0.0844     0.0844     0.0517     0.0189      37342    25.9315     100.00     2.0247     1.7996         15 0.0000e+00
   1102.211   80.23524  125.95229   1117.000    -0.2386    -0.2387  29.262839  29.260646    34.9062    34.9035    289.064    285.850    -0.1324     4.6285     0.0847     0.0847     0.0520     0.0197      37368    25.9492     100.00     2.0246     1.7990         15 0.0000e+00
   1103.195   80.23524  125.95230   1118.000    -0.2392    -0.2394  29.262715  29.260465    34.9063    34.9035    289.047    285.994    -0.1714     4.6280     0.0820     0.0820     0.0524     0.0181      37393    25.9666     100.00     2.0243     1.7994         13 0.0000e+00
   1104.179   80.23524  125.95230   1119.000    -0.2405    -0.2406  29.262066  29.259807    34.9063    34.9033    289.051    283.634    -0.1670     4.6292     0.0842     0.0842     0.0514     0.0183      37418    25.9842     100.00     2.0240     1.7886         11 0.0000e+00
   1105.163   80.23524  125.95230   1120.000    -0.2423    -0.2424  29.261074  29.258800    34.9064    34.9036    289.025    285.065    -0.1607     4.6288     0.0841     0.0841     0.0517     0.0186      37444    26.0021     100.00     2.0236     1.7948         15 0.0000e+00
   1106.148   80.23524  125.95230   1121.000    -0.2445    -0.2446  29.259571  29.257428    34.9063    34.9036    289.102    286.229    -0.1509     4.6291     0.0830     0.0830     0.0514     0.0189      37469    26.0197     100.00     2.0237     1.7998         15 0.0000e+00
   1107.132   80.23524  125.95231   1122.000    -0.2470    -0.2471  29.258096  29.255834    34.9066    34.9038    289.093    285.472    -0.1369     4.6289     0.0836     0.0836     0.0516     0.0195      37495    26.0372     100.00     2.0233     1.7961         13 0.0000e+00
   1108.116   80.23524  125.95232   1123.000    -0.2490    -0.2490  29.256912  29.254727    34.9067    34.9039    289.064    287.311    -0.1341     4.6288     0.0842     0.0842     0.0517     0.0196      37519    26.0545     100.00     2.0229     1.8041         12 0.0000e+00
   1109.100   80.23524  125.95232   1124.000    -0.2496    -0.2497  29.256763  29.254583    34.9067    34.9039    289.094    286.716    -0.1367     4.6288     0.0839     0.0839     0.0517     0.0195      37545    26.0722     100.00     2.0228     1.8013         11 0.0000e+00
   1110.084   80.23524  125.95232   1125.000    -0.2503    -0.2503  29.256679  29.254514    34.9068    34.9040    289.016    286.596    -0.1308     4.6289     0.0833     0.0833     0.0516     0.0197      37570    26.0898     100.00     2.0222     1.8005         16 0.0000e+00
   1111.068   80.23524  125.95234   1126.000    -0.2512    -0.2514  29.256292  29.254036    34.9068    34.9040    288.941    285.976    -0.1652     4.6288     0.0843     0.0843     0.0517     0.0184      37596    26.1074     100.00     2.0216     1.7975         14 0.0000e+00
   1112.052   80.23524  125.95234   1127.000    -0.2514    -0.2517  29.256612  29.254357    34.9069    34.9041    288.882    286.697    -0.1704     4.6288     0.0847     0.0847     0.0517     0.0182      37621    26.1250     100.00     2.0210     1.8006         18 0.0000e+00
   1113.036   80.23524  125.95234   1128.000    -0.2518    -0.2520  29.256751  29.254516    34.9069    34.9041    288.888    286.028    -0.1690     4.6289     0.0839     0.0839     0.0516     0.0182      37646    26.1426     100.00     2.0209     1.7974         16 0.0000e+00
   1114.020   80.23524  125.95234   1129.000    -0.2527    -0.2528  29.256361  29.254224    34.9068    34.9041    288.883    285.854    -0.1628     4.6293     0.0841     0.0841     0.0512     0.0185      37671    26.1600     100.00     2.0206     1.7964         13 0.0000e+00
   1115.004   80.23524  125.95236   1130.000    -0.2530    -0.2531  29.256640  29.254448    34.9069    34.9042    288.900    286.005    -0.1546     4.6289     0.0840     0.0840     0.0516     0.0188      37697    26.1777     100.00     2.0205     1.7969         14 0.0000e+00
   1115.989   80.23524  125.95236   1131.000    -0.2533    -0.2534  29.256772  29.254567    34.9069    34.9041    288.978    286.281    -0.1535     4.6285     0.0840     0.0840     0.0519     0.0188      37722    26.1954     100.00     2.0206     1.7980         18 0.0000e+00
   1116.973   80.23524  125.95236   1132.000    -0.2540    -0.2541  29.256660  29.254489    34.9070    34.9042    288.931    285.944    -0.1334     4.6285     0.0838     0.0838     0.0519     0.0196      37748    26.2130     100.00     2.0202     1.7963         14 0.0000e+00
   1117.957   80.23524  125.95236   1133.000    -0.2548    -0.2550  29.256449  29.254171    34.9071    34.9042    288.843    285.278    -0.1634     4.6291     0.0841     0.0841     0.0514     0.0184      37774    26.2309     100.00     2.0195     1.7931         18 0.0000e+00
   1118.941   80.23524  125.95238   1134.000    -0.2553    -0.2555  29.256399  29.254141    34.9070    34.9042    288.804    284.589    -0.1349     4.6296     0.0829     0.0829     0.0510     0.0196      37799    26.2484     100.00     2.0190     1.7898         17 0.0000e+00
   1119.925   80.23524  125.95238   1135.000    -0.2565    -0.2567  29.255690  29.253586    34.9069    34.9042    288.815    286.246    -0.1381     4.6294     0.0851     0.0851     0.0512     0.0194      37824    26.2662     100.00     2.0188     1.7970         20 0.0000e+00
   1120.909   80.23524  125.95238   1136.000    -0.2574    -0.2576  29.255473  29.253273    34.9070    34.9043    288.824    286.368    -0.1627     4.6288     0.0833     0.0833     0.0517     0.0185      37850    26.2837     100.00     2.0186     1.7973         18 0.0000e+00
   1121.893   80.23524  125.95239   1137.000    -0.2589    -0.2591  29.254612  29.252411    34.9070    34.9042    288.798    286.090    -0.1687     4.6291     0.0846     0.0846     0.0515     0.0182      37875    26.3014     100.00     2.0182     1.7959         18 0.0000e+00
   1122.877   80.23524  125.95240   1138.000    -0.2602    -0.2604  29.254123  29.251750    34.9072    34.9043    288.815    286.180    -0.1710     4.6293     0.0841     0.0841     0.0513     0.0181      37900    26.3189     100.00     2.0181     1.7961         16 0.0000e+00
   1123.861   80.23524  125.95240   1139.000    -0.2612    -0.2613  29.253781  29.251572    34.9073    34.9045    288.764    285.679    -0.1671     4.6291     0.0841     0.0841     0.0514     0.0183      37925    26.3363     100.00     2.0176     1.7936         17 0.0000e+00
   1124.845   80.23524  125.95240   1140.000    -0.2618    -0.2620  29.253637  29.251371    34.9072    34.9044    288.687    285.984    -0.1703     4.6288     0.0841     0.0841     0.0517     0.0182      37950    26.3537     100.00     2.0169     1.7948         18 0.0000e+00
   1125.829   80.23524  125.95241   1141.000    -0.2628    -0.2630  29.253269  29.251041    34.9073    34.9046    288.677    285.880    -0.1419     4.6294     0.0840     0.0840     0.0512     0.0193      37976    26.3715     100.00     2.0166     1.7941         17 0.0000e+00
   1126.813   80.23524  125.95242   1142.000    -0.2632    -0.2632  29.253443  29.251331    34.9074    34.9046    288.569    285.969    -0.1651     4.6294     0.0844     0.0844     0.0512     0.0184      38001    26.3890     100.00     2.0159     1.7944         15 0.0000e+00
   1127.797   80.23524  125.95242   1143.000    -0.2631    -0.2630  29.254031  29.252083    34.9075    34.9048    288.562    285.717    -0.1713     4.6291     0.0850     0.0850     0.0514     0.0181      38026    26.4064     100.00     2.0156     1.7931         17 0.0000e+00
   1128.781   80.23524  125.95242   1144.000    -0.2629    -0.2628  29.254863  29.252807    34.9078    34.9050    288.623    285.795    -0.1391     4.6292     0.0841     0.0841     0.0513     0.0194      38052    26.4243     100.00     2.0158     1.7933         21 0.0000e+00
   1129.765   80.23524  125.95244   1145.000    -0.2638    -0.2638  29.254517  29.252309    34.9078    34.9049    288.676    286.186    -0.1715     4.6289     0.0840     0.0840     0.0516     0.0181      38077    26.4417     100.00     2.0158     1.7948         15 0.0000e+00
   1130.749   80.23524  125.95244   1146.000    -0.2656    -0.2657  29.253406  29.251177    34.9078    34.9050    288.720    285.999    -0.1544     4.6291     0.0829     0.0829     0.0514     0.0188      38103    26.4594     100.00     2.0157     1.7937         17 0.0000e+00
   1131.733   80.23524  125.95244   1147.000    -0.2664    -0.2665  29.253186  29.250962    34.9079    34.9051    288.754    285.731    -0.1344     4.6288     0.0829     0.0829     0.0517     0.0196      38128    26.4773     100.00     2.0157     1.7924         20 0.0000e+00
   1132.717   80.23524  125.95244   1148.000    -0.2673    -0.2674  29.252954  29.250627    34.9080    34.9050    288.772    285.639    -0.1348     4.6291     0.0839     0.0839     0.0514     0.0196      38153    26.4948     100.00     2.0155     1.7917         17 0.0000e+00
   1133.701   80.23524  125.95246   1149.000    -0.2687    -0.2689  29.252099  29.249882    34.9079    34.9052    288.970    285.864    -0.1591     4.6283     0.0840     0.0840     0.0521     0.0186      38179    26.5123     100.00     2.0163     1.7925         16 0.0000e+00
   1134.685   80.23524  125.95246   1150.000    -0.2694    -0.2695  29.251987  29.249731    34.9079    34.9050    288.856    285.189    -0.1713     4.6288     0.0831     0.0831     0.0517     0.0181      38204    26.5301     100.00     2.0154     1.7893         18 0.0000e+00
   1135.669   80.23524  125.95246   1151.000    -0.2697    -0.2699  29.252143  29.249873    34.9080    34.9051    288.899    285.665    -0.1324     4.6288     0.0847     0.0847     0.0517     0.0197      38229    26.5475     100.00     2.0155     1.7912         16 0.0000e+00
   1136.653   80.23524  125.95246   1152.000    -0.2705    -0.2706  29.251978  29.249744    34.9080    34.9052    288.803    285.873    -0.1309     4.6289     0.0844     0.0844     0.0516     0.0197      38255    26.5651     100.00     2.0147     1.7920         16 0.0000e+00
   1137.637   80.23524  125.95248   1153.000    -0.2712    -0.2714  29.251691  29.249452    34.9079    34.9051    288.748    285.790    -0.1322     4.6293     0.0848     0.0848     0.0512     0.0197      38280    26.5826     100.00     2.0142     1.7914         14 0.0000e+00
   1138.621   80.23524  125.95248   1154.000    -0.2721    -0.2722  29.251449  29.249240    34.9080    34.9052    288.725    285.996    -0.1348     4.6291     0.0852     0.0852     0.0514     0.0196      38305    26.6001     100.00     2.0138     1.7921         18 0.0000e+00
   1139.605   80.23524  125.95248   1155.000    -0.2726    -0.2727  29.251425  29.249206    34.9080    34.9052    288.642    285.688    -0.1462     4.6288     0.0845     0.0845     0.0517     0.0191      38331    26.6178     100.00     2.0132     1.7906         14 0.0000e+00
   1140.589   80.23524  125.95249   1156.000    -0.2728    -0.2728  29.251710  29.249659    34.9080    34.9052    288.592    285.615    -0.1636     4.6282     0.0835     0.0835     0.0522     0.0184      38356    26.6351     100.00     2.0127     1.7901         15 0.0000e+00
   1141.573   80.23524  125.95250   1157.000    -0.2741    -0.2741  29.251067  29.248860    34.9081    34.9052    288.595    286.012    -0.1459     4.6289     0.0844     0.0844     0.0516     0.0191      38381    26.6527     100.00     2.0125     1.7916         14 0.0000e+00
   1142.557   80.23524  125.95250   1158.000    -0.2755    -0.2757  29.250328  29.248084    34.9081    34.9053    288.534    285.441    -0.1659     4.6289     0.0832     0.0832     0.0516     0.0183      38407    26.6706     100.00     2.0119     1.7889         14 0.0000e+00
   1143.541   80.23524  125.95250   1159.000    -0.2768    -0.2770  29.249663  29.247444    34.9081    34.9054    288.515    285.497    -0.1381     4.6288     0.0839     0.0839     0.0517     0.0195      38432    26.6882     100.00     2.0115     1.7889         16 0.0000e+00
   1144.525   80.23524  125.95251   1160.000    -0.2775    -0.2777  29.249487  29.247268    34.9081    34.9054    288.513    286.214    -0.1667     4.6288     0.0829     0.0829     0.0517     0.0183      38458    26.7059     100.00     2.0113     1.7919         15 0.0000e+00
   1145.509   80.23524  125.95252   1161.000    -0.2783    -0.2784  29.249216  29.246997    34.9081    34.9053    288.537    285.634    -0.1582     4.6291     0.0842     0.0842     0.0514     0.0186      38483    26.7235     100.00     2.0112     1.7891         14 0.0000e+00
   1146.493   80.23524  125.95252   1162.000    -0.2794    -0.2795  29.248862  29.246560    34.9083    34.9053    288.595    285.736    -0.1419     4.6292     0.0853     0.0853     0.0514     0.0193      38508    26.7410     100.00     2.0112     1.7893         13 0.0000e+00
