Continuous CTD Data/01_SBE Stage/nabos_18_01.ros
* Sea-Bird SBE 9 Data File:
* FileName = D:\CTD\data\HLY2502\raw\NABOS_18_01.hex
* Software Version Seasave V 7.26.7.110
* Temperature SN = 6954
* Conductivity SN = 2561
* Number of Bytes Per Scan = 37
* Number of Voltage Words = 4
* Number of Scans Averaged by the Deck Unit = 1
* NMEA Latitude = 77 52.02 N
* NMEA Longitude = 177 13.45 E
* NMEA UTC (Time) = Sep 17 2025  18:13:44
* NMEA baud rate = 9600
** Ship: USCG HEALY
** Bot. Depth:  1532
** Cast Number:  01
** Station Name:  NABOS
** Station Number:  18
** Operator:  STARC
# nquan = 25
# nvalues = 980                                   
# units = specified
# name 0 = depSM: Depth [salt water, m]
# name 1 = latitude: Latitude [deg]
# name 2 = longitude: Longitude [deg]
# name 3 = prDM: Pressure, Digiquartz [db]
# name 4 = t090C: Temperature [ITS-90, deg C]
# name 5 = t190C: Temperature, 2 [ITS-90, deg C]
# name 6 = c0mS/cm: Conductivity [mS/cm]
# name 7 = c1mS/cm: Conductivity, 2 [mS/cm]
# name 8 = sal00: Salinity, Practical [PSU]
# name 9 = sal11: Salinity, Practical, 2 [PSU]
# name 10 = sbox0Mm/Kg: Oxygen, SBE 43 [umol/kg]
# name 11 = sbox1Mm/Kg: Oxygen, SBE 43, 2 [umol/kg]
# name 12 = flECO-AFL: Fluorescence, WET Labs ECO-AFL/FL [mg/m^3]
# name 13 = v2: Voltage 2
# name 14 = wetCDOM: Fluorescence, WET Labs CDOM [mg/m^3]
# name 15 = v6: Voltage 6
# name 16 = CStarAt0: Beam Attenuation, WET Labs C-Star [1/m]
# name 17 = v3: Voltage 3
# name 18 = scan: Scan Count
# name 19 = timeM: Time, Elapsed [minutes]
# name 20 = altM: Altimeter [m]
# name 21 = sbeox0V: Oxygen raw, SBE 43 [V]
# name 22 = sbeox1V: Oxygen raw, SBE 43, 2 [V]
# name 23 = nbf: Bottles Fired
# name 24 = flag:  0.000e+00
# interval = seconds: 0.0416667
# start_time = Sep 17 2025 18:13:44 [NMEA time, header]
# bad_flag = -9.990e-29
*END*
[from data line 696]
     39.809   77.87024  177.25054     40.235    -1.7510    -1.7506  25.785385  25.784596    32.5249    32.5233    360.208    353.869    -0.0145     4.6532     0.1050     0.1050     0.0306     0.0244     105910    73.5479      98.49     2.5565     2.2321         15  0.000e+00
     39.841   77.87024  177.25054     40.269    -1.7508    -1.7506  25.785208  25.783985    32.5244    32.5225    360.209    353.620    -0.0145     4.6532     0.1050     0.1050     0.0306     0.0244     105911    73.5486     100.00     2.5565     2.2309         15  0.000e+00
     39.809   77.87024  177.25054     40.235    -1.7508    -1.7509  25.785149  25.783929    32.5243    32.5227    360.207    353.621    -0.0145     4.6532     0.1050     0.1050     0.0306     0.0244     105912    73.5493     100.00     2.5565     2.2309         15  0.000e+00
     39.874   77.87024  177.25054     40.302    -1.7506    -1.7505  25.785326  25.784374    32.5244    32.5229    360.422    353.367    -0.0145     4.6532     0.1050     0.1050     0.0306     0.0244     105913    73.5500     100.00     2.5577     2.2297         15  0.000e+00
     39.809   77.87024  177.25054     40.235    -1.7511    -1.7509  25.785385  25.784263    32.5250    32.5232    360.209    353.620    -0.0145     4.6520     0.1050     0.1050     0.0317     0.0244     105914    73.5507     100.00     2.5565     2.2309         15  0.000e+00
     39.809   77.87024  177.25054     40.235    -1.7509    -1.7507  25.785385  25.784207    32.5247    32.5229    360.207    353.366    -0.0145     4.6520     0.1050     0.1050     0.0317     0.0244     105915    73.5514     100.00     2.5565     2.2297         15  0.000e+00
     39.874   77.87024  177.25054     40.302    -1.7510    -1.7507  25.785208  25.784430    32.5246    32.5232    360.212    352.864    -0.0145     4.6532     0.1050     0.1050     0.0306     0.0244     105916    73.5521     100.00     2.5565     2.2272         15  0.000e+00
     39.809   77.87024  177.25054     40.235    -1.7508    -1.7507  25.785326  25.784152    32.5246    32.5228    360.206    352.358    -0.0145     4.6520     0.1050     0.1050     0.0317     0.0244     105917    73.5528     100.00     2.5565     2.2248         15  0.000e+00
     39.809   77.87024  177.25054     40.235    -1.7510    -1.7506  25.785740  25.784040    32.5253    32.5226    360.206    351.853    -0.0145     4.6520     0.1050     0.1050     0.0317     0.0244     105918    73.5535     100.00     2.5565     2.2223         15  0.000e+00
     39.776   77.87024  177.25054     40.202    -1.7509    -1.7506  25.785681  25.784207    32.5252    32.5229    360.204    351.851     0.0160     4.6520     0.1050     0.1050     0.0317     0.0256     105919    73.5542     100.00     2.5565     2.2223         15  0.000e+00
     39.874   77.87024  177.25054     40.302    -1.7511    -1.7509  25.785622  25.784041    32.5253    32.5229    360.211    351.606    -0.0145     4.6520     0.1050     0.1050     0.0317     0.0244     105920    73.5549     100.00     2.5565     2.2211         15  0.000e+00
     39.809   77.87024  177.25054     40.235    -1.7508    -1.7506  25.785622  25.784541    32.5250    32.5233    359.992    351.851    -0.0145     4.6520     0.1050     0.1050     0.0317     0.0244     105921    73.5556     100.00     2.5552     2.2223         15  0.000e+00
     39.874   77.87024  177.25054     40.302    -1.7511    -1.7507  25.785976  25.784374    32.5258    32.5231    360.209    351.351    -0.0145     4.6520     0.1050     0.1050     0.0317     0.0244     105922    73.5563     100.00     2.5565     2.2199         15  0.000e+00
     39.751   77.87024  177.25054     40.177    -1.7510    -1.7507  25.785740  25.784263    32.5254    32.5230    360.203    350.841    -0.0145     4.6532     0.1050     0.1050     0.0306     0.0244     105923    73.5569     100.00     2.5565     2.2175         15  0.000e+00
     39.874   77.87024  177.25054     40.302    -1.7509    -1.7506  25.785799  25.784263    32.5253    32.5229    360.208    350.090     0.0160     4.6532     0.1050     0.1050     0.0306     0.0256     105924    73.5576     100.00     2.5565     2.2138         15  0.000e+00
     39.809   77.87024  177.25054     40.235    -1.7511    -1.7507  25.785858  25.784096    32.5256    32.5228    360.206    349.835    -0.0145     4.6520     0.1050     0.1050     0.0317     0.0244     105925    73.5583     100.00     2.5565     2.2126         15  0.000e+00
     39.874   77.87024  177.25054     40.302    -1.7513    -1.7506  25.786036  25.784374    32.5260    32.5230    360.210    349.837    -0.0145     4.6520     0.1050     0.1050     0.0317     0.0244     105926    73.5590     100.00     2.5565     2.2126         15  0.000e+00
     39.776   77.87024  177.25054     40.202    -1.7511    -1.7507  25.786153  25.784151    32.5261    32.5229    360.204    350.338     0.0160     4.6520     0.1050     0.1050     0.0317     0.0256     105927    73.5597     100.00     2.5565     2.2150         15  0.000e+00
     39.874   77.87024  177.25054     40.302    -1.7511    -1.7507  25.785740  25.784041    32.5254    32.5227    359.997    350.848    -0.0145     4.6520     0.1050     0.1050     0.0317     0.0244     105928    73.5604     100.00     2.5552     2.2175         15  0.000e+00
     39.809   77.87024  177.25054     40.235    -1.7512    -1.7507  25.785799  25.784207    32.5257    32.5229    359.994    350.592    -0.0145     4.6520     0.1062     0.1062     0.0317     0.0244     105929    73.5611     100.00     2.5552     2.2162         15  0.000e+00
     39.809   77.87024  177.25054     40.235    -1.7510    -1.7506  25.785858  25.784096    32.5255    32.5227    360.205    350.592    -0.0145     4.6520     0.1050     0.1050     0.0317     0.0244     105930    73.5618     100.00     2.5565     2.2162         15  0.000e+00
     39.809   77.87024  177.25054     40.235    -1.7510    -1.7506  25.785858  25.784040    32.5255    32.5226    359.992    350.087    -0.0145     4.6532     0.1062     0.1062     0.0306     0.0244     105931    73.5625     100.00     2.5552     2.2138         15  0.000e+00
     39.874   77.87024  177.25054     40.302    -1.7511    -1.7507  25.785917  25.784152    32.5257    32.5228    360.209    349.586    -0.0145     4.6520     0.1050     0.1050     0.0317     0.0244     105932    73.5632     100.00     2.5565     2.2114         15  0.000e+00
     39.809   77.87024  177.25054     40.235    -1.7510    -1.7507  25.785681  25.783874    32.5253    32.5225    360.206    349.332     0.0160     4.6520     0.1050     0.1050     0.0317     0.0256     105933    73.5639     100.00     2.5565     2.2101         15  0.000e+00
     39.809   77.87024  177.25054     40.235    -1.7512    -1.7504  25.785799  25.783929    32.5257    32.5222    360.207    349.581    -0.0145     4.6520     0.1050     0.1050     0.0317     0.0244     105934    73.5646     100.00     2.5565     2.2114         15  0.000e+00
     39.842   77.87024  177.25054     40.269    -1.7510    -1.7506  25.785858  25.784040    32.5255    32.5225    359.994    350.341     0.0160     4.6520     0.1050     0.1050     0.0317     0.0256     105935    73.5653     100.00     2.5552     2.2150         15  0.000e+00
     39.809   77.87024  177.25054     40.235    -1.7510    -1.7508  25.785858  25.784207    32.5255    32.5230    360.205    351.096    -0.0145     4.6532     0.1062     0.1062     0.0306     0.0244     105936    73.5660     100.00     2.5565     2.2187         15  0.000e+00
     39.809   77.87024  177.25054     40.235    -1.7508    -1.7506  25.785681  25.783874    32.5251    32.5223    360.205    351.853    -0.0145     4.6520     0.1062     0.1062     0.0317     0.0244     105937    73.5667     100.00     2.5565     2.2223         15  0.000e+00
     39.874   77.87024  177.25054     40.302    -1.7508    -1.7506  25.785799  25.783929    32.5252    32.5224    359.994    352.108    -0.0145     4.6520     0.1074     0.1074     0.0317     0.0244     105938    73.5674     100.00     2.5552     2.2236         15  0.000e+00
     39.809   77.87024  177.25054     40.235    -1.7510    -1.7506  25.785681  25.783985    32.5253    32.5225    360.206    352.609    -0.0145     4.6532     0.1062     0.1062     0.0306     0.0244     105939    73.5681     100.00     2.5565     2.2260         15  0.000e+00
     39.874   77.87024  177.25054     40.302    -1.7510    -1.7507  25.785799  25.784041    32.5254    32.5227    360.209    353.118     0.0160     4.6532     0.1062     0.1062     0.0306     0.0256     105940    73.5687     100.00     2.5565     2.2284         15  0.000e+00
     39.809   77.87024  177.25054     40.235    -1.7511    -1.7506  25.785681  25.784040    32.5254    32.5226    359.994    353.366    -0.0145     4.6532     0.1062     0.1062     0.0306     0.0244     105941    73.5694     100.00     2.5552     2.2297         15  0.000e+00
     39.809   77.87024  177.25054     40.235    -1.7510    -1.7507  25.785799  25.784040    32.5254    32.5227    359.992    353.619    -0.0145     4.6532     0.1062     0.1062     0.0306     0.0244     105942    73.5701     100.00     2.5552     2.2309         15  0.000e+00
     39.809   77.87024  177.25054     40.235    -1.7511    -1.7509  25.785681  25.783985    32.5254    32.5228    360.207    353.620    -0.0145     4.6532     0.1062     0.1062     0.0306     0.0244     105943    73.5708     100.00     2.5565     2.2309         15  0.000e+00
     39.842   77.87024  177.25054     40.269    -1.7510    -1.7509  25.785976  25.784152    32.5257    32.5230    360.207    353.369    -0.0145     4.6520     0.1062     0.1062     0.0317     0.0244     105944    73.5715     100.00     2.5565     2.2297         15  0.000e+00
     39.874   77.87024  177.25054     40.302    -1.7510    -1.7507  25.785976  25.784263    32.5256    32.5230    359.995    353.117     0.0160     4.6532     0.1062     0.1062     0.0306     0.0256     105945    73.5722     100.00     2.5552     2.2284         15  0.000e+00
     39.809   77.87024  177.25054     40.235    -1.7511    -1.7509  25.785681  25.784096    32.5254    32.5230    360.207    352.863    -0.0145     4.6532     0.1062     0.1062     0.0306     0.0244     105946    73.5729     100.00     2.5565     2.2272         15  0.000e+00
     39.809   77.87024  177.25054     40.235    -1.7510    -1.7508  25.785799  25.784040    32.5254    32.5228    360.205    352.358    -0.0145     4.6532     0.1062     0.1062     0.0306     0.0244     105947    73.5736     100.00     2.5565     2.2248         15  0.000e+00
     39.874   77.87024  177.25054     40.302    -1.7510    -1.7507  25.785858  25.783818    32.5255    32.5223    360.208    351.605    -0.0145     4.6520     0.1062     0.1062     0.0317     0.0244     105948    73.5743     100.00     2.5565     2.2211         15  0.000e+00
     29.895   77.87028  177.25090     30.215    -1.7153    -1.7151  25.725167  25.723677    32.4086    32.4063    360.908    352.550     0.1687     4.6422     0.1062     0.1062     0.0401     0.0317     107710    74.7979     100.00     2.5636     2.2283         16  0.000e+00
     29.895   77.87028  177.25090     30.215    -1.7152    -1.7151  25.725167  25.723677    32.4084    32.4062    360.908    352.046     0.1381     4.6410     0.1050     0.1050     0.0411     0.0305     107711    74.7986     100.00     2.5636     2.2258         16  0.000e+00
     29.895   77.87028  177.25090     30.215    -1.7153    -1.7151  25.725167  25.723511    32.4086    32.4060    360.908    352.047     0.1687     4.6410     0.1050     0.1050     0.0411     0.0317     107712    74.7993     100.00     2.5636     2.2258         16  0.000e+00
     29.961   77.87028  177.25090     30.281    -1.7152    -1.7148  25.725167  25.723788    32.4084    32.4060    360.911    352.299     0.1687     4.6422     0.1050     0.1050     0.0401     0.0317     107713    74.8000     100.00     2.5636     2.2271         16  0.000e+00
     29.838   77.87028  177.25090     30.157    -1.7153    -1.7151  25.724930  25.723733    32.4083    32.4063    360.906    352.799     0.1687     4.6422     0.1050     0.1050     0.0401     0.0317     107714    74.8007     100.00     2.5636     2.2295         16  0.000e+00
     29.895   77.87028  177.25090     30.215    -1.7152    -1.7151  25.724931  25.723677    32.4081    32.4062    360.908    353.305     0.1992     4.6422     0.1050     0.1050     0.0401     0.0330     107715    74.8014     100.00     2.5636     2.2319         16  0.000e+00
     29.961   77.87028  177.25090     30.281    -1.7153    -1.7151  25.724872  25.723844    32.4081    32.4064    361.126    353.812     0.1687     4.6422     0.1050     0.1050     0.0401     0.0317     107716    74.8021     100.00     2.5648     2.2344         16  0.000e+00
     29.838   77.87028  177.25090     30.157    -1.7152    -1.7151  25.724930  25.723733    32.4081    32.4063    360.905    354.058     0.1687     4.6422     0.1050     0.1050     0.0401     0.0317     107717    74.8028     100.00     2.5636     2.2356         16  0.000e+00
     29.961   77.87028  177.25090     30.281    -1.7153    -1.7151  25.725108  25.723677    32.4084    32.4061    360.912    353.812     0.1687     4.6422     0.1062     0.1062     0.0401     0.0317     107718    74.8035     100.00     2.5636     2.2344         16  0.000e+00
     29.895   77.87028  177.25090     30.215    -1.7153    -1.7149  25.725167  25.723677    32.4086    32.4061    360.908    353.556     0.1687     4.6422     0.1050     0.1050     0.0401     0.0317     107719    74.8042     100.00     2.5636     2.2332         16  0.000e+00
     29.920   77.87028  177.25090     30.240    -1.7155    -1.7152  25.725167  25.723289    32.4087    32.4058    360.911    353.813     0.1687     4.6422     0.1050     0.1050     0.0401     0.0317     107720    74.8049     100.00     2.5636     2.2344         16  0.000e+00
     29.895   77.87028  177.25090     30.215    -1.7153    -1.7151  25.724931  25.723344    32.4082    32.4057    360.909    354.062     0.1687     4.6422     0.1050     0.1050     0.0401     0.0317     107721    74.8056     100.00     2.5636     2.2356         16  0.000e+00
     29.895   77.87028  177.25090     30.215    -1.7152    -1.7151  25.725285  25.723622    32.4086    32.4062    360.907    353.810     0.1687     4.6422     0.1050     0.1050     0.0401     0.0317     107722    74.8063     100.00     2.5636     2.2344         16  0.000e+00
     29.895   77.87028  177.25090     30.215    -1.7152    -1.7149  25.725226  25.723677    32.4085    32.4061    360.907    353.556     0.1687     4.6422     0.1050     0.1050     0.0401     0.0317     107723    74.8069     100.00     2.5636     2.2332         16  0.000e+00
     29.895   77.87028  177.25090     30.215    -1.7152    -1.7151  25.724990  25.723677    32.4081    32.4062    360.908    353.305     0.1687     4.6422     0.1050     0.1050     0.0401     0.0317     107724    74.8076     100.00     2.5636     2.2319         16  0.000e+00
     29.895   77.87028  177.25090     30.215    -1.7155    -1.7152  25.725285  25.723511    32.4089    32.4062    361.122    353.055     0.1687     4.6422     0.1050     0.1050     0.0401     0.0317     107725    74.8083     100.00     2.5648     2.2307         16  0.000e+00
     29.961   77.87028  177.25090     30.281    -1.7152    -1.7151  25.725049  25.723622    32.4082    32.4061    360.911    353.309     0.1687     4.6422     0.1050     0.1050     0.0401     0.0317     107726    74.8090     100.00     2.5636     2.2319         16  0.000e+00
     29.838   77.87028  177.25090     30.157    -1.7152    -1.7149  25.725108  25.723677    32.4084    32.4061    360.905    353.301     0.1992     4.6422     0.1050     0.1050     0.0401     0.0330     107727    74.8097     100.00     2.5636     2.2319         16  0.000e+00
