Continuous CTD Data/01_SBE Stage/nabos_03_02.ros
* Sea-Bird SBE 9 Data File:
* FileName = D:\CTD\data\HLY2502\raw\NABOS_03_02.hex
* Software Version Seasave V 7.26.7.110
* Temperature SN = 6954
* Conductivity SN = 2561
* Number of Bytes Per Scan = 37
* Number of Voltage Words = 4
* Number of Scans Averaged by the Deck Unit = 1
* NMEA Latitude = 74 27.63 N
* NMEA Longitude = 169 54.47 E
* NMEA UTC (Time) = Sep 13 2025  07:50:08
* NMEA baud rate = 9600
** Ship: USCG HEALY
** Bot. Depth:  56
** Cast Number:  02
** Station Name:  NABOS
** Station Number:  03
** Operator:  STARC
** Target 46 m, bottles 24 leaked and 4 spigot leaked on cast 1
# nquan = 25
# nvalues = 588                                   
# units = specified
# name 0 = depSM: Depth [salt water, m]
# name 1 = latitude: Latitude [deg]
# name 2 = longitude: Longitude [deg]
# name 3 = prDM: Pressure, Digiquartz [db]
# name 4 = t090C: Temperature [ITS-90, deg C]
# name 5 = t190C: Temperature, 2 [ITS-90, deg C]
# name 6 = c0mS/cm: Conductivity [mS/cm]
# name 7 = c1mS/cm: Conductivity, 2 [mS/cm]
# name 8 = sal00: Salinity, Practical [PSU]
# name 9 = sal11: Salinity, Practical, 2 [PSU]
# name 10 = sbox0Mm/Kg: Oxygen, SBE 43 [umol/kg]
# name 11 = sbox1Mm/Kg: Oxygen, SBE 43, 2 [umol/kg]
# name 12 = flECO-AFL: Fluorescence, WET Labs ECO-AFL/FL [mg/m^3]
# name 13 = v2: Voltage 2
# name 14 = wetCDOM: Fluorescence, WET Labs CDOM [mg/m^3]
# name 15 = v6: Voltage 6
# name 16 = CStarAt0: Beam Attenuation, WET Labs C-Star [1/m]
# name 17 = v3: Voltage 3
# name 18 = scan: Scan Count
# name 19 = timeM: Time, Elapsed [minutes]
# name 20 = altM: Altimeter [m]
# name 21 = sbeox0V: Oxygen raw, SBE 43 [V]
# name 22 = sbeox1V: Oxygen raw, SBE 43, 2 [V]
# name 23 = nbf: Bottles Fired
# name 24 = flag:  0.000e+00
# interval = seconds: 0.0416667
# start_time = Sep 13 2025 07:50:08 [NMEA time, header]
# bad_flag = -9.990e-29
*END*
[from data line 406]
     10.474   74.46046  169.91446     10.584    -1.3314    -1.3281  22.134354  22.143987    27.1428    27.1527    370.535    360.161     0.1687     4.5922     0.0989     0.0989     0.0835     0.0317      13227     9.1847      27.08     2.5617     2.2186          9  0.000e+00
     10.548   74.46046  169.91446     10.658    -1.3313    -1.3283  22.134411  22.144250    27.1427    27.1532    370.538    359.906     0.1687     4.5910     0.0989     0.0989     0.0845     0.0317      13228     9.1854      27.23     2.5617     2.2174          9  0.000e+00
     10.474   74.46046  169.91446     10.584    -1.3309    -1.3281  22.134746  22.144461    27.1429    27.1533    370.748    359.642     0.1687     4.5922     0.0989     0.0989     0.0835     0.0317      13229     9.1861      27.45     2.5630     2.2162          9  0.000e+00
     10.359   74.46046  169.91446     10.468    -1.3307    -1.3281  22.134690  22.144460    27.1427    27.1534    370.523    359.636     0.1687     4.5922     0.0989     0.0989     0.0835     0.0317      13230     9.1868      27.64     2.5617     2.2162          9  0.000e+00
     10.539   74.46046  169.91446     10.650    -1.3307    -1.3280  22.134691  22.144461    27.1426    27.1532    370.532    359.644     0.1687     4.5922     0.1001     0.1001     0.0835     0.0317      13231     9.1875      27.86     2.5617     2.2162          9  0.000e+00
     10.474   74.46046  169.91446     10.584    -1.3307    -1.3281  22.134634  22.144461    27.1426    27.1533    370.747    359.900     0.1687     4.5922     0.1001     0.1001     0.0835     0.0317      13232     9.1882      28.08     2.5630     2.2174          9  0.000e+00
     10.482   74.46046  169.91446     10.592    -1.3307    -1.3280  22.134634  22.144619    27.1426    27.1534    370.748    360.158     0.1687     4.5922     0.0989     0.0989     0.0835     0.0317      13233     9.1889      28.08     2.5630     2.2186          9  0.000e+00
     10.416   74.46046  169.91446     10.526    -1.3307    -1.3280  22.134858  22.144408    27.1429    27.1532    370.525    360.155     0.1687     4.5922     0.1001     0.1001     0.0835     0.0317      13234     9.1896      28.06     2.5617     2.2186          9  0.000e+00
     10.482   74.46046  169.91446     10.592    -1.3307    -1.3280  22.134522  22.143723    27.1424    27.1522    370.748    360.161     0.1687     4.5922     0.1001     0.1001     0.0835     0.0317      13235     9.1903      28.23     2.5630     2.2186          9  0.000e+00
     10.416   74.46046  169.91446     10.526    -1.3309    -1.3284  22.134578  22.142722    27.1427    27.1513    370.746    359.907     0.1687     4.5922     0.0989     0.0989     0.0835     0.0317      13236     9.1910      28.28     2.5630     2.2174          9  0.000e+00
     10.482   74.46046  169.91446     10.592    -1.3306    -1.3284  22.134859  22.142248    27.1428    27.1506    370.746    359.912     0.1687     4.5922     0.0989     0.0989     0.0835     0.0317      13237     9.1917      28.23     2.5630     2.2174          9  0.000e+00
     10.416   74.46046  169.91446     10.526    -1.3307    -1.3286  22.135026  22.141563    27.1431    27.1499    370.743    359.136     0.1687     4.5922     0.1001     0.1001     0.0835     0.0317      13238     9.1924      28.23     2.5630     2.2138          9  0.000e+00
     10.425   74.46046  169.91446     10.534    -1.3309    -1.3287  22.135082  22.141141    27.1434    27.1494    370.526    359.398     0.1687     4.5922     0.1001     0.1001     0.0835     0.0317      13239     9.1931      28.23     2.5617     2.2150          9  0.000e+00
     10.474   74.46046  169.91446     10.584    -1.3307    -1.3287  22.134746  22.141089    27.1427    27.1494    370.747    359.142     0.1687     4.5922     0.0989     0.0989     0.0835     0.0317      13240     9.1937      28.45     2.5630     2.2138          9  0.000e+00
     10.359   74.46046  169.91446     10.468    -1.3307    -1.3289  22.134690  22.141089    27.1427    27.1496    370.523    359.138     0.1687     4.5922     0.0989     0.0989     0.0835     0.0317      13241     9.1944      28.50     2.5617     2.2138          9  0.000e+00
     10.416   74.46046  169.91446     10.526    -1.3306    -1.3290  22.134802  22.140562    27.1427    27.1489    370.524    359.403     0.1687     4.5910     0.0989     0.0989     0.0845     0.0317      13242     9.1951      28.52     2.5617     2.2150          9  0.000e+00
     10.425   74.46046  169.91446     10.534    -1.3307    -1.3290  22.134858  22.139772    27.1429    27.1479    370.744    359.665     0.1687     4.5922     0.0989     0.0989     0.0835     0.0317      13243     9.1958      28.74     2.5630     2.2162          9  0.000e+00
     10.351   74.46046  169.91446     10.459    -1.3305    -1.3293  22.134914  22.138665    27.1428    27.1468    370.519    360.186     0.1687     4.5922     0.0989     0.0989     0.0835     0.0317      13244     9.1965      28.77     2.5617     2.2186          9  0.000e+00
     10.416   74.46046  169.91446     10.526    -1.3305    -1.3296  22.135026  22.137507    27.1429    27.1455    370.740    359.937     0.1687     4.5910     0.0989     0.0989     0.0845     0.0317      13245     9.1972      28.86     2.5630     2.2174          9  0.000e+00
     10.359   74.46046  169.91446     10.468    -1.3303    -1.3298  22.135250  22.136558    27.1431    27.1443    370.735    359.939     0.1687     4.5910     0.1001     0.1001     0.0845     0.0317      13246     9.1979      29.23     2.5630     2.2174          9  0.000e+00
     10.351   74.46046  169.91446     10.459    -1.3300    -1.3299  22.135810  22.135663    27.1436    27.1433    370.730    359.944     0.1687     4.5922     0.1001     0.1001     0.0835     0.0317      13247     9.1986      29.45     2.5630     2.2174          9  0.000e+00
     10.425   74.46046  169.91446     10.534    -1.3292    -1.3301  22.140067  22.135557    27.1485    27.1432    370.710    360.207     0.1687     4.5910     0.1001     0.1001     0.0845     0.0317      13248     9.1993      29.16     2.5630     2.2186          9  0.000e+00
     10.293   74.46046  169.91446     10.401    -1.3274    -1.3302  22.144772  22.134820    27.1532    27.1425    370.669    360.205     0.1381     4.5922     0.1001     0.1001     0.0835     0.0305      13249     9.2000      28.21     2.5630     2.2186          9  0.000e+00
     10.359   74.46046  169.91448     10.468    -1.3269    -1.3301  22.147237  22.134556    27.1561    27.1419    370.659    360.208     0.1687     4.5922     0.1001     0.1001     0.0835     0.0317      13250     9.2007      26.57     2.5630     2.2186          9  0.000e+00
     10.351   74.46046  169.91448     10.459    -1.3240    -1.3304  22.156648  22.134398    27.1660    27.1420    370.596    360.211     0.1687     4.5922     0.1001     0.1001     0.0835     0.0317      13251     9.2014      26.18     2.5630     2.2186          9  0.000e+00
     10.302   74.46046  169.91448     10.410    -1.3215    -1.3302  22.165276  22.133977    27.1753    27.1413    370.538    359.950     0.1687     4.5922     0.0989     0.0989     0.0835     0.0317      13252     9.2021      26.35     2.5630     2.2174          9  0.000e+00
     10.293   74.46046  169.91448     10.401    -1.3217    -1.3301  22.165220  22.133977    27.1754    27.1412    370.321    359.948     0.1687     4.5910     0.1001     0.1001     0.0845     0.0317      13253     9.2028      26.86     2.5617     2.2174          9  0.000e+00
     10.302   74.46046  169.91448     10.410    -1.3205    -1.3302  22.168638  22.134240    27.1789    27.1417    370.297    360.208     0.1687     4.5910     0.0989     0.0989     0.0845     0.0317      13254     9.2035      27.52     2.5617     2.2186          9  0.000e+00
     10.351   74.46046  169.91448     10.459    -1.3216    -1.3298  22.166397  22.135136    27.1769    27.1424    370.537    359.685     0.1687     4.5910     0.1001     0.1001     0.0845     0.0317      13255     9.2042      27.64     2.5630     2.2162          9  0.000e+00
     10.244   74.46046  169.91448     10.352    -1.3234    -1.3286  22.160177  22.141194    27.1702    27.1495    370.571    359.905     0.1687     4.5922     0.0989     0.0989     0.0835     0.0317      13256     9.2049      27.45     2.5630     2.2174          9  0.000e+00
     10.293   74.46046  169.91448     10.401    -1.3229    -1.3261  22.161242  22.150203    27.1712    27.1593    370.566    359.853     0.1687     4.5910     0.0989     0.0989     0.0845     0.0317      13257     9.2056      27.50     2.5630     2.2174          9  0.000e+00
     10.302   74.46046  169.91448     10.410    -1.3214    -1.3246  22.167910  22.157844    27.1787    27.1682    370.526    359.553     0.1687     4.5910     0.0989     0.0989     0.0845     0.0317      13258     9.2063      28.01     2.5630     2.2162          9  0.000e+00
     10.236   74.46046  169.91448     10.343    -1.3195    -1.3235  22.173961  22.161743    27.1852    27.1724    370.702    359.525     0.1687     4.5922     0.1001     0.1001     0.0835     0.0317      13259     9.2069      28.67     2.5642     2.2162          9  0.000e+00
     10.244   74.46046  169.91448     10.352    -1.3182    -1.3237  22.178445  22.162323    27.1900    27.1734    370.454    359.267     0.1687     4.5922     0.0989     0.0989     0.0835     0.0317      13260     9.2076      28.86     2.5630     2.2150          9  0.000e+00
     10.236   74.46046  169.91448     10.343    -1.3169    -1.3234  22.182760  22.161743    27.1946    27.1724    370.208    359.525     0.1687     4.5910     0.1001     0.1001     0.0845     0.0317      13261     9.2083      28.28     2.5617     2.2162          9  0.000e+00
     10.359   74.46046  169.91458     10.468    -1.3091    -1.3115  22.219650  22.212249    27.2368    27.2292    370.220    358.980     0.1687     4.5910     0.1001     0.1001     0.0845     0.0317      13372     9.2854      22.52     2.5630     2.2150         10  0.000e+00
     10.351   74.46046  169.91458     10.460    -1.3111    -1.3109  22.213089  22.213567    27.2299    27.2303    370.481    359.228     0.1687     4.5922     0.1013     0.1013     0.0835     0.0317      13373     9.2861      22.10     2.5642     2.2162         10  0.000e+00
     10.425   74.46046  169.91458     10.534    -1.3132    -1.3112  22.204286  22.213779    27.2200    27.2309    370.319    359.233     0.1687     4.5910     0.1001     0.1001     0.0845     0.0317      13374     9.2868      22.42     2.5630     2.2162         10  0.000e+00
     10.351   74.46046  169.91458     10.460    -1.3159    -1.3109  22.195484  22.214359    27.2107    27.2314    370.592    359.225     0.1687     4.5910     0.1001     0.1001     0.0845     0.0317      13375     9.2875      22.66     2.5642     2.2162         10  0.000e+00
     10.359   74.46046  169.91458     10.468    -1.3177    -1.3104  22.187693  22.215624    27.2019    27.2327    370.638    358.700     0.1687     4.5910     0.1013     0.1013     0.0845     0.0317      13376     9.2882      22.59     2.5642     2.2138         10  0.000e+00
     10.293   74.46046  169.91458     10.402    -1.3185    -1.3101  22.182929  22.217101    27.1962    27.2344    370.442    358.688     0.1381     4.5910     0.1013     0.1013     0.0845     0.0305      13377     9.2889      22.17     2.5630     2.2138         10  0.000e+00
     10.359   74.46046  169.91458     10.468    -1.3203    -1.3097  22.178669  22.218209    27.1922    27.2355    370.696    358.683     0.1687     4.5910     0.1013     0.1013     0.0845     0.0317      13378     9.2896      21.95     2.5642     2.2138         10  0.000e+00
     10.351   74.46046  169.91458     10.460    -1.3217    -1.3097  22.173570  22.218947    27.1866    27.2365    370.510    358.680     0.1381     4.5910     0.1013     0.1013     0.0845     0.0305      13379     9.2903      21.76     2.5630     2.2138         10  0.000e+00
     10.302   74.46046  169.91458     10.410    -1.3220    -1.3092  22.169199  22.220160    27.1810    27.2377    370.745    359.186     0.1687     4.5910     0.1013     0.1013     0.0845     0.0317      13380     9.2910      21.20     2.5642     2.2162         10  0.000e+00
     10.236   74.46046  169.91458     10.344    -1.3219    -1.3088  22.168022  22.221321    27.1794    27.2389    370.745    359.175     0.1687     4.5910     0.1013     0.1013     0.0845     0.0317      13381     9.2917      20.85     2.5642     2.2162         10  0.000e+00
     10.302   74.46046  169.91458     10.410    -1.3214    -1.3083  22.171720  22.222481    27.1838    27.2400    370.730    359.169     0.1992     4.5910     0.1013     0.1013     0.0845     0.0330      13382     9.2924      20.78     2.5642     2.2162         10  0.000e+00
     10.293   74.46046  169.91458     10.402    -1.3201    -1.3083  22.176427  22.221743    27.1890    27.2390    370.700    359.172     0.2297     4.5922     0.1013     0.1013     0.0835     0.0342      13383     9.2931      20.66     2.5642     2.2162         10  0.000e+00
     10.244   74.46046  169.91458     10.352    -1.3191    -1.3095  22.179846  22.217259    27.1927    27.2341    370.457    359.197     0.2297     4.5934     0.1013     0.1013     0.0824     0.0342      13384     9.2937      20.32     2.5630     2.2162         10  0.000e+00
     10.293   74.46046  169.91458     10.402    -1.3186    -1.3103  22.182200  22.211563    27.1954    27.2271    370.665    359.227     0.2297     4.5934     0.1013     0.1013     0.0824     0.0342      13385     9.2944      20.32     2.5642     2.2162         10  0.000e+00
     10.244   74.46046  169.91458     10.352    -1.3182    -1.3119  22.184554  22.203178    27.1982    27.2175    370.430    359.271     0.1992     4.5934     0.1013     0.1013     0.0824     0.0330      13386     9.2951      20.10     2.5630     2.2162         10  0.000e+00
     10.236   74.46046  169.91458     10.344    -1.3177    -1.3128  22.187524  22.196270    27.2017    27.2090    370.632    359.304     0.2297     4.5934     0.1013     0.1013     0.0824     0.0342      13387     9.2958      19.90     2.5642     2.2162         10  0.000e+00
     10.236   74.46046  169.91458     10.344    -1.3169    -1.3144  22.191056  22.190839    27.2058    27.2032    370.612    359.338     0.2297     4.5934     0.1013     0.1013     0.0824     0.0342      13388     9.2965      19.90     2.5642     2.2162         10  0.000e+00
     10.179   74.46046  169.91458     10.285    -1.3162    -1.3155  22.194139  22.186411    27.2092    27.1982    370.809    359.361     0.2297     4.5934     0.1013     0.1013     0.0824     0.0342      13389     9.2972      20.15     2.5654     2.2162         10  0.000e+00
     10.236   74.46046  169.91458     10.344    -1.3158    -1.3167  22.196045  22.182932    27.2114    27.1946    370.583    359.387     0.2297     4.5934     0.1001     0.1001     0.0824     0.0342      13390     9.2979      21.17     2.5642     2.2162         10  0.000e+00
     10.244   74.46046  169.91458     10.352    -1.3155    -1.3176  22.196942  22.180243    27.2124    27.1919    370.578    359.406     0.1992     4.5934     0.1001     0.1001     0.0824     0.0330      13391     9.2986      21.83     2.5642     2.2162         10  0.000e+00
     10.113   74.46046  169.91458     10.219    -1.3155    -1.3179  22.197614  22.179927    27.2133    27.1918    370.568    359.661     0.2297     4.5934     0.1001     0.1001     0.0824     0.0342      13392     9.2993      21.81     2.5642     2.2174         10  0.000e+00
     10.244   74.46046  169.91458     10.352    -1.3150    -1.3181  22.197951  22.181087    27.2133    27.1934    370.569    359.665     0.2297     4.5934     0.0989     0.0989     0.0824     0.0342      13393     9.3000      21.68     2.5642     2.2174         10  0.000e+00
