Continuous CTD Data/01_SBE Stage/nabos_09_02.ros
* Sea-Bird SBE 9 Data File:
* FileName = D:\CTD\data\HLY2502\raw\NABOS_09_02.hex
* Software Version Seasave V 7.26.7.110
* Temperature SN = 6954
* Conductivity SN = 2561
* Number of Bytes Per Scan = 37
* Number of Voltage Words = 4
* Number of Scans Averaged by the Deck Unit = 1
* NMEA Latitude = 76 20.13 N
* NMEA Longitude = 178 35.91 E
* NMEA UTC (Time) = Sep 15 2025  05:01:14
* NMEA baud rate = 9600
** Ship: USCG HEALY
** Bot. Depth:  1161
** Cast Number:  02
** Station Name:  NABOS
** Station Number:  09
** Operator:  STARC
# nquan = 25
# nvalues = 980                                   
# units = specified
# name 0 = depSM: Depth [salt water, m]
# name 1 = latitude: Latitude [deg]
# name 2 = longitude: Longitude [deg]
# name 3 = prDM: Pressure, Digiquartz [db]
# name 4 = t090C: Temperature [ITS-90, deg C]
# name 5 = t190C: Temperature, 2 [ITS-90, deg C]
# name 6 = c0mS/cm: Conductivity [mS/cm]
# name 7 = c1mS/cm: Conductivity, 2 [mS/cm]
# name 8 = sal00: Salinity, Practical [PSU]
# name 9 = sal11: Salinity, Practical, 2 [PSU]
# name 10 = sbox0Mm/Kg: Oxygen, SBE 43 [umol/kg]
# name 11 = sbox1Mm/Kg: Oxygen, SBE 43, 2 [umol/kg]
# name 12 = flECO-AFL: Fluorescence, WET Labs ECO-AFL/FL [mg/m^3]
# name 13 = v2: Voltage 2
# name 14 = wetCDOM: Fluorescence, WET Labs CDOM [mg/m^3]
# name 15 = v6: Voltage 6
# name 16 = CStarAt0: Beam Attenuation, WET Labs C-Star [1/m]
# name 17 = v3: Voltage 3
# name 18 = scan: Scan Count
# name 19 = timeM: Time, Elapsed [minutes]
# name 20 = altM: Altimeter [m]
# name 21 = sbeox0V: Oxygen raw, SBE 43 [V]
# name 22 = sbeox1V: Oxygen raw, SBE 43, 2 [V]
# name 23 = nbf: Bottles Fired
# name 24 = flag:  0.000e+00
# interval = seconds: 0.0416667
# start_time = Sep 15 2025 05:01:14 [NMEA time, header]
# bad_flag = -9.990e-29
*END*
[from data line 580]
    100.089   76.33628  178.59726    101.170    -1.3155    -1.3161  27.327954  27.326486    34.1301    34.1287    304.527    297.413    -0.1366     4.6581     0.0940     0.0940     0.0264     0.0195     103976    72.2049     100.00     2.2689     1.9847         12  0.000e+00
    100.015   76.33628  178.59726    101.095    -1.3155    -1.3159  27.327833  27.326316    34.1299    34.1283    304.525    297.161    -0.1366     4.6581     0.0940     0.0940     0.0264     0.0195     103977    72.2056     100.00     2.2689     1.9835         12  0.000e+00
    100.089   76.33628  178.59726    101.170    -1.3157    -1.3161  27.327773  27.326032    34.1300    34.1280    304.529    296.918    -0.1366     4.6581     0.0940     0.0940     0.0264     0.0195     103978    72.2062     100.00     2.2689     1.9823         12  0.000e+00
    100.023   76.33628  178.59726    101.104    -1.3155    -1.3159  27.328135  27.326146    34.1303    34.1280    304.524    296.666    -0.1366     4.6581     0.0940     0.0940     0.0264     0.0195     103979    72.2069     100.00     2.2689     1.9810         12  0.000e+00
    100.072   76.33628  178.59726    101.153    -1.3157    -1.3161  27.328074  27.326089    34.1304    34.1281    304.737    296.422    -0.1366     4.6581     0.0940     0.0940     0.0264     0.0195     103980    72.2076     100.00     2.2701     1.9798         12  0.000e+00
    100.023   76.33628  178.59726    101.104    -1.3155    -1.3161  27.328014  27.326373    34.1302    34.1285    304.524    296.419    -0.1366     4.6581     0.0940     0.0940     0.0264     0.0195     103981    72.2083     100.00     2.2689     1.9798         12  0.000e+00
    100.089   76.33628  178.59726    101.170    -1.3155    -1.3159  27.327833  27.326713    34.1299    34.1288    304.318    296.171    -0.1366     4.6581     0.0940     0.0940     0.0264     0.0195     103982    72.2090     100.00     2.2677     1.9786         12  0.000e+00
    100.072   76.33628  178.59726    101.153    -1.3155    -1.3159  27.328135  27.326543    34.1303    34.1285    304.526    296.171    -0.1061     4.6581     0.0940     0.0940     0.0264     0.0208     103983    72.2097     100.00     2.2689     1.9786         12  0.000e+00
     85.124   76.33628  178.59718     86.041    -1.3700    -1.3715  27.173398  27.158166    33.9889    33.9695    303.460    292.936    -0.1366     4.6593     0.0952     0.0952     0.0254     0.0195     106071    73.6597     100.00     2.2613     1.9613         13  0.000e+00
     85.124   76.33628  178.59718     86.041    -1.3705    -1.3718  27.172435  27.158335    33.9881    33.9701    303.257    292.937    -0.1366     4.6581     0.0952     0.0952     0.0264     0.0195     106072    73.6604     100.00     2.2601     1.9613         13  0.000e+00
     85.124   76.33628  178.59718     86.041    -1.3709    -1.3720  27.172555  27.158562    33.9887    33.9706    303.259    293.186    -0.1366     4.6593     0.0952     0.0952     0.0254     0.0195     106073    73.6611     100.00     2.2601     1.9625         13  0.000e+00
     85.124   76.33628  178.59718     86.041    -1.3711    -1.3721  27.171893  27.158279    33.9880    33.9704    303.262    293.435    -0.1366     4.6593     0.0952     0.0952     0.0254     0.0195     106074    73.6618     100.00     2.2601     1.9637         13  0.000e+00
     85.190   76.33628  178.59718     86.107    -1.3709    -1.3722  27.171291  27.158336    33.9869    33.9705    303.266    293.935    -0.1366     4.6581     0.0952     0.0952     0.0264     0.0195     106075    73.6625     100.00     2.2601     1.9662         13  0.000e+00
     85.124   76.33628  178.59718     86.041    -1.3706    -1.3721  27.171351  27.158052    33.9867    33.9701    303.261    294.180    -0.1366     4.6581     0.0952     0.0952     0.0264     0.0195     106076    73.6632     100.00     2.2601     1.9674         13  0.000e+00
     85.190   76.33628  178.59718     86.107    -1.3706    -1.3721  27.170989  27.158279    33.9862    33.9703    303.265    294.182    -0.1366     4.6581     0.0952     0.0952     0.0264     0.0195     106077    73.6639     100.00     2.2601     1.9674         13  0.000e+00
     85.067   76.33628  178.59718     85.983    -1.3705    -1.3722  27.170507  27.158222    33.9854    33.9705    303.260    293.930    -0.1366     4.6593     0.0952     0.0952     0.0254     0.0195     106078    73.6646     100.00     2.2601     1.9662         13  0.000e+00
     85.124   76.33628  178.59718     86.041    -1.3705    -1.3722  27.171712  27.158562    33.9870    33.9709    303.259    294.179    -0.1061     4.6593     0.0952     0.0952     0.0254     0.0208     106079    73.6653     100.00     2.2601     1.9674         13  0.000e+00
     85.190   76.33628  178.59718     86.107    -1.3709    -1.3726  27.172736  27.158222    33.9889    33.9708    303.471    294.185    -0.1366     4.6581     0.0952     0.0952     0.0264     0.0195     106080    73.6660     100.00     2.2613     1.9674         13  0.000e+00
     85.124   76.33628  178.59718     86.041    -1.3711    -1.3725  27.173157  27.158562    33.9897    33.9712    303.258    294.181    -0.1366     4.6581     0.0952     0.0952     0.0264     0.0195     106081    73.6667     100.00     2.2601     1.9674         13  0.000e+00
     85.124   76.33628  178.59718     86.041    -1.3710    -1.3724  27.173398  27.158505    33.9899    33.9710    303.256    294.429    -0.1366     4.6581     0.0952     0.0952     0.0264     0.0195     106082    73.6674     100.00     2.2601     1.9686         13  0.000e+00
     85.124   76.33628  178.59718     86.041    -1.3698    -1.3727  27.172916  27.158789    33.9880    33.9718    303.251    294.678    -0.1366     4.6569     0.0952     0.0952     0.0275     0.0195     106083    73.6681     100.00     2.2601     1.9698         13  0.000e+00
     85.124   76.33628  178.59718     86.041    -1.3683    -1.3722  27.172314  27.159128    33.9854    33.9717    303.243    294.922    -0.1366     4.6581     0.0952     0.0952     0.0264     0.0195     106084    73.6688     100.00     2.2601     1.9711         13  0.000e+00
     85.124   76.33628  178.59718     86.041    -1.3674    -1.3722  27.171772  27.159242    33.9836    33.9718    303.239    294.673    -0.1366     4.6581     0.0952     0.0952     0.0264     0.0195     106085    73.6694     100.00     2.2601     1.9698         13  0.000e+00
     85.190   76.33628  178.59718     86.107    -1.3669    -1.3724  27.170688  27.159299    33.9816    33.9721    303.242    294.181    -0.1061     4.6581     0.0952     0.0952     0.0264     0.0208     106086    73.6701     100.00     2.2601     1.9674         13  0.000e+00
     85.124   76.33628  178.59718     86.041    -1.3672    -1.3724  27.169965  27.159638    33.9809    33.9726    303.243    293.681    -0.1366     4.6581     0.0952     0.0952     0.0264     0.0195     106087    73.6708     100.00     2.2601     1.9650         13  0.000e+00
     85.124   76.33628  178.59718     86.041    -1.3684    -1.3725  27.169845  27.159751    33.9822    33.9729    303.252    293.185    -0.1366     4.6581     0.0952     0.0952     0.0264     0.0195     106088    73.6715     100.00     2.2601     1.9625         13  0.000e+00
     85.124   76.33628  178.59718     86.041    -1.3695    -1.3727  27.170387  27.159525    33.9841    33.9728    303.466    293.435    -0.1366     4.6581     0.0952     0.0952     0.0264     0.0195     106089    73.6722     100.00     2.2613     1.9637         13  0.000e+00
     85.124   76.33628  178.59718     86.041    -1.3700    -1.3722  27.170808  27.159468    33.9853    33.9721    303.259    293.928    -0.1366     4.6581     0.0952     0.0952     0.0264     0.0195     106090    73.6729     100.00     2.2601     1.9662         13  0.000e+00
     85.190   76.33628  178.59718     86.107    -1.3698    -1.3724  27.171411  27.159468    33.9859    33.9723    303.258    294.428    -0.1366     4.6581     0.0952     0.0952     0.0264     0.0195     106091    73.6736     100.00     2.2601     1.9686         13  0.000e+00
     85.124   76.33628  178.59718     86.041    -1.3700    -1.3723  27.172013  27.159298    33.9869    33.9720    303.464    294.921    -0.1366     4.6581     0.0952     0.0952     0.0264     0.0195     106092    73.6743     100.00     2.2613     1.9711         13  0.000e+00
     85.124   76.33628  178.59718     86.041    -1.3697    -1.3722  27.172555  27.159128    33.9874    33.9717    303.251    295.666    -0.1061     4.6581     0.0952     0.0952     0.0264     0.0208     106093    73.6750     100.00     2.2601     1.9747         13  0.000e+00
     85.124   76.33628  178.59718     86.041    -1.3697    -1.3724  27.172736  27.159185    33.9876    33.9720    303.460    295.667    -0.1366     4.6581     0.0952     0.0952     0.0264     0.0195     106094    73.6757     100.00     2.2613     1.9747         13  0.000e+00
     85.190   76.33628  178.59718     86.107    -1.3700    -1.3728  27.173097  27.159412    33.9884    33.9727    303.254    295.671    -0.1061     4.6581     0.0952     0.0952     0.0264     0.0208     106095    73.6764     100.00     2.2601     1.9747         13  0.000e+00
     85.124   76.33628  178.59718     86.041    -1.3697    -1.3727  27.173760  27.159638    33.9890    33.9729    303.247    295.419    -0.1366     4.6581     0.0952     0.0952     0.0264     0.0195     106096    73.6771     100.00     2.2601     1.9735         13  0.000e+00
     85.124   76.33628  178.59718     86.041    -1.3697    -1.3728  27.174362  27.159525    33.9898    33.9729    303.245    295.420    -0.1366     4.6581     0.0952     0.0952     0.0264     0.0195     106097    73.6778     100.00     2.2601     1.9735         13  0.000e+00
     85.124   76.33628  178.59718     86.041    -1.3698    -1.3725  27.174904  27.159865    33.9907    33.9730    303.454    295.417    -0.1366     4.6581     0.0952     0.0952     0.0264     0.0195     106098    73.6785     100.00     2.2613     1.9735         13  0.000e+00
     85.124   76.33628  178.59718     86.041    -1.3700    -1.3726  27.175386  27.160091    33.9916    33.9734    303.243    295.417    -0.1366     4.6581     0.0952     0.0952     0.0264     0.0195     106099    73.6792     100.00     2.2601     1.9735         13  0.000e+00
     85.190   76.33628  178.59718     86.107    -1.3684    -1.3727  27.175747  27.160205    33.9903    33.9737    303.235    295.172    -0.1366     4.6581     0.0952     0.0952     0.0264     0.0195     106100    73.6799     100.00     2.2601     1.9723         13  0.000e+00
     85.124   76.33628  178.59718     86.041    -1.3680    -1.3728  27.176590  27.160261    33.9910    33.9739    303.226    294.922    -0.1366     4.6581     0.0952     0.0952     0.0264     0.0195     106101    73.6806     100.00     2.2601     1.9711         13  0.000e+00
     85.124   76.33628  178.59718     86.041    -1.3677    -1.3727  27.177072  27.160431    33.9912    33.9740    303.223    294.920    -0.1366     4.6581     0.0952     0.0952     0.0264     0.0195     106102    73.6813     100.00     2.2601     1.9711         13  0.000e+00
     85.124   76.33628  178.59718     86.041    -1.3678    -1.3725  27.177494  27.160148    33.9920    33.9734    303.222    294.920    -0.1366     4.6581     0.0952     0.0952     0.0264     0.0195     106103    73.6819     100.00     2.2601     1.9711         13  0.000e+00
     85.124   76.33628  178.59718     86.041    -1.3680    -1.3725  27.177253  27.160205    33.9919    33.9735    303.224    294.920    -0.1366     4.6581     0.0952     0.0952     0.0264     0.0195     106104    73.6826     100.00     2.2601     1.9711         13  0.000e+00
     85.190   76.33628  178.59718     86.107    -1.3674    -1.3727  27.177855  27.160148    33.9920    33.9737    303.431    295.172    -0.1366     4.6581     0.0952     0.0952     0.0264     0.0195     106105    73.6833     100.00     2.2613     1.9723         13  0.000e+00
     85.124   76.33628  178.59718     86.041    -1.3660    -1.3728  27.177975  27.160205    33.9906    33.9738    303.209    295.170    -0.1366     4.6581     0.0952     0.0952     0.0264     0.0195     106106    73.6840     100.00     2.2601     1.9723         13  0.000e+00
     85.124   76.33628  178.59718     86.041    -1.3657    -1.3728  27.178276  27.160261    33.9907    33.9739    303.206    295.170    -0.1366     4.6581     0.0952     0.0952     0.0264     0.0195     106107    73.6847     100.00     2.2601     1.9723         13  0.000e+00
     85.124   76.33628  178.59718     86.041    -1.3665    -1.3725  27.178397  27.160601    33.9917    33.9740    303.211    294.918    -0.1366     4.6581     0.0952     0.0952     0.0264     0.0195     106108    73.6854     100.00     2.2601     1.9711         13  0.000e+00
     85.190   76.33628  178.59718     86.107    -1.3670    -1.3724  27.178277  27.160771    33.9922    33.9741    303.217    294.672    -0.1061     4.6581     0.0952     0.0952     0.0264     0.0208     106109    73.6861     100.00     2.2601     1.9698         13  0.000e+00
     85.067   76.33628  178.59718     85.983    -1.3680    -1.3722  27.177734  27.160601    33.9926    33.9737    303.220    294.666    -0.1366     4.6581     0.0952     0.0952     0.0264     0.0195     106110    73.6868     100.00     2.2601     1.9698         13  0.000e+00
     85.190   76.33628  178.59718     86.107    -1.3676    -1.3721  27.177614  27.160318    33.9918    33.9731    303.223    294.423    -0.1366     4.6581     0.0952     0.0952     0.0264     0.0195     106111    73.6875     100.00     2.2601     1.9686         13  0.000e+00
     85.124   76.33628  178.59718     86.041    -1.3670    -1.3723  27.177012  27.159978    33.9905    33.9729    303.219    294.175    -0.1366     4.6581     0.0952     0.0952     0.0264     0.0195     106112    73.6882     100.00     2.2601     1.9674         13  0.000e+00
     85.124   76.33628  178.59718     86.041    -1.3668    -1.3724  27.176470  27.160374    33.9894    33.9736    303.219    294.174    -0.1366     4.6581     0.0952     0.0952     0.0264     0.0195     106113    73.6889     100.00     2.2601     1.9674         13  0.000e+00
     85.124   76.33628  178.59718     86.041    -1.3668    -1.3724  27.176168  27.160714    33.9890    33.9741    303.220    294.173    -0.1061     4.6581     0.0952     0.0952     0.0264     0.0208     106114    73.6896     100.00     2.2601     1.9674         13  0.000e+00
     85.124   76.33628  178.59718     86.041    -1.3671    -1.3724  27.175867  27.160941    33.9889    33.9744    303.223    294.172    -0.1366     4.6581     0.0952     0.0952     0.0264     0.0195     106115    73.6903     100.00     2.2601     1.9674         13  0.000e+00
     85.190   76.33628  178.59718     86.107    -1.3678    -1.3724  27.176410  27.161054    33.9905    33.9745    303.228    293.926    -0.1366     4.6581     0.0952     0.0952     0.0264     0.0195     106116    73.6910     100.00     2.2601     1.9662         13  0.000e+00
     85.124   76.33628  178.59718     86.041    -1.3682    -1.3725  27.177012  27.161224    33.9917    33.9749    303.435    293.676    -0.1366     4.6581     0.0952     0.0952     0.0264     0.0195     106117    73.6917     100.00     2.2613     1.9650         13  0.000e+00
     85.124   76.33628  178.59718     86.041    -1.3684    -1.3723  27.177313  27.161620    33.9925    33.9752    303.227    293.921    -0.1366     4.6581     0.0952     0.0952     0.0264     0.0195     106118    73.6924     100.00     2.2601     1.9662         13  0.000e+00
     85.124   76.33628  178.59718     86.041    -1.3684    -1.3727  27.177433  27.161564    33.9926    33.9756    303.436    293.676    -0.1366     4.6581     0.0952     0.0952     0.0264     0.0195     106119    73.6931     100.00     2.2613     1.9650         13  0.000e+00
