Continuous CTD Data/01_SBE Stage/nabos_42_01avg.cnv
* Sea-Bird SBE 9 Data File:
* FileName = D:\CTD\data\HLY2502\raw\NABOS_42_01.hex
* Software Version Seasave V 7.26.7.110
* Temperature SN = 6954
* Conductivity SN = 2561
* Number of Bytes Per Scan = 37
* Number of Voltage Words = 4
* Number of Scans Averaged by the Deck Unit = 1
* NMEA Latitude = 80 14.10 N
* NMEA Longitude = 125 56.70 E
* NMEA UTC (Time) = Sep 27 2025  13:25:46
* NMEA baud rate = 9600
** Ship: USCG HEALY
** Bot. Depth:  3554
** Cast Number:  01
** Station Name:  NABOS
** Station Number:  42
** Operator:  STARC
# nquan = 25
# nvalues = 1214                        
# units = specified
# name 0 = depSM: Depth [salt water, m]
# name 1 = latitude: Latitude [deg]
# name 2 = longitude: Longitude [deg]
# name 3 = prDM: Pressure, Digiquartz [db]
# name 4 = t090C: Temperature [ITS-90, deg C]
# name 5 = t190C: Temperature, 2 [ITS-90, deg C]
# name 6 = c0mS/cm: Conductivity [mS/cm]
# name 7 = c1mS/cm: Conductivity, 2 [mS/cm]
# name 8 = sal00: Salinity, Practical [PSU]
# name 9 = sal11: Salinity, Practical, 2 [PSU]
# name 10 = sbox0Mm/Kg: Oxygen, SBE 43 [umol/kg]
# name 11 = sbox1Mm/Kg: Oxygen, SBE 43, 2 [umol/kg]
# name 12 = flECO-AFL: Fluorescence, WET Labs ECO-AFL/FL [mg/m^3]
# name 13 = v2: Voltage 2
# name 14 = wetCDOM: Fluorescence, WET Labs CDOM [mg/m^3]
# name 15 = v6: Voltage 6
# name 16 = CStarAt0: Beam Attenuation, WET Labs C-Star [1/m]
# name 17 = v3: Voltage 3
# name 18 = scan: Scan Count
# name 19 = timeM: Time, Elapsed [minutes]
# name 20 = altM: Altimeter [m]
# name 21 = sbeox0V: Oxygen raw, SBE 43 [V]
# name 22 = sbeox1V: Oxygen raw, SBE 43, 2 [V]
# name 23 = nbin: number of scans per bin
# name 24 = flag: flag
# span 0 =      3.958,   1200.602       
# span 1 =   80.23512,   80.23529       
# span 2 =  125.94629,  125.95330       
# span 3 =      4.000,   1217.000       
# span 4 =    -1.8081,     1.8127       
# span 5 =    -1.8081,     1.8125       
# span 6 =  22.969967,  30.622389       
# span 7 =  22.970201,  30.620341       
# span 8 =    28.4754,    34.9093       
# span 9 =    28.4757,    34.9062       
# span 10 =    287.776,    384.460      
# span 11 =    276.912,    376.035      
# span 12 =    -0.1793,     0.3991      
# span 13 =     4.4995,     4.6321      
# span 14 =     0.0695,     0.1423      
# span 15 =     0.0695,     0.1423      
# span 16 =     0.0490,     0.1651      
# span 17 =     0.0178,     0.0410      
# span 18 =       6659,      42049      
# span 19 =     4.6233,    29.2000      
# span 20 =      10.62,     100.02      
# span 21 =     1.9940,     2.7151      
# span 22 =     1.7704,     2.3587      
# span 23 =          2,         27      
# span 24 = 0.0000e+00, 0.0000e+00      
# interval = decibars: 1                
# start_time = Sep 27 2025 13:25:46 [NMEA time, header]
# bad_flag = -9.990e-29
*END*
[from data line 986]
    977.188   80.23524  125.95170    990.000    -0.0946    -0.0948  29.325534  29.323252    34.8990    34.8962    289.770    286.762    -0.1464     4.6279     0.0840     0.0840     0.0525     0.0191      34148    23.7135     100.00     2.0609     1.8303         16 0.0000e+00
    978.173   80.23524  125.95170    991.000    -0.0960    -0.0962  29.324696  29.322362    34.8988    34.8960    289.766    286.904    -0.1743     4.6279     0.0838     0.0838     0.0525     0.0180      34174    23.7309     100.00     2.0606     1.8307         13 0.0000e+00
    979.158   80.23524  125.95170    992.000    -0.0968    -0.0969  29.324556  29.322363    34.8991    34.8962    289.719    286.398    -0.1632     4.6290     0.0834     0.0834     0.0515     0.0185      34199    23.7486     100.00     2.0601     1.8282         17 0.0000e+00
    980.142   80.23524  125.95171    993.000    -0.0982    -0.0985  29.323762  29.321504    34.8990    34.8963    289.846    287.249    -0.1705     4.6289     0.0853     0.0853     0.0516     0.0182      34224    23.7661     100.00     2.0605     1.8318         18 0.0000e+00
    981.127   80.23524  125.95172    994.000    -0.1035    -0.1034  29.319529  29.317480    34.8988    34.8960    289.963    286.941    -0.1709     4.6297     0.0852     0.0852     0.0509     0.0181      34249    23.7836     100.00     2.0607     1.8301         16 0.0000e+00
    982.112   80.23524  125.95172    995.000    -0.1033    -0.1033  29.320433  29.318320    34.8992    34.8964    289.995    287.112    -0.1671     4.6290     0.0830     0.0830     0.0516     0.0183      34275    23.8011     100.00     2.0607     1.8307         15 0.0000e+00
    983.097   80.23524  125.95172    996.000    -0.0998    -0.1000  29.324235  29.321973    34.8997    34.8969    289.859    286.792    -0.1689     4.6289     0.0851     0.0851     0.0516     0.0182      34299    23.8184     100.00     2.0599     1.8292         16 0.0000e+00
    984.081   80.23524  125.95173    997.000    -0.0971    -0.0974  29.327206  29.324831    34.8999    34.8972    289.917    286.979    -0.1299     4.6290     0.0842     0.0842     0.0515     0.0198      34325    23.8359     100.00     2.0601     1.8299         14 0.0000e+00
    985.066   80.23524  125.95174    998.000    -0.1015    -0.1017  29.323755  29.321431    34.8998    34.8969    289.812    286.376    -0.1263     4.6270     0.0831     0.0831     0.0533     0.0199      34350    23.8536     100.00     2.0592     1.8269         18 0.0000e+00
    986.051   80.23524  125.95174    999.000    -0.1053    -0.1054  29.320864  29.318670    34.8998    34.8970    289.700    286.718    -0.1311     4.6280     0.0849     0.0849     0.0524     0.0197      34376    23.8712     100.00     2.0582     1.8281         17 0.0000e+00
    987.035   80.23524  125.95174   1000.000    -0.1071    -0.1073  29.319950  29.317648    34.9000    34.8972    289.636    286.555    -0.1473     4.6290     0.0854     0.0854     0.0515     0.0191      34401    23.8888     100.00     2.0575     1.8271         16 0.0000e+00
    988.020   80.23524  125.95175   1001.000    -0.1065    -0.1066  29.320938  29.318798    34.9001    34.8974    289.707    286.332    -0.1484     4.6292     0.0848     0.0848     0.0514     0.0190      34426    23.9062     100.00     2.0578     1.8260         13 0.0000e+00
    989.004   80.23524  125.95176   1002.000    -0.1049    -0.1052  29.322716  29.320465    34.9000    34.8973    289.658    286.432    -0.1595     4.6290     0.0842     0.0842     0.0516     0.0186      34452    23.9241     100.00     2.0574     1.8263         15 0.0000e+00
    989.989   80.23524  125.95176   1003.000    -0.1045    -0.1045  29.323832  29.321772    34.9004    34.8977    289.732    286.802    -0.1577     4.6294     0.0851     0.0851     0.0512     0.0187      34477    23.9416     100.00     2.0576     1.8279         13 0.0000e+00
    990.974   80.23524  125.95176   1004.000    -0.1031    -0.1031  29.325858  29.323587    34.9010    34.8980    289.651    286.812    -0.1667     4.6289     0.0853     0.0853     0.0516     0.0183      34503    23.9596     100.00     2.0570     1.8278         15 0.0000e+00
    991.959   80.23524  125.95176   1005.000    -0.1011    -0.1013  29.328072  29.325811    34.9010    34.8983    289.581    286.197    -0.1318     4.6291     0.0846     0.0846     0.0515     0.0197      34528    23.9772     100.00     2.0565     1.8249         14 0.0000e+00
    992.943   80.23524  125.95178   1006.000    -0.1002    -0.1004  29.329367  29.327169    34.9012    34.8985    289.656    286.124    -0.1432     4.6288     0.0849     0.0849     0.0517     0.0193      34554    23.9949     100.00     2.0568     1.8244         15 0.0000e+00
    993.928   80.23524  125.95178   1007.000    -0.1011    -0.1013  29.329172  29.326869    34.9014    34.8986    289.635    286.643    -0.1583     4.6285     0.0840     0.0840     0.0520     0.0186      34579    24.0125     100.00     2.0564     1.8266         16 0.0000e+00
    994.912   80.23524  125.95178   1008.000    -0.1019    -0.1020  29.328969  29.326811    34.9014    34.8986    289.605    286.761    -0.1459     4.6289     0.0840     0.0840     0.0516     0.0191      34604    24.0299     100.00     2.0560     1.8269         13 0.0000e+00
    995.897   80.23524  125.95178   1009.000    -0.1040    -0.1041  29.327680  29.325393    34.9015    34.8986    289.560    286.210    -0.1437     4.6293     0.0830     0.0830     0.0512     0.0192      34629    24.0474     100.00     2.0554     1.8241         13 0.0000e+00
    996.882   80.23524  125.95180   1010.000    -0.1056    -0.1057  29.326677  29.324509    34.9015    34.8987    289.495    286.386    -0.1325     4.6292     0.0817     0.0817     0.0514     0.0197      34654    24.0648     100.00     2.0548     1.8247         13 0.0000e+00
    997.866   80.23524  125.95180   1011.000    -0.1086    -0.1087  29.324692  29.322485    34.9016    34.8988    289.519    286.798    -0.1274     4.6289     0.0829     0.0829     0.0516     0.0199      34680    24.0824     100.00     2.0546     1.8263         13 0.0000e+00
    998.851   80.23524  125.95180   1012.000    -0.1095    -0.1097  29.324408  29.322100    34.9017    34.8989    289.554    286.026    -0.1346     4.6286     0.0840     0.0840     0.0518     0.0196      34705    24.0999     100.00     2.0545     1.8226         14 0.0000e+00
    999.836   80.23524  125.95181   1013.000    -0.1109    -0.1111  29.323687  29.321385    34.9018    34.8989    289.657    285.834    -0.1619     4.6286     0.0850     0.0850     0.0518     0.0185      34730    24.1174     100.00     2.0548     1.8214         14 0.0000e+00
   1000.820   80.23524  125.95182   1014.000    -0.1120    -0.1122  29.323176  29.320901    34.9018    34.8989    289.563    287.071    -0.1439     4.6283     0.0837     0.0837     0.0521     0.0192      34756    24.1353     100.00     2.0540     1.8269         17 0.0000e+00
   1001.805   80.23524  125.95182   1015.000    -0.1144    -0.1146  29.321643  29.319340    34.9019    34.8990    289.647    286.732    -0.1493     4.6293     0.0835     0.0835     0.0512     0.0190      34781    24.1528     100.00     2.0542     1.8251         14 0.0000e+00
   1002.789   80.23524  125.95182   1016.000    -0.1157    -0.1158  29.321106  29.318912    34.9021    34.8993    289.664    286.738    -0.1448     4.6291     0.0842     0.0842     0.0514     0.0192      34807    24.1706     100.00     2.0540     1.8249         15 0.0000e+00
   1003.774   80.23524  125.95182   1017.000    -0.1162    -0.1164  29.321142  29.318776    34.9020    34.8992    289.632    286.446    -0.1687     4.6288     0.0836     0.0836     0.0517     0.0182      34832    24.1882     100.00     2.0536     1.8234         15 0.0000e+00
   1004.759   80.23524  125.95183   1018.000    -0.1171    -0.1172  29.320743  29.318535    34.9020    34.8992    289.642    285.902    -0.1648     4.6289     0.0834     0.0834     0.0516     0.0184      34858    24.2060     100.00     2.0534     1.8207         14 0.0000e+00
   1005.743   80.23524  125.95184   1019.000    -0.1175    -0.1176  29.320914  29.318633    34.9021    34.8992    289.588    286.672    -0.1672     4.6290     0.0841     0.0841     0.0515     0.0183      34883    24.2236     100.00     2.0529     1.8240         13 0.0000e+00
   1006.728   80.23524  125.95184   1020.000    -0.1188    -0.1189  29.320193  29.317990    34.9020    34.8992    289.681    286.446    -0.1692     4.6290     0.0843     0.0843     0.0515     0.0182      34908    24.2412     100.00     2.0532     1.8228         15 0.0000e+00
   1007.712   80.23524  125.95184   1021.000    -0.1218    -0.1220  29.318043  29.315821    34.9021    34.8993    289.587    285.090    -0.1569     4.6289     0.0854     0.0854     0.0516     0.0187      34934    24.2589     100.00     2.0523     1.8163         18 0.0000e+00
   1008.697   80.23524  125.95184   1022.000    -0.1228    -0.1229  29.317869  29.315642    34.9023    34.8995    289.482    285.412    -0.1320     4.6286     0.0852     0.0852     0.0519     0.0197      34959    24.2765     100.00     2.0514     1.8175         15 0.0000e+00
   1009.682   80.23524  125.95186   1023.000    -0.1236    -0.1238  29.317562  29.315244    34.9023    34.8994    289.402    286.626    -0.1349     4.6288     0.0841     0.0841     0.0517     0.0196      34984    24.2940     100.00     2.0508     1.8229         18 0.0000e+00
   1010.666   80.23524  125.95186   1024.000    -0.1244    -0.1245  29.317454  29.315177    34.9025    34.8996    289.436    286.802    -0.1478     4.6287     0.0840     0.0840     0.0518     0.0191      35009    24.3114     100.00     2.0508     1.8235         16 0.0000e+00
   1011.651   80.23524  125.95186   1025.000    -0.1266    -0.1268  29.316132  29.313768    34.9026    34.8997    289.431    285.692    -0.1483     4.6285     0.0842     0.0842     0.0519     0.0191      35035    24.3288     100.00     2.0504     1.8182         13 0.0000e+00
   1012.635   80.23524  125.95186   1026.000    -0.1272    -0.1274  29.316242  29.313988    34.9029    34.9002    289.454    286.307    -0.1325     4.6277     0.0841     0.0841     0.0526     0.0197      35060    24.3465     100.00     2.0503     1.8208         15 0.0000e+00
   1013.620   80.23524  125.95188   1027.000    -0.1284    -0.1285  29.315787  29.313544    34.9031    34.9003    289.350    286.172    -0.1305     4.6287     0.0841     0.0841     0.0518     0.0198      35085    24.3639     100.00     2.0495     1.8199         15 0.0000e+00
   1014.604   80.23524  125.95188   1028.000    -0.1291    -0.1292  29.315661  29.313473    34.9031    34.9003    289.249    286.072    -0.1665     4.6273     0.0849     0.0849     0.0530     0.0183      35111    24.3817     100.00     2.0487     1.8193         16 0.0000e+00
   1015.589   80.23524  125.95188   1029.000    -0.1301    -0.1303  29.315227  29.313018    34.9031    34.9004    289.103    286.004    -0.1380     4.6280     0.0854     0.0854     0.0524     0.0194      35136    24.3991     100.00     2.0477     1.8188         13 0.0000e+00
   1016.574   80.23524  125.95188   1030.000    -0.1310    -0.1310  29.315085  29.312852    34.9033    34.9005    289.189    286.720    -0.1750     4.6280     0.0847     0.0847     0.0523     0.0180      35161    24.4168     100.00     2.0479     1.8218         14 0.0000e+00
   1017.558   80.23524  125.95189   1031.000    -0.1328    -0.1329  29.313917  29.311753    34.9033    34.9006    289.142    286.059    -0.1725     4.6286     0.0841     0.0841     0.0519     0.0181      35187    24.4347     100.00     2.0473     1.8186         17 0.0000e+00
   1018.543   80.23524  125.95190   1032.000    -0.1338    -0.1337  29.313447  29.311436    34.9032    34.9005    289.092    286.160    -0.1728     4.6291     0.0841     0.0841     0.0514     0.0181      35212    24.4524     100.00     2.0468     1.8188         16 0.0000e+00
   1019.527   80.23524  125.95190   1033.000    -0.1361    -0.1361  29.311909  29.309802    34.9032    34.9005    289.175    286.532    -0.1696     4.6288     0.0840     0.0840     0.0517     0.0182      35238    24.4699     100.00     2.0470     1.8203         13 0.0000e+00
   1020.512   80.23524  125.95190   1034.000    -0.1395    -0.1396  29.309467  29.307260    34.9033    34.9005    289.264    286.189    -0.1671     4.6281     0.0838     0.0838     0.0523     0.0183      35263    24.4876     100.00     2.0471     1.8184         15 0.0000e+00
   1021.496   80.23524  125.95190   1035.000    -0.1405    -0.1406  29.308951  29.306749    34.9032    34.9004    289.373    285.648    -0.1755     4.6289     0.0840     0.0840     0.0516     0.0180      35288    24.5052     100.00     2.0474     1.8157         11 0.0000e+00
   1022.481   80.23524  125.95191   1036.000    -0.1416    -0.1417  29.308547  29.306248    34.9032    34.9003    289.443    286.848    -0.1392     4.6289     0.0839     0.0839     0.0516     0.0194      35314    24.5230     100.00     2.0475     1.8209         17 0.0000e+00
   1023.465   80.23524  125.95192   1037.000    -0.1442    -0.1444  29.306493  29.304162    34.9030    34.9002    289.455    286.666    -0.1729     4.6282     0.0840     0.0840     0.0522     0.0181      35339    24.5404     100.00     2.0473     1.8199         15 0.0000e+00
   1024.450   80.23524  125.95192   1038.000    -0.1490    -0.1491  29.302685  29.300448    34.9028    34.8999    289.467    285.709    -0.1718     4.6282     0.0830     0.0830     0.0522     0.0181      35364    24.5579     100.00     2.0469     1.8151         13 0.0000e+00
   1025.434   80.23524  125.95192   1039.000    -0.1504    -0.1505  29.302054  29.299739    34.9030    34.9000    289.361    286.738    -0.1552     4.6285     0.0838     0.0838     0.0520     0.0188      35389    24.5753     100.00     2.0460     1.8196         15 0.0000e+00
   1026.419   80.23524  125.95192   1040.000    -0.1511    -0.1512  29.301919  29.299780    34.9029    34.9003    289.334    285.862    -0.1315     4.6274     0.0841     0.0841     0.0529     0.0197      35415    24.5929     100.00     2.0457     1.8154         14 0.0000e+00
   1027.403   80.23524  125.95194   1041.000    -0.1519    -0.1521  29.301667  29.299341    34.9030    34.9001    289.377    286.593    -0.1493     4.6277     0.0841     0.0841     0.0527     0.0190      35440    24.6104     100.00     2.0457     1.8185         14 0.0000e+00
   1028.388   80.23524  125.95194   1042.000    -0.1524    -0.1524  29.301793  29.299705    34.9031    34.9004    289.467    285.245    -0.1665     4.6286     0.0842     0.0842     0.0519     0.0183      35465    24.6281     100.00     2.0459     1.8122         14 0.0000e+00
   1029.372   80.23524  125.95194   1043.000    -0.1528    -0.1529  29.301919  29.299533    34.9031    34.9002    289.504    283.394    -0.1691     4.6286     0.0841     0.0841     0.0518     0.0182      35491    24.6457     100.00     2.0459     1.8037         15 0.0000e+00
   1030.357   80.23524  125.95194   1044.000    -0.1569    -0.1570  29.298730  29.296424    34.9030    34.9001    289.601    286.451    -0.1306     4.6289     0.0842     0.0842     0.0516     0.0198      35516    24.6634     100.00     2.0460     1.8172         16 0.0000e+00
   1031.341   80.23524  125.95196   1045.000    -0.1602    -0.1604  29.296238  29.293950    34.9029    34.9001    289.595    286.278    -0.1687     4.6289     0.0839     0.0839     0.0516     0.0182      35542    24.6812     100.00     2.0456     1.8161         17 0.0000e+00
   1032.326   80.23524  125.95196   1046.000    -0.1614    -0.1617  29.295542  29.293436    34.9028    34.9003    289.618    286.230    -0.1671     4.6288     0.0841     0.0841     0.0517     0.0183      35567    24.6989     100.00     2.0455     1.8156         17 0.0000e+00
