Continuous CTD Data/01_SBE Stage/nabos_11_01avg.cnv
* Sea-Bird SBE 9 Data File:
* FileName = D:\CTD\data\HLY2502\raw\NABOS_11_01.hex
* Software Version Seasave V 7.26.7.110
* Temperature SN = 6954
* Conductivity SN = 2561
* Number of Bytes Per Scan = 37
* Number of Voltage Words = 4
* Number of Scans Averaged by the Deck Unit = 1
* NMEA Latitude = 77 00.90 N
* NMEA Longitude = 177 56.55 W
* NMEA UTC (Time) = Sep 16 2025  10:26:07
* NMEA baud rate = 9600
** Ship: USCG HEALY
** Bot. Depth:  1320
** Cast Number:  01
** Station Name:  NABOS
** Station Number:  11
** Operator:  STARC
# nquan = 25
# nvalues = 1214                        
# units = specified
# name 0 = depSM: Depth [salt water, m]
# name 1 = latitude: Latitude [deg]
# name 2 = longitude: Longitude [deg]
# name 3 = prDM: Pressure, Digiquartz [db]
# name 4 = t090C: Temperature [ITS-90, deg C]
# name 5 = t190C: Temperature, 2 [ITS-90, deg C]
# name 6 = c0mS/cm: Conductivity [mS/cm]
# name 7 = c1mS/cm: Conductivity, 2 [mS/cm]
# name 8 = sal00: Salinity, Practical [PSU]
# name 9 = sal11: Salinity, Practical, 2 [PSU]
# name 10 = sbox0Mm/Kg: Oxygen, SBE 43 [umol/kg]
# name 11 = sbox1Mm/Kg: Oxygen, SBE 43, 2 [umol/kg]
# name 12 = flECO-AFL: Fluorescence, WET Labs ECO-AFL/FL [mg/m^3]
# name 13 = v2: Voltage 2
# name 14 = wetCDOM: Fluorescence, WET Labs CDOM [mg/m^3]
# name 15 = v6: Voltage 6
# name 16 = CStarAt0: Beam Attenuation, WET Labs C-Star [1/m]
# name 17 = v3: Voltage 3
# name 18 = scan: Scan Count
# name 19 = timeM: Time, Elapsed [minutes]
# name 20 = altM: Altimeter [m]
# name 21 = sbeox0V: Oxygen raw, SBE 43 [V]
# name 22 = sbeox1V: Oxygen raw, SBE 43, 2 [V]
# name 23 = nbin: number of scans per bin
# name 24 = flag: flag
# span 0 =      3.958,   1200.740       
# span 1 =   77.01524,   77.01674       
# span 2 = -177.94956, -177.94327       
# span 3 =      4.000,   1217.000       
# span 4 =    -1.7029,     0.9010       
# span 5 =    -1.7020,     0.9010       
# span 6 =  23.557239,  29.807293       
# span 7 =  23.555549,  29.805563       
# span 8 =    29.3152,    34.8742       
# span 9 =    29.3131,    34.8719       
# span 10 =    287.403,    384.723      
# span 11 =    282.120,    379.384      
# span 12 =    -0.1824,     0.5341      
# span 13 =     4.5944,     4.6618      
# span 14 =     0.0816,     0.1257      
# span 15 =     0.0816,     0.1257      
# span 16 =     0.0233,     0.0815      
# span 17 =     0.0177,     0.0464      
# span 18 =       5505,      39691      
# span 19 =     3.8221,    27.5623      
# span 20 =     100.00,     100.00      
# span 21 =     1.9945,     2.6817      
# span 22 =     1.7640,     2.3443      
# span 23 =          8,         28      
# span 24 = 0.0000e+00, 0.0000e+00      
# interval = decibars: 1                
# start_time = Sep 16 2025 10:26:07 [NMEA time, header]
# bad_flag = -9.990e-29
*END*
[from data line 754]
    748.691   77.01610 -177.94688    758.000    -0.0698    -0.0700  29.184490  29.182506    34.8192    34.8168    297.460    291.116    -0.1737     4.6593     0.0831     0.0831     0.0254     0.0180      26901    18.6804     100.00     2.1527     1.8917         14 0.0000e+00
    749.677   77.01610 -177.94689    759.000    -0.0746    -0.0744  29.180621  29.179188    34.8189    34.8167    297.410    293.654    -0.1707     4.6593     0.0836     0.0836     0.0254     0.0182      26926    18.6977     100.00     2.1520     1.9033         17 0.0000e+00
    750.663   77.01610 -177.94690    760.000    -0.0812    -0.0810  29.175334  29.173853    34.8188    34.8167    297.457    293.158    -0.1411     4.6592     0.0847     0.0847     0.0255     0.0193      26950    18.7146     100.00     2.1517     1.9005         16 0.0000e+00
    751.649   77.01610 -177.94690    761.000    -0.0839    -0.0841  29.173374  29.171561    34.8186    34.8164    297.550    293.863    -0.1644     4.6593     0.0843     0.0843     0.0254     0.0184      26974    18.7314     100.00     2.1519     1.9035         13 0.0000e+00
    752.635   77.01610 -177.94691    762.000    -0.0907    -0.0907  29.167698  29.166024    34.8183    34.8161    297.547    293.474    -0.1388     4.6593     0.0834     0.0834     0.0254     0.0194      26999    18.7486     100.00     2.1513     1.9012         15 0.0000e+00
    753.621   77.01610 -177.94692    763.000    -0.0964    -0.0966  29.163162  29.161240    34.8182    34.8158    297.652    292.937    -0.1783     4.6593     0.0828     0.0828     0.0254     0.0179      27023    18.7654     100.00     2.1514     1.8983         12 0.0000e+00
    754.607   77.01610 -177.94692    764.000    -0.1003    -0.1003  29.159995  29.158418    34.8178    34.8157    297.655    292.091    -0.1733     4.6593     0.0830     0.0830     0.0254     0.0181      27048    18.7825     100.00     2.1509     1.8940         15 0.0000e+00
    755.593   77.01610 -177.94692    765.000    -0.1046    -0.1042  29.156772  29.155281    34.8178    34.8154    297.721    292.431    -0.1568     4.6594     0.0844     0.0844     0.0253     0.0187      27072    18.7995     100.00     2.1509     1.8952         14 0.0000e+00
    756.579   77.01610 -177.94693    766.000    -0.1082    -0.1081  29.153809  29.152211    34.8173    34.8152    297.775    292.750    -0.1490     4.6595     0.0845     0.0845     0.0253     0.0190      27097    18.8166     100.00     2.1508     1.8964         15 0.0000e+00
    757.565   77.01610 -177.94694    767.000    -0.1122    -0.1120  29.150808  29.149347    34.8173    34.8151    297.777    289.724    -0.1468     4.6595     0.0847     0.0847     0.0253     0.0191      27121    18.8337     100.00     2.1504     1.8818         15 0.0000e+00
    758.550   77.01610 -177.94694    768.000    -0.1139    -0.1139  29.149489  29.147931    34.8170    34.8149    297.794    291.447    -0.1349     4.6593     0.0842     0.0842     0.0254     0.0196      27146    18.8506     100.00     2.1502     1.8896         16 0.0000e+00
    759.536   77.01610 -177.94694    769.000    -0.1166    -0.1165  29.147661  29.145957    34.8170    34.8146    297.833    292.848    -0.1344     4.6593     0.0836     0.0836     0.0254     0.0196      27170    18.8676     100.00     2.1501     1.8959         14 0.0000e+00
    760.522   77.01610 -177.94695    770.000    -0.1198    -0.1200  29.145087  29.143267    34.8167    34.8144    297.819    291.462    -0.1625     4.6595     0.0845     0.0845     0.0252     0.0185      27195    18.8848     100.00     2.1496     1.8891         16 0.0000e+00
    761.508   77.01610 -177.94696    771.000    -0.1233    -0.1234  29.142504  29.140704    34.8165    34.8143    297.942    291.480    -0.1409     4.6593     0.0847     0.0847     0.0254     0.0193      27219    18.9016     100.00     2.1499     1.8889         11 0.0000e+00
    762.494   77.01610 -177.94696    772.000    -0.1253    -0.1253  29.141105  29.139385    34.8164    34.8141    297.967    294.973    -0.1299     4.6594     0.0837     0.0837     0.0253     0.0198      27244    18.9189     100.00     2.1497     1.9050         14 0.0000e+00
    763.480   77.01610 -177.94698    773.000    -0.1271    -0.1272  29.139961  29.138115    34.8163    34.8140    298.129    296.493    -0.1365     4.6594     0.0834     0.0834     0.0253     0.0195      27268    18.9358     100.00     2.1503     1.9119         13 0.0000e+00
    764.466   77.01610 -177.94698    774.000    -0.1297    -0.1295  29.138036  29.136527    34.8161    34.8139    298.216    294.396    -0.1755     4.6593     0.0834     0.0834     0.0254     0.0180      27293    18.9530     100.00     2.1504     1.9018         15 0.0000e+00
    765.451   77.01612 -177.94698    775.000    -0.1306    -0.1304  29.137611  29.136006    34.8160    34.8137    298.204    293.922    -0.1690     4.6592     0.0841     0.0841     0.0255     0.0182      27318    18.9698     100.00     2.1501     1.8993         15 0.0000e+00
    766.438   77.01612 -177.94698    776.000    -0.1313    -0.1312  29.137397  29.135705    34.8159    34.8136    298.160    293.378    -0.1459     4.6592     0.0846     0.0846     0.0255     0.0191      27342    18.9871     100.00     2.1496     1.8966         17 0.0000e+00
    767.423   77.01612 -177.94700    777.000    -0.1328    -0.1326  29.136512  29.134980    34.8158    34.8136    298.056    293.574    -0.1599     4.6591     0.0844     0.0844     0.0256     0.0186      27367    19.0041     100.00     2.1488     1.8972         17 0.0000e+00
    768.409   77.01612 -177.94700    778.000    -0.1346    -0.1344  29.135252  29.133667    34.8156    34.8133    297.989    294.467    -0.1341     4.6592     0.0834     0.0834     0.0255     0.0196      27391    19.0212     100.00     2.1481     1.9012         19 0.0000e+00
    769.395   77.01612 -177.94700    779.000    -0.1376    -0.1375  29.132984  29.131390    34.8155    34.8133    297.959    293.731    -0.1334     4.6593     0.0833     0.0833     0.0254     0.0196      27416    19.0381     100.00     2.1475     1.8974         19 0.0000e+00
    770.381   77.01612 -177.94702    780.000    -0.1392    -0.1390  29.132069  29.130470    34.8155    34.8132    297.935    295.161    -0.1348     4.6589     0.0833     0.0833     0.0258     0.0196      27440    19.0551     100.00     2.1471     1.9039         17 0.0000e+00
    771.367   77.01612 -177.94702    781.000    -0.1401    -0.1402  29.131600  29.129924    34.8153    34.8132    297.992    294.616    -0.1582     4.6582     0.0824     0.0824     0.0263     0.0187      27465    19.0722     100.00     2.1472     1.9011         19 0.0000e+00
    772.352   77.01612 -177.94702    782.000    -0.1419    -0.1420  29.130384  29.128694    34.8151    34.8130    298.079    294.301    -0.1761     4.6592     0.0833     0.0833     0.0255     0.0179      27489    19.0891     100.00     2.1474     1.8993         17 0.0000e+00
    773.338   77.01612 -177.94702    783.000    -0.1429    -0.1430  29.129955  29.128179    34.8152    34.8129    298.149    293.765    -0.1435     4.6590     0.0841     0.0841     0.0256     0.0192      27514    19.1061     100.00     2.1475     1.8966         18 0.0000e+00
    774.324   77.01612 -177.94704    784.000    -0.1438    -0.1436  29.129582  29.127984    34.8151    34.8128    298.194    292.901    -0.1715     4.6592     0.0852     0.0852     0.0255     0.0181      27538    19.1232     100.00     2.1474     1.8923         19 0.0000e+00
    775.310   77.01612 -177.94704    785.000    -0.1444    -0.1443  29.129400  29.127751    34.8150    34.8126    298.260    293.356    -0.1449     4.6588     0.0845     0.0845     0.0258     0.0192      27563    19.1402     100.00     2.1476     1.8943         15 0.0000e+00
    776.296   77.01612 -177.94704    786.000    -0.1451    -0.1450  29.129148  29.127575    34.8148    34.8127    298.270    294.164    -0.1736     4.6590     0.0844     0.0844     0.0256     0.0180      27588    19.1574     100.00     2.1474     1.8978         17 0.0000e+00
    777.282   77.01612 -177.94706    787.000    -0.1457    -0.1459  29.129026  29.127188    34.8147    34.8125    298.320    294.197    -0.1627     4.6593     0.0855     0.0855     0.0254     0.0185      27612    19.1741     100.00     2.1474     1.8978         16 0.0000e+00
    778.267   77.01612 -177.94706    788.000    -0.1463    -0.1466  29.129087  29.126993    34.8149    34.8125    298.296    293.477    -0.1448     4.6588     0.0842     0.0842     0.0258     0.0192      27637    19.1915     100.00     2.1470     1.8942         19 0.0000e+00
    779.253   77.01612 -177.94706    789.000    -0.1471    -0.1472  29.128649  29.126762    34.8146    34.8123    298.183    293.946    -0.1674     4.6589     0.0834     0.0834     0.0258     0.0183      27661    19.2082     100.00     2.1461     1.8962         14 0.0000e+00
    780.239   77.01612 -177.94706    790.000    -0.1481    -0.1483  29.128191  29.126341    34.8146    34.8123    298.281    294.412    -0.1770     4.6585     0.0823     0.0823     0.0261     0.0179      27686    19.2254     100.00     2.1464     1.8982         18 0.0000e+00
    781.225   77.01612 -177.94708    791.000    -0.1489    -0.1488  29.127992  29.126195    34.8146    34.8122    298.322    293.220    -0.1692     4.6587     0.0832     0.0832     0.0259     0.0182      27710    19.2423     100.00     2.1464     1.8923         15 0.0000e+00
    782.210   77.01612 -177.94708    792.000    -0.1490    -0.1488  29.128242  29.126604    34.8145    34.8122    298.178    286.072    -0.1449     4.6587     0.0841     0.0841     0.0259     0.0192      27735    19.2594     100.00     2.1454     1.8587         17 0.0000e+00
    783.196   77.01614 -177.94708    793.000    -0.1492    -0.1492  29.128539  29.126773    34.8146    34.8122    298.094    291.507    -0.1313     4.6584     0.0836     0.0836     0.0262     0.0197      27759    19.2767     100.00     2.1447     1.8840         17 0.0000e+00
    784.182   77.01614 -177.94710    794.000    -0.1491    -0.1492  29.128896  29.127062    34.8144    34.8121    298.135    296.296    -0.1582     4.6587     0.0840     0.0840     0.0259     0.0187      27784    19.2939     100.00     2.1447     1.9062         15 0.0000e+00
    785.168   77.01614 -177.94710    795.000    -0.1491    -0.1490  29.129436  29.127807    34.8144    34.8122    298.206    296.710    -0.1729     4.6582     0.0840     0.0840     0.0263     0.0181      27809    19.3112     100.00     2.1448     1.9080         14 0.0000e+00
    786.153   77.01614 -177.94710    796.000    -0.1489    -0.1490  29.130026  29.128303    34.8144    34.8123    298.323    294.888    -0.1673     4.6584     0.0833     0.0833     0.0261     0.0183      27834    19.3285     100.00     2.1453     1.8993         14 0.0000e+00
    787.139   77.01614 -177.94711    797.000    -0.1487    -0.1487  29.130607  29.128801    34.8144    34.8121    298.187    294.490    -0.1270     4.6588     0.0831     0.0831     0.0258     0.0199      27859    19.3459     100.00     2.1443     1.8972         15 0.0000e+00
    788.125   77.01614 -177.94712    798.000    -0.1483    -0.1483  29.131438  29.129634    34.8144    34.8121    298.181    294.205    -0.1497     4.6585     0.0837     0.0837     0.0261     0.0190      27884    19.3630     100.00     2.1441     1.8957         12 0.0000e+00
    789.111   77.01614 -177.94712    799.000    -0.1483    -0.1485  29.131814  29.129900    34.8144    34.8121    298.094    292.455    -0.1518     4.6583     0.0852     0.0852     0.0263     0.0189      27909    19.3804     100.00     2.1434     1.8873         14 0.0000e+00
    790.096   77.01614 -177.94713    800.000    -0.1477    -0.1477  29.132857  29.131072    34.8145    34.8121    298.161    292.489    -0.1359     4.6581     0.0834     0.0834     0.0264     0.0195      27934    19.3978     100.00     2.1436     1.8873         14 0.0000e+00
    791.082   77.01614 -177.94714    801.000    -0.1395    -0.1395  29.141545  29.139698    34.8162    34.8136    298.038    294.904    -0.1341     4.6582     0.0843     0.0843     0.0263     0.0196      27959    19.4149     100.00     2.1431     1.8988         12 0.0000e+00
    792.068   77.01614 -177.94714    802.000    -0.1230    -0.1225  29.158291  29.156910    34.8190    34.8166    297.958    293.672    -0.1294     4.6579     0.0845     0.0845     0.0266     0.0198      27984    19.4323     100.00     2.1433     1.8936         12 0.0000e+00
    793.053   77.01614 -177.94714    803.000    -0.0955    -0.0948  29.185690  29.184296    34.8236    34.8210    297.813    292.163    -0.1597     4.6581     0.0834     0.0834     0.0264     0.0186      28009    19.4498     100.00     2.1436     1.8875         14 0.0000e+00
    794.039   77.01614 -177.94715    804.000    -0.0785    -0.0783  29.202235  29.200669    34.8256    34.8233    297.685    291.426    -0.1690     4.6583     0.0830     0.0830     0.0262     0.0182      28034    19.4672     100.00     2.1436     1.8846         14 0.0000e+00
    795.025   77.01614 -177.94716    805.000    -0.0770    -0.0770  29.204391  29.202722    34.8262    34.8239    297.609    293.752    -0.1305     4.6580     0.0839     0.0839     0.0265     0.0198      28059    19.4846     100.00     2.1430     1.8954         16 0.0000e+00
    796.011   77.01614 -177.94716    806.000    -0.0762    -0.0763  29.205798  29.204081    34.8265    34.8244    297.430    291.714    -0.1418     4.6582     0.0830     0.0830     0.0263     0.0193      28084    19.5019     100.00     2.1419     1.8857         16 0.0000e+00
    796.996   77.01614 -177.94718    807.000    -0.0746    -0.0746  29.207900  29.206333    34.8270    34.8249    297.152    292.119    -0.1542     4.6590     0.0827     0.0827     0.0257     0.0188      28108    19.5189     100.00     2.1402     1.8875         12 0.0000e+00
    797.982   77.01614 -177.94718    808.000    -0.0742    -0.0743  29.208987  29.207202    34.8274    34.8251    296.897    290.195    -0.1352     4.6586     0.0832     0.0832     0.0260     0.0196      28133    19.5364     100.00     2.1386     1.8783         14 0.0000e+00
    798.968   77.01614 -177.94718    809.000    -0.0750    -0.0750  29.208974  29.207152    34.8277    34.8253    296.811    292.365    -0.1532     4.6587     0.0836     0.0836     0.0259     0.0188      28158    19.5538     100.00     2.1378     1.8882         16 0.0000e+00
    799.953   77.01616 -177.94718    810.000    -0.0752    -0.0751  29.209292  29.207543    34.8277    34.8253    296.677    290.470    -0.1668     4.6590     0.0844     0.0844     0.0256     0.0183      28183    19.5708     100.00     2.1369     1.8792         14 0.0000e+00
    800.939   77.01616 -177.94720    811.000    -0.0762    -0.0762  29.208993  29.207372    34.8279    34.8258    296.496    290.136    -0.1671     4.6593     0.0833     0.0833     0.0254     0.0183      28208    19.5884     100.00     2.1356     1.8774         14 0.0000e+00
    801.925   77.01616 -177.94720    812.000    -0.0768    -0.0768  29.208981  29.207322    34.8279    34.8257    296.383    290.933    -0.1482     4.6592     0.0832     0.0832     0.0255     0.0190      28233    19.6057     100.00     2.1347     1.8809         17 0.0000e+00
    802.910   77.01616 -177.94720    813.000    -0.0773    -0.0772  29.209066  29.207381    34.8281    34.8258    296.219    294.632    -0.1351     4.6590     0.0844     0.0844     0.0256     0.0196      28258    19.6231     100.00     2.1336     1.8980         16 0.0000e+00
    803.896   77.01616 -177.94720    814.000    -0.0778    -0.0780  29.209166  29.207294    34.8282    34.8259    296.019    286.905    -0.1655     4.6595     0.0833     0.0833     0.0253     0.0184      28283    19.6405     100.00     2.1322     1.8616         16 0.0000e+00
