Continuous CTD Data/01_SBE Stage/nabos_39_01avg.cnv
* Sea-Bird SBE 9 Data File:
* FileName = D:\CTD\data\HLY2502\raw\NABOS_39_01.hex
* Software Version Seasave V 7.26.7.110
* Temperature SN = 6954
* Conductivity SN = 2561
* Number of Bytes Per Scan = 37
* Number of Voltage Words = 4
* Number of Scans Averaged by the Deck Unit = 1
* NMEA Latitude = 78 29.93 N
* NMEA Longitude = 125 56.66 E
* NMEA UTC (Time) = Sep 25 2025  07:31:40
* NMEA baud rate = 9600
** Ship: USCG HEALY
** Bot. Depth:  2678
** Cast Number:  01
** Station Name:  NABOS
** Station Number:  39
** Operator:  STARC
** 2703 target but 5 otb
# nquan = 25
# nvalues = 2729                        
# units = specified
# name 0 = depSM: Depth [salt water, m]
# name 1 = latitude: Latitude [deg]
# name 2 = longitude: Longitude [deg]
# name 3 = prDM: Pressure, Digiquartz [db]
# name 4 = t090C: Temperature [ITS-90, deg C]
# name 5 = t190C: Temperature, 2 [ITS-90, deg C]
# name 6 = c0mS/cm: Conductivity [mS/cm]
# name 7 = c1mS/cm: Conductivity, 2 [mS/cm]
# name 8 = sal00: Salinity, Practical [PSU]
# name 9 = sal11: Salinity, Practical, 2 [PSU]
# name 10 = sbox0Mm/Kg: Oxygen, SBE 43 [umol/kg]
# name 11 = sbox1Mm/Kg: Oxygen, SBE 43, 2 [umol/kg]
# name 12 = flECO-AFL: Fluorescence, WET Labs ECO-AFL/FL [mg/m^3]
# name 13 = v2: Voltage 2
# name 14 = wetCDOM: Fluorescence, WET Labs CDOM [mg/m^3]
# name 15 = v6: Voltage 6
# name 16 = CStarAt0: Beam Attenuation, WET Labs C-Star [1/m]
# name 17 = v3: Voltage 3
# name 18 = scan: Scan Count
# name 19 = timeM: Time, Elapsed [minutes]
# name 20 = altM: Altimeter [m]
# name 21 = sbeox0V: Oxygen raw, SBE 43 [V]
# name 22 = sbeox1V: Oxygen raw, SBE 43, 2 [V]
# name 23 = nbin: number of scans per bin
# name 24 = flag: flag
# span 0 =      5.937,   2687.738       
# span 1 =   78.49884,   78.50086       
# span 2 =  125.89583,  125.94131       
# span 3 =      6.000,   2734.000       
# span 4 =    -1.8085,     2.0839       
# span 5 =    -1.8079,     2.0838       
# span 6 =  23.150402,  30.862709       
# span 7 =  23.156615,  30.860611       
# span 8 =    28.6868,    34.9349       
# span 9 =    28.6926,    34.9329       
# span 10 =    279.274,    376.978      
# span 11 =    272.367,    370.512      
# span 12 =    -0.1867,     0.5915      
# span 13 =     4.4811,     4.6349      
# span 14 =     0.0770,     0.1506      
# span 15 =     0.0770,     0.1506      
# span 16 =     0.0464,     0.1815      
# span 17 =     0.0175,     0.0487      
# span 18 =       5070,      81955      
# span 19 =     3.5198,    56.9125      
# span 20 =       8.64,     100.01      
# span 21 =     1.6700,     2.6692      
# span 22 =     1.4982,     2.3220      
# span 23 =          5,         28      
# span 24 = 0.0000e+00, 0.0000e+00      
# interval = decibars: 1                
# start_time = Sep 25 2025 07:31:40 [NMEA time, header]
# bad_flag = -9.990e-29
*END*
[from data line 638]
    636.229   78.49900  125.92946    644.000     0.3503     0.3506  29.528745  29.527401    34.8643    34.8622    294.955    291.016    -0.1359     4.6277     0.0831     0.0831     0.0526     0.0195      23921    16.6110     100.00     2.1849     1.9298         12 0.0000e+00
    637.216   78.49900  125.92945    645.000     0.3412     0.3425  29.521342  29.520728    34.8642    34.8620    294.930    291.085    -0.1439     4.6276     0.0830     0.0830     0.0527     0.0192      23941    16.6252     100.00     2.1841     1.9296         12 0.0000e+00
    638.202   78.49900  125.92943    646.000     0.3408     0.3405  29.520947  29.519097    34.8636    34.8615    294.960    290.977    -0.1548     4.6277     0.0840     0.0840     0.0526     0.0188      23971    16.6455     100.00     2.1840     1.9288         15 0.0000e+00
    639.188   78.49900  125.92941    647.000     0.3492     0.3500  29.529281  29.528255    34.8645    34.8622    294.819    290.861    -0.1626     4.6278     0.0832     0.0832     0.0526     0.0185      24004    16.6689     100.00     2.1834     1.9284         14 0.0000e+00
    640.175   78.49900  125.92940    648.000     0.3480     0.3477  29.528634  29.526737    34.8644    34.8622    294.856    291.202    -0.1624     4.6284     0.0842     0.0842     0.0520     0.0185      24029    16.6863     100.00     2.1834     1.9298         13 0.0000e+00
    641.161   78.49900  125.92940    649.000     0.3442     0.3443  29.525902  29.524189    34.8645    34.8622    294.912    290.869    -0.1347     4.6276     0.0835     0.0835     0.0527     0.0196      24049    16.7003     100.00     2.1833     1.9279         13 0.0000e+00
    642.147   78.49900  125.92940    650.000     0.3441     0.3439  29.526189  29.524173    34.8644    34.8620    294.904    290.690    -0.1338     4.6276     0.0834     0.0834     0.0527     0.0196      24067    16.7126     100.00     2.1830     1.9268         11 0.0000e+00
    643.134   78.49900  125.92938    651.000     0.3430     0.3428  29.525490  29.523574    34.8642    34.8618    294.836    290.838    -0.1604     4.6276     0.0842     0.0842     0.0527     0.0186      24086    16.7257     100.00     2.1823     1.9273         13 0.0000e+00
    644.120   78.49902  125.92936    652.000     0.3428     0.3436  29.525647  29.524629    34.8640    34.8617    294.717    290.893    -0.1451     4.6266     0.0843     0.0843     0.0537     0.0192      24115    16.7458     100.00     2.1814     1.9274         14 0.0000e+00
    645.107   78.49902  125.92935    653.000     0.3636     0.3635  29.545551  29.543536    34.8661    34.8635    294.691    290.646    -0.1661     4.6274     0.0835     0.0835     0.0529     0.0183      24150    16.7703     100.00     2.1821     1.9268         17 0.0000e+00
    646.093   78.49902  125.92934    654.000     0.3628     0.3625  29.544966  29.543005    34.8656    34.8633    294.978    290.867    -0.1756     4.6274     0.0825     0.0825     0.0528     0.0180      24175    16.7876     100.00     2.1835     1.9277         15 0.0000e+00
    647.079   78.49902  125.92934    655.000     0.3605     0.3600  29.543478  29.541340    34.8657    34.8634    295.124    291.572    -0.1566     4.6276     0.0844     0.0844     0.0527     0.0187      24196    16.8018     100.00     2.1840     1.9308         11 0.0000e+00
    648.066   78.49902  125.92934    656.000     0.3580     0.3576  29.541813  29.539563    34.8656    34.8631    295.050    290.577    -0.1336     4.6276     0.0842     0.0842     0.0527     0.0196      24214    16.8148     100.00     2.1832     1.9257         17 0.0000e+00
    649.052   78.49902  125.92932    657.000     0.3493     0.3484  29.534408  29.531845    34.8652    34.8628    295.148    290.534    -0.1331     4.6276     0.0842     0.0842     0.0527     0.0196      24234    16.8286     100.00     2.1831     1.9250         17 0.0000e+00
    650.038   78.49902  125.92930    658.000     0.3276     0.3264  29.515332  29.512868    34.8641    34.8622    295.282    291.146    -0.1447     4.6275     0.0867     0.0867     0.0528     0.0192      24261    16.8469     100.00     2.1826     1.9268         18 0.0000e+00
    651.025   78.49902  125.92929    659.000     0.3112     0.3111  29.501380  29.499457    34.8637    34.8614    295.305    290.963    -0.1745     4.6277     0.0876     0.0876     0.0526     0.0180      24292    16.8686     100.00     2.1817     1.9251         16 0.0000e+00
    652.011   78.49902  125.92928    660.000     0.2907     0.2909  29.483729  29.482143    34.8632    34.8609    295.435    291.069    -0.1403     4.6276     0.0842     0.0842     0.0527     0.0194      24318    16.8870     100.00     2.1812     1.9246         14 0.0000e+00
    652.997   78.49902  125.92927    661.000     0.2880     0.2881  29.481761  29.480100    34.8630    34.8607    295.429    290.744    -0.1675     4.6274     0.0831     0.0831     0.0528     0.0183      24342    16.9034     100.00     2.1808     1.9227         15 0.0000e+00
    653.984   78.49902  125.92926    662.000     0.3003     0.3009  29.494129  29.492697    34.8648    34.8622    295.281    290.972    -0.1369     4.6276     0.0830     0.0830     0.0527     0.0195      24363    16.9181     100.00     2.1803     1.9242         14 0.0000e+00
    654.970   78.49902  125.92926    663.000     0.3085     0.3084  29.501746  29.499764    34.8649    34.8624    295.139    290.733    -0.1311     4.6274     0.0830     0.0830     0.0529     0.0197      24384    16.9329     100.00     2.1797     1.9232         16 0.0000e+00
    655.956   78.49902  125.92924    664.000     0.3070     0.3067  29.500805  29.498821    34.8649    34.8625    295.200    291.191    -0.1346     4.6270     0.0851     0.0851     0.0532     0.0196      24407    16.9488     100.00     2.1798     1.9251         16 0.0000e+00
    656.943   78.49902  125.92924    665.000     0.3041     0.3036  29.498643  29.496514    34.8647    34.8624    295.166    290.787    -0.1351     4.6272     0.0839     0.0839     0.0531     0.0196      24433    16.9665     100.00     2.1792     1.9229         20 0.0000e+00
    657.929   78.49902  125.92923    666.000     0.2873     0.2865  29.483596  29.481626    34.8634    34.8616    295.140    291.255    -0.1679     4.6271     0.0831     0.0831     0.0532     0.0183      24459    16.9851     100.00     2.1780     1.9242         17 0.0000e+00
    658.915   78.49902  125.92921    667.000     0.2672     0.2669  29.466543  29.464695    34.8631    34.8610    295.228    290.994    -0.1300     4.6271     0.0848     0.0848     0.0531     0.0198      24487    17.0042     100.00     2.1773     1.9220         16 0.0000e+00
    659.902   78.49902  125.92920    668.000     0.2644     0.2643  29.464566  29.462695    34.8630    34.8607    295.170    290.867    -0.1279     4.6265     0.0847     0.0847     0.0537     0.0199      24513    17.0225     100.00     2.1766     1.9210         21 0.0000e+00
    660.888   78.49903  125.92919    669.000     0.2655     0.2653  29.465900  29.463962    34.8630    34.8606    295.143    291.253    -0.1540     4.6276     0.0848     0.0848     0.0527     0.0188      24536    17.0385     100.00     2.1763     1.9228         16 0.0000e+00
    661.874   78.49904  125.92918    670.000     0.2641     0.2638  29.465285  29.463348    34.8631    34.8610    295.234    290.574    -0.1667     4.6275     0.0850     0.0850     0.0528     0.0183      24557    17.0528     100.00     2.1765     1.9193         16 0.0000e+00
    662.860   78.49904  125.92918    671.000     0.2610     0.2608  29.463085  29.461126    34.8631    34.8608    295.283    291.058    -0.1534     4.6274     0.0832     0.0832     0.0528     0.0189      24577    17.0666     100.00     2.1764     1.9213         15 0.0000e+00
    663.847   78.49904  125.92918    672.000     0.2573     0.2572  29.460225  29.458321    34.8630    34.8606    295.276    291.531    -0.1419     4.6276     0.0839     0.0839     0.0527     0.0193      24598    17.0811     100.00     2.1760     1.9232         15 0.0000e+00
    664.833   78.49904  125.92915    673.000     0.2557     0.2561  29.459325  29.457916    34.8630    34.8607    295.209    291.594    -0.1610     4.6277     0.0842     0.0842     0.0527     0.0185      24626    17.1010     100.00     2.1753     1.9233         22 0.0000e+00
    665.819   78.49904  125.92913    674.000     0.2588     0.2588  29.462629  29.460750    34.8633    34.8608    295.173    291.075    -0.1375     4.6274     0.0833     0.0833     0.0529     0.0195      24661    17.1249     100.00     2.1750     1.9207         16 0.0000e+00
    666.806   78.49904  125.92912    675.000     0.2639     0.2640  29.468045  29.466236    34.8640    34.8616    295.278    290.180    -0.1279     4.6268     0.0843     0.0843     0.0534     0.0199      24688    17.1435     100.00     2.1757     1.9164         15 0.0000e+00
    667.792   78.49904  125.92912    676.000     0.2668     0.2668  29.471013  29.469320    34.8641    34.8618    295.250    291.519    -0.1349     4.6272     0.0842     0.0842     0.0531     0.0196      24708    17.1577     100.00     2.1754     1.9228         14 0.0000e+00
    668.778   78.49904  125.92911    677.000     0.2680     0.2679  29.472565  29.470761    34.8642    34.8619    295.168    290.755    -0.1721     4.6275     0.0838     0.0838     0.0528     0.0181      24726    17.1702     100.00     2.1748     1.9190         15 0.0000e+00
    669.764   78.49904  125.92910    678.000     0.2690     0.2689  29.473873  29.472062    34.8642    34.8619    295.024    290.660    -0.1742     4.6272     0.0831     0.0831     0.0530     0.0180      24744    17.1826     100.00     2.1738     1.9184         13 0.0000e+00
    670.750   78.49904  125.92910    679.000     0.2706     0.2706  29.475943  29.474100    34.8645    34.8621    294.864    291.193    -0.1753     4.6274     0.0832     0.0832     0.0528     0.0180      24768    17.1994     100.00     2.1727     1.9209         15 0.0000e+00
    671.737   78.49904  125.92907    680.000     0.2714     0.2713  29.477214  29.475177    34.8647    34.8621    294.799    290.267    -0.1690     4.6272     0.0856     0.0856     0.0530     0.0182      24804    17.2244     100.00     2.1722     1.9162         16 0.0000e+00
    672.723   78.49904  125.92906    681.000     0.2705     0.2703  29.476901  29.474804    34.8646    34.8622    294.767    291.085    -0.1696     4.6274     0.0851     0.0851     0.0529     0.0182      24832    17.2436     100.00     2.1717     1.9200         12 0.0000e+00
    673.709   78.49904  125.92905    682.000     0.2696     0.2696  29.476457  29.474639    34.8646    34.8622    294.739    290.849    -0.1497     4.6274     0.0842     0.0842     0.0529     0.0190      24854    17.2590     100.00     2.1713     1.9186         12 0.0000e+00
    674.695   78.49904  125.92904    683.000     0.2675     0.2674  29.475015  29.473067    34.8644    34.8620    294.806    290.929    -0.1322     4.6275     0.0843     0.0843     0.0528     0.0197      24873    17.2723     100.00     2.1714     1.9187         13 0.0000e+00
    675.682   78.49904  125.92904    684.000     0.2637     0.2629  29.471935  29.469581    34.8642    34.8619    294.779    291.232    -0.1442     4.6276     0.0837     0.0837     0.0527     0.0192      24892    17.2853     100.00     2.1708     1.9198         12 0.0000e+00
    676.668   78.49904  125.92902    685.000     0.2667     0.2669  29.475265  29.473640    34.8645    34.8622    294.756    289.795    -0.1517     4.6276     0.0835     0.0835     0.0527     0.0189      24915    17.3012     100.00     2.1706     1.9129         16 0.0000e+00
    677.654   78.49904  125.92901    686.000     0.2636     0.2628  29.472786  29.470390    34.8642    34.8619    294.791    290.122    -0.1370     4.6276     0.0842     0.0842     0.0527     0.0195      24947    17.3234     100.00     2.1704     1.9141         15 0.0000e+00
    678.640   78.49904  125.92900    687.000     0.2358     0.2346  29.448350  29.445827    34.8628    34.8610    295.129    290.778    -0.1344     4.6275     0.0850     0.0850     0.0528     0.0196      24976    17.3434     100.00     2.1707     1.9159         14 0.0000e+00
    679.627   78.49905  125.92899    688.000     0.1955     0.1956  29.413821  29.412144    34.8624    34.8601    295.416    290.807    -0.1325     4.6276     0.0847     0.0847     0.0527     0.0197      24999    17.3599     100.00     2.1702     1.9143         15 0.0000e+00
    680.613   78.49906  125.92898    689.000     0.1741     0.1724  29.394989  29.391910    34.8613    34.8592    295.469    291.469    -0.1319     4.6276     0.0832     0.0832     0.0527     0.0197      25019    17.3738     100.00     2.1692     1.9163         13 0.0000e+00
    681.599   78.49906  125.92897    690.000     0.1556     0.1545  29.378697  29.376162    34.8602    34.8581    295.546    291.506    -0.1649     4.6276     0.0842     0.0842     0.0527     0.0184      25039    17.3873     100.00     2.1685     1.9156         13 0.0000e+00
    682.585   78.49906  125.92895    691.000     0.1347     0.1340  29.360700  29.358576    34.8595    34.8575    295.567    291.419    -0.1388     4.6273     0.0842     0.0842     0.0530     0.0194      25061    17.4026     100.00     2.1674     1.9141         12 0.0000e+00
    683.571   78.49906  125.92894    692.000     0.1286     0.1282  29.355393  29.353191    34.8588    34.8564    295.607    291.541    -0.1423     4.6271     0.0852     0.0852     0.0532     0.0193      25091    17.4240     100.00     2.1671     1.9142         16 0.0000e+00
    684.557   78.49906  125.92892    693.000     0.1254     0.1246  29.352567  29.350126    34.8582    34.8559    295.554    291.754    -0.1532     4.6275     0.0855     0.0855     0.0528     0.0188      25123    17.4455     100.00     2.1663     1.9149         15 0.0000e+00
    685.543   78.49906  125.92892    694.000     0.1221     0.1219  29.350014  29.348071    34.8579    34.8555    295.698    291.778    -0.1288     4.6274     0.0844     0.0844     0.0528     0.0198      25146    17.4621     100.00     2.1668     1.9147         15 0.0000e+00
    686.530   78.49906  125.92890    695.000     0.1212     0.1210  29.349417  29.347440    34.8576    34.8552    295.630    291.676    -0.1320     4.6272     0.0850     0.0850     0.0530     0.0197      25167    17.4761     100.00     2.1662     1.9141         13 0.0000e+00
    687.516   78.49906  125.92890    696.000     0.1227     0.1227  29.351407  29.349359    34.8579    34.8553    295.625    291.405    -0.1390     4.6266     0.0852     0.0852     0.0536     0.0194      25185    17.4888     100.00     2.1660     1.9126         13 0.0000e+00
    688.502   78.49906  125.92889    697.000     0.1229     0.1229  29.351756  29.349865    34.8576    34.8551    295.638    291.629    -0.1728     4.6264     0.0830     0.0830     0.0538     0.0181      25206    17.5035     100.00     2.1658     1.9135         15 0.0000e+00
    689.488   78.49906  125.92888    698.000     0.1212     0.1212  29.350418  29.348710    34.8572    34.8549    295.707    291.802    -0.1430     4.6262     0.0833     0.0833     0.0539     0.0193      25237    17.5253     100.00     2.1659     1.9141         14 0.0000e+00
    690.474   78.49906  125.92886    699.000     0.1201     0.1201  29.349842  29.348097    34.8570    34.8548    295.788    291.349    -0.1303     4.6260     0.0838     0.0838     0.0541     0.0198      25270    17.5477     100.00     2.1661     1.9117         15 0.0000e+00
    691.461   78.49906  125.92884    700.000     0.1206     0.1204  29.350767  29.348831    34.8571    34.8548    295.842    290.916    -0.1342     4.6258     0.0831     0.0831     0.0543     0.0196      25293    17.5639     100.00     2.1662     1.9095         12 0.0000e+00
