Continuous CTD Data/01_SBE Stage/nabos_03_01.ros
* Sea-Bird SBE 9 Data File:
* FileName = D:\CTD\data\HLY2502\raw\NABOS_03_01.hex
* Software Version Seasave V 7.26.7.110
* Temperature SN = 6954
* Conductivity SN = 2561
* Number of Bytes Per Scan = 37
* Number of Voltage Words = 4
* Number of Scans Averaged by the Deck Unit = 1
* NMEA Latitude = 74 27.67 N
* NMEA Longitude = 169 54.00 E
* NMEA UTC (Time) = Sep 13 2025  06:21:18
* NMEA baud rate = 9600
** Ship: USCG HEALY
** Bot. Depth:  57
** Cast Number:  01
** Station Name:  NABOS
** Station Number:  03
** Operator:  STARC
** Kink in the wire during the deployment, BOSN and STARC assessed to be structurally competent and comms on deck are established, CO approved deployment. STARC will reterminate during the mooring evolution
# nquan = 25
# nvalues = 1176                                  
# units = specified
# name 0 = depSM: Depth [salt water, m]
# name 1 = latitude: Latitude [deg]
# name 2 = longitude: Longitude [deg]
# name 3 = prDM: Pressure, Digiquartz [db]
# name 4 = t090C: Temperature [ITS-90, deg C]
# name 5 = t190C: Temperature, 2 [ITS-90, deg C]
# name 6 = c0mS/cm: Conductivity [mS/cm]
# name 7 = c1mS/cm: Conductivity, 2 [mS/cm]
# name 8 = sal00: Salinity, Practical [PSU]
# name 9 = sal11: Salinity, Practical, 2 [PSU]
# name 10 = sbox0Mm/Kg: Oxygen, SBE 43 [umol/kg]
# name 11 = sbox1Mm/Kg: Oxygen, SBE 43, 2 [umol/kg]
# name 12 = flECO-AFL: Fluorescence, WET Labs ECO-AFL/FL [mg/m^3]
# name 13 = v2: Voltage 2
# name 14 = wetCDOM: Fluorescence, WET Labs CDOM [mg/m^3]
# name 15 = v6: Voltage 6
# name 16 = CStarAt0: Beam Attenuation, WET Labs C-Star [1/m]
# name 17 = v3: Voltage 3
# name 18 = scan: Scan Count
# name 19 = timeM: Time, Elapsed [minutes]
# name 20 = altM: Altimeter [m]
# name 21 = sbeox0V: Oxygen raw, SBE 43 [V]
# name 22 = sbeox1V: Oxygen raw, SBE 43, 2 [V]
# name 23 = nbf: Bottles Fired
# name 24 = flag:  0.000e+00
# interval = seconds: 0.0416667
# start_time = Sep 13 2025 06:21:18 [NMEA time, header]
# bad_flag = -9.990e-29
*END*
[from data line 464]
     35.892   74.46216  169.90476     36.271    -1.4312    -1.4336  23.878048  23.877766    29.5763    29.5783    343.401    334.488     0.1687     4.6203     0.1111     0.1111     0.0591     0.0317      16227    11.2681      21.51     2.4348     2.1173         10  0.000e+00
     35.957   74.46216  169.90476     36.337    -1.4313    -1.4340  23.878336  23.877928    29.5767    29.5789    343.620    334.494     0.1687     4.6215     0.1111     0.1111     0.0580     0.0317      16228    11.2688      21.51     2.4360     2.1173         10  0.000e+00
     35.892   74.46216  169.90476     36.271    -1.4316    -1.4337  23.878278  23.878198    29.5770    29.5790    343.620    334.487     0.1687     4.6203     0.1111     0.1111     0.0591     0.0317      16229    11.2694      21.51     2.4360     2.1173         10  0.000e+00
     35.892   74.46216  169.90476     36.271    -1.4315    -1.4340  23.878566  23.878036    29.5773    29.5791    343.618    334.490     0.1381     4.6203     0.1111     0.1111     0.0591     0.0305      16230    11.2701      21.56     2.4360     2.1173         10  0.000e+00
     35.892   74.46216  169.90476     36.271    -1.4314    -1.4342  23.878336  23.878036    29.5769    29.5792    343.618    334.492     0.1687     4.6203     0.1111     0.1111     0.0591     0.0317      16231    11.2708      21.56     2.4360     2.1173         10  0.000e+00
     35.892   74.46216  169.90476     36.271    -1.4313    -1.4341  23.878221  23.878144    29.5766    29.5793    343.618    334.746     0.1687     4.6203     0.1099     0.1099     0.0591     0.0317      16232    11.2715      21.56     2.4360     2.1185         10  0.000e+00
     35.892   74.46216  169.90476     36.271    -1.4316    -1.4340  23.878393  23.877874    29.5771    29.5788    343.619    334.491     0.1687     4.6203     0.1111     0.1111     0.0591     0.0317      16233    11.2722      21.56     2.4360     2.1173         10  0.000e+00
     35.957   74.46216  169.90476     36.337    -1.4315    -1.4339  23.878508  23.878090    29.5771    29.5790    343.621    334.237     0.1687     4.6203     0.1099     0.1099     0.0591     0.0317      16234    11.2729      21.56     2.4360     2.1161         10  0.000e+00
     35.892   74.46216  169.90476     36.271    -1.4316    -1.4340  23.878508  23.877712    29.5773    29.5786    343.619    333.980     0.1687     4.6203     0.1111     0.1111     0.0591     0.0317      16235    11.2736      21.56     2.4360     2.1149         10  0.000e+00
     35.892   74.46216  169.90476     36.271    -1.4316    -1.4337  23.878508  23.877657    29.5773    29.5783    343.619    334.234     0.1687     4.6203     0.1111     0.1111     0.0591     0.0317      16236    11.2743      21.54     2.4360     2.1161         10  0.000e+00
     35.892   74.46216  169.90476     36.271    -1.4316    -1.4334  23.878508  23.877766    29.5773    29.5781    343.403    334.487     0.1687     4.6203     0.1111     0.1111     0.0591     0.0317      16237    11.2750      21.51     2.4348     2.1173         10  0.000e+00
     35.892   74.46216  169.90476     36.271    -1.4318    -1.4332  23.878508  23.877712    29.5775    29.5778    343.620    334.230     0.1687     4.6215     0.1099     0.1099     0.0580     0.0317      16238    11.2757      21.51     2.4360     2.1161         10  0.000e+00
     35.892   74.46216  169.90476     36.271    -1.4318    -1.4330  23.878278  23.877766    29.5771    29.5777    343.621    334.228     0.1992     4.6215     0.1111     0.1111     0.0580     0.0330      16239    11.2764      21.51     2.4360     2.1161         10  0.000e+00
     35.892   74.46216  169.90476     36.271    -1.4316    -1.4333  23.878566  23.877712    29.5774    29.5779    343.403    334.230     0.1992     4.6203     0.1111     0.1111     0.0591     0.0330      16240    11.2771      21.54     2.4348     2.1161         10  0.000e+00
     35.892   74.46216  169.90476     36.271    -1.4315    -1.4329  23.878163  23.877387    29.5767    29.5771    343.619    334.229     0.1992     4.6190     0.1111     0.1111     0.0601     0.0330      16241    11.2778      21.54     2.4360     2.1161         10  0.000e+00
     35.892   74.46216  169.90476     36.271    -1.4310    -1.4330  23.877473  23.877441    29.5753    29.5772    343.618    333.973     0.1992     4.6190     0.1111     0.1111     0.0601     0.0330      16242    11.2785      21.59     2.4360     2.1149         10  0.000e+00
     35.892   74.46216  169.90476     36.271    -1.4307    -1.4331  23.876381  23.877549    29.5735    29.5775    343.620    333.974     0.1992     4.6190     0.1111     0.1111     0.0601     0.0330      16243    11.2792      21.56     2.4360     2.1149         10  0.000e+00
     35.892   74.46216  169.90476     36.271    -1.4297    -1.4331  23.875001  23.877495    29.5707    29.5774    343.617    333.974     0.2297     4.6190     0.1111     0.1111     0.0601     0.0342      16244    11.2799      21.59     2.4360     2.1149         10  0.000e+00
     35.892   74.46216  169.90476     36.271    -1.4293    -1.4331  23.874138  23.877549    29.5691    29.5775    343.617    333.974     0.1992     4.6190     0.1111     0.1111     0.0601     0.0330      16245    11.2806      21.59     2.4360     2.1149         10  0.000e+00
     35.867   74.46216  169.90476     36.246    -1.4287    -1.4333  23.873448  23.877657    29.5675    29.5778    343.613    333.974     0.2297     4.6190     0.1111     0.1111     0.0601     0.0342      16246    11.2813      21.59     2.4360     2.1149         10  0.000e+00
     35.834   74.46216  169.90476     36.213    -1.4284    -1.4334  23.873448  23.877603    29.5673    29.5779    343.610    334.229     0.1992     4.6190     0.1111     0.1111     0.0601     0.0330      16247    11.2819      21.59     2.4360     2.1161         10  0.000e+00
     35.892   74.46216  169.90476     36.271    -1.4284    -1.4331  23.874023  23.877657    29.5680    29.5777    343.610    334.485     0.1992     4.6190     0.1111     0.1111     0.0601     0.0330      16248    11.2826      21.56     2.4360     2.1173         10  0.000e+00
     35.892   74.46216  169.90476     36.271    -1.4282    -1.4331  23.874713  23.877766    29.5688    29.5778    343.822    334.740     0.1992     4.6190     0.1111     0.1111     0.0601     0.0330      16249    11.2833      21.54     2.4372     2.1185         10  0.000e+00
     35.892   74.46216  169.90476     36.271    -1.4293    -1.4329  23.875806  23.877549    29.5713    29.5773    343.611    334.484     0.1992     4.6190     0.1099     0.1099     0.0601     0.0330      16250    11.2840      21.54     2.4360     2.1173         10  0.000e+00
     35.834   74.46216  169.90476     36.213    -1.4296    -1.4324  23.876438  23.877170    29.5725    29.5763    343.824    333.967     0.1992     4.6190     0.1111     0.1111     0.0601     0.0330      16251    11.2847      21.54     2.4372     2.1149         10  0.000e+00
     35.834   74.46216  169.90476     36.213    -1.4296    -1.4316  23.875863  23.876143    29.5718    29.5741    343.826    333.965     0.1992     4.6190     0.1111     0.1111     0.0601     0.0330      16252    11.2854      21.54     2.4372     2.1149         10  0.000e+00
     35.892   74.46216  169.90480     36.271    -1.4273    -1.4298  23.874655  23.876846    29.5678    29.5733    344.679    335.996     0.1992     4.6203     0.1111     0.1111     0.0591     0.0330      16373    11.3694      21.51     2.4421     2.1246         11  0.000e+00
     35.834   74.46216  169.90480     36.213    -1.4272    -1.4301  23.874080  23.876413    29.5669    29.5730    344.677    335.997     0.1687     4.6190     0.1111     0.1111     0.0601     0.0317      16374    11.3701      21.54     2.4421     2.1246         11  0.000e+00
     35.957   74.46216  169.90480     36.337    -1.4272    -1.4301  23.874138  23.876522    29.5669    29.5730    344.683    336.002     0.1381     4.6190     0.1099     0.1099     0.0601     0.0305      16375    11.3708      21.59     2.4421     2.1246         11  0.000e+00
     35.892   74.46216  169.90480     36.271    -1.4270    -1.4302  23.874195  23.876576    29.5669    29.5733    344.678    336.000     0.1687     4.6190     0.1111     0.1111     0.0601     0.0317      16376    11.3715      21.54     2.4421     2.1246         11  0.000e+00
     35.892   74.46216  169.90480     36.271    -1.4268    -1.4302  23.874368  23.876576    29.5669    29.5733    344.676    336.255     0.1687     4.6203     0.1111     0.1111     0.0591     0.0317      16377    11.3722      21.56     2.4421     2.1259         11  0.000e+00
     35.957   74.46216  169.90480     36.337    -1.4270    -1.4304  23.874426  23.876576    29.5672    29.5734    344.681    336.515     0.1687     4.6190     0.1099     0.1099     0.0601     0.0317      16378    11.3729      21.56     2.4421     2.1271         11  0.000e+00
     35.892   74.46216  169.90480     36.271    -1.4272    -1.4302  23.874828  23.876792    29.5679    29.5736    344.893    336.766     0.1687     4.6203     0.1111     0.1111     0.0591     0.0317      16379    11.3736      21.54     2.4433     2.1283         11  0.000e+00
     35.892   74.46216  169.90480     36.271    -1.4270    -1.4298  23.875633  23.876630    29.5688    29.5730    344.673    337.019     0.1687     4.6190     0.1136     0.1136     0.0601     0.0317      16380    11.3743      21.54     2.4421     2.1295         11  0.000e+00
     35.892   74.46216  169.90480     36.271    -1.4274    -1.4301  23.876208  23.876576    29.5701    29.5731    344.675    337.021     0.1687     4.6190     0.1136     0.1136     0.0601     0.0317      16381    11.3750      21.47     2.4421     2.1295         11  0.000e+00
     35.892   74.46216  169.90480     36.271    -1.4276    -1.4296  23.876840  23.876359    29.5711    29.5724    344.674    337.274     0.1687     4.6190     0.1136     0.1136     0.0601     0.0317      16382    11.3757      21.54     2.4421     2.1307         11  0.000e+00
     35.957   74.46216  169.90480     36.337    -1.4279    -1.4296  23.876898  23.876359    29.5714    29.5724    344.895    337.021     0.1687     4.6203     0.1136     0.1136     0.0591     0.0317      16383    11.3764      21.54     2.4433     2.1295         11  0.000e+00
     35.892   74.46216  169.90482     36.271    -1.4279    -1.4297  23.876840  23.876143    29.5714    29.5722    344.676    337.019     0.1687     4.6203     0.1136     0.1136     0.0591     0.0317      16384    11.3771      21.54     2.4421     2.1295         11  0.000e+00
     35.892   74.46216  169.90482     36.271    -1.4282    -1.4295  23.876840  23.876143    29.5717    29.5720    344.894    337.018     0.1687     4.6203     0.1136     0.1136     0.0591     0.0317      16385    11.3778      21.54     2.4433     2.1295         11  0.000e+00
     35.892   74.46216  169.90482     36.271    -1.4279    -1.4295  23.877185  23.876089    29.5719    29.5719    344.675    337.018     0.1687     4.6203     0.1136     0.1136     0.0591     0.0317      16386    11.3785      21.56     2.4421     2.1295         11  0.000e+00
     35.892   74.46216  169.90482     36.271    -1.4279    -1.4292  23.876955  23.875764    29.5715    29.5712    344.675    337.017     0.1381     4.6203     0.1136     0.1136     0.0591     0.0305      16387    11.3792      21.56     2.4421     2.1295         11  0.000e+00
     35.892   74.46216  169.90482     36.271    -1.4281    -1.4293  23.876840  23.875981    29.5715    29.5716    344.677    336.506     0.1687     4.6203     0.1136     0.1136     0.0591     0.0317      16388    11.3799      21.56     2.4421     2.1271         11  0.000e+00
     35.867   74.46216  169.90482     36.246    -1.4278    -1.4293  23.876265  23.876305    29.5705    29.5721    344.676    336.504     0.1687     4.6203     0.1136     0.1136     0.0591     0.0317      16389    11.3806      21.54     2.4421     2.1271         11  0.000e+00
     35.892   74.46216  169.90482     36.271    -1.4273    -1.4295  23.875575  23.876305    29.5690    29.5722    344.891    336.762     0.1687     4.6203     0.1136     0.1136     0.0591     0.0317      16390    11.3812      21.54     2.4433     2.1283         11  0.000e+00
     35.892   74.46216  169.90482     36.271    -1.4273    -1.4296  23.874828  23.876359    29.5680    29.5724    344.678    336.507     0.1381     4.6203     0.1136     0.1136     0.0591     0.0305      16391    11.3819      21.54     2.4421     2.1271         11  0.000e+00
     35.957   74.46216  169.90482     36.337    -1.4273    -1.4299  23.874656  23.876305    29.5677    29.5726    344.898    336.002     0.1687     4.6203     0.1136     0.1136     0.0591     0.0317      16392    11.3826      21.59     2.4433     2.1246         11  0.000e+00
     35.892   74.46216  169.90482     36.271    -1.4272    -1.4302  23.874310  23.876359    29.5672    29.5730    344.895    335.745     0.1687     4.6203     0.1136     0.1136     0.0591     0.0317      16393    11.3833      21.59     2.4433     2.1234         11  0.000e+00
     35.892   74.46216  169.90482     36.271    -1.4272    -1.4304  23.873333  23.876305    29.5659    29.5731    344.899    335.746     0.1687     4.6203     0.1136     0.1136     0.0591     0.0317      16394    11.3840      21.59     2.4433     2.1234         11  0.000e+00
     35.892   74.46216  169.90482     36.271    -1.4274    -1.4301  23.873046  23.876197    29.5658    29.5727    344.902    335.745     0.1687     4.6203     0.1136     0.1136     0.0591     0.0317      16395    11.3847      21.61     2.4433     2.1234         11  0.000e+00
     35.892   74.46216  169.90482     36.271    -1.4274    -1.4301  23.873390  23.876467    29.5662    29.5731    344.901    335.744     0.1381     4.6203     0.1136     0.1136     0.0591     0.0305      16396    11.3854      21.59     2.4433     2.1234         11  0.000e+00
     35.892   74.46216  169.90482     36.271    -1.4273    -1.4297  23.872931  23.876413    29.5655    29.5726    345.118    335.485     0.1992     4.6203     0.1136     0.1136     0.0591     0.0330      16397    11.3861      21.59     2.4446     2.1222         11  0.000e+00
     35.892   74.46216  169.90482     36.271    -1.4272    -1.4292  23.872930  23.876143    29.5653    29.5717    345.116    335.483     0.2297     4.6203     0.1136     0.1136     0.0591     0.0342      16398    11.3868      21.56     2.4446     2.1222         11  0.000e+00
     35.892   74.46216  169.90482     36.271    -1.4274    -1.4285  23.873218  23.875061    29.5660    29.5696    345.117    335.226     0.2297     4.6215     0.1136     0.1136     0.0580     0.0342      16399    11.3875      21.54     2.4446     2.1210         11  0.000e+00
     35.834   74.46216  169.90482     36.213    -1.4274    -1.4282  23.873793  23.873060    29.5668    29.5666    344.897    334.972     0.2297     4.6203     0.1136     0.1136     0.0591     0.0342      16400    11.3882      21.54     2.4433     2.1198         11  0.000e+00
     35.892   74.46216  169.90482     36.271    -1.4276    -1.4273  23.874885  23.871167    29.5684    29.5631    345.113    334.975     0.2297     4.6203     0.1136     0.1136     0.0591     0.0342      16401    11.3889      21.51     2.4446     2.1198         11  0.000e+00
     35.892   74.46216  169.90482     36.271    -1.4274    -1.4270  23.875173  23.869761    29.5686    29.5609    345.110    335.234     0.2297     4.6203     0.1136     0.1136     0.0591     0.0342      16402    11.3896      21.54     2.4446     2.1210         11  0.000e+00
     35.892   74.46216  169.90482     36.271    -1.4273    -1.4267  23.875518  23.868463    29.5690    29.5589    344.892    335.747     0.2297     4.6203     0.1136     0.1136     0.0591     0.0342      16403    11.3903      21.54     2.4433     2.1234         11  0.000e+00
