Continuous CTD Data/01_SBE Stage/nabos_05_01.ros
* Sea-Bird SBE 9 Data File:
* FileName = D:\CTD\data\HLY2502\raw\NABOS_05_01.hex
* Software Version Seasave V 7.26.7.110
* Temperature SN = 6954
* Conductivity SN = 2561
* Number of Bytes Per Scan = 37
* Number of Voltage Words = 4
* Number of Scans Averaged by the Deck Unit = 1
* NMEA Latitude = 75 06.57 N
* NMEA Longitude = 172 12.56 E
* NMEA UTC (Time) = Sep 12 2025  16:44:22
* NMEA baud rate = 9600
** Ship: USCG HEALY
** Bot. Depth:  145
** Cast Number:  01
** Station Name:  NABOS
** Station Number:  05
** Operator:  STARC
# nquan = 25
# nvalues = 1176                                  
# units = specified
# name 0 = depSM: Depth [salt water, m]
# name 1 = latitude: Latitude [deg]
# name 2 = longitude: Longitude [deg]
# name 3 = prDM: Pressure, Digiquartz [db]
# name 4 = t090C: Temperature [ITS-90, deg C]
# name 5 = t190C: Temperature, 2 [ITS-90, deg C]
# name 6 = c0mS/cm: Conductivity [mS/cm]
# name 7 = c1mS/cm: Conductivity, 2 [mS/cm]
# name 8 = sal00: Salinity, Practical [PSU]
# name 9 = sal11: Salinity, Practical, 2 [PSU]
# name 10 = sbox0Mm/Kg: Oxygen, SBE 43 [umol/kg]
# name 11 = sbox1Mm/Kg: Oxygen, SBE 43, 2 [umol/kg]
# name 12 = flECO-AFL: Fluorescence, WET Labs ECO-AFL/FL [mg/m^3]
# name 13 = v2: Voltage 2
# name 14 = wetCDOM: Fluorescence, WET Labs CDOM [mg/m^3]
# name 15 = v6: Voltage 6
# name 16 = CStarAt0: Beam Attenuation, WET Labs C-Star [1/m]
# name 17 = v3: Voltage 3
# name 18 = scan: Scan Count
# name 19 = timeM: Time, Elapsed [minutes]
# name 20 = altM: Altimeter [m]
# name 21 = sbeox0V: Oxygen raw, SBE 43 [V]
# name 22 = sbeox1V: Oxygen raw, SBE 43, 2 [V]
# name 23 = nbf: Bottles Fired
# name 24 = flag:  0.000e+00
# interval = seconds: 0.0416667
# start_time = Sep 12 2025 16:44:22 [NMEA time, header]
# bad_flag = -9.990e-29
*END*
[from data line 58]
    134.782   75.11006  172.20970    136.242    -0.7848    -0.7876  27.958899  27.953432    34.3647    34.3606    265.196    258.251    -0.1366     4.4200     0.1038     0.1038     0.2364     0.0195      11141     7.7361       0.05     2.0599     1.8084          2  0.000e+00
    134.658   75.11006  172.20970    136.118    -0.7848    -0.7877  27.958777  27.953489    34.3646    34.3608    265.192    258.247    -0.1366     4.4200     0.1038     0.1038     0.2364     0.0195      11142     7.7368       0.05     2.0599     1.8084          2  0.000e+00
    134.782   75.11006  172.20970    136.242    -0.7846    -0.7876  27.958899  27.953432    34.3645    34.3606    264.988    258.496    -0.1061     4.4200     0.1038     0.1038     0.2364     0.0208      11143     7.7375       0.07     2.0587     1.8096          2  0.000e+00
    134.847   75.11006  172.20970    136.309    -0.7846    -0.7879  27.958778  27.953089    34.3643    34.3604    264.991    258.745    -0.1366     4.4200     0.1038     0.1038     0.2364     0.0195      11144     7.7382       0.07     2.0587     1.8108          2  0.000e+00
    134.782   75.11006  172.20970    136.242    -0.7848    -0.7879  27.958899  27.952803    34.3647    34.3601    264.989    258.744    -0.1061     4.4212     0.1038     0.1038     0.2353     0.0208      11145     7.7389       0.10     2.0587     1.8108          2  0.000e+00
    134.724   75.11006  172.20970    136.184    -0.7844    -0.7882  27.958777  27.952631    34.3642    34.3601    264.986    258.988    -0.1366     4.4200     0.1038     0.1038     0.2364     0.0195      11146     7.7396       0.07     2.0587     1.8121          2  0.000e+00
    134.658   75.11006  172.20970    136.118    -0.7846    -0.7884  27.959082  27.952516    34.3649    34.3603    265.190    258.988    -0.1366     4.4200     0.1038     0.1038     0.2364     0.0195      11147     7.7403       0.05     2.0599     1.8121          2  0.000e+00
    134.847   75.11006  172.20970    136.309    -0.7846    -0.7888  27.959021  27.952803    34.3647    34.3610    264.991    258.996    -0.1061     4.4200     0.1038     0.1038     0.2364     0.0208      11148     7.7410       0.05     2.0587     1.8121          2  0.000e+00
    134.782   75.11006  172.20970    136.242    -0.7846    -0.7883  27.958778  27.953203    34.3644    34.3610    265.196    258.990    -0.1366     4.4200     0.1038     0.1038     0.2364     0.0195      11149     7.7417       0.05     2.0599     1.8121          2  0.000e+00
    134.782   75.11006  172.20970    136.242    -0.7843    -0.7878  27.958899  27.953203    34.3642    34.3605    265.194    258.987    -0.1366     4.4200     0.1038     0.1038     0.2364     0.0195      11150     7.7424       0.07     2.0599     1.8121          2  0.000e+00
    134.782   75.11006  172.20970    136.242    -0.7849    -0.7879  27.958778  27.953890    34.3647    34.3615    265.404    258.741    -0.1061     4.4200     0.1038     0.1038     0.2364     0.0208      11151     7.7431       0.07     2.0611     1.8108          2  0.000e+00
    134.782   75.11006  172.20970    136.242    -0.7846    -0.7876  27.958717  27.954291    34.3643    34.3618    265.196    258.738    -0.1366     4.4200     0.1038     0.1038     0.2364     0.0195      11152     7.7438       0.07     2.0599     1.8108          2  0.000e+00
    134.847   75.11006  172.20970    136.309    -0.7848    -0.7871  27.958291  27.954234    34.3639    34.3610    265.407    258.493    -0.1061     4.4200     0.1038     0.1038     0.2364     0.0208      11153     7.7444       0.05     2.0611     1.8096          2  0.000e+00
    134.847   75.11006  172.20970    136.309    -0.7849    -0.7869  27.958169  27.954921    34.3639    34.3618    265.202    258.490    -0.1061     4.4139     0.1038     0.1038     0.2420     0.0208      11154     7.7451       0.05     2.0599     1.8096          2  0.000e+00
    134.601   75.11006  172.20970    136.059    -0.7849    -0.7864  27.957742  27.955263    34.3635    34.3618    265.401    258.723    -0.1061     4.4090     0.1038     0.1038     0.2464     0.0208      11155     7.7458       0.07     2.0611     1.8108          2  0.000e+00
    134.847   75.11006  172.20970    136.309    -0.7855    -0.7863  27.958048  27.956008    34.3644    34.3626    265.205    258.729    -0.1061     4.4078     0.1038     0.1038     0.2475     0.0208      11156     7.7465       0.05     2.0599     1.8108          2  0.000e+00
    134.847   75.11006  172.20970    136.309    -0.7857    -0.7859  27.957987  27.956122    34.3645    34.3622    265.000    258.726    -0.1366     4.4078     0.1038     0.1038     0.2475     0.0195      11157     7.7472       0.07     2.0587     1.8108          2  0.000e+00
    134.782   75.11006  172.20970    136.242    -0.7857    -0.7856  27.957926  27.956580    34.3645    34.3625    265.204    258.966    -0.1366     4.4078     0.1038     0.1038     0.2475     0.0195      11158     7.7479       0.07     2.0599     1.8121          2  0.000e+00
    134.905   75.11006  172.20970    136.367    -0.7857    -0.7852  27.958291  27.956752    34.3649    34.3622    265.208    258.968    -0.1061     4.4090     0.1038     0.1038     0.2464     0.0208      11159     7.7486       0.05     2.0599     1.8121          2  0.000e+00
    134.847   75.11006  172.20970    136.309    -0.7857    -0.7847  27.958048  27.957038    34.3646    34.3621    265.206    258.962    -0.1061     4.4078     0.1038     0.1038     0.2475     0.0208      11160     7.7493       0.05     2.0599     1.8121          2  0.000e+00
    134.847   75.11006  172.20970    136.309    -0.7857    -0.7845  27.957682  27.957038    34.3641    34.3618    265.207    259.206    -0.1366     4.4078     0.1038     0.1038     0.2475     0.0195      11161     7.7500       0.05     2.0599     1.8133          2  0.000e+00
    134.782   75.11006  172.20970    136.242    -0.7855    -0.7845  27.957621  27.957324    34.3639    34.3623    265.411    259.202    -0.1061     4.4090     0.1038     0.1038     0.2464     0.0208      11162     7.7507       0.07     2.0611     1.8133          2  0.000e+00
    134.905   75.11006  172.20970    136.367    -0.7858    -0.7843  27.957439  27.957267    34.3639    34.3619    265.211    258.961    -0.1061     4.4090     0.1038     0.1038     0.2464     0.0208      11163     7.7514       0.10     2.0599     1.8121          2  0.000e+00
    134.658   75.11006  172.20970    136.118    -0.7860    -0.7842  27.957804  27.957553    34.3647    34.3623    264.995    258.706    -0.1366     4.4090     0.1038     0.1038     0.2464     0.0195      11164     7.7521       0.07     2.0587     1.8108          2  0.000e+00
    134.905   75.11006  172.20970    136.367    -0.7861    -0.7842  27.957500  27.957325    34.3643    34.3619    265.212    258.471    -0.1061     4.4090     0.1038     0.1038     0.2464     0.0208      11165     7.7528       0.05     2.0599     1.8096          2  0.000e+00
    134.905   75.11006  172.20970    136.367    -0.7863    -0.7842  27.957561  27.957439    34.3646    34.3620    265.006    258.226    -0.1366     4.4078     0.1038     0.1038     0.2475     0.0195      11166     7.7535       0.05     2.0587     1.8084          2  0.000e+00
    134.847   75.11006  172.20970    136.309    -0.7861    -0.7842  27.957865  27.957611    34.3649    34.3623    265.209    257.979    -0.1061     4.4090     0.1038     0.1038     0.2464     0.0208      11167     7.7542       0.07     2.0599     1.8072          2  0.000e+00
    134.847   75.11006  172.20970    136.309    -0.7861    -0.7842  27.957561  27.957324    34.3644    34.3619    265.417    257.980    -0.1061     4.4078     0.1038     0.1038     0.2475     0.0208      11168     7.7549       0.07     2.0611     1.8072          2  0.000e+00
    134.847   75.11006  172.20970    136.309    -0.7861    -0.7842  27.957378  27.957153    34.3642    34.3617    265.211    258.470    -0.1366     4.4078     0.1038     0.1038     0.2475     0.0195      11169     7.7556       0.10     2.0599     1.8096          2  0.000e+00
    134.847   75.11006  172.20970    136.309    -0.7860    -0.7842  27.957561  27.957210    34.3643    34.3617    265.209    258.714    -0.1366     4.4078     0.1038     0.1038     0.2475     0.0195      11170     7.7562       0.07     2.0599     1.8108          2  0.000e+00
    134.847   75.11006  172.20970    136.309    -0.7860    -0.7843  27.957622  27.957153    34.3643    34.3618    265.416    258.715    -0.1061     4.4090     0.1038     0.1038     0.2464     0.0208      11171     7.7569       0.05     2.0611     1.8108          2  0.000e+00
    134.905   75.11006  172.20970    136.367    -0.7860    -0.7843  27.957865  27.957210    34.3646    34.3618    265.211    259.206    -0.1366     4.4078     0.1038     0.1038     0.2475     0.0195      11172     7.7576       0.05     2.0599     1.8133          2  0.000e+00
    134.847   75.11006  172.20970    136.309    -0.7855    -0.7843  27.958108  27.957153    34.3645    34.3618    265.205    259.204    -0.1366     4.4078     0.1038     0.1038     0.2475     0.0195      11173     7.7583       0.07     2.0599     1.8133          2  0.000e+00
    134.847   75.11006  172.20970    136.309    -0.7854    -0.7846  27.958352  27.957210    34.3646    34.3622    265.204    259.206    -0.1366     4.4066     0.1038     0.1038     0.2486     0.0195      11174     7.7590       0.05     2.0599     1.8133          2  0.000e+00
    134.782   75.11006  172.20970    136.242    -0.7854    -0.7845  27.958230  27.956866    34.3645    34.3617    265.202    258.959    -0.1061     4.4042     0.1038     0.1038     0.2508     0.0208      11175     7.7597       0.07     2.0599     1.8121          2  0.000e+00
    134.847   75.11006  172.20970    136.309    -0.7852    -0.7847  27.958169  27.956866    34.3642    34.3618    265.203    259.207    -0.1061     4.4029     0.1038     0.1038     0.2520     0.0208      11176     7.7604       0.07     2.0599     1.8133          2  0.000e+00
    134.962   75.11006  172.20970    136.425    -0.7854    -0.7846  27.957987  27.956981    34.3641    34.3618    265.209    259.211    -0.1366     4.4029     0.1038     0.1038     0.2520     0.0195      11177     7.7611       0.05     2.0599     1.8133          2  0.000e+00
    134.847   75.11006  172.20970    136.309    -0.7854    -0.7850  27.957743  27.956924    34.3638    34.3622    265.412    258.964    -0.1061     4.4029     0.1038     0.1038     0.2520     0.0208      11178     7.7618       0.07     2.0611     1.8121          2  0.000e+00
    134.847   75.11006  172.20970    136.309    -0.7855    -0.7848  27.958048  27.956981    34.3644    34.3621    265.205    258.963    -0.1366     4.4029     0.1038     0.1038     0.2520     0.0195      11179     7.7625       0.07     2.0599     1.8121          2  0.000e+00
    134.847   75.11006  172.20970    136.309    -0.7854    -0.7848  27.957987  27.956695    34.3641    34.3617    265.205    258.719    -0.1061     4.4029     0.1038     0.1038     0.2520     0.0208      11180     7.7632       0.07     2.0599     1.8108          2  0.000e+00
    134.782   75.11006  172.20970    136.242    -0.7855    -0.7864  27.957743  27.954978    34.3640    34.3613    264.998    258.731    -0.1061     4.4212     0.1050     0.1050     0.2353     0.0208      11288     7.8382       0.24     2.0587     1.8109          3  0.000e+00
    134.724   75.11006  172.20970    136.184    -0.7858    -0.7863  27.957621  27.954748    34.3642    34.3609    264.998    258.729    -0.1366     4.4212     0.1050     0.1050     0.2353     0.0195      11289     7.8389       0.27     2.0587     1.8109          3  0.000e+00
    134.658   75.11006  172.20970    136.117    -0.7857    -0.7860  27.957864  27.954920    34.3645    34.3609    264.994    258.724    -0.1061     4.4225     0.1050     0.1050     0.2342     0.0208      11290     7.8396       0.27     2.0587     1.8109          3  0.000e+00
    134.782   75.11006  172.20970    136.242    -0.7857    -0.7863  27.957926  27.955321    34.3645    34.3616    264.792    258.974    -0.1366     4.4212     0.1050     0.1050     0.2353     0.0195      11291     7.8403       0.29     2.0575     1.8121          3  0.000e+00
    134.782   75.11006  172.20970    136.242    -0.7855    -0.7863  27.957926  27.955321    34.3643    34.3617    264.791    258.974    -0.1061     4.4212     0.1050     0.1050     0.2353     0.0208      11292     7.8410       0.29     2.0575     1.8121          3  0.000e+00
    134.724   75.11006  172.20970    136.184    -0.7857    -0.7861  27.957682  27.955378    34.3642    34.3616    264.997    259.216    -0.1061     4.4212     0.1050     0.1050     0.2353     0.0208      11293     7.8417       0.29     2.0587     1.8133          3  0.000e+00
    134.724   75.11006  172.20970    136.184    -0.7854    -0.7859  27.958047  27.955321    34.3643    34.3612    264.787    259.214    -0.1366     4.4212     0.1050     0.1050     0.2353     0.0195      11294     7.8424       0.27     2.0575     1.8133          3  0.000e+00
    134.724   75.11006  172.20970    136.184    -0.7852    -0.7860  27.958351  27.955550    34.3645    34.3616    264.992    259.214    -0.1061     4.4176     0.1050     0.1050     0.2387     0.0208      11295     7.8431       0.29     2.0587     1.8133          3  0.000e+00
    134.782   75.11006  172.20970    136.242    -0.7850    -0.7859  27.958412  27.955836    34.3644    34.3618    264.786    258.970    -0.1366     4.4103     0.1050     0.1050     0.2453     0.0195      11296     7.8438       0.29     2.0575     1.8121          3  0.000e+00
    134.782   75.11006  172.20970    136.242    -0.7848    -0.7856  27.958656  27.956065    34.3644    34.3618    264.784    258.968    -0.1366     4.4078     0.1050     0.1050     0.2475     0.0195      11297     7.8444       0.29     2.0575     1.8121          3  0.000e+00
    134.724   75.11006  172.20970    136.184    -0.7851    -0.7854  27.958534  27.956179    34.3646    34.3618    264.784    258.720    -0.1061     4.4078     0.1050     0.1050     0.2475     0.0208      11298     7.8451       0.32     2.0575     1.8109          3  0.000e+00
    134.658   75.11006  172.20970    136.117    -0.7849    -0.7853  27.958838  27.956294    34.3649    34.3618    264.987    258.716    -0.1061     4.4078     0.1050     0.1050     0.2475     0.0208      11299     7.8458       0.34     2.0587     1.8109          3  0.000e+00
    134.782   75.11006  172.20970    136.242    -0.7844    -0.7849  27.958778  27.956408    34.3642    34.3615    264.989    258.719    -0.1366     4.4078     0.1050     0.1050     0.2475     0.0195      11300     7.8465       0.29     2.0587     1.8109          3  0.000e+00
    134.905   75.11006  172.20970    136.367    -0.7846    -0.7848  27.958717  27.956580    34.3642    34.3615    264.788    258.722    -0.1366     4.4078     0.1050     0.1050     0.2475     0.0195      11301     7.8472       0.29     2.0575     1.8109          3  0.000e+00
    134.658   75.11006  172.20968    136.117    -0.7846    -0.7848  27.958716  27.956694    34.3644    34.3618    264.985    258.713    -0.1061     4.4078     0.1050     0.1050     0.2475     0.0208      11302     7.8479       0.29     2.0587     1.8109          3  0.000e+00
    134.905   75.11006  172.20968    136.367    -0.7844    -0.7850  27.958900  27.956752    34.3643    34.3620    264.786    258.722    -0.1366     4.4078     0.1062     0.1062     0.2475     0.0195      11303     7.8486       0.29     2.0575     1.8109          3  0.000e+00
    134.782   75.11006  172.20968    136.242    -0.7844    -0.7846  27.958778  27.956408    34.3642    34.3612    264.782    258.962    -0.1366     4.4078     0.1074     0.1074     0.2475     0.0195      11304     7.8493       0.29     2.0575     1.8121          3  0.000e+00
