Continuous CTD Data/01_SBE Stage/nabos_39_01avg.cnv
* Sea-Bird SBE 9 Data File:
* FileName = D:\CTD\data\HLY2502\raw\NABOS_39_01.hex
* Software Version Seasave V 7.26.7.110
* Temperature SN = 6954
* Conductivity SN = 2561
* Number of Bytes Per Scan = 37
* Number of Voltage Words = 4
* Number of Scans Averaged by the Deck Unit = 1
* NMEA Latitude = 78 29.93 N
* NMEA Longitude = 125 56.66 E
* NMEA UTC (Time) = Sep 25 2025  07:31:40
* NMEA baud rate = 9600
** Ship: USCG HEALY
** Bot. Depth:  2678
** Cast Number:  01
** Station Name:  NABOS
** Station Number:  39
** Operator:  STARC
** 2703 target but 5 otb
# nquan = 25
# nvalues = 2729                        
# units = specified
# name 0 = depSM: Depth [salt water, m]
# name 1 = latitude: Latitude [deg]
# name 2 = longitude: Longitude [deg]
# name 3 = prDM: Pressure, Digiquartz [db]
# name 4 = t090C: Temperature [ITS-90, deg C]
# name 5 = t190C: Temperature, 2 [ITS-90, deg C]
# name 6 = c0mS/cm: Conductivity [mS/cm]
# name 7 = c1mS/cm: Conductivity, 2 [mS/cm]
# name 8 = sal00: Salinity, Practical [PSU]
# name 9 = sal11: Salinity, Practical, 2 [PSU]
# name 10 = sbox0Mm/Kg: Oxygen, SBE 43 [umol/kg]
# name 11 = sbox1Mm/Kg: Oxygen, SBE 43, 2 [umol/kg]
# name 12 = flECO-AFL: Fluorescence, WET Labs ECO-AFL/FL [mg/m^3]
# name 13 = v2: Voltage 2
# name 14 = wetCDOM: Fluorescence, WET Labs CDOM [mg/m^3]
# name 15 = v6: Voltage 6
# name 16 = CStarAt0: Beam Attenuation, WET Labs C-Star [1/m]
# name 17 = v3: Voltage 3
# name 18 = scan: Scan Count
# name 19 = timeM: Time, Elapsed [minutes]
# name 20 = altM: Altimeter [m]
# name 21 = sbeox0V: Oxygen raw, SBE 43 [V]
# name 22 = sbeox1V: Oxygen raw, SBE 43, 2 [V]
# name 23 = nbin: number of scans per bin
# name 24 = flag: flag
# span 0 =      5.937,   2687.738       
# span 1 =   78.49884,   78.50086       
# span 2 =  125.89583,  125.94131       
# span 3 =      6.000,   2734.000       
# span 4 =    -1.8085,     2.0839       
# span 5 =    -1.8079,     2.0838       
# span 6 =  23.150402,  30.862709       
# span 7 =  23.156615,  30.860611       
# span 8 =    28.6868,    34.9349       
# span 9 =    28.6926,    34.9329       
# span 10 =    279.274,    376.978      
# span 11 =    272.367,    370.512      
# span 12 =    -0.1867,     0.5915      
# span 13 =     4.4811,     4.6349      
# span 14 =     0.0770,     0.1506      
# span 15 =     0.0770,     0.1506      
# span 16 =     0.0464,     0.1815      
# span 17 =     0.0175,     0.0487      
# span 18 =       5070,      81955      
# span 19 =     3.5198,    56.9125      
# span 20 =       8.64,     100.01      
# span 21 =     1.6700,     2.6692      
# span 22 =     1.4982,     2.3220      
# span 23 =          5,         28      
# span 24 = 0.0000e+00, 0.0000e+00      
# interval = decibars: 1                
# start_time = Sep 25 2025 07:31:40 [NMEA time, header]
# bad_flag = -9.990e-29
*END*
[from data line 232]
    235.358   78.49894  125.93529    238.000     1.9759     1.9757  30.754436  30.752413    34.8608    34.8585    293.958    288.887    -0.1288     4.6288     0.0820     0.0820     0.0517     0.0198      13885     9.6416     100.00     2.3557     2.0659         11 0.0000e+00
    236.346   78.49894  125.93527    239.000     1.9757     1.9755  30.754643  30.752587    34.8607    34.8583    293.826    288.559    -0.1226     4.6290     0.0827     0.0827     0.0516     0.0201      13907     9.6567     100.00     2.3547     2.0639         15 0.0000e+00
    237.335   78.49894  125.93526    240.000     1.9733     1.9739  30.753036  30.751654    34.8607    34.8583    293.716    288.682    -0.1586     4.6287     0.0831     0.0831     0.0518     0.0186      13929     9.6720     100.00     2.3536     2.0643         11 0.0000e+00
    238.323   78.49894  125.93525    241.000     1.9730     1.9729  30.753057  30.751080    34.8605    34.8581    293.583    288.718    -0.1672     4.6290     0.0836     0.0836     0.0515     0.0183      13954     9.6898     100.00     2.3525     2.0642         15 0.0000e+00
    239.311   78.49894  125.93523    242.000     1.9731     1.9730  30.753534  30.751622    34.8605    34.8581    293.437    288.373    -0.1634     4.6293     0.0842     0.0842     0.0512     0.0184      13983     9.7096     100.00     2.3513     2.0622         17 0.0000e+00
    240.300   78.49894  125.93522    243.000     1.9731     1.9731  30.753986  30.751970    34.8605    34.8579    293.375    288.650    -0.1693     4.6289     0.0840     0.0840     0.0516     0.0182      14010     9.7285     100.00     2.3507     2.0635         15 0.0000e+00
    241.288   78.49894  125.93520    244.000     1.9738     1.9737  30.755178  30.753313    34.8606    34.8584    293.521    288.750    -0.1629     4.6290     0.0826     0.0826     0.0515     0.0185      14034     9.7450     100.00     2.3514     2.0638         14 0.0000e+00
    242.276   78.49894  125.93518    245.000     1.9917     1.9917  30.775078  30.772923    34.8653    34.8626    293.307    288.239    -0.1648     4.6287     0.0809     0.0809     0.0518     0.0184      14055     9.7600     100.00     2.3508     2.0617         13 0.0000e+00
    243.265   78.49894  125.93517    246.000     2.0042     2.0054  30.789107  30.788040    34.8686    34.8660    293.096    288.135    -0.1437     4.6287     0.0823     0.0823     0.0518     0.0192      14077     9.7747     100.00     2.3499     2.0616         17 0.0000e+00
    244.253   78.49894  125.93515    247.000     2.0270     2.0274  30.812415  30.810717    34.8722    34.8697    293.002    288.239    -0.1476     4.6288     0.0813     0.0813     0.0517     0.0191      14099     9.7903     100.00     2.3503     2.0629         14 0.0000e+00
    245.241   78.49894  125.93514    248.000     2.0374     2.0378  30.824187  30.822521    34.8749    34.8724    293.310    288.326    -0.1649     4.6294     0.0825     0.0825     0.0512     0.0184      14125     9.8081     100.00     2.3526     2.0637         16 0.0000e+00
    246.229   78.49894  125.93512    249.000     2.0444     2.0448  30.832308  30.830719    34.8769    34.8744    293.687    288.416    -0.1672     4.6296     0.0819     0.0819     0.0510     0.0183      14152     9.8272     100.00     2.3551     2.0643         15 0.0000e+00
    247.218   78.49894  125.93510    250.000     2.0585     2.0588  30.848135  30.846381    34.8806    34.8781    293.841    288.256    -0.1671     4.6293     0.0818     0.0818     0.0512     0.0183      14179     9.8456     100.00     2.3567     2.0639         13 0.0000e+00
    248.206   78.49894  125.93508    251.000     2.0647     2.0649  30.855025  30.853336    34.8819    34.8796    294.013    288.466    -0.1404     4.6289     0.0814     0.0814     0.0516     0.0194      14203     9.8623     100.00     2.3578     2.0650         16 0.0000e+00
    249.194   78.49894  125.93508    252.000     2.0705     2.0705  30.861550  30.859669    34.8831    34.8807    294.122    288.393    -0.1616     4.6292     0.0813     0.0813     0.0513     0.0185      14225     9.8775     100.00     2.3586     2.0647         12 0.0000e+00
    250.183   78.49894  125.93506    253.000     2.0705     2.0704  30.862287  30.860236    34.8834    34.8809    294.095    288.798    -0.1754     4.6296     0.0821     0.0821     0.0509     0.0180      14246     9.8926     100.00     2.3582     2.0667         14 0.0000e+00
    251.171   78.49894  125.93504    254.000     2.0704     2.0703  30.862709  30.860611    34.8835    34.8810    294.075    288.544    -0.1622     4.6290     0.0806     0.0806     0.0515     0.0185      14270     9.9087     100.00     2.3578     2.0651         14 0.0000e+00
    252.159   78.49894  125.93504    255.000     2.0693     2.0691  30.862231  30.860129    34.8835    34.8811    294.177    288.961    -0.1652     4.6288     0.0829     0.0829     0.0517     0.0184      14296     9.9267     100.00     2.3582     2.0671         16 0.0000e+00
    253.147   78.49894  125.93502    256.000     2.0671     2.0668  30.860650  30.858538    34.8834    34.8811    294.241    288.780    -0.1569     4.6292     0.0811     0.0811     0.0513     0.0187      14322     9.9451     100.00     2.3582     2.0658         12 0.0000e+00
    254.136   78.49894  125.93500    257.000     2.0627     2.0625  30.857223  30.855229    34.8833    34.8811    294.190    288.678    -0.1319     4.6293     0.0819     0.0819     0.0513     0.0197      14347     9.9626     100.00     2.3574     2.0649         15 0.0000e+00
    255.124   78.49894  125.93498    258.000     2.0610     2.0608  30.856233  30.854114    34.8834    34.8810    294.159    289.065    -0.1505     4.6291     0.0820     0.0820     0.0514     0.0190      14370     9.9785     100.00     2.3569     2.0667         13 0.0000e+00
    256.112   78.49894  125.93498    259.000     2.0578     2.0574  30.853638  30.851435    34.8832    34.8808    294.156    289.685    -0.1468     4.6291     0.0820     0.0820     0.0515     0.0191      14393     9.9943     100.00     2.3565     2.0697         18 0.0000e+00
    257.100   78.49894  125.93496    260.000     2.0515     2.0510  30.848249  30.846190    34.8827    34.8807    293.919    288.665    -0.1322     4.6290     0.0816     0.0816     0.0516     0.0197      14416    10.0104     100.00     2.3543     2.0637         15 0.0000e+00
    258.088   78.49894  125.93494    261.000     2.0432     2.0428  30.841395  30.839297    34.8827    34.8805    293.773    288.862    -0.1562     4.6293     0.0813     0.0813     0.0512     0.0187      14442    10.0287     100.00     2.3528     2.0642         19 0.0000e+00
    259.077   78.49894  125.93492    262.000     2.0371     2.0368  30.836508  30.834324    34.8826    34.8803    293.712    289.350    -0.1691     4.6295     0.0817     0.0817     0.0511     0.0182      14469    10.0471     100.00     2.3518     2.0663         12 0.0000e+00
    260.065   78.49894  125.93490    263.000     2.0304     2.0300  30.830764  30.828530    34.8822    34.8799    293.806    288.941    -0.1670     4.6300     0.0810     0.0810     0.0506     0.0183      14495    10.0649     100.00     2.3518     2.0637         18 0.0000e+00
    261.053   78.49894  125.93490    264.000     2.0231     2.0228  30.824643  30.822370    34.8821    34.8796    293.940    288.643    -0.1310     4.6296     0.0830     0.0830     0.0509     0.0197      14517    10.0804     100.00     2.3520     2.0616         16 0.0000e+00
    262.041   78.49894  125.93488    265.000     2.0176     2.0174  30.820128  30.818147    34.8818    34.8796    294.026    289.054    -0.1637     4.6289     0.0832     0.0832     0.0516     0.0184      14538    10.0949     100.00     2.3521     2.0634         15 0.0000e+00
    263.029   78.49894  125.93487    266.000     2.0134     2.0129  30.816673  30.814494    34.8816    34.8794    293.932    289.283    -0.1394     4.6291     0.0828     0.0828     0.0514     0.0194      14559    10.1097     100.00     2.3510     2.0642         17 0.0000e+00
    264.018   78.49894  125.93486    267.000     2.0081     2.0080  30.812262  30.810320    34.8814    34.8790    293.617    288.878    -0.1634     4.6294     0.0828     0.0828     0.0512     0.0185      14584    10.1270     100.00     2.3485     2.0616         20 0.0000e+00
    265.006   78.49894  125.93484    268.000     2.0031     2.0026  30.808031  30.805933    34.8809    34.8788    293.632    289.314    -0.1595     4.6296     0.0826     0.0826     0.0509     0.0186      14612    10.1467     100.00     2.3481     2.0635         16 0.0000e+00
    265.994   78.49894  125.93481    269.000     1.9961     1.9960  30.802375  30.800431    34.8809    34.8787    293.741    288.511    -0.1637     4.6294     0.0826     0.0826     0.0511     0.0184      14641    10.1666     100.00     2.3481     2.0587         18 0.0000e+00
    266.982   78.49894  125.93480    270.000     1.9921     1.9918  30.799016  30.796920    34.8806    34.8783    293.690    288.818    -0.1653     4.6289     0.0821     0.0821     0.0516     0.0184      14666    10.1839     100.00     2.3474     2.0599         17 0.0000e+00
    267.970   78.49894  125.93480    271.000     1.9881     1.9876  30.795841  30.793592    34.8804    34.8781    293.768    289.060    -0.1488     4.6294     0.0808     0.0808     0.0512     0.0190      14688    10.1990     100.00     2.3474     2.0609         18 0.0000e+00
    268.958   78.49894  125.93478    272.000     1.9792     1.9788  30.788312  30.785995    34.8802    34.8778    293.841    288.956    -0.1407     4.6298     0.0820     0.0820     0.0507     0.0194      14707    10.2128     100.00     2.3472     2.0597         15 0.0000e+00
    269.947   78.49894  125.93476    273.000     1.9737     1.9735  30.783830  30.781765    34.8800    34.8776    293.800    288.623    -0.1681     4.6299     0.0833     0.0833     0.0507     0.0183      14728    10.2273     100.00     2.3464     2.0575         15 0.0000e+00
    270.935   78.49894  125.93474    274.000     1.9718     1.9717  30.782443  30.780444    34.8798    34.8774    293.654    288.592    -0.1653     4.6296     0.0832     0.0832     0.0510     0.0184      14752    10.2439     100.00     2.3452     2.0571         16 0.0000e+00
    271.923   78.49894  125.93474    275.000     1.9687     1.9685  30.779904  30.777878    34.8795    34.8772    293.539    288.220    -0.1440     4.6298     0.0825     0.0825     0.0508     0.0192      14781    10.2640     100.00     2.3440     2.0548         18 0.0000e+00
    272.911   78.49894  125.93471    276.000     1.9609     1.9605  30.773306  30.771052    34.8792    34.8769    293.540    288.742    -0.1383     4.6291     0.0819     0.0819     0.0515     0.0194      14812    10.2855     100.00     2.3434     2.0570         18 0.0000e+00
    273.899   78.49894  125.93470    277.000     1.9526     1.9519  30.766010  30.763733    34.8786    34.8765    293.524    288.339    -0.1689     4.6298     0.0824     0.0824     0.0508     0.0182      14838    10.3037     100.00     2.3426     2.0543         15 0.0000e+00
    274.887   78.49894  125.93470    278.000     1.9440     1.9438  30.758889  30.756882    34.8785    34.8763    293.331    288.948    -0.1671     4.6298     0.0820     0.0820     0.0507     0.0183      14860    10.3188     100.00     2.3407     2.0570         15 0.0000e+00
    275.876   78.49894  125.93468    279.000     1.9365     1.9358  30.752266  30.749954    34.8779    34.8758    293.128    288.906    -0.1357     4.6299     0.0823     0.0823     0.0507     0.0195      14879    10.3320     100.00     2.3388     2.0562         14 0.0000e+00
    276.864   78.49894  125.93466    280.000     1.9267     1.9263  30.743905  30.741748    34.8776    34.8753    293.076    288.784    -0.1637     4.6296     0.0823     0.0823     0.0509     0.0184      14898    10.3451     100.00     2.3377     2.0549         16 0.0000e+00
    277.852   78.49894  125.93464    281.000     1.9187     1.9183  30.737211  30.734985    34.8774    34.8751    293.125    288.766    -0.1690     4.6297     0.0811     0.0811     0.0509     0.0182      14920    10.3607     100.00     2.3374     2.0543         15 0.0000e+00
    278.840   78.49894  125.93462    282.000     1.9119     1.9113  30.731232  30.728919    34.8768    34.8746    293.206    288.541    -0.1606     4.6300     0.0827     0.0827     0.0506     0.0186      14951    10.3820     100.00     2.3373     2.0526         19 0.0000e+00
    279.828   78.49894  125.93461    283.000     1.9023     1.9020  30.723026  30.720983    34.8766    34.8742    293.134    288.831    -0.1451     4.6300     0.0832     0.0832     0.0506     0.0192      14982    10.4038     100.00     2.3361     2.0536         13 0.0000e+00
    280.816   78.49894  125.93459    284.000     1.8980     1.8977  30.719409  30.717452    34.8761    34.8740    293.042    287.995    -0.1736     4.6299     0.0819     0.0819     0.0507     0.0180      15008    10.4217     100.00     2.3350     2.0487         16 0.0000e+00
    281.804   78.49894  125.93457    285.000     1.8951     1.8949  30.717346  30.715420    34.8762    34.8740    292.832    287.324    -0.1690     4.6300     0.0811     0.0811     0.0506     0.0182      15030    10.4367     100.00     2.3333     2.0448         16 0.0000e+00
    282.793   78.49894  125.93456    286.000     1.8933     1.8932  30.716255  30.714405    34.8761    34.8740    292.782    288.046    -0.1718     4.6299     0.0816     0.0816     0.0507     0.0181      15049    10.4500     100.00     2.3327     2.0484         13 0.0000e+00
    283.781   78.49894  125.93454    287.000     1.8904     1.8903  30.714034  30.712116    34.8761    34.8737    292.851    288.266    -0.1611     4.6300     0.0817     0.0817     0.0506     0.0185      15069    10.4637     100.00     2.3327     2.0492         15 0.0000e+00
    284.769   78.49894  125.93454    288.000     1.8883     1.8883  30.712701  30.710807    34.8760    34.8737    292.915    288.205    -0.1426     4.6300     0.0808     0.0808     0.0506     0.0193      15092    10.4797     100.00     2.3328     2.0486         16 0.0000e+00
    285.757   78.49894  125.93452    289.000     1.8856     1.8860  30.710467  30.709162    34.8756    34.8736    292.777    288.481    -0.1447     4.6299     0.0825     0.0825     0.0507     0.0192      15121    10.5000     100.00     2.3315     2.0498         15 0.0000e+00
    286.745   78.49894  125.93450    290.000     1.8806     1.8805  30.706483  30.704441    34.8756    34.8731    292.534    288.591    -0.1705     4.6292     0.0843     0.0843     0.0513     0.0182      15153    10.5219     100.00     2.3294     2.0499         13 0.0000e+00
    287.733   78.49894  125.93449    291.000     1.8810     1.8809  30.707576  30.705672    34.8760    34.8737    292.642    288.529    -0.1649     4.6299     0.0829     0.0829     0.0507     0.0184      15178    10.5398     100.00     2.3299     2.0494         14 0.0000e+00
    288.721   78.49894  125.93447    292.000     1.8826     1.8825  30.710662  30.708765    34.8774    34.8752    292.802    288.298    -0.1688     4.6299     0.0809     0.0809     0.0507     0.0182      15200    10.5545     100.00     2.3308     2.0481         16 0.0000e+00
    289.709   78.49894  125.93446    293.000     1.8917     1.8916  30.720808  30.718817    34.8797    34.8773    292.880    287.240    -0.1622     4.6307     0.0825     0.0825     0.0500     0.0185      15218    10.5676     100.00     2.3316     2.0427         12 0.0000e+00
    290.697   78.49894  125.93444    294.000     1.8945     1.8947  30.724908  30.723139    34.8811    34.8787    292.973    287.027    -0.1671     4.6303     0.0832     0.0832     0.0503     0.0183      15239    10.5818     100.00     2.3321     2.0415         15 0.0000e+00
