Continuous CTD Data/01_SBE Stage/nabos_02_01avg.cnv
* Sea-Bird SBE 9 Data File:
* FileName = D:\CTD\data\HLY2502\raw\NABOS_02_01.hex
* Software Version Seasave V 7.26.7.110
* Temperature SN = 6954
* Conductivity SN = 2561
* Number of Bytes Per Scan = 37
* Number of Voltage Words = 4
* Number of Scans Averaged by the Deck Unit = 1
* NMEA Latitude = 74 06.85 N
* NMEA Longitude = 168 41.05 E
* NMEA UTC (Time) = Sep 13 2025  10:56:16
* NMEA baud rate = 9600
** Ship: USCG HEALY
** Bot. Depth:  48
** Cast Number:  01
** Station Name:  NABOS
** Station Number:  02
** Operator:  STARC
# nquan = 25
# nvalues = 40                          
# units = specified
# name 0 = depSM: Depth [salt water, m]
# name 1 = latitude: Latitude [deg]
# name 2 = longitude: Longitude [deg]
# name 3 = prDM: Pressure, Digiquartz [db]
# name 4 = t090C: Temperature [ITS-90, deg C]
# name 5 = t190C: Temperature, 2 [ITS-90, deg C]
# name 6 = c0mS/cm: Conductivity [mS/cm]
# name 7 = c1mS/cm: Conductivity, 2 [mS/cm]
# name 8 = sal00: Salinity, Practical [PSU]
# name 9 = sal11: Salinity, Practical, 2 [PSU]
# name 10 = sbox0Mm/Kg: Oxygen, SBE 43 [umol/kg]
# name 11 = sbox1Mm/Kg: Oxygen, SBE 43, 2 [umol/kg]
# name 12 = flECO-AFL: Fluorescence, WET Labs ECO-AFL/FL [mg/m^3]
# name 13 = v2: Voltage 2
# name 14 = wetCDOM: Fluorescence, WET Labs CDOM [mg/m^3]
# name 15 = v6: Voltage 6
# name 16 = CStarAt0: Beam Attenuation, WET Labs C-Star [1/m]
# name 17 = v3: Voltage 3
# name 18 = scan: Scan Count
# name 19 = timeM: Time, Elapsed [minutes]
# name 20 = altM: Altimeter [m]
# name 21 = sbeox0V: Oxygen raw, SBE 43 [V]
# name 22 = sbeox1V: Oxygen raw, SBE 43, 2 [V]
# name 23 = nbin: number of scans per bin
# name 24 = flag: flag
# span 0 =      3.959,     42.551       
# span 1 =   74.11402,   74.11413       
# span 2 =  168.68657,  168.68825       
# span 3 =      4.000,     43.000       
# span 4 =    -1.4955,    -0.9009       
# span 5 =    -1.4941,    -0.9003       
# span 6 =  22.118773,  25.606693       
# span 7 =  22.118467,  25.606548       
# span 8 =    26.9471,    31.8807       
# span 9 =    26.9453,    31.8804       
# span 10 =    106.916,    389.922      
# span 11 =     70.089,    375.810      
# span 12 =     0.0433,     1.0950      
# span 13 =     3.1318,     4.6023      
# span 14 =     0.0992,     0.1440      
# span 15 =     0.0992,     0.1440      
# span 16 =     0.0747,     1.5992      
# span 17 =     0.0267,     0.0688      
# span 18 =       5860,       9961      
# span 19 =     4.0689,     6.9167      
# span 20 =       0.03,      45.71      
# span 21 =     1.1087,     2.7134      
# span 22 =     0.8602,     2.3171      
# span 23 =          5,         29      
# span 24 = 0.0000e+00, 0.0000e+00      
# interval = decibars: 1                
# start_time = Sep 13 2025 10:56:16 [NMEA time, header]
# bad_flag = -9.990e-29
*END*
      3.959   74.11408  168.68657      4.000    -1.1294    -1.1295  22.130111  22.129546    26.9577    26.9570    372.754    277.559     0.0778     4.5995     0.1030     0.1030     0.0771     0.0281       5860     4.0689      45.71     2.5858     1.8359         18 0.0000e+00
      4.948   74.11406  168.68669      5.000    -1.1304    -1.1291  22.126732  22.125602    26.9536    26.9509    372.678    284.294     0.0661     4.6013     0.1023     0.1023     0.0755     0.0277       6071     4.2156      44.62     2.5850     1.8676         20 0.0000e+00
      5.938   74.11406  168.68670      6.000    -1.1305    -1.1299  22.128491  22.125205    26.9555    26.9506    372.706    283.700     0.0800     4.6006     0.1027     0.1027     0.0761     0.0282       6112     4.2441      43.90     2.5849     1.8646         20 0.0000e+00
      6.927   74.11406  168.68674      7.000    -1.1290    -1.1290  22.128016  22.126865    26.9530    26.9515    372.563    279.899     0.0771     4.6016     0.1016     0.1016     0.0753     0.0281       6169     4.2835      42.66     2.5839     1.8464         20 0.0000e+00
      7.917   74.11406  168.68676      8.000    -1.1292    -1.1297  22.127598  22.124987    26.9521    26.9491    372.661    281.292     0.0927     4.6007     0.1016     0.1016     0.0761     0.0287       6211     4.3128      41.70     2.5841     1.8528         19 0.0000e+00
      8.907   74.11406  168.68680      9.000    -1.1372    -1.1358  22.118773  22.118743    26.9471    26.9457    372.902    283.376     0.0628     4.6010     0.1008     0.1008     0.0758     0.0275       6269     4.3531      40.56     2.5846     1.8622         24 0.0000e+00
      9.896   74.11406  168.68682     10.000    -1.1368    -1.1364  22.119696  22.118467    26.9474    26.9453    372.891    284.489     0.0660     4.6023     0.1018     0.1018     0.0747     0.0277       6313     4.3832      39.76     2.5843     1.8673         22 0.0000e+00
     10.886   74.11406  168.68686     11.000    -1.1365    -1.1361  22.120667  22.119327    26.9479    26.9458    372.588    295.810     0.0597     4.6008     0.1019     0.1019     0.0759     0.0274       6370     4.4231      38.68     2.5823     1.9208         21 0.0000e+00
     11.875   74.11406  168.68690     12.000    -1.1364    -1.1360  22.122376  22.121474    26.9496    26.9480    372.526    301.537     0.0690     4.6019     0.1000     0.1000     0.0751     0.0278       6423     4.4599      37.70     2.5817     1.9478         20 0.0000e+00
     12.865   74.11406  168.68692     13.000    -1.1368    -1.1365  22.126157  22.124920    26.9544    26.9526    372.837    305.211     0.0654     4.6014     0.1008     0.1008     0.0755     0.0276       6473     4.4944      36.74     2.5833     1.9650         18 0.0000e+00
     13.855   74.11405  168.68696     14.000    -1.1378    -1.1372  22.131851  22.129959    26.9625    26.9594    372.976    290.279     0.0559     4.6015     0.0992     0.0992     0.0754     0.0272       6531     4.5350      35.72     2.5839     1.8941         27 0.0000e+00
     14.844   74.11404  168.68699     15.000    -1.1405    -1.1400  22.137900  22.136428    26.9724    26.9700    373.033    295.187     0.0433     4.6015     0.1011     0.1011     0.0753     0.0267       6585     4.5720      34.75     2.5839     1.9172         18 0.0000e+00
     15.834   74.11404  168.68702     16.000    -1.1434    -1.1427  22.140404  22.138974    26.9778    26.9753    372.895    291.728     0.0627     4.6010     0.0998     0.0998     0.0758     0.0275       6634     4.6061      33.73     2.5827     1.9006         25 0.0000e+00
     16.823   74.11404  168.68705     17.000    -1.1588    -1.1580  22.141158  22.139990    26.9922    26.9900    373.004    291.112     0.0559     4.6008     0.1001     0.1001     0.0759     0.0273       6684     4.6409      32.61     2.5823     1.8970         22 0.0000e+00
     17.813   74.11404  168.68709     18.000    -1.1733    -1.1726  22.162110  22.160593    27.0327    27.0301    373.151    275.596     0.0658     4.5997     0.1001     0.1001     0.0769     0.0277       6741     4.6804      31.57     2.5826     1.8232         26 0.0000e+00
     18.803   74.11404  168.68712     19.000    -1.1765    -1.1768  22.304407  22.302652    27.2249    27.2228    372.699    268.766     0.1265     4.5984     0.1001     0.1001     0.0780     0.0300       6794     4.7173      30.64     2.5827     1.7924         21 0.0000e+00
     19.792   74.11404  168.68715     20.000    -0.9940    -0.9963  23.295810  23.286830    28.3777    28.3679    367.904    269.180     0.2904     4.5865     0.1038     0.1038     0.0884     0.0366       6845     4.7528      29.41     2.5860     1.8129         26 0.0000e+00
     20.782   74.11404  168.68718     21.000    -0.9009    -0.9003  23.624673  23.624388    28.7275    28.7266    370.113    266.870     0.2591     4.5455     0.1064     0.1064     0.1244     0.0354       6897     4.7889      28.35     2.6100     1.8090         22 0.0000e+00
     21.771   74.11404  168.68721     22.000    -0.9205    -0.9203  23.676461  23.675655    28.8149    28.8135    377.629    257.818     0.2289     4.5408     0.1061     0.1061     0.1285     0.0342       6948     4.8246      27.25     2.6529     1.7652         23 0.0000e+00
     22.761   74.11404  168.68724     23.000    -0.9784    -0.9796  23.701285  23.700498    28.9030    28.9031    384.088    245.711     0.2690     4.5569     0.1059     0.1059     0.1143     0.0357       6999     4.8594      26.22     2.6873     1.7052         22 0.0000e+00
     23.750   74.11404  168.68726     24.000    -1.0221    -1.0220  23.711941  23.710690    28.9589    28.9570    388.231    239.658     0.2273     4.5599     0.1068     0.1068     0.1117     0.0341       7052     4.8964      25.18     2.7087     1.6748         20 0.0000e+00
     24.740   74.11402  168.68729     25.000    -1.0645    -1.0649  23.717547  23.716100    29.0068    29.0052    389.460    241.299     0.2544     4.5607     0.1075     0.1075     0.1111     0.0352       7098     4.9288      23.99     2.7134     1.6814         18 0.0000e+00
     25.729   74.11402  168.68733     26.000    -1.1436    -1.1430  23.691951  23.690545    29.0484    29.0460    389.922    278.977     0.3465     4.5559     0.1108     0.1108     0.1152     0.0389       7154     4.9672       0.87     2.7111     1.8601         16 0.0000e+00
     26.719   74.11402  168.68735     27.000    -1.1453    -1.1485  23.727482  23.723972    29.0973    29.0956    388.536    310.012     0.2536     4.5594     0.1112     0.1112     0.1122     0.0351       7202     5.0004       0.12     2.7037     2.0089         20 0.0000e+00
     27.708   74.11402  168.68737     28.000    -1.3207    -1.3200  23.649679  23.647930    29.1627    29.1598    385.289    375.810     0.2733     4.5658     0.1153     0.1153     0.1066     0.0359       7261     5.0415       0.05     2.6744     2.3171         21 0.0000e+00
     28.698   74.11402  168.68739     29.000    -1.3507    -1.3498  23.665548  23.663660    29.2130    29.2096    378.700    371.897     0.2942     4.5625     0.1166     0.1166     0.1095     0.0368       7305     5.0724       0.03     2.6356     2.2972         16 0.0000e+00
     29.687   74.11402  168.68742     30.000    -1.3613    -1.3607  23.705675  23.703250    29.2771    29.2733    370.253    365.163     0.3790     4.5650     0.1175     0.1175     0.1072     0.0402       7347     5.1016       0.12     2.5879     2.2651         18 0.0000e+00
     30.677   74.11402  168.68745     31.000    -1.3755    -1.3750  23.747449  23.745727    29.3472    29.3443    358.494    354.459     0.3679     4.5617     0.1184     0.1184     0.1101     0.0397       7413     5.1475       0.81     2.5214     2.2139         15 0.0000e+00
     31.666   74.11402  168.68747     32.000    -1.3885    -1.3880  23.819911  23.818204    29.4575    29.4548    351.969    347.896     0.3137     4.5566     0.1176     0.1176     0.1146     0.0375       7464     5.1826       2.23     2.4851     2.1830         17 0.0000e+00
     32.656   74.11402  168.68750     33.000    -1.4036    -1.4031  23.909530  23.909044    29.5935    29.5923    347.896    343.927     0.5536     4.5583     0.1177     0.1177     0.1131     0.0471       7527     5.2266       2.54     2.4630     2.1649         16 0.0000e+00
     33.646   74.11402  168.68753     34.000    -1.4079    -1.4081  24.004119  24.005008    29.7256    29.7269    333.896    263.669     0.8582     4.5539     0.1207     0.1207     0.1170     0.0593       7598     5.2758       3.92     2.3852     1.7817         16 0.0000e+00
     34.635   74.11402  168.68756     35.000    -1.4590    -1.4610  24.076262  24.077087    29.8742    29.8773    311.239    197.237     1.0737     4.5283     0.1193     0.1193     0.1395     0.0679       7675     5.3292      13.41     2.2558     1.4630         17 0.0000e+00
     35.624   74.11402  168.68760     36.000    -1.4930    -1.4928  24.121737  24.119523    29.9696    29.9664    296.190    175.456     1.0950     4.4865     0.1178     0.1178     0.1767     0.0688       7749     5.3808      12.68     2.1699     1.3583         16 0.0000e+00
     36.614   74.11402  168.68763     37.000    -1.4955    -1.4941  24.156524  24.156542    30.0190    30.0176    285.713    148.920     1.0618     4.4282     0.1182     0.1182     0.2291     0.0675       7834     5.4395       7.88     2.1108     1.2315         17 0.0000e+00
     37.603   74.11402  168.68766     38.000    -1.4857    -1.4846  24.221662  24.223623    30.0973    30.0989    279.420    145.084     1.0919     4.4033     0.1182     0.1182     0.2517     0.0687       7910     5.4925       0.21     2.0764     1.2137         16 0.0000e+00
     38.593   74.11402  168.68769     39.000    -1.4637    -1.4620  24.424654  24.436594    30.3510    30.3656    270.081    256.066     1.0759     4.3831     0.1195     0.1195     0.2700     0.0680       7993     5.5503       0.04     2.0274     1.7487         18 0.0000e+00
     39.582   74.11403  168.68771     40.000    -1.4441    -1.4437  24.737790  24.734359    30.7574    30.7522    255.024    254.741     0.6769     4.3494     0.1241     0.1241     0.3010     0.0521       8066     5.6009       0.03     1.9471     1.7465         19 0.0000e+00
     40.572   74.11406  168.68789     41.000    -1.4211    -1.4226  25.051234  25.028170    31.1608    31.1308    184.541    185.026     0.4581     4.0836     0.1288     0.1288     0.5579     0.0433       8699     6.0401       4.13     1.5487     1.4134         29 0.0000e+00
     41.561   74.11411  168.68817     42.000    -1.3945    -1.3948  25.447570  25.435058    31.6737    31.6569    127.867    123.883     0.2856     3.5396     0.1352     0.1352     1.1315     0.0364       9709     6.7417       6.42     1.2280     1.1208         24 0.0000e+00
     42.551   74.11413  168.68825     43.000    -1.3850    -1.3849  25.606693  25.606548    31.8807    31.8804    106.916     70.089     0.4057     3.1318     0.1440     0.1440     1.5992     0.0413       9961     6.9167       5.41     1.1087     0.8602          5 0.0000e+00
