Continuous CTD Data/01_SBE Stage/nabos_34_01.ros
* Sea-Bird SBE 9 Data File:
* FileName = D:\CTD\data\HLY2502\raw\NABOS_34_01.hex
* Software Version Seasave V 7.26.7.110
* Temperature SN = 6954
* Conductivity SN = 2561
* Number of Bytes Per Scan = 37
* Number of Voltage Words = 4
* Number of Scans Averaged by the Deck Unit = 1
* NMEA Latitude = 79 43.52 N
* NMEA Longitude = 137 55.80 E
* NMEA UTC (Time) = Sep 23 2025  23:29:11
* NMEA baud rate = 9600
** Ship: USCG HEALY
** Bot. Depth:  2758
** Cast Number:  01
** Station Name:  NABOS
** Station Number:  34
** Operator:  STARC
** 2760m target, but 5m off the bottom actual
# nquan = 25
# nvalues = 1176                                  
# units = specified
# name 0 = depSM: Depth [salt water, m]
# name 1 = latitude: Latitude [deg]
# name 2 = longitude: Longitude [deg]
# name 3 = prDM: Pressure, Digiquartz [db]
# name 4 = t090C: Temperature [ITS-90, deg C]
# name 5 = t190C: Temperature, 2 [ITS-90, deg C]
# name 6 = c0mS/cm: Conductivity [mS/cm]
# name 7 = c1mS/cm: Conductivity, 2 [mS/cm]
# name 8 = sal00: Salinity, Practical [PSU]
# name 9 = sal11: Salinity, Practical, 2 [PSU]
# name 10 = sbox0Mm/Kg: Oxygen, SBE 43 [umol/kg]
# name 11 = sbox1Mm/Kg: Oxygen, SBE 43, 2 [umol/kg]
# name 12 = flECO-AFL: Fluorescence, WET Labs ECO-AFL/FL [mg/m^3]
# name 13 = v2: Voltage 2
# name 14 = wetCDOM: Fluorescence, WET Labs CDOM [mg/m^3]
# name 15 = v6: Voltage 6
# name 16 = CStarAt0: Beam Attenuation, WET Labs C-Star [1/m]
# name 17 = v3: Voltage 3
# name 18 = scan: Scan Count
# name 19 = timeM: Time, Elapsed [minutes]
# name 20 = altM: Altimeter [m]
# name 21 = sbeox0V: Oxygen raw, SBE 43 [V]
# name 22 = sbeox1V: Oxygen raw, SBE 43, 2 [V]
# name 23 = nbf: Bottles Fired
# name 24 = flag:  0.000e+00
# interval = seconds: 0.0416667
# start_time = Sep 23 2025 23:29:11 [NMEA time, header]
# bad_flag = -9.990e-29
*END*
[from data line 290]
    500.548   79.73610  137.89526    506.516     0.7082     0.7077  29.763460  29.761518    34.8482    34.8462    296.014    289.420    -0.1366     4.6288     0.0818     0.0818     0.0517     0.0195     164911   114.5208     100.00     2.2399     1.9623          6  0.000e+00
    500.490   79.73610  137.89526    506.457     0.7080     0.7078  29.763335  29.761283    34.8483    34.8458    295.805    289.664    -0.1366     4.6288     0.0806     0.0806     0.0517     0.0195     164912   114.5215     100.00     2.2386     1.9635          6  0.000e+00
    500.548   79.73610  137.89526    506.516     0.7080     0.7077  29.763273  29.761283    34.8482    34.8459    295.600    289.666    -0.1061     4.6288     0.0806     0.0806     0.0517     0.0208     164913   114.5222     100.00     2.2374     1.9635          6  0.000e+00
    500.556   79.73610  137.89526    506.524     0.7080     0.7078  29.763024  29.761225    34.8478    34.8457    295.601    289.666    -0.1366     4.6276     0.0818     0.0818     0.0527     0.0195     164914   114.5229     100.00     2.2374     1.9635          6  0.000e+00
    300.189   79.73660  137.89640    303.620     1.6774     1.6771  30.522234  30.520116    34.8594    34.8571    295.343    291.000    -0.1671     4.6325     0.0794     0.0794     0.0485     0.0183     172211   119.5903     100.00     2.3331     2.0511          7  0.000e+00
    300.255   79.73660  137.89640    303.687     1.6776     1.6769  30.522611  30.520412    34.8597    34.8576    295.343    291.003    -0.1366     4.6325     0.0794     0.0794     0.0485     0.0195     172212   119.5910     100.00     2.3331     2.0511          7  0.000e+00
    300.280   79.73660  137.89640    303.712     1.6776     1.6769  30.522485  30.520589    34.8595    34.8578    295.541    291.236    -0.1366     4.6325     0.0806     0.0806     0.0485     0.0195     172213   119.5917     100.00     2.3343     2.0523          7  0.000e+00
    300.255   79.73660  137.89640    303.687     1.6777     1.6771  30.522611  30.520175    34.8595    34.8571    295.342    291.003    -0.1061     4.6325     0.0806     0.0806     0.0485     0.0208     172214   119.5924     100.00     2.3331     2.0511          7  0.000e+00
    300.313   79.73660  137.89640    303.745     1.6777     1.6768  30.522926  30.519998    34.8599    34.8572    295.540    291.007    -0.1366     4.6325     0.0806     0.0806     0.0485     0.0195     172215   119.5931     100.00     2.3343     2.0511          7  0.000e+00
    300.156   79.73660  137.89640    303.587     1.6777     1.6768  30.522799  30.520234    34.8598    34.8576    295.338    290.768    -0.1366     4.6325     0.0818     0.0818     0.0485     0.0195     172216   119.5938     100.00     2.3331     2.0498          7  0.000e+00
    300.313   79.73660  137.89640    303.745     1.6776     1.6768  30.522486  30.520057    34.8595    34.8573    295.542    290.774    -0.1366     4.6325     0.0806     0.0806     0.0485     0.0195     172217   119.5944     100.00     2.3343     2.0498          7  0.000e+00
    300.255   79.73660  137.89640    303.687     1.6779     1.6767  30.522611  30.520234    34.8593    34.8577    295.537    291.005    -0.1366     4.6325     0.0818     0.0818     0.0485     0.0195     172218   119.5951     100.00     2.3343     2.0511          7  0.000e+00
    300.255   79.73660  137.89640    303.687     1.6777     1.6767  30.522737  30.519880    34.8597    34.8573    295.538    291.006    -0.1366     4.6325     0.0806     0.0806     0.0485     0.0195     172219   119.5958     100.00     2.3343     2.0511          7  0.000e+00
    300.280   79.73660  137.89640    303.712     1.6777     1.6768  30.522548  30.520116    34.8594    34.8573    295.539    290.773    -0.1366     4.6325     0.0806     0.0806     0.0485     0.0195     172220   119.5965     100.00     2.3343     2.0498          7  0.000e+00
    300.255   79.73660  137.89640    303.687     1.6776     1.6767  30.522423  30.520116    34.8595    34.8576    295.343    290.773    -0.1366     4.6325     0.0818     0.0818     0.0485     0.0195     172221   119.5972     100.00     2.3331     2.0498          7  0.000e+00
    300.255   79.73660  137.89640    303.687     1.6773     1.6765  30.522611  30.520057    34.8600    34.8577    295.541    291.006    -0.1366     4.6325     0.0806     0.0806     0.0485     0.0195     172222   119.5979     100.00     2.3343     2.0511          7  0.000e+00
    300.255   79.73660  137.89640    303.687     1.6774     1.6767  30.522297  30.520234    34.8595    34.8577    295.541    291.005    -0.1366     4.6325     0.0806     0.0806     0.0485     0.0195     172223   119.5986     100.00     2.3343     2.0511          7  0.000e+00
    300.280   79.73660  137.89640    303.712     1.6773     1.6768  30.522423  30.520116    34.8598    34.8573    295.542    291.005    -0.1366     4.6325     0.0806     0.0806     0.0485     0.0195     172224   119.5993     100.00     2.3343     2.0511          7  0.000e+00
    300.313   79.73660  137.89640    303.745     1.6768     1.6768  30.521983  30.520412    34.8597    34.8577    295.351    290.773    -0.1366     4.6325     0.0806     0.0806     0.0485     0.0195     172225   119.6000     100.00     2.3331     2.0498          7  0.000e+00
    300.255   79.73660  137.89640    303.687     1.6768     1.6768  30.522045  30.519939    34.8598    34.8571    295.741    290.772    -0.1366     4.6325     0.0806     0.0806     0.0485     0.0195     172226   119.6007     100.00     2.3355     2.0498          7  0.000e+00
    300.280   79.73660  137.89640    303.712     1.6767     1.6768  30.521920  30.519939    34.8598    34.8571    295.547    290.541    -0.1061     4.6325     0.0806     0.0806     0.0485     0.0208     172227   119.6014     100.00     2.3343     2.0486          7  0.000e+00
    300.255   79.73660  137.89640    303.687     1.6768     1.6765  30.521668  30.520234    34.8593    34.8579    295.546    290.076    -0.1366     4.6325     0.0806     0.0806     0.0485     0.0195     172228   119.6021     100.00     2.3343     2.0462          7  0.000e+00
    300.255   79.73660  137.89640    303.687     1.6767     1.6767  30.521794  30.520116    34.8597    34.8576    295.546    290.075    -0.1366     4.6313     0.0818     0.0818     0.0496     0.0195     172229   119.6028     100.00     2.3343     2.0462          7  0.000e+00
    300.313   79.73660  137.89640    303.745     1.6765     1.6767  30.521857  30.520235    34.8599    34.8577    295.549    289.845    -0.1366     4.6325     0.0806     0.0806     0.0485     0.0195     172230   119.6035     100.00     2.3343     2.0449          7  0.000e+00
    300.280   79.73660  137.89640    303.712     1.6767     1.6768  30.521228  30.520116    34.8589    34.8573    295.549    290.075    -0.1366     4.6325     0.0806     0.0806     0.0485     0.0195     172231   119.6042     100.00     2.3343     2.0462          7  0.000e+00
    300.255   79.73660  137.89640    303.687     1.6765     1.6767  30.521731  30.519820    34.8598    34.8572    295.547    290.076    -0.1061     4.6325     0.0806     0.0806     0.0485     0.0208     172232   119.6049     100.00     2.3343     2.0462          7  0.000e+00
    300.313   79.73660  137.89640    303.745     1.6767     1.6767  30.521857  30.520116    34.8597    34.8575    295.745    290.310    -0.1366     4.6325     0.0806     0.0806     0.0485     0.0195     172233   119.6056     100.00     2.3355     2.0474          7  0.000e+00
    300.313   79.73660  137.89640    303.745     1.6765     1.6765  30.521668  30.519880    34.8596    34.8574    295.550    290.776    -0.1366     4.6325     0.0806     0.0806     0.0485     0.0195     172234   119.6063     100.00     2.3343     2.0498          7  0.000e+00
    300.214   79.73660  137.89642    303.645     1.6765     1.6767  30.521794  30.519939    34.8599    34.8574    295.545    290.771    -0.1366     4.6325     0.0806     0.0806     0.0485     0.0195     172235   119.6069     100.00     2.3343     2.0498          7  0.000e+00
    300.313   79.73660  137.89642    303.745     1.6765     1.6765  30.521920  30.520235    34.8600    34.8579    295.549    290.775    -0.1366     4.6325     0.0806     0.0806     0.0485     0.0195     172236   119.6076     100.00     2.3343     2.0498          7  0.000e+00
    300.255   79.73660  137.89642    303.687     1.6763     1.6768  30.521668  30.520353    34.8599    34.8577    295.352    290.770    -0.1366     4.6325     0.0818     0.0818     0.0485     0.0195     172237   119.6083     100.00     2.3331     2.0498          7  0.000e+00
    300.338   79.73660  137.89642    303.770     1.6767     1.6769  30.521605  30.520057    34.8594    34.8571    295.550    290.774    -0.1366     4.6325     0.0806     0.0806     0.0485     0.0195     172238   119.6090     100.00     2.3343     2.0498          7  0.000e+00
    300.313   79.73660  137.89642    303.745     1.6763     1.6768  30.521794  30.519998    34.8600    34.8572    295.550    290.541    -0.1366     4.6325     0.0806     0.0806     0.0485     0.0195     172239   119.6097     100.00     2.3343     2.0486          7  0.000e+00
    300.255   79.73660  137.89642    303.687     1.6765     1.6768  30.521668  30.520234    34.8597    34.8575    295.547    290.306    -0.1366     4.6325     0.0806     0.0806     0.0485     0.0195     172240   119.6104     100.00     2.3343     2.0474          7  0.000e+00
    300.313   79.73660  137.89642    303.745     1.6765     1.6767  30.521794  30.520116    34.8598    34.8575    295.549    289.845    -0.1366     4.6325     0.0818     0.0818     0.0485     0.0195     172241   119.6111     100.00     2.3343     2.0449          7  0.000e+00
    300.280   79.73660  137.89642    303.712     1.6767     1.6767  30.521857  30.519821    34.8597    34.8572    295.547    289.844    -0.1366     4.6325     0.0818     0.0818     0.0485     0.0195     172242   119.6118     100.00     2.3343     2.0449          7  0.000e+00
    300.371   79.73660  137.89642    303.803     1.6765     1.6767  30.521480  30.519939    34.8594    34.8573    295.552    289.847    -0.1366     4.6325     0.0818     0.0818     0.0485     0.0195     172243   119.6125     100.00     2.3343     2.0449          7  0.000e+00
    300.313   79.73660  137.89642    303.745     1.6763     1.6764  30.521731  30.519821    34.8599    34.8575    295.550    289.847    -0.1061     4.6325     0.0818     0.0818     0.0485     0.0208     172244   119.6132     100.00     2.3343     2.0449          7  0.000e+00
    300.280   79.73660  137.89642    303.712     1.6765     1.6764  30.521668  30.519702    34.8597    34.8573    295.548    289.846    -0.1366     4.6325     0.0818     0.0818     0.0485     0.0195     172245   119.6139     100.00     2.3343     2.0449          7  0.000e+00
    300.313   79.73660  137.89642    303.745     1.6765     1.6765  30.521605  30.519702    34.8596    34.8572    295.549    289.846    -0.1366     4.6325     0.0818     0.0818     0.0485     0.0195     172246   119.6146     100.00     2.3343     2.0449          7  0.000e+00
    300.313   79.73660  137.89642    303.745     1.6763     1.6764  30.521605  30.519762    34.8597    34.8574    295.747    289.615    -0.1366     4.6325     0.0818     0.0818     0.0485     0.0195     172247   119.6153     100.00     2.3355     2.0437          7  0.000e+00
    300.313   79.73660  137.89642    303.745     1.6765     1.6764  30.521794  30.519939    34.8598    34.8576    295.352    289.614    -0.1366     4.6325     0.0818     0.0818     0.0485     0.0195     172248   119.6160     100.00     2.3331     2.0437          7  0.000e+00
    300.338   79.73660  137.89642    303.770     1.6765     1.6765  30.522046  30.519821    34.8601    34.8573    295.549    289.615    -0.1366     4.6325     0.0818     0.0818     0.0485     0.0195     172249   119.6167     100.00     2.3343     2.0437          7  0.000e+00
    300.313   79.73660  137.89642    303.745     1.6763     1.6767  30.521920  30.520116    34.8601    34.8575    295.549    289.612    -0.1061     4.6325     0.0830     0.0830     0.0485     0.0208     172250   119.6174     100.00     2.3343     2.0437          7  0.000e+00
    300.313   79.73660  137.89642    303.745     1.6765     1.6767  30.521920  30.520294    34.8600    34.8577    295.548    289.844    -0.1366     4.6325     0.0818     0.0818     0.0485     0.0195     172251   119.6181     100.00     2.3343     2.0449          7  0.000e+00
    300.313   79.73660  137.89642    303.745     1.6765     1.6764  30.521857  30.519880    34.8599    34.8575    295.548    289.846    -0.1366     4.6325     0.0818     0.0818     0.0485     0.0195     172252   119.6188     100.00     2.3343     2.0449          7  0.000e+00
    300.338   79.73660  137.89642    303.770     1.6765     1.6767  30.521668  30.519939    34.8596    34.8573    295.550    289.845    -0.1366     4.6325     0.0818     0.0818     0.0485     0.0195     172253   119.6194     100.00     2.3343     2.0449          7  0.000e+00
    300.313   79.73660  137.89642    303.745     1.6765     1.6765  30.521605  30.519821    34.8596    34.8573    295.549    289.846    -0.1366     4.6325     0.0818     0.0818     0.0485     0.0195     172254   119.6201     100.00     2.3343     2.0449          7  0.000e+00
    300.371   79.73660  137.89642    303.803     1.6765     1.6767  30.521417  30.519703    34.8593    34.8570    295.552    289.615    -0.1366     4.6325     0.0818     0.0818     0.0485     0.0195     172255   119.6208     100.00     2.3343     2.0437          7  0.000e+00
    300.338   79.73660  137.89642    303.770     1.6767     1.6767  30.521731  30.519525    34.8595    34.8568    295.745    289.847    -0.1366     4.6325     0.0830     0.0830     0.0485     0.0195     172256   119.6215     100.00     2.3355     2.0449          7  0.000e+00
    300.313   79.73660  137.89642    303.745     1.6765     1.6765  30.521668  30.519525    34.8596    34.8570    295.549    289.846    -0.1671     4.6325     0.0818     0.0818     0.0485     0.0183     172257   119.6222     100.00     2.3343     2.0449          7  0.000e+00
    300.371   79.73660  137.89642    303.803     1.6767     1.6765  30.521794  30.519880    34.8596    34.8574    295.550    289.848    -0.1976     4.6325     0.0818     0.0818     0.0485     0.0171     172258   119.6229     100.00     2.3343     2.0449          7  0.000e+00
    300.313   79.73660  137.89642    303.745     1.6767     1.6767  30.521668  30.519643    34.8595    34.8569    295.548    289.845    -0.1671     4.6325     0.0818     0.0818     0.0485     0.0183     172259   119.6236     100.00     2.3343     2.0449          7  0.000e+00
    249.883   79.73688  137.89722    252.708     1.8034     1.8036  30.597625  30.595868    34.8449    34.8425    294.739    289.755    -0.1671     4.6300     0.0818     0.0818     0.0506     0.0183     175730   122.0340     100.00     2.3479     2.0600          8  0.000e+00
    250.007   79.73688  137.89722    252.833     1.8034     1.8036  30.597562  30.595986    34.8447    34.8426    294.744    289.760    -0.1976     4.6300     0.0806     0.0806     0.0506     0.0171     175731   122.0347     100.00     2.3479     2.0600          8  0.000e+00
    250.007   79.73688  137.89722    252.833     1.8034     1.8037  30.597562  30.596282    34.8448    34.8429    294.938    289.758    -0.1671     4.6300     0.0806     0.0806     0.0506     0.0183     175732   122.0354     100.00     2.3492     2.0600          8  0.000e+00
    250.007   79.73688  137.89722    252.833     1.8032     1.8037  30.597562  30.596164    34.8450    34.8427    294.745    289.758    -0.1671     4.6300     0.0818     0.0818     0.0506     0.0183     175733   122.0361     100.00     2.3479     2.0600          8  0.000e+00
