Continuous CTD Data/01_SBE Stage/nabos_07_02.ros
* Sea-Bird SBE 9 Data File:
* FileName = D:\CTD\data\HLY2502\raw\NABOS_07_02.hex
* Software Version Seasave V 7.26.7.110
* Temperature SN = 6954
* Conductivity SN = 2561
* Number of Bytes Per Scan = 37
* Number of Voltage Words = 4
* Number of Scans Averaged by the Deck Unit = 1
* NMEA Latitude = 75 42.24 N
* NMEA Longitude = 175 32.88 E
* NMEA UTC (Time) = Sep 12 2025  05:23:18
* NMEA baud rate = 9600
** Ship: USCG HEALY
** Bot. Depth:  264
** Cast Number:  02
** Station Name:  NABOS
** Station Number:  07
** Operator:  STARC
** cast to 254m
# nquan = 25
# nvalues = 1029                                  
# units = specified
# name 0 = depSM: Depth [salt water, m]
# name 1 = latitude: Latitude [deg]
# name 2 = longitude: Longitude [deg]
# name 3 = prDM: Pressure, Digiquartz [db]
# name 4 = t090C: Temperature [ITS-90, deg C]
# name 5 = t190C: Temperature, 2 [ITS-90, deg C]
# name 6 = c0mS/cm: Conductivity [mS/cm]
# name 7 = c1mS/cm: Conductivity, 2 [mS/cm]
# name 8 = sal00: Salinity, Practical [PSU]
# name 9 = sal11: Salinity, Practical, 2 [PSU]
# name 10 = sbox0Mm/Kg: Oxygen, SBE 43 [umol/kg]
# name 11 = sbox1Mm/Kg: Oxygen, SBE 43, 2 [umol/kg]
# name 12 = flECO-AFL: Fluorescence, WET Labs ECO-AFL/FL [mg/m^3]
# name 13 = v2: Voltage 2
# name 14 = wetCDOM: Fluorescence, WET Labs CDOM [mg/m^3]
# name 15 = v6: Voltage 6
# name 16 = CStarAt0: Beam Attenuation, WET Labs C-Star [1/m]
# name 17 = v3: Voltage 3
# name 18 = scan: Scan Count
# name 19 = timeM: Time, Elapsed [minutes]
# name 20 = altM: Altimeter [m]
# name 21 = sbeox0V: Oxygen raw, SBE 43 [V]
# name 22 = sbeox1V: Oxygen raw, SBE 43, 2 [V]
# name 23 = nbf: Bottles Fired
# name 24 = flag:  0.000e+00
# interval = seconds: 0.0416667
# start_time = Sep 12 2025 05:23:18 [NMEA time, header]
# bad_flag = -9.990e-29
*END*
[from data line 986]
      3.567   75.70430  175.56910      3.605    -1.4318    -1.4319  22.373373  22.374732    27.5598    27.5618    372.237    358.929     0.1992     4.6117     0.1062     0.1062     0.0665     0.0330      61227    42.5181     100.00     2.5736     2.2144         21  0.000e+00
      3.567   75.70430  175.56910      3.605    -1.4320    -1.4319  22.373261  22.374309    27.5598    27.5611    372.458    358.671     0.1992     4.6117     0.1074     0.1074     0.0665     0.0330      61228    42.5187     100.00     2.5748     2.2132         21  0.000e+00
      3.567   75.70430  175.56910      3.605    -1.4316    -1.4316  22.373373  22.374203    27.5596    27.5608    372.235    358.928     0.1992     4.6117     0.1074     0.1074     0.0665     0.0330      61229    42.5194     100.00     2.5736     2.2144         21  0.000e+00
      3.567   75.70430  175.56910      3.605    -1.4319    -1.4319  22.373430  22.374203    27.5600    27.5611    372.238    359.189     0.2297     4.6117     0.1074     0.1074     0.0665     0.0342      61230    42.5201     100.00     2.5736     2.2157         21  0.000e+00
      3.567   75.70430  175.56910      3.605    -1.4319    -1.4319  22.373767  22.373833    27.5605    27.5605    372.455    359.707     0.1992     4.6117     0.1074     0.1074     0.0665     0.0330      61231    42.5208     100.00     2.5748     2.2181         21  0.000e+00
      3.567   75.70430  175.56910      3.605    -1.4320    -1.4319  22.374217  22.373515    27.5611    27.5601    372.236    359.967     0.1992     4.6117     0.1074     0.1074     0.0665     0.0330      61232    42.5215     100.00     2.5736     2.2193         21  0.000e+00
      3.567   75.70430  175.56910      3.605    -1.4318    -1.4316  22.374498  22.373463    27.5613    27.5598    372.451    359.965     0.1992     4.6117     0.1074     0.1074     0.0665     0.0330      61233    42.5222     100.00     2.5748     2.2193         21  0.000e+00
      3.625   75.70430  175.56910      3.663    -1.4319    -1.4320  22.375060  22.372987    27.5622    27.5595    372.453    360.231     0.1992     4.6117     0.1074     0.1074     0.0665     0.0330      61234    42.5229     100.00     2.5748     2.2205         21  0.000e+00
      3.567   75.70430  175.56910      3.605    -1.4320    -1.4318  22.375060  22.372299    27.5623    27.5584    372.451    360.229     0.1992     4.6117     0.1074     0.1074     0.0665     0.0330      61235    42.5236     100.00     2.5748     2.2205         21  0.000e+00
      3.625   75.70430  175.56910      3.663    -1.4318    -1.4319  22.374835  22.371824    27.5617    27.5578    372.234    359.718     0.1992     4.6117     0.1074     0.1074     0.0665     0.0330      61236    42.5243     100.00     2.5736     2.2181         21  0.000e+00
      3.633   75.70430  175.56910      3.671    -1.4318    -1.4320  22.374610  22.371718    27.5614    27.5578    372.235    359.461     0.1992     4.6117     0.1074     0.1074     0.0665     0.0330      61237    42.5250     100.00     2.5736     2.2169         21  0.000e+00
      3.633   75.70430  175.56910      3.671    -1.4319    -1.4321  22.373373  22.371189    27.5599    27.5571    372.460    358.947     0.1992     4.6117     0.1074     0.1074     0.0665     0.0330      61238    42.5257     100.00     2.5748     2.2144         21  0.000e+00
      3.690   75.70430  175.56910      3.729    -1.4320    -1.4321  22.372980  22.370502    27.5594    27.5562    372.247    358.952     0.2297     4.6117     0.1074     0.1074     0.0665     0.0342      61239    42.5264     100.00     2.5736     2.2144         21  0.000e+00
      3.633   75.70430  175.56910      3.671    -1.4319    -1.4320  22.372755  22.370819    27.5591    27.5566    372.463    358.948     0.1992     4.6117     0.1062     0.1062     0.0665     0.0330      61240    42.5271     100.00     2.5748     2.2144         21  0.000e+00
      3.625   75.70430  175.56910      3.663    -1.4322    -1.4321  22.371518  22.370872    27.5577    27.5567    372.469    358.948     0.1992     4.6105     0.1074     0.1074     0.0675     0.0330      61241    42.5278     100.00     2.5748     2.2144         21  0.000e+00
      3.748   75.70430  175.56912      3.787    -1.4319    -1.4319  22.370451  22.370978    27.5559    27.5566    372.478    359.210     0.1992     4.6105     0.1074     0.1074     0.0675     0.0330      61242    42.5285     100.00     2.5748     2.2157         21  0.000e+00
      3.690   75.70430  175.56912      3.729    -1.4324    -1.4320  22.369551  22.371189    27.5552    27.5570    372.483    359.466     0.1992     4.6117     0.1074     0.1074     0.0665     0.0330      61243    42.5292     100.00     2.5748     2.2169         21  0.000e+00
      3.690   75.70430  175.56912      3.729    -1.4325    -1.4319  22.369326  22.371401    27.5550    27.5572    372.266    359.723     0.1992     4.6105     0.1074     0.1074     0.0675     0.0330      61244    42.5299     100.00     2.5736     2.2181         21  0.000e+00
      3.690   75.70430  175.56912      3.729    -1.4324    -1.4319  22.370001  22.371242    27.5557    27.5570    372.480    359.982     0.1992     4.6105     0.1074     0.1074     0.0675     0.0330      61245    42.5306     100.00     2.5748     2.2193         21  0.000e+00
      3.748   75.70430  175.56912      3.787    -1.4321    -1.4321  22.370732  22.370714    27.5564    27.5564    372.478    359.988     0.1992     4.6117     0.1074     0.1074     0.0665     0.0330      61246    42.5313     100.00     2.5748     2.2193         21  0.000e+00
      3.748   75.70430  175.56912      3.787    -1.4322    -1.4322  22.370563  22.370396    27.5563    27.5561    372.480    359.731     0.1992     4.6117     0.1074     0.1074     0.0665     0.0330      61247    42.5319     100.00     2.5748     2.2181         21  0.000e+00
      3.813   75.70430  175.56912      3.853    -1.4322    -1.4321  22.369270  22.370344    27.5545    27.5559    372.270    359.734     0.1992     4.6105     0.1074     0.1074     0.0675     0.0330      61248    42.5326     100.00     2.5736     2.2181         21  0.000e+00
      3.805   75.70430  175.56912      3.845    -1.4324    -1.4321  22.367697  22.370344    27.5526    27.5559    372.714    359.992     0.1992     4.6105     0.1074     0.1074     0.0675     0.0330      61249    42.5333     100.00     2.5760     2.2193         21  0.000e+00
      3.748   75.70430  175.56912      3.787    -1.4327    -1.4323  22.366460  22.370026    27.5513    27.5557    372.282    359.734     0.1687     4.6105     0.1087     0.1087     0.0675     0.0317      61250    42.5340     100.00     2.5736     2.2181         21  0.000e+00
      3.805   75.70430  175.56912      3.845    -1.4328    -1.4321  22.365673  22.369551    27.5503    27.5548    372.289    359.220     0.1992     4.6117     0.1087     0.1087     0.0665     0.0330      61251    42.5347     100.00     2.5736     2.2157         21  0.000e+00
      3.871   75.70430  175.56912      3.911    -1.4326    -1.4324  22.364943  22.368070    27.5491    27.5531    372.512    359.490     0.1992     4.6105     0.1087     0.1087     0.0675     0.0330      61252    42.5354     100.00     2.5748     2.2169         21  0.000e+00
      3.813   75.70430  175.56912      3.853    -1.4327    -1.4325  22.364605  22.366273    27.5487    27.5507    372.292    359.753     0.1992     4.6105     0.1074     0.1074     0.0675     0.0330      61253    42.5361     100.00     2.5736     2.2181         21  0.000e+00
      3.871   75.70430  175.56912      3.911    -1.4330    -1.4327  22.364381  22.364793    27.5486    27.5489    372.517    359.505     0.1992     4.6117     0.1087     0.1087     0.0665     0.0330      61254    42.5368     100.00     2.5748     2.2169         21  0.000e+00
      3.871   75.70430  175.56912      3.911    -1.4330    -1.4328  22.364493  22.363947    27.5488    27.5479    372.517    359.509     0.1992     4.6105     0.1087     0.1087     0.0675     0.0330      61255    42.5375     100.00     2.5748     2.2169         21  0.000e+00
      3.871   75.70430  175.56912      3.911    -1.4326    -1.4329  22.364718  22.363788    27.5488    27.5478    372.513    358.994     0.1992     4.6105     0.1087     0.1087     0.0675     0.0330      61256    42.5382     100.00     2.5748     2.2144         21  0.000e+00
      3.871   75.70430  175.56912      3.911    -1.4330    -1.4327  22.364437  22.363471    27.5488    27.5472    372.517    359.252     0.1992     4.6105     0.1087     0.1087     0.0675     0.0330      61257    42.5389     100.00     2.5748     2.2157         21  0.000e+00
      3.928   75.70430  175.56912      3.969    -1.4330    -1.4328  22.364493  22.363154    27.5488    27.5468    372.301    359.257     0.1687     4.6105     0.1087     0.1087     0.0675     0.0317      61258    42.5396     100.00     2.5736     2.2157         21  0.000e+00
      3.928   75.70430  175.56912      3.969    -1.4328    -1.4329  22.364887  22.363101    27.5491    27.5468    372.517    358.999     0.1992     4.6117     0.1087     0.1087     0.0665     0.0330      61259    42.5403     100.00     2.5748     2.2144         21  0.000e+00
      3.928   75.70430  175.56912      3.969    -1.4328    -1.4330  22.365168  22.362943    27.5495    27.5467    372.297    359.259     0.1992     4.6129     0.1087     0.1087     0.0654     0.0330      61260    42.5410     100.00     2.5736     2.2157         21  0.000e+00
      3.986   75.70430  175.56912      4.028    -1.4329    -1.4330  22.365561  22.362890    27.5501    27.5466    372.517    359.520     0.1992     4.6142     0.1087     0.1087     0.0644     0.0330      61261    42.5417     100.00     2.5748     2.2169         21  0.000e+00
      3.928   75.70430  175.56912      3.969    -1.4326    -1.4331  22.365730  22.362731    27.5501    27.5465    372.293    359.260     0.1992     4.6129     0.1087     0.1087     0.0654     0.0330      61262    42.5424     100.00     2.5736     2.2157         21  0.000e+00
      3.994   75.70430  175.56912      4.036    -1.4328    -1.4331  22.366236  22.362467    27.5509    27.5461    372.515    359.265     0.1992     4.6129     0.1074     0.1074     0.0654     0.0330      61263    42.5431     100.00     2.5748     2.2157         21  0.000e+00
      4.051   75.70430  175.56912      4.094    -1.4329    -1.4327  22.365505  22.362573    27.5500    27.5458    372.303    359.005     0.1992     4.6129     0.1087     0.1087     0.0654     0.0330      61264    42.5438     100.00     2.5736     2.2144         21  0.000e+00
      3.994   75.70430  175.56912      4.036    -1.4328    -1.4331  22.365393  22.362678    27.5498    27.5464    372.300    359.005     0.1687     4.6129     0.1087     0.1087     0.0654     0.0317      61265    42.5444     100.00     2.5736     2.2144         21  0.000e+00
      4.051   75.70432  175.56914      4.094    -1.4328    -1.4331  22.364774  22.362679    27.5489    27.5464    372.523    359.009     0.1992     4.6142     0.1087     0.1087     0.0644     0.0330      61266    42.5451     100.00     2.5748     2.2144         21  0.000e+00
      3.994   75.70432  175.56914      4.036    -1.4328    -1.4328  22.364212  22.362520    27.5482    27.5459    372.304    359.004     0.1687     4.6129     0.1087     0.1087     0.0654     0.0317      61267    42.5458     100.00     2.5736     2.2144         21  0.000e+00
      4.117   75.70432  175.56914      4.160    -1.4329    -1.4331  22.364269  22.362414    27.5483    27.5459    372.529    359.012     0.1992     4.6142     0.1087     0.1087     0.0644     0.0330      61268    42.5465     100.00     2.5748     2.2144         21  0.000e+00
      4.051   75.70432  175.56914      4.094    -1.4330    -1.4328  22.364156  22.362414    27.5483    27.5457    372.527    359.265     0.1992     4.6129     0.1087     0.1087     0.0654     0.0330      61269    42.5472     100.00     2.5748     2.2157         21  0.000e+00
