Continuous CTD Data/01_SBE Stage/nabos_11_01avg.cnv
* Sea-Bird SBE 9 Data File:
* FileName = D:\CTD\data\HLY2502\raw\NABOS_11_01.hex
* Software Version Seasave V 7.26.7.110
* Temperature SN = 6954
* Conductivity SN = 2561
* Number of Bytes Per Scan = 37
* Number of Voltage Words = 4
* Number of Scans Averaged by the Deck Unit = 1
* NMEA Latitude = 77 00.90 N
* NMEA Longitude = 177 56.55 W
* NMEA UTC (Time) = Sep 16 2025  10:26:07
* NMEA baud rate = 9600
** Ship: USCG HEALY
** Bot. Depth:  1320
** Cast Number:  01
** Station Name:  NABOS
** Station Number:  11
** Operator:  STARC
# nquan = 25
# nvalues = 1214                        
# units = specified
# name 0 = depSM: Depth [salt water, m]
# name 1 = latitude: Latitude [deg]
# name 2 = longitude: Longitude [deg]
# name 3 = prDM: Pressure, Digiquartz [db]
# name 4 = t090C: Temperature [ITS-90, deg C]
# name 5 = t190C: Temperature, 2 [ITS-90, deg C]
# name 6 = c0mS/cm: Conductivity [mS/cm]
# name 7 = c1mS/cm: Conductivity, 2 [mS/cm]
# name 8 = sal00: Salinity, Practical [PSU]
# name 9 = sal11: Salinity, Practical, 2 [PSU]
# name 10 = sbox0Mm/Kg: Oxygen, SBE 43 [umol/kg]
# name 11 = sbox1Mm/Kg: Oxygen, SBE 43, 2 [umol/kg]
# name 12 = flECO-AFL: Fluorescence, WET Labs ECO-AFL/FL [mg/m^3]
# name 13 = v2: Voltage 2
# name 14 = wetCDOM: Fluorescence, WET Labs CDOM [mg/m^3]
# name 15 = v6: Voltage 6
# name 16 = CStarAt0: Beam Attenuation, WET Labs C-Star [1/m]
# name 17 = v3: Voltage 3
# name 18 = scan: Scan Count
# name 19 = timeM: Time, Elapsed [minutes]
# name 20 = altM: Altimeter [m]
# name 21 = sbeox0V: Oxygen raw, SBE 43 [V]
# name 22 = sbeox1V: Oxygen raw, SBE 43, 2 [V]
# name 23 = nbin: number of scans per bin
# name 24 = flag: flag
# span 0 =      3.958,   1200.740       
# span 1 =   77.01524,   77.01674       
# span 2 = -177.94956, -177.94327       
# span 3 =      4.000,   1217.000       
# span 4 =    -1.7029,     0.9010       
# span 5 =    -1.7020,     0.9010       
# span 6 =  23.557239,  29.807293       
# span 7 =  23.555549,  29.805563       
# span 8 =    29.3152,    34.8742       
# span 9 =    29.3131,    34.8719       
# span 10 =    287.403,    384.723      
# span 11 =    282.120,    379.384      
# span 12 =    -0.1824,     0.5341      
# span 13 =     4.5944,     4.6618      
# span 14 =     0.0816,     0.1257      
# span 15 =     0.0816,     0.1257      
# span 16 =     0.0233,     0.0815      
# span 17 =     0.0177,     0.0464      
# span 18 =       5505,      39691      
# span 19 =     3.8221,    27.5623      
# span 20 =     100.00,     100.00      
# span 21 =     1.9945,     2.6817      
# span 22 =     1.7640,     2.3443      
# span 23 =          8,         28      
# span 24 = 0.0000e+00, 0.0000e+00      
# interval = decibars: 1                
# start_time = Sep 16 2025 10:26:07 [NMEA time, header]
# bad_flag = -9.990e-29
*END*
[from data line 986]
    977.301   77.01638 -177.94814    990.000    -0.2347    -0.2349  29.156132  29.154268    34.8336    34.8313    295.661    290.226    -0.1719     4.6593     0.0853     0.0853     0.0254     0.0181      32571    22.6184     100.00     2.0853     1.8399         19 0.0000e+00
    978.285   77.01638 -177.94814    991.000    -0.2346    -0.2348  29.156578  29.154862    34.8335    34.8314    295.621    290.516    -0.1692     4.6593     0.0849     0.0849     0.0254     0.0182      32595    22.6350     100.00     2.0849     1.8411         14 0.0000e+00
    979.270   77.01638 -177.94815    992.000    -0.2345    -0.2346  29.157108  29.155342    34.8335    34.8313    295.605    293.408    -0.1386     4.6592     0.0842     0.0842     0.0255     0.0194      32619    22.6516     100.00     2.0846     1.8541         16 0.0000e+00
    980.255   77.01638 -177.94816    993.000    -0.2346    -0.2345  29.157433  29.155904    34.8334    34.8314    295.548    293.206    -0.1366     4.6590     0.0838     0.0838     0.0256     0.0195      32644    22.6685     100.00     2.0841     1.8530         17 0.0000e+00
    981.240   77.01638 -177.94816    994.000    -0.2344    -0.2345  29.158057  29.156352    34.8335    34.8313    295.475    287.460    -0.1632     4.6590     0.0831     0.0831     0.0257     0.0185      32668    22.6852     100.00     2.0835     1.8267         17 0.0000e+00
    982.225   77.01638 -177.94816    995.000    -0.2328    -0.2329  29.160072  29.158521    34.8337    34.8318    295.524    286.395    -0.1353     4.6590     0.0831     0.0831     0.0257     0.0196      32691    22.7017     100.00     2.0836     1.8217         14 0.0000e+00
    983.209   77.01638 -177.94818    996.000    -0.2278    -0.2278  29.165528  29.163915    34.8347    34.8326    295.650    290.024    -0.1639     4.6591     0.0830     0.0830     0.0256     0.0184      32716    22.7187     100.00     2.0843     1.8383         16 0.0000e+00
    984.194   77.01638 -177.94818    997.000    -0.2020    -0.2011  29.191464  29.190657    34.8393    34.8372    295.464    293.996    -0.1358     4.6592     0.0832     0.0832     0.0255     0.0195      32740    22.7352     100.00     2.0844     1.8573         15 0.0000e+00
    985.179   77.01638 -177.94818    998.000    -0.1838    -0.1841  29.208960  29.207020    34.8413    34.8391    295.477    298.019    -0.1468     4.6593     0.0839     0.0839     0.0254     0.0191      32764    22.7520     100.00     2.0852     1.8761         15 0.0000e+00
    986.164   77.01638 -177.94818    999.000    -0.1793    -0.1790  29.214155  29.212587    34.8424    34.8401    295.494    287.245    -0.1597     4.6592     0.0835     0.0835     0.0255     0.0186      32788    22.7689     100.00     2.0853     1.8271         16 0.0000e+00
    987.149   77.01638 -177.94820   1000.000    -0.1667    -0.1658  29.227158  29.226405    34.8449    34.8428    295.340    287.893    -0.1346     4.6587     0.0831     0.0831     0.0259     0.0196      32812    22.7854     100.00     2.0848     1.8304         17 0.0000e+00
    988.133   77.01638 -177.94820   1001.000    -0.1590    -0.1589  29.234967  29.233389    34.8459    34.8437    295.173    288.261    -0.1344     4.6591     0.0834     0.0834     0.0256     0.0196      32836    22.8020     100.00     2.0841     1.8322         14 0.0000e+00
    989.118   77.01638 -177.94820   1002.000    -0.1569    -0.1569  29.237571  29.235956    34.8464    34.8443    295.056    290.733    -0.1342     4.6594     0.0841     0.0841     0.0253     0.0196      32860    22.8187     100.00     2.0834     1.8434         13 0.0000e+00
    990.103   77.01638 -177.94820   1003.000    -0.1564    -0.1567  29.238515  29.236740    34.8465    34.8445    295.060    292.455    -0.1305     4.6591     0.0831     0.0831     0.0255     0.0198      32884    22.8354     100.00     2.0832     1.8510         15 0.0000e+00
    991.088   77.01638 -177.94822   1004.000    -0.1610    -0.1615  29.234933  29.232841    34.8464    34.8442    294.959    287.780    -0.1341     4.6592     0.0841     0.0841     0.0255     0.0196      32908    22.8521     100.00     2.0822     1.8294         13 0.0000e+00
    992.073   77.01640 -177.94822   1005.000    -0.1685    -0.1688  29.228845  29.226864    34.8462    34.8440    294.860    289.323    -0.1601     4.6593     0.0830     0.0830     0.0254     0.0186      32932    22.8688     100.00     2.0811     1.8359         14 0.0000e+00
    993.057   77.01640 -177.94822   1006.000    -0.1756    -0.1757  29.222978  29.221359    34.8460    34.8440    294.656    289.674    -0.1673     4.6593     0.0831     0.0831     0.0254     0.0183      32956    22.8855     100.00     2.0795     1.8371         16 0.0000e+00
    994.042   77.01640 -177.94822   1007.000    -0.1766    -0.1765  29.222656  29.221025    34.8461    34.8438    294.489    289.632    -0.1708     4.6592     0.0838     0.0838     0.0255     0.0182      32980    22.9023     100.00     2.0783     1.8367         17 0.0000e+00
    995.027   77.01640 -177.94822   1008.000    -0.1770    -0.1772  29.222699  29.220928    34.8460    34.8438    294.421    290.716    -0.1363     4.6593     0.0836     0.0836     0.0254     0.0195      33004    22.9189     100.00     2.0777     1.8414         15 0.0000e+00
    996.012   77.01640 -177.94824   1009.000    -0.1773    -0.1772  29.222906  29.221316    34.8460    34.8438    294.420    291.343    -0.1346     4.6594     0.0836     0.0836     0.0253     0.0196      33028    22.9356     100.00     2.0775     1.8441         15 0.0000e+00
    996.997   77.01640 -177.94824   1010.000    -0.1777    -0.1777  29.222874  29.221193    34.8459    34.8437    294.442    289.200    -0.1435     4.6593     0.0835     0.0835     0.0254     0.0192      33052    22.9523     100.00     2.0774     1.8341         13 0.0000e+00
    997.981   77.01640 -177.94824   1011.000    -0.1782    -0.1784  29.222835  29.221113    34.8459    34.8438    294.403    287.744    -0.1642     4.6591     0.0825     0.0825     0.0256     0.0184      33076    22.9690     100.00     2.0769     1.8273         14 0.0000e+00
    998.966   77.01640 -177.94824   1012.000    -0.1801    -0.1803  29.221551  29.219840    34.8458    34.8436    294.367    291.644    -0.1458     4.6594     0.0841     0.0841     0.0253     0.0191      33100    22.9856     100.00     2.0764     1.8448         13 0.0000e+00
    999.951   77.01640 -177.94826   1013.000    -0.1820    -0.1819  29.220398  29.218876    34.8457    34.8436    294.459    288.766    -0.1600     4.6593     0.0820     0.0820     0.0254     0.0186      33124    23.0023     100.00     2.0766     1.8315         13 0.0000e+00
   1000.935   77.01640 -177.94826   1014.000    -0.1836    -0.1832  29.219488  29.218110    34.8457    34.8435    294.385    288.702    -0.1318     4.6590     0.0848     0.0848     0.0257     0.0197      33148    23.0191     100.00     2.0760     1.8310         14 0.0000e+00
   1001.920   77.01640 -177.94826   1015.000    -0.1857    -0.1857  29.217998  29.216436    34.8456    34.8435    294.392    293.605    -0.1322     4.6595     0.0842     0.0842     0.0252     0.0197      33172    23.0357     100.00     2.0757     1.8530         14 0.0000e+00
   1002.905   77.01640 -177.94826   1016.000    -0.1867    -0.1869  29.217409  29.215661    34.8454    34.8433    294.304    297.913    -0.1517     4.6594     0.0835     0.0835     0.0253     0.0189      33196    23.0524     100.00     2.0750     1.8723         15 0.0000e+00
   1003.890   77.01640 -177.94828   1017.000    -0.1883    -0.1878  29.216567  29.215298    34.8455    34.8433    294.332    283.346    -0.1678     4.6593     0.0842     0.0842     0.0254     0.0183      33221    23.0691     100.00     2.0748     1.8060         15 0.0000e+00
   1004.874   77.01640 -177.94828   1018.000    -0.1957    -0.1960  29.210277  29.208447    34.8449    34.8428    294.531    289.017    -0.1486     4.6605     0.0844     0.0844     0.0244     0.0190      33245    23.0858     100.00     2.0753     1.8312         17 0.0000e+00
   1005.859   77.01640 -177.94828   1019.000    -0.2002    -0.2003  29.206810  29.205147    34.8449    34.8428    294.501    289.720    -0.1342     4.6594     0.0843     0.0843     0.0253     0.0196      33268    23.1023     100.00     2.0748     1.8341         15 0.0000e+00
   1006.844   77.01640 -177.94828   1020.000    -0.2002    -0.2001  29.207166  29.205661    34.8448    34.8427    294.399    289.180    -0.1313     4.6594     0.0842     0.0842     0.0253     0.0197      33292    23.1191     100.00     2.0740     1.8314         17 0.0000e+00
   1007.828   77.01640 -177.94830   1021.000    -0.2016    -0.2016  29.206305  29.204734    34.8447    34.8426    294.353    289.286    -0.1345     4.6593     0.0830     0.0830     0.0254     0.0196      33316    23.1357     100.00     2.0735     1.8317         15 0.0000e+00
   1008.813   77.01642 -177.94830   1022.000    -0.2016    -0.2020  29.206809  29.204826    34.8448    34.8426    294.320    291.034    -0.1709     4.6594     0.0842     0.0842     0.0253     0.0181      33340    23.1523     100.00     2.0731     1.8394         16 0.0000e+00
   1009.798   77.01642 -177.94830   1023.000    -0.2019    -0.2022  29.206819  29.204980    34.8445    34.8425    294.330    295.840    -0.1392     4.6593     0.0842     0.0842     0.0254     0.0194      33364    23.1690     100.00     2.0729     1.8611         13 0.0000e+00
   1010.782   77.01642 -177.94830   1024.000    -0.2027    -0.2030  29.206565  29.204674    34.8445    34.8423    294.334    286.543    -0.1341     4.6593     0.0842     0.0842     0.0254     0.0196      33388    23.1857     100.00     2.0727     1.8186         14 0.0000e+00
   1011.767   77.01642 -177.94830   1025.000    -0.2051    -0.2051  29.204793  29.203114    34.8444    34.8422    294.443    287.061    -0.1366     4.6593     0.0842     0.0842     0.0254     0.0195      33412    23.2024     100.00     2.0730     1.8208         16 0.0000e+00
   1012.752   77.01642 -177.94832   1026.000    -0.2072    -0.2070  29.203402  29.201912    34.8443    34.8422    294.607    289.338    -0.1659     4.6593     0.0839     0.0839     0.0254     0.0183      33436    23.2191     100.00     2.0735     1.8309         14 0.0000e+00
   1013.736   77.01642 -177.94832   1027.000    -0.2088    -0.2087  29.202284  29.200708    34.8441    34.8419    294.571    291.012    -0.1411     4.6593     0.0834     0.0834     0.0254     0.0193      33460    23.2357     100.00     2.0730     1.8382         13 0.0000e+00
   1014.721   77.01642 -177.94832   1028.000    -0.2098    -0.2096  29.201940  29.200342    34.8441    34.8418    294.539    288.736    -0.1728     4.6593     0.0855     0.0855     0.0254     0.0181      33485    23.2525     100.00     2.0726     1.8277         15 0.0000e+00
   1015.706   77.01642 -177.94832   1029.000    -0.2142    -0.2136  29.198181  29.197081    34.8437    34.8414    294.528    289.591    -0.1634     4.6593     0.0842     0.0842     0.0254     0.0184      33509    23.2692     100.00     2.0721     1.8312         16 0.0000e+00
   1016.690   77.01642 -177.94834   1030.000    -0.2204    -0.2201  29.193070  29.191841    34.8433    34.8413    294.620    289.037    -0.1353     4.6595     0.0821     0.0821     0.0252     0.0196      33533    23.2858     100.00     2.0721     1.8283         14 0.0000e+00
   1017.675   77.01642 -177.94834   1031.000    -0.2293    -0.2287  29.185698  29.184669    34.8430    34.8410    294.566    292.038    -0.1365     4.6593     0.0838     0.0838     0.0254     0.0195      33557    23.3026     100.00     2.0712     1.8413         14 0.0000e+00
   1018.660   77.01642 -177.94834   1032.000    -0.2288    -0.2288  29.186648  29.184968    34.8432    34.8409    294.531    288.599    -0.1513     4.6596     0.0842     0.0842     0.0252     0.0189      33581    23.3192     100.00     2.0708     1.8256         14 0.0000e+00
   1019.644   77.01642 -177.94834   1033.000    -0.2280    -0.2285  29.187733  29.185643    34.8431    34.8408    294.436    290.554    -0.1694     4.6594     0.0836     0.0836     0.0253     0.0182      33604    23.3357     100.00     2.0702     1.8343         13 0.0000e+00
   1020.629   77.01642 -177.94836   1034.000    -0.2279    -0.2282  29.188196  29.186419    34.8430    34.8409    294.575    289.497    -0.1462     4.6593     0.0833     0.0833     0.0254     0.0191      33629    23.3525     100.00     2.0707     1.8294         15 0.0000e+00
   1021.614   77.01642 -177.94836   1035.000    -0.2324    -0.2322  29.184605  29.183135    34.8427    34.8406    294.712    289.722    -0.1347     4.6593     0.0842     0.0842     0.0254     0.0196      33653    23.3691     100.00     2.0710     1.8300         13 0.0000e+00
   1022.598   77.01642 -177.94836   1036.000    -0.2375    -0.2374  29.180473  29.178978    34.8425    34.8404    294.781    290.918    -0.1635     4.6593     0.0842     0.0842     0.0254     0.0184      33677    23.3859     100.00     2.0709     1.8351         13 0.0000e+00
   1023.583   77.01644 -177.94836   1037.000    -0.2401    -0.2401  29.178641  29.177020    34.8424    34.8402    294.877    291.064    -0.1416     4.6593     0.0842     0.0842     0.0254     0.0193      33701    23.4025     100.00     2.0711     1.8354         15 0.0000e+00
   1024.568   77.01644 -177.94838   1038.000    -0.2420    -0.2423  29.177286  29.175403    34.8422    34.8401    294.877    288.517    -0.1349     4.6593     0.0843     0.0843     0.0254     0.0196      33725    23.4194     100.00     2.0709     1.8237         15 0.0000e+00
   1025.552   77.01644 -177.94838   1039.000    -0.2440    -0.2443  29.175811  29.174032    34.8420    34.8400    294.804    290.909    -0.1297     4.6593     0.0842     0.0842     0.0254     0.0198      33749    23.4360     100.00     2.0701     1.8342         14 0.0000e+00
   1026.537   77.01644 -177.94838   1040.000    -0.2471    -0.2470  29.173516  29.171929    34.8418    34.8396    294.843    291.946    -0.1348     4.6593     0.0842     0.0842     0.0254     0.0196      33773    23.4527     100.00     2.0700     1.8386         17 0.0000e+00
   1027.521   77.01644 -177.94838   1041.000    -0.2478    -0.2478  29.173262  29.171625    34.8417    34.8395    294.934    290.096    -0.1747     4.6593     0.0836     0.0836     0.0254     0.0180      33797    23.4692     100.00     2.0702     1.8301         13 0.0000e+00
   1028.506   77.01644 -177.94840   1042.000    -0.2475    -0.2478  29.173817  29.172083    34.8416    34.8396    294.962    290.635    -0.1673     4.6596     0.0830     0.0830     0.0252     0.0183      33821    23.4860     100.00     2.0702     1.8323         15 0.0000e+00
   1029.491   77.01644 -177.94840   1043.000    -0.2476    -0.2477  29.174179  29.172511    34.8416    34.8395    295.009    287.992    -0.1300     4.6590     0.0830     0.0830     0.0257     0.0198      33845    23.5029     100.00     2.0703     1.8202         17 0.0000e+00
   1030.475   77.01644 -177.94840   1044.000    -0.2480    -0.2481  29.174220  29.172529    34.8415    34.8394    295.043    289.706    -0.1309     4.6591     0.0830     0.0830     0.0255     0.0197      33869    23.5195     100.00     2.0702     1.8278         16 0.0000e+00
   1031.460   77.01644 -177.94840   1045.000    -0.2483    -0.2486  29.174417  29.172537    34.8415    34.8394    295.041    290.461    -0.1444     4.6591     0.0830     0.0830     0.0256     0.0192      33893    23.5362     100.00     2.0700     1.8310         16 0.0000e+00
   1032.444   77.01644 -177.94840   1046.000    -0.2494    -0.2493  29.173924  29.172328    34.8415    34.8393    294.982    290.935    -0.1557     4.6592     0.0855     0.0855     0.0255     0.0187      33917    23.5530     100.00     2.0694     1.8329         19 0.0000e+00
