Continuous CTD Data/01_SBE Stage/nabos_15_01avg.cnv
* Sea-Bird SBE 9 Data File:
* FileName = D:\CTD\data\HLY2502\raw\NABOS_15_01.hex
* Software Version Seasave V 7.26.7.110
* Temperature SN = 6954
* Conductivity SN = 2561
* Number of Bytes Per Scan = 37
* Number of Voltage Words = 4
* Number of Scans Averaged by the Deck Unit = 1
* NMEA Latitude = 78 30.10 N
* NMEA Longitude = 170 08.69 W
* NMEA UTC (Time) = Sep 09 2025  12:18:25
* NMEA baud rate = 9600
** Ship: USCG HEALY
** Bot. Depth:  2700
** Cast Number:
** Station Name:  15
** Station Number:
** Operator:  STARC
# nquan = 25
# nvalues = 2773                        
# units = specified
# name 0 = depSM: Depth [salt water, m]
# name 1 = latitude: Latitude [deg]
# name 2 = longitude: Longitude [deg]
# name 3 = prDM: Pressure, Digiquartz [db]
# name 4 = t090C: Temperature [ITS-90, deg C]
# name 5 = t190C: Temperature, 2 [ITS-90, deg C]
# name 6 = c0mS/cm: Conductivity [mS/cm]
# name 7 = c1mS/cm: Conductivity, 2 [mS/cm]
# name 8 = sal00: Salinity, Practical [PSU]
# name 9 = sal11: Salinity, Practical, 2 [PSU]
# name 10 = sbox0Mm/Kg: Oxygen, SBE 43 [umol/kg]
# name 11 = sbox1Mm/Kg: Oxygen, SBE 43, 2 [umol/kg]
# name 12 = flECO-AFL: Fluorescence, WET Labs ECO-AFL/FL [mg/m^3]
# name 13 = v2: Voltage 2
# name 14 = wetCDOM: Fluorescence, WET Labs CDOM [mg/m^3]
# name 15 = v6: Voltage 6
# name 16 = CStarAt0: Beam Attenuation, WET Labs C-Star [1/m]
# name 17 = v3: Voltage 3
# name 18 = scan: Scan Count
# name 19 = timeM: Time, Elapsed [minutes]
# name 20 = altM: Altimeter [m]
# name 21 = sbeox0V: Oxygen raw, SBE 43 [V]
# name 22 = sbeox1V: Oxygen raw, SBE 43, 2 [V]
# name 23 = nbin: number of scans per bin
# name 24 = flag: flag
# span 0 =      3.958,   2728.763       
# span 1 =   78.49860,   78.50244       
# span 2 = -170.13815, -170.05974       
# span 3 =      4.000,   2776.000       
# span 4 =    -1.6529,     0.9766       
# span 5 =    -1.6525,     0.9767       
# span 6 =  23.140081,  29.916760       
# span 7 =  23.139605,  29.914975       
# span 8 =    28.7064,    34.9548       
# span 9 =    28.7049,    34.9532       
# span 10 =    242.597,    387.348      
# span 11 =    237.137,    372.950      
# span 12 =    -0.1849,     0.3655      
# span 13 =     4.5994,     4.6727      
# span 14 =     0.0653,     0.1121      
# span 15 =     0.0653,     0.1121      
# span 16 =     0.0139,     0.0772      
# span 17 =     0.0176,     0.0396      
# span 18 =       4820,      85629      
# span 19 =     3.3468,    59.4641      
# span 20 =       9.49,     100.24      
# span 21 =     1.6384,     2.6978      
# span 22 =     1.4504,     2.3134      
# span 23 =          7,         29      
# span 24 = 0.0000e+00, 0.0000e+00      
# interval = decibars: 1                
# start_time = Sep 09 2025 12:18:25 [NMEA time, header]
# bad_flag = -9.990e-29
*END*
[from data line 2029]
   2001.866   78.49870 -170.07166   2033.000    -0.3996    -0.3996  29.535181  29.533925    34.9419    34.9402    275.234    270.780    -0.1671     4.6716     0.0797     0.0797     0.0149     0.0183      63182    43.8755     100.00     1.7793     1.5885         14 0.0000e+00
   2002.846   78.49870 -170.07164   2034.000    -0.3997    -0.3996  29.535635  29.534388    34.9420    34.9403    275.195    270.123    -0.1745     4.6716     0.0798     0.0798     0.0149     0.0180      63207    43.8929     100.00     1.7789     1.5858         17 0.0000e+00
   2003.826   78.49870 -170.07164   2035.000    -0.3996    -0.3996  29.536144  29.534851    34.9420    34.9403    275.174    270.053    -0.1557     4.6711     0.0807     0.0807     0.0153     0.0187      63231    43.9100     100.00     1.7787     1.5854         16 0.0000e+00
   2004.806   78.49870 -170.07162   2036.000    -0.3994    -0.3995  29.536575  29.535331    34.9420    34.9404    275.130    270.467    -0.1563     4.6716     0.0812     0.0812     0.0149     0.0187      63256    43.9271     100.00     1.7784     1.5869         17 0.0000e+00
   2005.786   78.49870 -170.07160   2037.000    -0.3994    -0.3995  29.536964  29.535824    34.9419    34.9405    275.119    270.557    -0.1705     4.6717     0.0811     0.0811     0.0148     0.0182      63281    43.9441     100.00     1.7781     1.5871         16 0.0000e+00
   2006.765   78.49870 -170.07159   2038.000    -0.3994    -0.3994  29.537449  29.536191    34.9420    34.9404    275.061    270.560    -0.1752     4.6718     0.0816     0.0816     0.0147     0.0180      63305    43.9611     100.00     1.7777     1.5870         15 0.0000e+00
   2007.746   78.49870 -170.07158   2039.000    -0.3994    -0.3994  29.537968  29.536736    34.9421    34.9405    275.006    268.680    -0.1492     4.6716     0.0824     0.0824     0.0149     0.0190      63330    43.9782     100.00     1.7772     1.5794         14 0.0000e+00
   2008.726   78.49870 -170.07157   2040.000    -0.3993    -0.3993  29.538444  29.537166    34.9421    34.9404    275.064    270.549    -0.1372     4.6717     0.0812     0.0812     0.0148     0.0195      63354    43.9953     100.00     1.7774     1.5866         15 0.0000e+00
   2009.705   78.49870 -170.07155   2041.000    -0.3993    -0.3993  29.538916  29.537734    34.9422    34.9406    275.037    270.417    -0.1347     4.6718     0.0811     0.0811     0.0147     0.0196      63379    44.0126     100.00     1.7771     1.5860         16 0.0000e+00
   2010.685   78.49870 -170.07154   2042.000    -0.3992    -0.3992  29.539343  29.538140    34.9421    34.9405    275.035    270.209    -0.1726     4.6717     0.0809     0.0809     0.0148     0.0181      63404    44.0298     100.00     1.7769     1.5850         15 0.0000e+00
   2011.666   78.49870 -170.07153   2043.000    -0.3991    -0.3991  29.539793  29.538663    34.9420    34.9406    275.103    270.693    -0.1759     4.6716     0.0809     0.0809     0.0149     0.0180      63429    44.0472     100.00     1.7770     1.5868         14 0.0000e+00
   2012.645   78.49870 -170.07151   2044.000    -0.3991    -0.3991  29.540284  29.539083    34.9421    34.9406    275.067    270.284    -0.1737     4.6716     0.0801     0.0801     0.0149     0.0180      63454    44.0644     100.00     1.7767     1.5850         14 0.0000e+00
   2013.625   78.49870 -170.07150   2045.000    -0.3991    -0.3991  29.540692  29.539524    34.9421    34.9406    275.113    270.404    -0.1689     4.6720     0.0801     0.0801     0.0145     0.0182      63479    44.0816     100.00     1.7768     1.5854         15 0.0000e+00
   2014.605   78.49870 -170.07149   2046.000    -0.3990    -0.3990  29.541284  29.540060    34.9423    34.9407    275.099    271.179    -0.1753     4.6721     0.0803     0.0803     0.0144     0.0180      63503    44.0989     100.00     1.7765     1.5883         11 0.0000e+00
   2015.585   78.49870 -170.07148   2047.000    -0.3989    -0.3989  29.541742  29.540511    34.9422    34.9406    275.139    268.547    -0.1693     4.6719     0.0816     0.0816     0.0146     0.0182      63528    44.1162     100.00     1.7765     1.5778         14 0.0000e+00
   2016.565   78.49870 -170.07147   2048.000    -0.3988    -0.3988  29.542143  29.540936    34.9422    34.9406    275.141    269.975    -0.1693     4.6718     0.0818     0.0818     0.0147     0.0182      63553    44.1335     100.00     1.7764     1.5833         14 0.0000e+00
   2017.545   78.49870 -170.07145   2049.000    -0.3988    -0.3987  29.542716  29.541339    34.9423    34.9405    275.118    269.815    -0.1489     4.6716     0.0810     0.0810     0.0149     0.0190      63578    44.1507     100.00     1.7761     1.5825         14 0.0000e+00
   2018.525   78.49869 -170.07144   2050.000    -0.3988    -0.3988  29.543063  29.541915    34.9423    34.9407    275.142    269.954    -0.1349     4.6718     0.0810     0.0810     0.0148     0.0196      63602    44.1676     100.00     1.7760     1.5829         15 0.0000e+00
   2019.505   78.49868 -170.07143   2051.000    -0.3987    -0.3986  29.543549  29.542405    34.9423    34.9407    275.059    271.170    -0.1674     4.6716     0.0809     0.0809     0.0149     0.0183      63627    44.1848     100.00     1.7755     1.5876         12 0.0000e+00
   2020.485   78.49868 -170.07142   2052.000    -0.3987    -0.3986  29.543974  29.542835    34.9423    34.9407    275.154    269.858    -0.1442     4.6725     0.0824     0.0824     0.0141     0.0192      63652    44.2018     100.00     1.7757     1.5822         16 0.0000e+00
   2021.465   78.49868 -170.07141   2053.000    -0.3987    -0.3986  29.544464  29.543354    34.9424    34.9409    275.093    269.957    -0.1724     4.6717     0.0803     0.0803     0.0148     0.0181      63676    44.2189     100.00     1.7753     1.5825         13 0.0000e+00
   2022.445   78.49868 -170.07139   2054.000    -0.3986    -0.3986  29.544987  29.543685    34.9424    34.9407    275.030    269.874    -0.1710     4.6717     0.0810     0.0810     0.0148     0.0181      63701    44.2361     100.00     1.7749     1.5820         16 0.0000e+00
   2023.424   78.49868 -170.07138   2055.000    -0.3985    -0.3985  29.545385  29.544227    34.9424    34.9408    275.059    270.371    -0.1767     4.6717     0.0811     0.0811     0.0148     0.0179      63726    44.2533     100.00     1.7748     1.5838         13 0.0000e+00
   2024.404   78.49868 -170.07137   2056.000    -0.3985    -0.3985  29.545944  29.544700    34.9426    34.9409    275.077    270.487    -0.1765     4.6721     0.0810     0.0810     0.0145     0.0179      63750    44.2702     100.00     1.7747     1.5841         13 0.0000e+00
   2025.384   78.49868 -170.07136   2057.000    -0.3984    -0.3985  29.546440  29.545187    34.9426    34.9410    275.051    270.173    -0.1691     4.6717     0.0820     0.0820     0.0148     0.0182      63775    44.2875     100.00     1.7744     1.5828         15 0.0000e+00
   2026.364   78.49868 -170.07134   2058.000    -0.3984    -0.3984  29.546829  29.545598    34.9426    34.9409    275.090    270.575    -0.1750     4.6720     0.0822     0.0822     0.0145     0.0180      63800    44.3049     100.00     1.7745     1.5842         15 0.0000e+00
   2027.344   78.49868 -170.07133   2059.000    -0.3983    -0.3984  29.547394  29.546124    34.9427    34.9411    275.110    270.503    -0.1712     4.6721     0.0809     0.0809     0.0145     0.0181      63825    44.3220     100.00     1.7744     1.5838         15 0.0000e+00
   2028.324   78.49868 -170.07132   2060.000    -0.3983    -0.3983  29.547818  29.546595    34.9427    34.9411    275.103    269.938    -0.1694     4.6723     0.0809     0.0809     0.0143     0.0182      63849    44.3391     100.00     1.7742     1.5814         14 0.0000e+00
   2029.304   78.49868 -170.07130   2061.000    -0.3983    -0.3982  29.548280  29.547103    34.9427    34.9411    275.205    269.601    -0.1774     4.6717     0.0798     0.0798     0.0148     0.0179      63874    44.3565     100.00     1.7745     1.5800         15 0.0000e+00
   2030.283   78.49868 -170.07130   2062.000    -0.3982    -0.3982  29.548838  29.547656    34.9428    34.9413    275.168    269.657    -0.1729     4.6720     0.0811     0.0811     0.0145     0.0181      63899    44.3737     100.00     1.7741     1.5801         16 0.0000e+00
   2031.263   78.49868 -170.07128   2063.000    -0.3981    -0.3981  29.549319  29.548069    34.9428    34.9412    275.190    270.235    -0.1752     4.6719     0.0811     0.0811     0.0146     0.0180      63924    44.3909     100.00     1.7741     1.5822         15 0.0000e+00
   2032.243   78.49868 -170.07126   2064.000    -0.3982    -0.3981  29.549819  29.548639    34.9430    34.9414    275.052    270.335    -0.1778     4.6718     0.0824     0.0824     0.0147     0.0179      63948    44.4079     100.00     1.7733     1.5825         17 0.0000e+00
   2033.224   78.49868 -170.07126   2065.000    -0.3981    -0.3980  29.550316  29.549102    34.9430    34.9414    275.062    270.301    -0.1766     4.6717     0.0803     0.0803     0.0148     0.0179      63973    44.4250     100.00     1.7732     1.5822         16 0.0000e+00
   2034.203   78.49868 -170.07124   2066.000    -0.3979    -0.3980  29.550774  29.549615    34.9429    34.9415    274.985    270.030    -0.1733     4.6717     0.0813     0.0813     0.0148     0.0181      63997    44.4418     100.00     1.7726     1.5810         15 0.0000e+00
   2035.183   78.49868 -170.07122   2067.000    -0.3979    -0.3979  29.551240  29.550053    34.9430    34.9414    274.883    270.350    -0.1764     4.6717     0.0810     0.0810     0.0148     0.0179      64021    44.4587     100.00     1.7720     1.5821         13 0.0000e+00
   2036.163   78.49868 -170.07122   2068.000    -0.3979    -0.3979  29.551823  29.550528    34.9432    34.9415    274.830    270.075    -0.1766     4.6717     0.0803     0.0803     0.0148     0.0179      64046    44.4757     100.00     1.7716     1.5809         16 0.0000e+00
   2037.142   78.49866 -170.07120   2069.000    -0.3978    -0.3978  29.552216  29.551021    34.9432    34.9416    274.764    269.879    -0.1766     4.6715     0.0807     0.0807     0.0150     0.0179      64070    44.4926     100.00     1.7711     1.5800         16 0.0000e+00
   2038.122   78.49866 -170.07120   2070.000    -0.3978    -0.3978  29.552722  29.551505    34.9433    34.9417    274.715    269.670    -0.1747     4.6716     0.0822     0.0822     0.0149     0.0180      64095    44.5098     100.00     1.7707     1.5790         16 0.0000e+00
   2039.102   78.49866 -170.07118   2071.000    -0.3977    -0.3978  29.553104  29.551921    34.9432    34.9416    274.648    269.783    -0.1704     4.6716     0.0809     0.0809     0.0149     0.0182      64120    44.5268     100.00     1.7702     1.5793         17 0.0000e+00
   2040.082   78.49866 -170.07116   2072.000    -0.3977    -0.3976  29.553637  29.552456    34.9433    34.9416    274.565    269.891    -0.1798     4.6714     0.0810     0.0810     0.0150     0.0178      64144    44.5441     100.00     1.7697     1.5796         17 0.0000e+00
   2041.062   78.49866 -170.07116   2073.000    -0.3976    -0.3977  29.554062  29.552842    34.9432    34.9417    274.482    269.764    -0.1712     4.6716     0.0826     0.0826     0.0149     0.0181      64169    44.5612     100.00     1.7692     1.5789         14 0.0000e+00
   2042.042   78.49866 -170.07114   2074.000    -0.3977    -0.3977  29.554407  29.553292    34.9432    34.9418    274.637    270.163    -0.1766     4.6717     0.0812     0.0812     0.0148     0.0179      64194    44.5786     100.00     1.7697     1.5804         16 0.0000e+00
   2043.022   78.49866 -170.07114   2075.000    -0.3977    -0.3977  29.554835  29.553722    34.9432    34.9417    274.569    269.941    -0.1669     4.6715     0.0809     0.0809     0.0150     0.0183      64219    44.5957     100.00     1.7692     1.5794         17 0.0000e+00
   2044.001   78.49866 -170.07111   2076.000    -0.3976    -0.3976  29.555372  29.554207    34.9434    34.9418    274.552    270.274    -0.1506     4.6717     0.0821     0.0821     0.0148     0.0190      64244    44.6130     100.00     1.7690     1.5805         17 0.0000e+00
   2044.981   78.49866 -170.07110   2077.000    -0.3976    -0.3976  29.555843  29.554579    34.9435    34.9417    274.491    269.985    -0.1779     4.6717     0.0815     0.0815     0.0148     0.0179      64268    44.6300     100.00     1.7685     1.5793         15 0.0000e+00
   2045.961   78.49866 -170.07109   2078.000    -0.3975    -0.3976  29.556326  29.555100    34.9434    34.9418    274.447    270.625    -0.1756     4.6715     0.0806     0.0806     0.0150     0.0180      64293    44.6472     100.00     1.7681     1.5817         18 0.0000e+00
   2046.941   78.49866 -170.07108   2079.000    -0.3974    -0.3974  29.556796  29.555668    34.9434    34.9419    274.487    270.361    -0.1690     4.6716     0.0803     0.0803     0.0149     0.0182      64318    44.6643     100.00     1.7682     1.5805         17 0.0000e+00
   2047.921   78.49866 -170.07107   2080.000    -0.3974    -0.3974  29.557272  29.556098    34.9435    34.9419    274.481    270.134    -0.1728     4.6717     0.0801     0.0801     0.0148     0.0181      64343    44.6816     100.00     1.7680     1.5794         22 0.0000e+00
   2048.900   78.49866 -170.07105   2081.000    -0.3973    -0.3973  29.557777  29.556569    34.9435    34.9419    274.458    270.038    -0.1702     4.6717     0.0804     0.0804     0.0148     0.0182      64367    44.6987     100.00     1.7677     1.5789         20 0.0000e+00
   2049.880   78.49866 -170.07104   2082.000    -0.3973    -0.3972  29.558292  29.557015    34.9436    34.9419    274.402    269.942    -0.1749     4.6717     0.0824     0.0824     0.0148     0.0180      64391    44.7156     100.00     1.7673     1.5784         16 0.0000e+00
   2050.860   78.49866 -170.07103   2083.000    -0.3972    -0.3972  29.558719  29.557445    34.9436    34.9418    274.442    270.438    -0.1668     4.6718     0.0810     0.0810     0.0148     0.0183      64416    44.7327     100.00     1.7673     1.5802         16 0.0000e+00
   2051.840   78.49866 -170.07102   2084.000    -0.3971    -0.3971  29.559114  29.557911    34.9435    34.9419    274.495    270.048    -0.1689     4.6715     0.0822     0.0822     0.0149     0.0182      64441    44.7497     100.00     1.7673     1.5786         16 0.0000e+00
   2052.820   78.49866 -170.07101   2085.000    -0.3970    -0.3970  29.559709  29.558540    34.9436    34.9421    274.534    269.877    -0.1748     4.6719     0.0826     0.0826     0.0146     0.0180      64465    44.7668     100.00     1.7674     1.5778         16 0.0000e+00
   2053.799   78.49866 -170.07099   2086.000    -0.3969    -0.3969  29.560242  29.559041    34.9437    34.9421    274.551    269.805    -0.1793     4.6717     0.0824     0.0824     0.0148     0.0178      64490    44.7840     100.00     1.7673     1.5773         18 0.0000e+00
   2054.779   78.49866 -170.07098   2087.000    -0.3969    -0.3968  29.560690  29.559430    34.9437    34.9420    274.523    269.955    -0.1748     4.6716     0.0829     0.0829     0.0149     0.0180      64515    44.8012     100.00     1.7670     1.5778         20 0.0000e+00
   2055.759   78.49865 -170.07097   2088.000    -0.3969    -0.3968  29.561114  29.559925    34.9437    34.9421    274.496    269.446    -0.1553     4.6716     0.0829     0.0829     0.0149     0.0188      64539    44.8182     100.00     1.7667     1.5756         16 0.0000e+00
   2056.738   78.49864 -170.07096   2089.000    -0.3968    -0.3967  29.561549  29.560345    34.9437    34.9420    274.534    270.160    -0.1491     4.6717     0.0817     0.0817     0.0148     0.0190      64564    44.8354     100.00     1.7667     1.5783         17 0.0000e+00
