Continuous CTD Data/01_SBE Stage/nabos_18_01.ros
* Sea-Bird SBE 9 Data File:
* FileName = D:\CTD\data\HLY2502\raw\NABOS_18_01.hex
* Software Version Seasave V 7.26.7.110
* Temperature SN = 6954
* Conductivity SN = 2561
* Number of Bytes Per Scan = 37
* Number of Voltage Words = 4
* Number of Scans Averaged by the Deck Unit = 1
* NMEA Latitude = 77 52.02 N
* NMEA Longitude = 177 13.45 E
* NMEA UTC (Time) = Sep 17 2025  18:13:44
* NMEA baud rate = 9600
** Ship: USCG HEALY
** Bot. Depth:  1532
** Cast Number:  01
** Station Name:  NABOS
** Station Number:  18
** Operator:  STARC
# nquan = 25
# nvalues = 980                                   
# units = specified
# name 0 = depSM: Depth [salt water, m]
# name 1 = latitude: Latitude [deg]
# name 2 = longitude: Longitude [deg]
# name 3 = prDM: Pressure, Digiquartz [db]
# name 4 = t090C: Temperature [ITS-90, deg C]
# name 5 = t190C: Temperature, 2 [ITS-90, deg C]
# name 6 = c0mS/cm: Conductivity [mS/cm]
# name 7 = c1mS/cm: Conductivity, 2 [mS/cm]
# name 8 = sal00: Salinity, Practical [PSU]
# name 9 = sal11: Salinity, Practical, 2 [PSU]
# name 10 = sbox0Mm/Kg: Oxygen, SBE 43 [umol/kg]
# name 11 = sbox1Mm/Kg: Oxygen, SBE 43, 2 [umol/kg]
# name 12 = flECO-AFL: Fluorescence, WET Labs ECO-AFL/FL [mg/m^3]
# name 13 = v2: Voltage 2
# name 14 = wetCDOM: Fluorescence, WET Labs CDOM [mg/m^3]
# name 15 = v6: Voltage 6
# name 16 = CStarAt0: Beam Attenuation, WET Labs C-Star [1/m]
# name 17 = v3: Voltage 3
# name 18 = scan: Scan Count
# name 19 = timeM: Time, Elapsed [minutes]
# name 20 = altM: Altimeter [m]
# name 21 = sbeox0V: Oxygen raw, SBE 43 [V]
# name 22 = sbeox1V: Oxygen raw, SBE 43, 2 [V]
# name 23 = nbf: Bottles Fired
# name 24 = flag:  0.000e+00
# interval = seconds: 0.0416667
# start_time = Sep 17 2025 18:13:44 [NMEA time, header]
# bad_flag = -9.990e-29
*END*
[from data line 406]
    129.508   77.86994  177.24808    130.925    -1.0607    -1.0640  27.705613  27.696478    34.3381    34.3294    306.571    300.678    -0.1366     4.6667     0.0904     0.0904     0.0191     0.0195      93539    64.9569     100.00     2.2904     2.0086          9  0.000e+00
    129.451   77.86994  177.24808    130.867    -1.0593    -1.0642  27.706704  27.696135    34.3381    34.3292    306.556    300.925    -0.1366     4.6667     0.0891     0.0891     0.0191     0.0195      93540    64.9576     100.00     2.2904     2.0098          9  0.000e+00
    129.508   77.86994  177.24808    130.925    -1.0567    -1.0640  27.708221  27.696193    34.3371    34.3290    306.536    301.172    -0.1366     4.6667     0.0904     0.0904     0.0191     0.0195      93541    64.9583     100.00     2.2904     2.0110          9  0.000e+00
    129.508   77.86994  177.24808    130.925    -1.0558    -1.0637  27.710465  27.696078    34.3391    34.3285    306.523    301.171    -0.1366     4.6667     0.0891     0.0891     0.0191     0.0195      93542    64.9590     100.00     2.2904     2.0110          9  0.000e+00
    129.508   77.86994  177.24808    130.925    -1.0544    -1.0637  27.712224  27.696421    34.3400    34.3290    306.508    301.416    -0.1366     4.6667     0.0891     0.0891     0.0191     0.0195      93543    64.9597     100.00     2.2904     2.0123          9  0.000e+00
    129.451   77.86994  177.24808    130.867    -1.0526    -1.0636  27.714468  27.697105    34.3409    34.3298    306.278    301.411    -0.1366     4.6667     0.0891     0.0891     0.0191     0.0195      93544    64.9604     100.00     2.2892     2.0123          9  0.000e+00
    129.541   77.86994  177.24808    130.958    -1.0509    -1.0635  27.715985  27.696934    34.3410    34.3295    306.474    301.415    -0.1366     4.6667     0.0891     0.0891     0.0191     0.0195      93545    64.9611     100.00     2.2904     2.0123          9  0.000e+00
    129.451   77.86994  177.24808    130.867    -1.0504    -1.0633  27.717077  27.696991    34.3421    34.3294    306.464    301.410    -0.1366     4.6667     0.0891     0.0891     0.0191     0.0195      93546    64.9618     100.00     2.2904     2.0123          9  0.000e+00
    129.508   77.86994  177.24808    130.925    -1.0503    -1.0634  27.718351  27.697276    34.3436    34.3298    306.670    301.411    -0.1366     4.6667     0.0891     0.0891     0.0191     0.0195      93547    64.9625     100.00     2.2917     2.0123          9  0.000e+00
    129.508   77.86994  177.24808    130.925    -1.0498    -1.0637  27.719079  27.697505    34.3441    34.3305    306.248    301.166    -0.1366     4.6667     0.0891     0.0891     0.0191     0.0195      93548    64.9632     100.00     2.2892     2.0110          9  0.000e+00
    129.508   77.86994  177.24808    130.925    -1.0479    -1.0635  27.719382  27.697790    34.3423    34.3306    306.443    300.671    -0.1061     4.6667     0.0904     0.0904     0.0191     0.0208      93549    64.9639     100.00     2.2904     2.0086          9  0.000e+00
    129.451   77.86994  177.24808    130.867    -1.0444    -1.0634  27.719685  27.697904    34.3388    34.3307    306.625    300.420    -0.1366     4.6667     0.0891     0.0891     0.0191     0.0195      93550    64.9646     100.00     2.2917     2.0074          9  0.000e+00
    129.508   77.86994  177.24808    130.925    -1.0373    -1.0633  27.719745  27.697505    34.3307    34.3301    306.373    300.670    -0.1061     4.6667     0.0904     0.0904     0.0191     0.0208      93551    64.9653     100.00     2.2904     2.0086          9  0.000e+00
    129.508   77.86994  177.24808    130.925    -1.0300    -1.0637  27.719562  27.697562    34.3220    34.3305    306.535    300.672    -0.1061     4.6667     0.0904     0.0904     0.0191     0.0208      93552    64.9660     100.00     2.2917     2.0086          9  0.000e+00
    129.508   77.86994  177.24808    130.925    -1.0290    -1.0636  27.719077  27.697790    34.3203    34.3307    306.322    300.671    -0.1366     4.6667     0.0904     0.0904     0.0191     0.0195      93553    64.9667     100.00     2.2904     2.0086          9  0.000e+00
    129.484   77.86994  177.24808    130.900    -1.0321    -1.0640  27.718349  27.697904    34.3228    34.3314    306.343    300.919    -0.1366     4.6667     0.0904     0.0904     0.0191     0.0195      93554    64.9674     100.00     2.2904     2.0098          9  0.000e+00
    129.451   77.86994  177.24808    130.867    -1.0320    -1.0640  27.716711  27.697904    34.3205    34.3314    306.346    300.917    -0.1366     4.6667     0.0904     0.0904     0.0191     0.0195      93555    64.9681     100.00     2.2904     2.0098          9  0.000e+00
    129.508   77.86994  177.24808    130.925    -1.0307    -1.0641  27.714709  27.697904    34.3162    34.3314    306.555    300.920    -0.1366     4.6667     0.0904     0.0904     0.0191     0.0195      93556    64.9688     100.00     2.2917     2.0098          9  0.000e+00
    129.508   77.86994  177.24808    130.925    -1.0307    -1.0638  27.712404  27.697448    34.3131    34.3305    306.354    301.167    -0.1366     4.6667     0.0904     0.0904     0.0191     0.0195      93557    64.9694     100.00     2.2904     2.0110          9  0.000e+00
    129.451   77.86994  177.24808    130.867    -1.0384    -1.0640  27.710221  27.697162    34.3190    34.3304    306.409    301.166    -0.1366     4.6667     0.0904     0.0904     0.0191     0.0195      93558    64.9701     100.00     2.2904     2.0110          9  0.000e+00
    129.508   77.86994  177.24808    130.925    -1.0459    -1.0638  27.708948  27.696877    34.3258    34.3297    306.672    301.168    -0.1366     4.6667     0.0904     0.0904     0.0191     0.0195      93559    64.9708     100.00     2.2917     2.0110          9  0.000e+00
    129.508   77.86994  177.24808    130.925    -1.0495    -1.0637  27.708281  27.696421    34.3289    34.3290    306.281    301.416    -0.1366     4.6667     0.0904     0.0904     0.0191     0.0195      93560    64.9715     100.00     2.2892     2.0123          9  0.000e+00
    129.508   77.86994  177.24808    130.925    -1.0497    -1.0628  27.708341  27.696307    34.3292    34.3277    306.490    301.164    -0.1366     4.6667     0.0904     0.0904     0.0191     0.0195      93561    64.9722     100.00     2.2904     2.0110          9  0.000e+00
    129.508   77.86994  177.24808    130.925    -1.0483    -1.0622  27.708220  27.695907    34.3275    34.3266    306.481    300.668    -0.1366     4.6667     0.0904     0.0904     0.0191     0.0195      93562    64.9729     100.00     2.2904     2.0086          9  0.000e+00
    129.508   77.86994  177.24808    130.925    -1.0429    -1.0617  27.707916  27.695793    34.3209    34.3258    306.448    300.418    -0.1366     4.6667     0.0904     0.0904     0.0191     0.0195      93563    64.9736     100.00     2.2904     2.0074          9  0.000e+00
    129.418   77.86994  177.24808    130.834    -1.0423    -1.0611  27.707673  27.695565    34.3199    34.3249    306.649    300.412    -0.1366     4.6667     0.0904     0.0904     0.0191     0.0195      93564    64.9743     100.00     2.2917     2.0074          9  0.000e+00
    129.566   77.86994  177.24808    130.983    -1.0458    -1.0613  27.707613  27.695679    34.3238    34.3251    306.470    300.419    -0.1061     4.6667     0.0904     0.0904     0.0191     0.0208      93565    64.9750     100.00     2.2904     2.0074          9  0.000e+00
    129.451   77.86994  177.24808    130.867    -1.0495    -1.0620  27.707189  27.695793    34.3275    34.3262    306.490    300.912    -0.1366     4.6667     0.0904     0.0904     0.0191     0.0195      93566    64.9757     100.00     2.2904     2.0098          9  0.000e+00
    129.508   77.86994  177.24808    130.925    -1.0489    -1.0619  27.707431  27.696306    34.3271    34.3267    306.280    301.404    -0.1366     4.6667     0.0904     0.0904     0.0191     0.0195      93567    64.9764     100.00     2.2892     2.0123          9  0.000e+00
    129.508   77.86994  177.24808    130.925    -1.0490    -1.0617  27.707189  27.696535    34.3269    34.3268    306.698    301.402    -0.1366     4.6667     0.0904     0.0904     0.0191     0.0195      93568    64.9771     100.00     2.2917     2.0123          9  0.000e+00
    129.508   77.86994  177.24808    130.925    -1.0500    -1.0623  27.706886  27.697162    34.3276    34.3284    306.497    301.405    -0.1366     4.6667     0.0904     0.0904     0.0191     0.0195      93569    64.9778     100.00     2.2904     2.0123          9  0.000e+00
    129.451   77.86994  177.24808    130.867    -1.0483    -1.0630  27.706218  27.697333    34.3248    34.3295    306.485    300.913    -0.1366     4.6667     0.0904     0.0904     0.0191     0.0195      93570    64.9785     100.00     2.2904     2.0098          9  0.000e+00
    129.508   77.86994  177.24808    130.925    -1.0450    -1.0635  27.705672  27.697733    34.3203    34.3306    306.261    300.424    -0.1366     4.6667     0.0904     0.0904     0.0191     0.0195      93571    64.9792     100.00     2.2892     2.0074          9  0.000e+00
    129.508   77.86994  177.24808    130.925    -1.0396    -1.0641  27.705126  27.697904    34.3134    34.3314    306.436    300.180    -0.1366     4.6679     0.0904     0.0904     0.0180     0.0195      93572    64.9799     100.00     2.2904     2.0061          9  0.000e+00
    129.451   77.86994  177.24810    130.867    -1.0375    -1.0643  27.705004  27.697904    34.3108    34.3317    306.420    300.179    -0.1366     4.6667     0.0904     0.0904     0.0191     0.0195      93573    64.9806     100.00     2.2904     2.0061          9  0.000e+00
    114.992   77.86998  177.24844    116.246    -1.2349    -1.2418  27.474724  27.464356    34.2302    34.2239    307.601    303.656    -0.1366     4.6667     0.0916     0.0916     0.0191     0.0195      95173    66.0917     100.00     2.2890     2.0170         10  0.000e+00
    114.910   77.86998  177.24844    116.163    -1.2359    -1.2423  27.474845  27.464299    34.2315    34.2244    307.813    303.408    -0.1366     4.6667     0.0916     0.0916     0.0191     0.0195      95174    66.0924     100.00     2.2902     2.0158         10  0.000e+00
    114.935   77.86998  177.24844    116.188    -1.2357    -1.2422  27.475026  27.464072    34.2315    34.2239    307.393    303.657    -0.1366     4.6667     0.0916     0.0916     0.0191     0.0195      95175    66.0931      99.49     2.2878     2.0170         10  0.000e+00
    114.968   77.86998  177.24844    116.221    -1.2362    -1.2418  27.475268  27.464356    34.2324    34.2239    307.397    303.655    -0.1366     4.6654     0.0916     0.0916     0.0201     0.0195      95176    66.0938      98.78     2.2878     2.0170         10  0.000e+00
    114.968   77.86998  177.24844    116.221    -1.2366    -1.2418  27.475147  27.464527    34.2327    34.2241    307.610    303.407    -0.1366     4.6667     0.0916     0.0916     0.0191     0.0195      95177    66.0944      98.71     2.2890     2.0158         10  0.000e+00
    114.935   77.86998  177.24844    116.188    -1.2356    -1.2418  27.475450  27.464356    34.2320    34.2239    307.601    303.158    -0.1061     4.6667     0.0916     0.0916     0.0191     0.0208      95178    66.0951      98.73     2.2890     2.0145         10  0.000e+00
    114.968   77.86998  177.24844    116.221    -1.2343    -1.2414  27.475389  27.464641    34.2304    34.2238    307.594    303.156    -0.1366     4.6667     0.0916     0.0916     0.0191     0.0195      95179    66.0958      98.75     2.2890     2.0145         10  0.000e+00
    114.992   77.86998  177.24844    116.246    -1.2335    -1.2417  27.475329  27.464584    34.2295    34.2240    307.381    303.159    -0.1366     4.6667     0.0928     0.0928     0.0191     0.0195      95180    66.0965      98.75     2.2878     2.0145         10  0.000e+00
    114.910   77.86998  177.24844    116.163    -1.2330    -1.2415  27.475570  27.464527    34.2292    34.2238    307.582    302.907    -0.1366     4.6667     0.0916     0.0916     0.0191     0.0195      95181    66.0972      99.76     2.2890     2.0133         10  0.000e+00
    114.968   77.86998  177.24844    116.221    -1.2337    -1.2411  27.475389  27.464697    34.2297    34.2235    307.590    302.906    -0.1061     4.6667     0.0916     0.0916     0.0191     0.0208      95182    66.0979     100.00     2.2890     2.0133         10  0.000e+00
    114.935   77.86998  177.24844    116.188    -1.2343    -1.2411  27.475328  27.464982    34.2303    34.2239    307.592    302.904    -0.1366     4.6667     0.0928     0.0928     0.0191     0.0195      95183    66.0986     100.00     2.2890     2.0133         10  0.000e+00
    114.968   77.86998  177.24844    116.221    -1.2343    -1.2408  27.475329  27.464868    34.2303    34.2234    307.385    302.904    -0.1366     4.6667     0.0916     0.0916     0.0191     0.0195      95184    66.0993     100.00     2.2878     2.0133         10  0.000e+00
    114.935   77.86998  177.24844    116.188    -1.2345    -1.2408  27.475570  27.464185    34.2310    34.2225    307.384    302.905    -0.1061     4.6667     0.0916     0.0916     0.0191     0.0208      95185    66.1000     100.00     2.2878     2.0133         10  0.000e+00
    114.968   77.86998  177.24844    116.221    -1.2338    -1.2412  27.475994  27.464186    34.2307    34.2229    307.589    302.661    -0.1366     4.6667     0.0916     0.0916     0.0191     0.0195      95186    66.1007     100.00     2.2890     2.0121         10  0.000e+00
    114.968   77.86998  177.24844    116.221    -1.2334    -1.2417  27.476115  27.464072    34.2304    34.2233    307.376    302.417    -0.1366     4.6667     0.0916     0.0916     0.0191     0.0195      95187    66.1014     100.00     2.2878     2.0109         10  0.000e+00
    114.935   77.86998  177.24844    116.188    -1.2324    -1.2423  27.475752  27.463788    34.2287    34.2237    307.369    302.420    -0.1366     4.6667     0.0916     0.0916     0.0191     0.0195      95188    66.1021     100.00     2.2878     2.0109         10  0.000e+00
    114.968   77.86998  177.24844    116.221    -1.2326    -1.2422  27.475449  27.463731    34.2286    34.2234    307.373    302.669    -0.1061     4.6667     0.0916     0.0916     0.0191     0.0208      95189    66.1028     100.00     2.2878     2.0121         10  0.000e+00
    114.910   77.86998  177.24844    116.163    -1.2323    -1.2423  27.475328  27.463731    34.2281    34.2236    307.369    302.667    -0.1366     4.6654     0.0916     0.0916     0.0201     0.0195      95190    66.1035     100.00     2.2878     2.0121         10  0.000e+00
    114.992   77.86998  177.24844    116.246    -1.2319    -1.2424  27.475328  27.463901    34.2276    34.2239    307.579    302.423    -0.1366     4.6667     0.0916     0.0916     0.0191     0.0195      95191    66.1042     100.00     2.2890     2.0109         10  0.000e+00
    114.968   77.86998  177.24844    116.221    -1.2320    -1.2422  27.475147  27.464015    34.2274    34.2238    307.370    301.925    -0.1366     4.6667     0.0916     0.0916     0.0191     0.0195      95192    66.1049     100.00     2.2878     2.0084         10  0.000e+00
    114.935   77.86998  177.24844    116.188    -1.2321    -1.2418  27.475086  27.464186    34.2276    34.2237    307.370    301.673    -0.1366     4.6667     0.0928     0.0928     0.0191     0.0195      95193    66.1056     100.00     2.2878     2.0072         10  0.000e+00
    114.968   77.86998  177.24844    116.221    -1.2323    -1.2414  27.474724  27.464072    34.2272    34.2230    307.373    301.424    -0.1061     4.6667     0.0916     0.0916     0.0191     0.0208      95194    66.1063     100.00     2.2878     2.0060         10  0.000e+00
