Continuous CTD Data/01_SBE Stage/nabos_32_01.ros
* Sea-Bird SBE 9 Data File:
* FileName = D:\CTD\data\HLY2502\raw\NABOS_32_01.hex
* Software Version Seasave V 7.26.7.110
* Temperature SN = 6954
* Conductivity SN = 2561
* Number of Bytes Per Scan = 37
* Number of Voltage Words = 4
* Number of Scans Averaged by the Deck Unit = 1
* NMEA Latitude = 79 56.86 N
* NMEA Longitude = 142 14.59 E
* NMEA UTC (Time) = Sep 23 2025  08:48:42
* NMEA baud rate = 9600
** Ship: USCG HEALY
** Bot. Depth:  1374
** Cast Number:  01
** Station Name:  NABOS
** Station Number:  32
** Operator:  STARC
** 250 m Ra cast
# nquan = 25
# nvalues = 1176                                  
# units = specified
# name 0 = depSM: Depth [salt water, m]
# name 1 = latitude: Latitude [deg]
# name 2 = longitude: Longitude [deg]
# name 3 = prDM: Pressure, Digiquartz [db]
# name 4 = t090C: Temperature [ITS-90, deg C]
# name 5 = t190C: Temperature, 2 [ITS-90, deg C]
# name 6 = c0mS/cm: Conductivity [mS/cm]
# name 7 = c1mS/cm: Conductivity, 2 [mS/cm]
# name 8 = sal00: Salinity, Practical [PSU]
# name 9 = sal11: Salinity, Practical, 2 [PSU]
# name 10 = sbox0Mm/Kg: Oxygen, SBE 43 [umol/kg]
# name 11 = sbox1Mm/Kg: Oxygen, SBE 43, 2 [umol/kg]
# name 12 = flECO-AFL: Fluorescence, WET Labs ECO-AFL/FL [mg/m^3]
# name 13 = v2: Voltage 2
# name 14 = wetCDOM: Fluorescence, WET Labs CDOM [mg/m^3]
# name 15 = v6: Voltage 6
# name 16 = CStarAt0: Beam Attenuation, WET Labs C-Star [1/m]
# name 17 = v3: Voltage 3
# name 18 = scan: Scan Count
# name 19 = timeM: Time, Elapsed [minutes]
# name 20 = altM: Altimeter [m]
# name 21 = sbeox0V: Oxygen raw, SBE 43 [V]
# name 22 = sbeox1V: Oxygen raw, SBE 43, 2 [V]
# name 23 = nbf: Bottles Fired
# name 24 = flag:  0.000e+00
# interval = seconds: 0.0416667
# start_time = Sep 23 2025 08:48:42 [NMEA time, header]
# bad_flag = -9.990e-29
*END*
[from data line 1102]
     20.075   79.94730  142.22362     20.291    -0.8717    -0.8721  25.943274  25.940826    31.8056    31.8027    357.800    349.152     0.2908     4.5372     0.1245     0.1245     0.1317     0.0366      32568    22.6160     100.00     2.5917     2.2497         23  0.000e+00
     20.092   79.94730  142.22362     20.307    -0.8717    -0.8718  25.943037  25.940770    31.8052    31.8023    357.802    349.151     0.2908     4.5372     0.1245     0.1245     0.1317     0.0366      32569    22.6167     100.00     2.5917     2.2497         23  0.000e+00
     20.018   79.94730  142.22362     20.233    -0.8720    -0.8720  25.943155  25.941104    31.8058    31.8030    357.801    349.148     0.2908     4.5372     0.1245     0.1245     0.1317     0.0366      32570    22.6174     100.00     2.5917     2.2497         23  0.000e+00
     20.075   79.94730  142.22362     20.291    -0.8718    -0.8720  25.943215  25.941272    31.8057    31.8032    358.010    349.150     0.2908     4.5372     0.1245     0.1245     0.1317     0.0366      32571    22.6181     100.00     2.5929     2.2497         23  0.000e+00
     20.026   79.94730  142.22360     20.241    -0.8715    -0.8720  25.943392  25.941272    31.8056    31.8032    357.796    349.147     0.2908     4.5372     0.1245     0.1245     0.1317     0.0366      32572    22.6187     100.00     2.5917     2.2497         23  0.000e+00
     20.075   79.94730  142.22360     20.291    -0.8718    -0.8721  25.943274  25.941439    31.8057    31.8035    357.802    349.150     0.2908     4.5372     0.1245     0.1245     0.1317     0.0366      32573    22.6194     100.00     2.5917     2.2497         23  0.000e+00
     20.018   79.94730  142.22360     20.233    -0.8715    -0.8717  25.943037  25.941494    31.8051    31.8032    357.797    349.144     0.2908     4.5385     0.1245     0.1245     0.1306     0.0366      32574    22.6201     100.00     2.5917     2.2497         23  0.000e+00
     20.075   79.94730  142.22360     20.291    -0.8720    -0.8721  25.943155  25.941105    31.8058    31.8031    357.803    349.151     0.2908     4.5385     0.1245     0.1245     0.1306     0.0366      32575    22.6208     100.00     2.5917     2.2497         23  0.000e+00
     20.026   79.94730  142.22360     20.241    -0.8717    -0.8720  25.943037  25.940826    31.8053    31.8026    357.591    349.149     0.2908     4.5385     0.1245     0.1245     0.1306     0.0366      32576    22.6215     100.00     2.5905     2.2497         23  0.000e+00
     20.075   79.94730  142.22360     20.291    -0.8718    -0.8720  25.943333  25.941272    31.8058    31.8032    357.801    349.150     0.2908     4.5397     0.1245     0.1245     0.1295     0.0366      32577    22.6222     100.00     2.5917     2.2497         23  0.000e+00
     20.075   79.94730  142.22360     20.291    -0.8717    -0.8726  25.943274  25.942999    31.8056    31.8061    357.800    349.148     0.2908     4.5385     0.1245     0.1245     0.1306     0.0366      32578    22.6229     100.00     2.5917     2.2497         23  0.000e+00
     20.026   79.94730  142.22360     20.241    -0.8715    -0.8727  25.943392  25.944614    31.8056    31.8085    357.797    349.140     0.2908     4.5385     0.1245     0.1245     0.1306     0.0366      32579    22.6236     100.00     2.5917     2.2497         23  0.000e+00
     20.075   79.94730  142.22360     20.291    -0.8717    -0.8727  25.943274  25.944837    31.8056    31.8087    357.800    349.142     0.2908     4.5385     0.1245     0.1245     0.1306     0.0366      32580    22.6243     100.00     2.5917     2.2497         23  0.000e+00
     20.075   79.94730  142.22360     20.290    -0.8717    -0.8727  25.943215  25.946452    31.8055    31.8110    357.800    349.136     0.2908     4.5385     0.1245     0.1245     0.1306     0.0366      32581    22.6250     100.00     2.5917     2.2497         23  0.000e+00
     20.075   79.94730  142.22360     20.290    -0.8715    -0.8731  25.943037  25.948903    31.8051    31.8147    357.800    349.130     0.2908     4.5385     0.1245     0.1245     0.1306     0.0366      32582    22.6257     100.00     2.5917     2.2497         23  0.000e+00
     20.026   79.94730  142.22360     20.241    -0.8718    -0.8736  25.943333  25.951745    31.8058    31.8191    357.798    349.368     0.2908     4.5385     0.1245     0.1245     0.1306     0.0366      32583    22.6264     100.00     2.5917     2.2509         23  0.000e+00
     20.075   79.94730  142.22360     20.290    -0.8715    -0.8748  25.942918  25.957539    31.8050    31.8281    357.593    349.604     0.2908     4.5385     0.1245     0.1245     0.1306     0.0366      32584    22.6271     100.00     2.5905     2.2522         23  0.000e+00
     20.075   79.94730  142.22360     20.290    -0.8715    -0.8761  25.943274  25.962888    31.8054    31.8367    357.799    349.347     0.2908     4.5385     0.1245     0.1245     0.1306     0.0366      32585    22.6278     100.00     2.5917     2.2509         23  0.000e+00
     20.091   79.94730  142.22360     20.307    -0.8717    -0.8762  25.943274  25.963724    31.8056    31.8379    357.801    349.346     0.2908     4.5385     0.1245     0.1245     0.1306     0.0366      32586    22.6285     100.00     2.5917     2.2509         23  0.000e+00
     20.075   79.94730  142.22360     20.290    -0.8715    -0.8768  25.943215  25.963278    31.8054    31.8380    357.800    349.352     0.2908     4.5385     0.1245     0.1245     0.1306     0.0366      32587    22.6292     100.00     2.5917     2.2509         23  0.000e+00
     20.075   79.94730  142.22360     20.290    -0.8718    -0.8762  25.943037  25.957985    31.8054    31.8302    357.802    349.367     0.2908     4.5385     0.1245     0.1245     0.1306     0.0366      32588    22.6299     100.00     2.5917     2.2509         23  0.000e+00
     20.025   79.94730  142.22360     20.241    -0.8717    -0.8750  25.942978  25.950798    31.8052    31.8193    357.799    349.381     0.2908     4.5385     0.1245     0.1245     0.1306     0.0366      32589    22.6306     100.00     2.5917     2.2509         23  0.000e+00
     20.075   79.94730  142.22360     20.290    -0.8715    -0.8741  25.942978  25.948124    31.8051    31.8147    357.800    349.387     0.3213     4.5385     0.1258     0.1258     0.1306     0.0379      32590    22.6313     100.00     2.5917     2.2509         23  0.000e+00
     20.132   79.94730  142.22360     20.348    -0.8717    -0.8741  25.942978  25.950018    31.8051    31.8172    358.012    349.383     0.2908     4.5385     0.1258     0.1258     0.1306     0.0366      32591    22.6319     100.00     2.5929     2.2509         23  0.000e+00
     20.017   79.94730  142.22360     20.232    -0.8714    -0.8744  25.943155  25.953806    31.8051    31.8227    357.796    349.365     0.2908     4.5385     0.1258     0.1258     0.1306     0.0366      32592    22.6326     100.00     2.5917     2.2509         23  0.000e+00
     20.014   79.94728  142.22350     20.229    -0.8727    -0.8717  25.939424  25.939266    31.8015    31.8002    357.612    349.644     0.2908     4.5385     0.1245     0.1245     0.1306     0.0366      32720    22.7215     100.00     2.5905     2.2521         24  0.000e+00
     20.014   79.94728  142.22350     20.229    -0.8728    -0.8718  25.939424  25.939266    31.8016    31.8003    357.612    349.645     0.2908     4.5385     0.1245     0.1245     0.1306     0.0366      32721    22.7222     100.00     2.5905     2.2521         24  0.000e+00
     20.087   79.94728  142.22350     20.303    -0.8729    -0.8720  25.939958  25.939991    31.8024    31.8015    357.615    349.401     0.2908     4.5385     0.1245     0.1245     0.1306     0.0366      32722    22.7229     100.00     2.5905     2.2509         24  0.000e+00
     20.014   79.94728  142.22350     20.229    -0.8739    -0.8720  25.944873  25.941216    31.8102    31.8031    357.392    349.639     0.2908     4.5385     0.1245     0.1245     0.1306     0.0366      32723    22.7236     100.00     2.5893     2.2521         24  0.000e+00
     20.014   79.94728  142.22350     20.229    -0.8760    -0.8724  25.954409  25.941327    31.8252    31.8038    357.580    349.642     0.2908     4.5372     0.1245     0.1245     0.1317     0.0366      32724    22.7243     100.00     2.5905     2.2521         24  0.000e+00
     20.071   79.94728  142.22350     20.287    -0.8769    -0.8726  25.957252  25.943667    31.8300    31.8070    357.580    349.637     0.2908     4.5385     0.1245     0.1245     0.1306     0.0366      32725    22.7250     100.00     2.5905     2.2521         24  0.000e+00
     20.022   79.94728  142.22350     20.237    -0.8763    -0.8728  25.952573  25.945115    31.8230    31.8093    357.590    349.632     0.2908     4.5385     0.1245     0.1245     0.1306     0.0366      32726    22.7257     100.00     2.5905     2.2521         24  0.000e+00
     20.013   79.94728  142.22350     20.228    -0.8752    -0.8730  25.946827  25.943778    31.8141    31.8077    357.603    349.638     0.2908     4.5385     0.1245     0.1245     0.1306     0.0366      32727    22.7264     100.00     2.5905     2.2521         24  0.000e+00
     20.013   79.94728  142.22350     20.228    -0.8743    -0.8728  25.943155  25.941550    31.8083    31.8045    357.610    349.645     0.2908     4.5385     0.1245     0.1245     0.1306     0.0366      32728    22.7271     100.00     2.5905     2.2521         24  0.000e+00
     20.087   79.94728  142.22350     20.303    -0.8737    -0.8727  25.941497  25.940603    31.8053    31.8031    357.615    349.651     0.2908     4.5385     0.1245     0.1245     0.1306     0.0366      32729    22.7278     100.00     2.5905     2.2521         24  0.000e+00
     20.071   79.94728  142.22350     20.286    -0.8734    -0.8726  25.940254  25.940102    31.8033    31.8022    357.616    349.651     0.2908     4.5385     0.1245     0.1245     0.1306     0.0366      32730    22.7285     100.00     2.5905     2.2521         24  0.000e+00
     20.013   79.94728  142.22350     20.228    -0.8730    -0.8723  25.940135  25.940937    31.8028    31.8031    357.403    349.642     0.2908     4.5385     0.1245     0.1245     0.1306     0.0366      32731    22.7292     100.00     2.5893     2.2521         24  0.000e+00
     20.071   79.94728  142.22350     20.286    -0.8729    -0.8734  25.940017  25.945951    31.8025    31.8111    357.405    349.882     0.2908     4.5385     0.1245     0.1245     0.1306     0.0366      32732    22.7299     100.00     2.5893     2.2534         24  0.000e+00
     20.021   79.94728  142.22350     20.237    -0.8723    -0.8747  25.939957  25.950352    31.8018    31.8184    357.399    349.873     0.2908     4.5385     0.1245     0.1245     0.1306     0.0366      32733    22.7306     100.00     2.5893     2.2534         24  0.000e+00
     20.071   79.94728  142.22350     20.286    -0.8723    -0.8744  25.939957  25.951689    31.8018    31.8198    357.609    349.868     0.2908     4.5385     0.1245     0.1245     0.1306     0.0366      32734    22.7312     100.00     2.5905     2.2534         24  0.000e+00
     20.071   79.94728  142.22350     20.286    -0.8721    -0.8758  25.939780  25.957260    31.8013    31.8288    357.608    349.612     0.2908     4.5372     0.1245     0.1245     0.1317     0.0366      32735    22.7319     100.00     2.5905     2.2521         24  0.000e+00
     20.021   79.94728  142.22350     20.236    -0.8720    -0.8776  25.939720  25.964894    31.8012    31.8410    357.397    349.595     0.2908     4.5372     0.1245     0.1245     0.1317     0.0366      32736    22.7326     100.00     2.5893     2.2521         24  0.000e+00
     20.071   79.94728  142.22350     20.286    -0.8723    -0.8788  25.939898  25.968293    31.8017    31.8469    357.609    349.594     0.2908     4.5372     0.1233     0.1233     0.1317     0.0366      32737    22.7333     100.00     2.5905     2.2521         24  0.000e+00
     20.071   79.94728  142.22350     20.286    -0.8723    -0.8790  25.940313  25.966900    31.8023    31.8452    357.400    349.354     0.2908     4.5372     0.1245     0.1245     0.1317     0.0366      32738    22.7340     100.00     2.5893     2.2509         24  0.000e+00
     20.087   79.94728  142.22350     20.303    -0.8723    -0.8780  25.944162  25.961272    31.8075    31.8366    357.594    349.615     0.2908     4.5372     0.1245     0.1245     0.1317     0.0366      32739    22.7347     100.00     2.5905     2.2521         24  0.000e+00
     20.070   79.94728  142.22350     20.286    -0.8745    -0.8767  25.952987  25.953361    31.8217    31.8245    357.369    349.633     0.2908     4.5372     0.1245     0.1245     0.1317     0.0366      32740    22.7354     100.00     2.5893     2.2521         24  0.000e+00
     20.013   79.94728  142.22350     20.228    -0.8761    -0.8755  25.961576  25.947678    31.8350    31.8156    357.346    349.642     0.2908     4.5372     0.1245     0.1245     0.1317     0.0366      32741    22.7361     100.00     2.5893     2.2521         24  0.000e+00
     20.128   79.94728  142.22350     20.344    -0.8774    -0.8745  25.968093  25.944781    31.8451    31.8106    357.337    349.651     0.2908     4.5372     0.1245     0.1245     0.1317     0.0366      32742    22.7368     100.00     2.5893     2.2521         24  0.000e+00
     20.087   79.94728  142.22350     20.303    -0.8795    -0.8739  25.974907  25.943723    31.8565    31.8086    357.325    349.648     0.2602     4.5372     0.1245     0.1245     0.1317     0.0354      32743    22.7375     100.00     2.5893     2.2521         24  0.000e+00
     20.070   79.94728  142.22350     20.286    -0.8800    -0.8739  25.977277  25.943723    31.8603    31.8086    357.528    349.648     0.2908     4.5372     0.1245     0.1245     0.1317     0.0366      32744    22.7382     100.00     2.5905     2.2521         24  0.000e+00
     20.070   79.94728  142.22350     20.286    -0.8791    -0.8737  25.970048  25.944670    31.8495    31.8097    357.340    349.643     0.2908     4.5372     0.1245     0.1245     0.1317     0.0366      32745    22.7389     100.00     2.5893     2.2521         24  0.000e+00
     20.021   79.94728  142.22350     20.236    -0.8773    -0.8739  25.962110  25.948625    31.8370    31.8152    357.562    349.627     0.2908     4.5372     0.1245     0.1245     0.1317     0.0366      32746    22.7396     100.00     2.5905     2.2521         24  0.000e+00
     20.070   79.94728  142.22350     20.286    -0.8760    -0.8750  25.956897  25.953918    31.8285    31.8234    357.365    349.618     0.2908     4.5372     0.1245     0.1245     0.1317     0.0366      32747    22.7403     100.00     2.5893     2.2521         24  0.000e+00
     20.128   79.94728  142.22350     20.344    -0.8749    -0.8756  25.953284  25.955645    31.8225    31.8264    357.374    349.619     0.2908     4.5372     0.1245     0.1245     0.1317     0.0366      32748    22.7410     100.00     2.5893     2.2521         24  0.000e+00
     20.070   79.94728  142.22350     20.286    -0.8750    -0.8759  25.955357  25.955478    31.8254    31.8265    357.363    349.373     0.2908     4.5372     0.1245     0.1245     0.1317     0.0366      32749    22.7417     100.00     2.5893     2.2509         24  0.000e+00
     20.087   79.94728  142.22350     20.302    -0.8757    -0.8759  25.960392  25.954196    31.8329    31.8248    357.351    349.378     0.2908     4.5372     0.1245     0.1245     0.1317     0.0366      32750    22.7424     100.00     2.5893     2.2509         24  0.000e+00
     20.070   79.94728  142.22350     20.286    -0.8766    -0.8756  25.963531  25.952803    31.8382    31.8226    357.345    349.380     0.2908     4.5372     0.1245     0.1245     0.1317     0.0366      32751    22.7431     100.00     2.5893     2.2509         24  0.000e+00
