Continuous CTD Data/01_SBE Stage/nabos_07_01avg.cnv
* Sea-Bird SBE 9 Data File:
* FileName = D:\CTD\data\HLY2502\raw\NABOS_07_01.hex
* Software Version Seasave V 7.26.7.110
* Temperature SN = 6954
* Conductivity SN = 2561
* Number of Bytes Per Scan = 37
* Number of Voltage Words = 4
* Number of Scans Averaged by the Deck Unit = 1
* NMEA Latitude = 75 42.14 N
* NMEA Longitude = 175 33.10 E
* NMEA UTC (Time) = Sep 12 2025  03:58:17
* NMEA baud rate = 9600
** Ship: USCG HEALY
** Bot. Depth:  259
** Cast Number:  01
** Station Name:  NABOS
** Station Number:  07
** Operator:  STARC
** Ra cast, target depth 250 m
# nquan = 25
# nvalues = 249                         
# units = specified
# name 0 = depSM: Depth [salt water, m]
# name 1 = latitude: Latitude [deg]
# name 2 = longitude: Longitude [deg]
# name 3 = prDM: Pressure, Digiquartz [db]
# name 4 = t090C: Temperature [ITS-90, deg C]
# name 5 = t190C: Temperature, 2 [ITS-90, deg C]
# name 6 = c0mS/cm: Conductivity [mS/cm]
# name 7 = c1mS/cm: Conductivity, 2 [mS/cm]
# name 8 = sal00: Salinity, Practical [PSU]
# name 9 = sal11: Salinity, Practical, 2 [PSU]
# name 10 = sbox0Mm/Kg: Oxygen, SBE 43 [umol/kg]
# name 11 = sbox1Mm/Kg: Oxygen, SBE 43, 2 [umol/kg]
# name 12 = flECO-AFL: Fluorescence, WET Labs ECO-AFL/FL [mg/m^3]
# name 13 = v2: Voltage 2
# name 14 = wetCDOM: Fluorescence, WET Labs CDOM [mg/m^3]
# name 15 = v6: Voltage 6
# name 16 = CStarAt0: Beam Attenuation, WET Labs C-Star [1/m]
# name 17 = v3: Voltage 3
# name 18 = scan: Scan Count
# name 19 = timeM: Time, Elapsed [minutes]
# name 20 = altM: Altimeter [m]
# name 21 = sbeox0V: Oxygen raw, SBE 43 [V]
# name 22 = sbeox1V: Oxygen raw, SBE 43, 2 [V]
# name 23 = nbin: number of scans per bin
# name 24 = flag: flag
# span 0 =      2.969,    248.234       
# span 1 =   75.70198,   75.70241       
# span 2 =  175.55359,  175.56143       
# span 3 =      3.000,    251.000       
# span 4 =    -1.6401,     0.7460       
# span 5 =    -1.6394,     0.7462       
# span 6 =  22.405303,  29.597737       
# span 7 =  22.404383,  29.596213       
# span 8 =    27.5969,    34.7411       
# span 9 =    27.5952,    34.7389       
# span 10 =    275.231,    377.495      
# span 11 =    268.554,    367.832      
# span 12 =    -0.1689,     0.3635      
# span 13 =     4.1383,     4.6653      
# span 14 =     0.0886,     0.1239      
# span 15 =     0.0886,     0.1239      
# span 16 =     0.0202,     0.5001      
# span 17 =     0.0182,     0.0396      
# span 18 =       2287,      16157      
# span 19 =     1.5876,    11.2191      
# span 20 =      10.28,     100.00      
# span 21 =     2.1740,     2.6415      
# span 22 =     1.9051,     2.2852      
# span 23 =         13,         31      
# span 24 = 0.0000e+00, 0.0000e+00      
# interval = decibars: 1                
# start_time = Sep 12 2025 03:58:17 [NMEA time, header]
# bad_flag = -9.990e-29
*END*
[from data line 174]
    175.081   75.70222  175.56002    177.000    -0.2168    -0.2164  28.592958  28.591676    34.5474    34.5452    296.454    289.113    -0.1631     4.6645     0.1008     0.1008     0.0209     0.0185      11439     7.9430      76.68     2.2674     1.9814         16 0.0000e+00
    176.069   75.70222  175.56002    178.000    -0.2066    -0.2044  28.603500  28.603197    34.5492    34.5464    296.427    289.264    -0.1347     4.6642     0.1007     0.1007     0.0212     0.0196      11483     7.9738      75.84     2.2675     1.9824         19 0.0000e+00
    177.058   75.70222  175.56004    179.000    -0.1915    -0.1885  28.619492  28.620274    34.5529    34.5505    296.319    289.219    -0.1435     4.6647     0.0997     0.0997     0.0207     0.0192      11555     8.0239      75.24     2.2675     1.9828         23 0.0000e+00
    178.047   75.70224  175.56006    180.000    -0.1745    -0.1737  28.637160  28.636216    34.5565    34.5544    296.258    288.664    -0.1398     4.6644     0.0998     0.0998     0.0210     0.0194      11607     8.0600      75.25     2.2678     1.9805         18 0.0000e+00
    179.036   75.70224  175.56007    181.000    -0.1612    -0.1603  28.650750  28.649751    34.5590    34.5567    296.204    288.690    -0.1316     4.6651     0.1008     0.1008     0.0204     0.0197      11646     8.0866      74.06     2.2680     1.9810         19 0.0000e+00
    180.024   75.70224  175.56009    182.000    -0.1473    -0.1452  28.665165  28.664876    34.5619    34.5590    295.914    288.560    -0.1347     4.6647     0.1010     0.1010     0.0207     0.0196      11689     8.1166      72.80     2.2668     1.9808         17 0.0000e+00
    181.013   75.70224  175.56010    183.000    -0.1314    -0.1271  28.681060  28.682888    34.5644    34.5620    295.859    288.380    -0.1405     4.6648     0.1022     0.1022     0.0206     0.0193      11747     8.1572      71.49     2.2671     1.9805         16 0.0000e+00
    182.002   75.70224  175.56012    184.000    -0.0906    -0.0888  28.722368  28.722403    34.5726    34.5706    295.646    288.525    -0.1592     4.6650     0.1017     0.1017     0.0205     0.0186      11808     8.1994      70.27     2.2678     1.9828         19 0.0000e+00
    182.990   75.70224  175.56014    185.000    -0.0739    -0.0729  28.739550  28.738727    34.5759    34.5737    295.647    288.265    -0.1570     4.6653     0.1003     0.1003     0.0202     0.0187      11852     8.2297      69.82     2.2685     1.9820         15 0.0000e+00
    183.979   75.70225  175.56015    186.000    -0.0549    -0.0537  28.758851  28.758318    34.5796    34.5775    295.700    288.204    -0.1422     4.6650     0.1001     0.1001     0.0204     0.0193      11892     8.2580      76.63     2.2696     1.9824         16 0.0000e+00
    184.968   75.70226  175.56016    187.000    -0.0505    -0.0459  28.763578  28.764265    34.5802    34.5759    295.789    288.133    -0.1579     4.6647     0.0986     0.0986     0.0207     0.0187      11944     8.2934      79.25     2.2701     1.9821         16 0.0000e+00
    185.956   75.70226  175.56018    188.000    -0.0276    -0.0245  28.786790  28.787812    34.5845    34.5824    295.521    288.160    -0.1527     4.6650     0.0973     0.0973     0.0205     0.0189      12010     8.3396      77.92     2.2695     1.9831         17 0.0000e+00
    186.945   75.70226  175.56019    189.000    -0.0026     0.0015  28.814480  28.816398    34.5924    34.5903    295.090    287.735    -0.1518     4.6645     0.0978     0.0978     0.0209     0.0189      12057     8.3725      76.83     2.2681     1.9819         14 0.0000e+00
    187.934   75.70226  175.56021    190.000     0.0799     0.0817  28.894825  28.894214    34.6051    34.6023    294.212    287.371    -0.1363     4.6647     0.1001     0.1001     0.0208     0.0195      12097     8.3997      75.83     2.2670     1.9835         18 0.0000e+00
    188.922   75.70226  175.56022    191.000     0.0932     0.0989  28.909141  28.909034    34.6084    34.6018    294.003    286.927    -0.1459     4.6648     0.1008     0.1008     0.0206     0.0191      12143     8.4322      74.72     2.2663     1.9817         19 0.0000e+00
    189.911   75.70227  175.56024    192.000     0.1013     0.1067  28.916153  28.918917    34.6079    34.6055    293.182    286.416    -0.1478     4.6646     0.1004     0.1004     0.0209     0.0191      12207     8.4766      73.57     2.2615     1.9793         19 0.0000e+00
    190.900   75.70228  175.56026    193.000     0.1120     0.1122  28.928579  28.927309    34.6117    34.6097    292.662    285.740    -0.1440     4.6642     0.1003     0.1003     0.0212     0.0192      12261     8.5138      72.38     2.2588     1.9759         16 0.0000e+00
    191.888   75.70228  175.56027    194.000     0.1388     0.1398  28.955654  28.954643    34.6166    34.6141    292.310    285.127    -0.1451     4.6643     0.1009     0.1009     0.0211     0.0192      12302     8.5423      71.25     2.2578     1.9738         18 0.0000e+00
    192.877   75.70228  175.56028    195.000     0.1501     0.1506  28.966868  28.964919    34.6180    34.6150    291.953    284.846    -0.1569     4.6642     0.1002     0.1002     0.0212     0.0187      12348     8.5742      70.05     2.2560     1.9727         21 0.0000e+00
    193.866   75.70228  175.56030    196.000     0.1543     0.1558  28.971536  28.970259    34.6189    34.6155    291.276    284.170    -0.1389     4.6640     0.1023     0.1023     0.0214     0.0194      12408     8.6156      65.72     2.2520     1.9692         19 0.0000e+00
    194.854   75.70228  175.56031    197.000     0.1626     0.1629  28.980611  28.979227    34.6209    34.6187    290.750    283.442    -0.1689     4.6639     0.1012     0.1012     0.0214     0.0182      12461     8.6525      66.02     2.2490     1.9657         16 0.0000e+00
    195.843   75.70228  175.56033    198.000     0.1952     0.1972  29.014527  29.014125    34.6282    34.6255    290.301    282.996    -0.1628     4.6637     0.0997     0.0997     0.0216     0.0185      12502     8.6814      55.32     2.2478     1.9648         20 0.0000e+00
    196.832   75.70228  175.56034    199.000     0.2192     0.2208  29.036931  29.035511    34.6302    34.6265    289.837    282.970    -0.1324     4.6641     0.1010     0.1010     0.0213     0.0197      12550     8.7146      54.90     2.2460     1.9654         18 0.0000e+00
    197.820   75.70230  175.56036    200.000     0.2418     0.2474  29.059663  29.062014    34.6341    34.6308    288.959    282.161    -0.1593     4.6633     0.1011     0.1011     0.0219     0.0186      12615     8.7594      53.45     2.2417     1.9623         23 0.0000e+00
    198.809   75.70230  175.56037    201.000     0.2765     0.2773  29.095173  29.094430    34.6412    34.6392    288.549    281.689    -0.1685     4.6631     0.1020     0.1020     0.0221     0.0182      12663     8.7927      53.91     2.2408     1.9610         19 0.0000e+00
    199.797   75.70230  175.56038    202.000     0.2964     0.2970  29.115881  29.114469    34.6453    34.6429    288.169    281.179    -0.1454     4.6629     0.0985     0.0985     0.0222     0.0192      12702     8.8200      49.32     2.2393     1.9591         24 0.0000e+00
    200.786   75.70230  175.56040    203.000     0.3043     0.3137  29.123652  29.128254    34.6461    34.6416    287.844    280.942    -0.1415     4.6630     0.0986     0.0986     0.0222     0.0193      12753     8.8555      47.51     2.2376     1.9583         31 0.0000e+00
    201.775   75.70230  175.56042    204.000     0.3438     0.3517  29.162775  29.168824    34.6525    34.6515    287.088    280.367    -0.1299     4.6623     0.0983     0.0983     0.0229     0.0198      12821     8.9025      46.03     2.2348     1.9569         19 0.0000e+00
    202.763   75.70230  175.56043    205.000     0.3640     0.3641  29.184401  29.183046    34.6576    34.6556    287.068    279.913    -0.1580     4.6617     0.0984     0.0984     0.0234     0.0187      12864     8.9325      47.00     2.2356     1.9549         17 0.0000e+00
    203.752   75.70230  175.56044    206.000     0.3670     0.3671  29.188013  29.186601    34.6583    34.6564    286.760    279.811    -0.1335     4.6617     0.0988     0.0988     0.0234     0.0196      12901     8.9583      48.10     2.2336     1.9543         21 0.0000e+00
    204.741   75.70230  175.56045    207.000     0.3699     0.3721  29.190766  29.190927    34.6581    34.6558    286.213    279.687    -0.1448     4.6614     0.0982     0.0982     0.0236     0.0192      12957     8.9975      45.62     2.2303     1.9537         26 0.0000e+00
    205.729   75.70232  175.56047    208.000     0.4166     0.4219  29.239013  29.241931    34.6682    34.6661    286.075    278.750    -0.1594     4.6606     0.0975     0.0975     0.0243     0.0186      13026     9.0453      42.08     2.2317     1.9509         23 0.0000e+00
    206.718   75.70232  175.56048    209.000     0.4604     0.4611  29.283024  29.282060    34.6761    34.6740    285.593    278.419    -0.1502     4.6607     0.0972     0.0972     0.0242     0.0190      13066     9.0731      43.05     2.2308     1.9507         20 0.0000e+00
    207.706   75.70232  175.56050    210.000     0.4833     0.4842  29.305815  29.304961    34.6795    34.6775    284.887    278.356    -0.1682     4.6600     0.0967     0.0967     0.0248     0.0183      13103     9.0985      43.26     2.2275     1.9512         20 0.0000e+00
    208.695   75.70232  175.56051    211.000     0.4793     0.4902  29.302836  29.309972    34.6796    34.6766    283.714    277.554    -0.1627     4.6590     0.0968     0.0968     0.0257     0.0185      13160     9.1380      42.45     2.2199     1.9471         26 0.0000e+00
    209.683   75.70232  175.56052    212.000     0.5133     0.5161  29.337233  29.338113    34.6858    34.6838    282.660    276.158    -0.1569     4.6572     0.0977     0.0977     0.0272     0.0187      13226     9.1842      45.85     2.2150     1.9409         21 0.0000e+00
    210.672   75.70232  175.56054    213.000     0.5464     0.5468  29.371399  29.370343    34.6927    34.6908    282.458    275.537    -0.1429     4.6562     0.0981     0.0981     0.0281     0.0193      13268     9.2133      50.27     2.2153     1.9388         19 0.0000e+00
    211.661   75.70232  175.56055    214.000     0.5686     0.5705  29.394805  29.394628    34.6977    34.6954    282.045    274.853    -0.1533     4.6556     0.1003     0.1003     0.0286     0.0188      13307     9.2399      49.26     2.2137     1.9362         21 0.0000e+00
    212.649   75.70232  175.56056    215.000     0.5780     0.5788  29.403643  29.401252    34.6981    34.6941    281.085    274.477    -0.1461     4.6533     0.0988     0.0988     0.0306     0.0191      13363     9.2792      47.82     2.2081     1.9343         22 0.0000e+00
    213.638   75.70232  175.56058    216.000     0.5998     0.6008  29.427263  29.426360    34.7039    34.7015    280.362    273.579    -0.1524     4.6506     0.0983     0.0983     0.0329     0.0189      13427     9.3238      46.63     2.2046     1.9305         23 0.0000e+00
    214.626   75.70234  175.56059    217.000     0.6138     0.6143  29.442087  29.440866    34.7069    34.7047    280.086    273.267    -0.1432     4.6476     0.0993     0.0993     0.0355     0.0193      13470     9.3538      45.91     2.2034     1.9293         20 0.0000e+00
    215.615   75.70234  175.56060    218.000     0.6222     0.6230  29.451352  29.449864    34.7089    34.7062    279.577    272.705    -0.1485     4.6452     0.0976     0.0976     0.0375     0.0190      13514     9.3837      44.74     2.2005     1.9266         20 0.0000e+00
    216.603   75.70234  175.56062    219.000     0.6285     0.6302  29.458399  29.457538    34.7106    34.7074    279.207    272.408    -0.1437     4.6435     0.0965     0.0965     0.0390     0.0192      13568     9.4218      43.29     2.1984     1.9252         22 0.0000e+00
    217.592   75.70234  175.56064    220.000     0.6389     0.6392  29.469859  29.468307    34.7132    34.7109    278.992    272.166    -0.1514     4.6412     0.0991     0.0991     0.0410     0.0189      13621     9.4584      42.33     2.1974     1.9241         23 0.0000e+00
    218.580   75.70234  175.56064    221.000     0.6482     0.6489  29.479810  29.478512    34.7151    34.7126    278.786    272.104    -0.1671     4.6382     0.0975     0.0975     0.0435     0.0183      13671     9.4929      40.95     2.1964     1.9240         25 0.0000e+00
    219.569   75.70234  175.56066    222.000     0.6509     0.6515  29.483141  29.481640    34.7158    34.7132    278.617    272.069    -0.1599     4.6335     0.0968     0.0968     0.0476     0.0186      13729     9.5337      39.78     2.1953     1.9238         21 0.0000e+00
    220.557   75.70234  175.56068    223.000     0.6528     0.6538  29.485777  29.485086    34.7165    34.7146    278.367    271.723    -0.1639     4.6278     0.0981     0.0981     0.0526     0.0184      13778     9.5671      38.65     2.1936     1.9219         21 0.0000e+00
    221.546   75.70234  175.56068    224.000     0.6555     0.6562  29.489115  29.487979    34.7173    34.7151    278.240    271.664    -0.1556     4.6226     0.0944     0.0944     0.0570     0.0188      13817     9.5943      37.69     2.1927     1.9215         24 0.0000e+00
    222.534   75.70234  175.56070    225.000     0.6542     0.6548  29.488415  29.487213    34.7172    34.7150    277.989    271.395    -0.1318     4.6160     0.0959     0.0959     0.0628     0.0197      13872     9.6326      36.39     2.1910     1.9199         24 0.0000e+00
    223.523   75.70234  175.56072    226.000     0.6648     0.6665  29.499452  29.499404    34.7192    34.7171    277.800    271.165    -0.1510     4.6109     0.0961     0.0961     0.0672     0.0189      13945     9.6830      35.44     2.1901     1.9190         15 0.0000e+00
    224.511   75.70234  175.56074    227.000     0.6684     0.6684  29.503778  29.502232    34.7201    34.7180    277.785    271.383    -0.1414     4.6025     0.0963     0.0963     0.0745     0.0193      13985     9.7108      34.41     2.1900     1.9200         19 0.0000e+00
    225.500   75.70234  175.56075    228.000     0.6724     0.6728  29.508597  29.507330    34.7213    34.7192    277.705    270.959    -0.1353     4.5983     0.0947     0.0947     0.0782     0.0196      14017     9.7333      33.41     2.1895     1.9179         21 0.0000e+00
    226.489   75.70236  175.56077    229.000     0.6739     0.6745  29.510301  29.508964    34.7213    34.7188    277.505    270.924    -0.1483     4.5924     0.0954     0.0954     0.0833     0.0190      14079     9.7761      32.07     2.1881     1.9176         19 0.0000e+00
    227.477   75.70236  175.56079    230.000     0.6887     0.6872  29.526384  29.523050    34.7250    34.7223    277.188    270.356    -0.1478     4.5704     0.0952     0.0952     0.1025     0.0191      14158     9.8312      31.00     2.1867     1.9150         19 0.0000e+00
    228.465   75.70236  175.56081    231.000     0.6913     0.6914  29.529669  29.528024    34.7258    34.7235    277.232    270.102    -0.1674     4.5595     0.0942     0.0942     0.1121     0.0183      14190     9.8536      30.06     2.1869     1.9137         18 0.0000e+00
    229.454   75.70236  175.56082    232.000     0.6915     0.6917  29.530503  29.529208    34.7260    34.7241    277.157    270.680    -0.1324     4.5537     0.0949     0.0949     0.1171     0.0197      14220     9.8740      29.04     2.1862     1.9165         17 0.0000e+00
    230.442   75.70236  175.56084    233.000     0.6929     0.6933  29.532351  29.530915    34.7263    34.7239    277.036    270.478    -0.1417     4.5430     0.0941     0.0941     0.1266     0.0193      14284     9.9184      27.79     2.1853     1.9153         18 0.0000e+00
