Continuous CTD Data/01_SBE Stage/nabos_07_01.ros
* Sea-Bird SBE 9 Data File:
* FileName = D:\CTD\data\HLY2502\raw\NABOS_07_01.hex
* Software Version Seasave V 7.26.7.110
* Temperature SN = 6954
* Conductivity SN = 2561
* Number of Bytes Per Scan = 37
* Number of Voltage Words = 4
* Number of Scans Averaged by the Deck Unit = 1
* NMEA Latitude = 75 42.14 N
* NMEA Longitude = 175 33.10 E
* NMEA UTC (Time) = Sep 12 2025  03:58:17
* NMEA baud rate = 9600
** Ship: USCG HEALY
** Bot. Depth:  259
** Cast Number:  01
** Station Name:  NABOS
** Station Number:  07
** Operator:  STARC
** Ra cast, target depth 250 m
# nquan = 25
# nvalues = 1176                                  
# units = specified
# name 0 = depSM: Depth [salt water, m]
# name 1 = latitude: Latitude [deg]
# name 2 = longitude: Longitude [deg]
# name 3 = prDM: Pressure, Digiquartz [db]
# name 4 = t090C: Temperature [ITS-90, deg C]
# name 5 = t190C: Temperature, 2 [ITS-90, deg C]
# name 6 = c0mS/cm: Conductivity [mS/cm]
# name 7 = c1mS/cm: Conductivity, 2 [mS/cm]
# name 8 = sal00: Salinity, Practical [PSU]
# name 9 = sal11: Salinity, Practical, 2 [PSU]
# name 10 = sbox0Mm/Kg: Oxygen, SBE 43 [umol/kg]
# name 11 = sbox1Mm/Kg: Oxygen, SBE 43, 2 [umol/kg]
# name 12 = flECO-AFL: Fluorescence, WET Labs ECO-AFL/FL [mg/m^3]
# name 13 = v2: Voltage 2
# name 14 = wetCDOM: Fluorescence, WET Labs CDOM [mg/m^3]
# name 15 = v6: Voltage 6
# name 16 = CStarAt0: Beam Attenuation, WET Labs C-Star [1/m]
# name 17 = v3: Voltage 3
# name 18 = scan: Scan Count
# name 19 = timeM: Time, Elapsed [minutes]
# name 20 = altM: Altimeter [m]
# name 21 = sbeox0V: Oxygen raw, SBE 43 [V]
# name 22 = sbeox1V: Oxygen raw, SBE 43, 2 [V]
# name 23 = nbf: Bottles Fired
# name 24 = flag:  0.000e+00
# interval = seconds: 0.0416667
# start_time = Sep 12 2025 03:58:17 [NMEA time, header]
# bad_flag = -9.990e-29
*END*
[from data line 870]
     40.824   75.70250  175.57130     41.258    -1.6064    -1.6059  25.647231  25.643660    32.1756    32.1702    336.893    327.279     0.0466     4.6496     0.1282     0.1282     0.0338     0.0269      32790    22.7701      90.16     2.4258     2.1058         18  0.000e+00
     40.824   75.70250  175.57130     41.258    -1.6066    -1.6057  25.646995  25.643660    32.1755    32.1700    337.108    327.278     0.0160     4.6496     0.1270     0.1270     0.0338     0.0256      32791    22.7708      90.18     2.4271     2.1058         18  0.000e+00
     40.824   75.70250  175.57130     41.258    -1.6066    -1.6059  25.647054  25.643383    32.1755    32.1698    336.895    327.280     0.0160     4.6496     0.1270     0.1270     0.0338     0.0256      32792    22.7715      90.40     2.4258     2.1058         18  0.000e+00
     40.824   75.70250  175.57130     41.258    -1.6065    -1.6059  25.647466  25.643161    32.1760    32.1694    336.893    327.029     0.0466     4.6496     0.1270     0.1270     0.0338     0.0269      32793    22.7722      90.48     2.4258     2.1045         18  0.000e+00
     40.766   75.70250  175.57130     41.200    -1.6064    -1.6057  25.647407  25.643105    32.1759    32.1692    337.103    327.026     0.0466     4.6508     0.1270     0.1270     0.0327     0.0269      32794    22.7729      90.40     2.4271     2.1045         18  0.000e+00
     40.824   75.70250  175.57130     41.258    -1.6066    -1.6059  25.647349  25.642606    32.1759    32.1687    337.107    327.031     0.0466     4.6496     0.1282     0.1282     0.0338     0.0269      32795    22.7736      90.28     2.4271     2.1045         18  0.000e+00
     40.791   75.70250  175.57130     41.225    -1.6065    -1.6059  25.647702  25.642550    32.1763    32.1686    336.890    327.030     0.0160     4.6496     0.1270     0.1270     0.0338     0.0256      32796    22.7743      90.21     2.4258     2.1045         18  0.000e+00
     40.824   75.70250  175.57130     41.258    -1.6065    -1.6060  25.647997  25.642606    32.1767    32.1688    336.891    327.032     0.0160     4.6496     0.1282     0.1282     0.0338     0.0256      32797    22.7750      90.18     2.4258     2.1045         18  0.000e+00
     40.824   75.70250  175.57130     41.258    -1.6066    -1.6059  25.648056  25.642606    32.1769    32.1686    336.891    327.031     0.0160     4.6496     0.1282     0.1282     0.0338     0.0256      32798    22.7757      90.13     2.4258     2.1045         18  0.000e+00
     40.881   75.70250  175.57130     41.316    -1.6066    -1.6060  25.648292  25.643771    32.1772    32.1704    337.106    326.779     0.0466     4.6496     0.1282     0.1282     0.0338     0.0269      32799    22.7764      90.26     2.4271     2.1033         18  0.000e+00
     40.824   75.70250  175.57130     41.258    -1.6063    -1.6057  25.648705  25.644658    32.1775    32.1713    337.313    326.771     0.0466     4.6496     0.1282     0.1282     0.0338     0.0269      32800    22.7771      90.16     2.4283     2.1033         18  0.000e+00
     40.824   75.70250  175.57130     41.258    -1.6066    -1.6062  25.648469  25.645158    32.1775    32.1725    336.890    327.024     0.0160     4.6496     0.1270     0.1270     0.0338     0.0256      32801    22.7778      90.09     2.4258     2.1045         18  0.000e+00
     20.183   75.70260  175.57264     20.397    -1.4291    -1.4322  22.407258  22.404172    27.5941    27.5928    373.150    362.229     0.1687     4.6142     0.1160     0.1160     0.0644     0.0317      35243    24.4736      89.65     2.5748     2.2266         19  0.000e+00
     20.183   75.70260  175.57264     20.397    -1.4287    -1.4327  22.407258  22.403643    27.5937    27.5925    373.146    361.976     0.1687     4.6142     0.1160     0.1160     0.0644     0.0317      35244    24.4743      89.50     2.5748     2.2254         19  0.000e+00
     20.200   75.70260  175.57264     20.413    -1.4288    -1.4328  22.407033  22.403802    27.5935    27.5928    373.149    361.977     0.1687     4.6154     0.1160     0.1160     0.0633     0.0317      35245    24.4750      89.55     2.5748     2.2254         19  0.000e+00
     20.241   75.70260  175.57264     20.455    -1.4287    -1.4331  22.407146  22.403590    27.5935    27.5928    373.368    361.983     0.1687     4.6166     0.1160     0.1160     0.0622     0.0317      35246    24.4757      89.45     2.5760     2.2254         19  0.000e+00
     20.183   75.70260  175.57264     20.397    -1.4287    -1.4328  22.407258  22.403484    27.5937    27.5924    373.146    362.496     0.1687     4.6166     0.1160     0.1160     0.0622     0.0317      35247    24.4764      89.50     2.5748     2.2279         19  0.000e+00
     20.183   75.70260  175.57264     20.397    -1.4287    -1.4328  22.407427  22.403484    27.5939    27.5924    373.145    362.495     0.1687     4.6166     0.1160     0.1160     0.0622     0.0317      35248    24.4771      89.67     2.5748     2.2279         19  0.000e+00
     20.134   75.70260  175.57264     20.347    -1.4284    -1.4328  22.407314  22.403326    27.5935    27.5922    372.922    362.494     0.1687     4.6166     0.1172     0.1172     0.0622     0.0317      35249    24.4778      89.52     2.5736     2.2279         19  0.000e+00
     20.183   75.70260  175.57264     20.397    -1.4284    -1.4330  22.407258  22.403273    27.5934    27.5923    372.924    362.757     0.1687     4.6166     0.1160     0.1160     0.0622     0.0317      35250    24.4785      89.47     2.5736     2.2291         19  0.000e+00
     20.183   75.70260  175.57264     20.397    -1.4274    -1.4334  22.407933  22.403114    27.5934    27.5925    373.351    362.761     0.1687     4.6166     0.1160     0.1160     0.0622     0.0317      35251    24.4792      89.45     2.5760     2.2291         19  0.000e+00
     20.134   75.70260  175.57264     20.347    -1.4276    -1.4336  22.407989  22.403220    27.5937    27.5928    373.131    362.760     0.1687     4.6166     0.1160     0.1160     0.0622     0.0317      35252    24.4799      89.40     2.5748     2.2291         19  0.000e+00
     20.183   75.70260  175.57264     20.397    -1.4273    -1.4334  22.407933  22.403273    27.5933    27.5927    373.350    362.761     0.1687     4.6166     0.1160     0.1160     0.0622     0.0317      35253    24.4806      89.43     2.5760     2.2291         19  0.000e+00
     20.183   75.70260  175.57264     20.397    -1.4270    -1.4329  22.408102  22.403431    27.5932    27.5925    373.128    362.756     0.1687     4.6166     0.1160     0.1160     0.0622     0.0317      35254    24.4812      89.40     2.5748     2.2291         19  0.000e+00
     20.117   75.70260  175.57264     20.330    -1.4272    -1.4333  22.408158  22.403167    27.5935    27.5925    373.125    362.757     0.1381     4.6166     0.1160     0.1160     0.0622     0.0305      35255    24.4819      89.35     2.5748     2.2291         19  0.000e+00
     20.200   75.70260  175.57264     20.413    -1.4272    -1.4333  22.408327  22.403114    27.5937    27.5924    373.129    362.502     0.1687     4.6166     0.1172     0.1172     0.0622     0.0317      35256    24.4826      89.38     2.5748     2.2279         19  0.000e+00
     20.117   75.70260  175.57264     20.330    -1.4270    -1.4337  22.408552  22.403061    27.5939    27.5927    373.122    362.502     0.1381     4.6166     0.1160     0.1160     0.0622     0.0305      35257    24.4833      89.35     2.5748     2.2279         19  0.000e+00
     20.117   75.70260  175.57264     20.330    -1.4265    -1.4341  22.408608  22.403220    27.5935    27.5933    373.118    362.246     0.1687     4.6166     0.1160     0.1160     0.0622     0.0317      35258    24.4840      89.38     2.5748     2.2266         19  0.000e+00
     20.199   75.70260  175.57264     20.413    -1.4267    -1.4343  22.408608  22.403114    27.5936    27.5933    372.905    362.511     0.1687     4.6166     0.1160     0.1160     0.0622     0.0317      35259    24.4847      89.47     2.5736     2.2279         19  0.000e+00
     20.060   75.70260  175.57264     20.272    -1.4262    -1.4345  22.408776  22.402691    27.5935    27.5930    373.112    362.507     0.1687     4.6166     0.1172     0.1172     0.0622     0.0317      35260    24.4854      89.33     2.5748     2.2279         19  0.000e+00
     20.183   75.70260  175.57264     20.397    -1.4265    -1.4346  22.408664  22.403061    27.5936    27.5935    373.121    362.513     0.1687     4.6166     0.1160     0.1160     0.0622     0.0317      35261    24.4861      89.35     2.5748     2.2279         19  0.000e+00
     20.117   75.70260  175.57264     20.330    -1.4264    -1.4346  22.408776  22.403273    27.5936    27.5938    373.116    362.249     0.1687     4.6166     0.1160     0.1160     0.0622     0.0317      35262    24.4868      89.55     2.5748     2.2266         19  0.000e+00
     20.134   75.70260  175.57264     20.347    -1.4264    -1.4340  22.408833  22.403273    27.5937    27.5933    373.117    362.245     0.1687     4.6166     0.1160     0.1160     0.0622     0.0317      35263    24.4875      89.45     2.5748     2.2266         19  0.000e+00
     20.117   75.70260  175.57264     20.330    -1.4262    -1.4335  22.408833  22.403431    27.5935    27.5930    373.114    361.981     0.1687     4.6166     0.1160     0.1160     0.0622     0.0317      35264    24.4882      89.45     2.5748     2.2254         19  0.000e+00
     20.060   75.70260  175.57264     20.272    -1.4262    -1.4330  22.408833  22.403801    27.5936    27.5931    373.111    361.972     0.1687     4.6166     0.1172     0.1172     0.0622     0.0317      35265    24.4889      89.62     2.5748     2.2254         19  0.000e+00
     20.117   75.70260  175.57264     20.330    -1.4264    -1.4327  22.408664  22.403749    27.5935    27.5927    373.117    361.972     0.1687     4.6178     0.1160     0.1160     0.0612     0.0317      35266    24.4896      89.52     2.5748     2.2254         19  0.000e+00
     20.134   75.70260  175.57264     20.347    -1.4265    -1.4325  22.408608  22.403537    27.5935    27.5922    373.119    361.972     0.1687     4.6178     0.1172     0.1172     0.0612     0.0317      35267    24.4903      89.38     2.5748     2.2254         19  0.000e+00
     20.060   75.70260  175.57264     20.272    -1.4267    -1.4322  22.408270  22.403643    27.5933    27.5921    373.118    361.966     0.1687     4.6178     0.1160     0.1160     0.0612     0.0317      35268    24.4910      89.52     2.5748     2.2254         19  0.000e+00
     20.117   75.70260  175.57264     20.330    -1.4267    -1.4322  22.408664  22.404013    27.5937    27.5926    373.338    361.967     0.1687     4.6178     0.1160     0.1160     0.0612     0.0317      35269    24.4917      89.47     2.5760     2.2254         19  0.000e+00
     20.076   75.70260  175.57264     20.289    -1.4267    -1.4325  22.408326  22.404013    27.5933    27.5928    373.118    361.967     0.1687     4.6178     0.1172     0.1172     0.0612     0.0317      35270    24.4924      89.30     2.5748     2.2254         19  0.000e+00
     20.117   75.70260  175.57264     20.330    -1.4272    -1.4322  22.408158  22.404436    27.5935    27.5932    373.344    361.966     0.1687     4.6166     0.1160     0.1160     0.0622     0.0317      35271    24.4931      89.33     2.5760     2.2254         19  0.000e+00
     20.060   75.70260  175.57264     20.272    -1.4274    -1.4319  22.407820  22.404648    27.5933    27.5932    373.126    361.959     0.1687     4.6178     0.1160     0.1160     0.0612     0.0317      35272    24.4937      89.30     2.5748     2.2254         19  0.000e+00
     20.060   75.70260  175.57264     20.272    -1.4281    -1.4308  22.407145  22.405282    27.5930    27.5930    373.134    361.688     0.1687     4.6178     0.1160     0.1160     0.0612     0.0317      35273    24.4944      89.40     2.5748     2.2242         19  0.000e+00
     20.076   75.70260  175.57264     20.289    -1.4284    -1.4293  22.406977  22.406182    27.5931    27.5929    373.139    361.932     0.1687     4.6178     0.1172     0.1172     0.0612     0.0317      35274    24.4951      89.38     2.5748     2.2254         19  0.000e+00
     20.060   75.70260  175.57264     20.272    -1.4290    -1.4282  22.406808  22.406922    27.5934    27.5929    373.144    361.919     0.1687     4.6178     0.1172     0.1172     0.0612     0.0317      35275    24.4958      89.30     2.5748     2.2254         19  0.000e+00
     20.060   75.70260  175.57264     20.272    -1.4288    -1.4277  22.406752  22.407134    27.5932    27.5927    373.143    362.173     0.1687     4.6178     0.1160     0.1160     0.0612     0.0317      35276    24.4965      89.26     2.5748     2.2266         19  0.000e+00
     20.060   75.70260  175.57264     20.272    -1.4291    -1.4275  22.406583  22.407134    27.5932    27.5925    373.146    362.171     0.1687     4.6166     0.1172     0.1172     0.0622     0.0317      35277    24.4972      89.23     2.5748     2.2266         19  0.000e+00
     20.076   75.70260  175.57264     20.289    -1.4290    -1.4275  22.406696  22.406763    27.5932    27.5920    373.145    362.174     0.1687     4.6178     0.1172     0.1172     0.0612     0.0317      35278    24.4979      89.26     2.5748     2.2266         19  0.000e+00
     20.060   75.70260  175.57264     20.272    -1.4290    -1.4278  22.406583  22.406658    27.5931    27.5921    373.364    361.917     0.1687     4.6178     0.1172     0.1172     0.0612     0.0317      35279    24.4986      89.23     2.5760     2.2254         19  0.000e+00
     20.002   75.70260  175.57264     20.214    -1.4290    -1.4279  22.406527  22.406658    27.5930    27.5922    373.142    361.397     0.1687     4.6178     0.1160     0.1160     0.0612     0.0317      35280    24.4993      89.21     2.5748     2.2230         19  0.000e+00
     20.076   75.70260  175.57264     20.289    -1.4291    -1.4279  22.406527  22.406340    27.5931    27.5918    373.147    361.402     0.1687     4.6178     0.1172     0.1172     0.0612     0.0317      35281    24.5000      89.23     2.5748     2.2230         19  0.000e+00
     20.060   75.70260  175.57264     20.272    -1.4291    -1.4278  22.406358  22.406711    27.5929    27.5922    373.147    361.399     0.1687     4.6178     0.1172     0.1172     0.0612     0.0317      35282    24.5007      89.23     2.5748     2.2230         19  0.000e+00
     20.060   75.70260  175.57264     20.272    -1.4290    -1.4274  22.406639  22.406710    27.5932    27.5918    373.145    361.395     0.1687     4.6178     0.1172     0.1172     0.0612     0.0317      35283    24.5014      89.23     2.5748     2.2230         19  0.000e+00
     20.002   75.70260  175.57264     20.214    -1.4290    -1.4272  22.406583  22.406975    27.5931    27.5920    373.141    361.649     0.1687     4.6166     0.1160     0.1160     0.0622     0.0317      35284    24.5021      89.33     2.5748     2.2242         19  0.000e+00
     20.019   75.70260  175.57264     20.231    -1.4288    -1.4272  22.406695  22.406763    27.5931    27.5917    373.360    361.391     0.1992     4.6166     0.1160     0.1160     0.0622     0.0330      35285    24.5028      89.43     2.5760     2.2230         19  0.000e+00
     20.002   75.70260  175.57266     20.214    -1.4288    -1.4273  22.406752  22.406657    27.5932    27.5917    373.358    361.391     0.1992     4.6166     0.1160     0.1160     0.0622     0.0330      35286    24.5035      89.40     2.5760     2.2230         19  0.000e+00
     20.060   75.70260  175.57266     20.272    -1.4287    -1.4272  22.406583  22.406340    27.5928    27.5911    373.361    361.395     0.1992     4.6166     0.1160     0.1160     0.0622     0.0330      35287    24.5042      89.45     2.5760     2.2230         19  0.000e+00
