Continuous CTD Data/01_SBE Stage/nabos_07_01avg.cnv
* Sea-Bird SBE 9 Data File:
* FileName = D:\CTD\data\HLY2502\raw\NABOS_07_01.hex
* Software Version Seasave V 7.26.7.110
* Temperature SN = 6954
* Conductivity SN = 2561
* Number of Bytes Per Scan = 37
* Number of Voltage Words = 4
* Number of Scans Averaged by the Deck Unit = 1
* NMEA Latitude = 75 42.14 N
* NMEA Longitude = 175 33.10 E
* NMEA UTC (Time) = Sep 12 2025  03:58:17
* NMEA baud rate = 9600
** Ship: USCG HEALY
** Bot. Depth:  259
** Cast Number:  01
** Station Name:  NABOS
** Station Number:  07
** Operator:  STARC
** Ra cast, target depth 250 m
# nquan = 25
# nvalues = 249                         
# units = specified
# name 0 = depSM: Depth [salt water, m]
# name 1 = latitude: Latitude [deg]
# name 2 = longitude: Longitude [deg]
# name 3 = prDM: Pressure, Digiquartz [db]
# name 4 = t090C: Temperature [ITS-90, deg C]
# name 5 = t190C: Temperature, 2 [ITS-90, deg C]
# name 6 = c0mS/cm: Conductivity [mS/cm]
# name 7 = c1mS/cm: Conductivity, 2 [mS/cm]
# name 8 = sal00: Salinity, Practical [PSU]
# name 9 = sal11: Salinity, Practical, 2 [PSU]
# name 10 = sbox0Mm/Kg: Oxygen, SBE 43 [umol/kg]
# name 11 = sbox1Mm/Kg: Oxygen, SBE 43, 2 [umol/kg]
# name 12 = flECO-AFL: Fluorescence, WET Labs ECO-AFL/FL [mg/m^3]
# name 13 = v2: Voltage 2
# name 14 = wetCDOM: Fluorescence, WET Labs CDOM [mg/m^3]
# name 15 = v6: Voltage 6
# name 16 = CStarAt0: Beam Attenuation, WET Labs C-Star [1/m]
# name 17 = v3: Voltage 3
# name 18 = scan: Scan Count
# name 19 = timeM: Time, Elapsed [minutes]
# name 20 = altM: Altimeter [m]
# name 21 = sbeox0V: Oxygen raw, SBE 43 [V]
# name 22 = sbeox1V: Oxygen raw, SBE 43, 2 [V]
# name 23 = nbin: number of scans per bin
# name 24 = flag: flag
# span 0 =      2.969,    248.234       
# span 1 =   75.70198,   75.70241       
# span 2 =  175.55359,  175.56143       
# span 3 =      3.000,    251.000       
# span 4 =    -1.6401,     0.7460       
# span 5 =    -1.6394,     0.7462       
# span 6 =  22.405303,  29.597737       
# span 7 =  22.404383,  29.596213       
# span 8 =    27.5969,    34.7411       
# span 9 =    27.5952,    34.7389       
# span 10 =    275.231,    377.495      
# span 11 =    268.554,    367.832      
# span 12 =    -0.1689,     0.3635      
# span 13 =     4.1383,     4.6653      
# span 14 =     0.0886,     0.1239      
# span 15 =     0.0886,     0.1239      
# span 16 =     0.0202,     0.5001      
# span 17 =     0.0182,     0.0396      
# span 18 =       2287,      16157      
# span 19 =     1.5876,    11.2191      
# span 20 =      10.28,     100.00      
# span 21 =     2.1740,     2.6415      
# span 22 =     1.9051,     2.2852      
# span 23 =         13,         31      
# span 24 = 0.0000e+00, 0.0000e+00      
# interval = decibars: 1                
# start_time = Sep 12 2025 03:58:17 [NMEA time, header]
# bad_flag = -9.990e-29
*END*
      2.969   75.70214  175.55359      3.000    -1.4207    -1.4191  22.408557  22.408412    27.5973    27.5955    375.202    365.925     0.1266     4.6149     0.1098     0.1098     0.0637     0.0300       2287     1.5876     100.00     2.5917     2.2488         13 0.0000e+00
      3.958   75.70212  175.55378      4.000    -1.4194    -1.4195  22.409831  22.408719    27.5972    27.5958    375.290    365.897     0.1381     4.6135     0.1092     0.1092     0.0649     0.0305       2517     1.7473     100.00     2.5920     2.2484         16 0.0000e+00
      4.948   75.70212  175.55380      5.000    -1.4125    -1.4129  22.414766  22.413227    27.5970    27.5952    375.207    365.641     0.1381     4.6051     0.1094     0.1094     0.0723     0.0305       2563     1.7790     100.00     2.5917     2.2473         18 0.0000e+00
      5.937   75.70211  175.55387      6.000    -1.4122    -1.4123  22.415366  22.414126    27.5969    27.5954    374.936    365.679     0.1566     4.6176     0.1089     0.1089     0.0614     0.0312       2651     1.8402     100.00     2.5899     2.2473         21 0.0000e+00
      6.927   75.70210  175.55393      7.000    -1.4121    -1.4115  22.415986  22.415241    27.5972    27.5956    375.123    365.996     0.1672     4.6167     0.1096     0.1096     0.0622     0.0316       2715     1.8846     100.00     2.5907     2.2486         20 0.0000e+00
      7.916   75.70210  175.55396      8.000    -1.4157    -1.4148  22.414336  22.413863    27.5977    27.5963    375.371    365.929     0.1670     4.6161     0.1082     0.1082     0.0627     0.0316       2754     1.9119     100.00     2.5916     2.2479         18 0.0000e+00
      8.906   75.70210  175.55400      9.000    -1.4051    -1.4030  22.421791  22.421938    27.5974    27.5957    375.374    365.601     0.1609     4.6170     0.1092     0.1092     0.0618     0.0314       2805     1.9475     100.00     2.5920     2.2467         23 0.0000e+00
      9.896   75.70210  175.55407     10.000    -1.4205    -1.4200  22.412180  22.411234    27.5983    27.5965    375.539    365.981     0.1422     4.6168     0.1104     0.1104     0.0620     0.0307       2882     2.0006     100.00     2.5917     2.2474         20 0.0000e+00
     10.885   75.70209  175.55411     11.000    -1.4319    -1.4316  22.405470  22.404597    27.5993    27.5978    375.708    366.152     0.1677     4.6162     0.1091     0.1091     0.0626     0.0317       2930     2.0342     100.00     2.5916     2.2474         20 0.0000e+00
     11.875   75.70208  175.55414     12.000    -1.4334    -1.4331  22.405303  22.404383    27.5999    27.5983    375.459    366.038     0.1673     4.6162     0.1096     0.1096     0.0626     0.0316       2969     2.0608     100.00     2.5898     2.2466         22 0.0000e+00
     12.864   75.70208  175.55417     13.000    -1.4337    -1.4332  22.405565  22.404779    27.6000    27.5984    375.160    366.141     0.1600     4.6174     0.1093     0.1093     0.0615     0.0314       3023     2.0989     100.00     2.5878     2.2468         25 0.0000e+00
     13.854   75.70208  175.55423     14.000    -1.4342    -1.4336  22.405751  22.404948    27.6002    27.5985    375.226    365.809     0.1446     4.6167     0.1094     0.1094     0.0622     0.0308       3099     2.1513     100.00     2.5879     2.2450         24 0.0000e+00
     14.843   75.70208  175.55427     15.000    -1.4344    -1.4338  22.405955  22.405176    27.6001    27.5985    375.297    365.391     0.1537     4.6173     0.1079     0.1079     0.0616     0.0311       3143     2.1817     100.00     2.5880     2.2428         24 0.0000e+00
     15.833   75.70208  175.55430     16.000    -1.4346    -1.4341  22.406403  22.405691    27.6004    27.5989    375.193    365.810     0.1663     4.6165     0.1094     0.1094     0.0623     0.0316       3183     2.2094     100.00     2.5872     2.2445         25 0.0000e+00
     16.822   75.70207  175.55435     17.000    -1.4352    -1.4348  22.407953  22.407220    27.6025    27.6011    375.024    365.758     0.1544     4.6173     0.1087     0.1087     0.0616     0.0311       3249     2.2555     100.00     2.5859     2.2440         25 0.0000e+00
     17.812   75.70206  175.55441     18.000    -1.4353    -1.4346  22.412367  22.411720    27.6080    27.6065    374.675    365.486     0.1316     4.6170     0.1091     0.1091     0.0619     0.0302       3312     2.2994     100.00     2.5838     2.2426         20 0.0000e+00
     18.801   75.70206  175.55444     19.000    -1.4258    -1.4232  22.480536  22.490205    27.6904    27.7010    374.191    365.054     0.1526     4.6164     0.1091     0.1091     0.0624     0.0311       3351     2.3263     100.00     2.5828     2.2422         18 0.0000e+00
     19.791   75.70206  175.55447     20.000    -1.1670    -1.1554  23.610903  23.649443    28.9649    29.0056    368.428    359.037     0.2732     4.6041     0.1063     0.1063     0.0732     0.0359       3395     2.3570     100.00     2.5876     2.2452         26 0.0000e+00
     20.780   75.70206  175.55452     21.000    -1.1241    -1.1258  23.867504  23.869187    29.2682    29.2721    371.325    361.171     0.3635     4.5644     0.1035     0.1035     0.1079     0.0396       3468     2.4077     100.00     2.6116     2.2605         23 0.0000e+00
     21.769   75.70206  175.55458     22.000    -1.1767    -1.1774  23.892746  23.892665    29.3530    29.3536    375.380    364.577     0.3380     4.6030     0.0999     0.0999     0.0740     0.0385       3520     2.4438     100.00     2.6325     2.2750         21 0.0000e+00
     22.759   75.70206  175.55460     23.000    -1.2025    -1.2035  23.912985  23.912963    29.4051    29.4060    376.686    366.135     0.2862     4.6049     0.0991     0.0991     0.0724     0.0364       3557     2.4696     100.00     2.6388     2.2816         21 0.0000e+00
     23.748   75.70205  175.55463     24.000    -1.2405    -1.2420  23.925323  23.925082    29.4586    29.4597    377.474    367.202     0.2253     4.6156     0.1006     0.1006     0.0631     0.0340       3609     2.5053     100.00     2.6415     2.2852         25 0.0000e+00
     24.738   75.70204  175.55469     25.000    -1.2759    -1.2773  23.932378  23.931546    29.5025    29.5027    377.495    367.500     0.1720     4.6307     0.1009     0.1009     0.0501     0.0318       3681     2.5557     100.00     2.6397     2.2851         17 0.0000e+00
     25.728   75.70204  175.55473     26.000    -1.3112    -1.3123  23.941184  23.940662    29.5487    29.5491    377.295    367.520     0.1541     4.6314     0.1022     0.1022     0.0495     0.0311       3727     2.5875     100.00     2.6368     2.2837         17 0.0000e+00
     26.717   75.70204  175.55476     27.000    -1.3493    -1.3504  23.958643  23.958902    29.6095    29.6109    377.232    367.832     0.1399     4.6327     0.1020     0.1020     0.0484     0.0306       3766     2.6145     100.00     2.6347     2.2838         20 0.0000e+00
     27.706   75.70204  175.55481     28.000    -1.3731    -1.3754  23.979978  23.982166    29.6615    29.6668    376.793    367.587     0.1214     4.6357     0.1032     0.1032     0.0456     0.0298       3822     2.6534     100.00     2.6312     2.2818         22 0.0000e+00
     28.696   75.70204  175.55486     29.000    -1.3953    -1.3957  24.027303  24.029383    29.7473    29.7505    376.308    367.089     0.1310     4.6367     0.1041     0.1041     0.0448     0.0302       3887     2.6986     100.00     2.6282     2.2792         22 0.0000e+00
     29.685   75.70204  175.55490     30.000    -1.4105    -1.4100  24.075157  24.074528    29.8268    29.8255    376.226    366.614     0.1025     4.6357     0.1035     0.1035     0.0456     0.0291       3931     2.7289     100.00     2.6278     2.2770         16 0.0000e+00
     30.675   75.70203  175.55494     31.000    -1.4216    -1.4210  24.123099  24.122982    29.9025    29.9018    375.058    366.147     0.1163     4.6348     0.1050     0.1050     0.0464     0.0296       3975     2.7594     100.00     2.6214     2.2750         17 0.0000e+00
     31.664   75.70202  175.55498     32.000    -1.4389    -1.4419  24.198759  24.209485    30.0223    30.0399    373.070    364.614     0.1141     4.6334     0.1068     0.1068     0.0477     0.0296       4032     2.7994     100.00     2.6107     2.2682         19 0.0000e+00
     32.654   75.70202  175.55501     33.000    -1.4788    -1.4805  24.333592  24.341826    30.2457    30.2587    371.343    362.928     0.1226     4.6334     0.1105     0.1105     0.0476     0.0299       4089     2.8392     100.00     2.6018     2.2608         18 0.0000e+00
     33.643   75.70202  175.55505     34.000    -1.4925    -1.4920  24.556673  24.558494    30.5635    30.5655    369.498    360.870     0.1382     4.6306     0.1127     0.1127     0.0502     0.0305       4136     2.8714     100.00     2.5954     2.2543         16 0.0000e+00
     34.632   75.70202  175.55509     35.000    -1.5175    -1.5175  24.841777  24.852138    30.9785    30.9928    367.075    358.742     0.1087     4.6257     0.1168     0.1168     0.0544     0.0293       4183     2.9045     100.00     2.5866     2.2483         16 0.0000e+00
     35.622   75.70202  175.55514     36.000    -1.5511    -1.5522  25.151298  25.160635    31.4374    31.4514    362.284    355.094     0.0621     4.6111     0.1204     0.1204     0.0670     0.0275       4237     2.9416     100.00     2.5644     2.2349         16 0.0000e+00
     36.611   75.70202  175.55518     37.000    -1.5723    -1.5716  25.306549  25.310716    31.6725    31.6775    356.718    350.571     0.0502     4.6086     0.1227     0.1227     0.0692     0.0270       4290     2.9786     100.00     2.5348     2.2148         16 0.0000e+00
     37.601   75.70202  175.55522     38.000    -1.5737    -1.5734  25.407324  25.408987    31.8120    31.8140    351.861    345.803     0.0622     4.6160     0.1239     0.1239     0.0628     0.0275       4341     3.0136     100.00     2.5088     2.1933         18 0.0000e+00
     38.590   75.70202  175.55527     39.000    -1.5848    -1.5845  25.497940  25.498942    31.9479    31.9490    347.744    341.826     0.0190     4.6231     0.1209     0.1209     0.0566     0.0257       4389     3.0474     100.00     2.4864     2.1750         17 0.0000e+00
     39.579   75.70202  175.55531     40.000    -1.5985    -1.5982  25.576333  25.577451    32.0701    32.0713    344.693    338.331    -0.0107     4.6320     0.1211     0.1211     0.0490     0.0245       4439     3.0816     100.00     2.4698     2.1587         18 0.0000e+00
     40.569   75.70202  175.55535     41.000    -1.6051    -1.6046  25.639145  25.643360    32.1632    32.1685    343.328    336.048    -0.0064     4.6390     0.1212     0.1212     0.0428     0.0247       4495     3.1205     100.00     2.4627     2.1484         19 0.0000e+00
     41.558   75.70200  175.55540     42.000    -1.5994    -1.5986  25.731448  25.734274    32.2837    32.2866    341.690    334.378    -0.0054     4.6424     0.1209     0.1209     0.0399     0.0248       4549     3.1583     100.00     2.4553     2.1419         20 0.0000e+00
     42.547   75.70200  175.55543     43.000    -1.6026    -1.6026  25.803353  25.803641    32.3857    32.3861    339.761    332.744    -0.0142     4.6439     0.1223     0.1223     0.0386     0.0244       4592     3.1881     100.00     2.4453     2.1348         18 0.0000e+00
     43.537   75.70200  175.55546     44.000    -1.6130    -1.6125  25.843545  25.845384    32.4519    32.4540    337.214    330.561    -0.0313     4.6462     0.1212     0.1212     0.0366     0.0237       4638     3.2199     100.00     2.4308     2.1244         18 0.0000e+00
     44.526   75.70200  175.55550     45.000    -1.6159    -1.6162  25.906382  25.920476    32.5413    32.5610    335.418    328.156    -0.0481     4.6502     0.1185     0.1185     0.0332     0.0231       4705     3.2666     100.00     2.4214     2.1136         23 0.0000e+00
     45.516   75.70200  175.55555     46.000    -1.6173    -1.6166  25.979691  25.983406    32.6434    32.6478    335.121    327.421    -0.0502     4.6522     0.1185     0.1185     0.0315     0.0230       4759     3.3038     100.00     2.4209     2.1109         23 0.0000e+00
     46.505   75.70200  175.55558     47.000    -1.6191    -1.6189  26.075698  26.082596    32.7775    32.7868    334.607    326.951    -0.0504     4.6523     0.1157     0.1157     0.0314     0.0230       4796     3.3297     100.00     2.4197     2.1101         17 0.0000e+00
     47.494   75.70200  175.55562     48.000    -1.6228    -1.6224  26.138575  26.141421    32.8679    32.8714    334.052    326.308    -0.0479     4.6522     0.1151     0.1151     0.0315     0.0231       4842     3.3615     100.00     2.4174     2.1076         22 0.0000e+00
     48.484   75.70200  175.55568     49.000    -1.6258    -1.6262  26.176046  26.182737    32.9225    32.9321    332.797    325.269    -0.0643     4.6540     0.1151     0.1151     0.0300     0.0224       4913     3.4109     100.00     2.4105     2.1029         23 0.0000e+00
     49.473   75.70200  175.55572     50.000    -1.6357    -1.6352  26.238601  26.237848    33.0194    33.0178    331.835    324.638    -0.0485     4.6555     0.1139     0.1139     0.0287     0.0231       4964     3.4463     100.00     2.4056     2.1003         23 0.0000e+00
     50.463   75.70200  175.55575     51.000    -1.6364    -1.6358  26.270327  26.273834    33.0634    33.0676    331.625    323.813    -0.0498     4.6550     0.1140     0.1140     0.0291     0.0230       5000     3.4718     100.00     2.4048     2.0966         19 0.0000e+00
     51.452   75.70200  175.55579     52.000    -1.6323    -1.6314  26.330273  26.333130    33.1412    33.1441    331.353    323.556    -0.0741     4.6553     0.1113     0.1113     0.0289     0.0221       5049     3.5059     100.00     2.4044     2.0963         23 0.0000e+00
     52.441   75.70200  175.55585     53.000    -1.6269    -1.6257  26.377894  26.383207    33.2005    33.2065    329.970    322.359    -0.0845     4.6569     0.1093     0.1093     0.0275     0.0216       5115     3.5515     100.00     2.3974     2.0914         24 0.0000e+00
     53.430   75.70200  175.55589     54.000    -1.6213    -1.6207  26.415508  26.414864    33.2457    33.2442    327.876    320.926    -0.0903     4.6574     0.1099     0.1099     0.0271     0.0214       5168     3.5884     100.00     2.3860     2.0849         23 0.0000e+00
     54.420   75.70198  175.55593     55.000    -1.6287    -1.6281  26.439335  26.438017    33.2864    33.2838    326.041    319.694    -0.0952     4.6581     0.1088     0.1088     0.0264     0.0212       5214     3.6204     100.00     2.3753     2.0788         26 0.0000e+00
     55.409   75.70198  175.55597     56.000    -1.6401    -1.6394  26.460852  26.460279    33.3283    33.3268    324.164    317.828    -0.0897     4.6587     0.1083     0.1083     0.0259     0.0214       5262     3.6535     100.00     2.3642     2.0695         24 0.0000e+00
     56.398   75.70198  175.55601     57.000    -1.6398    -1.6390  26.495597  26.495795    33.3755    33.3749    324.145    316.874    -0.0901     4.6576     0.1065     0.1065     0.0268     0.0214       5312     3.6883     100.00     2.3646     2.0652         23 0.0000e+00
     57.388   75.70198  175.55604     58.000    -1.6353    -1.6344  26.531187  26.534982    33.4192    33.4234    325.890    317.653    -0.0929     4.6570     0.1053     0.1053     0.0274     0.0213       5371     3.7291     100.00     2.3753     2.0696         21 0.0000e+00
     58.377   75.70198  175.55609     59.000    -1.6326    -1.6319  26.562014  26.562343    33.4583    33.4579    326.365    318.231    -0.0960     4.6579     0.1050     0.1050     0.0265     0.0212       5431     3.7706     100.00     2.3786     2.0728         21 0.0000e+00
