Continuous CTD Data/01_SBE Stage/nabos_10_02.ros
* Sea-Bird SBE 9 Data File:
* FileName = D:\CTD\data\HLY2502\raw\NABOS_10_02.hex
* Software Version Seasave V 7.26.7.110
* Temperature SN = 6954
* Conductivity SN = 2561
* Number of Bytes Per Scan = 37
* Number of Voltage Words = 4
* Number of Scans Averaged by the Deck Unit = 1
* NMEA Latitude = 76 35.83 N
* NMEA Longitude = 179 51.15 W
* NMEA UTC (Time) = Sep 16 2025  19:12:24
* NMEA baud rate = 9600
** Ship: USCG HEALY
** Bot. Depth:  1157
** Cast Number:  02
** Station Name:  NABOS
** Station Number:  10
** Operator:  STARC
# nquan = 25
# nvalues = 1176                                  
# units = specified
# name 0 = depSM: Depth [salt water, m]
# name 1 = latitude: Latitude [deg]
# name 2 = longitude: Longitude [deg]
# name 3 = prDM: Pressure, Digiquartz [db]
# name 4 = t090C: Temperature [ITS-90, deg C]
# name 5 = t190C: Temperature, 2 [ITS-90, deg C]
# name 6 = c0mS/cm: Conductivity [mS/cm]
# name 7 = c1mS/cm: Conductivity, 2 [mS/cm]
# name 8 = sal00: Salinity, Practical [PSU]
# name 9 = sal11: Salinity, Practical, 2 [PSU]
# name 10 = sbox0Mm/Kg: Oxygen, SBE 43 [umol/kg]
# name 11 = sbox1Mm/Kg: Oxygen, SBE 43, 2 [umol/kg]
# name 12 = flECO-AFL: Fluorescence, WET Labs ECO-AFL/FL [mg/m^3]
# name 13 = v2: Voltage 2
# name 14 = wetCDOM: Fluorescence, WET Labs CDOM [mg/m^3]
# name 15 = v6: Voltage 6
# name 16 = CStarAt0: Beam Attenuation, WET Labs C-Star [1/m]
# name 17 = v3: Voltage 3
# name 18 = scan: Scan Count
# name 19 = timeM: Time, Elapsed [minutes]
# name 20 = altM: Altimeter [m]
# name 21 = sbeox0V: Oxygen raw, SBE 43 [V]
# name 22 = sbeox1V: Oxygen raw, SBE 43, 2 [V]
# name 23 = nbf: Bottles Fired
# name 24 = flag:  0.000e+00
# interval = seconds: 0.0416667
# start_time = Sep 16 2025 19:12:24 [NMEA time, header]
# bad_flag = -9.990e-29
*END*
    250.504   76.59786 -179.84896    253.307     0.7740     0.7837  29.635084  29.642010    34.7568    34.7550    296.358    256.340    -0.1976     4.6740     0.0842     0.0842     0.0128     0.0171      19703    13.6819     100.00     2.3032     1.8425          1  0.000e+00
    250.381   76.59786 -179.84896    253.182     0.7739     0.7836  29.635456  29.642010    34.7576    34.7552    296.353    257.757    -0.1671     4.6728     0.0830     0.0830     0.0138     0.0183      19704    13.6826     100.00     2.3032     1.8499          1  0.000e+00
    250.438   76.59786 -179.84896    253.240     0.7741     0.7831  29.635768  29.642653    34.7577    34.7565    296.353    259.891    -0.1976     4.6740     0.0830     0.0830     0.0128     0.0171      19705    13.6833     100.00     2.3032     1.8609          1  0.000e+00
    250.438   76.59786 -179.84896    253.240     0.7740     0.7833  29.635643  29.642653    34.7576    34.7563    296.354    262.259    -0.1671     4.6740     0.0830     0.0830     0.0128     0.0183      19706    13.6840     100.00     2.3032     1.8731          1  0.000e+00
    250.438   76.59786 -179.84896    253.240     0.7745     0.7837  29.636389  29.643063    34.7580    34.7564    296.349    265.097    -0.1671     4.6728     0.0830     0.0830     0.0138     0.0183      19707    13.6847     100.00     2.3032     1.8878          1  0.000e+00
    250.438   76.59786 -179.84896    253.240     0.7750     0.7841  29.636016  29.643589    34.7570    34.7566    296.347    267.699    -0.1976     4.6740     0.0830     0.0830     0.0128     0.0171      19708    13.6854     100.00     2.3032     1.9012          1  0.000e+00
    250.438   76.59786 -179.84896    253.240     0.7747     0.7850  29.635954  29.643706    34.7572    34.7558    296.349    270.062    -0.1671     4.6740     0.0830     0.0830     0.0128     0.0183      19709    13.6861     100.00     2.3032     1.9135          1  0.000e+00
    250.438   76.59786 -179.84896    253.240     0.7751     0.7848  29.636078  29.643472    34.7569    34.7557    296.546    272.432    -0.1671     4.6740     0.0830     0.0830     0.0128     0.0183      19710    13.6868     100.00     2.3045     1.9257          1  0.000e+00
    250.438   76.59786 -179.84896    253.240     0.7753     0.7851  29.635892  29.643589    34.7565    34.7555    296.346    275.035    -0.1671     4.6740     0.0830     0.0830     0.0128     0.0183      19711    13.6875     100.00     2.3032     1.9392          1  0.000e+00
    250.438   76.59786 -179.84896    253.240     0.7753     0.7851  29.636016  29.643706    34.7567    34.7557    296.345    277.403    -0.1671     4.6740     0.0830     0.0830     0.0128     0.0183      19712    13.6882     100.00     2.3032     1.9514          1  0.000e+00
    250.438   76.59786 -179.84896    253.240     0.7753     0.7852  29.635892  29.643940    34.7565    34.7558    296.345    279.533    -0.1671     4.6740     0.0830     0.0830     0.0128     0.0183      19713    13.6889     100.00     2.3032     1.9624          1  0.000e+00
    250.438   76.59786 -179.84896    253.240     0.7756     0.7854  29.636203  29.643999    34.7566    34.7557    296.543    280.716    -0.1671     4.6728     0.0830     0.0830     0.0138     0.0183      19714    13.6896     100.00     2.3045     1.9685          1  0.000e+00
    250.381   76.59786 -179.84896    253.182     0.7756     0.7857  29.636389  29.643764    34.7568    34.7551    296.540    280.949    -0.1671     4.6728     0.0830     0.0830     0.0138     0.0183      19715    13.6903     100.00     2.3045     1.9697          1  0.000e+00
    250.438   76.59786 -179.84896    253.240     0.7754     0.7856  29.636203  29.643706    34.7567    34.7551    296.344    280.716    -0.1671     4.6728     0.0830     0.0830     0.0138     0.0183      19716    13.6910     100.00     2.3032     1.9685          1  0.000e+00
    250.438   76.59786 -179.84896    253.240     0.7756     0.7857  29.636514  29.644057    34.7569    34.7554    296.342    281.424    -0.1671     4.6728     0.0830     0.0830     0.0138     0.0183      19717    13.6917     100.00     2.3032     1.9722          1  0.000e+00
    250.438   76.59786 -179.84894    253.240     0.7756     0.7855  29.636265  29.644057    34.7566    34.7556    296.343    282.609    -0.1671     4.6728     0.0830     0.0830     0.0138     0.0183      19718    13.6924     100.00     2.3032     1.9783          1  0.000e+00
    250.438   76.59786 -179.84894    253.240     0.7756     0.7857  29.636327  29.644174    34.7567    34.7556    296.343    284.266    -0.1671     4.6728     0.0830     0.0830     0.0138     0.0183      19719    13.6931     100.00     2.3032     1.9869          1  0.000e+00
    250.438   76.59786 -179.84894    253.240     0.7751     0.7857  29.636203  29.644233    34.7571    34.7556    296.546    287.581    -0.1671     4.6728     0.0830     0.0830     0.0138     0.0183      19720    13.6937     100.00     2.3045     2.0040          1  0.000e+00
    250.438   76.59786 -179.84894    253.240     0.7749     0.7856  29.636327  29.644057    34.7575    34.7555    296.547    291.845    -0.1671     4.6728     0.0830     0.0830     0.0138     0.0183      19721    13.6944     100.00     2.3045     2.0260          1  0.000e+00
    250.438   76.59786 -179.84894    253.240     0.7750     0.7855  29.636203  29.644174    34.7572    34.7558    296.547    294.687    -0.1671     4.6728     0.0830     0.0830     0.0138     0.0183      19722    13.6951     100.00     2.3045     2.0407          1  0.000e+00
    250.438   76.59786 -179.84894    253.240     0.7748     0.7855  29.636327  29.644057    34.7576    34.7556    296.547    296.345    -0.1671     4.6728     0.0830     0.0830     0.0138     0.0183      19723    13.6958     100.00     2.3045     2.0492          1  0.000e+00
    250.438   76.59786 -179.84894    253.240     0.7754     0.7854  29.636389  29.643765    34.7570    34.7554    296.544    297.531    -0.1671     4.6728     0.0830     0.0830     0.0138     0.0183      19724    13.6965     100.00     2.3045     2.0554          1  0.000e+00
    250.438   76.59786 -179.84894    253.240     0.7764     0.7853  29.636762  29.643706    34.7564    34.7554    296.337    297.295    -0.1976     4.6728     0.0830     0.0830     0.0138     0.0171      19725    13.6972     100.00     2.3032     2.0541          1  0.000e+00
    250.438   76.59786 -179.84894    253.240     0.7762     0.7855  29.636949  29.643472    34.7568    34.7548    296.537    296.584    -0.1671     4.6728     0.0842     0.0842     0.0138     0.0183      19726    13.6979     100.00     2.3045     2.0505          1  0.000e+00
    250.438   76.59786 -179.84894    253.240     0.7761     0.7852  29.636762  29.643823    34.7567    34.7556    296.539    295.637    -0.1671     4.6728     0.0830     0.0830     0.0138     0.0183      19727    13.6986     100.00     2.3045     2.0456          1  0.000e+00
    250.438   76.59786 -179.84894    253.240     0.7759     0.7852  29.636576  29.643765    34.7567    34.7556    296.340    294.927    -0.1976     4.6728     0.0842     0.0842     0.0138     0.0171      19728    13.6993     100.00     2.3032     2.0419          1  0.000e+00
    250.438   76.59786 -179.84894    253.240     0.7761     0.7851  29.636825  29.643706    34.7568    34.7557    296.538    295.165    -0.1671     4.6728     0.0830     0.0830     0.0138     0.0183      19729    13.7000     100.00     2.3045     2.0431          1  0.000e+00
    250.438   76.59786 -179.84894    253.240     0.7765     0.7851  29.636949  29.643706    34.7565    34.7556    296.536    296.348    -0.1976     4.6728     0.0830     0.0830     0.0138     0.0171      19730    13.7007     100.00     2.3045     2.0492          1  0.000e+00
    250.438   76.59786 -179.84894    253.240     0.7772     0.7850  29.636762  29.643472    34.7555    34.7555    296.532    297.061    -0.1671     4.6728     0.0830     0.0830     0.0138     0.0183      19731    13.7014     100.00     2.3045     2.0529          1  0.000e+00
    250.438   76.59786 -179.84894    253.240     0.7775     0.7846  29.636700  29.643004    34.7551    34.7553    296.330    296.827    -0.1671     4.6728     0.0830     0.0830     0.0138     0.0183      19732    13.7021     100.00     2.3032     2.0517          1  0.000e+00
    250.438   76.59786 -179.84894    253.240     0.7774     0.7841  29.636887  29.642887    34.7554    34.7556    296.731    296.357    -0.1671     4.6728     0.0830     0.0830     0.0138     0.0183      19733    13.7028     100.00     2.3057     2.0492          1  0.000e+00
    250.438   76.59786 -179.84894    253.240     0.7772     0.7840  29.636762  29.642302    34.7555    34.7550    296.532    296.833    -0.1671     4.6728     0.0842     0.0842     0.0138     0.0183      19734    13.7035     100.00     2.3045     2.0517          1  0.000e+00
    250.381   76.59786 -179.84894    253.182     0.7773     0.7834  29.636700  29.642010    34.7553    34.7554    296.529    297.072    -0.1671     4.6716     0.0830     0.0830     0.0149     0.0183      19735    13.7042     100.00     2.3045     2.0529          1  0.000e+00
    250.438   76.59786 -179.84894    253.240     0.7770     0.7834  29.636700  29.642185    34.7556    34.7556    296.533    298.258    -0.1671     4.6728     0.0842     0.0842     0.0138     0.0183      19736    13.7049     100.00     2.3045     2.0590          1  0.000e+00
    250.438   76.59786 -179.84894    253.240     0.7766     0.7836  29.636887  29.642302    34.7564    34.7555    296.535    300.151    -0.1671     4.6728     0.0830     0.0830     0.0138     0.0183      19737    13.7056     100.00     2.3045     2.0688          1  0.000e+00
    250.438   76.59786 -179.84894    253.240     0.7767     0.7832  29.636762  29.642302    34.7561    34.7559    296.535    300.627    -0.1976     4.6728     0.0830     0.0830     0.0138     0.0171      19738    13.7063     100.00     2.3045     2.0713          1  0.000e+00
    250.438   76.59786 -179.84894    253.240     0.7767     0.7832  29.637073  29.642068    34.7565    34.7556    296.534    299.207    -0.1671     4.6728     0.0830     0.0830     0.0138     0.0183      19739    13.7069     100.00     2.3045     2.0639          1  0.000e+00
    250.438   76.59786 -179.84894    253.240     0.7769     0.7834  29.636824  29.642302    34.7559    34.7557    296.534    300.863    -0.1671     4.6728     0.0830     0.0830     0.0138     0.0183      19740    13.7076     100.00     2.3045     2.0725          1  0.000e+00
    250.438   76.59786 -179.84894    253.240     0.7770     0.7832  29.636700  29.642068    34.7556    34.7556    296.333    306.549    -0.1671     4.6728     0.0842     0.0842     0.0138     0.0183      19741    13.7083     100.00     2.3032     2.1018          1  0.000e+00
    250.438   76.59786 -179.84894    253.240     0.7768     0.7832  29.636887  29.641834    34.7561    34.7553    296.534    311.049    -0.1671     4.6728     0.0830     0.0830     0.0138     0.0183      19742    13.7090     100.00     2.3045     2.1251          1  0.000e+00
    250.438   76.59786 -179.84894    253.240     0.7768     0.7831  29.636949  29.641951    34.7561    34.7556    296.734    312.234    -0.1671     4.6728     0.0830     0.0830     0.0138     0.0183      19743    13.7097     100.00     2.3057     2.1312          1  0.000e+00
    250.438   76.59786 -179.84894    253.240     0.7769     0.7832  29.636762  29.641834    34.7558    34.7553    296.734    309.865    -0.1671     4.6728     0.0830     0.0830     0.0138     0.0183      19744    13.7104     100.00     2.3057     2.1190          1  0.000e+00
    250.438   76.59786 -179.84894    253.240     0.7761     0.7829  29.636887  29.641776    34.7569    34.7556    296.538    304.420    -0.1671     4.6728     0.0818     0.0818     0.0138     0.0183      19745    13.7111     100.00     2.3045     2.0908          1  0.000e+00
    250.438   76.59786 -179.84894    253.240     0.7751     0.7826  29.636762  29.641425    34.7578    34.7554    296.545    299.686    -0.1976     4.6728     0.0806     0.0806     0.0138     0.0171      19746    13.7118     100.00     2.3045     2.0664          1  0.000e+00
    250.438   76.59786 -179.84894    253.240     0.7747     0.7823  29.636825  29.641191    34.7584    34.7555    296.747    296.610    -0.1671     4.6728     0.0794     0.0794     0.0138     0.0183      19747    13.7125     100.00     2.3057     2.0505          1  0.000e+00
    250.438   76.59786 -179.84894    253.240     0.7747     0.7820  29.636514  29.640782    34.7579    34.7553    296.748    295.192    -0.1671     4.6728     0.0794     0.0794     0.0138     0.0183      19748    13.7132     100.00     2.3057     2.0431          1  0.000e+00
    250.438   76.59786 -179.84894    253.240     0.7750     0.7820  29.636576  29.640431    34.7577    34.7549    296.746    294.719    -0.1671     4.6728     0.0781     0.0781     0.0138     0.0183      19749    13.7139     100.00     2.3057     2.0407          1  0.000e+00
    250.438   76.59786 -179.84894    253.240     0.7756     0.7817  29.636451  29.640372    34.7569    34.7551    296.543    294.958    -0.1671     4.6728     0.0794     0.0794     0.0138     0.0183      19750    13.7146     100.00     2.3045     2.0419          1  0.000e+00
    250.438   76.59786 -179.84894    253.240     0.7761     0.7811  29.636203  29.639963    34.7560    34.7553    296.541    294.963    -0.1671     4.6728     0.0794     0.0794     0.0138     0.0183      19751    13.7153     100.00     2.3045     2.0419          1  0.000e+00
    250.436   76.59788 -179.84888    253.237     0.7833     0.7841  29.643478  29.642770    34.7574    34.7555    296.481    285.705    -0.1366     4.6740     0.0830     0.0830     0.0128     0.0195      20154    13.9951     100.00     2.3045     1.9942          2  0.000e+00
    250.501   76.59788 -179.84888    253.304     0.7829     0.7841  29.643727  29.642887    34.7581    34.7556    296.685    286.418    -0.1671     4.6728     0.0842     0.0842     0.0138     0.0183      20155    13.9958     100.00     2.3057     1.9979          2  0.000e+00
    250.435   76.59788 -179.84888    253.237     0.7831     0.7840  29.643665  29.642653    34.7578    34.7555    296.482    287.364    -0.1671     4.6728     0.0830     0.0830     0.0138     0.0183      20156    13.9965     100.00     2.3045     2.0028          2  0.000e+00
    250.435   76.59788 -179.84888    253.237     0.7833     0.7840  29.643789  29.642595    34.7578    34.7554    296.681    288.074    -0.1671     4.6728     0.0830     0.0830     0.0138     0.0183      20157    13.9972     100.00     2.3057     2.0065          2  0.000e+00
    250.501   76.59788 -179.84888    253.304     0.7831     0.7840  29.643665  29.642361    34.7578    34.7551    296.484    288.551    -0.1976     4.6728     0.0830     0.0830     0.0138     0.0171      20158    13.9979     100.00     2.3045     2.0089          2  0.000e+00
    250.435   76.59788 -179.84888    253.237     0.7828     0.7840  29.643603  29.642536    34.7581    34.7553    296.684    288.548    -0.1976     4.6728     0.0830     0.0830     0.0138     0.0171      20159    13.9986     100.00     2.3057     2.0089          2  0.000e+00
    250.501   76.59788 -179.84888    253.304     0.7829     0.7841  29.643603  29.642829    34.7579    34.7555    296.486    288.786    -0.1671     4.6728     0.0830     0.0830     0.0138     0.0183      20160    13.9993     100.00     2.3045     2.0101          2  0.000e+00
    250.435   76.59788 -179.84888    253.237     0.7826     0.7840  29.643603  29.643063    34.7583    34.7560    296.485    288.784    -0.1671     4.6740     0.0842     0.0842     0.0128     0.0183      20161    14.0000     100.00     2.3045     2.0101          2  0.000e+00
