Continuous CTD Data/01_SBE Stage/nabos_36_01avg.cnv
* Sea-Bird SBE 9 Data File:
* FileName = D:\CTD\data\HLY2502\raw\NABOS_36_01.hex
* Software Version Seasave V 7.26.7.110
* Temperature SN = 6954
* Conductivity SN = 2561
* Number of Bytes Per Scan = 37
* Number of Voltage Words = 4
* Number of Scans Averaged by the Deck Unit = 1
* NMEA Latitude = 79 18.82 N
* NMEA Longitude = 132 49.52 E
* NMEA UTC (Time) = Sep 24 2025  16:01:06
* NMEA baud rate = 9600
** Ship: USCG HEALY
** Bot. Depth:  3158
** Cast Number:  01
** Station Name:  NABOS
** Station Number:  36
** Operator:  STARC
# nquan = 25
# nvalues = 1214                        
# units = specified
# name 0 = depSM: Depth [salt water, m]
# name 1 = latitude: Latitude [deg]
# name 2 = longitude: Longitude [deg]
# name 3 = prDM: Pressure, Digiquartz [db]
# name 4 = t090C: Temperature [ITS-90, deg C]
# name 5 = t190C: Temperature, 2 [ITS-90, deg C]
# name 6 = c0mS/cm: Conductivity [mS/cm]
# name 7 = c1mS/cm: Conductivity, 2 [mS/cm]
# name 8 = sal00: Salinity, Practical [PSU]
# name 9 = sal11: Salinity, Practical, 2 [PSU]
# name 10 = sbox0Mm/Kg: Oxygen, SBE 43 [umol/kg]
# name 11 = sbox1Mm/Kg: Oxygen, SBE 43, 2 [umol/kg]
# name 12 = flECO-AFL: Fluorescence, WET Labs ECO-AFL/FL [mg/m^3]
# name 13 = v2: Voltage 2
# name 14 = wetCDOM: Fluorescence, WET Labs CDOM [mg/m^3]
# name 15 = v6: Voltage 6
# name 16 = CStarAt0: Beam Attenuation, WET Labs C-Star [1/m]
# name 17 = v3: Voltage 3
# name 18 = scan: Scan Count
# name 19 = timeM: Time, Elapsed [minutes]
# name 20 = altM: Altimeter [m]
# name 21 = sbeox0V: Oxygen raw, SBE 43 [V]
# name 22 = sbeox1V: Oxygen raw, SBE 43, 2 [V]
# name 23 = nbin: number of scans per bin
# name 24 = flag: flag
# span 0 =      3.958,   1200.637       
# span 1 =   79.31374,   79.31722       
# span 2 =  132.81580,  132.82358       
# span 3 =      4.000,   1217.000       
# span 4 =    -1.8216,     1.8330       
# span 5 =    -1.8201,     1.8325       
# span 6 =  23.112139,  30.612249       
# span 7 =  23.111232,  30.610442       
# span 8 =    28.6412,    34.9072       
# span 9 =    28.6388,    34.9051       
# span 10 =    288.999,    379.165      
# span 11 =    257.382,    374.381      
# span 12 =    -0.1799,     0.4338      
# span 13 =     4.3793,     4.6311      
# span 14 =     0.0685,     0.1316      
# span 15 =     0.0685,     0.1316      
# span 16 =     0.0498,     0.2736      
# span 17 =     0.0178,     0.0423      
# span 18 =       2738,      39368      
# span 19 =     1.9007,    27.3379      
# span 20 =     100.00,     100.00      
# span 21 =     2.0051,     2.6844      
# span 22 =     1.7812,     2.3469      
# span 23 =         10,         29      
# span 24 = 0.0000e+00, 0.0000e+00      
# interval = decibars: 1                
# start_time = Sep 24 2025 16:01:06 [NMEA time, header]
# bad_flag = -9.990e-29
*END*
[from data line 928]
    920.093   79.31638  132.81722    932.000    -0.2138    -0.2138  29.162823  29.161253    34.8522    34.8501    298.703    295.259    -0.1351     4.6264     0.0842     0.0842     0.0538     0.0196      31354    21.7728     100.00     2.1153     1.8742         14 0.0000e+00
    921.078   79.31638  132.81720    933.000    -0.2139    -0.2136  29.163389  29.162041    34.8525    34.8505    298.706    296.019    -0.1315     4.6255     0.0860     0.0860     0.0546     0.0197      31380    21.7910     100.00     2.1151     1.8775         18 0.0000e+00
    922.063   79.31640  132.81720    934.000    -0.2097    -0.2097  29.167681  29.166202    34.8529    34.8509    298.701    295.594    -0.1588     4.6264     0.0849     0.0849     0.0538     0.0186      31405    21.8084     100.00     2.1150     1.8756         16 0.0000e+00
    923.049   79.31640  132.81720    935.000    -0.2077    -0.2076  29.170106  29.168501    34.8532    34.8510    298.706    295.360    -0.1387     4.6260     0.0846     0.0846     0.0541     0.0194      31429    21.8250     100.00     2.1150     1.8744         18 0.0000e+00
    924.033   79.31640  132.81720    936.000    -0.2067    -0.2065  29.171749  29.170322    34.8537    34.8516    298.722    295.449    -0.1333     4.6257     0.0852     0.0852     0.0544     0.0196      31453    21.8418     100.00     2.1150     1.8747         19 0.0000e+00
    925.019   79.31640  132.81720    937.000    -0.2063    -0.2064  29.172546  29.170814    34.8538    34.8516    298.622    294.854    -0.1763     4.6263     0.0855     0.0855     0.0539     0.0179      31479    21.8596     100.00     2.1142     1.8718         16 0.0000e+00
    926.003   79.31640  132.81720    938.000    -0.2080    -0.2081  29.171397  29.169723    34.8535    34.8515    298.542    294.973    -0.1580     4.6264     0.0869     0.0869     0.0538     0.0187      31506    21.8783     100.00     2.1134     1.8721         14 0.0000e+00
    926.989   79.31640  132.81720    939.000    -0.2121    -0.2124  29.168339  29.166554    34.8536    34.8515    298.625    295.412    -0.1348     4.6263     0.0877     0.0877     0.0539     0.0196      31532    21.8968     100.00     2.1134     1.8737         15 0.0000e+00
    927.973   79.31641  132.81720    940.000    -0.2136    -0.2136  29.167578  29.166088    34.8537    34.8517    298.552    295.198    -0.1539     4.6259     0.0872     0.0872     0.0542     0.0188      31557    21.9139     100.00     2.1128     1.8725         16 0.0000e+00
    928.958   79.31642  132.81720    941.000    -0.2123    -0.2123  29.169389  29.167859    34.8540    34.8520    298.512    295.104    -0.1667     4.6262     0.0853     0.0853     0.0539     0.0183      31581    21.9304     100.00     2.1124     1.8720         15 0.0000e+00
    929.944   79.31642  132.81720    942.000    -0.2075    -0.2074  29.174413  29.172897    34.8547    34.8525    298.456    294.789    -0.1469     4.6252     0.0850     0.0850     0.0548     0.0191      31606    21.9477     100.00     2.1121     1.8705         14 0.0000e+00
    930.928   79.31642  132.81720    943.000    -0.2022    -0.2023  29.179923  29.178279    34.8554    34.8533    298.496    295.127    -0.1336     4.6252     0.0876     0.0876     0.0548     0.0196      31632    21.9659     100.00     2.1124     1.8721         17 0.0000e+00
    931.913   79.31642  132.81720    944.000    -0.2005    -0.2004  29.182278  29.180749    34.8560    34.8538    298.522    295.147    -0.1366     4.6260     0.0865     0.0865     0.0541     0.0195      31658    21.9838     100.00     2.1124     1.8721         15 0.0000e+00
    932.898   79.31642  132.81720    945.000    -0.1992    -0.1992  29.184200  29.182588    34.8565    34.8543    298.530    294.824    -0.1730     4.6261     0.0854     0.0854     0.0540     0.0181      31682    22.0004     100.00     2.1124     1.8705         12 0.0000e+00
    933.883   79.31642  132.81720    946.000    -0.1990    -0.1990  29.184886  29.183283    34.8566    34.8544    298.540    294.917    -0.1585     4.6261     0.0859     0.0859     0.0540     0.0186      31706    22.0173     100.00     2.1122     1.8708         14 0.0000e+00
    934.868   79.31644  132.81720    947.000    -0.1989    -0.1989  29.185345  29.183806    34.8565    34.8545    298.448    294.644    -0.1381     4.6264     0.0862     0.0862     0.0538     0.0194      31731    22.0349     100.00     2.1115     1.8694         13 0.0000e+00
    935.853   79.31644  132.81720    948.000    -0.1985    -0.1986  29.186198  29.184634    34.8566    34.8546    298.287    295.309    -0.1590     4.6260     0.0854     0.0854     0.0541     0.0186      31758    22.0533     100.00     2.1104     1.8722         15 0.0000e+00
    936.838   79.31644  132.81720    949.000    -0.2002    -0.2004  29.185183  29.183491    34.8567    34.8546    298.245    295.337    -0.1515     4.6254     0.0853     0.0853     0.0547     0.0189      31782    22.0702     100.00     2.1099     1.8721         12 0.0000e+00
    937.823   79.31644  132.81720    950.000    -0.2031    -0.2031  29.183284  29.181577    34.8568    34.8545    298.165    295.143    -0.1654     4.6261     0.0849     0.0849     0.0541     0.0184      31806    22.0869     100.00     2.1091     1.8709         14 0.0000e+00
    938.808   79.31644  132.81718    951.000    -0.2042    -0.2043  29.182676  29.180961    34.8567    34.8546    298.110    294.561    -0.1692     4.6256     0.0853     0.0853     0.0545     0.0182      31831    22.1041     100.00     2.1086     1.8681         14 0.0000e+00
    939.793   79.31644  132.81718    952.000    -0.2063    -0.2064  29.181285  29.179595    34.8566    34.8545    298.034    294.867    -0.1410     4.6263     0.0856     0.0856     0.0539     0.0193      31858    22.1229     100.00     2.1078     1.8692         16 0.0000e+00
    940.778   79.31644  132.81718    953.000    -0.2077    -0.2078  29.180384  29.178931    34.8565    34.8546    298.042    294.458    -0.1673     4.6260     0.0863     0.0863     0.0541     0.0183      31884    22.1412     100.00     2.1076     1.8671         15 0.0000e+00
    941.763   79.31646  132.81718    954.000    -0.2094    -0.2094  29.179446  29.177782    34.8565    34.8544    298.140    294.510    -0.1652     4.6256     0.0864     0.0864     0.0545     0.0184      31909    22.1585     100.00     2.1078     1.8671         16 0.0000e+00
    942.748   79.31646  132.81718    955.000    -0.2100    -0.2101  29.179174  29.177603    34.8563    34.8544    298.193    294.589    -0.1332     4.6259     0.0863     0.0863     0.0542     0.0196      31933    22.1753     100.00     2.1079     1.8673         14 0.0000e+00
    943.733   79.31646  132.81718    956.000    -0.2099    -0.2100  29.179736  29.178112    34.8564    34.8543    298.314    294.698    -0.1308     4.6251     0.0853     0.0853     0.0549     0.0197      31959    22.1928     100.00     2.1083     1.8676         16 0.0000e+00
    944.718   79.31646  132.81718    957.000    -0.2104    -0.2106  29.179809  29.178101    34.8564    34.8543    298.285    294.493    -0.1495     4.6252     0.0851     0.0851     0.0548     0.0190      31984    22.2107     100.00     2.1079     1.8664         13 0.0000e+00
    945.703   79.31646  132.81718    958.000    -0.2115    -0.2115  29.179323  29.177716    34.8565    34.8543    298.180    294.744    -0.1529     4.6252     0.0873     0.0873     0.0548     0.0189      32009    22.2280     100.00     2.1071     1.8674         13 0.0000e+00
    946.687   79.31646  132.81718    959.000    -0.2114    -0.2116  29.179834  29.178170    34.8564    34.8545    298.043    295.236    -0.1302     4.6258     0.0859     0.0859     0.0543     0.0198      32034    22.2449     100.00     2.1061     1.8694         13 0.0000e+00
    947.672   79.31647  132.81717    960.000    -0.2125    -0.2124  29.179400  29.177789    34.8565    34.8543    298.141    294.308    -0.1344     4.6261     0.0857     0.0857     0.0540     0.0196      32059    22.2623     100.00     2.1064     1.8650         14 0.0000e+00
    948.657   79.31648  132.81716    961.000    -0.2127    -0.2127  29.179553  29.178047    34.8564    34.8544    298.132    294.428    -0.1296     4.6263     0.0845     0.0845     0.0539     0.0198      32084    22.2798     100.00     2.1061     1.8653         13 0.0000e+00
    949.642   79.31648  132.81716    962.000    -0.2112    -0.2111  29.181615  29.179963    34.8568    34.8546    297.928    294.582    -0.1310     4.6255     0.0837     0.0837     0.0545     0.0197      32110    22.2978     100.00     2.1049     1.8659         16 0.0000e+00
    950.627   79.31648  132.81716    963.000    -0.2058    -0.2058  29.187304  29.185904    34.8577    34.8558    297.957    294.751    -0.1409     4.6259     0.0856     0.0856     0.0542     0.0193      32134    22.3147     100.00     2.1051     1.8667         14 0.0000e+00
    951.612   79.31648  132.81716    964.000    -0.1980    -0.1978  29.195289  29.193764    34.8589    34.8566    297.972    294.900    -0.1671     4.6258     0.0862     0.0862     0.0543     0.0183      32158    22.3314     100.00     2.1054     1.8676         15 0.0000e+00
    952.597   79.31648  132.81716    965.000    -0.1930    -0.1929  29.200680  29.199138    34.8597    34.8576    298.017    294.851    -0.1341     4.6261     0.0852     0.0852     0.0540     0.0196      32183    22.3485     100.00     2.1056     1.8674         14 0.0000e+00
    953.582   79.31649  132.81716    966.000    -0.1896    -0.1893  29.204467  29.203171    34.8603    34.8583    297.921    294.338    -0.1348     4.6253     0.0833     0.0833     0.0547     0.0196      32209    22.3670     100.00     2.1051     1.8650         17 0.0000e+00
    954.567   79.31650  132.81716    967.000    -0.1839    -0.1837  29.210549  29.209239    34.8613    34.8594    297.785    294.282    -0.1621     4.6255     0.0863     0.0863     0.0545     0.0185      32237    22.3858     100.00     2.1044     1.8648         15 0.0000e+00
    955.551   79.31650  132.81716    968.000    -0.1805    -0.1806  29.214273  29.212601    34.8618    34.8597    297.766    294.270    -0.1404     4.6253     0.0853     0.0853     0.0547     0.0194      32262    22.4034     100.00     2.1043     1.8647         13 0.0000e+00
    956.536   79.31650  132.81714    969.000    -0.1772    -0.1769  29.218238  29.216900    34.8628    34.8606    297.596    294.224    -0.1301     4.6262     0.0838     0.0838     0.0540     0.0198      32286    22.4199     100.00     2.1033     1.8645         15 0.0000e+00
    957.521   79.31650  132.81714    970.000    -0.1700    -0.1700  29.225398  29.223782    34.8635    34.8615    297.552    293.969    -0.1694     4.6253     0.0840     0.0840     0.0547     0.0182      32309    22.4364     100.00     2.1032     1.8634         17 0.0000e+00
    958.506   79.31650  132.81714    971.000    -0.1690    -0.1690  29.226898  29.225303    34.8637    34.8617    297.455    294.143    -0.1415     4.6256     0.0866     0.0866     0.0545     0.0193      32335    22.4539     100.00     2.1025     1.8641         17 0.0000e+00
    959.491   79.31650  132.81714    972.000    -0.1671    -0.1671  29.229230  29.227646    34.8642    34.8620    297.455    293.749    -0.1625     4.6254     0.0866     0.0866     0.0546     0.0185      32362    22.4727     100.00     2.1024     1.8622         19 0.0000e+00
    960.475   79.31650  132.81714    973.000    -0.1668    -0.1669  29.229896  29.228230    34.8641    34.8620    297.395    293.872    -0.1363     4.6259     0.0858     0.0858     0.0542     0.0195      32387    22.4904     100.00     2.1019     1.8626         17 0.0000e+00
    961.460   79.31652  132.81714    974.000    -0.1670    -0.1671  29.230201  29.228616    34.8641    34.8622    297.246    293.899    -0.1344     4.6263     0.0851     0.0851     0.0539     0.0196      32411    22.5071     100.00     2.1009     1.8625         14 0.0000e+00
    962.445   79.31652  132.81714    975.000    -0.1684    -0.1686  29.229347  29.227650    34.8641    34.8620    297.114    294.053    -0.1366     4.6259     0.0855     0.0855     0.0542     0.0195      32435    22.5234     100.00     2.0998     1.8630         16 0.0000e+00
    963.430   79.31652  132.81714    976.000    -0.1710    -0.1711  29.227622  29.225912    34.8641    34.8620    296.976    293.595    -0.1366     4.6255     0.0861     0.0861     0.0545     0.0195      32460    22.5406     100.00     2.0988     1.8606         16 0.0000e+00
    964.415   79.31652  132.81712    977.000    -0.1726    -0.1728  29.226544  29.224942    34.8640    34.8621    296.846    293.385    -0.1504     4.6260     0.0860     0.0860     0.0541     0.0190      32485    22.5586     100.00     2.0978     1.8594         16 0.0000e+00
    965.400   79.31652  132.81712    978.000    -0.1756    -0.1758  29.224470  29.222673    34.8640    34.8619    296.776    293.525    -0.1380     4.6255     0.0841     0.0841     0.0545     0.0195      32511    22.5763     100.00     2.0971     1.8597         23 0.0000e+00
    966.385   79.31653  132.81712    979.000    -0.1791    -0.1793  29.221825  29.220172    34.8639    34.8619    296.738    293.401    -0.1329     4.6252     0.0853     0.0853     0.0548     0.0197      32535    22.5932     100.00     2.0965     1.8588         16 0.0000e+00
    967.369   79.31654  132.81712    980.000    -0.1803    -0.1803  29.221186  29.219587    34.8639    34.8618    296.678    293.321    -0.1642     4.6253     0.0849     0.0849     0.0547     0.0184      32560    22.6102     100.00     2.0959     1.8583         17 0.0000e+00
    968.354   79.31654  132.81712    981.000    -0.1804    -0.1804  29.221558  29.219940    34.8639    34.8618    296.729    293.729    -0.1613     4.6254     0.0850     0.0850     0.0546     0.0185      32586    22.6288     100.00     2.0960     1.8600         21 0.0000e+00
    969.339   79.31654  132.81712    982.000    -0.1818    -0.1816  29.220761  29.219255    34.8638    34.8617    296.870    292.897    -0.1308     4.6256     0.0859     0.0859     0.0545     0.0197      32613    22.6473     100.00     2.0964     1.8559         17 0.0000e+00
    970.324   79.31654  132.81711    983.000    -0.1851    -0.1855  29.218091  29.216334    34.8635    34.8616    297.023    294.100    -0.1275     4.6264     0.0852     0.0852     0.0538     0.0199      32638    22.6647     100.00     2.0969     1.8611         17 0.0000e+00
    971.308   79.31654  132.81710    984.000    -0.1870    -0.1869  29.217089  29.215637    34.8637    34.8616    297.107    293.521    -0.1309     4.6262     0.0853     0.0853     0.0540     0.0197      32662    22.6810     100.00     2.0970     1.8582         16 0.0000e+00
    972.293   79.31655  132.81710    985.000    -0.1782    -0.1780  29.225683  29.224299    34.8645    34.8625    297.013    293.547    -0.1312     4.6263     0.0857     0.0857     0.0539     0.0197      32686    22.6979     100.00     2.0967     1.8585         17 0.0000e+00
    973.278   79.31656  132.81710    986.000    -0.1798    -0.1800  29.224702  29.222988    34.8644    34.8624    297.048    292.750    -0.1304     4.6252     0.0857     0.0857     0.0548     0.0198      32712    22.7159     100.00     2.0966     1.8546         15 0.0000e+00
    974.263   79.31656  132.81710    987.000    -0.1758    -0.1756  29.229302  29.227929    34.8655    34.8634    297.044    293.413    -0.1653     4.6253     0.0853     0.0853     0.0547     0.0184      32739    22.7349     100.00     2.0966     1.8577         19 0.0000e+00
    975.248   79.31656  132.81710    988.000    -0.1731    -0.1732  29.232477  29.230718    34.8660    34.8638    296.940    293.682    -0.1748     4.6254     0.0857     0.0857     0.0546     0.0180      32764    22.7524     100.00     2.0959     1.8588         16 0.0000e+00
