Continuous CTD Data/01_SBE Stage/nabos_15_02avg.cnv
* Sea-Bird SBE 9 Data File:
* FileName = D:\CTD\data\HLY2502\raw\NABOS_15_02.hex
* Software Version Seasave V 7.26.7.110
* Temperature SN = 6954
* Conductivity SN = 2561
* Number of Bytes Per Scan = 37
* Number of Voltage Words = 4
* Number of Scans Averaged by the Deck Unit = 1
* NMEA Latitude = 78 29.96 N
* NMEA Longitude = 170 07.40 W
* NMEA UTC (Time) = Sep 09 2025  17:34:44
* NMEA baud rate = 9600
** Ship: USCG HEALY
** Bot. Depth:  2700
** Cast Number:
** Station Name:  15
** Station Number:
** Operator:  STARC
# nquan = 25
# nvalues = 256                         
# units = specified
# name 0 = depSM: Depth [salt water, m]
# name 1 = latitude: Latitude [deg]
# name 2 = longitude: Longitude [deg]
# name 3 = prDM: Pressure, Digiquartz [db]
# name 4 = t090C: Temperature [ITS-90, deg C]
# name 5 = t190C: Temperature, 2 [ITS-90, deg C]
# name 6 = c0mS/cm: Conductivity [mS/cm]
# name 7 = c1mS/cm: Conductivity, 2 [mS/cm]
# name 8 = sal00: Salinity, Practical [PSU]
# name 9 = sal11: Salinity, Practical, 2 [PSU]
# name 10 = sbox0Mm/Kg: Oxygen, SBE 43 [umol/kg]
# name 11 = sbox1Mm/Kg: Oxygen, SBE 43, 2 [umol/kg]
# name 12 = flECO-AFL: Fluorescence, WET Labs ECO-AFL/FL [mg/m^3]
# name 13 = v2: Voltage 2
# name 14 = wetCDOM: Fluorescence, WET Labs CDOM [mg/m^3]
# name 15 = v6: Voltage 6
# name 16 = CStarAt0: Beam Attenuation, WET Labs C-Star [1/m]
# name 17 = v3: Voltage 3
# name 18 = scan: Scan Count
# name 19 = timeM: Time, Elapsed [minutes]
# name 20 = altM: Altimeter [m]
# name 21 = sbeox0V: Oxygen raw, SBE 43 [V]
# name 22 = sbeox1V: Oxygen raw, SBE 43, 2 [V]
# name 23 = nbin: number of scans per bin
# name 24 = flag: flag
# span 0 =      2.969,    255.123       
# span 1 =   78.49949,   78.49978       
# span 2 = -170.12009, -170.10647       
# span 3 =      3.000,    258.000       
# span 4 =    -1.6482,     0.6531       
# span 5 =    -1.6472,     0.6530       
# span 6 =  23.286190,  29.523829       
# span 7 =  23.280987,  29.522444       
# span 8 =    28.8923,    34.7452       
# span 9 =    28.8855,    34.7432       
# span 10 =    243.998,    379.019      
# span 11 =    237.990,    366.984      
# span 12 =    -0.1766,     0.3521      
# span 13 =     4.5856,     4.6664      
# span 14 =     0.0804,     0.1134      
# span 15 =     0.0804,     0.1134      
# span 16 =     0.0193,     0.0894      
# span 17 =     0.0179,     0.0391      
# span 18 =       3524,      17776      
# span 19 =     2.4464,    12.3437      
# span 20 =      87.04,     100.10      
# span 21 =     1.9044,     2.6527      
# span 22 =     1.6824,     2.2862      
# span 23 =          4,         30      
# span 24 = 0.0000e+00, 0.0000e+00      
# interval = decibars: 1                
# start_time = Sep 09 2025 17:34:44 [NMEA time, header]
# bad_flag = -9.990e-29
*END*
      2.969   78.49949 -170.12009      3.000    -1.5311    -1.5286  23.301631  23.315901    28.9101    28.9270    375.063    362.220     0.1104     4.6162     0.0953     0.0953     0.0626     0.0294       3524     2.4464     100.00     2.6056     2.2436          5 0.0000e+00
      3.958   78.49950 -170.11982      4.000    -1.5348    -1.5351  23.286190  23.280987    28.8923    28.8855    375.234    364.098     0.1034     4.6160     0.0932     0.0932     0.0627     0.0291       3749     2.6025     100.00     2.6057     2.2513         15 0.0000e+00
      4.947   78.49950 -170.11975      5.000    -1.5282    -1.5281  23.320610  23.317951    28.9320    28.9283    374.817    364.261     0.1321     4.6154     0.0937     0.0937     0.0633     0.0303       3797     2.6358     100.00     2.6042     2.2528         18 0.0000e+00
      5.937   78.49952 -170.11969      6.000    -1.5294    -1.5289  23.313970  23.313047    28.9237    28.9219    374.897    363.549     0.1432     4.6175     0.0951     0.0951     0.0615     0.0307       3849     2.6720     100.00     2.6041     2.2491         22 0.0000e+00
      6.926   78.49952 -170.11963      7.000    -1.5293    -1.5295  23.314735  23.310649    28.9240    28.9187    374.907    363.626     0.1593     4.6047     0.0944     0.0944     0.0726     0.0313       3900     2.7073     100.00     2.6039     2.2492         20 0.0000e+00
      7.916   78.49952 -170.11956      8.000    -1.5307    -1.5305  23.309185  23.307336    28.9173    28.9146    375.087    364.880     0.1359     4.6168     0.0942     0.0942     0.0620     0.0304       3950     2.7424     100.00     2.6044     2.2548         22 0.0000e+00
      8.905   78.49952 -170.11950      9.000    -1.5328    -1.5319  23.300078  23.300926    28.9064    28.9067    374.998    364.072     0.1352     4.6171     0.0935     0.0935     0.0618     0.0304       4000     2.7769     100.00     2.6034     2.2505         21 0.0000e+00
      9.894   78.49954 -170.11944     10.000    -1.5312    -1.5292  23.310802  23.319190    28.9189    28.9283    374.885    363.584     0.1344     4.6171     0.0948     0.0948     0.0618     0.0304       4051     2.8126     100.00     2.6028     2.2484         25 0.0000e+00
     10.884   78.49954 -170.11938     11.000    -1.5233    -1.5234  23.356137  23.352719    28.9722    28.9677    374.639    363.489     0.1349     4.6168     0.0928     0.0928     0.0621     0.0304       4102     2.8476     100.00     2.6025     2.2486         19 0.0000e+00
     11.873   78.49954 -170.11931     12.000    -1.5220    -1.5176  23.363909  23.385349    28.9809    29.0058    374.678    364.075     0.1355     4.6176     0.0940     0.0940     0.0613     0.0304       4154     2.8837     100.00     2.6027     2.2520         23 0.0000e+00
     12.863   78.49956 -170.11924     13.000    -1.5126    -1.5107  23.419838  23.425391    29.0471    29.0528    374.962    363.501     0.1483     4.6179     0.0940     0.0940     0.0611     0.0309       4206     2.9199     100.00     2.6057     2.2500         21 0.0000e+00
     13.852   78.49956 -170.11918     14.000    -1.5101    -1.5104  23.432499  23.426467    29.0614    29.0535    375.270    364.401     0.1499     4.6140     0.0925     0.0925     0.0644     0.0310       4257     2.9558     100.00     2.6076     2.2541         26 0.0000e+00
     14.841   78.49956 -170.11911     15.000    -1.4831    -1.4918  23.574360  23.525350    29.2271    29.1690    374.857    363.841     0.1721     4.6157     0.0943     0.0943     0.0630     0.0319       4308     2.9908     100.00     2.6095     2.2538         22 0.0000e+00
     15.831   78.49958 -170.11904     16.000    -1.4367    -1.4325  23.818940  23.849161    29.5128    29.5498    374.025    362.440     0.2135     4.6159     0.0948     0.0948     0.0628     0.0336       4358     3.0256     100.00     2.6123     2.2552         20 0.0000e+00
     16.820   78.49958 -170.11898     17.000    -1.4319    -1.4374  23.851869  23.811858    29.5523    29.5034    375.395    363.757     0.2125     4.6139     0.0938     0.0938     0.0646     0.0335       4408     3.0601     100.00     2.6207     2.2604         23 0.0000e+00
     17.810   78.49958 -170.11891     18.000    -1.4393    -1.4414  23.800020  23.782702    29.4887    29.4672    377.688    365.442     0.1790     4.6122     0.0929     0.0929     0.0661     0.0321       4458     3.0954     100.00     2.6319     2.2675         27 0.0000e+00
     18.799   78.49959 -170.11884     19.000    -1.4415    -1.4412  23.788792  23.789520    29.4751    29.4757    379.019    366.648     0.1813     4.6129     0.0938     0.0938     0.0654     0.0322       4510     3.1314     100.00     2.6388     2.2732         22 0.0000e+00
     19.789   78.49960 -170.11878     20.000    -1.4195    -1.4177  23.943914  23.946907    29.6632    29.6655    378.514    366.425     0.2295     4.6138     0.0937     0.0937     0.0647     0.0342       4563     3.1677     100.00     2.6402     2.2758         23 0.0000e+00
     20.778   78.49960 -170.11871     21.000    -1.4058    -1.4027  24.143847  24.195230    29.9206    29.9873    378.086    365.660     0.2763     4.6134     0.0953     0.0953     0.0650     0.0360       4614     3.2035     100.00     2.6428     2.2771         23 0.0000e+00
     21.767   78.49961 -170.11864     22.000    -1.4085    -1.4088  24.426802  24.425864    30.3075    30.3066    377.861    365.508     0.3377     4.6109     0.0962     0.0962     0.0672     0.0385       4665     3.2386     100.00     2.6476     2.2803         23 0.0000e+00
     22.756   78.49962 -170.11858     23.000    -1.4260    -1.4257  24.447499  24.446308    30.3529    30.3510    378.738    366.203     0.3429     4.5856     0.0962     0.0962     0.0894     0.0387       4715     3.2738     100.00     2.6520     2.2831         24 0.0000e+00
     23.746   78.49962 -170.11851     24.000    -1.4425    -1.4422  24.496264  24.494711    30.4357    30.4332    378.861    366.843     0.3081     4.6121     0.0938     0.0938     0.0662     0.0373       4766     3.3088     100.00     2.6527     2.2862         19 0.0000e+00
     24.735   78.49964 -170.11844     25.000    -1.4754    -1.4748  24.508284  24.506939    30.4850    30.4826    378.434    366.984     0.2986     4.6107     0.0943     0.0943     0.0674     0.0369       4817     3.3444     100.00     2.6487     2.2856         22 0.0000e+00
     25.725   78.49964 -170.11838     26.000    -1.4822    -1.4819  24.545012  24.543167    30.5416    30.5388    376.502    365.117     0.3157     4.6111     0.0962     0.0962     0.0670     0.0376       4869     3.3804     100.00     2.6379     2.2768         21 0.0000e+00
     26.714   78.49964 -170.11831     27.000    -1.4856    -1.4850  24.586016  24.584725    30.6004    30.5982    373.797    363.124     0.2888     4.6123     0.0938     0.0938     0.0660     0.0365       4920     3.4159      99.65     2.6229     2.2676         19 0.0000e+00
     27.703   78.49965 -170.11825     28.000    -1.5093    -1.5092  24.591257  24.590050    30.6315    30.6297    371.534    360.381     0.3075     4.6123     0.0921     0.0921     0.0659     0.0373       4971     3.4516     100.01     2.6087     2.2533         19 0.0000e+00
     28.693   78.49966 -170.11818     29.000    -1.5201    -1.5197  24.593957  24.592931    30.6457    30.6438    369.093    359.561     0.2935     4.6127     0.0930     0.0930     0.0656     0.0367       5022     3.4865     100.00     2.5941     2.2488         18 0.0000e+00
     29.682   78.49966 -170.11812     30.000    -1.5335    -1.5334  24.596782  24.595694    30.6628    30.6611    366.362    356.396     0.3217     4.6132     0.0920     0.0920     0.0652     0.0379       5074     3.5228     100.00     2.5777     2.2328         19 0.0000e+00
     30.671   78.49966 -170.11804     31.000    -1.5409    -1.5407  24.609049  24.607754    30.6866    30.6846    364.603    354.167     0.3213     4.6096     0.0925     0.0925     0.0683     0.0379       5126     3.5593     100.00     2.5673     2.2218         17 0.0000e+00
     31.660   78.49966 -170.11798     32.000    -1.5449    -1.5448  24.626891  24.625240    30.7146    30.7121    362.952    352.549     0.2696     4.6158     0.0936     0.0936     0.0630     0.0358       5182     3.5976     100.00     2.5579     2.2140         17 0.0000e+00
     32.650   78.49966 -170.11790     33.000    -1.4877    -1.4872  24.690927  24.689359    30.7425    30.7397    361.103    350.709     0.3232     4.6183     0.0922     0.0922     0.0608     0.0379       5237     3.6361     100.00     2.5511     2.2082         18 0.0000e+00
     33.639   78.49968 -170.11784     34.000    -1.5034    -1.5030  24.692632  24.691581    30.7604    30.7586    361.772    350.070     0.3521     4.6169     0.0925     0.0925     0.0620     0.0391       5291     3.6738      96.85     2.5540     2.2044         15 0.0000e+00
     34.628   78.49968 -170.11777     35.000    -1.5137    -1.5131  24.695006  24.693737    30.7737    30.7714    363.189    350.775     0.3308     4.6150     0.0905     0.0905     0.0636     0.0383       5345     3.7110      99.98     2.5614     2.2072         13 0.0000e+00
     35.618   78.49968 -170.11769     36.000    -1.5325    -1.5313  24.692012  24.691348    30.7885    30.7863    362.820    351.356     0.3372     4.6123     0.0909     0.0909     0.0660     0.0385       5398     3.7482      97.41     2.5580     2.2090         17 0.0000e+00
     36.607   78.49968 -170.11762     37.000    -1.5500    -1.5512  24.691328  24.688258    30.8051    30.8022    361.308    351.018     0.3216     4.6129     0.0916     0.0916     0.0654     0.0379       5453     3.7858      99.95     2.5483     2.2063         17 0.0000e+00
     37.596   78.49968 -170.11755     38.000    -1.5554    -1.5530  24.698021  24.697987    30.8193    30.8168    358.973    348.682     0.3372     4.6113     0.0925     0.0925     0.0669     0.0385       5509     3.8253     100.00     2.5346     2.1950         19 0.0000e+00
     38.586   78.49968 -170.11747     39.000    -1.5908    -1.5896  24.685385  24.684092    30.8381    30.8351    357.475    347.771     0.1759     4.6117     0.0941     0.0941     0.0665     0.0320       5565     3.8640     100.00     2.5239     2.1888         17 0.0000e+00
     39.575   78.49968 -170.11739     40.000    -1.5990    -1.5987  24.689309  24.687913    30.8515    30.8492    355.626    346.124     0.1650     4.6186     0.0921     0.0921     0.0605     0.0316       5622     3.9037     100.00     2.5129     2.1804         18 0.0000e+00
     40.564   78.49968 -170.11731     41.000    -1.6049    -1.6037  24.693717  24.692293    30.8630    30.8598    353.235    344.229     0.1720     4.6240     0.0963     0.0963     0.0558     0.0319       5679     3.9431     100.00     2.4988     2.1709         19 0.0000e+00
     41.554   78.49968 -170.11722     42.000    -1.6087    -1.6078  24.702720  24.700887    30.8787    30.8753    351.601    342.689     0.1136     4.6253     0.0953     0.0953     0.0547     0.0295       5735     3.9817     100.00     2.4893     2.1633         21 0.0000e+00
     42.543   78.49968 -170.11715     43.000    -1.6169    -1.6157  24.707075  24.705726    30.8926    30.8895    350.671    341.649     0.1165     4.6266     0.0947     0.0947     0.0536     0.0296       5790     4.0203     100.00     2.4835     2.1579         24 0.0000e+00
     43.532   78.49967 -170.11707     44.000    -1.6239    -1.6230  24.710319  24.708485    30.9038    30.9003    349.123    339.707     0.0907     4.6287     0.0935     0.0935     0.0518     0.0286       5846     4.0592     100.00     2.4742     2.1481         21 0.0000e+00
     44.521   78.49966 -170.11698     45.000    -1.6267    -1.6249  24.719346  24.716914    30.9185    30.9133    347.217    338.828     0.0652     4.6305     0.0958     0.0958     0.0503     0.0276       5904     4.0991     100.00     2.4632     2.1438         21 0.0000e+00
     45.511   78.49966 -170.11690     46.000    -1.6339    -1.6324  24.726060  24.723486    30.9346    30.9295    346.195    337.200     0.0625     4.6322     0.0937     0.0937     0.0487     0.0275       5962     4.1396     100.00     2.4569     2.1356         23 0.0000e+00
     46.500   78.49966 -170.11681     47.000    -1.6308    -1.6301  24.739411  24.735881    30.9491    30.9436    345.296    336.160     0.0288     4.6333     0.0962     0.0962     0.0478     0.0261       6020     4.1795     100.00     2.4520     2.1306         20 0.0000e+00
     47.489   78.49966 -170.11673     48.000    -1.6403    -1.6380  24.744196  24.742048    30.9650    30.9596    344.577    335.298     0.0090     4.6351     0.0959     0.0959     0.0462     0.0253       6077     4.2191     100.00     2.4473     2.1261         26 0.0000e+00
     48.478   78.49966 -170.11665     49.000    -1.6463    -1.6444  24.753220  24.750202    30.9830    30.9769    343.874    334.239    -0.0092     4.6340     0.0938     0.0938     0.0472     0.0246       6132     4.2575     100.00     2.4430     2.1208         21 0.0000e+00
     49.467   78.49966 -170.11657     50.000    -1.6475    -1.6460  24.762940  24.759336    30.9971    30.9906    341.544    333.762    -0.0073     4.6369     0.0944     0.0944     0.0447     0.0247       6187     4.2962     100.00     2.4297     2.1184         21 0.0000e+00
     50.457   78.49966 -170.11649     51.000    -1.6482    -1.6472  24.775920  24.770341    31.0151    31.0063    339.519    330.902    -0.0102     4.6361     0.0949     0.0949     0.0453     0.0246       6243     4.3347     100.00     2.4181     2.1046         22 0.0000e+00
     51.446   78.49966 -170.11640     52.000    -1.6467    -1.6461  24.793920  24.786177    31.0376    31.0263    338.053    329.282    -0.0306     4.6366     0.0945     0.0945     0.0449     0.0238       6299     4.3734     100.00     2.4100     2.0969         19 0.0000e+00
     52.435   78.49964 -170.11633     53.000    -1.6449    -1.6452  24.819356  24.810526    31.0701    31.0583    336.654    327.806    -0.0640     4.6378     0.0948     0.0948     0.0439     0.0225       6355     4.4125     100.00     2.4024     2.0901         26 0.0000e+00
     53.424   78.49964 -170.11625     54.000    -1.6385    -1.6395  24.843763  24.834747    31.0964    31.0850    335.120    326.741    -0.0525     4.6385     0.0956     0.0956     0.0433     0.0229       6410     4.4506     100.00     2.3942     2.0854         21 0.0000e+00
     54.414   78.49964 -170.11617     55.000    -1.6230    -1.6261  24.874736  24.865198    31.1221    31.1122    333.295    323.837    -0.0333     4.6379     0.0978     0.0978     0.0439     0.0237       6464     4.4879     100.00     2.3849     2.0722         22 0.0000e+00
     55.403   78.49964 -170.11610     56.000    -1.6047    -1.6097  24.920126  24.905691    31.1646    31.1501    332.186    324.366    -0.0393     4.6378     0.1008     0.1008     0.0439     0.0234       6517     4.5247     100.00     2.3800     2.0758         21 0.0000e+00
     56.392   78.49964 -170.11603     57.000    -1.5946    -1.5990  24.959007  24.941562    31.2068    31.1876    332.496    324.738    -0.0374     4.6373     0.1029     0.1029     0.0443     0.0235       6570     4.5617     100.00     2.3828     2.0783         20 0.0000e+00
     57.381   78.49964 -170.11595     58.000    -1.5788    -1.5827  25.018221  25.001398    31.2709    31.2519    332.287    323.152    -0.0483     4.6366     0.1036     0.1036     0.0449     0.0231       6623     4.5986     100.00     2.3832     2.0721         20 0.0000e+00
     58.370   78.49964 -170.11589     59.000    -1.5448    -1.5559  25.108816  25.075341    31.3588    31.3246    329.496    321.195    -0.0466     4.6361     0.1071     0.1071     0.0453     0.0231       6676     4.6352     100.00     2.3703     2.0646         20 0.0000e+00
