Continuous CTD Data/01_SBE Stage/nabos_01_02.cnv
* Sea-Bird SBE 9 Data File:
* FileName = D:\CTD\data\HLY2502\raw\NABOS_01_02.hex
* Software Version Seasave V 7.26.7.110
* Temperature SN = 6954
* Conductivity SN = 2561
* Number of Bytes Per Scan = 37
* Number of Voltage Words = 4
* Number of Scans Averaged by the Deck Unit = 1
* NMEA Latitude = 73 46.22 N
* NMEA Longitude = 167 42.20 E
* NMEA UTC (Time) = Sep 13 2025  16:38:43
* NMEA baud rate = 9600
** Ship: USCG HEALY
** Bot. Depth:  43
** Cast Number:  02
** Station Name:  NABOS
** Station Number:  01
** Operator:  STARC
# nquan = 24
# nvalues = 15600                       
# units = specified
# name 0 = depSM: Depth [salt water, m]
# name 1 = latitude: Latitude [deg]
# name 2 = longitude: Longitude [deg]
# name 3 = prDM: Pressure, Digiquartz [db]
# name 4 = t090C: Temperature [ITS-90, deg C]
# name 5 = t190C: Temperature, 2 [ITS-90, deg C]
# name 6 = c0mS/cm: Conductivity [mS/cm]
# name 7 = c1mS/cm: Conductivity, 2 [mS/cm]
# name 8 = sal00: Salinity, Practical [PSU]
# name 9 = sal11: Salinity, Practical, 2 [PSU]
# name 10 = sbox0Mm/Kg: Oxygen, SBE 43 [umol/kg]
# name 11 = sbox1Mm/Kg: Oxygen, SBE 43, 2 [umol/kg]
# name 12 = flECO-AFL: Fluorescence, WET Labs ECO-AFL/FL [mg/m^3]
# name 13 = v2: Voltage 2
# name 14 = wetCDOM: Fluorescence, WET Labs CDOM [mg/m^3]
# name 15 = v6: Voltage 6
# name 16 = CStarAt0: Beam Attenuation, WET Labs C-Star [1/m]
# name 17 = v3: Voltage 3
# name 18 = scan: Scan Count
# name 19 = timeM: Time, Elapsed [minutes]
# name 20 = altM: Altimeter [m]
# name 21 = sbeox0V: Oxygen raw, SBE 43 [V]
# name 22 = sbeox1V: Oxygen raw, SBE 43, 2 [V]
# name 23 = flag:  0.000e+00
# span 0 =      2.865,     36.790       
# span 1 =   73.77032,   73.77076       
# span 2 =  167.70326,  167.70592       
# span 3 =      2.895,     37.178       
# span 4 =    -1.4554,    -0.5639       
# span 5 =    -1.4542,    -0.5690       
# span 6 =  22.111501,  23.881732       
# span 7 =  22.110792,  23.877985       
# span 8 =    26.4762,    29.6044       
# span 9 =    26.4743,    29.5985       
# span 10 =    266.928,    379.316      
# span 11 =    261.829,    367.111      
# span 12 =     0.0466,     0.9013      
# span 13 =     4.2234,     4.6300      
# span 14 =     0.0916,     0.1221      
# span 15 =     0.0916,     0.1221      
# span 16 =     0.0506,     0.4186      
# span 17 =     0.0269,     0.0611      
# span 18 =          1,      15600      
# span 19 =     0.0000,    10.8326      
# span 20 =       0.00,     100.00      
# span 21 =     2.0011,     2.6459      
# span 22 =     1.7692,     2.2821      
# span 23 = 0.0000e+00, 0.0000e+00      
# interval = seconds: 0.0416667
# start_time = Sep 13 2025 16:38:43 [NMEA time, header]
# bad_flag = -9.990e-29
*END*
[from data line 15457]
      3.472   73.77076  167.70590      3.508    -0.6818    -0.6812  22.269745  22.270124    26.7428    26.7427    370.524    359.275     0.1076     4.5104     0.1038     0.1038     0.1554     0.0293      15458    10.7340      42.27     2.5984     2.2443 -9.990e-29
      3.414   73.77076  167.70590      3.450    -0.6816    -0.6816  22.268566  22.270547    26.7411    26.7437    370.095    359.528     0.1076     4.5104     0.1038     0.1038     0.1554     0.0293      15459    10.7347      42.27     2.5959     2.2455 -9.990e-29
      3.472   73.77076  167.70590      3.508    -0.6810    -0.6819  22.267387  22.270969    26.7390    26.7445    370.097    359.532     0.0771     4.5360     0.1038     0.1038     0.1327     0.0281      15460    10.7354      42.25     2.5959     2.2455 -9.990e-29
      3.357   73.77076  167.70590      3.392    -0.6809    -0.6818  22.266433  22.270758    26.7377    26.7442    370.309    359.526     0.1076     4.5531     0.1038     0.1038     0.1177     0.0293      15461    10.7361      42.25     2.5971     2.2455 -9.990e-29
      3.414   73.77076  167.70590      3.450    -0.6807    -0.6819  22.266265  22.270969    26.7372    26.7445    370.095    359.529     0.1076     4.5568     0.1038     0.1038     0.1145     0.0293      15462    10.7368      42.25     2.5959     2.2455 -9.990e-29
      3.472   73.77076  167.70590      3.508    -0.6810    -0.6818  22.266377  22.271075    26.7376    26.7445    370.316    359.531     0.1076     4.5556     0.1038     0.1038     0.1155     0.0293      15463    10.7375      42.25     2.5971     2.2455 -9.990e-29
      3.357   73.77076  167.70590      3.392    -0.6807    -0.6818  22.266096  22.270758    26.7370    26.7441    370.308    359.271     0.1076     4.5543     0.1038     0.1038     0.1166     0.0293      15464    10.7382      42.25     2.5971     2.2443 -9.990e-29
      3.414   73.77076  167.70590      3.450    -0.6805    -0.6818  22.265872  22.270810    26.7366    26.7442    370.310    359.529     0.1076     4.5543     0.1038     0.1038     0.1166     0.0293      15465    10.7389      42.25     2.5971     2.2455 -9.990e-29
      3.414   73.77076  167.70590      3.450    -0.6804    -0.6818  22.265591  22.270547    26.7361    26.7439    370.310    359.530     0.1076     4.5556     0.1050     0.1050     0.1155     0.0293      15466    10.7396      42.25     2.5971     2.2455 -9.990e-29
      3.349   73.77076  167.70590      3.384    -0.6802    -0.6816  22.265535  22.270758    26.7359    26.7440    370.306    359.524     0.1076     4.5543     0.1038     0.1038     0.1166     0.0293      15467    10.7403      42.25     2.5971     2.2455 -9.990e-29
      3.414   73.77076  167.70590      3.450    -0.6804    -0.6818  22.264918  22.270335    26.7352    26.7436    370.313    359.785     0.1076     4.5543     0.1038     0.1038     0.1166     0.0293      15468    10.7410      42.25     2.5971     2.2467 -9.990e-29
      3.414   73.77076  167.70590      3.450    -0.6801    -0.6818  22.264132  22.270019    26.7339    26.7432    370.313    359.786     0.1076     4.5556     0.1038     0.1038     0.1155     0.0293      15469    10.7417      42.25     2.5971     2.2467 -9.990e-29
      3.349   73.77076  167.70590      3.384    -0.6794    -0.6813  22.263627  22.269596    26.7327    26.7422    370.092    359.780     0.1076     4.5556     0.1050     0.1050     0.1155     0.0293      15470    10.7424      42.25     2.5959     2.2467 -9.990e-29
      3.414   73.77076  167.70590      3.450    -0.6794    -0.6814  22.262842  22.268804    26.7317    26.7412    370.313    359.533     0.1076     4.5543     0.1038     0.1038     0.1166     0.0293      15471    10.7431      42.25     2.5971     2.2455 -9.990e-29
      3.414   73.77076  167.70590      3.450    -0.6793    -0.6813  22.262280  22.268435    26.7308    26.7407    370.099    359.534     0.1076     4.5556     0.1050     0.1050     0.1155     0.0293      15472    10.7438      42.25     2.5959     2.2455 -9.990e-29
      3.414   73.77076  167.70590      3.450    -0.6791    -0.6815  22.262168  22.268541    26.7305    26.7410    370.312    359.535     0.1076     4.5543     0.1038     0.1038     0.1166     0.0293      15473    10.7444      42.27     2.5971     2.2455 -9.990e-29
      3.414   73.77076  167.70590      3.450    -0.6794    -0.6812  22.262336  22.268118    26.7310    26.7401    370.314    359.788     0.1076     4.5543     0.1038     0.1038     0.1166     0.0293      15474    10.7451      42.27     2.5971     2.2467 -9.990e-29
      3.349   73.77076  167.70590      3.384    -0.6791    -0.6814  22.262224  22.267221    26.7306    26.7392    370.094    359.790     0.1076     4.5543     0.1050     0.1050     0.1166     0.0293      15475    10.7458      42.27     2.5959     2.2467 -9.990e-29
      3.414   73.77076  167.70590      3.450    -0.6793    -0.6806  22.262000  22.266693    26.7304    26.7377    370.100    359.534     0.1076     4.5543     0.1050     0.1050     0.1166     0.0293      15476    10.7465      42.27     2.5959     2.2455 -9.990e-29
      3.414   73.77076  167.70590      3.450    -0.6791    -0.6803  22.261775  22.265426    26.7300    26.7358    370.314    359.536     0.1076     4.5556     0.1038     0.1038     0.1155     0.0293      15477    10.7472      42.27     2.5971     2.2455 -9.990e-29
      3.414   73.77076  167.70590      3.450    -0.6788    -0.6799  22.261382  22.264106    26.7292    26.7337    370.098    359.283     0.1076     4.5556     0.1038     0.1038     0.1155     0.0293      15478    10.7479      42.27     2.5959     2.2443 -9.990e-29
      3.414   73.77076  167.70590      3.450    -0.6788    -0.6795  22.261270  22.262892    26.7291    26.7318    370.314    359.285     0.1076     4.5543     0.1038     0.1038     0.1166     0.0293      15479    10.7486      42.30     2.5971     2.2443 -9.990e-29
      3.349   73.77076  167.70590      3.384    -0.6788    -0.6792  22.261102  22.261467    26.7289    26.7297    370.311    359.284     0.1076     4.5116     0.1050     0.1050     0.1543     0.0293      15480    10.7493      42.30     2.5971     2.2443 -9.990e-29
      3.414   73.77076  167.70590      3.450    -0.6788    -0.6787  22.261214  22.260359    26.7290    26.7278    370.099    359.287     0.1076     4.4701     0.1038     0.1038     0.1914     0.0293      15481    10.7500      42.30     2.5959     2.2443 -9.990e-29
      3.357   73.77076  167.70590      3.392    -0.6791    -0.6787  22.262280  22.260042    26.7307    26.7273    370.094    359.285     0.1076     4.4615     0.1050     0.1050     0.1990     0.0293      15482    10.7507      42.30     2.5959     2.2443 -9.990e-29
      3.472   73.77076  167.70590      3.508    -0.6796    -0.6787  22.263178  22.260042    26.7322    26.7273    370.316    359.291     0.1076     4.4628     0.1038     0.1038     0.1979     0.0293      15483    10.7514      42.32     2.5971     2.2443 -9.990e-29
      3.414   73.77076  167.70590      3.450    -0.6794    -0.6787  22.263122  22.259726    26.7320    26.7269    370.312    359.290     0.1076     4.4640     0.1050     0.1050     0.1968     0.0293      15484    10.7521      42.32     2.5971     2.2443 -9.990e-29
      3.414   73.77076  167.70590      3.450    -0.6791    -0.6783  22.262729  22.258564    26.7312    26.7250    370.096    359.036     0.1076     4.4652     0.1050     0.1050     0.1957     0.0293      15485    10.7528      42.39     2.5959     2.2430 -9.990e-29
      3.414   73.77076  167.70590      3.450    -0.6794    -0.6785  22.263010  22.258881    26.7319    26.7256    370.312    359.037     0.1076     4.4640     0.1038     0.1038     0.1968     0.0293      15486    10.7535      42.42     2.5971     2.2430 -9.990e-29
      3.472   73.77076  167.70590      3.508    -0.6796    -0.6787  22.263234  22.260465    26.7322    26.7279    370.315    358.781     0.1076     4.4640     0.1050     0.1050     0.1968     0.0293      15487    10.7542      42.42     2.5971     2.2418 -9.990e-29
      3.349   73.77076  167.70590      3.384    -0.6793    -0.6790  22.262785  22.261098    26.7315    26.7290    370.523    358.267     0.1076     4.4652     0.1050     0.1050     0.1957     0.0293      15488    10.7549      42.42     2.5984     2.2394 -9.990e-29
      3.414   73.77076  167.70590      3.450    -0.6793    -0.6792  22.261944  22.259145    26.7303    26.7266    370.315    358.279     0.1076     4.4640     0.1038     0.1038     0.1968     0.0293      15489    10.7556      42.42     2.5971     2.2394 -9.990e-29
      3.472   73.77076  167.70590      3.508    -0.6793    -0.6791  22.262393  22.255398    26.7309    26.7215    370.316    358.295     0.1076     4.4640     0.1038     0.1038     0.1968     0.0293      15490    10.7562      42.42     2.5971     2.2394 -9.990e-29
      3.414   73.77076  167.70590      3.450    -0.6790    -0.6789  22.262280  22.257087    26.7305    26.7236    370.311    358.030     0.1076     4.4640     0.1038     0.1038     0.1968     0.0293      15491    10.7569      42.39     2.5971     2.2381 -9.990e-29
      3.414   73.77076  167.70590      3.450    -0.6791    -0.6790  22.261831  22.259673    26.7300    26.7271    370.099    358.276     0.1076     4.4640     0.1038     0.1038     0.1968     0.0293      15492    10.7576      42.39     2.5959     2.2394 -9.990e-29
      3.414   73.77076  167.70590      3.450    -0.6790    -0.6790  22.261551  22.260095    26.7296    26.7276    370.314    358.273     0.1076     4.4652     0.1050     0.1050     0.1957     0.0293      15493    10.7583      42.42     2.5971     2.2394 -9.990e-29
      3.472   73.77076  167.70590      3.508    -0.6787    -0.6787  22.261326  22.259515    26.7290    26.7266    370.315    358.531     0.1076     4.4640     0.1038     0.1038     0.1968     0.0293      15494    10.7590      42.39     2.5971     2.2406 -9.990e-29
      3.414   73.77076  167.70590      3.450    -0.6790    -0.6786  22.261439  22.258987    26.7294    26.7259    370.099    358.783     0.0771     4.4640     0.1050     0.1050     0.1968     0.0281      15495    10.7597      42.39     2.5959     2.2418 -9.990e-29
      3.357   73.77076  167.70590      3.392    -0.6788    -0.6787  22.261663  22.259250    26.7296    26.7263    370.309    358.780     0.0771     4.4640     0.1050     0.1050     0.1968     0.0281      15496    10.7604      42.39     2.5971     2.2418 -9.990e-29
      3.472   73.77076  167.70590      3.508    -0.6791    -0.6788  22.261046  22.259884    26.7290    26.7272    370.320    358.784     0.0771     4.4640     0.1038     0.1038     0.1968     0.0281      15497    10.7611      42.39     2.5971     2.2418 -9.990e-29
      3.414   73.77076  167.70590      3.450    -0.6790    -0.6789  22.260260  22.260359    26.7279    26.7279    370.319    359.035     0.0771     4.4652     0.1038     0.1038     0.1957     0.0281      15498    10.7618      42.34     2.5971     2.2430 -9.990e-29
      3.414   73.77076  167.70590      3.450    -0.6790    -0.6787  22.260092  22.260306    26.7277    26.7277    370.105    359.288     0.0771     4.4640     0.1038     0.1038     0.1968     0.0281      15499    10.7625      42.39     2.5959     2.2443 -9.990e-29
      3.414   73.77076  167.70590      3.450    -0.6790    -0.6787  22.259980  22.259567    26.7275    26.7267    370.105    359.290     0.0771     4.4774     0.1050     0.1050     0.1848     0.0281      15500    10.7632      42.34     2.5959     2.2443 -9.990e-29
      3.414   73.77076  167.70590      3.450    -0.6788    -0.6785  22.259867  22.258881    26.7272    26.7256    370.104    359.799     0.0771     4.4982     0.1038     0.1038     0.1663     0.0281      15501    10.7639      42.34     2.5959     2.2467 -9.990e-29
      3.414   73.77076  167.70590      3.450    -0.6785    -0.6784  22.260036  22.259198    26.7271    26.7260    370.315    359.798     0.0771     4.5043     0.1050     0.1050     0.1609     0.0281      15502    10.7646      42.39     2.5971     2.2467 -9.990e-29
      3.414   73.77076  167.70590      3.450    -0.6788    -0.6784  22.260148  22.259039    26.7276    26.7258    370.103    360.053     0.0466     4.5043     0.1050     0.1050     0.1609     0.0269      15503    10.7653      42.44     2.5959     2.2479 -9.990e-29
      3.357   73.77076  167.70590      3.392    -0.6788    -0.6783  22.260316  22.258195    26.7278    26.7246    370.314    360.052     0.0771     4.5043     0.1038     0.1038     0.1609     0.0281      15504    10.7660      42.47     2.5971     2.2479 -9.990e-29
      3.414   73.77076  167.70590      3.450    -0.6788    -0.6784  22.260148  22.256981    26.7276    26.7230    370.103    360.060     0.0771     4.5031     0.1050     0.1050     0.1619     0.0281      15505    10.7667      42.47     2.5959     2.2479 -9.990e-29
      3.414   73.77076  167.70590      3.450    -0.6788    -0.6778  22.260316  22.255081    26.7278    26.7201    370.317    359.808     0.0771     4.5031     0.1038     0.1038     0.1619     0.0281      15506    10.7674      42.47     2.5971     2.2467 -9.990e-29
      3.357   73.77076  167.70590      3.392    -0.6788    -0.6772  22.260877  22.253603    26.7286    26.7176    370.097    359.806     0.0771     4.5031     0.1050     0.1050     0.1619     0.0281      15507    10.7681      42.47     2.5959     2.2467 -9.990e-29
      3.414   73.77076  167.70590      3.450    -0.6788    -0.6772  22.261382  22.252389    26.7292    26.7160    370.098    360.067     0.0466     4.5031     0.1050     0.1050     0.1619     0.0269      15508    10.7688      42.44     2.5959     2.2479 -9.990e-29
      3.357   73.77076  167.70590      3.392    -0.6791    -0.6762  22.261158  22.250437    26.7292    26.7125    370.313    360.571     0.0771     4.5031     0.1038     0.1038     0.1619     0.0281      15509    10.7694      42.37     2.5971     2.2504 -9.990e-29
      3.349   73.77076  167.70590      3.384    -0.6785    -0.6754  22.260541  22.247956    26.7278    26.7086    370.095    361.591     0.0771     4.5031     0.1038     0.1038     0.1619     0.0281      15510    10.7701      42.32     2.5959     2.2552 -9.990e-29
      3.357   73.77076  167.70590      3.392    -0.6787    -0.6748  22.259979  22.245371    26.7272    26.7046    370.099    362.104     0.0771     4.5031     0.1050     0.1050     0.1619     0.0281      15511    10.7708      42.34     2.5959     2.2577 -9.990e-29
      3.357   73.77076  167.70590      3.392    -0.6783    -0.6743  22.259418  22.243471    26.7262    26.7017    370.313    362.361     0.0771     4.5031     0.1038     0.1038     0.1619     0.0281      15512    10.7715      42.34     2.5971     2.2589 -9.990e-29
      3.414   73.77076  167.70590      3.450    -0.6782    -0.6743  22.259026  22.243788    26.7256    26.7021    370.317    361.600     0.0771     4.5031     0.1038     0.1038     0.1619     0.0281      15513    10.7722      42.34     2.5971     2.2552 -9.990e-29
      3.291   73.77076  167.70590      3.326    -0.6780    -0.6746  22.258801  22.246373    26.7251    26.7058    370.310    360.316     0.0771     4.5031     0.1038     0.1038     0.1619     0.0281      15514    10.7729      42.32     2.5971     2.2491 -9.990e-29
      3.349   73.77076  167.70592      3.384    -0.6781    -0.6757  22.258464  22.250542    26.7247    26.7122    370.099    359.295     0.0771     4.5031     0.1050     0.1050     0.1619     0.0281      15515    10.7736      42.32     2.5959     2.2443 -9.990e-29
      3.357   73.77076  167.70592      3.392    -0.6779    -0.6770  22.258464  22.254078    26.7246    26.7180    370.313    358.530     0.0771     4.5043     0.1038     0.1038     0.1609     0.0281      15516    10.7743      42.34     2.5971     2.2406 -9.990e-29
