Continuous CTD Data/01_SBE Stage/nabos_38_01avg.cnv
* Sea-Bird SBE 9 Data File:
* FileName = D:\CTD\data\HLY2502\raw\NABOS_38_01.hex
* Software Version Seasave V 7.26.7.110
* Temperature SN = 6954
* Conductivity SN = 2561
* Number of Bytes Per Scan = 37
* Number of Voltage Words = 4
* Number of Scans Averaged by the Deck Unit = 1
* NMEA Latitude = 78 47.95 N
* NMEA Longitude = 128 08.96 E
* NMEA UTC (Time) = Sep 25 2025  01:51:56
* NMEA baud rate = 9600
** Ship: USCG HEALY
** Bot. Depth:  2881
** Cast Number:  01
** Station Name:  NABOS
** Station Number:  38
** Operator:  STARC
** 1200 target
# nquan = 25
# nvalues = 1214                        
# units = specified
# name 0 = depSM: Depth [salt water, m]
# name 1 = latitude: Latitude [deg]
# name 2 = longitude: Longitude [deg]
# name 3 = prDM: Pressure, Digiquartz [db]
# name 4 = t090C: Temperature [ITS-90, deg C]
# name 5 = t190C: Temperature, 2 [ITS-90, deg C]
# name 6 = c0mS/cm: Conductivity [mS/cm]
# name 7 = c1mS/cm: Conductivity, 2 [mS/cm]
# name 8 = sal00: Salinity, Practical [PSU]
# name 9 = sal11: Salinity, Practical, 2 [PSU]
# name 10 = sbox0Mm/Kg: Oxygen, SBE 43 [umol/kg]
# name 11 = sbox1Mm/Kg: Oxygen, SBE 43, 2 [umol/kg]
# name 12 = flECO-AFL: Fluorescence, WET Labs ECO-AFL/FL [mg/m^3]
# name 13 = v2: Voltage 2
# name 14 = wetCDOM: Fluorescence, WET Labs CDOM [mg/m^3]
# name 15 = v6: Voltage 6
# name 16 = CStarAt0: Beam Attenuation, WET Labs C-Star [1/m]
# name 17 = v3: Voltage 3
# name 18 = scan: Scan Count
# name 19 = timeM: Time, Elapsed [minutes]
# name 20 = altM: Altimeter [m]
# name 21 = sbeox0V: Oxygen raw, SBE 43 [V]
# name 22 = sbeox1V: Oxygen raw, SBE 43, 2 [V]
# name 23 = nbin: number of scans per bin
# name 24 = flag: flag
# span 0 =      3.958,   1200.659       
# span 1 =   78.79920,   78.79974       
# span 2 =  128.14126,  128.14885       
# span 3 =      4.000,   1217.000       
# span 4 =    -1.7924,     1.9728       
# span 5 =    -1.7923,     1.9726       
# span 6 =  23.336060,  30.753456       
# span 7 =  23.335111,  30.751672       
# span 8 =    29.0001,    34.9089       
# span 9 =    28.9987,    34.9067       
# span 10 =    287.676,    378.046      
# span 11 =      9.305,    371.908      
# span 12 =    -0.1800,     0.5830      
# span 13 =     4.4868,     4.6321      
# span 14 =     0.0680,     0.1387      
# span 15 =     0.0680,     0.1387      
# span 16 =     0.0488,     0.1765      
# span 17 =     0.0178,     0.0483      
# span 18 =       1963,      36916      
# span 19 =     1.3628,    25.6351      
# span 20 =      49.39,     100.00      
# span 21 =     1.9954,     2.6645      
# span 22 =     0.5675,     2.3250      
# span 23 =          5,         26      
# span 24 = 0.0000e+00, 0.0000e+00      
# interval = decibars: 1                
# start_time = Sep 25 2025 01:51:56 [NMEA time, header]
# bad_flag = -9.990e-29
*END*
[from data line 174]
    176.048   78.79956  128.14748    178.000     1.7910     1.7907  30.516230  30.514411    34.7991    34.7971    293.233    291.632    -0.1503     4.6287     0.0820     0.0820     0.0518     0.0190       9417     6.5388     100.00     2.3553     2.0841         15 0.0000e+00
    177.036   78.79956  128.14748    179.000     1.7913     1.7911  30.517017  30.515407    34.7991    34.7973    293.149    289.513    -0.1402     4.6287     0.0808     0.0808     0.0518     0.0194       9440     6.5547     100.00     2.3546     2.0725         17 0.0000e+00
    178.025   78.79957  128.14748    180.000     1.7910     1.7907  30.517338  30.515635    34.7993    34.7974    293.119    292.202    -0.1577     4.6285     0.0811     0.0811     0.0519     0.0187       9462     6.5700     100.00     2.3541     2.0867         13 0.0000e+00
    179.013   78.79958  128.14748    181.000     1.7907     1.7906  30.517663  30.516163    34.7994    34.7976    293.088    288.617    -0.1693     4.6283     0.0820     0.0820     0.0521     0.0182       9486     6.5867     100.00     2.3537     2.0673         16 0.0000e+00
    180.002   78.79958  128.14747    182.000     1.7908     1.7906  30.518231  30.516476    34.7994    34.7975    292.980    287.104    -0.1349     4.6285     0.0806     0.0806     0.0520     0.0196       9512     6.6050     100.00     2.3528     2.0590         14 0.0000e+00
    180.991   78.79958  128.14746    183.000     1.7913     1.7910  30.519340  30.517496    34.7997    34.7977    293.112    288.530    -0.1616     4.6284     0.0809     0.0809     0.0520     0.0185       9539     6.6237     100.00     2.3534     2.0664         15 0.0000e+00
    181.979   78.79958  128.14746    184.000     1.7911     1.7910  30.519675  30.518052    34.7998    34.7978    293.235    290.695    -0.1364     4.6282     0.0797     0.0797     0.0522     0.0195       9564     6.6409     100.00     2.3539     2.0778         15 0.0000e+00
    182.968   78.79958  128.14746    185.000     1.7820     1.7809  30.511657  30.508932    34.7991    34.7969    293.411    286.770    -0.1555     4.6275     0.0806     0.0806     0.0528     0.0188       9587     6.6567     100.00     2.3543     2.0562         16 0.0000e+00
    183.956   78.79958  128.14746    186.000     1.7620     1.7619  30.494234  30.492469    34.7986    34.7965    293.516    289.625    -0.1392     4.6282     0.0817     0.0817     0.0522     0.0194       9609     6.6725     100.00     2.3537     2.0704         13 0.0000e+00
    184.945   78.79958  128.14746    187.000     1.7617     1.7616  30.494255  30.492529    34.7984    34.7963    293.350    289.823    -0.1600     4.6282     0.0816     0.0816     0.0522     0.0186       9634     6.6896     100.00     2.3524     2.0713         13 0.0000e+00
    185.934   78.79958  128.14746    188.000     1.7621     1.7618  30.494920  30.493151    34.7982    34.7963    293.420    289.647    -0.1347     4.6278     0.0809     0.0809     0.0526     0.0196       9660     6.7080     100.00     2.3526     2.0701         14 0.0000e+00
    186.922   78.79958  128.14744    189.000     1.7615     1.7611  30.494849  30.492846    34.7981    34.7961    293.408    290.641    -0.1495     4.6283     0.0817     0.0817     0.0521     0.0190       9686     6.7258     100.00     2.3522     2.0752         14 0.0000e+00
    187.911   78.79958  128.14744    190.000     1.7607     1.7607  30.494515  30.492865    34.7981    34.7960    293.433    289.600    -0.1440     4.6279     0.0829     0.0829     0.0525     0.0192       9711     6.7431     100.00     2.3521     2.0694         16 0.0000e+00
    188.899   78.79958  128.14744    191.000     1.7607     1.7598  30.494878  30.492720    34.7979    34.7962    293.361    289.187    -0.1557     4.6284     0.0811     0.0811     0.0520     0.0187       9734     6.7592     100.00     2.3514     2.0670         13 0.0000e+00
    189.888   78.79958  128.14744    192.000     1.7585     1.7584  30.493450  30.491732    34.7980    34.7959    293.421    289.409    -0.1389     4.6282     0.0820     0.0820     0.0522     0.0194       9758     6.7760     100.00     2.3514     2.0679         13 0.0000e+00
    190.876   78.79958  128.14744    193.000     1.7477     1.7474  30.484094  30.482177    34.7974    34.7954    293.487    290.604    -0.1656     4.6282     0.0810     0.0810     0.0522     0.0184       9783     6.7934     100.00     2.3510     2.0736         16 0.0000e+00
    191.865   78.79958  128.14744    194.000     1.7445     1.7445  30.481454  30.480035    34.7971    34.7953    293.495    289.197    -0.1278     4.6287     0.0818     0.0818     0.0518     0.0199       9808     6.8106     100.00     2.3506     2.0657         14 0.0000e+00
    192.853   78.79958  128.14742    195.000     1.7431     1.7429  30.480652  30.479014    34.7971    34.7952    293.682    289.317    -0.1331     4.6282     0.0820     0.0820     0.0522     0.0196       9833     6.8277     100.00     2.3515     2.0661         17 0.0000e+00
    193.842   78.79958  128.14742    196.000     1.7428     1.7427  30.480916  30.479154    34.7972    34.7951    293.826    287.490    -0.1316     4.6279     0.0829     0.0829     0.0524     0.0197       9858     6.8448     100.00     2.3522     2.0561         18 0.0000e+00
    194.830   78.79958  128.14742    197.000     1.7419     1.7413  30.480517  30.478348    34.7970    34.7950    293.711    292.998    -0.1296     4.6277     0.0834     0.0834     0.0526     0.0198       9882     6.8620     100.00     2.3512     2.0853         13 0.0000e+00
    195.819   78.79958  128.14742    198.000     1.7389     1.7386  30.478188  30.476347    34.7969    34.7948    293.716    290.443    -0.1313     4.6277     0.0817     0.0817     0.0526     0.0197       9908     6.8797     100.00     2.3508     2.0713         17 0.0000e+00
    196.807   78.79958  128.14742    199.000     1.7380     1.7377  30.477843  30.475972    34.7969    34.7948    293.617    289.881    -0.1426     4.6282     0.0799     0.0799     0.0522     0.0193       9932     6.8966     100.00     2.3498     2.0681         16 0.0000e+00
    197.796   78.79960  128.14742    200.000     1.7373     1.7373  30.477464  30.476083    34.7966    34.7948    293.400    290.286    -0.1631     4.6280     0.0812     0.0812     0.0524     0.0185       9956     6.9130     100.00     2.3482     2.0700         15 0.0000e+00
    198.784   78.79960  128.14742    201.000     1.7371     1.7368  30.477846  30.475919    34.7967    34.7946    293.343    289.769    -0.1620     4.6287     0.0819     0.0819     0.0518     0.0185       9979     6.9294     100.00     2.3476     2.0670         18 0.0000e+00
    199.773   78.79960  128.14742    202.000     1.7369     1.7368  30.478196  30.476384    34.7967    34.7946    293.471    288.633    -0.1673     4.6286     0.0808     0.0808     0.0519     0.0183      10004     6.9465     100.00     2.3481     2.0608         16 0.0000e+00
    200.761   78.79960  128.14742    203.000     1.7434     1.7435  30.485919  30.484508    34.7988    34.7969    293.475    287.320    -0.1382     4.6286     0.0821     0.0821     0.0518     0.0194      10030     6.9649     100.00     2.3483     2.0539         15 0.0000e+00
    201.750   78.79960  128.14740    204.000     1.7997     1.8003  30.545957  30.545283    34.8119    34.8104    292.998    288.987    -0.1600     4.6287     0.0812     0.0812     0.0518     0.0186      10057     6.9831     100.00     2.3481     2.0652         20 0.0000e+00
    202.738   78.79960  128.14740    205.000     1.8257     1.8255  30.573210  30.571514    34.8171    34.8152    293.043    288.615    -0.1303     4.6288     0.0810     0.0810     0.0517     0.0198      10081     6.9998     100.00     2.3496     2.0641         16 0.0000e+00
    203.727   78.79960  128.14740    206.000     1.8409     1.8423  30.591005  30.591293    34.8222    34.8210    293.126    289.085    -0.1314     4.6287     0.0814     0.0814     0.0518     0.0197      10103     7.0156     100.00     2.3507     2.0673         18 0.0000e+00
    204.715   78.79960  128.14740    207.000     1.8759     1.8756  30.628140  30.626329    34.8299    34.8279    293.149    289.357    -0.1680     4.6288     0.0809     0.0809     0.0517     0.0183      10127     7.0318     100.00     2.3525     2.0700         17 0.0000e+00
    205.704   78.79960  128.14740    208.000     1.8754     1.8753  30.628788  30.627339    34.8307    34.8289    293.461    289.436    -0.1346     4.6284     0.0814     0.0814     0.0521     0.0196      10152     7.0493     100.00     2.3542     2.0702         18 0.0000e+00
    206.692   78.79960  128.14740    209.000     1.9159     1.9169  30.672677  30.672883    34.8407    34.8399    293.364    288.126    -0.1652     4.6287     0.0817     0.0817     0.0518     0.0184      10178     7.0672     100.00     2.3557     2.0649         15 0.0000e+00
    207.681   78.79960  128.14740    210.000     1.9662     1.9661  30.726030  30.724758    34.8519    34.8503    293.240    288.237    -0.1481     4.6288     0.0806     0.0806     0.0517     0.0191      10203     7.0847     100.00     2.3574     2.0676         17 0.0000e+00
    208.669   78.79960  128.14740    211.000     1.9718     1.9715  30.732849  30.730946    34.8537    34.8516    293.502    288.974    -0.1361     4.6282     0.0798     0.0798     0.0522     0.0195      10227     7.1015     100.00     2.3591     2.0716         17 0.0000e+00
    209.658   78.79960  128.14739    212.000     1.9718     1.9720  30.733677  30.732490    34.8541    34.8524    293.540    289.087    -0.1366     4.6284     0.0809     0.0809     0.0520     0.0195      10251     7.1183     100.00     2.3591     2.0720         18 0.0000e+00
    210.646   78.79960  128.14738    213.000     1.9723     1.9723  30.734988  30.733498    34.8547    34.8528    293.548    289.628    -0.1325     4.6286     0.0799     0.0799     0.0518     0.0197      10276     7.1358     100.00     2.3589     2.0747         15 0.0000e+00
    211.635   78.79960  128.14738    214.000     1.9725     1.9725  30.735900  30.734289    34.8550    34.8530    293.473    289.962    -0.1621     4.6287     0.0809     0.0809     0.0518     0.0185      10301     7.1529     100.00     2.3582     2.0763         17 0.0000e+00
    212.623   78.79960  128.14738    215.000     1.9727     1.9725  30.736840  30.734999    34.8554    34.8534    293.536    289.835    -0.1332     4.6287     0.0810     0.0810     0.0517     0.0197      10325     7.1693     100.00     2.3584     2.0754         19 0.0000e+00
    213.611   78.79960  128.14738    216.000     1.9728     1.9726  30.737453  30.735783    34.8555    34.8536    293.741    290.020    -0.1309     4.6287     0.0809     0.0809     0.0518     0.0197      10347     7.1850     100.00     2.3595     2.0762         16 0.0000e+00
    214.600   78.79960  128.14738    217.000     1.9700     1.9690  30.735417  30.733082    34.8555    34.8535    293.821    290.018    -0.1629     4.6289     0.0815     0.0815     0.0516     0.0185      10373     7.2029     100.00     2.3596     2.0758         18 0.0000e+00
    215.588   78.79961  128.14738    218.000     1.9679     1.9675  30.734211  30.732233    34.8556    34.8536    293.918    290.167    -0.1641     4.6289     0.0812     0.0812     0.0516     0.0184      10401     7.2225     100.00     2.3599     2.0764         20 0.0000e+00
    216.577   78.79962  128.14738    219.000     1.9555     1.9546  30.723419  30.720974    34.8551    34.8531    294.086    290.510    -0.1686     4.6289     0.0805     0.0805     0.0516     0.0182      10428     7.2408     100.00     2.3601     2.0775         20 0.0000e+00
    217.565   78.79962  128.14736    220.000     1.9464     1.9461  30.715793  30.713853    34.8550    34.8530    294.122    290.525    -0.1625     4.6291     0.0806     0.0806     0.0515     0.0185      10450     7.2564     100.00     2.3596     2.0770         14 0.0000e+00
    218.553   78.79962  128.14736    221.000     1.9471     1.9469  30.716998  30.715271    34.8552    34.8533    294.268    290.196    -0.1330     4.6289     0.0801     0.0801     0.0516     0.0197      10471     7.2707     100.00     2.3603     2.0751         16 0.0000e+00
    219.542   78.79962  128.14737    222.000     1.9467     1.9466  30.717218  30.715480    34.8553    34.8533    294.240    290.541    -0.1318     4.6287     0.0800     0.0800     0.0518     0.0197      10493     7.2862     100.00     2.3599     2.0767         19 0.0000e+00
    220.530   78.79962  128.14738    223.000     1.9471     1.9469  30.717998  30.716290    34.8553    34.8534    294.131    290.577    -0.1513     4.6286     0.0820     0.0820     0.0518     0.0189      10520     7.3051     100.00     2.3589     2.0767         20 0.0000e+00
    221.519   78.79962  128.14736    224.000     1.9472     1.9470  30.718602  30.716897    34.8554    34.8534    293.929    289.634    -0.1685     4.6287     0.0812     0.0812     0.0518     0.0182      10550     7.3255     100.00     2.3574     2.0714         18 0.0000e+00
    222.507   78.79962  128.14736    225.000     1.9476     1.9473  30.719361  30.717653    34.8553    34.8535    293.909    290.570    -0.1689     4.6287     0.0800     0.0800     0.0518     0.0182      10576     7.3438     100.00     2.3570     2.0762         17 0.0000e+00
    223.495   78.79962  128.14736    226.000     1.9463     1.9454  30.718509  30.716240    34.8551    34.8532    293.801    290.082    -0.1671     4.6290     0.0820     0.0820     0.0515     0.0183      10598     7.3590     100.00     2.3561     2.0733         15 0.0000e+00
    224.484   78.79962  128.14736    227.000     1.9283     1.9286  30.702815  30.701380    34.8546    34.8525    293.949    289.455    -0.1671     4.6298     0.0812     0.0812     0.0508     0.0183      10619     7.3735     100.00     2.3558     2.0691         15 0.0000e+00
    225.472   78.79962  128.14736    228.000     1.9243     1.9242  30.699742  30.698030    34.8546    34.8526    293.843    290.198    -0.1370     4.6288     0.0807     0.0807     0.0517     0.0195      10642     7.3893     100.00     2.3547     2.0726         18 0.0000e+00
    226.461   78.79962  128.14736    229.000     1.9240     1.9239  30.699871  30.698021    34.8544    34.8523    293.851    289.788    -0.1305     4.6288     0.0822     0.0822     0.0517     0.0198      10668     7.4073     100.00     2.3545     2.0702         16 0.0000e+00
    227.449   78.79962  128.14734    230.000     1.9238     1.9238  30.700028  30.698407    34.8544    34.8524    293.623    290.365    -0.1318     4.6288     0.0815     0.0815     0.0517     0.0197      10696     7.4271     100.00     2.3528     2.0731         19 0.0000e+00
    228.437   78.79962  128.14734    231.000     1.9233     1.9229  30.699998  30.698092    34.8543    34.8523    293.522    290.018    -0.1325     4.6280     0.0819     0.0819     0.0524     0.0197      10722     7.4452     100.00     2.3519     2.0710         15 0.0000e+00
    229.426   78.79962  128.14734    232.000     1.9199     1.9190  30.697193  30.694776    34.8539    34.8519    293.597    289.151    -0.1300     4.6288     0.0811     0.0811     0.0517     0.0198      10745     7.4613     100.00     2.3519     2.0660         14 0.0000e+00
    230.414   78.79962  128.14734    233.000     1.8929     1.8920  30.672979  30.670613    34.8526    34.8506    293.859    289.995    -0.1344     4.6292     0.0809     0.0809     0.0513     0.0196      10767     7.4763     100.00     2.3519     2.0691         13 0.0000e+00
    231.402   78.79962  128.14734    234.000     1.8889     1.8887  30.669963  30.668086    34.8526    34.8505    293.881    290.386    -0.1477     4.6292     0.0821     0.0821     0.0514     0.0191      10790     7.4922     100.00     2.3516     2.0709         16 0.0000e+00
