Continuous CTD Data/01_SBE Stage/nabos_07_01.ros
* Sea-Bird SBE 9 Data File:
* FileName = D:\CTD\data\HLY2502\raw\NABOS_07_01.hex
* Software Version Seasave V 7.26.7.110
* Temperature SN = 6954
* Conductivity SN = 2561
* Number of Bytes Per Scan = 37
* Number of Voltage Words = 4
* Number of Scans Averaged by the Deck Unit = 1
* NMEA Latitude = 75 42.14 N
* NMEA Longitude = 175 33.10 E
* NMEA UTC (Time) = Sep 12 2025  03:58:17
* NMEA baud rate = 9600
** Ship: USCG HEALY
** Bot. Depth:  259
** Cast Number:  01
** Station Name:  NABOS
** Station Number:  07
** Operator:  STARC
** Ra cast, target depth 250 m
# nquan = 25
# nvalues = 1176                                  
# units = specified
# name 0 = depSM: Depth [salt water, m]
# name 1 = latitude: Latitude [deg]
# name 2 = longitude: Longitude [deg]
# name 3 = prDM: Pressure, Digiquartz [db]
# name 4 = t090C: Temperature [ITS-90, deg C]
# name 5 = t190C: Temperature, 2 [ITS-90, deg C]
# name 6 = c0mS/cm: Conductivity [mS/cm]
# name 7 = c1mS/cm: Conductivity, 2 [mS/cm]
# name 8 = sal00: Salinity, Practical [PSU]
# name 9 = sal11: Salinity, Practical, 2 [PSU]
# name 10 = sbox0Mm/Kg: Oxygen, SBE 43 [umol/kg]
# name 11 = sbox1Mm/Kg: Oxygen, SBE 43, 2 [umol/kg]
# name 12 = flECO-AFL: Fluorescence, WET Labs ECO-AFL/FL [mg/m^3]
# name 13 = v2: Voltage 2
# name 14 = wetCDOM: Fluorescence, WET Labs CDOM [mg/m^3]
# name 15 = v6: Voltage 6
# name 16 = CStarAt0: Beam Attenuation, WET Labs C-Star [1/m]
# name 17 = v3: Voltage 3
# name 18 = scan: Scan Count
# name 19 = timeM: Time, Elapsed [minutes]
# name 20 = altM: Altimeter [m]
# name 21 = sbeox0V: Oxygen raw, SBE 43 [V]
# name 22 = sbeox1V: Oxygen raw, SBE 43, 2 [V]
# name 23 = nbf: Bottles Fired
# name 24 = flag:  0.000e+00
# interval = seconds: 0.0416667
# start_time = Sep 12 2025 03:58:17 [NMEA time, header]
# bad_flag = -9.990e-29
*END*
[from data line 58]
    248.097   75.70238  175.56140    250.861     0.7459     0.7457  29.597279  29.595457    34.7407    34.7385    276.130    268.682    -0.1061     4.1404     0.0977     0.0977     0.4981     0.0208      15986    11.1007      10.04     2.1786     1.9050          2  0.000e+00
    248.097   75.70238  175.56140    250.861     0.7458     0.7457  29.597154  29.595866    34.7407    34.7391    276.332    268.681    -0.1061     4.1404     0.0977     0.0977     0.4981     0.0208      15987    11.1014      10.04     2.1798     1.9050          2  0.000e+00
    248.039   75.70238  175.56140    250.803     0.7458     0.7457  29.597092  29.595808    34.7406    34.7391    276.330    268.679    -0.1061     4.1392     0.0989     0.0989     0.4992     0.0208      15988    11.1021      10.04     2.1798     1.9050          2  0.000e+00
    248.097   75.70238  175.56140    250.861     0.7459     0.7460  29.597092  29.595749    34.7404    34.7386    276.131    268.680    -0.1366     4.1380     0.0989     0.0989     0.5004     0.0195      15989    11.1028      10.04     2.1786     1.9050          2  0.000e+00
    248.163   75.70238  175.56140    250.928     0.7456     0.7460  29.597092  29.595925    34.7407    34.7388    276.335    268.919    -0.1061     4.1380     0.0989     0.0989     0.5004     0.0208      15990    11.1035      10.04     2.1798     1.9063          2  0.000e+00
    248.097   75.70238  175.56140    250.861     0.7458     0.7458  29.597465  29.595808    34.7411    34.7388    276.131    268.680    -0.1061     4.1380     0.0989     0.0989     0.5004     0.0208      15991    11.1042      10.04     2.1786     1.9050          2  0.000e+00
    248.097   75.70238  175.56140    250.861     0.7458     0.7460  29.597403  29.595515    34.7410    34.7383    276.331    268.680    -0.1061     4.1380     0.0989     0.0989     0.5004     0.0208      15992    11.1049      10.06     2.1798     1.9050          2  0.000e+00
    248.162   75.70238  175.56140    250.928     0.7459     0.7460  29.597341  29.595633    34.7407    34.7384    276.133    268.682    -0.1061     4.1380     0.0989     0.0989     0.5004     0.0208      15993    11.1056      10.01     2.1786     1.9050          2  0.000e+00
    248.097   75.70238  175.56140    250.861     0.7456     0.7458  29.597527  29.595925    34.7413    34.7390    276.332    268.680    -0.1061     4.1380     0.0989     0.0989     0.5004     0.0208      15994    11.1062      10.01     2.1798     1.9050          2  0.000e+00
    248.162   75.70238  175.56140    250.928     0.7459     0.7459  29.597652  29.595574    34.7411    34.7384    276.132    268.683    -0.1061     4.1380     0.0989     0.0989     0.5004     0.0208      15995    11.1069      10.01     2.1786     1.9050          2  0.000e+00
    248.097   75.70238  175.56140    250.861     0.7457     0.7460  29.597403  29.595457    34.7411    34.7382    276.332    268.680    -0.1061     4.1380     0.0989     0.0989     0.5004     0.0208      15996    11.1076      10.01     2.1798     1.9050          2  0.000e+00
    248.097   75.70238  175.56140    250.861     0.7459     0.7458  29.597527  29.595866    34.7410    34.7389    276.130    268.680    -0.1061     4.1380     0.0989     0.0989     0.5004     0.0208      15997    11.1083       9.99     2.1786     1.9050          2  0.000e+00
    248.220   75.70238  175.56140    250.986     0.7459     0.7460  29.597403  29.596042    34.7407    34.7389    276.135    268.683    -0.1061     4.1380     0.0989     0.0989     0.5004     0.0208      15998    11.1090       9.99     2.1786     1.9050          2  0.000e+00
    248.162   75.70238  175.56140    250.928     0.7459     0.7460  29.597341  29.595808    34.7407    34.7386    276.133    268.682    -0.1061     4.1380     0.0989     0.0989     0.5004     0.0208      15999    11.1097       9.96     2.1786     1.9050          2  0.000e+00
    248.162   75.70238  175.56140    250.928     0.7458     0.7460  29.597714  29.595925    34.7414    34.7388    276.133    268.682    -0.0755     4.1380     0.0989     0.0989     0.5004     0.0220      16000    11.1104       9.96     2.1786     1.9050          2  0.000e+00
    248.162   75.70238  175.56140    250.928     0.7459     0.7460  29.597030  29.595808    34.7403    34.7386    276.134    268.682    -0.1061     4.1380     0.0989     0.0989     0.5004     0.0208      16001    11.1111       9.96     2.1786     1.9050          2  0.000e+00
    248.162   75.70238  175.56140    250.928     0.7457     0.7460  29.597155  29.595749    34.7407    34.7385    276.135    268.682    -0.1061     4.1380     0.0989     0.0989     0.5004     0.0208      16002    11.1118       9.96     2.1786     1.9050          2  0.000e+00
    248.162   75.70238  175.56140    250.928     0.7459     0.7460  29.597528  29.595749    34.7409    34.7385    276.333    268.919    -0.1061     4.1380     0.0989     0.0989     0.5004     0.0208      16003    11.1125       9.96     2.1798     1.9063          2  0.000e+00
    248.162   75.70238  175.56140    250.928     0.7458     0.7460  29.597403  29.595749    34.7410    34.7385    276.134    268.919    -0.1061     4.1380     0.0989     0.0989     0.5004     0.0208      16004    11.1132       9.94     2.1786     1.9063          2  0.000e+00
    248.220   75.70238  175.56140    250.986     0.7458     0.7459  29.597341  29.595925    34.7408    34.7389    276.336    269.159    -0.1061     4.1380     0.0989     0.0989     0.5004     0.0208      16005    11.1139       9.94     2.1798     1.9075          2  0.000e+00
    248.162   75.70238  175.56140    250.928     0.7456     0.7458  29.597341  29.595808    34.7411    34.7388    276.135    269.157    -0.1061     4.1380     0.0989     0.0989     0.5004     0.0208      16006    11.1146       9.91     2.1786     1.9075          2  0.000e+00
    248.162   75.70238  175.56140    250.928     0.7458     0.7460  29.597155  29.595749    34.7406    34.7385    276.134    269.156    -0.0755     4.1380     0.0989     0.0989     0.5004     0.0220      16007    11.1153       9.91     2.1786     1.9075          2  0.000e+00
    248.162   75.70238  175.56140    250.928     0.7459     0.7460  29.597279  29.595925    34.7407    34.7388    276.133    269.156    -0.1061     4.1368     0.0989     0.0989     0.5016     0.0208      16008    11.1160       9.91     2.1786     1.9075          2  0.000e+00
    248.162   75.70238  175.56140    250.928     0.7458     0.7457  29.597528  29.595808    34.7411    34.7390    276.133    269.158    -0.1061     4.1355     0.0989     0.0989     0.5028     0.0208      16009    11.1167       9.94     2.1786     1.9075          2  0.000e+00
    248.162   75.70238  175.56140    250.928     0.7458     0.7460  29.597217  29.596100    34.7407    34.7390    276.134    268.918    -0.1061     4.1355     0.0989     0.0989     0.5028     0.0208      16010    11.1174       9.94     2.1786     1.9063          2  0.000e+00
    248.220   75.70238  175.56140    250.986     0.7456     0.7457  29.597279  29.596100    34.7409    34.7393    275.937    268.922    -0.1061     4.1355     0.0989     0.0989     0.5028     0.0208      16011    11.1181       9.94     2.1774     1.9063          2  0.000e+00
    248.162   75.70238  175.56140    250.928     0.7458     0.7458  29.597528  29.595808    34.7411    34.7388    275.933    268.920    -0.1061     4.1355     0.0989     0.0989     0.5028     0.0208      16012    11.1188       9.94     2.1774     1.9063          2  0.000e+00
    248.162   75.70238  175.56140    250.928     0.7458     0.7458  29.597217  29.595516    34.7407    34.7384    276.134    268.921    -0.1061     4.1355     0.0977     0.0977     0.5028     0.0208      16013    11.1194       9.94     2.1786     1.9063          2  0.000e+00
    248.162   75.70238  175.56142    250.928     0.7457     0.7458  29.597279  29.595866    34.7409    34.7389    276.134    268.920    -0.1061     4.1355     0.0977     0.0977     0.5028     0.0208      16014    11.1201       9.94     2.1786     1.9063          2  0.000e+00
    248.162   75.70238  175.56142    250.928     0.7458     0.7457  29.597155  29.595574    34.7406    34.7386    276.134    268.921    -0.1366     4.1355     0.0977     0.0977     0.5028     0.0195      16015    11.1208       9.91     2.1786     1.9063          2  0.000e+00
    248.162   75.70238  175.56142    250.928     0.7455     0.7460  29.597279  29.595866    34.7411    34.7387    276.136    269.156    -0.1061     4.1355     0.0977     0.0977     0.5028     0.0208      16016    11.1215       9.94     2.1786     1.9075          2  0.000e+00
    248.220   75.70238  175.56142    250.986     0.7456     0.7458  29.597341  29.595808    34.7410    34.7388    276.137    269.159    -0.1061     4.1355     0.0977     0.0977     0.5028     0.0208      16017    11.1222       9.94     2.1786     1.9075          2  0.000e+00
    248.162   75.70238  175.56142    250.928     0.7458     0.7457  29.597155  29.595749    34.7406    34.7389    276.134    269.158    -0.1061     4.1355     0.0977     0.0977     0.5028     0.0208      16018    11.1229       9.94     2.1786     1.9075          2  0.000e+00
    248.096   75.70238  175.56142    250.861     0.7456     0.7458  29.597092  29.595925    34.7408    34.7390    276.133    269.391    -0.1061     4.1355     0.0977     0.0977     0.5028     0.0208      16019    11.1236       9.94     2.1786     1.9087          2  0.000e+00
    248.162   75.70238  175.56142    250.928     0.7457     0.7460  29.596844  29.595574    34.7403    34.7383    276.136    269.394    -0.1061     4.1355     0.0977     0.0977     0.5028     0.0208      16020    11.1243       9.91     2.1786     1.9087          2  0.000e+00
    248.162   75.70238  175.56142    250.928     0.7455     0.7457  29.597155  29.595866    34.7409    34.7390    276.136    269.395    -0.1061     4.1355     0.0977     0.0977     0.5028     0.0208      16021    11.1250       9.94     2.1786     1.9087          2  0.000e+00
    248.162   75.70238  175.56142    250.927     0.7455     0.7458  29.597155  29.596042    34.7409    34.7391    275.936    269.394    -0.1061     4.1355     0.0977     0.0977     0.5028     0.0208      16022    11.1257       9.96     2.1774     1.9087          2  0.000e+00
    248.162   75.70238  175.56142    250.927     0.7456     0.7457  29.596844  29.595808    34.7404    34.7390    275.936    269.395    -0.1061     4.1355     0.0977     0.0977     0.5028     0.0208      16023    11.1264       9.96     2.1774     1.9087          2  0.000e+00
    248.096   75.70238  175.56142    250.861     0.7455     0.7459  29.596968  29.595925    34.7407    34.7389    275.934    269.391    -0.1061     4.1355     0.0977     0.0977     0.5028     0.0208      16024    11.1271       9.96     2.1774     1.9087          2  0.000e+00
    248.162   75.70238  175.56142    250.927     0.7458     0.7457  29.596844  29.595574    34.7402    34.7387    275.935    269.396    -0.1061     4.1355     0.0977     0.0977     0.5028     0.0208      16025    11.1278       9.96     2.1774     1.9087          2  0.000e+00
    247.914   75.70240  175.56144    250.677     0.7455     0.7455  29.597092  29.595456    34.7410    34.7388    276.329    269.152    -0.1061     4.1490     0.0977     0.0977     0.4898     0.0208      16157    11.2194      10.38     2.1798     1.9075          3  0.000e+00
    247.914   75.70240  175.56144    250.677     0.7453     0.7454  29.597278  29.595456    34.7414    34.7390    276.129    269.390    -0.1061     4.1490     0.0977     0.0977     0.4898     0.0208      16158    11.2201      10.38     2.1786     1.9087          3  0.000e+00
    247.914   75.70240  175.56144    250.677     0.7454     0.7457  29.597154  29.595456    34.7412    34.7387    276.128    269.151    -0.1061     4.1490     0.0977     0.0977     0.4898     0.0208      16159    11.2208      10.40     2.1786     1.9075          3  0.000e+00
    248.038   75.70240  175.56144    250.802     0.7455     0.7455  29.597092  29.595223    34.7409    34.7384    276.133    269.157    -0.1061     4.1477     0.0977     0.0977     0.4910     0.0208      16160    11.2215      10.35     2.1786     1.9075          3  0.000e+00
    247.914   75.70240  175.56144    250.677     0.7453     0.7454  29.597092  29.595340    34.7412    34.7389    276.129    268.916    -0.1061     4.1477     0.0977     0.0977     0.4910     0.0208      16161    11.2222      10.35     2.1786     1.9063          3  0.000e+00
    247.972   75.70240  175.56144    250.735     0.7455     0.7457  29.597092  29.595457    34.7410    34.7386    276.131    268.916    -0.1061     4.1490     0.0977     0.0977     0.4898     0.0208      16162    11.2229      10.35     2.1786     1.9063          3  0.000e+00
    247.914   75.70240  175.56144    250.677     0.7453     0.7455  29.596843  29.595632    34.7409    34.7391    276.130    269.152    -0.1061     4.1477     0.0977     0.0977     0.4910     0.0208      16163    11.2236      10.35     2.1786     1.9075          3  0.000e+00
    247.980   75.70240  175.56144    250.743     0.7455     0.7454  29.596781  29.595749    34.7406    34.7394    276.132    269.155    -0.1061     4.1477     0.0977     0.0977     0.4910     0.0208      16164    11.2243      10.35     2.1786     1.9075          3  0.000e+00
    248.038   75.70240  175.56144    250.801     0.7454     0.7457  29.596781  29.595515    34.7406    34.7386    276.134    269.156    -0.1061     4.1477     0.0977     0.0977     0.4910     0.0208      16165    11.2250      10.35     2.1786     1.9075          3  0.000e+00
    247.972   75.70240  175.56144    250.735     0.7452     0.7455  29.596781  29.595457    34.7409    34.7388    276.334    269.154    -0.1061     4.1490     0.0977     0.0977     0.4898     0.0208      16166    11.2257      10.31     2.1798     1.9075          3  0.000e+00
    248.038   75.70240  175.56144    250.801     0.7455     0.7455  29.596968  29.595457    34.7408    34.7388    276.133    269.157    -0.1061     4.1490     0.0977     0.0977     0.4898     0.0208      16167    11.2264      10.28     2.1786     1.9075          3  0.000e+00
    248.038   75.70240  175.56144    250.801     0.7455     0.7455  29.596843  29.595632    34.7406    34.7390    276.334    268.919    -0.1061     4.1490     0.0977     0.0977     0.4898     0.0208      16168    11.2271      10.28     2.1798     1.9063          3  0.000e+00
    247.972   75.70240  175.56144    250.735     0.7452     0.7457  29.596968  29.595924    34.7412    34.7393    276.133    268.678    -0.1061     4.1477     0.0977     0.0977     0.4910     0.0208      16169    11.2278      10.28     2.1786     1.9050          3  0.000e+00
    248.095   75.70240  175.56144    250.860     0.7456     0.7457  29.597092  29.595808    34.7408    34.7390    276.135    268.683    -0.1061     4.1526     0.0977     0.0977     0.4863     0.0208      16170    11.2285      10.31     2.1786     1.9050          3  0.000e+00
    248.038   75.70240  175.56144    250.801     0.7454     0.7454  29.597092  29.595515    34.7410    34.7390    276.133    268.446    -0.1061     4.1600     0.0977     0.0977     0.4792     0.0208      16171    11.2292      10.28     2.1786     1.9038          3  0.000e+00
    248.095   75.70240  175.56144    250.860     0.7456     0.7455  29.596844  29.595457    34.7405    34.7387    276.135    268.685    -0.1061     4.1624     0.0977     0.0977     0.4769     0.0208      16172    11.2299      10.26     2.1786     1.9050          3  0.000e+00
    248.038   75.70240  175.56144    250.801     0.7455     0.7457  29.596968  29.595457    34.7408    34.7386    276.134    268.682    -0.1061     4.1624     0.0977     0.0977     0.4769     0.0208      16173    11.2306      10.23     2.1786     1.9050          3  0.000e+00
