Continuous CTD Data/01_SBE Stage/nabos_16_01avg.cnv
* Sea-Bird SBE 9 Data File:
* FileName = D:\CTD\data\HLY2502\raw\NABOS_16_01.hex
* Software Version Seasave V 7.26.7.110
* Temperature SN = 6954
* Conductivity SN = 2561
* Number of Bytes Per Scan = 37
* Number of Voltage Words = 4
* Number of Scans Averaged by the Deck Unit = 1
* NMEA Latitude = 77 05.32 N
* NMEA Longitude = 179 06.61 E
* NMEA UTC (Time) = Sep 17 2025  05:37:32
* NMEA baud rate = 9600
** Ship: USCG HEALY
** Bot. Depth:  1069
** Cast Number:  01
** Station Name:  NABOS
** Station Number:  16
** Operator:  STARC
# nquan = 25
# nvalues = 1060                        
# units = specified
# name 0 = depSM: Depth [salt water, m]
# name 1 = latitude: Latitude [deg]
# name 2 = longitude: Longitude [deg]
# name 3 = prDM: Pressure, Digiquartz [db]
# name 4 = t090C: Temperature [ITS-90, deg C]
# name 5 = t190C: Temperature, 2 [ITS-90, deg C]
# name 6 = c0mS/cm: Conductivity [mS/cm]
# name 7 = c1mS/cm: Conductivity, 2 [mS/cm]
# name 8 = sal00: Salinity, Practical [PSU]
# name 9 = sal11: Salinity, Practical, 2 [PSU]
# name 10 = sbox0Mm/Kg: Oxygen, SBE 43 [umol/kg]
# name 11 = sbox1Mm/Kg: Oxygen, SBE 43, 2 [umol/kg]
# name 12 = flECO-AFL: Fluorescence, WET Labs ECO-AFL/FL [mg/m^3]
# name 13 = v2: Voltage 2
# name 14 = wetCDOM: Fluorescence, WET Labs CDOM [mg/m^3]
# name 15 = v6: Voltage 6
# name 16 = CStarAt0: Beam Attenuation, WET Labs C-Star [1/m]
# name 17 = v3: Voltage 3
# name 18 = scan: Scan Count
# name 19 = timeM: Time, Elapsed [minutes]
# name 20 = altM: Altimeter [m]
# name 21 = sbeox0V: Oxygen raw, SBE 43 [V]
# name 22 = sbeox1V: Oxygen raw, SBE 43, 2 [V]
# name 23 = nbin: number of scans per bin
# name 24 = flag: flag
# span 0 =      3.958,   1049.178       
# span 1 =   77.08900,   77.09127       
# span 2 =  179.11118,  179.12020       
# span 3 =      4.000,   1063.000       
# span 4 =    -1.7077,     0.9246       
# span 5 =    -1.7056,     0.9247       
# span 6 =  23.318665,  29.789180       
# span 7 =  23.317657,  29.787098       
# span 8 =    28.9491,    34.8679       
# span 9 =    28.9467,    34.8660       
# span 10 =    288.607,    379.952      
# span 11 =    250.420,    373.810      
# span 12 =    -0.1818,     0.4355      
# span 13 =     4.6080,     4.6754      
# span 14 =     0.0730,     0.1246      
# span 15 =     0.0730,     0.1246      
# span 16 =     0.0116,     0.0702      
# span 17 =     0.0177,     0.0424      
# span 18 =       3687,      38874      
# span 19 =     2.5600,    26.9953      
# span 20 =       5.19,     100.00      
# span 21 =     2.0402,     2.6546      
# span 22 =     1.7573,     2.3161      
# span 23 =          9,         28      
# span 24 = 0.0000e+00, 0.0000e+00      
# interval = decibars: 1                
# start_time = Sep 17 2025 05:37:32 [NMEA time, header]
# bad_flag = -9.990e-29
*END*
[from data line 580]
    577.067   77.09022  179.11594    584.000     0.2247     0.2248  29.355809  29.353958    34.8143    34.8117    297.060    292.044    -0.1698     4.6728     0.0829     0.0829     0.0138     0.0182      21813    15.1471     100.00     2.2036     1.9402         16 0.0000e+00
    578.054   77.09022  179.11594    585.000     0.2250     0.2250  29.356373  29.354792    34.8141    34.8120    296.978    291.260    -0.1743     4.6729     0.0834     0.0834     0.0137     0.0180      21840    15.1660     100.00     2.2029     1.9362         17 0.0000e+00
    579.041   77.09022  179.11596    586.000     0.2252     0.2254  29.357068  29.355496    34.8143    34.8119    296.864    291.875    -0.1743     4.6727     0.0837     0.0837     0.0139     0.0180      21867    15.1848     100.00     2.2020     1.9390         17 0.0000e+00
    580.027   77.09022  179.11596    587.000     0.2261     0.2265  29.358427  29.356900    34.8144    34.8119    296.710    293.203    -0.1736     4.6725     0.0817     0.0817     0.0140     0.0180      21894    15.2035     100.00     2.2009     1.9454         14 0.0000e+00
    581.014   77.09022  179.11596    588.000     0.2333     0.2337  29.365417  29.363974    34.8149    34.8124    296.515    285.739    -0.1711     4.6728     0.0831     0.0831     0.0138     0.0181      21921    15.2223     100.00     2.2000     1.9092         15 0.0000e+00
    582.001   77.09022  179.11598    589.000     0.2341     0.2341  29.366629  29.364723    34.8149    34.8125    296.517    287.184    -0.1707     4.6728     0.0859     0.0859     0.0138     0.0182      21948    15.2411     100.00     2.1998     1.9160         17 0.0000e+00
    582.988   77.09022  179.11598    590.000     0.2368     0.2369  29.369824  29.368049    34.8155    34.8130    296.538    293.360    -0.1735     4.6726     0.0840     0.0840     0.0140     0.0180      21975    15.2600     100.00     2.1998     1.9460         14 0.0000e+00
    583.974   77.09022  179.11598    591.000     0.2418     0.2420  29.375201  29.373454    34.8163    34.8139    296.658    300.766    -0.1672     4.6728     0.0855     0.0855     0.0138     0.0183      22002    15.2787     100.00     2.2006     1.9821         13 0.0000e+00
    584.961   77.09023  179.11599    592.000     0.2461     0.2461  29.379638  29.377887    34.8167    34.8144    296.791    296.602    -0.1711     4.6726     0.0854     0.0854     0.0140     0.0181      22030    15.2978     100.00     2.2014     1.9618         15 0.0000e+00
    585.948   77.09024  179.11600    593.000     0.2500     0.2499  29.383697  29.381835    34.8171    34.8147    296.780    291.386    -0.1722     4.6728     0.0853     0.0853     0.0138     0.0181      22057    15.3164     100.00     2.2013     1.9364         12 0.0000e+00
    586.935   77.09024  179.11600    594.000     0.2510     0.2510  29.385200  29.383409    34.8173    34.8150    296.786    293.389    -0.1466     4.6734     0.0850     0.0850     0.0133     0.0191      22084    15.3354     100.00     2.2011     1.9460         15 0.0000e+00
    587.921   77.09024  179.11602    595.000     0.2512     0.2512  29.385924  29.384102    34.8175    34.8151    296.737    293.907    -0.1738     4.6734     0.0831     0.0831     0.0133     0.0180      22111    15.3541     100.00     2.2007     1.9483         13 0.0000e+00
    588.908   77.09024  179.11602    596.000     0.2508     0.2507  29.386095  29.384202    34.8176    34.8151    296.654    291.058    -0.1467     4.6734     0.0833     0.0833     0.0133     0.0191      22138    15.3731     100.00     2.1999     1.9343         15 0.0000e+00
    589.894   77.09024  179.11602    597.000     0.2504     0.2501  29.386058  29.384060    34.8174    34.8151    296.493    287.653    -0.1587     4.6740     0.0845     0.0845     0.0128     0.0186      22165    15.3919     100.00     2.1987     1.9175         14 0.0000e+00
    590.881   77.09024  179.11604    598.000     0.2474     0.2471  29.383951  29.381871    34.8174    34.8150    296.409    292.634    -0.1712     4.6742     0.0841     0.0841     0.0127     0.0181      22193    15.4108     100.00     2.1979     1.9414         15 0.0000e+00
    591.868   77.09024  179.11604    599.000     0.2364     0.2363  29.374658  29.372844    34.8170    34.8148    296.516    291.305    -0.1452     4.6737     0.0855     0.0855     0.0130     0.0192      22220    15.4295     100.00     2.1977     1.9343         13 0.0000e+00
    592.855   77.09024  179.11604    600.000     0.2327     0.2327  29.371883  29.370190    34.8170    34.8148    296.399    293.904    -0.1700     4.6741     0.0845     0.0845     0.0127     0.0182      22247    15.4483     100.00     2.1966     1.9466         15 0.0000e+00
    593.841   77.09024  179.11605    601.000     0.2302     0.2300  29.370261  29.368235    34.8171    34.8146    296.437    293.446    -0.1509     4.6742     0.0846     0.0846     0.0127     0.0189      22274    15.4673     100.00     2.1965     1.9441         15 0.0000e+00
    594.828   77.09024  179.11606    602.000     0.2240     0.2242  29.365439  29.363661    34.8171    34.8146    296.579    291.864    -0.1647     4.6740     0.0838     0.0838     0.0128     0.0184      22301    15.4861     100.00     2.1968     1.9360         13 0.0000e+00
    595.815   77.09024  179.11606    603.000     0.2119     0.2123  29.355083  29.353577    34.8166    34.8142    296.719    287.565    -0.1691     4.6741     0.0829     0.0829     0.0127     0.0182      22328    15.5050     100.00     2.1967     1.9144         15 0.0000e+00
    596.801   77.09024  179.11608    604.000     0.2100     0.2100  29.354178  29.352474    34.8169    34.8146    296.777    293.927    -0.1363     4.6744     0.0844     0.0844     0.0124     0.0195      22355    15.5237     100.00     2.1968     1.9450         14 0.0000e+00
    597.788   77.09026  179.11608    605.000     0.2079     0.2077  29.352781  29.350724    34.8168    34.8144    296.778    292.874    -0.1515     4.6741     0.0849     0.0849     0.0127     0.0189      22382    15.5427     100.00     2.1964     1.9396         16 0.0000e+00
    598.775   77.09026  179.11608    606.000     0.2039     0.2039  29.349757  29.347721    34.8168    34.8142    296.722    294.365    -0.1745     4.6743     0.0843     0.0843     0.0126     0.0180      22409    15.5614     100.00     2.1957     1.9465         14 0.0000e+00
    599.761   77.09026  179.11609    607.000     0.2048     0.2050  29.350845  29.349207    34.8167    34.8143    296.619    295.051    -0.1645     4.6747     0.0833     0.0833     0.0122     0.0184      22437    15.5803     100.00     2.1949     1.9497         15 0.0000e+00
    600.748   77.09026  179.11610    608.000     0.2082     0.2080  29.354505  29.352613    34.8171    34.8148    296.402    289.171    -0.1752     4.6740     0.0843     0.0843     0.0128     0.0180      22464    15.5992     100.00     2.1937     1.9211         16 0.0000e+00
    601.735   77.09026  179.11610    609.000     0.2096     0.2094  29.356154  29.354177    34.8171    34.8147    296.320    292.518    -0.1539     4.6742     0.0847     0.0847     0.0126     0.0188      22491    15.6180     100.00     2.1930     1.9372         18 0.0000e+00
    602.721   77.09026  179.11612    610.000     0.2072     0.2077  29.354568  29.353174    34.8171    34.8147    296.271    291.196    -0.1459     4.6740     0.0842     0.0842     0.0128     0.0191      22518    15.6368     100.00     2.1924     1.9306         16 0.0000e+00
    603.708   77.09026  179.11612    611.000     0.2031     0.2035  29.351288  29.349765    34.8168    34.8144    296.262    292.533    -0.1497     4.6741     0.0835     0.0835     0.0127     0.0190      22545    15.6554     100.00     2.1919     1.9367         14 0.0000e+00
    604.694   77.09026  179.11612    612.000     0.2006     0.2006  29.349549  29.347610    34.8168    34.8143    296.274    296.233    -0.1569     4.6738     0.0831     0.0831     0.0129     0.0187      22572    15.6745     100.00     2.1916     1.9543         17 0.0000e+00
    605.681   77.09026  179.11614    613.000     0.2009     0.2009  29.350254  29.348460    34.8168    34.8144    296.442    296.349    -0.1421     4.6741     0.0833     0.0833     0.0127     0.0193      22599    15.6932     100.00     2.1924     1.9547         18 0.0000e+00
    606.668   77.09026  179.11614    614.000     0.2020     0.2020  29.351732  29.349964    34.8170    34.8145    296.427    294.313    -0.1741     4.6746     0.0832     0.0832     0.0123     0.0180      22626    15.7121     100.00     2.1922     1.9447         16 0.0000e+00
    607.654   77.09026  179.11614    615.000     0.2033     0.2033  29.353420  29.351652    34.8170    34.8147    296.533    292.427    -0.1732     4.6742     0.0826     0.0826     0.0126     0.0181      22654    15.7310     100.00     2.1926     1.9354         20 0.0000e+00
    608.641   77.09026  179.11616    616.000     0.2091     0.2091  29.359277  29.357527    34.8177    34.8153    296.566    294.268    -0.1752     4.6740     0.0839     0.0839     0.0128     0.0180      22681    15.7500     100.00     2.1928     1.9444         19 0.0000e+00
    609.627   77.09028  179.11616    617.000     0.2093     0.2094  29.360059  29.358294    34.8179    34.8155    296.524    292.556    -0.1450     4.6741     0.0845     0.0845     0.0127     0.0192      22708    15.7685     100.00     2.1924     1.9359         17 0.0000e+00
    610.614   77.09028  179.11616    618.000     0.2095     0.2093  29.360678  29.358808    34.8178    34.8156    296.437    293.433    -0.1345     4.6740     0.0839     0.0839     0.0128     0.0196      22735    15.7874     100.00     2.1917     1.9400         15 0.0000e+00
    611.601   77.09028  179.11618    619.000     0.2119     0.2123  29.363394  29.362032    34.8181    34.8158    296.372    292.991    -0.1349     4.6740     0.0838     0.0838     0.0128     0.0196      22762    15.8063     100.00     2.1912     1.9378         18 0.0000e+00
    612.587   77.09028  179.11618    620.000     0.2144     0.2142  29.366135  29.364291    34.8183    34.8161    296.239    292.449    -0.1520     4.6740     0.0850     0.0850     0.0128     0.0189      22789    15.8253     100.00     2.1904     1.9351         22 0.0000e+00
    613.574   77.09028  179.11618    621.000     0.2150     0.2152  29.367280  29.365540    34.8185    34.8160    296.214    292.256    -0.1721     4.6739     0.0846     0.0846     0.0129     0.0181      22816    15.8439     100.00     2.1900     1.9340         19 0.0000e+00
    614.560   77.09028  179.11619    622.000     0.2189     0.2189  29.371323  29.369533    34.8189    34.8165    296.316    292.270    -0.1419     4.6739     0.0838     0.0838     0.0129     0.0193      22844    15.8629     100.00     2.1906     1.9340         24 0.0000e+00
    615.547   77.09028  179.11620    623.000     0.2210     0.2211  29.373749  29.371998    34.8191    34.8168    296.392    293.208    -0.1650     4.6740     0.0836     0.0836     0.0128     0.0184      22870    15.8814     100.00     2.1909     1.9385         14 0.0000e+00
    616.533   77.09028  179.11620    624.000     0.2212     0.2211  29.374373  29.372553    34.8191    34.8168    296.558    292.264    -0.1671     4.6740     0.0836     0.0836     0.0128     0.0183      22897    15.9003     100.00     2.1916     1.9337         15 0.0000e+00
    617.520   77.09028  179.11622    625.000     0.2209     0.2209  29.374556  29.372827    34.8191    34.8168    296.566    293.253    -0.1334     4.6742     0.0841     0.0841     0.0126     0.0196      22925    15.9194     100.00     2.1914     1.9383         18 0.0000e+00
    618.506   77.09028  179.11622    626.000     0.2210     0.2212  29.375196  29.373611    34.8193    34.8170    296.475    296.047    -0.1541     4.6748     0.0857     0.0857     0.0120     0.0188      22952    15.9381     100.00     2.1907     1.9517         15 0.0000e+00
    619.493   77.09028  179.11622    627.000     0.2211     0.2211  29.375916  29.374124    34.8195    34.8172    296.529    294.877    -0.1750     4.6742     0.0855     0.0855     0.0126     0.0180      22979    15.9570     100.00     2.1908     1.9458         21 0.0000e+00
    620.479   77.09029  179.11623    628.000     0.2174     0.2172  29.373316  29.371325    34.8197    34.8172    296.550    295.106    -0.1756     4.6740     0.0845     0.0845     0.0128     0.0180      23006    15.9759     100.00     2.1905     1.9466         18 0.0000e+00
    621.466   77.09030  179.11624    629.000     0.2094     0.2093  29.366767  29.364838    34.8195    34.8171    296.601    294.309    -0.1615     4.6744     0.0840     0.0840     0.0124     0.0185      23034    15.9949     100.00     2.1902     1.9422         22 0.0000e+00
    622.452   77.09030  179.11624    630.000     0.2000     0.1998  29.358956  29.357022    34.8193    34.8169    296.657    294.344    -0.1354     4.6750     0.0835     0.0835     0.0119     0.0196      23060    16.0135     100.00     2.1898     1.9418         17 0.0000e+00
    623.439   77.09030  179.11625    631.000     0.1893     0.1893  29.350199  29.348263    34.8192    34.8167    296.644    293.437    -0.1299     4.6749     0.0840     0.0840     0.0119     0.0198      23088    16.0323     100.00     2.1890     1.9368         18 0.0000e+00
    624.425   77.09030  179.11626    632.000     0.1748     0.1748  29.337959  29.336179    34.8189    34.8165    296.511    294.144    -0.1637     4.6740     0.0841     0.0841     0.0128     0.0184      23115    16.0511     100.00     2.1872     1.9394         16 0.0000e+00
    625.412   77.09030  179.11626    633.000     0.1686     0.1686  29.332991  29.331130    34.8188    34.8163    296.527    293.219    -0.1429     4.6747     0.0829     0.0829     0.0122     0.0193      23142    16.0699     100.00     2.1868     1.9345         17 0.0000e+00
    626.399   77.09030  179.11626    634.000     0.1660     0.1662  29.331091  29.329460    34.8186    34.8163    296.532    293.194    -0.1723     4.6746     0.0835     0.0835     0.0123     0.0181      23169    16.0887     100.00     2.1865     1.9341         17 0.0000e+00
    627.385   77.09030  179.11628    635.000     0.1639     0.1639  29.329501  29.327820    34.8184    34.8162    296.457    293.339    -0.1728     4.6749     0.0844     0.0844     0.0120     0.0181      23196    16.1076     100.00     2.1857     1.9345         16 0.0000e+00
    628.372   77.09030  179.11628    636.000     0.1635     0.1635  29.329595  29.327815    34.8184    34.8160    296.470    293.067    -0.1524     4.6748     0.0851     0.0851     0.0121     0.0189      23223    16.1263     100.00     2.1855     1.9330         16 0.0000e+00
    629.358   77.09030  179.11629    637.000     0.1635     0.1635  29.329985  29.328114    34.8183    34.8158    296.621    293.169    -0.1609     4.6746     0.0851     0.0851     0.0123     0.0186      23250    16.1453     100.00     2.1862     1.9332         15 0.0000e+00
    630.345   77.09030  179.11630    638.000     0.1634     0.1635  29.330421  29.328467    34.8183    34.8157    296.651    292.242    -0.1705     4.6744     0.0845     0.0845     0.0125     0.0182      23277    16.1641     100.00     2.1861     1.9286         17 0.0000e+00
    631.331   77.09030  179.11630    639.000     0.1634     0.1634  29.330730  29.328944    34.8182    34.8158    296.492    291.614    -0.1654     4.6747     0.0837     0.0837     0.0121     0.0184      23305    16.1830     100.00     2.1850     1.9254         17 0.0000e+00
    632.318   77.09032  179.11632    640.000     0.1632     0.1632  29.330948  29.329216    34.8181    34.8158    296.496    293.629    -0.1298     4.6751     0.0836     0.0836     0.0118     0.0198      23332    16.2018     100.00     2.1848     1.9349         16 0.0000e+00
