Continuous CTD Data/01_SBE Stage/nabos_07_02.ros
* Sea-Bird SBE 9 Data File:
* FileName = D:\CTD\data\HLY2502\raw\NABOS_07_02.hex
* Software Version Seasave V 7.26.7.110
* Temperature SN = 6954
* Conductivity SN = 2561
* Number of Bytes Per Scan = 37
* Number of Voltage Words = 4
* Number of Scans Averaged by the Deck Unit = 1
* NMEA Latitude = 75 42.24 N
* NMEA Longitude = 175 32.88 E
* NMEA UTC (Time) = Sep 12 2025  05:23:18
* NMEA baud rate = 9600
** Ship: USCG HEALY
** Bot. Depth:  264
** Cast Number:  02
** Station Name:  NABOS
** Station Number:  07
** Operator:  STARC
** cast to 254m
# nquan = 25
# nvalues = 1029                                  
# units = specified
# name 0 = depSM: Depth [salt water, m]
# name 1 = latitude: Latitude [deg]
# name 2 = longitude: Longitude [deg]
# name 3 = prDM: Pressure, Digiquartz [db]
# name 4 = t090C: Temperature [ITS-90, deg C]
# name 5 = t190C: Temperature, 2 [ITS-90, deg C]
# name 6 = c0mS/cm: Conductivity [mS/cm]
# name 7 = c1mS/cm: Conductivity, 2 [mS/cm]
# name 8 = sal00: Salinity, Practical [PSU]
# name 9 = sal11: Salinity, Practical, 2 [PSU]
# name 10 = sbox0Mm/Kg: Oxygen, SBE 43 [umol/kg]
# name 11 = sbox1Mm/Kg: Oxygen, SBE 43, 2 [umol/kg]
# name 12 = flECO-AFL: Fluorescence, WET Labs ECO-AFL/FL [mg/m^3]
# name 13 = v2: Voltage 2
# name 14 = wetCDOM: Fluorescence, WET Labs CDOM [mg/m^3]
# name 15 = v6: Voltage 6
# name 16 = CStarAt0: Beam Attenuation, WET Labs C-Star [1/m]
# name 17 = v3: Voltage 3
# name 18 = scan: Scan Count
# name 19 = timeM: Time, Elapsed [minutes]
# name 20 = altM: Altimeter [m]
# name 21 = sbeox0V: Oxygen raw, SBE 43 [V]
# name 22 = sbeox1V: Oxygen raw, SBE 43, 2 [V]
# name 23 = nbf: Bottles Fired
# name 24 = flag:  0.000e+00
# interval = seconds: 0.0416667
# start_time = Sep 12 2025 05:23:18 [NMEA time, header]
# bad_flag = -9.990e-29
*END*
[from data line 116]
    200.978   75.70422  175.55546    203.194     0.3738     0.3693  29.194620  29.188749    34.6611    34.6583    285.443    276.808    -0.1366     4.6606     0.0989     0.0989     0.0243     0.0195      21841    15.1667      63.15     2.2267     1.9396          3  0.000e+00
    200.854   75.70422  175.55546    203.069     0.3738     0.3696  29.194991  29.188690    34.6616    34.6580    285.437    276.802    -0.1366     4.6606     0.0989     0.0989     0.0243     0.0195      21842    15.1674      63.15     2.2267     1.9396          3  0.000e+00
    200.887   75.70422  175.55546    203.102     0.3739     0.3699  29.194744  29.188807    34.6611    34.6579    285.438    276.801    -0.1366     4.6606     0.0977     0.0977     0.0243     0.0195      21843    15.1681      63.10     2.2267     1.9396          3  0.000e+00
    200.912   75.70422  175.55546    203.127     0.3738     0.3698  29.194435  29.189098    34.6609    34.6583    285.441    277.040    -0.1366     4.6606     0.0977     0.0977     0.0243     0.0195      21844    15.1687      63.08     2.2267     1.9408          3  0.000e+00
    200.854   75.70422  175.55546    203.069     0.3738     0.3699  29.194929  29.188981    34.6616    34.6581    285.638    277.037    -0.1366     4.6618     0.0989     0.0989     0.0233     0.0195      21845    15.1694      63.10     2.2279     1.9408          3  0.000e+00
    200.887   75.70422  175.55546    203.102     0.3736     0.3699  29.194744  29.189097    34.6615    34.6583    285.440    277.039    -0.1366     4.6606     0.0989     0.0989     0.0243     0.0195      21846    15.1701      63.10     2.2267     1.9408          3  0.000e+00
    200.912   75.70422  175.55546    203.127     0.3738     0.3699  29.194806  29.189447    34.6613    34.6586    285.641    277.038    -0.1366     4.6606     0.0977     0.0977     0.0243     0.0195      21847    15.1708      63.08     2.2279     1.9408          3  0.000e+00
    200.854   75.70422  175.55546    203.069     0.3736     0.3700  29.194682  29.189272    34.6614    34.6583    285.640    277.036    -0.1366     4.6606     0.0977     0.0977     0.0243     0.0195      21848    15.1715      63.08     2.2279     1.9408          3  0.000e+00
    200.830   75.70422  175.55546    203.044     0.3736     0.3701  29.194434  29.189214    34.6611    34.6582    285.438    277.035    -0.1366     4.6606     0.0977     0.0977     0.0243     0.0195      21849    15.1722      63.08     2.2267     1.9408          3  0.000e+00
    200.854   75.70422  175.55546    203.069     0.3734     0.3699  29.194373  29.189388    34.6612    34.6586    285.642    277.036    -0.1366     4.6606     0.0977     0.0977     0.0243     0.0195      21850    15.1729      63.08     2.2279     1.9408          3  0.000e+00
    200.854   75.70422  175.55546    203.069     0.3734     0.3703  29.194558  29.189446    34.6614    34.6582    285.440    277.034    -0.1366     4.6606     0.0977     0.0977     0.0243     0.0195      21851    15.1736      63.10     2.2267     1.9408          3  0.000e+00
    200.854   75.70422  175.55546    203.069     0.3734     0.3701  29.194434  29.189446    34.6613    34.6585    285.642    277.035    -0.1366     4.6606     0.0989     0.0989     0.0243     0.0195      21852    15.1743      63.10     2.2279     1.9408          3  0.000e+00
    200.764   75.70422  175.55546    202.978     0.3733     0.3701  29.194558  29.189272    34.6617    34.6583    285.437    277.032    -0.1366     4.6606     0.1001     0.1001     0.0243     0.0195      21853    15.1750      63.08     2.2267     1.9408          3  0.000e+00
    200.789   75.70422  175.55546    203.003     0.3734     0.3703  29.194187  29.189795    34.6610    34.6587    285.438    277.030    -0.1366     4.6606     0.1001     0.1001     0.0243     0.0195      21854    15.1757      63.10     2.2267     1.9408          3  0.000e+00
    200.789   75.70422  175.55546    203.003     0.3731     0.3709  29.194063  29.190202    34.6612    34.6586    285.441    277.026    -0.1366     4.6606     0.1013     0.1013     0.0243     0.0195      21855    15.1764      63.13     2.2267     1.9408          3  0.000e+00
    200.830   75.70422  175.55546    203.044     0.3729     0.3711  29.193630  29.190086    34.6608    34.6581    285.243    277.027    -0.1061     4.6606     0.1001     0.1001     0.0243     0.0208      21856    15.1771      63.15     2.2254     1.9408          3  0.000e+00
    200.789   75.70422  175.55548    203.003     0.3727     0.3713  29.193507  29.190609    34.6609    34.6587    285.445    277.023    -0.1366     4.6606     0.1013     0.1013     0.0243     0.0195      21857    15.1778      63.15     2.2267     1.9408          3  0.000e+00
    200.731   75.70422  175.55548    202.944     0.3728     0.3711  29.193754  29.190609    34.6612    34.6589    285.441    277.260    -0.1366     4.6606     0.1001     0.1001     0.0243     0.0195      21858    15.1785      63.15     2.2267     1.9420          3  0.000e+00
    200.764   75.70422  175.55548    202.978     0.3728     0.3713  29.193630  29.190202    34.6610    34.6582    285.644    277.023    -0.1366     4.6606     0.1001     0.1001     0.0243     0.0195      21859    15.1792      63.15     2.2279     1.9408          3  0.000e+00
    200.731   75.70422  175.55548    202.944     0.3727     0.3713  29.193754  29.190028    34.6613    34.6579    285.442    277.022    -0.1366     4.6606     0.1001     0.1001     0.0243     0.0195      21860    15.1799      63.17     2.2267     1.9408          3  0.000e+00
    200.731   75.70422  175.55548    202.944     0.3728     0.3709  29.193568  29.189795    34.6609    34.6581    285.643    276.787    -0.1366     4.6606     0.1013     0.1013     0.0243     0.0195      21861    15.1806      63.59     2.2279     1.9396          3  0.000e+00
    200.764   75.70422  175.55548    202.978     0.3725     0.3708  29.193136  29.189911    34.6607    34.6583    285.446    277.027    -0.1366     4.6606     0.1013     0.1013     0.0243     0.0195      21862    15.1813      63.83     2.2267     1.9408          3  0.000e+00
    200.674   75.70422  175.55548    202.886     0.3718     0.3706  29.191528  29.190027    34.6593    34.6588    285.451    277.024    -0.1366     4.6593     0.1013     0.1013     0.0254     0.0195      21863    15.1819      63.88     2.2267     1.9408          3  0.000e+00
    200.731   75.70422  175.55548    202.944     0.3708     0.3706  29.189796  29.189562    34.6583    34.6582    285.666    276.790    -0.1366     4.6606     0.1001     0.1001     0.0243     0.0195      21864    15.1826      63.88     2.2279     1.9396          3  0.000e+00
    200.674   75.70422  175.55548    202.886     0.3695     0.3702  29.188312  29.189039    34.6578    34.6580    285.474    277.029    -0.1061     4.6606     0.1013     0.1013     0.0243     0.0208      21865    15.1833      63.86     2.2267     1.9408          3  0.000e+00
    200.649   75.70422  175.55548    202.861     0.3683     0.3698  29.187199  29.188457    34.6577    34.6576    285.684    276.794    -0.1366     4.6606     0.1001     0.1001     0.0243     0.0195      21866    15.1840      63.83     2.2279     1.9396          3  0.000e+00
    200.674   75.70422  175.55548    202.886     0.3673     0.3698  29.185715  29.188341    34.6568    34.6575    285.695    276.795    -0.1366     4.6606     0.1001     0.1001     0.0243     0.0195      21867    15.1847      63.59     2.2279     1.9396          3  0.000e+00
    200.608   75.70422  175.55548    202.820     0.3649     0.3694  29.183860  29.188341    34.6571    34.6580    285.511    276.795    -0.1061     4.6606     0.1013     0.1013     0.0243     0.0208      21868    15.1854      63.47     2.2267     1.9396          3  0.000e+00
    200.649   75.70422  175.55548    202.861     0.3635     0.3693  29.183119  29.188341    34.6577    34.6580    285.523    276.559    -0.1366     4.6606     0.1013     0.1013     0.0243     0.0195      21869    15.1861      63.44     2.2267     1.9384          3  0.000e+00
    200.674   75.70422  175.55548    202.886     0.3627     0.3693  29.183304  29.188399    34.6588    34.6581    285.528    276.560    -0.1366     4.6606     0.1013     0.1013     0.0243     0.0195      21870    15.1868      63.44     2.2267     1.9384          3  0.000e+00
    200.608   75.70422  175.55548    202.820     0.3624     0.3695  29.183613  29.188573    34.6596    34.6582    285.526    276.794    -0.1366     4.6606     0.1013     0.1013     0.0243     0.0195      21871    15.1875      63.44     2.2267     1.9396          3  0.000e+00
    175.182   75.70428  175.55686    177.102    -0.1736    -0.1722  28.637674  28.637214    34.5581    34.5558    295.414    286.043    -0.1366     4.6642     0.0879     0.0879     0.0212     0.0195      25820    17.9299      92.36     2.2635     1.9678          4  0.000e+00
    175.067   75.70428  175.55686    176.986    -0.1736    -0.1721  28.637613  28.637561    34.5580    34.5562    295.205    286.036    -0.1366     4.6642     0.0879     0.0879     0.0212     0.0195      25821    17.9306      92.45     2.2623     1.9678          4  0.000e+00
    175.124   75.70428  175.55686    177.044    -0.1738    -0.1725  28.637981  28.637561    34.5587    34.5567    295.411    286.041    -0.1366     4.6630     0.0879     0.0879     0.0222     0.0195      25822    17.9312      92.48     2.2635     1.9678          4  0.000e+00
    175.124   75.70428  175.55686    177.044    -0.1738    -0.1727  28.637736  28.637272    34.5584    34.5565    295.412    286.043    -0.1366     4.6642     0.0879     0.0879     0.0212     0.0195      25823    17.9319      92.53     2.2635     1.9678          4  0.000e+00
    175.059   75.70428  175.55686    176.978    -0.1738    -0.1732  28.637981  28.636983    34.5587    34.5567    295.205    286.285    -0.1366     4.6642     0.0879     0.0879     0.0212     0.0195      25824    17.9326      92.50     2.2623     1.9690          4  0.000e+00
    175.059   75.70428  175.55686    176.978    -0.1738    -0.1727  28.637920  28.636925    34.5586    34.5561    295.409    286.283    -0.1366     4.6642     0.0879     0.0879     0.0212     0.0195      25825    17.9333      92.50     2.2635     1.9690          4  0.000e+00
    175.067   75.70428  175.55686    176.986    -0.1733    -0.1730  28.637858  28.636925    34.5580    34.5564    295.407    286.285    -0.1366     4.6642     0.0879     0.0879     0.0212     0.0195      25826    17.9340      92.50     2.2635     1.9690          4  0.000e+00
    175.125   75.70428  175.55686    177.044    -0.1736    -0.1732  28.637674  28.636521    34.5581    34.5560    295.208    286.289    -0.1366     4.6642     0.0867     0.0867     0.0212     0.0195      25827    17.9347      92.45     2.2623     1.9690          4  0.000e+00
    175.001   75.70428  175.55686    176.920    -0.1738    -0.1733  28.637612  28.636405    34.5583    34.5561    295.408    286.285    -0.1366     4.6642     0.0879     0.0879     0.0212     0.0195      25828    17.9354      92.45     2.2635     1.9690          4  0.000e+00
    175.125   75.70428  175.55686    177.044    -0.1736    -0.1733  28.637367  28.636406    34.5577    34.5560    295.412    286.532    -0.1366     4.6642     0.0879     0.0879     0.0212     0.0195      25829    17.9361      92.45     2.2635     1.9703          4  0.000e+00
    175.001   75.70428  175.55686    176.920    -0.1739    -0.1736  28.637490  28.636232    34.5582    34.5562    295.409    286.529    -0.1366     4.6642     0.0879     0.0879     0.0212     0.0195      25830    17.9368      92.45     2.2635     1.9703          4  0.000e+00
    175.067   75.70428  175.55686    176.986    -0.1740    -0.1733  28.637428  28.636521    34.5582    34.5562    295.208    286.529    -0.1366     4.6642     0.0879     0.0879     0.0212     0.0195      25831    17.9375      92.41     2.2623     1.9703          4  0.000e+00
    175.059   75.70428  175.55686    176.978    -0.1739    -0.1732  28.637306  28.636868    34.5580    34.5565    295.412    286.768    -0.1366     4.6642     0.0879     0.0879     0.0212     0.0195      25832    17.9382      92.45     2.2635     1.9715          4  0.000e+00
    175.059   75.70428  175.55686    176.978    -0.1742    -0.1730  28.637306  28.636752    34.5583    34.5562    295.210    286.526    -0.1366     4.6642     0.0879     0.0879     0.0212     0.0195      25833    17.9389      92.53     2.2623     1.9703          4  0.000e+00
    175.001   75.70428  175.55686    176.920    -0.1738    -0.1730  28.637735  28.636463    34.5584    34.5558    295.407    286.525    -0.1366     4.6642     0.0879     0.0879     0.0212     0.0195      25834    17.9396      92.58     2.2635     1.9703          4  0.000e+00
    175.001   75.70428  175.55686    176.920    -0.1736    -0.1733  28.637858  28.636405    34.5584    34.5561    295.202    286.527    -0.1366     4.6642     0.0879     0.0879     0.0212     0.0195      25835    17.9403      92.58     2.2623     1.9703          4  0.000e+00
    175.067   75.70428  175.55686    176.986    -0.1736    -0.1735  28.637674  28.636232    34.5581    34.5560    295.205    286.531    -0.1366     4.6642     0.0879     0.0879     0.0212     0.0195      25836    17.9410      92.55     2.2623     1.9703          4  0.000e+00
    175.001   75.70428  175.55686    176.920    -0.1738    -0.1737  28.637612  28.636175    34.5583    34.5563    295.204    286.530    -0.1366     4.6642     0.0879     0.0879     0.0212     0.0195      25837    17.9417      92.55     2.2623     1.9703          4  0.000e+00
    175.059   75.70428  175.55686    176.978    -0.1739    -0.1736  28.637428  28.636117    34.5581    34.5560    295.207    286.532    -0.1366     4.6642     0.0879     0.0879     0.0212     0.0195      25838    17.9424      92.58     2.2623     1.9703          4  0.000e+00
    175.001   75.70428  175.55686    176.920    -0.1742    -0.1737  28.637121  28.635944    34.5581    34.5560    295.412    286.290    -0.1366     4.6642     0.0879     0.0879     0.0212     0.0195      25839    17.9431      92.70     2.2635     1.9690          4  0.000e+00
    175.059   75.70428  175.55686    176.978    -0.1742    -0.1737  28.637428  28.636232    34.5585    34.5563    295.209    286.291    -0.1366     4.6642     0.0879     0.0879     0.0212     0.0195      25840    17.9438      92.75     2.2623     1.9690          4  0.000e+00
    175.010   75.70428  175.55688    176.928    -0.1742    -0.1736  28.637428  28.636232    34.5585    34.5562    295.411    286.288    -0.1366     4.6642     0.0867     0.0867     0.0212     0.0195      25841    17.9444      92.75     2.2635     1.9690          4  0.000e+00
    175.001   75.70428  175.55688    176.920    -0.1741    -0.1741  28.637735  28.635713    34.5587    34.5561    295.409    286.534    -0.1366     4.6642     0.0879     0.0879     0.0212     0.0195      25842    17.9451      92.75     2.2635     1.9703          4  0.000e+00
    175.001   75.70428  175.55688    176.920    -0.1741    -0.1737  28.637490  28.635770    34.5584    34.5558    295.410    286.773    -0.1366     4.6642     0.0879     0.0879     0.0212     0.0195      25843    17.9458      92.75     2.2635     1.9715          4  0.000e+00
    175.001   75.70428  175.55688    176.920    -0.1741    -0.1739  28.637735  28.636059    34.5587    34.5563    295.205    286.773    -0.1366     4.6642     0.0867     0.0867     0.0212     0.0195      25844    17.9465      92.75     2.2623     1.9715          4  0.000e+00
    175.001   75.70428  175.55688    176.920    -0.1741    -0.1737  28.637674  28.636348    34.5587    34.5565    295.205    286.530    -0.1061     4.6642     0.0879     0.0879     0.0212     0.0208      25845    17.9472      92.65     2.2623     1.9703          4  0.000e+00
