Continuous CTD Data/01_SBE Stage/nabos_12_02avg.cnv
* Sea-Bird SBE 9 Data File:
* FileName = D:\CTD\data\HLY2502\raw\NABOS_12_02.hex
* Software Version Seasave V 7.26.7.110
* Temperature SN = 6954
* Conductivity SN = 2561
* Number of Bytes Per Scan = 37
* Number of Voltage Words = 4
* Number of Scans Averaged by the Deck Unit = 1
* NMEA Latitude = 77 22.95 N
* NMEA Longitude = 176 13.98 W
* NMEA UTC (Time) = Sep 10 2025  21:33:20
* NMEA baud rate = 9600
** Ship: USCG HEALY
** Bot. Depth:  1417
** Cast Number:  02
** Station Name:  NABOS
** Station Number:  12
** Operator:  STARC
** mooring release test at depth
# nquan = 25
# nvalues = 1214                        
# units = specified
# name 0 = depSM: Depth [salt water, m]
# name 1 = latitude: Latitude [deg]
# name 2 = longitude: Longitude [deg]
# name 3 = prDM: Pressure, Digiquartz [db]
# name 4 = t090C: Temperature [ITS-90, deg C]
# name 5 = t190C: Temperature, 2 [ITS-90, deg C]
# name 6 = c0mS/cm: Conductivity [mS/cm]
# name 7 = c1mS/cm: Conductivity, 2 [mS/cm]
# name 8 = sal00: Salinity, Practical [PSU]
# name 9 = sal11: Salinity, Practical, 2 [PSU]
# name 10 = sbox0Mm/Kg: Oxygen, SBE 43 [umol/kg]
# name 11 = sbox1Mm/Kg: Oxygen, SBE 43, 2 [umol/kg]
# name 12 = flECO-AFL: Fluorescence, WET Labs ECO-AFL/FL [mg/m^3]
# name 13 = v2: Voltage 2
# name 14 = wetCDOM: Fluorescence, WET Labs CDOM [mg/m^3]
# name 15 = v6: Voltage 6
# name 16 = CStarAt0: Beam Attenuation, WET Labs C-Star [1/m]
# name 17 = v3: Voltage 3
# name 18 = scan: Scan Count
# name 19 = timeM: Time, Elapsed [minutes]
# name 20 = altM: Altimeter [m]
# name 21 = sbeox0V: Oxygen raw, SBE 43 [V]
# name 22 = sbeox1V: Oxygen raw, SBE 43, 2 [V]
# name 23 = nbin: number of scans per bin
# name 24 = flag: flag
# span 0 =      3.958,   1200.722       
# span 1 =   77.38280,   77.38743       
# span 2 = -176.23257, -176.22215       
# span 3 =      4.000,   1217.000       
# span 4 =    -1.5940,     0.9616       
# span 5 =    -1.5943,     0.9617       
# span 6 =  23.171414,  29.894858       
# span 7 =  23.170309,  29.892879       
# span 8 =    28.7286,    34.8838       
# span 9 =    28.7270,    34.8812       
# span 10 =    251.747,    385.283      
# span 11 =    246.442,    373.544      
# span 12 =    -0.1801,     0.4617      
# span 13 =     4.6011,     4.6678      
# span 14 =     0.0784,     0.1189      
# span 15 =     0.0784,     0.1189      
# span 16 =     0.0181,     0.0757      
# span 17 =     0.0178,     0.0435      
# span 18 =       1944,      40160      
# span 19 =     1.3491,    27.8884      
# span 20 =      60.57,     100.39      
# span 21 =     1.9530,     2.6847      
# span 22 =     1.7269,     2.3143      
# span 23 =          9,         26      
# span 24 = 0.0000e+00, 0.0000e+00      
# interval = decibars: 1                
# start_time = Sep 10 2025 21:33:20 [NMEA time, header]
# bad_flag = -9.990e-29
*END*
[from data line 116]
    118.707   77.38348 -176.23112    120.000    -1.0838    -1.0834  27.639120  27.637595    34.2804    34.2779    296.986    290.505    -0.1270     4.6582     0.0878     0.0878     0.0264     0.0199       7707     5.3511      99.82     2.2347     1.9589         19 0.0000e+00
    119.696   77.38348 -176.23111    121.000    -1.0561    -1.0552  27.667051  27.666508    34.2864    34.2846    297.201    288.746    -0.1322     4.6585     0.0877     0.0877     0.0261     0.0197       7737     5.3724      96.90     2.2373     1.9512         21 0.0000e+00
    120.685   77.38348 -176.23110    122.000    -1.0243    -1.0231  27.700251  27.699858    34.2948    34.2929    297.596    289.642    -0.1379     4.6584     0.0877     0.0877     0.0262     0.0194       7770     5.3953      98.76     2.2412     1.9570         18 0.0000e+00
    121.674   77.38348 -176.23109    123.000    -1.0026    -1.0020  27.724227  27.723201    34.3021    34.3000    297.986    290.340    -0.1300     4.6589     0.0880     0.0880     0.0257     0.0198       7804     5.4189     100.03     2.2445     1.9612         19 0.0000e+00
    122.663   77.38348 -176.23108    124.000    -0.9857    -0.9850  27.742925  27.742011    34.3077    34.3057    298.343    290.957    -0.1302     4.6592     0.0884     0.0884     0.0255     0.0198       7838     5.4423     100.00     2.2473     1.9649         19 0.0000e+00
    123.651   77.38350 -176.23107    125.000    -0.9691    -0.9686  27.762160  27.761023    34.3144    34.3123    298.575    291.072    -0.1332     4.6593     0.0884     0.0884     0.0254     0.0196       7872     5.4661     100.00     2.2494     1.9661         19 0.0000e+00
    124.640   77.38350 -176.23106    126.000    -0.9510    -0.9501  27.782345  27.781782    34.3206    34.3188    298.646    291.161    -0.1328     4.6595     0.0882     0.0882     0.0252     0.0197       7906     5.4894     100.00     2.2506     1.9672         16 0.0000e+00
    125.629   77.38350 -176.23105    127.000    -0.9290    -0.9282  27.806383  27.805662    34.3277    34.3257    298.725    289.798    -0.1330     4.6594     0.0878     0.0878     0.0253     0.0197       7940     5.5130     100.00     2.2521     1.9612         17 0.0000e+00
    126.618   77.38350 -176.23104    128.000    -0.9046    -0.9038  27.832243  27.831427    34.3344    34.3324    298.805    291.713    -0.1332     4.6593     0.0882     0.0882     0.0254     0.0196       7974     5.5369     100.00     2.2538     1.9717         18 0.0000e+00
    127.607   77.38350 -176.23104    129.000    -0.8816    -0.8801  27.856161  27.855979    34.3401    34.3382    298.971    291.108    -0.1349     4.6600     0.0877     0.0877     0.0248     0.0196       8008     5.5607     100.00     2.2558     1.9696         17 0.0000e+00
    128.596   77.38352 -176.23102    130.000    -0.8375    -0.8371  27.897942  27.896717    34.3460    34.3439    298.937    290.698    -0.1046     4.6596     0.0872     0.0872     0.0251     0.0208       8040     5.5829     100.00     2.2577     1.9693         16 0.0000e+00
    129.585   77.38352 -176.23102    131.000    -0.8196    -0.8194  27.915409  27.913950    34.3487    34.3464    298.858    291.185    -0.1325     4.6603     0.0869     0.0869     0.0245     0.0197       8072     5.6048     100.00     2.2580     1.9723         16 0.0000e+00
    130.574   77.38352 -176.23102    132.000    -0.8135    -0.8130  27.924484  27.923188    34.3533    34.3511    298.398    291.088    -0.1024     4.6604     0.0885     0.0885     0.0245     0.0209       8103     5.6263     100.00     2.2555     1.9720         18 0.0000e+00
    131.563   77.38352 -176.23100    133.000    -0.8022    -0.8021  27.939707  27.938134    34.3605    34.3583    297.768    290.282    -0.1310     4.6605     0.0877     0.0877     0.0244     0.0197       8134     5.6477     100.00     2.2522     1.9683         13 0.0000e+00
    132.551   77.38352 -176.23100    134.000    -0.7771    -0.7755  27.965680  27.965527    34.3666    34.3645    297.170    290.204    -0.1363     4.6603     0.0866     0.0866     0.0245     0.0195       8165     5.6692     100.00     2.2499     1.9690         13 0.0000e+00
    133.540   77.38352 -176.23098    135.000    -0.7362    -0.7352  28.006018  28.005560    34.3741    34.3723    297.082    289.825    -0.1251     4.6604     0.0862     0.0862     0.0244     0.0200       8196     5.6910     100.00     2.2513     1.9687         16 0.0000e+00
    134.529   77.38354 -176.23098    136.000    -0.7203    -0.7201  28.023801  28.022321    34.3794    34.3771    297.609    290.033    -0.1361     4.6597     0.0859     0.0859     0.0251     0.0195       8227     5.7124     100.00     2.2551     1.9703         14 0.0000e+00
    135.518   77.38354 -176.23097    137.000    -0.7161    -0.7149  28.029823  28.029603    34.3822    34.3805    298.039    290.269    -0.1329     4.6606     0.0867     0.0867     0.0243     0.0197       8258     5.7340     100.00     2.2577     1.9715         16 0.0000e+00
    136.507   77.38354 -176.23096    138.000    -0.6890    -0.6888  28.059565  28.058055    34.3909    34.3887    298.284    290.302    -0.1261     4.6603     0.0865     0.0865     0.0245     0.0199       8289     5.7554     100.00     2.2605     1.9727         14 0.0000e+00
    137.496   77.38354 -176.23096    139.000    -0.6752    -0.6736  28.074742  28.074466    34.3952    34.3930    298.660    290.362    -0.1328     4.6606     0.0856     0.0856     0.0243     0.0197       8320     5.7772     100.00     2.2633     1.9735         16 0.0000e+00
    138.485   77.38355 -176.23094    140.000    -0.6400    -0.6391  28.108557  28.107766    34.4002    34.3982    298.760    290.327    -0.1269     4.6603     0.0876     0.0876     0.0246     0.0199       8351     5.7985     100.00     2.2655     1.9747         16 0.0000e+00
    139.473   77.38356 -176.23094    141.000    -0.6139    -0.6139  28.137353  28.135640    34.4088    34.4065    298.662    290.479    -0.1364     4.6606     0.0866     0.0866     0.0243     0.0195       8382     5.8200     100.00     2.2662     1.9765         16 0.0000e+00
    140.462   77.38356 -176.23093    142.000    -0.6004    -0.5996  28.153172  28.152111    34.4141    34.4118    298.526    290.978    -0.1322     4.6606     0.0864     0.0864     0.0243     0.0197       8412     5.8412     100.00     2.2660     1.9795         14 0.0000e+00
    141.451   77.38356 -176.23092    143.000    -0.5831    -0.5830  28.171848  28.170142    34.4190    34.4167    298.446    290.764    -0.1365     4.6606     0.0845     0.0845     0.0243     0.0195       8443     5.8627     100.00     2.2662     1.9790         16 0.0000e+00
    142.440   77.38356 -176.23091    144.000    -0.5768    -0.5757  28.179632  28.178875    34.4217    34.4196    298.557    290.227    -0.1313     4.6611     0.0850     0.0850     0.0239     0.0197       8474     5.8844     100.00     2.2670     1.9764         17 0.0000e+00
    143.429   77.38356 -176.23090    145.000    -0.5527    -0.5526  28.205078  28.203459    34.4282    34.4257    298.682    290.358    -0.1329     4.6610     0.0866     0.0866     0.0239     0.0197       8505     5.9057     100.00     2.2689     1.9780         17 0.0000e+00
    144.418   77.38358 -176.23090    146.000    -0.5422    -0.5415  28.218420  28.217597    34.4335    34.4316    298.866    291.099    -0.1313     4.6612     0.0857     0.0857     0.0238     0.0197       8536     5.9271     100.00     2.2704     1.9820         17 0.0000e+00
    145.406   77.38358 -176.23089    147.000    -0.5240    -0.5240  28.238924  28.237152    34.4398    34.4374    298.729    290.345    -0.1334     4.6615     0.0865     0.0865     0.0236     0.0196       8567     5.9486     100.00     2.2704     1.9789         19 0.0000e+00
    146.395   77.38358 -176.23088    148.000    -0.5110    -0.5104  28.254223  28.253421    34.4451    34.4432    298.719    290.656    -0.1328     4.6609     0.0842     0.0842     0.0241     0.0197       8598     5.9701     100.00     2.2708     1.9809         16 0.0000e+00
    147.384   77.38358 -176.23088    149.000    -0.4944    -0.4940  28.272813  28.271423    34.4506    34.4482    299.096    291.086    -0.1321     4.6611     0.0845     0.0845     0.0239     0.0197       8629     5.9918     100.00     2.2738     1.9836         20 0.0000e+00
    148.373   77.38358 -176.23086    150.000    -0.4937    -0.4932  28.274436  28.273097    34.4513    34.4489    299.572    290.851    -0.1309     4.6615     0.0854     0.0854     0.0236     0.0197       8660     6.0132     100.00     2.2764     1.9823         16 0.0000e+00
    149.361   77.38359 -176.23086    151.000    -0.4626    -0.4606  28.308842  28.309312    34.4617    34.4600    299.653    291.400    -0.1334     4.6608     0.0846     0.0846     0.0241     0.0196       8691     6.0347     100.00     2.2784     1.9864         18 0.0000e+00
    150.350   77.38360 -176.23085    152.000    -0.4455    -0.4452  28.325569  28.324112    34.4641    34.4619    299.655    291.620    -0.1348     4.6615     0.0843     0.0843     0.0235     0.0196       8722     6.0562     100.00     2.2792     1.9880         17 0.0000e+00
    151.339   77.38360 -176.23084    153.000    -0.4444    -0.4442  28.327453  28.325908    34.4648    34.4624    299.566    291.776    -0.1334     4.6616     0.0855     0.0855     0.0235     0.0196       8753     6.0776     100.00     2.2785     1.9887         19 0.0000e+00
    152.328   77.38360 -176.23083    154.000    -0.4045    -0.4033  28.369723  28.369233    34.4756    34.4736    299.048    291.197    -0.1332     4.6615     0.0855     0.0855     0.0236     0.0196       8784     6.0990     100.00     2.2774     1.9875         18 0.0000e+00
    153.317   77.38360 -176.23082    155.000    -0.3937    -0.3937  28.381096  28.379217    34.4780    34.4755    299.087    291.529    -0.1324     4.6616     0.0843     0.0843     0.0235     0.0197       8815     6.1207     100.00     2.2780     1.9894         22 0.0000e+00
    154.305   77.38360 -176.23082    156.000    -0.3798    -0.3776  28.396604  28.397495    34.4824    34.4811    299.033    291.290    -0.1365     4.6618     0.0864     0.0864     0.0233     0.0195       8846     6.1421     100.00     2.2782     1.9887         21 0.0000e+00
    155.294   77.38361 -176.23081    157.000    -0.3162    -0.3159  28.457027  28.455477    34.4906    34.4882    298.478    290.849    -0.1325     4.6619     0.0851     0.0851     0.0233     0.0197       8877     6.1636     100.00     2.2781     1.9891         22 0.0000e+00
    156.283   77.38362 -176.23080    158.000    -0.3142    -0.3142  28.459985  28.458248    34.4918    34.4894    298.619    290.950    -0.1351     4.6617     0.0842     0.0842     0.0233     0.0196       8907     6.1850     100.00     2.2789     1.9895         21 0.0000e+00
    157.272   77.38362 -176.23080    159.000    -0.3016    -0.3009  28.473524  28.472791    34.4949    34.4931    298.438    290.978    -0.1348     4.6618     0.0871     0.0871     0.0233     0.0196       8938     6.2066      95.36     2.2783     1.9900         17 0.0000e+00
    158.260   77.38362 -176.23078    160.000    -0.2215    -0.2206  28.552714  28.551477    34.5094    34.5067    297.875    290.202    -0.1367     4.6617     0.0879     0.0879     0.0234     0.0195       8969     6.2278      94.60     2.2791     1.9896         17 0.0000e+00
    159.249   77.38362 -176.23078    161.000    -0.2188    -0.2186  28.556055  28.554516    34.5102    34.5079    298.071    290.162    -0.1348     4.6618     0.0982     0.0982     0.0233     0.0196       9000     6.2494      78.09     2.2802     1.9892         18 0.0000e+00
    160.238   77.38362 -176.23077    162.000    -0.2185    -0.2184  28.557289  28.555718    34.5109    34.5086    298.131    290.020    -0.1308     4.6620     0.0920     0.0920     0.0232     0.0197       9031     6.2706      87.23     2.2803     1.9884         16 0.0000e+00
    161.227   77.38364 -176.23076    163.000    -0.1749    -0.1739  28.602689  28.601956    34.5214    34.5194    297.751    290.210    -0.1364     4.6620     0.0944     0.0944     0.0231     0.0195       9062     6.2921      80.63     2.2803     1.9912         16 0.0000e+00
    162.215   77.38364 -176.23075    164.000    -0.1637    -0.1636  28.614439  28.612782    34.5238    34.5216    297.852    290.363    -0.1306     4.6619     0.0877     0.0877     0.0232     0.0198       9092     6.3133      95.26     2.2812     1.9922         15 0.0000e+00
    163.204   77.38364 -176.23074    165.000    -0.1632    -0.1630  28.615877  28.614222    34.5246    34.5221    297.724    289.958    -0.1342     4.6614     0.0960     0.0960     0.0236     0.0196       9123     6.3346      81.22     2.2803     1.9900         13 0.0000e+00
    164.193   77.38364 -176.23074    166.000    -0.1628    -0.1627  28.617032  28.615346    34.5251    34.5227    297.354    290.198    -0.1318     4.6620     0.1020     0.1020     0.0231     0.0197       9154     6.3559      60.57     2.2778     1.9911         13 0.0000e+00
    165.182   77.38364 -176.23072    167.000    -0.1219    -0.1205  28.661444  28.661443    34.5374    34.5357    296.827    289.135    -0.1365     4.6622     0.0886     0.0886     0.0230     0.0195       9185     6.3779      89.15     2.2767     1.9874         16 0.0000e+00
    166.170   77.38365 -176.23072    168.000    -0.1081    -0.1077  28.676775  28.675322    34.5415    34.5392    296.832    289.530    -0.1366     4.6625     0.0842     0.0842     0.0227     0.0195       9216     6.3992      95.83     2.2773     1.9898         14 0.0000e+00
    167.159   77.38366 -176.23071    169.000    -0.1079    -0.1078  28.678068  28.676247    34.5424    34.5398    296.827    288.980    -0.1322     4.6630     0.0839     0.0839     0.0222     0.0197       9247     6.4207      97.59     2.2770     1.9869         14 0.0000e+00
    168.148   77.38366 -176.23070    170.000    -0.1061    -0.1049  28.681153  28.680804    34.5439    34.5420    296.798    289.126    -0.1366     4.6626     0.0832     0.0832     0.0225     0.0195       9277     6.4418      97.55     2.2767     1.9876         13 0.0000e+00
    169.136   77.38366 -176.23069    171.000    -0.0493    -0.0494  28.739034  28.737314    34.5559    34.5538    296.322    288.793    -0.1366     4.6621     0.0821     0.0821     0.0231     0.0195       9308     6.4634      97.55     2.2768     1.9882         14 0.0000e+00
    170.125   77.38366 -176.23068    172.000    -0.0320    -0.0305  28.758261  28.758369    34.5614    34.5598    296.443    288.821    -0.1330     4.6626     0.0838     0.0838     0.0225     0.0197       9340     6.4853      97.55     2.2783     1.9890         17 0.0000e+00
    171.114   77.38366 -176.23068    173.000     0.0136     0.0133  28.803726  28.801719    34.5696    34.5673    296.567    288.737    -0.1308     4.6621     0.0814     0.0814     0.0230     0.0197       9371     6.5066      99.46     2.2813     1.9904         16 0.0000e+00
    172.102   77.38368 -176.23068    174.000     0.0119     0.0124  28.803307  28.801931    34.5703    34.5680    297.070    288.983    -0.1351     4.6626     0.0815     0.0815     0.0226     0.0196       9401     6.5280     100.03     2.2840     1.9914         18 0.0000e+00
    173.091   77.38368 -176.23066    175.000     0.0131     0.0134  28.805264  28.803767    34.5709    34.5686    297.310    289.214    -0.1127     4.6626     0.0836     0.0836     0.0226     0.0205       9432     6.5493     100.00     2.2853     1.9924         17 0.0000e+00
    174.080   77.38368 -176.23066    176.000     0.0673     0.0695  28.862855  28.863362    34.5855    34.5836    296.924    289.396    -0.1223     4.6630     0.0842     0.0842     0.0222     0.0201       9463     6.5706     100.00     2.2858     1.9958         17 0.0000e+00
