Continuous CTD Data/01_SBE Stage/nabos_12_01.ros
* Sea-Bird SBE 9 Data File:
* FileName = D:\CTD\data\HLY2502\raw\NABOS_12_01.hex
* Software Version Seasave V 7.26.7.110
* Temperature SN = 6954
* Conductivity SN = 2561
* Number of Bytes Per Scan = 37
* Number of Voltage Words = 4
* Number of Scans Averaged by the Deck Unit = 1
* NMEA Latitude = 77 22.28 N
* NMEA Longitude = 176 15.46 W
* NMEA UTC (Time) = Sep 10 2025  20:08:53
* NMEA baud rate = 9600
** Ship: USCG HEALY
** Bot. Depth:  1389
** Cast Number:  01
** Station Name:  NABOS
** Station Number:  12
** Operator:  STARC
** Ra cast to 250
# nquan = 25
# nvalues = 1176                                  
# units = specified
# name 0 = depSM: Depth [salt water, m]
# name 1 = latitude: Latitude [deg]
# name 2 = longitude: Longitude [deg]
# name 3 = prDM: Pressure, Digiquartz [db]
# name 4 = t090C: Temperature [ITS-90, deg C]
# name 5 = t190C: Temperature, 2 [ITS-90, deg C]
# name 6 = c0mS/cm: Conductivity [mS/cm]
# name 7 = c1mS/cm: Conductivity, 2 [mS/cm]
# name 8 = sal00: Salinity, Practical [PSU]
# name 9 = sal11: Salinity, Practical, 2 [PSU]
# name 10 = sbox0Mm/Kg: Oxygen, SBE 43 [umol/kg]
# name 11 = sbox1Mm/Kg: Oxygen, SBE 43, 2 [umol/kg]
# name 12 = flECO-AFL: Fluorescence, WET Labs ECO-AFL/FL [mg/m^3]
# name 13 = v2: Voltage 2
# name 14 = wetCDOM: Fluorescence, WET Labs CDOM [mg/m^3]
# name 15 = v6: Voltage 6
# name 16 = CStarAt0: Beam Attenuation, WET Labs C-Star [1/m]
# name 17 = v3: Voltage 3
# name 18 = scan: Scan Count
# name 19 = timeM: Time, Elapsed [minutes]
# name 20 = altM: Altimeter [m]
# name 21 = sbeox0V: Oxygen raw, SBE 43 [V]
# name 22 = sbeox1V: Oxygen raw, SBE 43, 2 [V]
# name 23 = nbf: Bottles Fired
# name 24 = flag:  0.000e+00
# interval = seconds: 0.0416667
# start_time = Sep 10 2025 20:08:53 [NMEA time, header]
# bad_flag = -9.990e-29
*END*
[from data line 464]
    100.483   77.37284 -176.25422    101.573    -1.1841    -1.1834  27.470327  27.470000    34.1754    34.1741    298.510    290.706    -0.1366     4.6532     0.0928     0.0928     0.0306     0.0195      21162    14.6951     100.00     2.2412     1.9578         10  0.000e+00
    100.483   77.37284 -176.25422    101.573    -1.1843    -1.1830  27.470690  27.470000    34.1760    34.1736    298.510    290.457    -0.1366     4.6532     0.0928     0.0928     0.0306     0.0195      21163    14.6958     100.00     2.2412     1.9566         10  0.000e+00
    100.532   77.37284 -176.25422    101.623    -1.1843    -1.1835  27.470448  27.470000    34.1757    34.1742    298.722    290.709    -0.1366     4.6532     0.0928     0.0928     0.0306     0.0195      21164    14.6965     100.00     2.2425     1.9578         10  0.000e+00
    100.541   77.37284 -176.25422    101.631    -1.1843    -1.1834  27.470509  27.469374    34.1758    34.1732    298.513    290.710    -0.1366     4.6532     0.0928     0.0928     0.0306     0.0195      21165    14.6972     100.00     2.2412     1.9578         10  0.000e+00
    100.483   77.37284 -176.25422    101.573    -1.1843    -1.1834  27.470750  27.469374    34.1761    34.1732    298.510    290.708    -0.1366     4.6545     0.0928     0.0928     0.0296     0.0195      21166    14.6979     100.00     2.2412     1.9578         10  0.000e+00
    100.467   77.37284 -176.25422    101.557    -1.1843    -1.1834  27.470690  27.469260    34.1761    34.1731    298.510    290.708    -0.1366     4.6545     0.0928     0.0928     0.0296     0.0195      21167    14.6986     100.00     2.2412     1.9578         10  0.000e+00
    100.541   77.37284 -176.25422    101.631    -1.1841    -1.1835  27.470811  27.469545    34.1760    34.1735    298.511    290.711    -0.1366     4.6545     0.0928     0.0928     0.0296     0.0195      21168    14.6993     100.00     2.2412     1.9578         10  0.000e+00
    100.483   77.37284 -176.25422    101.573    -1.1841    -1.1835  27.470629  27.469545    34.1758    34.1736    298.718    290.462    -0.1366     4.6545     0.0928     0.0928     0.0296     0.0195      21169    14.7000     100.00     2.2425     1.9566         10  0.000e+00
    100.532   77.37284 -176.25422    101.623    -1.1841    -1.1837  27.470932  27.469488    34.1762    34.1737    298.511    290.712    -0.1366     4.6545     0.0928     0.0928     0.0296     0.0195      21170    14.7007     100.00     2.2412     1.9578         10  0.000e+00
    100.483   77.37284 -176.25422    101.573    -1.1839    -1.1838  27.471113  27.469488    34.1762    34.1738    298.715    290.710    -0.1366     4.6545     0.0928     0.0928     0.0296     0.0195      21171    14.7014     100.00     2.2425     1.9578         10  0.000e+00
    100.483   77.37284 -176.25422    101.573    -1.1841    -1.1837  27.471113  27.469488    34.1764    34.1737    298.717    290.710    -0.1061     4.6545     0.0928     0.0928     0.0296     0.0208      21172    14.7021     100.00     2.2425     1.9578         10  0.000e+00
    100.532   77.37284 -176.25422    101.623    -1.1843    -1.1834  27.471113  27.469488    34.1766    34.1733    298.511    290.216    -0.1061     4.6545     0.0928     0.0928     0.0296     0.0208      21173    14.7028     100.00     2.2412     1.9554         10  0.000e+00
    100.483   77.37284 -176.25422    101.573    -1.1843    -1.1837  27.471295  27.469033    34.1769    34.1731    298.717    289.971    -0.1366     4.6545     0.0928     0.0928     0.0296     0.0195      21174    14.7035     100.00     2.2425     1.9542         10  0.000e+00
    100.483   77.37284 -176.25422    101.573    -1.1843    -1.1835  27.470992  27.469317    34.1765    34.1733    298.509    289.969    -0.1366     4.6545     0.0928     0.0928     0.0296     0.0195      21175    14.7042     100.00     2.2412     1.9542         10  0.000e+00
    100.532   77.37284 -176.25422    101.623    -1.1844    -1.1834  27.471416  27.469260    34.1771    34.1730    298.511    290.217    -0.1366     4.6545     0.0928     0.0928     0.0296     0.0195      21176    14.7049     100.00     2.2412     1.9554         10  0.000e+00
    100.483   77.37284 -176.25422    101.573    -1.1841    -1.1834  27.471295  27.468805    34.1767    34.1724    298.507    290.216    -0.1061     4.6545     0.0928     0.0928     0.0296     0.0208      21177    14.7056     100.00     2.2412     1.9554         10  0.000e+00
    100.483   77.37284 -176.25422    101.573    -1.1841    -1.1838  27.471113  27.469033    34.1764    34.1732    298.717    290.218    -0.1366     4.6545     0.0928     0.0928     0.0296     0.0195      21178    14.7063     100.00     2.2425     1.9554         10  0.000e+00
    100.532   77.37284 -176.25422    101.623    -1.1844    -1.1837  27.470932  27.468805    34.1765    34.1727    298.721    290.467    -0.1366     4.6545     0.0928     0.0928     0.0296     0.0195      21179    14.7069     100.00     2.2425     1.9566         10  0.000e+00
    100.483   77.37284 -176.25422    101.573    -1.1843    -1.1838  27.470871  27.468862    34.1763    34.1730    298.510    290.712    -0.1061     4.6545     0.0928     0.0928     0.0296     0.0208      21180    14.7076     100.00     2.2412     1.9578         10  0.000e+00
    100.541   77.37284 -176.25422    101.631    -1.1841    -1.1837  27.470871  27.469090    34.1761    34.1731    298.720    290.713    -0.1366     4.6545     0.0928     0.0928     0.0296     0.0195      21181    14.7083     100.00     2.2425     1.9578         10  0.000e+00
    100.467   77.37284 -176.25422    101.557    -1.1841    -1.1840  27.470871  27.469374    34.1761    34.1739    298.717    290.711    -0.1061     4.6545     0.0928     0.0928     0.0296     0.0208      21182    14.7090     100.00     2.2425     1.9578         10  0.000e+00
    100.541   77.37284 -176.25422    101.631    -1.1844    -1.1838  27.470872  27.469260    34.1764    34.1735    298.722    290.713    -0.1366     4.6545     0.0928     0.0928     0.0296     0.0195      21183    14.7097     100.00     2.2425     1.9578         10  0.000e+00
    100.483   77.37284 -176.25422    101.573    -1.1839    -1.1837  27.470871  27.469374    34.1759    34.1735    298.508    290.463    -0.1366     4.6545     0.0928     0.0928     0.0296     0.0195      21184    14.7104     100.00     2.2412     1.9566         10  0.000e+00
    100.467   77.37284 -176.25422    101.557    -1.1844    -1.1837  27.470871  27.469658    34.1764    34.1739    298.718    289.968    -0.1366     4.6545     0.0928     0.0928     0.0296     0.0195      21185    14.7111     100.00     2.2425     1.9542         10  0.000e+00
    100.483   77.37284 -176.25422    101.573    -1.1843    -1.1837  27.471234  27.469545    34.1768    34.1738    298.717    289.969    -0.1366     4.6532     0.0928     0.0928     0.0306     0.0195      21186    14.7118     100.00     2.2425     1.9542         10  0.000e+00
    100.541   77.37284 -176.25422    101.631    -1.1843    -1.1838  27.471174  27.469488    34.1767    34.1738    298.720    289.972    -0.1366     4.6532     0.0928     0.0928     0.0306     0.0195      21187    14.7125     100.00     2.2425     1.9542         10  0.000e+00
    100.483   77.37284 -176.25418    101.573    -1.1845    -1.1841  27.470267  27.469203    34.1758    34.1738    299.140    289.973    -0.1366     4.6520     0.0916     0.0916     0.0317     0.0195      21319    14.8042     100.00     2.2449     1.9542         11  0.000e+00
    100.541   77.37284 -176.25418    101.631    -1.1847    -1.1841  27.469723  27.469204    34.1752    34.1738    299.145    289.975    -0.1366     4.6520     0.0916     0.0916     0.0317     0.0195      21320    14.8049     100.00     2.2449     1.9542         11  0.000e+00
    100.467   77.37284 -176.25418    101.557    -1.1844    -1.1841  27.469904  27.468976    34.1752    34.1735    299.139    290.220    -0.1061     4.6520     0.0916     0.0916     0.0317     0.0208      21321    14.8056     100.00     2.2449     1.9554         11  0.000e+00
    100.541   77.37284 -176.25418    101.631    -1.1844    -1.1841  27.469904  27.469090    34.1751    34.1736    299.142    290.469    -0.1366     4.6520     0.0916     0.0916     0.0317     0.0195      21322    14.8063     100.00     2.2449     1.9566         11  0.000e+00
    100.483   77.37284 -176.25418    101.573    -1.1845    -1.1840  27.470025  27.469203    34.1755    34.1736    299.140    290.466    -0.1366     4.6520     0.0916     0.0916     0.0317     0.0195      21323    14.8069     100.00     2.2449     1.9566         11  0.000e+00
    100.532   77.37284 -176.25418    101.623    -1.1844    -1.1840  27.470085  27.468976    34.1753    34.1733    299.141    290.469    -0.1366     4.6520     0.0916     0.0916     0.0317     0.0195      21324    14.8076     100.00     2.2449     1.9566         11  0.000e+00
    100.483   77.37284 -176.25418    101.573    -1.1844    -1.1841  27.470085  27.468919    34.1754    34.1734    298.931    290.468    -0.1366     4.6520     0.0916     0.0916     0.0317     0.0195      21325    14.8083     100.00     2.2437     1.9566         11  0.000e+00
    100.541   77.37284 -176.25418    101.631    -1.1845    -1.1841  27.470267  27.469090    34.1757    34.1736    299.142    290.716    -0.1366     4.6520     0.0916     0.0916     0.0317     0.0195      21326    14.8090     100.00     2.2449     1.9578         11  0.000e+00
    100.467   77.37284 -176.25418    101.557    -1.1844    -1.1843  27.470327  27.468805    34.1757    34.1735    298.929    290.715    -0.1366     4.6520     0.0916     0.0916     0.0317     0.0195      21327    14.8097     100.00     2.2437     1.9578         11  0.000e+00
    100.483   77.37284 -176.25418    101.573    -1.1845    -1.1841  27.470509  27.468862    34.1761    34.1733    298.930    290.715    -0.1366     4.6532     0.0916     0.0916     0.0306     0.0195      21328    14.8104     100.00     2.2437     1.9578         11  0.000e+00
    100.483   77.37284 -176.25418    101.573    -1.1845    -1.1840  27.470569  27.469090    34.1762    34.1735    299.139    290.713    -0.1366     4.6532     0.0916     0.0916     0.0306     0.0195      21329    14.8111     100.00     2.2449     1.9578         11  0.000e+00
    100.532   77.37284 -176.25418    101.623    -1.1844    -1.1840  27.470751  27.468578    34.1763    34.1728    298.931    290.717    -0.1366     4.6532     0.0916     0.0916     0.0306     0.0195      21330    14.8118     100.00     2.2437     1.9578         11  0.000e+00
    100.541   77.37284 -176.25418    101.631    -1.1844    -1.1841  27.470630  27.468749    34.1761    34.1731    299.140    290.717    -0.1366     4.6532     0.0916     0.0916     0.0306     0.0195      21331    14.8125     100.00     2.2449     1.9578         11  0.000e+00
    100.541   77.37284 -176.25418    101.631    -1.1847    -1.1841  27.470630  27.468919    34.1764    34.1734    298.933    290.470    -0.1366     4.6545     0.0916     0.0916     0.0296     0.0195      21332    14.8132     100.00     2.2437     1.9566         11  0.000e+00
    100.467   77.37284 -176.25418    101.557    -1.1845    -1.1840  27.470388  27.468748    34.1760    34.1730    299.139    290.220    -0.1366     4.6532     0.0916     0.0916     0.0306     0.0195      21333    14.8139     100.00     2.2449     1.9554         11  0.000e+00
    100.541   77.37284 -176.25418    101.631    -1.1845    -1.1840  27.470327  27.468862    34.1758    34.1731    299.142    290.469    -0.1366     4.6532     0.0916     0.0916     0.0306     0.0195      21334    14.8146     100.00     2.2449     1.9566         11  0.000e+00
    100.483   77.37284 -176.25418    101.573    -1.1847    -1.1838  27.470509  27.468521    34.1763    34.1725    299.140    290.220    -0.1366     4.6532     0.0916     0.0916     0.0306     0.0195      21335    14.8153     100.00     2.2449     1.9554         11  0.000e+00
    100.467   77.37284 -176.25418    101.557    -1.1845    -1.1840  27.470569  27.468407    34.1762    34.1726    299.138    290.468    -0.1366     4.6532     0.0916     0.0916     0.0306     0.0195      21336    14.8160     100.00     2.2449     1.9566         11  0.000e+00
    100.541   77.37284 -176.25418    101.631    -1.1847    -1.1840  27.470630  27.468237    34.1764    34.1723    298.933    290.471    -0.1366     4.6532     0.0916     0.0916     0.0306     0.0195      21337    14.8167     100.00     2.2437     1.9566         11  0.000e+00
    100.483   77.37284 -176.25418    101.573    -1.1845    -1.1840  27.470811  27.468692    34.1765    34.1729    299.138    290.468    -0.1366     4.6532     0.0916     0.0916     0.0306     0.0195      21338    14.8174     100.00     2.2449     1.9566         11  0.000e+00
    100.532   77.37284 -176.25418    101.623    -1.1847    -1.1838  27.470630  27.468749    34.1764    34.1728    298.933    290.715    -0.1366     4.6532     0.0916     0.0916     0.0306     0.0195      21339    14.8181     100.00     2.2437     1.9578         11  0.000e+00
    100.483   77.37284 -176.25418    101.573    -1.1847    -1.1838  27.470569  27.468692    34.1764    34.1727    299.348    290.960    -0.1366     4.6545     0.0916     0.0916     0.0296     0.0195      21340    14.8187     100.00     2.2461     1.9591         11  0.000e+00
    100.541   77.37284 -176.25418    101.631    -1.1845    -1.1838  27.470206  27.468862    34.1757    34.1729    299.142    291.209    -0.1061     4.6532     0.0916     0.0916     0.0306     0.0208      21341    14.8194     100.00     2.2449     1.9603         11  0.000e+00
    100.467   77.37284 -176.25418    101.557    -1.1845    -1.1840  27.470085  27.468919    34.1755    34.1733    298.931    291.700    -0.1061     4.6532     0.0916     0.0916     0.0306     0.0208      21342    14.8201     100.00     2.2437     1.9627         11  0.000e+00
    100.483   77.37286 -176.25418    101.573    -1.1847    -1.1838  27.470267  27.468919    34.1760    34.1731    299.141    291.947    -0.1061     4.6532     0.0916     0.0916     0.0306     0.0208      21343    14.8208     100.00     2.2449     1.9639         11  0.000e+00
    100.541   77.37286 -176.25418    101.631    -1.1845    -1.1837  27.470327  27.468749    34.1758    34.1726    298.933    291.949    -0.1366     4.6532     0.0916     0.0916     0.0306     0.0195      21344    14.8215     100.00     2.2437     1.9639         11  0.000e+00
    100.532   77.37286 -176.25418    101.623    -1.1844    -1.1837  27.470327  27.469033    34.1757    34.1730    299.141    291.948    -0.1366     4.6532     0.0916     0.0916     0.0306     0.0195      21345    14.8222     100.00     2.2449     1.9639         11  0.000e+00
    100.426   77.37286 -176.25418    101.515    -1.1849    -1.1838  27.470508  27.469033    34.1765    34.1732    298.930    291.944    -0.1366     4.6532     0.0916     0.0916     0.0306     0.0195      21346    14.8229     100.00     2.2437     1.9639         11  0.000e+00
    100.541   77.37286 -176.25418    101.631    -1.1845    -1.1840  27.470206  27.469317    34.1757    34.1738    299.142    291.949    -0.1366     4.6532     0.0916     0.0916     0.0306     0.0195      21347    14.8236     100.00     2.2449     1.9639         11  0.000e+00
    100.467   77.37286 -176.25418    101.557    -1.1845    -1.1841  27.470267  27.469033    34.1758    34.1736    299.139    291.947    -0.1366     4.6532     0.0916     0.0916     0.0306     0.0195      21348    14.8243     100.00     2.2449     1.9639         11  0.000e+00
    100.541   77.37286 -176.25418    101.631    -1.1845    -1.1841  27.470146  27.468919    34.1756    34.1734    298.934    291.951    -0.1061     4.6532     0.0916     0.0916     0.0306     0.0208      21349    14.8250     100.00     2.2437     1.9639         11  0.000e+00
