Continuous CTD Data/01_SBE Stage/nabos_09_01.ros
* Sea-Bird SBE 9 Data File:
* FileName = D:\CTD\data\HLY2502\raw\NABOS_09_01.hex
* Software Version Seasave V 7.26.7.110
* Temperature SN = 6954
* Conductivity SN = 2561
* Number of Bytes Per Scan = 37
* Number of Voltage Words = 4
* Number of Scans Averaged by the Deck Unit = 1
* NMEA Latitude = 76 19.84 N
* NMEA Longitude = 178 34.73 E
* NMEA UTC (Time) = Sep 15 2025  03:07:08
* NMEA baud rate = 9600
** Ship: USCG HEALY
** Bot. Depth:  1161
** Cast Number:  01
** Station Name:  NABOS
** Station Number:  09
** Operator:  STARC
# nquan = 25
# nvalues = 1176                                  
# units = specified
# name 0 = depSM: Depth [salt water, m]
# name 1 = latitude: Latitude [deg]
# name 2 = longitude: Longitude [deg]
# name 3 = prDM: Pressure, Digiquartz [db]
# name 4 = t090C: Temperature [ITS-90, deg C]
# name 5 = t190C: Temperature, 2 [ITS-90, deg C]
# name 6 = c0mS/cm: Conductivity [mS/cm]
# name 7 = c1mS/cm: Conductivity, 2 [mS/cm]
# name 8 = sal00: Salinity, Practical [PSU]
# name 9 = sal11: Salinity, Practical, 2 [PSU]
# name 10 = sbox0Mm/Kg: Oxygen, SBE 43 [umol/kg]
# name 11 = sbox1Mm/Kg: Oxygen, SBE 43, 2 [umol/kg]
# name 12 = flECO-AFL: Fluorescence, WET Labs ECO-AFL/FL [mg/m^3]
# name 13 = v2: Voltage 2
# name 14 = wetCDOM: Fluorescence, WET Labs CDOM [mg/m^3]
# name 15 = v6: Voltage 6
# name 16 = CStarAt0: Beam Attenuation, WET Labs C-Star [1/m]
# name 17 = v3: Voltage 3
# name 18 = scan: Scan Count
# name 19 = timeM: Time, Elapsed [minutes]
# name 20 = altM: Altimeter [m]
# name 21 = sbeox0V: Oxygen raw, SBE 43 [V]
# name 22 = sbeox1V: Oxygen raw, SBE 43, 2 [V]
# name 23 = nbf: Bottles Fired
# name 24 = flag:  0.000e+00
# interval = seconds: 0.0416667
# start_time = Sep 15 2025 03:07:08 [NMEA time, header]
# bad_flag = -9.990e-29
*END*
[from data line 928]
     20.038   76.33232  178.58012     20.250    -1.3206    -1.3173  23.931787  23.938699    29.5485    29.5546    383.182    370.908     0.3213     4.6142     0.1172     0.1172     0.0644     0.0379      38063    26.4319     100.00     2.6713     2.3011         19  0.000e+00
     20.038   76.33232  178.58012     20.250    -1.3160    -1.3170  23.940017  23.939944    29.5551    29.5560    382.893    371.154     0.2908     4.6129     0.1172     0.1172     0.0654     0.0366      38064    26.4326     100.00     2.6700     2.3024         19  0.000e+00
     19.972   76.33232  178.58012     20.184    -1.3132    -1.3153  23.946750  23.940269    29.5615    29.5548    383.052    371.135     0.3213     4.6142     0.1172     0.1172     0.0644     0.0379      38065    26.4333     100.00     2.6713     2.3024         19  0.000e+00
     20.035   76.33234  178.58018     20.248    -1.3252    -1.3121  23.929256  23.949743    29.5496    29.5644    382.157    372.089     0.2908     4.6129     0.1172     0.1172     0.0654     0.0366      38456    26.7049     100.00     2.6652     2.3072         20  0.000e+00
     19.986   76.33234  178.58018     20.198    -1.3203    -1.3121  23.927874  23.950934    29.5429    29.5660    382.332    372.082     0.3213     4.6129     0.1160     0.1160     0.0654     0.0379      38457    26.7056     100.00     2.6664     2.3072         20  0.000e+00
     20.035   76.33234  178.58018     20.248    -1.3207    -1.3121  23.926148  23.951584    29.5410    29.5669    382.345    372.336     0.3213     4.6129     0.1160     0.1160     0.0654     0.0379      38458    26.7063     100.00     2.6664     2.3085         20  0.000e+00
     20.035   76.33234  178.58018     20.248    -1.3314    -1.3127  23.923732  23.952233    29.5483    29.5684    382.233    372.339     0.2908     4.6129     0.1172     0.1172     0.0654     0.0366      38459    26.7069     100.00     2.6652     2.3085         20  0.000e+00
     19.986   76.33234  178.58018     20.198    -1.3456    -1.3128  23.921144  23.952721    29.5588    29.5692    382.364    372.335     0.3213     4.6129     0.1172     0.1172     0.0654     0.0379      38460    26.7076     100.00     2.6652     2.3085         20  0.000e+00
     19.970   76.33234  178.58018     20.181    -1.3566    -1.3132  23.917980  23.953045    29.5655    29.5700    382.472    372.336     0.3213     4.6129     0.1172     0.1172     0.0654     0.0379      38461    26.7083     100.00     2.6652     2.3085         20  0.000e+00
     20.035   76.33234  178.58018     20.248    -1.3632    -1.3133  23.915565  23.953641    29.5688    29.5709    382.758    372.338     0.3213     4.6129     0.1172     0.1172     0.0654     0.0379      38462    26.7090     100.00     2.6664     2.3085         20  0.000e+00
     20.035   76.33234  178.58018     20.248    -1.3663    -1.3133  23.912746  23.953858    29.5680    29.5712    382.581    372.337     0.3213     4.6129     0.1172     0.1172     0.0654     0.0379      38463    26.7097     100.00     2.6652     2.3085         20  0.000e+00
     20.052   76.33234  178.58018     20.264    -1.3677    -1.3133  23.910502  23.953479    29.5663    29.5706    382.818    372.085     0.3213     4.6117     0.1160     0.1160     0.0665     0.0379      38464    26.7104     100.00     2.6664     2.3072         20  0.000e+00
     19.970   76.33234  178.58018     20.181    -1.3684    -1.3136  23.908431  23.953208    29.5643    29.5706    382.614    372.085     0.3213     4.6142     0.1160     0.1160     0.0644     0.0379      38465    26.7111     100.00     2.6652     2.3072         20  0.000e+00
     20.035   76.33234  178.58018     20.248    -1.3695    -1.3136  23.907223  23.953316    29.5637    29.5707    382.847    372.088     0.3213     4.6166     0.1172     0.1172     0.0622     0.0379      38466    26.7118     100.00     2.6664     2.3072         20  0.000e+00
     20.052   76.33234  178.58018     20.264    -1.3697    -1.3133  23.906418  23.953533    29.5627    29.5707    382.852    371.831     0.3213     4.6166     0.1160     0.1160     0.0622     0.0379      38467    26.7125     100.00     2.6664     2.3060         20  0.000e+00
     19.970   76.33234  178.58018     20.181    -1.3700    -1.3135  23.904692  23.953587    29.5608    29.5710    382.643    372.082     0.3213     4.6166     0.1172     0.1172     0.0622     0.0379      38468    26.7132     100.00     2.6652     2.3072         20  0.000e+00
     20.035   76.33234  178.58018     20.248    -1.3701    -1.3133  23.903542  23.953749    29.5593    29.5710    382.652    371.830     0.3213     4.6166     0.1172     0.1172     0.0622     0.0379      38469    26.7139     100.00     2.6652     2.3060         20  0.000e+00
     20.035   76.33234  178.58018     20.248    -1.3703    -1.3135  23.903542  23.953858    29.5595    29.5713    382.438    371.831     0.2908     4.6166     0.1172     0.1172     0.0622     0.0366      38470    26.7146     100.00     2.6639     2.3060         20  0.000e+00
     19.986   76.33234  178.58018     20.198    -1.3706    -1.3132  23.904060  23.953479    29.5605    29.5706    382.437    371.827     0.3213     4.6166     0.1172     0.1172     0.0622     0.0379      38471    26.7153     100.00     2.6639     2.3060         20  0.000e+00
     20.035   76.33234  178.58018     20.248    -1.3703    -1.3130  23.904462  23.953695    29.5607    29.5706    382.650    371.827     0.3518     4.6166     0.1172     0.1172     0.0622     0.0391      38472    26.7160     100.00     2.6652     2.3060         20  0.000e+00
     19.970   76.33234  178.58018     20.181    -1.3697    -1.3124  23.904750  23.954020    29.5605    29.5705    382.855    371.309     0.3213     4.6166     0.1172     0.1172     0.0622     0.0379      38473    26.7167     100.00     2.6664     2.3036         20  0.000e+00
     20.035   76.33234  178.58018     20.248    -1.3692    -1.3121  23.904865  23.954616    29.5602    29.5710    382.854    371.308     0.3213     4.6166     0.1160     0.1160     0.0622     0.0379      38474    26.7174     100.00     2.6664     2.3036         20  0.000e+00
     20.052   76.33234  178.58018     20.264    -1.3694    -1.3109  23.904635  23.956023    29.5600    29.5716    382.427    371.292     0.3518     4.6166     0.1160     0.1160     0.0622     0.0391      38475    26.7181     100.00     2.6639     2.3036         20  0.000e+00
     19.969   76.33234  178.58018     20.181    -1.3697    -1.3100  23.904577  23.957485    29.5603    29.5728    382.640    371.275     0.3213     4.6166     0.1172     0.1172     0.0622     0.0379      38476    26.7188     100.00     2.6652     2.3036         20  0.000e+00
     20.035   76.33234  178.58018     20.248    -1.3707    -1.3091  23.904462  23.958785    29.5612    29.5736    382.654    371.520     0.2908     4.6166     0.1160     0.1160     0.0622     0.0366      38477    26.7194     100.00     2.6652     2.3048         20  0.000e+00
     20.052   76.33234  178.58018     20.264    -1.3714    -1.3088  23.904520  23.959434    29.5618    29.5742    382.660    371.769     0.3213     4.6166     0.1172     0.1172     0.0622     0.0379      38478    26.7201     100.00     2.6652     2.3060         20  0.000e+00
     19.969   76.33234  178.58018     20.181    -1.3725    -1.3085  23.904980  23.959705    29.5636    29.5743    382.448    372.015     0.3518     4.6166     0.1160     0.1160     0.0622     0.0391      38479    26.7208     100.00     2.6639     2.3072         20  0.000e+00
     20.035   76.33234  178.58018     20.248    -1.3731    -1.3083  23.905383  23.959922    29.5647    29.5744    382.885    372.016     0.3213     4.6166     0.1160     0.1160     0.0622     0.0379      38480    26.7215     100.00     2.6664     2.3072         20  0.000e+00
     20.035   76.33234  178.58018     20.248    -1.3734    -1.3085  23.905670  23.960409    29.5654    29.5752    382.456    372.270     0.3213     4.6166     0.1172     0.1172     0.0622     0.0379      38481    26.7222     100.00     2.6639     2.3085         20  0.000e+00
     19.986   76.33234  178.58018     20.198    -1.3731    -1.3085  23.906533  23.960842    29.5663    29.5758    382.448    372.266     0.3213     4.6166     0.1172     0.1172     0.0622     0.0379      38482    26.7229     100.00     2.6639     2.3085         20  0.000e+00
     20.035   76.33234  178.58018     20.248    -1.3725    -1.3088  23.907281  23.961276    29.5667    29.5767    382.657    372.269     0.3213     4.6166     0.1160     0.1160     0.0622     0.0379      38483    26.7236     100.00     2.6652     2.3085         20  0.000e+00
     20.035   76.33234  178.58018     20.248    -1.3712    -1.3086  23.908662  23.961763    29.5673    29.5772    382.641    372.266     0.2908     4.6166     0.1160     0.1160     0.0622     0.0366      38484    26.7243     100.00     2.6652     2.3085         20  0.000e+00
     19.969   76.33234  178.58018     20.181    -1.3701    -1.3083  23.910215  23.962142    29.5684    29.5774    382.621    372.004     0.3213     4.6154     0.1148     0.1148     0.0633     0.0379      38485    26.7250     100.00     2.6652     2.3072         20  0.000e+00
     20.051   76.33234  178.58018     20.264    -1.3691    -1.3079  23.911595  23.962683    29.5692    29.5777    382.396    372.003     0.3213     4.6142     0.1160     0.1160     0.0644     0.0379      38486    26.7257     100.00     2.6639     2.3072         20  0.000e+00
     19.969   76.33234  178.58018     20.181    -1.3678    -1.3077  23.913379  23.963550    29.5704    29.5787    382.803    371.994     0.3213     4.6142     0.1148     0.1148     0.0644     0.0379      38487    26.7264     100.00     2.6664     2.3072         20  0.000e+00
     20.035   76.33234  178.58018     20.248    -1.3666    -1.3085  23.914587  23.963983    29.5708    29.5801    382.361    372.256     0.2908     4.6129     0.1148     0.1148     0.0654     0.0366      38488    26.7271     100.00     2.6639     2.3085         20  0.000e+00
     20.051   76.33234  178.58018     20.264    -1.3660    -1.3089  23.915507  23.964200    29.5714    29.5808    382.568    372.259     0.3213     4.6142     0.1148     0.1148     0.0644     0.0379      38489    26.7278     100.00     2.6652     2.3085         20  0.000e+00
     19.969   76.33234  178.58018     20.181    -1.3653    -1.3086  23.916428  23.963983    29.5720    29.5802    382.553    372.253     0.3213     4.6129     0.1148     0.1148     0.0654     0.0379      38490    26.7285     100.00     2.6652     2.3085         20  0.000e+00
     20.035   76.33234  178.58018     20.248    -1.3631    -1.3089  23.918269  23.963442    29.5723    29.5797    382.100    372.007     0.2908     4.6142     0.1148     0.1148     0.0644     0.0366      38491    26.7292     100.00     2.6627     2.3072         20  0.000e+00
     20.035   76.33234  178.58018     20.248    -1.3583    -1.3085  23.921490  23.962954    29.5719    29.5787    382.476    372.006     0.3213     4.6129     0.1148     0.1148     0.0654     0.0379      38492    26.7299     100.00     2.6652     2.3072         20  0.000e+00
     19.986   76.33234  178.58018     20.198    -1.3494    -1.3086  23.925805  23.962304    29.5689    29.5779    382.163    372.007     0.3518     4.6142     0.1148     0.1148     0.0644     0.0391      38493    26.7306     100.00     2.6639     2.3072         20  0.000e+00
     20.035   76.33234  178.58018     20.247    -1.3386    -1.3085  23.929947  23.961113    29.5639    29.5762    382.055    372.013     0.3213     4.6129     0.1148     0.1148     0.0654     0.0379      38494    26.7312     100.00     2.6639     2.3072         20  0.000e+00
     20.035   76.33234  178.58018     20.247    -1.3285    -1.3091  23.933917  23.960355    29.5592    29.5757    381.736    372.021     0.3213     4.6129     0.1148     0.1148     0.0654     0.0379      38495    26.7319     100.00     2.6627     2.3072         20  0.000e+00
     20.035   76.33234  178.58018     20.247    -1.3220    -1.3098  23.936967  23.958785    29.5569    29.5744    381.667    372.034     0.3213     4.6142     0.1160     0.1160     0.0644     0.0379      38496    26.7326     100.00     2.6627     2.3072         20  0.000e+00
     20.051   76.33234  178.58018     20.264    -1.3180    -1.3104  23.938290  23.957269    29.5547    29.5729    381.843    372.046     0.3213     4.6142     0.1148     0.1148     0.0644     0.0379      38497    26.7333     100.00     2.6639     2.3072         20  0.000e+00
     19.969   76.33234  178.58018     20.181    -1.3160    -1.3118  23.939441  23.955536    29.5543    29.5720    381.602    372.060     0.3213     4.6129     0.1148     0.1148     0.0654     0.0379      38498    26.7340     100.00     2.6627     2.3072         20  0.000e+00
     20.035   76.33234  178.58018     20.247    -1.3140    -1.3141  23.940592  23.953966    29.5539    29.5721    381.798    372.089     0.3213     4.6142     0.1148     0.1148     0.0644     0.0379      38499    26.7347     100.00     2.6639     2.3072         20  0.000e+00
     19.986   76.33234  178.58018     20.198    -1.3121    -1.3165  23.942203  23.952342    29.5542    29.5723    381.558    372.113     0.2908     4.6129     0.1160     0.1160     0.0654     0.0366      38500    26.7354     100.00     2.6627     2.3072         20  0.000e+00
     20.035   76.33234  178.58018     20.247    -1.3105    -1.3193  23.944505  23.951043    29.5557    29.5732    381.752    371.890     0.3213     4.6142     0.1148     0.1148     0.0644     0.0379      38501    26.7361     100.00     2.6639     2.3060         20  0.000e+00
     19.969   76.33234  178.58018     20.181    -1.3089    -1.3206  23.947383  23.949689    29.5580    29.5728    381.723    371.904     0.3213     4.6142     0.1148     0.1148     0.0644     0.0379      38502    26.7368     100.00     2.6639     2.3060         20  0.000e+00
     19.912   76.33234  178.58018     20.123    -1.3077    -1.3214  23.950318  23.948444    29.5608    29.5719    381.697    372.167     0.3213     4.6142     0.1148     0.1148     0.0644     0.0379      38503    26.7375     100.00     2.6639     2.3072         20  0.000e+00
     20.166   76.33234  178.58018     20.380    -1.3070    -1.3214  23.951873  23.947957    29.5622    29.5711    381.699    372.182     0.2908     4.6129     0.1148     0.1148     0.0654     0.0366      38504    26.7382     100.00     2.6639     2.3072         20  0.000e+00
     19.969   76.33234  178.58020     20.180    -1.3070    -1.3555  23.962177  23.918839    29.5762    29.5656    382.075    372.576     0.3518     4.6178     0.1148     0.1148     0.0612     0.0391      38633    26.8278     100.00     2.6664     2.3072         21  0.000e+00
     20.092   76.33234  178.58020     20.305    -1.3070    -1.3565  23.961602  23.918190    29.5754    29.5656    382.084    372.848     0.3518     4.6178     0.1148     0.1148     0.0612     0.0391      38634    26.8285     100.00     2.6664     2.3085         21  0.000e+00
     20.034   76.33234  178.58020     20.247    -1.3072    -1.3573  23.959529  23.917161    29.5728    29.5651    382.091    372.855     0.3518     4.6178     0.1148     0.1148     0.0612     0.0391      38635    26.8292     100.00     2.6664     2.3085         21  0.000e+00
     19.985   76.33234  178.58020     20.197    -1.3092    -1.3578  23.954866  23.916295    29.5685    29.5644    381.696    372.860     0.3518     4.6166     0.1148     0.1148     0.0622     0.0391      38636    26.8299     100.00     2.6639     2.3085         21  0.000e+00
     20.034   76.33234  178.58020     20.247    -1.3138    -1.3579  23.948305  23.915484    29.5641    29.5634    381.765    372.613     0.3518     4.6178     0.1148     0.1148     0.0612     0.0391      38637    26.8306     100.00     2.6639     2.3072         21  0.000e+00
