Continuous CTD Data/01_SBE Stage/nabos_04_01.ros
* Sea-Bird SBE 9 Data File:
* FileName = D:\CTD\data\HLY2502\raw\NABOS_04_01.hex
* Software Version Seasave V 7.26.7.110
* Temperature SN = 6954
* Conductivity SN = 2561
* Number of Bytes Per Scan = 37
* Number of Voltage Words = 4
* Number of Scans Averaged by the Deck Unit = 1
* NMEA Latitude = 74 49.90 N
* NMEA Longitude = 170 48.41 E
* NMEA UTC (Time) = Sep 13 2025  02:24:39
* NMEA baud rate = 9600
** Ship: USCG HEALY
** Bot. Depth:  66
** Cast Number:  01
** Station Name:  NABOS
** Station Number:  04
** Operator:  STARC
** 60m target depth, alimeter moved lower, yet untested
# nquan = 25
# nvalues = 1176                                  
# units = specified
# name 0 = depSM: Depth [salt water, m]
# name 1 = latitude: Latitude [deg]
# name 2 = longitude: Longitude [deg]
# name 3 = prDM: Pressure, Digiquartz [db]
# name 4 = t090C: Temperature [ITS-90, deg C]
# name 5 = t190C: Temperature, 2 [ITS-90, deg C]
# name 6 = c0mS/cm: Conductivity [mS/cm]
# name 7 = c1mS/cm: Conductivity, 2 [mS/cm]
# name 8 = sal00: Salinity, Practical [PSU]
# name 9 = sal11: Salinity, Practical, 2 [PSU]
# name 10 = sbox0Mm/Kg: Oxygen, SBE 43 [umol/kg]
# name 11 = sbox1Mm/Kg: Oxygen, SBE 43, 2 [umol/kg]
# name 12 = flECO-AFL: Fluorescence, WET Labs ECO-AFL/FL [mg/m^3]
# name 13 = v2: Voltage 2
# name 14 = wetCDOM: Fluorescence, WET Labs CDOM [mg/m^3]
# name 15 = v6: Voltage 6
# name 16 = CStarAt0: Beam Attenuation, WET Labs C-Star [1/m]
# name 17 = v3: Voltage 3
# name 18 = scan: Scan Count
# name 19 = timeM: Time, Elapsed [minutes]
# name 20 = altM: Altimeter [m]
# name 21 = sbeox0V: Oxygen raw, SBE 43 [V]
# name 22 = sbeox1V: Oxygen raw, SBE 43, 2 [V]
# name 23 = nbf: Bottles Fired
# name 24 = flag:  0.000e+00
# interval = seconds: 0.0416667
# start_time = Sep 13 2025 02:24:39 [NMEA time, header]
# bad_flag = -9.990e-29
*END*
[from data line 754]
     20.204   74.83240  170.80756     20.417    -1.1388    -1.1345  23.629411  23.620434    28.9629    28.9467    365.103    354.241     0.2297     4.6178     0.1136     0.1136     0.0612     0.0342      15837    10.9972      48.99     2.5703     2.2223         16  0.000e+00
     20.204   74.83240  170.80756     20.417    -1.1388    -1.1356  23.629067  23.621457    28.9624    28.9491    365.104    353.991     0.2297     4.6178     0.1136     0.1136     0.0612     0.0342      15838    10.9979      48.96     2.5703     2.2211         16  0.000e+00
     20.155   74.83240  170.80756     20.367    -1.1388    -1.1367  23.628609  23.621888    28.9619    28.9508    365.104    353.996     0.2297     4.6178     0.1136     0.1136     0.0612     0.0342      15839    10.9986      48.99     2.5703     2.2211         16  0.000e+00
     20.319   74.83240  170.80756     20.533    -1.1385    -1.1369  23.628093  23.620488    28.9608    28.9490    365.112    354.265     0.2297     4.6178     0.1136     0.1136     0.0612     0.0342      15840    10.9993      48.96     2.5703     2.2223         16  0.000e+00
     20.204   74.83240  170.80756     20.417    -1.1385    -1.1351  23.627864  23.618979    28.9605    28.9453    365.107    354.251     0.2297     4.6178     0.1136     0.1136     0.0612     0.0342      15841    11.0000      48.96     2.5703     2.2223         16  0.000e+00
     20.262   74.83240  170.80756     20.475    -1.1382    -1.1342  23.627692  23.619302    28.9600    28.9448    365.108    354.499     0.2297     4.6178     0.1136     0.1136     0.0612     0.0342      15842    11.0007      48.96     2.5703     2.2236         16  0.000e+00
     20.155   74.83240  170.80756     20.367    -1.1378    -1.1354  23.627348  23.620164    28.9592    28.9472    365.100    354.754     0.2297     4.6178     0.1136     0.1136     0.0612     0.0342      15843    11.0014      48.96     2.5703     2.2248         16  0.000e+00
     20.262   74.83240  170.80756     20.475    -1.1379    -1.1360  23.627176  23.620488    28.9590    28.9482    365.322    355.017     0.2297     4.6178     0.1123     0.1123     0.0612     0.0342      15844    11.0021      48.96     2.5716     2.2260         16  0.000e+00
     20.204   74.83240  170.80756     20.417    -1.1377    -1.1356  23.627062  23.621403    28.9587    28.9490    365.103    355.007     0.2297     4.6178     0.1136     0.1136     0.0612     0.0342      15845    11.0028      48.96     2.5703     2.2260         16  0.000e+00
     20.204   74.83240  170.80756     20.417    -1.1376    -1.1354  23.627119  23.622427    28.9586    28.9502    365.317    355.002     0.2297     4.6178     0.1136     0.1136     0.0612     0.0342      15846    11.0035      48.99     2.5716     2.2260         16  0.000e+00
     20.212   74.83240  170.80756     20.425    -1.1379    -1.1353  23.626890  23.623505    28.9586    28.9516    365.106    354.998     0.2297     4.6178     0.1136     0.1136     0.0612     0.0342      15847    11.0042      49.04     2.5703     2.2260         16  0.000e+00
     20.139   74.83240  170.80756     20.351    -1.1375    -1.1360  23.627062  23.624151    28.9585    28.9532    365.098    355.251     0.2297     4.6178     0.1123     0.1123     0.0612     0.0342      15848    11.0049      49.04     2.5703     2.2272         16  0.000e+00
     20.262   74.83240  170.80756     20.475    -1.1374    -1.1373  23.626432  23.624960    28.9575    28.9554    365.106    355.264     0.2297     4.6178     0.1136     0.1136     0.0612     0.0342      15849    11.0056      49.04     2.5703     2.2272         16  0.000e+00
     20.204   74.83240  170.80756     20.417    -1.1372    -1.1384  23.626088  23.625606    28.9569    28.9573    365.103    355.522     0.2297     4.6178     0.1123     0.1123     0.0612     0.0342      15850    11.0062      49.01     2.5703     2.2284         16  0.000e+00
     20.155   74.83240  170.80756     20.367    -1.1364    -1.1389  23.625457  23.625499    28.9552    28.9577    365.310    355.270     0.2297     4.6178     0.1136     0.1136     0.0612     0.0342      15851    11.0069      49.01     2.5716     2.2272         16  0.000e+00
     20.262   74.83240  170.80756     20.475    -1.1361    -1.1394  23.625515  23.625930    28.9550    28.9588    365.313    355.278     0.2297     4.6203     0.1136     0.1136     0.0591     0.0342      15852    11.0076      49.01     2.5716     2.2272         16  0.000e+00
     20.204   74.83240  170.80756     20.417    -1.1363    -1.1398  23.625859  23.626469    28.9557    28.9599    365.311    355.784     0.2297     4.6203     0.1136     0.1136     0.0591     0.0342      15853    11.0083      48.96     2.5716     2.2297         16  0.000e+00
     20.155   74.83240  170.80756     20.367    -1.1362    -1.1402  23.625629  23.626846    28.9553    28.9608    365.308    355.784     0.2297     4.6215     0.1136     0.1136     0.0580     0.0342      15854    11.0090      48.96     2.5716     2.2297         16  0.000e+00
     20.204   74.83240  170.80756     20.417    -1.1364    -1.1407  23.625744  23.626684    28.9557    28.9610    365.312    356.045     0.2297     4.6203     0.1123     0.1123     0.0591     0.0342      15855    11.0097      48.96     2.5716     2.2309         16  0.000e+00
     20.204   74.83240  170.80756     20.417    -1.1364    -1.1408  23.625400  23.626630    28.9551    28.9611    365.313    356.046     0.2297     4.6203     0.1136     0.1136     0.0591     0.0342      15856    11.0104      48.96     2.5716     2.2309         16  0.000e+00
     20.204   74.83240  170.80756     20.417    -1.1355    -1.1409  23.624770  23.626630    28.9535    28.9611    365.308    356.300     0.1992     4.6203     0.1123     0.1123     0.0591     0.0330      15857    11.0111      48.94     2.5716     2.2321         16  0.000e+00
     20.212   74.83240  170.80756     20.425    -1.1350    -1.1411  23.624598  23.626684    28.9527    28.9614    365.305    356.302     0.2297     4.6203     0.1136     0.1136     0.0591     0.0342      15858    11.0118      48.91     2.5716     2.2321         16  0.000e+00
     20.204   74.83240  170.80756     20.417    -1.1350    -1.1420  23.624426  23.627008    28.9525    28.9627    365.305    356.307     0.2297     4.6203     0.1136     0.1136     0.0591     0.0342      15859    11.0125      48.91     2.5716     2.2321         16  0.000e+00
     20.204   74.83240  170.80756     20.417    -1.1352    -1.1436  23.624369  23.626738    28.9526    28.9639    365.307    356.068     0.2297     4.6215     0.1136     0.1136     0.0580     0.0342      15860    11.0132      48.89     2.5716     2.2309         16  0.000e+00
     20.204   74.83240  170.80756     20.417    -1.1351    -1.1443  23.624197  23.626631    28.9523    28.9645    365.093    356.074     0.2297     4.6203     0.1136     0.1136     0.0591     0.0342      15861    11.0139      48.91     2.5703     2.2309         16  0.000e+00
     20.155   74.83240  170.80756     20.367    -1.1349    -1.1451  23.624484  23.626684    28.9525    28.9654    365.302    356.078     0.2297     4.6203     0.1136     0.1136     0.0591     0.0342      15862    11.0146      48.89     2.5716     2.2309         16  0.000e+00
     20.262   74.83240  170.80756     20.475    -1.1344    -1.1451  23.624025  23.626254    28.9513    28.9647    365.304    356.085     0.2297     4.6203     0.1136     0.1136     0.0591     0.0342      15863    11.0153      48.89     2.5716     2.2309         16  0.000e+00
     20.204   74.83240  170.80756     20.417    -1.1339    -1.1451  23.623567  23.626146    28.9503    28.9646    365.300    355.829     0.2297     4.6203     0.1136     0.1136     0.0591     0.0342      15864    11.0160      48.89     2.5716     2.2297         16  0.000e+00
     20.212   74.83240  170.80756     20.425    -1.1348    -1.1445  23.622708  23.625984    28.9500    28.9638    365.310    355.825     0.2297     4.6215     0.1123     0.1123     0.0580     0.0342      15865    11.0167      48.86     2.5716     2.2297         16  0.000e+00
     20.204   74.83240  170.80756     20.417    -1.1341    -1.1445  23.621791  23.625984    28.9481    28.9638    365.093    355.824     0.2297     4.6215     0.1136     0.1136     0.0580     0.0342      15866    11.0174      48.86     2.5703     2.2297         16  0.000e+00
     20.138   74.83240  170.80758     20.350    -1.1420    -1.1416  23.627921  23.626253    28.9640    28.9614    365.347    354.781     0.1992     4.6203     0.1136     0.1136     0.0591     0.0330      16010    11.1174      48.84     2.5716     2.2248         17  0.000e+00
     20.097   74.83240  170.80758     20.309    -1.1421    -1.1420  23.627864  23.626199    28.9640    28.9617    365.131    354.782     0.1992     4.6203     0.1136     0.1136     0.0591     0.0330      16011    11.1181      48.89     2.5704     2.2248         17  0.000e+00
     20.204   74.83240  170.80758     20.416    -1.1423    -1.1420  23.628093  23.626361    28.9645    28.9619    365.138    354.787     0.1992     4.6203     0.1136     0.1136     0.0591     0.0330      16012    11.1188      48.89     2.5704     2.2248         17  0.000e+00
     20.138   74.83240  170.80758     20.350    -1.1424    -1.1418  23.628437  23.626038    28.9651    28.9613    365.348    354.783     0.1992     4.6203     0.1136     0.1136     0.0591     0.0330      16013    11.1194      48.89     2.5716     2.2248         17  0.000e+00
     20.138   74.83240  170.80758     20.350    -1.1425    -1.1419  23.628666  23.625930    28.9655    28.9612    365.134    355.038     0.1992     4.6190     0.1136     0.1136     0.0601     0.0330      16014    11.1201      48.94     2.5704     2.2260         17  0.000e+00
     20.097   74.83240  170.80758     20.309    -1.1422    -1.1417  23.628781  23.626522    28.9653    28.9618    365.343    355.032     0.1992     4.6203     0.1136     0.1136     0.0591     0.0330      16015    11.1208      49.04     2.5716     2.2260         17  0.000e+00
     20.204   74.83240  170.80758     20.416    -1.1425    -1.1413  23.628838  23.627385    28.9657    28.9626    365.351    354.777     0.1992     4.6190     0.1136     0.1136     0.0601     0.0330      16016    11.1215      49.06     2.5716     2.2248         17  0.000e+00
     20.080   74.83240  170.80758     20.292    -1.1425    -1.1417  23.629067  23.627600    28.9661    28.9633    365.344    355.028     0.1992     4.6190     0.1136     0.1136     0.0601     0.0330      16017    11.1222      49.04     2.5716     2.2260         17  0.000e+00
     20.138   74.83240  170.80758     20.350    -1.1425    -1.1421  23.629239  23.627923    28.9663    28.9641    365.346    355.286     0.1992     4.6190     0.1136     0.1136     0.0601     0.0330      16018    11.1229      49.06     2.5716     2.2272         17  0.000e+00
     20.212   74.83240  170.80758     20.425    -1.1426    -1.1425  23.629182  23.628624    28.9663    28.9654    365.351    355.544     0.1992     4.6203     0.1136     0.1136     0.0591     0.0330      16019    11.1236      49.06     2.5716     2.2284         17  0.000e+00
     20.138   74.83240  170.80758     20.350    -1.1431    -1.1433  23.629067  23.628409    28.9666    28.9659    365.352    355.548     0.2297     4.6203     0.1136     0.1136     0.0591     0.0342      16020    11.1243      49.04     2.5716     2.2284         17  0.000e+00
     20.138   74.83240  170.80758     20.350    -1.1435    -1.1436  23.629067  23.628462    28.9670    28.9662    365.355    355.296     0.2297     4.6203     0.1136     0.1136     0.0591     0.0342      16021    11.1250      48.99     2.5716     2.2272         17  0.000e+00
     20.212   74.83240  170.80758     20.425    -1.1430    -1.1449  23.628953  23.628840    28.9663    28.9680    365.355    355.564     0.2297     4.6190     0.1136     0.1136     0.0601     0.0342      16022    11.1257      48.96     2.5716     2.2284         17  0.000e+00
     20.080   74.83240  170.80758     20.292    -1.1431    -1.1452  23.628838  23.628840    28.9664    28.9684    365.350    355.306     0.2297     4.6190     0.1136     0.1136     0.0601     0.0342      16023    11.1264      48.99     2.5716     2.2272         17  0.000e+00
     20.203   74.83240  170.80758     20.416    -1.1431    -1.1437  23.628323  23.628193    28.9656    28.9660    365.358    355.302     0.2297     4.6203     0.1136     0.1136     0.0591     0.0342      16024    11.1271      48.99     2.5716     2.2272         17  0.000e+00
     20.203   74.83240  170.80758     20.416    -1.1418    -1.1422  23.627750  23.627331    28.9635    28.9634    365.134    355.293     0.2297     4.6190     0.1136     0.1136     0.0601     0.0342      16025    11.1278      48.99     2.5704     2.2272         17  0.000e+00
     20.154   74.83240  170.80758     20.367    -1.1408    -1.1417  23.627520  23.626900    28.9623    28.9623    365.339    355.795     0.2297     4.6203     0.1136     0.1136     0.0591     0.0342      16026    11.1285      48.96     2.5716     2.2297         17  0.000e+00
     20.138   74.83240  170.80758     20.350    -1.1404    -1.1411  23.627406  23.626900    28.9618    28.9618    365.335    356.044     0.2297     4.6190     0.1136     0.1136     0.0601     0.0342      16027    11.1292      48.94     2.5716     2.2309         17  0.000e+00
     20.203   74.83240  170.80758     20.416    -1.1405    -1.1415  23.627406  23.627439    28.9618    28.9628    365.125    356.048     0.2297     4.6190     0.1136     0.1136     0.0601     0.0342      16028    11.1299      48.94     2.5704     2.2309         17  0.000e+00
     20.203   74.83240  170.80758     20.416    -1.1409    -1.1416  23.627463  23.627924    28.9623    28.9636    365.129    355.793     0.2297     4.6190     0.1123     0.1123     0.0601     0.0342      16029    11.1306      48.91     2.5704     2.2297         17  0.000e+00
     20.212   74.83240  170.80758     20.425    -1.1410    -1.1421  23.627406  23.628031    28.9623    28.9642    365.130    355.543     0.2297     4.6190     0.1136     0.1136     0.0601     0.0342      16030    11.1312      48.94     2.5704     2.2284         17  0.000e+00
     20.203   74.83240  170.80758     20.416    -1.1405    -1.1416  23.627291  23.627546    28.9617    28.9631    365.340    355.287     0.2297     4.6190     0.1136     0.1136     0.0601     0.0342      16031    11.1319      48.94     2.5716     2.2272         17  0.000e+00
     20.203   74.83240  170.80758     20.416    -1.1404    -1.1409  23.627692  23.627546    28.9621    28.9624    365.123    355.282     0.2297     4.6190     0.1136     0.1136     0.0601     0.0342      16032    11.1326      48.91     2.5704     2.2272         17  0.000e+00
     20.277   74.83240  170.80758     20.491    -1.1406    -1.1404  23.627750  23.627223    28.9624    28.9614    365.343    355.028     0.2297     4.6190     0.1136     0.1136     0.0601     0.0342      16033    11.1333      48.91     2.5716     2.2260         17  0.000e+00
     20.203   74.83240  170.80758     20.416    -1.1413    -1.1405  23.628151  23.627277    28.9636    28.9617    365.129    354.771     0.2297     4.6178     0.1136     0.1136     0.0612     0.0342      16034    11.1340      48.89     2.5704     2.2248         17  0.000e+00
     20.261   74.83240  170.80758     20.474    -1.1416    -1.1409  23.628323  23.627385    28.9641    28.9621    365.348    354.777     0.2297     4.6178     0.1136     0.1136     0.0612     0.0342      16035    11.1347      48.91     2.5716     2.2248         17  0.000e+00
     20.203   74.83240  170.80758     20.416    -1.1422    -1.1406  23.628036  23.627546    28.9643    28.9621    365.351    354.771     0.2297     4.6178     0.1111     0.1111     0.0612     0.0342      16036    11.1354      48.91     2.5716     2.2248         17  0.000e+00
