Continuous CTD Data/01_SBE Stage/nabos_03_01.ros
* Sea-Bird SBE 9 Data File:
* FileName = D:\CTD\data\HLY2502\raw\NABOS_03_01.hex
* Software Version Seasave V 7.26.7.110
* Temperature SN = 6954
* Conductivity SN = 2561
* Number of Bytes Per Scan = 37
* Number of Voltage Words = 4
* Number of Scans Averaged by the Deck Unit = 1
* NMEA Latitude = 74 27.67 N
* NMEA Longitude = 169 54.00 E
* NMEA UTC (Time) = Sep 13 2025  06:21:18
* NMEA baud rate = 9600
** Ship: USCG HEALY
** Bot. Depth:  57
** Cast Number:  01
** Station Name:  NABOS
** Station Number:  03
** Operator:  STARC
** Kink in the wire during the deployment, BOSN and STARC assessed to be structurally competent and comms on deck are established, CO approved deployment. STARC will reterminate during the mooring evolution
# nquan = 25
# nvalues = 1176                                  
# units = specified
# name 0 = depSM: Depth [salt water, m]
# name 1 = latitude: Latitude [deg]
# name 2 = longitude: Longitude [deg]
# name 3 = prDM: Pressure, Digiquartz [db]
# name 4 = t090C: Temperature [ITS-90, deg C]
# name 5 = t190C: Temperature, 2 [ITS-90, deg C]
# name 6 = c0mS/cm: Conductivity [mS/cm]
# name 7 = c1mS/cm: Conductivity, 2 [mS/cm]
# name 8 = sal00: Salinity, Practical [PSU]
# name 9 = sal11: Salinity, Practical, 2 [PSU]
# name 10 = sbox0Mm/Kg: Oxygen, SBE 43 [umol/kg]
# name 11 = sbox1Mm/Kg: Oxygen, SBE 43, 2 [umol/kg]
# name 12 = flECO-AFL: Fluorescence, WET Labs ECO-AFL/FL [mg/m^3]
# name 13 = v2: Voltage 2
# name 14 = wetCDOM: Fluorescence, WET Labs CDOM [mg/m^3]
# name 15 = v6: Voltage 6
# name 16 = CStarAt0: Beam Attenuation, WET Labs C-Star [1/m]
# name 17 = v3: Voltage 3
# name 18 = scan: Scan Count
# name 19 = timeM: Time, Elapsed [minutes]
# name 20 = altM: Altimeter [m]
# name 21 = sbeox0V: Oxygen raw, SBE 43 [V]
# name 22 = sbeox1V: Oxygen raw, SBE 43, 2 [V]
# name 23 = nbf: Bottles Fired
# name 24 = flag:  0.000e+00
# interval = seconds: 0.0416667
# start_time = Sep 13 2025 06:21:18 [NMEA time, header]
# bad_flag = -9.990e-29
*END*
[from data line 174]
     45.331   74.46202  169.90276     45.811    -1.2692    -1.2694  26.428553  26.420154    32.8780    32.8668    171.095    167.416     0.3823     4.5934     0.1306     0.1306     0.0824     0.0403       9910     6.8812      11.55     1.4894     1.3429          4  0.000e+00
     45.217   74.46202  169.90276     45.695    -1.2701    -1.2705  26.417345  26.410510    32.8637    32.8549    171.117    167.434     0.4129     4.5934     0.1306     0.1306     0.0824     0.0415       9911     6.8819      11.55     1.4894     1.3429          4  0.000e+00
     45.299   74.46202  169.90276     45.778    -1.2712    -1.2711  26.405305  26.407035    32.8484    32.8507    171.145    167.445     0.3823     4.5934     0.1306     0.1306     0.0824     0.0403       9912     6.8826      11.58     1.4894     1.3429          4  0.000e+00
     45.217   74.46202  169.90276     45.695    -1.2721    -1.2713  26.392312  26.403783    32.8317    32.8465    171.170    167.449     0.4129     4.5934     0.1306     0.1306     0.0824     0.0415       9913     6.8833      11.60     1.4894     1.3429          4  0.000e+00
     45.274   74.46202  169.90276     45.753    -1.2732    -1.2717  26.382421  26.394478    32.8194    32.8342    170.984    167.221     0.3823     4.5934     0.1306     0.1306     0.0824     0.0403       9914     6.8840      11.58     1.4882     1.3417          4  0.000e+00
     45.217   74.46202  169.90276     45.695    -1.2739    -1.2725  26.377535  26.385398    32.8135    32.8227    170.995    167.239     0.4129     4.5934     0.1306     0.1306     0.0824     0.0415       9915     6.8847      11.58     1.4882     1.3417          4  0.000e+00
     45.217   74.46202  169.90276     45.695    -1.2741    -1.2730  26.374497  26.381419    32.8095    32.8177    171.001    166.999     0.4129     4.5910     0.1306     0.1306     0.0845     0.0415       9916     6.8854      11.58     1.4882     1.3405          4  0.000e+00
     45.241   74.46202  169.90276     45.720    -1.2742    -1.2734  26.373663  26.381755    32.8085    32.8187    171.213    167.001     0.4129     4.5873     0.1306     0.1306     0.0877     0.0415       9917     6.8861      11.60     1.4894     1.3405          4  0.000e+00
     45.217   74.46202  169.90276     45.695    -1.2741    -1.2733  26.374020  26.383212    32.8088    32.8205    171.002    166.997     0.3823     4.5861     0.1306     0.1306     0.0888     0.0403       9918     6.8868      11.65     1.4882     1.3405          4  0.000e+00
     45.217   74.46202  169.90276     45.695    -1.2738    -1.2733  26.376582  26.383605    32.8120    32.8211    170.786    166.996     0.4129     4.5873     0.1306     0.1306     0.0877     0.0415       9919     6.8875      11.65     1.4870     1.3405          4  0.000e+00
     45.151   74.46202  169.90276     45.629    -1.2739    -1.2731  26.378906  26.381475    32.8153    32.8180    170.781    166.998     0.4129     4.5861     0.1294     0.1294     0.0888     0.0415       9920     6.8882      11.67     1.4870     1.3405          4  0.000e+00
     45.241   74.46202  169.90276     45.720    -1.2735    -1.2734  26.383196  26.380578    32.8207    32.8170    170.773    167.251     0.3823     4.5861     0.1294     0.1294     0.0888     0.0403       9921     6.8889      11.65     1.4870     1.3417          4  0.000e+00
     45.151   74.46202  169.90276     45.629    -1.2730    -1.2730  26.389333  26.383380    32.8287    32.8205    170.968    167.242     0.4129     4.5873     0.1306     0.1306     0.0877     0.0415       9922     6.8896      11.67     1.4882     1.3417          4  0.000e+00
     45.151   74.46202  169.90276     45.629    -1.2722    -1.2727  26.396663  26.388368    32.8378    32.8270    170.742    167.232     0.4129     4.5861     0.1306     0.1306     0.0888     0.0415       9923     6.8903      11.65     1.4870     1.3417          4  0.000e+00
     45.217   74.46202  169.90276     45.695    -1.2721    -1.2724  26.401252  26.394310    32.8439    32.8347    170.734    167.222     0.4129     4.5873     0.1294     0.1294     0.0877     0.0415       9924     6.8910      11.75     1.4870     1.3417          4  0.000e+00
     45.118   74.46202  169.90276     45.596    -1.2724    -1.2716  26.405304  26.401765    32.8498    32.8441    170.726    167.204     0.3823     4.5873     0.1294     0.1294     0.0877     0.0403       9925     6.8917      11.75     1.4870     1.3417          4  0.000e+00
     45.151   74.46202  169.90276     45.629    -1.2710    -1.2710  26.422531  26.410006    32.8719    32.8547    170.690    167.187     0.3823     4.5861     0.1306     0.1306     0.0888     0.0403       9926     6.8924      11.75     1.4870     1.3417          4  0.000e+00
     45.151   74.46202  169.90276     45.629    -1.2687    -1.2707  26.447037  26.421275    32.9029    32.8698    170.426    167.166     0.3823     4.5873     0.1306     0.1306     0.0877     0.0403       9927     6.8931      11.75     1.4857     1.3417          4  0.000e+00
     45.093   74.46202  169.90276     45.571    -1.2667    -1.2700  26.459920  26.422397    32.9184    32.8707    170.394    167.160     0.3823     4.5861     0.1294     0.1294     0.0888     0.0403       9928     6.8937      11.75     1.4857     1.3417          4  0.000e+00
     45.151   74.46202  169.90276     45.629    -1.2667    -1.2702  26.455208  26.411800    32.9119    32.8563    170.614    167.181     0.3823     4.5861     0.1294     0.1294     0.0888     0.0403       9929     6.8944      11.75     1.4870     1.3417          4  0.000e+00
     45.118   74.46202  169.90276     45.596    -1.2673    -1.2705  26.440299  26.410398    32.8921    32.8548    170.642    167.184     0.4129     4.5873     0.1306     0.1306     0.0877     0.0415       9930     6.8951      11.79     1.4870     1.3417          4  0.000e+00
     45.093   74.46202  169.90276     45.571    -1.2686    -1.2696  26.428373  26.424471    32.8772    32.8731    170.668    166.907     0.3823     4.5873     0.1306     0.1306     0.0877     0.0403       9931     6.8958      11.79     1.4870     1.3405          4  0.000e+00
     45.274   74.46204  169.90274     45.753    -1.2770    -1.2733  26.342452  26.378169    32.7688    32.8136    170.863    167.504     0.3518     4.5910     0.1282     0.1282     0.0845     0.0391      10074     6.9951      11.60     1.4870     1.3429          5  0.000e+00
     45.241   74.46204  169.90274     45.720    -1.2772    -1.2739  26.343762  26.371893    32.7708    32.8057    171.070    167.269     0.3823     4.5910     0.1294     0.1294     0.0845     0.0403      10075     6.9958      11.60     1.4882     1.3417          5  0.000e+00
     45.274   74.46204  169.90274     45.753    -1.2771    -1.2745  26.343524  26.368475    32.7704    32.8016    171.071    167.278     0.3518     4.5910     0.1294     0.1294     0.0845     0.0391      10076     6.9965      11.58     1.4882     1.3417          5  0.000e+00
     45.274   74.46204  169.90274     45.753    -1.2773    -1.2749  26.339058  26.366850    32.7645    32.7999    171.290    167.034     0.3823     4.5910     0.1294     0.1294     0.0845     0.0403      10077     6.9972      11.60     1.4894     1.3405          5  0.000e+00
     45.216   74.46204  169.90274     45.695    -1.2773    -1.2751  26.334056  26.365785    32.7577    32.7987    171.088    167.035     0.3823     4.5885     0.1294     0.1294     0.0867     0.0403      10078     6.9979      11.60     1.4882     1.3405          5  0.000e+00
     45.299   74.46204  169.90274     45.778    -1.2778    -1.2752  26.329412  26.366065    32.7518    32.7992    171.310    166.789     0.3823     4.5873     0.1294     0.1294     0.0877     0.0403      10079     6.9986      11.60     1.4894     1.3393          5  0.000e+00
     45.216   74.46204  169.90274     45.695    -1.2781    -1.2754  26.330186  26.365281    32.7533    32.7983    171.098    166.789     0.3823     4.5861     0.1294     0.1294     0.0888     0.0403      10080     6.9993      11.60     1.4882     1.3393          5  0.000e+00
     45.274   74.46204  169.90274     45.753    -1.2782    -1.2754  26.337093  26.359454    32.7627    32.7903    171.087    166.553     0.3823     4.5861     0.1282     0.1282     0.0888     0.0403      10081     7.0000      11.60     1.4882     1.3380          5  0.000e+00
     45.216   74.46204  169.90274     45.695    -1.2773    -1.2764  26.347633  26.343489    32.7763    32.7697    171.273    166.584     0.3823     4.5861     0.1294     0.1294     0.0888     0.0403      10082     7.0007      11.60     1.4894     1.3380          5  0.000e+00
     45.274   74.46204  169.90274     45.753    -1.2769    -1.2772  26.358711  26.332343    32.7909    32.7552    171.042    166.608     0.3823     4.5861     0.1294     0.1294     0.0888     0.0403      10083     7.0014      11.62     1.4882     1.3380          5  0.000e+00
     45.184   74.46204  169.90274     45.662    -1.2756    -1.2775  26.370744  26.332735    32.8061    32.7561    171.013    166.606     0.3823     4.5861     0.1282     0.1282     0.0888     0.0403      10084     7.0021      11.62     1.4882     1.3380          5  0.000e+00
     45.274   74.46204  169.90274     45.753    -1.2745    -1.2773  26.381647  26.338672    32.8197    32.7640    170.991    166.846     0.3823     4.5873     0.1294     0.1294     0.0877     0.0403      10085     7.0028      11.58     1.4882     1.3393          5  0.000e+00
     45.151   74.46204  169.90274     45.629    -1.2738    -1.2766  26.387664  26.346457    32.8272    32.7740    170.974    167.074     0.3823     4.5861     0.1294     0.1294     0.0888     0.0403      10086     7.0035      11.62     1.4882     1.3405          5  0.000e+00
     45.216   74.46204  169.90274     45.695    -1.2737    -1.2763  26.386532  26.352283    32.8255    32.7816    171.187    167.064     0.3823     4.5861     0.1294     0.1294     0.0888     0.0403      10087     7.0042      11.62     1.4894     1.3405          5  0.000e+00
     45.241   74.46204  169.90274     45.720    -1.2742    -1.2760  26.379085  26.356597    32.8159    32.7871    170.994    167.304     0.3823     4.5861     0.1282     0.1282     0.0888     0.0403      10088     7.0049      11.62     1.4882     1.3417          5  0.000e+00
     45.216   74.46204  169.90274     45.695    -1.2745    -1.2757  26.372054  26.358782    32.8066    32.7897    171.217    167.299     0.3518     4.5861     0.1294     0.1294     0.0888     0.0391      10089     7.0056      11.62     1.4894     1.3417          5  0.000e+00
     45.151   74.46204  169.90274     45.629    -1.2753    -1.2757  26.363595  26.359510    32.7960    32.7908    171.234    167.296     0.4129     4.5873     0.1294     0.1294     0.0877     0.0415      10090     7.0062      11.62     1.4894     1.3417          5  0.000e+00
     45.274   74.46204  169.90274     45.753    -1.2759    -1.2754  26.357520  26.360014    32.7882    32.7911    171.251    167.297     0.4129     4.5861     0.1294     0.1294     0.0888     0.0415      10091     7.0069      11.65     1.4894     1.3417          5  0.000e+00
     45.184   74.46204  169.90274     45.662    -1.2759    -1.2755  26.362285  26.358277    32.7948    32.7889    171.240    167.547     0.4434     4.5861     0.1306     0.1306     0.0888     0.0427      10092     7.0076      11.70     1.4894     1.3429          5  0.000e+00
     45.216   74.46204  169.90274     45.695    -1.2754    -1.2755  26.370863  26.359734    32.8060    32.7909    171.223    167.793     0.4129     4.5873     0.1306     0.1306     0.0877     0.0415      10093     7.0083      11.72     1.4894     1.3442          5  0.000e+00
     45.216   74.46204  169.90274     45.695    -1.2750    -1.2751  26.374378  26.371164    32.8104    32.8060    171.005    167.771     0.4129     4.5861     0.1294     0.1294     0.0888     0.0415      10094     7.0090      11.72     1.4882     1.3442          5  0.000e+00
     45.151   74.46204  169.90274     45.629    -1.2747    -1.2746  26.379203  26.380018    32.8167    32.8177    171.203    167.751     0.4129     4.5861     0.1306     0.1306     0.0888     0.0415      10095     7.0097      11.72     1.4894     1.3442          5  0.000e+00
     45.216   74.46204  169.90274     45.695    -1.2744    -1.2746  26.383374  26.380074    32.8220    32.8177    171.196    167.753     0.4129     4.5861     0.1306     0.1306     0.0888     0.0415      10096     7.0104      11.72     1.4894     1.3442          5  0.000e+00
     45.184   74.46204  169.90274     45.662    -1.2742    -1.2745  26.383315  26.378169    32.8218    32.8150    171.195    167.755     0.4434     4.5861     0.1306     0.1306     0.0888     0.0427      10097     7.0111      11.70     1.4894     1.3442          5  0.000e+00
     45.151   74.46204  169.90274     45.629    -1.2743    -1.2746  26.378369  26.375423    32.8151    32.8114    171.413    167.760     0.4434     4.5861     0.1306     0.1306     0.0888     0.0427      10098     7.0118      11.70     1.4906     1.3442          5  0.000e+00
     45.216   74.46204  169.90274     45.695    -1.2747    -1.2745  26.371876  26.369707    32.8066    32.8034    171.218    168.019     0.4434     4.5873     0.1306     0.1306     0.0877     0.0427      10099     7.0125      11.67     1.4894     1.3454          5  0.000e+00
     45.216   74.46204  169.90274     45.695    -1.2750    -1.2749  26.367467  26.364048    32.8009    32.7961    171.227    168.031     0.4434     4.5873     0.1306     0.1306     0.0877     0.0427      10100     7.0132      11.67     1.4894     1.3454          5  0.000e+00
     45.184   74.46204  169.90274     45.662    -1.2751    -1.2752  26.365501  26.360406    32.7984    32.7915    171.231    168.038     0.4434     4.5873     0.1306     0.1306     0.0877     0.0427      10101     7.0139      11.67     1.4894     1.3454          5  0.000e+00
     45.151   74.46204  169.90274     45.629    -1.2753    -1.2754  26.366693  26.356429    32.8002    32.7862    171.228    168.045     0.4129     4.5873     0.1306     0.1306     0.0877     0.0415      10102     7.0146      11.67     1.4894     1.3454          5  0.000e+00
     45.151   74.46204  169.90274     45.629    -1.2751    -1.2755  26.368718  26.352283    32.8028    32.7807    171.224    168.053     0.4129     4.5873     0.1306     0.1306     0.0877     0.0415      10103     7.0153      11.67     1.4894     1.3454          5  0.000e+00
     45.216   74.46204  169.90274     45.695    -1.2749    -1.2758  26.372293  26.347354    32.8074    32.7743    171.218    168.313     0.4434     4.5873     0.1294     0.1294     0.0877     0.0427      10104     7.0160      11.70     1.4894     1.3466          5  0.000e+00
     45.216   74.46204  169.90274     45.695    -1.2745    -1.2760  26.377178  26.345617    32.8137    32.7721    171.417    168.317     0.4434     4.5873     0.1306     0.1306     0.0877     0.0427      10105     7.0167      11.70     1.4906     1.3466          5  0.000e+00
     45.184   74.46204  169.90274     45.662    -1.2739    -1.2757  26.379204  26.348866    32.8158    32.7762    171.201    168.309     0.4434     4.5873     0.1306     0.1306     0.0877     0.0427      10106     7.0174      11.75     1.4894     1.3466          5  0.000e+00
     45.151   74.46204  169.90274     45.629    -1.2741    -1.2758  26.368301  26.351891    32.8011    32.7805    171.431    168.303     0.4434     4.5873     0.1294     0.1294     0.0877     0.0427      10107     7.0181      11.70     1.4906     1.3466          5  0.000e+00
     45.151   74.46204  169.90274     45.629    -1.2756    -1.2758  26.340486  26.354244    32.7647    32.7838    171.488    168.299     0.4434     4.5873     0.1294     0.1294     0.0877     0.0427      10108     7.0187      11.70     1.4906     1.3466          5  0.000e+00
