Continuous CTD Data/01_SBE Stage/nabos_19_01.ros
* Sea-Bird SBE 9 Data File:
* FileName = D:\CTD\data\HLY2502\raw\NABOS_19_01.hex
* Software Version Seasave V 7.26.7.110
* Temperature SN = 6954
* Conductivity SN = 2561
* Number of Bytes Per Scan = 37
* Number of Voltage Words = 4
* Number of Scans Averaged by the Deck Unit = 1
* NMEA Latitude = 78 13.65 N
* NMEA Longitude = 176 14.99 E
* NMEA UTC (Time) = Sep 17 2025  23:54:54
* NMEA baud rate = 9600
** Ship: USCG HEALY
** Bot. Depth:  1815
** Cast Number:  01
** Station Name:  NABOS
** Station Number:  19
** Operator:  STARC
# nquan = 25
# nvalues = 1078                                  
# units = specified
# name 0 = depSM: Depth [salt water, m]
# name 1 = latitude: Latitude [deg]
# name 2 = longitude: Longitude [deg]
# name 3 = prDM: Pressure, Digiquartz [db]
# name 4 = t090C: Temperature [ITS-90, deg C]
# name 5 = t190C: Temperature, 2 [ITS-90, deg C]
# name 6 = c0mS/cm: Conductivity [mS/cm]
# name 7 = c1mS/cm: Conductivity, 2 [mS/cm]
# name 8 = sal00: Salinity, Practical [PSU]
# name 9 = sal11: Salinity, Practical, 2 [PSU]
# name 10 = sbox0Mm/Kg: Oxygen, SBE 43 [umol/kg]
# name 11 = sbox1Mm/Kg: Oxygen, SBE 43, 2 [umol/kg]
# name 12 = flECO-AFL: Fluorescence, WET Labs ECO-AFL/FL [mg/m^3]
# name 13 = v2: Voltage 2
# name 14 = wetCDOM: Fluorescence, WET Labs CDOM [mg/m^3]
# name 15 = v6: Voltage 6
# name 16 = CStarAt0: Beam Attenuation, WET Labs C-Star [1/m]
# name 17 = v3: Voltage 3
# name 18 = scan: Scan Count
# name 19 = timeM: Time, Elapsed [minutes]
# name 20 = altM: Altimeter [m]
# name 21 = sbeox0V: Oxygen raw, SBE 43 [V]
# name 22 = sbeox1V: Oxygen raw, SBE 43, 2 [V]
# name 23 = nbf: Bottles Fired
# name 24 = flag:  0.000e+00
# interval = seconds: 0.0416667
# start_time = Sep 17 2025 23:54:54 [NMEA time, header]
# bad_flag = -9.990e-29
*END*
   1201.100   78.23490  176.24642   1217.423    -0.2578    -0.2575  29.263099  29.261415    34.8712    34.8687    291.725    288.703    -0.1366     4.6716     0.0855     0.0855     0.0149     0.0195      52692    36.5910     100.00     2.0171     1.7937          1  0.000e+00
   1201.100   78.23490  176.24642   1217.423    -0.2580    -0.2575  29.262852  29.261474    34.8711    34.8688    291.726    287.866    -0.1366     4.6716     0.0842     0.0842     0.0149     0.0195      52693    36.5917     100.00     2.0171     1.7900          1  0.000e+00
   1201.158   78.23490  176.24642   1217.483    -0.2575    -0.2576  29.262976  29.261299    34.8707    34.8686    291.961    287.591    -0.1366     4.6716     0.0842     0.0842     0.0149     0.0195      52694    36.5924     100.00     2.0183     1.7887          1  0.000e+00
   1201.100   78.23490  176.24642   1217.423    -0.2576    -0.2575  29.262852  29.261415    34.8707    34.8686    291.960    287.587    -0.1366     4.6716     0.0855     0.0855     0.0149     0.0195      52695    36.5931     100.00     2.0183     1.7887          1  0.000e+00
   1201.033   78.23490  176.24642   1217.356    -0.2576    -0.2575  29.262789  29.261590    34.8707    34.8689    291.958    287.584    -0.1366     4.6716     0.0855     0.0855     0.0149     0.0195      52696    36.5938     100.00     2.0183     1.7887          1  0.000e+00
   1201.158   78.23490  176.24642   1217.483    -0.2576    -0.2572  29.262976  29.261474    34.8709    34.8683    291.726    287.309    -0.1671     4.6716     0.0855     0.0855     0.0149     0.0183      52697    36.5944     100.00     2.0171     1.7875          1  0.000e+00
   1201.100   78.23490  176.24642   1217.423    -0.2576    -0.2572  29.262852  29.261474    34.8707    34.8684    291.960    287.306    -0.1671     4.6716     0.0855     0.0855     0.0149     0.0183      52698    36.5951     100.00     2.0183     1.7875          1  0.000e+00
   1201.100   78.23490  176.24642   1217.423    -0.2576    -0.2572  29.262604  29.261648    34.8704    34.8686    291.725    287.585    -0.1671     4.6703     0.0855     0.0855     0.0159     0.0183      52699    36.5958     100.00     2.0171     1.7887          1  0.000e+00
   1201.100   78.23490  176.24642   1217.423    -0.2575    -0.2573  29.262728  29.261357    34.8704    34.8684    291.960    287.308    -0.1671     4.6703     0.0855     0.0855     0.0159     0.0183      52700    36.5965     100.00     2.0183     1.7875          1  0.000e+00
   1201.158   78.23490  176.24642   1217.483    -0.2576    -0.2575  29.262976  29.261416    34.8709    34.8686    291.962    287.311    -0.1671     4.6703     0.0842     0.0842     0.0159     0.0183      52701    36.5972     100.00     2.0183     1.7875          1  0.000e+00
   1201.100   78.23490  176.24642   1217.423    -0.2578    -0.2572  29.262666  29.261648    34.8707    34.8686    291.726    287.027    -0.1671     4.6716     0.0855     0.0855     0.0149     0.0183      52702    36.5979     100.00     2.0171     1.7863          1  0.000e+00
   1201.100   78.23490  176.24642   1217.423    -0.2578    -0.2572  29.262913  29.261939    34.8710    34.8690    291.726    287.026    -0.1671     4.6716     0.0855     0.0855     0.0149     0.0183      52703    36.5986     100.00     2.0171     1.7863          1  0.000e+00
   1201.158   78.23490  176.24642   1217.483    -0.2578    -0.2572  29.263099  29.261590    34.8712    34.8685    291.727    286.750    -0.1671     4.6703     0.0842     0.0842     0.0159     0.0183      52704    36.5993     100.00     2.0171     1.7850          1  0.000e+00
   1201.100   78.23490  176.24642   1217.423    -0.2576    -0.2573  29.262852  29.261590    34.8707    34.8686    291.961    286.749    -0.1671     4.6716     0.0855     0.0855     0.0149     0.0183      52705    36.6000     100.00     2.0183     1.7850          1  0.000e+00
   1201.100   78.23490  176.24642   1217.423    -0.2575    -0.2572  29.263161  29.261706    34.8709    34.8687    291.723    287.027    -0.1976     4.6703     0.0855     0.0855     0.0159     0.0171      52706    36.6007     100.00     2.0171     1.7863          1  0.000e+00
   1201.100   78.23490  176.24642   1217.423    -0.2569    -0.2572  29.263347  29.261765    34.8705    34.8687    291.954    287.306    -0.1671     4.6716     0.0855     0.0855     0.0149     0.0183      52707    36.6014     100.00     2.0183     1.7875          1  0.000e+00
   1201.158   78.23490  176.24642   1217.483    -0.2570    -0.2573  29.263718  29.261532    34.8712    34.8686    291.721    287.589    -0.1671     4.6703     0.0855     0.0855     0.0159     0.0183      52708    36.6021     100.00     2.0171     1.7887          1  0.000e+00
   1201.100   78.23492  176.24642   1217.423    -0.2565    -0.2572  29.263904  29.261474    34.8709    34.8684    291.715    288.144    -0.1671     4.6716     0.0842     0.0842     0.0149     0.0183      52709    36.6028     100.00     2.0171     1.7912          1  0.000e+00
   1201.158   78.23492  176.24642   1217.483    -0.2563    -0.2572  29.264090  29.261474    34.8708    34.8683    291.951    288.704    -0.1671     4.6703     0.0855     0.0855     0.0159     0.0183      52710    36.6035     100.00     2.0183     1.7937          1  0.000e+00
   1201.100   78.23492  176.24642   1217.423    -0.2563    -0.2572  29.264151  29.261648    34.8709    34.8686    291.713    288.980    -0.1671     4.6703     0.0855     0.0855     0.0159     0.0183      52711    36.6042     100.00     2.0171     1.7949          1  0.000e+00
   1201.100   78.23492  176.24642   1217.423    -0.2561    -0.2570  29.264337  29.262172    34.8710    34.8691    291.947    288.699    -0.1671     4.6703     0.0842     0.0842     0.0159     0.0183      52712    36.6049     100.00     2.0183     1.7937          1  0.000e+00
   1201.100   78.23492  176.24642   1217.423    -0.2558    -0.2569  29.264646  29.262114    34.8710    34.8689    291.708    288.698    -0.1671     4.6716     0.0855     0.0855     0.0149     0.0183      52713    36.6056     100.00     2.0171     1.7937          1  0.000e+00
   1201.158   78.23492  176.24642   1217.483    -0.2561    -0.2569  29.264523  29.262114    34.8712    34.8688    291.713    288.701    -0.1671     4.6703     0.0842     0.0842     0.0159     0.0183      52714    36.6063     100.00     2.0171     1.7937          1  0.000e+00
   1201.100   78.23492  176.24642   1217.423    -0.2556    -0.2562  29.264832  29.262289    34.8710    34.8684    291.707    288.973    -0.1671     4.6703     0.0855     0.0855     0.0159     0.0183      52715    36.6069     100.00     2.0171     1.7949          1  0.000e+00
   1201.100   78.23492  176.24642   1217.423    -0.2558    -0.2561  29.264770  29.262347    34.8712    34.8683    291.708    289.251    -0.1366     4.6703     0.0855     0.0855     0.0159     0.0195      52716    36.6076     100.00     2.0171     1.7961          1  0.000e+00
   1201.158   78.23492  176.24642   1217.483    -0.2558    -0.2561  29.264275  29.262522    34.8705    34.8685    291.712    289.253    -0.1671     4.6703     0.0855     0.0855     0.0159     0.0183      52717    36.6083     100.00     2.0171     1.7961          1  0.000e+00
   1201.100   78.23492  176.24642   1217.423    -0.2558    -0.2563  29.264337  29.262172    34.8706    34.8683    291.709    288.695    -0.1671     4.6703     0.0855     0.0855     0.0159     0.0183      52718    36.6090     100.00     2.0171     1.7937          1  0.000e+00
   1201.100   78.23492  176.24642   1217.423    -0.2559    -0.2561  29.264461  29.262230    34.8709    34.8682    291.710    288.414    -0.1976     4.6703     0.0855     0.0855     0.0159     0.0171      52719    36.6097     100.00     2.0171     1.7924          1  0.000e+00
   1201.158   78.23492  176.24642   1217.483    -0.2561    -0.2564  29.264213  29.262347    34.8708    34.8686    291.478    288.418    -0.1671     4.6716     0.0855     0.0855     0.0149     0.0183      52720    36.6104     100.00     2.0158     1.7924          1  0.000e+00
   1201.100   78.23492  176.24642   1217.423    -0.2559    -0.2566  29.264151  29.261881    34.8705    34.8682    291.711    288.418    -0.1366     4.6716     0.0842     0.0842     0.0149     0.0195      52721    36.6111     100.00     2.0171     1.7924          1  0.000e+00
   1201.100   78.23492  176.24642   1217.423    -0.2559    -0.2566  29.264337  29.262172    34.8708    34.8686    291.710    288.697    -0.1366     4.6703     0.0842     0.0842     0.0159     0.0195      52722    36.6118     100.00     2.0171     1.7937          1  0.000e+00
   1201.100   78.23492  176.24642   1217.423    -0.2563    -0.2566  29.264461  29.262347    34.8713    34.8688    291.712    288.696    -0.1366     4.6716     0.0842     0.0842     0.0149     0.0195      52723    36.6125     100.00     2.0171     1.7937          1  0.000e+00
   1201.100   78.23492  176.24642   1217.423    -0.2563    -0.2565  29.264213  29.262172    34.8710    34.8685    291.713    288.975    -0.1366     4.6703     0.0842     0.0842     0.0159     0.0195      52724    36.6132     100.00     2.0171     1.7949          1  0.000e+00
   1201.158   78.23492  176.24642   1217.483    -0.2561    -0.2567  29.264151  29.262056    34.8707    34.8686    291.714    288.979    -0.1366     4.6716     0.0842     0.0842     0.0149     0.0195      52725    36.6139     100.00     2.0171     1.7949          1  0.000e+00
   1201.100   78.23492  176.24642   1217.423    -0.2559    -0.2567  29.264337  29.261590    34.8708    34.8680    291.711    288.979    -0.1366     4.6716     0.0842     0.0842     0.0149     0.0195      52726    36.6146     100.00     2.0171     1.7949          1  0.000e+00
   1201.100   78.23492  176.24642   1217.423    -0.2559    -0.2569  29.264461  29.261474    34.8709    34.8680    291.710    288.980    -0.1366     4.6716     0.0842     0.0842     0.0149     0.0195      52727    36.6153     100.00     2.0171     1.7949          1  0.000e+00
   1201.100   78.23492  176.24642   1217.423    -0.2559    -0.2570  29.264461  29.262114    34.8709    34.8691    291.710    288.979    -0.1366     4.6716     0.0842     0.0842     0.0149     0.0195      52728    36.6160     100.00     2.0171     1.7949          1  0.000e+00
   1201.100   78.23492  176.24642   1217.423    -0.2556    -0.2569  29.264832  29.261881    34.8710    34.8686    291.707    288.979    -0.1366     4.6716     0.0842     0.0842     0.0149     0.0195      52729    36.6167     100.00     2.0171     1.7949          1  0.000e+00
   1201.158   78.23492  176.24642   1217.483    -0.2558    -0.2572  29.265018  29.261357    34.8714    34.8682    291.710    288.984    -0.1366     4.6716     0.0842     0.0842     0.0149     0.0195      52730    36.6174     100.00     2.0171     1.7949          1  0.000e+00
   1201.100   78.23492  176.24642   1217.423    -0.2555    -0.2572  29.264770  29.261590    34.8708    34.8685    291.707    288.702    -0.1366     4.6716     0.0842     0.0842     0.0149     0.0195      52731    36.6181     100.00     2.0171     1.7937          1  0.000e+00
   1201.100   78.23492  176.24642   1217.423    -0.2556    -0.2572  29.264894  29.261765    34.8711    34.8687    291.707    288.702    -0.1366     4.6716     0.0842     0.0842     0.0149     0.0195      52732    36.6187     100.00     2.0171     1.7937          1  0.000e+00
   1201.100   78.23492  176.24642   1217.423    -0.2556    -0.2570  29.265018  29.261648    34.8713    34.8685    291.707    288.701    -0.1366     4.6716     0.0842     0.0842     0.0149     0.0195      52733    36.6194     100.00     2.0171     1.7937          1  0.000e+00
   1201.100   78.23492  176.24642   1217.423    -0.2556    -0.2573  29.265018  29.261706    34.8713    34.8688    291.707    288.703    -0.1366     4.6716     0.0842     0.0842     0.0149     0.0195      52734    36.6201     100.00     2.0171     1.7937          1  0.000e+00
   1201.100   78.23492  176.24642   1217.423    -0.2552    -0.2572  29.265018  29.261532    34.8708    34.8684    291.704    288.424    -0.1366     4.6703     0.0830     0.0830     0.0159     0.0195      52735    36.6208     100.00     2.0171     1.7924          1  0.000e+00
   1201.100   78.23492  176.24642   1217.423    -0.2553    -0.2573  29.265018  29.261648    34.8710    34.8688    291.705    288.424    -0.1366     4.6716     0.0842     0.0842     0.0149     0.0195      52736    36.6215     100.00     2.0171     1.7924          1  0.000e+00
   1201.100   78.23492  176.24642   1217.423    -0.2555    -0.2573  29.265018  29.261532    34.8712    34.8686    291.706    288.146    -0.1366     4.6716     0.0830     0.0830     0.0149     0.0195      52737    36.6222     100.00     2.0171     1.7912          1  0.000e+00
   1201.158   78.23492  176.24642   1217.483    -0.2550    -0.2572  29.265204  29.261474    34.8708    34.8683    291.705    288.426    -0.1366     4.6703     0.0842     0.0842     0.0159     0.0195      52738    36.6229     100.00     2.0171     1.7924          1  0.000e+00
   1201.100   78.23492  176.24642   1217.423    -0.2550    -0.2572  29.265080  29.261474    34.8707    34.8684    291.703    288.424    -0.1366     4.6716     0.0830     0.0830     0.0149     0.0195      52739    36.6236     100.00     2.0171     1.7924          1  0.000e+00
   1201.100   78.23492  176.24642   1217.423    -0.2552    -0.2572  29.264585  29.261474    34.8702    34.8684    291.470    288.145    -0.1366     4.6703     0.0842     0.0842     0.0159     0.0195      52740    36.6243     100.00     2.0158     1.7912          1  0.000e+00
   1000.289   78.23636  176.24634   1013.391    -0.2735    -0.2737  29.130737  29.129151    34.8303    34.8285    295.456    293.171    -0.1366     4.6691     0.0830     0.0830     0.0170     0.0195      62692    43.5354     100.00     2.0774     1.8477          2  0.000e+00
   1000.289   78.23636  176.24634   1013.391    -0.2738    -0.2735  29.130737  29.128918    34.8307    34.8279    295.688    292.899    -0.1366     4.6691     0.0830     0.0830     0.0170     0.0195      62693    43.5361     100.00     2.0787     1.8464          2  0.000e+00
   1000.222   78.23636  176.24634   1013.324    -0.2735    -0.2737  29.130798  29.129092    34.8304    34.8285    295.683    293.169    -0.1366     4.6691     0.0842     0.0842     0.0170     0.0195      62694    43.5368     100.00     2.0787     1.8477          2  0.000e+00
   1000.289   78.23636  176.24634   1013.391    -0.2736    -0.2735  29.130922  29.129093    34.8307    34.8282    295.457    292.899    -0.1366     4.6691     0.0842     0.0842     0.0170     0.0195      62695    43.5375     100.00     2.0774     1.8464          2  0.000e+00
   1000.239   78.23636  176.24634   1013.341    -0.2736    -0.2735  29.130984  29.129092    34.8308    34.8282    295.684    292.626    -0.1366     4.6691     0.0842     0.0842     0.0170     0.0195      62696    43.5382     100.00     2.0787     1.8452          2  0.000e+00
   1000.289   78.23636  176.24634   1013.391    -0.2735    -0.2737  29.130551  29.129093    34.8301    34.8284    295.457    291.815    -0.1366     4.6691     0.0842     0.0842     0.0170     0.0195      62697    43.5389     100.00     2.0774     1.8415          2  0.000e+00
   1000.289   78.23636  176.24634   1013.391    -0.2736    -0.2735  29.130675  29.129151    34.8304    34.8283    295.687    291.542    -0.1366     4.6691     0.0842     0.0842     0.0170     0.0195      62698    43.5396     100.00     2.0787     1.8403          2  0.000e+00
   1000.222   78.23636  176.24634   1013.324    -0.2738    -0.2734  29.130798  29.129092    34.8308    34.8281    295.685    292.082    -0.1366     4.6691     0.0830     0.0830     0.0170     0.0195      62699    43.5403     100.00     2.0787     1.8427          2  0.000e+00
