Continuous CTD Data/01_SBE Stage/nabos_01_02avg.cnv
* Sea-Bird SBE 9 Data File:
* FileName = D:\CTD\data\HLY2502\raw\NABOS_01_02.hex
* Software Version Seasave V 7.26.7.110
* Temperature SN = 6954
* Conductivity SN = 2561
* Number of Bytes Per Scan = 37
* Number of Voltage Words = 4
* Number of Scans Averaged by the Deck Unit = 1
* NMEA Latitude = 73 46.22 N
* NMEA Longitude = 167 42.20 E
* NMEA UTC (Time) = Sep 13 2025  16:38:43
* NMEA baud rate = 9600
** Ship: USCG HEALY
** Bot. Depth:  43
** Cast Number:  02
** Station Name:  NABOS
** Station Number:  01
** Operator:  STARC
# nquan = 25
# nvalues = 34                          
# units = specified
# name 0 = depSM: Depth [salt water, m]
# name 1 = latitude: Latitude [deg]
# name 2 = longitude: Longitude [deg]
# name 3 = prDM: Pressure, Digiquartz [db]
# name 4 = t090C: Temperature [ITS-90, deg C]
# name 5 = t190C: Temperature, 2 [ITS-90, deg C]
# name 6 = c0mS/cm: Conductivity [mS/cm]
# name 7 = c1mS/cm: Conductivity, 2 [mS/cm]
# name 8 = sal00: Salinity, Practical [PSU]
# name 9 = sal11: Salinity, Practical, 2 [PSU]
# name 10 = sbox0Mm/Kg: Oxygen, SBE 43 [umol/kg]
# name 11 = sbox1Mm/Kg: Oxygen, SBE 43, 2 [umol/kg]
# name 12 = flECO-AFL: Fluorescence, WET Labs ECO-AFL/FL [mg/m^3]
# name 13 = v2: Voltage 2
# name 14 = wetCDOM: Fluorescence, WET Labs CDOM [mg/m^3]
# name 15 = v6: Voltage 6
# name 16 = CStarAt0: Beam Attenuation, WET Labs C-Star [1/m]
# name 17 = v3: Voltage 3
# name 18 = scan: Scan Count
# name 19 = timeM: Time, Elapsed [minutes]
# name 20 = altM: Altimeter [m]
# name 21 = sbeox0V: Oxygen raw, SBE 43 [V]
# name 22 = sbeox1V: Oxygen raw, SBE 43, 2 [V]
# name 23 = nbin: number of scans per bin
# name 24 = flag: flag
# span 0 =      3.959,     36.615       
# span 1 =   73.77035,   73.77045       
# span 2 =  167.70380,  167.70457       
# span 3 =      4.000,     37.000       
# span 4 =    -1.4243,    -0.6150       
# span 5 =    -1.4232,    -0.6145       
# span 6 =  22.115252,  23.690100       
# span 7 =  22.114311,  23.683523       
# span 8 =    26.4806,    29.3108       
# span 9 =    26.4792,    29.3015       
# span 10 =    296.659,    371.034      
# span 11 =    290.551,    363.933      
# span 12 =     0.0636,     0.3113      
# span 13 =     4.4266,     4.6205      
# span 14 =     0.1018,     0.1189      
# span 15 =     0.1018,     0.1189      
# span 16 =     0.0589,     0.2332      
# span 17 =     0.0276,     0.0375      
# span 18 =       2261,       4678      
# span 19 =     1.5693,     3.2477      
# span 20 =      -0.00,       2.59      
# span 21 =     2.1673,     2.5999      
# span 22 =     1.9047,     2.2647      
# span 23 =         15,         24      
# span 24 = 0.0000e+00, 0.0000e+00      
# interval = decibars: 1                
# start_time = Sep 13 2025 16:38:43 [NMEA time, header]
# bad_flag = -9.990e-29
*END*
      3.959   73.77035  167.70380      4.000    -0.6160    -0.6145  22.127985  22.125384    26.4986    26.4939    370.524    363.359     0.0847     4.5800     0.1035     0.1035     0.0941     0.0284       2261     1.5693       1.56     2.5984     2.2639         17 0.0000e+00
      4.948   73.77036  167.70385      5.000    -0.6150    -0.6149  22.115252  22.114311    26.4806    26.4792    370.613    362.405     0.1013     4.5779     0.1034     0.1034     0.0959     0.0291       2415     1.6765       1.83     2.5984     2.2588         19 0.0000e+00
      5.938   73.77036  167.70389      6.000    -0.6179    -0.6172  22.120578  22.119313    26.4896    26.4873    370.922    363.402     0.1061     4.5818     0.1030     0.1030     0.0925     0.0292       2542     1.7643       2.59     2.5998     2.2634         21 0.0000e+00
      6.927   73.77036  167.70392      7.000    -0.6238    -0.6240  22.138212  22.138849    26.5173    26.5184    370.557    362.754     0.1241     4.5796     0.1034     0.1034     0.0945     0.0300       2665     1.8501       2.49     2.5976     2.2601         21 0.0000e+00
      7.917   73.77036  167.70395      8.000    -0.6406    -0.6412  22.206503  22.203357    26.6211    26.6176    370.393    362.658     0.1160     4.5765     0.1028     0.1028     0.0972     0.0296       2751     1.9094       1.64     2.5970     2.2599         22 0.0000e+00
      8.907   73.77036  167.70397      9.000    -0.6413    -0.6445  22.225395  22.231412    26.6460    26.6567    370.809    363.012     0.1056     4.5791     0.1021     0.1021     0.0949     0.0292       2831     1.9652       0.75     2.5994     2.2617         21 0.0000e+00
      9.896   73.77038  167.70400     10.000    -0.6353    -0.6363  22.218859  22.218619    26.6317    26.6322    370.873    362.853     0.1218     4.5812     0.1032     0.1032     0.0931     0.0299       2891     2.0071       0.92     2.5996     2.2608         24 0.0000e+00
     10.886   73.77038  167.70402     11.000    -0.6459    -0.6520  22.231855  22.238745    26.6575    26.6720    371.006    363.383     0.1222     4.5825     0.1041     0.1041     0.0919     0.0299       2948     2.0464       0.28     2.5999     2.2628         23 0.0000e+00
     11.876   73.77038  167.70402     12.000    -0.6472    -0.6555  22.235089  22.246568    26.6624    26.6848    370.937    363.149     0.1335     4.5792     0.1047     0.1047     0.0948     0.0303       2996     2.0795       0.01     2.5992     2.2615         22 0.0000e+00
     12.865   73.77038  167.70405     13.000    -0.6365    -0.6445  22.218103  22.233544    26.6301    26.6575    371.034    362.302     0.1213     4.5813     0.1028     0.1028     0.0930     0.0298       3049     2.1163       0.10     2.5996     2.2574         22 0.0000e+00
     13.855   73.77038  167.70406     14.000    -0.6644    -0.6632  22.272359  22.266204    26.7255    26.7163    370.885    363.302     0.1209     4.5805     0.1018     0.1018     0.0937     0.0298       3098     2.1505       0.62     2.5983     2.2618         23 0.0000e+00
     14.845   73.77038  167.70408     15.000    -0.6878    -0.6874  22.328280  22.326655    26.8192    26.8167    370.479    363.933     0.1260     4.5790     0.1031     0.1031     0.0950     0.0300       3149     2.1863       0.29     2.5958     2.2647         23 0.0000e+00
     15.834   73.77038  167.70409     16.000    -0.7802    -0.7503  22.521056  22.461085    27.1566    27.0499    370.448    361.950     0.1087     4.5779     0.1044     0.1044     0.0960     0.0293       3201     2.2222       0.27     2.5950     2.2548         22 0.0000e+00
     16.824   73.77038  167.70411     17.000    -1.1157    -1.1087  23.119507  23.106097    28.2586    28.2341    369.238    362.137     0.2252     4.5796     0.1095     0.1095     0.0945     0.0340       3255     2.2597       0.18     2.5847     2.2527         24 0.0000e+00
     17.813   73.77038  167.70412     18.000    -1.1439    -1.1380  23.163709  23.156622    28.3444    28.3294    365.809    360.031     0.2282     4.4266     0.1114     0.1114     0.2332     0.0341       3303     2.2928       0.18     2.5646     2.2422         21 0.0000e+00
     18.803   73.77038  167.70414     19.000    -1.1805    -1.1833  23.215887  23.212528    28.4486    28.4467    361.109    356.835     0.3113     4.5713     0.1116     0.1116     0.1018     0.0375       3354     2.3284       0.28     2.5371     2.2259         20 0.0000e+00
     19.792   73.77040  167.70415     20.000    -1.1938    -1.1909  23.246579  23.229330    28.5018    28.4759    357.656    352.147     0.2655     4.5889     0.1125     0.1125     0.0863     0.0356       3404     2.3629       0.78     2.5173     2.2032         22 0.0000e+00
     20.782   73.77040  167.70417     21.000    -1.2078    -1.2095  23.258526  23.258822    28.5307    28.5327    355.123    350.717     0.2731     4.5943     0.1134     0.1134     0.0817     0.0359       3458     2.4009       0.85     2.5023     2.1959         24 0.0000e+00
     21.772   73.77040  167.70420     22.000    -1.2550    -1.2560  23.314643  23.314326    28.6508    28.6513    354.126    346.048     0.2832     4.5953     0.1123     0.1123     0.0808     0.0363       3509     2.4359       0.67     2.4954     2.1726         20 0.0000e+00
     22.761   73.77040  167.70421     23.000    -1.2600    -1.2558  23.316702  23.309791    28.6578    28.6445    352.096    345.502     0.2465     4.5957     0.1129     0.1129     0.0804     0.0349       3558     2.4703       0.43     2.4835     2.1697         22 0.0000e+00
     23.751   73.77040  167.70424     24.000    -1.2942    -1.2868  23.365376  23.352731    28.7557    28.7315    349.127    343.645     0.2444     4.5973     0.1163     0.1163     0.0790     0.0348       3610     2.5061       0.31     2.4659     2.1602         23 0.0000e+00
     24.740   73.77040  167.70426     25.000    -1.3221    -1.3275  23.397967  23.401461    28.8259    28.8359    346.603    340.872     0.2202     4.5897     0.1156     0.1156     0.0856     0.0338       3663     2.5430       0.17     2.4508     2.1460         22 0.0000e+00
     25.730   73.77040  167.70428     26.000    -1.3372    -1.3371  23.408906  23.407494    28.8548    28.8527    344.126    338.709     0.2279     4.6031     0.1154     0.1154     0.0740     0.0341       3715     2.5790       0.08     2.4360     2.1352         19 0.0000e+00
     26.719   73.77040  167.70430     27.000    -1.3435    -1.3431  23.416277  23.414529    28.8702    28.8675    340.887    335.135     0.2137     4.5978     0.1151     0.1151     0.0786     0.0336       3767     2.6154       0.00     2.4174     2.1178         19 0.0000e+00
     27.709   73.77040  167.70433     28.000    -1.3531    -1.3529  23.429873  23.428241    28.8974    28.8950    338.022    333.073     0.2247     4.6063     0.1164     0.1164     0.0712     0.0340       3814     2.6481      -0.00     2.4008     2.1076         18 0.0000e+00
     28.698   73.77040  167.70435     29.000    -1.3708    -1.3673  23.446665  23.442543    28.9367    28.9277    336.398    330.144     0.1974     4.6128     0.1159     0.1159     0.0655     0.0329       3870     2.6866       0.00     2.3909     2.0932         18 0.0000e+00
     29.688   73.77040  167.70437     30.000    -1.3842    -1.3838  23.464751  23.463354    28.9736    28.9713    333.985    329.018     0.1644     4.6151     0.1149     0.1149     0.0636     0.0315       3924     2.7241       0.01     2.3768     2.0874         17 0.0000e+00
     30.678   73.77040  167.70439     31.000    -1.3916    -1.3904  23.480745  23.478360    29.0019    28.9975    330.761    326.431     0.1256     4.6142     0.1155     0.1155     0.0643     0.0300       3972     2.7577       0.40     2.3584     2.0748         18 0.0000e+00
     31.667   73.77040  167.70441     32.000    -1.3974    -1.3956  23.499648  23.496229    29.0325    29.0261    326.257    322.358     0.1097     4.6187     0.1168     0.1168     0.0604     0.0294       4036     2.8022       0.51     2.3329     2.0553         17 0.0000e+00
     32.656   73.77042  167.70444     33.000    -1.4024    -1.4017  23.518349  23.515615    29.0621    29.0577    322.147    317.658     0.0636     4.6205     0.1166     0.1166     0.0589     0.0276       4126     2.8647       0.00     2.3096     2.0328         17 0.0000e+00
     33.646   73.77042  167.70447     34.000    -1.4128    -1.4113  23.563372  23.557335    29.1327    29.1231    322.526    316.393     0.1330     4.6202     0.1166     0.1166     0.0591     0.0303       4224     2.9330      -0.00     2.3119     2.0269         17 0.0000e+00
     34.636   73.77042  167.70450     35.000    -1.4206    -1.4194  23.605918  23.602116    29.1974    29.1910    315.626    312.286     0.1955     4.6059     0.1189     0.1189     0.0715     0.0328       4331     3.0072       0.00     2.2732     2.0076         17 0.0000e+00
     35.625   73.77043  167.70452     36.000    -1.4243    -1.4232  23.625274  23.621260    29.2268    29.2202    300.960    300.401     0.2036     4.5621     0.1183     0.1183     0.1098     0.0332       4445     3.0862       0.00     2.1905     1.9509         20 0.0000e+00
     36.615   73.77045  167.70457     37.000    -1.4210    -1.4206  23.690100  23.683523    29.3108    29.3015    296.659    290.551     0.2890     4.4914     0.1183     0.1183     0.1725     0.0366       4678     3.2477       0.00     2.1673     1.9047         15 0.0000e+00
