Continuous CTD Data/01_SBE Stage/nabos_22_01.ros
* Sea-Bird SBE 9 Data File:
* FileName = D:\CTD\data\HLY2502\raw\NABOS_22_01.hex
* Software Version Seasave V 7.26.7.110
* Temperature SN = 6954
* Conductivity SN = 2561
* Number of Bytes Per Scan = 37
* Number of Voltage Words = 4
* Number of Scans Averaged by the Deck Unit = 1
* NMEA Latitude = 79 21.70 N
* NMEA Longitude = 171 33.88 E
* NMEA UTC (Time) = Sep 19 2025  12:09:27
* NMEA baud rate = 9600
** Ship: USCG HEALY
** Bot. Depth:  1200
** Cast Number:  01
** Station Name:  NABOS
** Station Number:  22
** Operator:  STARC
# nquan = 25
# nvalues = 1127                                  
# units = specified
# name 0 = depSM: Depth [salt water, m]
# name 1 = latitude: Latitude [deg]
# name 2 = longitude: Longitude [deg]
# name 3 = prDM: Pressure, Digiquartz [db]
# name 4 = t090C: Temperature [ITS-90, deg C]
# name 5 = t190C: Temperature, 2 [ITS-90, deg C]
# name 6 = c0mS/cm: Conductivity [mS/cm]
# name 7 = c1mS/cm: Conductivity, 2 [mS/cm]
# name 8 = sal00: Salinity, Practical [PSU]
# name 9 = sal11: Salinity, Practical, 2 [PSU]
# name 10 = sbox0Mm/Kg: Oxygen, SBE 43 [umol/kg]
# name 11 = sbox1Mm/Kg: Oxygen, SBE 43, 2 [umol/kg]
# name 12 = flECO-AFL: Fluorescence, WET Labs ECO-AFL/FL [mg/m^3]
# name 13 = v2: Voltage 2
# name 14 = wetCDOM: Fluorescence, WET Labs CDOM [mg/m^3]
# name 15 = v6: Voltage 6
# name 16 = CStarAt0: Beam Attenuation, WET Labs C-Star [1/m]
# name 17 = v3: Voltage 3
# name 18 = scan: Scan Count
# name 19 = timeM: Time, Elapsed [minutes]
# name 20 = altM: Altimeter [m]
# name 21 = sbeox0V: Oxygen raw, SBE 43 [V]
# name 22 = sbeox1V: Oxygen raw, SBE 43, 2 [V]
# name 23 = nbf: Bottles Fired
# name 24 = flag:  0.000e+00
# interval = seconds: 0.0416667
# start_time = Sep 19 2025 12:09:27 [NMEA time, header]
# bad_flag = -9.990e-29
*END*
[from data line 116]
    750.508   79.36702  171.55228    759.909     0.0768     0.0766  29.328042  29.325973    34.8418    34.8392    293.865    291.953    -0.1671     4.6374     0.0842     0.0842     0.0443     0.0183      57461    39.9028     100.00     2.1396     1.9015          3  0.000e+00
    750.442   79.36702  171.55228    759.841     0.0768     0.0763  29.327980  29.325914    34.8417    34.8396    294.081    292.471    -0.1671     4.6361     0.0855     0.0855     0.0453     0.0183      57462    39.9035     100.00     2.1408     1.9040          3  0.000e+00
    750.450   79.36702  171.55228    759.850     0.0768     0.0764  29.328166  29.325914    34.8420    34.8394    293.862    293.248    -0.1671     4.6361     0.0855     0.0855     0.0453     0.0183      57463    39.9042     100.00     2.1396     1.9076          3  0.000e+00
    750.442   79.36702  171.55228    759.841     0.0768     0.0763  29.328228  29.326439    34.8421    34.8403    293.861    293.506    -0.1671     4.6374     0.0855     0.0855     0.0443     0.0183      57464    39.9049     100.00     2.1396     1.9089          3  0.000e+00
    750.508   79.36702  171.55228    759.909     0.0768     0.0763  29.328228  29.326264    34.8420    34.8399    293.864    294.028    -0.1976     4.6374     0.0855     0.0855     0.0443     0.0171      57465    39.9056     100.00     2.1396     1.9113          3  0.000e+00
    750.442   79.36702  171.55228    759.841     0.0768     0.0764  29.328042  29.326206    34.8418    34.8398    293.862    294.024    -0.1671     4.6361     0.0842     0.0842     0.0453     0.0183      57466    39.9063     100.00     2.1396     1.9113          3  0.000e+00
    750.442   79.36702  171.55228    759.841     0.0768     0.0766  29.328166  29.326380    34.8420    34.8398    294.081    293.504    -0.1671     4.6361     0.0842     0.0842     0.0453     0.0183      57467    39.9069     100.00     2.1408     1.9089          3  0.000e+00
    750.508   79.36702  171.55228    759.909     0.0769     0.0764  29.327856  29.326555    34.8414    34.8402    294.083    292.471    -0.1671     4.6361     0.0842     0.0842     0.0453     0.0183      57468    39.9076     100.00     2.1408     1.9040          3  0.000e+00
    750.450   79.36702  171.55228    759.850     0.0768     0.0764  29.328104  29.326264    34.8419    34.8398    294.081    291.692    -0.1671     4.6374     0.0842     0.0842     0.0443     0.0183      57469    39.9083     100.00     2.1408     1.9003          3  0.000e+00
    750.442   79.36702  171.55228    759.841     0.0766     0.0766  29.328290  29.326380    34.8423    34.8398    293.862    291.172    -0.1671     4.6374     0.0842     0.0842     0.0443     0.0183      57470    39.9090     100.00     2.1396     1.8978          3  0.000e+00
    750.442   79.36702  171.55228    759.841     0.0769     0.0767  29.328290  29.326555    34.8420    34.8399    293.860    291.170    -0.1671     4.6374     0.0842     0.0842     0.0443     0.0183      57471    39.9097     100.00     2.1396     1.8978          3  0.000e+00
    750.508   79.36702  171.55228    759.909     0.0766     0.0766  29.328228  29.326264    34.8422    34.8396    294.084    291.693    -0.1671     4.6361     0.0842     0.0842     0.0453     0.0183      57472    39.9104     100.00     2.1408     1.9003          3  0.000e+00
    750.442   79.36702  171.55228    759.841     0.0766     0.0764  29.328228  29.326614    34.8422    34.8403    293.862    291.690    -0.1671     4.6374     0.0855     0.0855     0.0443     0.0183      57473    39.9111     100.00     2.1396     1.9003          3  0.000e+00
    750.508   79.36702  171.55228    759.909     0.0766     0.0767  29.327857  29.326089    34.8417    34.8392    294.085    291.434    -0.1671     4.6374     0.0842     0.0842     0.0443     0.0183      57474    39.9118     100.00     2.1408     1.8990          3  0.000e+00
    750.450   79.36702  171.55228    759.850     0.0766     0.0766  29.328104  29.326439    34.8420    34.8399    293.863    291.172    -0.1671     4.6374     0.0830     0.0830     0.0443     0.0183      57475    39.9125     100.00     2.1396     1.8978          3  0.000e+00
    750.442   79.36702  171.55228    759.841     0.0766     0.0767  29.327856  29.326264    34.8417    34.8395    294.082    291.431    -0.1671     4.6374     0.0818     0.0818     0.0443     0.0183      57476    39.9132     100.00     2.1408     1.8990          3  0.000e+00
    750.508   79.36702  171.55228    759.909     0.0763     0.0766  29.327918  29.326206    34.8421    34.8395    293.868    291.693    -0.1366     4.6374     0.0818     0.0818     0.0443     0.0195      57477    39.9139     100.00     2.1396     1.9003          3  0.000e+00
    750.442   79.36702  171.55228    759.841     0.0765     0.0767  29.327980  29.326264    34.8421    34.8395    294.083    292.208    -0.1366     4.6374     0.0818     0.0818     0.0443     0.0195      57478    39.9146     100.00     2.1408     1.9027          3  0.000e+00
    750.508   79.36702  171.55228    759.909     0.0765     0.0764  29.327918  29.325973    34.8419    34.8394    293.867    292.213    -0.1061     4.6374     0.0818     0.0818     0.0443     0.0208      57479    39.9153     100.00     2.1396     1.9027          3  0.000e+00
    750.442   79.36702  171.55228    759.841     0.0764     0.0766  29.327732  29.326089    34.8418    34.8394    293.865    291.691    -0.1061     4.6374     0.0830     0.0830     0.0443     0.0208      57480    39.9160     100.00     2.1396     1.9003          3  0.000e+00
    750.450   79.36702  171.55228    759.850     0.0765     0.0764  29.327918  29.326206    34.8420    34.8398    293.864    289.359    -0.1366     4.6361     0.0830     0.0830     0.0453     0.0195      57481    39.9167     100.00     2.1396     1.8892          3  0.000e+00
    750.508   79.36702  171.55228    759.909     0.0762     0.0764  29.327795  29.326031    34.8421    34.8395    293.869    286.252    -0.1366     4.6361     0.0830     0.0830     0.0453     0.0195      57482    39.9174     100.00     2.1396     1.8745          3  0.000e+00
    750.442   79.36702  171.55228    759.841     0.0765     0.0764  29.327732  29.326147    34.8417    34.8397    294.084    283.657    -0.1366     4.6361     0.0830     0.0830     0.0453     0.0195      57483    39.9181     100.00     2.1408     1.8622          3  0.000e+00
    750.508   79.36702  171.55228    759.909     0.0762     0.0763  29.327733  29.326206    34.8421    34.8399    293.869    282.883    -0.1366     4.6361     0.0818     0.0818     0.0453     0.0195      57484    39.9188     100.00     2.1396     1.8585          3  0.000e+00
    750.508   79.36702  171.55228    759.909     0.0765     0.0763  29.327733  29.326031    34.8417    34.8397    293.867    283.661    -0.1366     4.6361     0.0830     0.0830     0.0453     0.0195      57485    39.9194     100.00     2.1396     1.8622          3  0.000e+00
    750.442   79.36702  171.55228    759.841     0.0763     0.0763  29.327732  29.325914    34.8419    34.8396    293.866    283.140    -0.1366     4.6374     0.0818     0.0818     0.0443     0.0195      57486    39.9201     100.00     2.1396     1.8598          3  0.000e+00
    750.450   79.36702  171.55228    759.850     0.0764     0.0760  29.327856  29.326089    34.8419    34.8401    293.865    281.846    -0.1061     4.6374     0.0830     0.0830     0.0443     0.0208      57487    39.9208     100.00     2.1396     1.8536          3  0.000e+00
    750.508   79.36702  171.55228    759.909     0.0763     0.0763  29.327733  29.326031    34.8419    34.8397    293.868    281.069    -0.1366     4.6374     0.0818     0.0818     0.0443     0.0195      57488    39.9215     100.00     2.1396     1.8499          3  0.000e+00
    750.442   79.36702  171.55228    759.841     0.0765     0.0762  29.327918  29.326147    34.8420    34.8400    293.864    281.067    -0.1061     4.6374     0.0818     0.0818     0.0443     0.0208      57489    39.9222     100.00     2.1396     1.8499          3  0.000e+00
    750.508   79.36702  171.55228    759.909     0.0762     0.0763  29.327609  29.326206    34.8419    34.8399    294.089    282.105    -0.1366     4.6374     0.0818     0.0818     0.0443     0.0195      57490    39.9229     100.00     2.1408     1.8548          3  0.000e+00
    750.442   79.36702  171.55228    759.841     0.0762     0.0763  29.327671  29.325973    34.8420    34.8397    293.867    283.399    -0.1366     4.6361     0.0830     0.0830     0.0453     0.0195      57491    39.9236     100.00     2.1396     1.8610          3  0.000e+00
    501.555   79.36794  171.55060    507.530     0.5225     0.5258  29.592433  29.593867    34.8335    34.8317    293.742    294.543    -0.1671     4.6374     0.0830     0.0830     0.0443     0.0183      66785    46.3778     100.00     2.2167     1.9798          4  0.000e+00
    501.498   79.36794  171.55060    507.472     0.5223     0.5257  29.592682  29.593691    34.8341    34.8316    293.740    299.729    -0.1671     4.6374     0.0830     0.0830     0.0443     0.0183      66786    46.3785     100.00     2.2167     2.0056          4  0.000e+00
    501.564   79.36794  171.55060    507.539     0.5222     0.5254  29.592806  29.593691    34.8344    34.8319    293.743    301.956    -0.1671     4.6374     0.0830     0.0830     0.0443     0.0183      66787    46.3792     100.00     2.2167     2.0166          4  0.000e+00
    501.498   79.36794  171.55060    507.472     0.5221     0.5253  29.592433  29.593516    34.8340    34.8319    293.741    302.449    -0.1671     4.6374     0.0830     0.0830     0.0443     0.0183      66788    46.3799     100.00     2.2167     2.0190          4  0.000e+00
    501.555   79.36794  171.55060    507.530     0.5219     0.5254  29.592060  29.593808    34.8338    34.8321    293.955    306.402    -0.1671     4.6386     0.0830     0.0830     0.0432     0.0183      66789    46.3806     100.00     2.2180     2.0386          4  0.000e+00
    501.498   79.36794  171.55058    507.472     0.5218     0.5253  29.591998  29.593574    34.8338    34.8320    293.745    313.070    -0.1366     4.6374     0.0830     0.0830     0.0443     0.0195      66790    46.3813     100.00     2.2167     2.0717          4  0.000e+00
    501.498   79.36794  171.55058    507.472     0.5220     0.5253  29.591998  29.593633    34.8335    34.8321    293.743    317.763    -0.1976     4.6386     0.0842     0.0842     0.0432     0.0171      66791    46.3819     100.00     2.2167     2.0950          4  0.000e+00
    501.555   79.36794  171.55058    507.530     0.5218     0.5253  29.591998  29.593516    34.8338    34.8319    293.747    319.248    -0.1366     4.6374     0.0842     0.0842     0.0443     0.0195      66792    46.3826     100.00     2.2167     2.1024          4  0.000e+00
    501.498   79.36794  171.55058    507.472     0.5218     0.5251  29.592184  29.593457    34.8341    34.8320    293.953    318.753    -0.1671     4.6374     0.0830     0.0830     0.0443     0.0183      66793    46.3833     100.00     2.2180     2.0999          4  0.000e+00
    501.555   79.36794  171.55058    507.530     0.5214     0.5253  29.591874  29.593224    34.8341    34.8315    293.750    317.273    -0.1671     4.6386     0.0830     0.0830     0.0432     0.0183      66794    46.3840     100.00     2.2167     2.0926          4  0.000e+00
    501.498   79.36794  171.55058    507.472     0.5207     0.5251  29.591066  29.593516    34.8339    34.8321    293.963    315.542    -0.1671     4.6386     0.0830     0.0830     0.0432     0.0183      66795    46.3847     100.00     2.2180     2.0840          4  0.000e+00
    501.555   79.36794  171.55058    507.530     0.5206     0.5251  29.591066  29.593282    34.8339    34.8318    293.757    313.569    -0.1671     4.6374     0.0830     0.0830     0.0443     0.0183      66796    46.3854     100.00     2.2167     2.0742          4  0.000e+00
    501.555   79.36794  171.55058    507.530     0.5200     0.5251  29.590942  29.593165    34.8344    34.8316    293.761    311.840    -0.1671     4.6374     0.0830     0.0830     0.0443     0.0183      66797    46.3861     100.00     2.2167     2.0656          4  0.000e+00
    501.498   79.36794  171.55058    507.472     0.5204     0.5253  29.590631  29.593165    34.8336    34.8314    293.757    310.354    -0.1671     4.6374     0.0830     0.0830     0.0443     0.0183      66798    46.3868     100.00     2.2167     2.0582          4  0.000e+00
    501.564   79.36794  171.55058    507.539     0.5202     0.5251  29.590755  29.593341    34.8340    34.8318    293.761    308.876    -0.1366     4.6374     0.0830     0.0830     0.0443     0.0195      66799    46.3875     100.00     2.2167     2.0509          4  0.000e+00
    501.498   79.36794  171.55058    507.472     0.5203     0.5253  29.590693  29.592990    34.8338    34.8312    293.758    307.638    -0.1671     4.6374     0.0818     0.0818     0.0443     0.0183      66800    46.3882     100.00     2.2167     2.0448          4  0.000e+00
    501.555   79.36794  171.55058    507.530     0.5202     0.5247  29.590817  29.592873    34.8340    34.8317    293.760    306.656    -0.1671     4.6386     0.0830     0.0830     0.0432     0.0183      66801    46.3889     100.00     2.2167     2.0399          4  0.000e+00
    501.498   79.36794  171.55058    507.472     0.5204     0.5246  29.590693  29.592873    34.8337    34.8318    293.966    305.419    -0.1671     4.6386     0.0830     0.0830     0.0432     0.0183      66802    46.3896     100.00     2.2180     2.0337          4  0.000e+00
    501.564   79.36794  171.55058    507.539     0.5205     0.5248  29.591004  29.592873    34.8339    34.8315    293.758    304.433    -0.1671     4.6386     0.0818     0.0818     0.0432     0.0183      66803    46.3903     100.00     2.2167     2.0288          4  0.000e+00
    501.555   79.36794  171.55058    507.530     0.5211     0.5248  29.591750  29.592639    34.8343    34.8312    293.961    303.445    -0.1976     4.6374     0.0830     0.0830     0.0443     0.0171      66804    46.3910     100.00     2.2180     2.0239          4  0.000e+00
    501.498   79.36794  171.55058    507.472     0.5213     0.5246  29.591998  29.592580    34.8344    34.8314    293.957    302.703    -0.1671     4.6386     0.0818     0.0818     0.0432     0.0183      66805    46.3917     100.00     2.2180     2.0203          4  0.000e+00
    501.555   79.36794  171.55058    507.530     0.5217     0.5246  29.592185  29.592581    34.8341    34.8314    293.747    301.964    -0.1976     4.6374     0.0818     0.0818     0.0443     0.0171      66806    46.3924     100.00     2.2167     2.0166          4  0.000e+00
    501.564   79.36794  171.55058    507.539     0.5220     0.5243  29.592495  29.592581    34.8342    34.8317    293.744    301.472    -0.1976     4.6374     0.0830     0.0830     0.0443     0.0171      66807    46.3931     100.00     2.2167     2.0141          4  0.000e+00
    501.498   79.36794  171.55058    507.472     0.5223     0.5242  29.592744  29.592580    34.8342    34.8319    293.739    296.283    -0.1976     4.6374     0.0818     0.0818     0.0443     0.0171      66808    46.3937     100.00     2.2167     1.9884          4  0.000e+00
    501.555   79.36794  171.55058    507.530     0.5222     0.5242  29.592620  29.592581    34.8341    34.8319    293.951    281.711    -0.1671     4.6386     0.0818     0.0818     0.0432     0.0183      66809    46.3944     100.00     2.2180     1.9161          4  0.000e+00
    501.564   79.36794  171.55058    507.539     0.5221     0.5242  29.592558  29.592581    34.8341    34.8319    293.744    266.890    -0.1671     4.6374     0.0818     0.0818     0.0443     0.0183      66810    46.3951     100.00     2.2167     1.8426          4  0.000e+00
