Continuous CTD Data/01_SBE Stage/nabos_03_02.ros
* Sea-Bird SBE 9 Data File:
* FileName = D:\CTD\data\HLY2502\raw\NABOS_03_02.hex
* Software Version Seasave V 7.26.7.110
* Temperature SN = 6954
* Conductivity SN = 2561
* Number of Bytes Per Scan = 37
* Number of Voltage Words = 4
* Number of Scans Averaged by the Deck Unit = 1
* NMEA Latitude = 74 27.63 N
* NMEA Longitude = 169 54.47 E
* NMEA UTC (Time) = Sep 13 2025  07:50:08
* NMEA baud rate = 9600
** Ship: USCG HEALY
** Bot. Depth:  56
** Cast Number:  02
** Station Name:  NABOS
** Station Number:  03
** Operator:  STARC
** Target 46 m, bottles 24 leaked and 4 spigot leaked on cast 1
# nquan = 25
# nvalues = 588                                   
# units = specified
# name 0 = depSM: Depth [salt water, m]
# name 1 = latitude: Latitude [deg]
# name 2 = longitude: Longitude [deg]
# name 3 = prDM: Pressure, Digiquartz [db]
# name 4 = t090C: Temperature [ITS-90, deg C]
# name 5 = t190C: Temperature, 2 [ITS-90, deg C]
# name 6 = c0mS/cm: Conductivity [mS/cm]
# name 7 = c1mS/cm: Conductivity, 2 [mS/cm]
# name 8 = sal00: Salinity, Practical [PSU]
# name 9 = sal11: Salinity, Practical, 2 [PSU]
# name 10 = sbox0Mm/Kg: Oxygen, SBE 43 [umol/kg]
# name 11 = sbox1Mm/Kg: Oxygen, SBE 43, 2 [umol/kg]
# name 12 = flECO-AFL: Fluorescence, WET Labs ECO-AFL/FL [mg/m^3]
# name 13 = v2: Voltage 2
# name 14 = wetCDOM: Fluorescence, WET Labs CDOM [mg/m^3]
# name 15 = v6: Voltage 6
# name 16 = CStarAt0: Beam Attenuation, WET Labs C-Star [1/m]
# name 17 = v3: Voltage 3
# name 18 = scan: Scan Count
# name 19 = timeM: Time, Elapsed [minutes]
# name 20 = altM: Altimeter [m]
# name 21 = sbeox0V: Oxygen raw, SBE 43 [V]
# name 22 = sbeox1V: Oxygen raw, SBE 43, 2 [V]
# name 23 = nbf: Bottles Fired
# name 24 = flag:  0.000e+00
# interval = seconds: 0.0416667
# start_time = Sep 13 2025 07:50:08 [NMEA time, header]
# bad_flag = -9.990e-29
*END*
[from data line 290]
     29.998   74.46052  169.91142     30.314    -1.3800    -1.3763  23.779201  23.777227    29.3949    29.3887    362.268    351.229     0.1381     4.6313     0.1123     0.1123     0.0496     0.0305       9001     6.2500      14.24     2.5434     2.1991          6  0.000e+00
     29.998   74.46052  169.91142     30.314    -1.3796    -1.3762  23.779201  23.777497    29.3946    29.3888    362.049    351.226     0.1381     4.6313     0.1123     0.1123     0.0496     0.0305       9002     6.2507      13.89     2.5422     2.1991          6  0.000e+00
     29.998   74.46052  169.91142     30.314    -1.3799    -1.3762  23.779201  23.777443    29.3948    29.3888    362.267    351.482     0.1381     4.6313     0.1123     0.1123     0.0496     0.0305       9003     6.2514      13.63     2.5434     2.2003          6  0.000e+00
     29.998   74.46052  169.91142     30.314    -1.3794    -1.3759  23.779029  23.777551    29.3941    29.3887    362.048    351.480     0.1076     4.6300     0.1123     0.1123     0.0506     0.0293       9004     6.2521      13.99     2.5422     2.2003          6  0.000e+00
     20.325   74.46052  169.91276     20.539    -1.1761    -1.1798  23.675892  23.668514    29.0614    29.0551    372.525    356.202     0.2908     4.5983     0.1111     0.1111     0.0782     0.0366      11048     7.6715      37.90     2.6118     2.2308          7  0.000e+00
     20.202   74.46052  169.91276     20.415    -1.1761    -1.1803  23.676064  23.667759    29.0617    29.0546    372.304    355.948     0.2908     4.5971     0.1111     0.1111     0.0792     0.0366      11049     7.6722      37.90     2.6106     2.2296          7  0.000e+00
     20.268   74.46052  169.91276     20.481    -1.1762    -1.1804  23.675892  23.667058    29.0615    29.0538    372.523    355.701     0.2908     4.5983     0.1111     0.1111     0.0782     0.0366      11050     7.6729      37.85     2.6118     2.2284          7  0.000e+00
     20.342   74.46052  169.91276     20.556    -1.1761    -1.1798  23.675663  23.667382    29.0611    29.0536    372.313    355.699     0.2908     4.5971     0.1111     0.1111     0.0792     0.0366      11051     7.6736      37.95     2.6106     2.2284          7  0.000e+00
     20.268   74.46052  169.91276     20.481    -1.1761    -1.1803  23.675490  23.666842    29.0609    29.0534    372.309    355.701     0.2908     4.5971     0.1099     0.1099     0.0792     0.0366      11052     7.6743      37.95     2.6106     2.2284          7  0.000e+00
     20.268   74.46052  169.91276     20.481    -1.1766    -1.1809  23.675032  23.666627    29.0608    29.0537    372.315    355.452     0.2908     4.5971     0.1111     0.1111     0.0792     0.0366      11053     7.6750      37.95     2.6106     2.2272          7  0.000e+00
     20.219   74.46052  169.91276     20.431    -1.1770    -1.1806  23.673828  23.667004    29.0595    29.0539    372.536    355.446     0.3518     4.5971     0.1111     0.1111     0.0792     0.0391      11054     7.6757      37.92     2.6118     2.2272          7  0.000e+00
     20.325   74.46052  169.91276     20.539    -1.1781    -1.1805  23.671535  23.667274    29.0575    29.0541    372.345    355.704     0.3518     4.5971     0.1111     0.1111     0.0792     0.0391      11055     7.6764      37.88     2.6106     2.2284          7  0.000e+00
     20.268   74.46052  169.91276     20.481    -1.1796    -1.1806  23.668784  23.667489    29.0553    29.0545    372.795    355.955     0.3518     4.5971     0.1111     0.1111     0.0792     0.0391      11056     7.6771      37.83     2.6130     2.2296          7  0.000e+00
     20.202   74.46052  169.91276     20.415    -1.1809    -1.1806  23.666663  23.667058    29.0537    29.0540    372.596    356.207     0.3518     4.5971     0.1111     0.1111     0.0792     0.0391      11057     7.6778      37.85     2.6118     2.2308          7  0.000e+00
     20.276   74.46052  169.91276     20.489    -1.1821    -1.1807  23.665115  23.667382    29.0528    29.0545    372.616    356.465     0.3213     4.5971     0.1111     0.1111     0.0792     0.0379      11058     7.6785      37.85     2.6118     2.2321          7  0.000e+00
     20.268   74.46052  169.91276     20.481    -1.1835    -1.1801  23.663912  23.667597    29.0525    29.0542    372.633    356.713     0.3518     4.5971     0.1111     0.1111     0.0792     0.0391      11059     7.6792      37.85     2.6118     2.2333          7  0.000e+00
     20.268   74.46052  169.91276     20.481    -1.1833    -1.1800  23.663969  23.667759    29.0524    29.0543    372.631    356.965     0.3518     4.5983     0.1111     0.1111     0.0782     0.0391      11060     7.6799      37.85     2.6118     2.2345          7  0.000e+00
     20.202   74.46052  169.91276     20.415    -1.1832    -1.1804  23.664771  23.667274    29.0534    29.0541    372.838    356.967     0.3518     4.5995     0.1111     0.1111     0.0771     0.0391      11061     7.6806      37.90     2.6130     2.2345          7  0.000e+00
     20.276   74.46052  169.91276     20.489    -1.1829    -1.1804  23.665402  23.667112    29.0539    29.0538    372.622    356.972     0.3518     4.5995     0.1111     0.1111     0.0771     0.0391      11062     7.6813      37.90     2.6118     2.2345          7  0.000e+00
     20.202   74.46052  169.91276     20.415    -1.1821    -1.1806  23.666892  23.667112    29.0552    29.0541    372.606    357.223     0.3518     4.5983     0.1111     0.1111     0.0782     0.0391      11063     7.6819      37.88     2.6118     2.2357          7  0.000e+00
     20.268   74.46052  169.91276     20.481    -1.1810    -1.1804  23.669414  23.666735    29.0575    29.0533    372.805    357.227     0.3518     4.5983     0.1111     0.1111     0.0782     0.0391      11064     7.6826      37.90     2.6130     2.2357          7  0.000e+00
     20.268   74.46052  169.91276     20.481    -1.1796    -1.1806  23.671306  23.666627    29.0587    29.0534    372.570    356.974     0.3518     4.5983     0.1111     0.1111     0.0782     0.0391      11065     7.6833      37.90     2.6118     2.2345          7  0.000e+00
     20.219   74.46050  169.91278     20.431    -1.1787    -1.1811  23.671420  23.665009    29.0580    29.0517    372.775    356.982     0.3518     4.5983     0.1111     0.1111     0.0782     0.0391      11066     7.6840      37.88     2.6130     2.2345          7  0.000e+00
     20.268   74.46050  169.91278     20.481    -1.1791    -1.1820  23.669930  23.663446    29.0564    29.0504    372.787    357.252     0.3518     4.5983     0.1111     0.1111     0.0782     0.0391      11067     7.6847      37.85     2.6130     2.2357          7  0.000e+00
     20.202   74.46050  169.91278     20.415    -1.1804    -1.1823  23.667522  23.662583    29.0544    29.0496    372.803    357.762     0.3518     4.5983     0.1111     0.1111     0.0782     0.0391      11068     7.6854      37.85     2.6130     2.2382          7  0.000e+00
     20.219   74.46050  169.91278     20.431    -1.1816    -1.1829  23.665287  23.661667    29.0526    29.0489    372.824    358.280     0.3518     4.5995     0.1099     0.1099     0.0771     0.0391      11069     7.6861      37.85     2.6130     2.2406          7  0.000e+00
     20.202   74.46050  169.91278     20.415    -1.1830    -1.1835  23.663510  23.660373    29.0515    29.0478    372.841    358.543     0.3518     4.5983     0.1111     0.1111     0.0782     0.0391      11070     7.6868      37.85     2.6130     2.2418          7  0.000e+00
     20.268   74.46050  169.91278     20.481    -1.1839    -1.1840  23.662765  23.659672    29.0514    29.0473    372.856    358.299     0.3518     4.5983     0.1111     0.1111     0.0782     0.0391      11071     7.6875      37.85     2.6130     2.2406          7  0.000e+00
     20.202   74.46050  169.91278     20.415    -1.1839    -1.1844  23.662650  23.659564    29.0513    29.0476    372.853    358.045     0.3518     4.5983     0.1111     0.1111     0.0782     0.0391      11072     7.6882      37.85     2.6130     2.2394          7  0.000e+00
     20.219   74.46050  169.91278     20.431    -1.1839    -1.1846  23.662822  23.659726    29.0515    29.0479    372.853    357.793     0.3518     4.5983     0.1111     0.1111     0.0782     0.0391      11073     7.6889      37.90     2.6130     2.2382          7  0.000e+00
     20.202   74.46050  169.91278     20.415    -1.1843    -1.1844  23.662192  23.660319    29.0510    29.0486    372.857    357.788     0.3518     4.5983     0.1111     0.1111     0.0782     0.0391      11074     7.6896      37.97     2.6130     2.2382          7  0.000e+00
     20.202   74.46050  169.91278     20.415    -1.1845    -1.1846  23.661619  23.659996    29.0505    29.0483    372.862    358.045     0.3518     4.5983     0.1111     0.1111     0.0782     0.0391      11075     7.6903      37.92     2.6130     2.2394          7  0.000e+00
     20.202   74.46050  169.91278     20.415    -1.1844    -1.1843  23.661848  23.660643    29.0506    29.0489    373.074    358.802     0.3518     4.5983     0.1111     0.1111     0.0782     0.0391      11076     7.6910      37.92     2.6142     2.2431          7  0.000e+00
     20.219   74.46050  169.91278     20.431    -1.1844    -1.1837  23.662135  23.661721    29.0510    29.0498    372.859    359.302     0.3823     4.5995     0.1111     0.1111     0.0771     0.0403      11077     7.6917      37.97     2.6130     2.2455          7  0.000e+00
     20.202   74.46050  169.91278     20.415    -1.1843    -1.1830  23.662364  23.662475    29.0512    29.0501    373.071    359.801     0.3823     4.5983     0.1111     0.1111     0.0782     0.0403      11078     7.6924      37.90     2.6142     2.2479          7  0.000e+00
     20.202   74.46050  169.91278     20.415    -1.1839    -1.1830  23.662593  23.662799    29.0512    29.0506    373.068    359.800     0.3518     4.5983     0.1099     0.1099     0.0782     0.0391      11079     7.6931      37.90     2.6142     2.2479          7  0.000e+00
     20.219   74.46050  169.91278     20.431    -1.1841    -1.1829  23.662994  23.662691    29.0519    29.0503    373.283    359.800     0.3823     4.5983     0.1111     0.1111     0.0782     0.0403      11080     7.6937      37.90     2.6155     2.2479          7  0.000e+00
     20.202   74.46050  169.91278     20.415    -1.1827    -1.1827  23.665287  23.662799    29.0536    29.0503    373.047    359.544     0.3518     4.5983     0.1111     0.1111     0.0782     0.0391      11081     7.6944      37.90     2.6142     2.2467          7  0.000e+00
     20.145   74.46050  169.91278     20.357    -1.1814    -1.1828  23.667752  23.662853    29.0557    29.0505    373.023    359.287     0.3518     4.5983     0.1111     0.1111     0.0782     0.0391      11082     7.6951      37.88     2.6142     2.2455          7  0.000e+00
     20.202   74.46050  169.91278     20.415    -1.1807    -1.1829  23.668669  23.662691    29.0562    29.0503    373.231    359.037     0.3823     4.5983     0.1111     0.1111     0.0782     0.0403      11083     7.6958      37.90     2.6155     2.2443          7  0.000e+00
     20.219   74.46050  169.91278     20.431    -1.1803    -1.1829  23.668783  23.662475    29.0560    29.0500    373.013    359.293     0.3518     4.5983     0.1111     0.1111     0.0782     0.0391      11084     7.6965      37.92     2.6142     2.2455          7  0.000e+00
     20.145   74.46050  169.91278     20.357    -1.1801    -1.1829  23.668611  23.662206    29.0556    29.0497    373.223    359.036     0.3823     4.5995     0.1099     0.1099     0.0771     0.0403      11085     7.6972      37.95     2.6155     2.2443          7  0.000e+00
     20.202   74.46050  169.91278     20.415    -1.1803    -1.1832  23.667637  23.662637    29.0544    29.0505    373.231    359.040     0.3823     4.5983     0.1111     0.1111     0.0782     0.0403      11086     7.6979      37.97     2.6155     2.2443          7  0.000e+00
     20.202   74.46050  169.91278     20.415    -1.1810    -1.1826  23.666491  23.663554    29.0536    29.0512    373.457    358.778     0.3823     4.5995     0.1111     0.1111     0.0771     0.0403      11087     7.6986      37.97     2.6167     2.2431          7  0.000e+00
     20.161   74.46050  169.91278     20.373    -1.1823    -1.1821  23.664943  23.663446    29.0528    29.0506    373.042    358.518     0.3823     4.5983     0.1111     0.1111     0.0782     0.0403      11088     7.6993      37.97     2.6142     2.2418          7  0.000e+00
     20.202   74.46050  169.91278     20.415    -1.1830    -1.1823  23.663453  23.662961    29.0515    29.0501    373.271    358.777     0.3823     4.5995     0.1099     0.1099     0.0771     0.0403      11089     7.7000      37.97     2.6155     2.2431          7  0.000e+00
     20.202   74.46050  169.91280     20.415    -1.1839    -1.1826  23.661905  23.662853    29.0503    29.0502    373.285    359.034     0.3823     4.5983     0.1111     0.1111     0.0782     0.0403      11090     7.7007      37.95     2.6155     2.2443          7  0.000e+00
     20.161   74.46050  169.91280     20.373    -1.1851    -1.1829  23.660415  23.662853    29.0494    29.0506    373.298    359.797     0.3518     4.5983     0.1111     0.1111     0.0782     0.0391      11091     7.7014      37.85     2.6155     2.2479          7  0.000e+00
     20.202   74.46050  169.91280     20.415    -1.1855    -1.1827  23.660071  23.662691    29.0493    29.0501    373.306    360.306     0.3518     4.5983     0.1111     0.1111     0.0782     0.0391      11092     7.7021      37.90     2.6155     2.2504          7  0.000e+00
     20.202   74.46050  169.91280     20.415    -1.1857    -1.1832  23.660243  23.662260    29.0497    29.0500    373.306    360.566     0.3823     4.5995     0.1099     0.1099     0.0771     0.0403      11093     7.7028      37.90     2.6155     2.2516          7  0.000e+00
     20.202   74.46050  169.91280     20.415    -1.1852    -1.1830  23.660988  23.661828    29.0502    29.0493    373.299    360.566     0.3823     4.5983     0.1099     0.1099     0.0782     0.0403      11094     7.7035      37.92     2.6155     2.2516          7  0.000e+00
     20.161   74.46050  169.91280     20.373    -1.1844    -1.1834  23.662478  23.661343    29.0516    29.0490    373.500    360.569     0.3823     4.5983     0.1099     0.1099     0.0782     0.0403      11095     7.7042      37.90     2.6167     2.2516          7  0.000e+00
     20.202   74.46050  169.91280     20.415    -1.1837    -1.1834  23.663739  23.661235    29.0525    29.0488    373.490    360.571     0.3823     4.5983     0.1099     0.1099     0.0782     0.0403      11096     7.7049      37.90     2.6167     2.2516          7  0.000e+00
     20.145   74.46050  169.91290     20.357    -1.1803    -1.1771  23.668382  23.672611    29.0555    29.0581    374.728    363.014     0.2908     4.5958     0.1111     0.1111     0.0803     0.0366      11210     7.7840      38.07     2.6240     2.2638          8  0.000e+00
     20.145   74.46050  169.91290     20.357    -1.1801    -1.1772  23.668669  23.672557    29.0557    29.0581    374.726    363.015     0.2908     4.5958     0.1111     0.1111     0.0803     0.0366      11211     7.7847      38.12     2.6240     2.2638          8  0.000e+00
     20.145   74.46050  169.91290     20.357    -1.1798    -1.1774  23.668095  23.671802    29.0546    29.0573    374.726    363.019     0.3213     4.5946     0.1111     0.1111     0.0813     0.0379      11212     7.7854      38.14     2.6240     2.2638          8  0.000e+00
     20.219   74.46050  169.91290     20.431    -1.1803    -1.1774  23.668038  23.670832    29.0550    29.0560    374.733    363.281     0.3213     4.5946     0.1111     0.1111     0.0813     0.0379      11213     7.7861      38.14     2.6240     2.2650          8  0.000e+00
