Continuous CTD Data/01_SBE Stage/nabos_04_01.ros
* Sea-Bird SBE 9 Data File:
* FileName = D:\CTD\data\HLY2502\raw\NABOS_04_01.hex
* Software Version Seasave V 7.26.7.110
* Temperature SN = 6954
* Conductivity SN = 2561
* Number of Bytes Per Scan = 37
* Number of Voltage Words = 4
* Number of Scans Averaged by the Deck Unit = 1
* NMEA Latitude = 74 49.90 N
* NMEA Longitude = 170 48.41 E
* NMEA UTC (Time) = Sep 13 2025  02:24:39
* NMEA baud rate = 9600
** Ship: USCG HEALY
** Bot. Depth:  66
** Cast Number:  01
** Station Name:  NABOS
** Station Number:  04
** Operator:  STARC
** 60m target depth, alimeter moved lower, yet untested
# nquan = 25
# nvalues = 1176                                  
# units = specified
# name 0 = depSM: Depth [salt water, m]
# name 1 = latitude: Latitude [deg]
# name 2 = longitude: Longitude [deg]
# name 3 = prDM: Pressure, Digiquartz [db]
# name 4 = t090C: Temperature [ITS-90, deg C]
# name 5 = t190C: Temperature, 2 [ITS-90, deg C]
# name 6 = c0mS/cm: Conductivity [mS/cm]
# name 7 = c1mS/cm: Conductivity, 2 [mS/cm]
# name 8 = sal00: Salinity, Practical [PSU]
# name 9 = sal11: Salinity, Practical, 2 [PSU]
# name 10 = sbox0Mm/Kg: Oxygen, SBE 43 [umol/kg]
# name 11 = sbox1Mm/Kg: Oxygen, SBE 43, 2 [umol/kg]
# name 12 = flECO-AFL: Fluorescence, WET Labs ECO-AFL/FL [mg/m^3]
# name 13 = v2: Voltage 2
# name 14 = wetCDOM: Fluorescence, WET Labs CDOM [mg/m^3]
# name 15 = v6: Voltage 6
# name 16 = CStarAt0: Beam Attenuation, WET Labs C-Star [1/m]
# name 17 = v3: Voltage 3
# name 18 = scan: Scan Count
# name 19 = timeM: Time, Elapsed [minutes]
# name 20 = altM: Altimeter [m]
# name 21 = sbeox0V: Oxygen raw, SBE 43 [V]
# name 22 = sbeox1V: Oxygen raw, SBE 43, 2 [V]
# name 23 = nbf: Bottles Fired
# name 24 = flag:  0.000e+00
# interval = seconds: 0.0416667
# start_time = Sep 13 2025 02:24:39 [NMEA time, header]
# bad_flag = -9.990e-29
*END*
[from data line 58]
     60.218   74.83202  170.80698     60.858    -1.2884    -1.2882  27.040164  27.036651    33.7289    33.7238    228.421    223.284     0.0160     4.1038     0.1270     0.1270     0.5336     0.0256       7039     4.8875       7.28     1.8289     1.6226          2  0.000e+00
     60.201   74.83202  170.80698     60.842    -1.2883    -1.2882  27.040103  27.036481    33.7286    33.7235    228.211    223.037     0.0160     4.1038     0.1270     0.1270     0.5336     0.0256       7040     4.8882       7.30     1.8277     1.6214          2  0.000e+00
     60.218   74.83202  170.80698     60.858    -1.2886    -1.2885  27.040103  27.035859    33.7289    33.7230    228.213    222.793     0.0160     4.1038     0.1270     0.1270     0.5336     0.0256       7041     4.8889       7.28     1.8277     1.6202          2  0.000e+00
     60.218   74.83202  170.80698     60.858    -1.2884    -1.2883  27.039923  27.035237    33.7285    33.7219    228.213    222.547     0.0160     4.1038     0.1245     0.1245     0.5336     0.0256       7042     4.8896       7.28     1.8277     1.6189          2  0.000e+00
     60.144   74.83202  170.80698     60.784    -1.2883    -1.2883  27.039863  27.035294    33.7283    33.7221    228.210    222.297    -0.0145     4.1038     0.1245     0.1245     0.5336     0.0244       7043     4.8903       7.28     1.8277     1.6177          2  0.000e+00
     60.398   74.83202  170.80698     61.041    -1.2884    -1.2883  27.039683  27.034785    33.7280    33.7212    228.219    222.059     0.0160     4.1038     0.1245     0.1245     0.5336     0.0256       7044     4.8910       7.28     1.8277     1.6165          2  0.000e+00
     60.086   74.83202  170.80698     60.726    -1.2886    -1.2885  27.039382  27.034954    33.7280    33.7218    228.211    222.050    -0.0145     4.1038     0.1245     0.1245     0.5336     0.0244       7045     4.8917       7.33     1.8277     1.6165          2  0.000e+00
     60.341   74.83202  170.80698     60.983    -1.2884    -1.2883  27.039142  27.034955    33.7274    33.7215    228.428    222.304     0.0160     4.1038     0.1245     0.1245     0.5336     0.0256       7046     4.8924       7.25     1.8289     1.6177          2  0.000e+00
     60.201   74.83202  170.80698     60.842    -1.2884    -1.2887  27.039262  27.034446    33.7276    33.7213    228.214    222.303    -0.0145     4.1038     0.1245     0.1245     0.5336     0.0244       7047     4.8931       7.25     1.8277     1.6177          2  0.000e+00
     60.398   74.83202  170.80698     61.041    -1.2884    -1.2883  27.039503  27.034163    33.7278    33.7204    228.429    222.802     0.0160     4.1038     0.1245     0.1245     0.5336     0.0256       7048     4.8937       7.25     1.8289     1.6202          2  0.000e+00
     60.267   74.83202  170.80698     60.908    -1.2884    -1.2887  27.039623  27.034276    33.7281    33.7210    228.424    223.047     0.0160     4.1038     0.1245     0.1245     0.5336     0.0256       7049     4.8944       7.25     1.8289     1.6214          2  0.000e+00
     60.283   74.83202  170.80698     60.925    -1.2886    -1.2889  27.039202  27.034163    33.7276    33.7210    228.217    223.048     0.0160     4.1038     0.1245     0.1245     0.5336     0.0256       7050     4.8951       7.25     1.8277     1.6214          2  0.000e+00
     60.324   74.83202  170.80698     60.966    -1.2887    -1.2887  27.039623  27.034276    33.7284    33.7210    228.219    223.296     0.0160     4.1038     0.1245     0.1245     0.5336     0.0256       7051     4.8958       7.23     1.8277     1.6226          2  0.000e+00
     60.218   74.83202  170.80698     60.858    -1.2886    -1.2887  27.039863  27.034559    33.7286    33.7214    228.214    223.292    -0.0145     4.1038     0.1245     0.1245     0.5336     0.0244       7052     4.8965       7.23     1.8277     1.6226          2  0.000e+00
     60.447   74.83202  170.80698     61.091    -1.2884    -1.2888  27.039924  27.034616    33.7284    33.7215    228.429    223.299    -0.0145     4.1038     0.1245     0.1245     0.5336     0.0244       7053     4.8972       7.23     1.8289     1.6226          2  0.000e+00
     60.218   74.83202  170.80698     60.858    -1.2886    -1.2887  27.039863  27.035124    33.7286    33.7222    228.423    223.290     0.0160     4.1038     0.1245     0.1245     0.5336     0.0256       7054     4.8979       7.23     1.8289     1.6226          2  0.000e+00
     60.390   74.83202  170.80698     61.032    -1.2884    -1.2887  27.039863  27.035747    33.7283    33.7229    228.427    223.294     0.0160     4.1038     0.1245     0.1245     0.5336     0.0256       7055     4.8986       7.23     1.8289     1.6226          2  0.000e+00
     60.341   74.83202  170.80698     60.983    -1.2884    -1.2883  27.039683  27.036086    33.7281    33.7230    228.426    223.290     0.0160     4.1038     0.1245     0.1245     0.5336     0.0256       7056     4.8993       7.20     1.8289     1.6226          2  0.000e+00
     60.390   74.83202  170.80698     61.032    -1.2884    -1.2885  27.039984  27.036369    33.7285    33.7236    228.427    223.539     0.0160     4.1038     0.1245     0.1245     0.5336     0.0256       7057     4.9000       7.16     1.8289     1.6238          2  0.000e+00
     60.341   74.83202  170.80698     60.983    -1.2884    -1.2885  27.040104  27.036199    33.7286    33.7234    228.425    223.538     0.0160     4.1038     0.1245     0.1245     0.5336     0.0256       7058     4.9007       7.16     1.8289     1.6238          2  0.000e+00
     60.390   74.83202  170.80698     61.032    -1.2883    -1.2883  27.039924  27.036142    33.7282    33.7231    228.218    223.538    -0.0145     4.1038     0.1245     0.1245     0.5336     0.0244       7059     4.9014       7.16     1.8277     1.6238          2  0.000e+00
     60.283   74.83202  170.80698     60.925    -1.2883    -1.2883  27.040044  27.036481    33.7285    33.7236    228.214    223.534    -0.0145     4.0952     0.1245     0.1245     0.5420     0.0244       7060     4.9021       7.16     1.8277     1.6238          2  0.000e+00
     60.505   74.83202  170.80698     61.149    -1.2886    -1.2882  27.040285  27.036652    33.7290    33.7236    228.222    223.540    -0.0145     4.0904     0.1245     0.1245     0.5468     0.0244       7061     4.9028       7.16     1.8277     1.6238          2  0.000e+00
     60.398   74.83202  170.80698     61.041    -1.2884    -1.2885  27.040405  27.037217    33.7291    33.7248    228.218    223.784     0.0160     4.0891     0.1245     0.1245     0.5480     0.0256       7062     4.9035       7.16     1.8277     1.6250          2  0.000e+00
     60.341   74.83202  170.80698     60.983    -1.2886    -1.2881  27.040164  27.037273    33.7289    33.7244    228.217    223.780     0.0160     4.0891     0.1245     0.1245     0.5480     0.0256       7063     4.9042       7.13     1.8277     1.6250          2  0.000e+00
     60.505   74.83202  170.80698     61.149    -1.2883    -1.2880  27.040285  27.037556    33.7286    33.7246    228.220    223.784     0.0160     4.0891     0.1245     0.1245     0.5480     0.0256       7064     4.9049       7.13     1.8277     1.6250          2  0.000e+00
     60.398   74.83202  170.80698     61.041    -1.2884    -1.2880  27.040405  27.037726    33.7290    33.7249    228.426    223.781     0.0160     4.0904     0.1245     0.1245     0.5468     0.0256       7065     4.9056       7.13     1.8289     1.6250          2  0.000e+00
     60.505   74.83202  170.80698     61.149    -1.2886    -1.2882  27.040585  27.037896    33.7294    33.7253    228.012    223.784    -0.0145     4.0904     0.1245     0.1245     0.5468     0.0244       7066     4.9063       7.13     1.8265     1.6250          2  0.000e+00
     60.464   74.83202  170.80698     61.107    -1.2884    -1.2880  27.040826  27.038404    33.7296    33.7258    228.219    223.781     0.0160     4.0904     0.1245     0.1245     0.5468     0.0256       7067     4.9069       7.13     1.8277     1.6250          2  0.000e+00
     60.324   74.83202  170.80698     60.966    -1.2884    -1.2880  27.040885  27.038291    33.7298    33.7257    228.214    223.777     0.0160     4.0904     0.1245     0.1245     0.5468     0.0256       7068     4.9076       7.11     1.8277     1.6250          2  0.000e+00
     60.521   74.83202  170.80698     61.165    -1.2884    -1.2880  27.040705  27.038235    33.7294    33.7255    228.221    223.783     0.0160     4.0891     0.1233     0.1233     0.5480     0.0256       7069     4.9083       7.08     1.8277     1.6250          2  0.000e+00
     60.505   74.83202  170.80698     61.149    -1.2884    -1.2880  27.040826  27.038404    33.7296    33.7258    228.220    223.782     0.0160     4.0891     0.1233     0.1233     0.5480     0.0256       7070     4.9090       7.06     1.8277     1.6250          2  0.000e+00
     60.521   74.83202  170.80698     61.165    -1.2886    -1.2882  27.040886  27.038631    33.7298    33.7263    228.221    223.783     0.0160     4.0891     0.1233     0.1233     0.5480     0.0256       7071     4.9097       7.06     1.8277     1.6250          2  0.000e+00
     60.447   74.83202  170.80698     61.091    -1.2884    -1.2882  27.041066  27.039139    33.7299    33.7270    228.217    224.027     0.0160     4.0904     0.1233     0.1233     0.5468     0.0256       7072     4.9104       7.06     1.8277     1.6263          2  0.000e+00
     60.587   74.83202  170.80698     61.232    -1.2884    -1.2882  27.040585  27.039083    33.7292    33.7269    228.432    224.031     0.0160     4.0891     0.1233     0.1233     0.5480     0.0256       7073     4.9111       7.06     1.8289     1.6263          2  0.000e+00
     60.505   74.83202  170.80698     61.149    -1.2883    -1.2882  27.040946  27.039535    33.7296    33.7275    228.219    224.027     0.0160     4.0904     0.1233     0.1233     0.5468     0.0256       7074     4.9118       7.03     1.8277     1.6263          2  0.000e+00
     60.587   74.83202  170.80698     61.232    -1.2883    -1.2880  27.041187  27.039366    33.7298    33.7270    228.221    224.030     0.0160     4.0904     0.1233     0.1233     0.5468     0.0256       7075     4.9125       6.98     1.8277     1.6263          2  0.000e+00
     60.571   74.83202  170.80698     61.215    -1.2883    -1.2880  27.040766  27.039422    33.7293    33.7271    228.221    224.029     0.0160     4.0904     0.1233     0.1233     0.5468     0.0256       7076     4.9132       6.98     1.8277     1.6263          2  0.000e+00
     60.521   74.83202  170.80698     61.165    -1.2886    -1.2881  27.041367  27.039535    33.7304    33.7274    228.220    224.027     0.0160     4.0904     0.1233     0.1233     0.5468     0.0256       7077     4.9139       6.94     1.8277     1.6263          2  0.000e+00
     60.571   74.83202  170.80698     61.215    -1.2884    -1.2880  27.041367  27.039705    33.7303    33.7275    228.221    224.028     0.0160     4.0891     0.1233     0.1233     0.5480     0.0256       7078     4.9146       6.98     1.8277     1.6263          2  0.000e+00
     60.267   74.83204  170.80698     60.908    -1.2891    -1.2883  27.034092  27.036651    33.7212    33.7239    228.441    223.534     0.0160     4.0757     0.1233     0.1233     0.5611     0.0256       7185     4.9889       7.08     1.8289     1.6238          3  0.000e+00
     60.283   74.83204  170.80698     60.924    -1.2887    -1.2882  27.034152  27.036481    33.7209    33.7235    228.022    223.534    -0.0145     4.0757     0.1233     0.1233     0.5611     0.0244       7186     4.9896       7.08     1.8265     1.6238          3  0.000e+00
     60.144   74.83204  170.80698     60.783    -1.2891    -1.2884  27.034332  27.035803    33.7216    33.7228    228.228    223.532     0.0160     4.0757     0.1233     0.1233     0.5611     0.0256       7187     4.9903       7.08     1.8277     1.6238          3  0.000e+00
     60.398   74.83204  170.80698     61.041    -1.2889    -1.2883  27.034754  27.035803    33.7218    33.7226    228.025    223.540     0.0160     4.0757     0.1233     0.1233     0.5611     0.0256       7188     4.9910       7.11     1.8265     1.6238          3  0.000e+00
     60.086   74.83204  170.80698     60.725    -1.2889    -1.2885  27.034753  27.036085    33.7220    33.7234    228.016    223.530     0.0160     4.0757     0.1233     0.1233     0.5611     0.0256       7189     4.9917       7.11     1.8265     1.6238          3  0.000e+00
     60.464   74.83204  170.80698     61.107    -1.2891    -1.2882  27.035054  27.035973    33.7224    33.7227    228.236    223.788     0.0160     4.0757     0.1233     0.1233     0.5611     0.0256       7190     4.9924       7.11     1.8277     1.6250          3  0.000e+00
     60.267   74.83204  170.80698     60.908    -1.2889    -1.2883  27.034994  27.035690    33.7222    33.7225    228.229    223.783     0.0160     4.0757     0.1233     0.1233     0.5611     0.0256       7191     4.9931       7.11     1.8277     1.6250          3  0.000e+00
     60.283   74.83204  170.80698     60.924    -1.2886    -1.2885  27.035114  27.035803    33.7220    33.7229    228.228    223.784     0.0160     4.0757     0.1233     0.1233     0.5611     0.0256       7192     4.9938       7.11     1.8277     1.6250          3  0.000e+00
     60.324   74.83204  170.80698     60.966    -1.2889    -1.2885  27.035174  27.036086    33.7224    33.7232    228.231    223.785     0.0160     4.0757     0.1233     0.1233     0.5611     0.0256       7193     4.9944       7.13     1.8277     1.6250          3  0.000e+00
     60.217   74.83204  170.80698     60.858    -1.2889    -1.2883  27.035174  27.035972    33.7225    33.7230    228.227    224.028     0.0160     4.0757     0.1233     0.1233     0.5611     0.0256       7194     4.9951       7.13     1.8277     1.6263          3  0.000e+00
     60.267   74.83204  170.80698     60.908    -1.2889    -1.2883  27.035174  27.036086    33.7225    33.7231    228.229    224.276     0.0160     4.0757     0.1233     0.1233     0.5611     0.0256       7195     4.9958       7.13     1.8277     1.6275          3  0.000e+00
     60.217   74.83204  170.80698     60.858    -1.2887    -1.2885  27.035174  27.035972    33.7223    33.7232    228.227    224.276     0.0160     4.0757     0.1233     0.1233     0.5611     0.0256       7196     4.9965       7.13     1.8277     1.6275          3  0.000e+00
     60.324   74.83204  170.80698     60.966    -1.2889    -1.2883  27.035294  27.036255    33.7226    33.7233    228.231    224.525     0.0160     4.0757     0.1233     0.1233     0.5611     0.0256       7197     4.9972       7.13     1.8277     1.6287          3  0.000e+00
     60.283   74.83204  170.80698     60.924    -1.2889    -1.2883  27.035415  27.036425    33.7228    33.7235    228.020    224.523     0.0160     4.0757     0.1233     0.1233     0.5611     0.0256       7198     4.9979       7.13     1.8265     1.6287          3  0.000e+00
     60.267   74.83204  170.80698     60.908    -1.2889    -1.2882  27.035655  27.036425    33.7231    33.7234    228.228    224.522     0.0160     4.0757     0.1233     0.1233     0.5611     0.0256       7199     4.9986       7.13     1.8277     1.6287          3  0.000e+00
     60.217   74.83204  170.80698     60.858    -1.2889    -1.2882  27.035535  27.036594    33.7230    33.7237    228.018    224.520    -0.0145     4.0757     0.1233     0.1233     0.5611     0.0244       7200     4.9993       7.13     1.8265     1.6287          3  0.000e+00
     60.324   74.83204  170.80698     60.966    -1.2887    -1.2883  27.036016  27.036651    33.7234    33.7238    228.228    224.524     0.0160     4.0818     0.1233     0.1233     0.5551     0.0256       7201     5.0000       7.13     1.8277     1.6287          3  0.000e+00
