Continuous CTD Data/01_SBE Stage/nabos_23_01.ros
* Sea-Bird SBE 9 Data File:
* FileName = D:\CTD\data\HLY2502\raw\NABOS_23_01.hex
* Software Version Seasave V 7.26.7.110
* Temperature SN = 6954
* Conductivity SN = 2561
* Number of Bytes Per Scan = 37
* Number of Voltage Words = 4
* Number of Scans Averaged by the Deck Unit = 1
* NMEA Latitude = 79 43.17 N
* NMEA Longitude = 169 12.20 E
* NMEA UTC (Time) = Sep 19 2025  18:25:30
* NMEA baud rate = 9600
** Ship: USCG HEALY
** Bot. Depth:  1200
** Cast Number:  01
** Station Name:  NABOS
** Station Number:  23
** Operator:  STARC
# nquan = 25
# nvalues = 1078                                  
# units = specified
# name 0 = depSM: Depth [salt water, m]
# name 1 = latitude: Latitude [deg]
# name 2 = longitude: Longitude [deg]
# name 3 = prDM: Pressure, Digiquartz [db]
# name 4 = t090C: Temperature [ITS-90, deg C]
# name 5 = t190C: Temperature, 2 [ITS-90, deg C]
# name 6 = c0mS/cm: Conductivity [mS/cm]
# name 7 = c1mS/cm: Conductivity, 2 [mS/cm]
# name 8 = sal00: Salinity, Practical [PSU]
# name 9 = sal11: Salinity, Practical, 2 [PSU]
# name 10 = sbox0Mm/Kg: Oxygen, SBE 43 [umol/kg]
# name 11 = sbox1Mm/Kg: Oxygen, SBE 43, 2 [umol/kg]
# name 12 = flECO-AFL: Fluorescence, WET Labs ECO-AFL/FL [mg/m^3]
# name 13 = v2: Voltage 2
# name 14 = wetCDOM: Fluorescence, WET Labs CDOM [mg/m^3]
# name 15 = v6: Voltage 6
# name 16 = CStarAt0: Beam Attenuation, WET Labs C-Star [1/m]
# name 17 = v3: Voltage 3
# name 18 = scan: Scan Count
# name 19 = timeM: Time, Elapsed [minutes]
# name 20 = altM: Altimeter [m]
# name 21 = sbeox0V: Oxygen raw, SBE 43 [V]
# name 22 = sbeox1V: Oxygen raw, SBE 43, 2 [V]
# name 23 = nbf: Bottles Fired
# name 24 = flag:  0.000e+00
# interval = seconds: 0.0416667
# start_time = Sep 19 2025 18:25:30 [NMEA time, header]
# bad_flag = -9.990e-29
*END*
[from data line 812]
     30.130   79.72312  169.17684     30.454    -1.6183    -1.6182  25.471369  25.469720    31.9526    31.9502    365.547    363.296     0.1076     4.6056     0.1099     0.1099     0.0718     0.0293     102726    71.3368     100.00     2.5888     2.2792         17  0.000e+00
     30.130   79.72312  169.17684     30.454    -1.6181    -1.6182  25.471427  25.469942    31.9525    31.9505    365.546    361.279     0.1076     4.6056     0.1099     0.1099     0.0718     0.0293     102727    71.3375     100.00     2.5888     2.2694         17  0.000e+00
     30.065   79.72312  169.17684     30.388    -1.6181    -1.6182  25.471427  25.469720    31.9525    31.9503    365.542    360.017     0.1076     4.6056     0.1099     0.1099     0.0718     0.0293     102728    71.3382     100.00     2.5888     2.2633         17  0.000e+00
     30.130   79.72312  169.17684     30.454    -1.6181    -1.6182  25.471545  25.469610    31.9526    31.9501    365.545    359.264     0.1076     4.6056     0.1099     0.1099     0.0718     0.0293     102729    71.3389     100.00     2.5888     2.2597         17  0.000e+00
     30.130   79.72312  169.17684     30.454    -1.6181    -1.6182  25.471251  25.469942    31.9522    31.9505    365.333    358.759     0.1076     4.6056     0.1099     0.1099     0.0718     0.0293     102730    71.3396     100.00     2.5876     2.2572         17  0.000e+00
     30.130   79.72312  169.17684     30.454    -1.6183    -1.6184  25.471192  25.469886    31.9523    31.9506    365.335    358.509     0.1076     4.6056     0.1099     0.1099     0.0718     0.0293     102731    71.3403     100.00     2.5876     2.2560         17  0.000e+00
     30.130   79.72312  169.17684     30.454    -1.6181    -1.6182  25.471369  25.469997    31.9524    31.9506    365.333    358.255     0.1076     4.6056     0.1099     0.1099     0.0718     0.0293     102732    71.3410     100.00     2.5876     2.2548         17  0.000e+00
     30.130   79.72312  169.17684     30.454    -1.6183    -1.6182  25.471369  25.469942    31.9526    31.9505    365.334    357.751     0.1076     4.6056     0.1099     0.1099     0.0718     0.0293     102733    71.3417     100.00     2.5876     2.2523         17  0.000e+00
     30.130   79.72312  169.17684     30.454    -1.6183    -1.6184  25.471604  25.469665    31.9529    31.9503    365.333    357.501     0.1076     4.6056     0.1099     0.1099     0.0718     0.0293     102734    71.3424     100.00     2.5876     2.2511         17  0.000e+00
     30.130   79.72312  169.17684     30.454    -1.6181    -1.6182  25.471310  25.469776    31.9523    31.9503    365.333    357.752     0.1076     4.6044     0.1087     0.1087     0.0728     0.0293     102735    71.3431     100.00     2.5876     2.2523         17  0.000e+00
     30.089   79.72312  169.17684     30.413    -1.6181    -1.6185  25.471545  25.469831    31.9527    31.9507    365.543    357.500     0.1076     4.6056     0.1099     0.1099     0.0718     0.0293     102736    71.3438     100.00     2.5888     2.2511         17  0.000e+00
     30.130   79.72312  169.17684     30.454    -1.6184    -1.6185  25.471604  25.469997    31.9530    31.9509    365.334    357.249     0.1076     4.6044     0.1099     0.1099     0.0728     0.0293     102737    71.3444     100.00     2.5876     2.2499         17  0.000e+00
     30.130   79.72312  169.17684     30.454    -1.6183    -1.6184  25.471427  25.470108    31.9527    31.9510    365.547    356.744     0.1076     4.6044     0.1099     0.1099     0.0728     0.0293     102738    71.3451     100.00     2.5888     2.2475         17  0.000e+00
     30.130   79.72312  169.17684     30.454    -1.6181    -1.6185  25.471604  25.470108    31.9527    31.9511    365.332    356.492     0.1076     4.6056     0.1099     0.1099     0.0718     0.0293     102739    71.3458     100.00     2.5876     2.2462         17  0.000e+00
     30.130   79.72312  169.17684     30.454    -1.6184    -1.6184  25.471310  25.469886    31.9526    31.9506    365.335    356.240     0.1076     4.6056     0.1099     0.1099     0.0718     0.0293     102740    71.3465     100.00     2.5876     2.2450         17  0.000e+00
     30.130   79.72312  169.17684     30.454    -1.6180    -1.6187  25.471310  25.469997    31.9522    31.9511    365.332    356.494     0.1076     4.6056     0.1099     0.1099     0.0718     0.0293     102741    71.3472     100.00     2.5876     2.2462         17  0.000e+00
     30.130   79.72312  169.17684     30.454    -1.6183    -1.6184  25.471604  25.469942    31.9529    31.9507    365.333    356.744     0.1076     4.6044     0.1099     0.1099     0.0728     0.0293     102742    71.3479     100.00     2.5876     2.2475         17  0.000e+00
     30.130   79.72312  169.17682     30.454    -1.6184    -1.6184  25.471722  25.469886    31.9532    31.9506    365.333    356.744     0.1076     4.6044     0.1099     0.1099     0.0728     0.0293     102743    71.3486     100.00     2.5876     2.2475         17  0.000e+00
     30.130   79.72312  169.17682     30.454    -1.6184    -1.6182  25.471486  25.469997    31.9529    31.9506    365.334    356.994     0.1076     4.6056     0.1099     0.1099     0.0718     0.0293     102744    71.3493     100.00     2.5876     2.2487         17  0.000e+00
     30.065   79.72312  169.17682     30.388    -1.6183    -1.6184  25.471545  25.470052    31.9529    31.9509    365.330    356.992     0.1076     4.6044     0.1099     0.1099     0.0728     0.0293     102745    71.3500     100.00     2.5876     2.2487         17  0.000e+00
     30.130   79.72312  169.17682     30.454    -1.6183    -1.6185  25.471251  25.469942    31.9524    31.9509    365.334    356.493     0.1076     4.6044     0.1099     0.1099     0.0728     0.0293     102746    71.3507     100.00     2.5876     2.2462         17  0.000e+00
     20.038   79.72320  169.17640     20.253    -1.6176    -1.6124  24.997847  25.016063    31.3061    31.3257    366.672    357.931     0.3518     4.5714     0.1074     0.1074     0.1016     0.0391     104421    72.5139     100.00     2.5874     2.2473         18  0.000e+00
     19.981   79.72320  169.17640     20.195    -1.6130    -1.6124  25.018186  25.017658    31.3293    31.3280    366.337    357.670     0.3823     4.5714     0.1074     0.1074     0.1016     0.0403     104422    72.5146     100.00     2.5862     2.2461         18  0.000e+00
     20.054   79.72320  169.17638     20.270    -1.6103    -1.6124  25.029411  25.018208    31.3418    31.3287    366.273    357.924     0.3518     4.5714     0.1074     0.1074     0.1016     0.0391     104423    72.5153     100.00     2.5862     2.2473         18  0.000e+00
     19.981   79.72320  169.17638     20.195    -1.6077    -1.6121  25.030405  25.019032    31.3405    31.3296    366.458    358.674     0.3518     4.5726     0.1074     0.1074     0.1005     0.0391     104424    72.5160     100.00     2.5874     2.2510         18  0.000e+00
     19.981   79.72320  169.17638     20.195    -1.6066    -1.6120  25.029060  25.019967    31.3375    31.3307    366.454    359.175     0.3823     4.5714     0.1074     0.1074     0.1016     0.0403     104425    72.5167     100.00     2.5874     2.2534         18  0.000e+00
     20.038   79.72320  169.17638     20.253    -1.6068    -1.6116  25.028475  25.022441    31.3369    31.3336    366.462    359.165     0.3823     4.5714     0.1074     0.1074     0.1016     0.0403     104426    72.5174     100.00     2.5874     2.2534         18  0.000e+00
     19.997   79.72320  169.17638     20.212    -1.6074    -1.6103  25.030346  25.026345    31.3401    31.3377    366.456    357.873     0.3823     4.5726     0.1074     0.1074     0.1005     0.0403     104427    72.5181     100.00     2.5874     2.2473         18  0.000e+00
     19.981   79.72320  169.17638     20.195    -1.6066    -1.6089  25.041807  25.030085    31.3550    31.3414    366.404    356.835     0.3518     4.5714     0.1074     0.1074     0.1016     0.0391     104428    72.5187     100.00     2.5874     2.2424         18  0.000e+00
     20.038   79.72320  169.17638     20.253    -1.6042    -1.6086  25.058650  25.032505    31.3756    31.3443    366.320    356.574     0.3823     4.5714     0.1074     0.1074     0.1016     0.0403     104429    72.5194     100.00     2.5874     2.2412         18  0.000e+00
     19.981   79.72320  169.17638     20.195    -1.6015    -1.6091  25.071344  25.034649    31.3903    31.3478    366.031    357.072     0.3823     4.5714     0.1074     0.1074     0.1016     0.0403     104430    72.5201     100.00     2.5862     2.2437         18  0.000e+00
     20.054   79.72320  169.17638     20.270    -1.5995    -1.6086  25.079769  25.034430    31.3997    31.3469    365.985    357.325     0.3823     4.5714     0.1074     0.1074     0.1016     0.0403     104431    72.5208     100.00     2.5862     2.2449         18  0.000e+00
     19.981   79.72320  169.17638     20.195    -1.5988    -1.6089  25.084976  25.031240    31.4061    31.3430    366.168    356.831     0.3823     4.5726     0.1074     0.1074     0.1005     0.0403     104432    72.5215     100.00     2.5874     2.2424         18  0.000e+00
     19.981   79.72320  169.17638     20.195    -1.5981    -1.6097  25.089130  25.028270    31.4111    31.3397    366.146    355.584     0.3823     4.5726     0.1074     0.1074     0.1005     0.0403     104433    72.5222     100.00     2.5874     2.2363         18  0.000e+00
     20.054   79.72320  169.17638     20.270    -1.5977    -1.6100  25.093344  25.024751    31.4164    31.3351    366.130    354.593     0.3823     4.5726     0.1074     0.1074     0.1005     0.0403     104434    72.5229     100.00     2.5874     2.2314         18  0.000e+00
     19.981   79.72320  169.17638     20.195    -1.5970    -1.6103  25.095684  25.021287    31.4190    31.3307    365.898    354.352     0.3518     4.5714     0.1074     0.1074     0.1016     0.0391     104435    72.5236     100.00     2.5862     2.2302         18  0.000e+00
     20.038   79.72320  169.17638     20.253    -1.5963    -1.6112  25.097557  25.018812    31.4207    31.3282    366.101    354.371     0.3823     4.5726     0.1074     0.1074     0.1005     0.0403     104436    72.5243     100.00     2.5874     2.2302         18  0.000e+00
     19.981   79.72320  169.17638     20.195    -1.5957    -1.6117  25.099313  25.016613    31.4225    31.3258    365.872    354.381     0.3518     4.5726     0.1074     0.1074     0.1005     0.0391     104437    72.5250     100.00     2.5862     2.2302         18  0.000e+00
     19.997   79.72320  169.17638     20.212    -1.5957    -1.6121  25.101244  25.012599    31.4252    31.3207    365.865    354.401     0.3823     4.5726     0.1074     0.1074     0.1005     0.0403     104438    72.5257     100.00     2.5862     2.2302         18  0.000e+00
     20.038   79.72320  169.17638     20.253    -1.5954    -1.6129  25.102122  25.006992    31.4261    31.3138    365.862    354.430     0.3518     4.5726     0.1074     0.1074     0.1005     0.0391     104439    72.5264     100.00     2.5862     2.2302         18  0.000e+00
     19.981   79.72320  169.17638     20.195    -1.5952    -1.6140  25.102766  25.002979    31.4268    31.3095    365.855    354.199     0.3518     4.5726     0.1087     0.1087     0.1005     0.0391     104440    72.5271     100.00     2.5862     2.2290         18  0.000e+00
     20.054   79.72320  169.17638     20.270    -1.5949    -1.6148  25.103176  25.001385    31.4270    31.3080    365.854    354.215     0.3518     4.5726     0.1087     0.1087     0.1005     0.0391     104441    72.5278     100.00     2.5862     2.2290         18  0.000e+00
     19.981   79.72320  169.17638     20.195    -1.5951    -1.6149  25.103234  25.002044    31.4273    31.3091    365.852    353.957     0.3518     4.5726     0.1087     0.1087     0.1005     0.0391     104442    72.5285     100.00     2.5862     2.2278         18  0.000e+00
     20.038   79.72320  169.17638     20.253    -1.5953    -1.6143  25.102883  25.003529    31.4270    31.3105    366.071    353.696     0.3518     4.5726     0.1087     0.1087     0.1005     0.0391     104443    72.5292     100.00     2.5874     2.2266         18  0.000e+00
     19.981   79.72320  169.17638     20.195    -1.5953    -1.6126  25.102766  25.007157    31.4269    31.3137    366.069    353.919     0.3518     4.5726     0.1087     0.1087     0.1005     0.0391     104444    72.5299     100.00     2.5874     2.2278         18  0.000e+00
     19.997   79.72320  169.17638     20.212    -1.5949    -1.6114  25.102766  25.010235    31.4264    31.3167    366.066    353.898     0.3518     4.5726     0.1087     0.1087     0.1005     0.0391     104445    72.5306     100.00     2.5874     2.2278         18  0.000e+00
     19.981   79.72320  169.17638     20.195    -1.5952    -1.6112  25.102766  25.010180    31.4268    31.3164    365.855    354.401     0.3518     4.5726     0.1087     0.1087     0.1005     0.0391     104446    72.5313     100.00     2.5862     2.2302         18  0.000e+00
     20.038   79.72320  169.17638     20.253    -1.5951    -1.6121  25.103293  25.009960    31.4274    31.3170    366.068    355.424     0.3518     4.5726     0.1087     0.1087     0.1005     0.0391     104447    72.5319     100.00     2.5874     2.2351         18  0.000e+00
     20.038   79.72320  169.17638     20.253    -1.5951    -1.6132  25.103819  25.009411    31.4280    31.3174    366.065    357.205     0.3518     4.5726     0.1087     0.1087     0.1005     0.0391     104448    72.5326     100.00     2.5874     2.2437         18  0.000e+00
     19.997   79.72320  169.17638     20.212    -1.5949    -1.6133  25.104522  25.007542    31.4288    31.3150    365.846    358.981     0.3518     4.5726     0.1087     0.1087     0.1005     0.0391     104449    72.5333     100.00     2.5862     2.2522         18  0.000e+00
     19.981   79.72320  169.17638     20.195    -1.5951    -1.6135  25.104522  25.004628    31.4290    31.3112    365.846    359.499     0.3518     4.5726     0.1087     0.1087     0.1005     0.0391     104450    72.5340     100.00     2.5862     2.2546         18  0.000e+00
     20.038   79.72320  169.17638     20.253    -1.5949    -1.6136  25.104463  25.007487    31.4288    31.3152    365.849    358.986     0.3518     4.5726     0.1087     0.1087     0.1005     0.0391     104451    72.5347     100.00     2.5862     2.2522         18  0.000e+00
     19.997   79.72320  169.17638     20.212    -1.5949    -1.6107  25.104814  25.021562    31.4292    31.3315    366.058    358.653     0.3518     4.5739     0.1087     0.1087     0.0995     0.0391     104452    72.5354     100.00     2.5874     2.2510         18  0.000e+00
     19.981   79.72320  169.17638     20.195    -1.5951    -1.6068  25.104931  25.043174    31.4296    31.3571    365.845    358.284     0.3518     4.5739     0.1087     0.1087     0.0995     0.0391     104453    72.5361     100.00     2.5862     2.2498         18  0.000e+00
     20.038   79.72320  169.17638     20.253    -1.5949    -1.6025  25.105283  25.065784    31.4299    31.3837    366.058    358.164     0.3518     4.5739     0.1087     0.1087     0.0995     0.0391     104454    72.5368     100.00     2.5874     2.2498         18  0.000e+00
     19.981   79.72320  169.17638     20.195    -1.5948    -1.5994  25.105809  25.081632    31.4305    31.4021    365.839    358.074     0.3518     4.5739     0.1087     0.1087     0.0995     0.0391     104455    72.5375     100.00     2.5862     2.2498         18  0.000e+00
     19.997   79.72320  169.17638     20.212    -1.5947    -1.5972  25.105400  25.088676    31.4299    31.4096    366.054    357.526     0.3518     4.5739     0.1087     0.1087     0.0995     0.0391     104456    72.5382     100.00     2.5874     2.2473         18  0.000e+00
