Continuous CTD Data/01_SBE Stage/nabos_02_01.ros
* Sea-Bird SBE 9 Data File:
* FileName = D:\CTD\data\HLY2502\raw\NABOS_02_01.hex
* Software Version Seasave V 7.26.7.110
* Temperature SN = 6954
* Conductivity SN = 2561
* Number of Bytes Per Scan = 37
* Number of Voltage Words = 4
* Number of Scans Averaged by the Deck Unit = 1
* NMEA Latitude = 74 06.85 N
* NMEA Longitude = 168 41.05 E
* NMEA UTC (Time) = Sep 13 2025  10:56:16
* NMEA baud rate = 9600
** Ship: USCG HEALY
** Bot. Depth:  48
** Cast Number:  01
** Station Name:  NABOS
** Station Number:  02
** Operator:  STARC
# nquan = 25
# nvalues = 1176                                  
# units = specified
# name 0 = depSM: Depth [salt water, m]
# name 1 = latitude: Latitude [deg]
# name 2 = longitude: Longitude [deg]
# name 3 = prDM: Pressure, Digiquartz [db]
# name 4 = t090C: Temperature [ITS-90, deg C]
# name 5 = t190C: Temperature, 2 [ITS-90, deg C]
# name 6 = c0mS/cm: Conductivity [mS/cm]
# name 7 = c1mS/cm: Conductivity, 2 [mS/cm]
# name 8 = sal00: Salinity, Practical [PSU]
# name 9 = sal11: Salinity, Practical, 2 [PSU]
# name 10 = sbox0Mm/Kg: Oxygen, SBE 43 [umol/kg]
# name 11 = sbox1Mm/Kg: Oxygen, SBE 43, 2 [umol/kg]
# name 12 = flECO-AFL: Fluorescence, WET Labs ECO-AFL/FL [mg/m^3]
# name 13 = v2: Voltage 2
# name 14 = wetCDOM: Fluorescence, WET Labs CDOM [mg/m^3]
# name 15 = v6: Voltage 6
# name 16 = CStarAt0: Beam Attenuation, WET Labs C-Star [1/m]
# name 17 = v3: Voltage 3
# name 18 = scan: Scan Count
# name 19 = timeM: Time, Elapsed [minutes]
# name 20 = altM: Altimeter [m]
# name 21 = sbeox0V: Oxygen raw, SBE 43 [V]
# name 22 = sbeox1V: Oxygen raw, SBE 43, 2 [V]
# name 23 = nbf: Bottles Fired
# name 24 = flag:  0.000e+00
# interval = seconds: 0.0416667
# start_time = Sep 13 2025 10:56:16 [NMEA time, header]
# bad_flag = -9.990e-29
*END*
[from data line 696]
     19.883   74.11428  168.69212     20.092    -1.0553    -1.0337  23.228884  23.299218    28.3467    28.4202    388.716    380.027     0.2908     4.5348     0.1074     0.1074     0.1338     0.0366      17141    11.9028      29.45     2.6997     2.3445         15  0.000e+00
     19.949   74.11428  168.69212     20.159    -1.0547    -1.0355  23.239648  23.293856    28.3605    28.4147    388.670    379.814     0.2908     4.5348     0.1074     0.1074     0.1338     0.0366      17142    11.9035      29.45     2.6997     2.3432         15  0.000e+00
     19.965   74.11428  168.69212     20.175    -1.0552    -1.0398  23.234294  23.280882    28.3537    28.4014    388.481    379.649     0.2908     4.5348     0.1074     0.1074     0.1338     0.0366      17143    11.9042      29.47     2.6985     2.3420         15  0.000e+00
     19.883   74.11428  168.69212     20.092    -1.0578    -1.0435  23.218349  23.275736    28.3349    28.3981    388.565    379.697     0.2908     4.5348     0.1074     0.1074     0.1338     0.0366      17144    11.9049      29.47     2.6985     2.3420         15  0.000e+00
     20.006   74.11428  168.69212     20.217    -1.0601    -1.0390  23.207874  23.290747    28.3230    28.4139    388.850    379.351     0.2908     4.5348     0.1074     0.1074     0.1338     0.0366      17145    11.9056      29.50     2.6997     2.3408         15  0.000e+00
     19.900   74.11428  168.69212     20.109    -1.0609    -1.0294  23.204685  23.312248    28.3196    28.4335    388.650    379.176     0.3213     4.5348     0.1074     0.1074     0.1338     0.0379      17146    11.9063      29.50     2.6985     2.3408         15  0.000e+00
     20.006   74.11428  168.69212     20.217    -1.0604    -1.0269  23.210151  23.316861    28.3264    28.4373    388.629    379.142     0.3518     4.5348     0.1062     0.1062     0.1338     0.0391      17147    11.9069      29.50     2.6985     2.3408         15  0.000e+00
     19.883   74.11428  168.69212     20.092    -1.0580    -1.0282  23.227916  23.313214    28.3479    28.4337    388.528    379.161     0.3518     4.5336     0.1050     0.1050     0.1349     0.0391      17148    11.9076      29.50     2.6985     2.3408         15  0.000e+00
     19.949   74.11428  168.69212     20.159    -1.0546    -1.0285  23.252009  23.313536    28.3768    28.4344    388.403    379.166     0.3518     4.5336     0.1062     0.1062     0.1349     0.0391      17149    11.9083      29.50     2.6985     2.3408         15  0.000e+00
     19.965   74.11428  168.69212     20.175    -1.0508    -1.0278  23.272178  23.319435    28.4002    28.4415    388.287    379.137     0.3518     4.5336     0.1050     0.1050     0.1349     0.0391      17150    11.9090      29.47     2.6985     2.3408         15  0.000e+00
     19.949   74.11428  168.69212     20.159    -1.0475    -1.0246  23.283804  23.327749    28.4126    28.4496    388.425    379.075     0.3518     4.5336     0.1062     0.1062     0.1349     0.0391      17151    11.9097      29.45     2.6997     2.3408         15  0.000e+00
     19.949   74.11428  168.69212     20.159    -1.0452    -1.0212  23.289789  23.332792    28.4185    28.4532    388.165    379.280     0.3518     4.5336     0.1050     0.1050     0.1349     0.0391      17152    11.9104      29.43     2.6985     2.3420         15  0.000e+00
     19.949   74.11428  168.69212     20.159    -1.0438    -1.0202  23.292753  23.331826    28.4211    28.4509    387.926    379.275     0.3213     4.5336     0.1062     0.1062     0.1349     0.0379      17153    11.9111      29.45     2.6973     2.3420         15  0.000e+00
     19.965   74.11428  168.69212     20.175    -1.0427    -1.0221  23.294919  23.327910    28.4229    28.4475    387.908    379.816     0.3518     4.5336     0.1050     0.1050     0.1349     0.0391      17154    11.9118      29.45     2.6973     2.3445         15  0.000e+00
     19.949   74.11428  168.69212     20.159    -1.0420    -1.0242  23.296344  23.326998    28.4242    28.4483    387.895    379.837     0.3518     4.5336     0.1050     0.1050     0.1349     0.0391      17155    11.9125      29.43     2.6973     2.3445         15  0.000e+00
     19.949   74.11428  168.69212     20.159    -1.0416    -1.0232  23.297142  23.331075    28.4249    28.4528    387.889    379.812     0.3518     4.5336     0.1062     0.1062     0.1349     0.0391      17156    11.9132      29.43     2.6973     2.3445         15  0.000e+00
     19.965   74.11428  168.69212     20.175    -1.0413    -1.0205  23.298168  23.338747    28.4260    28.4604    387.882    379.758     0.3518     4.5336     0.1062     0.1062     0.1349     0.0391      17157    11.9139      29.40     2.6973     2.3445         15  0.000e+00
     20.006   74.11428  168.69212     20.217    -1.0403    -1.0180  23.299023  23.340839    28.4261    28.4609    387.872    379.731     0.3518     4.5336     0.1050     0.1050     0.1349     0.0391      17158    11.9146      29.35     2.6973     2.3445         15  0.000e+00
     19.949   74.11428  168.69212     20.159    -1.0390    -1.0198  23.300220  23.339123    28.4265    28.4603    387.853    379.496     0.3518     4.5336     0.1050     0.1050     0.1349     0.0391      17159    11.9153      29.38     2.6973     2.3432         15  0.000e+00
     19.949   74.11428  168.69212     20.159    -1.0378    -1.0195  23.302102  23.340571    28.4279    28.4620    387.834    379.488     0.3518     4.5336     0.1050     0.1050     0.1349     0.0391      17160    11.9160      29.40     2.6973     2.3432         15  0.000e+00
     19.965   74.11428  168.69212     20.175    -1.0366    -1.0177  23.305351  23.346151    28.4311    28.4677    387.811    379.197     0.3518     4.5348     0.1062     0.1062     0.1338     0.0391      17161    11.9167      29.40     2.6973     2.3420         15  0.000e+00
     19.949   74.11428  168.69212     20.159    -1.0353    -1.0146  23.310768  23.352859    28.4371    28.4737    387.562    378.889     0.3518     4.5336     0.1050     0.1050     0.1349     0.0391      17162    11.9174      29.40     2.6961     2.3408         15  0.000e+00
     20.006   74.11428  168.69212     20.217    -1.0340    -1.0113  23.316413  23.355971    28.4434    28.4747    387.530    378.851     0.3518     4.5336     0.1050     0.1050     0.1349     0.0391      17163    11.9181      29.43     2.6961     2.3408         15  0.000e+00
     19.949   74.11428  168.69212     20.159    -1.0324    -1.0101  23.321203  23.353073    28.4483    28.4697    387.494    378.848     0.3518     4.5336     0.1050     0.1050     0.1349     0.0391      17164    11.9187      29.43     2.6961     2.3408         15  0.000e+00
     20.023   74.11428  168.69212     20.233    -1.0307    -1.0112  23.325024  23.349210    28.4518    28.4655    387.467    378.623     0.3518     4.5336     0.1062     0.1062     0.1349     0.0391      17165    11.9194      29.45     2.6961     2.3396         15  0.000e+00
     19.949   74.11428  168.69212     20.159    -1.0287    -1.0116  23.327989  23.349692    28.4538    28.4667    387.433    378.621     0.3518     4.5336     0.1050     0.1050     0.1349     0.0391      17166    11.9201      29.43     2.6961     2.3396         15  0.000e+00
     20.006   74.11428  168.69212     20.217    -1.0267    -1.0112  23.331696  23.351732    28.4569    28.4689    387.403    378.358     0.3518     4.5336     0.1062     0.1062     0.1349     0.0391      17167    11.9208      29.43     2.6961     2.3384         15  0.000e+00
     19.965   74.11428  168.69212     20.175    -1.0241    -1.0090  23.335289  23.356293    28.4592    28.4729    387.363    378.319     0.3518     4.5336     0.1050     0.1050     0.1349     0.0391      17168    11.9215      29.40     2.6961     2.3384         15  0.000e+00
     20.006   74.11428  168.69212     20.217    -1.0216    -1.0048  23.337742  23.358654    28.4601    28.4721    387.119    378.275     0.3518     4.5336     0.1062     0.1062     0.1349     0.0391      17169    11.9222      29.35     2.6948     2.3384         15  0.000e+00
     20.006   74.11428  168.69214     20.217    -1.0196    -1.0061  23.340024  23.352483    28.4613    28.4651    387.092    378.312     0.3518     4.5324     0.1062     0.1062     0.1360     0.0391      17170    11.9229      29.35     2.6948     2.3384         15  0.000e+00
     20.006   74.11428  168.69214     20.217    -1.0176    -1.0072  23.342020  23.349960    28.4620    28.4628    387.066    378.331     0.3518     4.5311     0.1062     0.1062     0.1371     0.0391      17171    11.9236      29.35     2.6948     2.3384         15  0.000e+00
     20.023   74.11428  168.69214     20.233    -1.0161    -1.0086  23.343902  23.347063    28.4631    28.4602    387.260    378.355     0.3518     4.5324     0.1050     0.1050     0.1360     0.0391      17172    11.9243      29.35     2.6961     2.3384         15  0.000e+00
     19.949   74.11428  168.69214     20.159    -1.0146    -1.0112  23.344701  23.344380    28.4628    28.4591    387.025    378.384     0.3518     4.5324     0.1050     0.1050     0.1360     0.0391      17173    11.9250      29.35     2.6948     2.3384         15  0.000e+00
     20.006   74.11428  168.69214     20.217    -1.0134    -1.0122  23.345842  23.345078    28.4632    28.4610    387.014    378.140     0.3518     4.5311     0.1062     0.1062     0.1371     0.0391      17174    11.9257      29.35     2.6948     2.3371         15  0.000e+00
     20.006   74.11428  168.69214     20.217    -1.0122    -1.0103  23.347952  23.350712    28.4648    28.4667    386.780    378.101     0.3518     4.5324     0.1062     0.1062     0.1360     0.0391      17175    11.9264      29.38     2.6936     2.3371         15  0.000e+00
     20.023   74.11428  168.69214     20.233    -1.0092    -1.0067  23.352288  23.356132    28.4677    28.4706    386.736    378.049     0.3518     4.5311     0.1074     0.1074     0.1371     0.0391      17176    11.9271      29.40     2.6936     2.3371         15  0.000e+00
     20.072   74.11428  168.69214     20.283    -1.0054    -1.0029  23.361874  23.363162    28.4770    28.4763    386.667    377.737     0.3518     4.5311     0.1074     0.1074     0.1371     0.0391      17177    11.9278      29.38     2.6936     2.3359         15  0.000e+00
     20.006   74.11428  168.69214     20.217    -0.9971    -0.9982  23.374314  23.370515    28.4857    28.4817    386.324    377.664     0.3518     4.5324     0.1074     0.1074     0.1360     0.0391      17178    11.9285      29.38     2.6924     2.3359         15  0.000e+00
     20.023   74.11428  168.69214     20.233    -0.9928    -0.9935  23.380249  23.377923    28.4895    28.4871    386.263    377.595     0.3518     4.5324     0.1074     0.1074     0.1360     0.0391      17179    11.9292      29.40     2.6924     2.3359         15  0.000e+00
     19.965   74.11428  168.69220     20.175    -1.0613    -1.0542  23.212143  23.242566    28.3300    28.3639    385.185    376.366     0.3213     4.5263     0.1074     0.1074     0.1414     0.0379      17297    12.0111      29.50     2.6790     2.3249         16  0.000e+00
     19.883   74.11428  168.69220     20.092    -1.0611    -1.0541  23.216641  23.246370    28.3358    28.3689    385.160    376.345     0.3213     4.5263     0.1074     0.1074     0.1414     0.0379      17298    12.0118      29.50     2.6790     2.3249         16  0.000e+00
     19.949   74.11428  168.69220     20.159    -1.0609    -1.0543  23.215616  23.244655    28.3342    28.3667    385.166    376.357     0.3213     4.5250     0.1074     0.1074     0.1424     0.0379      17299    12.0125      29.47     2.6790     2.3249         16  0.000e+00
     19.883   74.11428  168.69220     20.092    -1.0609    -1.0546  23.216698  23.240584    28.3357    28.3616    385.158    376.627     0.3213     4.5263     0.1074     0.1074     0.1414     0.0379      17300    12.0132      29.47     2.6790     2.3261         16  0.000e+00
     19.965   74.11428  168.69220     20.175    -1.0605    -1.0550  23.220912  23.238387    28.3409    28.3590    385.142    377.152     0.3213     4.5263     0.1062     0.1062     0.1414     0.0379      17301    12.0139      29.43     2.6790     2.3286         16  0.000e+00
     19.883   74.11428  168.69220     20.092    -1.0598    -1.0556  23.224955  23.237262    28.3457    28.3582    385.115    377.413     0.2908     4.5250     0.1074     0.1074     0.1424     0.0366      17302    12.0146      29.40     2.6790     2.3298         16  0.000e+00
     19.949   74.11428  168.69220     20.159    -1.0592    -1.0556  23.228144  23.237209    28.3493    28.3581    385.100    377.416     0.3213     4.5263     0.1062     0.1062     0.1414     0.0379      17303    12.0153      29.40     2.6790     2.3298         16  0.000e+00
     19.883   74.11428  168.69220     20.092    -1.0591    -1.0553  23.230023  23.240959    28.3517    28.3628    385.088    377.395     0.3213     4.5263     0.1074     0.1074     0.1414     0.0379      17304    12.0160      29.40     2.6790     2.3298         16  0.000e+00
     19.900   74.11428  168.69220     20.109    -1.0589    -1.0533  23.231219  23.244066    28.3532    28.3651    384.868    377.112     0.3518     4.5263     0.1062     0.1062     0.1414     0.0391      17305    12.0167      29.40     2.6777     2.3286         16  0.000e+00
     19.949   74.11428  168.69220     20.159    -1.0588    -1.0536  23.233839  23.237530    28.3566    28.3566    384.859    376.888     0.3518     4.5263     0.1074     0.1074     0.1414     0.0391      17306    12.0174      29.40     2.6777     2.3274         16  0.000e+00
     19.883   74.11428  168.69220     20.092    -1.0583    -1.0545  23.239819  23.229762    28.3641    28.3471    384.826    376.415     0.3213     4.5250     0.1074     0.1074     0.1424     0.0379      17307    12.0181      29.43     2.6777     2.3249         16  0.000e+00
     19.966   74.11428  168.69220     20.175    -1.0575    -1.0544  23.244661  23.236887    28.3698    28.3565    384.804    375.626     0.3518     4.5263     0.1074     0.1074     0.1414     0.0391      17308    12.0188      29.43     2.6777     2.3213         16  0.000e+00
     19.883   74.11428  168.69220     20.092    -1.0567    -1.0521  23.247793  23.241923    28.3733    28.3611    384.780    375.582     0.3518     4.5263     0.1074     0.1074     0.1414     0.0391      17309    12.0194      29.43     2.6777     2.3213         16  0.000e+00
     19.949   74.11428  168.69220     20.159    -1.0564    -1.0546  23.249389  23.226709    28.3751    28.3430    384.775    375.922     0.3518     4.5250     0.1074     0.1074     0.1424     0.0391      17310    12.0201      29.43     2.6777     2.3225         16  0.000e+00
     19.883   74.11428  168.69220     20.092    -1.0557    -1.0570  23.250869  23.218140    28.3764    28.3339    384.544    376.228     0.3518     4.5238     0.1074     0.1074     0.1435     0.0391      17311    12.0208      29.38     2.6765     2.3237         16  0.000e+00
     19.966   74.11428  168.69220     20.175    -1.0555    -1.0568  23.252351  23.220550    28.3782    28.3369    384.541    376.475     0.3518     4.5226     0.1074     0.1074     0.1446     0.0391      17312    12.0215      29.43     2.6765     2.3249         16  0.000e+00
     19.883   74.11428  168.69220     20.092    -1.0547    -1.0565  23.254117  23.228209    28.3798    28.3469    384.737    376.438     0.3518     4.5226     0.1074     0.1074     0.1446     0.0391      17313    12.0222      29.45     2.6777     2.3249         16  0.000e+00
     19.949   74.11428  168.69222     20.159    -1.0543    -1.0550  23.254572  23.243209    28.3800    28.3655    384.520    376.369     0.3213     4.5226     0.1074     0.1074     0.1446     0.0379      17314    12.0229      29.45     2.6765     2.3249         16  0.000e+00
