Continuous CTD Data/01_SBE Stage/nabos_05_01.ros
* Sea-Bird SBE 9 Data File:
* FileName = D:\CTD\data\HLY2502\raw\NABOS_05_01.hex
* Software Version Seasave V 7.26.7.110
* Temperature SN = 6954
* Conductivity SN = 2561
* Number of Bytes Per Scan = 37
* Number of Voltage Words = 4
* Number of Scans Averaged by the Deck Unit = 1
* NMEA Latitude = 75 06.57 N
* NMEA Longitude = 172 12.56 E
* NMEA UTC (Time) = Sep 12 2025  16:44:22
* NMEA baud rate = 9600
** Ship: USCG HEALY
** Bot. Depth:  145
** Cast Number:  01
** Station Name:  NABOS
** Station Number:  05
** Operator:  STARC
# nquan = 25
# nvalues = 1176                                  
# units = specified
# name 0 = depSM: Depth [salt water, m]
# name 1 = latitude: Latitude [deg]
# name 2 = longitude: Longitude [deg]
# name 3 = prDM: Pressure, Digiquartz [db]
# name 4 = t090C: Temperature [ITS-90, deg C]
# name 5 = t190C: Temperature, 2 [ITS-90, deg C]
# name 6 = c0mS/cm: Conductivity [mS/cm]
# name 7 = c1mS/cm: Conductivity, 2 [mS/cm]
# name 8 = sal00: Salinity, Practical [PSU]
# name 9 = sal11: Salinity, Practical, 2 [PSU]
# name 10 = sbox0Mm/Kg: Oxygen, SBE 43 [umol/kg]
# name 11 = sbox1Mm/Kg: Oxygen, SBE 43, 2 [umol/kg]
# name 12 = flECO-AFL: Fluorescence, WET Labs ECO-AFL/FL [mg/m^3]
# name 13 = v2: Voltage 2
# name 14 = wetCDOM: Fluorescence, WET Labs CDOM [mg/m^3]
# name 15 = v6: Voltage 6
# name 16 = CStarAt0: Beam Attenuation, WET Labs C-Star [1/m]
# name 17 = v3: Voltage 3
# name 18 = scan: Scan Count
# name 19 = timeM: Time, Elapsed [minutes]
# name 20 = altM: Altimeter [m]
# name 21 = sbeox0V: Oxygen raw, SBE 43 [V]
# name 22 = sbeox1V: Oxygen raw, SBE 43, 2 [V]
# name 23 = nbf: Bottles Fired
# name 24 = flag:  0.000e+00
# interval = seconds: 0.0416667
# start_time = Sep 12 2025 16:44:22 [NMEA time, header]
# bad_flag = -9.990e-29
*END*
[from data line 348]
     99.769   75.11016  172.21000    100.841    -1.1980    -1.1977  27.411516  27.410476    34.1111    34.1093    287.429    282.503    -0.1366     4.6569     0.1062     0.1062     0.0275     0.0195      15656    10.8715      31.36     2.1749     1.9160          8  0.000e+00
     99.835   75.11016  172.21000    100.908    -1.1980    -1.1978  27.411818  27.410704    34.1114    34.1097    287.639    282.506    -0.1366     4.6569     0.1062     0.1062     0.0275     0.0195      15657    10.8722      31.09     2.1761     1.9160          8  0.000e+00
     99.769   75.11016  172.21000    100.841    -1.1982    -1.1979  27.411697  27.410817    34.1115    34.1099    287.430    282.503    -0.1366     4.6569     0.1062     0.1062     0.0275     0.0195      15658    10.8729      31.16     2.1749     1.9160          8  0.000e+00
     99.695   75.11016  172.21000    100.767    -1.1982    -1.1981  27.411999  27.410192    34.1119    34.1094    287.425    282.751    -0.1366     4.6569     0.1062     0.1062     0.0275     0.0195      15659    10.8736      31.70     2.1749     1.9173          8  0.000e+00
     99.835   75.11016  172.21000    100.908    -1.1983    -1.1986  27.412301  27.409227    34.1124    34.1085    287.431    283.009    -0.1366     4.6557     0.1062     0.1062     0.0285     0.0195      15660    10.8743      31.70     2.1749     1.9185          8  0.000e+00
     99.835   75.11016  172.21000    100.908    -1.1979    -1.1986  27.412603  27.408772    34.1124    34.1079    287.428    283.258    -0.1366     4.6557     0.1062     0.1062     0.0285     0.0195      15661    10.8750      31.65     2.1749     1.9197          8  0.000e+00
     99.884   75.11016  172.21000    100.957    -1.1980    -1.1986  27.412664  27.409283    34.1125    34.1086    287.430    283.258    -0.1366     4.6557     0.1050     0.1050     0.0285     0.0195      15662    10.8757      32.04     2.1749     1.9197          8  0.000e+00
     99.835   75.11016  172.21000    100.908    -1.1979    -1.1983  27.413026  27.410079    34.1130    34.1094    287.426    283.252    -0.1366     4.6557     0.1062     0.1062     0.0285     0.0195      15663    10.8764      32.14     2.1749     1.9197          8  0.000e+00
     99.892   75.11016  172.21000    100.966    -1.1977    -1.1977  27.413389  27.410477    34.1132    34.1092    287.426    282.755    -0.1366     4.6569     0.1062     0.1062     0.0275     0.0195      15664    10.8771      31.84     2.1749     1.9173          8  0.000e+00
     99.818   75.11016  172.21000    100.891    -1.1974    -1.1981  27.413630  27.409738    34.1132    34.1087    287.421    282.510    -0.1366     4.6569     0.1062     0.1062     0.0275     0.0195      15665    10.8778      31.53     2.1749     1.9160          8  0.000e+00
     99.892   75.11016  172.21000    100.966    -1.1974    -1.1987  27.413570  27.408886    34.1131    34.1082    287.633    282.272    -0.1366     4.6557     0.1062     0.1062     0.0285     0.0195      15666    10.8785      31.55     2.1761     1.9148          8  0.000e+00
     99.892   75.11016  172.21000    100.966    -1.1977    -1.1991  27.413027  27.407863    34.1127    34.1072    287.427    282.524    -0.1366     4.6557     0.1062     0.1062     0.0285     0.0195      15667    10.8792      31.65     2.1749     1.9160          8  0.000e+00
     99.818   75.11016  172.21000    100.891    -1.1976    -1.1994  27.413268  27.407465    34.1129    34.1070    287.423    282.524    -0.1366     4.6557     0.1062     0.1062     0.0285     0.0195      15668    10.8799      31.97     2.1749     1.9160          8  0.000e+00
    100.073   75.11016  172.21000    101.148    -1.1975    -1.1997  27.413450  27.407579    34.1129    34.1074    287.641    282.536    -0.1366     4.6569     0.1062     0.1062     0.0275     0.0195      15669    10.8806      32.38     2.1761     1.9160          8  0.000e+00
     99.892   75.11016  172.21000    100.966    -1.1975    -1.1997  27.413268  27.407863    34.1128    34.1079    287.426    282.775    -0.1366     4.6557     0.1062     0.1062     0.0285     0.0195      15670    10.8812      31.70     2.1749     1.9173          8  0.000e+00
     99.999   75.11016  172.21000    101.074    -1.1973    -1.1997  27.413208  27.407124    34.1124    34.1068    287.637    282.781    -0.1366     4.6569     0.1062     0.1062     0.0275     0.0195      15671    10.8819      31.21     2.1761     1.9173          8  0.000e+00
     99.834   75.11016  172.21000    100.908    -1.1975    -1.2003  27.413208  27.406897    34.1128    34.1073    287.424    282.779    -0.1366     4.6569     0.1062     0.1062     0.0275     0.0195      15672    10.8826      31.31     2.1749     1.9173          8  0.000e+00
     99.958   75.11016  172.21000    101.032    -1.1973    -1.2006  27.413389  27.406272    34.1127    34.1067    287.427    282.294    -0.1366     4.6557     0.1062     0.1062     0.0285     0.0195      15673    10.8833      31.82     2.1749     1.9148          8  0.000e+00
     99.892   75.11016  172.21000    100.966    -1.1974    -1.2008  27.413268  27.405874    34.1126    34.1064    287.425    282.046    -0.1366     4.6557     0.1062     0.1062     0.0285     0.0195      15674    10.8840      31.77     2.1749     1.9136          8  0.000e+00
    100.122   75.11016  172.21000    101.198    -1.1975    -1.2008  27.413390  27.405818    34.1128    34.1061    287.643    281.809    -0.1366     4.6569     0.1062     0.1062     0.0275     0.0195      15675    10.8847      31.62     2.1761     1.9124          8  0.000e+00
     99.958   75.11016  172.21000    101.032    -1.1974    -1.2009  27.413450  27.405988    34.1129    34.1066    287.636    281.802    -0.1366     4.6569     0.1062     0.1062     0.0275     0.0195      15676    10.8854      31.45     2.1761     1.9124          8  0.000e+00
    100.015   75.11016  172.21000    101.090    -1.1974    -1.2006  27.413027  27.405874    34.1122    34.1061    287.430    282.297    -0.1366     4.6557     0.1062     0.1062     0.0285     0.0195      15677    10.8861      31.67     2.1749     1.9148          8  0.000e+00
     99.941   75.11016  172.21000    101.016    -1.1979    -1.2008  27.412725  27.406386    34.1125    34.1070    287.640    282.294    -0.1366     4.6557     0.1062     0.1062     0.0285     0.0195      15678    10.8868      31.92     2.1761     1.9148          8  0.000e+00
     99.958   75.11016  172.21000    101.032    -1.1980    -1.2009  27.412845  27.406443    34.1127    34.1072    287.432    282.295    -0.1366     4.6557     0.1062     0.1062     0.0285     0.0195      15679    10.8875      31.92     2.1749     1.9148          8  0.000e+00
    100.073   75.11016  172.21000    101.148    -1.1982    -1.2006  27.412725  27.406556    34.1127    34.1070    287.647    282.297    -0.1366     4.6557     0.1062     0.1062     0.0285     0.0195      15680    10.8882      32.33     2.1761     1.9148          8  0.000e+00
     99.999   75.11016  172.21000    101.074    -1.1982    -1.2003  27.412846  27.406443    34.1129    34.1065    287.435    281.799    -0.1061     4.6557     0.1062     0.1062     0.0285     0.0208      15681    10.8889      32.09     2.1749     1.9124          8  0.000e+00
     99.958   75.11016  172.21000    101.032    -1.1980    -1.2004  27.412725  27.405931    34.1125    34.1060    287.641    281.306    -0.1366     4.6557     0.1062     0.1062     0.0285     0.0195      15682    10.8896      31.21     2.1761     1.9099          8  0.000e+00
    100.073   75.11016  172.21000    101.148    -1.1978    -1.2003  27.412846  27.406216    34.1124    34.1062    287.436    281.061    -0.1366     4.6557     0.1062     0.1062     0.0285     0.0195      15683    10.8903      31.31     2.1749     1.9087          8  0.000e+00
     99.999   75.11016  172.21000    101.074    -1.1975    -1.2002  27.412725  27.406556    34.1120    34.1065    287.432    281.057    -0.1366     4.6557     0.1062     0.1062     0.0285     0.0195      15684    10.8910      31.62     2.1749     1.9087          8  0.000e+00
    100.015   75.11016  172.21000    101.090    -1.1974    -1.2001  27.413027  27.405988    34.1123    34.1057    287.639    281.306    -0.1366     4.6557     0.1062     0.1062     0.0285     0.0195      15685    10.8917      31.92     2.1761     1.9099          8  0.000e+00
    100.138   75.11016  172.21000    101.215    -1.1974    -1.2003  27.413208  27.406216    34.1124    34.1061    287.435    281.805    -0.1366     4.6557     0.1062     0.1062     0.0285     0.0195      15686    10.8924      31.60     2.1749     1.9124          8  0.000e+00
     99.941   75.11016  172.21000    101.016    -1.1975    -1.2002  27.412785  27.406556    34.1121    34.1066    287.429    282.043    -0.1366     4.6557     0.1062     0.1062     0.0285     0.0195      15687    10.8931      31.21     2.1749     1.9136          8  0.000e+00
    100.073   75.11016  172.21000    101.148    -1.1974    -1.2001  27.412725  27.406443    34.1118    34.1063    287.434    281.801    -0.1366     4.6557     0.1062     0.1062     0.0285     0.0195      15688    10.8938      31.11     2.1749     1.9124          8  0.000e+00
    100.015   75.11016  172.21000    101.090    -1.1975    -1.2000  27.412846  27.406727    34.1122    34.1066    287.641    281.550    -0.1366     4.6557     0.1062     0.1062     0.0285     0.0195      15689    10.8944      31.18     2.1761     1.9112          8  0.000e+00
    100.073   75.11016  172.21000    101.148    -1.1974    -1.2002  27.412906  27.406841    34.1121    34.1069    287.433    281.553    -0.1366     4.6557     0.1062     0.1062     0.0285     0.0195      15690    10.8951      31.33     2.1749     1.9112          8  0.000e+00
    100.064   75.11016  172.21000    101.140    -1.1977    -1.1998  27.412906  27.406841    34.1124    34.1065    287.643    281.303    -0.1366     4.6557     0.1062     0.1062     0.0285     0.0195      15691    10.8958      31.65     2.1761     1.9099          8  0.000e+00
    100.138   75.11016  172.21000    101.215    -1.1975    -1.2000  27.412725  27.406670    34.1119    34.1064    287.437    281.308    -0.1366     4.6557     0.1062     0.1062     0.0285     0.0195      15692    10.8965      31.65     2.1749     1.9099          8  0.000e+00
    100.015   75.11016  172.21000    101.090    -1.1980    -1.1996  27.412483  27.406784    34.1122    34.1062    287.436    281.053    -0.1366     4.6557     0.1062     0.1062     0.0285     0.0195      15693    10.8972      31.38     2.1749     1.9087          8  0.000e+00
    100.064   75.11016  172.21000    101.140    -1.1978    -1.1998  27.412604  27.406272    34.1121    34.1057    287.645    281.058    -0.1366     4.6557     0.1050     0.1050     0.0285     0.0195      15694    10.8979      30.94     2.1761     1.9087          8  0.000e+00
    100.015   75.11016  172.21000    101.090    -1.1978    -1.2000  27.413027  27.406272    34.1127    34.1059    287.433    280.810    -0.1366     4.6557     0.1062     0.1062     0.0285     0.0195      15695    10.8986      30.94     2.1749     1.9075          8  0.000e+00
    100.015   75.11016  172.21000    101.090    -1.1977    -1.2002  27.412785  27.405931    34.1123    34.1057    287.642    280.812    -0.1366     4.6557     0.1062     0.1062     0.0285     0.0195      15696    10.8993      31.04     2.1761     1.9075          8  0.000e+00
    100.064   75.11016  172.21000    101.140    -1.1980    -1.2004  27.412846  27.405988    34.1126    34.1060    287.437    280.568    -0.1366     4.6557     0.1062     0.1062     0.0285     0.0195      15697    10.9000      31.01     2.1749     1.9063          8  0.000e+00
    100.138   75.11016  172.21000    101.215    -1.1978    -1.2003  27.412906  27.405875    34.1124    34.1057    287.438    280.571    -0.1366     4.6557     0.1062     0.1062     0.0285     0.0195      15698    10.9007      30.99     2.1749     1.9063          8  0.000e+00
    100.138   75.11016  172.21000    101.215    -1.1978    -1.2004  27.412906  27.405818    34.1125    34.1057    287.438    280.572    -0.1366     4.6557     0.1062     0.1062     0.0285     0.0195      15699    10.9014      31.06     2.1749     1.9063          8  0.000e+00
     99.695   75.11016  172.21000    100.766    -1.2080    -1.2072  27.394359  27.394226    34.0990    34.0978    287.541    280.383    -0.1366     4.6569     0.1062     0.1062     0.0275     0.0195      15810    10.9785      31.38     2.1749     1.9051          9  0.000e+00
     99.769   75.11016  172.21000    100.841    -1.2079    -1.2073  27.394722  27.394510    34.0992    34.0983    287.542    280.386    -0.1366     4.6569     0.1062     0.1062     0.0275     0.0195      15811    10.9792      31.45     2.1749     1.9051          9  0.000e+00
     99.769   75.11016  172.21000    100.841    -1.2079    -1.2067  27.394903  27.394965    34.0995    34.0982    287.541    280.381    -0.1061     4.6569     0.1062     0.1062     0.0275     0.0208      15812    10.9799      31.65     2.1749     1.9051          9  0.000e+00
     99.637   75.11016  172.21000    100.708    -1.2076    -1.2066  27.395084  27.394908    34.0995    34.0981    287.742    280.375    -0.1366     4.6569     0.1062     0.1062     0.0275     0.0195      15813    10.9806      31.53     2.1761     1.9051          9  0.000e+00
     99.834   75.11016  172.21002    100.908    -1.2076    -1.2062  27.394964  27.395022    34.0992    34.0977    287.542    280.381    -0.1366     4.6569     0.1062     0.1062     0.0275     0.0195      15814    10.9812      31.06     2.1749     1.9051          9  0.000e+00
     99.769   75.11016  172.21002    100.841    -1.2070    -1.2065  27.395266  27.395249    34.0989    34.0984    287.743    280.873    -0.1366     4.6569     0.1062     0.1062     0.0275     0.0195      15815    10.9819      31.28     2.1761     1.9075          9  0.000e+00
     99.834   75.11016  172.21002    100.908    -1.2074    -1.2061  27.395568  27.395306    34.0998    34.0980    287.539    281.120    -0.1366     4.6569     0.1062     0.1062     0.0275     0.0195      15816    10.9826      31.50     2.1749     1.9087          9  0.000e+00
     99.761   75.11016  172.21002    100.833    -1.2071    -1.2064  27.395688  27.394965    34.0997    34.0979    287.742    281.120    -0.1366     4.6569     0.1062     0.1062     0.0275     0.0195      15817    10.9833      31.67     2.1761     1.9087          9  0.000e+00
     99.892   75.11016  172.21002    100.966    -1.2070    -1.2066  27.395689  27.394227    34.0994    34.0970    287.747    280.882    -0.1366     4.6569     0.1062     0.1062     0.0275     0.0195      15818    10.9840      31.50     2.1761     1.9075          9  0.000e+00
     99.769   75.11016  172.21002    100.841    -1.2070    -1.2067  27.395688  27.393885    34.0995    34.0967    287.951    280.631    -0.1366     4.6569     0.1062     0.1062     0.0275     0.0195      15819    10.9847      31.45     2.1774     1.9063          9  0.000e+00
     99.884   75.11016  172.21002    100.957    -1.2068    -1.2075  27.395689  27.393431    34.0993    34.0969    287.955    280.642    -0.1366     4.6569     0.1062     0.1062     0.0275     0.0195      15820    10.9854      31.75     2.1774     1.9063          9  0.000e+00
     99.769   75.11016  172.21002    100.841    -1.2068    -1.2073  27.395447  27.392976    34.0990    34.0962    287.951    280.638    -0.1366     4.6569     0.1062     0.1062     0.0275     0.0195      15821    10.9861      32.14     2.1774     1.9063          9  0.000e+00
     99.892   75.11016  172.21002    100.966    -1.2074    -1.2077  27.395206  27.392579    34.0993    34.0960    288.169    280.152    -0.1366     4.6569     0.1062     0.1062     0.0275     0.0195      15822    10.9868      31.62     2.1786     1.9038          9  0.000e+00
