Continuous CTD Data/01_SBE Stage/nabos_34_01.ros
* Sea-Bird SBE 9 Data File:
* FileName = D:\CTD\data\HLY2502\raw\NABOS_34_01.hex
* Software Version Seasave V 7.26.7.110
* Temperature SN = 6954
* Conductivity SN = 2561
* Number of Bytes Per Scan = 37
* Number of Voltage Words = 4
* Number of Scans Averaged by the Deck Unit = 1
* NMEA Latitude = 79 43.52 N
* NMEA Longitude = 137 55.80 E
* NMEA UTC (Time) = Sep 23 2025  23:29:11
* NMEA baud rate = 9600
** Ship: USCG HEALY
** Bot. Depth:  2758
** Cast Number:  01
** Station Name:  NABOS
** Station Number:  34
** Operator:  STARC
** 2760m target, but 5m off the bottom actual
# nquan = 25
# nvalues = 1176                                  
# units = specified
# name 0 = depSM: Depth [salt water, m]
# name 1 = latitude: Latitude [deg]
# name 2 = longitude: Longitude [deg]
# name 3 = prDM: Pressure, Digiquartz [db]
# name 4 = t090C: Temperature [ITS-90, deg C]
# name 5 = t190C: Temperature, 2 [ITS-90, deg C]
# name 6 = c0mS/cm: Conductivity [mS/cm]
# name 7 = c1mS/cm: Conductivity, 2 [mS/cm]
# name 8 = sal00: Salinity, Practical [PSU]
# name 9 = sal11: Salinity, Practical, 2 [PSU]
# name 10 = sbox0Mm/Kg: Oxygen, SBE 43 [umol/kg]
# name 11 = sbox1Mm/Kg: Oxygen, SBE 43, 2 [umol/kg]
# name 12 = flECO-AFL: Fluorescence, WET Labs ECO-AFL/FL [mg/m^3]
# name 13 = v2: Voltage 2
# name 14 = wetCDOM: Fluorescence, WET Labs CDOM [mg/m^3]
# name 15 = v6: Voltage 6
# name 16 = CStarAt0: Beam Attenuation, WET Labs C-Star [1/m]
# name 17 = v3: Voltage 3
# name 18 = scan: Scan Count
# name 19 = timeM: Time, Elapsed [minutes]
# name 20 = altM: Altimeter [m]
# name 21 = sbeox0V: Oxygen raw, SBE 43 [V]
# name 22 = sbeox1V: Oxygen raw, SBE 43, 2 [V]
# name 23 = nbf: Bottles Fired
# name 24 = flag:  0.000e+00
# interval = seconds: 0.0416667
# start_time = Sep 23 2025 23:29:11 [NMEA time, header]
# bad_flag = -9.990e-29
*END*
[from data line 1102]
      4.687   79.73860  137.88810      4.737    -1.4982    -1.4973  22.432206  22.429751    27.7002    27.6961    373.770    363.584     0.5044     4.5018     0.1368     0.1368     0.1630     0.0452     207890   144.3674     100.00     2.5799     2.2345         23  0.000e+00
      4.679   79.73860  137.88810      4.729    -1.4986    -1.4973  22.432262  22.429433    27.7007    27.6956    373.773    363.067     0.5044     4.5006     0.1368     0.1368     0.1641     0.0452     207891   144.3681     100.00     2.5799     2.2321         23  0.000e+00
      4.687   79.73860  137.88810      4.737    -1.4985    -1.4975  22.432206  22.429645    27.7006    27.6961    373.992    362.810     0.4739     4.5018     0.1368     0.1368     0.1630     0.0440     207892   144.3688     100.00     2.5811     2.2309         23  0.000e+00
      4.679   79.73860  137.88810      4.729    -1.4984    -1.4974  22.430799  22.429645    27.6986    27.6960    373.777    362.550     0.4739     4.5006     0.1368     0.1368     0.1641     0.0440     207893   144.3694     100.00     2.5799     2.2297         23  0.000e+00
      4.687   79.73860  137.88810      4.737    -1.4984    -1.4973  22.431362  22.429592    27.6993    27.6958    373.775    362.808     0.4739     4.5018     0.1380     0.1380     0.1630     0.0440     207894   144.3701     100.00     2.5799     2.2309         23  0.000e+00
      4.622   79.73860  137.88810      4.671    -1.4986    -1.4976  22.432093  22.429909    27.7005    27.6966    373.989    362.806     0.5044     4.5006     0.1380     0.1380     0.1641     0.0452     207895   144.3708     100.00     2.5811     2.2309         23  0.000e+00
      4.737   79.73860  137.88810      4.787    -1.4985    -1.4973  22.432037  22.430015    27.7003    27.6964    373.776    363.068     0.5044     4.5006     0.1392     0.1392     0.1641     0.0452     207896   144.3715     100.00     2.5799     2.2321         23  0.000e+00
      4.622   79.73860  137.88810      4.671    -1.4984    -1.4976  22.431981  22.429698    27.7002    27.6963    373.988    363.583     0.4739     4.5006     0.1392     0.1392     0.1641     0.0440     207897   144.3722     100.00     2.5811     2.2345         23  0.000e+00
      4.679   79.73860  137.88810      4.729    -1.4984    -1.4978  22.431700  22.429592    27.6997    27.6963    373.773    364.105     0.4739     4.5006     0.1380     0.1380     0.1641     0.0440     207898   144.3729     100.00     2.5799     2.2370         23  0.000e+00
      4.622   79.73860  137.88810      4.671    -1.4983    -1.4976  22.431700  22.429380    27.6996    27.6959    373.769    363.843     0.4739     4.5006     0.1380     0.1380     0.1641     0.0440     207899   144.3736     100.00     2.5799     2.2358         23  0.000e+00
      4.622   79.73860  137.88810      4.671    -1.4984    -1.4975  22.431756  22.429486    27.6998    27.6959    373.770    363.065     0.4739     4.5006     0.1392     0.1392     0.1641     0.0440     207900   144.3743     100.00     2.5799     2.2321         23  0.000e+00
      4.687   79.73860  137.88810      4.737    -1.4986    -1.4974  22.430856  22.429592    27.6988    27.6960    373.779    362.550     0.4739     4.5006     0.1380     0.1380     0.1641     0.0440     207901   144.3750     100.00     2.5799     2.2297         23  0.000e+00
      4.564   79.73860  137.88810      4.613    -1.4985    -1.4973  22.430743  22.429592    27.6986    27.6959    373.772    362.026     0.4739     4.5006     0.1392     0.1392     0.1641     0.0440     207902   144.3757     100.00     2.5799     2.2272         23  0.000e+00
      4.679   79.73860  137.88810      4.729    -1.4984    -1.4976  22.430293  22.429751    27.6979    27.6963    373.779    362.033     0.5044     4.5006     0.1392     0.1392     0.1641     0.0452     207903   144.3764     100.00     2.5799     2.2272         23  0.000e+00
      4.622   79.73860  137.88810      4.671    -1.4985    -1.4972  22.430124  22.429803    27.6978    27.6961    373.996    362.544     0.4739     4.5006     0.1392     0.1392     0.1641     0.0440     207904   144.3771     100.00     2.5811     2.2297         23  0.000e+00
      4.622   79.73860  137.88810      4.671    -1.4984    -1.4973  22.430406  22.429274    27.6981    27.6955    373.775    362.547     0.4434     4.5006     0.1392     0.1392     0.1641     0.0427     207905   144.3778     100.00     2.5799     2.2297         23  0.000e+00
      4.622   79.73860  137.88810      4.671    -1.4983    -1.4975  22.430349  22.428957    27.6978    27.6952    373.774    362.550     0.4434     4.5006     0.1392     0.1392     0.1641     0.0427     207906   144.3785     100.00     2.5799     2.2297         23  0.000e+00
      4.622   79.73860  137.88810      4.671    -1.4981    -1.4977  22.430349  22.428904    27.6977    27.6953    373.773    362.811     0.4739     4.5006     0.1392     0.1392     0.1641     0.0440     207907   144.3792     100.00     2.5799     2.2309         23  0.000e+00
      4.622   79.73860  137.88810      4.671    -1.4982    -1.4979  22.430518  22.428533    27.6979    27.6951    373.991    363.073     0.4739     4.5006     0.1392     0.1392     0.1641     0.0440     207908   144.3799     100.00     2.5811     2.2321         23  0.000e+00
      4.622   79.73860  137.88810      4.671    -1.4981    -1.4982  22.430574  22.428057    27.6980    27.6946    373.772    363.594     0.4739     4.5006     0.1392     0.1392     0.1641     0.0440     207909   144.3806     100.00     2.5799     2.2345         23  0.000e+00
      4.556   79.73860  137.88810      4.605    -1.4980    -1.4981  22.430743  22.427951    27.6981    27.6944    373.767    363.849     0.4434     4.5006     0.1392     0.1392     0.1641     0.0427     207910   144.3812     100.00     2.5799     2.2358         23  0.000e+00
      4.564   79.73860  137.88810      4.613    -1.4979    -1.4983  22.430462  22.427951    27.6977    27.6946    373.768    364.110     0.4434     4.5006     0.1392     0.1392     0.1641     0.0427     207911   144.3819     100.00     2.5799     2.2370         23  0.000e+00
      4.622   79.73860  137.88810      4.671    -1.4980    -1.4984  22.430462  22.427951    27.6977    27.6947    373.771    364.114     0.4434     4.5006     0.1392     0.1392     0.1641     0.0427     207912   144.3826     100.00     2.5799     2.2370         23  0.000e+00
      4.622   79.73860  137.88810      4.671    -1.4981    -1.4985  22.430518  22.428110    27.6979    27.6950    373.772    364.114     0.4434     4.5006     0.1380     0.1380     0.1641     0.0427     207913   144.3833     100.00     2.5799     2.2370         23  0.000e+00
      4.622   79.73860  137.88810      4.671    -1.4983    -1.4982  22.430574  22.428004    27.6981    27.6946    373.773    364.630     0.4434     4.5006     0.1392     0.1392     0.1641     0.0427     207914   144.3840     100.00     2.5799     2.2394         23  0.000e+00
      4.622   79.73862  137.88802      4.672    -1.4992    -1.4983  22.430968  22.429116    27.6995    27.6962    373.557    368.503     0.4434     4.4982     0.1380     0.1380     0.1663     0.0427     208035   144.4681     100.00     2.5787     2.2577         24  0.000e+00
      4.622   79.73862  137.88802      4.672    -1.4992    -1.4991  22.431137  22.428957    27.6997    27.6968    373.338    368.253     0.4434     4.4969     0.1380     0.1380     0.1674     0.0427     208036   144.4688     100.00     2.5774     2.2565         24  0.000e+00
      4.622   79.73862  137.88802      4.672    -1.4993    -1.4989  22.431250  22.429063    27.7000    27.6967    373.339    367.733     0.4434     4.4982     0.1392     0.1392     0.1663     0.0427     208037   144.4694      95.31     2.5774     2.2541         24  0.000e+00
      4.622   79.73862  137.88802      4.672    -1.4990    -1.4985  22.431250  22.429116    27.6997    27.6964    373.336    367.471     0.4434     4.4994     0.1441     0.1441     0.1652     0.0427     208038   144.4701      90.65     2.5774     2.2528         24  0.000e+00
      4.622   79.73862  137.88802      4.672    -1.4991    -1.4988  22.431587  22.428957    27.7002    27.6964    373.553    367.214     0.4434     4.4994     0.1441     0.1441     0.1652     0.0427     208039   144.4708      89.52     2.5787     2.2516         24  0.000e+00
      4.622   79.73862  137.88802      4.672    -1.4992    -1.4988  22.431925  22.429221    27.7008    27.6968    373.554    367.214     0.4739     4.4994     0.1441     0.1441     0.1652     0.0440     208040   144.4715      89.67     2.5786     2.2516         24  0.000e+00
      4.565   79.73862  137.88802      4.614    -1.4990    -1.4986  22.431981  22.429168    27.7007    27.6966    373.330    367.209     0.4739     4.4994     0.1441     0.1441     0.1652     0.0440     208041   144.4722      89.87     2.5774     2.2516         24  0.000e+00
      4.680   79.73862  137.88802      4.730    -1.4992    -1.4986  22.431869  22.429116    27.7007    27.6964    373.338    367.215     0.4739     4.4994     0.1441     0.1441     0.1652     0.0440     208042   144.4729      90.18     2.5774     2.2516         24  0.000e+00
      4.622   79.73862  137.88802      4.672    -1.4992    -1.4985  22.432262  22.429116    27.7012    27.6964    373.552    366.953     0.4739     4.4994     0.1380     0.1380     0.1652     0.0440     208043   144.4736      96.14     2.5786     2.2504         24  0.000e+00
      4.622   79.73862  137.88800      4.672    -1.4989    -1.4986  22.432262  22.429116    27.7010    27.6965    373.330    366.695     0.4434     4.4982     0.1368     0.1368     0.1663     0.0427     208044   144.4743      99.93     2.5774     2.2492         24  0.000e+00
      4.622   79.73862  137.88800      4.672    -1.4990    -1.4988  22.432375  22.428957    27.7012    27.6965    373.331    366.697     0.4739     4.4994     0.1380     0.1380     0.1652     0.0440     208045   144.4750     100.00     2.5774     2.2492         24  0.000e+00
      4.622   79.73862  137.88800      4.672    -1.4989    -1.4985  22.432769  22.429221    27.7017    27.6965    373.547    367.211     0.4739     4.4994     0.1368     0.1368     0.1652     0.0440     208046   144.4757     100.00     2.5786     2.2516         24  0.000e+00
      4.622   79.73862  137.88800      4.672    -1.4989    -1.4987  22.432544  22.429168    27.7014    27.6966    373.548    367.471     0.4739     4.4994     0.1380     0.1380     0.1652     0.0440     208047   144.4764     100.00     2.5786     2.2528         24  0.000e+00
      4.622   79.73862  137.88800      4.672    -1.4988    -1.4988  22.432431  22.429116    27.7011    27.6966    373.329    367.472     0.4739     4.4994     0.1380     0.1380     0.1652     0.0440     208048   144.4771     100.00     2.5774     2.2528         24  0.000e+00
      4.688   79.73862  137.88800      4.738    -1.4982    -1.4988  22.432319  22.429274    27.7004    27.6969    373.546    367.475     0.4434     4.4994     0.1380     0.1380     0.1652     0.0427     208049   144.4778     100.00     2.5786     2.2528         24  0.000e+00
      4.622   79.73862  137.88800      4.672    -1.4984    -1.4986  22.431868  22.429327    27.7000    27.6968    373.328    366.952     0.4739     4.4994     0.1368     0.1368     0.1652     0.0440     208050   144.4785     100.00     2.5774     2.2504         24  0.000e+00
      4.622   79.73862  137.88800      4.672    -1.4984    -1.4988  22.431925  22.429327    27.7001    27.6970    373.327    366.696     0.4434     4.4994     0.1380     0.1380     0.1652     0.0427     208051   144.4792     100.00     2.5774     2.2492         24  0.000e+00
      4.680   79.73862  137.88800      4.730    -1.4982    -1.4988  22.431812  22.429327    27.6997    27.6969    373.329    366.439     0.4434     4.4994     0.1368     0.1368     0.1652     0.0427     208052   144.4799     100.00     2.5774     2.2480         24  0.000e+00
      4.688   79.73862  137.88800      4.738    -1.4981    -1.4985  22.431925  22.429327    27.6998    27.6967    373.328    366.179     0.4434     4.4994     0.1380     0.1380     0.1652     0.0427     208053   144.4806     100.00     2.5774     2.2467         24  0.000e+00
      4.622   79.73862  137.88800      4.672    -1.4982    -1.4988  22.431587  22.429486    27.6994    27.6971    373.326    365.659     0.4739     4.4994     0.1368     0.1368     0.1652     0.0440     208054   144.4812     100.00     2.5774     2.2443         24  0.000e+00
      4.622   79.73862  137.88800      4.672    -1.4982    -1.4988  22.431587  22.429751    27.6994    27.6976    373.546    365.400     0.4739     4.4994     0.1380     0.1380     0.1652     0.0440     208055   144.4819     100.00     2.5786     2.2431         24  0.000e+00
      4.688   79.73862  137.88800      4.738    -1.4982    -1.4988  22.431868  22.429962    27.6997    27.6977    373.547    365.143     0.4739     4.4994     0.1368     0.1368     0.1652     0.0440     208056   144.4826     100.00     2.5786     2.2418         24  0.000e+00
      4.622   79.73862  137.88800      4.672    -1.4980    -1.4988  22.431981  22.430015    27.6998    27.6979    373.323    365.399     0.4739     4.4982     0.1368     0.1368     0.1663     0.0440     208057   144.4833     100.00     2.5774     2.2431         24  0.000e+00
      4.688   79.73862  137.88800      4.738    -1.4979    -1.4989  22.431981  22.430650    27.6997    27.6988    373.545    365.659     0.4739     4.4982     0.1392     0.1392     0.1663     0.0440     208058   144.4840     100.00     2.5786     2.2443         24  0.000e+00
      4.680   79.73862  137.88800      4.730    -1.4982    -1.4990  22.432150  22.431074    27.7001    27.6994    373.327    365.658     0.4739     4.4982     0.1392     0.1392     0.1663     0.0440     208059   144.4847     100.00     2.5774     2.2443         24  0.000e+00
      4.688   79.73862  137.88800      4.738    -1.4981    -1.4991  22.432206  22.431338    27.7001    27.6999    373.327    365.917     0.4434     4.4982     0.1392     0.1392     0.1663     0.0427     208060   144.4854     100.00     2.5774     2.2455         24  0.000e+00
      4.622   79.73862  137.88800      4.672    -1.4980    -1.4988  22.432037  22.431550    27.6998    27.7000    373.323    366.169     0.4739     4.4982     0.1392     0.1392     0.1663     0.0440     208061   144.4861     100.00     2.5774     2.2467         24  0.000e+00
      4.737   79.73862  137.88800      4.788    -1.4978    -1.4989  22.431700  22.431603    27.6991    27.7000    373.328    366.693     0.4434     4.4982     0.1380     0.1380     0.1663     0.0427     208062   144.4868     100.00     2.5774     2.2492         24  0.000e+00
      4.622   79.73862  137.88800      4.672    -1.4974    -1.4988  22.431306  22.431762    27.6983    27.7003    373.539    366.945     0.5044     4.4994     0.1392     0.1392     0.1652     0.0452     208063   144.4875     100.00     2.5786     2.2504         24  0.000e+00
      4.680   79.73862  137.88800      4.730    -1.4975    -1.4991  22.431081  22.432291    27.6980    27.7012    373.325    366.689     0.4739     4.4982     0.1392     0.1392     0.1663     0.0440     208064   144.4882     100.00     2.5774     2.2492         24  0.000e+00
      4.688   79.73862  137.88800      4.738    -1.4972    -1.4991  22.431024  22.432344    27.6977    27.7013    373.323    366.689     0.4739     4.4982     0.1392     0.1392     0.1663     0.0440     208065   144.4889     100.00     2.5774     2.2492         24  0.000e+00
      4.688   79.73862  137.88800      4.738    -1.4970    -1.4989  22.431024  22.432132    27.6975    27.7008    373.321    367.206     0.4739     4.4982     0.1380     0.1380     0.1663     0.0440     208066   144.4896     100.00     2.5774     2.2516         24  0.000e+00
