Continuous CTD Data/01_SBE Stage/nabos_40_01avg.cnv
* Sea-Bird SBE 9 Data File:
* FileName = D:\CTD\data\HLY2502\raw\NABOS_40_01.hex
* Software Version Seasave V 7.26.7.110
* Temperature SN = 6954
* Conductivity SN = 2561
* Number of Bytes Per Scan = 37
* Number of Voltage Words = 4
* Number of Scans Averaged by the Deck Unit = 1
* NMEA Latitude = 79 04.14 N
* NMEA Longitude = 126 00.67 E
* NMEA UTC (Time) = Sep 26 2025  04:32:04
* NMEA baud rate = 9600
** Ship: USCG HEALY
** Bot. Depth:  3044
** Cast Number:  01
** Station Name:  NABOS
** Station Number:  40
** Operator:  STARC
** Cast to 1200 m
# nquan = 25
# nvalues = 1214                        
# units = specified
# name 0 = depSM: Depth [salt water, m]
# name 1 = latitude: Latitude [deg]
# name 2 = longitude: Longitude [deg]
# name 3 = prDM: Pressure, Digiquartz [db]
# name 4 = t090C: Temperature [ITS-90, deg C]
# name 5 = t190C: Temperature, 2 [ITS-90, deg C]
# name 6 = c0mS/cm: Conductivity [mS/cm]
# name 7 = c1mS/cm: Conductivity, 2 [mS/cm]
# name 8 = sal00: Salinity, Practical [PSU]
# name 9 = sal11: Salinity, Practical, 2 [PSU]
# name 10 = sbox0Mm/Kg: Oxygen, SBE 43 [umol/kg]
# name 11 = sbox1Mm/Kg: Oxygen, SBE 43, 2 [umol/kg]
# name 12 = flECO-AFL: Fluorescence, WET Labs ECO-AFL/FL [mg/m^3]
# name 13 = v2: Voltage 2
# name 14 = wetCDOM: Fluorescence, WET Labs CDOM [mg/m^3]
# name 15 = v6: Voltage 6
# name 16 = CStarAt0: Beam Attenuation, WET Labs C-Star [1/m]
# name 17 = v3: Voltage 3
# name 18 = scan: Scan Count
# name 19 = timeM: Time, Elapsed [minutes]
# name 20 = altM: Altimeter [m]
# name 21 = sbeox0V: Oxygen raw, SBE 43 [V]
# name 22 = sbeox1V: Oxygen raw, SBE 43, 2 [V]
# name 23 = nbin: number of scans per bin
# name 24 = flag: flag
# span 0 =      2.968,   1199.664       
# span 1 =   79.06747,   79.06906       
# span 2 =  126.00882,  126.01032       
# span 3 =      3.000,   1216.000       
# span 4 =    -1.8350,     1.8614       
# span 5 =    -1.8347,     1.8612       
# span 6 =  23.880600,  30.665901       
# span 7 =  23.879099,  30.663261       
# span 8 =    29.7889,    34.9097       
# span 9 =    29.7857,    34.9067       
# span 10 =    287.650,    380.618      
# span 11 =    284.093,    374.113      
# span 12 =    -0.1763,     0.3442      
# span 13 =     4.5360,     4.6316      
# span 14 =     0.0656,     0.1418      
# span 15 =     0.0656,     0.1418      
# span 16 =     0.0493,     0.1327      
# span 17 =     0.0179,     0.0388      
# span 18 =       3347,      39082      
# span 19 =     2.3240,    27.1392      
# span 20 =     100.00,     100.00      
# span 21 =     1.9918,     2.6606      
# span 22 =     1.7703,     2.3177      
# span 23 =          2,         26      
# span 24 = 0.0000e+00, 0.0000e+00      
# interval = decibars: 1                
# start_time = Sep 26 2025 04:32:04 [NMEA time, header]
# bad_flag = -9.990e-29
*END*
[from data line 174]
    175.057   79.06890  126.00882    177.000     1.6599     1.6612  30.381323  30.379584    34.7736    34.7700    292.648    288.035    -0.1216     4.6286     0.0839     0.0839     0.0518     0.0201      11326     7.8649     100.00     2.3447     2.0591         16 0.0000e+00
    176.046   79.06890  126.00882    178.000     1.7253     1.7261  30.449432  30.447228    34.7871    34.7834    292.207    287.840    -0.1481     4.6286     0.0838     0.0838     0.0519     0.0191      11351     7.8822     100.00     2.3452     2.0608         16 0.0000e+00
    177.035   79.06890  126.00882    179.000     1.7463     1.7462  30.471802  30.469020    34.7916    34.7882    292.212    287.670    -0.1651     4.6281     0.0829     0.0829     0.0523     0.0184      11377     7.8997     100.00     2.3462     2.0606         17 0.0000e+00
    178.023   79.06890  126.00882    180.000     1.7463     1.7463  30.472929  30.470323    34.7924    34.7892    292.326    287.766    -0.1631     4.6282     0.0839     0.0839     0.0522     0.0185      11402     7.9171     100.00     2.3466     2.0609         15 0.0000e+00
    179.012   79.06888  126.00882    181.000     1.7464     1.7463  30.473859  30.471238    34.7930    34.7898    292.311    287.930    -0.1630     4.6287     0.0829     0.0829     0.0518     0.0185      11427     7.9345     100.00     2.3463     2.0616         15 0.0000e+00
    180.001   79.06888  126.00882    182.000     1.7454     1.7451  30.473776  30.470810    34.7933    34.7900    292.345    288.183    -0.1329     4.6265     0.0828     0.0828     0.0537     0.0197      11451     7.9517     100.00     2.3462     2.0627         15 0.0000e+00
    180.989   79.06888  126.00882    183.000     1.7429     1.7429  30.472121  30.469663    34.7935    34.7904    292.423    288.057    -0.1348     4.6256     0.0820     0.0820     0.0544     0.0196      11477     7.9691     100.00     2.3464     2.0617         16 0.0000e+00
    181.978   79.06888  126.00882    184.000     1.7424     1.7424  30.472456  30.469784    34.7938    34.7904    292.453    288.076    -0.1664     4.6282     0.0824     0.0824     0.0522     0.0183      11502     7.9865     100.00     2.3463     2.0616         14 0.0000e+00
    182.966   79.06888  126.00882    185.000     1.7419     1.7418  30.472534  30.469993    34.7940    34.7909    292.536    287.976    -0.1692     4.6282     0.0830     0.0830     0.0522     0.0182      11526     8.0038     100.00     2.3465     2.0609         14 0.0000e+00
    183.955   79.06888  126.00882    186.000     1.7419     1.7416  30.473212  30.470376    34.7942    34.7909    292.703    287.973    -0.1496     4.6284     0.0833     0.0833     0.0520     0.0190      11552     8.0213     100.00     2.3474     2.0606         16 0.0000e+00
    184.943   79.06888  126.00882    187.000     1.7406     1.7405  30.472625  30.469978    34.7943    34.7910    292.886    288.231    -0.1529     4.6285     0.0841     0.0841     0.0520     0.0189      11577     8.0386     100.00     2.3483     2.0618         15 0.0000e+00
    185.932   79.06888  126.00882    188.000     1.7391     1.7394  30.471905  30.469558    34.7944    34.7912    292.950    288.267    -0.1696     4.6288     0.0839     0.0839     0.0517     0.0182      11601     8.0559     100.00     2.3484     2.0617         14 0.0000e+00
    186.920   79.06888  126.00882    189.000     1.7396     1.7393  30.472826  30.470047    34.7945    34.7913    293.015    288.472    -0.1356     4.6280     0.0840     0.0840     0.0524     0.0196      11627     8.0734     100.00     2.3485     2.0626         16 0.0000e+00
    187.909   79.06888  126.00882    190.000     1.7391     1.7392  30.473020  30.470641    34.7948    34.7916    292.868    288.346    -0.1347     4.6283     0.0838     0.0838     0.0521     0.0196      11652     8.0909     100.00     2.3473     2.0617         16 0.0000e+00
    188.898   79.06888  126.00884    191.000     1.7392     1.7391  30.473684  30.471028    34.7948    34.7916    292.814    288.282    -0.1300     4.6285     0.0828     0.0828     0.0520     0.0198      11677     8.1082     100.00     2.3467     2.0612         14 0.0000e+00
    189.886   79.06888  126.00884    192.000     1.7387     1.7386  30.473758  30.471185    34.7949    34.7918    292.873    288.460    -0.1570     4.6287     0.0827     0.0827     0.0518     0.0187      11702     8.1257     100.00     2.3468     2.0619         14 0.0000e+00
    190.875   79.06888  126.00884    193.000     1.7347     1.7345  30.470628  30.467897    34.7948    34.7916    292.904    288.464    -0.1413     4.6288     0.0829     0.0829     0.0517     0.0193      11727     8.1430     100.00     2.3465     2.0616         14 0.0000e+00
    191.863   79.06888  126.00884    194.000     1.7313     1.7310  30.468182  30.465269    34.7949    34.7916    292.878    288.277    -0.1651     4.6289     0.0827     0.0827     0.0516     0.0184      11752     8.1605     100.00     2.3460     2.0602         16 0.0000e+00
    192.852   79.06887  126.00884    195.000     1.7312     1.7314  30.468598  30.466105    34.7949    34.7916    292.855    288.746    -0.1439     4.6287     0.0836     0.0836     0.0518     0.0192      11777     8.1780     100.00     2.3456     2.0625         16 0.0000e+00
    193.840   79.06886  126.00884    196.000     1.7311     1.7311  30.468963  30.466389    34.7949    34.7916    292.883    288.412    -0.1535     4.6288     0.0838     0.0838     0.0517     0.0188      11802     8.1953     100.00     2.3455     2.0605         14 0.0000e+00
    194.828   79.06886  126.00884    197.000     1.7304     1.7305  30.468857  30.466399    34.7950    34.7918    292.940    288.198    -0.1414     4.6286     0.0836     0.0836     0.0519     0.0193      11827     8.2126     100.00     2.3456     2.0592         13 0.0000e+00
    195.817   79.06886  126.00884    198.000     1.7303     1.7299  30.469139  30.466299    34.7949    34.7918    292.953    288.368    -0.1595     4.6288     0.0830     0.0830     0.0517     0.0186      11852     8.2300     100.00     2.3454     2.0598         15 0.0000e+00
    196.806   79.06886  126.00884    199.000     1.7267     1.7265  30.466271  30.463677    34.7947    34.7916    292.962    288.771    -0.1634     4.6288     0.0828     0.0828     0.0517     0.0184      11877     8.2475     100.00     2.3451     2.0616         16 0.0000e+00
    197.794   79.06886  126.00884    200.000     1.7228     1.7230  30.463324  30.460972    34.7946    34.7915    292.962    288.769    -0.1652     4.6289     0.0829     0.0829     0.0516     0.0184      11902     8.2648     100.00     2.3446     2.0613         16 0.0000e+00
    198.783   79.06886  126.00884    201.000     1.7199     1.7200  30.461164  30.458765    34.7945    34.7914    292.975    288.546    -0.1649     4.6288     0.0828     0.0828     0.0517     0.0184      11927     8.2820     100.00     2.3443     2.0598         14 0.0000e+00
    199.771   79.06886  126.00884    202.000     1.7181     1.7182  30.459961  30.457598    34.7944    34.7913    293.000    288.551    -0.1423     4.6288     0.0829     0.0829     0.0517     0.0193      11953     8.2997     100.00     2.3441     2.0595         18 0.0000e+00
    200.760   79.06886  126.00884    203.000     1.7179     1.7177  30.460092  30.457531    34.7942    34.7912    292.902    289.057    -0.1534     4.6287     0.0836     0.0836     0.0518     0.0188      11978     8.3172     100.00     2.3433     2.0620         18 0.0000e+00
    201.748   79.06886  126.00884    204.000     1.7177     1.7177  30.460448  30.457871    34.7943    34.7911    292.928    288.647    -0.1334     4.6289     0.0827     0.0827     0.0516     0.0196      12003     8.3346     100.00     2.3432     2.0596         18 0.0000e+00
    202.736   79.06886  126.00884    205.000     1.7178     1.7176  30.460942  30.458318    34.7943    34.7911    293.020    288.384    -0.1500     4.6270     0.0837     0.0837     0.0532     0.0190      12028     8.3520     100.00     2.3435     2.0580         19 0.0000e+00
    203.725   79.06886  126.00884    206.000     1.7178     1.7176  30.461496  30.458851    34.7943    34.7913    293.062    288.741    -0.1705     4.6286     0.0820     0.0820     0.0518     0.0182      12053     8.3693     100.00     2.3436     2.0597         17 0.0000e+00
    204.713   79.06886  126.00884    207.000     1.7173     1.7171  30.461512  30.458871    34.7943    34.7913    292.951    288.645    -0.1673     4.6288     0.0826     0.0826     0.0517     0.0183      12078     8.3868     100.00     2.3426     2.0590         18 0.0000e+00
    205.702   79.06886  126.00886    208.000     1.7174     1.7174  30.462123  30.459567    34.7945    34.7912    292.970    288.896    -0.1652     4.6287     0.0828     0.0828     0.0518     0.0184      12103     8.4041     100.00     2.3425     2.0601         15 0.0000e+00
    206.690   79.06886  126.00886    209.000     1.7167     1.7166  30.461826  30.459252    34.7943    34.7911    292.827    288.790    -0.1670     4.6284     0.0830     0.0830     0.0520     0.0183      12128     8.4215     100.00     2.3413     2.0593         15 0.0000e+00
    207.679   79.06886  126.00886    210.000     1.7129     1.7128  30.458909  30.456256    34.7942    34.7909    292.596    288.804    -0.1267     4.6288     0.0829     0.0829     0.0517     0.0199      12153     8.4391     100.00     2.3394     2.0590         19 0.0000e+00
    208.667   79.06884  126.00886    211.000     1.7127     1.7125  30.459094  30.456409    34.7941    34.7909    292.624    288.457    -0.1309     4.6286     0.0829     0.0829     0.0519     0.0197      12178     8.4563     100.00     2.3393     2.0569         16 0.0000e+00
    209.656   79.06884  126.00886    212.000     1.7557     1.7566  30.508262  30.506215    34.8082    34.8046    292.306    288.029    -0.1320     4.6284     0.0830     0.0830     0.0520     0.0197      12203     8.4738     100.00     2.3394     2.0565         20 0.0000e+00
    210.644   79.06884  126.00886    213.000     1.7858     1.7859  30.541104  30.538613    34.8160    34.8127    292.310    288.153    -0.1303     4.6285     0.0835     0.0835     0.0519     0.0198      12228     8.4912     100.00     2.3409     2.0583         19 0.0000e+00
    211.632   79.06884  126.00886    214.000     1.8059     1.8051  30.570305  30.566974    34.8301    34.8268    292.499    288.323    -0.1286     4.6287     0.0827     0.0827     0.0518     0.0198      12253     8.5087     100.00     2.3431     2.0600         19 0.0000e+00
    212.621   79.06884  126.00886    215.000     1.8377     1.8385  30.607470  30.605483    34.8413    34.8379    292.529    287.998    -0.1510     4.6286     0.0815     0.0815     0.0519     0.0189      12278     8.5259     100.00     2.3449     2.0596         20 0.0000e+00
    213.609   79.06884  126.00886    216.000     1.8520     1.8522  30.624219  30.621807    34.8460    34.8428    292.832    288.328    -0.1366     4.6285     0.0813     0.0813     0.0520     0.0195      12303     8.5432     100.00     2.3474     2.0619         16 0.0000e+00
    214.598   79.06884  126.00886    217.000     1.8521     1.8522  30.625320  30.622857    34.8467    34.8435    293.280    288.436    -0.1566     4.6288     0.0826     0.0826     0.0517     0.0187      12328     8.5607     100.00     2.3500     2.0622         18 0.0000e+00
    215.586   79.06884  126.00886    218.000     1.8523     1.8532  30.626179  30.624366    34.8471    34.8438    293.347    288.663    -0.1708     4.6286     0.0827     0.0827     0.0519     0.0182      12354     8.5781     100.00     2.3502     2.0633         18 0.0000e+00
    216.575   79.06884  126.00886    219.000     1.8554     1.8562  30.629797  30.627960    34.8476    34.8445    293.393    288.801    -0.1641     4.6284     0.0834     0.0834     0.0520     0.0184      12379     8.5957     100.00     2.3504     2.0640         20 0.0000e+00
    217.563   79.06884  126.00886    220.000     1.8564     1.8563  30.631274  30.628796    34.8478    34.8447    293.454    289.092    -0.1637     4.6288     0.0825     0.0825     0.0517     0.0184      12404     8.6131     100.00     2.3506     2.0653         18 0.0000e+00
    218.551   79.06884  126.00886    221.000     1.8565     1.8563  30.632069  30.629386    34.8481    34.8449    293.615    288.658    -0.1452     4.6290     0.0823     0.0823     0.0515     0.0192      12429     8.6303     100.00     2.3514     2.0628         14 0.0000e+00
    219.540   79.06884  126.00886    222.000     1.8566     1.8566  30.632699  30.630077    34.8482    34.8449    293.606    288.953    -0.1442     4.6288     0.0828     0.0828     0.0517     0.0192      12454     8.6479     100.00     2.3511     2.0642         20 0.0000e+00
    220.528   79.06884  126.00886    223.000     1.8564     1.8565  30.633068  30.630566    34.8483    34.8451    293.463    288.949    -0.1675     4.6284     0.0829     0.0829     0.0521     0.0183      12479     8.6652     100.00     2.3499     2.0640         17 0.0000e+00
    221.517   79.06884  126.00886    224.000     1.8559     1.8558  30.633150  30.630497    34.8484    34.8452    293.414    289.091    -0.1448     4.6289     0.0831     0.0831     0.0516     0.0192      12504     8.6826     100.00     2.3493     2.0645         17 0.0000e+00
    222.505   79.06884  126.00886    225.000     1.8560     1.8559  30.633715  30.631258    34.8484    34.8454    293.510    289.258    -0.1572     4.6287     0.0838     0.0838     0.0518     0.0187      12529     8.7000     100.00     2.3497     2.0652         18 0.0000e+00
    223.493   79.06884  126.00887    226.000     1.8551     1.8548  30.633439  30.630642    34.8485    34.8453    293.643    288.913    -0.1690     4.6289     0.0813     0.0813     0.0516     0.0182      12554     8.7175     100.00     2.3503     2.0631         18 0.0000e+00
    224.482   79.06882  126.00888    227.000     1.8514     1.8507  30.630436  30.627374    34.8483    34.8452    293.645    289.352    -0.1671     4.6289     0.0807     0.0807     0.0516     0.0183      12579     8.7349     100.00     2.3499     2.0651         18 0.0000e+00
    225.470   79.06882  126.00888    228.000     1.8417     1.8416  30.622236  30.619704    34.8480    34.8449    293.575    289.510    -0.1612     4.6285     0.0829     0.0829     0.0520     0.0185      12604     8.7523     100.00     2.3486     2.0653         16 0.0000e+00
    226.458   79.06882  126.00888    229.000     1.8421     1.8420  30.622948  30.620374    34.8478    34.8448    293.440    289.484    -0.1347     4.6288     0.0827     0.0827     0.0517     0.0196      12629     8.7696     100.00     2.3475     2.0650         17 0.0000e+00
    227.447   79.06882  126.00888    230.000     1.8419     1.8418  30.623236  30.620694    34.8478    34.8448    293.452    289.498    -0.1606     4.6288     0.0836     0.0836     0.0517     0.0186      12654     8.7871     100.00     2.3474     2.0648         16 0.0000e+00
    228.435   79.06882  126.00888    231.000     1.8415     1.8414  30.623336  30.620742    34.8479    34.8447    293.437    289.579    -0.1667     4.6288     0.0829     0.0829     0.0517     0.0183      12680     8.8045     100.00     2.3470     2.0650         16 0.0000e+00
    229.423   79.06882  126.00888    232.000     1.8414     1.8414  30.623708  30.621253    34.8479    34.8448    293.459    289.770    -0.1599     4.6283     0.0828     0.0828     0.0521     0.0186      12704     8.8218     100.00     2.3469     2.0659         14 0.0000e+00
    230.412   79.06882  126.00888    233.000     1.8419     1.8419  30.624677  30.622245    34.8480    34.8449    293.495    289.240    -0.1361     4.6286     0.0832     0.0832     0.0518     0.0196      12730     8.8393     100.00     2.3469     2.0628         14 0.0000e+00
