Continuous CTD Data/01_SBE Stage/nabos_12_02avg.cnv
* Sea-Bird SBE 9 Data File:
* FileName = D:\CTD\data\HLY2502\raw\NABOS_12_02.hex
* Software Version Seasave V 7.26.7.110
* Temperature SN = 6954
* Conductivity SN = 2561
* Number of Bytes Per Scan = 37
* Number of Voltage Words = 4
* Number of Scans Averaged by the Deck Unit = 1
* NMEA Latitude = 77 22.95 N
* NMEA Longitude = 176 13.98 W
* NMEA UTC (Time) = Sep 10 2025  21:33:20
* NMEA baud rate = 9600
** Ship: USCG HEALY
** Bot. Depth:  1417
** Cast Number:  02
** Station Name:  NABOS
** Station Number:  12
** Operator:  STARC
** mooring release test at depth
# nquan = 25
# nvalues = 1214                        
# units = specified
# name 0 = depSM: Depth [salt water, m]
# name 1 = latitude: Latitude [deg]
# name 2 = longitude: Longitude [deg]
# name 3 = prDM: Pressure, Digiquartz [db]
# name 4 = t090C: Temperature [ITS-90, deg C]
# name 5 = t190C: Temperature, 2 [ITS-90, deg C]
# name 6 = c0mS/cm: Conductivity [mS/cm]
# name 7 = c1mS/cm: Conductivity, 2 [mS/cm]
# name 8 = sal00: Salinity, Practical [PSU]
# name 9 = sal11: Salinity, Practical, 2 [PSU]
# name 10 = sbox0Mm/Kg: Oxygen, SBE 43 [umol/kg]
# name 11 = sbox1Mm/Kg: Oxygen, SBE 43, 2 [umol/kg]
# name 12 = flECO-AFL: Fluorescence, WET Labs ECO-AFL/FL [mg/m^3]
# name 13 = v2: Voltage 2
# name 14 = wetCDOM: Fluorescence, WET Labs CDOM [mg/m^3]
# name 15 = v6: Voltage 6
# name 16 = CStarAt0: Beam Attenuation, WET Labs C-Star [1/m]
# name 17 = v3: Voltage 3
# name 18 = scan: Scan Count
# name 19 = timeM: Time, Elapsed [minutes]
# name 20 = altM: Altimeter [m]
# name 21 = sbeox0V: Oxygen raw, SBE 43 [V]
# name 22 = sbeox1V: Oxygen raw, SBE 43, 2 [V]
# name 23 = nbin: number of scans per bin
# name 24 = flag: flag
# span 0 =      3.958,   1200.722       
# span 1 =   77.38280,   77.38743       
# span 2 = -176.23257, -176.22215       
# span 3 =      4.000,   1217.000       
# span 4 =    -1.5940,     0.9616       
# span 5 =    -1.5943,     0.9617       
# span 6 =  23.171414,  29.894858       
# span 7 =  23.170309,  29.892879       
# span 8 =    28.7286,    34.8838       
# span 9 =    28.7270,    34.8812       
# span 10 =    251.747,    385.283      
# span 11 =    246.442,    373.544      
# span 12 =    -0.1801,     0.4617      
# span 13 =     4.6011,     4.6678      
# span 14 =     0.0784,     0.1189      
# span 15 =     0.0784,     0.1189      
# span 16 =     0.0181,     0.0757      
# span 17 =     0.0178,     0.0435      
# span 18 =       1944,      40160      
# span 19 =     1.3491,    27.8884      
# span 20 =      60.57,     100.39      
# span 21 =     1.9530,     2.6847      
# span 22 =     1.7269,     2.3143      
# span 23 =          9,         26      
# span 24 = 0.0000e+00, 0.0000e+00      
# interval = decibars: 1                
# start_time = Sep 10 2025 21:33:20 [NMEA time, header]
# bad_flag = -9.990e-29
*END*
[from data line 1044]
   1034.398   77.38678 -176.22366   1048.000    -0.0201    -0.0196  29.392810  29.391168    34.8703    34.8676    291.942    286.076    -0.1339     4.6665     0.0829     0.0829     0.0193     0.0196      35004    24.3073     100.00     2.0637     1.8198         21 0.0000e+00
   1035.383   77.38678 -176.22366   1049.000    -0.0204    -0.0201  29.393018  29.391274    34.8703    34.8677    291.998    286.203    -0.1336     4.6662     0.0819     0.0819     0.0194     0.0196      35032    24.3271     100.00     2.0638     1.8201         20 0.0000e+00
   1036.367   77.38678 -176.22364   1050.000    -0.0166    -0.0163  29.396961  29.395280    34.8707    34.8682    291.925    285.995    -0.1347     4.6665     0.0829     0.0829     0.0192     0.0196      35060    24.3467     100.00     2.0634     1.8192         16 0.0000e+00
   1037.352   77.38679 -176.22364   1051.000    -0.0150    -0.0149  29.399003  29.397104    34.8710    34.8683    291.906    286.108    -0.1365     4.6665     0.0819     0.0819     0.0192     0.0195      35088    24.3662     100.00     2.0632     1.8196         15 0.0000e+00
   1038.336   77.38680 -176.22363   1052.000    -0.0137    -0.0134  29.400844  29.399184    34.8713    34.8688    291.909    273.108    -0.1560     4.6661     0.0831     0.0831     0.0195     0.0187      35117    24.3862     100.00     2.0631     1.7604         20 0.0000e+00
   1039.321   77.38680 -176.22362   1053.000    -0.0111    -0.0109  29.403852  29.402080    34.8717    34.8692    291.971    280.768    -0.1407     4.6661     0.0840     0.0840     0.0195     0.0194      35145    24.4057     100.00     2.0633     1.7951         18 0.0000e+00
   1040.305   77.38680 -176.22362   1054.000    -0.0115    -0.0114  29.403743  29.401841    34.8716    34.8689    292.085    283.591    -0.1697     4.6664     0.0830     0.0830     0.0193     0.0182      35174    24.4254     100.00     2.0637     1.8078         15 0.0000e+00
   1041.290   77.38680 -176.22360   1055.000    -0.0157    -0.0156  29.400514  29.398763    34.8715    34.8690    292.093    283.654    -0.1344     4.6658     0.0832     0.0832     0.0198     0.0196      35202    24.4450     100.00     2.0633     1.8077         16 0.0000e+00
   1042.275   77.38681 -176.22359   1056.000    -0.0186    -0.0183  29.398820  29.396967    34.8719    34.8692    291.975    284.704    -0.1574     4.6662     0.0837     0.0837     0.0195     0.0187      35231    24.4650     100.00     2.0624     1.8122         18 0.0000e+00
   1043.259   77.38682 -176.22358   1057.000    -0.0181    -0.0178  29.399792  29.397993    34.8721    34.8694    291.806    284.868    -0.1431     4.6662     0.0822     0.0822     0.0195     0.0193      35259    24.4848     100.00     2.0613     1.8128         15 0.0000e+00
   1044.243   77.38682 -176.22358   1058.000    -0.0205    -0.0205  29.398134  29.396220    34.8720    34.8695    291.724    284.299    -0.1687     4.6663     0.0830     0.0830     0.0194     0.0182      35287    24.5043     100.00     2.0605     1.8100         14 0.0000e+00
   1045.228   77.38682 -176.22356   1059.000    -0.0199    -0.0197  29.399162  29.397408    34.8721    34.8696    291.633    284.063    -0.1346     4.6659     0.0830     0.0830     0.0197     0.0196      35316    24.5240     100.00     2.0598     1.8088         14 0.0000e+00
   1046.212   77.38682 -176.22356   1060.000    -0.0161    -0.0157  29.403208  29.401618    34.8726    34.8700    291.531    284.205    -0.1328     4.6658     0.0835     0.0835     0.0198     0.0197      35344    24.5438     100.00     2.0592     1.8094         16 0.0000e+00
   1047.197   77.38682 -176.22355   1061.000    -0.0139    -0.0136  29.405748  29.404169    34.8729    34.8705    291.487    284.727    -0.1584     4.6660     0.0833     0.0833     0.0197     0.0187      35372    24.5635     100.00     2.0589     1.8117         14 0.0000e+00
   1048.182   77.38683 -176.22354   1062.000    -0.0116    -0.0113  29.408523  29.406825    34.8734    34.8708    291.478    284.647    -0.1354     4.6666     0.0822     0.0822     0.0191     0.0195      35401    24.5832     100.00     2.0588     1.8112         13 0.0000e+00
   1049.166   77.38684 -176.22354   1063.000    -0.0055    -0.0052  29.414773  29.413052    34.8741    34.8716    291.574    284.733    -0.1366     4.6660     0.0824     0.0824     0.0197     0.0195      35429    24.6029     100.00     2.0593     1.8117         14 0.0000e+00
   1050.151   77.38684 -176.22352   1064.000    -0.0012    -0.0009  29.419242  29.417625    34.8747    34.8722    291.567    284.887    -0.1366     4.6663     0.0818     0.0818     0.0194     0.0195      35458    24.6229     100.00     2.0594     1.8124         17 0.0000e+00
   1051.135   77.38684 -176.22352   1065.000    -0.0003    -0.0003  29.420634  29.418774    34.8749    34.8724    291.541    284.666    -0.1658     4.6660     0.0824     0.0824     0.0196     0.0184      35486    24.6422     100.00     2.0590     1.8113         12 0.0000e+00
   1052.119   77.38684 -176.22352   1066.000    -0.0029    -0.0029  29.418762  29.416893    34.8748    34.8722    291.587    284.867    -0.1627     4.6660     0.0830     0.0830     0.0196     0.0185      35514    24.6621     100.00     2.0589     1.8119         14 0.0000e+00
   1053.104   77.38684 -176.22350   1067.000    -0.0075    -0.0075  29.415182  29.413309    34.8747    34.8722    291.666    285.038    -0.1357     4.6664     0.0823     0.0823     0.0194     0.0195      35543    24.6820     100.00     2.0589     1.8123         16 0.0000e+00
   1054.088   77.38685 -176.22349   1068.000    -0.0081    -0.0081  29.415030  29.413125    34.8746    34.8721    291.464    284.820    -0.1324     4.6665     0.0818     0.0818     0.0192     0.0197      35572    24.7019     100.00     2.0576     1.8111         15 0.0000e+00
   1055.073   77.38686 -176.22348   1069.000    -0.0085    -0.0084  29.415178  29.413286    34.8746    34.8720    291.400    284.622    -0.1647     4.6665     0.0827     0.0827     0.0193     0.0184      35600    24.7216     100.00     2.0571     1.8100         17 0.0000e+00
   1056.057   77.38686 -176.22348   1070.000    -0.0118    -0.0114  29.412519  29.411061    34.8744    34.8719    291.304    284.501    -0.1394     4.6665     0.0821     0.0821     0.0193     0.0194      35628    24.7411     100.00     2.0562     1.8092         13 0.0000e+00
   1057.042   77.38686 -176.22346   1071.000    -0.0156    -0.0151  29.409697  29.408159    34.8743    34.8718    291.367    285.286    -0.1366     4.6665     0.0836     0.0836     0.0193     0.0195      35657    24.7612     100.00     2.0561     1.8125         16 0.0000e+00
   1058.026   77.38686 -176.22346   1072.000    -0.0193    -0.0190  29.406834  29.405186    34.8741    34.8716    291.394    284.996    -0.1345     4.6665     0.0823     0.0823     0.0192     0.0196      35685    24.7805     100.00     2.0559     1.8108         15 0.0000e+00
   1059.011   77.38687 -176.22345   1073.000    -0.0241    -0.0242  29.403168  29.401175    34.8741    34.8717    291.476    283.589    -0.1387     4.6667     0.0828     0.0828     0.0191     0.0194      35714    24.8005     100.00     2.0559     1.8041         14 0.0000e+00
   1059.995   77.38688 -176.22344   1074.000    -0.0246    -0.0243  29.403131  29.401330    34.8741    34.8714    291.433    285.891    -0.1582     4.6663     0.0841     0.0841     0.0194     0.0187      35742    24.8201     100.00     2.0554     1.8143         15 0.0000e+00
   1060.980   77.38688 -176.22344   1075.000    -0.0246    -0.0244  29.403554  29.401755    34.8741    34.8715    291.418    285.642    -0.1371     4.6667     0.0819     0.0819     0.0191     0.0195      35771    24.8399     100.00     2.0552     1.8130         16 0.0000e+00
   1061.964   77.38688 -176.22342   1076.000    -0.0246    -0.0245  29.403929  29.402008    34.8740    34.8714    291.333    285.143    -0.1588     4.6666     0.0808     0.0808     0.0191     0.0186      35799    24.8600     100.00     2.0545     1.8106         23 0.0000e+00
   1062.948   77.38688 -176.22342   1077.000    -0.0238    -0.0242  29.405033  29.402665    34.8740    34.8714    291.219    284.765    -0.1726     4.6667     0.0829     0.0829     0.0191     0.0181      35827    24.8794     100.00     2.0537     1.8087         16 0.0000e+00
   1063.933   77.38688 -176.22341   1078.000    -0.0218    -0.0229  29.407432  29.404293    34.8743    34.8715    291.197    285.130    -0.1472     4.6666     0.0819     0.0819     0.0192     0.0191      35856    24.8994     100.00     2.0535     1.8103         21 0.0000e+00
   1064.917   77.38689 -176.22340   1079.000    -0.0304    -0.0317  29.399863  29.396864    34.8735    34.8710    291.284    284.989    -0.1548     4.6665     0.0830     0.0830     0.0192     0.0188      35885    24.9191     100.00     2.0534     1.8091         17 0.0000e+00
   1065.902   77.38690 -176.22340   1080.000    -0.0459    -0.0470  29.386404  29.383548    34.8727    34.8701    291.307    285.405    -0.1672     4.6664     0.0832     0.0832     0.0193     0.0183      35913    24.9387     100.00     2.0526     1.8102         18 0.0000e+00
   1066.886   77.38690 -176.22338   1081.000    -0.0501    -0.0499  29.383079  29.381392    34.8725    34.8700    291.320    285.030    -0.1741     4.6657     0.0840     0.0840     0.0198     0.0180      35941    24.9586     100.00     2.0522     1.8083         18 0.0000e+00
   1067.870   77.38690 -176.22338   1082.000    -0.0509    -0.0505  29.382612  29.380962    34.8723    34.8696    291.359    284.821    -0.1685     4.6661     0.0818     0.0818     0.0196     0.0182      35970    24.9783     100.00     2.0522     1.8071         20 0.0000e+00
   1068.855   77.38690 -176.22336   1083.000    -0.0526    -0.0529  29.381339  29.379189    34.8719    34.8694    291.555    285.077    -0.1688     4.6663     0.0821     0.0821     0.0194     0.0182      35998    24.9980     100.00     2.0529     1.8080         18 0.0000e+00
   1069.839   77.38691 -176.22336   1084.000    -0.0590    -0.0583  29.376372  29.375215    34.8720    34.8696    291.692    284.894    -0.1419     4.6666     0.0830     0.0830     0.0192     0.0193      36027    25.0177     100.00     2.0531     1.8068         20 0.0000e+00
   1070.824   77.38692 -176.22335   1085.000    -0.0532    -0.0519  29.382293  29.381488    34.8727    34.8701    291.583    284.366    -0.1656     4.6666     0.0830     0.0830     0.0192     0.0184      36055    25.0374     100.00     2.0527     1.8045         18 0.0000e+00
   1071.808   77.38692 -176.22334   1086.000    -0.0504    -0.0488  29.385033  29.384560    34.8726    34.8702    291.602    285.799    -0.1298     4.6666     0.0826     0.0826     0.0191     0.0198      36084    25.0573     100.00     2.0527     1.8109         21 0.0000e+00
   1072.792   77.38692 -176.22334   1087.000    -0.0595    -0.0583  29.377180  29.376551    34.8719    34.8697    291.626    285.679    -0.1365     4.6660     0.0818     0.0818     0.0196     0.0195      36112    25.0770     100.00     2.0521     1.8098         15 0.0000e+00
   1073.777   77.38692 -176.22332   1088.000    -0.0652    -0.0644  29.372508  29.371355    34.8716    34.8692    291.634    285.773    -0.1702     4.6663     0.0818     0.0818     0.0194     0.0182      36140    25.0968     100.00     2.0517     1.8098         17 0.0000e+00
   1074.761   77.38692 -176.22332   1089.000    -0.0668    -0.0672  29.371492  29.369177    34.8716    34.8690    291.678    285.852    -0.1365     4.6662     0.0818     0.0818     0.0195     0.0195      36169    25.1164     100.00     2.0517     1.8099         17 0.0000e+00
   1075.745   77.38693 -176.22331   1090.000    -0.0695    -0.0698  29.369538  29.367357    34.8714    34.8689    291.709    285.665    -0.1331     4.6664     0.0818     0.0818     0.0193     0.0196      36197    25.1363     100.00     2.0515     1.8088         18 0.0000e+00
   1076.730   77.38694 -176.22330   1091.000    -0.0713    -0.0712  29.368291  29.366492    34.8712    34.8688    291.622    285.479    -0.1530     4.6659     0.0832     0.0832     0.0197     0.0189      36225    25.1558     100.00     2.0508     1.8078         16 0.0000e+00
   1077.714   77.38694 -176.22330   1092.000    -0.0592    -0.0594  29.380021  29.377908    34.8725    34.8699    291.553    284.774    -0.1769     4.6659     0.0826     0.0826     0.0197     0.0179      36254    25.1757     100.00     2.0507     1.8049         17 0.0000e+00
   1078.699   77.38694 -176.22328   1093.000    -0.0559    -0.0565  29.383277  29.380774    34.8725    34.8699    291.610    285.813    -0.1594     4.6658     0.0818     0.0818     0.0198     0.0186      36282    25.1954     100.00     2.0511     1.8095         20 0.0000e+00
   1079.683   77.38694 -176.22328   1094.000    -0.0450    -0.0474  29.394186  29.390008    34.8739    34.8712    291.384    285.987    -0.1330     4.6659     0.0827     0.0827     0.0197     0.0197      36310    25.2149     100.00     2.0501     1.8105         17 0.0000e+00
   1080.667   77.38694 -176.22327   1095.000    -0.0340    -0.0343  29.404448  29.402294    34.8745    34.8720    291.326    289.787    -0.1349     4.6660     0.0840     0.0840     0.0197     0.0196      36339    25.2348     100.00     2.0501     1.8280         18 0.0000e+00
   1081.652   77.38695 -176.22326   1096.000    -0.0445    -0.0436  29.395303  29.394137    34.8737    34.8712    291.483    293.280    -0.1594     4.6656     0.0833     0.0833     0.0200     0.0186      36367    25.2543     100.00     2.0503     1.8432         18 0.0000e+00
   1082.636   77.38696 -176.22324   1097.000    -0.0474    -0.0473  29.393336  29.391445    34.8738    34.8712    291.500    289.016    -0.1341     4.6654     0.0830     0.0830     0.0201     0.0196      36396    25.2741     100.00     2.0501     1.8236         17 0.0000e+00
   1083.620   77.38696 -176.22324   1098.000    -0.0513    -0.0513  29.390220  29.388155    34.8736    34.8708    291.559    287.954    -0.1539     4.6656     0.0820     0.0820     0.0200     0.0188      36424    25.2938     100.00     2.0500     1.8185         14 0.0000e+00
   1084.604   77.38696 -176.22323   1099.000    -0.0546    -0.0546  29.387691  29.385804    34.8735    34.8709    291.653    286.303    -0.1438     4.6662     0.0828     0.0828     0.0195     0.0192      36453    25.3137     100.00     2.0501     1.8108         18 0.0000e+00
   1085.589   77.38696 -176.22322   1100.000    -0.0486    -0.0485  29.393864  29.392009    34.8741    34.8716    291.587    286.024    -0.1667     4.6665     0.0820     0.0820     0.0193     0.0183      36481    25.3334     100.00     2.0498     1.8096         17 0.0000e+00
   1086.573   77.38697 -176.22322   1101.000    -0.0506    -0.0517  29.392546  29.389666    34.8742    34.8716    291.485    287.094    -0.1759     4.6661     0.0829     0.0829     0.0196     0.0180      36509    25.3530     100.00     2.0490     1.8141         17 0.0000e+00
   1087.557   77.38698 -176.22321   1102.000    -0.0547    -0.0549  29.389642  29.387522    34.8744    34.8718    291.501    286.427    -0.1718     4.6667     0.0819     0.0819     0.0191     0.0181      36538    25.3729     100.00     2.0487     1.8108         19 0.0000e+00
   1088.542   77.38698 -176.22320   1103.000    -0.0566    -0.0562  29.388290  29.386712    34.8741    34.8716    291.546    287.213    -0.1705     4.6659     0.0830     0.0830     0.0197     0.0182      36566    25.3925     100.00     2.0486     1.8141         18 0.0000e+00
   1089.526   77.38698 -176.22320   1104.000    -0.0601    -0.0590  29.385535  29.384629    34.8739    34.8714    291.614    286.698    -0.1437     4.6663     0.0823     0.0823     0.0194     0.0192      36595    25.4124     100.00     2.0486     1.8115         16 0.0000e+00
