Continuous CTD Data/01_SBE Stage/nabos_12_01avg.cnv
* Sea-Bird SBE 9 Data File:
* FileName = D:\CTD\data\HLY2502\raw\NABOS_12_01.hex
* Software Version Seasave V 7.26.7.110
* Temperature SN = 6954
* Conductivity SN = 2561
* Number of Bytes Per Scan = 37
* Number of Voltage Words = 4
* Number of Scans Averaged by the Deck Unit = 1
* NMEA Latitude = 77 22.28 N
* NMEA Longitude = 176 15.46 W
* NMEA UTC (Time) = Sep 10 2025  20:08:53
* NMEA baud rate = 9600
** Ship: USCG HEALY
** Bot. Depth:  1389
** Cast Number:  01
** Station Name:  NABOS
** Station Number:  12
** Operator:  STARC
** Ra cast to 250
# nquan = 25
# nvalues = 251                         
# units = specified
# name 0 = depSM: Depth [salt water, m]
# name 1 = latitude: Latitude [deg]
# name 2 = longitude: Longitude [deg]
# name 3 = prDM: Pressure, Digiquartz [db]
# name 4 = t090C: Temperature [ITS-90, deg C]
# name 5 = t190C: Temperature, 2 [ITS-90, deg C]
# name 6 = c0mS/cm: Conductivity [mS/cm]
# name 7 = c1mS/cm: Conductivity, 2 [mS/cm]
# name 8 = sal00: Salinity, Practical [PSU]
# name 9 = sal11: Salinity, Practical, 2 [PSU]
# name 10 = sbox0Mm/Kg: Oxygen, SBE 43 [umol/kg]
# name 11 = sbox1Mm/Kg: Oxygen, SBE 43, 2 [umol/kg]
# name 12 = flECO-AFL: Fluorescence, WET Labs ECO-AFL/FL [mg/m^3]
# name 13 = v2: Voltage 2
# name 14 = wetCDOM: Fluorescence, WET Labs CDOM [mg/m^3]
# name 15 = v6: Voltage 6
# name 16 = CStarAt0: Beam Attenuation, WET Labs C-Star [1/m]
# name 17 = v3: Voltage 3
# name 18 = scan: Scan Count
# name 19 = timeM: Time, Elapsed [minutes]
# name 20 = altM: Altimeter [m]
# name 21 = sbeox0V: Oxygen raw, SBE 43 [V]
# name 22 = sbeox1V: Oxygen raw, SBE 43, 2 [V]
# name 23 = nbin: number of scans per bin
# name 24 = flag: flag
# span 0 =      3.958,    251.181       
# span 1 =   77.37149,   77.37242       
# span 2 = -176.25718, -176.25506       
# span 3 =      4.000,    254.000       
# span 4 =    -1.6079,     0.8032       
# span 5 =    -1.6076,     0.8026       
# span 6 =  23.168929,  29.679719       
# span 7 =  23.167513,  29.677550       
# span 8 =    28.7232,    34.7817       
# span 9 =    28.7214,    34.7794       
# span 10 =    251.949,    385.845      
# span 11 =    246.473,    373.968      
# span 12 =    -0.1743,     0.4320      
# span 13 =     4.5446,     4.6623      
# span 14 =     0.0805,     0.1202      
# span 15 =     0.0805,     0.1202      
# span 16 =     0.0228,     0.1259      
# span 17 =     0.0180,     0.0423      
# span 18 =       3195,      15983      
# span 19 =     2.2182,    11.0986      
# span 20 =      24.83,     100.16      
# span 21 =     1.9571,     2.6938      
# span 22 =     1.7294,     2.3197      
# span 23 =          4,         28      
# span 24 = 0.0000e+00, 0.0000e+00      
# interval = decibars: 1                
# start_time = Sep 10 2025 20:08:53 [NMEA time, header]
# bad_flag = -9.990e-29
*END*
      3.958   77.37149 -176.25718      4.000    -1.5075    -1.5078  23.187219  23.186771    28.7315    28.7311    375.195    364.278     0.1492     4.6075     0.1083     0.1083     0.0702     0.0309       3195     2.2182     100.00     2.6046     2.2516         14 0.0000e+00
      4.948   77.37150 -176.25716      5.000    -1.5173    -1.5166  23.174592  23.173952    28.7232    28.7216    374.928    364.434     0.1476     4.6082     0.1079     0.1079     0.0696     0.0309       3319     2.3045     100.00     2.6020     2.2514         16 0.0000e+00
      5.937   77.37150 -176.25715      6.000    -1.5132    -1.5130  23.177822  23.176707    28.7232    28.7214    374.779    363.935     0.1668     4.6078     0.1074     0.1074     0.0699     0.0316       3383     2.3489     100.00     2.6012     2.2490         17 0.0000e+00
      6.926   77.37150 -176.25714      7.000    -1.5115    -1.5107  23.179891  23.179210    28.7237    28.7220    375.028    363.790     0.1639     4.6084     0.1080     0.1080     0.0694     0.0315       3450     2.3949     100.00     2.6024     2.2483         19 0.0000e+00
      7.916   77.37151 -176.25713      8.000    -1.5079    -1.5107  23.182462  23.179579    28.7232    28.7219    374.757    363.960     0.1687     4.6087     0.1081     0.1081     0.0692     0.0317       3505     2.4331     100.00     2.6008     2.2488         23 0.0000e+00
      8.905   77.37152 -176.25712      9.000    -1.5208    -1.5222  23.174143  23.171859    28.7238    28.7220    374.936    364.433     0.1798     4.6085     0.1074     0.1074     0.0693     0.0322       3556     2.4685     100.00     2.6007     2.2502         19 0.0000e+00
      9.895   77.37152 -176.25712     10.000    -1.5310    -1.5310  23.168929  23.167513    28.7260    28.7242    374.955    363.873     0.1931     4.6071     0.1077     0.1077     0.0706     0.0327       3606     2.5036     100.00     2.5999     2.2469         21 0.0000e+00
     10.884   77.37152 -176.25710     11.000    -1.5308    -1.5303  23.170364  23.169708    28.7272    28.7259    374.964    364.136     0.1963     4.6078     0.1081     0.1081     0.0699     0.0329       3659     2.5400     100.00     2.5997     2.2480         21 0.0000e+00
     11.874   77.37152 -176.25710     12.000    -1.5309    -1.5308  23.170465  23.169020    28.7269    28.7249    374.956    364.455     0.1951     4.6084     0.1088     0.1088     0.0695     0.0328       3712     2.5768     100.00     2.5994     2.2492         22 0.0000e+00
     12.863   77.37152 -176.25708     13.000    -1.5303    -1.5300  23.173296  23.171951    28.7296    28.7275    374.950    363.476     0.1992     4.6069     0.1079     0.1079     0.0707     0.0330       3764     2.6135     100.00     2.5992     2.2444         22 0.0000e+00
     13.853   77.37154 -176.25708     14.000    -1.5221    -1.5217  23.199670  23.198641    28.7569    28.7551    374.669    363.535     0.1992     4.6074     0.1087     0.1087     0.0702     0.0330       3818     2.6505     100.00     2.5983     2.2453         22 0.0000e+00
     14.842   77.37154 -176.25707     15.000    -1.4578    -1.4534  23.433693  23.441841    29.0112    29.0179    373.300    362.517     0.2017     4.6083     0.1082     0.1082     0.0695     0.0331       3870     2.6868     100.00     2.5987     2.2475         24 0.0000e+00
     15.832   77.37154 -176.25706     16.000    -1.2905    -1.2848  24.070484  24.080599    29.7085    29.7165    370.503    359.088     0.2688     4.6076     0.1061     0.1061     0.0701     0.0358       3921     2.7220     100.00     2.6049     2.2492         21 0.0000e+00
     16.821   77.37154 -176.25706     17.000    -1.2343    -1.2337  24.296910  24.295864    29.9583    29.9564    372.683    360.384     0.3039     4.6030     0.1027     0.1027     0.0740     0.0372       3972     2.7575     100.00     2.6249     2.2612         23 0.0000e+00
     17.810   77.37154 -176.25704     18.000    -1.2485    -1.2479  24.315771  24.314437    29.9975    29.9951    378.387    364.759     0.2622     4.6001     0.0988     0.0988     0.0765     0.0355       4021     2.7918     100.00     2.6570     2.2819         21 0.0000e+00
     18.800   77.37154 -176.25704     19.000    -1.2754    -1.2755  24.331920  24.331230    30.0458    30.0450    382.860    369.569     0.2826     4.5986     0.0969     0.0969     0.0779     0.0363       4070     2.8260     100.00     2.6814     2.3042         21 0.0000e+00
     19.789   77.37156 -176.25703     20.000    -1.3151    -1.3162  24.334316  24.333088    30.0885    30.0879    385.228    372.374     0.2863     4.6040     0.0954     0.0954     0.0732     0.0364       4120     2.8603     100.00     2.6927     2.3158         21 0.0000e+00
     20.779   77.37156 -176.25702     21.000    -1.3566    -1.3566  24.332758  24.331677    30.1276    30.1262    385.845    373.568     0.3501     4.6050     0.0990     0.0990     0.0723     0.0390       4170     2.8950     100.00     2.6938     2.3197         20 0.0000e+00
     21.768   77.37156 -176.25701     22.000    -1.4130    -1.4137  24.320881  24.319348    30.1679    30.1666    384.771    373.968     0.4077     4.6061     0.1026     0.1026     0.0714     0.0413       4220     2.9298     100.00     2.6843     2.3188         21 0.0000e+00
     22.757   77.37156 -176.25700     23.000    -1.4326    -1.4326  24.346400  24.345199    30.2219    30.2204    383.257    372.378     0.4320     4.6063     0.1178     0.1178     0.0711     0.0423       4270     2.9648     100.00     2.6750     2.3106         20 0.0000e+00
     23.747   77.37156 -176.25700     24.000    -1.4650    -1.4655  24.363760  24.362122    30.2780    30.2762    383.503    372.298     0.4163     4.6068     0.1168     0.1168     0.0708     0.0416       4321     3.0000     100.00     2.6749     2.3090         22 0.0000e+00
     24.736   77.37157 -176.25698     25.000    -1.4749    -1.4748  24.403079  24.401795    30.3410    30.3392    384.510    372.368     0.4041     4.6072     0.1180     0.1180     0.0704     0.0412       4372     3.0352     100.00     2.6808     2.3095         18 0.0000e+00
     25.726   77.37158 -176.25698     26.000    -1.4885    -1.4885  24.434121  24.432974    30.3967    30.3951    384.684    373.068     0.3577     4.6070     0.1176     0.1176     0.0705     0.0393       4422     3.0703     100.00     2.6815     2.3126         18 0.0000e+00
     26.715   77.37158 -176.25697     27.000    -1.4999    -1.5000  24.456415  24.455193    30.4382    30.4366    384.525    373.068     0.3405     4.6066     0.1144     0.1144     0.0709     0.0387       4473     3.1054     100.00     2.6803     2.3124         21 0.0000e+00
     27.704   77.37158 -176.25696     28.000    -1.4979    -1.4978  24.475639  24.474635    30.4619    30.4603    383.306    372.232     0.3163     4.6091     0.1162     0.1162     0.0688     0.0377       4523     3.1402     100.00     2.6736     2.3086         17 0.0000e+00
     28.694   77.37158 -176.25696     29.000    -1.4947    -1.4945  24.497479  24.496434    30.4878    30.4861    382.358    371.374     0.3068     4.6112     0.1179     0.1179     0.0669     0.0373       4574     3.1759     100.00     2.6686     2.3048         19 0.0000e+00
     29.683   77.37158 -176.25694     30.000    -1.5029    -1.5029  24.512377  24.511179    30.5160    30.5143    383.206    371.612     0.2843     4.6142     0.1178     0.1178     0.0643     0.0363       4626     3.2115     100.00     2.6731     2.3056         18 0.0000e+00
     30.673   77.37160 -176.25694     31.000    -1.5332    -1.5334  24.529231  24.527811    30.5695    30.5677    384.264    372.479     0.2877     4.6155     0.1190     0.1190     0.0632     0.0365       4677     3.2470     100.00     2.6777     2.3086         19 0.0000e+00
     31.662   77.37160 -176.25692     32.000    -1.5382    -1.5377  24.564351  24.563617    30.6221    30.6206    384.063    372.750     0.2891     4.6160     0.1191     0.1191     0.0627     0.0365       4727     3.2821     100.00     2.6769     2.3102         18 0.0000e+00
     32.651   77.37160 -176.25692     33.000    -1.5346    -1.5345  24.604628  24.603451    30.6729    30.6712    382.604    371.871     0.2662     4.6179     0.1173     0.1173     0.0611     0.0356       4779     3.3179     100.00     2.6694     2.3066         16 0.0000e+00
     33.641   77.37160 -176.25691     34.000    -1.5416    -1.5417  24.630683  24.629507    30.7152    30.7137    382.537    371.406     0.2705     4.6200     0.1180     0.1180     0.0593     0.0358       4830     3.3532     100.00     2.6690     2.3044         15 0.0000e+00
     34.630   77.37160 -176.25690     35.000    -1.5593    -1.5596  24.642457  24.641294    30.7490    30.7477    383.558    371.926     0.2687     4.6201     0.1186     0.1186     0.0593     0.0357       4880     3.3882     100.00     2.6739     2.3061         18 0.0000e+00
     35.619   77.37160 -176.25690     36.000    -1.5716    -1.5714  24.661753  24.660739    30.7876    30.7859    384.151    372.674     0.2319     4.6207     0.1185     0.1185     0.0588     0.0343       4931     3.4233     100.00     2.6768     2.3094         16 0.0000e+00
     36.609   77.37162 -176.25688     37.000    -1.5792    -1.5794  24.684048  24.682891    30.8254    30.8240    382.492    372.114     0.2226     4.6214     0.1157     0.1157     0.0581     0.0339       4982     3.4587     100.00     2.6672     2.3065         18 0.0000e+00
     37.598   77.37162 -176.25688     38.000    -1.5943    -1.5945  24.707817  24.707177    30.8731    30.8724    380.046    370.048     0.1699     4.6214     0.1069     0.1069     0.0581     0.0318       5032     3.4939     100.00     2.6529     2.2962         18 0.0000e+00
     38.587   77.37162 -176.25686     39.000    -1.6062    -1.6065  24.751986  24.751538    30.9455    30.9451    371.884    364.884     0.1463     4.6210     0.1111     0.1111     0.0584     0.0308       5083     3.5292     100.00     2.6066     2.2716         17 0.0000e+00
     39.577   77.37162 -176.25686     40.000    -1.6079    -1.6076  24.798986  24.798597    31.0111    31.0103    362.933    356.886     0.1379     4.5446     0.1112     0.1112     0.1259     0.0305       5134     3.5646     100.00     2.5564     2.2337         21 0.0000e+00
     40.566   77.37162 -176.25685     41.000    -1.6062    -1.6058  24.854771  24.854788    31.0853    31.0849    358.014    351.395     0.1242     4.6268     0.1119     0.1119     0.0534     0.0300       5184     3.5995     100.00     2.5295     2.2082         20 0.0000e+00
     41.555   77.37164 -176.25684     42.000    -1.6030    -1.6024  24.922788  24.922846    31.1748    31.1743    358.390    348.982     0.0902     4.6275     0.1140     0.1140     0.0528     0.0286       5235     3.6347     100.00     2.5330     2.1977         21 0.0000e+00
     42.545   77.37164 -176.25684     43.000    -1.5967    -1.5964  25.001490  25.001119    31.2756    31.2748    354.957    346.450     0.0358     4.6295     0.1125     0.1125     0.0511     0.0264       5285     3.6695     100.00     2.5152     2.1870         19 0.0000e+00
     43.534   77.37164 -176.25682     44.000    -1.5818    -1.5801  25.100347  25.101589    31.3951    31.3950    348.253    341.260    -0.0018     4.6298     0.1149     0.1149     0.0508     0.0249       5336     3.7047     100.00     2.4795     2.1641         20 0.0000e+00
     44.523   77.37164 -176.25682     45.000    -1.5698    -1.5698  25.198214  25.197266    31.5162    31.5149    341.686    335.121    -0.0104     4.6290     0.1122     0.1122     0.0515     0.0246       5386     3.7399     100.00     2.4444     2.1364         22 0.0000e+00
     45.513   77.37164 -176.25681     46.000    -1.5790    -1.5792  25.253814  25.253732    31.6018    31.6019    333.080    328.585    -0.0130     4.6300     0.1169     0.1169     0.0506     0.0245       5437     3.7749     100.00     2.3957     2.1052         21 0.0000e+00
     46.502   77.37164 -176.25680     47.000    -1.5692    -1.5669  25.330249  25.331373    31.6958    31.6948    326.868    321.484    -0.0173     4.6313     0.1182     0.1182     0.0495     0.0243       5488     3.8103     100.00     2.3619     2.0725         22 0.0000e+00
     47.491   77.37166 -176.25679     48.000    -1.5192    -1.5146  25.465109  25.467682    31.8270    31.8257    329.000    321.142    -0.0362     4.6324     0.1183     0.1183     0.0486     0.0235       5539     3.8460     100.00     2.3787     2.0747         23 0.0000e+00
     48.480   77.37166 -176.25678     49.000    -1.4565    -1.4553  25.607363  25.607468    31.9546    31.9534    326.339    319.234    -0.0483     4.6325     0.1101     0.1101     0.0485     0.0231       5590     3.8809     100.00     2.3686     2.0696         19 0.0000e+00
     49.470   77.37166 -176.25678     50.000    -1.4698    -1.4724  25.679898  25.679662    32.0677    32.0702    313.196    310.353    -0.0496     4.6327     0.1132     0.1132     0.0483     0.0230       5641     3.9168     100.00     2.2937     2.0269         26 0.0000e+00
     50.459   77.37166 -176.25676     51.000    -1.5141    -1.5147  25.740948  25.742944    32.1989    32.2022    295.802    295.468    -0.0324     4.6335     0.1191     0.1191     0.0476     0.0237       5692     3.9522     100.00     2.1929     1.9540         28 0.0000e+00
     51.448   77.37166 -176.25676     52.000    -1.5236    -1.5235  25.860255  25.860861    32.3726    32.3733    290.651    286.803    -0.0154     4.6328     0.1202     0.1202     0.0482     0.0244       5743     3.9873     100.00     2.1649     1.9132         27 0.0000e+00
     52.437   77.37166 -176.25675     53.000    -1.5004    -1.4964  25.997512  26.005025    32.5356    32.5415    293.646    286.325    -0.0492     4.6323     0.1199     0.1199     0.0487     0.0230       5793     4.0223     100.00     2.1853     1.9137         19 0.0000e+00
     53.427   77.37168 -176.25674     54.000    -1.4565    -1.4541  26.138476  26.141653    32.6809    32.6825    295.017    287.844    -0.0533     4.6298     0.1133     0.1133     0.0508     0.0229       5844     4.0577     100.00     2.1972     1.9243         22 0.0000e+00
     54.416   77.37168 -176.25674     55.000    -1.4329    -1.4311  26.223425  26.224895    32.7711    32.7712    286.510    282.738    -0.0483     4.6286     0.1130     0.1130     0.0518     0.0231       5895     4.0933     100.00     2.1502     1.9011         25 0.0000e+00
     55.405   77.37168 -176.25672     56.000    -1.4224    -1.4221  26.283988  26.283807    32.8422    32.8416    275.279    273.102    -0.0478     4.6309     0.1114     0.1114     0.0499     0.0231       5946     4.1288     100.00     2.0864     1.8549         22 0.0000e+00
     56.394   77.37168 -176.25672     57.000    -1.4244    -1.4241  26.334362  26.335111    32.9130    32.9137    265.214    263.452    -0.0500     4.6321     0.1119     0.1119     0.0488     0.0230       5997     4.1640     100.00     2.0287     1.8082         18 0.0000e+00
     57.384   77.37169 -176.25670     58.000    -1.4077    -1.4062  26.400457  26.400965    32.9847    32.9838    259.527    256.823    -0.0655     4.6345     0.1102     0.1102     0.0468     0.0224       6048     4.1993     100.00     1.9971     1.7770         20 0.0000e+00
     58.373   77.37170 -176.25670     59.000    -1.3947    -1.3940  26.456322  26.456207    33.0466    33.0456    257.056    253.255    -0.0728     4.6348     0.1098     0.1098     0.0465     0.0221       6099     4.2351     100.00     1.9840     1.7604         22 0.0000e+00
     59.362   77.37170 -176.25670     60.000    -1.3875    -1.3870  26.509035  26.508522    33.1105    33.1091    254.312    249.985    -0.0887     4.6348     0.1092     0.1092     0.0464     0.0215       6150     4.2705     100.00     1.9689     1.7451         22 0.0000e+00
