Continuous CTD Data/01_SBE Stage/nabos_44_01avg.cnv
* Sea-Bird SBE 9 Data File:
* FileName = D:\CTD\data\HLY2502\raw\NABOS_44_01.hex
* Software Version Seasave V 7.26.7.110
* Temperature SN = 6954
* Conductivity SN = 2561
* Number of Bytes Per Scan = 37
* Number of Voltage Words = 4
* Number of Scans Averaged by the Deck Unit = 1
* NMEA Latitude = 81 22.71 N
* NMEA Longitude = 125 50.34 E
* NMEA UTC (Time) = Sep 28 2025  09:12:40
* NMEA baud rate = 9600
** Ship: USCG HEALY
** Bot. Depth:  3963
** Cast Number:  01
** Station Name:  NABOS
** Station Number:  44
** Operator:  STARC
** 3958m target
# nquan = 25
# nvalues = 4029                        
# units = specified
# name 0 = depSM: Depth [salt water, m]
# name 1 = latitude: Latitude [deg]
# name 2 = longitude: Longitude [deg]
# name 3 = prDM: Pressure, Digiquartz [db]
# name 4 = t090C: Temperature [ITS-90, deg C]
# name 5 = t190C: Temperature, 2 [ITS-90, deg C]
# name 6 = c0mS/cm: Conductivity [mS/cm]
# name 7 = c1mS/cm: Conductivity, 2 [mS/cm]
# name 8 = sal00: Salinity, Practical [PSU]
# name 9 = sal11: Salinity, Practical, 2 [PSU]
# name 10 = sbox0Mm/Kg: Oxygen, SBE 43 [umol/kg]
# name 11 = sbox1Mm/Kg: Oxygen, SBE 43, 2 [umol/kg]
# name 12 = flECO-AFL: Fluorescence, WET Labs ECO-AFL/FL [mg/m^3]
# name 13 = v2: Voltage 2
# name 14 = wetCDOM: Fluorescence, WET Labs CDOM [mg/m^3]
# name 15 = v6: Voltage 6
# name 16 = CStarAt0: Beam Attenuation, WET Labs C-Star [1/m]
# name 17 = v3: Voltage 3
# name 18 = scan: Scan Count
# name 19 = timeM: Time, Elapsed [minutes]
# name 20 = altM: Altimeter [m]
# name 21 = sbeox0V: Oxygen raw, SBE 43 [V]
# name 22 = sbeox1V: Oxygen raw, SBE 43, 2 [V]
# name 23 = nbin: number of scans per bin
# name 24 = flag: flag
# span 0 =      3.957,   3951.648       
# span 1 =   81.37871,   81.38836       
# span 2 =  125.84004,  125.89915       
# span 3 =      4.000,   4032.000       
# span 4 =    -1.7803,     1.6285       
# span 5 =    -1.7799,     1.6282       
# span 6 =  22.493084,  30.466624       
# span 7 =  22.492357,  30.463969       
# span 8 =    27.7848,    34.9409       
# span 9 =    27.7829,    34.9384       
# span 10 =    280.669,    375.897      
# span 11 =    247.183,    369.636      
# span 12 =    -0.1824,     0.3250      
# span 13 =     4.4976,     4.6388      
# span 14 =     0.0627,     4.4304      
# span 15 =     0.0627,     4.4304      
# span 16 =     0.0430,     0.1669      
# span 17 =     0.0177,     0.0380      
# span 18 =       2460,     116372      
# span 19 =     1.7079,    80.8133      
# span 20 =       7.47,     100.00      
# span 21 =     1.4927,     2.6446      
# span 22 =     1.3572,     2.3015      
# span 23 =          7,         28      
# span 24 = 0.0000e+00, 0.0000e+00      
# interval = decibars: 1                
# start_time = Sep 28 2025 09:12:40 [NMEA time, header]
# bad_flag = -9.990e-29
*END*
[from data line 3479]
   3417.856   81.38613  125.88402   3483.000    -0.7142    -0.7144  29.819722  29.817859    34.9378    34.9356    281.957    281.217    -0.1729     4.6379     0.0837     0.0837     0.0438     0.0181      91167    63.3097     100.00     1.5705     1.4272         16 0.0000e+00
   3418.830   81.38614  125.88403   3484.000    -0.7141    -0.7143  29.820225  29.818225    34.9379    34.9354    281.892    283.047    -0.1672     4.6378     0.0824     0.0824     0.0439     0.0183      91192    63.3270     100.00     1.5701     1.4330         15 0.0000e+00
   3419.803   81.38614  125.88406   3485.000    -0.7140    -0.7141  29.820686  29.818715    34.9380    34.9354    281.847    282.596    -0.1557     4.6379     0.0840     0.0840     0.0438     0.0187      91217    63.3446     100.00     1.5698     1.4314         15 0.0000e+00
   3420.777   81.38614  125.88406   3486.000    -0.7140    -0.7140  29.821124  29.819198    34.9380    34.9355    281.846    278.093    -0.1451     4.6377     0.0830     0.0830     0.0441     0.0192      91242    63.3618     100.00     1.5696     1.4168         14 0.0000e+00
   3421.750   81.38614  125.88408   3487.000    -0.7139    -0.7139  29.821550  29.819570    34.9379    34.9354    281.922    279.754    -0.1510     4.6380     0.0854     0.0854     0.0438     0.0189      91267    63.3795     100.00     1.5698     1.4220         15 0.0000e+00
   3422.724   81.38614  125.88410   3488.000    -0.7138    -0.7139  29.822001  29.820060    34.9380    34.9355    281.844    277.533    -0.1592     4.6378     0.0835     0.0835     0.0439     0.0186      91293    63.3970     100.00     1.5693     1.4147         12 0.0000e+00
   3423.697   81.38614  125.88410   3489.000    -0.7137    -0.7139  29.822467  29.820465    34.9380    34.9356    281.849    279.048    -0.1480     4.6374     0.0830     0.0830     0.0443     0.0191      91318    63.4149     100.00     1.5692     1.4195         13 0.0000e+00
   3424.671   81.38614  125.88412   3490.000    -0.7137    -0.7137  29.822774  29.820827    34.9379    34.9354    281.933    279.859    -0.1656     4.6381     0.0830     0.0830     0.0437     0.0184      91344    63.4327     100.00     1.5694     1.4220         15 0.0000e+00
   3425.644   81.38614  125.88414   3491.000    -0.7137    -0.7138  29.823142  29.821135    34.9380    34.9355    281.906    281.500    -0.1671     4.6376     0.0830     0.0830     0.0441     0.0183      91369    63.4503     100.00     1.5692     1.4272         12 0.0000e+00
   3426.617   81.38616  125.88415   3492.000    -0.7136    -0.7136  29.823618  29.821711    34.9380    34.9356    281.923    280.130    -0.1587     4.6375     0.0839     0.0839     0.0442     0.0186      91395    63.4683     100.00     1.5691     1.4226         14 0.0000e+00
   3427.591   81.38616  125.88417   3493.000    -0.7134    -0.7134  29.824214  29.822228    34.9381    34.9355    281.903    280.105    -0.1494     4.6376     0.0836     0.0836     0.0441     0.0190      91421    63.4860     100.00     1.5689     1.4225         12 0.0000e+00
   3428.565   81.38616  125.88419   3494.000    -0.7134    -0.7133  29.824646  29.822629    34.9381    34.9355    281.904    279.901    -0.1730     4.6380     0.0830     0.0830     0.0438     0.0181      91446    63.5036     100.00     1.5687     1.4217         11 0.0000e+00
   3429.538   81.38616  125.88420   3495.000    -0.7132    -0.7132  29.824996  29.823116    34.9379    34.9355    281.933    279.645    -0.1732     4.6379     0.0830     0.0830     0.0439     0.0181      91472    63.5215     100.00     1.5687     1.4207         15 0.0000e+00
   3430.511   81.38616  125.88421   3496.000    -0.7133    -0.7132  29.825454  29.823542    34.9381    34.9356    281.951    279.734    -0.1712     4.6382     0.0830     0.0830     0.0436     0.0181      91498    63.5394     100.00     1.5686     1.4209         15 0.0000e+00
   3431.485   81.38616  125.88423   3497.000    -0.7132    -0.7131  29.825930  29.823940    34.9381    34.9355    282.000    277.176    -0.1369     4.6382     0.0831     0.0831     0.0436     0.0195      91523    63.5569     100.00     1.5687     1.4125         16 0.0000e+00
   3432.458   81.38616  125.88424   3498.000    -0.7131    -0.7131  29.826263  29.824327    34.9380    34.9355    281.942    278.101    -0.1654     4.6380     0.0828     0.0828     0.0438     0.0184      91549    63.5747     100.00     1.5683     1.4154         15 0.0000e+00
   3433.432   81.38616  125.88425   3499.000    -0.7130    -0.7130  29.826753  29.824765    34.9381    34.9355    281.968    279.034    -0.1687     4.6381     0.0820     0.0820     0.0436     0.0182      91574    63.5925     100.00     1.5683     1.4183         18 0.0000e+00
   3434.405   81.38616  125.88427   3500.000    -0.7127    -0.7128  29.827219  29.825395    34.9379    34.9356    281.887    280.104    -0.1693     4.6385     0.0830     0.0830     0.0433     0.0182      91599    63.6100     100.00     1.5678     1.4216         14 0.0000e+00
   3435.378   81.38618  125.88428   3501.000    -0.7126    -0.7127  29.827880  29.825868    34.9382    34.9356    281.990    281.198    -0.1531     4.6378     0.0819     0.0819     0.0439     0.0189      91625    63.6279     100.00     1.5681     1.4250         17 0.0000e+00
   3436.352   81.38618  125.88430   3502.000    -0.7126    -0.7126  29.828216  29.826263    34.9381    34.9356    281.901    280.881    -0.1529     4.6381     0.0807     0.0807     0.0436     0.0189      91651    63.6455     100.00     1.5676     1.4239         15 0.0000e+00
   3437.325   81.38618  125.88432   3503.000    -0.7125    -0.7125  29.828700  29.826682    34.9382    34.9356    281.816    279.620    -0.1682     4.6377     0.0851     0.0851     0.0440     0.0183      91676    63.6632     100.00     1.5671     1.4197         16 0.0000e+00
   3438.299   81.38618  125.88434   3504.000    -0.7125    -0.7125  29.829058  29.827093    34.9381    34.9356    281.999    278.898    -0.1689     4.6384     0.0827     0.0827     0.0434     0.0182      91701    63.6809     100.00     1.5677     1.4173         17 0.0000e+00
   3439.272   81.38618  125.88434   3505.000    -0.7125    -0.7125  29.829356  29.827394    34.9381    34.9355    281.837    281.723    -0.1688     4.6384     0.0819     0.0819     0.0434     0.0182      91727    63.6985     100.00     1.5669     1.4263         18 0.0000e+00
   3440.245   81.38618  125.88436   3506.000    -0.7125    -0.7126  29.829731  29.827714    34.9382    34.9355    281.865    281.872    -0.1747     4.6377     0.0827     0.0827     0.0440     0.0180      91752    63.7162     100.00     1.5669     1.4266         16 0.0000e+00
   3441.219   81.38618  125.88438   3507.000    -0.7125    -0.7125  29.830078  29.828204    34.9381    34.9357    281.849    281.389    -0.1719     4.6377     0.0837     0.0837     0.0440     0.0181      91778    63.7340     100.00     1.5667     1.4249         19 0.0000e+00
   3442.192   81.38618  125.88438   3508.000    -0.7124    -0.7125  29.830503  29.828462    34.9381    34.9354    281.863    281.128    -0.1747     4.6377     0.0835     0.0835     0.0440     0.0180      91803    63.7517     100.00     1.5666     1.4240         16 0.0000e+00
   3443.166   81.38618  125.88441   3509.000    -0.7124    -0.7125  29.830837  29.828917    34.9380    34.9356    281.890    278.640    -0.1556     4.6382     0.0825     0.0825     0.0435     0.0188      91829    63.7693     100.00     1.5666     1.4159         18 0.0000e+00
   3444.139   81.38620  125.88442   3510.000    -0.7124    -0.7124  29.831271  29.829350    34.9381    34.9356    281.839    280.499    -0.1334     4.6376     0.0827     0.0827     0.0441     0.0196      91854    63.7870     100.00     1.5662     1.4217         20 0.0000e+00
   3445.112   81.38620  125.88443   3511.000    -0.7122    -0.7122  29.831833  29.829903    34.9381    34.9356    281.778    279.744    -0.1310     4.6381     0.0842     0.0842     0.0437     0.0197      91880    63.8045     100.00     1.5659     1.4192         16 0.0000e+00
   3446.085   81.38620  125.88445   3512.000    -0.7118    -0.7119  29.832475  29.830515    34.9381    34.9356    281.898    280.438    -0.1624     4.6381     0.0841     0.0841     0.0437     0.0185      91905    63.8220     100.00     1.5662     1.4213         14 0.0000e+00
   3447.059   81.38620  125.88446   3513.000    -0.7117    -0.7118  29.832973  29.830992    34.9381    34.9356    281.907    283.264    -0.1763     4.6380     0.0832     0.0832     0.0438     0.0179      91930    63.8399     100.00     1.5661     1.4303         14 0.0000e+00
   3448.032   81.38620  125.88447   3514.000    -0.7116    -0.7116  29.833439  29.831478    34.9382    34.9356    281.940    281.226    -0.1639     4.6385     0.0840     0.0840     0.0433     0.0184      91956    63.8576     100.00     1.5661     1.4236         18 0.0000e+00
   3449.006   81.38620  125.88449   3515.000    -0.7115    -0.7116  29.833867  29.831988    34.9382    34.9358    281.876    281.526    -0.1669     4.6383     0.0821     0.0821     0.0435     0.0183      91981    63.8753     100.00     1.5657     1.4245         16 0.0000e+00
   3449.979   81.38620  125.88451   3516.000    -0.7115    -0.7115  29.834306  29.832355    34.9382    34.9357    281.930    280.750    -0.1559     4.6379     0.0830     0.0830     0.0439     0.0187      92007    63.8930     100.00     1.5658     1.4219         17 0.0000e+00
   3450.952   81.38620  125.88452   3517.000    -0.7115    -0.7115  29.834534  29.832598    34.9381    34.9356    281.854    280.203    -0.1528     4.6382     0.0830     0.0830     0.0436     0.0189      92033    63.9108     100.00     1.5653     1.4200         17 0.0000e+00
   3451.925   81.38620  125.88454   3518.000    -0.7115    -0.7115  29.834934  29.832932    34.9381    34.9356    281.936    279.333    -0.1452     4.6379     0.0830     0.0830     0.0439     0.0192      92058    63.9285     100.00     1.5655     1.4170         18 0.0000e+00
   3452.899   81.38622  125.88456   3519.000    -0.7115    -0.7115  29.835390  29.833339    34.9382    34.9355    281.888    279.854    -0.1610     4.6384     0.0821     0.0821     0.0434     0.0185      92083    63.9461     100.00     1.5652     1.4186         15 0.0000e+00
   3453.872   81.38622  125.88456   3520.000    -0.7114    -0.7114  29.835765  29.833792    34.9382    34.9356    281.894    279.681    -0.1737     4.6377     0.0818     0.0818     0.0440     0.0180      92109    63.9637     100.00     1.5651     1.4179         15 0.0000e+00
   3454.846   81.38622  125.88458   3521.000    -0.7111    -0.7112  29.836378  29.834460    34.9382    34.9358    281.853    279.182    -0.1683     4.6380     0.0834     0.0834     0.0437     0.0183      92135    63.9817     100.00     1.5648     1.4162         21 0.0000e+00
   3455.819   81.38622  125.88460   3522.000    -0.7110    -0.7110  29.836916  29.834839    34.9383    34.9356    281.866    280.297    -0.1751     4.6382     0.0831     0.0831     0.0436     0.0180      92160    63.9992     100.00     1.5647     1.4197         20 0.0000e+00
   3456.792   81.38622  125.88460   3523.000    -0.7110    -0.7110  29.837359  29.835337    34.9383    34.9357    281.857    279.899    -0.1579     4.6385     0.0813     0.0813     0.0433     0.0187      92185    64.0168     100.00     1.5645     1.4183         17 0.0000e+00
   3457.766   81.38622  125.88462   3524.000    -0.7108    -0.7110  29.837647  29.835732    34.9381    34.9357    281.789    280.395    -0.1470     4.6384     0.0823     0.0823     0.0434     0.0191      92210    64.0343     100.00     1.5641     1.4198         15 0.0000e+00
   3458.739   81.38622  125.88465   3525.000    -0.7107    -0.7108  29.838254  29.836183    34.9383    34.9357    281.693    280.423    -0.1571     4.6379     0.0836     0.0836     0.0439     0.0187      92236    64.0523     100.00     1.5636     1.4197         17 0.0000e+00
   3459.712   81.38622  125.88466   3526.000    -0.7107    -0.7107  29.838642  29.836702    34.9383    34.9358    281.743    279.680    -0.1298     4.6380     0.0823     0.0823     0.0438     0.0198      92261    64.0698     100.00     1.5637     1.4172         17 0.0000e+00
   3460.685   81.38622  125.88467   3527.000    -0.7107    -0.7106  29.838965  29.836972    34.9382    34.9356    281.797    280.449    -0.1623     4.6381     0.0837     0.0837     0.0436     0.0185      92287    64.0875     100.00     1.5637     1.4196         18 0.0000e+00
   3461.659   81.38623  125.88469   3528.000    -0.7105    -0.7106  29.839432  29.837524    34.9382    34.9358    281.790    280.823    -0.1743     4.6377     0.0819     0.0819     0.0440     0.0180      92313    64.1053     100.00     1.5635     1.4207         16 0.0000e+00
   3462.632   81.38624  125.88470   3529.000    -0.7104    -0.7104  29.839974  29.838022    34.9383    34.9358    281.791    280.041    -0.1400     4.6381     0.0819     0.0819     0.0436     0.0194      92338    64.1229     100.00     1.5634     1.4181         13 0.0000e+00
   3463.605   81.38624  125.88471   3530.000    -0.7102    -0.7102  29.840560  29.838607    34.9384    34.9358    281.729    280.810    -0.1753     4.6375     0.0843     0.0843     0.0442     0.0180      92364    64.1408     100.00     1.5631     1.4204         19 0.0000e+00
   3464.578   81.38624  125.88473   3531.000    -0.7101    -0.7101  29.841097  29.839044    34.9384    34.9358    281.739    279.836    -0.1767     4.6381     0.0819     0.0819     0.0437     0.0179      92389    64.1585     100.00     1.5630     1.4172         19 0.0000e+00
   3465.552   81.38624  125.88474   3532.000    -0.7100    -0.7100  29.841460  29.839488    34.9384    34.9358    281.766    279.212    -0.1670     4.6376     0.0829     0.0829     0.0441     0.0183      92414    64.1760     100.00     1.5629     1.4151         17 0.0000e+00
   3466.525   81.38624  125.88476   3533.000    -0.7099    -0.7099  29.841889  29.839926    34.9383    34.9358    281.744    279.694    -0.1755     4.6381     0.0841     0.0841     0.0437     0.0180      92440    64.1938     100.00     1.5627     1.4165         15 0.0000e+00
   3467.498   81.38624  125.88477   3534.000    -0.7098    -0.7098  29.842308  29.840275    34.9383    34.9357    281.731    279.760    -0.1789     4.6375     0.0834     0.0834     0.0442     0.0178      92465    64.2112     100.00     1.5625     1.4166         13 0.0000e+00
   3468.471   81.38624  125.88480   3535.000    -0.7097    -0.7097  29.842743  29.840807    34.9383    34.9358    281.735    279.841    -0.1709     4.6376     0.0830     0.0830     0.0441     0.0182      92491    64.2290     100.00     1.5624     1.4167         15 0.0000e+00
   3469.445   81.38624  125.88480   3536.000    -0.7096    -0.7097  29.843214  29.841321    34.9384    34.9360    281.735    280.381    -0.1714     4.6376     0.0816     0.0816     0.0441     0.0181      92516    64.2467     100.00     1.5623     1.4183         14 0.0000e+00
   3470.418   81.38626  125.88482   3537.000    -0.7096    -0.7097  29.843578  29.841456    34.9384    34.9357    281.753    279.689    -0.1712     4.6382     0.0814     0.0814     0.0435     0.0181      92542    64.2643     100.00     1.5622     1.4160         15 0.0000e+00
   3471.391   81.38626  125.88484   3538.000    -0.7095    -0.7096  29.843930  29.841983    34.9383    34.9358    281.728    279.384    -0.1756     4.6378     0.0823     0.0823     0.0439     0.0180      92567    64.2818     100.00     1.5620     1.4149         11 0.0000e+00
   3472.365   81.38626  125.88484   3539.000    -0.7092    -0.7093  29.844597  29.842698    34.9383    34.9359    281.741    279.029    -0.1692     4.6379     0.0835     0.0835     0.0439     0.0182      92593    64.2997     100.00     1.5619     1.4136         15 0.0000e+00
