Continuous CTD Data/01_SBE Stage/nabos_02_01.ros
* Sea-Bird SBE 9 Data File:
* FileName = D:\CTD\data\HLY2502\raw\NABOS_02_01.hex
* Software Version Seasave V 7.26.7.110
* Temperature SN = 6954
* Conductivity SN = 2561
* Number of Bytes Per Scan = 37
* Number of Voltage Words = 4
* Number of Scans Averaged by the Deck Unit = 1
* NMEA Latitude = 74 06.85 N
* NMEA Longitude = 168 41.05 E
* NMEA UTC (Time) = Sep 13 2025  10:56:16
* NMEA baud rate = 9600
** Ship: USCG HEALY
** Bot. Depth:  48
** Cast Number:  01
** Station Name:  NABOS
** Station Number:  02
** Operator:  STARC
# nquan = 25
# nvalues = 1176                                  
# units = specified
# name 0 = depSM: Depth [salt water, m]
# name 1 = latitude: Latitude [deg]
# name 2 = longitude: Longitude [deg]
# name 3 = prDM: Pressure, Digiquartz [db]
# name 4 = t090C: Temperature [ITS-90, deg C]
# name 5 = t190C: Temperature, 2 [ITS-90, deg C]
# name 6 = c0mS/cm: Conductivity [mS/cm]
# name 7 = c1mS/cm: Conductivity, 2 [mS/cm]
# name 8 = sal00: Salinity, Practical [PSU]
# name 9 = sal11: Salinity, Practical, 2 [PSU]
# name 10 = sbox0Mm/Kg: Oxygen, SBE 43 [umol/kg]
# name 11 = sbox1Mm/Kg: Oxygen, SBE 43, 2 [umol/kg]
# name 12 = flECO-AFL: Fluorescence, WET Labs ECO-AFL/FL [mg/m^3]
# name 13 = v2: Voltage 2
# name 14 = wetCDOM: Fluorescence, WET Labs CDOM [mg/m^3]
# name 15 = v6: Voltage 6
# name 16 = CStarAt0: Beam Attenuation, WET Labs C-Star [1/m]
# name 17 = v3: Voltage 3
# name 18 = scan: Scan Count
# name 19 = timeM: Time, Elapsed [minutes]
# name 20 = altM: Altimeter [m]
# name 21 = sbeox0V: Oxygen raw, SBE 43 [V]
# name 22 = sbeox1V: Oxygen raw, SBE 43, 2 [V]
# name 23 = nbf: Bottles Fired
# name 24 = flag:  0.000e+00
# interval = seconds: 0.0416667
# start_time = Sep 13 2025 10:56:16 [NMEA time, header]
# bad_flag = -9.990e-29
*END*
[from data line 580]
     19.900   74.11426  168.69188     20.109    -0.9409    -0.9369  23.469003  23.470534    28.5587    28.5569    388.222    378.506     0.2908     4.5385     0.1062     0.1062     0.1306     0.0366      16690    11.5896      29.43     2.7083     2.3445         12  0.000e+00
     19.883   74.11426  168.69188     20.092    -0.9402    -0.9378  23.470603  23.469889    28.5601    28.5569    388.421    378.515     0.2908     4.5385     0.1062     0.1062     0.1306     0.0366      16691    11.5903      29.43     2.7095     2.3445         12  0.000e+00
     19.949   74.11426  168.69188     20.158    -0.9394    -0.9369  23.471403  23.472147    28.5604    28.5591    388.415    378.755     0.2908     4.5385     0.1050     0.1050     0.1306     0.0366      16692    11.5910      29.43     2.7095     2.3457         12  0.000e+00
     19.949   74.11426  168.69188     20.158    -0.9393    -0.9359  23.471175  23.474835    28.5600    28.5617    388.415    378.989     0.2602     4.5385     0.1062     0.1062     0.1306     0.0354      16693    11.5917      29.43     2.7095     2.3469         12  0.000e+00
     19.900   74.11426  168.69188     20.109    -0.9391    -0.9353  23.470374  23.476232    28.5588    28.5631    388.413    378.470     0.2908     4.5385     0.1050     0.1050     0.1306     0.0366      16694    11.5924      29.47     2.7095     2.3445         12  0.000e+00
     19.883   74.11426  168.69188     20.092    -0.9397    -0.9346  23.469574  23.477200    28.5584    28.5636    388.421    378.459     0.2602     4.5385     0.1062     0.1062     0.1306     0.0354      16695    11.5931      29.57     2.7095     2.3445         12  0.000e+00
     19.949   74.11426  168.69188     20.158    -0.9400    -0.9337  23.469060  23.478114    28.5579    28.5640    388.643    378.451     0.2908     4.5385     0.1062     0.1062     0.1306     0.0366      16696    11.5938      29.62     2.7107     2.3445         12  0.000e+00
     19.949   74.11426  168.69188     20.158    -0.9402    -0.9329  23.469117  23.478867    28.5581    28.5642    388.431    378.441     0.2908     4.5385     0.1062     0.1062     0.1306     0.0366      16697    11.5944      29.62     2.7095     2.3445         12  0.000e+00
     20.072   74.11426  168.69196     20.283    -0.9242    -0.9137  23.500729  23.510971    28.5850    28.5886    388.382    379.672     0.2908     4.5470     0.1074     0.1074     0.1231     0.0366      16813    11.6750      29.47     2.7107     2.3518         13  0.000e+00
     20.006   74.11426  168.69196     20.216    -0.9211    -0.9190  23.502959  23.499031    28.5850    28.5779    388.341    379.509     0.2602     4.5458     0.1074     0.1074     0.1241     0.0354      16814    11.6757      29.43     2.7107     2.3506         13  0.000e+00
     20.072   74.11426  168.69196     20.283    -0.9198    -0.9250  23.501244  23.487577    28.5815    28.5682    388.554    379.357     0.2908     4.5458     0.1062     0.1062     0.1241     0.0366      16815    11.6764      29.35     2.7119     2.3493         13  0.000e+00
     19.965   74.11426  168.69196     20.175    -0.9204    -0.9245  23.497927  23.487953    28.5777    28.5683    388.353    380.358     0.2908     4.5458     0.1074     0.1074     0.1241     0.0366      16816    11.6771      29.33     2.7107     2.3542         13  0.000e+00
     20.072   74.11426  168.69196     20.283    -0.9216    -0.9233  23.494268  23.492470    28.5739    28.5732    388.385    381.347     0.2908     4.5470     0.1074     0.1074     0.1231     0.0366      16817    11.6778      29.33     2.7107     2.3591         13  0.000e+00
     19.949   74.11426  168.69196     20.158    -0.9227    -0.9222  23.491409  23.496288    28.5713    28.5773    388.613    381.569     0.2908     4.5470     0.1074     0.1074     0.1231     0.0366      16818    11.6785      29.33     2.7119     2.3603         13  0.000e+00
     20.023   74.11426  168.69196     20.233    -0.9240    -0.9207  23.489523  23.496826    28.5699    28.5765    388.422    381.810     0.2602     4.5458     0.1062     0.1062     0.1241     0.0354      16819    11.6792      29.33     2.7107     2.3616         13  0.000e+00
     20.072   74.11426  168.69196     20.283    -0.9252    -0.9219  23.488837  23.491448    28.5701    28.5705    388.438    381.845     0.2908     4.5458     0.1050     0.1050     0.1241     0.0366      16820    11.6799      29.35     2.7107     2.3616         13  0.000e+00
     19.949   74.11426  168.69196     20.158    -0.9253    -0.9248  23.488322  23.483651    28.5696    28.5629    388.435    381.895     0.2908     4.5458     0.1062     0.1062     0.1241     0.0366      16821    11.6806      29.38     2.7107     2.3616         13  0.000e+00
     20.006   74.11426  168.69196     20.216    -0.9253    -0.9286  23.488380  23.485910    28.5697    28.5695    388.652    381.669     0.2908     4.5458     0.1062     0.1062     0.1241     0.0366      16822    11.6813      29.38     2.7119     2.3603         13  0.000e+00
     20.023   74.11426  168.69196     20.233    -0.9255    -0.9250  23.487865  23.496503    28.5691    28.5801    388.656    380.584     0.2908     4.5470     0.1062     0.1062     0.1231     0.0366      16823    11.6819      29.38     2.7119     2.3555         13  0.000e+00
     20.006   74.11426  168.69196     20.216    -0.9264    -0.9241  23.485750  23.492094    28.5672    28.5734    388.458    378.315     0.2908     4.5458     0.1050     0.1050     0.1241     0.0366      16824    11.6826      29.38     2.7107     2.3445         13  0.000e+00
     19.949   74.11426  168.69196     20.158    -0.9332    -0.9274  23.478376  23.481339    28.5639    28.5623    388.760    376.106     0.2908     4.5458     0.1050     0.1050     0.1241     0.0366      16825    11.6833      29.38     2.7119     2.3335         13  0.000e+00
     20.006   74.11426  168.69196     20.216    -0.9403    -0.9296  23.473004  23.479673    28.5634    28.5621    388.634    375.628     0.2602     4.5397     0.1062     0.1062     0.1295     0.0354      16826    11.6840      29.38     2.7107     2.3310         13  0.000e+00
     20.023   74.11426  168.69196     20.233    -0.9429    -0.9302  23.461231  23.481017    28.5502    28.5644    388.920    376.388     0.2908     4.5348     0.1050     0.1050     0.1338     0.0366      16827    11.6847      29.35     2.7119     2.3347         13  0.000e+00
     20.006   74.11426  168.69196     20.216    -0.9508    -0.9312  23.440033  23.477684    28.5295    28.5610    388.861    377.169     0.2908     4.5336     0.1050     0.1050     0.1349     0.0366      16828    11.6854      29.33     2.7107     2.3384         13  0.000e+00
     19.949   74.11426  168.69196     20.158    -0.9607    -0.9353  23.420042  23.469082    28.5122    28.5535    389.241    377.488     0.2908     4.5336     0.1062     0.1062     0.1349     0.0366      16829    11.6861      29.33     2.7119     2.3396         13  0.000e+00
     20.023   74.11426  168.69196     20.233    -0.9704    -0.9392  23.410905  23.468384    28.5092    28.5562    389.155    377.275     0.2602     4.5336     0.1050     0.1050     0.1349     0.0354      16830    11.6868      29.35     2.7107     2.3384         13  0.000e+00
     19.949   74.11426  168.69196     20.158    -0.9723    -0.9364  23.415245  23.478114    28.5168    28.5666    389.150    376.702     0.2908     4.5336     0.1050     0.1050     0.1349     0.0366      16831    11.6875      29.33     2.7107     2.3359         13  0.000e+00
     19.949   74.11426  168.69196     20.158    -0.9712    -0.9314  23.417358  23.485910    28.5186    28.5722    389.131    376.629     0.2908     4.5336     0.1050     0.1050     0.1349     0.0366      16832    11.6882      29.38     2.7107     2.3359         13  0.000e+00
     20.006   74.11426  168.69196     20.216    -0.9724    -0.9286  23.414446  23.487039    28.5158    28.5710    389.157    377.362     0.2908     4.5336     0.1062     0.1062     0.1349     0.0366      16833    11.6889      29.50     2.7107     2.3396         13  0.000e+00
     19.965   74.11426  168.69196     20.175    -0.9752    -0.9271  23.408336  23.486286    28.5103    28.5686    389.204    377.097     0.2908     4.5336     0.1062     0.1062     0.1349     0.0366      16834    11.6896      29.52     2.7107     2.3384         13  0.000e+00
     20.006   74.11426  168.69196     20.216    -0.9791    -0.9269  23.400400  23.485211    28.5034    28.5670    389.274    376.343     0.2602     4.5336     0.1050     0.1050     0.1349     0.0354      16835    11.6903      29.52     2.7107     2.3347         13  0.000e+00
     19.949   74.11426  168.69196     20.158    -0.9839    -0.9279  23.392635  23.482737    28.4976    28.5646    389.345    375.599     0.2908     4.5336     0.1062     0.1062     0.1349     0.0366      16836    11.6910      29.52     2.7107     2.3310         13  0.000e+00
     20.006   74.11426  168.69196     20.216    -0.9880    -0.9297  23.390295  23.479619    28.4984    28.5621    389.609    375.629     0.2908     4.5348     0.1062     0.1062     0.1338     0.0366      16837    11.6917      29.52     2.7119     2.3310         13  0.000e+00
     19.965   74.11426  168.69196     20.175    -0.9891    -0.9328  23.398859  23.478867    28.5109    28.5641    389.581    375.403     0.2908     4.5336     0.1062     0.1062     0.1349     0.0366      16838    11.6924      29.47     2.7119     2.3298         13  0.000e+00
     19.949   74.11426  168.69196     20.158    -0.9821    -0.9312  23.418273  23.484405    28.5302    28.5700    389.225    375.114     0.2908     4.5336     0.1062     0.1062     0.1349     0.0366      16839    11.6931      29.38     2.7107     2.3286         13  0.000e+00
     20.006   74.11426  168.69196     20.216    -0.9695    -0.9288  23.439920  23.483275    28.5471    28.5662    389.027    375.101     0.2908     4.5348     0.1062     0.1062     0.1338     0.0366      16840    11.6937      29.35     2.7107     2.3286         13  0.000e+00
     19.965   74.11426  168.69196     20.175    -0.9586    -0.9312  23.454603  23.474781    28.5563    28.5572    389.082    375.153     0.2908     4.5348     0.1050     0.1050     0.1338     0.0366      16841    11.6944      29.35     2.7119     2.3286         13  0.000e+00
     19.949   74.11426  168.69196     20.158    -0.9503    -0.9377  23.463517  23.463116    28.5603    28.5478    388.758    375.253     0.2908     4.5348     0.1050     0.1050     0.1338     0.0366      16842    11.6951      29.35     2.7107     2.3286         13  0.000e+00
     19.949   74.11426  168.69196     20.158    -0.9453    -0.9438  23.468032  23.455000    28.5615    28.5427    388.695    375.844     0.2908     4.5336     0.1062     0.1062     0.1349     0.0366      16843    11.6958      29.33     2.7107     2.3310         13  0.000e+00
     19.949   74.11426  168.69196     20.158    -0.9423    -0.9462  23.470660  23.454517    28.5622    28.5444    388.658    376.120     0.2602     4.5348     0.1062     0.1062     0.1338     0.0354      16844    11.6965      29.38     2.7107     2.3323         13  0.000e+00
     19.965   74.11426  168.69196     20.175    -0.9402    -0.9468  23.472146  23.452958    28.5622    28.5429    388.633    376.132     0.2908     4.5336     0.1062     0.1062     0.1349     0.0366      16845    11.6972      29.45     2.7107     2.3323         13  0.000e+00
     19.949   74.11426  168.69196     20.158    -0.9389    -0.9538  23.473175  23.438395    28.5624    28.5302    388.618    375.489     0.2602     4.5324     0.1062     0.1062     0.1360     0.0354      16846    11.6979      29.47     2.7107     2.3286         13  0.000e+00
     19.949   74.11426  168.69196     20.158    -0.9380    -0.9639  23.474775  23.417981    28.5636    28.5125    388.603    374.642     0.2602     4.5299     0.1062     0.1062     0.1381     0.0354      16847    11.6986      29.47     2.7107     2.3237         13  0.000e+00
     20.006   74.11426  168.69196     20.216    -0.9358    -0.9692  23.477862  23.416800    28.5656    28.5159    388.360    374.188     0.2908     4.5299     0.1050     0.1050     0.1381     0.0366      16848    11.6993      29.50     2.7095     2.3213         13  0.000e+00
     19.900   74.11426  168.69196     20.109    -0.9338    -0.9601  23.481234  23.443017    28.5683    28.5423    388.537    373.748     0.2908     4.5311     0.1050     0.1050     0.1371     0.0366      16849    11.7000      29.47     2.7107     2.3200         13  0.000e+00
     19.949   74.11426  168.69196     20.158    -0.9316    -0.9476  23.483806  23.466342    28.5696    28.5615    388.509    373.806     0.2908     4.5311     0.1062     0.1062     0.1371     0.0366      16850    11.7007      29.45     2.7107     2.3213         13  0.000e+00
     20.006   74.11426  168.69196     20.216    -0.9295    -0.9399  23.485407  23.475749    28.5697    28.5667    388.487    373.960     0.2908     4.5311     0.1062     0.1062     0.1371     0.0366      16851    11.7014      29.40     2.7107     2.3225         13  0.000e+00
     19.965   74.11426  168.69196     20.175    -0.9278    -0.9352  23.486322  23.479620    28.5693    28.5674    388.252    373.903     0.2602     4.5299     0.1062     0.1062     0.1381     0.0354      16852    11.7021      29.38     2.7095     2.3225         13  0.000e+00
     19.949   74.11426  168.69196     20.158    -0.9269    -0.9312  23.487408  23.482576    28.5699    28.5676    388.453    373.856     0.2908     4.5311     0.1062     0.1062     0.1371     0.0366      16853    11.7028      29.38     2.7107     2.3225         13  0.000e+00
     19.949   74.11426  168.69196     20.158    -0.9258    -0.9290  23.488036  23.482953    28.5697    28.5659    388.227    373.835     0.2602     4.5299     0.1050     0.1050     0.1381     0.0354      16854    11.7035      29.38     2.7095     2.3225         13  0.000e+00
     19.949   74.11426  168.69196     20.158    -0.9253    -0.9277  23.488608  23.485910    28.5700    28.5687    388.434    373.813     0.2908     4.5299     0.1062     0.1062     0.1381     0.0366      16855    11.7042      29.38     2.7107     2.3225         13  0.000e+00
     19.965   74.11426  168.69196     20.175    -0.9249    -0.9259  23.488494  23.492309    28.5694    28.5754    388.218    374.279     0.2908     4.5299     0.1050     0.1050     0.1381     0.0366      16856    11.7049      29.40     2.7095     2.3249         13  0.000e+00
     19.949   74.11426  168.69196     20.158    -0.9247    -0.9224  23.488780  23.498708    28.5697    28.5806    388.214    374.476     0.2908     4.5299     0.1062     0.1062     0.1381     0.0366      16857    11.7056      29.38     2.7095     2.3261         13  0.000e+00
     20.006   74.11426  168.69198     20.216    -0.9246    -0.9193  23.489237  23.503602    28.5701    28.5842    388.214    374.687     0.2908     4.5311     0.1062     0.1062     0.1371     0.0366      16858    11.7063      29.40     2.7095     2.3274         13  0.000e+00
     19.883   74.11426  168.69198     20.092    -0.9242    -0.9170  23.488837  23.506990    28.5693    28.5866    388.420    374.900     0.2908     4.5311     0.1062     0.1062     0.1371     0.0366      16859    11.7069      29.38     2.7107     2.3286         13  0.000e+00
     20.023   74.11426  168.69198     20.233    -0.9255    -0.9158  23.486150  23.508228    28.5669    28.5870    388.236    375.651     0.2908     4.5299     0.1050     0.1050     0.1381     0.0366      16860    11.7076      29.38     2.7095     2.3323         13  0.000e+00
     19.883   74.11426  168.69198     20.092    -0.9292    -0.9153  23.480376  23.508442    28.5627    28.5869    388.498    375.892     0.2908     4.5299     0.1062     0.1062     0.1381     0.0366      16861    11.7083      29.40     2.7107     2.3335         13  0.000e+00
