Continuous CTD Data/01_SBE Stage/nabos_16_01avg.cnv
* Sea-Bird SBE 9 Data File:
* FileName = D:\CTD\data\HLY2502\raw\NABOS_16_01.hex
* Software Version Seasave V 7.26.7.110
* Temperature SN = 6954
* Conductivity SN = 2561
* Number of Bytes Per Scan = 37
* Number of Voltage Words = 4
* Number of Scans Averaged by the Deck Unit = 1
* NMEA Latitude = 77 05.32 N
* NMEA Longitude = 179 06.61 E
* NMEA UTC (Time) = Sep 17 2025  05:37:32
* NMEA baud rate = 9600
** Ship: USCG HEALY
** Bot. Depth:  1069
** Cast Number:  01
** Station Name:  NABOS
** Station Number:  16
** Operator:  STARC
# nquan = 25
# nvalues = 1060                        
# units = specified
# name 0 = depSM: Depth [salt water, m]
# name 1 = latitude: Latitude [deg]
# name 2 = longitude: Longitude [deg]
# name 3 = prDM: Pressure, Digiquartz [db]
# name 4 = t090C: Temperature [ITS-90, deg C]
# name 5 = t190C: Temperature, 2 [ITS-90, deg C]
# name 6 = c0mS/cm: Conductivity [mS/cm]
# name 7 = c1mS/cm: Conductivity, 2 [mS/cm]
# name 8 = sal00: Salinity, Practical [PSU]
# name 9 = sal11: Salinity, Practical, 2 [PSU]
# name 10 = sbox0Mm/Kg: Oxygen, SBE 43 [umol/kg]
# name 11 = sbox1Mm/Kg: Oxygen, SBE 43, 2 [umol/kg]
# name 12 = flECO-AFL: Fluorescence, WET Labs ECO-AFL/FL [mg/m^3]
# name 13 = v2: Voltage 2
# name 14 = wetCDOM: Fluorescence, WET Labs CDOM [mg/m^3]
# name 15 = v6: Voltage 6
# name 16 = CStarAt0: Beam Attenuation, WET Labs C-Star [1/m]
# name 17 = v3: Voltage 3
# name 18 = scan: Scan Count
# name 19 = timeM: Time, Elapsed [minutes]
# name 20 = altM: Altimeter [m]
# name 21 = sbeox0V: Oxygen raw, SBE 43 [V]
# name 22 = sbeox1V: Oxygen raw, SBE 43, 2 [V]
# name 23 = nbin: number of scans per bin
# name 24 = flag: flag
# span 0 =      3.958,   1049.178       
# span 1 =   77.08900,   77.09127       
# span 2 =  179.11118,  179.12020       
# span 3 =      4.000,   1063.000       
# span 4 =    -1.7077,     0.9246       
# span 5 =    -1.7056,     0.9247       
# span 6 =  23.318665,  29.789180       
# span 7 =  23.317657,  29.787098       
# span 8 =    28.9491,    34.8679       
# span 9 =    28.9467,    34.8660       
# span 10 =    288.607,    379.952      
# span 11 =    250.420,    373.810      
# span 12 =    -0.1818,     0.4355      
# span 13 =     4.6080,     4.6754      
# span 14 =     0.0730,     0.1246      
# span 15 =     0.0730,     0.1246      
# span 16 =     0.0116,     0.0702      
# span 17 =     0.0177,     0.0424      
# span 18 =       3687,      38874      
# span 19 =     2.5600,    26.9953      
# span 20 =       5.19,     100.00      
# span 21 =     2.0402,     2.6546      
# span 22 =     1.7573,     2.3161      
# span 23 =          9,         28      
# span 24 = 0.0000e+00, 0.0000e+00      
# interval = decibars: 1                
# start_time = Sep 17 2025 05:37:32 [NMEA time, header]
# bad_flag = -9.990e-29
*END*
[from data line 464]
    462.573   77.09002  179.11516    468.000     0.4542     0.4542  29.498712  29.496931    34.8113    34.8089    297.122    292.475    -0.1725     4.6717     0.0853     0.0853     0.0148     0.0181      18663    12.9597     100.00     2.2419     1.9738         23 0.0000e+00
    463.561   77.09002  179.11516    469.000     0.4533     0.4533  29.498449  29.496616    34.8114    34.8090    296.949    291.934    -0.1704     4.6720     0.0834     0.0834     0.0145     0.0182      18690    12.9784     100.00     2.2406     1.9709         19 0.0000e+00
    464.548   77.09002  179.11516    470.000     0.4550     0.4551  29.500695  29.498870    34.8117    34.8093    296.989    291.944    -0.1707     4.6724     0.0836     0.0836     0.0142     0.0182      18717    12.9973     100.00     2.2407     1.9709         17 0.0000e+00
    465.535   77.09002  179.11517    471.000     0.4557     0.4556  29.501753  29.499930    34.8118    34.8095    296.944    292.366    -0.1686     4.6727     0.0840     0.0840     0.0139     0.0182      18744    13.0162     100.00     2.2403     1.9728         21 0.0000e+00
    466.522   77.09002  179.11518    472.000     0.4544     0.4544  29.501126  29.499322    34.8118    34.8094    296.887    292.973    -0.1520     4.6727     0.0840     0.0840     0.0139     0.0189      18771    13.0348     100.00     2.2396     1.9756         16 0.0000e+00
    467.510   77.09002  179.11518    473.000     0.4561     0.4562  29.503306  29.501500    34.8122    34.8097    296.988    292.373    -0.1350     4.6729     0.0833     0.0833     0.0137     0.0196      18799    13.0540     100.00     2.2401     1.9725         19 0.0000e+00
    468.497   77.09002  179.11520    474.000     0.4568     0.4569  29.504513  29.502649    34.8123    34.8098    297.011    292.429    -0.1696     4.6732     0.0821     0.0821     0.0135     0.0182      18826    13.0729     100.00     2.2400     1.9726         22 0.0000e+00
    469.484   77.09002  179.11520    475.000     0.4568     0.4568  29.504920  29.503024    34.8123    34.8099    296.919    287.064    -0.1701     4.6731     0.0832     0.0832     0.0135     0.0182      18853    13.0917     100.00     2.2393     1.9457         20 0.0000e+00
    470.472   77.09002  179.11521    476.000     0.4539     0.4537  29.502757  29.500720    34.8122    34.8097    296.868    291.038    -0.1448     4.6730     0.0848     0.0848     0.0136     0.0192      18880    13.1106     100.00     2.2386     1.9652         19 0.0000e+00
    471.459   77.09003  179.11522    477.000     0.4460     0.4459  29.496331  29.494297    34.8120    34.8095    296.868    290.664    -0.1675     4.6737     0.0853     0.0853     0.0131     0.0183      18907    13.1295     100.00     2.2379     1.9628         20 0.0000e+00
    472.446   77.09004  179.11522    478.000     0.4389     0.4388  29.490451  29.488383    34.8118    34.8092    297.026    293.473    -0.1721     4.6736     0.0844     0.0844     0.0131     0.0181      18934    13.1482     100.00     2.2383     1.9763         17 0.0000e+00
    473.433   77.09004  179.11523    479.000     0.4325     0.4326  29.485299  29.483503    34.8117    34.8092    297.094    292.001    -0.1728     4.6736     0.0840     0.0840     0.0132     0.0181      18962    13.1671     100.00     2.2381     1.9685         16 0.0000e+00
    474.421   77.09004  179.11524    480.000     0.4297     0.4291  29.483284  29.480862    34.8116    34.8091    297.127    292.419    -0.1615     4.6739     0.0834     0.0834     0.0129     0.0185      18989    13.1860     100.00     2.2379     1.9702         17 0.0000e+00
    475.408   77.09004  179.11524    481.000     0.4228     0.4227  29.477626  29.475632    34.8113    34.8089    297.108    294.169    -0.1321     4.6737     0.0848     0.0848     0.0131     0.0197      19016    13.2048     100.00     2.2373     1.9784         17 0.0000e+00
    476.395   77.09004  179.11524    482.000     0.4166     0.4170  29.472463  29.470983    34.8110    34.8086    297.174    295.846    -0.1529     4.6734     0.0846     0.0846     0.0133     0.0189      19043    13.2238     100.00     2.2371     1.9863         17 0.0000e+00
    477.382   77.09004  179.11526    483.000     0.4099     0.4097  29.467102  29.464975    34.8109    34.8084    297.334    293.806    -0.1745     4.6738     0.0842     0.0842     0.0130     0.0180      19070    13.2426     100.00     2.2375     1.9757         17 0.0000e+00
    478.369   77.09004  179.11526    484.000     0.4039     0.4039  29.462073  29.460320    34.8105    34.8082    297.319    292.818    -0.1403     4.6733     0.0836     0.0836     0.0134     0.0194      19097    13.2612     100.00     2.2368     1.9704         14 0.0000e+00
    479.357   77.09004  179.11527    485.000     0.3993     0.3996  29.458683  29.457151    34.8107    34.8084    297.260    294.265    -0.1616     4.6739     0.0834     0.0834     0.0129     0.0185      19125    13.2803     100.00     2.2360     1.9772         15 0.0000e+00
    480.344   77.09004  179.11528    486.000     0.3971     0.3977  29.457292  29.455909    34.8107    34.8083    297.123    293.230    -0.1493     4.6730     0.0841     0.0841     0.0136     0.0190      19152    13.2991     100.00     2.2349     1.9718         15 0.0000e+00
    481.331   77.09004  179.11528    487.000     0.3999     0.3998  29.460131  29.458285    34.8107    34.8085    296.967    291.761    -0.1438     4.6729     0.0840     0.0840     0.0137     0.0192      19179    13.3181     100.00     2.2339     1.9644         17 0.0000e+00
    482.318   77.09004  179.11530    488.000     0.3913     0.3913  29.453127  29.451297    34.8106    34.8082    297.024    293.300    -0.1616     4.6727     0.0835     0.0835     0.0139     0.0185      19206    13.3371     100.00     2.2335     1.9715         18 0.0000e+00
    483.305   77.09006  179.11530    489.000     0.3834     0.3834  29.446507  29.444693    34.8103    34.8079    297.080    292.857    -0.1648     4.6724     0.0833     0.0833     0.0142     0.0184      19233    13.3557     100.00     2.2332     1.9687         14 0.0000e+00
    484.292   77.09006  179.11530    490.000     0.3750     0.3750  29.439812  29.437814    34.8103    34.8077    297.157    292.284    -0.1671     4.6721     0.0834     0.0834     0.0145     0.0183      19261    13.3747     100.00     2.2330     1.9654         15 0.0000e+00
    485.280   77.09006  179.11531    491.000     0.3720     0.3723  29.437326  29.435776    34.8099    34.8076    297.306    341.139    -0.1789     4.6729     0.0836     0.0836     0.0138     0.0178      19288    13.3935     100.00     2.2335     2.2068         15 0.0000e+00
    486.267   77.09006  179.11532    492.000     0.3681     0.3681  29.434442  29.432503    34.8099    34.8074    297.344    299.821    -0.1734     4.6728     0.0828     0.0828     0.0138     0.0181      19315    13.4124     100.00     2.2333     2.0020         14 0.0000e+00
    487.254   77.09006  179.11532    493.000     0.3635     0.3635  29.430736  29.428790    34.8096    34.8071    297.466    250.420    -0.1425     4.6731     0.0812     0.0812     0.0136     0.0193      19342    13.4310     100.00     2.2335     1.7573         13 0.0000e+00
    488.242   77.09006  179.11533    494.000     0.3625     0.3626  29.430292  29.428482    34.8096    34.8071    297.442    292.480    -0.1647     4.6729     0.0817     0.0817     0.0137     0.0184      19369    13.4501     100.00     2.2331     1.9650         15 0.0000e+00
    489.228   77.09006  179.11534    495.000     0.3621     0.3621  29.430374  29.428647    34.8096    34.8073    297.517    291.512    -0.1608     4.6727     0.0829     0.0829     0.0139     0.0185      19396    13.4690     100.00     2.2333     1.9600         14 0.0000e+00
    490.216   77.09006  179.11534    496.000     0.3601     0.3603  29.429177  29.427409    34.8097    34.8072    297.482    291.500    -0.1421     4.6728     0.0833     0.0833     0.0138     0.0193      19424    13.4880     100.00     2.2328     1.9597         15 0.0000e+00
    491.203   77.09006  179.11536    497.000     0.3578     0.3579  29.427474  29.425658    34.8094    34.8070    297.503    294.374    -0.1447     4.6728     0.0846     0.0846     0.0138     0.0192      19451    13.5066     100.00     2.2326     1.9736         15 0.0000e+00
    492.190   77.09006  179.11536    498.000     0.3567     0.3567  29.426975  29.425218    34.8094    34.8071    297.396    292.828    -0.1326     4.6726     0.0845     0.0845     0.0139     0.0197      19478    13.5256     100.00     2.2317     1.9657         16 0.0000e+00
    493.177   77.09006  179.11536    499.000     0.3564     0.3564  29.427173  29.425296    34.8094    34.8070    297.501    295.107    -0.1341     4.6724     0.0833     0.0833     0.0142     0.0196      19505    13.5443     100.00     2.2320     1.9768         12 0.0000e+00
    494.164   77.09007  179.11537    500.000     0.3553     0.3553  29.426613  29.424848    34.8094    34.8071    297.570    294.488    -0.1347     4.6718     0.0835     0.0835     0.0147     0.0196      19532    13.5635     100.00     2.2321     1.9735         16 0.0000e+00
    495.151   77.09008  179.11538    501.000     0.3536     0.3536  29.425624  29.423752    34.8094    34.8069    297.705    292.630    -0.1348     4.6725     0.0836     0.0836     0.0141     0.0196      19559    13.5822     100.00     2.2326     1.9641         17 0.0000e+00
    496.139   77.09008  179.11538    502.000     0.3503     0.3504  29.423208  29.421399    34.8094    34.8069    297.628    292.771    -0.1573     4.6727     0.0832     0.0832     0.0139     0.0187      19587    13.6011     100.00     2.2318     1.9644         16 0.0000e+00
    497.126   77.09008  179.11540    503.000     0.3482     0.3483  29.421725  29.419971    34.8092    34.8068    297.484    292.208    -0.1794     4.6723     0.0842     0.0842     0.0143     0.0178      19613    13.6193     100.00     2.2306     1.9614          9 0.0000e+00
    498.113   77.09008  179.11540    504.000     0.3464     0.3465  29.420653  29.418856    34.8092    34.8068    297.431    291.329    -0.1719     4.6721     0.0845     0.0845     0.0144     0.0181      19641    13.6386     100.00     2.2300     1.9568         12 0.0000e+00
    499.100   77.09008  179.11541    505.000     0.3433     0.3433  29.418410  29.416549    34.8092    34.8067    297.473    293.511    -0.1712     4.6727     0.0835     0.0835     0.0139     0.0181      19668    13.6578     100.00     2.2298     1.9672         15 0.0000e+00
    500.087   77.09008  179.11542    506.000     0.3415     0.3415  29.417195  29.415303    34.8090    34.8065    297.515    293.289    -0.1671     4.6726     0.0845     0.0845     0.0139     0.0183      19695    13.6766     100.00     2.2298     1.9659         15 0.0000e+00
    501.074   77.09008  179.11542    507.000     0.3399     0.3400  29.416239  29.414484    34.8090    34.8066    297.556    291.339    -0.1690     4.6726     0.0849     0.0849     0.0140     0.0182      19723    13.6956     100.00     2.2297     1.9560         17 0.0000e+00
    502.061   77.09008  179.11542    508.000     0.3383     0.3383  29.415120  29.413431    34.8088    34.8065    297.538    291.135    -0.1709     4.6720     0.0840     0.0840     0.0145     0.0181      19750    13.7145     100.00     2.2293     1.9547         16 0.0000e+00
    503.048   77.09008  179.11543    509.000     0.3339     0.3338  29.411774  29.409798    34.8087    34.8063    297.487    292.059    -0.1596     4.6723     0.0835     0.0835     0.0143     0.0186      19777    13.7332     100.00     2.2285     1.9589         16 0.0000e+00
    504.036   77.09008  179.11544    510.000     0.3269     0.3269  29.406041  29.404199    34.8085    34.8061    297.509    295.288    -0.1389     4.6719     0.0830     0.0830     0.0146     0.0194      19804    13.7521     100.00     2.2281     1.9743         16 0.0000e+00
    505.022   77.09008  179.11544    511.000     0.3208     0.3208  29.401002  29.399217    34.8082    34.8058    297.500    298.698    -0.1686     4.6725     0.0832     0.0832     0.0140     0.0182      19831    13.7709     100.00     2.2275     1.9907         14 0.0000e+00
    506.010   77.09010  179.11546    512.000     0.3157     0.3157  29.396869  29.395196    34.8079    34.8057    297.398    294.372    -0.1492     4.6718     0.0839     0.0839     0.0148     0.0190      19858    13.7897     100.00     2.2264     1.9690         14 0.0000e+00
    506.997   77.09010  179.11546    513.000     0.3125     0.3126  29.394599  29.392716    34.8080    34.8054    297.449    291.988    -0.1603     4.6722     0.0835     0.0835     0.0144     0.0186      19885    13.8086     100.00     2.2263     1.9569         13 0.0000e+00
    507.984   77.09010  179.11547    514.000     0.3114     0.3114  29.394058  29.392286    34.8079    34.8056    297.757    291.046    -0.1725     4.6716     0.0802     0.0802     0.0149     0.0181      19912    13.8273     100.00     2.2278     1.9520         13 0.0000e+00
    508.971   77.09010  179.11548    515.000     0.3102     0.3101  29.393411  29.391486    34.8079    34.8055    297.845    290.655    -0.1383     4.6726     0.0735     0.0735     0.0140     0.0194      19939    13.8461     100.00     2.2280     1.9498         13 0.0000e+00
    509.958   77.09010  179.11548    516.000     0.3052     0.3051  29.389552  29.387643    34.8078    34.8054    297.923    290.665    -0.1507     4.6722     0.0814     0.0814     0.0143     0.0189      19967    13.8653     100.00     2.2280     1.9495         15 0.0000e+00
    510.945   77.09010  179.11548    517.000     0.3009     0.3009  29.386061  29.384297    34.8075    34.8051    298.002    293.739    -0.1565     4.6725     0.0832     0.0832     0.0141     0.0187      19994    13.8843     100.00     2.2280     1.9643         18 0.0000e+00
    511.932   77.09010  179.11550    518.000     0.2962     0.2963  29.382476  29.380711    34.8075    34.8051    298.136    292.803    -0.1395     4.6719     0.0840     0.0840     0.0147     0.0194      20021    13.9029     100.00     2.2283     1.9593         15 0.0000e+00
    512.919   77.09010  179.11550    519.000     0.2939     0.2939  29.380934  29.379088    34.8075    34.8050    298.142    291.180    -0.1328     4.6726     0.0838     0.0838     0.0140     0.0197      20048    13.9218     100.00     2.2280     1.9510         16 0.0000e+00
    513.906   77.09010  179.11551    520.000     0.2936     0.2937  29.381304  29.379549    34.8077    34.8053    298.083    294.984    -0.1446     4.6725     0.0840     0.0840     0.0140     0.0192      20076    13.9409     100.00     2.2274     1.9695         18 0.0000e+00
    514.893   77.09010  179.11552    521.000     0.2921     0.2922  29.380409  29.378614    34.8076    34.8052    298.187    293.751    -0.1719     4.6719     0.0839     0.0839     0.0146     0.0181      20103    13.9596     100.00     2.2277     1.9632         16 0.0000e+00
    515.880   77.09010  179.11552    522.000     0.2904     0.2904  29.379448  29.377485    34.8077    34.8051    298.086    294.459    -0.1467     4.6718     0.0836     0.0836     0.0147     0.0191      20130    13.9784     100.00     2.2268     1.9664         13 0.0000e+00
    516.867   77.09011  179.11553    523.000     0.2887     0.2887  29.378328  29.376437    34.8076    34.8051    297.910    290.432    -0.1317     4.6716     0.0823     0.0823     0.0149     0.0197      20157    13.9976     100.00     2.2255     1.9463         20 0.0000e+00
    517.854   77.09012  179.11554    524.000     0.2863     0.2864  29.376798  29.374949    34.8076    34.8051    297.786    293.057    -0.1566     4.6710     0.0781     0.0781     0.0153     0.0187      20185    14.0163     100.00     2.2244     1.9590         20 0.0000e+00
