Continuous CTD Data/01_SBE Stage/nabos_10_02.ros
* Sea-Bird SBE 9 Data File:
* FileName = D:\CTD\data\HLY2502\raw\NABOS_10_02.hex
* Software Version Seasave V 7.26.7.110
* Temperature SN = 6954
* Conductivity SN = 2561
* Number of Bytes Per Scan = 37
* Number of Voltage Words = 4
* Number of Scans Averaged by the Deck Unit = 1
* NMEA Latitude = 76 35.83 N
* NMEA Longitude = 179 51.15 W
* NMEA UTC (Time) = Sep 16 2025  19:12:24
* NMEA baud rate = 9600
** Ship: USCG HEALY
** Bot. Depth:  1157
** Cast Number:  02
** Station Name:  NABOS
** Station Number:  10
** Operator:  STARC
# nquan = 25
# nvalues = 1176                                  
# units = specified
# name 0 = depSM: Depth [salt water, m]
# name 1 = latitude: Latitude [deg]
# name 2 = longitude: Longitude [deg]
# name 3 = prDM: Pressure, Digiquartz [db]
# name 4 = t090C: Temperature [ITS-90, deg C]
# name 5 = t190C: Temperature, 2 [ITS-90, deg C]
# name 6 = c0mS/cm: Conductivity [mS/cm]
# name 7 = c1mS/cm: Conductivity, 2 [mS/cm]
# name 8 = sal00: Salinity, Practical [PSU]
# name 9 = sal11: Salinity, Practical, 2 [PSU]
# name 10 = sbox0Mm/Kg: Oxygen, SBE 43 [umol/kg]
# name 11 = sbox1Mm/Kg: Oxygen, SBE 43, 2 [umol/kg]
# name 12 = flECO-AFL: Fluorescence, WET Labs ECO-AFL/FL [mg/m^3]
# name 13 = v2: Voltage 2
# name 14 = wetCDOM: Fluorescence, WET Labs CDOM [mg/m^3]
# name 15 = v6: Voltage 6
# name 16 = CStarAt0: Beam Attenuation, WET Labs C-Star [1/m]
# name 17 = v3: Voltage 3
# name 18 = scan: Scan Count
# name 19 = timeM: Time, Elapsed [minutes]
# name 20 = altM: Altimeter [m]
# name 21 = sbeox0V: Oxygen raw, SBE 43 [V]
# name 22 = sbeox1V: Oxygen raw, SBE 43, 2 [V]
# name 23 = nbf: Bottles Fired
# name 24 = flag:  0.000e+00
# interval = seconds: 0.0416667
# start_time = Sep 16 2025 19:12:24 [NMEA time, header]
# bad_flag = -9.990e-29
*END*
[from data line 290]
    250.495   76.59792 -179.84870    253.298     0.7839     0.7841  29.644474  29.643297    34.7580    34.7561    296.489    289.506    -0.1976     4.6728     0.0842     0.0842     0.0138     0.0171      21077    14.6361     100.00     2.3046     2.0139          6  0.000e+00
    250.495   76.59792 -179.84870    253.297     0.7842     0.7843  29.644598  29.643414    34.7578    34.7561    296.686    288.794    -0.1671     4.6740     0.0830     0.0830     0.0128     0.0183      21078    14.6368     100.00     2.3058     2.0102          6  0.000e+00
    250.553   76.59792 -179.84870    253.356     0.7840     0.7841  29.644287  29.643005    34.7575    34.7557    296.491    288.562    -0.1671     4.6740     0.0830     0.0830     0.0128     0.0183      21079    14.6375     100.00     2.3046     2.0090          6  0.000e+00
    250.495   76.59792 -179.84870    253.297     0.7840     0.7842  29.644536  29.643063    34.7579    34.7558    296.487    288.796    -0.1671     4.6740     0.0830     0.0830     0.0128     0.0183      21080    14.6382     100.00     2.3046     2.0102          6  0.000e+00
    100.233   76.59818 -179.84744    101.317    -1.2763    -1.2699  27.319985  27.330740    34.0742    34.0817    298.947    290.930    -0.1366     4.6679     0.0965     0.0965     0.0180     0.0195      27646    19.1979     100.00     2.2376     1.9542          7  0.000e+00
    100.159   76.59818 -179.84744    101.242    -1.2758    -1.2693  27.320528  27.330286    34.0744    34.0805    298.730    291.667    -0.1366     4.6679     0.0977     0.0977     0.0180     0.0195      27647    19.1986     100.00     2.2364     1.9579          7  0.000e+00
    100.233   76.59818 -179.84744    101.317    -1.2757    -1.2696  27.320528  27.330740    34.0743    34.0814    298.523    291.423    -0.1366     4.6679     0.0977     0.0977     0.0180     0.0195      27648    19.1993     100.00     2.2352     1.9566          7  0.000e+00
    100.233   76.59818 -179.84744    101.317    -1.2756    -1.2693  27.320830  27.330286    34.0747    34.0804    298.522    290.928    -0.1366     4.6679     0.0977     0.0977     0.0180     0.0195      27649    19.2000     100.00     2.2352     1.9542          7  0.000e+00
    100.110   76.59818 -179.84744    101.193    -1.2756    -1.2694  27.320950  27.330399    34.0749    34.0808    298.725    290.428    -0.1366     4.6679     0.0977     0.0977     0.0180     0.0195      27650    19.2007     100.00     2.2364     1.9517          7  0.000e+00
    100.217   76.59818 -179.84744    101.301    -1.2756    -1.2697  27.320769  27.330570    34.0746    34.0813    298.730    290.186    -0.1366     4.6679     0.0977     0.0977     0.0180     0.0195      27651    19.2014     100.00     2.2364     1.9505          7  0.000e+00
    100.176   76.59818 -179.84744    101.259    -1.2753    -1.2697  27.321071  27.330229    34.0746    34.0809    298.516    290.433    -0.1366     4.6679     0.0977     0.0977     0.0180     0.0195      27652    19.2021     100.00     2.2352     1.9517          7  0.000e+00
    100.176   76.59818 -179.84744    101.259    -1.2753    -1.2696  27.321010  27.330002    34.0746    34.0804    298.726    290.928    -0.1061     4.6679     0.0977     0.0977     0.0180     0.0208      27653    19.2028     100.00     2.2364     1.9542          7  0.000e+00
    100.217   76.59818 -179.84744    101.301    -1.2753    -1.2699  27.320950  27.330059    34.0744    34.0808    298.518    291.427    -0.1366     4.6679     0.0977     0.0977     0.0180     0.0195      27654    19.2035     100.00     2.2352     1.9566          7  0.000e+00
    100.176   76.59818 -179.84744    101.259    -1.2750    -1.2695  27.321131  27.330002    34.0744    34.0803    298.724    291.422    -0.1366     4.6679     0.0977     0.0977     0.0180     0.0195      27655    19.2042     100.00     2.2364     1.9566          7  0.000e+00
    100.176   76.59818 -179.84744    101.259    -1.2751    -1.2697  27.321191  27.329888    34.0746    34.0804    298.515    291.424    -0.1366     4.6679     0.0977     0.0977     0.0180     0.0195      27656    19.2049     100.00     2.2352     1.9566          7  0.000e+00
    100.217   76.59818 -179.84744    101.301    -1.2751    -1.2697  27.320829  27.329889    34.0741    34.0804    298.518    291.178    -0.1366     4.6679     0.0977     0.0977     0.0180     0.0195      27657    19.2056     100.00     2.2352     1.9554          7  0.000e+00
    100.176   76.59818 -179.84744    101.259    -1.2751    -1.2699  27.321252  27.329945    34.0747    34.0807    298.515    290.930    -0.1366     4.6679     0.0977     0.0977     0.0180     0.0195      27658    19.2063     100.00     2.2352     1.9542          7  0.000e+00
    100.233   76.59818 -179.84744    101.317    -1.2749    -1.2699  27.321071  27.329889    34.0742    34.0806    298.726    290.685    -0.1366     4.6679     0.0977     0.0977     0.0180     0.0195      27659    19.2069     100.00     2.2364     1.9530          7  0.000e+00
    100.159   76.59818 -179.84744    101.242    -1.2751    -1.2699  27.321131  27.329888    34.0745    34.0806    298.724    290.930    -0.1366     4.6679     0.0977     0.0977     0.0180     0.0195      27660    19.2076     100.00     2.2364     1.9542          7  0.000e+00
    100.175   76.59818 -179.84744    101.259    -1.2751    -1.2700  27.320829  27.329945    34.0741    34.0808    298.516    291.178    -0.1061     4.6679     0.0977     0.0977     0.0180     0.0208      27661    19.2083     100.00     2.2352     1.9554          7  0.000e+00
    100.233   76.59818 -179.84744    101.317    -1.2751    -1.2699  27.321071  27.329889    34.0744    34.0806    298.518    291.675    -0.1366     4.6679     0.0977     0.0977     0.0180     0.0195      27662    19.2090     100.00     2.2352     1.9579          7  0.000e+00
    100.159   76.59818 -179.84744    101.242    -1.2750    -1.2698  27.321010  27.329888    34.0743    34.0805    298.514    292.415    -0.1366     4.6679     0.0977     0.0977     0.0180     0.0195      27663    19.2097     100.00     2.2352     1.9615          7  0.000e+00
    100.175   76.59818 -179.84744    101.259    -1.2753    -1.2699  27.320769  27.329548    34.0742    34.0801    298.727    292.912    -0.1366     4.6679     0.0977     0.0977     0.0180     0.0195      27664    19.2104     100.00     2.2364     1.9640          7  0.000e+00
    100.233   76.59818 -179.84744    101.317    -1.2751    -1.2699  27.321071  27.329548    34.0744    34.0801    298.727    292.915    -0.1366     4.6679     0.0977     0.0977     0.0180     0.0195      27665    19.2111     100.00     2.2364     1.9640          7  0.000e+00
    100.216   76.59818 -179.84744    101.300    -1.2751    -1.2699  27.321010  27.329605    34.0743    34.0802    298.517    292.419    -0.1366     4.6679     0.0977     0.0977     0.0180     0.0195      27666    19.2118     100.00     2.2352     1.9615          7  0.000e+00
    100.175   76.59818 -179.84744    101.259    -1.2751    -1.2699  27.320950  27.329661    34.0743    34.0803    298.516    291.674    -0.1366     4.6679     0.0977     0.0977     0.0180     0.0195      27667    19.2125     100.00     2.2352     1.9579          7  0.000e+00
    100.175   76.59818 -179.84744    101.259    -1.2750    -1.2700  27.320950  27.329605    34.0742    34.0804    298.515    291.427    -0.1061     4.6679     0.0977     0.0977     0.0180     0.0208      27668    19.2132     100.00     2.2352     1.9566          7  0.000e+00
    100.175   76.59818 -179.84744    101.259    -1.2753    -1.2700  27.320950  27.329264    34.0745    34.0799    298.517    291.923    -0.1366     4.6679     0.0977     0.0977     0.0180     0.0195      27669    19.2139     100.00     2.2352     1.9591          7  0.000e+00
    100.159   76.59818 -179.84744    101.242    -1.2753    -1.2702  27.321131  27.329491    34.0747    34.0804    298.515    291.676    -0.1061     4.6679     0.0977     0.0977     0.0180     0.0208      27670    19.2146     100.00     2.2352     1.9579          7  0.000e+00
    100.233   76.59818 -179.84744    101.317    -1.2751    -1.2701  27.320829  27.329378    34.0741    34.0801    298.728    291.678    -0.1366     4.6679     0.0977     0.0977     0.0180     0.0195      27671    19.2153     100.00     2.2364     1.9579          7  0.000e+00
    100.175   76.59818 -179.84744    101.259    -1.2750    -1.2699  27.320890  27.329207    34.0741    34.0797    298.515    291.428    -0.1061     4.6679     0.0977     0.0977     0.0180     0.0208      27672    19.2160     100.00     2.2352     1.9566          7  0.000e+00
    100.216   76.59818 -179.84744    101.300    -1.2753    -1.2697  27.320769  27.329264    34.0742    34.0795    298.728    291.180    -0.1366     4.6679     0.0977     0.0977     0.0180     0.0195      27673    19.2167     100.00     2.2364     1.9554          7  0.000e+00
    100.233   76.59818 -179.84744    101.317    -1.2753    -1.2700  27.320467  27.329321    34.0738    34.0799    298.521    290.935    -0.1366     4.6679     0.0965     0.0965     0.0180     0.0195      27674    19.2174     100.00     2.2352     1.9542          7  0.000e+00
    100.110   76.59818 -179.84744    101.192    -1.2753    -1.2702  27.320407  27.329434    34.0738    34.0804    298.725    290.683    -0.1366     4.6679     0.0965     0.0965     0.0180     0.0195      27675    19.2181     100.00     2.2364     1.9530          7  0.000e+00
    100.216   76.59818 -179.84744    101.300    -1.2755    -1.2703  27.320467  27.329775    34.0740    34.0809    298.731    290.935    -0.1366     4.6679     0.0965     0.0965     0.0180     0.0195      27676    19.2188     100.00     2.2364     1.9542          7  0.000e+00
    100.175   76.59818 -179.84744    101.259    -1.2753    -1.2702  27.320467  27.330059    34.0738    34.0812    298.518    291.179    -0.1366     4.6679     0.0965     0.0965     0.0180     0.0195      27677    19.2194     100.00     2.2352     1.9554          7  0.000e+00
    100.233   76.59818 -179.84744    101.317    -1.2758    -1.2702  27.320467  27.330002    34.0743    34.0811    298.733    291.677    -0.1366     4.6679     0.0965     0.0965     0.0180     0.0195      27678    19.2201     100.00     2.2364     1.9579          7  0.000e+00
    100.159   76.59818 -179.84744    101.242    -1.2759    -1.2700  27.320226  27.329888    34.0742    34.0807    298.522    292.168    -0.1061     4.6679     0.0965     0.0965     0.0180     0.0208      27679    19.2208     100.00     2.2352     1.9603          7  0.000e+00
    100.175   76.59818 -179.84744    101.259    -1.2759    -1.2700  27.320166  27.330059    34.0741    34.0810    298.732    292.169    -0.1366     4.6679     0.0965     0.0965     0.0180     0.0195      27680    19.2215     100.00     2.2364     1.9603          7  0.000e+00
    100.233   76.59818 -179.84744    101.317    -1.2759    -1.2700  27.320166  27.330002    34.0740    34.0809    298.525    292.171    -0.1366     4.6679     0.0952     0.0952     0.0180     0.0195      27681    19.2222     100.00     2.2352     1.9603          7  0.000e+00
    100.159   76.59818 -179.84744    101.242    -1.2759    -1.2700  27.320166  27.330059    34.0741    34.0810    298.732    291.920    -0.1366     4.6679     0.0952     0.0952     0.0180     0.0195      27682    19.2229     100.00     2.2364     1.9591          7  0.000e+00
    100.233   76.59818 -179.84744    101.317    -1.2759    -1.2700  27.320166  27.330116    34.0741    34.0810    298.526    291.923    -0.1366     4.6679     0.0965     0.0965     0.0180     0.0195      27683    19.2236     100.00     2.2352     1.9591          7  0.000e+00
    100.175   76.59818 -179.84744    101.259    -1.2759    -1.2699  27.320347  27.330399    34.0743    34.0813    298.732    292.167    -0.1366     4.6679     0.0965     0.0965     0.0180     0.0195      27684    19.2243     100.00     2.2364     1.9603          7  0.000e+00
    100.175   76.59818 -179.84744    101.259    -1.2761    -1.2697  27.320407  27.330172    34.0746    34.0808    298.733    292.414    -0.1366     4.6679     0.0965     0.0965     0.0180     0.0195      27685    19.2250     100.00     2.2364     1.9615          7  0.000e+00
    100.159   76.59818 -179.84744    101.242    -1.2758    -1.2697  27.320467  27.330002    34.0743    34.0806    298.520    292.166    -0.1366     4.6679     0.0965     0.0965     0.0180     0.0195      27686    19.2257     100.00     2.2352     1.9603          7  0.000e+00
    100.233   76.59818 -179.84744    101.317    -1.2760    -1.2698  27.320467  27.330286    34.0746    34.0810    298.735    292.416    -0.1366     4.6679     0.0965     0.0965     0.0180     0.0195      27687    19.2264     100.00     2.2364     1.9615          7  0.000e+00
    100.175   76.59818 -179.84744    101.259    -1.2756    -1.2696  27.320467  27.330399    34.0742    34.0810    298.730    292.660    -0.1366     4.6679     0.0965     0.0965     0.0180     0.0195      27688    19.2271     100.00     2.2364     1.9627          7  0.000e+00
    100.216   76.59818 -179.84744    101.300    -1.2756    -1.2699  27.320407  27.330059    34.0741    34.0808    298.522    292.417    -0.1366     4.6679     0.0965     0.0965     0.0180     0.0195      27689    19.2278     100.00     2.2352     1.9615          7  0.000e+00
    100.175   76.59818 -179.84744    101.259    -1.2759    -1.2700  27.320407  27.330286    34.0744    34.0813    298.522    292.168    -0.1366     4.6679     0.0965     0.0965     0.0180     0.0195      27690    19.2285     100.00     2.2352     1.9603          7  0.000e+00
    100.175   76.59818 -179.84744    101.259    -1.2758    -1.2700  27.320467  27.330002    34.0743    34.0809    298.730    291.921    -0.1366     4.6679     0.0965     0.0965     0.0180     0.0195      27691    19.2292     100.00     2.2364     1.9591          7  0.000e+00
    100.216   76.59818 -179.84744    101.300    -1.2758    -1.2710  27.320467  27.329718    34.0743    34.0816    298.732    291.930    -0.1366     4.6679     0.0952     0.0952     0.0180     0.0195      27692    19.2299     100.00     2.2364     1.9591          7  0.000e+00
    100.175   76.59818 -179.84744    101.259    -1.2755    -1.2714  27.320467  27.329832    34.0741    34.0822    298.520    291.683    -0.1061     4.6679     0.0965     0.0965     0.0180     0.0208      27693    19.2306     100.00     2.2352     1.9579          7  0.000e+00
    100.175   76.59818 -179.84744    101.259    -1.2756    -1.2711  27.320829  27.329434    34.0747    34.0814    298.519    291.682    -0.1366     4.6679     0.0965     0.0965     0.0180     0.0195      27694    19.2312     100.00     2.2352     1.9579          7  0.000e+00
    100.174   76.59820 -179.84740    101.257    -1.2769    -1.2710  27.319079  27.329491    34.0737    34.0813    299.161    291.929    -0.1366     4.6679     0.0977     0.0977     0.0180     0.0195      27876    19.3576     100.00     2.2388     1.9591          8  0.000e+00
    100.215   76.59820 -179.84740    101.299    -1.2769    -1.2711  27.319140  27.328980    34.0737    34.0807    299.163    292.181    -0.1366     4.6679     0.0977     0.0977     0.0180     0.0195      27877    19.3583     100.00     2.2388     1.9603          8  0.000e+00
    100.174   76.59820 -179.84740    101.257    -1.2764    -1.2710  27.318898  27.329321    34.0729    34.0811    299.158    292.177    -0.1366     4.6679     0.0977     0.0977     0.0180     0.0195      27878    19.3590     100.00     2.2388     1.9603          8  0.000e+00
    100.231   76.59820 -179.84740    101.315    -1.2767    -1.2710  27.319019  27.328980    34.0733    34.0806    299.162    292.924    -0.1366     4.6679     0.0977     0.0977     0.0180     0.0195      27879    19.3597     100.00     2.2388     1.9640          8  0.000e+00
