Continuous CTD Data/01_SBE Stage/nabos_13_01.ros
* Sea-Bird SBE 9 Data File:
* FileName = D:\CTD\data\HLY2502\raw\NABOS_13_01.hex
* Software Version Seasave V 7.26.7.110
* Temperature SN = 6954
* Conductivity SN = 2561
* Number of Bytes Per Scan = 37
* Number of Voltage Words = 4
* Number of Scans Averaged by the Deck Unit = 1
* NMEA Latitude = 77 47.47 N
* NMEA Longitude = 174 07.84 W
* NMEA UTC (Time) = Sep 10 2025  11:34:32
* NMEA baud rate = 9600
** Ship: USCG HEALY
** Bot. Depth:  1300
** Cast Number:  01
** Station Name:  NABOS
** Station Number:  13
** Operator:  STARC
# nquan = 25
# nvalues = 1147                                  
# units = specified
# name 0 = depSM: Depth [salt water, m]
# name 1 = latitude: Latitude [deg]
# name 2 = longitude: Longitude [deg]
# name 3 = prDM: Pressure, Digiquartz [db]
# name 4 = t090C: Temperature [ITS-90, deg C]
# name 5 = t190C: Temperature, 2 [ITS-90, deg C]
# name 6 = c0mS/cm: Conductivity [mS/cm]
# name 7 = c1mS/cm: Conductivity, 2 [mS/cm]
# name 8 = sal00: Salinity, Practical [PSU]
# name 9 = sal11: Salinity, Practical, 2 [PSU]
# name 10 = sbox0Mm/Kg: Oxygen, SBE 43 [umol/kg]
# name 11 = sbox1Mm/Kg: Oxygen, SBE 43, 2 [umol/kg]
# name 12 = flECO-AFL: Fluorescence, WET Labs ECO-AFL/FL [mg/m^3]
# name 13 = v2: Voltage 2
# name 14 = wetCDOM: Fluorescence, WET Labs CDOM [mg/m^3]
# name 15 = v6: Voltage 6
# name 16 = CStarAt0: Beam Attenuation, WET Labs C-Star [1/m]
# name 17 = v3: Voltage 3
# name 18 = scan: Scan Count
# name 19 = timeM: Time, Elapsed [minutes]
# name 20 = altM: Altimeter [m]
# name 21 = sbeox0V: Oxygen raw, SBE 43 [V]
# name 22 = sbeox1V: Oxygen raw, SBE 43, 2 [V]
# name 23 = nbf: Bottles Fired
# name 24 = flag:  0.000e+00
# interval = seconds: 0.0416667
# start_time = Sep 10 2025 11:34:32 [NMEA time, header]
# bad_flag = -9.990e-29
*END*
[from data line 812]
     52.220   77.80336 -174.09504     52.781    -1.5909    -1.5910  25.367184  25.366037    31.7663    31.7648    349.436    338.643     0.1076     4.6349     0.1136     0.1136     0.0464     0.0293      98891    68.6736      99.56     2.4892     2.1539         17  0.000e+00
     52.244   77.80336 -174.09504     52.806    -1.5911    -1.5910  25.367184  25.366037    31.7665    31.7648    349.652    338.644     0.1076     4.6349     0.1136     0.1136     0.0464     0.0293      98892    68.6743      99.54     2.4904     2.1539         17  0.000e+00
     52.220   77.80336 -174.09504     52.781    -1.5911    -1.5909  25.367302  25.366037    31.7666    31.7647    349.650    338.643     0.1076     4.6349     0.1136     0.1136     0.0464     0.0293      98893    68.6750      99.58     2.4904     2.1539         17  0.000e+00
     52.220   77.80336 -174.09504     52.781    -1.5910    -1.5907  25.367595  25.365816    31.7669    31.7642    349.435    338.642     0.1076     4.6349     0.1136     0.1136     0.0464     0.0293      98894    68.6757      99.58     2.4892     2.1539         17  0.000e+00
     52.187   77.80336 -174.09504     52.748    -1.5912    -1.5910  25.367419  25.365926    31.7669    31.7647    349.649    338.642     0.0771     4.6349     0.1136     0.1136     0.0464     0.0281      98895    68.6764      99.58     2.4904     2.1539         17  0.000e+00
     52.220   77.80336 -174.09504     52.781    -1.5911    -1.5908  25.367067  25.366037    31.7663    31.7646    349.437    338.136     0.0466     4.6349     0.1136     0.1136     0.0464     0.0269      98896    68.6771      99.58     2.4892     2.1514         17  0.000e+00
     52.285   77.80336 -174.09504     52.847    -1.5909    -1.5910  25.367243  25.365816    31.7663    31.7645    349.652    337.889     0.0771     4.6349     0.1136     0.1136     0.0464     0.0281      98897    68.6778      99.61     2.4904     2.1502         17  0.000e+00
     52.187   77.80336 -174.09504     52.748    -1.5910    -1.5908  25.367419  25.366092    31.7667    31.7647    349.647    337.628     0.0771     4.6349     0.1136     0.1136     0.0464     0.0281      98898    68.6785      99.58     2.4904     2.1490         17  0.000e+00
     52.285   77.80336 -174.09504     52.847    -1.5909    -1.5908  25.367302  25.365705    31.7664    31.7641    349.652    337.381     0.0466     4.6349     0.1136     0.1136     0.0464     0.0269      98899    68.6792      99.58     2.4904     2.1478         17  0.000e+00
     52.220   77.80336 -174.09504     52.781    -1.5912    -1.5910  25.367537  25.366037    31.7671    31.7648    349.650    337.378     0.0466     4.6349     0.1136     0.1136     0.0464     0.0269      98900    68.6799      99.58     2.4904     2.1478         17  0.000e+00
     52.187   77.80336 -174.09504     52.748    -1.5910    -1.5909  25.367302  25.365926    31.7665    31.7646    349.648    337.124     0.0771     4.6349     0.1136     0.1136     0.0464     0.0281      98901    68.6806      99.56     2.4904     2.1465         17  0.000e+00
     52.220   77.80336 -174.09504     52.781    -1.5909    -1.5908  25.367302  25.365981    31.7665    31.7645    349.649    337.377     0.0771     4.6349     0.1136     0.1136     0.0464     0.0281      98902    68.6813      99.58     2.4904     2.1478         17  0.000e+00
     52.244   77.80336 -174.09504     52.806    -1.5911    -1.5912  25.367419  25.366368    31.7668    31.7654    349.437    337.380     0.0466     4.6349     0.1136     0.1136     0.0464     0.0269      98903    68.6819      99.58     2.4892     2.1478         17  0.000e+00
     52.220   77.80336 -174.09504     52.781    -1.5911    -1.5908  25.367361  25.366313    31.7667    31.7650    349.650    337.376     0.0466     4.6349     0.1136     0.1136     0.0464     0.0269      98904    68.6826      99.58     2.4904     2.1478         17  0.000e+00
     52.220   77.80336 -174.09504     52.781    -1.5907    -1.5909  25.367830  25.366258    31.7670    31.7650    349.645    337.377     0.0466     4.6349     0.1136     0.1136     0.0464     0.0269      98905    68.6833      99.58     2.4904     2.1478         17  0.000e+00
     52.244   77.80336 -174.09504     52.806    -1.5912    -1.5908  25.367713  25.366092    31.7673    31.7647    349.864    337.378     0.0771     4.6349     0.1136     0.1136     0.0464     0.0281      98906    68.6840      99.58     2.4917     2.1478         17  0.000e+00
     52.220   77.80336 -174.09504     52.781    -1.5907    -1.5910  25.367302  25.366037    31.7663    31.7648    349.647    337.631     0.0466     4.6349     0.1136     0.1136     0.0464     0.0269      98907    68.6847      99.58     2.4904     2.1490         17  0.000e+00
     52.220   77.80336 -174.09504     52.781    -1.5911    -1.5910  25.367537  25.366037    31.7670    31.7648    349.649    337.631     0.0466     4.6349     0.1136     0.1136     0.0464     0.0269      98908    68.6854      99.56     2.4904     2.1490         17  0.000e+00
     52.244   77.80336 -174.09504     52.806    -1.5908    -1.5909  25.367478  25.366037    31.7666    31.7647    349.649    337.885     0.0771     4.6349     0.1136     0.1136     0.0464     0.0281      98909    68.6861      99.58     2.4904     2.1502         17  0.000e+00
     52.220   77.80336 -174.09504     52.781    -1.5911    -1.5910  25.367830  25.366368    31.7674    31.7653    349.648    337.883     0.0771     4.6349     0.1136     0.1136     0.0464     0.0281      98910    68.6868      99.58     2.4904     2.1502         17  0.000e+00
     52.220   77.80336 -174.09504     52.781    -1.5909    -1.5908  25.367478  25.365926    31.7667    31.7645    349.648    338.136     0.0771     4.6349     0.1136     0.1136     0.0464     0.0281      98911    68.6875      99.58     2.4904     2.1514         17  0.000e+00
     39.797   77.80370 -174.09398     40.223    -1.5764    -1.5765  24.884841  24.884219    31.0959    31.0952    377.095    364.293     0.1687     4.6239     0.1172     0.1172     0.0559     0.0317     101343    70.3764      90.74     2.6404     2.2721         18  0.000e+00
     39.830   77.80370 -174.09398     40.257    -1.5765    -1.5768  24.884899  24.883890    31.0960    31.0950    377.097    364.552     0.1381     4.6239     0.1172     0.1172     0.0559     0.0305     101344    70.3771      90.92     2.6404     2.2733         18  0.000e+00
     39.830   77.80370 -174.09398     40.257    -1.5767    -1.5768  24.885074  24.884110    31.0965    31.0953    377.313    364.551     0.1687     4.6239     0.1172     0.1172     0.0559     0.0317     101345    70.3778      90.92     2.6416     2.2733         18  0.000e+00
     39.830   77.80370 -174.09398     40.257    -1.5762    -1.5767  24.885132  24.884219    31.0961    31.0953    377.094    364.803     0.1687     4.6239     0.1172     0.1172     0.0559     0.0317     101346    70.3785      90.84     2.6404     2.2746         18  0.000e+00
     39.830   77.80370 -174.09398     40.257    -1.5767    -1.5768  24.884957  24.884219    31.0963    31.0954    377.099    364.804     0.1687     4.6239     0.1172     0.1172     0.0559     0.0317     101347    70.3792      90.94     2.6404     2.2746         18  0.000e+00
     39.830   77.80370 -174.09398     40.257    -1.5768    -1.5769  24.885249  24.884055    31.0968    31.0953    376.883    365.313     0.1687     4.6239     0.1172     0.1172     0.0559     0.0317     101348    70.3799      90.87     2.6392     2.2770         18  0.000e+00
     39.830   77.80370 -174.09398     40.257    -1.5766    -1.5769  24.885249  24.883945    31.0966    31.0951    377.096    365.313     0.1687     4.6252     0.1184     0.1184     0.0548     0.0317     101349    70.3806      90.74     2.6404     2.2770         18  0.000e+00
     39.830   77.80370 -174.09398     40.257    -1.5767    -1.5766  24.885132  24.884329    31.0966    31.0954    377.098    365.563     0.1687     4.6239     0.1184     0.1184     0.0559     0.0317     101350    70.3812      90.74     2.6404     2.2782         18  0.000e+00
     39.854   77.80370 -174.09398     40.281    -1.5766    -1.5766  24.885132  24.884055    31.0965    31.0950    376.884    365.566     0.1687     4.6252     0.1197     0.1197     0.0548     0.0317     101351    70.3819      90.82     2.6392     2.2782         18  0.000e+00
     39.764   77.80370 -174.09398     40.190    -1.5766    -1.5769  24.884957  24.884164    31.0963    31.0955    377.094    365.563     0.1687     4.6239     0.1184     0.1184     0.0559     0.0317     101352    70.3826      90.74     2.6404     2.2782         18  0.000e+00
     39.830   77.80370 -174.09398     40.257    -1.5769    -1.5766  24.884899  24.883835    31.0964    31.0947    377.100    365.311     0.1687     4.6239     0.1197     0.1197     0.0559     0.0317     101353    70.3833      90.57     2.6404     2.2770         18  0.000e+00
     39.830   77.80370 -174.09398     40.257    -1.5763    -1.5768  24.884724  24.884110    31.0956    31.0953    377.311    365.312     0.1687     4.6252     0.1184     0.1184     0.0548     0.0317     101354    70.3840      90.84     2.6416     2.2770         18  0.000e+00
     39.887   77.80370 -174.09398     40.315    -1.5766    -1.5768  24.885016  24.884055    31.0963    31.0952    377.100    365.315     0.1687     4.6239     0.1184     0.1184     0.0559     0.0317     101355    70.3847      90.92     2.6404     2.2770         18  0.000e+00
     39.764   77.80370 -174.09398     40.190    -1.5766    -1.5767  24.884957  24.884164    31.0963    31.0953    377.094    365.307     0.1687     4.6239     0.1184     0.1184     0.0559     0.0317     101356    70.3854      90.94     2.6404     2.2770         18  0.000e+00
     39.830   77.80370 -174.09398     40.257    -1.5766    -1.5768  24.884724  24.884384    31.0960    31.0957    376.884    365.564     0.1687     4.6239     0.1184     0.1184     0.0559     0.0317     101357    70.3861      91.11     2.6392     2.2782         18  0.000e+00
     39.830   77.80370 -174.09398     40.257    -1.5764    -1.5769  24.884724  24.884659    31.0957    31.0962    377.097    365.564     0.1381     4.6239     0.1184     0.1184     0.0559     0.0305     101358    70.3868      91.21     2.6404     2.2782         18  0.000e+00
     39.830   77.80370 -174.09398     40.257    -1.5764    -1.5770  24.884666  24.884165    31.0956    31.0956    377.097    365.313     0.1687     4.6239     0.1184     0.1184     0.0559     0.0317     101359    70.3875      91.06     2.6404     2.2770         18  0.000e+00
     39.854   77.80370 -174.09398     40.281    -1.5764    -1.5768  24.885016  24.884329    31.0961    31.0956    377.097    365.312     0.1687     4.6239     0.1184     0.1184     0.0559     0.0317     101360    70.3882      90.89     2.6404     2.2770         18  0.000e+00
     39.764   77.80370 -174.09398     40.190    -1.5766    -1.5768  24.885132  24.884274    31.0966    31.0956    377.094    365.054     0.1687     4.6239     0.1184     0.1184     0.0559     0.0317     101361    70.3889      90.96     2.6404     2.2758         18  0.000e+00
     39.830   77.80370 -174.09398     40.257    -1.5766    -1.5768  24.884957  24.884219    31.0962    31.0954    377.097    365.058     0.1381     4.6239     0.1184     0.1184     0.0559     0.0305     101362    70.3896      90.96     2.6404     2.2758         18  0.000e+00
     39.830   77.80370 -174.09398     40.257    -1.5766    -1.5767  24.884899  24.884219    31.0961    31.0953    377.098    364.803     0.1687     4.6239     0.1184     0.1184     0.0559     0.0317     101363    70.3903      91.06     2.6404     2.2746         18  0.000e+00
     39.830   77.80370 -174.09398     40.257    -1.5765    -1.5769  24.885074  24.884384    31.0963    31.0958    377.096    364.804     0.1687     4.6239     0.1184     0.1184     0.0559     0.0317     101364    70.3910      90.96     2.6404     2.2746         18  0.000e+00
     39.830   77.80370 -174.09398     40.257    -1.5767    -1.5769  24.885307  24.884274    31.0968    31.0956    377.097    364.551     0.1687     4.6239     0.1197     0.1197     0.0559     0.0317     101365    70.3917      90.67     2.6404     2.2733         18  0.000e+00
     39.830   77.80370 -174.09396     40.257    -1.5764    -1.5770  24.884899  24.884384    31.0960    31.0959    377.096    364.805     0.1687     4.6239     0.1197     0.1197     0.0559     0.0317     101366    70.3924      90.50     2.6404     2.2746         18  0.000e+00
     39.830   77.80370 -174.09396     40.257    -1.5766    -1.5771  24.885016  24.884110    31.0964    31.0956    377.098    364.807     0.1687     4.6239     0.1197     0.1197     0.0559     0.0317     101367    70.3931      90.40     2.6404     2.2746         18  0.000e+00
     39.797   77.80370 -174.09396     40.223    -1.5769    -1.5771  24.884957  24.884329    31.0965    31.0959    377.098    364.804     0.1687     4.6239     0.1184     0.1184     0.0559     0.0317     101368    70.3937      90.82     2.6404     2.2746         18  0.000e+00
     39.830   77.80370 -174.09396     40.257    -1.5766    -1.5769  24.884899  24.884274    31.0961    31.0956    377.098    364.804     0.1687     4.6239     0.1184     0.1184     0.0559     0.0317     101369    70.3944      90.65     2.6404     2.2746         18  0.000e+00
     39.830   77.80370 -174.09396     40.257    -1.5766    -1.5769  24.885074  24.884219    31.0964    31.0955    377.097    364.804     0.1687     4.6239     0.1184     0.1184     0.0559     0.0317     101370    70.3951      90.67     2.6404     2.2746         18  0.000e+00
     39.830   77.80370 -174.09396     40.257    -1.5768    -1.5769  24.885132  24.884768    31.0966    31.0963    377.098    364.802     0.1687     4.6239     0.1184     0.1184     0.0559     0.0317     101371    70.3958      90.79     2.6404     2.2746         18  0.000e+00
     39.830   77.80370 -174.09396     40.257    -1.5767    -1.5769  24.885307  24.884384    31.0968    31.0958    377.097    364.804     0.1687     4.6239     0.1184     0.1184     0.0559     0.0317     101372    70.3965      90.60     2.6404     2.2746         18  0.000e+00
     39.830   77.80370 -174.09396     40.257    -1.5767    -1.5770  24.885016  24.884219    31.0964    31.0956    377.098    364.805     0.1687     4.6239     0.1197     0.1197     0.0559     0.0317     101373    70.3972      90.40     2.6404     2.2746         18  0.000e+00
     39.830   77.80370 -174.09396     40.257    -1.5766    -1.5769  24.885074  24.884384    31.0964    31.0958    376.883    364.550     0.1381     4.6239     0.1184     0.1184     0.0559     0.0305     101374    70.3979      90.87     2.6392     2.2733         18  0.000e+00
     39.764   77.80370 -174.09396     40.190    -1.5766    -1.5768  24.885191  24.884439    31.0966    31.0958    377.093    364.546     0.1687     4.6239     0.1184     0.1184     0.0559     0.0317     101375    70.3986      91.50     2.6404     2.2733         18  0.000e+00
     39.887   77.80370 -174.09396     40.315    -1.5767    -1.5769  24.884957  24.884439    31.0963    31.0958    376.887    364.552     0.1687     4.6239     0.1184     0.1184     0.0559     0.0317     101376    70.3993      91.31     2.6392     2.2733         18  0.000e+00
     39.797   77.80370 -174.09396     40.223    -1.5768    -1.5772  24.885249  24.884439    31.0968    31.0962    377.310    364.551     0.1687     4.6239     0.1184     0.1184     0.0559     0.0317     101377    70.4000      91.11     2.6416     2.2733         18  0.000e+00
     39.764   77.80370 -174.09396     40.190    -1.5767    -1.5769  24.885366  24.884439    31.0969    31.0959    376.879    364.547     0.1687     4.6239     0.1197     0.1197     0.0559     0.0317     101378    70.4007      90.74     2.6392     2.2733         18  0.000e+00
