Continuous CTD Data/01_SBE Stage/nabos_14_01avg.cnv
* Sea-Bird SBE 9 Data File:
* FileName = D:\CTD\data\HLY2502\raw\NABOS_14_01.hex
* Software Version Seasave V 7.26.7.110
* Temperature SN = 6954
* Conductivity SN = 2561
* Number of Bytes Per Scan = 37
* Number of Voltage Words = 4
* Number of Scans Averaged by the Deck Unit = 1
* NMEA Latitude = 78 08.65 N
* NMEA Longitude = 172 14.25 W
* NMEA UTC (Time) = Sep 10 2025  02:59:44
* NMEA baud rate = 9600
** Ship: USCG HEALY
** Bot. Depth:  2700
** Cast Number:  01
** Station Name:  NABOS
** Station Number:  14
** Operator:  STARC
** 1200 m release test
# nquan = 25
# nvalues = 1137                        
# units = specified
# name 0 = depSM: Depth [salt water, m]
# name 1 = latitude: Latitude [deg]
# name 2 = longitude: Longitude [deg]
# name 3 = prDM: Pressure, Digiquartz [db]
# name 4 = t090C: Temperature [ITS-90, deg C]
# name 5 = t190C: Temperature, 2 [ITS-90, deg C]
# name 6 = c0mS/cm: Conductivity [mS/cm]
# name 7 = c1mS/cm: Conductivity, 2 [mS/cm]
# name 8 = sal00: Salinity, Practical [PSU]
# name 9 = sal11: Salinity, Practical, 2 [PSU]
# name 10 = sbox0Mm/Kg: Oxygen, SBE 43 [umol/kg]
# name 11 = sbox1Mm/Kg: Oxygen, SBE 43, 2 [umol/kg]
# name 12 = flECO-AFL: Fluorescence, WET Labs ECO-AFL/FL [mg/m^3]
# name 13 = v2: Voltage 2
# name 14 = wetCDOM: Fluorescence, WET Labs CDOM [mg/m^3]
# name 15 = v6: Voltage 6
# name 16 = CStarAt0: Beam Attenuation, WET Labs C-Star [1/m]
# name 17 = v3: Voltage 3
# name 18 = scan: Scan Count
# name 19 = timeM: Time, Elapsed [minutes]
# name 20 = altM: Altimeter [m]
# name 21 = sbeox0V: Oxygen raw, SBE 43 [V]
# name 22 = sbeox1V: Oxygen raw, SBE 43, 2 [V]
# name 23 = nbin: number of scans per bin
# name 24 = flag: flag
# span 0 =      2.969,   1123.941       
# span 1 =   78.14370,   78.14428       
# span 2 = -172.23608, -172.22520       
# span 3 =      3.000,   1139.000       
# span 4 =    -1.6309,     1.0079       
# span 5 =    -1.6303,     1.0079       
# span 6 =  23.219327,  29.945248       
# span 7 =  23.218618,  29.943524       
# span 8 =    28.8055,    34.8889       
# span 9 =    28.8040,    34.8868       
# span 10 =    198.834,    395.699      
# span 11 =    195.282,    384.483      
# span 12 =    -0.1856,     0.7928      
# span 13 =     4.5662,     4.6694      
# span 14 =     0.0805,     0.1098      
# span 15 =     0.0805,     0.1098      
# span 16 =     0.0167,     0.1062      
# span 17 =     0.0176,     0.0567      
# span 18 =       3491,      36017      
# span 19 =     2.4233,    25.0114      
# span 20 =      64.30,     100.02      
# span 21 =     1.6517,     2.7645      
# span 22 =     1.4807,     2.3820      
# span 23 =          6,         26      
# span 24 = 0.0000e+00, 0.0000e+00      
# interval = decibars: 1                
# start_time = Sep 10 2025 02:59:44 [NMEA time, header]
# bad_flag = -9.990e-29
*END*
[from data line 1102]
   1090.479   78.14374 -172.22562   1105.000     0.0814     0.0815  29.518060  29.516456    34.8880    34.8858    290.286    284.864    -0.1625     4.6671     0.0829     0.0829     0.0187     0.0185      34433    23.9113     100.00     2.0480     1.8086          8 0.0000e+00
   1091.463   78.14374 -172.22561   1106.000     0.0800     0.0800  29.517232  29.515648    34.8880    34.8858    290.252    284.547    -0.1469     4.6671     0.0836     0.0836     0.0188     0.0191      34459    23.9289     100.00     2.0476     1.8069         13 0.0000e+00
   1092.447   78.14374 -172.22560   1107.000     0.0790     0.0790  29.516890  29.515309    34.8880    34.8859    290.204    284.279    -0.1546     4.6674     0.0837     0.0837     0.0185     0.0188      34483    23.9456     100.00     2.0471     1.8055         10 0.0000e+00
   1093.432   78.14374 -172.22560   1108.000     0.0780     0.0779  29.516450  29.514868    34.8881    34.8861    290.213    284.032    -0.1477     4.6670     0.0830     0.0830     0.0188     0.0191      34507    23.9626     100.00     2.0469     1.8042          8 0.0000e+00
   1094.416   78.14374 -172.22559   1109.000     0.0774     0.0774  29.516439  29.514753    34.8881    34.8859    290.145    284.330    -0.1723     4.6670     0.0833     0.0833     0.0189     0.0181      34531    23.9794     100.00     2.0462     1.8054          9 0.0000e+00
   1095.400   78.14374 -172.22558   1110.000     0.0767     0.0767  29.516208  29.514691    34.8881    34.8860    290.077    284.036    -0.1560     4.6671     0.0837     0.0837     0.0187     0.0187      34556    23.9968     100.00     2.0456     1.8038          8 0.0000e+00
   1096.384   78.14374 -172.22558   1111.000     0.0755     0.0755  29.515778  29.514044    34.8882    34.8860    290.100    284.209    -0.1353     4.6671     0.0841     0.0841     0.0187     0.0196      34582    24.0143     100.00     2.0455     1.8044         11 0.0000e+00
   1097.368   78.14374 -172.22557   1112.000     0.0747     0.0747  29.515502  29.513923    34.8883    34.8862    290.229    284.473    -0.1366     4.6668     0.0831     0.0831     0.0190     0.0195      34607    24.0317     100.00     2.0460     1.8054         10 0.0000e+00
   1098.353   78.14374 -172.22556   1113.000     0.0740     0.0740  29.515304  29.513654    34.8883    34.8861    290.223    284.590    -0.1366     4.6675     0.0830     0.0830     0.0184     0.0195      34631    24.0483     100.00     2.0457     1.8057          9 0.0000e+00
   1099.337   78.14374 -172.22556   1114.000     0.0729     0.0730  29.514891  29.513272    34.8883    34.8861    290.301    284.734    -0.1366     4.6677     0.0830     0.0830     0.0182     0.0195      34655    24.0655     100.00     2.0459     1.8062         10 0.0000e+00
   1100.321   78.14374 -172.22554   1115.000     0.0709     0.0708  29.513591  29.511964    34.8884    34.8863    290.414    284.266    -0.1783     4.6672     0.0830     0.0830     0.0187     0.0179      34682    24.0839     100.00     2.0462     1.8038         13 0.0000e+00
   1101.305   78.14374 -172.22554   1116.000     0.0696     0.0696  29.512983  29.511342    34.8884    34.8862    290.381    284.568    -0.1793     4.6672     0.0830     0.0830     0.0187     0.0178      34706    24.1007     100.00     2.0457     1.8049         10 0.0000e+00
   1102.290   78.14374 -172.22552   1117.000     0.0681     0.0682  29.512279  29.510573    34.8886    34.8863    290.508    284.272    -0.1772     4.6668     0.0833     0.0833     0.0190     0.0179      34731    24.1179     100.00     2.0461     1.8034          9 0.0000e+00
   1103.274   78.14374 -172.22552   1118.000     0.0664     0.0665  29.511194  29.509547    34.8885    34.8863    290.569    283.954    -0.1333     4.6670     0.0839     0.0839     0.0189     0.0196      34757    24.1360     100.00     2.0462     1.8017         14 0.0000e+00
   1104.258   78.14374 -172.22551   1119.000     0.0654     0.0656  29.510768  29.509243    34.8886    34.8864    290.403    283.834    -0.1511     4.6672     0.0831     0.0831     0.0187     0.0189      34810    24.1729     100.00     2.0450     1.8010         12 0.0000e+00
   1105.242   78.14374 -172.22547   1120.000     0.0644     0.0646  29.510264  29.508657    34.8884    34.8862    290.082    284.311    -0.1567     4.6670     0.0835     0.0835     0.0188     0.0187      34929    24.2553     100.00     2.0431     1.8029         12 0.0000e+00
   1106.226   78.14374 -172.22545   1121.000     0.0628     0.0630  29.509348  29.507613    34.8884    34.8860    289.968    284.142    -0.1645     4.6673     0.0838     0.0838     0.0186     0.0184      35022    24.3203     100.00     2.0422     1.8019         12 0.0000e+00
   1107.211   78.14374 -172.22543   1122.000     0.0610     0.0609  29.508193  29.506512    34.8884    34.8864    290.066    283.854    -0.1856     4.6668     0.0824     0.0824     0.0190     0.0176      35102    24.3757     100.00     2.0424     1.8004          9 0.0000e+00
   1108.195   78.14374 -172.22541   1123.000     0.0594     0.0595  29.507206  29.505671    34.8883    34.8863    290.142    283.961    -0.1422     4.6671     0.0834     0.0834     0.0187     0.0193      35166    24.4204     100.00     2.0425     1.8006          9 0.0000e+00
   1109.179   78.14374 -172.22540   1124.000     0.0588     0.0588  29.507253  29.505498    34.8886    34.8863    290.235    284.277    -0.1774     4.6671     0.0836     0.0836     0.0188     0.0179      35229    24.4640     100.00     2.0428     1.8019         10 0.0000e+00
   1110.163   78.14373 -172.22538   1125.000     0.0578     0.0579  29.506841  29.505337    34.8885    34.8865    290.181    284.374    -0.1650     4.6672     0.0818     0.0818     0.0186     0.0184      35284    24.5021     100.00     2.0423     1.8021         13 0.0000e+00
   1111.147   78.14372 -172.22536   1126.000     0.0569     0.0569  29.506460  29.504795    34.8885    34.8863    290.217    284.579    -0.1463     4.6668     0.0834     0.0834     0.0190     0.0191      35335    24.5377     100.00     2.0422     1.8028         10 0.0000e+00
   1112.132   78.14372 -172.22536   1127.000     0.0559     0.0558  29.506097  29.504495    34.8886    34.8866    290.092    284.627    -0.1596     4.6668     0.0833     0.0833     0.0190     0.0186      35389    24.5747     100.00     2.0413     1.8028         11 0.0000e+00
   1113.116   78.14372 -172.22534   1128.000     0.0552     0.0552  29.505869  29.504341    34.8885    34.8865    290.149    283.908    -0.1753     4.6669     0.0842     0.0842     0.0189     0.0180      35441    24.6114     100.00     2.0414     1.7994         11 0.0000e+00
   1114.100   78.14372 -172.22533   1129.000     0.0546     0.0546  29.505826  29.504166    34.8885    34.8864    290.066    283.778    -0.1387     4.6669     0.0850     0.0850     0.0189     0.0194      35494    24.6478     100.00     2.0407     1.7986         10 0.0000e+00
   1115.084   78.14372 -172.22531   1130.000     0.0541     0.0541  29.505767  29.504117    34.8885    34.8863    290.200    283.419    -0.1517     4.6671     0.0840     0.0840     0.0187     0.0189      35546    24.6840     100.00     2.0412     1.7968         12 0.0000e+00
   1116.068   78.14372 -172.22530   1131.000     0.0534     0.0534  29.505730  29.504099    34.8886    34.8865    290.266    284.027    -0.1532     4.6672     0.0837     0.0837     0.0186     0.0188      35598    24.7202     100.00     2.0413     1.7994         11 0.0000e+00
   1117.052   78.14372 -172.22529   1132.000     0.0526     0.0526  29.505506  29.503786    34.8887    34.8864    290.269    284.078    -0.1370     4.6673     0.0832     0.0832     0.0186     0.0195      35651    24.7572     100.00     2.0411     1.7994         15 0.0000e+00
   1118.036   78.14372 -172.22528   1133.000     0.0519     0.0520  29.505332  29.503756    34.8886    34.8865    290.303    284.393    -0.1492     4.6672     0.0830     0.0830     0.0186     0.0190      35702    24.7925     100.00     2.0410     1.8006         12 0.0000e+00
   1119.020   78.14372 -172.22526   1134.000     0.0517     0.0517  29.505547  29.503899    34.8887    34.8865    290.251    283.674    -0.1438     4.6672     0.0829     0.0829     0.0186     0.0192      35757    24.8303     100.00     2.0405     1.7972         14 0.0000e+00
   1120.004   78.14372 -172.22525   1135.000     0.0513     0.0513  29.505632  29.503961    34.8886    34.8865    290.037    283.795    -0.1529     4.6670     0.0829     0.0829     0.0188     0.0189      35809    24.8670     100.00     2.0392     1.7975         12 0.0000e+00
   1120.989   78.14372 -172.22524   1136.000     0.0505     0.0504  29.505306  29.503658    34.8886    34.8865    290.009    283.834    -0.1470     4.6670     0.0828     0.0828     0.0189     0.0191      35861    24.9027     100.00     2.0388     1.7975         14 0.0000e+00
   1121.973   78.14370 -172.22522   1137.000     0.0489     0.0488  29.504504  29.502785    34.8888    34.8866    290.137    284.030    -0.1550     4.6673     0.0842     0.0842     0.0185     0.0188      35913    24.9392     100.00     2.0392     1.7982         10 0.0000e+00
   1122.957   78.14370 -172.22521   1138.000     0.0468     0.0467  29.503159  29.501557    34.8888    34.8868    290.242    284.158    -0.1712     4.6670     0.0834     0.0834     0.0188     0.0181      35965    24.9753     100.00     2.0394     1.7985         12 0.0000e+00
   1123.941   78.14370 -172.22520   1139.000     0.0450     0.0450  29.502180  29.500492    34.8889    34.8867    290.534    284.522    -0.1474     4.6668     0.0835     0.0835     0.0190     0.0191      36017    25.0114     100.00     2.0407     1.8000          8 0.0000e+00
