Continuous CTD Data/01_SBE Stage/nabos_20_01avg.cnv
* Sea-Bird SBE 9 Data File:
* FileName = D:\CTD\data\HLY2502\raw\NABOS_20_01.hex
* Software Version Seasave V 7.26.7.110
* Temperature SN = 6954
* Conductivity SN = 2561
* Number of Bytes Per Scan = 37
* Number of Voltage Words = 4
* Number of Scans Averaged by the Deck Unit = 1
* NMEA Latitude = 78 38.06 N
* NMEA Longitude = 174 57.52 E
* NMEA UTC (Time) = Sep 18 2025  06:15:34
* NMEA baud rate = 9600
** Ship: USCG HEALY
** Bot. Depth:  2143
** Cast Number:  01
** Station Name:  NABOS
** Station Number:  20
** Operator:  STARC
** 1200 target
# nquan = 25
# nvalues = 1214                        
# units = specified
# name 0 = depSM: Depth [salt water, m]
# name 1 = latitude: Latitude [deg]
# name 2 = longitude: Longitude [deg]
# name 3 = prDM: Pressure, Digiquartz [db]
# name 4 = t090C: Temperature [ITS-90, deg C]
# name 5 = t190C: Temperature, 2 [ITS-90, deg C]
# name 6 = c0mS/cm: Conductivity [mS/cm]
# name 7 = c1mS/cm: Conductivity, 2 [mS/cm]
# name 8 = sal00: Salinity, Practical [PSU]
# name 9 = sal11: Salinity, Practical, 2 [PSU]
# name 10 = sbox0Mm/Kg: Oxygen, SBE 43 [umol/kg]
# name 11 = sbox1Mm/Kg: Oxygen, SBE 43, 2 [umol/kg]
# name 12 = flECO-AFL: Fluorescence, WET Labs ECO-AFL/FL [mg/m^3]
# name 13 = v2: Voltage 2
# name 14 = wetCDOM: Fluorescence, WET Labs CDOM [mg/m^3]
# name 15 = v6: Voltage 6
# name 16 = CStarAt0: Beam Attenuation, WET Labs C-Star [1/m]
# name 17 = v3: Voltage 3
# name 18 = scan: Scan Count
# name 19 = timeM: Time, Elapsed [minutes]
# name 20 = altM: Altimeter [m]
# name 21 = sbeox0V: Oxygen raw, SBE 43 [V]
# name 22 = sbeox1V: Oxygen raw, SBE 43, 2 [V]
# name 23 = nbin: number of scans per bin
# name 24 = flag: flag
# span 0 =      3.958,   1200.666       
# span 1 =   78.63473,   78.63881       
# span 2 =  174.95872,  174.95950       
# span 3 =      4.000,   1217.000       
# span 4 =    -1.7581,     0.8952       
# span 5 =    -1.7577,     0.8953       
# span 6 =  24.306755,  29.802998       
# span 7 =  24.306141,  29.801139       
# span 8 =    30.3847,    34.8822       
# span 9 =    30.3830,    34.8799       
# span 10 =    290.518,    377.169      
# span 11 =    260.142,    368.397      
# span 12 =    -0.1848,     0.4304      
# span 13 =     4.5546,     4.6752      
# span 14 =     0.0805,     0.1089      
# span 15 =     0.0805,     0.1089      
# span 16 =     0.0117,     0.1166      
# span 17 =     0.0176,     0.0422      
# span 18 =       3273,      37337      
# span 19 =     2.2725,    25.9278      
# span 20 =      73.84,     100.00      
# span 21 =     2.0166,     2.6605      
# span 22 =     1.7187,     2.3104      
# span 23 =          1,         28      
# span 24 = 0.0000e+00, 0.0000e+00      
# interval = decibars: 1                
# start_time = Sep 18 2025 06:15:34 [NMEA time, header]
# bad_flag = -9.990e-29
*END*
[from data line 928]
    920.115   78.63770  174.95936    932.000    -0.0943    -0.0941  29.258143  29.256566    34.8431    34.8408    294.496    290.773    -0.1337     4.6721     0.0842     0.0842     0.0145     0.0196      28135    19.5377     100.00     2.0980     1.8583         17 0.0000e+00
    921.100   78.63770  174.95936    933.000    -0.0946    -0.0947  29.258401  29.256589    34.8433    34.8409    294.575    287.496    -0.1335     4.6717     0.0853     0.0853     0.0148     0.0196      28161    19.5553     100.00     2.0982     1.8430         20 0.0000e+00
    922.085   78.63770  174.95936    934.000    -0.0965    -0.0966  29.257267  29.255432    34.8433    34.8410    294.463    282.955    -0.1337     4.6718     0.0845     0.0845     0.0147     0.0196      28186    19.5730     100.00     2.0973     1.8218         21 0.0000e+00
    923.070   78.63770  174.95936    935.000    -0.0972    -0.0971  29.257074  29.255414    34.8432    34.8410    294.417    297.540    -0.1496     4.6726     0.0842     0.0842     0.0140     0.0190      28211    19.5902     100.00     2.0968     1.8888         16 0.0000e+00
    924.055   78.63772  174.95936    936.000    -0.0976    -0.0972  29.257226  29.255833    34.8434    34.8410    294.336    292.492    -0.1580     4.6724     0.0840     0.0840     0.0142     0.0187      28236    19.6079     100.00     2.0962     1.8654         17 0.0000e+00
    925.040   78.63772  174.95936    937.000    -0.0973    -0.0973  29.257940  29.256163    34.8434    34.8410    294.278    290.761    -0.1326     4.6721     0.0839     0.0839     0.0145     0.0197      28262    19.6254     100.00     2.0957     1.8572         15 0.0000e+00
    926.025   78.63772  174.95936    938.000    -0.0975    -0.0973  29.258198  29.256689    34.8434    34.8411    294.173    290.570    -0.1345     4.6728     0.0836     0.0836     0.0138     0.0196      28287    19.6429     100.00     2.0949     1.8562         15 0.0000e+00
    927.010   78.63772  174.95936    939.000    -0.0976    -0.0976  29.258473  29.256821    34.8433    34.8411    294.109    290.330    -0.1652     4.6729     0.0837     0.0837     0.0137     0.0184      28312    19.6602     100.00     2.0943     1.8549         14 0.0000e+00
    927.995   78.63772  174.95936    940.000    -0.1027    -0.1029  29.254378  29.252591    34.8430    34.8409    294.195    283.011    -0.1401     4.6728     0.0843     0.0843     0.0138     0.0194      28337    19.6779     100.00     2.0943     1.8208         14 0.0000e+00
    928.980   78.63772  174.95936    941.000    -0.1057    -0.1055  29.252285  29.250664    34.8430    34.8407    294.136    293.566    -0.1368     4.6726     0.0826     0.0826     0.0140     0.0195      28362    19.6952     100.00     2.0936     1.8691         14 0.0000e+00
    929.965   78.63773  174.95936    942.000    -0.1054    -0.1055  29.252946  29.251118    34.8430    34.8407    294.218    293.501    -0.1424     4.6727     0.0851     0.0851     0.0139     0.0193      28388    19.7129     100.00     2.0939     1.8686         16 0.0000e+00
    930.950   78.63774  174.95936    943.000    -0.1071    -0.1073  29.251686  29.249864    34.8427    34.8406    294.255    290.855    -0.1791     4.6728     0.0830     0.0830     0.0138     0.0178      28412    19.7300     100.00     2.0938     1.8562         12 0.0000e+00
    931.935   78.63774  174.95936    944.000    -0.1098    -0.1103  29.249712  29.247618    34.8426    34.8403    294.282    290.264    -0.1724     4.6728     0.0838     0.0838     0.0138     0.0181      28437    19.7473     100.00     2.0936     1.8532         12 0.0000e+00
    932.920   78.63774  174.95936    945.000    -0.1124    -0.1124  29.247918  29.246137    34.8425    34.8402    294.277    290.460    -0.1711     4.6728     0.0851     0.0851     0.0138     0.0181      28463    19.7652     100.00     2.0932     1.8538         15 0.0000e+00
    933.905   78.63774  174.95936    946.000    -0.1184    -0.1185  29.242911  29.241012    34.8421    34.8398    294.234    283.409    -0.1712     4.6728     0.0839     0.0839     0.0138     0.0181      28488    19.7827     100.00     2.0925     1.8210         15 0.0000e+00
    934.890   78.63774  174.95936    947.000    -0.1239    -0.1239  29.238454  29.236842    34.8419    34.8398    294.317    297.158    -0.1775     4.6726     0.0825     0.0825     0.0140     0.0179      28513    19.8001     100.00     2.0925     1.8838         12 0.0000e+00
    935.875   78.63775  174.95936    948.000    -0.1292    -0.1295  29.234205  29.232171    34.8417    34.8394    294.367    291.834    -0.1813     4.6728     0.0817     0.0817     0.0138     0.0177      28539    19.8180     100.00     2.0923     1.8589         15 0.0000e+00
    936.860   78.63776  174.95936    949.000    -0.1325    -0.1331  29.231456  29.229265    34.8413    34.8391    294.407    291.583    -0.1339     4.6732     0.0824     0.0824     0.0135     0.0196      28564    19.8353     100.00     2.0921     1.8574         13 0.0000e+00
    937.845   78.63776  174.95936    950.000    -0.1374    -0.1376  29.227667  29.225679    34.8412    34.8388    294.431    290.703    -0.1404     4.6726     0.0830     0.0830     0.0140     0.0194      28589    19.8530     100.00     2.0918     1.8530         15 0.0000e+00
    938.830   78.63776  174.95936    951.000    -0.1384    -0.1388  29.227213  29.224859    34.8412    34.8385    294.437    290.373    -0.1613     4.6726     0.0834     0.0834     0.0140     0.0185      28614    19.8702     100.00     2.0916     1.8513         13 0.0000e+00
    939.815   78.63776  174.95936    952.000    -0.1410    -0.1395  29.225155  29.224745    34.8408    34.8386    294.460    290.319    -0.1407     4.6725     0.0844     0.0844     0.0141     0.0193      28639    19.8875     100.00     2.0914     1.8508         12 0.0000e+00
    940.800   78.63776  174.95936    953.000    -0.1408    -0.1408  29.225472  29.223838    34.8404    34.8383    294.616    289.364    -0.1727     4.6728     0.0850     0.0850     0.0138     0.0181      28665    19.9054     100.00     2.0920     1.8462         15 0.0000e+00
    941.785   78.63776  174.95936    954.000    -0.1450    -0.1449  29.222272  29.220617    34.8404    34.8381    294.688    289.616    -0.1732     4.6724     0.0821     0.0821     0.0142     0.0181      28690    19.9229     100.00     2.0920     1.8470         15 0.0000e+00
    942.770   78.63778  174.95936    955.000    -0.1448    -0.1446  29.222789  29.221278    34.8402    34.8381    294.638    292.962    -0.1452     4.6725     0.0839     0.0839     0.0141     0.0192      28715    19.9401     100.00     2.0915     1.8622         12 0.0000e+00
    943.755   78.63778  174.95938    956.000    -0.1447    -0.1445  29.223349  29.221814    34.8403    34.8380    294.659    291.376    -0.1347     4.6722     0.0841     0.0841     0.0143     0.0196      28740    19.9577     100.00     2.0914     1.8548         14 0.0000e+00
    944.740   78.63778  174.95938    957.000    -0.1450    -0.1444  29.223451  29.222148    34.8402    34.8378    294.512    290.968    -0.1323     4.6723     0.0840     0.0840     0.0143     0.0197      28765    19.9752     100.00     2.0904     1.8527         14 0.0000e+00
    945.725   78.63778  174.95938    958.000    -0.1446    -0.1448  29.224224  29.222210    34.8402    34.8378    294.562    290.953    -0.1736     4.6728     0.0840     0.0840     0.0138     0.0180      28790    19.9926     100.00     2.0905     1.8525         13 0.0000e+00
    946.710   78.63778  174.95938    959.000    -0.1442    -0.1448  29.224970  29.222752    34.8402    34.8378    294.609    290.899    -0.1691     4.6585     0.0850     0.0850     0.0261     0.0182      28816    20.0102     100.00     2.0905     1.8520         15 0.0000e+00
    947.695   78.63778  174.95938    960.000    -0.1443    -0.1440  29.225295  29.223769    34.8401    34.8378    294.671    290.836    -0.1693     4.6736     0.0846     0.0846     0.0131     0.0182      28841    20.0276     100.00     2.0906     1.8516         14 0.0000e+00
    948.680   78.63779  174.95938    961.000    -0.1447    -0.1451  29.225355  29.223404    34.8401    34.8379    294.694    291.365    -0.1333     4.6727     0.0848     0.0848     0.0139     0.0196      28866    20.0453     100.00     2.0905     1.8538         15 0.0000e+00
    949.664   78.63780  174.95938    962.000    -0.1441    -0.1442  29.226428  29.224566    34.8402    34.8378    294.695    290.934    -0.1348     4.6727     0.0854     0.0854     0.0139     0.0196      28891    20.0627     100.00     2.0904     1.8517         16 0.0000e+00
    950.649   78.63780  174.95938    963.000    -0.1437    -0.1438  29.227146  29.225312    34.8401    34.8379    294.503    281.315    -0.1536     4.6728     0.0841     0.0841     0.0138     0.0188      28916    20.0801     100.00     2.0892     1.8075         13 0.0000e+00
    951.634   78.63780  174.95938    964.000    -0.1437    -0.1442  29.227542  29.225461    34.8401    34.8379    294.498    290.662    -0.1796     4.6727     0.0832     0.0832     0.0139     0.0178      28942    20.0977     100.00     2.0889     1.8501         15 0.0000e+00
    952.619   78.63780  174.95938    965.000    -0.1421    -0.1420  29.229461  29.227858    34.8402    34.8380    294.468    289.152    -0.1430     4.6726     0.0845     0.0845     0.0140     0.0192      28967    20.1151     100.00     2.0886     1.8431         15 0.0000e+00
    953.604   78.63780  174.95938    966.000    -0.1424    -0.1423  29.229610  29.227844    34.8402    34.8377    294.461    296.570    -0.1703     4.6727     0.0850     0.0850     0.0139     0.0182      28992    20.1326     100.00     2.0884     1.8769         16 0.0000e+00
    954.589   78.63780  174.95938    967.000    -0.1423    -0.1427  29.230043  29.228009    34.8401    34.8379    294.546    293.198    -0.1673     4.6728     0.0840     0.0840     0.0138     0.0183      29017    20.1502     100.00     2.0886     1.8613         17 0.0000e+00
    955.574   78.63782  174.95938    968.000    -0.1436    -0.1438  29.229372  29.227469    34.8401    34.8378    294.555    291.504    -0.1335     4.6728     0.0840     0.0840     0.0138     0.0196      29042    20.1677     100.00     2.0884     1.8533         15 0.0000e+00
    956.559   78.63782  174.95938    969.000    -0.1433    -0.1431  29.230107  29.228506    34.8401    34.8379    294.545    291.336    -0.1365     4.6727     0.0854     0.0854     0.0139     0.0195      29067    20.1850     100.00     2.0881     1.8524         17 0.0000e+00
    957.544   78.63782  174.95938    970.000    -0.1433    -0.1432  29.230458  29.228902    34.8400    34.8378    294.545    291.227    -0.1312     4.6727     0.0841     0.0841     0.0139     0.0197      29093    20.2025     100.00     2.0879     1.8517         16 0.0000e+00
    958.529   78.63782  174.95938    971.000    -0.1444    -0.1444  29.229978  29.228148    34.8400    34.8377    294.460    291.040    -0.1364     4.6726     0.0841     0.0841     0.0140     0.0195      29118    20.2200     100.00     2.0872     1.8506         15 0.0000e+00
    959.513   78.63782  174.95938    972.000    -0.1435    -0.1432  29.231145  29.229610    34.8400    34.8377    294.432    289.864    -0.1366     4.6727     0.0841     0.0841     0.0139     0.0195      29143    20.2372     100.00     2.0869     1.8451         12 0.0000e+00
    960.498   78.63782  174.95938    973.000    -0.1438    -0.1440  29.231279  29.229347    34.8399    34.8377    294.402    283.381    -0.1332     4.6728     0.0840     0.0840     0.0138     0.0196      29168    20.2548     100.00     2.0865     1.8152         18 0.0000e+00
    961.483   78.63782  174.95938    974.000    -0.1456    -0.1456  29.230015  29.228244    34.8398    34.8375    294.439    290.082    -0.1602     4.6728     0.0846     0.0846     0.0138     0.0186      29193    20.2724     100.00     2.0864     1.8457         16 0.0000e+00
    962.468   78.63782  174.95938    975.000    -0.1455    -0.1442  29.230632  29.230110    34.8398    34.8377    294.444    292.616    -0.1405     4.6722     0.0842     0.0842     0.0143     0.0194      29218    20.2897     100.00     2.0862     1.8571         15 0.0000e+00
    963.453   78.63784  174.95938    976.000    -0.1455    -0.1457  29.231027  29.229237    34.8398    34.8376    294.593    292.040    -0.1346     4.6718     0.0832     0.0832     0.0147     0.0196      29244    20.3073     100.00     2.0868     1.8542         18 0.0000e+00
    964.437   78.63784  174.95938    977.000    -0.1449    -0.1455  29.232031  29.229784    34.8399    34.8376    294.668    286.273    -0.1386     4.6729     0.0839     0.0839     0.0137     0.0194      29268    20.3247     100.00     2.0870     1.8277         16 0.0000e+00
    965.422   78.63784  174.95938    978.000    -0.1454    -0.1456  29.231948  29.230122    34.8398    34.8375    294.701    295.243    -0.1604     4.6728     0.0838     0.0838     0.0138     0.0186      29294    20.3423     100.00     2.0869     1.8686         20 0.0000e+00
    966.407   78.63784  174.95938    979.000    -0.1456    -0.1456  29.232359  29.230567    34.8399    34.8376    294.696    281.587    -0.1318     4.6728     0.0830     0.0830     0.0138     0.0197      29319    20.3597     100.00     2.0867     1.8060         14 0.0000e+00
    967.392   78.63784  174.95938    980.000    -0.1454    -0.1454  29.232823  29.231098    34.8398    34.8374    294.602    296.985    -0.1305     4.6729     0.0839     0.0839     0.0138     0.0198      29345    20.3774     100.00     2.0860     1.8762         20 0.0000e+00
    968.377   78.63785  174.95938    981.000    -0.1318    -0.1295  29.247764  29.247662    34.8436    34.8409    294.407    291.021    -0.1366     4.6729     0.0841     0.0841     0.0137     0.0195      29370    20.3948     100.00     2.0854     1.8494         18 0.0000e+00
    969.362   78.63786  174.95938    982.000    -0.0768    -0.0700  29.302635  29.306844    34.8533    34.8512    294.014    289.884    -0.1347     4.6726     0.0829     0.0829     0.0140     0.0196      29395    20.4124     100.00     2.0858     1.8465         17 0.0000e+00
    970.347   78.63786  174.95938    983.000    -0.0616    -0.0614  29.316978  29.315357    34.8545    34.8521    294.038    290.212    -0.1344     4.6727     0.0830     0.0830     0.0139     0.0196      29420    20.4296     100.00     2.0864     1.8481         14 0.0000e+00
    971.331   78.63786  174.95938    984.000    -0.0611    -0.0611  29.318228  29.316405    34.8550    34.8526    293.951    290.379    -0.1679     4.6723     0.0830     0.0830     0.0142     0.0183      29445    20.4470     100.00     2.0858     1.8488         16 0.0000e+00
    972.316   78.63786  174.95938    985.000    -0.0607    -0.0609  29.319195  29.317240    34.8552    34.8529    293.823    290.587    -0.1366     4.6728     0.0830     0.0830     0.0138     0.0195      29470    20.4644     100.00     2.0849     1.8495         15 0.0000e+00
    973.301   78.63786  174.95938    986.000    -0.0610    -0.0608  29.319498  29.318036    34.8554    34.8532    293.578    290.199    -0.1632     4.6726     0.0851     0.0851     0.0140     0.0185      29495    20.4820     100.00     2.0834     1.8476         16 0.0000e+00
    974.286   78.63786  174.95938    987.000    -0.0609    -0.0608  29.320089  29.318531    34.8555    34.8534    293.257    289.174    -0.1477     4.6728     0.0848     0.0848     0.0138     0.0191      29520    20.4991     100.00     2.0815     1.8427         14 0.0000e+00
    975.271   78.63788  174.95938    988.000    -0.0600    -0.0598  29.321502  29.319985    34.8557    34.8535    293.091    289.827    -0.1578     4.6731     0.0841     0.0841     0.0136     0.0187      29545    20.5168     100.00     2.0804     1.8456         17 0.0000e+00
