Continuous CTD Data/01_SBE Stage/nabos_04_01.ros
* Sea-Bird SBE 9 Data File:
* FileName = D:\CTD\data\HLY2502\raw\NABOS_04_01.hex
* Software Version Seasave V 7.26.7.110
* Temperature SN = 6954
* Conductivity SN = 2561
* Number of Bytes Per Scan = 37
* Number of Voltage Words = 4
* Number of Scans Averaged by the Deck Unit = 1
* NMEA Latitude = 74 49.90 N
* NMEA Longitude = 170 48.41 E
* NMEA UTC (Time) = Sep 13 2025  02:24:39
* NMEA baud rate = 9600
** Ship: USCG HEALY
** Bot. Depth:  66
** Cast Number:  01
** Station Name:  NABOS
** Station Number:  04
** Operator:  STARC
** 60m target depth, alimeter moved lower, yet untested
# nquan = 25
# nvalues = 1176                                  
# units = specified
# name 0 = depSM: Depth [salt water, m]
# name 1 = latitude: Latitude [deg]
# name 2 = longitude: Longitude [deg]
# name 3 = prDM: Pressure, Digiquartz [db]
# name 4 = t090C: Temperature [ITS-90, deg C]
# name 5 = t190C: Temperature, 2 [ITS-90, deg C]
# name 6 = c0mS/cm: Conductivity [mS/cm]
# name 7 = c1mS/cm: Conductivity, 2 [mS/cm]
# name 8 = sal00: Salinity, Practical [PSU]
# name 9 = sal11: Salinity, Practical, 2 [PSU]
# name 10 = sbox0Mm/Kg: Oxygen, SBE 43 [umol/kg]
# name 11 = sbox1Mm/Kg: Oxygen, SBE 43, 2 [umol/kg]
# name 12 = flECO-AFL: Fluorescence, WET Labs ECO-AFL/FL [mg/m^3]
# name 13 = v2: Voltage 2
# name 14 = wetCDOM: Fluorescence, WET Labs CDOM [mg/m^3]
# name 15 = v6: Voltage 6
# name 16 = CStarAt0: Beam Attenuation, WET Labs C-Star [1/m]
# name 17 = v3: Voltage 3
# name 18 = scan: Scan Count
# name 19 = timeM: Time, Elapsed [minutes]
# name 20 = altM: Altimeter [m]
# name 21 = sbeox0V: Oxygen raw, SBE 43 [V]
# name 22 = sbeox1V: Oxygen raw, SBE 43, 2 [V]
# name 23 = nbf: Bottles Fired
# name 24 = flag:  0.000e+00
# interval = seconds: 0.0416667
# start_time = Sep 13 2025 02:24:39 [NMEA time, header]
# bad_flag = -9.990e-29
*END*
[from data line 580]
     40.226   74.83230  170.80726     40.652    -1.4066    -1.4067  24.460136  24.450643    30.3402    30.3274    287.840    282.398     0.4129     4.6203     0.1197     0.1197     0.0591     0.0415      12191     8.4653      28.01     2.1307     1.8767         12  0.000e+00
     40.226   74.83230  170.80726     40.652    -1.4066    -1.4069  24.460600  24.450752    30.3408    30.3277    288.053    282.398     0.4434     4.6203     0.1184     0.1184     0.0591     0.0427      12192     8.4660      28.01     2.1319     1.8767         12  0.000e+00
     40.193   74.83230  170.80726     40.618    -1.4066    -1.4067  24.460426  24.451079    30.3406    30.3280    288.052    282.395     0.4434     4.6190     0.1184     0.1184     0.0601     0.0427      12193     8.4667      28.03     2.1319     1.8767         12  0.000e+00
     40.226   74.83230  170.80726     40.652    -1.4064    -1.4066  24.460600  24.451351    30.3406    30.3283    288.052    282.395     0.4434     4.6203     0.1184     0.1184     0.0591     0.0427      12194     8.4674      28.06     2.1319     1.8767         12  0.000e+00
     40.168   74.83230  170.80726     40.594    -1.4064    -1.4066  24.460716  24.451788    30.3408    30.3288    288.049    282.391     0.4129     4.6203     0.1184     0.1184     0.0591     0.0415      12195     8.4681      28.06     2.1319     1.8767         12  0.000e+00
     40.226   74.83230  170.80726     40.652    -1.4063    -1.4066  24.460716  24.451570    30.3407    30.3285    288.265    282.394     0.4129     4.6203     0.1184     0.1184     0.0591     0.0415      12196     8.4688      28.06     2.1331     1.8767         12  0.000e+00
     40.226   74.83230  170.80726     40.652    -1.4066    -1.4067  24.460368  24.450697    30.3405    30.3275    288.054    282.144     0.4129     4.6203     0.1197     0.1197     0.0591     0.0415      12197     8.4694      28.01     2.1319     1.8755         12  0.000e+00
     40.226   74.83230  170.80726     40.652    -1.4063    -1.4066  24.459846  24.449879    30.3395    30.3263    287.839    281.892     0.4434     4.6203     0.1184     0.1184     0.0591     0.0427      12198     8.4701      28.03     2.1307     1.8742         12  0.000e+00
     40.348   74.83232  170.80728     40.775    -1.4057    -1.4067  24.456251  24.390786    30.3339    30.2459    282.915    279.789     0.4434     4.6203     0.1197     0.1197     0.0591     0.0427      12382     8.5979      27.89     2.1026     1.8633         13  0.000e+00
     40.283   74.83232  170.80728     40.709    -1.4058    -1.4066  24.454511  24.386318    30.3317    30.2397    282.704    280.053     0.4129     4.6203     0.1197     0.1197     0.0591     0.0415      12383     8.5986      27.89     2.1013     1.8645         13  0.000e+00
     40.348   74.83232  170.80728     40.775    -1.4059    -1.4067  24.451090  24.382232    30.3272    30.2343    282.718    280.069     0.4434     4.6203     0.1209     0.1209     0.0591     0.0427      12384     8.5993      27.86     2.1013     1.8645         13  0.000e+00
     40.348   74.83232  170.80728     40.775    -1.4059    -1.4069  24.445002  24.379453    30.3189    30.2307    282.951    280.078     0.4434     4.6203     0.1197     0.1197     0.0591     0.0427      12385     8.6000      27.81     2.1026     1.8645         13  0.000e+00
     40.348   74.83232  170.80728     40.775    -1.4061    -1.4070  24.439321  24.376566    30.3113    30.2269    282.969    279.834     0.4434     4.6203     0.1197     0.1197     0.0591     0.0427      12386     8.6007      27.86     2.1026     1.8633         13  0.000e+00
     40.406   74.83232  170.80728     40.833    -1.4066    -1.4070  24.432770  24.373406    30.3028    30.2226    282.995    280.100     0.4129     4.6203     0.1197     0.1197     0.0591     0.0415      12387     8.6014      27.84     2.1026     1.8645         13  0.000e+00
     40.315   74.83232  170.80728     40.742    -1.4063    -1.4072  24.427785  24.371336    30.2958    30.2199    282.790    279.849     0.4129     4.6203     0.1197     0.1197     0.0591     0.0415      12388     8.6021      27.86     2.1013     1.8633         13  0.000e+00
     40.406   74.83232  170.80728     40.833    -1.4064    -1.4075  24.423843  24.369321    30.2905    30.2175    283.021    279.861     0.4434     4.6215     0.1197     0.1197     0.0580     0.0427      12389     8.6028      27.86     2.1026     1.8633         13  0.000e+00
     40.348   74.83232  170.80728     40.775    -1.4064    -1.4073  24.421641  24.366815    30.2876    30.2139    283.025    280.373     0.4129     4.6203     0.1197     0.1197     0.0591     0.0415      12390     8.6035      27.86     2.1026     1.8657         13  0.000e+00
     40.406   74.83232  170.80728     40.833    -1.4064    -1.4075  24.419033  24.364146    30.2840    30.2104    283.035    280.384     0.4434     4.6203     0.1197     0.1197     0.0591     0.0427      12391     8.6042      27.86     2.1026     1.8657         13  0.000e+00
     40.348   74.83232  170.80728     40.775    -1.4064    -1.4073  24.415555  24.362784    30.2793    30.2085    283.044    280.131     0.4434     4.6203     0.1197     0.1197     0.0591     0.0427      12392     8.6049      27.86     2.1026     1.8645         13  0.000e+00
     40.406   74.83232  170.80728     40.833    -1.4064    -1.4077  24.412020  24.362185    30.2744    30.2080    283.056    279.629     0.4434     4.6215     0.1197     0.1197     0.0580     0.0427      12393     8.6056      27.86     2.1026     1.8620         13  0.000e+00
     40.406   74.83232  170.80728     40.833    -1.4064    -1.4076  24.408543  24.361913    30.2697    30.2075    283.067    279.375     0.4129     4.6203     0.1197     0.1197     0.0591     0.0415      12394     8.6062      27.86     2.1026     1.8608         13  0.000e+00
     40.406   74.83232  170.80728     40.833    -1.4063    -1.4076  24.404661  24.362185    30.2643    30.2079    283.078    279.120     0.4434     4.6203     0.1197     0.1197     0.0591     0.0427      12395     8.6069      27.86     2.1026     1.8596         13  0.000e+00
     40.373   74.83232  170.80728     40.800    -1.4063    -1.4076  24.401474  24.363002    30.2600    30.2090    282.872    278.608     0.4434     4.6190     0.1197     0.1197     0.0601     0.0427      12396     8.6076      27.84     2.1013     1.8572         13  0.000e+00
     40.406   74.83232  170.80728     40.833    -1.4064    -1.4072  24.400431  24.363601    30.2587    30.2094    283.092    278.605     0.4129     4.6178     0.1209     0.1209     0.0612     0.0415      12397     8.6083      27.81     2.1026     1.8572         13  0.000e+00
     40.406   74.83232  170.80728     40.833    -1.4066    -1.4067  24.400837  24.362838    30.2594    30.2079    283.092    278.858     0.4129     4.6178     0.1197     0.1197     0.0612     0.0415      12398     8.6090      27.81     2.1026     1.8584         13  0.000e+00
     40.406   74.83232  170.80728     40.833    -1.4064    -1.4069  24.400663  24.361804    30.2590    30.2066    283.091    279.116     0.4129     4.6178     0.1197     0.1197     0.0612     0.0415      12399     8.6097      27.81     2.1026     1.8596         13  0.000e+00
     40.406   74.83232  170.80728     40.833    -1.4064    -1.4066  24.398867  24.361422    30.2565    30.2058    283.096    279.624     0.4129     4.6178     0.1209     0.1209     0.0612     0.0415      12400     8.6104      27.81     2.1026     1.8620         13  0.000e+00
     40.406   74.83232  170.80728     40.833    -1.4064    -1.4070  24.396549  24.361531    30.2534    30.2064    283.104    279.627     0.4129     4.6178     0.1209     0.1209     0.0612     0.0415      12401     8.6111      27.81     2.1026     1.8620         13  0.000e+00
     40.406   74.83232  170.80728     40.833    -1.4061    -1.4066  24.394695  24.365072    30.2506    30.2107    283.107    279.867     0.4129     4.6178     0.1221     0.1221     0.0612     0.0415      12402     8.6118      27.79     2.1026     1.8633         13  0.000e+00
     40.463   74.83232  170.80728     40.891    -1.4064    -1.4055  24.393711  24.378854    30.2495    30.2284    283.329    280.076     0.4739     4.6178     0.1209     0.1209     0.0612     0.0440      12403     8.6125      27.79     2.1038     1.8645         13  0.000e+00
     40.438   74.83232  170.80728     40.867    -1.4064    -1.4046  24.393710  24.395473    30.2495    30.2501    283.113    280.019     0.4434     4.6178     0.1221     0.1221     0.0612     0.0427      12404     8.6132      27.81     2.1026     1.8645         13  0.000e+00
     40.463   74.83232  170.80728     40.891    -1.4064    -1.4043  24.395043  24.406100    30.2513    30.2642    282.896    279.732     0.4739     4.6178     0.1209     0.1209     0.0612     0.0440      12405     8.6139      27.79     2.1013     1.8633         13  0.000e+00
     40.406   74.83232  170.80728     40.833    -1.4063    -1.4040  24.396028  24.411169    30.2526    30.2708    283.319    279.713     0.4739     4.6178     0.1209     0.1209     0.0612     0.0440      12406     8.6146      27.79     2.1038     1.8633         13  0.000e+00
     40.463   74.83232  170.80728     40.891    -1.4066    -1.4037  24.396723  24.416456    30.2538    30.2777    283.321    279.697     0.4434     4.6178     0.1221     0.1221     0.0612     0.0427      12407     8.6153      27.79     2.1038     1.8633         13  0.000e+00
     40.406   74.83232  170.80728     40.833    -1.4064    -1.4029  24.397592  24.422452    30.2548    30.2851    283.315    279.672     0.4739     4.6178     0.1209     0.1209     0.0612     0.0440      12408     8.6160      27.81     2.1038     1.8633         13  0.000e+00
     40.463   74.83232  170.80728     40.891    -1.4063    -1.4019  24.398230  24.426105    30.2555    30.2890    283.315    279.657     0.4434     4.6178     0.1221     0.1221     0.0612     0.0427      12409     8.6167      27.77     2.1038     1.8633         13  0.000e+00
     40.463   74.83232  170.80728     40.891    -1.4063    -1.4011  24.398751  24.425342    30.2562    30.2871    283.528    279.400     0.4739     4.6178     0.1209     0.1209     0.0612     0.0440      12410     8.6174      27.77     2.1050     1.8620         13  0.000e+00
     40.438   74.83232  170.80728     40.867    -1.4066    -1.4005  24.398867  24.421525    30.2567    30.2813    283.314    279.407     0.4739     4.6178     0.1209     0.1209     0.0612     0.0440      12411     8.6181      27.77     2.1038     1.8620         13  0.000e+00
     40.463   74.83232  170.80728     40.891    -1.4064    -1.4005  24.399910  24.418146    30.2580    30.2767    283.311    279.418     0.4739     4.6178     0.1209     0.1209     0.0612     0.0440      12412     8.6188      27.77     2.1038     1.8620         13  0.000e+00
     40.463   74.83232  170.80728     40.891    -1.4063    -1.4002  24.399041  24.415747    30.2566    30.2732    283.312    279.423     0.4434     4.6178     0.1209     0.1209     0.0612     0.0427      12413     8.6194      27.77     2.1038     1.8620         13  0.000e+00
     40.463   74.83232  170.80728     40.891    -1.4063    -1.4005  24.396028  24.415584    30.2525    30.2733    283.321    279.426     0.4739     4.6178     0.1209     0.1209     0.0612     0.0440      12414     8.6201      27.74     2.1038     1.8620         13  0.000e+00
     40.463   74.83232  170.80728     40.891    -1.4063    -1.4003  24.394522  24.421198    30.2505    30.2807    283.326    279.154     0.4434     4.6178     0.1221     0.1221     0.0612     0.0427      12415     8.6208      27.77     2.1038     1.8608         13  0.000e+00
     40.529   74.83232  170.80728     40.958    -1.4059    -1.4003  24.393884  24.427850    30.2492    30.2897    283.328    278.882     0.4434     4.6190     0.1209     0.1209     0.0601     0.0427      12416     8.6215      27.77     2.1038     1.8596         13  0.000e+00
     40.463   74.83232  170.80728     40.891    -1.4053    -1.4000  24.391045  24.431448    30.2448    30.2943    283.545    278.867     0.4739     4.6203     0.1209     0.1209     0.0591     0.0440      12417     8.6222      27.77     2.1050     1.8596         13  0.000e+00
     40.463   74.83232  170.80728     40.891    -1.4055    -1.4000  24.388902  24.432866    30.2420    30.2963    283.338    278.863     0.4739     4.6215     0.1209     0.1209     0.0580     0.0440      12418     8.6229      27.77     2.1038     1.8596         13  0.000e+00
     40.496   74.83232  170.80728     40.925    -1.4053    -1.3997  24.389887  24.433629    30.2432    30.2970    283.335    279.114     0.4739     4.6215     0.1209     0.1209     0.0580     0.0440      12419     8.6236      27.77     2.1038     1.8608         13  0.000e+00
     40.463   74.83232  170.80728     40.891    -1.4055    -1.3996  24.393131  24.434556    30.2478    30.2981    283.540    279.363     0.4739     4.6215     0.1221     0.1221     0.0580     0.0440      12420     8.6243      27.74     2.1050     1.8620         13  0.000e+00
     40.529   74.83232  170.80728     40.958    -1.4052    -1.3991  24.396202  24.436791    30.2516    30.3007    283.531    279.610     0.4739     4.6215     0.1209     0.1209     0.0580     0.0440      12421     8.6250      27.72     2.1050     1.8633         13  0.000e+00
     40.406   74.83232  170.80728     40.833    -1.4047    -1.3991  24.398345  24.439081    30.2541    30.3038    283.302    279.598     0.4434     4.6215     0.1209     0.1209     0.0580     0.0427      12422     8.6257      27.72     2.1038     1.8633         13  0.000e+00
     40.529   74.83232  170.80728     40.958    -1.4046    -1.3988  24.399910  24.439627    30.2561    30.3042    283.301    279.599     0.4739     4.6215     0.1209     0.1209     0.0580     0.0440      12423     8.6264      27.72     2.1038     1.8633         13  0.000e+00
     40.529   74.83232  170.80728     40.958    -1.4046    -1.3982  24.399388  24.438536    30.2554    30.3021    283.518    279.599     0.4434     4.6203     0.1209     0.1209     0.0591     0.0427      12424     8.6271      27.72     2.1050     1.8633         13  0.000e+00
     40.463   74.83232  170.80728     40.891    -1.4044    -1.3979  24.397824  24.438372    30.2531    30.3016    283.519    279.595     0.4434     4.6215     0.1221     0.1221     0.0580     0.0427      12425     8.6278      27.72     2.1050     1.8633         13  0.000e+00
     40.463   74.83232  170.80728     40.891    -1.4049    -1.3977  24.397418  24.438754    30.2530    30.3020    283.523    279.847     0.4739     4.6215     0.1209     0.1209     0.0580     0.0440      12426     8.6285      27.74     2.1050     1.8645         13  0.000e+00
     40.496   74.83232  170.80728     40.925    -1.4052    -1.3974  24.400431  24.438918    30.2574    30.3019    283.302    279.846     0.4434     4.6215     0.1209     0.1209     0.0580     0.0427      12427     8.6292      27.77     2.1038     1.8645         13  0.000e+00
     40.529   74.83232  170.80728     40.958    -1.4043    -1.3973  24.404893  24.437773    30.2625    30.3002    283.714    279.850     0.4739     4.6215     0.1197     0.1197     0.0580     0.0440      12428     8.6299      27.77     2.1062     1.8645         13  0.000e+00
     40.529   74.83232  170.80728     40.958    -1.4040    -1.3974  24.408486  24.435101    30.2671    30.2966    283.486    279.858     0.4739     4.6215     0.1197     0.1197     0.0580     0.0440      12429     8.6306      27.79     2.1050     1.8645         13  0.000e+00
     40.463   74.83232  170.80728     40.891    -1.4040    -1.3974  24.410803  24.431938    30.2703    30.2924    283.477    279.865     0.4434     4.6203     0.1197     0.1197     0.0591     0.0427      12430     8.6312      27.77     2.1050     1.8645         13  0.000e+00
