Continuous CTD Data/01_SBE Stage/nabos_09_01.ros
* Sea-Bird SBE 9 Data File:
* FileName = D:\CTD\data\HLY2502\raw\NABOS_09_01.hex
* Software Version Seasave V 7.26.7.110
* Temperature SN = 6954
* Conductivity SN = 2561
* Number of Bytes Per Scan = 37
* Number of Voltage Words = 4
* Number of Scans Averaged by the Deck Unit = 1
* NMEA Latitude = 76 19.84 N
* NMEA Longitude = 178 34.73 E
* NMEA UTC (Time) = Sep 15 2025  03:07:08
* NMEA baud rate = 9600
** Ship: USCG HEALY
** Bot. Depth:  1161
** Cast Number:  01
** Station Name:  NABOS
** Station Number:  09
** Operator:  STARC
# nquan = 25
# nvalues = 1176                                  
# units = specified
# name 0 = depSM: Depth [salt water, m]
# name 1 = latitude: Latitude [deg]
# name 2 = longitude: Longitude [deg]
# name 3 = prDM: Pressure, Digiquartz [db]
# name 4 = t090C: Temperature [ITS-90, deg C]
# name 5 = t190C: Temperature, 2 [ITS-90, deg C]
# name 6 = c0mS/cm: Conductivity [mS/cm]
# name 7 = c1mS/cm: Conductivity, 2 [mS/cm]
# name 8 = sal00: Salinity, Practical [PSU]
# name 9 = sal11: Salinity, Practical, 2 [PSU]
# name 10 = sbox0Mm/Kg: Oxygen, SBE 43 [umol/kg]
# name 11 = sbox1Mm/Kg: Oxygen, SBE 43, 2 [umol/kg]
# name 12 = flECO-AFL: Fluorescence, WET Labs ECO-AFL/FL [mg/m^3]
# name 13 = v2: Voltage 2
# name 14 = wetCDOM: Fluorescence, WET Labs CDOM [mg/m^3]
# name 15 = v6: Voltage 6
# name 16 = CStarAt0: Beam Attenuation, WET Labs C-Star [1/m]
# name 17 = v3: Voltage 3
# name 18 = scan: Scan Count
# name 19 = timeM: Time, Elapsed [minutes]
# name 20 = altM: Altimeter [m]
# name 21 = sbeox0V: Oxygen raw, SBE 43 [V]
# name 22 = sbeox1V: Oxygen raw, SBE 43, 2 [V]
# name 23 = nbf: Bottles Fired
# name 24 = flag:  0.000e+00
# interval = seconds: 0.0416667
# start_time = Sep 15 2025 03:07:08 [NMEA time, header]
# bad_flag = -9.990e-29
*END*
[from data line 638]
     40.192   76.33216  178.57970     40.620    -1.6526    -1.6523  25.160318  25.160372    31.5546    31.5544    357.423    347.568    -0.0145     4.6435     0.1197     0.1197     0.0390     0.0244      34186    23.7396     100.00     2.5309     2.1937         14  0.000e+00
     40.135   76.33216  178.57970     40.562    -1.6526    -1.6526  25.160259  25.160372    31.5546    31.5547    357.420    347.314     0.0160     4.6435     0.1197     0.1197     0.0390     0.0256      34187    23.7403     100.00     2.5309     2.1925         14  0.000e+00
     40.192   76.33216  178.57970     40.620    -1.6528    -1.6525  25.160259  25.159932    31.5547    31.5540    357.210    347.571    -0.0145     4.6422     0.1197     0.1197     0.0401     0.0244      34188    23.7410     100.00     2.5297     2.1937         14  0.000e+00
     40.192   76.33216  178.57970     40.620    -1.6526    -1.6526  25.160259  25.159656    31.5545    31.5537    357.209    347.320    -0.0145     4.6422     0.1197     0.1197     0.0401     0.0244      34189    23.7417     100.00     2.5297     2.1925         14  0.000e+00
     40.192   76.33216  178.57970     40.620    -1.6526    -1.6525  25.160259  25.159601    31.5545    31.5535    357.423    347.572    -0.0145     4.6422     0.1197     0.1197     0.0401     0.0244      34190    23.7424     100.00     2.5309     2.1937         14  0.000e+00
     40.192   76.33216  178.57970     40.620    -1.6528    -1.6525  25.160259  25.159766    31.5547    31.5537    357.210    347.572    -0.0145     4.6435     0.1197     0.1197     0.0390     0.0244      34191    23.7431     100.00     2.5297     2.1937         14  0.000e+00
     40.192   76.33216  178.57970     40.620    -1.6524    -1.6525  25.160435  25.159491    31.5546    31.5534    357.207    347.573    -0.0145     4.6435     0.1197     0.1197     0.0390     0.0244      34192    23.7437     100.00     2.5297     2.1937         14  0.000e+00
     40.159   76.33216  178.57970     40.587    -1.6526    -1.6525  25.160318  25.159546    31.5546    31.5534    356.993    347.571    -0.0145     4.6422     0.1197     0.1197     0.0401     0.0244      34193    23.7444     100.00     2.5284     2.1937         14  0.000e+00
     40.192   76.33216  178.57970     40.620    -1.6524    -1.6525  25.160259  25.158995    31.5543    31.5527    357.208    347.321    -0.0145     4.6422     0.1209     0.1209     0.0401     0.0244      34194    23.7451     100.00     2.5297     2.1925         14  0.000e+00
     40.192   76.33216  178.57970     40.620    -1.6528    -1.6525  25.160435  25.159050    31.5550    31.5527    356.996    347.321    -0.0145     4.6422     0.1197     0.1197     0.0401     0.0244      34195    23.7458     100.00     2.5284     2.1925         14  0.000e+00
     40.192   76.33216  178.57970     40.620    -1.6528    -1.6525  25.160318  25.158940    31.5548    31.5526    357.210    347.321     0.0160     4.6422     0.1197     0.1197     0.0401     0.0256      34196    23.7465     100.00     2.5297     2.1925         14  0.000e+00
     40.192   76.33216  178.57970     40.620    -1.6526    -1.6526  25.160259  25.158444    31.5545    31.5520    357.209    347.324     0.0160     4.6435     0.1197     0.1197     0.0390     0.0256      34197    23.7472     100.00     2.5297     2.1925         14  0.000e+00
     40.135   76.33216  178.57970     40.562    -1.6526    -1.6523  25.160259  25.158334    31.5546    31.5516    356.992    347.320    -0.0145     4.6422     0.1197     0.1197     0.0401     0.0244      34198    23.7479     100.00     2.5284     2.1925         14  0.000e+00
     40.192   76.33216  178.57970     40.620    -1.6526    -1.6526  25.160259  25.158224    31.5545    31.5517    357.209    347.325    -0.0145     4.6422     0.1197     0.1197     0.0401     0.0244      34199    23.7486     100.00     2.5297     2.1925         14  0.000e+00
     40.192   76.33216  178.57970     40.620    -1.6526    -1.6525  25.160435  25.156461    31.5548    31.5492    357.208    347.331    -0.0145     4.6422     0.1197     0.1197     0.0401     0.0244      34200    23.7493     100.00     2.5297     2.1925         14  0.000e+00
     40.159   76.33216  178.57970     40.587    -1.6526    -1.6525  25.160493  25.155138    31.5549    31.5474    357.206    347.588    -0.0145     4.6422     0.1197     0.1197     0.0401     0.0244      34201    23.7500     100.00     2.5297     2.1937         14  0.000e+00
     40.192   76.33216  178.57970     40.620    -1.6526    -1.6526  25.160904  25.154753    31.5554    31.5470    357.207    347.592     0.0160     4.6422     0.1197     0.1197     0.0401     0.0256      34202    23.7507     100.00     2.5297     2.1937         14  0.000e+00
     40.192   76.33216  178.57970     40.620    -1.6526    -1.6526  25.160845  25.154698    31.5553    31.5469    356.993    347.592    -0.0145     4.6422     0.1197     0.1197     0.0401     0.0244      34203    23.7514     100.00     2.5284     2.1937         14  0.000e+00
     40.192   76.33216  178.57970     40.620    -1.6528    -1.6526  25.160786  25.154092    31.5554    31.5460    356.994    347.341    -0.0145     4.6422     0.1197     0.1197     0.0401     0.0244      34204    23.7521     100.00     2.5284     2.1925         14  0.000e+00
     40.192   76.33216  178.57970     40.620    -1.6524    -1.6526  25.160786  25.153210    31.5551    31.5448    356.991    347.344     0.0160     4.6422     0.1197     0.1197     0.0401     0.0256      34205    23.7528     100.00     2.5284     2.1925         14  0.000e+00
     40.192   76.33216  178.57970     40.620    -1.6526    -1.6526  25.160552  25.152990    31.5549    31.5445    357.208    347.345    -0.0145     4.6422     0.1197     0.1197     0.0401     0.0244      34206    23.7535     100.00     2.5297     2.1925         14  0.000e+00
     40.192   76.33216  178.57970     40.620    -1.6525    -1.6529  25.160669  25.152384    31.5550    31.5440    356.992    347.349    -0.0145     4.6422     0.1197     0.1197     0.0401     0.0244      34207    23.7542     100.00     2.5284     2.1925         14  0.000e+00
     40.192   76.33216  178.57970     40.620    -1.6526    -1.6529  25.160786  25.152219    31.5553    31.5438    356.993    347.350    -0.0145     4.6422     0.1197     0.1197     0.0401     0.0244      34208    23.7549     100.00     2.5284     2.1925         14  0.000e+00
     40.159   76.33216  178.57970     40.587    -1.6524    -1.6531  25.160786  25.151447    31.5551    31.5429    356.990    347.606    -0.0145     4.6422     0.1197     0.1197     0.0401     0.0244      34209    23.7556     100.00     2.5284     2.1937         14  0.000e+00
     40.192   76.33216  178.57970     40.620    -1.6526    -1.6531  25.160552  25.151778    31.5549    31.5434    357.208    347.607    -0.0145     4.6422     0.1197     0.1197     0.0401     0.0244      34210    23.7563     100.00     2.5297     2.1937         14  0.000e+00
     40.192   76.33216  178.57970     40.620    -1.6524    -1.6529  25.160494  25.153266    31.5547    31.5452    356.993    347.600    -0.0145     4.6422     0.1197     0.1197     0.0401     0.0244      34211    23.7569     100.00     2.5284     2.1937         14  0.000e+00
     40.192   76.33216  178.57970     40.620    -1.6526    -1.6531  25.160669  25.154588    31.5551    31.5472    356.993    347.596     0.0160     4.6422     0.1197     0.1197     0.0401     0.0256      34212    23.7576     100.00     2.5284     2.1937         14  0.000e+00
     40.192   76.33216  178.57970     40.620    -1.6526    -1.6528  25.160376  25.155249    31.5547    31.5478    356.994    347.591    -0.0145     4.6422     0.1197     0.1197     0.0401     0.0244      34213    23.7583     100.00     2.5284     2.1937         14  0.000e+00
     40.192   76.33216  178.57970     40.620    -1.6524    -1.6528  25.160435  25.155965    31.5546    31.5488    356.993    347.335    -0.0145     4.6422     0.1197     0.1197     0.0401     0.0244      34214    23.7590     100.00     2.5284     2.1925         14  0.000e+00
     40.134   76.33216  178.57970     40.562    -1.6526    -1.6526  25.160493  25.155579    31.5549    31.5481    356.991    347.586    -0.0145     4.6422     0.1197     0.1197     0.0401     0.0244      34215    23.7597     100.00     2.5284     2.1937         14  0.000e+00
     40.192   76.33216  178.57970     40.620    -1.6526    -1.6526  25.160494  25.156130    31.5548    31.5489    356.994    347.586     0.0160     4.6422     0.1197     0.1197     0.0401     0.0256      34216    23.7604     100.00     2.5284     2.1937         14  0.000e+00
     40.159   76.33216  178.57970     40.587    -1.6524    -1.6526  25.160493  25.156957    31.5547    31.5500    356.991    347.835    -0.0145     4.6422     0.1197     0.1197     0.0401     0.0244      34217    23.7611     100.00     2.5284     2.1949         14  0.000e+00
     40.192   76.33216  178.57970     40.620    -1.6524    -1.6525  25.160494  25.157342    31.5547    31.5504    356.993    347.834    -0.0145     4.6422     0.1197     0.1197     0.0401     0.0244      34218    23.7618     100.00     2.5284     2.1949         14  0.000e+00
     40.192   76.33216  178.57970     40.620    -1.6525    -1.6525  25.160494  25.157397    31.5547    31.5505    356.993    347.834    -0.0145     4.6422     0.1197     0.1197     0.0401     0.0244      34219    23.7625     100.00     2.5284     2.1949         14  0.000e+00
     40.192   76.33216  178.57970     40.620    -1.6522    -1.6526  25.160669  25.157728    31.5547    31.5511    356.991    347.834     0.0160     4.6422     0.1197     0.1197     0.0401     0.0256      34220    23.7632     100.00     2.5284     2.1949         14  0.000e+00
     40.192   76.33216  178.57970     40.620    -1.6526    -1.6525  25.160786  25.158444    31.5553    31.5519    356.779    347.577    -0.0145     4.6422     0.1197     0.1197     0.0401     0.0244      34221    23.7639     100.00     2.5272     2.1937         14  0.000e+00
     40.192   76.33216  178.57970     40.620    -1.6528    -1.6526  25.160552  25.158003    31.5551    31.5514    356.781    347.579    -0.0145     4.6435     0.1197     0.1197     0.0390     0.0244      34222    23.7646     100.00     2.5272     2.1937         14  0.000e+00
     40.192   76.33216  178.57970     40.620    -1.6524    -1.6526  25.160669  25.158224    31.5549    31.5517    356.778    347.325    -0.0145     4.6435     0.1197     0.1197     0.0390     0.0244      34223    23.7653     100.00     2.5272     2.1925         14  0.000e+00
     40.192   76.33216  178.57970     40.620    -1.6522    -1.6527  25.160786  25.158389    31.5549    31.5520    356.776    347.325    -0.0145     4.6422     0.1197     0.1197     0.0401     0.0244      34224    23.7660     100.00     2.5272     2.1925         14  0.000e+00
     40.159   76.33216  178.57970     40.587    -1.6526    -1.6525  25.160376  25.158554    31.5547    31.5521    356.779    347.068     0.0160     4.6435     0.1197     0.1197     0.0390     0.0256      34225    23.7667     100.00     2.5272     2.1913         14  0.000e+00
     40.192   76.33216  178.57970     40.620    -1.6526    -1.6525  25.159908  25.158775    31.5540    31.5524    356.782    347.069    -0.0145     4.6435     0.1197     0.1197     0.0390     0.0244      34226    23.7674     100.00     2.5272     2.1913         14  0.000e+00
     40.192   76.33216  178.57970     40.620    -1.6526    -1.6526  25.159439  25.158664    31.5534    31.5523    356.784    347.070    -0.0145     4.6422     0.1209     0.1209     0.0401     0.0244      34227    23.7681     100.00     2.5272     2.1913         14  0.000e+00
     40.192   76.33216  178.57970     40.620    -1.6526    -1.6523  25.159088  25.158664    31.5529    31.5520    356.785    347.068    -0.0145     4.6422     0.1197     0.1197     0.0401     0.0244      34228    23.7688     100.00     2.5272     2.1913         14  0.000e+00
     40.192   76.33216  178.57970     40.620    -1.6526    -1.6525  25.159381  25.158775    31.5533    31.5524    356.784    347.069    -0.0145     4.6435     0.1197     0.1197     0.0390     0.0244      34229    23.7694     100.00     2.5272     2.1913         14  0.000e+00
     40.134   76.33216  178.57970     40.562    -1.6526    -1.6526  25.160259  25.158664    31.5546    31.5524    356.778    347.067    -0.0145     4.6435     0.1209     0.1209     0.0390     0.0244      34230    23.7701     100.00     2.5272     2.1913         14  0.000e+00
     40.192   76.33216  178.57970     40.620    -1.6526    -1.6525  25.160494  25.158830    31.5549    31.5524    356.780    347.068     0.0466     4.6435     0.1197     0.1197     0.0390     0.0269      34231    23.7708     100.00     2.5272     2.1913         14  0.000e+00
     40.192   76.33216  178.57970     40.620    -1.6526    -1.6525  25.160494  25.158664    31.5548    31.5522    356.780    347.069     0.0160     4.6435     0.1197     0.1197     0.0390     0.0256      34232    23.7715     100.00     2.5272     2.1913         14  0.000e+00
     40.159   76.33216  178.57970     40.587    -1.6526    -1.6526  25.160142  25.158444    31.5544    31.5521    356.779    347.323     0.0466     4.6435     0.1197     0.1197     0.0390     0.0269      34233    23.7722     100.00     2.5272     2.1925         14  0.000e+00
     40.191   76.33216  178.57970     40.619    -1.6526    -1.6525  25.160025  25.152329    31.5542    31.5435    357.210    347.600     0.0466     4.6435     0.1184     0.1184     0.0390     0.0269      34331    23.8403     100.00     2.5297     2.1937         15  0.000e+00
     40.134   76.33216  178.57970     40.561    -1.6526    -1.6526  25.160201  25.152990    31.5545    31.5446    356.992    347.595     0.0466     4.6435     0.1184     0.1184     0.0390     0.0269      34332    23.8410     100.00     2.5284     2.1937         15  0.000e+00
     40.249   76.33216  178.57970     40.677    -1.6526    -1.6525  25.160435  25.153761    31.5547    31.5454    357.425    347.597     0.0466     4.6422     0.1197     0.1197     0.0401     0.0269      34333    23.8417      98.46     2.5309     2.1937         15  0.000e+00
     40.191   76.33216  178.57970     40.619    -1.6526    -1.6525  25.160142  25.154312    31.5544    31.5462    357.209    347.592     0.0466     4.6422     0.1233     0.1233     0.0401     0.0269      34334    23.8424      92.80     2.5297     2.1937         15  0.000e+00
     40.191   76.33216  178.57970     40.619    -1.6526    -1.6525  25.160376  25.155139    31.5547    31.5474    357.208    347.842     0.0466     4.6422     0.1258     0.1258     0.0401     0.0269      34335    23.8431      89.99     2.5297     2.1949         15  0.000e+00
     40.158   76.33216  178.57970     40.586    -1.6524    -1.6526  25.160493  25.155744    31.5547    31.5483    356.991    347.839     0.0160     4.6422     0.1258     0.1258     0.0401     0.0256      34336    23.8438      89.72     2.5284     2.1949         15  0.000e+00
     40.191   76.33216  178.57970     40.619    -1.6526    -1.6525  25.160318  25.155745    31.5546    31.5482    356.994    348.094     0.0466     4.6422     0.1258     0.1258     0.0401     0.0269      34337    23.8444      89.94     2.5284     2.1962         15  0.000e+00
     40.191   76.33216  178.57970     40.619    -1.6526    -1.6528  25.160611  25.154918    31.5551    31.5474    357.208    348.099     0.0466     4.6422     0.1258     0.1258     0.0401     0.0269      34338    23.8451      90.06     2.5297     2.1962         15  0.000e+00
     40.191   76.33216  178.57970     40.619    -1.6524    -1.6526  25.160376  25.154533    31.5545    31.5467    356.993    348.352     0.0466     4.6422     0.1245     0.1245     0.0401     0.0269      34339    23.8458      91.28     2.5284     2.1974         15  0.000e+00
