Continuous CTD Data/01_SBE Stage/nabos_33_01avg.cnv
* Sea-Bird SBE 9 Data File:
* FileName = D:\CTD\data\HLY2502\raw\NABOS_33_01.hex
* Software Version Seasave V 7.26.7.110
* Temperature SN = 6954
* Conductivity SN = 2561
* Number of Bytes Per Scan = 37
* Number of Voltage Words = 4
* Number of Scans Averaged by the Deck Unit = 1
* NMEA Latitude = 79 51.39 N
* NMEA Longitude = 140 04.65 E
* NMEA UTC (Time) = Sep 23 2025  14:40:56
* NMEA baud rate = 9600
** Ship: USCG HEALY
** Bot. Depth:  1970
** Cast Number:  01
** Station Name:  NABOS
** Station Number:  33
** Operator:  STARC
# nquan = 25
# nvalues = 1214                        
# units = specified
# name 0 = depSM: Depth [salt water, m]
# name 1 = latitude: Latitude [deg]
# name 2 = longitude: Longitude [deg]
# name 3 = prDM: Pressure, Digiquartz [db]
# name 4 = t090C: Temperature [ITS-90, deg C]
# name 5 = t190C: Temperature, 2 [ITS-90, deg C]
# name 6 = c0mS/cm: Conductivity [mS/cm]
# name 7 = c1mS/cm: Conductivity, 2 [mS/cm]
# name 8 = sal00: Salinity, Practical [PSU]
# name 9 = sal11: Salinity, Practical, 2 [PSU]
# name 10 = sbox0Mm/Kg: Oxygen, SBE 43 [umol/kg]
# name 11 = sbox1Mm/Kg: Oxygen, SBE 43, 2 [umol/kg]
# name 12 = flECO-AFL: Fluorescence, WET Labs ECO-AFL/FL [mg/m^3]
# name 13 = v2: Voltage 2
# name 14 = wetCDOM: Fluorescence, WET Labs CDOM [mg/m^3]
# name 15 = v6: Voltage 6
# name 16 = CStarAt0: Beam Attenuation, WET Labs C-Star [1/m]
# name 17 = v3: Voltage 3
# name 18 = scan: Scan Count
# name 19 = timeM: Time, Elapsed [minutes]
# name 20 = altM: Altimeter [m]
# name 21 = sbeox0V: Oxygen raw, SBE 43 [V]
# name 22 = sbeox1V: Oxygen raw, SBE 43, 2 [V]
# name 23 = nbin: number of scans per bin
# name 24 = flag: flag
# span 0 =      3.958,   1200.616       
# span 1 =   79.85658,   79.85849       
# span 2 =  140.06293,  140.07485       
# span 3 =      4.000,   1217.000       
# span 4 =    -1.4239,     1.3963       
# span 5 =    -1.4254,     1.3959       
# span 6 =  24.234668,  30.211009       
# span 7 =  24.233773,  30.209231       
# span 8 =    29.6306,    34.8762       
# span 9 =    29.6285,    34.8741       
# span 10 =    293.543,    363.357      
# span 11 =    279.045,    357.532      
# span 12 =    -0.1800,     0.7952      
# span 13 =     4.4579,     4.6296      
# span 14 =     0.0806,     0.1245      
# span 15 =     0.0806,     0.1245      
# span 16 =     0.0510,     0.2023      
# span 17 =     0.0178,     0.0568      
# span 18 =       5620,      39837      
# span 19 =     3.9018,    27.6637      
# span 20 =     100.00,     100.00      
# span 21 =     2.0309,     2.6148      
# span 22 =     1.7650,     2.2853      
# span 23 =          9,         27      
# span 24 = 0.0000e+00, 0.0000e+00      
# interval = decibars: 1                
# start_time = Sep 23 2025 14:40:56 [NMEA time, header]
# bad_flag = -9.990e-29
*END*
[from data line 870]
    862.938   79.85782  140.06568    874.000    -0.0241    -0.0242  29.291129  29.289362    34.8408    34.8387    296.912    290.132    -0.1425     4.6252     0.0843     0.0843     0.0548     0.0193      29981    20.8193     100.00     2.1270     1.8683         15 0.0000e+00
    863.924   79.85782  140.06568    875.000    -0.0270    -0.0273  29.289128  29.287149    34.8409    34.8386    296.991    293.089    -0.1688     4.6248     0.0838     0.0838     0.0551     0.0182      30006    20.8371     100.00     2.1271     1.8818         18 0.0000e+00
    864.909   79.85782  140.06568    876.000    -0.0287    -0.0289  29.288060  29.286262    34.8408    34.8387    297.039    294.214    -0.1542     4.6239     0.0831     0.0831     0.0559     0.0188      30031    20.8542     100.00     2.1270     1.8868         17 0.0000e+00
    865.894   79.85782  140.06566    877.000    -0.0295    -0.0297  29.287972  29.286106    34.8410    34.8388    297.047    293.385    -0.1337     4.6242     0.0834     0.0834     0.0556     0.0196      30055    20.8709     100.00     2.1268     1.8827         16 0.0000e+00
    866.880   79.85782  140.06566    878.000    -0.0338    -0.0341  29.284589  29.282669    34.8409    34.8386    297.087    291.528    -0.1307     4.6242     0.0853     0.0853     0.0556     0.0197      30081    20.8886     100.00     2.1266     1.8737         20 0.0000e+00
    867.865   79.85782  140.06566    879.000    -0.0410    -0.0413  29.278755  29.276916    34.8408    34.8386    297.111    292.153    -0.1320     4.6245     0.0843     0.0843     0.0554     0.0197      30107    20.9067     100.00     2.1262     1.8762         20 0.0000e+00
    868.850   79.85782  140.06564    880.000    -0.0434    -0.0435  29.277133  29.275454    34.8407    34.8386    297.102    299.375    -0.1628     4.6247     0.0845     0.0845     0.0553     0.0185      30132    20.9242     100.00     2.1258     1.9094         22 0.0000e+00
    869.835   79.85782  140.06564    881.000    -0.0439    -0.0440  29.277227  29.275437    34.8409    34.8385    297.037    294.392    -0.1625     4.6245     0.0832     0.0832     0.0554     0.0185      30157    20.9414     100.00     2.1252     1.8861         20 0.0000e+00
    870.821   79.85784  140.06564    882.000    -0.0464    -0.0467  29.275454  29.273426    34.8407    34.8384    297.035    293.416    -0.1359     4.6244     0.0831     0.0831     0.0555     0.0195      30182    20.9588     100.00     2.1249     1.8813         13 0.0000e+00
    871.806   79.85784  140.06564    883.000    -0.0547    -0.0556  29.268401  29.265824    34.8402    34.8379    297.118    287.644    -0.1365     4.6247     0.0841     0.0841     0.0552     0.0195      30208    20.9771     100.00     2.1247     1.8539         17 0.0000e+00
    872.791   79.85784  140.06562    884.000    -0.0712    -0.0715  29.254223  29.252324    34.8396    34.8375    297.196    289.324    -0.1366     4.6240     0.0844     0.0844     0.0558     0.0195      30233    20.9948     100.00     2.1241     1.8609         17 0.0000e+00
    873.776   79.85784  140.06562    885.000    -0.0746    -0.0746  29.251702  29.249929    34.8395    34.8372    297.085    295.374    -0.1328     4.6243     0.0851     0.0851     0.0556     0.0197      30258    21.0116     100.00     2.1231     1.8887         17 0.0000e+00
    874.761   79.85784  140.06561    886.000    -0.0769    -0.0769  29.249920  29.248178    34.8392    34.8369    297.209    293.937    -0.1311     4.6239     0.0849     0.0849     0.0559     0.0197      30283    21.0289     100.00     2.1235     1.8817         22 0.0000e+00
    875.747   79.85784  140.06560    887.000    -0.0781    -0.0780  29.249238  29.247563    34.8390    34.8368    297.241    292.389    -0.1334     4.6249     0.0834     0.0834     0.0551     0.0196      30309    21.0472     100.00     2.1234     1.8743         19 0.0000e+00
    876.732   79.85784  140.06560    888.000    -0.0788    -0.0789  29.249064  29.247237    34.8390    34.8367    297.248    294.007    -0.1320     4.6242     0.0833     0.0833     0.0557     0.0197      30336    21.0658     100.00     2.1232     1.8816         20 0.0000e+00
    877.717   79.85784  140.06559    889.000    -0.0787    -0.0788  29.249525  29.247679    34.8390    34.8367    297.312    293.425    -0.1320     4.6245     0.0850     0.0850     0.0554     0.0197      30361    21.0835     100.00     2.1233     1.8787         20 0.0000e+00
    878.703   79.85784  140.06558    890.000    -0.0786    -0.0788  29.250039  29.248262    34.8390    34.8367    297.308    292.787    -0.1332     4.6248     0.0846     0.0846     0.0552     0.0196      30385    21.1002     100.00     2.1231     1.8756         18 0.0000e+00
    879.687   79.85784  140.06558    891.000    -0.0786    -0.0787  29.250514  29.248666    34.8391    34.8366    297.399    294.771    -0.1332     4.6251     0.0856     0.0856     0.0549     0.0196      30409    21.1166     100.00     2.1233     1.8846         18 0.0000e+00
    880.673   79.85784  140.06557    892.000    -0.0786    -0.0788  29.250862  29.249026    34.8389    34.8367    297.469    291.526    -0.1293     4.6243     0.0856     0.0856     0.0555     0.0198      30434    21.1338     100.00     2.1235     1.8694         17 0.0000e+00
    881.658   79.85784  140.06556    893.000    -0.0785    -0.0787  29.251326  29.249538    34.8388    34.8366    297.453    295.008    -0.1475     4.6240     0.0831     0.0831     0.0558     0.0191      30460    21.1522     100.00     2.1232     1.8854         19 0.0000e+00
    882.643   79.85784  140.06556    894.000    -0.0782    -0.0784  29.252042  29.250191    34.8389    34.8366    297.472    296.281    -0.1712     4.6246     0.0832     0.0832     0.0553     0.0181      30486    21.1700     100.00     2.1231     1.8911         13 0.0000e+00
    883.628   79.85786  140.06556    895.000    -0.0775    -0.0777  29.253360  29.251261    34.8392    34.8367    297.446    292.949    -0.1672     4.6242     0.0844     0.0844     0.0556     0.0183      30511    21.1877     100.00     2.1228     1.8755         16 0.0000e+00
    884.614   79.85786  140.06554    896.000    -0.0789    -0.0791  29.252521  29.250624    34.8390    34.8368    297.257    291.512    -0.1648     4.6244     0.0842     0.0842     0.0555     0.0184      30536    21.2046     100.00     2.1215     1.8686         14 0.0000e+00
    885.599   79.85786  140.06554    897.000    -0.0789    -0.0790  29.252970  29.251207    34.8391    34.8369    297.212    295.797    -0.1655     4.6245     0.0844     0.0844     0.0554     0.0184      30561    21.2219     100.00     2.1210     1.8883         19 0.0000e+00
    886.584   79.85786  140.06554    898.000    -0.0787    -0.0788  29.253604  29.251883    34.8392    34.8370    297.226    293.477    -0.1339     4.6244     0.0836     0.0836     0.0555     0.0196      30586    21.2396     100.00     2.1209     1.8774         16 0.0000e+00
    887.569   79.85786  140.06552    899.000    -0.0766    -0.0766  29.256043  29.254386    34.8394    34.8373    297.164    295.585    -0.1676     4.6231     0.0839     0.0839     0.0566     0.0183      30612    21.2574     100.00     2.1205     1.8870         14 0.0000e+00
    888.554   79.85786  140.06552    900.000    -0.0750    -0.0750  29.258329  29.256522    34.8400    34.8377    297.200    295.209    -0.1499     4.6248     0.0849     0.0849     0.0551     0.0190      30637    21.2751     100.00     2.1205     1.8852         14 0.0000e+00
    889.540   79.85786  140.06552    901.000    -0.0752    -0.0752  29.258572  29.256815    34.8400    34.8377    297.216    293.773    -0.1349     4.6250     0.0846     0.0846     0.0549     0.0196      30663    21.2928     100.00     2.1204     1.8784         16 0.0000e+00
    890.525   79.85786  140.06550    902.000    -0.0757    -0.0758  29.258750  29.256904    34.8402    34.8379    297.170    294.246    -0.1326     4.6242     0.0831     0.0831     0.0557     0.0197      30688    21.3102     100.00     2.1199     1.8803         15 0.0000e+00
    891.510   79.85786  140.06549    903.000    -0.0757    -0.0757  29.259127  29.257385    34.8401    34.8379    297.281    295.716    -0.1306     4.6250     0.0833     0.0833     0.0550     0.0198      30713    21.3277     100.00     2.1203     1.8870         15 0.0000e+00
    892.495   79.85786  140.06548    904.000    -0.0759    -0.0761  29.259420  29.257695    34.8402    34.8381    297.354    294.307    -0.1266     4.6243     0.0842     0.0842     0.0556     0.0199      30739    21.3459     100.00     2.1204     1.8803         15 0.0000e+00
    893.480   79.85786  140.06548    905.000    -0.0761    -0.0762  29.259786  29.258057    34.8403    34.8381    297.350    295.798    -0.1317     4.6248     0.0832     0.0832     0.0551     0.0197      30765    21.3637     100.00     2.1202     1.8870         12 0.0000e+00
    894.465   79.85786  140.06548    906.000    -0.0763    -0.0765  29.259987  29.258098    34.8403    34.8380    297.492    295.627    -0.1310     4.6251     0.0869     0.0869     0.0549     0.0197      30789    21.3802     100.00     2.1207     1.8860         11 0.0000e+00
    895.450   79.85787  140.06547    907.000    -0.0765    -0.0766  29.260368  29.258476    34.8404    34.8380    297.511    293.450    -0.1342     4.6252     0.0846     0.0846     0.0548     0.0196      30812    21.3967     100.00     2.1206     1.8757         13 0.0000e+00
    896.435   79.85788  140.06546    908.000    -0.0769    -0.0769  29.260419  29.258670    34.8403    34.8381    297.400    293.835    -0.1386     4.6252     0.0845     0.0845     0.0548     0.0194      30837    21.4138     100.00     2.1198     1.8773         14 0.0000e+00
    897.420   79.85788  140.06545    909.000    -0.0774    -0.0773  29.260519  29.258730    34.8404    34.8380    297.270    293.545    -0.1696     4.6252     0.0836     0.0836     0.0548     0.0182      30864    21.4328     100.00     2.1188     1.8758         13 0.0000e+00
    898.406   79.85788  140.06544    910.000    -0.0785    -0.0786  29.259946  29.258169    34.8404    34.8381    297.114    295.026    -0.1460     4.6252     0.0852     0.0852     0.0548     0.0191      30891    21.4517     100.00     2.1177     1.8824         13 0.0000e+00
    899.391   79.85788  140.06544    911.000    -0.0800    -0.0800  29.259226  29.257491    34.8405    34.8382    297.092    294.961    -0.1630     4.6246     0.0849     0.0849     0.0553     0.0185      30916    21.4688     100.00     2.1173     1.8819         14 0.0000e+00
    900.376   79.85788  140.06543    912.000    -0.0833    -0.0837  29.256615  29.254531    34.8402    34.8380    297.114    297.171    -0.1739     4.6237     0.0843     0.0843     0.0561     0.0180      30939    21.4847     100.00     2.1171     1.8917         14 0.0000e+00
    901.361   79.85788  140.06542    913.000    -0.0875    -0.0877  29.253471  29.251446    34.8402    34.8378    297.217    293.784    -0.1413     4.6248     0.0833     0.0833     0.0552     0.0193      30963    21.5013     100.00     2.1172     1.8758         16 0.0000e+00
    902.346   79.85788  140.06541    914.000    -0.0893    -0.0892  29.252218  29.250589    34.8400    34.8378    297.232    293.017    -0.1673     4.6252     0.0824     0.0824     0.0548     0.0183      30989    21.5195     100.00     2.1170     1.8720         15 0.0000e+00
    903.331   79.85788  140.06540    915.000    -0.0909    -0.0909  29.251320  29.249599    34.8401    34.8379    297.249    292.664    -0.1342     4.6252     0.0831     0.0831     0.0548     0.0196      31017    21.5390     100.00     2.1168     1.8701         17 0.0000e+00
    904.316   79.85788  140.06540    916.000    -0.0998    -0.1006  29.243611  29.240983    34.8394    34.8368    297.363    292.761    -0.1326     4.6252     0.0830     0.0830     0.0548     0.0197      31043    21.5572     100.00     2.1168     1.8700         15 0.0000e+00
    905.301   79.85788  140.06538    917.000    -0.1102    -0.1104  29.234689  29.233045    34.8388    34.8368    297.449    296.842    -0.1283     4.6250     0.0834     0.0834     0.0550     0.0199      31068    21.5742     100.00     2.1165     1.8882         15 0.0000e+00
    906.287   79.85788  140.06538    918.000    -0.1149    -0.1137  29.230880  29.230365    34.8385    34.8364    297.533    293.281    -0.1489     4.6244     0.0855     0.0855     0.0555     0.0190      31091    21.5901     100.00     2.1165     1.8715         15 0.0000e+00
    907.272   79.85790  140.06538    919.000    -0.1170    -0.1174  29.229344  29.227312    34.8383    34.8360    297.480    294.150    -0.1721     4.6251     0.0843     0.0843     0.0549     0.0181      31114    21.6063     100.00     2.1159     1.8752         16 0.0000e+00
    908.257   79.85790  140.06536    920.000    -0.1152    -0.1168  29.231457  29.228344    34.8384    34.8361    297.543    292.420    -0.1775     4.6252     0.0843     0.0843     0.0548     0.0179      31140    21.6246     100.00     2.1161     1.8670         15 0.0000e+00
    909.242   79.85790  140.06536    921.000    -0.1283    -0.1276  29.220233  29.219055    34.8378    34.8354    297.758    295.839    -0.1425     4.6253     0.0833     0.0833     0.0547     0.0193      31169    21.6445     100.00     2.1164     1.8822         19 0.0000e+00
    910.227   79.85790  140.06534    922.000    -0.1344    -0.1319  29.215249  29.215501    34.8375    34.8351    297.736    293.894    -0.1749     4.6251     0.0841     0.0841     0.0549     0.0180      31195    21.6622     100.00     2.1158     1.8728         18 0.0000e+00
    911.212   79.85790  140.06534    923.000    -0.1376    -0.1391  29.212387  29.209418    34.8368    34.8346    297.720    292.730    -0.1345     4.6251     0.0843     0.0843     0.0549     0.0196      31218    21.6785     100.00     2.1154     1.8670         19 0.0000e+00
    912.197   79.85790  140.06532    924.000    -0.1425    -0.1430  29.208365  29.206352    34.8365    34.8343    297.740    294.632    -0.1346     4.6250     0.0838     0.0838     0.0549     0.0196      31240    21.6940     100.00     2.1150     1.8755         15 0.0000e+00
    913.182   79.85790  140.06532    925.000    -0.1453    -0.1457  29.206269  29.204190    34.8363    34.8340    297.780    294.826    -0.1643     4.6250     0.0831     0.0831     0.0550     0.0184      31265    21.7109     100.00     2.1149     1.8760         22 0.0000e+00
    914.167   79.85790  140.06531    926.000    -0.1495    -0.1496  29.202839  29.201076    34.8359    34.8337    297.728    295.115    -0.1329     4.6263     0.0841     0.0841     0.0539     0.0197      31292    21.7296     100.00     2.1142     1.8770         19 0.0000e+00
    915.152   79.85790  140.06530    927.000    -0.1536    -0.1538  29.199673  29.197790    34.8358    34.8335    297.693    295.456    -0.1308     4.6269     0.0850     0.0850     0.0533     0.0197      31320    21.7493     100.00     2.1136     1.8783         21 0.0000e+00
    916.137   79.85790  140.06529    928.000    -0.1573    -0.1572  29.197008  29.195232    34.8358    34.8335    297.745    295.099    -0.1312     4.6268     0.0839     0.0839     0.0534     0.0197      31346    21.7673     100.00     2.1135     1.8763         17 0.0000e+00
    917.122   79.85791  140.06528    929.000    -0.1585    -0.1585  29.196313  29.194593    34.8357    34.8335    297.856    294.852    -0.1691     4.6264     0.0832     0.0832     0.0538     0.0182      31370    21.7837     100.00     2.1138     1.8749         18 0.0000e+00
    918.107   79.85792  140.06528    930.000    -0.1574    -0.1576  29.197880  29.195976    34.8359    34.8337    297.867    295.022    -0.1724     4.6266     0.0831     0.0831     0.0536     0.0181      31392    21.7993     100.00     2.1137     1.8756         17 0.0000e+00
