Continuous CTD Data/01_SBE Stage/nabos_22_01.ros
* Sea-Bird SBE 9 Data File:
* FileName = D:\CTD\data\HLY2502\raw\NABOS_22_01.hex
* Software Version Seasave V 7.26.7.110
* Temperature SN = 6954
* Conductivity SN = 2561
* Number of Bytes Per Scan = 37
* Number of Voltage Words = 4
* Number of Scans Averaged by the Deck Unit = 1
* NMEA Latitude = 79 21.70 N
* NMEA Longitude = 171 33.88 E
* NMEA UTC (Time) = Sep 19 2025  12:09:27
* NMEA baud rate = 9600
** Ship: USCG HEALY
** Bot. Depth:  1200
** Cast Number:  01
** Station Name:  NABOS
** Station Number:  22
** Operator:  STARC
# nquan = 25
# nvalues = 1127                                  
# units = specified
# name 0 = depSM: Depth [salt water, m]
# name 1 = latitude: Latitude [deg]
# name 2 = longitude: Longitude [deg]
# name 3 = prDM: Pressure, Digiquartz [db]
# name 4 = t090C: Temperature [ITS-90, deg C]
# name 5 = t190C: Temperature, 2 [ITS-90, deg C]
# name 6 = c0mS/cm: Conductivity [mS/cm]
# name 7 = c1mS/cm: Conductivity, 2 [mS/cm]
# name 8 = sal00: Salinity, Practical [PSU]
# name 9 = sal11: Salinity, Practical, 2 [PSU]
# name 10 = sbox0Mm/Kg: Oxygen, SBE 43 [umol/kg]
# name 11 = sbox1Mm/Kg: Oxygen, SBE 43, 2 [umol/kg]
# name 12 = flECO-AFL: Fluorescence, WET Labs ECO-AFL/FL [mg/m^3]
# name 13 = v2: Voltage 2
# name 14 = wetCDOM: Fluorescence, WET Labs CDOM [mg/m^3]
# name 15 = v6: Voltage 6
# name 16 = CStarAt0: Beam Attenuation, WET Labs C-Star [1/m]
# name 17 = v3: Voltage 3
# name 18 = scan: Scan Count
# name 19 = timeM: Time, Elapsed [minutes]
# name 20 = altM: Altimeter [m]
# name 21 = sbeox0V: Oxygen raw, SBE 43 [V]
# name 22 = sbeox1V: Oxygen raw, SBE 43, 2 [V]
# name 23 = nbf: Bottles Fired
# name 24 = flag:  0.000e+00
# interval = seconds: 0.0416667
# start_time = Sep 19 2025 12:09:27 [NMEA time, header]
# bad_flag = -9.990e-29
*END*
[from data line 696]
     55.135   79.37270  171.54248     55.731    -1.5033    -1.5038  26.486633  26.481343    33.2111    33.2043    331.213    327.140    -0.0755     4.6190     0.1074     0.1074     0.0601     0.0220     115667    80.3236     100.00     2.4112     2.1200         15  0.000e+00
     55.070   79.37270  171.54248     55.665    -1.5030    -1.5039  26.486752  26.480670    33.2110    33.2036    331.208    327.140    -0.1061     4.6203     0.1074     0.1074     0.0591     0.0208     115668    80.3243     100.00     2.4112     2.1200         15  0.000e+00
     55.094   79.37270  171.54248     55.690    -1.5033    -1.5041  26.486752  26.480502    33.2113    33.2035    331.422    326.894    -0.0755     4.6203     0.1074     0.1074     0.0591     0.0220     115669    80.3250     100.00     2.4124     2.1188         15  0.000e+00
     55.070   79.37270  171.54248     55.665    -1.5033    -1.5040  26.486752  26.480501    33.2113    33.2035    331.210    327.391    -0.0755     4.6203     0.1074     0.1074     0.0591     0.0220     115670    80.3257     100.00     2.4112     2.1212         15  0.000e+00
     55.152   79.37270  171.54248     55.748    -1.5032    -1.5040  26.486573  26.480333    33.2109    33.2031    331.213    328.393    -0.0755     4.6190     0.1074     0.1074     0.0601     0.0220     115671    80.3264     100.00     2.4112     2.1261         15  0.000e+00
     55.070   79.37270  171.54248     55.665    -1.5032    -1.5040  26.486871  26.480445    33.2113    33.2034    331.209    328.889    -0.1061     4.6203     0.1074     0.1074     0.0591     0.0208     115672    80.3271     100.00     2.4112     2.1286         15  0.000e+00
     55.094   79.37270  171.54248     55.690    -1.5032    -1.5043  26.486811  26.480109    33.2112    33.2032    331.210    329.142    -0.0755     4.6203     0.1074     0.1074     0.0591     0.0220     115673    80.3278     100.00     2.4112     2.1298         15  0.000e+00
     55.135   79.37270  171.54248     55.731    -1.5032    -1.5040  26.486931  26.480165    33.2114    33.2030    331.211    328.643    -0.1061     4.6190     0.1074     0.1074     0.0601     0.0208     115674    80.3285     100.00     2.4112     2.1274         15  0.000e+00
     55.070   79.37270  171.54248     55.665    -1.5030    -1.5041  26.486453  26.480445    33.2106    33.2034    331.209    328.140    -0.0755     4.6203     0.1074     0.1074     0.0591     0.0220     115675    80.3292     100.00     2.4112     2.1249         15  0.000e+00
     55.094   79.37270  171.54248     55.690    -1.5029    -1.5037  26.486632  26.480333    33.2106    33.2029    331.208    327.640    -0.0755     4.6203     0.1074     0.1074     0.0591     0.0220     115676    80.3299     100.00     2.4112     2.1225         15  0.000e+00
     55.070   79.37270  171.54248     55.665    -1.5030    -1.5042  26.486573  26.480445    33.2107    33.2036    331.208    327.143    -0.1061     4.6203     0.1050     0.1050     0.0591     0.0208     115677    80.3306     100.00     2.4112     2.1200         15  0.000e+00
     55.094   79.37270  171.54248     55.690    -1.5030    -1.5043  26.486334  26.480333    33.2104    33.2035    331.210    327.394    -0.0755     4.6190     0.1038     0.1038     0.0601     0.0220     115678    80.3312     100.00     2.4112     2.1212         15  0.000e+00
     55.135   79.37270  171.54248     55.731    -1.5030    -1.5040  26.486454  26.480614    33.2105    33.2036    331.212    327.893    -0.0755     4.6190     0.1038     0.1038     0.0601     0.0220     115679    80.3319     100.00     2.4112     2.1237         15  0.000e+00
     55.070   79.37270  171.54248     55.665    -1.5029    -1.5041  26.486334  26.480782    33.2102    33.2039    331.208    327.890    -0.1061     4.6190     0.1038     0.1038     0.0601     0.0208     115680    80.3326     100.00     2.4112     2.1237         15  0.000e+00
     55.094   79.37270  171.54248     55.690    -1.5029    -1.5040  26.486215  26.480782    33.2100    33.2038    331.210    326.892    -0.0755     4.6203     0.1038     0.1038     0.0591     0.0220     115681    80.3333     100.00     2.4112     2.1188         15  0.000e+00
     55.070   79.37270  171.54248     55.665    -1.5028    -1.5041  26.486215  26.481119    33.2099    33.2044    331.208    326.142    -0.0755     4.6203     0.1038     0.1038     0.0591     0.0220     115682    80.3340     100.00     2.4112     2.1151         15  0.000e+00
     55.094   79.37270  171.54248     55.690    -1.5030    -1.5037  26.485857  26.481624    33.2097    33.2047    331.212    325.140    -0.1061     4.6203     0.1038     0.1038     0.0591     0.0208     115683    80.3347     100.00     2.4112     2.1103         15  0.000e+00
     55.135   79.37270  171.54248     55.731    -1.5028    -1.5038  26.484425  26.481961    33.2074    33.2052    331.217    324.143    -0.1061     4.6203     0.1038     0.1038     0.0591     0.0208     115684    80.3354     100.00     2.4112     2.1054         15  0.000e+00
     55.094   79.37270  171.54248     55.690    -1.5033    -1.5039  26.482575  26.481848    33.2055    33.2052    331.437    322.895    -0.0755     4.6203     0.1038     0.1038     0.0591     0.0220     115685    80.3361     100.00     2.4124     2.0993         15  0.000e+00
     55.135   79.37270  171.54248     55.731    -1.5036    -1.5038  26.481203  26.481400    33.2040    33.2044    331.446    322.398    -0.0755     4.6203     0.1038     0.1038     0.0591     0.0220     115686    80.3368     100.00     2.4124     2.0968         15  0.000e+00
     55.070   79.37270  171.54248     55.665    -1.5038    -1.5037  26.480487  26.481063    33.2032    33.2039    331.236    322.646    -0.0755     4.6203     0.1038     0.1038     0.0591     0.0220     115687    80.3375     100.00     2.4112     2.0980         15  0.000e+00
     55.094   79.37270  171.54248     55.690    -1.5041    -1.5038  26.480189  26.481007    33.2031    33.2039    331.240    323.146    -0.0755     4.6203     0.1038     0.1038     0.0591     0.0220     115688    80.3382     100.00     2.4112     2.1005         15  0.000e+00
     55.070   79.37270  171.54248     55.665    -1.5041    -1.5039  26.480308  26.481175    33.2033    33.2043    331.238    323.395    -0.1061     4.6203     0.1038     0.1038     0.0591     0.0208     115689    80.3389     100.00     2.4112     2.1017         15  0.000e+00
     55.094   79.37270  171.54248     55.690    -1.5041    -1.5040  26.480368  26.481287    33.2033    33.2045    331.239    323.396    -0.0755     4.6203     0.1038     0.1038     0.0591     0.0220     115690    80.3396     100.00     2.4112     2.1017         15  0.000e+00
     55.070   79.37270  171.54248     55.665    -1.5038    -1.5037  26.481322  26.481455    33.2044    33.2044    331.233    323.642    -0.0755     4.6203     0.1038     0.1038     0.0591     0.0220     115691    80.3403     100.00     2.4112     2.1029         15  0.000e+00
     55.094   79.37270  171.54248     55.690    -1.5036    -1.5038  26.483172  26.481287    33.2067    33.2043    331.437    323.894    -0.0755     4.6203     0.1038     0.1038     0.0591     0.0220     115692    80.3410     100.00     2.4124     2.1041         15  0.000e+00
     55.135   79.37270  171.54248     55.731    -1.5038    -1.5034  26.484425  26.482017    33.2086    33.2048    331.225    324.140    -0.1061     4.6203     0.1038     0.1038     0.0591     0.0208     115693    80.3417     100.00     2.4112     2.1054         15  0.000e+00
     55.070   79.37270  171.54248     55.665    -1.5033    -1.5035  26.484902  26.482634    33.2087    33.2058    331.427    324.136    -0.0755     4.6203     0.1038     0.1038     0.0591     0.0220     115694    80.3424     100.00     2.4124     2.1054         15  0.000e+00
     55.152   79.37270  171.54248     55.748    -1.5033    -1.5032  26.485559  26.482802    33.2096    33.2057    331.428    324.137    -0.0755     4.6203     0.1038     0.1038     0.0591     0.0220     115695    80.3431     100.00     2.4124     2.1054         15  0.000e+00
     55.070   79.37270  171.54248     55.665    -1.5032    -1.5033  26.485737  26.482802    33.2098    33.2058    331.212    325.132    -0.1061     4.6203     0.1038     0.1038     0.0591     0.0208     115696    80.3438     100.00     2.4112     2.1103         15  0.000e+00
     55.094   79.37270  171.54248     55.690    -1.5032    -1.5031  26.485916  26.482185    33.2100    33.2048    331.213    325.882    -0.0755     4.6203     0.1038     0.1038     0.0591     0.0220     115697    80.3444     100.00     2.4112     2.1139         15  0.000e+00
     55.135   79.37270  171.54248     55.731    -1.5032    -1.5032  26.485976  26.482017    33.2101    33.2046    331.215    325.885    -0.1061     4.6203     0.1038     0.1038     0.0591     0.0208     115698    80.3451     100.00     2.4112     2.1139         15  0.000e+00
     55.029   79.37270  171.54248     55.624    -1.5029    -1.5032  26.485439  26.482073    33.2090    33.2048    331.420    326.130    -0.0755     4.6203     0.1038     0.1038     0.0591     0.0220     115699    80.3458     100.00     2.4124     2.1151         15  0.000e+00
     55.070   79.37270  171.54248     55.665    -1.5032    -1.5033  26.484425  26.481848    33.2080    33.2045    331.428    326.383    -0.0755     4.6190     0.1038     0.1038     0.0601     0.0220     115700    80.3465     100.00     2.4124     2.1164         15  0.000e+00
     55.135   79.37270  171.54248     55.731    -1.5029    -1.5034  26.483291  26.481007    33.2060    33.2034    331.433    325.890    -0.0755     4.6190     0.1038     0.1038     0.0601     0.0220     115701    80.3472     100.00     2.4124     2.1139         15  0.000e+00
     55.094   79.37270  171.54248     55.690    -1.5032    -1.5041  26.482873  26.479604    33.2058    33.2023    331.435    324.900    -0.0755     4.6190     0.1038     0.1038     0.0601     0.0220     115702    80.3479     100.00     2.4124     2.1090         15  0.000e+00
     55.135   79.37270  171.54248     55.731    -1.5030    -1.5043  26.482337  26.478257    33.2048    33.2007    331.226    323.661    -0.1061     4.6190     0.1038     0.1038     0.0601     0.0208     115703    80.3486     100.00     2.4112     2.1029         15  0.000e+00
     55.094   79.37270  171.54248     55.690    -1.5036    -1.5044  26.480785  26.478537    33.2034    33.2011    331.445    323.159    -0.1061     4.6190     0.1050     0.1050     0.0601     0.0208     115704    80.3493     100.00     2.4124     2.1005         15  0.000e+00
     55.070   79.37270  171.54248     55.665    -1.5038    -1.5043  26.480010  26.478930    33.2026    33.2016    331.448    323.406    -0.0755     4.6190     0.1062     0.1062     0.0601     0.0220     115705    80.3500     100.00     2.4124     2.1017         15  0.000e+00
     40.013   79.37292  171.54220     40.444    -1.6905    -1.6900  25.617811  25.615546    32.2267    32.2230    354.411    345.002     0.1076     4.6105     0.1172     0.1172     0.0675     0.0293     117941    81.9028     100.00     2.5222     2.1883         16  0.000e+00
     40.013   79.37292  171.54220     40.444    -1.6904    -1.6902  25.618047  25.615990    32.2269    32.2238    354.409    343.992     0.1076     4.6093     0.1172     0.1172     0.0686     0.0293     117942    81.9035     100.00     2.5222     2.1834         16  0.000e+00
     39.956   79.37292  171.54220     40.386    -1.6905    -1.6903  25.618164  25.615823    32.2273    32.2238    354.194    342.981     0.0771     4.6105     0.1172     0.1172     0.0675     0.0281     117943    81.9042     100.00     2.5210     2.1785         16  0.000e+00
     40.013   79.37292  171.54220     40.444    -1.6904    -1.6903  25.617988  25.616045    32.2268    32.2241    354.196    342.731     0.0160     4.6093     0.1172     0.1172     0.0686     0.0256     117944    81.9049     100.00     2.5210     2.1773         16  0.000e+00
     40.079   79.37292  171.54220     40.511    -1.6904    -1.6905  25.617929  25.615824    32.2267    32.2239    354.200    342.988     0.0466     4.6105     0.1172     0.1172     0.0675     0.0269     117945    81.9056     100.00     2.5209     2.1785         16  0.000e+00
     39.956   79.37292  171.54220     40.386    -1.6905    -1.6902  25.617929  25.615879    32.2269    32.2237    354.195    343.232     0.0160     4.6105     0.1148     0.1148     0.0675     0.0256     117946    81.9063     100.00     2.5209     2.1797         16  0.000e+00
     40.013   79.37292  171.54220     40.444    -1.6904    -1.6902  25.617575  25.615934    32.2262    32.2238    354.198    343.235     0.0466     4.6105     0.1160     0.1160     0.0675     0.0269     117947    81.9069     100.00     2.5209     2.1797         16  0.000e+00
     39.989   79.37292  171.54220     40.420    -1.6905    -1.6902  25.617280  25.615990    32.2260    32.2239    354.199    341.972     0.0160     4.6105     0.1148     0.1148     0.0675     0.0256     117948    81.9076     100.00     2.5209     2.1736         16  0.000e+00
     40.013   79.37292  171.54220     40.444    -1.6905    -1.6903  25.617398  25.615768    32.2262    32.2237    354.200    339.955     0.0466     4.6093     0.1160     0.1160     0.0686     0.0269     117949    81.9083     100.00     2.5209     2.1638         16  0.000e+00
     40.013   79.37292  171.54220     40.444    -1.6905    -1.6902  25.617221  25.615879    32.2259    32.2237    354.200    338.188     0.0466     4.6105     0.1160     0.1160     0.0675     0.0269     117950    81.9090     100.00     2.5209     2.1553         16  0.000e+00
     40.013   79.37292  171.54220     40.444    -1.6905    -1.6903  25.617162  25.615768    32.2258    32.2237    354.201    337.684     0.0160     4.6093     0.1148     0.1148     0.0686     0.0256     117951    81.9097     100.00     2.5209     2.1529         16  0.000e+00
     40.013   79.37292  171.54220     40.444    -1.6904    -1.6903  25.616809  25.616045    32.2252    32.2241    353.987    337.683     0.0466     4.6105     0.1160     0.1160     0.0675     0.0269     117952    81.9104     100.00     2.5197     2.1529         16  0.000e+00
     40.013   79.37292  171.54220     40.444    -1.6905    -1.6902  25.616868  25.615824    32.2254    32.2236    353.988    338.188     0.0160     4.6093     0.1160     0.1160     0.0686     0.0256     117953    81.9111     100.00     2.5197     2.1553         16  0.000e+00
     40.013   79.37292  171.54220     40.444    -1.6904    -1.6903  25.616927  25.616045    32.2253    32.2241    353.987    338.692     0.0160     4.6093     0.1160     0.1160     0.0686     0.0256     117954    81.9118     100.00     2.5197     2.1577         16  0.000e+00
     40.013   79.37292  171.54220     40.444    -1.6904    -1.6905  25.616986  25.616212    32.2254    32.2245    354.200    339.450     0.0466     4.6093     0.1160     0.1160     0.0686     0.0269     117955    81.9125     100.00     2.5209     2.1614         16  0.000e+00
     39.989   79.37292  171.54220     40.420    -1.6904    -1.6903  25.616750  25.616212    32.2252    32.2243    354.200    340.457     0.0466     4.6105     0.1160     0.1160     0.0675     0.0269     117956    81.9132     100.00     2.5209     2.1663         16  0.000e+00
     40.013   79.37292  171.54220     40.444    -1.6904    -1.6903  25.617221  25.615657    32.2257    32.2235    354.199    341.722     0.0160     4.6093     0.1160     0.1160     0.0686     0.0256     117957    81.9139     100.00     2.5209     2.1724         16  0.000e+00
     40.013   79.37292  171.54220     40.444    -1.6904    -1.6902  25.617457  25.615824    32.2261    32.2236    354.198    343.992     0.0160     4.6105     0.1160     0.1160     0.0675     0.0256     117958    81.9146     100.00     2.5209     2.1834         16  0.000e+00
