Continuous CTD Data/01_SBE Stage/nabos_30_01.ros
* Sea-Bird SBE 9 Data File:
* FileName = D:\CTD\data\HLY2502\raw\NABOS_30_01.hex
* Software Version Seasave V 7.26.7.110
* Temperature SN = 6954
* Conductivity SN = 2561
* Number of Bytes Per Scan = 37
* Number of Voltage Words = 4
* Number of Scans Averaged by the Deck Unit = 1
* NMEA Latitude = 80 25.03 N
* NMEA Longitude = 147 31.64 E
* NMEA UTC (Time) = Sep 22 2025  11:40:31
* NMEA baud rate = 9600
** Ship: USCG HEALY
** Bot. Depth:  1812
** Cast Number:  01
** Station Name:  NABOS
** Station Number:  30
** Operator:  STARC
# nquan = 25
# nvalues = 1176                                  
# units = specified
# name 0 = depSM: Depth [salt water, m]
# name 1 = latitude: Latitude [deg]
# name 2 = longitude: Longitude [deg]
# name 3 = prDM: Pressure, Digiquartz [db]
# name 4 = t090C: Temperature [ITS-90, deg C]
# name 5 = t190C: Temperature, 2 [ITS-90, deg C]
# name 6 = c0mS/cm: Conductivity [mS/cm]
# name 7 = c1mS/cm: Conductivity, 2 [mS/cm]
# name 8 = sal00: Salinity, Practical [PSU]
# name 9 = sal11: Salinity, Practical, 2 [PSU]
# name 10 = sbox0Mm/Kg: Oxygen, SBE 43 [umol/kg]
# name 11 = sbox1Mm/Kg: Oxygen, SBE 43, 2 [umol/kg]
# name 12 = flECO-AFL: Fluorescence, WET Labs ECO-AFL/FL [mg/m^3]
# name 13 = v2: Voltage 2
# name 14 = wetCDOM: Fluorescence, WET Labs CDOM [mg/m^3]
# name 15 = v6: Voltage 6
# name 16 = CStarAt0: Beam Attenuation, WET Labs C-Star [1/m]
# name 17 = v3: Voltage 3
# name 18 = scan: Scan Count
# name 19 = timeM: Time, Elapsed [minutes]
# name 20 = altM: Altimeter [m]
# name 21 = sbeox0V: Oxygen raw, SBE 43 [V]
# name 22 = sbeox1V: Oxygen raw, SBE 43, 2 [V]
# name 23 = nbf: Bottles Fired
# name 24 = flag:  0.000e+00
# interval = seconds: 0.0416667
# start_time = Sep 22 2025 11:40:31 [NMEA time, header]
# bad_flag = -9.990e-29
*END*
[from data line 406]
    175.414   80.41990  147.45464    177.368     0.3260     0.3261  29.114016  29.112061    34.6245    34.6217    301.523    292.307    -0.1671     4.6276     0.0842     0.0842     0.0527     0.0183     126242    87.6674     100.00     2.3275     2.0219          9  0.000e+00
    175.364   80.41990  147.45464    177.318     0.3260     0.3262  29.113707  29.111945    34.6240    34.6215    301.522    292.543    -0.1976     4.6276     0.0842     0.0842     0.0527     0.0171     126243    87.6681     100.00     2.3275     2.0232          9  0.000e+00
    175.414   80.41990  147.45464    177.368     0.3265     0.3267  29.113954  29.112352    34.6238    34.6214    301.520    292.778    -0.1671     4.6276     0.0842     0.0842     0.0527     0.0183     126244    87.6688     100.00     2.3275     2.0244          9  0.000e+00
    175.290   80.41990  147.45464    177.243     0.3263     0.3266  29.114139  29.112293    34.6243    34.6216    301.515    292.299    -0.1671     4.6276     0.0842     0.0842     0.0527     0.0183     126245    87.6694     100.00     2.3275     2.0219          9  0.000e+00
    175.414   80.41990  147.45464    177.368     0.3266     0.3264  29.113830  29.112410    34.6235    34.6219    301.720    292.067    -0.1671     4.6276     0.0842     0.0842     0.0527     0.0183     126246    87.6701     100.00     2.3287     2.0207          9  0.000e+00
    175.414   80.41990  147.45464    177.368     0.3263     0.3267  29.113830  29.112294    34.6239    34.6214    301.521    292.303    -0.1671     4.6264     0.0842     0.0842     0.0538     0.0183     126247    87.6708     100.00     2.3275     2.0219          9  0.000e+00
    175.364   80.41990  147.45464    177.318     0.3263     0.3263  29.114077  29.112236    34.6242    34.6218    301.519    292.779    -0.1671     4.6264     0.0830     0.0830     0.0538     0.0183     126248    87.6715     100.00     2.3275     2.0244          9  0.000e+00
    175.356   80.41990  147.45464    177.310     0.3261     0.3266  29.114077  29.112236    34.6244    34.6215    301.519    293.253    -0.1671     4.6264     0.0842     0.0842     0.0538     0.0183     126249    87.6722     100.00     2.3275     2.0268          9  0.000e+00
    175.356   80.41990  147.45464    177.310     0.3265     0.3264  29.114139  29.112410    34.6241    34.6219    301.517    293.491    -0.1366     4.6264     0.0830     0.0830     0.0538     0.0195     126250    87.6729     100.00     2.3275     2.0281          9  0.000e+00
    175.479   80.41990  147.45462    177.435     0.3263     0.3264  29.113645  29.112526    34.6236    34.6220    301.525    293.733    -0.1366     4.6264     0.0842     0.0842     0.0538     0.0195     126251    87.6736     100.00     2.3275     2.0293          9  0.000e+00
    175.356   80.41990  147.45462    177.310     0.3263     0.3266  29.113768  29.112119    34.6238    34.6214    301.519    293.728    -0.1366     4.6264     0.0842     0.0842     0.0538     0.0195     126252    87.6743     100.00     2.3275     2.0293          9  0.000e+00
    175.364   80.41990  147.45462    177.318     0.3264     0.3266  29.113892  29.111945    34.6239    34.6211    301.519    293.729    -0.1366     4.6264     0.0842     0.0842     0.0538     0.0195     126253    87.6750     100.00     2.3275     2.0293          9  0.000e+00
    175.414   80.41990  147.45462    177.368     0.3260     0.3264  29.113769  29.112352    34.6241    34.6218    301.523    293.731    -0.1366     4.6264     0.0830     0.0830     0.0538     0.0195     126254    87.6757     100.00     2.3275     2.0293          9  0.000e+00
    175.356   80.41990  147.45462    177.310     0.3261     0.3267  29.114077  29.112526    34.6244    34.6217    301.720    293.726    -0.1366     4.6276     0.0830     0.0830     0.0527     0.0195     126255    87.6764     100.00     2.3287     2.0293          9  0.000e+00
    175.414   80.41990  147.45462    177.368     0.3265     0.3264  29.114077  29.112294    34.6240    34.6218    301.519    293.731    -0.1366     4.6264     0.0830     0.0830     0.0538     0.0195     126256    87.6771     100.00     2.3275     2.0293          9  0.000e+00
    175.356   80.41990  147.45462    177.310     0.3263     0.3267  29.113892  29.112410    34.6240    34.6216    301.318    293.726    -0.1366     4.6264     0.0842     0.0842     0.0538     0.0195     126257    87.6778     100.00     2.3263     2.0293          9  0.000e+00
    175.422   80.41990  147.45462    177.376     0.3261     0.3264  29.114016  29.112120    34.6243    34.6215    301.522    293.494    -0.1366     4.6264     0.0830     0.0830     0.0538     0.0195     126258    87.6785     100.00     2.3275     2.0281          9  0.000e+00
    175.356   80.41990  147.45462    177.310     0.3260     0.3264  29.113892  29.111945    34.6243    34.6213    301.320    293.254    -0.1366     4.6264     0.0830     0.0830     0.0538     0.0195     126259    87.6792     100.00     2.3263     2.0268          9  0.000e+00
    175.414   80.41990  147.45462    177.368     0.3265     0.3264  29.114077  29.112120    34.6240    34.6215    301.519    293.256    -0.1366     4.6264     0.0830     0.0830     0.0538     0.0195     126260    87.6799     100.00     2.3275     2.0268          9  0.000e+00
    175.356   80.41990  147.45462    177.310     0.3263     0.3264  29.114077  29.112410    34.6242    34.6219    301.518    292.539    -0.1061     4.6264     0.0830     0.0830     0.0538     0.0208     126261    87.6806     100.00     2.3275     2.0232          9  0.000e+00
    175.414   80.41990  147.45462    177.368     0.3261     0.3266  29.114139  29.112294    34.6245    34.6216    301.521    291.828    -0.1366     4.6264     0.0830     0.0830     0.0538     0.0195     126262    87.6813     100.00     2.3275     2.0195          9  0.000e+00
    175.364   80.41990  147.45462    177.318     0.3263     0.3264  29.113645  29.111829    34.6236    34.6211    301.519    291.591    -0.1366     4.6264     0.0842     0.0842     0.0538     0.0195     126263    87.6819     100.00     2.3275     2.0183          9  0.000e+00
    175.414   80.41990  147.45462    177.368     0.3264     0.3264  29.113583  29.112061    34.6235    34.6215    301.320    291.355    -0.1366     4.6264     0.0842     0.0842     0.0538     0.0195     126264    87.6826     100.00     2.3263     2.0170          9  0.000e+00
    175.356   80.41990  147.45462    177.310     0.3261     0.3266  29.113954  29.112236    34.6242    34.6215    301.519    291.826    -0.1366     4.6264     0.0830     0.0830     0.0538     0.0195     126265    87.6833     100.00     2.3275     2.0195          9  0.000e+00
    175.414   80.41990  147.45462    177.368     0.3261     0.3262  29.114139  29.112003    34.6245    34.6216    301.521    292.544    -0.1061     4.6264     0.0842     0.0842     0.0538     0.0208     126266    87.6840     100.00     2.3275     2.0232          9  0.000e+00
    175.356   80.41990  147.45462    177.310     0.3261     0.3263  29.113954  29.112119    34.6242    34.6217    301.519    293.254    -0.1366     4.6276     0.0842     0.0842     0.0527     0.0195     126267    87.6847     100.00     2.3275     2.0268          9  0.000e+00
    175.364   80.41990  147.45462    177.318     0.3261     0.3264  29.113583  29.112061    34.6238    34.6215    301.320    293.492    -0.1366     4.6276     0.0842     0.0842     0.0527     0.0195     126268    87.6854     100.00     2.3263     2.0281          9  0.000e+00
    175.414   80.41990  147.45462    177.368     0.3257     0.3266  29.113336  29.112178    34.6239    34.6213    301.325    293.492    -0.1366     4.6276     0.0830     0.0830     0.0527     0.0195     126269    87.6861     100.00     2.3263     2.0281          9  0.000e+00
    175.414   80.41990  147.45462    177.368     0.3258     0.3264  29.113460  29.112236    34.6239    34.6217    301.324    292.780    -0.1366     4.6264     0.0830     0.0830     0.0538     0.0195     126270    87.6868     100.00     2.3263     2.0244          9  0.000e+00
    175.356   80.41990  147.45462    177.310     0.3257     0.3266  29.113336  29.112236    34.6239    34.6215    301.323    292.301    -0.1366     4.6276     0.0842     0.0842     0.0527     0.0195     126271    87.6875     100.00     2.3263     2.0219          9  0.000e+00
    175.356   80.41990  147.45462    177.310     0.3254     0.3266  29.113460  29.112410    34.6245    34.6218    301.525    292.301    -0.1366     4.6264     0.0830     0.0830     0.0538     0.0195     126272    87.6882     100.00     2.3275     2.0219          9  0.000e+00
    175.422   80.41990  147.45462    177.376     0.3252     0.3263  29.112966  29.112294    34.6239    34.6219    301.329    292.068    -0.1366     4.6276     0.0830     0.0830     0.0527     0.0195     126273    87.6889     100.00     2.3263     2.0207          9  0.000e+00
    175.414   80.41990  147.45462    177.368     0.3252     0.3264  29.112842  29.112003    34.6238    34.6214    301.530    292.068    -0.1366     4.6276     0.0842     0.0842     0.0527     0.0195     126274    87.6896     100.00     2.3275     2.0207          9  0.000e+00
    175.356   80.41990  147.45462    177.310     0.3249     0.3266  29.112718  29.112119    34.6240    34.6213    301.530    292.063    -0.1061     4.6276     0.0842     0.0842     0.0527     0.0208     126275    87.6903     100.00     2.3275     2.0207          9  0.000e+00
    175.414   80.41990  147.45462    177.368     0.3252     0.3264  29.112780  29.112410    34.6237    34.6219    301.530    292.304    -0.1366     4.6276     0.0842     0.0842     0.0527     0.0195     126276    87.6910     100.00     2.3275     2.0219          9  0.000e+00
    150.077   80.42004  147.45322    151.739    -0.0611    -0.0717  28.692383  28.680056    34.5191    34.5147    304.273    297.748    -0.1061     4.6239     0.0855     0.0855     0.0559     0.0208     129175    89.7042     100.00     2.3282     2.0362         10  0.000e+00
    150.060   80.42004  147.45322    151.723    -0.0608    -0.0718  28.692628  28.679941    34.5191    34.5146    304.269    297.748    -0.1061     4.6239     0.0855     0.0855     0.0559     0.0208     129176    89.7049     100.00     2.3282     2.0362         10  0.000e+00
    150.003   80.42004  147.45322    151.664    -0.0606    -0.0719  28.692567  28.679941    34.5187    34.5147    304.265    297.266    -0.1366     4.6252     0.0855     0.0855     0.0548     0.0195     129177    89.7056     100.00     2.3282     2.0337         10  0.000e+00
    150.003   80.42004  147.45322    151.664    -0.0608    -0.0720  28.692505  28.679941    34.5190    34.5149    304.267    297.027    -0.1061     4.6252     0.0855     0.0855     0.0548     0.0208     129178    89.7062     100.00     2.3282     2.0325         10  0.000e+00
    150.134   80.42004  147.45320    151.797    -0.0613    -0.0721  28.692137  28.679941    34.5189    34.5149    304.277    296.793    -0.1366     4.6239     0.0855     0.0855     0.0559     0.0195     129179    89.7069     100.00     2.3282     2.0313         10  0.000e+00
    150.003   80.42004  147.45320    151.664    -0.0618    -0.0725  28.691154  28.679941    34.5182    34.5154    304.277    296.790    -0.1366     4.6239     0.0855     0.0855     0.0559     0.0195     129180    89.7076     100.00     2.3282     2.0313         10  0.000e+00
    150.060   80.42004  147.45320    151.723    -0.0627    -0.0723  28.690048  28.679768    34.5178    34.5149    304.289    296.792    -0.1366     4.6252     0.0855     0.0855     0.0548     0.0195     129181    89.7083     100.00     2.3282     2.0313         10  0.000e+00
    150.011   80.42004  147.45320    151.673    -0.0645    -0.0722  28.687344  28.679710    34.5162    34.5148    304.307    296.789    -0.1366     4.6239     0.0855     0.0855     0.0559     0.0195     129182    89.7090     100.00     2.3282     2.0313         10  0.000e+00
    150.060   80.42004  147.45320    151.723    -0.0679    -0.0720  28.683536  28.679536    34.5151    34.5143    304.342    296.551    -0.1366     4.6239     0.0855     0.0855     0.0559     0.0195     129183    89.7097     100.00     2.3282     2.0300         10  0.000e+00
    150.060   80.42004  147.45320    151.723    -0.0715    -0.0721  28.680464  28.679652    34.5150    34.5146    304.171    296.551    -0.1366     4.6239     0.0855     0.0855     0.0559     0.0195     129184    89.7104     100.00     2.3270     2.0300         10  0.000e+00
    150.011   80.42004  147.45320    151.673    -0.0742    -0.0720  28.678806  28.679710    34.5159    34.5146    304.191    296.548    -0.1366     4.6239     0.0855     0.0855     0.0559     0.0195     129185    89.7111     100.00     2.3270     2.0300         10  0.000e+00
    150.060   80.42004  147.45320    151.723    -0.0760    -0.0720  28.677823  28.679710    34.5166    34.5145    304.410    296.550    -0.1671     4.6239     0.0867     0.0867     0.0559     0.0183     129186    89.7118     100.00     2.3282     2.0300         10  0.000e+00
    150.060   80.42004  147.45320    151.723    -0.0766    -0.0722  28.678253  28.679305    34.5178    34.5142    304.413    296.553    -0.1671     4.6252     0.0855     0.0855     0.0548     0.0183     129187    89.7125     100.00     2.3282     2.0300         10  0.000e+00
    150.011   80.42004  147.45320    151.673    -0.0751    -0.0720  28.679850  28.679710    34.5182    34.5146    304.396    296.788    -0.1671     4.6239     0.0855     0.0855     0.0559     0.0183     129188    89.7132     100.00     2.3282     2.0313         10  0.000e+00
    150.060   80.42004  147.45320    151.723    -0.0732    -0.0720  28.681509  28.680576    34.5183    34.5157    304.178    296.308    -0.1671     4.6239     0.0867     0.0867     0.0559     0.0183     129189    89.7139     100.00     2.3270     2.0288         10  0.000e+00
    150.003   80.42004  147.45320    151.664    -0.0715    -0.0719  28.683167  28.680807    34.5186    34.5159    304.363    295.584    -0.1671     4.6239     0.0867     0.0867     0.0559     0.0183     129190    89.7146     100.00     2.3282     2.0251         10  0.000e+00
    150.060   80.42004  147.45320    151.723    -0.0701    -0.0721  28.684580  28.681212    34.5189    34.5167    304.352    295.587    -0.1671     4.6239     0.0855     0.0855     0.0559     0.0183     129191    89.7153     100.00     2.3282     2.0251         10  0.000e+00
    150.077   80.42004  147.45320    151.739    -0.0690    -0.0711  28.686362  28.681732    34.5200    34.5162    304.340    295.820    -0.1366     4.6252     0.0855     0.0855     0.0548     0.0195     129192    89.7160     100.00     2.3282     2.0264         10  0.000e+00
    150.060   80.42004  147.45320    151.723    -0.0681    -0.0701  28.687222  28.681674    34.5201    34.5150    304.331    296.053    -0.1671     4.6239     0.0855     0.0855     0.0559     0.0183     129193    89.7167     100.00     2.3282     2.0276         10  0.000e+00
    150.060   80.42004  147.45320    151.723    -0.0669    -0.0698  28.688574  28.681790    34.5205    34.5148    304.116    296.531    -0.1671     4.6239     0.0867     0.0867     0.0559     0.0183     129194    89.7174     100.00     2.3270     2.0300         10  0.000e+00
    150.011   80.42004  147.45320    151.673    -0.0654    -0.0699  28.689986  28.681501    34.5207    34.5146    304.303    296.770    -0.1671     4.6239     0.0855     0.0855     0.0559     0.0183     129195    89.7181     100.00     2.3282     2.0313         10  0.000e+00
    150.060   80.42004  147.45320    151.723    -0.0636    -0.0703  28.690908  28.681096    34.5200    34.5145    304.292    296.775    -0.1671     4.6239     0.0855     0.0855     0.0559     0.0183     129196    89.7188     100.00     2.3282     2.0313         10  0.000e+00
