Continuous CTD Data/01_SBE Stage/nabos_02_01.ros
* Sea-Bird SBE 9 Data File:
* FileName = D:\CTD\data\HLY2502\raw\NABOS_02_01.hex
* Software Version Seasave V 7.26.7.110
* Temperature SN = 6954
* Conductivity SN = 2561
* Number of Bytes Per Scan = 37
* Number of Voltage Words = 4
* Number of Scans Averaged by the Deck Unit = 1
* NMEA Latitude = 74 06.85 N
* NMEA Longitude = 168 41.05 E
* NMEA UTC (Time) = Sep 13 2025  10:56:16
* NMEA baud rate = 9600
** Ship: USCG HEALY
** Bot. Depth:  48
** Cast Number:  01
** Station Name:  NABOS
** Station Number:  02
** Operator:  STARC
# nquan = 25
# nvalues = 1176                                  
# units = specified
# name 0 = depSM: Depth [salt water, m]
# name 1 = latitude: Latitude [deg]
# name 2 = longitude: Longitude [deg]
# name 3 = prDM: Pressure, Digiquartz [db]
# name 4 = t090C: Temperature [ITS-90, deg C]
# name 5 = t190C: Temperature, 2 [ITS-90, deg C]
# name 6 = c0mS/cm: Conductivity [mS/cm]
# name 7 = c1mS/cm: Conductivity, 2 [mS/cm]
# name 8 = sal00: Salinity, Practical [PSU]
# name 9 = sal11: Salinity, Practical, 2 [PSU]
# name 10 = sbox0Mm/Kg: Oxygen, SBE 43 [umol/kg]
# name 11 = sbox1Mm/Kg: Oxygen, SBE 43, 2 [umol/kg]
# name 12 = flECO-AFL: Fluorescence, WET Labs ECO-AFL/FL [mg/m^3]
# name 13 = v2: Voltage 2
# name 14 = wetCDOM: Fluorescence, WET Labs CDOM [mg/m^3]
# name 15 = v6: Voltage 6
# name 16 = CStarAt0: Beam Attenuation, WET Labs C-Star [1/m]
# name 17 = v3: Voltage 3
# name 18 = scan: Scan Count
# name 19 = timeM: Time, Elapsed [minutes]
# name 20 = altM: Altimeter [m]
# name 21 = sbeox0V: Oxygen raw, SBE 43 [V]
# name 22 = sbeox1V: Oxygen raw, SBE 43, 2 [V]
# name 23 = nbf: Bottles Fired
# name 24 = flag:  0.000e+00
# interval = seconds: 0.0416667
# start_time = Sep 13 2025 10:56:16 [NMEA time, header]
# bad_flag = -9.990e-29
*END*
[from data line 174]
     41.897   74.11414  168.68882     42.339    -1.3881    -1.3879  25.550201  25.548795    31.8071    31.8049    104.813     66.989     0.2602     2.5079     0.1429     0.1429     2.5057     0.0354      11151     7.7431       5.79     1.0962     0.8447          4  0.000e+00
     41.864   74.11414  168.68882     42.306    -1.3881    -1.3881  25.550554  25.548795    31.8076    31.8051    104.812     68.745     0.2908     2.5079     0.1429     0.1429     2.5057     0.0366      11152     7.7438       5.79     1.0962     0.8533          4  0.000e+00
     41.897   74.11414  168.68882     42.339    -1.3881    -1.3879  25.550319  25.549349    31.8073    31.8057    105.025     69.247     0.2908     2.5092     0.1429     0.1429     2.5038     0.0366      11153     7.7444       5.76     1.0974     0.8557          4  0.000e+00
     41.897   74.11414  168.68882     42.339    -1.3881    -1.3881  25.550378  25.549017    31.8074    31.8054    104.812     68.745     0.2602     2.5092     0.1429     0.1429     2.5038     0.0354      11154     7.7451       5.81     1.0962     0.8533          4  0.000e+00
     41.897   74.11414  168.68882     42.339    -1.3883    -1.3879  25.550437  25.548961    31.8076    31.8052    105.025     68.494     0.2908     2.5079     0.1429     0.1429     2.5057     0.0366      11155     7.7458       5.81     1.0974     0.8521          4  0.000e+00
     41.897   74.11414  168.68882     42.339    -1.3883    -1.3879  25.550260  25.548684    31.8074    31.8048    104.813     66.236     0.2908     2.5079     0.1429     0.1429     2.5057     0.0366      11156     7.7465       5.76     1.0962     0.8411          4  0.000e+00
     41.897   74.11414  168.68882     42.339    -1.3883    -1.3879  25.550378  25.548352    31.8076    31.8044    104.813     63.727     0.3213     2.5079     0.1429     0.1429     2.5057     0.0379      11157     7.7472       5.71     1.0962     0.8288          4  0.000e+00
     41.930   74.11414  168.68882     42.373    -1.3883    -1.3882  25.550260  25.548906    31.8074    31.8054    104.813     62.974     0.2908     2.5079     0.1429     0.1429     2.5057     0.0366      11158     7.7479       5.74     1.0962     0.8252          4  0.000e+00
     41.897   74.11414  168.68882     42.339    -1.3881    -1.3879  25.549965  25.548850    31.8068    31.8050    104.813     62.973     0.3213     2.5092     0.1429     0.1429     2.5038     0.0379      11159     7.7486       5.79     1.0962     0.8252          4  0.000e+00
     41.897   74.11414  168.68882     42.339    -1.3881    -1.3879  25.550083  25.548795    31.8070    31.8049    104.813     62.723     0.3213     2.5092     0.1429     0.1429     2.5038     0.0379      11160     7.7493       5.76     1.0962     0.8240          4  0.000e+00
     41.897   74.11414  168.68882     42.339    -1.3883    -1.3877  25.549965  25.548961    31.8070    31.8050    104.813     62.722     0.3213     2.5092     0.1429     0.1429     2.5038     0.0379      11161     7.7500       5.74     1.0962     0.8240          4  0.000e+00
     41.897   74.11414  168.68882     42.339    -1.3885    -1.3879  25.550260  25.549072    31.8076    31.8054    105.025     62.973     0.3213     2.5092     0.1429     0.1429     2.5038     0.0379      11162     7.7507       5.76     1.0974     0.8252          4  0.000e+00
     41.897   74.11414  168.68882     42.339    -1.3881    -1.3879  25.550260  25.548629    31.8072    31.8047    104.813     63.726     0.2908     2.5092     0.1429     0.1429     2.5038     0.0366      11163     7.7514       5.81     1.0962     0.8288          4  0.000e+00
     41.930   74.11414  168.68882     42.373    -1.3881    -1.3879  25.550201  25.548574    31.8071    31.8046    105.025     64.731     0.3213     2.5079     0.1429     0.1429     2.5057     0.0379      11164     7.7521       5.81     1.0974     0.8337          4  0.000e+00
     41.897   74.11414  168.68882     42.339    -1.3883    -1.3881  25.549789  25.548518    31.8068    31.8047    104.813     65.233     0.2908     2.5079     0.1429     0.1429     2.5057     0.0366      11165     7.7528       5.84     1.0962     0.8362          4  0.000e+00
     41.897   74.11414  168.68882     42.339    -1.3884    -1.3879  25.549494  25.548573    31.8065    31.8046    104.814     65.483     0.2908     2.5079     0.1429     0.1429     2.5057     0.0366      11166     7.7535       5.84     1.0962     0.8374          4  0.000e+00
     41.897   74.11414  168.68882     42.339    -1.3884    -1.3878  25.549259  25.548352    31.8061    31.8042    104.814     65.985     0.2908     2.5079     0.1429     0.1429     2.5057     0.0366      11167     7.7542       5.86     1.0962     0.8398          4  0.000e+00
     41.897   74.11414  168.68882     42.339    -1.3884    -1.3881  25.548611  25.548684    31.8053    31.8050    105.027     65.985     0.3213     2.5079     0.1429     0.1429     2.5057     0.0379      11168     7.7549       5.84     1.0974     0.8398          4  0.000e+00
     41.897   74.11414  168.68882     42.339    -1.3883    -1.3877  25.548434  25.548961    31.8049    31.8050    104.815     65.734     0.2908     2.5079     0.1429     0.1429     2.5057     0.0366      11169     7.7556       5.81     1.0962     0.8386          4  0.000e+00
     41.930   74.11414  168.68882     42.373    -1.3884    -1.3881  25.548434  25.549238    31.8050    31.8057    104.816     65.483     0.3213     2.5079     0.1429     0.1429     2.5057     0.0379      11170     7.7562       5.81     1.0962     0.8374          4  0.000e+00
     41.897   74.11414  168.68882     42.339    -1.3884    -1.3877  25.548434  25.549294    31.8050    31.8054    105.027     66.486     0.3213     2.5079     0.1429     0.1429     2.5057     0.0379      11171     7.7569       5.81     1.0974     0.8423          4  0.000e+00
     41.897   74.11414  168.68882     42.339    -1.3884    -1.3879  25.548611  25.549294    31.8053    31.8057    104.815     67.239     0.2908     2.5079     0.1429     0.1429     2.5057     0.0366      11172     7.7576       5.81     1.0962     0.8459          4  0.000e+00
     41.963   74.11414  168.68888     42.406    -1.3888    -1.3882  25.547668  25.546302    31.8043    31.8018    104.818     60.969     0.2908     2.4762     0.1404     0.1404     2.5568     0.0366      11287     7.8375       5.86     1.0962     0.8154          5  0.000e+00
     41.963   74.11414  168.68888     42.406    -1.3886    -1.3881  25.547668  25.546302    31.8041    31.8017    104.606     49.926     0.2908     2.4750     0.1404     0.1404     2.5587     0.0366      11288     7.8382       5.89     1.0949     0.7617          5  0.000e+00
     41.963   74.11414  168.68888     42.406    -1.3885    -1.3881  25.547668  25.546469    31.8040    31.8019    104.818     53.440     0.2908     2.4774     0.1404     0.1404     2.5548     0.0366      11289     7.8389       5.91     1.0962     0.7788          5  0.000e+00
     41.897   74.11414  168.68890     42.339    -1.3886    -1.3882  25.547668  25.546358    31.8041    31.8019    104.817     50.428     0.2908     2.4860     0.1404     0.1404     2.5410     0.0366      11290     7.8396       5.91     1.0962     0.7641          5  0.000e+00
     41.963   74.11414  168.68890     42.406    -1.3886    -1.3881  25.548022  25.545527    31.8046    31.8006    104.817     47.166     0.3518     2.4896     0.1404     0.1404     2.5351     0.0391      11291     7.8403       5.91     1.0962     0.7482          5  0.000e+00
     41.963   74.11414  168.68890     42.406    -1.3883    -1.3882  25.547786  25.543865    31.8040    31.7985    104.817     33.364     0.3823     2.4896     0.1404     0.1404     2.5351     0.0403      11292     7.8410       5.91     1.0962     0.6811          5  0.000e+00
     41.930   74.11414  168.68890     42.372    -1.3888    -1.3881  25.547668  25.545748    31.8043    31.8009    104.818     25.834     0.3823     2.4896     0.1404     0.1404     2.5351     0.0403      11293     7.8417       5.91     1.0962     0.6444          5  0.000e+00
     41.963   74.11414  168.68890     42.406    -1.3884    -1.3881  25.547668  25.546136    31.8039    31.8014    104.605     26.085     0.3518     2.4896     0.1404     0.1404     2.5351     0.0391      11294     7.8424       5.91     1.0949     0.6456          5  0.000e+00
     41.963   74.11414  168.68890     42.406    -1.3886    -1.3881  25.547492  25.546469    31.8039    31.8019    104.818     26.838     0.3823     2.4896     0.1404     0.1404     2.5351     0.0403      11295     7.8431       5.91     1.0962     0.6493          5  0.000e+00
     41.897   74.11414  168.68890     42.339    -1.3885    -1.3881  25.547609  25.546745    31.8039    31.8023    104.817     26.085     0.3823     2.4896     0.1404     0.1404     2.5351     0.0403      11296     7.8438       5.91     1.0962     0.6456          5  0.000e+00
     41.963   74.11414  168.68890     42.406    -1.3886    -1.3881  25.547668  25.546635    31.8041    31.8021    104.818     20.815     0.3823     2.4896     0.1416     0.1416     2.5351     0.0403      11297     7.8444       5.89     1.0962     0.6200          5  0.000e+00
     41.963   74.11414  168.68890     42.406    -1.3886    -1.3881  25.547668  25.546524    31.8041    31.8020    104.606     12.784     0.3823     2.4896     0.1416     0.1416     2.5351     0.0403      11298     7.8451       5.93     1.0949     0.5809          5  0.000e+00
     41.864   74.11414  168.68890     42.306    -1.3884    -1.3881  25.547668  25.546745    31.8040    31.8023    104.816      6.259     0.3823     2.4896     0.1416     0.1416     2.5351     0.0403      11299     7.8458       5.93     1.0962     0.5492          5  0.000e+00
     41.963   74.11414  168.68890     42.406    -1.3886    -1.3881  25.547668  25.546967    31.8041    31.8026    104.818      5.255     0.3823     2.4884     0.1416     0.1416     2.5371     0.0403      11300     7.8465       5.93     1.0962     0.5443          5  0.000e+00
     41.963   74.11414  168.68890     42.406    -1.3886    -1.3879  25.547492  25.546856    31.8039    31.8022    104.818      5.506     0.3518     2.4884     0.1416     0.1416     2.5371     0.0391      11301     7.8472       5.98     1.0962     0.5455          5  0.000e+00
     41.897   74.11414  168.68890     42.339    -1.3881    -1.3884  25.547433  25.546801    31.8034    31.8027    104.816      4.503     0.3518     2.4896     0.1416     0.1416     2.5351     0.0391      11302     7.8479       5.93     1.0962     0.5406          5  0.000e+00
     41.963   74.11414  168.68890     42.406    -1.3886    -1.3881  25.547433  25.546469    31.8038    31.8019    104.818      4.252     0.3823     2.4896     0.1416     0.1416     2.5351     0.0403      11303     7.8486       5.93     1.0962     0.5394          5  0.000e+00
     41.897   74.11414  168.68890     42.339    -1.3884    -1.3879  25.547433  25.546302    31.8036    31.8015    104.817      4.252     0.3823     2.4896     0.1416     0.1416     2.5351     0.0403      11304     7.8493       5.93     1.0962     0.5394          5  0.000e+00
     41.930   74.11414  168.68890     42.372    -1.3883    -1.3882  25.547433  25.546136    31.8035    31.8016    104.817      4.503     0.3518     2.4896     0.1416     0.1416     2.5351     0.0391      11305     7.8500       5.93     1.0962     0.5406          5  0.000e+00
     41.897   74.11414  168.68890     42.339    -1.3886    -1.3882  25.547609  25.545637    31.8041    31.8009    104.817      5.255     0.3823     2.4896     0.1416     0.1416     2.5351     0.0403      11306     7.8507       5.93     1.0962     0.5443          5  0.000e+00
     41.963   74.11414  168.68890     42.406    -1.3884    -1.3882  25.547668  25.545970    31.8039    31.8013    104.817      5.757     0.3823     2.4896     0.1416     0.1416     2.5351     0.0403      11307     7.8514       5.93     1.0962     0.5467          5  0.000e+00
     41.897   74.11414  168.68890     42.339    -1.3884    -1.3882  25.547845  25.545859    31.8042    31.8013    104.816      6.259     0.3518     2.4884     0.1416     0.1416     2.5371     0.0391      11308     7.8521       5.91     1.0962     0.5492          5  0.000e+00
     41.963   74.11414  168.68890     42.406    -1.3885    -1.3882  25.548140  25.545638    31.8046    31.8009    104.817      8.518     0.3518     2.4896     0.1416     0.1416     2.5351     0.0391      11309     7.8528       5.91     1.0962     0.5602          5  0.000e+00
     41.897   74.11414  168.68890     42.339    -1.3884    -1.3881  25.548022  25.545527    31.8045    31.8006    104.816      9.271     0.3518     2.4969     0.1416     0.1416     2.5233     0.0391      11310     7.8535       5.91     1.0962     0.5638          5  0.000e+00
     41.930   74.11414  168.68890     42.372    -1.3886    -1.3882  25.547609  25.545527    31.8040    31.8008    104.817      8.267     0.3823     2.5018     0.1416     0.1416     2.5155     0.0403      11311     7.8542       5.93     1.0962     0.5589          5  0.000e+00
     41.897   74.11414  168.68890     42.339    -1.3886    -1.3882  25.547609  25.545582    31.8041    31.8009    104.605      8.016     0.3518     2.5018     0.1416     0.1416     2.5155     0.0391      11312     7.8549       5.91     1.0949     0.5577          5  0.000e+00
     41.963   74.11414  168.68890     42.406    -1.3884    -1.3879  25.547668  25.545748    31.8039    31.8008    104.605      8.769     0.3823     2.5018     0.1416     0.1416     2.5155     0.0403      11313     7.8556       5.91     1.0949     0.5614          5  0.000e+00
     41.897   74.11414  168.68892     42.339    -1.3886    -1.3881  25.547845  25.545637    31.8044    31.8008    104.817      9.020     0.3213     2.5018     0.1416     0.1416     2.5155     0.0379      11314     7.8563       5.91     1.0962     0.5626          5  0.000e+00
     41.963   74.11414  168.68892     42.406    -1.3886    -1.3884  25.547963  25.546136    31.8045    31.8018    104.605     10.024     0.2908     2.5018     0.1416     0.1416     2.5155     0.0366      11315     7.8569       5.91     1.0949     0.5675          5  0.000e+00
     41.897   74.11414  168.68892     42.339    -1.3883    -1.3879  25.548139  25.545970    31.8045    31.8011    104.816     10.776     0.3213     2.5018     0.1416     0.1416     2.5155     0.0379      11316     7.8576       5.91     1.0962     0.5711          5  0.000e+00
     41.930   74.11414  168.68892     42.372    -1.3886    -1.3882  25.548022  25.545804    31.8046    31.8011    104.817     12.031     0.2908     2.5006     0.1416     0.1416     2.5175     0.0366      11317     7.8583       5.91     1.0962     0.5773          5  0.000e+00
     41.963   74.11414  168.68892     42.406    -1.3886    -1.3881  25.548316  25.546025    31.8050    31.8013    104.817     12.282     0.3213     2.5018     0.1416     0.1416     2.5155     0.0379      11318     7.8590       5.91     1.0962     0.5785          5  0.000e+00
     41.897   74.11414  168.68892     42.339    -1.3884    -1.3881  25.548081  25.546635    31.8045    31.8022    104.816     11.027     0.3213     2.5018     0.1416     0.1416     2.5155     0.0379      11319     7.8597       5.93     1.0962     0.5724          5  0.000e+00
     41.897   74.11414  168.68892     42.339    -1.3886    -1.3882  25.548139  25.546801    31.8048    31.8025    105.028     10.526     0.3213     2.5018     0.1416     0.1416     2.5155     0.0379      11320     7.8604       5.93     1.0974     0.5699          5  0.000e+00
     41.963   74.11414  168.68892     42.406    -1.3886    -1.3881  25.548199  25.546967    31.8048    31.8026    104.817     11.780     0.3213     2.5018     0.1416     0.1416     2.5155     0.0379      11321     7.8611       5.93     1.0962     0.5760          5  0.000e+00
