Continuous CTD Data/01_SBE Stage/nabos_06_01avg.cnv
* Sea-Bird SBE 9 Data File:
* FileName = D:\CTD\data\HLY2502\raw\NABOS_06_01.hex
* Software Version Seasave V 7.26.7.110
* Temperature SN = 6954
* Conductivity SN = 2561
* Number of Bytes Per Scan = 37
* Number of Voltage Words = 4
* Number of Scans Averaged by the Deck Unit = 1
* NMEA Latitude = 75 26.04 N
* NMEA Longitude = 173 41.44 E
* NMEA UTC (Time) = Sep 12 2025  12:20:28
* NMEA baud rate = 9600
** Ship: USCG HEALY
** Bot. Depth:  204
** Cast Number:  01
** Station Name:  NABOS
** Station Number:  06
** Operator:  STARC
# nquan = 25
# nvalues = 198                         
# units = specified
# name 0 = depSM: Depth [salt water, m]
# name 1 = latitude: Latitude [deg]
# name 2 = longitude: Longitude [deg]
# name 3 = prDM: Pressure, Digiquartz [db]
# name 4 = t090C: Temperature [ITS-90, deg C]
# name 5 = t190C: Temperature, 2 [ITS-90, deg C]
# name 6 = c0mS/cm: Conductivity [mS/cm]
# name 7 = c1mS/cm: Conductivity, 2 [mS/cm]
# name 8 = sal00: Salinity, Practical [PSU]
# name 9 = sal11: Salinity, Practical, 2 [PSU]
# name 10 = sbox0Mm/Kg: Oxygen, SBE 43 [umol/kg]
# name 11 = sbox1Mm/Kg: Oxygen, SBE 43, 2 [umol/kg]
# name 12 = flECO-AFL: Fluorescence, WET Labs ECO-AFL/FL [mg/m^3]
# name 13 = v2: Voltage 2
# name 14 = wetCDOM: Fluorescence, WET Labs CDOM [mg/m^3]
# name 15 = v6: Voltage 6
# name 16 = CStarAt0: Beam Attenuation, WET Labs C-Star [1/m]
# name 17 = v3: Voltage 3
# name 18 = scan: Scan Count
# name 19 = timeM: Time, Elapsed [minutes]
# name 20 = altM: Altimeter [m]
# name 21 = sbeox0V: Oxygen raw, SBE 43 [V]
# name 22 = sbeox1V: Oxygen raw, SBE 43, 2 [V]
# name 23 = nbin: number of scans per bin
# name 24 = flag: flag
# span 0 =      4.948,    199.800       
# span 1 =   75.43333,   75.43365       
# span 2 =  173.69214,  173.69346       
# span 3 =      5.000,    202.000       
# span 4 =    -1.6601,     0.2546       
# span 5 =    -1.6598,     0.2548       
# span 6 =  22.398348,  29.071775       
# span 7 =  22.395293,  29.069963       
# span 8 =    27.4919,    34.6347       
# span 9 =    27.4895,    34.6324       
# span 10 =    267.156,    380.645      
# span 11 =    252.273,    372.453      
# span 12 =    -0.1653,     0.4584      
# span 13 =     4.3997,     4.6641      
# span 14 =     0.0921,     0.1213      
# span 15 =     0.0921,     0.1213      
# span 16 =     0.0213,     0.2549      
# span 17 =     0.0184,     0.0433      
# span 18 =       7676,      20708      
# span 19 =     5.3299,    14.3799      
# span 20 =       1.53,     100.00      
# span 21 =     2.0872,     2.6509      
# span 22 =     1.7442,     2.3027      
# span 23 =          9,         27      
# span 24 = 0.0000e+00, 0.0000e+00      
# interval = decibars: 1                
# start_time = Sep 12 2025 12:20:28 [NMEA time, header]
# bad_flag = -9.990e-29
*END*
[from data line 174]
    177.060   75.43348  173.69340    179.000    -0.1806    -0.1804  28.626132  28.624442    34.5494    34.5469    284.401    279.770    -0.1354     4.6603     0.0984     0.0984     0.0245     0.0196      17443    12.1122      12.51     2.1966     1.9353         23 0.0000e+00
    178.049   75.43348  173.69339    180.000    -0.1371    -0.1390  28.670307  28.666753    34.5584    34.5558    283.687    278.862    -0.1318     4.6595     0.0972     0.0972     0.0252     0.0197      17497    12.1497      26.63     2.1943     1.9323         19 0.0000e+00
    179.038   75.43347  173.69338    181.000    -0.0793    -0.0778  28.727082  28.726324    34.5679    34.5652    283.229    272.877    -0.1315     4.6591     0.0971     0.0971     0.0256     0.0197      17546    12.1840      27.52     2.1944     1.9044         18 0.0000e+00
    180.026   75.43346  173.69337    182.000    -0.0514    -0.0504  28.755585  28.754729    34.5737    34.5714    282.044    277.621    -0.1308     4.6582     0.0978     0.0978     0.0264     0.0197      17600    12.2219      22.21     2.1885     1.9294         21 0.0000e+00
    181.015   75.43346  173.69336    183.000    -0.0336    -0.0339  28.774120  28.772214    34.5776    34.5754    280.490    275.995    -0.1438     4.6528     0.0983     0.0983     0.0310     0.0192      17681    12.2778      16.01     2.1799     1.9217         20 0.0000e+00
    182.004   75.43346  173.69334    184.000    -0.0309    -0.0300  28.777856  28.776911    34.5788    34.5766    279.392    268.359    -0.1288     4.6471     0.0978     0.0978     0.0359     0.0198      17773    12.3420      23.16     2.1732     1.8829         16 0.0000e+00
    182.993   75.43346  173.69332    185.000    -0.0072    -0.0072  28.802313  28.800276    34.5839    34.5812    278.917    273.429    -0.1333     4.6390     0.0981     0.0981     0.0429     0.0196      17855    12.3984      21.75     2.1713     1.9095         19 0.0000e+00
    183.981   75.43346  173.69332    186.000     0.0252     0.0248  28.834674  28.832555    34.5896    34.5872    278.363    271.405    -0.1345     4.6373     0.0983     0.0983     0.0443     0.0196      17943    12.4600      13.19     2.1695     1.9003         15 0.0000e+00
    184.970   75.43344  173.69332    187.000     0.0493     0.0497  28.859422  28.857671    34.5946    34.5918    277.595    271.295    -0.1328     4.6337     0.0986     0.0986     0.0474     0.0197      18023    12.5150       9.94     2.1659     1.9006         16 0.0000e+00
    185.959   75.43344  173.69332    188.000     0.0843     0.0831  28.894141  28.891239    34.6004    34.5979    276.175    270.749    -0.1270     4.6254     0.0987     0.0987     0.0546     0.0199      18122    12.5838       8.44     2.1589     1.8991         16 0.0000e+00
    186.947   75.43344  173.69330    189.000     0.1073     0.1071  28.917909  28.916010    34.6053    34.6030    275.319    269.068    -0.1276     4.6207     0.0983     0.0983     0.0587     0.0199      18201    12.6391      13.22     2.1546     1.8914         17 0.0000e+00
    187.936   75.43344  173.69330    190.000     0.1136     0.1136  28.924949  28.923172    34.6068    34.6045    274.278    268.861    -0.1329     4.6096     0.0988     0.0988     0.0683     0.0197      18292    12.7024      11.92     2.1485     1.8904         16 0.0000e+00
    188.925   75.43344  173.69330    191.000     0.1352     0.1355  28.947409  28.945829    34.6115    34.6091    273.958    267.337    -0.1350     4.6033     0.0989     0.0989     0.0738     0.0196      18373    12.7581      10.95     2.1474     1.8834         18 0.0000e+00
    189.914   75.43344  173.69329    192.000     0.1768     0.1772  28.989049  28.987592    34.6190    34.6167    273.352    266.999    -0.1268     4.5969     0.0999     0.0999     0.0794     0.0199      18465    12.8223      12.09     2.1456     1.8832         19 0.0000e+00
    190.902   75.43342  173.69328    193.000     0.2156     0.2158  29.027762  29.026281    34.6258    34.6236    271.980    265.699    -0.1330     4.5855     0.0992     0.0992     0.0893     0.0197      18557    12.8861      14.69     2.1390     1.8780         17 0.0000e+00
    191.891   75.43342  173.69327    194.000     0.2319     0.2319  29.044493  29.042713    34.6289    34.6266    270.560    265.116    -0.1233     4.5707     0.0985     0.0985     0.1023     0.0201      18635    12.9401      14.03     2.1311     1.8755         18 0.0000e+00
    192.879   75.43342  173.69326    195.000     0.2376     0.2378  29.050944  29.049280    34.6303    34.6279    269.103    264.093    -0.1247     4.5297     0.0996     0.0996     0.1383     0.0200      18730    13.0064      12.97     2.1223     1.8703         23 0.0000e+00
    193.868   75.43342  173.69324    196.000     0.2406     0.2412  29.054446  29.053359    34.6310    34.6289    268.583    263.577    -0.1279     4.5078     0.0990     0.0990     0.1578     0.0199      18826    13.0732      11.92     2.1191     1.8676         21 0.0000e+00
    194.857   75.43340  173.69321    197.000     0.2445     0.2448  29.059147  29.057633    34.6322    34.6298    268.142    261.916    -0.1247     4.4815     0.1001     0.1001     0.1812     0.0200      19007    13.1984      10.83     2.1164     1.8591         23 0.0000e+00
    195.845   75.43338  173.69315    198.000     0.2493     0.2494  29.064533  29.062989    34.6333    34.6310    267.705    262.074    -0.1249     4.4527     0.1001     0.1001     0.2070     0.0200      19337    13.4280       9.72     2.1138     1.8599         26 0.0000e+00
    196.834   75.43337  173.69310    199.000     0.2510     0.2512  29.066839  29.065332    34.6338    34.6316    267.511    261.529    -0.1195     4.4346     0.1006     0.1006     0.2233     0.0202      19673    13.6609       8.63     2.1125     1.8570         25 0.0000e+00
    197.823   75.43335  173.69306    200.000     0.2527     0.2528  29.069017  29.067509    34.6340    34.6320    267.458    260.609    -0.1214     4.4177     0.1005     0.1005     0.2386     0.0201      19996    13.8855       7.56     2.1120     1.8522         22 0.0000e+00
    198.811   75.43334  173.69300    201.000     0.2546     0.2548  29.071469  29.069861    34.6346    34.6323    267.423    261.595    -0.1177     4.4057     0.1003     0.1003     0.2494     0.0203      20329    14.1170       6.47     2.1117     1.8572         26 0.0000e+00
    199.800   75.43333  173.69296    202.000     0.2544     0.2542  29.071775  29.069963    34.6347    34.6324    267.156    263.604    -0.1209     4.3997     0.1003     0.1003     0.2549     0.0202      20708    14.3799       5.42     2.1099     1.8672         13 0.0000e+00
