Continuous CTD Data/SBE Stage/nabos_30_01avg.cnv
* Sea-Bird SBE 9 Data File:
* FileName = D:\CTD\data\HLY2502\raw\NABOS_30_01.hex
* Software Version Seasave V 7.26.7.110
* Temperature SN = 6954
* Conductivity SN = 2561
* Number of Bytes Per Scan = 37
* Number of Voltage Words = 4
* Number of Scans Averaged by the Deck Unit = 1
* NMEA Latitude = 80 25.03 N
* NMEA Longitude = 147 31.64 E
* NMEA UTC (Time) = Sep 22 2025  11:40:31
* NMEA baud rate = 9600
** Ship: USCG HEALY
** Bot. Depth:  1812
** Cast Number:  01
** Station Name:  NABOS
** Station Number:  30
** Operator:  STARC
# nquan = 25
# nvalues = 1833                        
# units = specified
# name 0 = depSM: Depth [salt water, m]
# name 1 = latitude: Latitude [deg]
# name 2 = longitude: Longitude [deg]
# name 3 = prDM: Pressure, Digiquartz [db]
# name 4 = t090C: Temperature [ITS-90, deg C]
# name 5 = t190C: Temperature, 2 [ITS-90, deg C]
# name 6 = c0mS/cm: Conductivity [mS/cm]
# name 7 = c1mS/cm: Conductivity, 2 [mS/cm]
# name 8 = sal00: Salinity, Practical [PSU]
# name 9 = sal11: Salinity, Practical, 2 [PSU]
# name 10 = sbox0Mm/Kg: Oxygen, SBE 43 [umol/kg]
# name 11 = sbox1Mm/Kg: Oxygen, SBE 43, 2 [umol/kg]
# name 12 = flECO-AFL: Fluorescence, WET Labs ECO-AFL/FL [mg/m^3]
# name 13 = v2: Voltage 2
# name 14 = wetCDOM: Fluorescence, WET Labs CDOM [mg/m^3]
# name 15 = v6: Voltage 6
# name 16 = CStarAt0: Beam Attenuation, WET Labs C-Star [1/m]
# name 17 = v3: Voltage 3
# name 18 = scan: Scan Count
# name 19 = timeM: Time, Elapsed [minutes]
# name 20 = altM: Altimeter [m]
# name 21 = sbeox0V: Oxygen raw, SBE 43 [V]
# name 22 = sbeox1V: Oxygen raw, SBE 43, 2 [V]
# name 23 = nbin: number of scans per bin
# name 24 = flag: flag
# span 0 =      2.968,   1807.622       
# span 1 =   80.41720,   80.41773       
# span 2 =  147.48959,  147.52522       
# span 3 =      3.000,   1835.000       
# span 4 =    -1.7525,     1.2343       
# span 5 =    -1.7523,     1.2342       
# span 6 =  22.850343,  30.076715       
# span 7 =  22.849380,  30.074599       
# span 8 =    28.2910,    34.9497       
# span 9 =    28.2881,    34.9473       
# span 10 =    268.377,    371.575      
# span 11 =    251.137,    365.276      
# span 12 =    -0.1854,     0.6332      
# span 13 =     4.5101,     4.6381      
# span 14 =     0.0805,     0.1446      
# span 15 =     0.0805,     0.1446      
# span 16 =     0.0436,     0.1557      
# span 17 =     0.0176,     0.0504      
# span 18 =       3249,      58719      
# span 19 =     2.2553,    40.7765      
# span 20 =       5.89,     100.00      
# span 21 =     1.7806,     2.6091      
# span 22 =     1.5427,     2.2779      
# span 23 =         10,         27      
# span 24 = 0.0000e+00, 0.0000e+00      
# interval = decibars: 1                
# start_time = Sep 22 2025 11:40:31 [NMEA time, header]
# bad_flag = -9.990e-29
*END*
[from data line 986]
    976.198   80.41734  147.50652    989.000    -0.2843    -0.2844  29.105991  29.103930    34.8238    34.8212    298.793    297.174    -0.1516     4.6349     0.0839     0.0839     0.0464     0.0189      30993    21.5223     100.00     2.0999     1.8696         19 0.0000e+00
    977.183   80.41734  147.50651    990.000    -0.2848    -0.2849  29.105985  29.103945    34.8237    34.8212    298.849    296.572    -0.1587     4.6349     0.0841     0.0841     0.0464     0.0186      31017    21.5390     100.00     2.1000     1.8667         15 0.0000e+00
    978.168   80.41734  147.50649    991.000    -0.2856    -0.2857  29.105721  29.103637    34.8238    34.8211    298.843    296.044    -0.1508     4.6349     0.0851     0.0851     0.0464     0.0189      31042    21.5563     100.00     2.0997     1.8641         21 0.0000e+00
    979.152   80.41734  147.50647    992.000    -0.2861    -0.2863  29.105767  29.103615    34.8239    34.8211    298.770    294.566    -0.1543     4.6349     0.0837     0.0837     0.0464     0.0188      31067    21.5734     100.00     2.0991     1.8572         19 0.0000e+00
    980.137   80.41734  147.50646    993.000    -0.2863    -0.2864  29.106043  29.103993    34.8238    34.8212    298.664    294.543    -0.1334     4.6345     0.0812     0.0812     0.0467     0.0196      31091    21.5901     100.00     2.0983     1.8569         16 0.0000e+00
    981.122   80.41734  147.50645    994.000    -0.2866    -0.2868  29.106391  29.104133    34.8241    34.8213    298.687    294.934    -0.1347     4.6345     0.0835     0.0835     0.0467     0.0196      31115    21.6072     100.00     2.0982     1.8585         16 0.0000e+00
    982.106   80.41734  147.50643    995.000    -0.2874    -0.2875  29.106253  29.104021    34.8242    34.8214    298.710    294.816    -0.1321     4.6342     0.0838     0.0838     0.0469     0.0197      31140    21.6243     100.00     2.0980     1.8577         20 0.0000e+00
    983.091   80.41734  147.50641    996.000    -0.2877    -0.2877  29.106444  29.104265    34.8242    34.8214    298.828    294.772    -0.1366     4.6348     0.0845     0.0845     0.0465     0.0195      31164    21.6413     100.00     2.0984     1.8574         15 0.0000e+00
    984.076   80.41734  147.50640    997.000    -0.2879    -0.2880  29.106681  29.104615    34.8242    34.8216    298.754    294.727    -0.1288     4.6349     0.0846     0.0846     0.0464     0.0198      31189    21.6580     100.00     2.0978     1.8570         15 0.0000e+00
    985.060   80.41734  147.50639    998.000    -0.2885    -0.2887  29.106460  29.104368    34.8240    34.8214    298.763    294.059    -0.1344     4.6352     0.0850     0.0850     0.0461     0.0196      31213    21.6751     100.00     2.0976     1.8537         14 0.0000e+00
    986.045   80.41735  147.50637    999.000    -0.2884    -0.2884  29.107250  29.105055    34.8243    34.8215    298.713    295.802    -0.1749     4.6347     0.0850     0.0850     0.0465     0.0180      31238    21.6921     100.00     2.0972     1.8615         15 0.0000e+00
    987.030   80.41736  147.50635   1000.000    -0.2871    -0.2872  29.108919  29.106788    34.8245    34.8218    298.779    294.541    -0.1717     4.6329     0.0847     0.0847     0.0481     0.0181      31262    21.7090     100.00     2.0974     1.8556         14 0.0000e+00
    988.014   80.41736  147.50634   1001.000    -0.2872    -0.2873  29.109352  29.107275    34.8246    34.8220    298.810    294.923    -0.1761     4.6348     0.0828     0.0828     0.0465     0.0179      31287    21.7262     100.00     2.0973     1.8572         17 0.0000e+00
    988.999   80.41736  147.50633   1002.000    -0.2871    -0.2872  29.109925  29.107814    34.8247    34.8220    298.849    294.416    -0.1586     4.6349     0.0849     0.0849     0.0464     0.0186      31311    21.7432     100.00     2.0973     1.8547         17 0.0000e+00
    989.984   80.41736  147.50631   1003.000    -0.2867    -0.2868  29.110796  29.108580    34.8248    34.8221    298.843    294.626    -0.1347     4.6349     0.0847     0.0847     0.0464     0.0196      31335    21.7601     100.00     2.0971     1.8555         15 0.0000e+00
    990.968   80.41736  147.50629   1004.000    -0.2866    -0.2865  29.111473  29.109390    34.8251    34.8222    298.812    294.245    -0.1553     4.6349     0.0852     0.0852     0.0464     0.0188      31360    21.7771     100.00     2.0967     1.8536         15 0.0000e+00
    991.953   80.41736  147.50628   1005.000    -0.2870    -0.2871  29.111581  29.109517    34.8251    34.8225    298.742    294.149    -0.1479     4.6347     0.0843     0.0843     0.0466     0.0191      31384    21.7940     100.00     2.0961     1.8530         14 0.0000e+00
    992.938   80.41736  147.50627   1006.000    -0.2884    -0.2885  29.110976  29.108823    34.8252    34.8225    298.683    294.888    -0.1343     4.6344     0.0846     0.0846     0.0468     0.0196      31409    21.8112     100.00     2.0955     1.8561         16 0.0000e+00
    993.922   80.41736  147.50624   1007.000    -0.2870    -0.2871  29.112834  29.110660    34.8255    34.8228    298.685    293.832    -0.1657     4.6351     0.0851     0.0851     0.0462     0.0184      31433    21.8280     100.00     2.0954     1.8512         13 0.0000e+00
    994.907   80.41736  147.50622   1008.000    -0.2844    -0.2845  29.115826  29.113637    34.8260    34.8232    298.760    294.181    -0.1748     4.6352     0.0842     0.0842     0.0461     0.0180      31458    21.8452     100.00     2.0957     1.8527         16 0.0000e+00
    995.892   80.41736  147.50622   1009.000    -0.2821    -0.2822  29.118454  29.116188    34.8263    34.8234    298.855    295.020    -0.1416     4.6349     0.0831     0.0831     0.0464     0.0193      31482    21.8620     100.00     2.0961     1.8564         12 0.0000e+00
    996.876   80.41736  147.50620   1010.000    -0.2814    -0.2814  29.119587  29.117440    34.8265    34.8236    298.790    294.285    -0.1345     4.6349     0.0838     0.0838     0.0464     0.0196      31507    21.8791     100.00     2.0956     1.8529         14 0.0000e+00
    997.861   80.41736  147.50618   1011.000    -0.2810    -0.2809  29.120597  29.118409    34.8267    34.8238    298.792    294.269    -0.1674     4.6351     0.0850     0.0850     0.0462     0.0183      31531    21.8961     100.00     2.0954     1.8527         14 0.0000e+00
    998.846   80.41736  147.50616   1012.000    -0.2808    -0.2808  29.121170  29.118987    34.8267    34.8239    298.681    294.505    -0.1760     4.6351     0.0831     0.0831     0.0462     0.0180      31556    21.9130     100.00     2.0946     1.8536         14 0.0000e+00
    999.830   80.41736  147.50616   1013.000    -0.2807    -0.2807  29.121668  29.119480    34.8267    34.8238    298.855    286.157    -0.1758     4.6348     0.0828     0.0828     0.0465     0.0180      31580    21.9300     100.00     2.0953     1.8156         14 0.0000e+00
   1000.815   80.41736  147.50614   1014.000    -0.2801    -0.2802  29.122802  29.120598    34.8270    34.8241    298.906    289.402    -0.1722     4.6349     0.0842     0.0842     0.0464     0.0181      31604    21.9469     100.00     2.0955     1.8302         12 0.0000e+00
   1001.799   80.41736  147.50612   1015.000    -0.2799    -0.2799  29.123528  29.121468    34.8270    34.8244    298.981    287.947    -0.1520     4.6337     0.0837     0.0837     0.0474     0.0189      31629    21.9639     100.00     2.0957     1.8234         13 0.0000e+00
   1002.784   80.41736  147.50610   1016.000    -0.2791    -0.2791  29.124946  29.122859    34.8275    34.8247    298.933    292.274    -0.1330     4.6349     0.0833     0.0833     0.0464     0.0197      31654    21.9811     100.00     2.0953     1.8429         15 0.0000e+00
   1003.768   80.41736  147.50610   1017.000    -0.2795    -0.2795  29.125248  29.123087    34.8278    34.8249    299.019    293.199    -0.1550     4.6354     0.0836     0.0836     0.0460     0.0188      31678    21.9978     100.00     2.0955     1.8469         13 0.0000e+00
   1004.753   80.41736  147.50608   1018.000    -0.2791    -0.2791  29.126353  29.124078    34.8282    34.8252    298.892    291.907    -0.1475     4.6348     0.0833     0.0833     0.0464     0.0191      31703    22.0150     100.00     2.0946     1.8409         14 0.0000e+00
   1005.738   80.41736  147.50606   1019.000    -0.2784    -0.2784  29.127299  29.125133    34.8281    34.8253    298.776    288.065    -0.1341     4.6350     0.0851     0.0851     0.0463     0.0196      31727    22.0320     100.00     2.0938     1.8233         14 0.0000e+00
   1006.722   80.41736  147.50604   1020.000    -0.2783    -0.2784  29.127823  29.125698    34.8281    34.8254    298.602    295.034    -0.1660     4.6346     0.0839     0.0839     0.0467     0.0183      31752    22.0492     100.00     2.0927     1.8547         18 0.0000e+00
   1007.707   80.41736  147.50604   1021.000    -0.2781    -0.2781  29.128521  29.126387    34.8283    34.8255    298.395    293.217    -0.1359     4.6351     0.0838     0.0838     0.0462     0.0195      31776    22.0661     100.00     2.0914     1.8463         17 0.0000e+00
   1008.692   80.41736  147.50602   1022.000    -0.2779    -0.2779  29.129221  29.127184    34.8284    34.8257    298.347    304.962    -0.1328     4.6349     0.0835     0.0835     0.0464     0.0197      31801    22.0830     100.00     2.0909     1.8993         16 0.0000e+00
   1009.676   80.41736  147.50600   1023.000    -0.2775    -0.2776  29.130066  29.127922    34.8285    34.8257    298.441    280.458    -0.1725     4.6349     0.0840     0.0840     0.0464     0.0181      31825    22.1000     100.00     2.0912     1.7883         16 0.0000e+00
   1010.661   80.41736  147.50598   1024.000    -0.2770    -0.2771  29.130966  29.128859    34.8285    34.8258    298.411    293.028    -0.1272     4.6349     0.0839     0.0839     0.0464     0.0199      31849    22.1169     100.00     2.0909     1.8450         14 0.0000e+00
   1011.645   80.41736  147.50598   1025.000    -0.2773    -0.2775  29.131150  29.129047    34.8285    34.8259    298.463    288.793    -0.1479     4.6350     0.0845     0.0845     0.0463     0.0191      31874    22.1341     100.00     2.0909     1.8256         16 0.0000e+00
   1012.630   80.41736  147.50596   1026.000    -0.2783    -0.2784  29.130764  29.128774    34.8286    34.8261    298.413    296.821    -0.1748     4.6345     0.0842     0.0842     0.0467     0.0180      31899    22.1511     100.00     2.0904     1.8618         17 0.0000e+00
   1013.614   80.41736  147.50594   1027.000    -0.2779    -0.2781  29.131700  29.129383    34.8288    34.8260    298.354    300.826    -0.1570     4.6343     0.0832     0.0832     0.0469     0.0187      31923    22.1680     100.00     2.0899     1.8797         15 0.0000e+00
   1014.599   80.41736  147.50592   1028.000    -0.2777    -0.2778  29.132434  29.130167    34.8290    34.8261    298.323    285.779    -0.1378     4.6345     0.0842     0.0842     0.0467     0.0195      31947    22.1848     100.00     2.0895     1.8115         13 0.0000e+00
   1015.583   80.41736  147.50591   1029.000    -0.2781    -0.2781  29.132466  29.130408    34.8288    34.8262    298.345    285.021    -0.1618     4.6350     0.0860     0.0860     0.0464     0.0185      31972    22.2018     100.00     2.0894     1.8079         16 0.0000e+00
   1016.568   80.41736  147.50590   1030.000    -0.2779    -0.2779  29.133379  29.131176    34.8293    34.8263    298.283    288.855    -0.1716     4.6351     0.0849     0.0849     0.0462     0.0181      31996    22.2189     100.00     2.0889     1.8250         14 0.0000e+00
   1017.552   80.41736  147.50588   1031.000    -0.2783    -0.2783  29.133629  29.131473    34.8294    34.8266    298.280    289.714    -0.1434     4.6351     0.0852     0.0852     0.0462     0.0192      32021    22.2358     100.00     2.0886     1.8287         13 0.0000e+00
   1018.537   80.41736  147.50586   1032.000    -0.2779    -0.2780  29.134309  29.132216    34.8294    34.8267    298.219    292.666    -0.1346     4.6344     0.0852     0.0852     0.0468     0.0196      32045    22.2528     100.00     2.0881     1.8419         15 0.0000e+00
   1019.522   80.41736  147.50585   1033.000    -0.2780    -0.2780  29.134719  29.132645    34.8294    34.8266    298.210    291.367    -0.1323     4.6345     0.0857     0.0857     0.0468     0.0197      32070    22.2699     100.00     2.0879     1.8359         14 0.0000e+00
   1020.506   80.41736  147.50584   1034.000    -0.2772    -0.2773  29.135911  29.133785    34.8296    34.8268    298.256    291.218    -0.1719     4.6346     0.0840     0.0840     0.0466     0.0181      32094    22.2868     100.00     2.0879     1.8351         13 0.0000e+00
   1021.490   80.41736  147.50581   1035.000    -0.2771    -0.2771  29.136570  29.134435    34.8297    34.8269    298.208    296.854    -0.1437     4.6342     0.0835     0.0835     0.0469     0.0192      32119    22.3040     100.00     2.0875     1.8604         16 0.0000e+00
   1022.475   80.41736  147.50580   1036.000    -0.2770    -0.2771  29.137036  29.134996    34.8297    34.8271    298.171    299.100    -0.1691     4.6349     0.0835     0.0835     0.0464     0.0182      32143    22.3210     100.00     2.0871     1.8703         16 0.0000e+00
   1023.459   80.41736  147.50580   1037.000    -0.2770    -0.2770  29.137688  29.135563    34.8299    34.8271    298.179    297.897    -0.1365     4.6351     0.0830     0.0830     0.0462     0.0195      32168    22.3379     100.00     2.0869     1.8647         13 0.0000e+00
   1024.444   80.41736  147.50577   1038.000    -0.2770    -0.2770  29.138079  29.136047    34.8298    34.8272    298.254    295.707    -0.1366     4.6356     0.0838     0.0838     0.0458     0.0195      32192    22.3550     100.00     2.0871     1.8547         14 0.0000e+00
   1025.429   80.41736  147.50575   1039.000    -0.2781    -0.2782  29.137751  29.135674    34.8301    34.8274    298.208    294.852    -0.1366     4.6351     0.0841     0.0841     0.0463     0.0195      32217    22.3720     100.00     2.0866     1.8506         17 0.0000e+00
   1026.413   80.41736  147.50574   1040.000    -0.2801    -0.2802  29.136565  29.134432    34.8303    34.8275    298.315    295.990    -0.1320     4.6349     0.0840     0.0840     0.0464     0.0197      32241    22.3889     100.00     2.0868     1.8555         14 0.0000e+00
   1027.397   80.41736  147.50573   1041.000    -0.2823    -0.2823  29.134957  29.133063    34.8301    34.8274    298.390    293.366    -0.1588     4.6350     0.0830     0.0830     0.0463     0.0186      32266    22.4059     100.00     2.0869     1.8433         13 0.0000e+00
   1028.382   80.41736  147.50571   1042.000    -0.2827    -0.2828  29.135145  29.133014    34.8301    34.8274    298.370    294.423    -0.1475     4.6348     0.0838     0.0838     0.0465     0.0191      32290    22.4230     100.00     2.0866     1.8479         17 0.0000e+00
   1029.366   80.41736  147.50569   1043.000    -0.2839    -0.2841  29.134440  29.132357    34.8300    34.8274    298.315    294.747    -0.1700     4.6349     0.0845     0.0845     0.0464     0.0182      32315    22.4400     100.00     2.0860     1.8492         13 0.0000e+00
   1030.351   80.41736  147.50568   1044.000    -0.2871    -0.2873  29.132142  29.129977    34.8300    34.8273    298.341    295.361    -0.1373     4.6349     0.0844     0.0844     0.0464     0.0195      32339    22.4573     100.00     2.0858     1.8516         19 0.0000e+00
   1031.335   80.41736  147.50567   1045.000    -0.2897    -0.2897  29.130274  29.128264    34.8299    34.8272    298.266    295.188    -0.1366     4.6342     0.0834     0.0834     0.0470     0.0195      32364    22.4741     100.00     2.0851     1.8506         18 0.0000e+00
