Continuous CTD Data/SBE Stage/nabos_29_01avg.cnv
* Sea-Bird SBE 9 Data File:
* FileName = D:\CTD\data\HLY2502\raw\NABOS_29_01.hex
* Software Version Seasave V 7.26.7.110
* Temperature SN = 6954
* Conductivity SN = 2561
* Number of Bytes Per Scan = 37
* Number of Voltage Words = 4
* Number of Scans Averaged by the Deck Unit = 1
* NMEA Latitude = 80 31.69 N
* NMEA Longitude = 150 58.43 E
* NMEA UTC (Time) = Sep 22 2025  04:33:58
* NMEA baud rate = 9600
** Ship: USCG HEALY
** Bot. Depth:  2015
** Cast Number:  01
** Station Name:  NABOS
** Station Number:  29
** Operator:  STARC
# nquan = 25
# nvalues = 1214                        
# units = specified
# name 0 = depSM: Depth [salt water, m]
# name 1 = latitude: Latitude [deg]
# name 2 = longitude: Longitude [deg]
# name 3 = prDM: Pressure, Digiquartz [db]
# name 4 = t090C: Temperature [ITS-90, deg C]
# name 5 = t190C: Temperature, 2 [ITS-90, deg C]
# name 6 = c0mS/cm: Conductivity [mS/cm]
# name 7 = c1mS/cm: Conductivity, 2 [mS/cm]
# name 8 = sal00: Salinity, Practical [PSU]
# name 9 = sal11: Salinity, Practical, 2 [PSU]
# name 10 = sbox0Mm/Kg: Oxygen, SBE 43 [umol/kg]
# name 11 = sbox1Mm/Kg: Oxygen, SBE 43, 2 [umol/kg]
# name 12 = flECO-AFL: Fluorescence, WET Labs ECO-AFL/FL [mg/m^3]
# name 13 = v2: Voltage 2
# name 14 = wetCDOM: Fluorescence, WET Labs CDOM [mg/m^3]
# name 15 = v6: Voltage 6
# name 16 = CStarAt0: Beam Attenuation, WET Labs C-Star [1/m]
# name 17 = v3: Voltage 3
# name 18 = scan: Scan Count
# name 19 = timeM: Time, Elapsed [minutes]
# name 20 = altM: Altimeter [m]
# name 21 = sbeox0V: Oxygen raw, SBE 43 [V]
# name 22 = sbeox1V: Oxygen raw, SBE 43, 2 [V]
# name 23 = nbin: number of scans per bin
# name 24 = flag: flag
# span 0 =      3.957,   1200.591       
# span 1 =   80.52622,   80.52796       
# span 2 =  150.97468,  150.98498       
# span 3 =      4.000,   1217.000       
# span 4 =    -1.7269,     0.9737       
# span 5 =    -1.7266,     0.9736       
# span 6 =  23.231321,  29.828720       
# span 7 =  23.227365,  29.826355       
# span 8 =    28.8435,    34.8676       
# span 9 =    28.8356,    34.8653       
# span 10 =    291.292,    373.447      
# span 11 =    270.770,    365.697      
# span 12 =    -0.1830,     0.4299      
# span 13 =     4.4876,     4.6392      
# span 14 =     0.0805,     0.1540      
# span 15 =     0.0805,     0.1540      
# span 16 =     0.0427,     0.1757      
# span 17 =     0.0177,     0.0422      
# span 18 =       3693,      38690      
# span 19 =     2.5636,    26.8672      
# span 20 =      51.35,     100.00      
# span 21 =     2.0145,     2.6175      
# span 22 =     1.7248,     2.2772      
# span 23 =          6,         28      
# span 24 = 0.0000e+00, 0.0000e+00      
# interval = decibars: 1                
# start_time = Sep 22 2025 04:33:58 [NMEA time, header]
# bad_flag = -9.990e-29
*END*
[from data line 696]
    691.414   80.52702  150.98060    700.000    -0.1320    -0.1321  29.096408  29.094570    34.8070    34.8047    299.593    296.440    -0.1349     4.6349     0.0830     0.0830     0.0464     0.0196      23900    16.5964     100.00     2.1742     1.9248         11 0.0000e+00
    692.400   80.52702  150.98060    701.000    -0.1334    -0.1333  29.095722  29.093938    34.8071    34.8046    299.646    294.206    -0.1498     4.6349     0.0837     0.0837     0.0464     0.0190      23925    16.6141     100.00     2.1742     1.9140         13 0.0000e+00
    693.386   80.52702  150.98061    702.000    -0.1340    -0.1339  29.095633  29.093817    34.8070    34.8046    299.708    294.284    -0.1484     4.6345     0.0834     0.0834     0.0467     0.0190      23951    16.6317     100.00     2.1743     1.9141         13 0.0000e+00
    694.373   80.52702  150.98062    703.000    -0.1342    -0.1342  29.096007  29.094113    34.8073    34.8048    299.735    295.789    -0.1375     4.6344     0.0830     0.0830     0.0469     0.0195      23976    16.6490     100.00     2.1742     1.9211         13 0.0000e+00
    695.358   80.52702  150.98062    704.000    -0.1345    -0.1345  29.096337  29.094454    34.8074    34.8049    299.679    298.704    -0.1298     4.6341     0.0836     0.0836     0.0471     0.0198      24001    16.6666     100.00     2.1737     1.9347         13 0.0000e+00
    696.345   80.52702  150.98063    705.000    -0.1345    -0.1345  29.096688  29.094894    34.8073    34.8049    299.560    295.004    -0.1317     4.6351     0.0853     0.0853     0.0462     0.0197      24026    16.6838     100.00     2.1728     1.9170         12 0.0000e+00
    697.331   80.52701  150.98064    706.000    -0.1350    -0.1350  29.096891  29.095066    34.8075    34.8052    299.575    298.288    -0.1302     4.6341     0.0846     0.0846     0.0471     0.0198      24051    16.7014     100.00     2.1726     1.9324         14 0.0000e+00
    698.317   80.52700  150.98064    707.000    -0.1355    -0.1355  29.097033  29.095196    34.8077    34.8053    299.623    294.919    -0.1363     4.6343     0.0834     0.0834     0.0469     0.0195      24076    16.7190     100.00     2.1726     1.9162         12 0.0000e+00
    699.302   80.52700  150.98066    708.000    -0.1363    -0.1363  29.096887  29.094922    34.8078    34.8052    299.635    293.089    -0.1724     4.6346     0.0838     0.0838     0.0466     0.0181      24102    16.7365     100.00     2.1724     1.9073         12 0.0000e+00
    700.289   80.52700  150.98066    709.000    -0.1371    -0.1370  29.096670  29.094843    34.8078    34.8054    299.527    297.350    -0.1438     4.6350     0.0829     0.0829     0.0463     0.0192      24127    16.7539     100.00     2.1716     1.9273         14 0.0000e+00
    701.275   80.52700  150.98068    710.000    -0.1382    -0.1383  29.096196  29.094341    34.8079    34.8055    299.375    295.075    -0.1696     4.6351     0.0818     0.0818     0.0463     0.0182      24152    16.7714     100.00     2.1704     1.9163         15 0.0000e+00
    702.261   80.52700  150.98068    711.000    -0.1391    -0.1391  29.095937  29.094098    34.8079    34.8055    299.425    295.072    -0.1717     4.6349     0.0827     0.0827     0.0464     0.0181      24177    16.7889     100.00     2.1705     1.9160         13 0.0000e+00
    703.247   80.52700  150.98068    712.000    -0.1402    -0.1402  29.095470  29.093540    34.8080    34.8054    299.458    298.050    -0.1742     4.6348     0.0829     0.0829     0.0465     0.0180      24202    16.8064     100.00     2.1704     1.9299         13 0.0000e+00
    704.233   80.52700  150.98070    713.000    -0.1419    -0.1419  29.094563  29.092695    34.8082    34.8057    299.478    292.958    -0.1717     4.6349     0.0827     0.0827     0.0464     0.0181      24227    16.8238     100.00     2.1702     1.9055         13 0.0000e+00
    705.219   80.52700  150.98070    714.000    -0.1439    -0.1438  29.093249  29.091513    34.8081    34.8056    299.503    293.580    -0.1693     4.6348     0.0837     0.0837     0.0465     0.0182      24253    16.8414     100.00     2.1700     1.9082         14 0.0000e+00
    706.205   80.52700  150.98070    715.000    -0.1452    -0.1451  29.092625  29.090860    34.8082    34.8057    299.553    291.717    -0.1457     4.6344     0.0840     0.0840     0.0468     0.0191      24278    16.8591     100.00     2.1700     1.8992         17 0.0000e+00
    707.191   80.52700  150.98072    716.000    -0.1462    -0.1461  29.092205  29.090383    34.8081    34.8056    299.540    281.976    -0.1350     4.6348     0.0834     0.0834     0.0465     0.0196      24303    16.8763     100.00     2.1696     1.8529         12 0.0000e+00
    708.177   80.52700  150.98072    717.000    -0.1464    -0.1463  29.092471  29.090771    34.8082    34.8058    299.470    292.906    -0.1341     4.6350     0.0834     0.0834     0.0463     0.0196      24328    16.8935     100.00     2.1690     1.9044         12 0.0000e+00
    709.163   80.52700  150.98072    718.000    -0.1477    -0.1477  29.091876  29.090056    34.8082    34.8058    299.243    298.575    -0.1351     4.6338     0.0840     0.0840     0.0473     0.0196      24354    16.9116     100.00     2.1675     1.9309         20 0.0000e+00
    710.149   80.52700  150.98074    719.000    -0.1483    -0.1484  29.091777  29.089959    34.8082    34.8058    299.225    297.395    -0.1456     4.6346     0.0840     0.0840     0.0466     0.0192      24379    16.9291     100.00     2.1671     1.9252         20 0.0000e+00
    711.135   80.52700  150.98075    720.000    -0.1493    -0.1494  29.091367  29.089587    34.8082    34.8059    299.327    293.620    -0.1528     4.6349     0.0841     0.0841     0.0464     0.0189      24404    16.9464     100.00     2.1674     1.9071         17 0.0000e+00
    712.121   80.52699  150.98076    721.000    -0.1508    -0.1508  29.090660  29.088797    34.8083    34.8059    299.378    293.593    -0.1548     4.6355     0.0851     0.0851     0.0458     0.0188      24429    16.9638     100.00     2.1674     1.9067         15 0.0000e+00
    713.107   80.52698  150.98076    722.000    -0.1517    -0.1516  29.090348  29.088559    34.8084    34.8060    299.517    293.590    -0.1474     4.6351     0.0827     0.0827     0.0462     0.0191      24454    16.9815     100.00     2.1679     1.9065         16 0.0000e+00
    714.093   80.52698  150.98077    723.000    -0.1528    -0.1527  29.089834  29.088059    34.8083    34.8059    299.587    290.757    -0.1364     4.6352     0.0819     0.0819     0.0461     0.0195      24479    16.9988     100.00     2.1680     1.8929         16 0.0000e+00
    715.079   80.52698  150.98078    724.000    -0.1538    -0.1538  29.089560  29.087606    34.8086    34.8059    299.663    297.377    -0.1633     4.6344     0.0838     0.0838     0.0468     0.0184      24505    17.0164     100.00     2.1682     1.9239         16 0.0000e+00
    716.065   80.52698  150.98078    725.000    -0.1540    -0.1540  29.089757  29.087956    34.8084    34.8061    299.715    295.954    -0.1630     4.6344     0.0840     0.0840     0.0468     0.0185      24530    17.0340     100.00     2.1683     1.9170         15 0.0000e+00
    717.051   80.52698  150.98079    726.000    -0.1547    -0.1547  29.089610  29.087737    34.8084    34.8059    299.779    293.781    -0.1340     4.6350     0.0841     0.0841     0.0464     0.0196      24555    17.0515     100.00     2.1684     1.9065         19 0.0000e+00
    718.036   80.52698  150.98080    727.000    -0.1581    -0.1581  29.087284  29.085335    34.8086    34.8061    299.854    293.039    -0.1312     4.6347     0.0838     0.0838     0.0466     0.0197      24580    17.0689     100.00     2.1684     1.9027         17 0.0000e+00
    719.022   80.52698  150.98080    728.000    -0.1589    -0.1589  29.087185  29.085280    34.8088    34.8063    299.949    296.440    -0.1509     4.6354     0.0848     0.0848     0.0460     0.0189      24605    17.0863     100.00     2.1687     1.9186         13 0.0000e+00
    720.008   80.52698  150.98082    729.000    -0.1592    -0.1592  29.087246  29.085352    34.8086    34.8062    299.879    286.665    -0.1743     4.6355     0.0850     0.0850     0.0458     0.0180      24631    17.1039     100.00     2.1680     1.8722         16 0.0000e+00
    720.994   80.52698  150.98082    730.000    -0.1607    -0.1608  29.086382  29.084456    34.8086    34.8061    299.841    296.045    -0.1553     4.6346     0.0836     0.0836     0.0467     0.0188      24656    17.1215     100.00     2.1676     1.9162         16 0.0000e+00
    721.980   80.52698  150.98082    731.000    -0.1623    -0.1622  29.085431  29.083654    34.8086    34.8062    299.654    291.637    -0.1330     4.6348     0.0830     0.0830     0.0465     0.0197      24681    17.1390     100.00     2.1662     1.8952         15 0.0000e+00
    722.966   80.52698  150.98084    732.000    -0.1641    -0.1642  29.084375  29.082500    34.8087    34.8062    299.596    296.941    -0.1344     4.6349     0.0830     0.0830     0.0464     0.0196      24706    17.1564     100.00     2.1655     1.9200         14 0.0000e+00
    723.952   80.52698  150.98084    733.000    -0.1654    -0.1654  29.083821  29.081889    34.8088    34.8063    299.503    293.538    -0.1280     4.6350     0.0830     0.0830     0.0463     0.0199      24732    17.1741     100.00     2.1648     1.9037         18 0.0000e+00
    724.938   80.52698  150.98084    734.000    -0.1670    -0.1671  29.082883  29.081055    34.8088    34.8065    299.339    295.137    -0.1372     4.6348     0.0829     0.0829     0.0465     0.0195      24756    17.1912     100.00     2.1636     1.9109         14 0.0000e+00
    725.924   80.52698  150.98086    735.000    -0.1701    -0.1700  29.080761  29.078841    34.8088    34.8062    299.302    294.074    -0.1597     4.6343     0.0840     0.0840     0.0469     0.0186      24781    17.2087     100.00     2.1630     1.9056         17 0.0000e+00
    726.910   80.52698  150.98086    736.000    -0.1727    -0.1727  29.078894  29.077130    34.8087    34.8064    299.191    293.588    -0.1494     4.6348     0.0830     0.0830     0.0465     0.0190      24807    17.2262     100.00     2.1620     1.9030         15 0.0000e+00
    727.896   80.52698  150.98088    737.000    -0.1758    -0.1759  29.076603  29.074719    34.8087    34.8063    299.213    297.326    -0.1738     4.6348     0.0838     0.0838     0.0465     0.0180      24832    17.2435     100.00     2.1618     1.9204         13 0.0000e+00
    728.882   80.52696  150.98088    738.000    -0.1786    -0.1788  29.074514  29.072700    34.8085    34.8063    299.278    291.417    -0.1688     4.6349     0.0840     0.0840     0.0464     0.0182      24857    17.2612     100.00     2.1618     1.8922         13 0.0000e+00
    729.868   80.52696  150.98088    739.000    -0.1792    -0.1792  29.074622  29.072785    34.8087    34.8062    299.319    292.476    -0.1410     4.6341     0.0840     0.0840     0.0470     0.0193      24882    17.2786     100.00     2.1618     1.8970         14 0.0000e+00
    730.854   80.52696  150.98089    740.000    -0.1802    -0.1802  29.074235  29.072341    34.8088    34.8062    299.234    299.263    -0.1326     4.6349     0.0840     0.0840     0.0464     0.0197      24908    17.2962     100.00     2.1610     1.9287         15 0.0000e+00
    731.839   80.52696  150.98090    741.000    -0.1813    -0.1814  29.073716  29.072008    34.8087    34.8065    299.231    296.601    -0.1344     4.6349     0.0841     0.0841     0.0464     0.0196      24933    17.3136     100.00     2.1607     1.9160         14 0.0000e+00
    732.825   80.52696  150.98091    742.000    -0.1821    -0.1822  29.073405  29.071649    34.8087    34.8064    299.196    292.382    -0.1657     4.6348     0.0841     0.0841     0.0465     0.0184      24958    17.3311     100.00     2.1602     1.8959         12 0.0000e+00
    733.811   80.52696  150.98092    743.000    -0.1828    -0.1828  29.073456  29.071557    34.8089    34.8064    299.376    298.259    -0.1361     4.6348     0.0842     0.0842     0.0465     0.0195      24983    17.3486     100.00     2.1610     1.9234         12 0.0000e+00
    734.797   80.52696  150.98092    744.000    -0.1830    -0.1831  29.073739  29.071878    34.8089    34.8065    299.530    290.592    -0.1309     4.6349     0.0838     0.0838     0.0464     0.0197      25007    17.3656     100.00     2.1616     1.8871         11 0.0000e+00
    735.783   80.52696  150.98093    745.000    -0.1837    -0.1837  29.073808  29.071970    34.8092    34.8068    299.643    285.158    -0.1345     4.6347     0.0828     0.0828     0.0466     0.0196      25034    17.3837     100.00     2.1620     1.8613         13 0.0000e+00
    736.769   80.52696  150.98094    746.000    -0.1844    -0.1845  29.073683  29.071713    34.8093    34.8067    299.729    294.905    -0.1341     4.6341     0.0842     0.0842     0.0471     0.0196      25058    17.4008     100.00     2.1622     1.9069         12 0.0000e+00
    737.755   80.52696  150.98094    747.000    -0.1845    -0.1846  29.074049  29.072088    34.8093    34.8068    299.681    293.025    -0.1622     4.6348     0.0840     0.0840     0.0465     0.0185      25084    17.4187     100.00     2.1617     1.8979         14 0.0000e+00
    738.740   80.52696  150.98095    748.000    -0.1846    -0.1845  29.074388  29.072631    34.8093    34.8069    299.528    297.638    -0.1486     4.6348     0.0842     0.0842     0.0465     0.0190      25109    17.4359     100.00     2.1607     1.9194         12 0.0000e+00
    739.726   80.52696  150.98096    749.000    -0.1846    -0.1847  29.074796  29.073076    34.8092    34.8070    299.594    294.486    -0.1593     4.6349     0.0830     0.0830     0.0464     0.0186      25134    17.4535     100.00     2.1608     1.9044         12 0.0000e+00
    740.712   80.52696  150.98098    750.000    -0.1846    -0.1845  29.075447  29.073600    34.8095    34.8070    299.492    294.475    -0.1436     4.6349     0.0838     0.0838     0.0464     0.0192      25159    17.4711     100.00     2.1600     1.9042         13 0.0000e+00
    741.698   80.52696  150.98098    751.000    -0.1846    -0.1846  29.075863  29.074113    34.8095    34.8071    299.419    293.570    -0.1343     4.6329     0.0842     0.0842     0.0481     0.0196      25185    17.4887     100.00     2.1594     1.8998         15 0.0000e+00
    742.684   80.52696  150.98098    752.000    -0.1851    -0.1851  29.075971  29.074142    34.8096    34.8071    299.516    300.061    -0.1424     4.6347     0.0840     0.0840     0.0466     0.0193      25209    17.5055     100.00     2.1597     1.9301         10 0.0000e+00
    743.669   80.52694  150.98100    753.000    -0.1852    -0.1852  29.076465  29.074696    34.8097    34.8074    299.600    294.171    -0.1743     4.6349     0.0841     0.0841     0.0464     0.0180      25235    17.5234     100.00     2.1599     1.9022          9 0.0000e+00
    744.655   80.52694  150.98100    754.000    -0.1855    -0.1854  29.076858  29.074956    34.8101    34.8074    299.561    296.179    -0.1328     4.6348     0.0846     0.0846     0.0465     0.0197      25260    17.5410     100.00     2.1595     1.9115         13 0.0000e+00
    745.642   80.52694  150.98100    755.000    -0.1859    -0.1859  29.076957  29.075138    34.8100    34.8076    299.517    291.552    -0.1343     4.6348     0.0855     0.0855     0.0465     0.0196      25285    17.5586     100.00     2.1590     1.8895         13 0.0000e+00
    746.627   80.52694  150.98102    756.000    -0.1868    -0.1868  29.076687  29.074906    34.8101    34.8077    299.503    290.460    -0.1311     4.6347     0.0849     0.0849     0.0466     0.0197      25310    17.5758     100.00     2.1587     1.8841         11 0.0000e+00
