Continuous CTD Data/SBE Stage/nabos_21_01avg.cnv
* Sea-Bird SBE 9 Data File:
* FileName = D:\CTD\data\HLY2502\raw\NABOS_21_01.hex
* Software Version Seasave V 7.26.7.110
* Temperature SN = 6954
* Conductivity SN = 2561
* Number of Bytes Per Scan = 37
* Number of Voltage Words = 4
* Number of Scans Averaged by the Deck Unit = 1
* NMEA Latitude = 79 01.32 N
* NMEA Longitude = 173 57.73 E
* NMEA UTC (Time) = Sep 18 2025  13:52:18
* NMEA baud rate = 9600
** Ship: USCG HEALY
** Bot. Depth:  2477
** Cast Number:  01
** Station Name:  NABOS
** Station Number:  21
** Operator:  STARC
# nquan = 25
# nvalues = 254                         
# units = specified
# name 0 = depSM: Depth [salt water, m]
# name 1 = latitude: Latitude [deg]
# name 2 = longitude: Longitude [deg]
# name 3 = prDM: Pressure, Digiquartz [db]
# name 4 = t090C: Temperature [ITS-90, deg C]
# name 5 = t190C: Temperature, 2 [ITS-90, deg C]
# name 6 = c0mS/cm: Conductivity [mS/cm]
# name 7 = c1mS/cm: Conductivity, 2 [mS/cm]
# name 8 = sal00: Salinity, Practical [PSU]
# name 9 = sal11: Salinity, Practical, 2 [PSU]
# name 10 = sbox0Mm/Kg: Oxygen, SBE 43 [umol/kg]
# name 11 = sbox1Mm/Kg: Oxygen, SBE 43, 2 [umol/kg]
# name 12 = flECO-AFL: Fluorescence, WET Labs ECO-AFL/FL [mg/m^3]
# name 13 = v2: Voltage 2
# name 14 = wetCDOM: Fluorescence, WET Labs CDOM [mg/m^3]
# name 15 = v6: Voltage 6
# name 16 = CStarAt0: Beam Attenuation, WET Labs C-Star [1/m]
# name 17 = v3: Voltage 3
# name 18 = scan: Scan Count
# name 19 = timeM: Time, Elapsed [minutes]
# name 20 = altM: Altimeter [m]
# name 21 = sbeox0V: Oxygen raw, SBE 43 [V]
# name 22 = sbeox1V: Oxygen raw, SBE 43, 2 [V]
# name 23 = nbin: number of scans per bin
# name 24 = flag: flag
# span 0 =      2.968,    253.144       
# span 1 =   79.02259,   79.02679       
# span 2 =  173.96274,  173.96670       
# span 3 =      3.000,    256.000       
# span 4 =    -1.7646,     0.8186       
# span 5 =    -1.7644,     0.8182       
# span 6 =  24.750839,  29.694937       
# span 7 =  24.749629,  29.693378       
# span 8 =    31.0112,    34.7833       
# span 9 =    31.0092,    34.7812       
# span 10 =    290.982,    373.311      
# span 11 =    285.693,    366.375      
# span 12 =    -0.2307,     0.4069      
# span 13 =     4.5889,     4.6729      
# span 14 =     0.0803,     0.1070      
# span 15 =     0.0803,     0.1070      
# span 16 =     0.0137,     0.0863      
# span 17 =     0.0158,     0.0413      
# span 18 =       3086,      25077      
# span 19 =     2.1424,    17.4140      
# span 20 =     100.00,     100.00      
# span 21 =     2.2729,     2.6369      
# span 22 =     1.9925,     2.2968      
# span 23 =          1,         27      
# span 24 = 0.0000e+00, 0.0000e+00      
# interval = decibars: 1                
# start_time = Sep 18 2025 13:52:18 [NMEA time, header]
# bad_flag = -9.990e-29
*END*
[from data line 58]
     60.348   79.02328  173.96338     61.000    -1.6881    -1.6871  26.251289  26.253501    33.0884    33.0904    344.741    338.279    -0.0612     4.6567     0.1063     0.1063     0.0276     0.0226       6558     4.5537     100.00     2.4750     2.1627         25 0.0000e+00
     61.337   79.02329  173.96338     62.000    -1.6713    -1.6710  26.329113  26.330129    33.1769    33.1780    341.895    336.334    -0.0727     4.6555     0.1059     0.1059     0.0287     0.0221       6611     4.5902     100.00     2.4608     2.1549         24 0.0000e+00
     62.326   79.02330  173.96339     63.000    -1.6657    -1.6655  26.385884  26.386313    33.2487    33.2491    339.287    333.987    -0.0831     4.6568     0.1070     0.1070     0.0276     0.0217       6664     4.6267     100.00     2.4470     2.1445         21 0.0000e+00
     63.315   79.02331  173.96340     64.000    -1.6651    -1.6647  26.431970  26.431829    33.3113    33.3107    336.964    331.501    -0.0848     4.6567     0.1043     0.1043     0.0276     0.0216       6716     4.6629     100.00     2.4343     2.1330         23 0.0000e+00
     64.304   79.02332  173.96342     65.000    -1.6544    -1.6537  26.474451  26.474922    33.3577    33.3574    335.282    330.125    -0.0857     4.6571     0.1037     0.1037     0.0273     0.0216       6767     4.6983     100.00     2.4257     2.1272         21 0.0000e+00
     65.293   79.02333  173.96342     66.000    -1.6392    -1.6386  26.524386  26.524317    33.4091    33.4083    333.699    327.723    -0.0862     4.6518     0.1041     0.1041     0.0319     0.0216       6819     4.7344     100.00     2.4180     2.1167         23 0.0000e+00
     66.282   79.02334  173.96343     67.000    -1.6264    -1.6258  26.564083  26.563814    33.4490    33.4480    332.060    328.445    -0.0914     4.6593     0.1040     0.1040     0.0254     0.0214       6871     4.7705     100.00     2.4097     2.1211         21 0.0000e+00
     67.271   79.02335  173.96344     68.000    -1.6112    -1.6103  26.603577  26.603658    33.4860    33.4852    330.082    324.927    -0.0941     4.6598     0.1028     0.1028     0.0250     0.0213       6922     4.8066     100.00     2.3994     2.1050         23 0.0000e+00
     68.261   79.02336  173.96344     69.000    -1.5939    -1.5931  26.646294  26.646219    33.5251    33.5241    327.896    322.833    -0.0763     4.6600     0.1025     0.1025     0.0248     0.0220       6974     4.8425     100.00     2.3881     2.0959         20 0.0000e+00
     69.250   79.02338  173.96346     70.000    -1.5767    -1.5759  26.685869  26.685959    33.5599    33.5591    325.827    320.411    -0.0901     4.6609     0.1022     0.1022     0.0240     0.0214       7027     4.8792     100.00     2.3774     2.0851         23 0.0000e+00
     70.239   79.02338  173.96347     71.000    -1.5615    -1.5608  26.720032  26.719620    33.5893    33.5880    323.646    318.625    -0.0900     4.6617     0.1012     0.1012     0.0234     0.0214       7079     4.9150     100.00     2.3659     2.0772         19 0.0000e+00
     71.228   79.02340  173.96348     72.000    -1.5456    -1.5446  26.752504  26.752505    33.6157    33.6145    322.045    316.970    -0.0916     4.6617     0.1013     0.1013     0.0233     0.0214       7131     4.9512     100.00     2.3576     2.0700         21 0.0000e+00
     72.217   79.02340  173.96348     73.000    -1.5207    -1.5197  26.798883  26.798815    33.6510    33.6498    321.124    315.092    -0.0963     4.6620     0.1018     0.1018     0.0232     0.0212       7182     4.9865     100.00     2.3540     2.0622         22 0.0000e+00
     73.206   79.02341  173.96350     74.000    -1.5000    -1.4993  26.840825  26.840256    33.6850    33.6835    320.273    315.092    -0.0932     4.6617     0.0989     0.0989     0.0234     0.0213       7233     5.0220     100.00     2.3505     2.0634         19 0.0000e+00
     74.195   79.02342  173.96350     75.000    -1.4905    -1.4908  26.867308  26.866171    33.7102    33.7090    319.329    313.870    -0.0908     4.6623     0.0995     0.0995     0.0228     0.0214       7284     5.0579     100.00     2.3457     2.0579         16 0.0000e+00
     75.184   79.02343  173.96351     76.000    -1.4982    -1.4979  26.874832  26.873950    33.7287    33.7272    318.659    313.027    -0.0868     4.6629     0.0989     0.0989     0.0223     0.0216       7335     5.0934     100.00     2.3413     2.0534         16 0.0000e+00
     76.174   79.02344  173.96352     77.000    -1.4874    -1.4868  26.899718  26.899366    33.7503    33.7491    317.350    312.131    -0.0870     4.6620     0.0989     0.0989     0.0231     0.0215       7387     5.1292     100.00     2.3344     2.0496         16 0.0000e+00
     77.163   79.02346  173.96354     78.000    -1.4798    -1.4794  26.922498  26.921705    33.7724    33.7710    316.018    310.434    -0.0881     4.6635     0.0974     0.0974     0.0218     0.0215       7438     5.1648     100.00     2.3272     2.0417         17 0.0000e+00
     78.152   79.02346  173.96354     79.000    -1.4699    -1.4692  26.950368  26.950010    33.7991    33.7979    314.790    308.988    -0.0947     4.6606     0.0981     0.0981     0.0243     0.0212       7490     5.2005     100.00     2.3208     2.0352         19 0.0000e+00
     79.141   79.02347  173.96355     80.000    -1.4581    -1.4575  26.979299  26.978900    33.8251    33.8239    313.688    307.975    -0.1057     4.6640     0.0984     0.0984     0.0214     0.0208       7541     5.2358     100.00     2.3152     2.0309         15 0.0000e+00
     80.130   79.02348  173.96356     81.000    -1.4476    -1.4468  27.007407  27.007394    33.8513    33.8504    312.896    307.963    -0.0945     4.6643     0.0978     0.0978     0.0211     0.0212       7592     5.2713     100.00     2.3113     2.0314         16 0.0000e+00
     81.119   79.02349  173.96357     82.000    -1.4333    -1.4325  27.042754  27.042732    33.8832    33.8823    312.051    307.472    -0.1079     4.6644     0.0967     0.0967     0.0210     0.0207       7644     5.3074     100.00     2.3074     2.0298         17 0.0000e+00
     82.108   79.02350  173.96358     83.000    -1.4186    -1.4177  27.073543  27.073383    33.9084    33.9071    311.076    306.323    -0.1060     4.6643     0.0961     0.0961     0.0211     0.0208       7695     5.3432     100.00     2.3026     2.0250         15 0.0000e+00
     83.097   79.02351  173.96359     84.000    -1.3917    -1.3900  27.108978  27.109232    33.9260    33.9245    310.262    304.735    -0.1119     4.6644     0.0965     0.0965     0.0210     0.0205       7746     5.3786     100.00     2.2994     2.0184         16 0.0000e+00
     84.086   79.02352  173.96360     85.000    -1.3832    -1.3833  27.133097  27.132548    33.9490    33.9483    309.682    304.104    -0.1137     4.6638     0.0946     0.0946     0.0215     0.0205       7798     5.4147     100.00     2.2966     2.0157         16 0.0000e+00
     85.075   79.02353  173.96360     86.000    -1.3755    -1.3749  27.155816  27.155388    33.9709    33.9697    310.346    304.936    -0.1162     4.6633     0.0940     0.0940     0.0220     0.0204       7850     5.4505     100.00     2.3009     2.0202         15 0.0000e+00
     86.064   79.02354  173.96362     87.000    -1.3663    -1.3656  27.177299  27.176986    33.9893    33.9881    311.403    305.307    -0.1330     4.6631     0.0935     0.0935     0.0221     0.0197       7902     5.4867     100.00     2.3076     2.0225         16 0.0000e+00
     87.053   79.02355  173.96362     88.000    -1.3550    -1.3537  27.202504  27.202710    34.0106    34.0094    311.532    306.374    -0.1294     4.6630     0.0936     0.0936     0.0222     0.0198       7953     5.5224     100.00     2.3090     2.0284         17 0.0000e+00
     88.042   79.02356  173.96363     89.000    -1.3214    -1.3200  27.244528  27.244518    34.0296    34.0279    311.225    305.535    -0.1119     4.6629     0.0931     0.0931     0.0223     0.0205       8005     5.5581     100.00     2.3091     2.0258         16 0.0000e+00
     89.031   79.02357  173.96364     90.000    -1.3091    -1.3086  27.262179  27.261336    34.0392    34.0375    311.047    305.511    -0.1062     4.6622     0.0919     0.0919     0.0229     0.0208       8056     5.5939     100.00     2.3087     2.0261         15 0.0000e+00
     90.020   79.02358  173.96366     91.000    -1.3062    -1.3061  27.270422  27.269185    34.0466    34.0448    311.012    305.963    -0.1368     4.6623     0.0924     0.0924     0.0229     0.0195       8108     5.6297     100.00     2.3085     2.0284         18 0.0000e+00
     91.009   79.02360  173.96366     92.000    -1.3052    -1.3047  27.276306  27.275338    34.0530    34.0511    311.061    304.031    -0.1366     4.6620     0.0939     0.0939     0.0232     0.0195       8159     5.6652     100.00     2.3087     2.0187         16 0.0000e+00
     91.998   79.02360  173.96367     93.000    -1.2913    -1.2902  27.293364  27.292973    34.0600    34.0582    310.932    306.103    -0.1310     4.6624     0.0926     0.0926     0.0228     0.0197       8211     5.7012     100.00     2.3085     2.0295         17 0.0000e+00
     92.987   79.02361  173.96368     94.000    -1.2695    -1.2689  27.319313  27.318725    34.0702    34.0686    310.751    305.680    -0.1173     4.6619     0.0926     0.0926     0.0232     0.0203       8262     5.7370     100.00     2.3086     2.0283         19 0.0000e+00
     93.976   79.02362  173.96369     95.000    -1.2647    -1.2642  27.332832  27.331993    34.0826    34.0810    310.866    305.541    -0.1081     4.6615     0.0938     0.0938     0.0236     0.0207       8314     5.7732     100.00     2.3094     2.0278         17 0.0000e+00
     94.965   79.02363  173.96370     96.000    -1.2555    -1.2550  27.348290  27.347412    34.0928    34.0910    310.482    304.758    -0.1217     4.6618     0.0933     0.0933     0.0233     0.0201       8366     5.8090     100.00     2.3076     2.0243         21 0.0000e+00
     95.954   79.02364  173.96371     97.000    -1.2503    -1.2501  27.361228  27.360112    34.1040    34.1022    310.186    304.700    -0.0982     4.6619     0.0912     0.0912     0.0232     0.0211       8417     5.8445     100.00     2.3061     2.0242         18 0.0000e+00
     96.943   79.02366  173.96372     98.000    -1.2390    -1.2378  27.379890  27.379624    34.1160    34.1144    310.207    304.728    -0.1294     4.6617     0.0915     0.0915     0.0233     0.0198       8469     5.8802     100.00     2.3068     2.0248         19 0.0000e+00
     97.932   79.02366  173.96372     99.000    -1.2087    -1.2074  27.414234  27.413910    34.1281    34.1261    309.924    304.165    -0.0962     4.6618     0.0918     0.0918     0.0233     0.0212       8519     5.9155     100.00     2.3067     2.0233         21 0.0000e+00
     98.921   79.02367  173.96374    100.000    -1.1895    -1.1891  27.439049  27.438133    34.1396    34.1378    309.767    304.487    -0.1214     4.6616     0.0913     0.0913     0.0234     0.0201       8571     5.9517     100.00     2.3068     2.0257         21 0.0000e+00
     99.910   79.02368  173.96374    101.000    -1.1862    -1.1861  27.448519  27.447342    34.1483    34.1464    309.307    304.272    -0.1124     4.6614     0.0919     0.0919     0.0237     0.0205       8623     5.9873     100.00     2.3041     2.0247         19 0.0000e+00
    100.899   79.02369  173.96376    102.000    -1.2153    -1.2181  27.429220  27.425692    34.1543    34.1527    309.270    303.722    -0.1329     4.6614     0.0918     0.0918     0.0236     0.0197       8676     6.0241     100.00     2.3022     2.0204         26 0.0000e+00
    101.888   79.02371  173.96377    103.000    -1.2355    -1.2395  27.415164  27.412570    34.1574    34.1584    308.940    303.111    -0.1366     4.6627     0.0906     0.0906     0.0225     0.0195       8760     6.0827     100.00     2.2989     2.0162         23 0.0000e+00
    102.877   79.02373  173.96379    104.000    -1.2308    -1.2320  27.426009  27.425402    34.1663    34.1669    308.550    302.708    -0.1337     4.6638     0.0907     0.0907     0.0216     0.0196       8877     6.1640     100.00     2.2968     2.0145         22 0.0000e+00
    103.866   79.02374  173.96380    105.000    -1.2488    -1.2511  27.418787  27.415855    34.1763    34.1749    308.933    302.223    -0.1350     4.6642     0.0908     0.0908     0.0212     0.0196       8914     6.1893     100.00     2.2979     2.0111         20 0.0000e+00
    104.855   79.02374  173.96380    106.000    -1.2339    -1.2314  27.437602  27.438697    34.1845    34.1832    308.614    303.552    -0.1351     4.6641     0.0905     0.0905     0.0212     0.0196       8944     6.2103     100.00     2.2968     2.0185         20 0.0000e+00
    105.844   79.02375  173.96381    107.000    -1.1897    -1.1890  27.478209  27.477202    34.1892    34.1870    308.187    303.756    -0.1366     4.6642     0.0906     0.0906     0.0212     0.0195       8975     6.2316     100.00     2.2965     2.0212         20 0.0000e+00
    106.833   79.02376  173.96382    108.000    -1.1781    -1.1779  27.493271  27.491955    34.1959    34.1939    308.173    301.303    -0.1295     4.6643     0.0896     0.0896     0.0211     0.0198       9003     6.2515     100.00     2.2969     2.0095         18 0.0000e+00
    107.822   79.02376  173.96382    109.000    -1.1678    -1.1675  27.509377  27.508183    34.2056    34.2037    308.258    301.461    -0.1003     4.6639     0.0895     0.0895     0.0214     0.0210       9030     6.2703     100.00     2.2979     2.0107         17 0.0000e+00
    108.811   79.02376  173.96382    110.000    -1.1616    -1.1615  27.522297  27.520914    34.2156    34.2136    308.409    300.985    -0.1345     4.6640     0.0898     0.0898     0.0213     0.0196       9057     6.2891     100.00     2.2990     2.0085         15 0.0000e+00
    109.799   79.02378  173.96382    111.000    -1.1615    -1.1610  27.527463  27.526396    34.2220    34.2199    308.511    302.543    -0.1350     4.6638     0.0914     0.0914     0.0215     0.0196       9084     6.3080     100.00     2.2994     2.0161         19 0.0000e+00
    110.788   79.02378  173.96384    112.000    -1.1525    -1.1526  27.540485  27.539124    34.2289    34.2271    308.372    302.424    -0.1328     4.6640     0.0907     0.0907     0.0214     0.0197       9111     6.3267     100.00     2.2990     2.0158         16 0.0000e+00
    111.777   79.02378  173.96384    113.000    -1.1984    -1.2007  27.508517  27.505389    34.2368    34.2353    308.626    303.495    -0.1029     4.6637     0.0906     0.0906     0.0216     0.0209       9138     6.3455     100.00     2.2978     2.0188         21 0.0000e+00
    112.766   79.02378  173.96384    114.000    -1.2161    -1.2160  27.501734  27.500503    34.2472    34.2453    308.260    304.065    -0.1327     4.6622     0.0905     0.0905     0.0230     0.0197       9166     6.3643     100.00     2.2947     2.0209         18 0.0000e+00
    113.755   79.02379  173.96384    115.000    -1.2145    -1.2143  27.508332  27.506913    34.2538    34.2516    307.787    302.474    -0.1344     4.6628     0.0906     0.0906     0.0224     0.0196       9192     6.3828     100.00     2.2918     2.0130         14 0.0000e+00
    114.744   79.02380  173.96385    116.000    -1.2101    -1.2098  27.517629  27.516463    34.2609    34.2589    306.925    303.112    -0.1306     4.6620     0.0884     0.0884     0.0231     0.0198       9219     6.4017     100.00     2.2869     2.0162         15 0.0000e+00
    115.733   79.02380  173.96386    117.000    -1.1967    -1.1962  27.534377  27.533525    34.2680    34.2661    305.922    302.187    -0.1332     4.6629     0.0898     0.0898     0.0223     0.0196       9247     6.4208     100.00     2.2816     2.0121         18 0.0000e+00
