Continuous CTD Data/SBE Stage/nabos_11_01.ros
* Sea-Bird SBE 9 Data File:
* FileName = D:\CTD\data\HLY2502\raw\NABOS_11_01.hex
* Software Version Seasave V 7.26.7.110
* Temperature SN = 6954
* Conductivity SN = 2561
* Number of Bytes Per Scan = 37
* Number of Voltage Words = 4
* Number of Scans Averaged by the Deck Unit = 1
* NMEA Latitude = 77 00.90 N
* NMEA Longitude = 177 56.55 W
* NMEA UTC (Time) = Sep 16 2025  10:26:07
* NMEA baud rate = 9600
** Ship: USCG HEALY
** Bot. Depth:  1320
** Cast Number:  01
** Station Name:  NABOS
** Station Number:  11
** Operator:  STARC
# nquan = 25
# nvalues = 1029                                  
# units = specified
# name 0 = depSM: Depth [salt water, m]
# name 1 = latitude: Latitude [deg]
# name 2 = longitude: Longitude [deg]
# name 3 = prDM: Pressure, Digiquartz [db]
# name 4 = t090C: Temperature [ITS-90, deg C]
# name 5 = t190C: Temperature, 2 [ITS-90, deg C]
# name 6 = c0mS/cm: Conductivity [mS/cm]
# name 7 = c1mS/cm: Conductivity, 2 [mS/cm]
# name 8 = sal00: Salinity, Practical [PSU]
# name 9 = sal11: Salinity, Practical, 2 [PSU]
# name 10 = sbox0Mm/Kg: Oxygen, SBE 43 [umol/kg]
# name 11 = sbox1Mm/Kg: Oxygen, SBE 43, 2 [umol/kg]
# name 12 = flECO-AFL: Fluorescence, WET Labs ECO-AFL/FL [mg/m^3]
# name 13 = v2: Voltage 2
# name 14 = wetCDOM: Fluorescence, WET Labs CDOM [mg/m^3]
# name 15 = v6: Voltage 6
# name 16 = CStarAt0: Beam Attenuation, WET Labs C-Star [1/m]
# name 17 = v3: Voltage 3
# name 18 = scan: Scan Count
# name 19 = timeM: Time, Elapsed [minutes]
# name 20 = altM: Altimeter [m]
# name 21 = sbeox0V: Oxygen raw, SBE 43 [V]
# name 22 = sbeox1V: Oxygen raw, SBE 43, 2 [V]
# name 23 = nbf: Bottles Fired
# name 24 = flag:  0.000e+00
# interval = seconds: 0.0416667
# start_time = Sep 16 2025 10:26:07 [NMEA time, header]
# bad_flag = -9.990e-29
*END*
[from data line 928]
     19.879   77.02110 -177.95588     20.090    -1.5094    -1.5087  24.498613  24.496156    30.5095    30.5054    380.826    379.649     0.3823     4.6032     0.1184     0.1184     0.0739     0.0403     109739    76.2069     100.00     2.6619     2.3462         19  0.000e+00
     19.895   77.02110 -177.95588     20.107    -1.5091    -1.5085  24.498381  24.496102    30.5090    30.5052    380.826    380.155     0.3823     4.6032     0.1197     0.1197     0.0739     0.0403     109740    76.2076     100.00     2.6619     2.3486         19  0.000e+00
     19.821   77.02110 -177.95588     20.032    -1.5094    -1.5083  24.498149  24.495556    30.5089    30.5043    381.040    379.645     0.3823     4.6032     0.1197     0.1197     0.0739     0.0403     109741    76.2083     100.00     2.6631     2.3462         19  0.000e+00
     10.040   77.02124 -177.95584     10.147    -1.5875    -1.5817  23.573931  23.588772    29.3320    29.3465    375.016    365.777     0.3213     4.6068     0.1123     0.1123     0.0707     0.0379     111884    77.6965     100.00     2.6067     2.2618         20  0.000e+00
      9.983   77.02124 -177.95584     10.089    -1.5876    -1.5820  23.573931  23.588664    29.3322    29.3467    375.014    365.521     0.3213     4.6068     0.1123     0.1123     0.0707     0.0379     111885    77.6972     100.00     2.6067     2.2605         20  0.000e+00
      9.975   77.02124 -177.95584     10.081    -1.5876    -1.5820  23.573759  23.588502    29.3320    29.3465    375.015    365.009     0.3213     4.6068     0.1123     0.1123     0.0707     0.0379     111886    77.6979     100.00     2.6067     2.2581         20  0.000e+00
     10.049   77.02124 -177.95584     10.155    -1.5876    -1.5824  23.574217  23.588341    29.3326    29.3467    375.233    364.760     0.3518     4.6081     0.1123     0.1123     0.0697     0.0391     111887    77.6986     100.00     2.6079     2.2569         20  0.000e+00
     10.040   77.02124 -177.95584     10.147    -1.5876    -1.5823  23.574217  23.588341    29.3326    29.3465    375.016    364.759     0.3518     4.6068     0.1123     0.1123     0.0707     0.0391     111888    77.6993     100.00     2.6067     2.2569         20  0.000e+00
      9.983   77.02124 -177.95584     10.089    -1.5875    -1.5826  23.573874  23.588448    29.3320    29.3470    375.013    365.271     0.3213     4.6068     0.1123     0.1123     0.0707     0.0379     111889    77.7000     100.00     2.6067     2.2593         20  0.000e+00
     10.040   77.02124 -177.95584     10.147    -1.5875    -1.5824  23.573702  23.588556    29.3317    29.3469    375.017    365.528     0.2908     4.6068     0.1123     0.1123     0.0707     0.0366     111890    77.7007     100.00     2.6067     2.2605         20  0.000e+00
      9.975   77.02124 -177.95584     10.081    -1.5876    -1.5827  23.573874  23.588395    29.3321    29.3471    375.231    365.528     0.3213     4.6068     0.1123     0.1123     0.0707     0.0379     111891    77.7014     100.00     2.6079     2.2605         20  0.000e+00
     10.049   77.02124 -177.95584     10.155    -1.5876    -1.5827  23.574103  23.588449    29.3324    29.3471    375.017    366.044     0.3213     4.6068     0.1123     0.1123     0.0707     0.0379     111892    77.7021     100.00     2.6067     2.2630         20  0.000e+00
      9.975   77.02124 -177.95584     10.081    -1.5876    -1.5829  23.574331  23.588179    29.3328    29.3469    375.229    366.555     0.3213     4.6068     0.1123     0.1123     0.0707     0.0379     111893    77.7028     100.00     2.6079     2.2654         20  0.000e+00
     10.049   77.02124 -177.95584     10.155    -1.5875    -1.5829  23.574561  23.588233    29.3329    29.3470    375.230    366.558     0.3518     4.6081     0.1123     0.1123     0.0697     0.0391     111894    77.7035     100.00     2.6079     2.2654         20  0.000e+00
      9.975   77.02124 -177.95584     10.081    -1.5876    -1.5824  23.574446  23.588287    29.3329    29.3466    375.445    366.294     0.3213     4.6068     0.1123     0.1123     0.0707     0.0379     111895    77.7042     100.00     2.6091     2.2642         20  0.000e+00
     10.049   77.02124 -177.95584     10.155    -1.5875    -1.5824  23.574103  23.588179    29.3322    29.3464    375.016    365.786     0.2908     4.6068     0.1123     0.1123     0.0707     0.0366     111896    77.7049     100.00     2.6067     2.2618         20  0.000e+00
     10.040   77.02124 -177.95584     10.147    -1.5876    -1.5823  23.574274  23.588018    29.3326    29.3461    375.232    365.272     0.3213     4.6068     0.1123     0.1123     0.0707     0.0379     111897    77.7056     100.00     2.6079     2.2593         20  0.000e+00
      9.983   77.02124 -177.95584     10.089    -1.5880    -1.5824  23.574389  23.588072    29.3332    29.3463    375.232    365.270     0.2908     4.6068     0.1123     0.1123     0.0707     0.0366     111898    77.7062     100.00     2.6079     2.2593         20  0.000e+00
     10.040   77.02124 -177.95584     10.147    -1.5878    -1.5824  23.574561  23.588125    29.3332    29.3464    375.233    365.273     0.2908     4.6068     0.1123     0.1123     0.0707     0.0366     111899    77.7069     100.00     2.6079     2.2593         20  0.000e+00
      9.983   77.02124 -177.95584     10.089    -1.5880    -1.5824  23.574675  23.588233    29.3336    29.3465    375.014    365.526     0.2908     4.6068     0.1123     0.1123     0.0707     0.0366     111900    77.7076     100.00     2.6067     2.2605         20  0.000e+00
      9.975   77.02124 -177.95584     10.081    -1.5876    -1.5823  23.574789  23.588125    29.3334    29.3463    375.227    365.525     0.2908     4.6068     0.1123     0.1123     0.0707     0.0366     111901    77.7083     100.00     2.6079     2.2605         20  0.000e+00
     10.049   77.02124 -177.95584     10.155    -1.5875    -1.5826  23.574503  23.587964    29.3328    29.3463    375.230    365.276     0.2908     4.6068     0.1123     0.1123     0.0707     0.0366     111902    77.7090     100.00     2.6079     2.2593         20  0.000e+00
      9.975   77.02124 -177.95584     10.081    -1.5870    -1.5824  23.574618  23.587802    29.3325    29.3460    375.006    365.015     0.2908     4.6056     0.1123     0.1123     0.0718     0.0366     111903    77.7097     100.00     2.6067     2.2581         20  0.000e+00
     10.049   77.02124 -177.95584     10.155    -1.5867    -1.5824  23.574446  23.587856    29.3319    29.3460    375.007    364.506     0.2602     4.6068     0.1123     0.1123     0.0707     0.0354     111904    77.7104     100.00     2.6067     2.2557         20  0.000e+00
      9.975   77.02124 -177.95584     10.081    -1.5869    -1.5826  23.574045  23.587802    29.3316    29.3461    375.224    364.504     0.2908     4.6068     0.1123     0.1123     0.0707     0.0366     111905    77.7111     100.00     2.6079     2.2557         20  0.000e+00
     10.049   77.02124 -177.95584     10.155    -1.5867    -1.5826  23.573931  23.587856    29.3313    29.3462    375.226    364.763     0.2908     4.6068     0.1123     0.1123     0.0707     0.0366     111906    77.7118     100.00     2.6079     2.2569         20  0.000e+00
     10.040   77.02124 -177.95584     10.147    -1.5869    -1.5827  23.573931  23.587910    29.3315    29.3464    375.444    365.020     0.2908     4.6068     0.1123     0.1123     0.0707     0.0366     111907    77.7125     100.00     2.6091     2.2581         20  0.000e+00
      9.975   77.02124 -177.95584     10.081    -1.5871    -1.5827  23.573587  23.587802    29.3312    29.3463    375.227    365.273     0.2908     4.6068     0.1123     0.1123     0.0707     0.0366     111908    77.7132     100.00     2.6079     2.2593         20  0.000e+00
      9.983   77.02124 -177.95584     10.089    -1.5872    -1.5829  23.573473  23.587856    29.3311    29.3465    375.229    365.275     0.2908     4.6068     0.1123     0.1123     0.0707     0.0366     111909    77.7139     100.00     2.6079     2.2593         20  0.000e+00
     10.040   77.02124 -177.95584     10.147    -1.5875    -1.5829  23.573702  23.587695    29.3317    29.3463    375.233    365.791     0.2908     4.6068     0.1123     0.1123     0.0707     0.0366     111910    77.7146     100.00     2.6079     2.2618         20  0.000e+00
      9.983   77.02124 -177.95584     10.089    -1.5876    -1.5827  23.573358  23.588125    29.3314    29.3467    375.016    366.554     0.2602     4.6068     0.1123     0.1123     0.0707     0.0354     111911    77.7153     100.00     2.6067     2.2654         20  0.000e+00
     10.040   77.02124 -177.95584     10.147    -1.5876    -1.5831  23.573416  23.587802    29.3315    29.3466    375.236    366.817     0.2908     4.6068     0.1123     0.1123     0.0707     0.0366     111912    77.7160     100.00     2.6079     2.2666         20  0.000e+00
     10.049   77.02124 -177.95584     10.155    -1.5875    -1.5827  23.573645  23.587802    29.3316    29.3462    375.234    366.558     0.2908     4.6068     0.1123     0.1123     0.0707     0.0366     111913    77.7167     100.00     2.6079     2.2654         20  0.000e+00
     10.040   77.02124 -177.95584     10.147    -1.5876    -1.5826  23.573358  23.587641    29.3314    29.3459    375.236    366.045     0.2908     4.6068     0.1111     0.1111     0.0707     0.0366     111914    77.7174     100.00     2.6079     2.2630         20  0.000e+00
      9.983   77.02124 -177.95584     10.089    -1.5876    -1.5824  23.573473  23.587964    29.3316    29.3462    375.016    365.783     0.2908     4.6068     0.1123     0.1123     0.0707     0.0366     111915    77.7181     100.00     2.6067     2.2618         20  0.000e+00
      9.975   77.02124 -177.95584     10.081    -1.5875    -1.5826  23.573645  23.587695    29.3317    29.3460    375.230    366.041     0.2908     4.6068     0.1111     0.1111     0.0707     0.0366     111916    77.7188     100.00     2.6079     2.2630         20  0.000e+00
      9.983   77.02124 -177.95584     10.089    -1.5876    -1.5824  23.573358  23.587264    29.3314    29.3452    375.016    366.298     0.2908     4.6068     0.1123     0.1123     0.0707     0.0366     111917    77.7194     100.00     2.6067     2.2642         20  0.000e+00
     10.040   77.02124 -177.95584     10.147    -1.5878    -1.5826  23.573244  23.587372    29.3314    29.3455    375.454    366.302     0.2908     4.6068     0.1123     0.1123     0.0707     0.0366     111918    77.7201     100.00     2.6091     2.2642         20  0.000e+00
     10.049   77.02124 -177.95584     10.155    -1.5876    -1.5827  23.572901  23.587156    29.3308    29.3453    375.021    366.817     0.2908     4.6068     0.1123     0.1123     0.0707     0.0366     111919    77.7208     100.00     2.6067     2.2666         20  0.000e+00
      9.975   77.02124 -177.95584     10.081    -1.5878    -1.5827  23.573129  23.587318    29.3313    29.3456    375.018    366.813     0.2908     4.6068     0.1123     0.1123     0.0707     0.0366     111920    77.7215     100.00     2.6067     2.2666         20  0.000e+00
     10.049   77.02124 -177.95584     10.155    -1.5876    -1.5829  23.572729  23.587049    29.3305    29.3454    375.239    366.819     0.3213     4.6068     0.1123     0.1123     0.0707     0.0379     111921    77.7222     100.00     2.6079     2.2666         20  0.000e+00
      9.975   77.02124 -177.95584     10.081    -1.5880    -1.5832  23.572614  23.587048    29.3307    29.3457    375.022    366.818     0.3213     4.6068     0.1123     0.1123     0.0707     0.0379     111922    77.7229     100.00     2.6067     2.2666         20  0.000e+00
     10.049   77.02124 -177.95584     10.155    -1.5879    -1.5834  23.572901  23.586779    29.3310    29.3455    375.024    366.568     0.3213     4.6056     0.1123     0.1123     0.0718     0.0379     111923    77.7236     100.00     2.6067     2.2654         20  0.000e+00
      9.975   77.02124 -177.95584     10.081    -1.5878    -1.5835  23.572843  23.586618    29.3309    29.3454    375.019    366.309     0.3518     4.6056     0.1123     0.1123     0.0718     0.0391     111924    77.7243     100.00     2.6067     2.2642         20  0.000e+00
     10.040   77.02124 -177.95584     10.147    -1.5878    -1.5835  23.572786  23.586672    29.3308    29.3455    375.239    365.544     0.3213     4.6068     0.1123     0.1123     0.0707     0.0379     111925    77.7250     100.00     2.6079     2.2605         20  0.000e+00
      9.983   77.02124 -177.95584     10.089    -1.5878    -1.5835  23.572786  23.586725    29.3308    29.3456    375.236    365.028     0.3213     4.6068     0.1123     0.1123     0.0707     0.0379     111926    77.7257     100.00     2.6079     2.2581         20  0.000e+00
     10.040   77.02124 -177.95584     10.147    -1.5880    -1.5831  23.572958  23.586456    29.3312    29.3447    375.024    364.772     0.2908     4.6056     0.1123     0.1123     0.0718     0.0366     111927    77.7264     100.00     2.6067     2.2569         20  0.000e+00
      9.983   77.02124 -177.95584     10.089    -1.5876    -1.5832  23.572843  23.586241    29.3307    29.3446    375.235    365.027     0.3213     4.6068     0.1123     0.1123     0.0707     0.0379     111928    77.7271     100.00     2.6079     2.2581         20  0.000e+00
     10.040   77.02124 -177.95584     10.147    -1.5876    -1.5829  23.572672  23.586241    29.3305    29.3443    375.238    365.797     0.3213     4.6056     0.1123     0.1123     0.0718     0.0379     111929    77.7278     100.00     2.6079     2.2618         20  0.000e+00
     10.049   77.02124 -177.95584     10.155    -1.5878    -1.5827  23.572729  23.585971    29.3306    29.3437    375.240    366.565     0.3213     4.6068     0.1136     0.1136     0.0707     0.0379     111930    77.7285     100.00     2.6079     2.2654         20  0.000e+00
     10.040   77.02124 -177.95584     10.147    -1.5880    -1.5829  23.572614  23.585971    29.3307    29.3439    375.025    367.079     0.2908     4.6056     0.1123     0.1123     0.0718     0.0366     111931    77.7292     100.00     2.6067     2.2679         20  0.000e+00
      9.983   77.02124 -177.95584     10.089    -1.5880    -1.5827  23.572900  23.586025    29.3311    29.3438    375.237    367.074     0.3213     4.6056     0.1136     0.1136     0.0718     0.0379     111932    77.7299     100.00     2.6079     2.2679         20  0.000e+00
      4.125   77.02140 -177.95576      4.168    -1.5953    -1.5951  23.563100  23.562269    29.3284    29.3270    374.777    365.140     0.2908     4.6056     0.1123     0.1123     0.0718     0.0366     114449    79.4778     100.00     2.6064     2.2591         21  0.000e+00
      4.182   77.02140 -177.95576      4.226    -1.5948    -1.5953  23.563157  23.561946    29.3279    29.3267    374.775    365.146     0.2908     4.6056     0.1123     0.1123     0.0718     0.0366     114450    79.4785     100.00     2.6064     2.2591         21  0.000e+00
      4.190   77.02140 -177.95576      4.235    -1.5941    -1.5953  23.563329  23.561677    29.3274    29.3263    374.769    365.147     0.2602     4.6056     0.1123     0.1123     0.0718     0.0354     114451    79.4792     100.00     2.6064     2.2591         21  0.000e+00
      4.125   77.02140 -177.95576      4.168    -1.5938    -1.5954  23.563729  23.561784    29.3277    29.3266    374.762    365.400     0.2602     4.6056     0.1123     0.1123     0.0718     0.0354     114452    79.4799     100.00     2.6064     2.2603         21  0.000e+00
      4.125   77.02140 -177.95576      4.168    -1.5937    -1.5954  23.563844  23.562000    29.3277    29.3270    374.760    365.656     0.2602     4.6056     0.1111     0.1111     0.0718     0.0354     114453    79.4806     100.00     2.6064     2.2616         21  0.000e+00
