Continuous CTD Data/SBE Stage/nabos_35_01.ros
* Sea-Bird SBE 9 Data File:
* FileName = D:\CTD\data\HLY2502\raw\NABOS_35_01.hex
* Software Version Seasave V 7.26.7.110
* Temperature SN = 6954
* Conductivity SN = 2561
* Number of Bytes Per Scan = 37
* Number of Voltage Words = 4
* Number of Scans Averaged by the Deck Unit = 1
* NMEA Latitude = 79 33.18 N
* NMEA Longitude = 135 18.37 E
* NMEA UTC (Time) = Sep 24 2025  06:03:21
* NMEA baud rate = 9600
** Ship: USCG HEALY
** Bot. Depth:  3187
** Cast Number:  01
** Station Name:  NABOS
** Station Number:  35
** Operator:  STARC
** Cast to 1200 m
# nquan = 25
# nvalues = 1029                                  
# units = specified
# name 0 = depSM: Depth [salt water, m]
# name 1 = latitude: Latitude [deg]
# name 2 = longitude: Longitude [deg]
# name 3 = prDM: Pressure, Digiquartz [db]
# name 4 = t090C: Temperature [ITS-90, deg C]
# name 5 = t190C: Temperature, 2 [ITS-90, deg C]
# name 6 = c0mS/cm: Conductivity [mS/cm]
# name 7 = c1mS/cm: Conductivity, 2 [mS/cm]
# name 8 = sal00: Salinity, Practical [PSU]
# name 9 = sal11: Salinity, Practical, 2 [PSU]
# name 10 = sbox0Mm/Kg: Oxygen, SBE 43 [umol/kg]
# name 11 = sbox1Mm/Kg: Oxygen, SBE 43, 2 [umol/kg]
# name 12 = flECO-AFL: Fluorescence, WET Labs ECO-AFL/FL [mg/m^3]
# name 13 = v2: Voltage 2
# name 14 = wetCDOM: Fluorescence, WET Labs CDOM [mg/m^3]
# name 15 = v6: Voltage 6
# name 16 = CStarAt0: Beam Attenuation, WET Labs C-Star [1/m]
# name 17 = v3: Voltage 3
# name 18 = scan: Scan Count
# name 19 = timeM: Time, Elapsed [minutes]
# name 20 = altM: Altimeter [m]
# name 21 = sbeox0V: Oxygen raw, SBE 43 [V]
# name 22 = sbeox1V: Oxygen raw, SBE 43, 2 [V]
# name 23 = nbf: Bottles Fired
# name 24 = flag:  0.000e+00
# interval = seconds: 0.0416667
# start_time = Sep 24 2025 06:03:21 [NMEA time, header]
# bad_flag = -9.990e-29
*END*
[from data line 522]
    114.942   79.55744  135.26796    116.202    -0.8961    -0.8958  27.742386  27.741160    34.2099    34.2078    314.786    310.252    -0.1366     4.6044     0.0855     0.0855     0.0728     0.0195      94869    65.8806     100.00     2.3495     2.0653         11  0.000e+00
    114.909   79.55744  135.26796    116.169    -0.8964    -0.8958  27.742568  27.741331    34.2104    34.2081    314.785    310.495    -0.1061     4.6044     0.0855     0.0855     0.0728     0.0208      94870    65.8812     100.00     2.3495     2.0666         11  0.000e+00
    114.942   79.55744  135.26796    116.202    -0.8963    -0.8960  27.742265  27.741274    34.2099    34.2082    314.580    310.988    -0.1366     4.6032     0.0867     0.0867     0.0739     0.0195      94871    65.8819     100.00     2.3483     2.0690         11  0.000e+00
    114.966   79.55744  135.26796    116.227    -0.8961    -0.8960  27.742325  27.740703    34.2098    34.2074    314.787    311.481    -0.1366     4.6044     0.0867     0.0867     0.0728     0.0195      94872    65.8826     100.00     2.3495     2.0714         11  0.000e+00
    114.942   79.55744  135.26796    116.202    -0.8961    -0.8966  27.742386  27.740304    34.2099    34.2075    314.786    311.730    -0.1061     4.6032     0.0855     0.0855     0.0739     0.0208      94873    65.8833     100.00     2.3495     2.0727         11  0.000e+00
    114.942   79.55744  135.26796    116.202    -0.8965    -0.8967  27.742204  27.739676    34.2101    34.2069    314.789    311.488    -0.1366     4.6044     0.0855     0.0855     0.0728     0.0195      94874    65.8840     100.00     2.3495     2.0714         11  0.000e+00
    114.909   79.55744  135.26796    116.169    -0.8964    -0.8974  27.742507  27.739276    34.2104    34.2072    314.786    311.738    -0.1366     4.6032     0.0867     0.0867     0.0739     0.0195      94875    65.8847     100.00     2.3495     2.0727         11  0.000e+00
    114.942   79.55744  135.26796    116.202    -0.8961    -0.8976  27.742265  27.739219    34.2097    34.2073    314.786    311.741    -0.1366     4.6032     0.0867     0.0867     0.0739     0.0195      94876    65.8854     100.00     2.3495     2.0727         11  0.000e+00
    114.966   79.55744  135.26796    116.227    -0.8964    -0.8974  27.742143  27.739162    34.2098    34.2070    314.789    311.741    -0.1366     4.6032     0.0879     0.0879     0.0739     0.0195      94877    65.8861     100.00     2.3495     2.0727         11  0.000e+00
    114.884   79.55744  135.26794    116.144    -0.8964    -0.8982  27.741900  27.738192    34.2096    34.2066    314.580    311.746    -0.1366     4.6032     0.0867     0.0867     0.0739     0.0195      94878    65.8868     100.00     2.3483     2.0727         11  0.000e+00
    114.942   79.55744  135.26794    116.202    -0.8967    -0.8988  27.741840  27.737678    34.2098    34.2065    314.585    311.754    -0.1366     4.6032     0.0867     0.0867     0.0739     0.0195      94879    65.8875     100.00     2.3483     2.0727         11  0.000e+00
    114.909   79.55744  135.26794    116.169    -0.8969    -0.8990  27.741051  27.737621    34.2090    34.2067    314.587    311.263    -0.1366     4.6032     0.0879     0.0879     0.0739     0.0195      94880    65.8882     100.00     2.3483     2.0702         11  0.000e+00
    114.942   79.55744  135.26794    116.202    -0.8979    -0.8987  27.739777  27.737964    34.2083    34.2068    314.806    310.771    -0.1366     4.6032     0.0867     0.0867     0.0739     0.0195      94881    65.8889     100.00     2.3495     2.0678         11  0.000e+00
    114.909   79.55744  135.26794    116.169    -0.8991    -0.8983  27.738563  27.738477    34.2080    34.2071    314.817    310.276    -0.1061     4.6044     0.0879     0.0879     0.0728     0.0208      94882    65.8896     100.00     2.3495     2.0653         11  0.000e+00
    114.942   79.55744  135.26794    116.202    -0.8995    -0.8978  27.738381  27.739048    34.2083    34.2072    315.029    309.781    -0.1366     4.6044     0.0867     0.0867     0.0728     0.0195      94883    65.8903     100.00     2.3507     2.0629         11  0.000e+00
    114.884   79.55744  135.26794    116.144    -0.9000    -0.8978  27.737835  27.738820    34.2081    34.2070    314.824    309.289    -0.1366     4.6032     0.0867     0.0867     0.0739     0.0195      94884    65.8910     100.00     2.3495     2.0604         11  0.000e+00
    114.909   79.55744  135.26794    116.169    -0.9007    -0.8973  27.736803  27.738705    34.2075    34.2062    314.834    308.797    -0.1366     4.6044     0.0879     0.0879     0.0728     0.0195      94885    65.8917     100.00     2.3495     2.0580         11  0.000e+00
    100.367   79.55760  135.26598    101.464    -1.2394    -1.2383  27.348893  27.347827    34.0718    34.0692    321.488    314.876    -0.1366     4.6117     0.0867     0.0867     0.0665     0.0195      97595    67.7736     100.00     2.3712     2.0736         12  0.000e+00
    100.359   79.55760  135.26598    101.456    -1.2388    -1.2383  27.349255  27.347997    34.0717    34.0694    321.482    315.123    -0.1366     4.6117     0.0867     0.0867     0.0665     0.0195      97596    67.7743     100.00     2.3712     2.0749         12  0.000e+00
    100.310   79.55760  135.26598    101.406    -1.2386    -1.2380  27.349858  27.348110    34.0723    34.0692    321.686    314.871    -0.1366     4.6117     0.0867     0.0867     0.0665     0.0195      97597    67.7750     100.00     2.3724     2.0736         12  0.000e+00
    100.367   79.55760  135.26598    101.464    -1.2385    -1.2382  27.349919  27.347883    34.0722    34.0690    321.478    314.875    -0.1366     4.6117     0.0867     0.0867     0.0665     0.0195      97598    67.7757     100.00     2.3712     2.0736         12  0.000e+00
    100.359   79.55760  135.26598    101.456    -1.2383    -1.2382  27.349919  27.347827    34.0720    34.0690    321.685    315.370    -0.1366     4.6117     0.0879     0.0879     0.0665     0.0195      97599    67.7764     100.00     2.3724     2.0761         12  0.000e+00
    100.367   79.55760  135.26598    101.464    -1.2383    -1.2386  27.349738  27.348054    34.0718    34.0698    321.687    315.620    -0.1366     4.6129     0.0867     0.0867     0.0654     0.0195      97600    67.7771     100.00     2.3724     2.0773         12  0.000e+00
    100.310   79.55760  135.26598    101.406    -1.2386    -1.2386  27.349255  27.347486    34.0715    34.0691    321.479    315.372    -0.1366     4.6117     0.0867     0.0867     0.0665     0.0195      97601    67.7778     100.00     2.3712     2.0761         12  0.000e+00
    100.417   79.55760  135.26598    101.514    -1.2394    -1.2389  27.348531  27.347259    34.0713    34.0690    321.700    315.627    -0.1366     4.6129     0.0879     0.0879     0.0654     0.0195      97602    67.7785     100.00     2.3724     2.0773         12  0.000e+00
    100.310   79.55760  135.26598    101.406    -1.2401    -1.2388  27.348349  27.347259    34.0719    34.0689    321.492    315.868    -0.1061     4.6129     0.0867     0.0867     0.0654     0.0208      97603    67.7792     100.00     2.3712     2.0785         12  0.000e+00
    100.367   79.55760  135.26598    101.464    -1.2405    -1.2388  27.347987  27.347145    34.0718    34.0687    321.707    315.871    -0.1366     4.6117     0.0879     0.0879     0.0665     0.0195      97604    67.7799     100.00     2.3724     2.0785         12  0.000e+00
    100.293   79.55760  135.26598    101.389    -1.2407    -1.2394  27.347685  27.346805    34.0717    34.0690    321.707    315.626    -0.1061     4.6117     0.0879     0.0879     0.0665     0.0208      97605    67.7806     100.00     2.3724     2.0773         12  0.000e+00
    100.310   79.55760  135.26598    101.406    -1.2407    -1.2400  27.347565  27.345385    34.0716    34.0677    321.708    315.636    -0.1366     4.6117     0.0879     0.0879     0.0665     0.0195      97606    67.7813     100.00     2.3724     2.0773         12  0.000e+00
    100.367   79.55760  135.26598    101.464    -1.2408    -1.2415  27.347746  27.343966    34.0718    34.0675    321.501    315.653    -0.1366     4.6117     0.0867     0.0867     0.0665     0.0195      97607    67.7819     100.00     2.3712     2.0773         12  0.000e+00
    100.293   79.55760  135.26598    101.390    -1.2403    -1.2434  27.348047  27.342036    34.0717    34.0670    321.703    315.421    -0.1366     4.6117     0.0867     0.0867     0.0665     0.0195      97608    67.7826     100.00     2.3724     2.0761         12  0.000e+00
    100.367   79.55760  135.26598    101.464    -1.2401    -1.2459  27.348651  27.339992    34.0723    34.0671    321.703    315.201    -0.1366     4.6117     0.0879     0.0879     0.0665     0.0195      97609    67.7833     100.00     2.3724     2.0749         12  0.000e+00
    100.310   79.55760  135.26598    101.406    -1.2399    -1.2473  27.348893  27.338913    34.0724    34.0672    321.698    315.212    -0.1366     4.6117     0.0879     0.0879     0.0665     0.0195      97610    67.7840     100.00     2.3724     2.0749         12  0.000e+00
    100.359   79.55760  135.26598    101.456    -1.2395    -1.2481  27.349074  27.338062    34.0722    34.0669    321.696    314.974    -0.1061     4.6117     0.0891     0.0891     0.0665     0.0208      97611    67.7847     100.00     2.3724     2.0736         12  0.000e+00
    100.310   79.55760  135.26598    101.406    -1.2394    -1.2495  27.348953  27.337154    34.0720    34.0673    321.485    314.737    -0.1061     4.6129     0.0879     0.0879     0.0654     0.0208      97612    67.7854     100.00     2.3712     2.0724         12  0.000e+00
    100.310   79.55760  135.26598    101.406    -1.2392    -1.2506  27.349134  27.336472    34.0720    34.0675    321.692    314.746    -0.1366     4.6117     0.0879     0.0879     0.0665     0.0195      97613    67.7861     100.00     2.3724     2.0724         12  0.000e+00
    100.310   79.55760  135.26598    101.406    -1.2388    -1.2510  27.349375  27.336870    34.0719    34.0685    321.480    314.500    -0.1061     4.6117     0.0879     0.0879     0.0665     0.0208      97614    67.7868     100.00     2.3712     2.0712         12  0.000e+00
    100.294   79.55760  135.26596    101.390    -1.2391    -1.2507  27.349436  27.337324    34.0722    34.0688    321.689    314.001    -0.1366     4.6117     0.0879     0.0879     0.0665     0.0195      97615    67.7875     100.00     2.3724     2.0688         12  0.000e+00
    100.310   79.55760  135.26596    101.406    -1.2389    -1.2489  27.348832  27.339368    34.0712    34.0696    321.482    313.735    -0.1366     4.6117     0.0879     0.0879     0.0665     0.0195      97616    67.7882     100.00     2.3712     2.0675         12  0.000e+00
    100.310   79.55760  135.26596    101.406    -1.2391    -1.2464  27.349194  27.341525    34.0720    34.0697    321.482    313.959    -0.1366     4.6117     0.0879     0.0879     0.0665     0.0195      97617    67.7889     100.00     2.3712     2.0688         12  0.000e+00
    100.294   79.55760  135.26596    101.390    -1.2392    -1.2447  27.349013  27.343625    34.0719    34.0707    321.692    314.188    -0.1061     4.6117     0.0879     0.0879     0.0665     0.0208      97618    67.7896     100.00     2.3724     2.0700         12  0.000e+00
    100.310   79.55760  135.26596    101.406    -1.2397    -1.2432  27.348108  27.344988    34.0711    34.0708    321.490    314.173    -0.1366     4.6117     0.0879     0.0879     0.0665     0.0195      97619    67.7903     100.00     2.3712     2.0700         12  0.000e+00
    100.252   79.55760  135.26596    101.348    -1.2405    -1.2418  27.347263  27.345783    34.0709    34.0704    321.704    314.406    -0.1061     4.6117     0.0879     0.0879     0.0665     0.0208      97620    67.7910     100.00     2.3724     2.0712         12  0.000e+00
    100.294   79.55760  135.26596    101.390    -1.2419    -1.2415  27.345935  27.345953    34.0706    34.0702    321.511    314.405    -0.1366     4.6129     0.0879     0.0879     0.0654     0.0195      97621    67.7917     100.00     2.3712     2.0712         12  0.000e+00
    100.310   79.55760  135.26596    101.406    -1.2434    -1.2410  27.344124  27.345783    34.0698    34.0695    321.738    314.404    -0.1366     4.6117     0.0879     0.0879     0.0665     0.0195      97622    67.7924     100.00     2.3724     2.0712         12  0.000e+00
    100.310   79.55760  135.26596    101.406    -1.2451    -1.2412  27.342856  27.345556    34.0701    34.0693    321.754    314.405    -0.1366     4.6129     0.0879     0.0879     0.0654     0.0195      97623    67.7931     100.00     2.3724     2.0712         12  0.000e+00
    100.236   79.55760  135.26596    101.331    -1.2469    -1.2414  27.340804  27.344817    34.0694    34.0686    321.770    314.406    -0.1366     4.6129     0.0891     0.0891     0.0654     0.0195      97624    67.7938     100.00     2.3724     2.0712         12  0.000e+00
    100.310   79.55760  135.26596    101.406    -1.2486    -1.2425  27.338873  27.342887    34.0686    34.0671    321.792    314.670    -0.1061     4.6117     0.0879     0.0879     0.0665     0.0208      97625    67.7944     100.00     2.3724     2.0724         12  0.000e+00
    100.253   79.55760  135.26596    101.348    -1.2502    -1.2446  27.337243  27.341581    34.0682    34.0677    321.805    314.686    -0.1061     4.6117     0.0891     0.0891     0.0665     0.0208      97626    67.7951     100.00     2.3724     2.0724         12  0.000e+00
    100.294   79.55760  135.26596    101.390    -1.2519    -1.2462  27.335916  27.339878    34.0682    34.0672    321.823    314.705    -0.1366     4.6117     0.0879     0.0879     0.0665     0.0195      97627    67.7958     100.00     2.3724     2.0724         12  0.000e+00
    100.253   79.55760  135.26596    101.348    -1.2534    -1.2473  27.334950  27.339481    34.0687    34.0680    321.626    315.207    -0.1061     4.6117     0.0879     0.0879     0.0665     0.0208      97628    67.7965     100.00     2.3712     2.0749         12  0.000e+00
    100.310   79.55760  135.26596    101.406    -1.2538    -1.2470  27.335735  27.339878    34.0702    34.0682    321.838    315.453    -0.1366     4.6117     0.0879     0.0879     0.0665     0.0195      97629    67.7972     100.00     2.3724     2.0761         12  0.000e+00
    100.236   79.55760  135.26596    101.331    -1.2526    -1.2476  27.337666  27.339538    34.0716    34.0684    321.820    315.455    -0.1366     4.6117     0.0879     0.0879     0.0665     0.0195      97630    67.7979     100.00     2.3724     2.0761         12  0.000e+00
    100.253   79.55760  135.26596    101.348    -1.2510    -1.2487  27.339356  27.337891    34.0720    34.0674    321.803    315.469    -0.1366     4.6117     0.0879     0.0879     0.0665     0.0195      97631    67.7986     100.00     2.3724     2.0761         12  0.000e+00
    100.310   79.55760  135.26596    101.406    -1.2497    -1.2499  27.340503  27.336416    34.0721    34.0667    321.793    315.484    -0.1366     4.6117     0.0879     0.0879     0.0665     0.0195      97632    67.7993     100.00     2.3724     2.0761         12  0.000e+00
    100.236   79.55760  135.26596    101.331    -1.2482    -1.2512  27.341529  27.335450    34.0718    34.0669    321.776    315.741    -0.1061     4.6117     0.0879     0.0879     0.0665     0.0208      97633    67.8000     100.00     2.3724     2.0773         12  0.000e+00
    100.253   79.55760  135.26596    101.348    -1.2467    -1.2513  27.343279  27.336075    34.0725    34.0678    321.760    315.740    -0.1366     4.6117     0.0879     0.0879     0.0665     0.0195      97634    67.8007     100.00     2.3724     2.0773         12  0.000e+00
