Continuous CTD Data/SBE Stage/nabos_21_01avg.cnv
* Sea-Bird SBE 9 Data File:
* FileName = D:\CTD\data\HLY2502\raw\NABOS_21_01.hex
* Software Version Seasave V 7.26.7.110
* Temperature SN = 6954
* Conductivity SN = 2561
* Number of Bytes Per Scan = 37
* Number of Voltage Words = 4
* Number of Scans Averaged by the Deck Unit = 1
* NMEA Latitude = 79 01.32 N
* NMEA Longitude = 173 57.73 E
* NMEA UTC (Time) = Sep 18 2025  13:52:18
* NMEA baud rate = 9600
** Ship: USCG HEALY
** Bot. Depth:  2477
** Cast Number:  01
** Station Name:  NABOS
** Station Number:  21
** Operator:  STARC
# nquan = 25
# nvalues = 254                         
# units = specified
# name 0 = depSM: Depth [salt water, m]
# name 1 = latitude: Latitude [deg]
# name 2 = longitude: Longitude [deg]
# name 3 = prDM: Pressure, Digiquartz [db]
# name 4 = t090C: Temperature [ITS-90, deg C]
# name 5 = t190C: Temperature, 2 [ITS-90, deg C]
# name 6 = c0mS/cm: Conductivity [mS/cm]
# name 7 = c1mS/cm: Conductivity, 2 [mS/cm]
# name 8 = sal00: Salinity, Practical [PSU]
# name 9 = sal11: Salinity, Practical, 2 [PSU]
# name 10 = sbox0Mm/Kg: Oxygen, SBE 43 [umol/kg]
# name 11 = sbox1Mm/Kg: Oxygen, SBE 43, 2 [umol/kg]
# name 12 = flECO-AFL: Fluorescence, WET Labs ECO-AFL/FL [mg/m^3]
# name 13 = v2: Voltage 2
# name 14 = wetCDOM: Fluorescence, WET Labs CDOM [mg/m^3]
# name 15 = v6: Voltage 6
# name 16 = CStarAt0: Beam Attenuation, WET Labs C-Star [1/m]
# name 17 = v3: Voltage 3
# name 18 = scan: Scan Count
# name 19 = timeM: Time, Elapsed [minutes]
# name 20 = altM: Altimeter [m]
# name 21 = sbeox0V: Oxygen raw, SBE 43 [V]
# name 22 = sbeox1V: Oxygen raw, SBE 43, 2 [V]
# name 23 = nbin: number of scans per bin
# name 24 = flag: flag
# span 0 =      2.968,    253.144       
# span 1 =   79.02259,   79.02679       
# span 2 =  173.96274,  173.96670       
# span 3 =      3.000,    256.000       
# span 4 =    -1.7646,     0.8186       
# span 5 =    -1.7644,     0.8182       
# span 6 =  24.750839,  29.694937       
# span 7 =  24.749629,  29.693378       
# span 8 =    31.0112,    34.7833       
# span 9 =    31.0092,    34.7812       
# span 10 =    290.982,    373.311      
# span 11 =    285.693,    366.375      
# span 12 =    -0.2307,     0.4069      
# span 13 =     4.5889,     4.6729      
# span 14 =     0.0803,     0.1070      
# span 15 =     0.0803,     0.1070      
# span 16 =     0.0137,     0.0863      
# span 17 =     0.0158,     0.0413      
# span 18 =       3086,      25077      
# span 19 =     2.1424,    17.4140      
# span 20 =     100.00,     100.00      
# span 21 =     2.2729,     2.6369      
# span 22 =     1.9925,     2.2968      
# span 23 =          1,         27      
# span 24 = 0.0000e+00, 0.0000e+00      
# interval = decibars: 1                
# start_time = Sep 18 2025 13:52:18 [NMEA time, header]
# bad_flag = -9.990e-29
*END*
[from data line 174]
    175.058   79.02411  173.96416    177.000     0.0571     0.0580  28.855124  28.854428    34.5862    34.5842    297.270    291.091    -0.1323     4.6698     0.0853     0.0853     0.0164     0.0197      10858     7.5396     100.00     2.2871     2.0037         14 0.0000e+00
    176.046   79.02412  173.96416    178.000     0.0872     0.0883  28.885391  28.884773    34.5916    34.5895    297.229    291.136    -0.1364     4.6693     0.0843     0.0843     0.0168     0.0195      10885     7.5582     100.00     2.2882     2.0051         16 0.0000e+00
    177.035   79.02412  173.96416    179.000     0.1089     0.1099  28.908145  28.907433    34.5966    34.5945    297.064    291.570    -0.1305     4.6697     0.0851     0.0851     0.0164     0.0198      10912     7.5768     100.00     2.2882     2.0082         15 0.0000e+00
    178.023   79.02412  173.96418    180.000     0.1254     0.1254  28.924724  28.923065    34.5993    34.5972    296.966    290.937    -0.1327     4.6697     0.0831     0.0831     0.0164     0.0197      10938     7.5953     100.00     2.2883     2.0054         16 0.0000e+00
    179.012   79.02414  173.96418    181.000     0.1313     0.1312  28.931788  28.930054    34.6014    34.5992    296.881    291.161    -0.1347     4.6691     0.0840     0.0840     0.0170     0.0196      10965     7.6140     100.00     2.2879     2.0066         17 0.0000e+00
    180.001   79.02414  173.96418    182.000     0.1375     0.1375  28.938438  28.936755    34.6026    34.6003    296.665    290.391    -0.1365     4.6695     0.0830     0.0830     0.0166     0.0195      10992     7.6325     100.00     2.2867     2.0028         13 0.0000e+00
    180.989   79.02414  173.96418    183.000     0.1393     0.1390  28.940770  28.938948    34.6031    34.6010    296.512    290.707    -0.1421     4.6695     0.0841     0.0841     0.0166     0.0193      11019     7.6513     100.00     2.2856     2.0043         17 0.0000e+00
    181.978   79.02415  173.96419    184.000     0.1407     0.1409  28.942906  28.941358    34.6037    34.6015    296.377    290.631    -0.1491     4.6691     0.0862     0.0862     0.0170     0.0190      11045     7.6698     100.00     2.2847     2.0038         14 0.0000e+00
    182.966   79.02416  173.96420    185.000     0.1498     0.1508  28.952949  28.952339    34.6061    34.6042    296.056    290.130    -0.1321     4.6694     0.0840     0.0840     0.0167     0.0197      11073     7.6887     100.00     2.2830     2.0015         15 0.0000e+00
    183.955   79.02416  173.96420    186.000     0.1806     0.1824  28.985497  28.985452    34.6137    34.6116    295.732    291.166    -0.1319     4.6698     0.0840     0.0840     0.0163     0.0197      11099     7.7070     100.00     2.2825     2.0080         13 0.0000e+00
    184.944   79.02416  173.96420    187.000     0.2123     0.2132  29.018008  29.017154    34.6203    34.6181    295.654    290.085    -0.1344     4.6700     0.0852     0.0852     0.0162     0.0196      11126     7.7257     100.00     2.2836     2.0037         14 0.0000e+00
    185.932   79.02418  173.96420    188.000     0.2297     0.2316  29.036610  29.036993    34.6246    34.6230    295.769    289.783    -0.1344     4.6697     0.0853     0.0853     0.0164     0.0196      11153     7.7447     100.00     2.2850     2.0028         14 0.0000e+00
    186.921   79.02418  173.96422    189.000     0.2598     0.2605  29.069617  29.068503    34.6336    34.6313    295.566    291.068    -0.1344     4.6694     0.0831     0.0831     0.0167     0.0196      11180     7.7632     100.00     2.2852     2.0105         14 0.0000e+00
    187.909   79.02418  173.96422    190.000     0.2818     0.2841  29.093839  29.094557    34.6400    34.6384    295.379    289.680    -0.1275     4.6693     0.0850     0.0850     0.0168     0.0199      11207     7.7817     100.00     2.2851     2.0043         13 0.0000e+00
    188.898   79.02418  173.96422    191.000     0.3224     0.3224  29.134957  29.133300    34.6478    34.6457    295.162    289.453    -0.1344     4.6692     0.0835     0.0835     0.0169     0.0196      11233     7.8003     100.00     2.2857     2.0047         14 0.0000e+00
    189.886   79.02419  173.96423    192.000     0.3288     0.3287  29.141927  29.140090    34.6491    34.6469    295.312    290.089    -0.1343     4.6695     0.0828     0.0828     0.0167     0.0196      11260     7.8188     100.00     2.2867     2.0081         13 0.0000e+00
    190.875   79.02420  173.96424    193.000     0.3345     0.3344  29.148166  29.146497    34.6504    34.6483    295.217    289.521    -0.1366     4.6699     0.0829     0.0829     0.0162     0.0195      11287     7.8374     100.00     2.2862     2.0052         17 0.0000e+00
    191.863   79.02420  173.96424    194.000     0.3403     0.3406  29.154768  29.153242    34.6519    34.6495    295.132    289.605    -0.1366     4.6699     0.0838     0.0838     0.0163     0.0195      11313     7.8558     100.00     2.2858     2.0057         16 0.0000e+00
    192.852   79.02420  173.96424    195.000     0.3643     0.3657  29.180445  29.180011    34.6580    34.6559    295.002    289.777    -0.1347     4.6701     0.0833     0.0833     0.0161     0.0196      11340     7.8744     100.00     2.2861     2.0076         15 0.0000e+00
    193.840   79.02422  173.96424    196.000     0.4053     0.4064  29.223914  29.223381    34.6684    34.6664    294.781    288.797    -0.1347     4.6700     0.0820     0.0820     0.0162     0.0196      11367     7.8931     100.00     2.2868     2.0042         16 0.0000e+00
    194.829   79.02422  173.96426    197.000     0.4420     0.4437  29.263403  29.263553    34.6783    34.6765    294.691    288.966    -0.1348     4.6701     0.0825     0.0825     0.0161     0.0196      11394     7.9117     100.00     2.2881     2.0066         17 0.0000e+00
    195.817   79.02422  173.96426    198.000     0.4618     0.4617  29.284715  29.282715    34.6832    34.6808    294.596    288.984    -0.1329     4.6703     0.0830     0.0830     0.0159     0.0197      11421     7.9306     100.00     2.2884     2.0073         17 0.0000e+00
    196.806   79.02422  173.96426    199.000     0.4670     0.4679  29.290621  29.289743    34.6846    34.6825    294.429    290.231    -0.1330     4.6703     0.0830     0.0830     0.0159     0.0197      11448     7.9493     100.00     2.2874     2.0138         17 0.0000e+00
    197.794   79.02424  173.96426    200.000     0.4720     0.4716  29.295962  29.293901    34.6854    34.6831    294.266    288.495    -0.1489     4.6703     0.0829     0.0829     0.0159     0.0190      11475     7.9679     100.00     2.2864     2.0049         21 0.0000e+00
    198.783   79.02424  173.96427    201.000     0.4723     0.4722  29.297079  29.295463    34.6859    34.6838    294.303    288.901    -0.1468     4.6703     0.0838     0.0838     0.0159     0.0191      11501     7.9864     100.00     2.2865     2.0068         18 0.0000e+00
    199.771   79.02424  173.96428    202.000     0.4731     0.4730  29.298564  29.296746    34.6863    34.6840    294.000    288.845    -0.1295     4.6703     0.0834     0.0834     0.0159     0.0198      11528     8.0049     100.00     2.2844     2.0063         15 0.0000e+00
    200.760   79.02424  173.96428    203.000     0.4729     0.4728  29.299050  29.297336    34.6865    34.6844    293.755    288.510    -0.1329     4.6702     0.0830     0.0830     0.0160     0.0197      11555     8.0236     100.00     2.2827     2.0044         17 0.0000e+00
    201.748   79.02426  173.96428    204.000     0.4728     0.4726  29.299676  29.297883    34.6869    34.6848    293.698    289.235    -0.1366     4.6704     0.0830     0.0830     0.0158     0.0195      11582     8.0422     100.00     2.2821     2.0080         18 0.0000e+00
    202.737   79.02426  173.96430    205.000     0.4736     0.4730  29.301001  29.298802    34.6872    34.6849    293.575    287.845    -0.1500     4.6700     0.0835     0.0835     0.0162     0.0190      11608     8.0607     100.00     2.2812     2.0006         20 0.0000e+00
    203.725   79.02426  173.96430    206.000     0.4850     0.4855  29.312668  29.311501    34.6890    34.6869    293.502    288.356    -0.1586     4.6701     0.0829     0.0829     0.0161     0.0186      11635     8.0794     100.00     2.2811     2.0036         18 0.0000e+00
    204.714   79.02427  173.96430    207.000     0.4929     0.4929  29.320659  29.318936    34.6900    34.6878    293.665    288.349    -0.1609     4.6704     0.0822     0.0822     0.0158     0.0185      11662     8.0981     100.00     2.2823     2.0037         20 0.0000e+00
    205.702   79.02428  173.96430    208.000     0.5009     0.5000  29.328865  29.326298    34.6911    34.6888    293.804    288.221    -0.1407     4.6703     0.0824     0.0824     0.0159     0.0193      11689     8.1166     100.00     2.2833     2.0032         19 0.0000e+00
    206.691   79.02428  173.96431    209.000     0.5052     0.5050  29.333275  29.331352    34.6915    34.6892    293.899    288.536    -0.1395     4.6703     0.0823     0.0823     0.0160     0.0194      11716     8.1354     100.00     2.2839     2.0048         22 0.0000e+00
    207.679   79.02428  173.96432    210.000     0.5053     0.5051  29.334017  29.332103    34.6918    34.6895    294.207    289.145    -0.1613     4.6703     0.0830     0.0830     0.0159     0.0185      11742     8.1536     100.00     2.2855     2.0078         18 0.0000e+00
    208.667   79.02428  173.96432    211.000     0.5053     0.5053  29.334597  29.332771    34.6919    34.6896    294.354    289.614    -0.1548     4.6703     0.0830     0.0830     0.0159     0.0188      11769     8.1723     100.00     2.2862     2.0100         19 0.0000e+00
    209.656   79.02430  173.96432    212.000     0.5055     0.5054  29.335340  29.333603    34.6921    34.6899    294.194    288.975    -0.1492     4.6703     0.0825     0.0825     0.0159     0.0190      11796     8.1912     100.00     2.2850     2.0065         17 0.0000e+00
    210.644   79.02430  173.96432    213.000     0.5053     0.5054  29.335791  29.334163    34.6922    34.6900    294.097    289.310    -0.1353     4.6703     0.0824     0.0824     0.0159     0.0196      11823     8.2096     100.00     2.2841     2.0080         17 0.0000e+00
    211.633   79.02430  173.96434    214.000     0.5090     0.5102  29.340941  29.340539    34.6942    34.6924    294.159    288.477    -0.1660     4.6709     0.0834     0.0834     0.0154     0.0183      11850     8.2283     100.00     2.2845     2.0038         21 0.0000e+00
    212.621   79.02430  173.96434    215.000     0.5577     0.5592  29.393977  29.393844    34.7083    34.7065    293.854    288.380    -0.1341     4.6711     0.0833     0.0833     0.0153     0.0196      11876     8.2468     100.00     2.2851     2.0053         15 0.0000e+00
    213.610   79.02432  173.96434    216.000     0.5724     0.5721  29.408978  29.407103    34.7108    34.7086    293.926    289.139    -0.1344     4.6700     0.0823     0.0823     0.0162     0.0196      11903     8.2652     100.00     2.2862     2.0097         14 0.0000e+00
    214.598   79.02432  173.96435    217.000     0.5737     0.5734  29.411090  29.409148    34.7115    34.7093    293.989    288.941    -0.1548     4.6698     0.0833     0.0833     0.0164     0.0188      11930     8.2838     100.00     2.2864     2.0085         17 0.0000e+00
    215.586   79.02432  173.96436    218.000     0.5989     0.6006  29.440875  29.441239    34.7214    34.7200    293.676    287.656    -0.1485     4.6705     0.0837     0.0837     0.0157     0.0190      11957     8.3026     100.00     2.2857     2.0030         20 0.0000e+00
    216.575   79.02433  173.96436    219.000     0.6412     0.6418  29.486795  29.485623    34.7333    34.7311    293.288    287.855    -0.1332     4.6709     0.0820     0.0820     0.0154     0.0196      11984     8.3213     100.00     2.2854     2.0057         21 0.0000e+00
    217.563   79.02434  173.96436    220.000     0.6522     0.6519  29.498527  29.496574    34.7356    34.7334    293.149    288.182    -0.1345     4.6706     0.0831     0.0831     0.0157     0.0196      12010     8.3397     100.00     2.2849     2.0076         15 0.0000e+00
    218.552   79.02434  173.96436    221.000     0.6525     0.6523  29.499841  29.497858    34.7363    34.7340    292.846    287.605    -0.1591     4.6712     0.0837     0.0837     0.0152     0.0186      12037     8.3585     100.00     2.2828     2.0045         18 0.0000e+00
    219.540   79.02434  173.96438    222.000     0.6523     0.6524  29.500409  29.498774    34.7367    34.7345    292.239    287.358    -0.1544     4.6707     0.0829     0.0829     0.0156     0.0188      12064     8.3771     100.00     2.2789     2.0030         17 0.0000e+00
    220.528   79.02436  173.96438    223.000     0.6528     0.6524  29.501487  29.499457    34.7369    34.7348    291.874    286.826    -0.1487     4.6706     0.0828     0.0828     0.0157     0.0190      12091     8.3958     100.00     2.2765     2.0001         15 0.0000e+00
    221.517   79.02436  173.96438    224.000     0.6761     0.6782  29.527092  29.527485    34.7436    34.7417    291.439    285.913    -0.1349     4.6706     0.0817     0.0817     0.0156     0.0196      12118     8.4142     100.00     2.2749     1.9963         20 0.0000e+00
    222.505   79.02436  173.96439    225.000     0.6993     0.6991  29.550597  29.548715    34.7475    34.7454    291.034    286.014    -0.1410     4.6713     0.0818     0.0818     0.0151     0.0193      12145     8.4331     100.00     2.2734     1.9976         20 0.0000e+00
    223.494   79.02436  173.96440    226.000     0.7001     0.6999  29.552137  29.550217    34.7481    34.7458    290.982    286.679    -0.1711     4.6713     0.0818     0.0818     0.0151     0.0181      12171     8.4517     100.00     2.2729     2.0009         14 0.0000e+00
    224.482   79.02437  173.96440    227.000     0.7002     0.7000  29.552975  29.551111    34.7485    34.7463    291.201    286.915    -0.1573     4.6716     0.0818     0.0818     0.0149     0.0187      12198     8.4705     100.00     2.2740     2.0019         16 0.0000e+00
    225.470   79.02438  173.96440    228.000     0.7002     0.7001  29.553642  29.551782    34.7488    34.7464    291.481    286.634    -0.1357     4.6715     0.0817     0.0817     0.0150     0.0195      12225     8.4890     100.00     2.2755     2.0003         17 0.0000e+00
    226.459   79.02438  173.96440    229.000     0.7002     0.7002  29.554298  29.552365    34.7490    34.7465    291.667    286.495    -0.1617     4.6716     0.0806     0.0806     0.0149     0.0185      12252     8.5074     100.00     2.2764     1.9994         17 0.0000e+00
    227.447   79.02438  173.96442    230.000     0.7003     0.7002  29.554939  29.553080    34.7491    34.7468    291.778    285.693    -0.1392     4.6716     0.0829     0.0829     0.0149     0.0194      12278     8.5259     100.00     2.2768     1.9950         15 0.0000e+00
    228.435   79.02440  173.96442    231.000     0.7004     0.7004  29.555625  29.553701    34.7493    34.7469    291.922    286.576    -0.1446     4.6716     0.0830     0.0830     0.0149     0.0192      12305     8.5443     100.00     2.2775     1.9994         15 0.0000e+00
    229.424   79.02440  173.96442    232.000     0.7005     0.7002  29.556214  29.554328    34.7494    34.7472    291.951    286.152    -0.1573     4.6717     0.0830     0.0830     0.0148     0.0187      12332     8.5630     100.00     2.2774     1.9970         13 0.0000e+00
    230.412   79.02440  173.96442    233.000     0.7005     0.7004  29.556700  29.554948    34.7494    34.7473    291.962    287.544    -0.1546     4.6708     0.0818     0.0818     0.0155     0.0188      12359     8.5818     100.00     2.2772     2.0040         17 0.0000e+00
