Continuous CTD Data/SBE Stage/nabos_31_01.ros
* Sea-Bird SBE 9 Data File:
* FileName = D:\CTD\data\HLY2502\raw\NABOS_31_01.hex
* Software Version Seasave V 7.26.7.110
* Temperature SN = 6954
* Conductivity SN = 2561
* Number of Bytes Per Scan = 37
* Number of Voltage Words = 4
* Number of Scans Averaged by the Deck Unit = 1
* NMEA Latitude = 80 11.59 N
* NMEA Longitude = 144 51.86 E
* NMEA UTC (Time) = Sep 23 2025  02:41:26
* NMEA baud rate = 9600
** Ship: USCG HEALY
** Bot. Depth:  1500
** Cast Number:  01
** Station Name:  NABOS
** Station Number:  31
** Operator:  STARC
** Cast to 1200 m
# nquan = 25
# nvalues = 1176                                  
# units = specified
# name 0 = depSM: Depth [salt water, m]
# name 1 = latitude: Latitude [deg]
# name 2 = longitude: Longitude [deg]
# name 3 = prDM: Pressure, Digiquartz [db]
# name 4 = t090C: Temperature [ITS-90, deg C]
# name 5 = t190C: Temperature, 2 [ITS-90, deg C]
# name 6 = c0mS/cm: Conductivity [mS/cm]
# name 7 = c1mS/cm: Conductivity, 2 [mS/cm]
# name 8 = sal00: Salinity, Practical [PSU]
# name 9 = sal11: Salinity, Practical, 2 [PSU]
# name 10 = sbox0Mm/Kg: Oxygen, SBE 43 [umol/kg]
# name 11 = sbox1Mm/Kg: Oxygen, SBE 43, 2 [umol/kg]
# name 12 = flECO-AFL: Fluorescence, WET Labs ECO-AFL/FL [mg/m^3]
# name 13 = v2: Voltage 2
# name 14 = wetCDOM: Fluorescence, WET Labs CDOM [mg/m^3]
# name 15 = v6: Voltage 6
# name 16 = CStarAt0: Beam Attenuation, WET Labs C-Star [1/m]
# name 17 = v3: Voltage 3
# name 18 = scan: Scan Count
# name 19 = timeM: Time, Elapsed [minutes]
# name 20 = altM: Altimeter [m]
# name 21 = sbeox0V: Oxygen raw, SBE 43 [V]
# name 22 = sbeox1V: Oxygen raw, SBE 43, 2 [V]
# name 23 = nbf: Bottles Fired
# name 24 = flag:  0.000e+00
# interval = seconds: 0.0416667
# start_time = Sep 23 2025 02:41:26 [NMEA time, header]
# bad_flag = -9.990e-29
*END*
[from data line 290]
    250.253   80.19800  144.80592    253.086     1.7231     1.7227  30.519755  30.518012    34.8350    34.8332    295.800    289.919    -0.1671     4.6227     0.0818     0.0818     0.0570     0.0183      79703    55.3486     100.00     2.3502     2.0572          6  0.000e+00
    250.311   80.19800  144.80592    253.144     1.7231     1.7228  30.519315  30.517776    34.8344    34.8327    295.609    289.921    -0.1976     4.6227     0.0818     0.0818     0.0570     0.0171      79704    55.3493     100.00     2.3490     2.0572          6  0.000e+00
    250.253   80.19800  144.80592    253.086     1.7228     1.7229  30.519001  30.517776    34.8344    34.8327    295.804    289.919    -0.1671     4.6227     0.0818     0.0818     0.0570     0.0183      79705    55.3500     100.00     2.3502     2.0572          6  0.000e+00
    250.311   80.19800  144.80592    253.144     1.7226     1.7225  30.519315  30.517480    34.8349    34.8327    295.806    289.924    -0.1671     4.6227     0.0818     0.0818     0.0570     0.0183      79706    55.3507     100.00     2.3502     2.0572          6  0.000e+00
    200.262   80.19802  144.80378    202.504     1.4789     1.4759  30.227344  30.222498    34.7633    34.7605    295.368    290.087    -0.1366     4.6166     0.0830     0.0830     0.0622     0.0195      83782    58.1812     100.00     2.3461     2.0568          7  0.000e+00
    200.229   80.19802  144.80378    202.471     1.4786     1.4756  30.226780  30.222615    34.7630    34.7609    295.175    290.548    -0.1366     4.6166     0.0830     0.0830     0.0622     0.0195      83783    58.1819     100.00     2.3448     2.0592          7  0.000e+00
    200.229   80.19802  144.80378    202.471     1.4787     1.4755  30.226655  30.222498    34.7626    34.7609    295.174    291.471    -0.1366     4.6166     0.0830     0.0830     0.0622     0.0195      83784    58.1826     100.00     2.3448     2.0641          7  0.000e+00
    200.229   80.19802  144.80378    202.471     1.4781     1.4752  30.226467  30.222026    34.7631    34.7606    295.179    291.936    -0.1366     4.6166     0.0830     0.0830     0.0622     0.0195      83785    58.1833     100.00     2.3448     2.0666          7  0.000e+00
    200.262   80.19802  144.80378    202.504     1.4773     1.4752  30.225527  30.222085    34.7628    34.7607    295.187    291.937    -0.1366     4.6154     0.0830     0.0830     0.0633     0.0195      83786    58.1840     100.00     2.3448     2.0666          7  0.000e+00
    200.229   80.19802  144.80378    202.470     1.4766     1.4749  30.224901  30.221967    34.7628    34.7609    295.387    291.707    -0.1366     4.6166     0.0830     0.0830     0.0622     0.0195      83787    58.1847     100.00     2.3461     2.0653          7  0.000e+00
    200.171   80.19802  144.80378    202.412     1.4756     1.4748  30.223648  30.221673    34.7623    34.7607    295.199    291.937    -0.1366     4.6166     0.0830     0.0830     0.0622     0.0195      83788    58.1854     100.00     2.3448     2.0666          7  0.000e+00
    200.262   80.19802  144.80378    202.504     1.4751     1.4748  30.222521  30.221378    34.7613    34.7603    295.403    292.402    -0.1061     4.6166     0.0830     0.0830     0.0622     0.0208      83789    58.1861     100.00     2.3461     2.0690          7  0.000e+00
    200.229   80.19802  144.80378    202.470     1.4743     1.4748  30.221706  30.221496    34.7612    34.7604    295.409    292.631    -0.1061     4.6166     0.0830     0.0830     0.0622     0.0208      83790    58.1868     100.00     2.3461     2.0702          7  0.000e+00
    200.229   80.19802  144.80378    202.470     1.4727     1.4750  30.221393  30.222203    34.7625    34.7611    295.224    292.628    -0.1366     4.6166     0.0830     0.0830     0.0622     0.0195      83791    58.1875     100.00     2.3448     2.0702          7  0.000e+00
    200.262   80.19802  144.80378    202.504     1.4720     1.4755  30.221519  30.222851    34.7635    34.7613    295.229    292.624    -0.1366     4.6178     0.0830     0.0830     0.0612     0.0195      83792    58.1882     100.00     2.3448     2.0702          7  0.000e+00
    200.229   80.19802  144.80378    202.470     1.4719     1.4759  30.221205  30.222792    34.7632    34.7609    295.229    292.160    -0.1366     4.6178     0.0830     0.0830     0.0612     0.0195      83793    58.1889     100.00     2.3448     2.0678          7  0.000e+00
    200.229   80.19802  144.80378    202.470     1.4719     1.4753  30.220391  30.222321    34.7622    34.7608    295.426    292.164    -0.1366     4.6178     0.0830     0.0830     0.0612     0.0195      83794    58.1896     100.00     2.3461     2.0678          7  0.000e+00
    200.229   80.19802  144.80378    202.470     1.4719     1.4750  30.220015  30.221967    34.7617    34.7608    295.233    291.937    -0.1366     4.6166     0.0830     0.0830     0.0622     0.0195      83795    58.1903     100.00     2.3448     2.0666          7  0.000e+00
    200.262   80.19802  144.80378    202.504     1.4721     1.4749  30.220579  30.222085    34.7622    34.7610    295.231    291.477    -0.1366     4.6166     0.0830     0.0830     0.0622     0.0195      83796    58.1910     100.00     2.3448     2.0641          7  0.000e+00
    200.229   80.19802  144.80378    202.470     1.4720     1.4752  30.220579  30.222792    34.7623    34.7616    295.230    291.011    -0.1366     4.6166     0.0830     0.0830     0.0622     0.0195      83797    58.1917     100.00     2.3448     2.0617          7  0.000e+00
    200.229   80.19802  144.80378    202.470     1.4718     1.4753  30.220453  30.222380    34.7624    34.7609    295.427    291.011    -0.1366     4.6166     0.0830     0.0830     0.0622     0.0195      83798    58.1924     100.00     2.3461     2.0617          7  0.000e+00
    200.204   80.19802  144.80378    202.445     1.4712     1.4750  30.219890  30.221732    34.7624    34.7605    295.236    291.014    -0.1366     4.6166     0.0830     0.0830     0.0622     0.0195      83799    58.1931     100.00     2.3448     2.0617          7  0.000e+00
    200.229   80.19802  144.80378    202.470     1.4712     1.4749  30.220078  30.221791    34.7625    34.7607    295.236    291.015    -0.1366     4.6166     0.0830     0.0830     0.0622     0.0195      83800    58.1938     100.00     2.3448     2.0617          7  0.000e+00
    200.286   80.19802  144.80378    202.529     1.4716     1.4744  30.220203  30.221437    34.7622    34.7607    295.236    290.791    -0.1366     4.6166     0.0830     0.0830     0.0622     0.0195      83801    58.1944     100.00     2.3448     2.0604          7  0.000e+00
    200.171   80.19802  144.80378    202.412     1.4716     1.4741  30.220641  30.221083    34.7629    34.7606    295.230    290.789    -0.1366     4.6166     0.0830     0.0830     0.0622     0.0195      83802    58.1951     100.00     2.3448     2.0604          7  0.000e+00
    200.261   80.19802  144.80378    202.504     1.4725     1.4739  30.221205  30.220848    34.7625    34.7605    295.227    290.794    -0.1366     4.6166     0.0830     0.0830     0.0622     0.0195      83803    58.1958     100.00     2.3448     2.0604          7  0.000e+00
    200.229   80.19802  144.80378    202.470     1.4739     1.4737  30.222145  30.220789    34.7623    34.7607    295.020    291.256    -0.1366     4.6166     0.0830     0.0830     0.0622     0.0195      83804    58.1965     100.00     2.3436     2.0629          7  0.000e+00
    200.229   80.19802  144.80378    202.470     1.4743     1.4737  30.222834  30.221143    34.7627    34.7612    295.211    291.485    -0.1366     4.6166     0.0830     0.0830     0.0622     0.0195      83805    58.1972     100.00     2.3448     2.0641          7  0.000e+00
    200.261   80.19802  144.80378    202.504     1.4746     1.4737  30.223022  30.220907    34.7626    34.7609    295.210    291.026    -0.1366     4.6166     0.0830     0.0830     0.0622     0.0195      83806    58.1979     100.00     2.3448     2.0617          7  0.000e+00
    200.229   80.19802  144.80378    202.470     1.4746     1.4738  30.223460  30.220966    34.7631    34.7608    295.402    290.563    -0.1671     4.6166     0.0830     0.0830     0.0622     0.0183      83807    58.1986     100.00     2.3461     2.0592          7  0.000e+00
    200.228   80.19802  144.80378    202.470     1.4747     1.4737  30.223398  30.221025    34.7629    34.7610    295.206    290.332    -0.1671     4.6166     0.0830     0.0830     0.0622     0.0183      83808    58.1993     100.00     2.3448     2.0580          7  0.000e+00
    200.261   80.19802  144.80378    202.503     1.4752     1.4738  30.223272  30.220848    34.7621    34.7607    295.205    290.103    -0.1976     4.6166     0.0830     0.0830     0.0622     0.0171      83809    58.2000     100.00     2.3448     2.0568          7  0.000e+00
    200.228   80.19802  144.80378    202.470     1.4751     1.4737  30.223335  30.220789    34.7624    34.7607    295.204    289.872    -0.1671     4.6154     0.0830     0.0830     0.0633     0.0183      83810    58.2007     100.00     2.3448     2.0556          7  0.000e+00
    200.228   80.19802  144.80378    202.470     1.4751     1.4738  30.223084  30.221142    34.7620    34.7611    295.205    289.640    -0.1976     4.6166     0.0830     0.0830     0.0622     0.0171      83811    58.2014     100.00     2.3448     2.0543          7  0.000e+00
    200.286   80.19802  144.80378    202.528     1.4744     1.4743  30.222458  30.221968    34.7620    34.7615    295.213    289.406    -0.1671     4.6166     0.0830     0.0830     0.0622     0.0183      83812    58.2021     100.00     2.3448     2.0531          7  0.000e+00
    200.204   80.19802  144.80378    202.445     1.4741     1.4744  30.222395  30.221967    34.7623    34.7614    295.212    289.402    -0.1671     4.6154     0.0830     0.0830     0.0633     0.0183      83813    58.2028     100.00     2.3448     2.0531          7  0.000e+00
    200.228   80.19802  144.80378    202.470     1.4741     1.4744  30.222270  30.221673    34.7622    34.7610    295.213    289.634    -0.1671     4.6166     0.0830     0.0830     0.0622     0.0183      83814    58.2035     100.00     2.3448     2.0543          7  0.000e+00
    200.228   80.19802  144.80378    202.470     1.4739     1.4747  30.221957  30.222439    34.7620    34.7617    295.215    289.631    -0.1671     4.6166     0.0830     0.0830     0.0622     0.0183      83815    58.2042     100.00     2.3448     2.0543          7  0.000e+00
    200.204   80.19802  144.80378    202.445     1.4739     1.4757  30.222145  30.223322    34.7622    34.7618    295.214    289.852    -0.1366     4.6166     0.0830     0.0830     0.0622     0.0195      83816    58.2049     100.00     2.3448     2.0556          7  0.000e+00
    200.228   80.19804  144.80376    202.470     1.4740     1.4768  30.222145  30.224442    34.7621    34.7620    295.214    289.844    -0.1671     4.6166     0.0830     0.0830     0.0622     0.0183      83817    58.2056     100.00     2.3448     2.0556          7  0.000e+00
    200.286   80.19804  144.80376    202.528     1.4740     1.4777  30.222646  30.225090    34.7627    34.7617    295.020    289.839    -0.1671     4.6166     0.0830     0.0830     0.0622     0.0183      83818    58.2062     100.00     2.3436     2.0556          7  0.000e+00
    200.204   80.19804  144.80376    202.445     1.4741     1.4783  30.222520  30.225620    34.7625    34.7618    295.212    289.831    -0.1671     4.6166     0.0830     0.0830     0.0622     0.0183      83819    58.2069     100.00     2.3448     2.0556          7  0.000e+00
    200.228   80.19804  144.80376    202.470     1.4741     1.4788  30.222708  30.225974    34.7627    34.7617    295.212    289.828    -0.1671     4.6166     0.0830     0.0830     0.0622     0.0183      83820    58.2076     100.00     2.3448     2.0556          7  0.000e+00
    200.228   80.19804  144.80376    202.470     1.4740     1.4789  30.222270  30.226092    34.7623    34.7616    295.214    289.827    -0.1671     4.6166     0.0830     0.0830     0.0622     0.0183      83821    58.2083     100.00     2.3448     2.0556          7  0.000e+00
    200.286   80.19804  144.80376    202.528     1.4739     1.4794  30.222395  30.226327    34.7625    34.7614    295.216    290.056    -0.1671     4.6154     0.0830     0.0830     0.0633     0.0183      83822    58.2090     100.00     2.3448     2.0568          7  0.000e+00
    200.204   80.19804  144.80376    202.445     1.4739     1.4795  30.222458  30.226740    34.7627    34.7619    295.213    290.282    -0.1671     4.6166     0.0830     0.0830     0.0622     0.0183      83823    58.2097     100.00     2.3448     2.0580          7  0.000e+00
    200.286   80.19804  144.80376    202.528     1.4741     1.4794  30.222270  30.226504    34.7622    34.7616    295.215    290.286    -0.1671     4.6154     0.0830     0.0830     0.0633     0.0183      83824    58.2104     100.00     2.3448     2.0580          7  0.000e+00
    200.228   80.19804  144.80376    202.470     1.4739     1.4799  30.222583  30.226740    34.7628    34.7615    295.213    290.281    -0.1976     4.6154     0.0830     0.0830     0.0633     0.0171      83825    58.2111     100.00     2.3448     2.0580          7  0.000e+00
    200.204   80.19804  144.80376    202.445     1.4740     1.4800  30.222520  30.227388    34.7626    34.7622    295.212    290.277    -0.1671     4.6154     0.0830     0.0830     0.0633     0.0183      83826    58.2118     100.00     2.3448     2.0580          7  0.000e+00
    200.286   80.19804  144.80376    202.528     1.4737     1.4805  30.222270  30.227506    34.7625    34.7617    295.217    290.047    -0.1671     4.6166     0.0830     0.0830     0.0622     0.0183      83827    58.2125     100.00     2.3448     2.0568          7  0.000e+00
    200.228   80.19804  144.80376    202.470     1.4739     1.4808  30.222583  30.227682    34.7628    34.7616    295.408    289.812    -0.1671     4.6166     0.0830     0.0830     0.0622     0.0183      83828    58.2132     100.00     2.3461     2.0556          7  0.000e+00
    200.228   80.19804  144.80376    202.470     1.4740     1.4810  30.223210  30.227800    34.7635    34.7616    295.211    289.580    -0.1366     4.6154     0.0830     0.0830     0.0633     0.0195      83829    58.2139     100.00     2.3448     2.0543          7  0.000e+00
    200.261   80.19804  144.80376    202.503     1.4749     1.4808  30.223711  30.227977    34.7631    34.7620    295.400    289.582    -0.1366     4.6166     0.0830     0.0830     0.0622     0.0195      83830    58.2146     100.00     2.3461     2.0543          7  0.000e+00
    176.342   80.19808  144.80222    178.306     1.0842     1.0804  29.818566  29.813524    34.6922    34.6899    297.252    293.212    -0.1671     4.6129     0.0842     0.0842     0.0654     0.0183      86783    60.2653     100.00     2.3420     2.0602          8  0.000e+00
    176.457   80.19808  144.80222    178.422     1.0843     1.0804  29.818566  29.813642    34.6920    34.6900    297.059    292.983    -0.1671     4.6129     0.0842     0.0842     0.0654     0.0183      86784    60.2660     100.00     2.3408     2.0589          8  0.000e+00
    176.399   80.19808  144.80222    178.364     1.0848     1.0802  29.819002  29.813700    34.6920    34.6903    297.249    292.517    -0.1671     4.6129     0.0842     0.0842     0.0654     0.0183      86785    60.2667     100.00     2.3420     2.0565          8  0.000e+00
    176.399   80.19808  144.80222    178.364     1.0846     1.0803  29.818753  29.813348    34.6919    34.6897    297.054    292.052    -0.1671     4.6129     0.0842     0.0842     0.0654     0.0183      86786    60.2674     100.00     2.3408     2.0540          8  0.000e+00
