Continuous CTD Data/SBE Stage/nabos_30_01avg.cnv
* Sea-Bird SBE 9 Data File:
* FileName = D:\CTD\data\HLY2502\raw\NABOS_30_01.hex
* Software Version Seasave V 7.26.7.110
* Temperature SN = 6954
* Conductivity SN = 2561
* Number of Bytes Per Scan = 37
* Number of Voltage Words = 4
* Number of Scans Averaged by the Deck Unit = 1
* NMEA Latitude = 80 25.03 N
* NMEA Longitude = 147 31.64 E
* NMEA UTC (Time) = Sep 22 2025  11:40:31
* NMEA baud rate = 9600
** Ship: USCG HEALY
** Bot. Depth:  1812
** Cast Number:  01
** Station Name:  NABOS
** Station Number:  30
** Operator:  STARC
# nquan = 25
# nvalues = 1833                        
# units = specified
# name 0 = depSM: Depth [salt water, m]
# name 1 = latitude: Latitude [deg]
# name 2 = longitude: Longitude [deg]
# name 3 = prDM: Pressure, Digiquartz [db]
# name 4 = t090C: Temperature [ITS-90, deg C]
# name 5 = t190C: Temperature, 2 [ITS-90, deg C]
# name 6 = c0mS/cm: Conductivity [mS/cm]
# name 7 = c1mS/cm: Conductivity, 2 [mS/cm]
# name 8 = sal00: Salinity, Practical [PSU]
# name 9 = sal11: Salinity, Practical, 2 [PSU]
# name 10 = sbox0Mm/Kg: Oxygen, SBE 43 [umol/kg]
# name 11 = sbox1Mm/Kg: Oxygen, SBE 43, 2 [umol/kg]
# name 12 = flECO-AFL: Fluorescence, WET Labs ECO-AFL/FL [mg/m^3]
# name 13 = v2: Voltage 2
# name 14 = wetCDOM: Fluorescence, WET Labs CDOM [mg/m^3]
# name 15 = v6: Voltage 6
# name 16 = CStarAt0: Beam Attenuation, WET Labs C-Star [1/m]
# name 17 = v3: Voltage 3
# name 18 = scan: Scan Count
# name 19 = timeM: Time, Elapsed [minutes]
# name 20 = altM: Altimeter [m]
# name 21 = sbeox0V: Oxygen raw, SBE 43 [V]
# name 22 = sbeox1V: Oxygen raw, SBE 43, 2 [V]
# name 23 = nbin: number of scans per bin
# name 24 = flag: flag
# span 0 =      2.968,   1807.622       
# span 1 =   80.41720,   80.41773       
# span 2 =  147.48959,  147.52522       
# span 3 =      3.000,   1835.000       
# span 4 =    -1.7525,     1.2343       
# span 5 =    -1.7523,     1.2342       
# span 6 =  22.850343,  30.076715       
# span 7 =  22.849380,  30.074599       
# span 8 =    28.2910,    34.9497       
# span 9 =    28.2881,    34.9473       
# span 10 =    268.377,    371.575      
# span 11 =    251.137,    365.276      
# span 12 =    -0.1854,     0.6332      
# span 13 =     4.5101,     4.6381      
# span 14 =     0.0805,     0.1446      
# span 15 =     0.0805,     0.1446      
# span 16 =     0.0436,     0.1557      
# span 17 =     0.0176,     0.0504      
# span 18 =       3249,      58719      
# span 19 =     2.2553,    40.7765      
# span 20 =       5.89,     100.00      
# span 21 =     1.7806,     2.6091      
# span 22 =     1.5427,     2.2779      
# span 23 =         10,         27      
# span 24 = 0.0000e+00, 0.0000e+00      
# interval = decibars: 1                
# start_time = Sep 22 2025 11:40:31 [NMEA time, header]
# bad_flag = -9.990e-29
*END*
[from data line 58]
     60.345   80.41722  147.52289     61.000    -1.7270    -1.7263  26.390976  26.389265    33.3259    33.3227    337.124    332.303    -0.0450     4.6015     0.1092     0.1092     0.0754     0.0232       6740     4.6800     100.00     2.4326     2.1347         22 0.0000e+00
     61.334   80.41722  147.52286     62.000    -1.7338    -1.7334  26.396226  26.394772    33.3401    33.3377    336.485    333.223    -0.0541     4.6015     0.1082     0.1082     0.0754     0.0228       6792     4.7161     100.00     2.4285     2.1388         23 0.0000e+00
     62.323   80.41722  147.52282     63.000    -1.7451    -1.7448  26.396371  26.394889    33.3524    33.3500    336.044    327.737    -0.0569     4.6018     0.1083     0.1083     0.0751     0.0227       6844     4.7519     100.00     2.4252     2.1115         18 0.0000e+00
     63.312   80.41722  147.52278     64.000    -1.7525    -1.7523  26.396073  26.394548    33.3598    33.3574    335.856    329.376    -0.0659     4.6025     0.1090     0.1090     0.0745     0.0224       6895     4.7875     100.00     2.4235     2.1190         19 0.0000e+00
     64.301   80.41722  147.52275     65.000    -1.7481    -1.7478  26.405279  26.403713    33.3670    33.3644    335.772    330.367    -0.0462     4.6028     0.1087     0.1087     0.0743     0.0232       6948     4.8240     100.00     2.4231     2.1239         24 0.0000e+00
     65.290   80.41722  147.52271     66.000    -1.7412    -1.7407  26.416735  26.415485    33.3745    33.3722    335.308    329.330    -0.0449     4.6035     0.1084     0.1084     0.0736     0.0232       6999     4.8597     100.00     2.4208     2.1191         23 0.0000e+00
     66.279   80.41722  147.52268     67.000    -1.7375    -1.7371  26.428178  26.426702    33.3856    33.3830    335.103    330.760    -0.0770     4.6033     0.1075     0.1075     0.0738     0.0219       7050     4.8953     100.00     2.4197     2.1261         22 0.0000e+00
     67.269   80.41722  147.52264     68.000    -1.7362    -1.7359  26.440356  26.438820    33.4004    33.3979    334.910    326.857    -0.0617     4.6032     0.1073     0.1073     0.0739     0.0225       7101     4.9307     100.00     2.4186     2.1072         21 0.0000e+00
     68.258   80.41722  147.52261     69.000    -1.7368    -1.7365  26.450892  26.449608    33.4152    33.4130    334.518    327.833    -0.0694     4.6035     0.1073     0.1073     0.0736     0.0222       7153     4.9664     100.00     2.4163     2.1119         20 0.0000e+00
     69.247   80.41722  147.52258     70.000    -1.7377    -1.7372  26.460717  26.459341    33.4291    33.4267    334.057    329.104    -0.0743     4.6037     0.1061     0.1061     0.0734     0.0220       7204     5.0023     100.00     2.4136     2.1180         24 0.0000e+00
     70.236   80.41722  147.52254     71.000    -1.7264    -1.7263  26.481471  26.479663    33.4446    33.4420    333.274    326.288    -0.0643     4.6032     0.1060     0.1060     0.0739     0.0224       7256     5.0379     100.00     2.4097     2.1048         22 0.0000e+00
     71.225   80.41722  147.52251     72.000    -1.7151    -1.7143  26.498206  26.497264    33.4545    33.4522    332.615    326.054    -0.0823     4.6032     0.1064     0.1064     0.0739     0.0217       7305     5.0725     100.00     2.4065     2.1042         15 0.0000e+00
     72.214   80.41722  147.52247     73.000    -1.6862    -1.6861  26.538040  26.536244    33.4767    33.4740    332.172    325.400    -0.0803     4.6028     0.1045     0.1045     0.0743     0.0218       7357     5.1084     100.00     2.4057     2.1024         19 0.0000e+00
     73.203   80.41722  147.52245     74.000    -1.6649    -1.6646  26.573139  26.571719    33.5007    33.4983    331.817    325.213    -0.0801     4.6034     0.1048     0.1048     0.0737     0.0218       7408     5.1438     100.00     2.4050     2.1026         20 0.0000e+00
     74.192   80.41721  147.52240     75.000    -1.6426    -1.6427  26.610827  26.608861    33.5272    33.5246    331.497    325.366    -0.0827     4.6045     0.1032     0.1032     0.0728     0.0217       7459     5.1793     100.00     2.4046     2.1046         17 0.0000e+00
     75.181   80.41720  147.52237     76.000    -1.5779    -1.5781  26.690386  26.688525    33.5637    33.5614    330.917    325.188    -0.0823     4.6036     0.1026     0.1026     0.0735     0.0217       7510     5.2146     100.00     2.4053     2.1071         18 0.0000e+00
     76.170   80.41720  147.52234     77.000    -1.5369    -1.5368  26.747109  26.745334    33.5953    33.5927    330.546    322.967    -0.0655     4.6042     0.1013     0.1013     0.0730     0.0224       7561     5.2500     100.00     2.4058     2.0984         15 0.0000e+00
     77.159   80.41720  147.52230     78.000    -1.5287    -1.5285  26.762482  26.760662    33.6067    33.6040    329.934    326.053    -0.0868     4.6034     0.1009     0.1009     0.0737     0.0216       7612     5.2854     100.00     2.4026     2.1138         18 0.0000e+00
     78.148   80.41720  147.52226     79.000    -1.5209    -1.5219  26.787996  26.784742    33.6325    33.6291    329.341    323.678    -0.0831     4.6042     0.0998     0.0998     0.0730     0.0217       7663     5.3206     100.00     2.3998     2.1026         16 0.0000e+00
     79.137   80.41720  147.52223     80.000    -1.4741    -1.4734  26.854875  26.853150    33.6714    33.6682    329.068    322.093    -0.0831     4.6044     0.0991     0.0991     0.0728     0.0217       7713     5.3556     100.00     2.4013     2.0975         16 0.0000e+00
     80.126   80.41720  147.52219     81.000    -1.4606    -1.4622  26.882882  26.879252    33.6942    33.6910    328.688    323.797    -0.0837     4.6035     0.0994     0.0994     0.0736     0.0217       7763     5.3905     100.00     2.3999     2.1064         15 0.0000e+00
     81.115   80.41720  147.52216     82.000    -1.3997    -1.4013  26.957566  26.954198    33.7277    33.7248    327.901    324.023    -0.0832     4.6031     0.0977     0.0977     0.0740     0.0217       7814     5.4259     100.00     2.3992     2.1107         16 0.0000e+00
     82.104   80.41720  147.52213     83.000    -1.2992    -1.3027  27.059766  27.055471    33.7541    33.7521    326.514    324.043    -0.1022     4.6047     0.0978     0.0978     0.0726     0.0209       7865     5.4608     100.00     2.3970     2.1157         16 0.0000e+00
     83.093   80.41720  147.52209     84.000    -1.2479    -1.2480  27.116101  27.113699    33.7729    33.7697    324.725    319.872    -0.1041     4.6029     0.0973     0.0973     0.0742     0.0209       7915     5.4960     100.00     2.3895     2.0978         15 0.0000e+00
     84.082   80.41720  147.52206     85.000    -1.2243    -1.2237  27.157416  27.155599    33.8023    33.7991    321.422    318.166    -0.0862     4.6023     0.0975     0.0975     0.0747     0.0216       7966     5.5313     100.00     2.3718     2.0907         17 0.0000e+00
     85.071   80.41720  147.52202     86.000    -1.2252    -1.2261  27.182517  27.179284    33.8371    33.8336    319.281    314.123    -0.0889     4.6009     0.0970     0.0970     0.0759     0.0215       8017     5.5666     100.00     2.3595     2.0708         16 0.0000e+00
     86.060   80.41720  147.52199     87.000    -1.1787    -1.1789  27.239062  27.236753    33.8614    33.8585    318.429    312.160    -0.1181     4.6012     0.0950     0.0950     0.0756     0.0203       8067     5.6017     100.00     2.3572     2.0634         15 0.0000e+00
     87.049   80.41720  147.52196     88.000    -1.1606    -1.1607  27.275315  27.272796    33.8900    33.8866    318.024    311.661    -0.1060     4.6011     0.0946     0.0946     0.0757     0.0208       8118     5.6369     100.00     2.3560     2.0619         17 0.0000e+00
     88.038   80.41720  147.52192     89.000    -1.1467    -1.1472  27.307451  27.304832    33.9176    33.9145    317.262    310.412    -0.0927     4.6013     0.0940     0.0940     0.0756     0.0213       8169     5.6721     100.00     2.3525     2.0565         16 0.0000e+00
     89.027   80.41720  147.52189     90.000    -1.1054    -1.1058  27.360746  27.358247    33.9431    33.9401    316.599    310.515    -0.1315     4.6027     0.0934     0.0934     0.0744     0.0197       8220     5.7079     100.00     2.3510     2.0590         18 0.0000e+00
     90.016   80.41720  147.52185     91.000    -1.0966    -1.0964  27.383337  27.381174    33.9634    33.9602    316.373    309.327    -0.1211     4.6044     0.0934     0.0934     0.0728     0.0201       8271     5.7428     100.00     2.3503     2.0536         16 0.0000e+00
     91.005   80.41720  147.52181     92.000    -1.0623    -1.0633  27.431485  27.428117    33.9897    33.9862    315.550    312.016    -0.1295     4.6055     0.0922     0.0922     0.0719     0.0198       8322     5.7783     100.00     2.3475     2.0686         17 0.0000e+00
     91.994   80.41720  147.52178     93.000    -1.0465    -1.0457  27.459637  27.458186    34.0097    34.0068    315.210    307.411    -0.1270     4.6068     0.0917     0.0917     0.0707     0.0199       8372     5.8135     100.00     2.3464     2.0466         19 0.0000e+00
     92.983   80.41720  147.52174     94.000    -1.0693    -1.0689  27.448252  27.446399    34.0193    34.0163    315.032    309.502    -0.1322     4.6077     0.0909     0.0909     0.0700     0.0197       8423     5.8488     100.00     2.3440     2.0558         21 0.0000e+00
     93.972   80.41720  147.52170     95.000    -1.0649    -1.0649  27.463972  27.461836    34.0351    34.0323    315.091    309.865    -0.1251     4.6082     0.0905     0.0905     0.0696     0.0200       8474     5.8838     100.00     2.3446     2.0578         16 0.0000e+00
     94.961   80.41720  147.52168     96.000    -1.0359    -1.0364  27.495857  27.493421    34.0452    34.0425    315.309    306.217    -0.1340     4.6085     0.0898     0.0898     0.0693     0.0196       8524     5.9187     100.00     2.3474     2.0409         20 0.0000e+00
     95.950   80.41720  147.52163     97.000    -1.0040    -1.0041  27.529988  27.527790    34.0549    34.0521    315.359    310.492    -0.1332     4.6087     0.0906     0.0906     0.0692     0.0196       8574     5.9534     100.00     2.3493     2.0636         18 0.0000e+00
     96.939   80.41720  147.52160     98.000    -0.9840    -0.9843  27.555178  27.552798    34.0661    34.0632    314.356    308.578    -0.1290     4.6095     0.0912     0.0912     0.0684     0.0198       8625     5.9888     100.00     2.3445     2.0549         20 0.0000e+00
     97.928   80.41720  147.52157     99.000    -0.9711    -0.9708  27.572487  27.570551    34.0744    34.0715    313.176    307.902    -0.1311     4.6091     0.0909     0.0909     0.0688     0.0197       8675     6.0239     100.00     2.3381     2.0520         22 0.0000e+00
     98.917   80.41720  147.52153    100.000    -0.9638    -0.9638  27.584170  27.582099    34.0814    34.0786    312.412    308.532    -0.1297     4.6083     0.0911     0.0911     0.0695     0.0198       8726     6.0591     100.00     2.3338     2.0554         22 0.0000e+00
     99.906   80.41720  147.52148    101.000    -0.9509    -0.9503  27.603645  27.602269    34.0927    34.0902    311.750    305.493    -0.1310     4.6077     0.0910     0.0910     0.0700     0.0197       8800     6.1104     100.00     2.3306     2.0408         27 0.0000e+00
    100.895   80.41720  147.52138    102.000    -0.9442    -0.9439  27.616745  27.614750    34.1023    34.0993    311.086    305.594    -0.1272     4.6065     0.0902     0.0902     0.0710     0.0199       8945     6.2111     100.00     2.3269     2.0415         23 0.0000e+00
    101.883   80.41720  147.52133    103.000    -0.9320    -0.9316  27.634669  27.633126    34.1122    34.1097    310.888    302.829    -0.1300     4.5976     0.0897     0.0897     0.0787     0.0198       9005     6.2530     100.00     2.3263     2.0282         18 0.0000e+00
    102.872   80.41720  147.52131    104.000    -0.9289    -0.9284  27.644548  27.642953    34.1216    34.1188    310.860    302.949    -0.1262     4.6010     0.0914     0.0914     0.0758     0.0199       9040     6.2771     100.00     2.3262     2.0288         18 0.0000e+00
    103.861   80.41720  147.52129    105.000    -0.9163    -0.9157  27.660217  27.658523    34.1280    34.1250    310.656    305.445    -0.1316     4.6061     0.0897     0.0897     0.0713     0.0197       9077     6.3027     100.00     2.3255     2.0417         24 0.0000e+00
    104.850   80.41720  147.52127    106.000    -0.9237    -0.9235  27.658082  27.656433    34.1328    34.1304    310.850    304.789    -0.1250     4.6069     0.0893     0.0893     0.0706     0.0200       9113     6.3278     100.00     2.3261     2.0380         19 0.0000e+00
    105.839   80.41720  147.52123    107.000    -0.9208    -0.9206  27.672286  27.670628    34.1483    34.1458    310.857    305.023    -0.1265     4.6066     0.0885     0.0885     0.0709     0.0199       9149     6.3529     100.00     2.3263     2.0392         18 0.0000e+00
    106.828   80.41720  147.52121    108.000    -0.9145    -0.9138  27.688893  27.687227    34.1631    34.1600    310.958    304.036    -0.1255     4.6057     0.0887     0.0887     0.0717     0.0200       9186     6.3782     100.00     2.3273     2.0346         22 0.0000e+00
    107.817   80.41720  147.52118    109.000    -0.8869    -0.8864  27.721891  27.720271    34.1760    34.1732    311.103    305.781    -0.1232     4.6065     0.0882     0.0882     0.0710     0.0201       9221     6.4030     100.00     2.3295     2.0445         23 0.0000e+00
    108.806   80.41720  147.52117    110.000    -0.8519    -0.8509  27.762482  27.760964    34.1908    34.1876    311.411    304.832    -0.1260     4.6066     0.0874     0.0874     0.0709     0.0200       9255     6.4262     100.00     2.3332     2.0414         17 0.0000e+00
    109.795   80.41720  147.52114    111.000    -0.8234    -0.8225  27.795005  27.793676    34.2020    34.1991    311.435    306.603    -0.1268     4.6079     0.0885     0.0885     0.0698     0.0199       9286     6.4480     100.00     2.3349     2.0514         22 0.0000e+00
    110.783   80.41720  147.52111    112.000    -0.8021    -0.8016  27.821152  27.819538    34.2127    34.2100    311.122    304.428    -0.1309     4.6081     0.0866     0.0866     0.0697     0.0197       9318     6.4698     100.00     2.3341     2.0414         21 0.0000e+00
    111.772   80.41720  147.52110    113.000    -0.7894    -0.7883  27.846113  27.844660    34.2315    34.2282    310.781    304.456    -0.1242     4.6077     0.0875     0.0875     0.0700     0.0200       9349     6.4916     100.00     2.3328     2.0422         19 0.0000e+00
    112.761   80.41720  147.52108    114.000    -0.7549    -0.7543  27.885770  27.883952    34.2455    34.2424    310.282    304.276    -0.1222     4.6078     0.0876     0.0876     0.0699     0.0201       9380     6.5134     100.00     2.3317     2.0428         19 0.0000e+00
    113.750   80.41720  147.52105    115.000    -0.7270    -0.7263  27.917038  27.915364    34.2556    34.2525    310.199    304.258    -0.1296     4.6070     0.0883     0.0883     0.0705     0.0198       9412     6.5352     100.00     2.3327     2.0439         22 0.0000e+00
    114.739   80.41720  147.52103    116.000    -0.7119    -0.7114  27.935420  27.933670    34.2627    34.2597    310.364    304.057    -0.1286     4.6079     0.0882     0.0882     0.0698     0.0198       9441     6.5558     100.00     2.3343     2.0435         19 0.0000e+00
    115.728   80.41720  147.52101    117.000    -0.6918    -0.6913  27.959360  27.957632    34.2717    34.2687    310.205    305.237    -0.1336     4.6080     0.0883     0.0883     0.0698     0.0196       9469     6.5750     100.00     2.3344     2.0502         20 0.0000e+00
