Continuous CTD Data/SBE Stage/nabos_15_02.ros
* Sea-Bird SBE 9 Data File:
* FileName = D:\CTD\data\HLY2502\raw\NABOS_15_02.hex
* Software Version Seasave V 7.26.7.110
* Temperature SN = 6954
* Conductivity SN = 2561
* Number of Bytes Per Scan = 37
* Number of Voltage Words = 4
* Number of Scans Averaged by the Deck Unit = 1
* NMEA Latitude = 78 29.96 N
* NMEA Longitude = 170 07.40 W
* NMEA UTC (Time) = Sep 09 2025  17:34:44
* NMEA baud rate = 9600
** Ship: USCG HEALY
** Bot. Depth:  2700
** Cast Number:
** Station Name:  15
** Station Number:
** Operator:  STARC
# nquan = 25
# nvalues = 1176                                  
# units = specified
# name 0 = depSM: Depth [salt water, m]
# name 1 = latitude: Latitude [deg]
# name 2 = longitude: Longitude [deg]
# name 3 = prDM: Pressure, Digiquartz [db]
# name 4 = t090C: Temperature [ITS-90, deg C]
# name 5 = t190C: Temperature, 2 [ITS-90, deg C]
# name 6 = c0mS/cm: Conductivity [mS/cm]
# name 7 = c1mS/cm: Conductivity, 2 [mS/cm]
# name 8 = sal00: Salinity, Practical [PSU]
# name 9 = sal11: Salinity, Practical, 2 [PSU]
# name 10 = sbox0Mm/Kg: Oxygen, SBE 43 [umol/kg]
# name 11 = sbox1Mm/Kg: Oxygen, SBE 43, 2 [umol/kg]
# name 12 = flECO-AFL: Fluorescence, WET Labs ECO-AFL/FL [mg/m^3]
# name 13 = v2: Voltage 2
# name 14 = wetCDOM: Fluorescence, WET Labs CDOM [mg/m^3]
# name 15 = v6: Voltage 6
# name 16 = CStarAt0: Beam Attenuation, WET Labs C-Star [1/m]
# name 17 = v3: Voltage 3
# name 18 = scan: Scan Count
# name 19 = timeM: Time, Elapsed [minutes]
# name 20 = altM: Altimeter [m]
# name 21 = sbeox0V: Oxygen raw, SBE 43 [V]
# name 22 = sbeox1V: Oxygen raw, SBE 43, 2 [V]
# name 23 = nbf: Bottles Fired
# name 24 = flag:  0.000e+00
# interval = seconds: 0.0416667
# start_time = Sep 09 2025 17:34:44 [NMEA time, header]
# bad_flag = -9.990e-29
*END*
[from data line 232]
    250.785   78.49980 -170.10572    253.610     0.6575     0.6574  29.525970  29.524239    34.7453    34.7432    291.229    283.283    -0.1366     4.6667     0.0818     0.0818     0.0191     0.0195      19571    13.5903     100.00     2.2657     1.9762          5  0.000e+00
    250.785   78.49980 -170.10572    253.610     0.6574     0.6575  29.526281  29.523947    34.7459    34.7428    291.229    283.284    -0.1366     4.6667     0.0818     0.0818     0.0191     0.0195      19572    13.5910     100.00     2.2657     1.9762          5  0.000e+00
    250.785   78.49980 -170.10572    253.610     0.6574     0.6574  29.526032  29.523831    34.7456    34.7427    291.430    283.760    -0.1366     4.6667     0.0818     0.0818     0.0191     0.0195      19573    13.5917     100.00     2.2669     1.9787          5  0.000e+00
    250.785   78.49980 -170.10572    253.610     0.6574     0.6575  29.526032  29.524415    34.7456    34.7434    291.029    283.758    -0.1366     4.6654     0.0818     0.0818     0.0201     0.0195      19574    13.5924     100.00     2.2645     1.9787          5  0.000e+00
    250.785   78.49980 -170.10572    253.610     0.6575     0.6573  29.525846  29.524239    34.7452    34.7434    291.229    283.759    -0.1061     4.6667     0.0818     0.0818     0.0191     0.0208      19575    13.5931     100.00     2.2657     1.9787          5  0.000e+00
    250.785   78.49980 -170.10572    253.610     0.6574     0.6575  29.526157  29.524298    34.7457    34.7432    291.229    283.758    -0.1366     4.6667     0.0830     0.0830     0.0191     0.0195      19576    13.5938     100.00     2.2657     1.9787          5  0.000e+00
    250.785   78.49980 -170.10572    253.610     0.6574     0.6574  29.526095  29.523714    34.7456    34.7426    291.028    283.760    -0.1366     4.6667     0.0818     0.0818     0.0191     0.0195      19577    13.5944     100.00     2.2645     1.9787          5  0.000e+00
    250.728   78.49980 -170.10572    253.552     0.6574     0.6575  29.525846  29.523947    34.7453    34.7428    291.228    283.757    -0.1366     4.6667     0.0818     0.0818     0.0191     0.0195      19578    13.5951     100.00     2.2657     1.9787          5  0.000e+00
    250.785   78.49980 -170.10572    253.610     0.6573     0.6574  29.526157  29.524123    34.7459    34.7431    291.029    283.759    -0.1366     4.6654     0.0818     0.0818     0.0201     0.0195      19579    13.5958     100.00     2.2645     1.9787          5  0.000e+00
    250.785   78.49980 -170.10572    253.610     0.6574     0.6574  29.525908  29.524123    34.7454    34.7431    291.230    283.759    -0.1366     4.6667     0.0818     0.0818     0.0191     0.0195      19580    13.5965     100.00     2.2657     1.9787          5  0.000e+00
    250.785   78.49980 -170.10572    253.610     0.6574     0.6573  29.525970  29.524123    34.7455    34.7432    291.230    283.997    -0.1366     4.6667     0.0818     0.0818     0.0191     0.0195      19581    13.5972     100.00     2.2657     1.9799          5  0.000e+00
    250.785   78.49980 -170.10572    253.610     0.6574     0.6576  29.526219  29.524473    34.7458    34.7433    291.229    284.470    -0.1061     4.6667     0.0818     0.0818     0.0191     0.0208      19582    13.5979     100.00     2.2657     1.9823          5  0.000e+00
    250.785   78.49980 -170.10572    253.610     0.6574     0.6576  29.525908  29.524415    34.7454    34.7432    291.029    284.708    -0.1366     4.6667     0.0818     0.0818     0.0191     0.0195      19583    13.5986     100.00     2.2645     1.9835          5  0.000e+00
    251.032   78.49980 -170.10560    253.860     0.6573     0.6571  29.525661  29.524299    34.7451    34.7435    291.445    286.150    -0.1671     4.6654     0.0806     0.0806     0.0201     0.0183      19860    13.7910     100.00     2.2670     1.9909          6  0.000e+00
    251.032   78.49980 -170.10560    253.860     0.6573     0.6573  29.525909  29.524182    34.7454    34.7431    291.445    286.625    -0.1366     4.6654     0.0806     0.0806     0.0201     0.0195      19861    13.7917     100.00     2.2670     1.9933          6  0.000e+00
    250.967   78.49980 -170.10560    253.793     0.6573     0.6573  29.525785  29.524123    34.7453    34.7431    291.442    287.336    -0.1671     4.6654     0.0806     0.0806     0.0201     0.0183      19862    13.7924     100.00     2.2670     1.9970          6  0.000e+00
    251.024   78.49980 -170.10560    253.852     0.6573     0.6575  29.525971  29.524123    34.7455    34.7429    291.444    287.337    -0.1671     4.6667     0.0806     0.0806     0.0191     0.0183      19863    13.7931     100.00     2.2670     1.9970          6  0.000e+00
    251.032   78.49980 -170.10560    253.860     0.6573     0.6571  29.525847  29.524299    34.7453    34.7435    291.445    287.101    -0.1671     4.6654     0.0806     0.0806     0.0201     0.0183      19864    13.7937     100.00     2.2670     1.9958          6  0.000e+00
    250.967   78.49980 -170.10560    253.793     0.6569     0.6575  29.525723  29.524182    34.7456    34.7430    291.445    286.859    -0.1671     4.6667     0.0806     0.0806     0.0191     0.0183      19865    13.7944     100.00     2.2670     1.9946          6  0.000e+00
    251.024   78.49980 -170.10560    253.852     0.6571     0.6574  29.525723  29.524123    34.7454    34.7429    291.446    286.624    -0.1366     4.6654     0.0818     0.0818     0.0201     0.0195      19866    13.7951     100.00     2.2670     1.9933          6  0.000e+00
    251.032   78.49980 -170.10560    253.860     0.6573     0.6575  29.525971  29.524474    34.7455    34.7433    291.445    287.099    -0.1671     4.6654     0.0806     0.0806     0.0201     0.0183      19867    13.7958     100.00     2.2670     1.9958          6  0.000e+00
    250.967   78.49980 -170.10560    253.793     0.6573     0.6573  29.525536  29.524415    34.7450    34.7435    291.443    287.335    -0.1976     4.6654     0.0806     0.0806     0.0201     0.0171      19868    13.7965     100.00     2.2670     1.9970          6  0.000e+00
    251.024   78.49980 -170.10560    253.852     0.6569     0.6573  29.525909  29.523948    34.7458    34.7428    291.446    287.101    -0.1671     4.6667     0.0806     0.0806     0.0191     0.0183      19869    13.7972     100.00     2.2670     1.9958          6  0.000e+00
    251.032   78.49980 -170.10560    253.860     0.6569     0.6572  29.525847  29.524182    34.7457    34.7433    291.447    286.863    -0.1671     4.6667     0.0806     0.0806     0.0191     0.0183      19870    13.7979     100.00     2.2670     1.9946          6  0.000e+00
    250.967   78.49980 -170.10560    253.793     0.6574     0.6574  29.525909  29.524357    34.7453    34.7433    291.642    286.384    -0.1671     4.6667     0.0818     0.0818     0.0191     0.0183      19871    13.7986     100.00     2.2682     1.9921          6  0.000e+00
    251.090   78.49980 -170.10560    253.918     0.6574     0.6570  29.525785  29.524357    34.7450    34.7437    291.447    286.153    -0.1671     4.6654     0.0818     0.0818     0.0201     0.0183      19872    13.7993     100.00     2.2670     1.9909          6  0.000e+00
    250.967   78.49980 -170.10560    253.793     0.6573     0.6573  29.526157  29.524357    34.7458    34.7434    291.441    285.909    -0.1366     4.6667     0.0830     0.0830     0.0191     0.0195      19873    13.8000     100.00     2.2670     1.9897          6  0.000e+00
    251.032   78.49980 -170.10560    253.860     0.6573     0.6572  29.526033  29.524357    34.7456    34.7435    291.444    285.674    -0.1671     4.6667     0.0818     0.0818     0.0191     0.0183      19874    13.8007     100.00     2.2670     1.9885          6  0.000e+00
    250.967   78.49980 -170.10560    253.793     0.6575     0.6573  29.525785  29.524182    34.7450    34.7432    291.441    285.434    -0.1976     4.6654     0.0818     0.0818     0.0201     0.0171      19875    13.8014     100.00     2.2670     1.9872          6  0.000e+00
    251.024   78.49980 -170.10560    253.852     0.6571     0.6574  29.525971  29.524299    34.7457    34.7432    291.646    285.435    -0.1671     4.6667     0.0830     0.0830     0.0191     0.0183      19876    13.8021     100.00     2.2682     1.9872          6  0.000e+00
    251.032   78.49980 -170.10560    253.860     0.6574     0.6573  29.526219  29.524123    34.7456    34.7430    291.443    285.199    -0.1671     4.6667     0.0818     0.0818     0.0191     0.0183      19877    13.8028     100.00     2.2670     1.9860          6  0.000e+00
    251.032   78.49980 -170.10560    253.860     0.6571     0.6576  29.526095  29.524240    34.7458    34.7429    291.445    285.197    -0.1671     4.6654     0.0818     0.0818     0.0201     0.0183      19878    13.8035     100.00     2.2670     1.9860          6  0.000e+00
    251.024   78.49980 -170.10560    253.852     0.6573     0.6572  29.525847  29.524182    34.7453    34.7433    291.445    284.961    -0.1671     4.6667     0.0830     0.0830     0.0191     0.0183      19879    13.8042     100.00     2.2670     1.9848          6  0.000e+00
    250.967   78.49980 -170.10560    253.793     0.6574     0.6573  29.526157  29.524123    34.7456    34.7431    291.441    284.483    -0.1976     4.6667     0.0830     0.0830     0.0191     0.0171      19880    13.8049     100.00     2.2670     1.9823          6  0.000e+00
    251.032   78.49980 -170.10560    253.860     0.6571     0.6575  29.525909  29.524123    34.7456    34.7429    291.446    284.009    -0.1671     4.6667     0.0818     0.0818     0.0191     0.0183      19881    13.8056     100.00     2.2670     1.9799          6  0.000e+00
    250.967   78.49980 -170.10560    253.793     0.6573     0.6574  29.526343  29.524474    34.7460    34.7434    291.441    283.531    -0.1976     4.6654     0.0830     0.0830     0.0201     0.0171      19882    13.8063     100.00     2.2670     1.9774          6  0.000e+00
    251.090   78.49980 -170.10560    253.918     0.6574     0.6575  29.526344  29.524007    34.7458    34.7427    291.445    283.536    -0.1671     4.6667     0.0818     0.0818     0.0191     0.0183      19883    13.8069     100.00     2.2670     1.9774          6  0.000e+00
    251.032   78.49980 -170.10560    253.860     0.6573     0.6573  29.526095  29.524182    34.7457    34.7431    291.444    283.297    -0.1671     4.6654     0.0818     0.0818     0.0201     0.0183      19884    13.8076     100.00     2.2670     1.9762          6  0.000e+00
    250.967   78.49980 -170.10560    253.793     0.6573     0.6573  29.525847  29.524357    34.7454    34.7434    291.442    282.818    -0.1671     4.6667     0.0818     0.0818     0.0191     0.0183      19885    13.8083     100.00     2.2670     1.9738          6  0.000e+00
    251.024   78.49980 -170.10560    253.852     0.6574     0.6575  29.525909  29.524357    34.7452    34.7432    291.444    282.820    -0.1671     4.6667     0.0818     0.0818     0.0191     0.0183      19886    13.8090     100.00     2.2670     1.9738          6  0.000e+00
    251.032   78.49980 -170.10560    253.860     0.6574     0.6573  29.525785  29.523948    34.7451    34.7428    291.444    282.822    -0.1366     4.6654     0.0818     0.0818     0.0201     0.0195      19887    13.8097     100.00     2.2670     1.9738          6  0.000e+00
    251.032   78.49980 -170.10560    253.860     0.6571     0.6573  29.526157  29.524182    34.7459    34.7431    291.445    282.821    -0.1671     4.6654     0.0818     0.0818     0.0201     0.0183      19888    13.8104     100.00     2.2670     1.9738          6  0.000e+00
    251.024   78.49980 -170.10560    253.852     0.6573     0.6574  29.526033  29.524182    34.7456    34.7430    291.444    282.821    -0.1366     4.6667     0.0818     0.0818     0.0191     0.0195      19889    13.8111     100.00     2.2670     1.9738          6  0.000e+00
    250.967   78.49980 -170.10560    253.793     0.6573     0.6570  29.526033  29.524065    34.7456    34.7434    291.442    283.059    -0.1671     4.6667     0.0818     0.0818     0.0191     0.0183      19890    13.8118     100.00     2.2670     1.9750          6  0.000e+00
    251.032   78.49980 -170.10560    253.860     0.6574     0.6574  29.526282  29.524065    34.7457    34.7429    291.242    283.059    -0.1976     4.6667     0.0818     0.0818     0.0191     0.0171      19891    13.8125     100.00     2.2657     1.9750          6  0.000e+00
    251.024   78.49980 -170.10560    253.852     0.6573     0.6573  29.526033  29.524299    34.7456    34.7432    291.444    283.058    -0.1671     4.6667     0.0818     0.0818     0.0191     0.0183      19892    13.8132     100.00     2.2670     1.9750          6  0.000e+00
    251.032   78.49980 -170.10560    253.860     0.6573     0.6571  29.526219  29.524357    34.7458    34.7436    291.444    283.297    -0.1671     4.6667     0.0818     0.0818     0.0191     0.0183      19893    13.8139     100.00     2.2670     1.9762          6  0.000e+00
    251.032   78.49980 -170.10560    253.860     0.6573     0.6574  29.526157  29.524182    34.7457    34.7430    291.444    283.296    -0.1671     4.6667     0.0830     0.0830     0.0191     0.0183      19894    13.8146     100.00     2.2670     1.9762          6  0.000e+00
    251.032   78.49980 -170.10560    253.860     0.6574     0.6572  29.525536  29.524123    34.7448    34.7432    291.445    283.060    -0.1671     4.6667     0.0818     0.0818     0.0191     0.0183      19895    13.8153     100.00     2.2670     1.9750          6  0.000e+00
    251.024   78.49980 -170.10560    253.852     0.6571     0.6574  29.526095  29.524299    34.7459    34.7432    291.244    282.820    -0.1671     4.6667     0.0818     0.0818     0.0191     0.0183      19896    13.8160     100.00     2.2657     1.9738          6  0.000e+00
    250.967   78.49982 -170.10558    253.793     0.6573     0.6573  29.526157  29.524123    34.7458    34.7430    291.442    282.106    -0.1671     4.6667     0.0818     0.0818     0.0191     0.0183      19897    13.8167     100.00     2.2670     1.9701          6  0.000e+00
    251.032   78.49982 -170.10558    253.860     0.6574     0.6573  29.526219  29.524240    34.7456    34.7432    291.443    281.395    -0.1671     4.6667     0.0818     0.0818     0.0191     0.0183      19898    13.8174     100.00     2.2670     1.9664          6  0.000e+00
    251.024   78.49982 -170.10558    253.852     0.6573     0.6573  29.526095  29.524357    34.7457    34.7433    291.444    281.156    -0.1671     4.6667     0.0830     0.0830     0.0191     0.0183      19899    13.8181     100.00     2.2670     1.9652          6  0.000e+00
    251.032   78.49982 -170.10558    253.860     0.6575     0.6574  29.525785  29.524182    34.7450    34.7430    291.444    280.919    -0.1671     4.6654     0.0818     0.0818     0.0201     0.0183      19900    13.8187     100.00     2.2670     1.9640          6  0.000e+00
    251.032   78.49982 -170.10558    253.860     0.6574     0.6574  29.525723  29.524123    34.7450    34.7429    291.445    280.919    -0.1671     4.6667     0.0818     0.0818     0.0191     0.0183      19901    13.8194     100.00     2.2670     1.9640          6  0.000e+00
    251.024   78.49982 -170.10558    253.852     0.6574     0.6573  29.526157  29.524474    34.7456    34.7435    291.443    281.156    -0.1671     4.6667     0.0818     0.0818     0.0191     0.0183      19902    13.8201     100.00     2.2670     1.9652          6  0.000e+00
    250.967   78.49982 -170.10558    253.793     0.6571     0.6574  29.525847  29.524415    34.7456    34.7434    291.243    281.391    -0.1671     4.6667     0.0818     0.0818     0.0191     0.0183      19903    13.8208     100.00     2.2657     1.9664          6  0.000e+00
