Continuous CTD Data/SBE Stage/nabos_11_01.ros
* Sea-Bird SBE 9 Data File:
* FileName = D:\CTD\data\HLY2502\raw\NABOS_11_01.hex
* Software Version Seasave V 7.26.7.110
* Temperature SN = 6954
* Conductivity SN = 2561
* Number of Bytes Per Scan = 37
* Number of Voltage Words = 4
* Number of Scans Averaged by the Deck Unit = 1
* NMEA Latitude = 77 00.90 N
* NMEA Longitude = 177 56.55 W
* NMEA UTC (Time) = Sep 16 2025  10:26:07
* NMEA baud rate = 9600
** Ship: USCG HEALY
** Bot. Depth:  1320
** Cast Number:  01
** Station Name:  NABOS
** Station Number:  11
** Operator:  STARC
# nquan = 25
# nvalues = 1029                                  
# units = specified
# name 0 = depSM: Depth [salt water, m]
# name 1 = latitude: Latitude [deg]
# name 2 = longitude: Longitude [deg]
# name 3 = prDM: Pressure, Digiquartz [db]
# name 4 = t090C: Temperature [ITS-90, deg C]
# name 5 = t190C: Temperature, 2 [ITS-90, deg C]
# name 6 = c0mS/cm: Conductivity [mS/cm]
# name 7 = c1mS/cm: Conductivity, 2 [mS/cm]
# name 8 = sal00: Salinity, Practical [PSU]
# name 9 = sal11: Salinity, Practical, 2 [PSU]
# name 10 = sbox0Mm/Kg: Oxygen, SBE 43 [umol/kg]
# name 11 = sbox1Mm/Kg: Oxygen, SBE 43, 2 [umol/kg]
# name 12 = flECO-AFL: Fluorescence, WET Labs ECO-AFL/FL [mg/m^3]
# name 13 = v2: Voltage 2
# name 14 = wetCDOM: Fluorescence, WET Labs CDOM [mg/m^3]
# name 15 = v6: Voltage 6
# name 16 = CStarAt0: Beam Attenuation, WET Labs C-Star [1/m]
# name 17 = v3: Voltage 3
# name 18 = scan: Scan Count
# name 19 = timeM: Time, Elapsed [minutes]
# name 20 = altM: Altimeter [m]
# name 21 = sbeox0V: Oxygen raw, SBE 43 [V]
# name 22 = sbeox1V: Oxygen raw, SBE 43, 2 [V]
# name 23 = nbf: Bottles Fired
# name 24 = flag:  0.000e+00
# interval = seconds: 0.0416667
# start_time = Sep 16 2025 10:26:07 [NMEA time, header]
# bad_flag = -9.990e-29
*END*
[from data line 58]
    999.909   77.01722 -177.95136   1012.958    -0.1784    -0.1792  29.223038  29.221199    34.8452    34.8436    294.501    289.886    -0.1366     4.6593     0.0830     0.0830     0.0254     0.0195      48203    33.4736     100.00     2.0771     1.8367          2  0.000e+00
    999.909   77.01722 -177.95136   1012.958    -0.1786    -0.1790  29.223348  29.221315    34.8458    34.8436    294.273    289.885    -0.1366     4.6606     0.0842     0.0842     0.0243     0.0195      48204    33.4743     100.00     2.0758     1.8367          2  0.000e+00
    999.909   77.01722 -177.95136   1012.958    -0.1786    -0.1790  29.223348  29.221373    34.8458    34.8437    294.273    290.155    -0.1061     4.6606     0.0842     0.0842     0.0243     0.0208      48205    33.4750     100.00     2.0758     1.8379          2  0.000e+00
    999.909   77.01722 -177.95136   1012.958    -0.1786    -0.1788  29.223286  29.221373    34.8457    34.8435    294.273    290.154    -0.1366     4.6593     0.0842     0.0842     0.0254     0.0195      48206    33.4757     100.00     2.0758     1.8379          2  0.000e+00
    999.909   77.01722 -177.95136   1012.958    -0.1786    -0.1792  29.223286  29.221548    34.8457    34.8441    294.044    290.426    -0.1366     4.6593     0.0842     0.0842     0.0254     0.0195      48207    33.4764     100.00     2.0746     1.8392          2  0.000e+00
    999.909   77.01722 -177.95136   1012.958    -0.1786    -0.1790  29.223348  29.221257    34.8458    34.8435    294.273    290.696    -0.1366     4.6593     0.0842     0.0842     0.0254     0.0195      48208    33.4771     100.00     2.0758     1.8404          2  0.000e+00
    999.967   77.01722 -177.95136   1013.017    -0.1787    -0.1787  29.223039  29.221315    34.8455    34.8433    294.048    290.697    -0.1366     4.6593     0.0842     0.0842     0.0254     0.0195      48209    33.4778     100.00     2.0746     1.8404          2  0.000e+00
    999.909   77.01722 -177.95136   1012.958    -0.1784    -0.1788  29.223348  29.221373    34.8456    34.8435    294.272    290.695    -0.1366     4.6606     0.0842     0.0842     0.0243     0.0195      48210    33.4785     100.00     2.0758     1.8404          2  0.000e+00
    999.909   77.01722 -177.95136   1012.958    -0.1785    -0.1790  29.223533  29.221373    34.8459    34.8437    294.272    290.967    -0.1061     4.6606     0.0830     0.0830     0.0243     0.0208      48211    33.4792     100.00     2.0758     1.8416          2  0.000e+00
    999.909   77.01722 -177.95136   1012.958    -0.1785    -0.1788  29.223348  29.221199    34.8457    34.8432    294.272    290.696    -0.1366     4.6606     0.0842     0.0842     0.0243     0.0195      48212    33.4799     100.00     2.0758     1.8404          2  0.000e+00
    999.909   77.01722 -177.95136   1012.958    -0.1784    -0.1790  29.223472  29.221315    34.8458    34.8436    294.271    290.696    -0.1366     4.6593     0.0842     0.0842     0.0254     0.0195      48213    33.4806     100.00     2.0758     1.8404          2  0.000e+00
    999.917   77.01722 -177.95136   1012.966    -0.1785    -0.1790  29.223719  29.221548    34.8462    34.8439    294.043    290.426    -0.1366     4.6593     0.0842     0.0842     0.0254     0.0195      48214    33.4813     100.00     2.0746     1.8392          2  0.000e+00
    999.967   77.01722 -177.95136   1013.016    -0.1784    -0.1788  29.223472  29.221665    34.8457    34.8438    294.274    290.426    -0.1061     4.6593     0.0842     0.0842     0.0254     0.0208      48215    33.4819     100.00     2.0758     1.8392          2  0.000e+00
    999.909   77.01722 -177.95136   1012.957    -0.1785    -0.1788  29.223286  29.221257    34.8456    34.8433    294.044    290.155    -0.1366     4.6593     0.0842     0.0842     0.0254     0.0195      48216    33.4826     100.00     2.0746     1.8379          2  0.000e+00
    999.909   77.01722 -177.95136   1012.957    -0.1786    -0.1788  29.223286  29.221315    34.8457    34.8434    294.273    290.154    -0.1366     4.6593     0.0842     0.0842     0.0254     0.0195      48217    33.4833     100.00     2.0758     1.8379          2  0.000e+00
    999.909   77.01722 -177.95136   1012.957    -0.1786    -0.1787  29.223286  29.221373    34.8457    34.8434    294.045    289.883    -0.1671     4.6593     0.0842     0.0842     0.0254     0.0183      48218    33.4840     100.00     2.0746     1.8367          2  0.000e+00
    999.909   77.01722 -177.95136   1012.957    -0.1786    -0.1787  29.223286  29.221373    34.8457    34.8433    294.273    289.883    -0.1671     4.6593     0.0842     0.0842     0.0254     0.0183      48219    33.4847     100.00     2.0758     1.8367          2  0.000e+00
    999.909   77.01722 -177.95136   1012.957    -0.1787    -0.1788  29.223286  29.221548    34.8459    34.8437    294.046    289.883    -0.1671     4.6593     0.0842     0.0842     0.0254     0.0183      48220    33.4854     100.00     2.0746     1.8367          2  0.000e+00
    999.967   77.01722 -177.95136   1013.016    -0.1785    -0.1785  29.223472  29.221257    34.8458    34.8429    294.046    290.155    -0.1671     4.6593     0.0842     0.0842     0.0254     0.0183      48221    33.4861     100.00     2.0746     1.8379          2  0.000e+00
    999.909   77.01722 -177.95136   1012.957    -0.1786    -0.1787  29.223162  29.221490    34.8456    34.8435    294.045    290.153    -0.1671     4.6593     0.0842     0.0842     0.0254     0.0183      48222    33.4868     100.00     2.0746     1.8379          2  0.000e+00
    999.909   77.01722 -177.95136   1012.957    -0.1784    -0.1787  29.223410  29.221664    34.8457    34.8437    294.043    290.153    -0.1976     4.6593     0.0842     0.0842     0.0254     0.0171      48223    33.4875     100.00     2.0746     1.8379          2  0.000e+00
    999.909   77.01722 -177.95136   1012.957    -0.1786    -0.1787  29.223100  29.221839    34.8455    34.8439    294.274    290.423    -0.1671     4.6593     0.0842     0.0842     0.0254     0.0183      48224    33.4882     100.00     2.0758     1.8392          2  0.000e+00
    999.909   77.01722 -177.95136   1012.957    -0.1786    -0.1785  29.223348  29.221723    34.8458    34.8436    294.045    290.422    -0.1671     4.6593     0.0842     0.0842     0.0254     0.0183      48225    33.4889     100.00     2.0746     1.8392          2  0.000e+00
    999.909   77.01722 -177.95136   1012.957    -0.1785    -0.1785  29.223533  29.221432    34.8459    34.8432    294.272    290.153    -0.1671     4.6606     0.0842     0.0842     0.0243     0.0183      48226    33.4896     100.00     2.0758     1.8379          2  0.000e+00
    999.967   77.01722 -177.95136   1013.016    -0.1785    -0.1786  29.223348  29.221548    34.8456    34.8434    294.275    290.155    -0.1671     4.6606     0.0842     0.0842     0.0243     0.0183      48227    33.4903     100.00     2.0758     1.8379          2  0.000e+00
    999.909   77.01722 -177.95136   1012.957    -0.1786    -0.1785  29.223286  29.221432    34.8457    34.8432    294.274    290.153    -0.1671     4.6593     0.0842     0.0842     0.0254     0.0183      48228    33.4910     100.00     2.0758     1.8379          2  0.000e+00
    999.909   77.01722 -177.95136   1012.957    -0.1786    -0.1784  29.223348  29.221373    34.8458    34.8430    294.045    290.423    -0.1671     4.6593     0.0842     0.0842     0.0254     0.0183      48229    33.4917     100.00     2.0746     1.8392          2  0.000e+00
    999.909   77.01722 -177.95136   1012.957    -0.1787    -0.1785  29.223038  29.221548    34.8456    34.8434    294.047    290.964    -0.1671     4.6593     0.0842     0.0842     0.0254     0.0183      48230    33.4924     100.00     2.0746     1.8416          2  0.000e+00
    999.917   77.01722 -177.95136   1012.966    -0.1789    -0.1784  29.222977  29.221664    34.8457    34.8434    294.277    290.963    -0.1671     4.6606     0.0842     0.0842     0.0243     0.0183      48231    33.4931     100.00     2.0758     1.8416          2  0.000e+00
    999.967   77.01722 -177.95136   1013.016    -0.1787    -0.1785  29.222791  29.221665    34.8452    34.8435    294.050    291.507    -0.1671     4.6593     0.0842     0.0842     0.0254     0.0183      48232    33.4937     100.00     2.0746     1.8441          2  0.000e+00
    999.909   77.01722 -177.95136   1012.957    -0.1787    -0.1787  29.223100  29.221432    34.8457    34.8434    294.275    291.777    -0.1671     4.6606     0.0842     0.0842     0.0243     0.0183      48233    33.4944     100.00     2.0758     1.8453          2  0.000e+00
    999.909   77.01722 -177.95136   1012.957    -0.1787    -0.1785  29.223038  29.221781    34.8456    34.8437    294.047    291.775    -0.1671     4.6593     0.0842     0.0842     0.0254     0.0183      48234    33.4951     100.00     2.0746     1.8453          2  0.000e+00
    999.909   77.01722 -177.95136   1012.957    -0.1787    -0.1784  29.222977  29.221955    34.8455    34.8438    294.047    291.233    -0.1671     4.6593     0.0842     0.0842     0.0254     0.0183      48235    33.4958     100.00     2.0746     1.8429          2  0.000e+00
    999.909   77.01722 -177.95136   1012.957    -0.1791    -0.1786  29.222853  29.221723    34.8457    34.8436    294.049    290.693    -0.1671     4.6606     0.0842     0.0842     0.0243     0.0183      48236    33.4965     100.00     2.0746     1.8404          2  0.000e+00
    999.967   77.01722 -177.95138   1013.016    -0.1789    -0.1785  29.222915  29.221432    34.8456    34.8432    294.051    290.696    -0.1976     4.6593     0.0842     0.0842     0.0254     0.0171      48237    33.4972     100.00     2.0746     1.8404          2  0.000e+00
    999.909   77.01722 -177.95138   1012.957    -0.1789    -0.1785  29.223162  29.221548    34.8459    34.8434    294.048    290.423    -0.1671     4.6593     0.0842     0.0842     0.0254     0.0183      48238    33.4979     100.00     2.0746     1.8392          2  0.000e+00
    999.909   77.01722 -177.95138   1012.957    -0.1786    -0.1787  29.222853  29.221664    34.8451    34.8437    294.047    290.424    -0.1671     4.6606     0.0842     0.0842     0.0243     0.0183      48239    33.4986     100.00     2.0746     1.8392          2  0.000e+00
    999.909   77.01722 -177.95138   1012.957    -0.1789    -0.1785  29.223100  29.221664    34.8458    34.8435    294.048    289.611    -0.1976     4.6593     0.0842     0.0842     0.0254     0.0171      48240    33.4993     100.00     2.0746     1.8355          2  0.000e+00
    999.909   77.01722 -177.95138   1012.957    -0.1786    -0.1782  29.223038  29.221432    34.8454    34.8429    294.046    287.446    -0.1976     4.6593     0.0842     0.0842     0.0254     0.0171      48241    33.5000     100.00     2.0746     1.8256          2  0.000e+00
    999.967   77.01722 -177.95138   1013.016    -0.1786    -0.1787  29.223162  29.221548    34.8455    34.8435    294.277    285.827    -0.1671     4.6593     0.0842     0.0842     0.0254     0.0183      48242    33.5007     100.00     2.0758     1.8183          2  0.000e+00
    750.215   77.01782 -177.95340    759.545    -0.0580    -0.0578  29.195350  29.193485    34.8193    34.8166    297.229    296.754    -0.1366     4.6581     0.0830     0.0830     0.0264     0.0195      57905    40.2111     100.00     2.1517     1.9185          3  0.000e+00
    750.455   77.01782 -177.95340    759.789    -0.0579    -0.0579  29.195412  29.193543    34.8191    34.8167    297.237    297.284    -0.1366     4.6581     0.0830     0.0830     0.0264     0.0195      57906    40.2118     100.00     2.1517     1.9210          3  0.000e+00
    750.273   77.01782 -177.95340    759.604    -0.0579    -0.0581  29.195412  29.193717    34.8192    34.8172    297.230    297.798    -0.1366     4.6581     0.0830     0.0830     0.0264     0.0195      57907    40.2125     100.00     2.1517     1.9234          3  0.000e+00
    750.223   77.01782 -177.95340    759.554    -0.0578    -0.0579  29.195412  29.193601    34.8191    34.8169    297.227    298.576    -0.1366     4.6581     0.0830     0.0830     0.0264     0.0195      57908    40.2132     100.00     2.1517     1.9271          3  0.000e+00
    750.339   77.01782 -177.95340    759.671    -0.0582    -0.0578  29.194979  29.193543    34.8189    34.8166    297.236    299.361    -0.1671     4.6581     0.0830     0.0830     0.0264     0.0183      57909    40.2139     100.00     2.1517     1.9308          3  0.000e+00
    750.397   77.01782 -177.95340    759.730    -0.0579    -0.0579  29.195227  29.193543    34.8189    34.8167    297.235    299.625    -0.1671     4.6581     0.0818     0.0818     0.0264     0.0183      57910    40.2146     100.00     2.1517     1.9320          3  0.000e+00
    750.273   77.01782 -177.95340    759.604    -0.0579    -0.0579  29.195226  29.193543    34.8189    34.8168    297.230    298.318    -0.1671     4.6581     0.0830     0.0830     0.0264     0.0183      57911    40.2153     100.00     2.1517     1.9259          3  0.000e+00
    750.273   77.01782 -177.95340    759.604    -0.0579    -0.0578  29.195165  29.193543    34.8189    34.8167    297.231    296.496    -0.1671     4.6581     0.0830     0.0830     0.0264     0.0183      57912    40.2160     100.00     2.1517     1.9173          3  0.000e+00
    750.339   77.01782 -177.95340    759.671    -0.0580    -0.0579  29.195165  29.193543    34.8190    34.8168    297.454    295.458    -0.1671     4.6581     0.0830     0.0830     0.0264     0.0183      57913    40.2167     100.00     2.1529     1.9124          3  0.000e+00
    750.273   77.01782 -177.95340    759.604    -0.0580    -0.0579  29.195103  29.193543    34.8190    34.8168    297.232    295.195    -0.1671     4.6581     0.0830     0.0830     0.0264     0.0183      57914    40.2174     100.00     2.1517     1.9111          3  0.000e+00
    750.223   77.01782 -177.95340    759.554    -0.0580    -0.0577  29.195103  29.193543    34.8190    34.8165    297.450    295.451    -0.1671     4.6581     0.0830     0.0830     0.0264     0.0183      57915    40.2181     100.00     2.1529     1.9124          3  0.000e+00
    750.339   77.01782 -177.95340    759.671    -0.0579    -0.0581  29.195165  29.193310    34.8189    34.8167    297.234    295.460    -0.1671     4.6581     0.0830     0.0830     0.0264     0.0183      57916    40.2188     100.00     2.1517     1.9124          3  0.000e+00
    750.397   77.01782 -177.95340    759.730    -0.0580    -0.0577  29.195350  29.193485    34.8192    34.8163    297.016    294.938    -0.1976     4.6581     0.0830     0.0830     0.0264     0.0171      57917    40.2194     100.00     2.1504     1.9099          3  0.000e+00
    750.339   77.01782 -177.95340    759.671    -0.0579    -0.0578  29.195227  29.193543    34.8189    34.8166    297.233    294.416    -0.1671     4.6581     0.0830     0.0830     0.0264     0.0183      57918    40.2201     100.00     2.1517     1.9074          3  0.000e+00
    750.273   77.01782 -177.95340    759.604    -0.0579    -0.0581  29.195350  29.193717    34.8191    34.8172    297.230    293.634    -0.1671     4.6581     0.0830     0.0830     0.0264     0.0183      57919    40.2208     100.00     2.1517     1.9038          3  0.000e+00
    750.339   77.01782 -177.95340    759.671    -0.0581    -0.0579  29.195227  29.193601    34.8191    34.8168    297.454    293.115    -0.1671     4.6581     0.0830     0.0830     0.0264     0.0183      57920    40.2215     100.00     2.1529     1.9013          3  0.000e+00
    750.281   77.01782 -177.95340    759.612    -0.0579    -0.0579  29.195350  29.193543    34.8191    34.8168    297.230    292.593    -0.1671     4.6593     0.0830     0.0830     0.0254     0.0183      57921    40.2222     100.00     2.1517     1.8989          3  0.000e+00
