Continuous CTD Data/SBE Stage/nabos_27_01avg.cnv
* Sea-Bird SBE 9 Data File:
* FileName = D:\CTD\data\HLY2502\raw\NABOS_27_01.hex
* Software Version Seasave V 7.26.7.110
* Temperature SN = 6954
* Conductivity SN = 2561
* Number of Bytes Per Scan = 37
* Number of Voltage Words = 4
* Number of Scans Averaged by the Deck Unit = 1
* NMEA Latitude = 80 38.83 N
* NMEA Longitude = 157 43.38 E
* NMEA UTC (Time) = Sep 21 2025  11:57:16
* NMEA baud rate = 9600
** Ship: USCG HEALY
** Bot. Depth:  2663
** Cast Number:  01
** Station Name:  NABOS
** Station Number:  27
** Operator:  STARC
# nquan = 25
# nvalues = 1214                        
# units = specified
# name 0 = depSM: Depth [salt water, m]
# name 1 = latitude: Latitude [deg]
# name 2 = longitude: Longitude [deg]
# name 3 = prDM: Pressure, Digiquartz [db]
# name 4 = t090C: Temperature [ITS-90, deg C]
# name 5 = t190C: Temperature, 2 [ITS-90, deg C]
# name 6 = c0mS/cm: Conductivity [mS/cm]
# name 7 = c1mS/cm: Conductivity, 2 [mS/cm]
# name 8 = sal00: Salinity, Practical [PSU]
# name 9 = sal11: Salinity, Practical, 2 [PSU]
# name 10 = sbox0Mm/Kg: Oxygen, SBE 43 [umol/kg]
# name 11 = sbox1Mm/Kg: Oxygen, SBE 43, 2 [umol/kg]
# name 12 = flECO-AFL: Fluorescence, WET Labs ECO-AFL/FL [mg/m^3]
# name 13 = v2: Voltage 2
# name 14 = wetCDOM: Fluorescence, WET Labs CDOM [mg/m^3]
# name 15 = v6: Voltage 6
# name 16 = CStarAt0: Beam Attenuation, WET Labs C-Star [1/m]
# name 17 = v3: Voltage 3
# name 18 = scan: Scan Count
# name 19 = timeM: Time, Elapsed [minutes]
# name 20 = altM: Altimeter [m]
# name 21 = sbeox0V: Oxygen raw, SBE 43 [V]
# name 22 = sbeox1V: Oxygen raw, SBE 43, 2 [V]
# name 23 = nbin: number of scans per bin
# name 24 = flag: flag
# span 0 =      3.958,   1200.586       
# span 1 =   80.64744,   80.64957       
# span 2 =  157.71494,  157.72107       
# span 3 =      4.000,   1217.000       
# span 4 =    -1.7086,     0.9989       
# span 5 =    -1.7083,     0.9989       
# span 6 =  24.859344,  29.850447       
# span 7 =  24.857013,  29.848604       
# span 8 =    31.1997,    34.8821       
# span 9 =    31.1953,    34.8797       
# span 10 =    291.222,    373.238      
# span 11 =    278.724,    365.809      
# span 12 =    -0.1832,     0.5012      
# span 13 =     4.5423,     4.6375      
# span 14 =     0.0745,     0.1203      
# span 15 =     0.0745,     0.1203      
# span 16 =     0.0442,     0.1273      
# span 17 =     0.0177,     0.0451      
# span 18 =       7539,      42560      
# span 19 =     5.2345,    29.5549      
# span 20 =     100.00,     100.00      
# span 21 =     2.0186,     2.6224      
# span 22 =     1.7868,     2.2785      
# span 23 =          9,         30      
# span 24 = 0.0000e+00, 0.0000e+00      
# interval = decibars: 1                
# start_time = Sep 21 2025 11:57:16 [NMEA time, header]
# bad_flag = -9.990e-29
*END*
[from data line 812]
    805.765   80.64894  157.71712    816.000    -0.1126    -0.1125  29.180811  29.178976    34.8289    34.8264    296.473    295.328    -0.1728     4.6350     0.0845     0.0845     0.0463     0.0181      30669    21.2969     100.00     2.1326     1.8993         16 0.0000e+00
    806.750   80.64894  157.71712    817.000    -0.1124    -0.1124  29.181416  29.179519    34.8289    34.8264    296.492    292.490    -0.1732     4.6348     0.0832     0.0832     0.0465     0.0181      30694    21.3146     100.00     2.1325     1.8859         20 0.0000e+00
    807.736   80.64894  157.71710    818.000    -0.1123    -0.1124  29.181851  29.179947    34.8288    34.8263    296.494    289.575    -0.1767     4.6353     0.0849     0.0849     0.0460     0.0179      30719    21.3319     100.00     2.1323     1.8721         16 0.0000e+00
    808.721   80.64894  157.71710    819.000    -0.1122    -0.1122  29.182452  29.180540    34.8288    34.8264    296.469    291.636    -0.1379     4.6349     0.0848     0.0848     0.0464     0.0195      30744    21.3493     100.00     2.1320     1.8815         17 0.0000e+00
    809.707   80.64894  157.71710    820.000    -0.1122    -0.1121  29.182879  29.181139    34.8288    34.8264    296.388    290.537    -0.1676     4.6349     0.0848     0.0848     0.0464     0.0183      30769    21.3668     100.00     2.1313     1.8762         18 0.0000e+00
    810.692   80.64894  157.71709    821.000    -0.1120    -0.1120  29.183445  29.181634    34.8287    34.8264    296.325    291.795    -0.1341     4.6350     0.0836     0.0836     0.0463     0.0196      30794    21.3840     100.00     2.1308     1.8819         16 0.0000e+00
    811.678   80.64894  157.71708    822.000    -0.1109    -0.1108  29.184908  29.183270    34.8289    34.8266    296.388    292.632    -0.1350     4.6350     0.0834     0.0834     0.0463     0.0196      30819    21.4015     100.00     2.1309     1.8857         19 0.0000e+00
    812.663   80.64894  157.71708    823.000    -0.1090    -0.1091  29.187014  29.185166    34.8290    34.8266    296.423    292.855    -0.1477     4.6348     0.0845     0.0845     0.0464     0.0191      30844    21.4190     100.00     2.1310     1.8866         19 0.0000e+00
    813.649   80.64894  157.71708    824.000    -0.1091    -0.1092  29.187537  29.185565    34.8291    34.8266    296.373    290.100    -0.1758     4.6349     0.0850     0.0850     0.0464     0.0180      30869    21.4364     100.00     2.1305     1.8736         19 0.0000e+00
    814.634   80.64894  157.71707    825.000    -0.1089    -0.1089  29.188079  29.186285    34.8290    34.8267    296.225    290.160    -0.1477     4.6346     0.0846     0.0846     0.0467     0.0191      30894    21.4537     100.00     2.1295     1.8737         17 0.0000e+00
    815.620   80.64894  157.71706    826.000    -0.1088    -0.1088  29.188541  29.186713    34.8290    34.8266    296.147    290.743    -0.1348     4.6355     0.0846     0.0846     0.0458     0.0196      30919    21.4711     100.00     2.1289     1.8762         16 0.0000e+00
    816.606   80.64894  157.71706    827.000    -0.1087    -0.1087  29.189103  29.187283    34.8290    34.8266    296.102    290.046    -0.1698     4.6350     0.0848     0.0848     0.0463     0.0182      30945    21.4886     100.00     2.1284     1.8728         19 0.0000e+00
    817.591   80.64894  157.71706    828.000    -0.1085    -0.1084  29.189756  29.187961    34.8291    34.8266    296.119    291.743    -0.1374     4.6350     0.0840     0.0840     0.0463     0.0195      30970    21.5061     100.00     2.1283     1.8806         22 0.0000e+00
    818.576   80.64895  157.71705    829.000    -0.1080    -0.1081  29.190643  29.188683    34.8291    34.8267    296.161    290.673    -0.1347     4.6349     0.0827     0.0827     0.0464     0.0196      30995    21.5234     100.00     2.1283     1.8754         16 0.0000e+00
    819.562   80.64896  157.71704    830.000    -0.1068    -0.1067  29.192278  29.190426    34.8293    34.8268    296.082    290.697    -0.1322     4.6350     0.0827     0.0827     0.0463     0.0197      31020    21.5407     100.00     2.1278     1.8754         14 0.0000e+00
    820.547   80.64896  157.71704    831.000    -0.1062    -0.1060  29.192894  29.191434    34.8289    34.8268    296.070    294.195    -0.1328     4.6350     0.0835     0.0835     0.0463     0.0197      31045    21.5582     100.00     2.1275     1.8916         16 0.0000e+00
    821.532   80.64896  157.71704    832.000    -0.1143    -0.1129  29.186336  29.185788    34.8288    34.8265    296.113    291.779    -0.1529     4.6350     0.0836     0.0836     0.0463     0.0189      31070    21.5758     100.00     2.1271     1.8798         21 0.0000e+00
    822.518   80.64896  157.71704    833.000    -0.1201    -0.1201  29.181835  29.179950    34.8288    34.8264    296.295    291.096    -0.1700     4.6355     0.0851     0.0851     0.0459     0.0182      31095    21.5932     100.00     2.1276     1.8762         17 0.0000e+00
    823.504   80.64896  157.71702    834.000    -0.1288    -0.1287  29.174347  29.172640    34.8282    34.8258    296.422    290.610    -0.1709     4.6354     0.0835     0.0835     0.0460     0.0182      31120    21.6106     100.00     2.1277     1.8734         16 0.0000e+00
    824.489   80.64896  157.71702    835.000    -0.1351    -0.1351  29.169272  29.167540    34.8280    34.8257    296.436    291.111    -0.1695     4.6356     0.0849     0.0849     0.0457     0.0182      31145    21.6276     100.00     2.1272     1.8753         13 0.0000e+00
    825.474   80.64896  157.71702    836.000    -0.1394    -0.1396  29.165901  29.163886    34.8278    34.8255    296.457    290.492    -0.1462     4.6353     0.0839     0.0839     0.0461     0.0191      31170    21.6452     100.00     2.1269     1.8720         14 0.0000e+00
    826.460   80.64896  157.71702    837.000    -0.1429    -0.1426  29.163166  29.161585    34.8276    34.8252    296.513    291.054    -0.1325     4.6354     0.0834     0.0834     0.0459     0.0197      31196    21.6630     100.00     2.1268     1.8744         19 0.0000e+00
    827.445   80.64896  157.71700    838.000    -0.1501    -0.1501  29.157358  29.155562    34.8275    34.8251    296.598    289.784    -0.1345     4.6357     0.0838     0.0838     0.0457     0.0196      31221    21.6802     100.00     2.1267     1.8680         14 0.0000e+00
    828.431   80.64896  157.71700    839.000    -0.1530    -0.1527  29.155185  29.153677    34.8273    34.8249    296.633    290.604    -0.1323     4.6355     0.0836     0.0836     0.0458     0.0197      31246    21.6976     100.00     2.1266     1.8715         14 0.0000e+00
    829.416   80.64896  157.71700    840.000    -0.1589    -0.1588  29.150134  29.148297    34.8267    34.8242    296.667    292.195    -0.1480     4.6353     0.0836     0.0836     0.0460     0.0191      31271    21.7151     100.00     2.1263     1.8785         15 0.0000e+00
    830.401   80.64896  157.71700    841.000    -0.1686    -0.1690  29.142039  29.140015    34.8265    34.8241    296.739    292.737    -0.1742     4.6358     0.0840     0.0840     0.0456     0.0180      31296    21.7326     100.00     2.1260     1.8804         14 0.0000e+00
    831.387   80.64896  157.71698    842.000    -0.1708    -0.1710  29.140361  29.138394    34.8261    34.8237    296.816    290.638    -0.1538     4.6359     0.0848     0.0848     0.0455     0.0188      31321    21.7502     100.00     2.1261     1.8704         17 0.0000e+00
    832.372   80.64896  157.71698    843.000    -0.1718    -0.1717  29.139802  29.138137    34.8259    34.8236    296.903    291.978    -0.1368     4.6357     0.0836     0.0836     0.0456     0.0195      31346    21.7675     100.00     2.1263     1.8764         17 0.0000e+00
    833.358   80.64897  157.71698    844.000    -0.1575    -0.1572  29.154460  29.153002    34.8285    34.8263    296.810    292.902    -0.1566     4.6359     0.0827     0.0827     0.0455     0.0187      31371    21.7849     100.00     2.1263     1.8811         16 0.0000e+00
    834.343   80.64898  157.71698    845.000    -0.1481    -0.1483  29.163528  29.161526    34.8293    34.8269    296.835    292.034    -0.1366     4.6352     0.0847     0.0847     0.0461     0.0195      31396    21.8024     100.00     2.1266     1.8773         16 0.0000e+00
    835.329   80.64898  157.71697    846.000    -0.1400    -0.1403  29.172508  29.170374    34.8314    34.8290    296.775    289.397    -0.1343     4.6346     0.0832     0.0832     0.0466     0.0196      31422    21.8199     100.00     2.1265     1.8652         13 0.0000e+00
    836.314   80.64898  157.71696    847.000    -0.1271    -0.1273  29.185427  29.183692    34.8333    34.8313    296.668    290.244    -0.1383     4.6352     0.0836     0.0836     0.0462     0.0194      31447    21.8374     100.00     2.1263     1.8695         17 0.0000e+00
    837.299   80.64898  157.71696    848.000    -0.1114    -0.1112  29.201567  29.200021    34.8363    34.8341    296.524    290.384    -0.1736     4.6350     0.0829     0.0829     0.0463     0.0180      31472    21.8547     100.00     2.1262     1.8706         13 0.0000e+00
    838.285   80.64898  157.71696    849.000    -0.1002    -0.1002  29.212243  29.210485    34.8372    34.8349    296.418    290.960    -0.1578     4.6350     0.0833     0.0833     0.0463     0.0187      31497    21.8722     100.00     2.1259     1.8736         16 0.0000e+00
    839.270   80.64898  157.71695    850.000    -0.1003    -0.1000  29.212879  29.211306    34.8376    34.8352    296.194    290.104    -0.1533     4.6349     0.0840     0.0840     0.0464     0.0188      31522    21.8894     100.00     2.1245     1.8694         11 0.0000e+00
    840.255   80.64898  157.71694    851.000    -0.0998    -0.0998  29.213831  29.212009    34.8376    34.8353    296.105    290.628    -0.1803     4.6343     0.0836     0.0836     0.0469     0.0178      31547    21.9069     100.00     2.1238     1.8717         12 0.0000e+00
    841.241   80.64898  157.71694    852.000    -0.0997    -0.0997  29.214354  29.212616    34.8377    34.8354    295.976    291.168    -0.1552     4.6342     0.0834     0.0834     0.0470     0.0188      31572    21.9243     100.00     2.1229     1.8740         11 0.0000e+00
    842.226   80.64898  157.71694    853.000    -0.0997    -0.0998  29.214874  29.213042    34.8378    34.8355    295.802    290.950    -0.1540     4.6314     0.0835     0.0835     0.0494     0.0188      31597    21.9418     100.00     2.1217     1.8728         14 0.0000e+00
    843.211   80.64898  157.71692    854.000    -0.0998    -0.0999  29.215352  29.213468    34.8380    34.8355    295.638    294.304    -0.1764     4.6351     0.0834     0.0834     0.0462     0.0179      31622    21.9591     100.00     2.1206     1.8883         14 0.0000e+00
    844.197   80.64898  157.71692    855.000    -0.1000    -0.1001  29.215565  29.213771    34.8379    34.8356    295.465    294.271    -0.1376     4.6354     0.0840     0.0840     0.0460     0.0195      31648    21.9769     100.00     2.1194     1.8879         16 0.0000e+00
    845.182   80.64898  157.71692    856.000    -0.1005    -0.1004  29.215553  29.213804    34.8379    34.8355    295.436    292.905    -0.1339     4.6360     0.0846     0.0846     0.0454     0.0196      31672    21.9941     100.00     2.1190     1.8814         13 0.0000e+00
    846.167   80.64898  157.71692    857.000    -0.1007    -0.1006  29.215836  29.214214    34.8379    34.8357    295.382    292.560    -0.1673     4.6357     0.0835     0.0835     0.0456     0.0183      31698    22.0116     100.00     2.1185     1.8796         14 0.0000e+00
    847.153   80.64898  157.71690    858.000    -0.1031    -0.1034  29.214169  29.212217    34.8378    34.8355    295.402    291.005    -0.1474     4.6361     0.0845     0.0845     0.0453     0.0191      31723    22.0289     100.00     2.1182     1.8721         14 0.0000e+00
    848.138   80.64898  157.71690    859.000    -0.1034    -0.1035  29.214312  29.212501    34.8378    34.8355    295.450    290.996    -0.1552     4.6355     0.0835     0.0835     0.0459     0.0188      31748    22.0463     100.00     2.1183     1.8718         13 0.0000e+00
    849.123   80.64900  157.71690    860.000    -0.1043    -0.1043  29.213976  29.212227    34.8378    34.8355    295.503    291.932    -0.1529     4.6354     0.0835     0.0835     0.0460     0.0189      31773    22.0638     100.00     2.1183     1.8760         15 0.0000e+00
    850.109   80.64900  157.71690    861.000    -0.1048    -0.1048  29.214081  29.212205    34.8378    34.8354    295.425    291.161    -0.1466     4.6354     0.0830     0.0830     0.0460     0.0191      31798    22.0813     100.00     2.1176     1.8722         15 0.0000e+00
    851.094   80.64900  157.71689    862.000    -0.1072    -0.1071  29.212239  29.210384    34.8375    34.8350    295.349    290.736    -0.1370     4.6361     0.0834     0.0834     0.0453     0.0195      31823    22.0987     100.00     2.1169     1.8699         14 0.0000e+00
    852.079   80.64900  157.71688    863.000    -0.1130    -0.1131  29.207417  29.205610    34.8372    34.8349    295.539    291.708    -0.1657     4.6355     0.0842     0.0842     0.0458     0.0184      31848    22.1163     100.00     2.1174     1.8740         15 0.0000e+00
    853.065   80.64900  157.71688    864.000    -0.1178    -0.1180  29.203622  29.201575    34.8370    34.8346    295.629    290.912    -0.1389     4.6348     0.0843     0.0843     0.0465     0.0194      31873    22.1336     100.00     2.1175     1.8700         14 0.0000e+00
    854.050   80.64900  157.71688    865.000    -0.1216    -0.1217  29.200680  29.198810    34.8369    34.8345    295.671    290.588    -0.1400     4.6354     0.0842     0.0842     0.0460     0.0194      31899    22.1511     100.00     2.1173     1.8681         18 0.0000e+00
    855.035   80.64900  157.71687    866.000    -0.1256    -0.1259  29.197431  29.195360    34.8365    34.8341    295.653    289.554    -0.1604     4.6361     0.0835     0.0835     0.0453     0.0186      31923    22.1684     100.00     2.1168     1.8630         15 0.0000e+00
    856.021   80.64900  157.71686    867.000    -0.1307    -0.1310  29.193365  29.191282    34.8362    34.8339    295.673    290.393    -0.1434     4.6360     0.0839     0.0839     0.0454     0.0192      31948    22.1857     100.00     2.1164     1.8665         14 0.0000e+00
    857.006   80.64900  157.71686    868.000    -0.1334    -0.1331  29.191341  29.189761    34.8361    34.8336    295.626    291.134    -0.1690     4.6356     0.0849     0.0849     0.0458     0.0182      31974    22.2033     100.00     2.1158     1.8697         14 0.0000e+00
    857.991   80.64900  157.71686    869.000    -0.1341    -0.1345  29.191256  29.189005    34.8361    34.8337    295.662    290.502    -0.1505     4.6348     0.0846     0.0846     0.0465     0.0190      31999    22.2207     100.00     2.1158     1.8665         16 0.0000e+00
    858.976   80.64900  157.71685    870.000    -0.1338    -0.1339  29.191820  29.189890    34.8361    34.8336    295.685    291.131    -0.1355     4.6349     0.0836     0.0836     0.0464     0.0195      32024    22.2382     100.00     2.1157     1.8693         17 0.0000e+00
    859.962   80.64900  157.71684    871.000    -0.1340    -0.1339  29.192038  29.190255    34.8360    34.8335    295.649    290.483    -0.1365     4.6349     0.0846     0.0846     0.0464     0.0195      32049    22.2557     100.00     2.1153     1.8661         21 0.0000e+00
    860.947   80.64900  157.71684    872.000    -0.1346    -0.1345  29.192008  29.190313    34.8360    34.8336    295.700    290.556    -0.1611     4.6352     0.0837     0.0837     0.0462     0.0185      32074    22.2727     100.00     2.1153     1.8662         14 0.0000e+00
