Continuous CTD Data/SBE Stage/nabos_13_01avg.cnv
* Sea-Bird SBE 9 Data File:
* FileName = D:\CTD\data\HLY2502\raw\NABOS_13_01.hex
* Software Version Seasave V 7.26.7.110
* Temperature SN = 6954
* Conductivity SN = 2561
* Number of Bytes Per Scan = 37
* Number of Voltage Words = 4
* Number of Scans Averaged by the Deck Unit = 1
* NMEA Latitude = 77 47.47 N
* NMEA Longitude = 174 07.84 W
* NMEA UTC (Time) = Sep 10 2025  11:34:32
* NMEA baud rate = 9600
** Ship: USCG HEALY
** Bot. Depth:  1300
** Cast Number:  01
** Station Name:  NABOS
** Station Number:  13
** Operator:  STARC
# nquan = 25
# nvalues = 1215                        
# units = specified
# name 0 = depSM: Depth [salt water, m]
# name 1 = latitude: Latitude [deg]
# name 2 = longitude: Longitude [deg]
# name 3 = prDM: Pressure, Digiquartz [db]
# name 4 = t090C: Temperature [ITS-90, deg C]
# name 5 = t190C: Temperature, 2 [ITS-90, deg C]
# name 6 = c0mS/cm: Conductivity [mS/cm]
# name 7 = c1mS/cm: Conductivity, 2 [mS/cm]
# name 8 = sal00: Salinity, Practical [PSU]
# name 9 = sal11: Salinity, Practical, 2 [PSU]
# name 10 = sbox0Mm/Kg: Oxygen, SBE 43 [umol/kg]
# name 11 = sbox1Mm/Kg: Oxygen, SBE 43, 2 [umol/kg]
# name 12 = flECO-AFL: Fluorescence, WET Labs ECO-AFL/FL [mg/m^3]
# name 13 = v2: Voltage 2
# name 14 = wetCDOM: Fluorescence, WET Labs CDOM [mg/m^3]
# name 15 = v6: Voltage 6
# name 16 = CStarAt0: Beam Attenuation, WET Labs C-Star [1/m]
# name 17 = v3: Voltage 3
# name 18 = scan: Scan Count
# name 19 = timeM: Time, Elapsed [minutes]
# name 20 = altM: Altimeter [m]
# name 21 = sbeox0V: Oxygen raw, SBE 43 [V]
# name 22 = sbeox1V: Oxygen raw, SBE 43, 2 [V]
# name 23 = nbin: number of scans per bin
# name 24 = flag: flag
# span 0 =      2.967,   1200.704       
# span 1 =   77.79166,   77.79593       
# span 2 = -174.12918, -174.11495       
# span 3 =      3.000,   1217.000       
# span 4 =    -1.6566,     1.0085       
# span 5 =    -1.6574,     1.0085       
# span 6 =  23.323223,  29.937271       
# span 7 =  23.331840,  29.935442       
# span 8 =    28.9298,    34.8915       
# span 9 =    28.9396,    34.8892       
# span 10 =    240.518,    383.870      
# span 11 =    237.134,    372.639      
# span 12 =    -0.1834,     0.5373      
# span 13 =     4.5906,     4.6643      
# span 14 =     0.0715,     0.1157      
# span 15 =     0.0715,     0.1157      
# span 16 =     0.0211,     0.0849      
# span 17 =     0.0177,     0.0465      
# span 18 =       4210,      39335      
# span 19 =     2.9233,    27.3151      
# span 20 =      37.78,     100.38      
# span 21 =     1.8836,     2.6806      
# span 22 =     1.6776,     2.3136      
# span 23 =          1,         26      
# span 24 = 0.0000e+00, 0.0000e+00      
# interval = decibars: 1                
# start_time = Sep 10 2025 11:34:32 [NMEA time, header]
# bad_flag = -9.990e-29
*END*
[from data line 522]
    518.827   77.79358 -174.12290    525.000     0.8028     0.8027  29.858855  29.857086    34.8551    34.8528    289.192    282.445    -0.1565     4.6618     0.0836     0.0836     0.0233     0.0187      20470    14.2147     100.00     2.2002     1.9280         17 0.0000e+00
    519.814   77.79360 -174.12288    526.000     0.8044     0.8046  29.861733  29.860202    34.8564    34.8542    289.238    282.410    -0.1347     4.6622     0.0826     0.0826     0.0229     0.0196      20496    14.2326     100.00     2.2004     1.9278         14 0.0000e+00
    520.801   77.79360 -174.12288    527.000     0.8055     0.8055  29.863520  29.861846    34.8569    34.8547    289.163    281.811    -0.1347     4.6617     0.0828     0.0828     0.0234     0.0196      20521    14.2503     100.00     2.1997     1.9246         17 0.0000e+00
    521.788   77.79360 -174.12286    528.000     0.8046     0.8045  29.863166  29.861403    34.8570    34.8548    289.067    282.259    -0.1592     4.6619     0.0827     0.0827     0.0232     0.0186      20547    14.2679     100.00     2.1989     1.9267         14 0.0000e+00
    522.775   77.79360 -174.12286    529.000     0.8029     0.8029  29.862220  29.860388    34.8570    34.8546    288.900    282.391    -0.1692     4.6618     0.0842     0.0842     0.0233     0.0182      20573    14.2859     100.00     2.1976     1.9271         15 0.0000e+00
    523.762   77.79360 -174.12284    530.000     0.8014     0.8012  29.861214  29.859358    34.8568    34.8546    288.776    282.624    -0.1396     4.6618     0.0832     0.0832     0.0233     0.0194      20598    14.3038     100.00     2.1966     1.9280         18 0.0000e+00
    524.749   77.79361 -174.12284    531.000     0.7996     0.7996  29.860177  29.858450    34.8569    34.8547    288.871    282.320    -0.1721     4.6618     0.0817     0.0817     0.0233     0.0181      20624    14.3216     100.00     2.1968     1.9262         17 0.0000e+00
    525.736   77.79362 -174.12283    532.000     0.7987     0.7987  29.859822  29.858023    34.8568    34.8545    288.886    281.807    -0.1746     4.6618     0.0822     0.0822     0.0233     0.0180      20650    14.3395     100.00     2.1966     1.9234         16 0.0000e+00
    526.723   77.79362 -174.12282    533.000     0.7980     0.7980  29.859618  29.857800    34.8568    34.8544    288.900    281.846    -0.1571     4.6615     0.0820     0.0820     0.0236     0.0187      20675    14.3573     100.00     2.1964     1.9234         18 0.0000e+00
    527.710   77.79362 -174.12281    534.000     0.7963     0.7964  29.858595  29.856756    34.8567    34.8544    288.929    282.446    -0.1537     4.6619     0.0818     0.0818     0.0232     0.0188      20701    14.3751     100.00     2.1963     1.9261         16 0.0000e+00
    528.697   77.79362 -174.12280    535.000     0.7940     0.7938  29.856852  29.855046    34.8566    34.8544    288.988    282.510    -0.1348     4.6609     0.0821     0.0821     0.0241     0.0196      20727    14.3928     100.00     2.1963     1.9262         15 0.0000e+00
    529.684   77.79362 -174.12279    536.000     0.7917     0.7913  29.855212  29.853130    34.8565    34.8541    289.074    282.468    -0.1346     4.6615     0.0823     0.0823     0.0236     0.0196      20753    14.4108     100.00     2.1965     1.9257         15 0.0000e+00
    530.671   77.79362 -174.12278    537.000     0.7870     0.7869  29.851518  29.849741    34.8564    34.8541    289.109    280.911    -0.1367     4.6612     0.0835     0.0835     0.0238     0.0195      20778    14.4286     100.00     2.1962     1.9175         15 0.0000e+00
    531.658   77.79362 -174.12276    538.000     0.7841     0.7842  29.849485  29.847747    34.8564    34.8540    289.202    282.650    -0.1410     4.6617     0.0830     0.0830     0.0234     0.0193      20804    14.4463     100.00     2.1964     1.9259         14 0.0000e+00
    532.644   77.79364 -174.12276    539.000     0.7811     0.7808  29.847152  29.845149    34.8561    34.8538    289.277    282.187    -0.1679     4.6616     0.0835     0.0835     0.0234     0.0183      20830    14.4644     100.00     2.1965     1.9233         16 0.0000e+00
    533.631   77.79364 -174.12274    540.000     0.7760     0.7758  29.843067  29.841038    34.8560    34.8535    289.304    282.389    -0.1364     4.6616     0.0827     0.0827     0.0234     0.0195      20855    14.4820     100.00     2.1961     1.9239         15 0.0000e+00
    534.618   77.79364 -174.12274    541.000     0.7707     0.7705  29.838860  29.836825    34.8558    34.8535    289.355    282.033    -0.1524     4.6618     0.0812     0.0812     0.0233     0.0189      20881    14.4998     100.00     2.1960     1.9217         14 0.0000e+00
    535.605   77.79364 -174.12272    542.000     0.7683     0.7683  29.837294  29.835347    34.8559    34.8533    289.228    283.020    -0.1420     4.6618     0.0827     0.0827     0.0233     0.0193      20907    14.5178     100.00     2.1949     1.9263         17 0.0000e+00
    536.592   77.79364 -174.12272    543.000     0.7679     0.7680  29.834057  29.835516    34.8516    34.8534    289.290    282.068    -0.1590     4.6620     0.0813     0.0813     0.0232     0.0186      20932    14.5355     100.00     2.1949     1.9214         15 0.0000e+00
    537.579   77.79364 -174.12270    544.000     0.7681     0.7682  29.838144  29.836161    34.8561    34.8534    289.312    282.781    -0.1356     4.6612     0.0834     0.0834     0.0238     0.0195      20958    14.5533     100.00     2.1949     1.9248         13 0.0000e+00
    538.566   77.79366 -174.12270    545.000     0.7682     0.7682  29.838494  29.836668    34.8559    34.8535    289.195    282.873    -0.1665     4.6619     0.0831     0.0831     0.0232     0.0183      20983    14.5711     100.00     2.1940     1.9251         15 0.0000e+00
    539.553   77.79366 -174.12268    546.000     0.7678     0.7678  29.838551  29.836764    34.8558    34.8535    289.151    281.856    -0.1345     4.6624     0.0827     0.0827     0.0227     0.0196      21009    14.5890     100.00     2.1935     1.9198         16 0.0000e+00
    540.540   77.79366 -174.12267    547.000     0.7697     0.7699  29.840940  29.839362    34.8562    34.8539    289.225    282.157    -0.1447     4.6609     0.0826     0.0826     0.0240     0.0192      21035    14.6068     100.00     2.1938     1.9212         15 0.0000e+00
    541.527   77.79366 -174.12266    548.000     0.7738     0.7739  29.845232  29.843579    34.8565    34.8543    289.273    283.071    -0.1459     4.6623     0.0828     0.0828     0.0228     0.0191      21060    14.6244     100.00     2.1941     1.9257         13 0.0000e+00
    542.514   77.79366 -174.12265    549.000     0.7746     0.7746  29.846433  29.844571    34.8567    34.8543    289.343    282.603    -0.1368     4.6627     0.0820     0.0820     0.0224     0.0195      21086    14.6424     100.00     2.1943     1.9232         15 0.0000e+00
    543.500   77.79366 -174.12264    550.000     0.7727     0.7726  29.845166  29.843462    34.8565    34.8544    289.359    281.605    -0.1347     4.6623     0.0822     0.0822     0.0228     0.0196      21112    14.6601     100.00     2.1941     1.9180         15 0.0000e+00
    544.487   77.79367 -174.12263    551.000     0.7734     0.7735  29.846520  29.844792    34.8570    34.8545    289.300    282.019    -0.1704     4.6626     0.0828     0.0828     0.0225     0.0182      21137    14.6780     100.00     2.1936     1.9199         17 0.0000e+00
    545.474   77.79368 -174.12262    552.000     0.7739     0.7740  29.847381  29.845569    34.8569    34.8545    289.254    282.676    -0.1728     4.6622     0.0821     0.0821     0.0229     0.0181      21163    14.6958     100.00     2.1931     1.9230         16 0.0000e+00
    546.461   77.79368 -174.12260    553.000     0.7744     0.7745  29.848469  29.846657    34.8571    34.8547    289.276    282.212    -0.1690     4.6618     0.0811     0.0811     0.0233     0.0182      21189    14.7136     100.00     2.1930     1.9206         15 0.0000e+00
    547.448   77.79368 -174.12260    554.000     0.7750     0.7751  29.849503  29.847772    34.8572    34.8549    289.370    282.332    -0.1358     4.6620     0.0820     0.0820     0.0231     0.0195      21214    14.7314     100.00     2.1934     1.9210         16 0.0000e+00
    548.435   77.79368 -174.12258    555.000     0.7757     0.7758  29.850623  29.848883    34.8573    34.8550    289.385    282.415    -0.1330     4.6624     0.0836     0.0836     0.0228     0.0197      21240    14.7493     100.00     2.1933     1.9213         17 0.0000e+00
    549.421   77.79368 -174.12258    556.000     0.7748     0.7748  29.850293  29.848522    34.8573    34.8551    289.459    282.927    -0.1366     4.6619     0.0828     0.0828     0.0232     0.0195      21266    14.7673     100.00     2.1935     1.9236         20 0.0000e+00
    550.408   77.79368 -174.12256    557.000     0.7729     0.7728  29.849019  29.847225    34.8573    34.8550    289.392    282.485    -0.1628     4.6622     0.0835     0.0835     0.0229     0.0185      21291    14.7850     100.00     2.1927     1.9211         17 0.0000e+00
    551.395   77.79370 -174.12256    558.000     0.7699     0.7698  29.846903  29.844910    34.8573    34.8548    289.411    282.377    -0.1711     4.6620     0.0837     0.0837     0.0232     0.0181      21317    14.8028     100.00     2.1925     1.9203         15 0.0000e+00
    552.382   77.79370 -174.12254    559.000     0.7632     0.7624  29.841161  29.838782    34.8568    34.8546    289.446    282.168    -0.1313     4.6618     0.0828     0.0828     0.0233     0.0197      21343    14.8206     100.00     2.1921     1.9188         15 0.0000e+00
    553.369   77.79370 -174.12253    560.000     0.7502     0.7499  29.830081  29.828052    34.8563    34.8540    289.631    282.527    -0.1383     4.6619     0.0834     0.0834     0.0232     0.0195      21368    14.8385     100.00     2.1923     1.9199         19 0.0000e+00
    554.356   77.79370 -174.12252    561.000     0.7401     0.7399  29.821530  29.819587    34.8560    34.8537    289.611    282.374    -0.1718     4.6628     0.0830     0.0830     0.0224     0.0181      21394    14.8564     100.00     2.1915     1.9185         20 0.0000e+00
    555.343   77.79370 -174.12251    562.000     0.7297     0.7292  29.812658  29.810470    34.8556    34.8533    289.573    282.313    -0.1767     4.6619     0.0817     0.0817     0.0232     0.0179      21420    14.8742     100.00     2.1906     1.9176         19 0.0000e+00
    556.329   77.79370 -174.12250    563.000     0.7203     0.7203  29.804993  29.803116    34.8557    34.8532    289.601    282.583    -0.1689     4.6625     0.0823     0.0823     0.0226     0.0182      21445    14.8920     100.00     2.1900     1.9184         18 0.0000e+00
    557.316   77.79371 -174.12249    564.000     0.7176     0.7177  29.803057  29.801287    34.8556    34.8531    289.658    282.636    -0.1781     4.6624     0.0817     0.0817     0.0228     0.0179      21471    14.9099     100.00     2.1900     1.9183         17 0.0000e+00
    558.303   77.79372 -174.12248    565.000     0.7171     0.7172  29.803105  29.801376    34.8555    34.8533    289.801    282.306    -0.1702     4.6622     0.0816     0.0816     0.0230     0.0182      21497    14.9278     100.00     2.1906     1.9165         20 0.0000e+00
    559.290   77.79372 -174.12246    566.000     0.7160     0.7159  29.802511  29.800586    34.8555    34.8531    289.803    282.805    -0.1690     4.6621     0.0824     0.0824     0.0230     0.0182      21523    14.9455     100.00     2.1903     1.9187         17 0.0000e+00
    560.276   77.79372 -174.12246    567.000     0.7149     0.7149  29.801917  29.800137    34.8554    34.8530    289.826    282.917    -0.1703     4.6627     0.0830     0.0830     0.0225     0.0182      21548    14.9634     100.00     2.1902     1.9191         19 0.0000e+00
    561.263   77.79372 -174.12244    568.000     0.7141     0.7142  29.801655  29.799908    34.8553    34.8530    289.836    283.042    -0.1604     4.6626     0.0836     0.0836     0.0226     0.0186      21574    14.9813     100.00     2.1900     1.9195         19 0.0000e+00
    562.250   77.79372 -174.12244    569.000     0.7136     0.7137  29.801599  29.800022    34.8552    34.8531    289.874    282.816    -0.1475     4.6623     0.0825     0.0825     0.0228     0.0191      21599    14.9989     100.00     2.1900     1.9182         17 0.0000e+00
    563.237   77.79372 -174.12244    570.000     0.7131     0.7131  29.801524  29.799689    34.8552    34.8527    289.935    282.969    -0.1478     4.6626     0.0804     0.0804     0.0225     0.0191      21625    15.0169     100.00     2.1900     1.9187         19 0.0000e+00
    564.224   77.79374 -174.12242    571.000     0.7138     0.7139  29.802801  29.801079    34.8554    34.8531    289.958    283.064    -0.1618     4.6626     0.0837     0.0837     0.0225     0.0185      21651    15.0347     100.00     2.1900     1.9190         16 0.0000e+00
    565.210   77.79374 -174.12242    572.000     0.7142     0.7143  29.803712  29.801930    34.8556    34.8532    289.981    282.343    -0.1669     4.6629     0.0815     0.0815     0.0223     0.0183      21676    15.0523     100.00     2.1899     1.9153         16 0.0000e+00
    566.197   77.79374 -174.12240    573.000     0.7154     0.7154  29.805408  29.803750    34.8559    34.8537    289.919    282.820    -0.1395     4.6626     0.0827     0.0827     0.0226     0.0194      21702    15.0704     100.00     2.1894     1.9175         19 0.0000e+00
    567.184   77.79374 -174.12240    574.000     0.7154     0.7154  29.805913  29.804061    34.8560    34.8536    289.890    282.689    -0.1666     4.6624     0.0811     0.0811     0.0227     0.0183      21728    15.0882     100.00     2.1890     1.9167         19 0.0000e+00
    568.171   77.79374 -174.12238    575.000     0.7144     0.7143  29.805472  29.803682    34.8559    34.8537    289.952    282.396    -0.1319     4.6627     0.0848     0.0848     0.0224     0.0197      21753    15.1058     100.00     2.1891     1.9150         17 0.0000e+00
    569.157   77.79374 -174.12237    576.000     0.7142     0.7143  29.805980  29.804207    34.8562    34.8538    289.959    282.663    -0.1477     4.6630     0.0829     0.0829     0.0222     0.0191      21779    15.1239     100.00     2.1889     1.9161         21 0.0000e+00
    570.144   77.79375 -174.12236    577.000     0.7144     0.7144  29.806611  29.804882    34.8562    34.8540    289.924    282.612    -0.1518     4.6628     0.0825     0.0825     0.0224     0.0189      21805    15.1417     100.00     2.1885     1.9157         18 0.0000e+00
    571.131   77.79376 -174.12235    578.000     0.7126     0.7128  29.805503  29.803879    34.8562    34.8539    289.865    282.899    -0.1616     4.6625     0.0818     0.0818     0.0226     0.0185      21831    15.1596     100.00     2.1879     1.9169         18 0.0000e+00
    572.118   77.79376 -174.12234    579.000     0.7091     0.7090  29.802888  29.801018    34.8562    34.8538    289.808    282.634    -0.1779     4.6625     0.0824     0.0824     0.0227     0.0179      21856    15.1774     100.00     2.1871     1.9152         18 0.0000e+00
    573.105   77.79376 -174.12233    580.000     0.7045     0.7043  29.799273  29.797306    34.8560    34.8537    289.794    282.470    -0.1381     4.6626     0.0828     0.0828     0.0225     0.0194      21882    15.1953     100.00     2.1866     1.9140         16 0.0000e+00
    574.091   77.79376 -174.12232    581.000     0.6957     0.6955  29.791886  29.790013    34.8558    34.8536    289.680    282.800    -0.1610     4.6629     0.0814     0.0814     0.0223     0.0185      21908    15.2132     100.00     2.1853     1.9151         20 0.0000e+00
