Continuous CTD Data/SBE Stage/nabos_38_01.ros
* Sea-Bird SBE 9 Data File:
* FileName = D:\CTD\data\HLY2502\raw\NABOS_38_01.hex
* Software Version Seasave V 7.26.7.110
* Temperature SN = 6954
* Conductivity SN = 2561
* Number of Bytes Per Scan = 37
* Number of Voltage Words = 4
* Number of Scans Averaged by the Deck Unit = 1
* NMEA Latitude = 78 47.95 N
* NMEA Longitude = 128 08.96 E
* NMEA UTC (Time) = Sep 25 2025  01:51:56
* NMEA baud rate = 9600
** Ship: USCG HEALY
** Bot. Depth:  2881
** Cast Number:  01
** Station Name:  NABOS
** Station Number:  38
** Operator:  STARC
** 1200 target
# nquan = 25
# nvalues = 1029                                  
# units = specified
# name 0 = depSM: Depth [salt water, m]
# name 1 = latitude: Latitude [deg]
# name 2 = longitude: Longitude [deg]
# name 3 = prDM: Pressure, Digiquartz [db]
# name 4 = t090C: Temperature [ITS-90, deg C]
# name 5 = t190C: Temperature, 2 [ITS-90, deg C]
# name 6 = c0mS/cm: Conductivity [mS/cm]
# name 7 = c1mS/cm: Conductivity, 2 [mS/cm]
# name 8 = sal00: Salinity, Practical [PSU]
# name 9 = sal11: Salinity, Practical, 2 [PSU]
# name 10 = sbox0Mm/Kg: Oxygen, SBE 43 [umol/kg]
# name 11 = sbox1Mm/Kg: Oxygen, SBE 43, 2 [umol/kg]
# name 12 = flECO-AFL: Fluorescence, WET Labs ECO-AFL/FL [mg/m^3]
# name 13 = v2: Voltage 2
# name 14 = wetCDOM: Fluorescence, WET Labs CDOM [mg/m^3]
# name 15 = v6: Voltage 6
# name 16 = CStarAt0: Beam Attenuation, WET Labs C-Star [1/m]
# name 17 = v3: Voltage 3
# name 18 = scan: Scan Count
# name 19 = timeM: Time, Elapsed [minutes]
# name 20 = altM: Altimeter [m]
# name 21 = sbeox0V: Oxygen raw, SBE 43 [V]
# name 22 = sbeox1V: Oxygen raw, SBE 43, 2 [V]
# name 23 = nbf: Bottles Fired
# name 24 = flag:  0.000e+00
# interval = seconds: 0.0416667
# start_time = Sep 25 2025 01:51:56 [NMEA time, header]
# bad_flag = -9.990e-29
*END*
[from data line 464]
    130.065   78.79906  128.12586    131.493     0.8859     0.8807  29.550572  29.545663    34.5947    34.5941    299.624    293.465    -0.1366     4.6252     0.0842     0.0842     0.0548     0.0195      90282    62.6951     100.00     2.3563     2.0611         10  0.000e+00
    130.065   78.79906  128.12586    131.493     0.8854     0.8817  29.550572  29.547006    34.5952    34.5948    299.430    293.688    -0.1671     4.6252     0.0842     0.0842     0.0548     0.0183      90283    62.6958     100.00     2.3551     2.0623         10  0.000e+00
    130.065   78.79906  128.12586    131.493     0.8848     0.8817  29.550386  29.547006    34.5957    34.5948    299.631    293.455    -0.1366     4.6252     0.0842     0.0842     0.0548     0.0195      90284    62.6965     100.00     2.3563     2.0611         10  0.000e+00
    130.123   78.79906  128.12586    131.551     0.8848     0.8824  29.550261  29.548175    34.5955    34.5954    299.830    293.450    -0.1671     4.6252     0.0842     0.0842     0.0548     0.0183      90285    62.6972     100.00     2.3576     2.0611         10  0.000e+00
    130.065   78.79906  128.12586    131.493     0.8845     0.8833  29.549826  29.548817    34.5953    34.5953    299.831    293.440    -0.1671     4.6252     0.0842     0.0842     0.0548     0.0183      90286    62.6979     100.00     2.3576     2.0611         10  0.000e+00
    130.065   78.79906  128.12586    131.493     0.8843     0.8843  29.549516  29.549285    34.5951    34.5948    299.440    293.433    -0.1671     4.6252     0.0842     0.0842     0.0548     0.0183      90287    62.6986     100.00     2.3551     2.0611         10  0.000e+00
    130.164   78.79906  128.12586    131.592     0.8844     0.8851  29.549454  29.549811    34.5949    34.5946    299.641    293.431    -0.1671     4.6252     0.0842     0.0842     0.0548     0.0183      90288    62.6993     100.00     2.3563     2.0611         10  0.000e+00
    130.065   78.79906  128.12586    131.493     0.8846     0.8861  29.549640  29.549986    34.5949    34.5937    299.438    293.188    -0.1671     4.6252     0.0830     0.0830     0.0548     0.0183      90289    62.7000     100.00     2.3551     2.0598         10  0.000e+00
    130.123   78.79906  128.12586    131.551     0.8846     0.8867  29.549889  29.551038    34.5952    34.5943    299.636    293.183    -0.1671     4.6252     0.0842     0.0842     0.0548     0.0183      90290    62.7007     100.00     2.3563     2.0598         10  0.000e+00
    130.065   78.79906  128.12586    131.493     0.8850     0.8877  29.550386  29.551563    34.5955    34.5940    299.630    292.942    -0.1976     4.6252     0.0842     0.0842     0.0548     0.0171      90291    62.7014     100.00     2.3563     2.0586         10  0.000e+00
    130.123   78.79906  128.12586    131.551     0.8845     0.8876  29.550137  29.551680    34.5957    34.5942    299.636    293.177    -0.1671     4.6252     0.0842     0.0842     0.0548     0.0183      90292    62.7021     100.00     2.3563     2.0598         10  0.000e+00
    130.123   78.79906  128.12586    131.551     0.8845     0.8878  29.550199  29.551446    34.5958    34.5936    299.439    293.176    -0.1976     4.6252     0.0842     0.0842     0.0548     0.0171      90293    62.7028     100.00     2.3551     2.0598         10  0.000e+00
    130.123   78.79906  128.12586    131.551     0.8843     0.8878  29.549392  29.551154    34.5949    34.5932    299.639    293.409    -0.1671     4.6252     0.0842     0.0842     0.0548     0.0183      90294    62.7035     100.00     2.3563     2.0611         10  0.000e+00
    130.065   78.79906  128.12586    131.493     0.8836     0.8883  29.548336  29.551271    34.5944    34.5929    299.448    293.404    -0.1671     4.6252     0.0842     0.0842     0.0548     0.0183      90295    62.7042     100.00     2.3551     2.0611         10  0.000e+00
    130.188   78.79906  128.12586    131.617     0.8823     0.8889  29.547404  29.551972    34.5946    34.5931    299.660    293.636    -0.1366     4.6252     0.0842     0.0842     0.0548     0.0195      90296    62.7049     100.00     2.3563     2.0623         10  0.000e+00
    130.123   78.79906  128.12586    131.551     0.8814     0.8894  29.546162  29.552790    34.5939    34.5937    299.863    293.628    -0.1671     4.6252     0.0830     0.0830     0.0548     0.0183      90297    62.7056     100.00     2.3576     2.0623         10  0.000e+00
    130.123   78.79906  128.12586    131.551     0.8798     0.8903  29.544609  29.553608    34.5937    34.5937    299.484    293.620    -0.1671     4.6252     0.0842     0.0842     0.0548     0.0183      90298    62.7062     100.00     2.3551     2.0623         10  0.000e+00
    130.164   78.79906  128.12586    131.592     0.8789     0.8903  29.543119  29.554251    34.5928    34.5945    299.496    293.620    -0.1671     4.6252     0.0842     0.0842     0.0548     0.0183      90299    62.7069     100.00     2.3551     2.0623         10  0.000e+00
    130.188   78.79906  128.12586    131.617     0.8778     0.8911  29.542622  29.554602    34.5933    34.5940    299.701    293.847    -0.1366     4.6252     0.0842     0.0842     0.0548     0.0195      90300    62.7076     100.00     2.3563     2.0635         10  0.000e+00
    130.123   78.79906  128.12586    131.551     0.8772     0.8918  29.542560  29.555302    34.5939    34.5942    299.702    293.606    -0.1366     4.6252     0.0842     0.0842     0.0548     0.0195      90301    62.7083     100.00     2.3563     2.0623         10  0.000e+00
    130.188   78.79906  128.12586    131.617     0.8767     0.8921  29.542125  29.555712    34.5939    34.5943    299.512    293.606    -0.1366     4.6252     0.0830     0.0830     0.0548     0.0195      90302    62.7090     100.00     2.3551     2.0623         10  0.000e+00
    130.123   78.79906  128.12586    131.551     0.8762     0.8925  29.542001  29.556296    34.5944    34.5947    299.710    293.832    -0.1366     4.6239     0.0842     0.0842     0.0559     0.0195      90303    62.7097     100.00     2.3563     2.0635         10  0.000e+00
    130.188   78.79906  128.12586    131.617     0.8763     0.8928  29.542560  29.556588    34.5950    34.5948    299.514    293.832    -0.1366     4.6252     0.0842     0.0842     0.0548     0.0195      90304    62.7104     100.00     2.3551     2.0635         10  0.000e+00
    130.246   78.79906  128.12586    131.675     0.8771     0.8920  29.543430  29.555186    34.5951    34.5937    299.508    293.843    -0.1061     4.6252     0.0830     0.0830     0.0548     0.0208      90305    62.7111     100.00     2.3551     2.0635         10  0.000e+00
    130.188   78.79906  128.12586    131.617     0.8775     0.8900  29.544051  29.552557    34.5955    34.5926    299.895    293.860    -0.1366     4.6239     0.0842     0.0842     0.0559     0.0195      90306    62.7118     100.00     2.3576     2.0635         10  0.000e+00
    130.188   78.79906  128.12586    131.617     0.8783     0.8874  29.543988  29.550044    34.5946    34.5923    299.497    293.882    -0.1366     4.6252     0.0842     0.0842     0.0548     0.0195      90307    62.7125     100.00     2.3551     2.0635         10  0.000e+00
    115.313   78.79906  128.12526    116.574     0.0429     0.0588  28.710035  28.721852    34.4466    34.4444    308.527    302.602    -0.1366     4.6215     0.0842     0.0842     0.0580     0.0195      91959    63.8597     100.00     2.3671     2.0731         11  0.000e+00
    115.222   78.79906  128.12526    116.483     0.0428     0.0567  28.709359  28.720695    34.4460    34.4453    308.526    302.614    -0.1366     4.6215     0.0842     0.0842     0.0580     0.0195      91960    63.8604     100.00     2.3671     2.0731         11  0.000e+00
    115.288   78.79906  128.12526    116.549     0.0422     0.0529  28.709421  28.718499    34.4467    34.4466    308.532    302.647    -0.1366     4.6215     0.0842     0.0842     0.0580     0.0195      91961    63.8611     100.00     2.3671     2.0731         11  0.000e+00
    115.247   78.79906  128.12526    116.507     0.0418     0.0545  28.710035  28.717805    34.4479    34.4439    308.531    302.876    -0.1366     4.6215     0.0842     0.0842     0.0580     0.0195      91962    63.8618     100.00     2.3671     2.0743         11  0.000e+00
    115.222   78.79906  128.12526    116.483     0.0424     0.0548  28.710035  28.716996    34.4472    34.4425    308.727    302.637    -0.1366     4.6227     0.0842     0.0842     0.0570     0.0195      91963    63.8625     100.00     2.3684     2.0731         11  0.000e+00
    115.247   78.79906  128.12526    116.508     0.0428     0.0523  28.709974  28.716071    34.4468    34.4441    308.525    302.657    -0.1061     4.6227     0.0842     0.0842     0.0570     0.0208      91964    63.8632     100.00     2.3671     2.0731         11  0.000e+00
    115.222   78.79906  128.12526    116.483     0.0426     0.0508  28.709236  28.715666    34.4460    34.4453    308.527    302.666    -0.1366     4.6215     0.0842     0.0842     0.0580     0.0195      91965    63.8639     100.00     2.3671     2.0731         11  0.000e+00
    115.288   78.79906  128.12526    116.549     0.0424     0.0518  28.708683  28.716013    34.4454    34.4446    308.533    302.424    -0.1366     4.6227     0.0842     0.0842     0.0570     0.0195      91966    63.8646     100.00     2.3671     2.0719         11  0.000e+00
    115.247   78.79906  128.12526    116.508     0.0420     0.0522  28.708868  28.715955    34.4462    34.4440    308.332    302.182    -0.1061     4.6215     0.0842     0.0842     0.0580     0.0208      91967    63.8653     100.00     2.3659     2.0707         11  0.000e+00
    115.222   78.79906  128.12526    116.483     0.0420     0.0512  28.709113  28.715608    34.4465    34.4448    308.531    301.950    -0.1366     4.6227     0.0842     0.0842     0.0570     0.0195      91968    63.8660     100.00     2.3671     2.0694         11  0.000e+00
    115.288   78.79906  128.12526    116.549     0.0417     0.0505  28.709790  28.715146    34.4477    34.4449    308.534    301.959    -0.1061     4.6227     0.0842     0.0842     0.0570     0.0208      91969    63.8667     100.00     2.3671     2.0694         11  0.000e+00
    115.247   78.79906  128.12526    116.508     0.0418     0.0504  28.709974  28.715898    34.4479    34.4461    308.531    302.193    -0.1366     4.6227     0.0830     0.0830     0.0570     0.0195      91970    63.8674     100.00     2.3671     2.0707         11  0.000e+00
    115.222   78.79906  128.12526    116.483     0.0414     0.0508  28.709421  28.716765    34.4476    34.4467    308.534    302.187    -0.1366     4.6227     0.0842     0.0842     0.0570     0.0195      91971    63.8681     100.00     2.3671     2.0707         11  0.000e+00
    115.247   78.79906  128.12526    116.508     0.0409     0.0525  28.708499  28.717805    34.4469    34.4462    308.541    302.412    -0.1366     4.6227     0.0842     0.0842     0.0570     0.0195      91972    63.8687     100.00     2.3671     2.0719         11  0.000e+00
    115.222   78.79906  128.12526    116.483     0.0406     0.0545  28.708376  28.717978    34.4471    34.4442    308.342    302.398    -0.1366     4.6227     0.0842     0.0842     0.0570     0.0195      91973    63.8694     100.00     2.3659     2.0719         11  0.000e+00
    115.288   78.79906  128.12526    116.549     0.0409     0.0543  28.708130  28.716938    34.4464    34.4429    308.343    302.405    -0.1366     4.6215     0.0842     0.0842     0.0580     0.0195      91974    63.8701     100.00     2.3659     2.0719         11  0.000e+00
    115.247   78.79906  128.12526    116.508     0.0409     0.0532  28.707700  28.716938    34.4458    34.4443    308.343    302.411    -0.1366     4.6227     0.0842     0.0842     0.0570     0.0195      91975    63.8708     100.00     2.3659     2.0719         11  0.000e+00
    115.222   78.79906  128.12526    116.483     0.0411     0.0538  28.707516  28.717343    34.4454    34.4442    308.341    302.405    -0.1061     4.6227     0.0842     0.0842     0.0570     0.0208      91976    63.8715     100.00     2.3659     2.0719         11  0.000e+00
    115.247   78.79906  128.12526    116.508     0.0411     0.0539  28.707761  28.716938    34.4457    34.4435    308.543    302.644    -0.1366     4.6227     0.0842     0.0842     0.0570     0.0195      91977    63.8722     100.00     2.3671     2.0731         11  0.000e+00
    115.288   78.79906  128.12526    116.549     0.0409     0.0536  28.707577  28.717458    34.4457    34.4445    308.345    302.646    -0.1366     4.6215     0.0842     0.0842     0.0580     0.0195      91978    63.8729     100.00     2.3659     2.0731         11  0.000e+00
    115.288   78.79906  128.12526    116.549     0.0418     0.0548  28.708192  28.718441    34.4454    34.4444    308.538    302.635    -0.1366     4.6227     0.0830     0.0830     0.0570     0.0195      91979    63.8736     100.00     2.3671     2.0731         11  0.000e+00
    115.189   78.79906  128.12526    116.449     0.0437     0.0563  28.709175  28.718730    34.4447    34.4431    308.318    302.621    -0.1366     4.6215     0.0842     0.0842     0.0580     0.0195      91980    63.8743     100.00     2.3659     2.0731         11  0.000e+00
    115.288   78.79906  128.12526    116.549     0.0449     0.0538  28.710097  28.716938    34.4444    34.4436    308.311    302.647    -0.1061     4.6227     0.0842     0.0842     0.0570     0.0208      91981    63.8750     100.00     2.3659     2.0731         11  0.000e+00
    115.288   78.79906  128.12526    116.549     0.0453     0.0493  28.710219  28.714221    34.4442    34.4450    308.309    302.682    -0.1366     4.6227     0.0830     0.0830     0.0570     0.0195      91982    63.8757     100.00     2.3659     2.0731         11  0.000e+00
    115.247   78.79906  128.12526    116.508     0.0457     0.0452  28.710465  28.712372    34.4441    34.4472    308.303    302.712    -0.1366     4.6227     0.0842     0.0842     0.0570     0.0195      91983    63.8764     100.00     2.3659     2.0731         11  0.000e+00
    115.222   78.79906  128.12526    116.483     0.0457     0.0432  28.710711  28.711678    34.4444    34.4485    308.503    302.725    -0.1366     4.6239     0.0842     0.0842     0.0559     0.0195      91984    63.8771     100.00     2.3671     2.0731         11  0.000e+00
    115.313   78.79906  128.12526    116.574     0.0459     0.0441  28.711264  28.712314    34.4449    34.4483    308.303    303.197    -0.1366     4.6227     0.0842     0.0842     0.0570     0.0195      91985    63.8778     100.00     2.3659     2.0756         11  0.000e+00
    115.288   78.79906  128.12526    116.549     0.0471     0.0460  28.710895  28.713355    34.4430    34.4476    308.496    303.182    -0.1366     4.6227     0.0842     0.0842     0.0570     0.0195      91986    63.8785     100.00     2.3671     2.0756         11  0.000e+00
    115.222   78.79906  128.12526    116.483     0.0476     0.0481  28.710035  28.714742    34.4415    34.4471    308.292    303.399    -0.1366     4.6227     0.0830     0.0830     0.0570     0.0195      91987    63.8792     100.00     2.3659     2.0768         11  0.000e+00
    115.313   78.79906  128.12526    116.574     0.0470     0.0523  28.709052  28.717054    34.4408    34.4453    308.504    303.369    -0.1366     4.6227     0.0830     0.0830     0.0570     0.0195      91988    63.8799     100.00     2.3671     2.0768         11  0.000e+00
    115.222   78.79906  128.12526    116.483     0.0453     0.0545  28.708683  28.719424    34.4422    34.4461    308.512    303.345    -0.1366     4.6239     0.0842     0.0842     0.0559     0.0195      91989    63.8806     100.00     2.3671     2.0768         11  0.000e+00
