Continuous CTD Data/SBE Stage/nabos_testcastavg.cnv
* Sea-Bird SBE 9 Data File:
* FileName = D:\CTD\data\HLY2502\raw\NABOS_TestCast.hex
* Software Version Seasave V 7.26.7.110
* Temperature SN = 6954
* Conductivity SN = 2561
* Number of Bytes Per Scan = 37
* Number of Voltage Words = 4
* Number of Scans Averaged by the Deck Unit = 1
* NMEA Latitude = 54 51.60 N
* NMEA Longitude = 155 23.75 W
* NMEA UTC (Time) = Aug 23 2025  00:14:18
* NMEA baud rate = 9600
** Ship: USCG HEALY
** Bot. Depth:  4270
** Cast Number:
** Station Name:  test
** Station Number:
** Operator:  STARC
# nquan = 25
# nvalues = 4275                        
# units = specified
# name 0 = depSM: Depth [salt water, m]
# name 1 = latitude: Latitude [deg]
# name 2 = longitude: Longitude [deg]
# name 3 = prDM: Pressure, Digiquartz [db]
# name 4 = t090C: Temperature [ITS-90, deg C]
# name 5 = t190C: Temperature, 2 [ITS-90, deg C]
# name 6 = c0mS/cm: Conductivity [mS/cm]
# name 7 = c1mS/cm: Conductivity, 2 [mS/cm]
# name 8 = sal00: Salinity, Practical [PSU]
# name 9 = sal11: Salinity, Practical, 2 [PSU]
# name 10 = sbox0Mm/Kg: Oxygen, SBE 43 [umol/kg]
# name 11 = sbox1Mm/Kg: Oxygen, SBE 43, 2 [umol/kg]
# name 12 = flECO-AFL: Fluorescence, WET Labs ECO-AFL/FL [mg/m^3]
# name 13 = v2: Voltage 2
# name 14 = wetCDOM: Fluorescence, WET Labs CDOM [mg/m^3]
# name 15 = v6: Voltage 6
# name 16 = CStarAt0: Beam Attenuation, WET Labs C-Star [1/m]
# name 17 = v3: Voltage 3
# name 18 = scan: Scan Count
# name 19 = timeM: Time, Elapsed [minutes]
# name 20 = altM: Altimeter [m]
# name 21 = sbeox0V: Oxygen raw, SBE 43 [V]
# name 22 = sbeox1V: Oxygen raw, SBE 43, 2 [V]
# name 23 = nbin: number of scans per bin
# name 24 = flag: flag
# span 0 =      7.928,   4201.158       
# span 1 =   54.85482,   54.85952       
# span 2 = -155.42092, -155.39704       
# span 3 =      8.000,   4282.000       
# span 4 =     1.4622,    14.2598       
# span 5 =     1.4622,    14.2415       
# span 6 =  31.200256,  39.328781       
# span 7 =  31.199075,  39.312366       
# span 8 =    32.3563,    34.6871       
# span 9 =    32.3566,    34.6856       
# span 10 =     13.144,    301.692      
# span 11 =      8.141,    307.431      
# span 12 =    -0.1910,     3.1729      
# span 13 =     4.2675,     4.6691      
# span 14 =     0.0753,     0.0941      
# span 15 =     0.0753,     0.0941      
# span 16 =     0.0170,     0.3771      
# span 17 =     0.0174,     0.1519      
# span 18 =       5115,     121429      
# span 19 =     3.5511,    84.3250      
# span 20 =      94.91,     100.00      
# span 21 =     0.5729,     2.7875      
# span 22 =     0.5612,     2.4518      
# span 23 =          4,         29      
# span 24 = 0.0000e+00, 0.0000e+00      
# interval = decibars: 1                
# start_time = Aug 23 2025 00:14:18 [NMEA time, header]
# bad_flag = -9.990e-29
*END*
[from data line 2493]
   2463.810   54.85756 -155.41138   2501.000     1.6824     1.6823  31.269692  31.268593    34.6332    34.6320     84.892     84.243    -0.1343     4.6689     0.0831     0.0831     0.0172     0.0196      71281    49.5003     100.00     0.8886     0.8508         13 0.0000e+00
   2464.789   54.85756 -155.41138   2502.000     1.6820     1.6819  31.269853  31.268683    34.6333    34.6321     84.921     77.474    -0.1349     4.6682     0.0842     0.0842     0.0178     0.0196      71308    49.5190     100.00     0.8887     0.8241         18 0.0000e+00
   2465.769   54.85756 -155.41138   2503.000     1.6820     1.6819  31.270267  31.269096    34.6334    34.6320     84.980     86.711    -0.1351     4.6680     0.0842     0.0842     0.0179     0.0196      71336    49.5383     100.00     0.8889     0.8605         20 0.0000e+00
   2466.748   54.85756 -155.41138   2504.000     1.6820     1.6820  31.270633  31.269555    34.6333    34.6320     85.071     84.629    -0.1533     4.6685     0.0842     0.0842     0.0175     0.0189      71362    49.5560     100.00     0.8893     0.8522         13 0.0000e+00
   2467.727   54.85756 -155.41140   2505.000     1.6818     1.6817  31.270898  31.269731    34.6335    34.6321     85.148     81.081    -0.1492     4.6684     0.0832     0.0832     0.0176     0.0190      71386    49.5730     100.00     0.8896     0.8382         17 0.0000e+00
   2468.707   54.85756 -155.41140   2506.000     1.6816     1.6815  31.271264  31.270023    34.6336    34.6322     85.176     83.354    -0.1300     4.6688     0.0839     0.0839     0.0173     0.0198      71409    49.5892     100.00     0.8897     0.8471         18 0.0000e+00
   2469.686   54.85756 -155.41140   2507.000     1.6815     1.6814  31.271527  31.270375    34.6335    34.6322     85.209     84.825    -0.1365     4.6679     0.0836     0.0836     0.0180     0.0195      71431    49.6041     100.00     0.8898     0.8528         13 0.0000e+00
   2470.665   54.85756 -155.41140   2508.000     1.6816     1.6815  31.272014  31.270756    34.6335    34.6321     85.219     83.078    -0.1346     4.6681     0.0839     0.0839     0.0179     0.0196      71452    49.6187     100.00     0.8898     0.8459         14 0.0000e+00
   2471.645   54.85756 -155.41140   2509.000     1.6812     1.6811  31.272029  31.270883    34.6335    34.6322     85.213     83.937    -0.1347     4.6682     0.0855     0.0855     0.0178     0.0196      71474    49.6340     100.00     0.8897     0.8493         16 0.0000e+00
   2472.624   54.85756 -155.41141   2510.000     1.6807     1.6806  31.272089  31.270790    34.6337    34.6322     85.284     84.177    -0.1326     4.6682     0.0843     0.0843     0.0177     0.0197      71499    49.6514     100.00     0.8900     0.8502         23 0.0000e+00
   2473.604   54.85756 -155.41142   2511.000     1.6801     1.6800  31.272034  31.270795    34.6338    34.6323     85.289     85.249    -0.1337     4.6684     0.0849     0.0849     0.0176     0.0196      71534    49.6757     100.00     0.8899     0.8543         21 0.0000e+00
   2474.583   54.85756 -155.41142   2512.000     1.6792     1.6790  31.271757  31.270529    34.6339    34.6326     85.293     84.979    -0.1321     4.6683     0.0842     0.0842     0.0177     0.0197      71569    49.7003     100.00     0.8899     0.8532         20 0.0000e+00
   2475.562   54.85756 -155.41142   2513.000     1.6789     1.6788  31.272067  31.270762    34.6341    34.6326     85.344     84.185    -0.1330     4.6690     0.0842     0.0842     0.0170     0.0197      71594    49.7176     100.00     0.8901     0.8501         17 0.0000e+00
   2476.542   54.85757 -155.41143   2514.000     1.6787     1.6786  31.272273  31.270966    34.6342    34.6327     85.424     83.384    -0.1346     4.6691     0.0842     0.0842     0.0170     0.0196      71614    49.7314     100.00     0.8904     0.8468         16 0.0000e+00
   2477.521   54.85758 -155.41144   2515.000     1.6783     1.6781  31.272363  31.271152    34.6342    34.6329     85.474     77.746    -0.1343     4.6691     0.0842     0.0842     0.0170     0.0196      71632    49.7435     100.00     0.8905     0.8246         13 0.0000e+00
   2478.500   54.85758 -155.41144   2516.000     1.6780     1.6778  31.272536  31.271257    34.6343    34.6328     85.526     84.464    -0.1341     4.6689     0.0838     0.0838     0.0172     0.0196      71648    49.7552     100.00     0.8907     0.8510         12 0.0000e+00
   2479.480   54.85758 -155.41144   2517.000     1.6774     1.6773  31.272502  31.271317    34.6344    34.6330     85.582     83.772    -0.1341     4.6691     0.0830     0.0830     0.0170     0.0196      71667    49.7678     100.00     0.8909     0.8482         12 0.0000e+00
   2480.459   54.85758 -155.41144   2518.000     1.6770     1.6769  31.272546  31.271399    34.6343    34.6330     85.623     84.756    -0.1349     4.6687     0.0854     0.0854     0.0173     0.0196      71689    49.7836     100.00     0.8910     0.8521         18 0.0000e+00
   2481.438   54.85756 -155.41144   2519.000     1.6768     1.6767  31.272700  31.271596    34.6343    34.6330     85.683     83.196    -0.1500     4.6682     0.0841     0.0841     0.0177     0.0190      71719    49.8041     100.00     0.8913     0.8459         17 0.0000e+00
   2482.418   54.85756 -155.41146   2520.000     1.6767     1.6766  31.273116  31.271880    34.6344    34.6331     85.751     88.012    -0.1436     4.6689     0.0832     0.0832     0.0172     0.0192      71750    49.8257     100.00     0.8915     0.8648         18 0.0000e+00
   2483.397   54.85756 -155.41146   2521.000     1.6760     1.6758  31.272906  31.271762    34.6344    34.6332     85.804     85.495    -0.1367     4.6688     0.0842     0.0842     0.0172     0.0195      71775    49.8431     100.00     0.8917     0.8548         14 0.0000e+00
   2484.376   54.85758 -155.41146   2522.000     1.6759     1.6758  31.273333  31.272086    34.6346    34.6332     85.916     84.479    -0.1366     4.6686     0.0842     0.0842     0.0174     0.0195      71797    49.8580     100.00     0.8922     0.8508         12 0.0000e+00
   2485.355   54.85758 -155.41146   2523.000     1.6757     1.6757  31.273615  31.272469    34.6346    34.6333     85.881     84.581    -0.1366     4.6686     0.0842     0.0842     0.0174     0.0195      71816    49.8717     100.00     0.8920     0.8511         13 0.0000e+00
   2486.335   54.85758 -155.41146   2524.000     1.6756     1.6755  31.273977  31.272647    34.6347    34.6332     85.936     84.472    -0.1366     4.6687     0.0838     0.0838     0.0174     0.0195      71837    49.8862     100.00     0.8922     0.8506         14 0.0000e+00
   2487.314   54.85758 -155.41146   2525.000     1.6751     1.6751  31.273920  31.272603    34.6348    34.6332     85.968     84.463    -0.1366     4.6690     0.0830     0.0830     0.0171     0.0195      71863    49.9043     100.00     0.8923     0.8506         14 0.0000e+00
   2488.293   54.85758 -155.41148   2526.000     1.6749     1.6748  31.274195  31.272951    34.6348    34.6334     86.080     84.640    -0.1343     4.6688     0.0830     0.0830     0.0172     0.0196      71896    49.9267     100.00     0.8927     0.8512         14 0.0000e+00
   2489.273   54.85758 -155.41148   2527.000     1.6748     1.6747  31.274355  31.273289    34.6347    34.6335     86.089     85.504    -0.1344     4.6688     0.0830     0.0830     0.0173     0.0196      71925    49.9470     100.00     0.8927     0.8546         14 0.0000e+00
   2490.252   54.85758 -155.41148   2528.000     1.6743     1.6743  31.274463  31.273349    34.6349    34.6335     86.151     85.663    -0.1366     4.6688     0.0830     0.0830     0.0172     0.0195      71949    49.9636     100.00     0.8930     0.8551         13 0.0000e+00
   2491.231   54.85758 -155.41148   2529.000     1.6733     1.6731  31.274211  31.273004    34.6351    34.6338     86.179     84.967    -0.1366     4.6686     0.0832     0.0832     0.0174     0.0195      71969    49.9781     100.00     0.8931     0.8524         12 0.0000e+00
   2492.211   54.85758 -155.41148   2530.000     1.6724     1.6723  31.273957  31.272838    34.6353    34.6340     86.254     84.322    -0.1366     4.6686     0.0853     0.0853     0.0175     0.0195      71989    49.9919     100.00     0.8933     0.8498         11 0.0000e+00
   2493.190   54.85758 -155.41148   2531.000     1.6721     1.6721  31.274237  31.272949    34.6355    34.6339     86.356     84.675    -0.1319     4.6687     0.0837     0.0837     0.0173     0.0197      72009    50.0058     100.00     0.8938     0.8512         13 0.0000e+00
   2494.169   54.85758 -155.41150   2532.000     1.6717     1.6716  31.274191  31.273036    34.6354    34.6340     86.362     84.834    -0.1367     4.6683     0.0840     0.0840     0.0177     0.0195      72031    50.0206     100.00     0.8937     0.8517         15 0.0000e+00
   2495.148   54.85758 -155.41150   2533.000     1.6714     1.6713  31.274376  31.273269    34.6354    34.6342     86.356     81.298    -0.1366     4.6681     0.0849     0.0849     0.0178     0.0195      72054    50.0368     100.00     0.8937     0.8378         15 0.0000e+00
   2496.128   54.85758 -155.41150   2534.000     1.6711     1.6710  31.274525  31.273352    34.6355    34.6341     86.465     88.550    -0.1366     4.6685     0.0832     0.0832     0.0175     0.0195      72079    50.0539     100.00     0.8941     0.8662         18 0.0000e+00
   2497.107   54.85758 -155.41150   2535.000     1.6709     1.6709  31.274784  31.273661    34.6355    34.6342     86.636     85.697    -0.1366     4.6688     0.0843     0.0843     0.0172     0.0195      72104    50.0713     100.00     0.8948     0.8550         14 0.0000e+00
   2498.086   54.85758 -155.41150   2536.000     1.6708     1.6707  31.275046  31.273886    34.6355    34.6342     86.645     85.433    -0.1366     4.6684     0.0843     0.0843     0.0176     0.0195      72131    50.0901     100.00     0.8948     0.8539         14 0.0000e+00
   2499.065   54.85758 -155.41152   2537.000     1.6708     1.6707  31.275462  31.274180    34.6355    34.6341     86.707     80.548    -0.1366     4.6685     0.0851     0.0851     0.0175     0.0195      72161    50.1110     100.00     0.8950     0.8347         16 0.0000e+00
   2500.045   54.85758 -155.41152   2538.000     1.6707     1.6706  31.275728  31.274573    34.6355    34.6342     86.841     88.681    -0.1344     4.6686     0.0833     0.0833     0.0174     0.0196      72189    50.1306     100.00     0.8956     0.8665         14 0.0000e+00
   2501.024   54.85758 -155.41152   2539.000     1.6708     1.6707  31.276226  31.275220    34.6356    34.6344     86.868     86.994    -0.1365     4.6690     0.0841     0.0841     0.0171     0.0195      72213    50.1474     100.00     0.8957     0.8599         13 0.0000e+00
   2502.003   54.85758 -155.41152   2540.000     1.6710     1.6708  31.276737  31.275625    34.6355    34.6344     86.940     85.774    -0.1389     4.6691     0.0831     0.0831     0.0170     0.0194      72234    50.1618     100.00     0.8960     0.8550         13 0.0000e+00
   2502.982   54.85758 -155.41152   2541.000     1.6707     1.6707  31.277095  31.275894    34.6357    34.6343     86.993     85.637    -0.1345     4.6684     0.0838     0.0838     0.0176     0.0196      72253    50.1750     100.00     0.8962     0.8545         13 0.0000e+00
   2503.962   54.85758 -155.41152   2542.000     1.6703     1.6703  31.277104  31.275899    34.6357    34.6343     86.966     85.364    -0.1289     4.6683     0.0840     0.0840     0.0177     0.0198      72272    50.1882     100.00     0.8960     0.8534         12 0.0000e+00
   2504.941   54.85758 -155.41152   2543.000     1.6700     1.6700  31.277333  31.276038    34.6358    34.6342     86.997     85.203    -0.1369     4.6681     0.0830     0.0830     0.0178     0.0195      72294    50.2034     100.00     0.8961     0.8526         16 0.0000e+00
   2505.920   54.85758 -155.41154   2544.000     1.6693     1.6694  31.277246  31.276020    34.6360    34.6344     87.078     83.488    -0.1327     4.6689     0.0830     0.0830     0.0172     0.0197      72322    50.2232     100.00     0.8964     0.8459         16 0.0000e+00
   2506.899   54.85758 -155.41154   2545.000     1.6688     1.6688  31.277130  31.276038    34.6359    34.6346     87.040     85.917    -0.1366     4.6683     0.0834     0.0834     0.0177     0.0195      72355    50.2457     100.00     0.8961     0.8554         16 0.0000e+00
   2507.878   54.85758 -155.41154   2546.000     1.6681     1.6680  31.277059  31.275872    34.6362    34.6348     87.061     87.182    -0.1318     4.6676     0.0842     0.0842     0.0183     0.0197      72380    50.2635     100.00     0.8962     0.8603         20 0.0000e+00
   2508.858   54.85758 -155.41154   2547.000     1.6679     1.6679  31.277366  31.276151    34.6362    34.6348     87.128     85.948    -0.1366     4.6685     0.0842     0.0842     0.0175     0.0195      72401    50.2779     100.00     0.8964     0.8554         14 0.0000e+00
   2509.837   54.85758 -155.41154   2548.000     1.6680     1.6680  31.277660  31.276686    34.6360    34.6348     87.147     84.276    -0.1525     4.6685     0.0834     0.0834     0.0175     0.0189      72420    50.2911     100.00     0.8965     0.8488         13 0.0000e+00
   2510.816   54.85758 -155.41154   2549.000     1.6677     1.6675  31.278011  31.276691    34.6363    34.6348     87.172     87.364    -0.1653     4.6690     0.0834     0.0834     0.0171     0.0184      72440    50.3047     100.00     0.8965     0.8608         14 0.0000e+00
   2511.795   54.85758 -155.41156   2550.000     1.6672     1.6670  31.277972  31.276722    34.6363    34.6349     87.349     88.265    -0.1329     4.6686     0.0841     0.0841     0.0174     0.0197      72463    50.3206     100.00     0.8972     0.8643         19 0.0000e+00
   2512.774   54.85758 -155.41156   2551.000     1.6667     1.6666  31.277980  31.276803    34.6364    34.6350     87.363     81.907    -0.1327     4.6684     0.0840     0.0840     0.0176     0.0197      72491    50.3403     100.00     0.8973     0.8394         23 0.0000e+00
   2513.753   54.85758 -155.41156   2552.000     1.6666     1.6666  31.278333  31.277121    34.6364    34.6349     87.409     86.414    -0.1349     4.6679     0.0851     0.0851     0.0180     0.0196      72521    50.3610     100.00     0.8974     0.8570         18 0.0000e+00
   2514.733   54.85759 -155.41156   2553.000     1.6666     1.6666  31.278806  31.277641    34.6365    34.6351     87.435     89.818    -0.1349     4.6684     0.0842     0.0842     0.0176     0.0196      72547    50.3792     100.00     0.8975     0.8702         18 0.0000e+00
   2515.712   54.85760 -155.41156   2554.000     1.6668     1.6667  31.279251  31.278002    34.6365    34.6350     87.503     83.152    -0.1301     4.6682     0.0842     0.0842     0.0178     0.0198      72570    50.3950     100.00     0.8978     0.8441         14 0.0000e+00
   2516.691   54.85760 -155.41156   2555.000     1.6669     1.6667  31.279753  31.278494    34.6365    34.6351     87.561     87.437    -0.1294     4.6680     0.0842     0.0842     0.0180     0.0198      72592    50.4104     100.00     0.8980     0.8609         17 0.0000e+00
   2517.670   54.85760 -155.41156   2556.000     1.6668     1.6667  31.280004  31.278900    34.6364    34.6351     87.682     86.960    -0.1367     4.6681     0.0842     0.0842     0.0178     0.0195      72614    50.4255     100.00     0.8985     0.8589         19 0.0000e+00
   2518.649   54.85760 -155.41158   2557.000     1.6668     1.6668  31.280364  31.279289    34.6364    34.6350     87.765     86.503    -0.1346     4.6686     0.0834     0.0834     0.0175     0.0196      72636    50.4411     100.00     0.8989     0.8571         14 0.0000e+00
