Continuous CTD Data/SBE Stage/nabos_26_01.ros
* Sea-Bird SBE 9 Data File:
* FileName = D:\CTD\data\HLY2502\raw\NABOS_26_01.hex
* Software Version Seasave V 7.26.7.110
* Temperature SN = 6954
* Conductivity SN = 2561
* Number of Bytes Per Scan = 37
* Number of Voltage Words = 4
* Number of Scans Averaged by the Deck Unit = 1
* NMEA Latitude = 80 38.91 N
* NMEA Longitude = 161 02.49 E
* NMEA UTC (Time) = Sep 21 2025  03:30:18
* NMEA baud rate = 9600
** Ship: USCG HEALY
** Bot. Depth:  2779
** Cast Number:  01
** Station Name:  NABOS
** Station Number:  26
** Operator:  STARC
# nquan = 25
# nvalues = 1176                                  
# units = specified
# name 0 = depSM: Depth [salt water, m]
# name 1 = latitude: Latitude [deg]
# name 2 = longitude: Longitude [deg]
# name 3 = prDM: Pressure, Digiquartz [db]
# name 4 = t090C: Temperature [ITS-90, deg C]
# name 5 = t190C: Temperature, 2 [ITS-90, deg C]
# name 6 = c0mS/cm: Conductivity [mS/cm]
# name 7 = c1mS/cm: Conductivity, 2 [mS/cm]
# name 8 = sal00: Salinity, Practical [PSU]
# name 9 = sal11: Salinity, Practical, 2 [PSU]
# name 10 = sbox0Mm/Kg: Oxygen, SBE 43 [umol/kg]
# name 11 = sbox1Mm/Kg: Oxygen, SBE 43, 2 [umol/kg]
# name 12 = flECO-AFL: Fluorescence, WET Labs ECO-AFL/FL [mg/m^3]
# name 13 = v2: Voltage 2
# name 14 = wetCDOM: Fluorescence, WET Labs CDOM [mg/m^3]
# name 15 = v6: Voltage 6
# name 16 = CStarAt0: Beam Attenuation, WET Labs C-Star [1/m]
# name 17 = v3: Voltage 3
# name 18 = scan: Scan Count
# name 19 = timeM: Time, Elapsed [minutes]
# name 20 = altM: Altimeter [m]
# name 21 = sbeox0V: Oxygen raw, SBE 43 [V]
# name 22 = sbeox1V: Oxygen raw, SBE 43, 2 [V]
# name 23 = nbf: Bottles Fired
# name 24 = flag:  0.000e+00
# interval = seconds: 0.0416667
# start_time = Sep 21 2025 03:30:18 [NMEA time, header]
# bad_flag = -9.990e-29
*END*
[from data line 986]
     10.151   80.64936  161.07660     10.260    -1.6757    -1.6759  24.785891  24.785060    31.0817    31.0807    370.203    356.918     0.3518     4.5592     0.1099     0.1099     0.1123     0.0391     200376   139.1493     100.00     2.6029     2.2380         21  0.000e+00
     10.143   80.64936  161.07660     10.252    -1.6756    -1.6760  24.785891  24.784896    31.0816    31.0806    369.987    356.666     0.3518     4.5592     0.1099     0.1099     0.1123     0.0391     200377   139.1500     100.00     2.6016     2.2368         21  0.000e+00
     10.217   80.64936  161.07660     10.326    -1.6757    -1.6762  24.786066  24.784951    31.0819    31.0808    370.206    356.417     0.3518     4.5592     0.1099     0.1099     0.1123     0.0391     200378   139.1507     100.00     2.6029     2.2356         21  0.000e+00
     10.143   80.64936  161.07660     10.252    -1.6757    -1.6764  24.786124  24.784786    31.0820    31.0808    370.201    356.923     0.3518     4.5592     0.1099     0.1099     0.1123     0.0391     200379   139.1514     100.00     2.6029     2.2380         21  0.000e+00
     10.151   80.64936  161.07660     10.260    -1.6757    -1.6760  24.786124  24.784731    31.0820    31.0803    370.202    357.174     0.3518     4.5592     0.1099     0.1099     0.1123     0.0391     200380   139.1521     100.00     2.6029     2.2392         21  0.000e+00
     10.143   80.64936  161.07660     10.252    -1.6759    -1.6762  24.786299  24.784731    31.0824    31.0805    369.988    357.175     0.3518     4.5580     0.1099     0.1099     0.1134     0.0391     200381   139.1528     100.00     2.6016     2.2392         21  0.000e+00
     10.209   80.64936  161.07660     10.318    -1.6759    -1.6759  24.786008  24.784731    31.0820    31.0802    369.992    356.669     0.3518     4.5592     0.1099     0.1099     0.1123     0.0391     200382   139.1535     100.00     2.6016     2.2368         21  0.000e+00
     10.151   80.64936  161.07660     10.260    -1.6761    -1.6759  24.786066  24.785115    31.0823    31.0807    369.991    356.157     0.3518     4.5580     0.1099     0.1099     0.1134     0.0391     200383   139.1542     100.00     2.6016     2.2343         21  0.000e+00
     10.143   80.64936  161.07660     10.252    -1.6765    -1.6762  24.786125  24.784841    31.0828    31.0807    369.994    355.907     0.3518     4.5580     0.1099     0.1099     0.1134     0.0391     200384   139.1549     100.00     2.6016     2.2331         21  0.000e+00
     10.217   80.64936  161.07660     10.327    -1.6765    -1.6762  24.786125  24.784567    31.0828    31.0803    370.212    355.912     0.3518     4.5568     0.1099     0.1099     0.1145     0.0391     200385   139.1556     100.00     2.6029     2.2331         21  0.000e+00
     10.143   80.64936  161.07660     10.252    -1.6765    -1.6760  24.785950  24.784676    31.0826    31.0803    369.994    355.906     0.3518     4.5568     0.1099     0.1099     0.1145     0.0391     200386   139.1563     100.00     2.6016     2.2331         21  0.000e+00
     10.151   80.64936  161.07660     10.260    -1.6761    -1.6762  24.786066  24.784731    31.0823    31.0805    369.991    355.908     0.3518     4.5580     0.1099     0.1099     0.1134     0.0391     200387   139.1569     100.00     2.6016     2.2331         21  0.000e+00
     10.143   80.64936  161.07660     10.252    -1.6761    -1.6764  24.785950  24.784731    31.0821    31.0807    369.991    355.909     0.3518     4.5568     0.1099     0.1099     0.1145     0.0391     200388   139.1576     100.00     2.6016     2.2331         21  0.000e+00
     10.151   80.64936  161.07660     10.260    -1.6757    -1.6767  24.786066  24.784731    31.0819    31.0810    369.988    355.405     0.3518     4.5580     0.1099     0.1099     0.1134     0.0391     200389   139.1583     100.00     2.6016     2.2307         21  0.000e+00
     10.209   80.64936  161.07660     10.318    -1.6757    -1.6764  24.786125  24.784731    31.0820    31.0807    369.990    355.151     0.3518     4.5568     0.1099     0.1099     0.1145     0.0391     200390   139.1590     100.00     2.6016     2.2295         21  0.000e+00
     10.151   80.64936  161.07660     10.260    -1.6756    -1.6764  24.785950  24.784731    31.0816    31.0807    369.987    354.895     0.3518     4.5568     0.1099     0.1099     0.1145     0.0391     200391   139.1597     100.00     2.6016     2.2282         21  0.000e+00
     10.143   80.64936  161.07660     10.252    -1.6757    -1.6762  24.786066  24.784731    31.0819    31.0805    369.987    354.893     0.3518     4.5580     0.1099     0.1099     0.1134     0.0391     200392   139.1604     100.00     2.6016     2.2282         21  0.000e+00
     10.151   80.64936  161.07660     10.260    -1.6757    -1.6760  24.786299  24.784896    31.0822    31.0806    369.987    354.892     0.3518     4.5580     0.1099     0.1099     0.1134     0.0391     200393   139.1611     100.00     2.6016     2.2282         21  0.000e+00
     10.209   80.64936  161.07660     10.318    -1.6757    -1.6764  24.786008  24.784622    31.0818    31.0805    369.991    355.152     0.3518     4.5568     0.1123     0.1123     0.1145     0.0391     200394   139.1618     100.00     2.6016     2.2295         21  0.000e+00
     10.151   80.64936  161.07660     10.260    -1.6759    -1.6762  24.786066  24.784841    31.0821    31.0807    370.203    355.907     0.3518     4.5580     0.1123     0.1123     0.1134     0.0391     200395   139.1625     100.00     2.6029     2.2331         21  0.000e+00
     10.143   80.64936  161.07660     10.252    -1.6761    -1.6764  24.786299  24.784403    31.0826    31.0803    369.989    356.924     0.3213     4.5568     0.1123     0.1123     0.1145     0.0379     200396   139.1632     100.00     2.6016     2.2380         21  0.000e+00
     10.217   80.64936  161.07660     10.327    -1.6759    -1.6764  24.786183  24.784786    31.0822    31.0808    370.206    358.193     0.3518     4.5580     0.1123     0.1123     0.1134     0.0391     200397   139.1639     100.00     2.6029     2.2441         21  0.000e+00
     10.143   80.64936  161.07660     10.252    -1.6759    -1.6767  24.786124  24.784786    31.0822    31.0811    370.202    359.206     0.3518     4.5568     0.1123     0.1123     0.1145     0.0391     200398   139.1646     100.00     2.6029     2.2490         21  0.000e+00
     10.151   80.64936  161.07660     10.260    -1.6761    -1.6767  24.785950  24.784731    31.0821    31.0810    370.205    360.221     0.3518     4.5568     0.1123     0.1123     0.1145     0.0391     200399   139.1653     100.00     2.6029     2.2539         21  0.000e+00
     10.143   80.64936  161.07660     10.252    -1.6761    -1.6770  24.786241  24.784731    31.0825    31.0814    369.989    360.983     0.3518     4.5568     0.1123     0.1123     0.1145     0.0391     200400   139.1660     100.00     2.6016     2.2575         21  0.000e+00
     10.209   80.64936  161.07660     10.318    -1.6763    -1.6770  24.786008  24.784732    31.0823    31.0813    369.995    361.493     0.3518     4.5580     0.1123     0.1123     0.1134     0.0391     200401   139.1667     100.00     2.6016     2.2600         21  0.000e+00
     10.151   80.64936  161.07660     10.260    -1.6764    -1.6771  24.786416  24.784731    31.0830    31.0815    370.205    361.745     0.3518     4.5580     0.1123     0.1123     0.1134     0.0391     200402   139.1674     100.00     2.6029     2.2612         21  0.000e+00
     10.209   80.64936  161.07660     10.318    -1.6765    -1.6770  24.786241  24.784732    31.0829    31.0813    369.996    360.986     0.3518     4.5580     0.1123     0.1123     0.1134     0.0391     200403   139.1681     100.00     2.6016     2.2575         21  0.000e+00
     10.151   80.64936  161.07660     10.260    -1.6763    -1.6773  24.785950  24.784896    31.0823    31.0819    370.206    360.732     0.3518     4.5568     0.1123     0.1123     0.1145     0.0391     200404   139.1687     100.00     2.6029     2.2563         21  0.000e+00
     10.143   80.64936  161.07660     10.252    -1.6767    -1.6774  24.785891  24.785005    31.0827    31.0822    370.210    360.732     0.3518     4.5568     0.1123     0.1123     0.1145     0.0391     200405   139.1694     100.00     2.6029     2.2563         21  0.000e+00
     10.151   80.64936  161.07660     10.260    -1.6765    -1.6771  24.786066  24.785005    31.0827    31.0819    370.208    360.983     0.3518     4.5568     0.1111     0.1111     0.1145     0.0391     200406   139.1701     100.00     2.6029     2.2575         21  0.000e+00
     10.209   80.64936  161.07660     10.318    -1.6763    -1.6768  24.786125  24.785170    31.0825    31.0817    370.208    360.983     0.3518     4.5580     0.1123     0.1123     0.1134     0.0391     200407   139.1708     100.00     2.6029     2.2575         21  0.000e+00
     10.151   80.64936  161.07660     10.260    -1.6763    -1.6768  24.786125  24.784841    31.0825    31.0813    370.205    361.235     0.3518     4.5568     0.1123     0.1123     0.1145     0.0391     200408   139.1715     100.00     2.6029     2.2588         21  0.000e+00
     10.143   80.64936  161.07660     10.252    -1.6761    -1.6767  24.786124  24.784731    31.0823    31.0811    369.989    361.488     0.3518     4.5568     0.1123     0.1123     0.1145     0.0391     200409   139.1722     100.00     2.6016     2.2600         21  0.000e+00
     10.217   80.64936  161.07660     10.327    -1.6761    -1.6768  24.786125  24.784951    31.0823    31.0814    369.779    361.745     0.3518     4.5568     0.1123     0.1123     0.1145     0.0391     200410   139.1729     100.00     2.6004     2.2612         21  0.000e+00
     10.143   80.64936  161.07660     10.252    -1.6761    -1.6767  24.786299  24.784786    31.0826    31.0811    369.988    361.741     0.3518     4.5568     0.1123     0.1123     0.1145     0.0391     200411   139.1736     100.00     2.6016     2.2612         21  0.000e+00
     10.151   80.64936  161.07660     10.260    -1.6761    -1.6767  24.786183  24.784731    31.0824    31.0810    369.989    361.741     0.3518     4.5568     0.1123     0.1123     0.1145     0.0391     200412   139.1743     100.00     2.6016     2.2612         21  0.000e+00
     10.143   80.64936  161.07660     10.252    -1.6761    -1.6768  24.785950  24.784731    31.0821    31.0812    370.204    361.995     0.3518     4.5568     0.1123     0.1123     0.1145     0.0391     200413   139.1750     100.00     2.6029     2.2624         21  0.000e+00
     10.151   80.64936  161.07660     10.260    -1.6761    -1.6770  24.786241  24.784951    31.0825    31.0817    369.989    363.010     0.3518     4.5568     0.1123     0.1123     0.1145     0.0391     200414   139.1757     100.00     2.6016     2.2673         21  0.000e+00
     10.209   80.64936  161.07660     10.318    -1.6764    -1.6767  24.786183  24.785006    31.0827    31.0814    370.209    363.011     0.3518     4.5568     0.1123     0.1123     0.1145     0.0391     200415   139.1764     100.00     2.6029     2.2673         21  0.000e+00
     10.151   80.64936  161.07660     10.260    -1.6764    -1.6767  24.785950  24.784622    31.0824    31.0809    369.778    362.249     0.3518     4.5568     0.1123     0.1123     0.1145     0.0391     200416   139.1771     100.00     2.6004     2.2636         21  0.000e+00
     10.143   80.64936  161.07660     10.252    -1.6764    -1.6767  24.786241  24.784841    31.0828    31.0812    369.777    360.980     0.3518     4.5568     0.1123     0.1123     0.1145     0.0391     200417   139.1778     100.00     2.6004     2.2575         21  0.000e+00
     10.151   80.64936  161.07660     10.260    -1.6765    -1.6767  24.786358  24.785005    31.0831    31.0814    369.992    359.966     0.3518     4.5568     0.1123     0.1123     0.1145     0.0391     200418   139.1785     100.00     2.6016     2.2527         21  0.000e+00
      3.514   80.64940  161.07686      3.552    -1.6813    -1.6801  24.780632  24.780113    31.0842    31.0823    369.663    354.059     0.2908     4.5580     0.1123     0.1123     0.1134     0.0366     202238   140.4424     100.00     2.6014     2.2256         22  0.000e+00
      3.563   80.64940  161.07686      3.602    -1.6811    -1.6800  24.780749  24.780277    31.0842    31.0823    369.664    353.553     0.2908     4.5580     0.1123     0.1123     0.1134     0.0366     202239   140.4431     100.00     2.6014     2.2231         22  0.000e+00
      3.572   80.64940  161.07686      3.610    -1.6814    -1.6800  24.780924  24.780168    31.0847    31.0822    369.666    352.794     0.2908     4.5568     0.1123     0.1123     0.1145     0.0366     202240   140.4437     100.00     2.6014     2.2194         22  0.000e+00
      3.572   80.64940  161.07686      3.610    -1.6811    -1.6798  24.780633  24.780277    31.0840    31.0821    369.665    352.286     0.2908     4.5568     0.1123     0.1123     0.1145     0.0366     202241   140.4444     100.00     2.6014     2.2170         22  0.000e+00
      3.449   80.64940  161.07686      3.486    -1.6811    -1.6800  24.780865  24.780332    31.0844    31.0825    369.443    352.534     0.2908     4.5568     0.1123     0.1123     0.1145     0.0366     202242   140.4451     100.00     2.6001     2.2182         22  0.000e+00
      3.629   80.64940  161.07686      3.668    -1.6811    -1.6798  24.780633  24.780496    31.0840    31.0824    369.453    352.794     0.2908     4.5568     0.1123     0.1123     0.1145     0.0366     202243   140.4458     100.00     2.6001     2.2194         22  0.000e+00
      3.514   80.64940  161.07686      3.552    -1.6813    -1.6800  24.780865  24.780387    31.0846    31.0825    369.448    353.550     0.2908     4.5568     0.1123     0.1123     0.1145     0.0366     202244   140.4465     100.00     2.6001     2.2231         22  0.000e+00
      3.563   80.64940  161.07686      3.602    -1.6813    -1.6798  24.780982  24.780167    31.0847    31.0820    369.664    354.312     0.2908     4.5568     0.1123     0.1123     0.1145     0.0366     202245   140.4472     100.00     2.6014     2.2268         22  0.000e+00
      3.514   80.64940  161.07686      3.552    -1.6814    -1.6798  24.781157  24.780277    31.0851    31.0822    369.662    355.069     0.2908     4.5580     0.1123     0.1123     0.1134     0.0366     202246   140.4479     100.00     2.6014     2.2304         22  0.000e+00
      3.563   80.64940  161.07686      3.602    -1.6811    -1.6800  24.781040  24.780332    31.0846    31.0824    369.662    355.326     0.2908     4.5580     0.1123     0.1123     0.1134     0.0366     202247   140.4486     100.00     2.6014     2.2317         22  0.000e+00
      3.572   80.64940  161.07686      3.610    -1.6813    -1.6800  24.780982  24.780496    31.0847    31.0826    369.664    355.579     0.2908     4.5580     0.1123     0.1123     0.1134     0.0366     202248   140.4493     100.00     2.6014     2.2329         22  0.000e+00
      3.514   80.64940  161.07686      3.552    -1.6813    -1.6800  24.781157  24.780770    31.0850    31.0830    369.661    355.828     0.2908     4.5580     0.1123     0.1123     0.1134     0.0366     202249   140.4500     100.00     2.6014     2.2341         22  0.000e+00
      3.563   80.64940  161.07686      3.602    -1.6813    -1.6800  24.781215  24.780496    31.0850    31.0826    369.449    356.085     0.2602     4.5568     0.1123     0.1123     0.1145     0.0354     202250   140.4507     100.00     2.6001     2.2353         22  0.000e+00
      3.572   80.64940  161.07686      3.610    -1.6813    -1.6797  24.781390  24.780551    31.0853    31.0824    369.449    356.336     0.2908     4.5568     0.1123     0.1123     0.1145     0.0366     202251   140.4514     100.00     2.6001     2.2365         22  0.000e+00
