Continuous CTD Data/SBE Stage/nabos_26_01avg.cnv
* Sea-Bird SBE 9 Data File:
* FileName = D:\CTD\data\HLY2502\raw\NABOS_26_01.hex
* Software Version Seasave V 7.26.7.110
* Temperature SN = 6954
* Conductivity SN = 2561
* Number of Bytes Per Scan = 37
* Number of Voltage Words = 4
* Number of Scans Averaged by the Deck Unit = 1
* NMEA Latitude = 80 38.91 N
* NMEA Longitude = 161 02.49 E
* NMEA UTC (Time) = Sep 21 2025  03:30:18
* NMEA baud rate = 9600
** Ship: USCG HEALY
** Bot. Depth:  2779
** Cast Number:  01
** Station Name:  NABOS
** Station Number:  26
** Operator:  STARC
# nquan = 25
# nvalues = 2827                        
# units = specified
# name 0 = depSM: Depth [salt water, m]
# name 1 = latitude: Latitude [deg]
# name 2 = longitude: Longitude [deg]
# name 3 = prDM: Pressure, Digiquartz [db]
# name 4 = t090C: Temperature [ITS-90, deg C]
# name 5 = t190C: Temperature, 2 [ITS-90, deg C]
# name 6 = c0mS/cm: Conductivity [mS/cm]
# name 7 = c1mS/cm: Conductivity, 2 [mS/cm]
# name 8 = sal00: Salinity, Practical [PSU]
# name 9 = sal11: Salinity, Practical, 2 [PSU]
# name 10 = sbox0Mm/Kg: Oxygen, SBE 43 [umol/kg]
# name 11 = sbox1Mm/Kg: Oxygen, SBE 43, 2 [umol/kg]
# name 12 = flECO-AFL: Fluorescence, WET Labs ECO-AFL/FL [mg/m^3]
# name 13 = v2: Voltage 2
# name 14 = wetCDOM: Fluorescence, WET Labs CDOM [mg/m^3]
# name 15 = v6: Voltage 6
# name 16 = CStarAt0: Beam Attenuation, WET Labs C-Star [1/m]
# name 17 = v3: Voltage 3
# name 18 = scan: Scan Count
# name 19 = timeM: Time, Elapsed [minutes]
# name 20 = altM: Altimeter [m]
# name 21 = sbeox0V: Oxygen raw, SBE 43 [V]
# name 22 = sbeox1V: Oxygen raw, SBE 43, 2 [V]
# name 23 = nbin: number of scans per bin
# name 24 = flag: flag
# span 0 =      2.968,   2780.323       
# span 1 =   80.64864,   80.64988       
# span 2 =  161.04194,  161.05426       
# span 3 =      3.000,   2829.000       
# span 4 =    -1.6930,     1.0363       
# span 5 =    -1.6923,     1.0364       
# span 6 =  24.768315,  29.910339       
# span 7 =  24.768559,  29.909061       
# span 8 =    31.0548,    34.9526       
# span 9 =    31.0523,    34.9508       
# span 10 =    268.289,    372.929      
# span 11 =     43.287,    365.965      
# span 12 =    -0.1878,     0.3247      
# span 13 =     4.5493,     4.6434      
# span 14 =     0.0807,     0.1180      
# span 15 =     0.0807,     0.1180      
# span 16 =     0.0391,     0.1211      
# span 17 =     0.0175,     0.0380      
# span 18 =       2816,      81110      
# span 19 =     1.9547,    56.3254      
# span 20 =       5.16,     100.00      
# span 21 =     1.6244,     2.6202      
# span 22 =     0.7316,     2.2806      
# span 23 =          6,         30      
# span 24 = 0.0000e+00, 0.0000e+00      
# interval = decibars: 1                
# start_time = Sep 21 2025 03:30:18 [NMEA time, header]
# bad_flag = -9.990e-29
*END*
[from data line 696]
    690.426   80.64910  161.04498    699.000     0.0089     0.0091  29.231953  29.230478    34.8273    34.8253    296.321    288.593    -0.1325     4.6384     0.0843     0.0843     0.0434     0.0197      22956    15.9409     100.00     2.1632     1.8937         15 0.0000e+00
    691.412   80.64910  161.04498    700.000     0.0091     0.0089  29.232438  29.230665    34.8272    34.8251    296.439    289.470    -0.1691     4.6383     0.0853     0.0853     0.0435     0.0182      22981    15.9581     100.00     2.1637     1.8977         15 0.0000e+00
    692.398   80.64910  161.04499    701.000     0.0090     0.0090  29.232733  29.231059    34.8271    34.8249    296.364    290.064    -0.1651     4.6381     0.0846     0.0846     0.0437     0.0184      23005    15.9751     100.00     2.1630     1.9003         14 0.0000e+00
    693.384   80.64910  161.04500    702.000     0.0089     0.0089  29.233146  29.231389    34.8272    34.8249    296.381    290.275    -0.1342     4.6384     0.0844     0.0844     0.0434     0.0196      23030    15.9922     100.00     2.1629     1.9012         15 0.0000e+00
    694.370   80.64910  161.04500    703.000     0.0091     0.0092  29.233607  29.232033    34.8270    34.8249    296.397    290.552    -0.1297     4.6380     0.0839     0.0839     0.0438     0.0198      23054    16.0091     100.00     2.1628     1.9023         13 0.0000e+00
    695.356   80.64910  161.04500    704.000     0.0091     0.0091  29.234019  29.232364    34.8269    34.8248    296.417    290.360    -0.1323     4.6376     0.0841     0.0841     0.0441     0.0197      23079    16.0262     100.00     2.1627     1.9012         14 0.0000e+00
    696.342   80.64910  161.04500    705.000     0.0093     0.0093  29.234611  29.232862    34.8269    34.8246    296.409    290.564    -0.1453     4.6360     0.0856     0.0856     0.0455     0.0192      23103    16.0432     100.00     2.1624     1.9020         14 0.0000e+00
    697.328   80.64910  161.04500    706.000     0.0093     0.0093  29.235019  29.233326    34.8268    34.8247    296.421    290.659    -0.1727     4.6365     0.0857     0.0857     0.0451     0.0181      23128    16.0603     100.00     2.1623     1.9023         15 0.0000e+00
    698.314   80.64910  161.04501    707.000     0.0094     0.0093  29.235368  29.233896    34.8267    34.8248    296.401    290.449    -0.1753     4.6383     0.0846     0.0846     0.0435     0.0180      23152    16.0773     100.00     2.1619     1.9011         15 0.0000e+00
    699.300   80.64910  161.04502    708.000     0.0095     0.0095  29.235959  29.234527    34.8267    34.8249    296.406    290.660    -0.1476     4.6378     0.0845     0.0845     0.0439     0.0191      23177    16.0945     100.00     2.1617     1.9019         16 0.0000e+00
    700.286   80.64910  161.04502    709.000     0.0098     0.0097  29.236785  29.235121    34.8268    34.8248    296.297    290.662    -0.1331     4.6386     0.0844     0.0844     0.0432     0.0196      23201    16.1114     100.00     2.1609     1.9018         16 0.0000e+00
    701.272   80.64910  161.04502    710.000     0.0116     0.0116  29.238966  29.237344    34.8271    34.8250    296.235    290.528    -0.1323     4.6374     0.0844     0.0844     0.0443     0.0197      23226    16.1284     100.00     2.1605     1.9011         14 0.0000e+00
    702.258   80.64910  161.04502    711.000     0.0133     0.0133  29.240933  29.239273    34.8272    34.8250    296.210    290.207    -0.1322     4.6380     0.0846     0.0846     0.0438     0.0197      23250    16.1455     100.00     2.1602     1.8994         14 0.0000e+00
    703.244   80.64910  161.04503    712.000     0.0137     0.0137  29.241614  29.240032    34.8271    34.8250    296.213    290.109    -0.1282     4.6385     0.0842     0.0842     0.0433     0.0199      23275    16.1625     100.00     2.1600     1.8987         15 0.0000e+00
    704.230   80.64910  161.04504    713.000     0.0139     0.0138  29.242210  29.240654    34.8270    34.8251    296.212    290.399    -0.1715     4.6382     0.0855     0.0855     0.0435     0.0181      23300    16.1795     100.00     2.1598     1.9000         16 0.0000e+00
    705.216   80.64910  161.04504    714.000     0.0140     0.0140  29.242805  29.241209    34.8271    34.8251    296.266    290.811    -0.1670     4.6382     0.0856     0.0856     0.0435     0.0183      23324    16.1966     100.00     2.1599     1.9017         16 0.0000e+00
    706.202   80.64910  161.04504    715.000     0.0152     0.0152  29.244386  29.242747    34.8273    34.8251    296.308    291.026    -0.1462     4.6384     0.0833     0.0833     0.0433     0.0191      23349    16.2136     100.00     2.1599     1.9026         16 0.0000e+00
    707.188   80.64910  161.04504    716.000     0.0154     0.0155  29.245004  29.243483    34.8273    34.8251    296.320    290.751    -0.1572     4.6385     0.0842     0.0842     0.0433     0.0187      23373    16.2307     100.00     2.1598     1.9012         16 0.0000e+00
    708.174   80.64910  161.04506    717.000     0.0159     0.0160  29.245819  29.244342    34.8272    34.8252    296.355    290.842    -0.1339     4.6378     0.0832     0.0832     0.0439     0.0196      23398    16.2477     100.00     2.1598     1.9014         16 0.0000e+00
    709.160   80.64910  161.04506    718.000     0.0179     0.0177  29.248196  29.246452    34.8275    34.8254    296.354    290.710    -0.1534     4.6385     0.0844     0.0844     0.0433     0.0188      23422    16.2646     100.00     2.1597     1.9007         14 0.0000e+00
    710.146   80.64910  161.04506    719.000     0.0191     0.0193  29.249691  29.248271    34.8276    34.8255    296.271    290.705    -0.1685     4.6386     0.0853     0.0853     0.0432     0.0182      23447    16.2818     100.00     2.1591     1.9005         17 0.0000e+00
    711.132   80.64910  161.04506    720.000     0.0199     0.0202  29.250841  29.249497    34.8276    34.8255    296.276    290.575    -0.1471     4.6386     0.0847     0.0847     0.0432     0.0191      23471    16.2987     100.00     2.1589     1.8998         14 0.0000e+00
    712.118   80.64910  161.04506    721.000     0.0204     0.0204  29.251781  29.250159    34.8276    34.8255    296.299    290.611    -0.1311     4.6387     0.0850     0.0850     0.0431     0.0197      23496    16.3160     100.00     2.1588     1.8998         19 0.0000e+00
    713.104   80.64910  161.04508    722.000     0.0205     0.0205  29.252297  29.250738    34.8277    34.8257    296.397    290.591    -0.1332     4.6387     0.0849     0.0849     0.0431     0.0196      23520    16.3330     100.00     2.1592     1.8995         18 0.0000e+00
    714.090   80.64910  161.04508    723.000     0.0206     0.0206  29.252858  29.251146    34.8277    34.8255    296.438    290.478    -0.1364     4.6386     0.0844     0.0844     0.0432     0.0195      23545    16.3500     100.00     2.1592     1.8988         18 0.0000e+00
    715.076   80.64910  161.04508    724.000     0.0201     0.0203  29.252816  29.251381    34.8276    34.8255    296.280    290.316    -0.1670     4.6385     0.0848     0.0848     0.0433     0.0183      23570    16.3671     100.00     2.1581     1.8978         20 0.0000e+00
    716.062   80.64910  161.04508    725.000     0.0167     0.0167  29.250002  29.248324    34.8271    34.8250    296.118    305.098    -0.1494     4.6377     0.0853     0.0853     0.0441     0.0190      23594    16.3839     100.00     2.1568     1.9677         15 0.0000e+00
    717.048   80.64910  161.04508    726.000     0.0059     0.0058  29.240911  29.239225    34.8268    34.8247    296.094    292.155    -0.1686     4.6384     0.0843     0.0843     0.0434     0.0182      23619    16.4012     100.00     2.1559     1.9056         20 0.0000e+00
    718.034   80.64910  161.04508    727.000    -0.0041    -0.0051  29.232493  29.229977    34.8264    34.8242    296.268    288.653    -0.1720     4.6383     0.0843     0.0843     0.0434     0.0181      23643    16.4180     100.00     2.1562     1.8884         18 0.0000e+00
    719.020   80.64910  161.04510    728.000    -0.0166    -0.0164  29.221911  29.220375    34.8259    34.8238    296.338    289.092    -0.1688     4.6380     0.0855     0.0855     0.0438     0.0182      23667    16.4351     100.00     2.1557     1.8898         17 0.0000e+00
    720.006   80.64910  161.04510    729.000    -0.0207    -0.0207  29.218669  29.217172    34.8257    34.8238    296.403    289.345    -0.1524     4.6383     0.0856     0.0856     0.0435     0.0189      23692    16.4520     100.00     2.1557     1.8906         17 0.0000e+00
    720.992   80.64910  161.04510    730.000    -0.0260    -0.0260  29.214252  29.212624    34.8253    34.8232    296.562    290.335    -0.1293     4.6376     0.0856     0.0856     0.0441     0.0198      23716    16.4689     100.00     2.1560     1.8949         14 0.0000e+00
    721.978   80.64910  161.04510    731.000    -0.0366    -0.0365  29.205011  29.203706    34.8245    34.8227    296.712    290.918    -0.1517     4.6384     0.0842     0.0842     0.0434     0.0189      23741    16.4859     100.00     2.1561     1.8971         13 0.0000e+00
    722.964   80.64910  161.04510    732.000    -0.0453    -0.0452  29.197941  29.196448    34.8244    34.8223    296.861    290.583    -0.1716     4.6381     0.0831     0.0831     0.0437     0.0181      23766    16.5033     100.00     2.1563     1.8949         19 0.0000e+00
    723.950   80.64910  161.04512    733.000    -0.0496    -0.0496  29.194447  29.192880    34.8242    34.8220    296.857    290.774    -0.1689     4.6385     0.0838     0.0838     0.0433     0.0182      23790    16.5203     100.00     2.1559     1.8955         18 0.0000e+00
    724.935   80.64910  161.04512    734.000    -0.0538    -0.0540  29.191007  29.189375    34.8237    34.8218    296.741    290.579    -0.1392     4.6383     0.0843     0.0843     0.0434     0.0194      23815    16.5373     100.00     2.1548     1.8942         18 0.0000e+00
    725.921   80.64910  161.04512    735.000    -0.0594    -0.0600  29.186431  29.184191    34.8235    34.8212    296.621    291.448    -0.1366     4.6377     0.0843     0.0843     0.0441     0.0195      23839    16.5542     100.00     2.1536     1.8979         17 0.0000e+00
    726.907   80.64910  161.04512    736.000    -0.0675    -0.0683  29.179624  29.177311    34.8230    34.8208    296.591    291.312    -0.1408     4.6376     0.0844     0.0844     0.0441     0.0193      23864    16.5713     100.00     2.1529     1.8967         15 0.0000e+00
    727.893   80.64910  161.04512    737.000    -0.0736    -0.0737  29.174568  29.172900    34.8227    34.8206    296.704    291.291    -0.1725     4.6378     0.0856     0.0856     0.0439     0.0181      23888    16.5883     100.00     2.1530     1.8962         17 0.0000e+00
    728.879   80.64910  161.04514    738.000    -0.0730    -0.0726  29.175533  29.174243    34.8227    34.8205    296.854    291.534    -0.1635     4.6381     0.0834     0.0834     0.0437     0.0184      23913    16.6053     100.00     2.1536     1.8972         17 0.0000e+00
    729.865   80.64910  161.04514    739.000    -0.0737    -0.0739  29.175221  29.173468    34.8225    34.8203    296.945    291.483    -0.1353     4.6379     0.0842     0.0842     0.0438     0.0195      23937    16.6224     100.00     2.1538     1.8968         18 0.0000e+00
    730.851   80.64910  161.04514    740.000    -0.0738    -0.0737  29.175590  29.173968    34.8225    34.8202    297.003    291.032    -0.1511     4.6380     0.0852     0.0852     0.0438     0.0189      23961    16.6392     100.00     2.1539     1.8944         15 0.0000e+00
    731.837   80.64910  161.04514    741.000    -0.0731    -0.0729  29.176469  29.175070    34.8223    34.8202    296.989    291.091    -0.1582     4.6375     0.0849     0.0849     0.0442     0.0186      23986    16.6564     100.00     2.1537     1.8945         17 0.0000e+00
    732.822   80.64911  161.04514    742.000    -0.0727    -0.0718  29.177191  29.176379    34.8222    34.8201    297.106    291.548    -0.1360     4.6376     0.0843     0.0843     0.0441     0.0195      24010    16.6732     100.00     2.1541     1.8966         15 0.0000e+00
    733.808   80.64912  161.04515    743.000    -0.0712    -0.0712  29.179045  29.177610    34.8224    34.8205    297.130    291.796    -0.1543     4.6380     0.0847     0.0847     0.0438     0.0188      24035    16.6905     100.00     2.1541     1.8976         15 0.0000e+00
    734.794   80.64912  161.04516    744.000    -0.0540    -0.0577  29.196340  29.191299    34.8251    34.8227    297.013    291.715    -0.1765     4.6373     0.0854     0.0854     0.0444     0.0179      24059    16.7072     100.00     2.1541     1.8976         13 0.0000e+00
    735.780   80.64912  161.04516    745.000    -0.0341    -0.0339  29.215267  29.213682    34.8270    34.8247    296.887    291.574    -0.1394     4.6372     0.0843     0.0843     0.0444     0.0194      24084    16.7244     100.00     2.1542     1.8978         16 0.0000e+00
    736.766   80.64912  161.04516    746.000    -0.0048    -0.0045  29.243633  29.242141    34.8308    34.8284    296.666    291.540    -0.1366     4.6372     0.0832     0.0832     0.0445     0.0195      24108    16.7412     100.00     2.1542     1.8986         13 0.0000e+00
    737.752   80.64912  161.04516    747.000     0.0222     0.0226  29.270134  29.268847    34.8346    34.8325    296.579    291.394    -0.1366     4.6373     0.0843     0.0843     0.0444     0.0195      24133    16.7585     100.00     2.1549     1.8989         16 0.0000e+00
    738.738   80.64912  161.04517    748.000     0.0368     0.0366  29.284512  29.282680    34.8366    34.8343    296.373    291.081    -0.1434     4.6374     0.0843     0.0843     0.0443     0.0192      24158    16.7754     100.00     2.1542     1.8979         13 0.0000e+00
    739.724   80.64912  161.04518    749.000     0.0348     0.0341  29.283641  29.281365    34.8370    34.8349    296.150    290.830    -0.1682     4.6374     0.0843     0.0843     0.0443     0.0183      24182    16.7923     100.00     2.1527     1.8964         12 0.0000e+00
    740.710   80.64912  161.04518    750.000     0.0304     0.0300  29.280325  29.278347    34.8371    34.8349    295.790    290.853    -0.1328     4.6372     0.0843     0.0843     0.0444     0.0197      24207    16.8096     100.00     2.1502     1.8961         14 0.0000e+00
    741.695   80.64912  161.04518    751.000     0.0279     0.0277  29.278823  29.277139    34.8373    34.8353    295.248    290.721    -0.1464     4.6375     0.0839     0.0839     0.0442     0.0191      24231    16.8264     100.00     2.1469     1.8952         13 0.0000e+00
    742.681   80.64912  161.04518    752.000     0.0271     0.0262  29.278546  29.276232    34.8373    34.8352    294.872    290.317    -0.1507     4.6374     0.0836     0.0836     0.0443     0.0190      24255    16.8434     100.00     2.1445     1.8931         13 0.0000e+00
    743.667   80.64912  161.04519    753.000     0.0240     0.0239  29.276478  29.274722    34.8374    34.8352    294.834    290.105    -0.1323     4.6374     0.0842     0.0842     0.0443     0.0197      24280    16.8605     100.00     2.1439     1.8918         15 0.0000e+00
    744.653   80.64912  161.04520    754.000     0.0224     0.0224  29.275359  29.273773    34.8372    34.8351    294.966    290.216    -0.1347     4.6380     0.0843     0.0843     0.0438     0.0196      24305    16.8775     100.00     2.1444     1.8921         15 0.0000e+00
    745.639   80.64912  161.04520    755.000     0.0197     0.0196  29.273335  29.271739    34.8370    34.8350    294.996    290.230    -0.1604     4.6374     0.0845     0.0845     0.0443     0.0186      24329    16.8945     100.00     2.1442     1.8918         14 0.0000e+00
