Continuous CTD Data/SBE Stage/nabos_testcast.ros
* Sea-Bird SBE 9 Data File:
* FileName = D:\CTD\data\HLY2502\raw\NABOS_TestCast.hex
* Software Version Seasave V 7.26.7.110
* Temperature SN = 6954
* Conductivity SN = 2561
* Number of Bytes Per Scan = 37
* Number of Voltage Words = 4
* Number of Scans Averaged by the Deck Unit = 1
* NMEA Latitude = 54 51.60 N
* NMEA Longitude = 155 23.75 W
* NMEA UTC (Time) = Aug 23 2025  00:14:18
* NMEA baud rate = 9600
** Ship: USCG HEALY
** Bot. Depth:  4270
** Cast Number:
** Station Name:  test
** Station Number:
** Operator:  STARC
# nquan = 25
# nvalues = 1176                                  
# units = specified
# name 0 = depSM: Depth [salt water, m]
# name 1 = latitude: Latitude [deg]
# name 2 = longitude: Longitude [deg]
# name 3 = prDM: Pressure, Digiquartz [db]
# name 4 = t090C: Temperature [ITS-90, deg C]
# name 5 = t190C: Temperature, 2 [ITS-90, deg C]
# name 6 = c0mS/cm: Conductivity [mS/cm]
# name 7 = c1mS/cm: Conductivity, 2 [mS/cm]
# name 8 = sal00: Salinity, Practical [PSU]
# name 9 = sal11: Salinity, Practical, 2 [PSU]
# name 10 = sbox0Mm/Kg: Oxygen, SBE 43 [umol/kg]
# name 11 = sbox1Mm/Kg: Oxygen, SBE 43, 2 [umol/kg]
# name 12 = flECO-AFL: Fluorescence, WET Labs ECO-AFL/FL [mg/m^3]
# name 13 = v2: Voltage 2
# name 14 = wetCDOM: Fluorescence, WET Labs CDOM [mg/m^3]
# name 15 = v6: Voltage 6
# name 16 = CStarAt0: Beam Attenuation, WET Labs C-Star [1/m]
# name 17 = v3: Voltage 3
# name 18 = scan: Scan Count
# name 19 = timeM: Time, Elapsed [minutes]
# name 20 = altM: Altimeter [m]
# name 21 = sbeox0V: Oxygen raw, SBE 43 [V]
# name 22 = sbeox1V: Oxygen raw, SBE 43, 2 [V]
# name 23 = nbf: Bottles Fired
# name 24 = flag:  0.000e+00
# interval = seconds: 0.0416667
# start_time = Aug 23 2025 00:14:18 [NMEA time, header]
# bad_flag = -9.990e-29
*END*
[from data line 290]
      6.947   54.85134 -155.44178      7.010    14.4093    14.4029  39.469131  39.462753    32.3604    32.3599    263.383    258.006     1.1455     4.2869     0.0757     0.0757     0.3588     0.0708     233778   162.3451     100.00     2.7697     2.3980          6  0.000e+00
      7.062   54.85134 -155.44178      7.126    14.4082    14.4013  39.468089  39.460859    32.3603    32.3595    263.393    258.019     1.1149     4.2882     0.0757     0.0757     0.3577     0.0696     233779   162.3458     100.00     2.7697     2.3980          6  0.000e+00
      7.012   54.85134 -155.44178      7.076    14.4072    14.3990  39.467047  39.458441    32.3602    32.3592    263.538    258.031     1.1455     4.2894     0.0757     0.0757     0.3566     0.0708     233780   162.3465     100.00     2.7709     2.3980          6  0.000e+00
      7.012   54.85134 -155.44178      7.076    14.4066    14.3958  39.467047  39.455762    32.3607    32.3594    263.400    258.047     1.1455     4.2882     0.0757     0.0757     0.3577     0.0708     233781   162.3472     100.00     2.7697     2.3980          6  0.000e+00
      7.555   54.85132 -155.44184      7.623    14.4060    14.4042  39.467049  39.464127    32.3610    32.3599    262.995    245.444     1.0234     4.2882     0.0757     0.0757     0.3577     0.0659     233980   162.4854     100.00     2.7660     2.3064          7  0.000e+00
      7.670   54.85132 -155.44184      7.739    14.4058    14.4043  39.466355  39.464324    32.3604    32.3599    263.000    250.812     1.0234     4.2882     0.0757     0.0757     0.3577     0.0659     233981   162.4861     100.00     2.7660     2.3455          7  0.000e+00
      7.678   54.85132 -155.44184      7.748    14.4050    14.4045  39.465868  39.464912    32.3607    32.3602    263.005    260.534     1.0234     4.2869     0.0757     0.0757     0.3588     0.0659     233982   162.4868     100.00     2.7660     2.4163          7  0.000e+00
      7.670   54.85132 -155.44184      7.739    14.4045    14.4045  39.465799  39.464847    32.3611    32.3602    263.007    266.737     1.0234     4.2869     0.0757     0.0757     0.3588     0.0659     233983   162.4875     100.00     2.7660     2.4615          7  0.000e+00
      7.612   54.85132 -155.44184      7.681    14.4042    14.4047  39.465729  39.464781    32.3613    32.3600    263.147    268.410     1.0234     4.2882     0.0757     0.0757     0.3577     0.0659     233984   162.4882     100.00     2.7673     2.4737          7  0.000e+00
      7.670   54.85132 -155.44184      7.739    14.4045    14.4046  39.465730  39.464977    32.3610    32.3602    263.007    268.077     1.0234     4.2882     0.0757     0.0757     0.3577     0.0659     233985   162.4889     100.00     2.7660     2.4713          7  0.000e+00
      7.612   54.85132 -155.44184      7.681    14.4044    14.4047  39.465799  39.464324    32.3612    32.3596    263.005    267.238     1.0234     4.2882     0.0757     0.0757     0.3577     0.0659     233986   162.4896     100.00     2.7660     2.4652          7  0.000e+00
      7.670   54.85132 -155.44184      7.739    14.4045    14.4045  39.465243  39.464324    32.3606    32.3597    263.008    266.235     1.0234     4.2882     0.0757     0.0757     0.3577     0.0659     233987   162.4903     100.00     2.7660     2.4578          7  0.000e+00
      7.612   54.85132 -155.44184      7.681    14.4044    14.4045  39.465799  39.464650    32.3612    32.3600    263.005    265.394     0.9928     4.2869     0.0757     0.0757     0.3588     0.0647     233988   162.4910     100.00     2.7660     2.4517          7  0.000e+00
      7.678   54.85132 -155.44184      7.748    14.4047    14.4045  39.465869  39.464520    32.3610    32.3599    263.147    264.558     1.0234     4.2882     0.0757     0.0757     0.3577     0.0659     233989   162.4917     100.00     2.7673     2.4456          7  0.000e+00
      7.670   54.85132 -155.44184      7.739    14.4048    14.4038  39.465799  39.463867    32.3608    32.3599    263.005    263.891     1.0539     4.2882     0.0769     0.0769     0.3577     0.0672     233990   162.4924     100.00     2.7660     2.4407          7  0.000e+00
      7.555   54.85132 -155.44184      7.623    14.4050    14.4042  39.465799  39.463931    32.3607    32.3597    263.142    263.215     1.0234     4.2882     0.0781     0.0781     0.3577     0.0659     233991   162.4931     100.00     2.7673     2.4358          7  0.000e+00
      7.612   54.85132 -155.44184      7.681    14.4045    14.4043  39.466216  39.464062    32.3615    32.3597    263.004    262.713     0.9928     4.2882     0.0781     0.0781     0.3577     0.0647     233992   162.4938     100.00     2.7660     2.4322          7  0.000e+00
      7.612   54.85132 -155.44184      7.681    14.4050    14.4040  39.466424  39.463801    32.3612    32.3597    263.143    262.212     1.0234     4.2882     0.0781     0.0781     0.3577     0.0659     233993   162.4944     100.00     2.7673     2.4285          7  0.000e+00
      7.546   54.85132 -155.44184      7.615    14.4052    14.4040  39.466215  39.463931    32.3609    32.3598    263.140    261.706     0.9928     4.2882     0.0781     0.0781     0.3577     0.0647     233994   162.4951     100.00     2.7673     2.4249          7  0.000e+00
      7.555   54.85132 -155.44184      7.623    14.4057    14.4038  39.467188  39.463801    32.3614    32.3598    263.137    261.372     0.9928     4.2869     0.0781     0.0781     0.3588     0.0647     233995   162.4958     100.00     2.7673     2.4224          7  0.000e+00
      7.546   54.85132 -155.44184      7.615    14.4058    14.4040  39.467118  39.463931    32.3612    32.3598    263.136    261.036     0.9928     4.2882     0.0781     0.0781     0.3577     0.0647     233996   162.4965     100.00     2.7673     2.4200          7  0.000e+00
      7.555   54.85132 -155.44184      7.623    14.4057    14.4040  39.466354  39.464323    32.3606    32.3602    263.138    260.868     0.9623     4.2869     0.0781     0.0781     0.3588     0.0635     233997   162.4972     100.00     2.7673     2.4188          7  0.000e+00
      7.546   54.85132 -155.44184      7.615    14.4055    14.4045  39.466354  39.464454    32.3608    32.3599    263.139    260.530     0.9928     4.2869     0.0781     0.0781     0.3588     0.0647     233998   162.4979     100.00     2.7673     2.4163          7  0.000e+00
      7.497   54.85132 -155.44184      7.565    14.4050    14.4047  39.466215  39.464454    32.3611    32.3597    263.139    260.192     0.9623     4.2869     0.0781     0.0781     0.3588     0.0635     233999   162.4986     100.00     2.7673     2.4139          7  0.000e+00
      7.489   54.85132 -155.44184      7.557    14.4050    14.4046  39.466285  39.464650    32.3611    32.3600    263.280    260.024     0.9928     4.2882     0.0781     0.0781     0.3577     0.0647     234000   162.4993     100.00     2.7685     2.4126          7  0.000e+00
      7.497   54.85132 -155.44184      7.565    14.4052    14.4047  39.465937  39.464519    32.3607    32.3598    263.280    259.857     0.9928     4.2906     0.0781     0.0781     0.3554     0.0647     234001   162.5000     100.00     2.7685     2.4114          7  0.000e+00
      7.431   54.85132 -155.44184      7.499    14.4048    14.4048  39.466284  39.464650    32.3613    32.3598    263.137    259.686     0.9623     4.2906     0.0781     0.0781     0.3554     0.0635     234002   162.5007     100.00     2.7673     2.4102          7  0.000e+00
      7.497   54.85132 -155.44184      7.565    14.4055    14.4048  39.466493  39.464781    32.3609    32.3599    263.137    259.521     0.9928     4.2918     0.0781     0.0781     0.3543     0.0647     234003   162.5014     100.00     2.7673     2.4090          7  0.000e+00
      7.431   54.85132 -155.44184      7.499    14.4057    14.4052  39.466632  39.464780    32.3609    32.3596    263.134    259.349     0.9928     4.2906     0.0781     0.0781     0.3554     0.0647     234004   162.5021     100.00     2.7673     2.4078          7  0.000e+00
      7.374   54.85132 -155.44184      7.441    14.4057    14.4050  39.466284  39.465238    32.3606    32.3603    263.273    259.180     0.9928     4.2906     0.0781     0.0781     0.3554     0.0647     234005   162.5028     100.00     2.7685     2.4065          7  0.000e+00
      7.431   54.85132 -155.44184      7.499    14.4050    14.4052  39.465312  39.464650    32.3603    32.3595    263.280    259.014     0.9928     4.2918     0.0781     0.0781     0.3543     0.0647     234006   162.5035     100.00     2.7685     2.4053          7  0.000e+00
      7.374   54.85132 -155.44184      7.441    14.4045    14.4050  39.464825  39.464649    32.3603    32.3597    263.281    259.013     0.9928     4.2906     0.0781     0.0781     0.3554     0.0647     234007   162.5042     100.00     2.7685     2.4053          7  0.000e+00
      7.308   54.85132 -155.44184      7.375    14.4042    14.4052  39.464964  39.464780    32.3607    32.3597    263.138    259.010     0.9928     4.2906     0.0781     0.0781     0.3554     0.0647     234008   162.5049     100.00     2.7673     2.4053          7  0.000e+00
      7.316   54.85132 -155.44184      7.383    14.4037    14.4050  39.464825  39.464518    32.3610    32.3596    263.282    258.844     0.9928     4.2918     0.0781     0.0781     0.3543     0.0647     234009   162.5056     100.00     2.7685     2.4041          7  0.000e+00
      7.251   54.85132 -155.44184      7.317    14.4037    14.4050  39.464478  39.464649    32.3607    32.3597    263.139    258.841     0.9928     4.2906     0.0781     0.0781     0.3554     0.0647     234010   162.5062     100.00     2.7673     2.4041          7  0.000e+00
      7.308   54.85132 -155.44184      7.375    14.4033    14.4053  39.464130  39.464976    32.3607    32.3598    263.143    258.674     1.0234     4.2906     0.0781     0.0781     0.3554     0.0659     234011   162.5069     100.00     2.7673     2.4029          7  0.000e+00
      7.251   54.85132 -155.44184      7.317    14.4032    14.4052  39.463991  39.465106    32.3607    32.3600    263.142    258.672     0.9928     4.2906     0.0781     0.0781     0.3554     0.0647     234012   162.5076     100.00     2.7673     2.4029          7  0.000e+00
      7.185   54.85132 -155.44184      7.250    14.4032    14.4053  39.463991  39.465302    32.3607    32.3601    263.139    258.502     0.9928     4.2906     0.0781     0.0781     0.3554     0.0647     234013   162.5083     100.00     2.7673     2.4017          7  0.000e+00
      7.193   54.85132 -155.44184      7.259    14.4028    14.4053  39.464061  39.465171    32.3611    32.3600    263.141    258.502     0.9928     4.2906     0.0781     0.0781     0.3554     0.0647     234014   162.5090     100.00     2.7673     2.4017          7  0.000e+00
      7.185   54.85132 -155.44184      7.250    14.4026    14.4055  39.463783  39.464845    32.3610    32.3595    263.001    258.502     0.9928     4.2906     0.0781     0.0781     0.3554     0.0647     234015   162.5097     100.00     2.7660     2.4017          7  0.000e+00
      7.127   54.85132 -155.44184      7.192    14.4023    14.4053  39.463643  39.464518    32.3611    32.3594    263.142    258.501     0.9928     4.2906     0.0781     0.0781     0.3554     0.0647     234016   162.5104     100.00     2.7673     2.4017          7  0.000e+00
      7.127   54.85132 -155.44184      7.192    14.4023    14.4040  39.463643  39.463080    32.3611    32.3592    263.142    258.508     1.0539     4.2918     0.0769     0.0769     0.3543     0.0672     234017   162.5111     100.00     2.7673     2.4017          7  0.000e+00
      7.070   54.85132 -155.44184      7.134    14.4023    14.4029  39.463435  39.462688    32.3610    32.3597    263.140    258.343     1.0844     4.2918     0.0757     0.0757     0.3543     0.0684     234018   162.5118     100.00     2.7673     2.4004          7  0.000e+00
      7.062   54.85132 -155.44184      7.126    14.4023    14.4035  39.463087  39.462688    32.3607    32.3593    262.999    258.341     1.1149     4.2918     0.0757     0.0757     0.3543     0.0696     234019   162.5125     100.00     2.7660     2.4004          7  0.000e+00
      7.012   54.85132 -155.44184      7.076    14.4021    14.4033  39.463226  39.463211    32.3610    32.3599    262.998    258.339     1.0844     4.2906     0.0757     0.0757     0.3554     0.0684     234020   162.5132     100.00     2.7660     2.4004          7  0.000e+00
      7.004   54.85132 -155.44184      7.068    14.4020    14.4032  39.463087  39.463080    32.3609    32.3599    262.998    258.340     1.0844     4.2918     0.0757     0.0757     0.3543     0.0684     234021   162.5139     100.00     2.7660     2.4004          7  0.000e+00
      6.947   54.85132 -155.44184      7.010    14.4016    14.4029  39.462740  39.462230    32.3609    32.3594    262.998    258.340     1.0844     4.2918     0.0757     0.0757     0.3543     0.0684     234022   162.5146     100.00     2.7660     2.4004          7  0.000e+00
      6.947   54.85132 -155.44184      7.010    14.4011    14.4023  39.462115  39.462230    32.3608    32.3599    263.001    258.342     1.0844     4.2918     0.0757     0.0757     0.3543     0.0684     234023   162.5153     100.00     2.7660     2.4004          7  0.000e+00
      6.889   54.85132 -155.44184      6.952    14.4009    14.4021  39.461628  39.462099    32.3605    32.3599    263.001    258.174     1.0844     4.2918     0.0757     0.0757     0.3543     0.0684     234024   162.5160     100.00     2.7660     2.3992          7  0.000e+00
      6.889   54.85132 -155.44184      6.952    14.4006    14.4020  39.461836  39.462034    32.3610    32.3600    262.861    258.342     1.0844     4.2918     0.0757     0.0757     0.3543     0.0684     234025   162.5167     100.00     2.7648     2.4004          7  0.000e+00
      6.881   54.85132 -155.44184      6.944    14.4003    14.4020  39.461420  39.461707    32.3609    32.3597    262.862    258.175     1.0844     4.2918     0.0757     0.0757     0.3543     0.0684     234026   162.5174     100.00     2.7648     2.3992          7  0.000e+00
      6.832   54.85132 -155.44184      6.894    14.4003    14.4015  39.461767  39.461380    32.3612    32.3599    262.860    258.176     1.0539     4.2918     0.0757     0.0757     0.3543     0.0672     234027   162.5181     100.00     2.7648     2.3992          7  0.000e+00
      6.758   54.85132 -155.44184      6.819    14.4006    14.4010  39.461905  39.461054    32.3611    32.3600    262.856    258.176     1.0844     4.2918     0.0757     0.0757     0.3543     0.0684     234028   162.5188     100.00     2.7648     2.3992          7  0.000e+00
      7.242   54.85132 -155.44186      7.308    14.3933    14.3921  39.454614  39.453281    32.3603    32.3601    263.901    258.070     1.1149     4.2882     0.0757     0.0757     0.3577     0.0696     234159   162.6097     100.00     2.7734     2.3980          8  0.000e+00
      7.251   54.85132 -155.44186      7.317    14.3932    14.3919  39.455239  39.453216    32.3610    32.3602    263.760    258.071     1.0844     4.2882     0.0757     0.0757     0.3577     0.0684     234160   162.6104     100.00     2.7721     2.3980          8  0.000e+00
      7.242   54.85132 -155.44186      7.308    14.3926    14.3916  39.454892  39.453085    32.3612    32.3604    263.762    258.072     1.0844     4.2882     0.0757     0.0757     0.3577     0.0684     234161   162.6111     100.00     2.7721     2.3980          8  0.000e+00
      7.251   54.85132 -155.44186      7.317    14.3922    14.3914  39.453919  39.452758    32.3607    32.3603    263.908    258.074     1.1149     4.2894     0.0757     0.0757     0.3566     0.0696     234162   162.6118     100.00     2.7734     2.3980          8  0.000e+00
