Continuous CTD Data/SBE Stage/nabos_15_02.ros
* Sea-Bird SBE 9 Data File:
* FileName = D:\CTD\data\HLY2502\raw\NABOS_15_02.hex
* Software Version Seasave V 7.26.7.110
* Temperature SN = 6954
* Conductivity SN = 2561
* Number of Bytes Per Scan = 37
* Number of Voltage Words = 4
* Number of Scans Averaged by the Deck Unit = 1
* NMEA Latitude = 78 29.96 N
* NMEA Longitude = 170 07.40 W
* NMEA UTC (Time) = Sep 09 2025  17:34:44
* NMEA baud rate = 9600
** Ship: USCG HEALY
** Bot. Depth:  2700
** Cast Number:
** Station Name:  15
** Station Number:
** Operator:  STARC
# nquan = 25
# nvalues = 1176                                  
# units = specified
# name 0 = depSM: Depth [salt water, m]
# name 1 = latitude: Latitude [deg]
# name 2 = longitude: Longitude [deg]
# name 3 = prDM: Pressure, Digiquartz [db]
# name 4 = t090C: Temperature [ITS-90, deg C]
# name 5 = t190C: Temperature, 2 [ITS-90, deg C]
# name 6 = c0mS/cm: Conductivity [mS/cm]
# name 7 = c1mS/cm: Conductivity, 2 [mS/cm]
# name 8 = sal00: Salinity, Practical [PSU]
# name 9 = sal11: Salinity, Practical, 2 [PSU]
# name 10 = sbox0Mm/Kg: Oxygen, SBE 43 [umol/kg]
# name 11 = sbox1Mm/Kg: Oxygen, SBE 43, 2 [umol/kg]
# name 12 = flECO-AFL: Fluorescence, WET Labs ECO-AFL/FL [mg/m^3]
# name 13 = v2: Voltage 2
# name 14 = wetCDOM: Fluorescence, WET Labs CDOM [mg/m^3]
# name 15 = v6: Voltage 6
# name 16 = CStarAt0: Beam Attenuation, WET Labs C-Star [1/m]
# name 17 = v3: Voltage 3
# name 18 = scan: Scan Count
# name 19 = timeM: Time, Elapsed [minutes]
# name 20 = altM: Altimeter [m]
# name 21 = sbeox0V: Oxygen raw, SBE 43 [V]
# name 22 = sbeox1V: Oxygen raw, SBE 43, 2 [V]
# name 23 = nbf: Bottles Fired
# name 24 = flag:  0.000e+00
# interval = seconds: 0.0416667
# start_time = Sep 09 2025 17:34:44 [NMEA time, header]
# bad_flag = -9.990e-29
*END*
[from data line 638]
     39.849   78.50014 -170.10088     40.277    -1.5795    -1.5744  24.692853  24.689834    30.8359    30.8264    349.401    338.299     0.3213     4.6154     0.1001     0.1001     0.0633     0.0379      31610    21.9507      86.74     2.4784     2.1436         14  0.000e+00
     39.849   78.50014 -170.10088     40.277    -1.5798    -1.5751  24.693027  24.689889    30.8364    30.8273    349.618    338.050     0.3213     4.6154     0.1001     0.1001     0.0633     0.0379      31611    21.9514      86.86     2.4796     2.1424         14  0.000e+00
     39.792   78.50014 -170.10088     40.219    -1.5805    -1.5754  24.693493  24.689944    30.8378    30.8277    349.403    338.304     0.3213     4.6154     0.1001     0.1001     0.0633     0.0379      31612    21.9521      86.74     2.4784     2.1436         14  0.000e+00
     39.792   78.50014 -170.10088     40.219    -1.5809    -1.5755  24.693725  24.689944    30.8386    30.8278    349.406    338.559     0.3518     4.6142     0.1001     0.1001     0.0644     0.0391      31613    21.9528      86.67     2.4784     2.1449         14  0.000e+00
     39.849   78.50014 -170.10088     40.277    -1.5815    -1.5757  24.694075  24.689615    30.8396    30.8275    349.412    338.819     0.3213     4.6142     0.1001     0.1001     0.0644     0.0379      31614    21.9535      86.57     2.4784     2.1461         14  0.000e+00
     39.849   78.50014 -170.10088     40.277    -1.5824    -1.5754  24.694715  24.689998    30.8414    30.8277    349.417    338.815     0.3518     4.6142     0.1001     0.1001     0.0644     0.0391      31615    21.9542      86.50     2.4784     2.1461         14  0.000e+00
     39.816   78.50014 -170.10088     40.244    -1.5829    -1.5752  24.694599  24.690217    30.8418    30.8278    349.419    338.811     0.3213     4.6142     0.1001     0.1001     0.0644     0.0379      31616    21.9549      86.40     2.4784     2.1461         14  0.000e+00
     39.792   78.50014 -170.10088     40.219    -1.5829    -1.5745  24.695355  24.690053    30.8428    30.8269    349.415    338.805     0.3213     4.6154     0.1001     0.1001     0.0633     0.0379      31617    21.9556      86.52     2.4784     2.1461         14  0.000e+00
     39.849   78.50014 -170.10088     40.277    -1.5830    -1.5740  24.695704  24.690327    30.8434    30.8267    349.418    338.803     0.3213     4.6142     0.1001     0.1001     0.0644     0.0379      31618    21.9563      86.67     2.4784     2.1461         14  0.000e+00
     39.849   78.50014 -170.10088     40.277    -1.5830    -1.5736  24.695821  24.690436    30.8436    30.8265    349.418    338.545     0.3213     4.6154     0.1001     0.1001     0.0633     0.0379      31619    21.9569      86.98     2.4784     2.1449         14  0.000e+00
     39.849   78.50014 -170.10088     40.277    -1.5821    -1.5737  24.695879  24.690436    30.8427    30.8265    349.625    338.546     0.3213     4.6154     0.1001     0.1001     0.0633     0.0379      31620    21.9576      87.06     2.4796     2.1449         14  0.000e+00
     39.792   78.50014 -170.10088     40.219    -1.5820    -1.5734  24.695588  24.690436    30.8422    30.8263    349.407    338.287     0.3213     4.6154     0.1001     0.1001     0.0633     0.0379      31621    21.9583      86.98     2.4784     2.1436         14  0.000e+00
     39.849   78.50014 -170.10088     40.277    -1.5820    -1.5736  24.695413  24.690600    30.8419    30.8267    349.411    338.291     0.2908     4.6142     0.1001     0.1001     0.0644     0.0366      31622    21.9590      86.91     2.4784     2.1436         14  0.000e+00
     39.849   78.50014 -170.10088     40.277    -1.5826    -1.5734  24.695064  24.690491    30.8421    30.8263    349.632    338.035     0.3213     4.6142     0.1001     0.1001     0.0644     0.0379      31623    21.9597      86.96     2.4796     2.1424         14  0.000e+00
     39.816   78.50014 -170.10088     40.244    -1.5832    -1.5736  24.694889  24.690600    30.8425    30.8267    349.636    338.289     0.3213     4.6154     0.1001     0.1001     0.0633     0.0379      31624    21.9604      87.16     2.4796     2.1436         14  0.000e+00
     39.792   78.50014 -170.10088     40.219    -1.5826    -1.5737  24.694424  24.690491    30.8413    30.8267    349.632    338.543     0.3213     4.6142     0.1001     0.1001     0.0644     0.0379      31625    21.9611      87.01     2.4796     2.1449         14  0.000e+00
     39.849   78.50014 -170.10088     40.277    -1.5804    -1.5732  24.694191  24.690436    30.8386    30.8260    349.618    338.796     0.2908     4.6142     0.1001     0.1001     0.0644     0.0366      31626    21.9618      86.96     2.4796     2.1461         14  0.000e+00
     39.849   78.50014 -170.10088     40.277    -1.5791    -1.5734  24.693784  24.690764    30.8367    30.8267    349.609    338.797     0.3213     4.6154     0.1001     0.1001     0.0633     0.0379      31627    21.9625      87.06     2.4796     2.1461         14  0.000e+00
     39.792   78.50014 -170.10088     40.219    -1.5783    -1.5734  24.693376  24.690764    30.8353    30.8268    349.602    338.540     0.3213     4.6154     0.1026     0.1026     0.0633     0.0379      31628    21.9632      86.91     2.4796     2.1449         14  0.000e+00
     39.849   78.50014 -170.10088     40.277    -1.5778    -1.5736  24.693202  24.690491    30.8346    30.8265    349.601    338.545     0.2908     4.6154     0.1026     0.1026     0.0633     0.0366      31629    21.9639      86.86     2.4796     2.1449         14  0.000e+00
     39.849   78.50014 -170.10088     40.277    -1.5778    -1.5732  24.693085  24.690764    30.8344    30.8265    349.602    338.032     0.3213     4.6154     0.1026     0.1026     0.0633     0.0379      31630    21.9646      87.06     2.4796     2.1424         14  0.000e+00
     39.792   78.50014 -170.10088     40.219    -1.5777    -1.5731  24.692969  24.690545    30.8341    30.8261    349.598    337.776     0.2908     4.6154     0.1026     0.1026     0.0633     0.0366      31631    21.9653      87.11     2.4796     2.1412         14  0.000e+00
     39.882   78.50014 -170.10088     40.311    -1.5768    -1.5730  24.692620  24.690600    30.8327    30.8260    349.597    337.270     0.3213     4.6154     0.1026     0.1026     0.0633     0.0379      31632    21.9660      86.84     2.4796     2.1388         14  0.000e+00
     39.792   78.50014 -170.10088     40.219    -1.5761    -1.5732  24.692678  24.690162    30.8322    30.8257    349.587    336.506     0.3213     4.6142     0.1026     0.1026     0.0644     0.0379      31633    21.9667      86.74     2.4796     2.1351         14  0.000e+00
     39.849   78.50014 -170.10088     40.277    -1.5756    -1.5730  24.692561  24.690162    30.8315    30.8255    349.587    336.762     0.3213     4.6142     0.1026     0.1026     0.0644     0.0379      31634    21.9674      86.74     2.4796     2.1363         14  0.000e+00
     39.849   78.50014 -170.10088     40.277    -1.5754    -1.5733  24.692329  24.690381    30.8309    30.8261    349.586    337.018     0.3213     4.6154     0.1026     0.1026     0.0633     0.0379      31635    21.9681      86.69     2.4796     2.1375         14  0.000e+00
     39.792   78.50014 -170.10088     40.219    -1.5752    -1.5734  24.692212  24.690600    30.8305    30.8265    349.367    337.777     0.2908     4.6154     0.1026     0.1026     0.0633     0.0366      31636    21.9688      86.62     2.4784     2.1412         14  0.000e+00
     39.849   78.50014 -170.10088     40.277    -1.5755    -1.5737  24.692445  24.690327    30.8312    30.8264    349.586    338.038     0.3213     4.6154     0.1026     0.1026     0.0633     0.0379      31637    21.9694      86.64     2.4796     2.1424         14  0.000e+00
     39.849   78.50014 -170.10088     40.277    -1.5760    -1.5742  24.692503  24.690381    30.8317    30.8270    349.590    338.296     0.3213     4.6142     0.1026     0.1026     0.0644     0.0379      31638    21.9701      86.67     2.4796     2.1436         14  0.000e+00
     39.792   78.50014 -170.10088     40.219    -1.5765    -1.5740  24.692503  24.690108    30.8323    30.8265    349.806    338.039     0.3213     4.6154     0.1026     0.1026     0.0633     0.0379      31639    21.9708      87.03     2.4808     2.1424         14  0.000e+00
     39.849   78.50014 -170.10088     40.277    -1.5764    -1.5743  24.692503  24.690327    30.8322    30.8270    349.593    338.297     0.3213     4.6154     0.1026     0.1026     0.0633     0.0379      31640    21.9715      86.69     2.4796     2.1436         14  0.000e+00
     39.816   78.50014 -170.10088     40.244    -1.5761    -1.5740  24.692678  24.690108    30.8322    30.8265    349.589    338.040     0.3213     4.6142     0.1026     0.1026     0.0644     0.0379      31641    21.9722      86.74     2.4796     2.1424         14  0.000e+00
     39.792   78.50014 -170.10088     40.219    -1.5757    -1.5742  24.692794  24.690162    30.8319    30.8267    349.583    338.040     0.3213     4.6154     0.1026     0.1026     0.0633     0.0379      31642    21.9729      86.76     2.4796     2.1424         14  0.000e+00
     39.915   78.50014 -170.10088     40.344    -1.5755    -1.5743  24.692911  24.690053    30.8318    30.8266    349.588    338.046     0.3213     4.6154     0.1026     0.1026     0.0633     0.0379      31643    21.9736      86.67     2.4796     2.1424         14  0.000e+00
     39.792   78.50014 -170.10088     40.219    -1.5752    -1.5745  24.693201  24.689998    30.8319    30.8268    349.578    338.551     0.3213     4.6154     0.1026     0.1026     0.0633     0.0379      31644    21.9743      86.84     2.4796     2.1449         14  0.000e+00
     39.792   78.50014 -170.10088     40.219    -1.5754    -1.5746  24.693027  24.690162    30.8319    30.8272    349.580    338.551     0.2908     4.6142     0.1026     0.1026     0.0644     0.0366      31645    21.9750      87.06     2.4796     2.1449         14  0.000e+00
     39.849   78.50014 -170.10088     40.277    -1.5758    -1.5751  24.692969  24.689834    30.8322    30.8271    349.801    338.559     0.3213     4.6142     0.1026     0.1026     0.0644     0.0379      31646    21.9757      86.84     2.4808     2.1449         14  0.000e+00
     39.849   78.50014 -170.10088     40.277    -1.5762    -1.5753  24.693202  24.689725    30.8330    30.8272    349.589    338.561     0.3213     4.6142     0.1026     0.1026     0.0644     0.0379      31647    21.9764      86.74     2.4796     2.1449         14  0.000e+00
     39.849   78.50014 -170.10088     40.277    -1.5769    -1.5749  24.693376  24.689889    30.8339    30.8271    349.809    338.049     0.3213     4.6154     0.1026     0.1026     0.0633     0.0379      31648    21.9771      87.16     2.4808     2.1424         14  0.000e+00
     39.816   78.50014 -170.10088     40.244    -1.5770    -1.5751  24.693318  24.689998    30.8340    30.8274    349.593    337.794     0.3213     4.6142     0.1026     0.1026     0.0644     0.0379      31649    21.9778      87.35     2.4796     2.1412         14  0.000e+00
     39.792   78.50014 -170.10088     40.219    -1.5766    -1.5747  24.693376  24.690162    30.8336    30.8272    349.803    338.043     0.3213     4.6142     0.1026     0.1026     0.0644     0.0379      31650    21.9785      87.23     2.4808     2.1424         14  0.000e+00
     39.849   78.50014 -170.10088     40.277    -1.5766    -1.5742  24.693434  24.690217    30.8336    30.8268    349.806    338.805     0.3213     4.6154     0.1026     0.1026     0.0633     0.0379      31651    21.9792      86.91     2.4808     2.1461         14  0.000e+00
     39.849   78.50014 -170.10088     40.277    -1.5765    -1.5739  24.693667  24.690381    30.8338    30.8267    349.589    339.056     0.3518     4.6142     0.1026     0.1026     0.0644     0.0391      31652    21.9799      86.74     2.4796     2.1473         14  0.000e+00
     39.792   78.50014 -170.10088     40.219    -1.5761    -1.5741  24.693492  24.690108    30.8333    30.8265    349.799    339.310     0.3213     4.6142     0.1026     0.1026     0.0644     0.0379      31653    21.9806      86.81     2.4808     2.1485         14  0.000e+00
     39.849   78.50014 -170.10088     40.277    -1.5764    -1.5743  24.693493  24.690327    30.8335    30.8271    349.804    339.060     0.3213     4.6142     0.1013     0.1013     0.0644     0.0379      31654    21.9812      86.84     2.4808     2.1473         14  0.000e+00
     39.849   78.50014 -170.10088     40.277    -1.5769    -1.5740  24.693260  24.690108    30.8337    30.8264    349.809    338.550     0.3213     4.6154     0.1001     0.1001     0.0633     0.0379      31655    21.9819      86.84     2.4808     2.1449         14  0.000e+00
     39.792   78.50014 -170.10088     40.219    -1.5770    -1.5740  24.693434  24.690491    30.8341    30.8270    349.806    337.783     0.3213     4.6142     0.0989     0.0989     0.0644     0.0379      31656    21.9826      86.89     2.4808     2.1412         14  0.000e+00
     39.849   78.50014 -170.10086     40.277    -1.5770    -1.5734  24.693609  24.690710    30.8343    30.8266    350.023    337.525     0.3213     4.6142     0.0977     0.0977     0.0644     0.0379      31657    21.9833      87.03     2.4820     2.1400         14  0.000e+00
     39.850   78.50014 -170.10078     40.278    -1.5779    -1.5733  24.694482  24.690108    30.8365    30.8257    350.671    340.069     0.3518     4.6166     0.1013     0.1013     0.0622     0.0391      31809    22.0889      87.03     2.4857     2.1522         15  0.000e+00
     39.850   78.50014 -170.10078     40.278    -1.5778    -1.5734  24.694424  24.690162    30.8363    30.8258    350.456    339.815     0.3518     4.6166     0.1013     0.1013     0.0622     0.0391      31810    22.0896      87.25     2.4845     2.1510         15  0.000e+00
     39.850   78.50014 -170.10078     40.278    -1.5777    -1.5737  24.694307  24.690217    30.8359    30.8263    350.455    340.072     0.3518     4.6166     0.1013     0.1013     0.0622     0.0391      31811    22.0903      87.37     2.4845     2.1522         15  0.000e+00
     39.792   78.50014 -170.10078     40.220    -1.5772    -1.5739  24.694016  24.690217    30.8351    30.8265    350.450    340.071     0.3518     4.6154     0.1013     0.1013     0.0633     0.0391      31812    22.0910      87.69     2.4845     2.1522         15  0.000e+00
     39.850   78.50014 -170.10078     40.278    -1.5773    -1.5740  24.693958  24.690217    30.8351    30.8265    350.453    339.820     0.3518     4.6166     0.1013     0.1013     0.0622     0.0391      31813    22.0917      87.30     2.4845     2.1510         15  0.000e+00
     39.850   78.50014 -170.10078     40.278    -1.5773    -1.5739  24.694016  24.690381    30.8352    30.8267    350.453    339.565     0.3518     4.6166     0.1013     0.1013     0.0622     0.0391      31814    22.0924      87.03     2.4845     2.1497         15  0.000e+00
     39.792   78.50014 -170.10078     40.220    -1.5773    -1.5742  24.694307  24.690272    30.8356    30.8269    350.450    339.310     0.3518     4.6166     0.1013     0.1013     0.0622     0.0391      31815    22.0931      87.23     2.4845     2.1485         15  0.000e+00
     39.882   78.50014 -170.10078     40.311    -1.5773    -1.5743  24.693900  24.690381    30.8350    30.8271    350.885    339.569     0.3518     4.6166     0.1013     0.1013     0.0622     0.0391      31816    22.0938      87.40     2.4869     2.1497         15  0.000e+00
     39.850   78.50014 -170.10078     40.278    -1.5772    -1.5743  24.693900  24.690272    30.8349    30.8269    350.453    339.568     0.3518     4.6154     0.1001     0.1001     0.0633     0.0391      31817    22.0944      87.42     2.4845     2.1497         15  0.000e+00
