Continuous CTD Data/SBE Stage/nabos_13_01avg.cnv
* Sea-Bird SBE 9 Data File:
* FileName = D:\CTD\data\HLY2502\raw\NABOS_13_01.hex
* Software Version Seasave V 7.26.7.110
* Temperature SN = 6954
* Conductivity SN = 2561
* Number of Bytes Per Scan = 37
* Number of Voltage Words = 4
* Number of Scans Averaged by the Deck Unit = 1
* NMEA Latitude = 77 47.47 N
* NMEA Longitude = 174 07.84 W
* NMEA UTC (Time) = Sep 10 2025  11:34:32
* NMEA baud rate = 9600
** Ship: USCG HEALY
** Bot. Depth:  1300
** Cast Number:  01
** Station Name:  NABOS
** Station Number:  13
** Operator:  STARC
# nquan = 25
# nvalues = 1215                        
# units = specified
# name 0 = depSM: Depth [salt water, m]
# name 1 = latitude: Latitude [deg]
# name 2 = longitude: Longitude [deg]
# name 3 = prDM: Pressure, Digiquartz [db]
# name 4 = t090C: Temperature [ITS-90, deg C]
# name 5 = t190C: Temperature, 2 [ITS-90, deg C]
# name 6 = c0mS/cm: Conductivity [mS/cm]
# name 7 = c1mS/cm: Conductivity, 2 [mS/cm]
# name 8 = sal00: Salinity, Practical [PSU]
# name 9 = sal11: Salinity, Practical, 2 [PSU]
# name 10 = sbox0Mm/Kg: Oxygen, SBE 43 [umol/kg]
# name 11 = sbox1Mm/Kg: Oxygen, SBE 43, 2 [umol/kg]
# name 12 = flECO-AFL: Fluorescence, WET Labs ECO-AFL/FL [mg/m^3]
# name 13 = v2: Voltage 2
# name 14 = wetCDOM: Fluorescence, WET Labs CDOM [mg/m^3]
# name 15 = v6: Voltage 6
# name 16 = CStarAt0: Beam Attenuation, WET Labs C-Star [1/m]
# name 17 = v3: Voltage 3
# name 18 = scan: Scan Count
# name 19 = timeM: Time, Elapsed [minutes]
# name 20 = altM: Altimeter [m]
# name 21 = sbeox0V: Oxygen raw, SBE 43 [V]
# name 22 = sbeox1V: Oxygen raw, SBE 43, 2 [V]
# name 23 = nbin: number of scans per bin
# name 24 = flag: flag
# span 0 =      2.967,   1200.704       
# span 1 =   77.79166,   77.79593       
# span 2 = -174.12918, -174.11495       
# span 3 =      3.000,   1217.000       
# span 4 =    -1.6566,     1.0085       
# span 5 =    -1.6574,     1.0085       
# span 6 =  23.323223,  29.937271       
# span 7 =  23.331840,  29.935442       
# span 8 =    28.9298,    34.8915       
# span 9 =    28.9396,    34.8892       
# span 10 =    240.518,    383.870      
# span 11 =    237.134,    372.639      
# span 12 =    -0.1834,     0.5373      
# span 13 =     4.5906,     4.6643      
# span 14 =     0.0715,     0.1157      
# span 15 =     0.0715,     0.1157      
# span 16 =     0.0211,     0.0849      
# span 17 =     0.0177,     0.0465      
# span 18 =       4210,      39335      
# span 19 =     2.9233,    27.3151      
# span 20 =      37.78,     100.38      
# span 21 =     1.8836,     2.6806      
# span 22 =     1.6776,     2.3136      
# span 23 =          1,         26      
# span 24 = 0.0000e+00, 0.0000e+00      
# interval = decibars: 1                
# start_time = Sep 10 2025 11:34:32 [NMEA time, header]
# bad_flag = -9.990e-29
*END*
[from data line 986]
    976.286   77.79504 -174.11794    989.000     0.1384     0.1384  29.508691  29.507062    34.8776    34.8753    291.166    285.427    -0.1654     4.6637     0.0832     0.0832     0.0216     0.0184      32348    22.4629     100.00     2.0793     1.8331         19 0.0000e+00
    977.270   77.79506 -174.11792    990.000     0.1383     0.1383  29.509120  29.507400    34.8776    34.8753    291.084    282.842    -0.1325     4.6639     0.0833     0.0833     0.0214     0.0197      32372    22.4801     100.00     2.0786     1.8211         16 0.0000e+00
    978.255   77.79506 -174.11790    991.000     0.1380     0.1381  29.509253  29.507577    34.8776    34.8753    291.135    290.400    -0.1529     4.6637     0.0829     0.0829     0.0216     0.0189      32398    22.4978     100.00     2.0787     1.8557         18 0.0000e+00
    979.240   77.79506 -174.11790    992.000     0.1377     0.1376  29.509368  29.507712    34.8775    34.8754    291.234    287.159    -0.1674     4.6631     0.0826     0.0826     0.0221     0.0183      32423    22.5151     100.00     2.0790     1.8406         15 0.0000e+00
    980.225   77.79506 -174.11788    993.000     0.1360     0.1359  29.508397  29.506540    34.8776    34.8753    291.205    283.249    -0.1727     4.6630     0.0828     0.0828     0.0222     0.0181      32448    22.5326     100.00     2.0785     1.8223         17 0.0000e+00
    981.210   77.79506 -174.11788    994.000     0.1391     0.1395  29.512410  29.511276    34.8788    34.8769    291.136    280.099    -0.1728     4.6636     0.0835     0.0835     0.0217     0.0181      32473    22.5501     100.00     2.0781     1.8078         16 0.0000e+00
    982.194   77.79506 -174.11786    995.000     0.1409     0.1410  29.514822  29.513216    34.8793    34.8772    291.075    283.363    -0.1380     4.6642     0.0835     0.0835     0.0212     0.0195      32498    22.5677     100.00     2.0777     1.8227         18 0.0000e+00
    983.179   77.79506 -174.11786    996.000     0.1408     0.1408  29.515236  29.513576    34.8795    34.8773    291.099    287.490    -0.1366     4.6634     0.0837     0.0837     0.0218     0.0195      32524    22.5852     100.00     2.0776     1.8416         16 0.0000e+00
    984.164   77.79508 -174.11784    997.000     0.1402     0.1401  29.515100  29.513406    34.8794    34.8773    291.237    285.017    -0.1647     4.6636     0.0846     0.0846     0.0217     0.0184      32549    22.6026     100.00     2.0781     1.8300         17 0.0000e+00
    985.149   77.79508 -174.11784    998.000     0.1393     0.1394  29.514976  29.513127    34.8796    34.8772    291.256    284.761    -0.1347     4.6638     0.0840     0.0840     0.0215     0.0196      32574    22.6201     100.00     2.0780     1.8286         15 0.0000e+00
    986.134   77.79508 -174.11782    999.000     0.1383     0.1383  29.514428  29.512791    34.8795    34.8773    291.247    286.059    -0.1351     4.6635     0.0830     0.0830     0.0218     0.0196      32599    22.6377     100.00     2.0777     1.8343         20 0.0000e+00
    987.119   77.79508 -174.11782   1000.000     0.1368     0.1369  29.513603  29.511873    34.8794    34.8771    291.265    283.266    -0.1572     4.6640     0.0828     0.0828     0.0214     0.0187      32624    22.6551     100.00     2.0775     1.8213         15 0.0000e+00
    988.103   77.79508 -174.11780   1001.000     0.1360     0.1361  29.513303  29.511543    34.8794    34.8770    291.194    284.459    -0.1710     4.6636     0.0833     0.0833     0.0217     0.0181      32649    22.6724     100.00     2.0768     1.8265         15 0.0000e+00
    989.088   77.79509 -174.11779   1002.000     0.1353     0.1353  29.513069  29.511429    34.8794    34.8772    291.141    285.248    -0.1654     4.6635     0.0836     0.0836     0.0218     0.0184      32675    22.6901     100.00     2.0763     1.8300         17 0.0000e+00
    990.073   77.79510 -174.11778   1003.000     0.1336     0.1337  29.512114  29.510443    34.8794    34.8772    291.159    284.452    -0.1395     4.6634     0.0833     0.0833     0.0219     0.0194      32700    22.7074     100.00     2.0761     1.8261         13 0.0000e+00
    991.057   77.79510 -174.11777   1004.000     0.1315     0.1315  29.510667  29.508958    34.8793    34.8771    291.171    289.279    -0.1328     4.6634     0.0829     0.0829     0.0219     0.0197      32725    22.7248     100.00     2.0759     1.8480         16 0.0000e+00
    992.042   77.79510 -174.11776   1005.000     0.1299     0.1300  29.509806  29.508131    34.8794    34.8772    291.173    285.267    -0.1365     4.6633     0.0837     0.0837     0.0219     0.0195      32750    22.7423     100.00     2.0756     1.8293         14 0.0000e+00
    993.027   77.79510 -174.11775   1006.000     0.1276     0.1276  29.508164  29.506443    34.8793    34.8771    290.999    284.939    -0.1626     4.6639     0.0850     0.0850     0.0214     0.0185      32775    22.7597     100.00     2.0743     1.8276         15 0.0000e+00
    994.012   77.79510 -174.11774   1007.000     0.1261     0.1263  29.507218  29.505744    34.8791    34.8770    290.983    284.716    -0.1353     4.6637     0.0828     0.0828     0.0216     0.0196      32800    22.7770     100.00     2.0740     1.8263         10 0.0000e+00
    994.996   77.79510 -174.11773   1008.000     0.1248     0.1248  29.506491  29.504787    34.8792    34.8769    290.977    285.973    -0.1502     4.6632     0.0829     0.0829     0.0220     0.0190      32825    22.7945     100.00     2.0737     1.8319         14 0.0000e+00
    995.981   77.79510 -174.11772   1009.000     0.1215     0.1214  29.504092  29.502172    34.8792    34.8768    291.078    285.278    -0.1729     4.6637     0.0827     0.0827     0.0216     0.0181      32850    22.8120     100.00     2.0739     1.8284         14 0.0000e+00
    996.966   77.79511 -174.11771   1010.000     0.1180     0.1181  29.501439  29.499717    34.8790    34.8766    291.215    284.826    -0.1466     4.6635     0.0835     0.0835     0.0218     0.0191      32876    22.8295     100.00     2.0742     1.8260         14 0.0000e+00
    997.951   77.79512 -174.11770   1011.000     0.1173     0.1174  29.501049  29.499624    34.8788    34.8767    291.278    285.294    -0.1341     4.6630     0.0833     0.0833     0.0222     0.0196      32900    22.8469     100.00     2.0743     1.8279         12 0.0000e+00
    998.935   77.79512 -174.11768   1012.000     0.1167     0.1168  29.501083  29.499366    34.8789    34.8766    291.332    285.281    -0.1328     4.6637     0.0820     0.0820     0.0217     0.0197      32926    22.8644     100.00     2.0744     1.8277         16 0.0000e+00
    999.920   77.79512 -174.11768   1013.000     0.1160     0.1161  29.500856  29.499226    34.8788    34.8765    291.372    284.045    -0.1305     4.6630     0.0833     0.0833     0.0222     0.0198      32951    22.8818     100.00     2.0744     1.8218         15 0.0000e+00
   1000.905   77.79512 -174.11766   1014.000     0.1159     0.1160  29.501174  29.499475    34.8788    34.8764    291.376    285.192    -0.1309     4.6637     0.0845     0.0845     0.0216     0.0197      32976    22.8994     100.00     2.0742     1.8269         16 0.0000e+00
   1001.889   77.79512 -174.11766   1015.000     0.1158     0.1159  29.501619  29.499911    34.8789    34.8765    291.218    285.421    -0.1301     4.6633     0.0833     0.0833     0.0219     0.0198      33001    22.9168     100.00     2.0731     1.8278         14 0.0000e+00
   1002.874   77.79514 -174.11764   1016.000     0.1155     0.1156  29.501728  29.500071    34.8789    34.8765    291.237    284.530    -0.1438     4.6630     0.0827     0.0827     0.0222     0.0192      33027    22.9345     100.00     2.0730     1.8235         15 0.0000e+00
   1003.859   77.79514 -174.11764   1017.000     0.1148     0.1149  29.501492  29.499829    34.8787    34.8764    291.249    286.056    -0.1731     4.6638     0.0833     0.0833     0.0216     0.0181      33052    22.9518     100.00     2.0728     1.8303         16 0.0000e+00
   1004.844   77.79514 -174.11762   1018.000     0.1135     0.1135  29.500749  29.499028    34.8786    34.8764    291.309    285.284    -0.1530     4.6634     0.0817     0.0817     0.0219     0.0189      33077    22.9696     100.00     2.0729     1.8265         20 0.0000e+00
   1005.828   77.79514 -174.11762   1019.000     0.1110     0.1110  29.499028  29.497299    34.8786    34.8764    291.338    281.600    -0.1359     4.6635     0.0836     0.0836     0.0218     0.0195      33102    22.9866     100.00     2.0727     1.8094         14 0.0000e+00
   1006.813   77.79514 -174.11760   1020.000     0.1087     0.1087  29.497473  29.495725    34.8786    34.8763    291.277    285.220    -0.1585     4.6632     0.0847     0.0847     0.0221     0.0186      33127    23.0042     100.00     2.0720     1.8257         15 0.0000e+00
   1007.798   77.79515 -174.11758   1021.000     0.1072     0.1071  29.496614  29.494704    34.8785    34.8762    291.221    283.417    -0.1706     4.6623     0.0828     0.0828     0.0229     0.0182      33152    23.0217     100.00     2.0715     1.8172         16 0.0000e+00
   1008.782   77.79516 -174.11757   1022.000     0.1038     0.1038  29.493992  29.492150    34.8784    34.8760    291.230    284.137    -0.1709     4.6639     0.0836     0.0836     0.0214     0.0182      33177    23.0392     100.00     2.0711     1.8202         16 0.0000e+00
   1009.767   77.79516 -174.11756   1023.000     0.1017     0.1016  29.492435  29.490733    34.8782    34.8760    291.193    284.727    -0.1351     4.6638     0.0837     0.0837     0.0215     0.0196      33203    23.0567     100.00     2.0706     1.8226         15 0.0000e+00
   1010.751   77.79516 -174.11755   1024.000     0.1004     0.1004  29.491757  29.489897    34.8782    34.8757    291.149    285.387    -0.1739     4.6634     0.0837     0.0837     0.0219     0.0180      33228    23.0741     100.00     2.0701     1.8255         17 0.0000e+00
   1011.736   77.79516 -174.11754   1025.000     0.0982     0.0980  29.490267  29.488419    34.8781    34.8759    291.140    284.392    -0.1639     4.6641     0.0832     0.0832     0.0213     0.0184      33252    23.0912     100.00     2.0698     1.8206         11 0.0000e+00
   1012.721   77.79516 -174.11753   1026.000     0.0959     0.0960  29.488568  29.486973    34.8779    34.8758    291.213    284.761    -0.1307     4.6642     0.0839     0.0839     0.0212     0.0197      33278    23.1087     100.00     2.0698     1.8221         14 0.0000e+00
   1013.706   77.79516 -174.11752   1027.000     0.0959     0.0959  29.489040  29.487325    34.8780    34.8758    291.269    286.209    -0.1543     4.6634     0.0843     0.0843     0.0219     0.0188      33303    23.1264     100.00     2.0699     1.8285         14 0.0000e+00
   1014.690   77.79517 -174.11751   1028.000     0.0951     0.0952  29.488897  29.487141    34.8780    34.8757    291.286    285.409    -0.1450     4.6636     0.0831     0.0831     0.0217     0.0192      33328    23.1440     100.00     2.0698     1.8247         15 0.0000e+00
   1015.675   77.79518 -174.11750   1029.000     0.0954     0.0957  29.489626  29.488200    34.8782    34.8759    291.277    283.619    -0.1366     4.6636     0.0839     0.0839     0.0217     0.0195      33353    23.1613     100.00     2.0695     1.8163         15 0.0000e+00
   1016.659   77.79518 -174.11749   1030.000     0.1006     0.1005  29.495332  29.493500    34.8793    34.8770    291.295    286.485    -0.1323     4.6628     0.0849     0.0849     0.0224     0.0197      33379    23.1788     100.00     2.0697     1.8295         14 0.0000e+00
   1017.644   77.79518 -174.11748   1031.000     0.1031     0.1033  29.498631  29.497070    34.8801    34.8779    291.265    284.213    -0.1652     4.6636     0.0839     0.0839     0.0217     0.0184      33404    23.1963     100.00     2.0695     1.8190         12 0.0000e+00
   1018.629   77.79518 -174.11746   1032.000     0.1047     0.1049  29.501128  29.499606    34.8811    34.8788    291.260    284.923    -0.1367     4.6635     0.0836     0.0836     0.0218     0.0195      33429    23.2137     100.00     2.0693     1.8222         13 0.0000e+00
   1019.613   77.79518 -174.11746   1033.000     0.1071     0.1071  29.503755  29.502027    34.8813    34.8789    291.169    287.975    -0.1444     4.6634     0.0837     0.0837     0.0219     0.0192      33454    23.2310     100.00     2.0687     1.8360         12 0.0000e+00
   1020.598   77.79518 -174.11744   1034.000     0.1072     0.1073  29.504364  29.502761    34.8814    34.8791    291.124    285.709    -0.1729     4.6637     0.0840     0.0840     0.0216     0.0181      33479    23.2486     100.00     2.0683     1.8255         15 0.0000e+00
   1021.582   77.79520 -174.11744   1035.000     0.1075     0.1076  29.504980  29.503315    34.8813    34.8790    291.092    283.706    -0.1721     4.6639     0.0831     0.0831     0.0214     0.0181      33504    23.2659     100.00     2.0679     1.8162         12 0.0000e+00
   1022.567   77.79520 -174.11742   1036.000     0.1071     0.1072  29.505088  29.503410    34.8813    34.8790    291.062    284.265    -0.1783     4.6636     0.0834     0.0834     0.0217     0.0179      33529    23.2834     100.00     2.0675     1.8186         14 0.0000e+00
   1023.552   77.79520 -174.11742   1037.000     0.1072     0.1074  29.506037  29.504564    34.8818    34.8796    290.971    285.102    -0.1454     4.6630     0.0830     0.0830     0.0222     0.0192      33554    23.3009     100.00     2.0668     1.8222         15 0.0000e+00
   1024.536   77.79520 -174.11740   1038.000     0.1079     0.1080  29.507375  29.505699    34.8822    34.8799    290.939    283.352    -0.1344     4.6633     0.0833     0.0833     0.0219     0.0196      33580    23.3185     100.00     2.0665     1.8141         15 0.0000e+00
   1025.521   77.79520 -174.11740   1039.000     0.1070     0.1070  29.506942  29.505254    34.8821    34.8799    291.005    284.862    -0.1675     4.6634     0.0848     0.0848     0.0218     0.0183      33605    23.3358     100.00     2.0666     1.8208         14 0.0000e+00
   1026.505   77.79520 -174.11738   1040.000     0.1056     0.1057  29.506248  29.504450    34.8822    34.8798    291.067    284.888    -0.1401     4.6635     0.0852     0.0852     0.0218     0.0194      33630    23.3532     100.00     2.0666     1.8207         16 0.0000e+00
   1027.490   77.79520 -174.11738   1041.000     0.1045     0.1045  29.505561  29.503961    34.8820    34.8799    291.164    285.645    -0.1607     4.6635     0.0833     0.0833     0.0218     0.0186      33655    23.3709     100.00     2.0669     1.8239         20 0.0000e+00
   1028.475   77.79522 -174.11736   1042.000     0.1038     0.1039  29.505473  29.503853    34.8821    34.8799    291.137    285.286    -0.1330     4.6626     0.0847     0.0847     0.0226     0.0197      33680    23.3881     100.00     2.0665     1.8221         14 0.0000e+00
   1029.459   77.79522 -174.11735   1043.000     0.1030     0.1030  29.505243  29.503529    34.8821    34.8798    291.061    285.283    -0.1435     4.6610     0.0828     0.0828     0.0239     0.0192      33705    23.4054     100.00     2.0659     1.8219         13 0.0000e+00
   1030.444   77.79522 -174.11734   1044.000     0.1016     0.1017  29.504510  29.502795    34.8821    34.8798    291.121    285.235    -0.1550     4.6639     0.0827     0.0827     0.0215     0.0188      33731    23.4234     100.00     2.0660     1.8214         19 0.0000e+00
   1031.428   77.79522 -174.11733   1045.000     0.1002     0.1003  29.503645  29.502003    34.8820    34.8798    291.109    284.572    -0.1318     4.6641     0.0839     0.0839     0.0213     0.0197      33756    23.4408     100.00     2.0656     1.8182         17 0.0000e+00
