Continuous CTD Data/SBE Stage/nabos_31_01avg.cnv
* Sea-Bird SBE 9 Data File:
* FileName = D:\CTD\data\HLY2502\raw\NABOS_31_01.hex
* Software Version Seasave V 7.26.7.110
* Temperature SN = 6954
* Conductivity SN = 2561
* Number of Bytes Per Scan = 37
* Number of Voltage Words = 4
* Number of Scans Averaged by the Deck Unit = 1
* NMEA Latitude = 80 11.59 N
* NMEA Longitude = 144 51.86 E
* NMEA UTC (Time) = Sep 23 2025  02:41:26
* NMEA baud rate = 9600
** Ship: USCG HEALY
** Bot. Depth:  1500
** Cast Number:  01
** Station Name:  NABOS
** Station Number:  31
** Operator:  STARC
** Cast to 1200 m
# nquan = 25
# nvalues = 1214                        
# units = specified
# name 0 = depSM: Depth [salt water, m]
# name 1 = latitude: Latitude [deg]
# name 2 = longitude: Longitude [deg]
# name 3 = prDM: Pressure, Digiquartz [db]
# name 4 = t090C: Temperature [ITS-90, deg C]
# name 5 = t190C: Temperature, 2 [ITS-90, deg C]
# name 6 = c0mS/cm: Conductivity [mS/cm]
# name 7 = c1mS/cm: Conductivity, 2 [mS/cm]
# name 8 = sal00: Salinity, Practical [PSU]
# name 9 = sal11: Salinity, Practical, 2 [PSU]
# name 10 = sbox0Mm/Kg: Oxygen, SBE 43 [umol/kg]
# name 11 = sbox1Mm/Kg: Oxygen, SBE 43, 2 [umol/kg]
# name 12 = flECO-AFL: Fluorescence, WET Labs ECO-AFL/FL [mg/m^3]
# name 13 = v2: Voltage 2
# name 14 = wetCDOM: Fluorescence, WET Labs CDOM [mg/m^3]
# name 15 = v6: Voltage 6
# name 16 = CStarAt0: Beam Attenuation, WET Labs C-Star [1/m]
# name 17 = v3: Voltage 3
# name 18 = scan: Scan Count
# name 19 = timeM: Time, Elapsed [minutes]
# name 20 = altM: Altimeter [m]
# name 21 = sbeox0V: Oxygen raw, SBE 43 [V]
# name 22 = sbeox1V: Oxygen raw, SBE 43, 2 [V]
# name 23 = nbin: number of scans per bin
# name 24 = flag: flag
# span 0 =      3.958,   1200.603       
# span 1 =   80.19334,   80.19576       
# span 2 =  144.83472,  144.86160       
# span 3 =      4.000,   1217.000       
# span 4 =    -1.7330,     1.7347       
# span 5 =    -1.7322,     1.7343       
# span 6 =  22.689650,  30.546794       
# span 7 =  22.689308,  30.544700       
# span 8 =    28.0748,    34.8855       
# span 9 =    28.0734,    34.8833       
# span 10 =    290.568,    373.546      
# span 11 =    283.339,    372.956      
# span 12 =    -0.1788,     0.5915      
# span 13 =     4.4835,     4.6301      
# span 14 =     0.0679,     0.1514      
# span 15 =     0.0679,     0.1514      
# span 16 =     0.0505,     0.1794      
# span 17 =     0.0178,     0.0486      
# span 18 =       3336,      38569      
# span 19 =     2.3161,    26.7832      
# span 20 =      75.64,     100.22      
# span 21 =     2.0145,     2.5829      
# span 22 =     1.7917,     2.2816      
# span 23 =         10,         28      
# span 24 = 0.0000e+00, 0.0000e+00      
# interval = decibars: 1                
# start_time = Sep 23 2025 02:41:26 [NMEA time, header]
# bad_flag = -9.990e-29
*END*
[from data line 1102]
   1091.387   80.19554  144.83817   1106.000    -0.2132    -0.2133  29.241523  29.239849    34.8557    34.8536    296.027    293.330    -0.1343     4.6276     0.0866     0.0866     0.0527     0.0196      33829    23.4915     100.00     2.0644     1.8349         13 0.0000e+00
   1092.371   80.19554  144.83815   1107.000    -0.2109    -0.2108  29.244262  29.242713    34.8561    34.8540    295.901    290.226    -0.1343     4.6275     0.0855     0.0855     0.0528     0.0196      33855    23.5097     100.00     2.0636     1.8209         13 0.0000e+00
   1093.355   80.19554  144.83812   1108.000    -0.2091    -0.2092  29.246407  29.244700    34.8563    34.8542    295.957    292.151    -0.1326     4.6274     0.0854     0.0854     0.0529     0.0197      33881    23.5277     100.00     2.0638     1.8294         15 0.0000e+00
   1094.339   80.19554  144.83810   1109.000    -0.2084    -0.2085  29.247549  29.245910    34.8565    34.8545    295.982    297.386    -0.1347     4.6276     0.0841     0.0841     0.0527     0.0196      33906    23.5452     100.00     2.0637     1.8527         16 0.0000e+00
   1095.323   80.19554  144.83808   1110.000    -0.2090    -0.2091  29.247681  29.245925    34.8567    34.8546    295.913    293.821    -0.1322     4.6276     0.0839     0.0839     0.0527     0.0197      33931    23.5623     100.00     2.0632     1.8366         14 0.0000e+00
   1096.307   80.19554  144.83806   1111.000    -0.2092    -0.2094  29.247945  29.246267    34.8568    34.8547    295.885    292.648    -0.1341     4.6276     0.0850     0.0850     0.0527     0.0196      33956    23.5797     100.00     2.0628     1.8311         12 0.0000e+00
   1097.292   80.19554  144.83804   1112.000    -0.2095    -0.2096  29.248376  29.246654    34.8571    34.8549    295.786    289.502    -0.1545     4.6278     0.0853     0.0853     0.0526     0.0188      33982    23.5978     100.00     2.0620     1.8168         16 0.0000e+00
   1098.276   80.19556  144.83802   1113.000    -0.2099    -0.2099  29.248583  29.246898    34.8572    34.8551    295.707    292.140    -0.1405     4.6276     0.0855     0.0855     0.0527     0.0194      34008    23.6162     100.00     2.0614     1.8285         14 0.0000e+00
   1099.260   80.19556  144.83802   1114.000    -0.2086    -0.2086  29.250403  29.248821    34.8576    34.8555    295.609    292.612    -0.1366     4.6276     0.0847     0.0847     0.0527     0.0195      34034    23.6340     100.00     2.0607     1.8305         13 0.0000e+00
   1100.244   80.19556  144.83799   1115.000    -0.2058    -0.2060  29.253541  29.251830    34.8581    34.8560    295.620    292.499    -0.1346     4.6276     0.0840     0.0840     0.0527     0.0196      34060    23.6517     100.00     2.0607     1.8299         15 0.0000e+00
   1101.228   80.19556  144.83797   1116.000    -0.2046    -0.2047  29.255257  29.253629    34.8584    34.8564    295.711    292.584    -0.1325     4.6275     0.0846     0.0846     0.0528     0.0197      34084    23.6690     100.00     2.0610     1.8301         15 0.0000e+00
   1102.212   80.19556  144.83795   1117.000    -0.2041    -0.2043  29.256332  29.254634    34.8587    34.8567    295.746    292.878    -0.1367     4.6276     0.0856     0.0856     0.0527     0.0195      34110    23.6865     100.00     2.0610     1.8313         15 0.0000e+00
   1103.196   80.19556  144.83793   1118.000    -0.2040    -0.2041  29.257082  29.255440    34.8590    34.8570    295.650    293.334    -0.1470     4.6268     0.0864     0.0864     0.0535     0.0191      34135    23.7040     100.00     2.0604     1.8332         12 0.0000e+00
   1104.181   80.19556  144.83791   1119.000    -0.2030    -0.2031  29.258663  29.257131    34.8594    34.8575    295.513    292.807    -0.1510     4.6276     0.0854     0.0854     0.0527     0.0189      34161    23.7225     100.00     2.0594     1.8307         15 0.0000e+00
   1105.165   80.19556  144.83789   1120.000    -0.2023    -0.2025  29.259890  29.258241    34.8597    34.8577    295.447    292.576    -0.1327     4.6271     0.0865     0.0865     0.0531     0.0197      34187    23.7405     100.00     2.0589     1.8295         15 0.0000e+00
   1106.149   80.19556  144.83787   1121.000    -0.2015    -0.2017  29.261300  29.259512    34.8601    34.8579    295.336    292.150    -0.1343     4.6275     0.0853     0.0853     0.0528     0.0196      34213    23.7583     100.00     2.0582     1.8275         13 0.0000e+00
   1107.133   80.19556  144.83785   1122.000    -0.2006    -0.2007  29.262658  29.261095    34.8603    34.8583    295.200    291.791    -0.1346     4.6276     0.0855     0.0855     0.0527     0.0196      34238    23.7757     100.00     2.0573     1.8257         15 0.0000e+00
   1108.117   80.19556  144.83783   1123.000    -0.1989    -0.1990  29.264933  29.263341    34.8608    34.8588    295.063    292.376    -0.1422     4.6274     0.0852     0.0852     0.0529     0.0193      34263    23.7928     100.00     2.0565     1.8282         16 0.0000e+00
   1109.101   80.19556  144.83781   1124.000    -0.1976    -0.1977  29.266715  29.265118    34.8611    34.8591    295.018    292.594    -0.1590     4.6273     0.0855     0.0855     0.0530     0.0186      34288    23.8102     100.00     2.0561     1.8291         16 0.0000e+00
   1110.086   80.19556  144.83780   1125.000    -0.1956    -0.1957  29.269320  29.267748    34.8617    34.8598    294.966    292.196    -0.1341     4.6275     0.0855     0.0855     0.0528     0.0196      34313    23.8280     100.00     2.0557     1.8272         10 0.0000e+00
   1111.070   80.19556  144.83778   1126.000    -0.1949    -0.1950  29.270425  29.268836    34.8618    34.8599    294.965    292.337    -0.1545     4.6278     0.0855     0.0855     0.0526     0.0188      34340    23.8467     100.00     2.0555     1.8277         14 0.0000e+00
   1112.054   80.19556  144.83776   1127.000    -0.1943    -0.1945  29.271641  29.269936    34.8622    34.8601    294.759    291.960    -0.1709     4.6273     0.0844     0.0844     0.0530     0.0182      34367    23.8650     100.00     2.0543     1.8259         15 0.0000e+00
   1113.038   80.19556  144.83774   1128.000    -0.1942    -0.1943  29.272221  29.270495    34.8621    34.8600    294.592    291.954    -0.1691     4.6275     0.0847     0.0847     0.0528     0.0182      34392    23.8825     100.00     2.0531     1.8257         15 0.0000e+00
   1114.022   80.19556  144.83772   1129.000    -0.1936    -0.1937  29.273312  29.271633    34.8624    34.8603    294.421    292.034    -0.1717     4.6269     0.0854     0.0854     0.0533     0.0181      34416    23.8996     100.00     2.0521     1.8259         14 0.0000e+00
   1115.006   80.19558  144.83770   1130.000    -0.1926    -0.1925  29.274765  29.273336    34.8626    34.8606    294.312    292.182    -0.1673     4.6270     0.0847     0.0847     0.0533     0.0183      34441    23.9168     100.00     2.0513     1.8265         19 0.0000e+00
   1115.990   80.19558  144.83767   1131.000    -0.1914    -0.1917  29.276413  29.274728    34.8629    34.8610    294.287    291.956    -0.1606     4.6268     0.0847     0.0847     0.0534     0.0186      34467    23.9347     100.00     2.0511     1.8253         14 0.0000e+00
   1116.974   80.19558  144.83765   1132.000    -0.1900    -0.1901  29.278439  29.276818    34.8634    34.8614    294.216    291.692    -0.1331     4.6259     0.0869     0.0869     0.0542     0.0197      34493    23.9530     100.00     2.0506     1.8240         14 0.0000e+00
   1117.958   80.19558  144.83763   1133.000    -0.1904    -0.1906  29.278519  29.277005    34.8634    34.8616    294.255    291.302    -0.1545     4.6275     0.0872     0.0872     0.0528     0.0188      34520    23.9715     100.00     2.0505     1.8221         18 0.0000e+00
   1118.942   80.19558  144.83762   1134.000    -0.1908    -0.1909  29.278854  29.277290    34.8638    34.8618    294.157    291.759    -0.1738     4.6276     0.0853     0.0853     0.0527     0.0180      34546    23.9893     100.00     2.0498     1.8239         18 0.0000e+00
   1119.926   80.19558  144.83761   1135.000    -0.1892    -0.1893  29.280954  29.279459    34.8641    34.8623    294.016    291.479    -0.1713     4.6276     0.0854     0.0854     0.0527     0.0181      34570    24.0065     100.00     2.0489     1.8226         14 0.0000e+00
   1120.910   80.19558  144.83759   1136.000    -0.1883    -0.1884  29.282419  29.280803    34.8644    34.8624    293.985    291.081    -0.1759     4.6274     0.0842     0.0842     0.0529     0.0180      34595    24.0237     100.00     2.0486     1.8206         17 0.0000e+00
   1121.894   80.19558  144.83757   1137.000    -0.1872    -0.1873  29.284058  29.282558    34.8649    34.8629    293.938    291.677    -0.1758     4.6266     0.0864     0.0864     0.0536     0.0180      34620    24.0408     100.00     2.0482     1.8232         14 0.0000e+00
   1122.878   80.19558  144.83755   1138.000    -0.1868    -0.1869  29.285015  29.283392    34.8650    34.8630    293.942    291.418    -0.1361     4.6275     0.0855     0.0855     0.0527     0.0195      34646    24.0589     100.00     2.0481     1.8219         18 0.0000e+00
   1123.862   80.19558  144.83752   1139.000    -0.1864    -0.1865  29.285945  29.284343    34.8653    34.8633    293.986    291.280    -0.1351     4.6272     0.0843     0.0843     0.0531     0.0196      34672    24.0773     100.00     2.0481     1.8212         20 0.0000e+00
   1124.846   80.19558  144.83750   1140.000    -0.1857    -0.1858  29.287267  29.285719    34.8656    34.8637    294.018    291.317    -0.1308     4.6272     0.0854     0.0854     0.0530     0.0197      34698    24.0955     100.00     2.0481     1.8212         16 0.0000e+00
   1125.830   80.19558  144.83748   1141.000    -0.1855    -0.1856  29.288078  29.286472    34.8659    34.8639    293.957    290.907    -0.1454     4.6272     0.0858     0.0858     0.0531     0.0192      34724    24.1134     100.00     2.0476     1.8192         18 0.0000e+00
   1126.814   80.19558  144.83746   1142.000    -0.1849    -0.1850  29.289231  29.287626    34.8662    34.8642    293.906    291.056    -0.1696     4.6263     0.0862     0.0862     0.0539     0.0182      34749    24.1308     100.00     2.0471     1.8197         16 0.0000e+00
   1127.799   80.19558  144.83744   1143.000    -0.1844    -0.1845  29.290272  29.288636    34.8664    34.8644    293.803    291.257    -0.1370     4.6262     0.0865     0.0865     0.0539     0.0195      34774    24.1477     100.00     2.0464     1.8204         14 0.0000e+00
   1128.782   80.19558  144.83742   1144.000    -0.1838    -0.1839  29.291437  29.289767    34.8667    34.8646    293.695    290.909    -0.1328     4.6275     0.0867     0.0867     0.0528     0.0197      34799    24.1654     100.00     2.0457     1.8187         16 0.0000e+00
   1129.766   80.19558  144.83742   1145.000    -0.1832    -0.1834  29.292460  29.290863    34.8668    34.8649    293.732    290.788    -0.1330     4.6273     0.0865     0.0865     0.0530     0.0197      34825    24.1833     100.00     2.0457     1.8180         17 0.0000e+00
   1130.751   80.19558  144.83739   1146.000    -0.1837    -0.1838  29.293007  29.291291    34.8676    34.8654    293.727    290.564    -0.1399     4.6273     0.0862     0.0862     0.0530     0.0194      34851    24.2016     100.00     2.0455     1.8169         18 0.0000e+00
   1131.734   80.19559  144.83737   1147.000    -0.1835    -0.1837  29.293776  29.292163    34.8678    34.8659    293.582    290.616    -0.1725     4.6275     0.0855     0.0855     0.0528     0.0181      34877    24.2196     100.00     2.0445     1.8169         19 0.0000e+00
   1132.718   80.19560  144.83735   1148.000    -0.1832    -0.1833  29.294673  29.292987    34.8680    34.8660    293.373    291.236    -0.1691     4.6274     0.0863     0.0863     0.0528     0.0182      34902    24.2369     100.00     2.0432     1.8195         15 0.0000e+00
   1133.703   80.19560  144.83733   1149.000    -0.1832    -0.1833  29.295418  29.293744    34.8684    34.8663    293.281    290.777    -0.1494     4.6267     0.0854     0.0854     0.0536     0.0190      34928    24.2547     100.00     2.0425     1.8173         19 0.0000e+00
   1134.687   80.19560  144.83731   1150.000    -0.1824    -0.1825  29.296638  29.295071    34.8686    34.8667    293.350    291.059    -0.1575     4.6269     0.0853     0.0853     0.0533     0.0187      34953    24.2721     100.00     2.0427     1.8184         16 0.0000e+00
   1135.671   80.19560  144.83729   1151.000    -0.1818    -0.1820  29.297733  29.296199    34.8689    34.8670    293.461    291.025    -0.1459     4.6266     0.0854     0.0854     0.0536     0.0191      34978    24.2897     100.00     2.0431     1.8181         18 0.0000e+00
   1136.654   80.19560  144.83727   1152.000    -0.1810    -0.1812  29.299127  29.297566    34.8692    34.8674    293.680    291.598    -0.1337     4.6277     0.0854     0.0854     0.0526     0.0196      35004    24.3074     100.00     2.0441     1.8205         16 0.0000e+00
   1137.638   80.19560  144.83725   1153.000    -0.1800    -0.1801  29.300833  29.299161    34.8698    34.8677    293.787    290.931    -0.1704     4.6276     0.0867     0.0867     0.0527     0.0182      35030    24.3255     100.00     2.0445     1.8175         15 0.0000e+00
   1138.622   80.19560  144.83723   1154.000    -0.1795    -0.1796  29.301954  29.300319    34.8701    34.8681    293.785    291.221    -0.1294     4.6265     0.0866     0.0866     0.0537     0.0198      35056    24.3436     100.00     2.0443     1.8186         18 0.0000e+00
   1139.606   80.19560  144.83720   1155.000    -0.1790    -0.1792  29.302921  29.301317    34.8703    34.8683    293.680    290.861    -0.1332     4.6265     0.0856     0.0856     0.0537     0.0196      35081    24.3614     100.00     2.0436     1.8169         18 0.0000e+00
   1140.590   80.19560  144.83718   1156.000    -0.1789    -0.1791  29.303609  29.302003    34.8704    34.8685    293.488    290.598    -0.1291     4.6271     0.0845     0.0845     0.0531     0.0198      35107    24.3788     100.00     2.0424     1.8155         16 0.0000e+00
   1141.574   80.19560  144.83716   1157.000    -0.1786    -0.1788  29.304547  29.302841    34.8708    34.8687    293.312    290.707    -0.1339     4.6272     0.0840     0.0840     0.0531     0.0196      35132    24.3963     100.00     2.0412     1.8158         12 0.0000e+00
   1142.558   80.19560  144.83716   1158.000    -0.1775    -0.1776  29.306425  29.304774    34.8714    34.8694    293.237    290.620    -0.1341     4.6266     0.0848     0.0848     0.0536     0.0196      35157    24.4139     100.00     2.0407     1.8153         12 0.0000e+00
   1143.542   80.19560  144.83714   1159.000    -0.1773    -0.1774  29.307115  29.305599    34.8716    34.8697    293.212    290.955    -0.1662     4.6264     0.0853     0.0853     0.0538     0.0183      35183    24.4320     100.00     2.0404     1.8167         15 0.0000e+00
   1144.526   80.19560  144.83712   1160.000    -0.1768    -0.1770  29.308051  29.306525    34.8717    34.8699    293.224    290.508    -0.1393     4.6264     0.0858     0.0858     0.0538     0.0194      35209    24.4499     100.00     2.0403     1.8145         14 0.0000e+00
   1145.510   80.19560  144.83710   1161.000    -0.1767    -0.1769  29.308850  29.307304    34.8721    34.8702    293.210    290.394    -0.1365     4.6263     0.0860     0.0860     0.0539     0.0195      35234    24.4676     100.00     2.0400     1.8138         14 0.0000e+00
   1146.494   80.19560  144.83707   1162.000    -0.1760    -0.1760  29.310081  29.308632    34.8723    34.8704    293.101    290.504    -0.1345     4.6260     0.0851     0.0851     0.0541     0.0196      35260    24.4853     100.00     2.0393     1.8142         14 0.0000e+00
