Continuous CTD Data/SBE Stage/nabos_21_02avg.cnv
* Sea-Bird SBE 9 Data File:
* FileName = D:\CTD\data\HLY2502\raw\NABOS_21_02.hex
* Software Version Seasave V 7.26.7.110
* Temperature SN = 6954
* Conductivity SN = 2561
* Number of Bytes Per Scan = 37
* Number of Voltage Words = 4
* Number of Scans Averaged by the Deck Unit = 1
* NMEA Latitude = 78 57.26 N
* NMEA Longitude = 173 33.57 E
* NMEA UTC (Time) = Sep 18 2025  15:43:10
* NMEA baud rate = 9600
** Ship: USCG HEALY
** Bot. Depth:  2477
** Cast Number:  02
** Station Name:  NABOS
** Station Number:  21
** Operator:  STARC
# nquan = 25
# nvalues = 2552                        
# units = specified
# name 0 = depSM: Depth [salt water, m]
# name 1 = latitude: Latitude [deg]
# name 2 = longitude: Longitude [deg]
# name 3 = prDM: Pressure, Digiquartz [db]
# name 4 = t090C: Temperature [ITS-90, deg C]
# name 5 = t190C: Temperature, 2 [ITS-90, deg C]
# name 6 = c0mS/cm: Conductivity [mS/cm]
# name 7 = c1mS/cm: Conductivity, 2 [mS/cm]
# name 8 = sal00: Salinity, Practical [PSU]
# name 9 = sal11: Salinity, Practical, 2 [PSU]
# name 10 = sbox0Mm/Kg: Oxygen, SBE 43 [umol/kg]
# name 11 = sbox1Mm/Kg: Oxygen, SBE 43, 2 [umol/kg]
# name 12 = flECO-AFL: Fluorescence, WET Labs ECO-AFL/FL [mg/m^3]
# name 13 = v2: Voltage 2
# name 14 = wetCDOM: Fluorescence, WET Labs CDOM [mg/m^3]
# name 15 = v6: Voltage 6
# name 16 = CStarAt0: Beam Attenuation, WET Labs C-Star [1/m]
# name 17 = v3: Voltage 3
# name 18 = scan: Scan Count
# name 19 = timeM: Time, Elapsed [minutes]
# name 20 = altM: Altimeter [m]
# name 21 = sbeox0V: Oxygen raw, SBE 43 [V]
# name 22 = sbeox1V: Oxygen raw, SBE 43, 2 [V]
# name 23 = nbin: number of scans per bin
# name 24 = flag: flag
# span 0 =      2.968,   2511.791       
# span 1 =   78.95465,   78.96322       
# span 2 =  173.56018,  173.58307       
# span 3 =      3.000,   2554.000       
# span 4 =    -1.7468,     0.9251       
# span 5 =    -1.7465,     0.9251       
# span 6 =  24.753723,  29.864341       
# span 7 =  24.752656,  29.862636       
# span 8 =    31.0697,    34.9521       
# span 9 =    31.0677,    34.9501       
# span 10 =    266.563,    373.750      
# span 11 =    229.510,    363.474      
# span 12 =    -0.1897,     0.4675      
# span 13 =     4.5671,     4.6773      
# span 14 =     0.0794,     0.1077      
# span 15 =     0.0794,     0.1077      
# span 16 =     0.0100,     0.1054      
# span 17 =     0.0174,     0.0437      
# span 18 =       2258,      77929      
# span 19 =     1.5671,    54.1167      
# span 20 =      10.05,     100.00      
# span 21 =     1.6596,     2.6417      
# span 22 =     1.4900,     2.2856      
# span 23 =          2,         33      
# span 24 = 0.0000e+00, 0.0000e+00      
# interval = decibars: 1                
# start_time = Sep 18 2025 15:43:10 [NMEA time, header]
# bad_flag = -9.990e-29
*END*
[from data line 290]
    289.705   78.95614  173.56404    293.000     0.8968     0.8970  29.794440  29.792702    34.8023    34.7999    290.039    284.369    -0.1332     4.6728     0.0826     0.0826     0.0138     0.0196      14334     9.9538     100.00     2.2622     1.9849         16 0.0000e+00
    290.692   78.95614  173.56405    294.000     0.9023     0.9023  29.800830  29.799178    34.8039    34.8017    289.697    284.619    -0.1622     4.6717     0.0815     0.0815     0.0148     0.0185      14361     9.9724     100.00     2.2602     1.9862         15 0.0000e+00
    291.680   78.95615  173.56406    295.000     0.9058     0.9059  29.805200  29.803437    34.8051    34.8027    289.583    283.383    -0.1371     4.6722     0.0819     0.0819     0.0144     0.0195      14387     9.9905     100.00     2.2595     1.9798         12 0.0000e+00
    292.668   78.95616  173.56406    296.000     0.9067     0.9066  29.806523  29.804664    34.8052    34.8029    289.766    284.370    -0.1632     4.6724     0.0820     0.0820     0.0142     0.0185      14414    10.0092     100.00     2.2604     1.9848         15 0.0000e+00
    293.657   78.95616  173.56408    297.000     0.9060     0.9059  29.806472  29.804583    34.8054    34.8030    290.092    283.705    -0.1314     4.6727     0.0803     0.0803     0.0139     0.0197      14441    10.0275     100.00     2.2621     1.9811         12 0.0000e+00
    294.645   78.95616  173.56408    298.000     0.9067     0.9068  29.807722  29.805941    34.8055    34.8031    290.340    284.937    -0.1323     4.6731     0.0809     0.0809     0.0136     0.0197      14467    10.0457     100.00     2.2634     1.9873         14 0.0000e+00
    295.633   78.95616  173.56410    299.000     0.9072     0.9072  29.808684  29.806884    34.8056    34.8033    290.525    284.923    -0.1320     4.6728     0.0826     0.0826     0.0138     0.0197      14494    10.0645     100.00     2.2644     1.9871         20 0.0000e+00
    296.621   78.95616  173.56410    300.000     0.9080     0.9080  29.810027  29.808200    34.8059    34.8035    290.490    285.460    -0.1332     4.6733     0.0816     0.0816     0.0134     0.0196      14520    10.0828     100.00     2.2640     1.9897         18 0.0000e+00
    297.609   78.95618  173.56410    301.000     0.9085     0.9086  29.811094  29.809277    34.8061    34.8037    290.522    285.227    -0.1688     4.6727     0.0826     0.0826     0.0139     0.0182      14547    10.1011     100.00     2.2640     1.9883         18 0.0000e+00
    298.597   78.95618  173.56412    302.000     0.9100     0.9100  29.812892  29.811145    34.8062    34.8039    290.482    285.017    -0.1654     4.6729     0.0815     0.0815     0.0137     0.0184      14573    10.1194     100.00     2.2636     1.9871         18 0.0000e+00
    299.585   78.95618  173.56413    303.000     0.9105     0.9105  29.813951  29.812081    34.8064    34.8040    290.569    285.476    -0.1329     4.6731     0.0828     0.0828     0.0135     0.0197      14599    10.1377     100.00     2.2639     1.9893         16 0.0000e+00
    300.573   78.95618  173.56414    304.000     0.9111     0.9111  29.815070  29.813219    34.8066    34.8043    290.783    284.950    -0.1536     4.6736     0.0828     0.0828     0.0131     0.0188      14626    10.1560     100.00     2.2650     1.9864         15 0.0000e+00
    301.561   78.95618  173.56414    305.000     0.9122     0.9123  29.816688  29.814988    34.8068    34.8046    291.023    285.314    -0.1660     4.6730     0.0813     0.0813     0.0136     0.0183      14652    10.1746     100.00     2.2663     1.9882         18 0.0000e+00
    302.549   78.95618  173.56415    306.000     0.9141     0.9140  29.818968  29.817194    34.8071    34.8049    290.970    285.548    -0.1408     4.6727     0.0815     0.0815     0.0139     0.0193      14679    10.1930     100.00     2.2658     1.9892         20 0.0000e+00
    303.537   78.95620  173.56416    307.000     0.9140     0.9140  29.819373  29.817596    34.8072    34.8048    290.790    285.812    -0.1668     4.6728     0.0827     0.0827     0.0138     0.0183      14705    10.2114     100.00     2.2645     1.9904         17 0.0000e+00
    304.525   78.95620  173.56418    308.000     0.9144     0.9144  29.820209  29.818459    34.8072    34.8049    290.750    286.085    -0.1724     4.6727     0.0826     0.0826     0.0139     0.0181      14732    10.2296     100.00     2.2640     1.9916         18 0.0000e+00
    305.513   78.95620  173.56418    309.000     0.9160     0.9160  29.822258  29.820395    34.8075    34.8051    290.776    284.763    -0.1673     4.6729     0.0828     0.0828     0.0137     0.0183      14759    10.2484     100.00     2.2641     1.9847         17 0.0000e+00
    306.501   78.95620  173.56418    310.000     0.9166     0.9166  29.823272  29.821404    34.8075    34.8051    290.787    284.921    -0.1694     4.6728     0.0815     0.0815     0.0138     0.0182      14785    10.2668     100.00     2.2639     1.9854         13 0.0000e+00
    307.488   78.95620  173.56420    311.000     0.9180     0.9179  29.825237  29.823290    34.8079    34.8055    290.578    284.525    -0.1753     4.6728     0.0827     0.0827     0.0138     0.0180      14813    10.2858     100.00     2.2625     1.9832         19 0.0000e+00
    308.477   78.95620  173.56420    312.000     0.9176     0.9176  29.825341  29.823516    34.8079    34.8055    290.568    284.784    -0.1692     4.6729     0.0827     0.0827     0.0138     0.0182      14839    10.3045     100.00     2.2622     1.9843         19 0.0000e+00
    309.464   78.95621  173.56421    313.000     0.9163     0.9162  29.824639  29.822726    34.8078    34.8055    290.559    284.595    -0.1401     4.6737     0.0828     0.0828     0.0131     0.0194      14866    10.3232     100.00     2.2619     1.9831         20 0.0000e+00
    310.453   78.95622  173.56422    314.000     0.9141     0.9139  29.823067  29.821235    34.8077    34.8056    290.466    284.671    -0.1749     4.6738     0.0818     0.0818     0.0129     0.0180      14893    10.3417     100.00     2.2609     1.9832         21 0.0000e+00
    311.440   78.95622  173.56423    315.000     0.9108     0.9107  29.820834  29.818883    34.8079    34.8055    290.330    284.708    -0.1780     4.6734     0.0816     0.0816     0.0133     0.0179      14919    10.3600     100.00     2.2597     1.9831         14 0.0000e+00
    312.428   78.95622  173.56424    316.000     0.9078     0.9078  29.818759  29.816718    34.8080    34.8054    290.380    285.084    -0.1476     4.6728     0.0814     0.0814     0.0138     0.0191      14946    10.3787     100.00     2.2596     1.9847         17 0.0000e+00
    313.416   78.95622  173.56424    317.000     0.9055     0.9054  29.817144  29.815085    34.8078    34.8053    290.484    284.793    -0.1362     4.6735     0.0824     0.0824     0.0132     0.0195      14973    10.3972     100.00     2.2599     1.9829         13 0.0000e+00
    314.404   78.95622  173.56426    318.000     0.9033     0.9033  29.815595  29.813704    34.8077    34.8053    290.636    284.120    -0.1416     4.6735     0.0826     0.0826     0.0132     0.0193      15000    10.4162     100.00     2.2604     1.9791         18 0.0000e+00
    315.392   78.95623  173.56426    319.000     0.9029     0.9029  29.815841  29.813961    34.8079    34.8055    290.856    284.253    -0.1549     4.6730     0.0828     0.0828     0.0136     0.0188      15027    10.4350     100.00     2.2616     1.9796         24 0.0000e+00
    316.380   78.95624  173.56426    320.000     0.9029     0.9029  29.816268  29.814443    34.8079    34.8055    290.919    284.849    -0.1307     4.6734     0.0813     0.0813     0.0133     0.0197      15054    10.4535     100.00     2.2617     1.9825         16 0.0000e+00
    317.368   78.95624  173.56428    321.000     0.9042     0.9041  29.818086  29.816158    34.8083    34.8058    290.713    285.073    -0.1593     4.6731     0.0806     0.0806     0.0135     0.0186      15080    10.4719     100.00     2.2603     1.9835         15 0.0000e+00
    318.356   78.95624  173.56428    322.000     0.9065     0.9064  29.821049  29.819155    34.8089    34.8066    290.618    285.285    -0.1691     4.6728     0.0818     0.0818     0.0138     0.0182      15107    10.4905     100.00     2.2596     1.9845         17 0.0000e+00
    319.344   78.95624  173.56429    323.000     0.9031     0.9030  29.819427  29.817488    34.8100    34.8076    290.582    284.909    -0.1712     4.6730     0.0828     0.0828     0.0137     0.0181      15134    10.5090     100.00     2.2590     1.9822         15 0.0000e+00
    320.332   78.95624  173.56430    324.000     0.9025     0.9026  29.819852  29.818062    34.8106    34.8082    290.454    285.009    -0.1622     4.6734     0.0815     0.0815     0.0133     0.0185      15161    10.5280     100.00     2.2580     1.9825         19 0.0000e+00
    321.320   78.95626  173.56432    325.000     0.9026     0.9026  29.820456  29.818527    34.8107    34.8082    290.732    285.129    -0.1449     4.6733     0.0804     0.0804     0.0133     0.0192      15188    10.5464     100.00     2.2594     1.9830         13 0.0000e+00
    322.307   78.95626  173.56432    326.000     0.8994     0.8993  29.817986  29.816156    34.8105    34.8083    290.991    285.321    -0.1704     4.6730     0.0812     0.0812     0.0136     0.0182      15214    10.5649     100.00     2.2606     1.9837         15 0.0000e+00
    323.295   78.95626  173.56432    327.000     0.8973     0.8973  29.816650  29.814752    34.8106    34.8081    291.211    285.882    -0.1739     4.6734     0.0814     0.0814     0.0133     0.0180      15241    10.5837     100.00     2.2616     1.9862         18 0.0000e+00
    324.283   78.95626  173.56434    328.000     0.8948     0.8946  29.814849  29.812857    34.8103    34.8081    291.512    285.982    -0.1372     4.6738     0.0816     0.0816     0.0130     0.0195      15268    10.6022     100.00     2.2631     1.9865         15 0.0000e+00
    325.271   78.95626  173.56434    329.000     0.8906     0.8905  29.811637  29.809708    34.8104    34.8080    291.736    286.901    -0.1728     4.6731     0.0812     0.0812     0.0135     0.0181      15295    10.6208     100.00     2.2639     1.9908         15 0.0000e+00
    326.259   78.95626  173.56435    330.000     0.8868     0.8867  29.808702  29.806838    34.8102    34.8080    291.927    286.209    -0.1737     4.6729     0.0816     0.0816     0.0137     0.0180      15322    10.6395     100.00     2.2647     1.9869         14 0.0000e+00
    327.247   78.95627  173.56436    331.000     0.8828     0.8826  29.805556  29.803619    34.8101    34.8078    292.036    286.485    -0.1747     4.6731     0.0824     0.0824     0.0135     0.0180      15349    10.6581     100.00     2.2649     1.9879         16 0.0000e+00
    328.235   78.95628  173.56437    332.000     0.8812     0.8811  29.804721  29.802810    34.8102    34.8078    292.193    286.711    -0.1435     4.6727     0.0811     0.0811     0.0139     0.0192      15376    10.6769     100.00     2.2656     1.9888         15 0.0000e+00
    329.223   78.95628  173.56438    333.000     0.8802     0.8803  29.804279  29.802400    34.8101    34.8076    292.413    286.959    -0.1674     4.6719     0.0806     0.0806     0.0146     0.0183      15402    10.6954     100.00     2.2666     1.9899         15 0.0000e+00
    330.210   78.95628  173.56438    334.000     0.8800     0.8800  29.804448  29.802487    34.8099    34.8075    292.421    287.176    -0.1318     4.6726     0.0806     0.0806     0.0139     0.0197      15429    10.7140     100.00     2.2664     1.9908         14 0.0000e+00
    331.198   78.95628  173.56440    335.000     0.8789     0.8785  29.803900  29.801601    34.8100    34.8074    292.553    288.425    -0.1445     4.6726     0.0809     0.0809     0.0140     0.0192      15456    10.7329     100.00     2.2669     1.9969         16 0.0000e+00
    332.186   78.95628  173.56440    336.000     0.8772     0.8770  29.802693  29.800850    34.8096    34.8075    292.550    287.711    -0.1777     4.6720     0.0822     0.0822     0.0145     0.0179      15483    10.7515     100.00     2.2666     1.9930         14 0.0000e+00
    333.174   78.95629  173.56441    337.000     0.8762     0.8761  29.802327  29.800371    34.8097    34.8073    292.614    287.453    -0.1692     4.6727     0.0828     0.0828     0.0139     0.0182      15510    10.7701     100.00     2.2667     1.9915         14 0.0000e+00
    334.162   78.95630  173.56442    338.000     0.8762     0.8762  29.802754  29.800831    34.8097    34.8072    292.738    287.427    -0.1714     4.6730     0.0827     0.0827     0.0137     0.0181      15537    10.7889     100.00     2.2672     1.9911         14 0.0000e+00
    335.150   78.95630  173.56443    339.000     0.8761     0.8761  29.803036  29.801129    34.8096    34.8071    292.944    286.905    -0.1393     4.6727     0.0824     0.0824     0.0139     0.0194      15564    10.8073     100.00     2.2682     1.9883         12 0.0000e+00
    336.138   78.95630  173.56444    340.000     0.8761     0.8760  29.803497  29.801596    34.8096    34.8072    292.961    287.087    -0.1469     4.6727     0.0815     0.0815     0.0139     0.0191      15591    10.8260     100.00     2.2681     1.9890         15 0.0000e+00
    337.125   78.95630  173.56444    341.000     0.8762     0.8762  29.804006  29.802093    34.8096    34.8071    292.918    287.791    -0.1773     4.6732     0.0817     0.0817     0.0135     0.0179      15617    10.8448     100.00     2.2676     1.9924         15 0.0000e+00
    338.113   78.95630  173.56446    342.000     0.8827     0.8832  29.812040  29.810677    34.8121    34.8098    292.757    287.826    -0.1506     4.6731     0.0815     0.0815     0.0136     0.0189      15644    10.8633     100.00     2.2667     1.9927         14 0.0000e+00
    339.101   78.95630  173.56446    343.000     0.8943     0.8947  29.825602  29.824228    34.8161    34.8138    292.722    288.092    -0.1648     4.6729     0.0809     0.0809     0.0137     0.0184      15671    10.8819     100.00     2.2670     1.9944         15 0.0000e+00
    340.089   78.95632  173.56448    344.000     0.9010     0.9009  29.833880  29.832037    34.8187    34.8164    292.644    287.788    -0.1713     4.6732     0.0827     0.0827     0.0135     0.0181      15698    10.9004     100.00     2.2666     1.9930         15 0.0000e+00
    341.077   78.95632  173.56448    345.000     0.9116     0.9122  29.847343  29.846057    34.8237    34.8213    292.222    287.241    -0.1718     4.6729     0.0817     0.0817     0.0137     0.0181      15724    10.9186     100.00     2.2645     1.9905         13 0.0000e+00
    342.064   78.95632  173.56449    346.000     0.9237     0.9237  29.859961  29.858170    34.8258    34.8235    291.762    286.232    -0.1578     4.6727     0.0815     0.0815     0.0139     0.0187      15751    10.9373     100.00     2.2621     1.9857         15 0.0000e+00
    343.052   78.95632  173.56450    347.000     0.9248     0.9247  29.861659  29.859814    34.8262    34.8239    291.381    285.885    -0.1549     4.6730     0.0808     0.0808     0.0137     0.0188      15778    10.9559     100.00     2.2596     1.9837         15 0.0000e+00
    344.040   78.95632  173.56451    348.000     0.9249     0.9248  29.862365  29.860463    34.8264    34.8241    290.895    286.046    -0.1425     4.6727     0.0817     0.0817     0.0139     0.0193      15805    10.9748     100.00     2.2564     1.9844         15 0.0000e+00
    345.028   78.95632  173.56452    349.000     0.9249     0.9248  29.862815  29.860955    34.8264    34.8240    290.411    285.489    -0.1658     4.6726     0.0817     0.0817     0.0140     0.0183      15831    10.9934     100.00     2.2533     1.9813         15 0.0000e+00
