Continuous CTD Data/SBE Stage/nabos_03_02.cnv
* Sea-Bird SBE 9 Data File:
* FileName = D:\CTD\data\HLY2502\raw\NABOS_03_02.hex
* Software Version Seasave V 7.26.7.110
* Temperature SN = 6954
* Conductivity SN = 2561
* Number of Bytes Per Scan = 37
* Number of Voltage Words = 4
* Number of Scans Averaged by the Deck Unit = 1
* NMEA Latitude = 74 27.63 N
* NMEA Longitude = 169 54.47 E
* NMEA UTC (Time) = Sep 13 2025  07:50:08
* NMEA baud rate = 9600
** Ship: USCG HEALY
** Bot. Depth:  56
** Cast Number:  02
** Station Name:  NABOS
** Station Number:  03
** Operator:  STARC
** Target 46 m, bottles 24 leaked and 4 spigot leaked on cast 1
# nquan = 24
# nvalues = 15249                       
# units = specified
# name 0 = depSM: Depth [salt water, m]
# name 1 = latitude: Latitude [deg]
# name 2 = longitude: Longitude [deg]
# name 3 = prDM: Pressure, Digiquartz [db]
# name 4 = t090C: Temperature [ITS-90, deg C]
# name 5 = t190C: Temperature, 2 [ITS-90, deg C]
# name 6 = c0mS/cm: Conductivity [mS/cm]
# name 7 = c1mS/cm: Conductivity, 2 [mS/cm]
# name 8 = sal00: Salinity, Practical [PSU]
# name 9 = sal11: Salinity, Practical, 2 [PSU]
# name 10 = sbox0Mm/Kg: Oxygen, SBE 43 [umol/kg]
# name 11 = sbox1Mm/Kg: Oxygen, SBE 43, 2 [umol/kg]
# name 12 = flECO-AFL: Fluorescence, WET Labs ECO-AFL/FL [mg/m^3]
# name 13 = v2: Voltage 2
# name 14 = wetCDOM: Fluorescence, WET Labs CDOM [mg/m^3]
# name 15 = v6: Voltage 6
# name 16 = CStarAt0: Beam Attenuation, WET Labs C-Star [1/m]
# name 17 = v3: Voltage 3
# name 18 = scan: Scan Count
# name 19 = timeM: Time, Elapsed [minutes]
# name 20 = altM: Altimeter [m]
# name 21 = sbeox0V: Oxygen raw, SBE 43 [V]
# name 22 = sbeox1V: Oxygen raw, SBE 43, 2 [V]
# name 23 = flag:  0.000e+00
# span 0 =      4.135,     46.534       
# span 1 =   74.46046,   74.46058       
# span 2 =  169.90776,  169.91602       
# span 3 =      4.178,     47.026       
# span 4 =    -1.4896,    -1.0509       
# span 5 =    -1.4895,    -1.0630       
# span 6 =  22.132618,  26.600107       
# span 7 =  22.129395,  26.598907       
# span 8 =    27.1404,    33.1049       
# span 9 =    27.1393,    33.1026       
# span 10 =    178.516,    375.763      
# span 11 =    175.244,    366.708      
# span 12 =     0.0771,     2.6717      
# span 13 =     4.4383,     4.6325      
# span 14 =     0.0977,     0.1343      
# span 15 =     0.0977,     0.1343      
# span 16 =     0.0485,     0.2199      
# span 17 =     0.0281,     0.1319      
# span 18 =          1,      15249      
# span 19 =     0.0000,    10.5889      
# span 20 =       0.00,      54.73      
# span 21 =     1.5285,     2.6289      
# span 22 =     1.3783,     2.2809      
# span 23 = 0.0000e+00, 0.0000e+00      
# interval = seconds: 0.0416667
# start_time = Sep 13 2025 07:50:08 [NMEA time, header]
# bad_flag = -9.990e-29
*END*
[from data line 9419]
     29.054   74.46052  169.91166     29.361    -1.3746    -1.3756  23.787123  23.787000    29.4009    29.4017    362.793    351.141     0.2908     4.6276     0.1099     0.1099     0.0527     0.0366       9420     6.5410      17.73     2.5471     2.1991 -9.990e-29
     29.087   74.46052  169.91166     29.394    -1.3746    -1.3759  23.787582  23.786730    29.4015    29.4016    362.578    351.146     0.2908     4.6264     0.1087     0.1087     0.0538     0.0366       9421     6.5417      18.56     2.5458     2.1991 -9.990e-29
     29.030   74.46052  169.91166     29.336    -1.3746    -1.3758  23.787008  23.786622    29.4007    29.4014    362.577    350.888     0.2602     4.6276     0.1087     0.1087     0.0527     0.0354       9422     6.5424      18.95     2.5458     2.1979 -9.990e-29
     28.972   74.46052  169.91166     29.278    -1.3746    -1.3757  23.787123  23.787000    29.4009    29.4019    362.574    350.883     0.2908     4.6300     0.1087     0.1087     0.0506     0.0366       9423     6.5431      18.75     2.5458     2.1979 0.0000e+00
     29.030   74.46052  169.91166     29.336    -1.3746    -1.3759  23.787065  23.786892    29.4008    29.4018    362.577    350.632     0.2908     4.6313     0.1087     0.1087     0.0496     0.0366       9424     6.5438      18.97     2.5458     2.1966 -9.990e-29
     29.030   74.46052  169.91166     29.336    -1.3748    -1.3757  23.787352  23.786838    29.4014    29.4016    362.793    350.631     0.2602     4.6313     0.1087     0.1087     0.0496     0.0354       9425     6.5444      19.68     2.5471     2.1966 -9.990e-29
     28.972   74.46052  169.91166     29.278    -1.3748    -1.3757  23.787295  23.787054    29.4013    29.4020    362.574    350.883     0.1687     4.6300     0.1087     0.1087     0.0506     0.0317       9426     6.5451      20.24     2.5458     2.1979 -9.990e-29
     28.972   74.46052  169.91166     29.278    -1.3747    -1.3754  23.787238  23.786892    29.4011    29.4014    362.574    350.881     0.1687     4.6313     0.1099     0.1099     0.0496     0.0317       9427     6.5458      20.34     2.5458     2.1979 -9.990e-29
     28.972   74.46052  169.91166     29.278    -1.3748    -1.3755  23.787238  23.786838    29.4012    29.4014    362.574    351.137     0.1687     4.6313     0.1099     0.1099     0.0496     0.0317       9428     6.5465      20.15     2.5458     2.1991 -9.990e-29
     28.972   74.46052  169.91166     29.278    -1.3746    -1.3756  23.787237  23.786838    29.4011    29.4015    362.573    351.137     0.1381     4.6313     0.1099     0.1099     0.0496     0.0305       9429     6.5472      20.12     2.5458     2.1991 -9.990e-29
     28.972   74.46052  169.91166     29.278    -1.3748    -1.3753  23.787410  23.786676    29.4015    29.4010    362.574    350.880     0.1687     4.6300     0.1099     0.1099     0.0506     0.0317       9430     6.5479      20.15     2.5458     2.1979 -9.990e-29
     28.931   74.46052  169.91166     29.236    -1.3746    -1.3754  23.787123  23.786621    29.4009    29.4010    362.572    350.880     0.1687     4.6300     0.1099     0.1099     0.0506     0.0317       9431     6.5486      20.22     2.5458     2.1979 0.0000e+00
     28.972   74.46052  169.91166     29.278    -1.3750    -1.3754  23.787180  23.786784    29.4014    29.4012    362.577    350.881     0.1687     4.6313     0.1099     0.1099     0.0496     0.0317       9432     6.5493      20.51     2.5458     2.1979 -9.990e-29
     28.907   74.46052  169.91166     29.211    -1.3748    -1.3753  23.787410  23.786675    29.4015    29.4010    362.571    351.133     0.1687     4.6313     0.1099     0.1099     0.0496     0.0317       9433     6.5500      20.54     2.5458     2.1991 0.0000e+00
     28.907   74.46052  169.91168     29.211    -1.3749    -1.3752  23.787123  23.786243    29.4013    29.4004    362.573    351.389     0.1687     4.6313     0.1099     0.1099     0.0496     0.0317       9434     6.5507      20.51     2.5458     2.2003 -9.990e-29
     28.907   74.46052  169.91168     29.211    -1.3749    -1.3754  23.787524  23.786513    29.4018    29.4009    362.787    351.389     0.1687     4.6313     0.1099     0.1099     0.0496     0.0317       9435     6.5514      20.63     2.5471     2.2003 -9.990e-29
     28.972   74.46052  169.91168     29.278    -1.3748    -1.3750  23.787525  23.786784    29.4017    29.4008    362.574    351.388     0.1687     4.6313     0.1099     0.1099     0.0496     0.0317       9436     6.5521      20.59     2.5458     2.2003 -9.990e-29
     28.907   74.46052  169.91168     29.211    -1.3749    -1.3753  23.787123  23.786297    29.4013    29.4005    362.573    351.389     0.1687     4.6313     0.1099     0.1099     0.0496     0.0317       9437     6.5528      20.95     2.5458     2.2003 -9.990e-29
     28.907   74.46052  169.91168     29.211    -1.3746    -1.3751  23.786835  23.786459    29.4006    29.4005    362.571    351.642     0.1687     4.6313     0.1099     0.1099     0.0496     0.0317       9438     6.5535      20.83     2.5458     2.2015 -9.990e-29
     28.849   74.46052  169.91168     29.153    -1.3749    -1.3753  23.786950  23.786297    29.4011    29.4005    362.786    351.897     0.1687     4.6313     0.1099     0.1099     0.0496     0.0317       9439     6.5542      20.63     2.5471     2.2027 0.0000e+00
     28.907   74.46052  169.91168     29.211    -1.3748    -1.3753  23.786835  23.786351    29.4007    29.4006    362.788    351.900     0.1687     4.6313     0.1099     0.1099     0.0496     0.0317       9440     6.5549      20.73     2.5471     2.2027 -9.990e-29
     28.874   74.46052  169.91168     29.178    -1.3748    -1.3750  23.787122  23.786189    29.4011    29.4001    362.786    351.896     0.1687     4.6313     0.1099     0.1099     0.0496     0.0317       9441     6.5556      20.83     2.5471     2.2027 -9.990e-29
     28.907   74.46052  169.91168     29.211    -1.3748    -1.3751  23.786893  23.786297    29.4008    29.4003    362.788    351.898     0.1687     4.6300     0.1099     0.1099     0.0506     0.0317       9442     6.5563      20.54     2.5471     2.2027 -9.990e-29
     28.849   74.46052  169.91168     29.153    -1.3749    -1.3750  23.787295  23.786189    29.4016    29.4001    362.785    351.895     0.1687     4.6300     0.1099     0.1099     0.0506     0.0317       9443     6.5569      20.73     2.5471     2.2027 -9.990e-29
     28.849   74.46052  169.91168     29.153    -1.3748    -1.3748  23.787295  23.786189    29.4014    29.3999    362.784    351.638     0.1687     4.6300     0.1099     0.1099     0.0506     0.0317       9444     6.5576      21.10     2.5471     2.2015 -9.990e-29
     28.849   74.46052  169.91168     29.153    -1.3748    -1.3748  23.787410  23.786135    29.4016    29.3998    362.784    351.383     0.1687     4.6300     0.1099     0.1099     0.0506     0.0317       9445     6.5583      21.12     2.5471     2.2003 -9.990e-29
     28.907   74.46052  169.91168     29.211    -1.3748    -1.3750  23.787639  23.786135    29.4018    29.4000    362.570    351.388     0.1381     4.6300     0.1099     0.1099     0.0506     0.0305       9446     6.5590      20.76     2.5458     2.2003 -9.990e-29
     28.849   74.46052  169.91168     29.153    -1.3749    -1.3750  23.787524  23.786297    29.4019    29.4002    362.784    351.129     0.1687     4.6300     0.1099     0.1099     0.0506     0.0317       9447     6.5597      21.07     2.5471     2.1991 -9.990e-29
     28.849   74.46052  169.91168     29.153    -1.3748    -1.3750  23.787467  23.786243    29.4016    29.4002    362.567    351.129     0.1381     4.6288     0.1099     0.1099     0.0517     0.0305       9448     6.5604      21.76     2.5458     2.1991 -9.990e-29
     28.849   74.46052  169.91168     29.153    -1.3750    -1.3750  23.787295  23.786135    29.4017    29.4000    362.570    350.874     0.1687     4.6300     0.1099     0.1099     0.0506     0.0317       9449     6.5611      22.00     2.5458     2.1979 -9.990e-29
     28.849   74.46052  169.91168     29.153    -1.3746    -1.3750  23.787409  23.786297    29.4014    29.4002    362.566    350.874     0.1687     4.6300     0.1099     0.1099     0.0506     0.0317       9450     6.5618      21.88     2.5458     2.1979 -9.990e-29
     28.874   74.46052  169.91168     29.178    -1.3746    -1.3748  23.787122  23.786189    29.4010    29.3999    362.784    350.874     0.1687     4.6300     0.1099     0.1099     0.0506     0.0317       9451     6.5625      22.17     2.5471     2.1979 -9.990e-29
     28.849   74.46052  169.91168     29.153    -1.3743    -1.3747  23.787180  23.785973    29.4008    29.3996    362.781    351.128     0.1687     4.6300     0.1087     0.1087     0.0506     0.0317       9452     6.5632      22.20     2.5471     2.1991 -9.990e-29
     28.792   74.46052  169.91168     29.095    -1.3743    -1.3744  23.787237  23.785757    29.4009    29.3989    362.562    351.378     0.1687     4.6300     0.1087     0.1087     0.0506     0.0317       9453     6.5639      22.20     2.5458     2.2003 0.0000e+00
     28.849   74.46052  169.91168     29.153    -1.3745    -1.3742  23.787237  23.785865    29.4011    29.3989    362.782    351.124     0.1687     4.6300     0.1099     0.1099     0.0506     0.0317       9454     6.5646      21.88     2.5471     2.1991 -9.990e-29
     28.849   74.46052  169.91168     29.153    -1.3743    -1.3738  23.786893  23.785757    29.4004    29.3983    362.566    351.121     0.1687     4.6300     0.1111     0.1111     0.0506     0.0317       9455     6.5653      21.37     2.5458     2.1991 -9.990e-29
     28.849   74.46052  169.91168     29.153    -1.3743    -1.3738  23.786950  23.785703    29.4005    29.3982    362.781    350.866     0.1687     4.6300     0.1111     0.1111     0.0506     0.0317       9456     6.5660      21.17     2.5471     2.1979 -9.990e-29
     28.849   74.46052  169.91168     29.153    -1.3744    -1.3738  23.787008  23.785865    29.4007    29.3985    362.566    350.866     0.1687     4.6300     0.1111     0.1111     0.0506     0.0317       9457     6.5667      21.03     2.5458     2.1979 -9.990e-29
     28.792   74.46052  169.91170     29.095    -1.3744    -1.3738  23.787007  23.785757    29.4007    29.3983    362.564    350.863     0.1687     4.6300     0.1111     0.1111     0.0506     0.0317       9458     6.5674      20.95     2.5458     2.1979 -9.990e-29
     28.849   74.46052  169.91170     29.153    -1.3740    -1.3735  23.787007  23.785865    29.4002    29.3982    362.563    350.864     0.1687     4.6300     0.1111     0.1111     0.0506     0.0317       9459     6.5681      20.90     2.5458     2.1979 -9.990e-29
     28.849   74.46052  169.91170     29.153    -1.3742    -1.3735  23.787352  23.785919    29.4009    29.3982    362.778    350.608     0.1687     4.6300     0.1111     0.1111     0.0506     0.0317       9460     6.5687      20.90     2.5471     2.1966 -9.990e-29
     28.808   74.46052  169.91170     29.112    -1.3742    -1.3731  23.787295  23.785919    29.4008    29.3979    362.777    350.603     0.1687     4.6300     0.1111     0.1111     0.0506     0.0317       9461     6.5694      21.22     2.5471     2.1966 -9.990e-29
     28.792   74.46052  169.91170     29.095    -1.3744    -1.3730  23.787409  23.786297    29.4012    29.3983    362.778    350.600     0.1687     4.6300     0.1111     0.1111     0.0506     0.0317       9462     6.5701      21.61     2.5471     2.1966 -9.990e-29
     28.849   74.46052  169.91170     29.153    -1.3745    -1.3728  23.787295  23.786405    29.4012    29.3982    362.782    350.856     0.1687     4.6313     0.1111     0.1111     0.0496     0.0317       9463     6.5708      21.51     2.5471     2.1979 -9.990e-29
     28.849   74.46052  169.91170     29.153    -1.3746    -1.3727  23.787065  23.786567    29.4009    29.3983    362.783    350.854     0.1687     4.6313     0.1111     0.1111     0.0496     0.0317       9464     6.5715      21.05     2.5471     2.1979 -9.990e-29
     28.792   74.46052  169.91170     29.095    -1.3746    -1.3726  23.787180  23.785973    29.4011    29.3975    362.564    351.108     0.1687     4.6325     0.1111     0.1111     0.0485     0.0317       9465     6.5722      20.88     2.5458     2.1991 -9.990e-29
     28.849   74.46052  169.91170     29.153    -1.3746    -1.3725  23.787582  23.786243    29.4016    29.3977    362.781    351.109     0.1687     4.6325     0.1111     0.1111     0.0485     0.0317       9466     6.5729      20.85     2.5471     2.1991 -9.990e-29
     28.792   74.46052  169.91170     29.095    -1.3746    -1.3722  23.787352  23.786189    29.4013    29.3974    362.564    351.104     0.1687     4.6325     0.1111     0.1111     0.0485     0.0317       9467     6.5736      20.83     2.5458     2.1991 -9.990e-29
     28.849   74.46052  169.91170     29.153    -1.3748    -1.3719  23.787582  23.786297    29.4018    29.3972    362.783    351.104     0.1687     4.6325     0.1111     0.1111     0.0485     0.0317       9468     6.5743      20.85     2.5471     2.1991 -9.990e-29
     28.792   74.46052  169.91170     29.095    -1.3744    -1.3719  23.787696  23.786243    29.4016    29.3972    362.777    351.102     0.1687     4.6325     0.1111     0.1111     0.0485     0.0317       9469     6.5750      20.44     2.5471     2.1991 -9.990e-29
     28.808   74.46052  169.91170     29.112    -1.3749    -1.3719  23.787524  23.785973    29.4019    29.3968    362.782    351.103     0.1687     4.6325     0.1111     0.1111     0.0485     0.0317       9470     6.5757      20.12     2.5471     2.1991 -9.990e-29
     28.792   74.46052  169.91170     29.095    -1.3749    -1.3718  23.787295  23.786081    29.4016    29.3968    362.567    351.101     0.1687     4.6325     0.1111     0.1111     0.0485     0.0317       9471     6.5764      20.32     2.5458     2.1991 -9.990e-29
     28.849   74.46052  169.91170     29.153    -1.3748    -1.3718  23.787410  23.785973    29.4016    29.3967    362.568    350.849     0.1687     4.6313     0.1111     0.1111     0.0496     0.0317       9472     6.5771      20.59     2.5458     2.1979 -9.990e-29
     28.792   74.46052  169.91170     29.095    -1.3750    -1.3716  23.787122  23.785919    29.4015    29.3964    362.784    350.590     0.1687     4.6325     0.1111     0.1111     0.0485     0.0317       9473     6.5778      20.85     2.5471     2.1966 -9.990e-29
     28.792   74.46052  169.91170     29.095    -1.3749    -1.3718  23.787352  23.786135    29.4017    29.3969    362.782    350.080     0.1687     4.6325     0.1111     0.1111     0.0485     0.0317       9474     6.5785      20.44     2.5471     2.1942 -9.990e-29
     28.792   74.46052  169.91170     29.095    -1.3750    -1.3721  23.787295  23.785973    29.4017    29.3970    362.783    349.828     0.1687     4.6325     0.1111     0.1111     0.0485     0.0317       9475     6.5792      20.20     2.5471     2.1930 -9.990e-29
     28.849   74.46052  169.91170     29.153    -1.3754    -1.3722  23.787237  23.785757    29.4019    29.3968    362.789    349.833     0.1687     4.6325     0.1111     0.1111     0.0485     0.0317       9476     6.5799      20.02     2.5471     2.1930 -9.990e-29
     28.792   74.46052  169.91170     29.095    -1.3750    -1.3721  23.787409  23.786027    29.4018    29.3971    362.567    350.083     0.1381     4.6325     0.1111     0.1111     0.0485     0.0305       9477     6.5806      19.98     2.5458     2.1942 -9.990e-29
     28.792   74.46052  169.91170     29.095    -1.3752    -1.3723  23.787639  23.786189    29.4023    29.3974    362.783    350.339     0.1687     4.6325     0.1111     0.1111     0.0485     0.0317       9478     6.5812      19.93     2.5471     2.1954 -9.990e-29
     28.792   74.46052  169.91170     29.095    -1.3752    -1.3724  23.787524  23.786135    29.4022    29.3975    362.568    350.596     0.1687     4.6325     0.1111     0.1111     0.0485     0.0317       9479     6.5819      19.78     2.5458     2.1966 -9.990e-29
