Continuous CTD Data/SBE Stage/nabos_43_01avg.cnv
* Sea-Bird SBE 9 Data File:
* FileName = D:\CTD\data\HLY2502\raw\NABOS_43_01.hex
* Software Version Seasave V 7.26.7.110
* Temperature SN = 6954
* Conductivity SN = 2561
* Number of Bytes Per Scan = 37
* Number of Voltage Words = 4
* Number of Scans Averaged by the Deck Unit = 1
* NMEA Latitude = 80 49.12 N
* NMEA Longitude = 126 07.68 E
* NMEA UTC (Time) = Sep 28 2025  01:28:20
* NMEA baud rate = 9600
** Ship: USCG HEALY
** Bot. Depth:  3796
** Cast Number:  01
** Station Name:  NABOS
** Station Number:  42
** Operator:  STARC
# nquan = 25
# nvalues = 1214                        
# units = specified
# name 0 = depSM: Depth [salt water, m]
# name 1 = latitude: Latitude [deg]
# name 2 = longitude: Longitude [deg]
# name 3 = prDM: Pressure, Digiquartz [db]
# name 4 = t090C: Temperature [ITS-90, deg C]
# name 5 = t190C: Temperature, 2 [ITS-90, deg C]
# name 6 = c0mS/cm: Conductivity [mS/cm]
# name 7 = c1mS/cm: Conductivity, 2 [mS/cm]
# name 8 = sal00: Salinity, Practical [PSU]
# name 9 = sal11: Salinity, Practical, 2 [PSU]
# name 10 = sbox0Mm/Kg: Oxygen, SBE 43 [umol/kg]
# name 11 = sbox1Mm/Kg: Oxygen, SBE 43, 2 [umol/kg]
# name 12 = flECO-AFL: Fluorescence, WET Labs ECO-AFL/FL [mg/m^3]
# name 13 = v2: Voltage 2
# name 14 = wetCDOM: Fluorescence, WET Labs CDOM [mg/m^3]
# name 15 = v6: Voltage 6
# name 16 = CStarAt0: Beam Attenuation, WET Labs C-Star [1/m]
# name 17 = v3: Voltage 3
# name 18 = scan: Scan Count
# name 19 = timeM: Time, Elapsed [minutes]
# name 20 = altM: Altimeter [m]
# name 21 = sbeox0V: Oxygen raw, SBE 43 [V]
# name 22 = sbeox1V: Oxygen raw, SBE 43, 2 [V]
# name 23 = nbin: number of scans per bin
# name 24 = flag: flag
# span 0 =      3.958,   1200.581       
# span 1 =   80.81874,   80.81997       
# span 2 =  126.12950,  126.15184       
# span 3 =      4.000,   1217.000       
# span 4 =    -1.8260,     1.6673       
# span 5 =    -1.8259,     1.6670       
# span 6 =  23.165564,  30.501294       
# span 7 =  23.186026,  30.498894       
# span 8 =    28.7558,    34.9081       
# span 9 =    28.7822,    34.9052       
# span 10 =    287.955,    380.084      
# span 11 =    281.377,    372.974      
# span 12 =    -0.1802,     0.3221      
# span 13 =     4.5550,     4.6337      
# span 14 =     0.0681,     0.1236      
# span 15 =     0.0681,     0.1236      
# span 16 =     0.0474,     0.1161      
# span 17 =     0.0178,     0.0379      
# span 18 =       2877,      46355      
# span 19 =     1.9974,    32.1903      
# span 20 =     100.00,     100.00      
# span 21 =     1.9924,     2.6848      
# span 22 =     1.7585,     2.3321      
# span 23 =          9,         29      
# span 24 = 0.0000e+00, 0.0000e+00      
# interval = decibars: 1                
# start_time = Sep 28 2025 01:28:20 [NMEA time, header]
# bad_flag = -9.990e-29
*END*
[from data line 870]
    862.913   80.81944  126.14195    874.000    -0.1979    -0.1980  29.166756  29.164440    34.8731    34.8701    291.767    288.380    -0.1364     4.6314     0.0834     0.0834     0.0495     0.0195      27077    18.8029     100.00     2.0908     1.8536         16 0.0000e+00
    863.898   80.81944  126.14196    875.000    -0.2002    -0.2001  29.165216  29.163014    34.8731    34.8701    291.809    288.282    -0.1306     4.6314     0.0832     0.0832     0.0495     0.0198      27102    18.8204     100.00     2.0907     1.8529         15 0.0000e+00
    864.884   80.81944  126.14197    876.000    -0.2033    -0.2032  29.162829  29.160667    34.8728    34.8699    291.888    287.407    -0.1321     4.6314     0.0856     0.0856     0.0495     0.0197      27128    18.8381     100.00     2.0908     1.8486         20 0.0000e+00
    865.869   80.81944  126.14200    877.000    -0.2065    -0.2067  29.160398  29.158034    34.8727    34.8697    291.851    288.168    -0.1619     4.6314     0.0845     0.0845     0.0495     0.0185      27153    18.8556     100.00     2.0903     1.8518         15 0.0000e+00
    866.854   80.81944  126.14200    878.000    -0.2101    -0.2102  29.157845  29.155404    34.8727    34.8696    291.752    288.330    -0.1264     4.6313     0.0844     0.0844     0.0496     0.0199      27178    18.8729     100.00     2.0893     1.8522         14 0.0000e+00
    867.839   80.81944  126.14202    879.000    -0.2117    -0.2118  29.156795  29.154402    34.8726    34.8696    291.899    288.321    -0.1652     4.6320     0.0845     0.0845     0.0490     0.0184      27204    18.8907     100.00     2.0899     1.8519         20 0.0000e+00
    868.825   80.81944  126.14202    880.000    -0.2093    -0.2102  29.159359  29.156234    34.8727    34.8696    291.939    287.826    -0.1730     4.6320     0.0844     0.0844     0.0490     0.0181      27229    18.9083     100.00     2.0900     1.8495         21 0.0000e+00
    869.810   80.81944  126.14204    881.000    -0.2106    -0.2107  29.158662  29.156292    34.8727    34.8697    291.923    288.350    -0.1687     4.6315     0.0844     0.0844     0.0494     0.0182      27254    18.9258     100.00     2.0896     1.8518         19 0.0000e+00
    870.795   80.81944  126.14206    882.000    -0.2113    -0.2114  29.158454  29.156060    34.8727    34.8696    291.935    288.089    -0.1702     4.6316     0.0839     0.0839     0.0493     0.0182      27279    18.9434     100.00     2.0894     1.8504         19 0.0000e+00
    871.780   80.81944  126.14206    883.000    -0.2118    -0.2120  29.158434  29.156004    34.8726    34.8696    291.866    288.108    -0.1444     4.6322     0.0840     0.0840     0.0488     0.0192      27305    18.9609     100.00     2.0888     1.8502         17 0.0000e+00
    872.765   80.81944  126.14208    884.000    -0.2122    -0.2122  29.158420  29.156220    34.8725    34.8695    291.787    288.429    -0.1350     4.6322     0.0839     0.0839     0.0488     0.0196      27330    18.9785     100.00     2.0881     1.8515         20 0.0000e+00
    873.750   80.81945  126.14209    885.000    -0.2123    -0.2124  29.158704  29.156420    34.8724    34.8695    291.698    288.102    -0.1631     4.6319     0.0827     0.0827     0.0490     0.0185      27355    18.9959     100.00     2.0874     1.8498         17 0.0000e+00
    874.736   80.81946  126.14210    886.000    -0.2128    -0.2128  29.158814  29.156502    34.8725    34.8694    291.701    288.215    -0.1339     4.6320     0.0835     0.0835     0.0490     0.0196      27380    19.0135     100.00     2.0872     1.8502         17 0.0000e+00
    875.721   80.81946  126.14211    887.000    -0.2133    -0.2131  29.158710  29.156725    34.8724    34.8695    291.592    288.383    -0.1386     4.6316     0.0842     0.0842     0.0493     0.0194      27406    19.0309     100.00     2.0864     1.8507         15 0.0000e+00
    876.706   80.81946  126.14213    888.000    -0.2145    -0.2146  29.158190  29.155809    34.8724    34.8694    291.656    288.291    -0.1696     4.6319     0.0834     0.0834     0.0491     0.0182      27431    19.0484     100.00     2.0865     1.8501         15 0.0000e+00
    877.691   80.81946  126.14214    889.000    -0.2199    -0.2209  29.153733  29.150544    34.8720    34.8690    291.694    288.483    -0.1688     4.6315     0.0844     0.0844     0.0494     0.0182      27456    19.0660     100.00     2.0862     1.8505         18 0.0000e+00
    878.677   80.81946  126.14215    890.000    -0.2174    -0.2176  29.157030  29.154699    34.8730    34.8701    291.772    288.294    -0.1513     4.6324     0.0837     0.0837     0.0486     0.0189      27481    19.0834     100.00     2.0865     1.8496         15 0.0000e+00
    879.662   80.81946  126.14216    891.000    -0.1975    -0.1973  29.176574  29.174806    34.8758    34.8731    291.612    287.734    -0.1582     4.6316     0.0844     0.0844     0.0493     0.0186      27507    19.1011     100.00     2.0865     1.8477         17 0.0000e+00
    880.647   80.81946  126.14217    892.000    -0.1810    -0.1809  29.193112  29.191025    34.8784    34.8755    291.543    288.215    -0.1437     4.6317     0.0844     0.0844     0.0493     0.0192      27532    19.1185     100.00     2.0867     1.8504         17 0.0000e+00
    881.632   80.81946  126.14219    893.000    -0.1804    -0.1805  29.194156  29.191985    34.8785    34.8757    291.501    288.362    -0.1644     4.6317     0.0837     0.0837     0.0493     0.0184      27557    19.1359     100.00     2.0863     1.8510         16 0.0000e+00
    882.617   80.81946  126.14220    894.000    -0.1803    -0.1803  29.194847  29.192653    34.8787    34.8758    291.437    287.880    -0.1342     4.6319     0.0840     0.0840     0.0490     0.0196      27582    19.1536     100.00     2.0857     1.8486         16 0.0000e+00
    883.603   80.81946  126.14221    895.000    -0.1799    -0.1802  29.195794  29.193264    34.8790    34.8759    291.284    287.931    -0.1670     4.6316     0.0836     0.0836     0.0494     0.0183      27608    19.1713     100.00     2.0846     1.8486         17 0.0000e+00
    884.588   80.81946  126.14222    896.000    -0.1834    -0.1833  29.193208  29.191021    34.8789    34.8759    291.165    288.112    -0.1349     4.6321     0.0825     0.0825     0.0488     0.0196      27633    19.1888     100.00     2.0836     1.8492         14 0.0000e+00
    885.573   80.81946  126.14224    897.000    -0.1872    -0.1873  29.190399  29.187842    34.8789    34.8756    291.086    288.043    -0.1366     4.6315     0.0831     0.0831     0.0494     0.0195      27658    19.2062     100.00     2.0828     1.8485         15 0.0000e+00
    886.558   80.81946  126.14226    898.000    -0.1905    -0.1907  29.187847  29.185391    34.8786    34.8757    291.126    287.852    -0.1322     4.6317     0.0845     0.0845     0.0492     0.0197      27683    19.2238     100.00     2.0827     1.8473         14 0.0000e+00
    887.543   80.81946  126.14226    899.000    -0.1937    -0.1939  29.185349  29.182848    34.8784    34.8754    291.122    287.813    -0.1330     4.6322     0.0842     0.0842     0.0488     0.0197      27709    19.2416     100.00     2.0823     1.8469         17 0.0000e+00
    888.528   80.81946  126.14228    900.000    -0.1999    -0.2002  29.180289  29.177752    34.8782    34.8751    291.221    287.782    -0.1319     4.6324     0.0833     0.0833     0.0486     0.0197      27734    19.2589     100.00     2.0823     1.8463         13 0.0000e+00
    889.513   80.81946  126.14228    901.000    -0.2033    -0.2036  29.177663  29.175031    34.8780    34.8748    291.215    287.747    -0.1595     4.6325     0.0832     0.0832     0.0485     0.0186      27759    19.2766     100.00     2.0819     1.8458         14 0.0000e+00
    890.498   80.81946  126.14230    902.000    -0.2080    -0.2079  29.173966  29.171761    34.8778    34.8748    291.244    288.127    -0.1408     4.6323     0.0846     0.0846     0.0487     0.0193      27784    19.2940     100.00     2.0816     1.8472         14 0.0000e+00
    891.483   80.81946  126.14232    903.000    -0.2113    -0.2116  29.171445  29.169028    34.8776    34.8747    291.250    287.664    -0.1402     4.6324     0.0828     0.0828     0.0486     0.0194      27810    19.3118     100.00     2.0813     1.8447         17 0.0000e+00
    892.469   80.81946  126.14232    904.000    -0.2141    -0.2143  29.169437  29.166896    34.8775    34.8745    291.382    287.870    -0.1684     4.6324     0.0842     0.0842     0.0486     0.0183      27835    19.3293     100.00     2.0817     1.8454         16 0.0000e+00
    893.454   80.81946  126.14234    905.000    -0.2147    -0.2152  29.169165  29.166453    34.8774    34.8743    291.439    287.401    -0.1569     4.6323     0.0844     0.0844     0.0487     0.0187      27860    19.3468     100.00     2.0817     1.8430         14 0.0000e+00
    894.439   80.81946  126.14235    906.000    -0.2154    -0.2158  29.168919  29.166497    34.8772    34.8744    291.457    286.650    -0.1485     4.6320     0.0838     0.0838     0.0489     0.0190      27886    19.3643     100.00     2.0816     1.8394         13 0.0000e+00
    895.424   80.81946  126.14237    907.000    -0.2155    -0.2157  29.169324  29.166821    34.8772    34.8742    291.482    290.004    -0.1468     4.6320     0.0840     0.0840     0.0490     0.0191      27911    19.3818     100.00     2.0815     1.8547         12 0.0000e+00
    896.409   80.81946  126.14238    908.000    -0.2162    -0.2161  29.169144  29.166899    34.8772    34.8741    291.459    287.205    -0.1324     4.6323     0.0844     0.0844     0.0486     0.0197      27936    19.3994     100.00     2.0811     1.8416         15 0.0000e+00
    897.394   80.81947  126.14239    909.000    -0.2177    -0.2177  29.168204  29.165921    34.8771    34.8741    291.487    287.652    -0.1266     4.6324     0.0834     0.0834     0.0486     0.0199      27961    19.4169     100.00     2.0810     1.8434         12 0.0000e+00
    898.379   80.81948  126.14240    910.000    -0.2195    -0.2194  29.167119  29.164861    34.8771    34.8740    291.451    287.641    -0.1323     4.6323     0.0827     0.0827     0.0487     0.0197      27987    19.4345     100.00     2.0805     1.8431         15 0.0000e+00
    899.364   80.81948  126.14241    911.000    -0.2219    -0.2221  29.165602  29.163082    34.8772    34.8742    291.492    288.090    -0.1707     4.6324     0.0835     0.0835     0.0486     0.0182      28012    19.4521     100.00     2.0804     1.8449         15 0.0000e+00
    900.349   80.81948  126.14243    912.000    -0.2123    -0.2119  29.175649  29.173771    34.8791    34.8762    291.411    288.275    -0.1325     4.6323     0.0843     0.0843     0.0487     0.0197      28037    19.4696     100.00     2.0803     1.8460         17 0.0000e+00
    901.334   80.81948  126.14244    913.000    -0.1996    -0.1997  29.188607  29.186240    34.8813    34.8784    291.422    287.143    -0.1388     4.6322     0.0830     0.0830     0.0488     0.0194      28062    19.4871     100.00     2.0807     1.8411         17 0.0000e+00
    902.320   80.81948  126.14245    914.000    -0.1974    -0.1975  29.191346  29.189124    34.8819    34.8790    291.502    287.549    -0.1566     4.6325     0.0826     0.0826     0.0485     0.0187      28088    19.5048     100.00     2.0811     1.8429         17 0.0000e+00
    903.304   80.81948  126.14248    915.000    -0.1982    -0.1984  29.191132  29.188824    34.8819    34.8791    291.474    287.323    -0.1366     4.6324     0.0844     0.0844     0.0486     0.0195      28113    19.5223     100.00     2.0807     1.8417         16 0.0000e+00
    904.289   80.81948  126.14248    916.000    -0.1997    -0.1999  29.190301  29.187839    34.8819    34.8789    291.337    287.392    -0.1577     4.6307     0.0867     0.0867     0.0500     0.0187      28138    19.5397     100.00     2.0797     1.8417         14 0.0000e+00
    905.274   80.81948  126.14250    917.000    -0.2014    -0.2013  29.189280  29.187121    34.8819    34.8790    291.322    287.462    -0.1456     4.6320     0.0837     0.0837     0.0489     0.0192      28163    19.5573     100.00     2.0793     1.8418         14 0.0000e+00
    906.260   80.81948  126.14250    918.000    -0.2017    -0.2016  29.189567  29.187219    34.8820    34.8789    291.314    286.943    -0.1347     4.6315     0.0825     0.0825     0.0494     0.0196      28189    19.5750     100.00     2.0790     1.8393         15 0.0000e+00
    907.245   80.81948  126.14252    919.000    -0.2023    -0.2023  29.189416  29.187066    34.8819    34.8788    291.201    287.033    -0.1346     4.6315     0.0830     0.0830     0.0494     0.0196      28214    19.5925     100.00     2.0781     1.8395         15 0.0000e+00
    908.230   80.81948  126.14254    920.000    -0.2047    -0.2045  29.187660  29.185639    34.8818    34.8789    291.099    287.695    -0.1402     4.6320     0.0821     0.0821     0.0490     0.0194      28240    19.6102     100.00     2.0773     1.8422         17 0.0000e+00
    909.215   80.81948  126.14254    921.000    -0.2065    -0.2068  29.186481  29.184114    34.8817    34.8789    291.082    287.135    -0.1692     4.6317     0.0824     0.0824     0.0492     0.0182      28265    19.6278     100.00     2.0769     1.8394         19 0.0000e+00
    910.200   80.81948  126.14256    922.000    -0.2081    -0.2082  29.185618  29.183293    34.8818    34.8788    291.092    287.672    -0.1571     4.6319     0.0831     0.0831     0.0491     0.0187      28290    19.6452     100.00     2.0767     1.8417         15 0.0000e+00
    911.185   80.81948  126.14258    923.000    -0.2091    -0.2093  29.185147  29.182821    34.8817    34.8788    291.027    287.551    -0.1321     4.6307     0.0833     0.0833     0.0501     0.0197      28315    19.6627     100.00     2.0761     1.8409         19 0.0000e+00
    912.170   80.81948  126.14259    924.000    -0.2093    -0.2094  29.185445  29.183232    34.8817    34.8788    291.058    287.518    -0.1545     4.6318     0.0829     0.0829     0.0491     0.0188      28341    19.6803     100.00     2.0760     1.8405         17 0.0000e+00
    913.155   80.81948  126.14260    925.000    -0.2090    -0.2091  29.186562  29.184163    34.8822    34.8793    291.100    287.390    -0.1425     4.6320     0.0828     0.0828     0.0489     0.0193      28366    19.6980     100.00     2.0760     1.8398         21 0.0000e+00
    914.140   80.81948  126.14261    926.000    -0.2140    -0.2141  29.182777  29.180296    34.8824    34.8791    291.066    287.415    -0.1361     4.6324     0.0847     0.0847     0.0486     0.0195      28391    19.7155     100.00     2.0754     1.8396         21 0.0000e+00
    915.125   80.81948  126.14263    927.000    -0.2147    -0.2148  29.182484  29.180198    34.8822    34.8792    290.951    287.545    -0.1646     4.6324     0.0833     0.0833     0.0486     0.0184      28416    19.7329     100.00     2.0746     1.8399         16 0.0000e+00
    916.110   80.81948  126.14264    928.000    -0.2165    -0.2166  29.181260  29.179013    34.8821    34.8791    290.837    287.509    -0.1355     4.6325     0.0845     0.0845     0.0485     0.0195      28442    19.7505     100.00     2.0737     1.8395         18 0.0000e+00
    917.095   80.81948  126.14265    929.000    -0.2171    -0.2172  29.181246  29.178976    34.8821    34.8792    290.782    287.350    -0.1663     4.6324     0.0848     0.0848     0.0486     0.0183      28467    19.7680     100.00     2.0731     1.8386         16 0.0000e+00
    918.080   80.81948  126.14267    930.000    -0.2172    -0.2173  29.181533  29.179227    34.8821    34.8791    290.766    287.504    -0.1567     4.6325     0.0844     0.0844     0.0485     0.0187      28493    19.7858     100.00     2.0728     1.8391         21 0.0000e+00
