Continuous CTD Data/SBE Stage/nabos_42_01.ros
* Sea-Bird SBE 9 Data File:
* FileName = D:\CTD\data\HLY2502\raw\NABOS_42_01.hex
* Software Version Seasave V 7.26.7.110
* Temperature SN = 6954
* Conductivity SN = 2561
* Number of Bytes Per Scan = 37
* Number of Voltage Words = 4
* Number of Scans Averaged by the Deck Unit = 1
* NMEA Latitude = 80 14.10 N
* NMEA Longitude = 125 56.70 E
* NMEA UTC (Time) = Sep 27 2025  13:25:46
* NMEA baud rate = 9600
** Ship: USCG HEALY
** Bot. Depth:  3554
** Cast Number:  01
** Station Name:  NABOS
** Station Number:  42
** Operator:  STARC
# nquan = 25
# nvalues = 1029                                  
# units = specified
# name 0 = depSM: Depth [salt water, m]
# name 1 = latitude: Latitude [deg]
# name 2 = longitude: Longitude [deg]
# name 3 = prDM: Pressure, Digiquartz [db]
# name 4 = t090C: Temperature [ITS-90, deg C]
# name 5 = t190C: Temperature, 2 [ITS-90, deg C]
# name 6 = c0mS/cm: Conductivity [mS/cm]
# name 7 = c1mS/cm: Conductivity, 2 [mS/cm]
# name 8 = sal00: Salinity, Practical [PSU]
# name 9 = sal11: Salinity, Practical, 2 [PSU]
# name 10 = sbox0Mm/Kg: Oxygen, SBE 43 [umol/kg]
# name 11 = sbox1Mm/Kg: Oxygen, SBE 43, 2 [umol/kg]
# name 12 = flECO-AFL: Fluorescence, WET Labs ECO-AFL/FL [mg/m^3]
# name 13 = v2: Voltage 2
# name 14 = wetCDOM: Fluorescence, WET Labs CDOM [mg/m^3]
# name 15 = v6: Voltage 6
# name 16 = CStarAt0: Beam Attenuation, WET Labs C-Star [1/m]
# name 17 = v3: Voltage 3
# name 18 = scan: Scan Count
# name 19 = timeM: Time, Elapsed [minutes]
# name 20 = altM: Altimeter [m]
# name 21 = sbeox0V: Oxygen raw, SBE 43 [V]
# name 22 = sbeox1V: Oxygen raw, SBE 43, 2 [V]
# name 23 = nbf: Bottles Fired
# name 24 = flag:  0.000e+00
# interval = seconds: 0.0416667
# start_time = Sep 27 2025 13:25:46 [NMEA time, header]
# bad_flag = -9.990e-29
*END*
[from data line 986]
      3.727   80.23560  125.96912      3.767    -1.5039    -1.5241  23.019753  23.020170    28.5011    28.5209    377.496    369.774     0.4129     4.5519     0.1258     0.1258     0.1188     0.0415     111528    77.4493     100.00     2.6140     2.2739         21  0.000e+00
      3.719   80.23560  125.96912      3.758    -1.5044    -1.5231  23.019753  23.019850    28.5016    28.5196    377.500    370.024     0.4129     4.5519     0.1258     0.1258     0.1188     0.0415     111529    77.4500     100.00     2.6140     2.2752         21  0.000e+00
      3.727   80.23560  125.96912      3.767    -1.5045    -1.5219  23.020037  23.019957    28.5020    28.5186    377.717    370.014     0.3823     4.5519     0.1258     0.1258     0.1188     0.0403     111530    77.4507     100.00     2.6152     2.2752         21  0.000e+00
      3.727   80.23560  125.96912      3.767    -1.5044    -1.5208  23.019924  23.020170    28.5018    28.5178    377.716    369.746     0.4129     4.5519     0.1258     0.1258     0.1188     0.0415     111531    77.4514     100.00     2.6152     2.2739         21  0.000e+00
      3.719   80.23560  125.96912      3.758    -1.5041    -1.5204  23.019867  23.019903    28.5014    28.5171    377.496    369.744     0.3823     4.5507     0.1258     0.1258     0.1198     0.0403     111532    77.4521     100.00     2.6140     2.2739         21  0.000e+00
      3.727   80.23560  125.96914      3.767    -1.5038    -1.5188  23.019924  23.019956    28.5012    28.5156    377.711    369.473     0.4129     4.5507     0.1258     0.1258     0.1198     0.0415     111533    77.4528     100.00     2.6152     2.2727         21  0.000e+00
      3.719   80.23560  125.96914      3.758    -1.5035    -1.5164  23.020094  23.019636    28.5011    28.5129    377.490    369.196     0.3823     4.5507     0.1258     0.1258     0.1198     0.0403     111534    77.4535     100.00     2.6140     2.2715         21  0.000e+00
      3.727   80.23560  125.96914      3.767    -1.5033    -1.5133  23.019980  23.019529    28.5008    28.5098    377.489    369.171     0.3823     4.5507     0.1258     0.1258     0.1198     0.0403     111535    77.4542     100.00     2.6140     2.2715         21  0.000e+00
      3.719   80.23560  125.96914      3.758    -1.5032    -1.5102  23.020094  23.019689    28.5008    28.5070    377.487    368.885     0.4129     4.5507     0.1258     0.1258     0.1198     0.0415     111536    77.4549     100.00     2.6140     2.2703         21  0.000e+00
      3.727   80.23560  125.96914      3.767    -1.5026    -1.5082  23.019923  23.019261    28.5000    28.5045    377.700    368.870     0.4129     4.5507     0.1270     0.1270     0.1198     0.0415     111537    77.4556     100.00     2.6152     2.2703         21  0.000e+00
      3.727   80.23560  125.96914      3.767    -1.5026    -1.5071  23.020037  23.019582    28.5002    28.5039    377.482    369.117     0.3823     4.5507     0.1258     0.1258     0.1198     0.0403     111538    77.4562     100.00     2.6140     2.2715         21  0.000e+00
      3.784   80.23560  125.96914      3.825    -1.5028    -1.5071  23.020151  23.019155    28.5004    28.5032    377.704    369.379     0.4129     4.5507     0.1258     0.1258     0.1198     0.0415     111539    77.4569     100.00     2.6152     2.2727         21  0.000e+00
      3.661   80.23560  125.96914      3.700    -1.5032    -1.5082  23.020321  23.019208    28.5012    28.5044    377.483    369.381     0.3823     4.5507     0.1258     0.1258     0.1198     0.0403     111540    77.4576     100.00     2.6140     2.2727         21  0.000e+00
      3.719   80.23560  125.96914      3.758    -1.5038    -1.5094  23.020378  23.018994    28.5018    28.5053    377.491    369.395     0.4129     4.5507     0.1258     0.1258     0.1198     0.0415     111541    77.4583     100.00     2.6140     2.2727         21  0.000e+00
      3.727   80.23560  125.96914      3.767    -1.5047    -1.5099  23.020378  23.019208    28.5027    28.5060    377.717    369.399     0.4129     4.5507     0.1258     0.1258     0.1198     0.0415     111542    77.4590     100.00     2.6152     2.2727         21  0.000e+00
      3.784   80.23560  125.96914      3.825    -1.5050    -1.5089  23.019981  23.018995    28.5024    28.5048    377.507    369.137     0.3823     4.5507     0.1270     0.1270     0.1198     0.0403     111543    77.4597     100.00     2.6140     2.2715         21  0.000e+00
      3.719   80.23560  125.96914      3.758    -1.5045    -1.5082  23.020207  23.018674    28.5023    28.5037    377.498    368.872     0.3823     4.5495     0.1258     0.1258     0.1209     0.0403     111544    77.4604     100.00     2.6140     2.2703         21  0.000e+00
      3.727   80.23560  125.96914      3.767    -1.5039    -1.5079  23.020378  23.018781    28.5019    28.5035    377.493    368.869     0.3823     4.5507     0.1258     0.1258     0.1198     0.0403     111545    77.4611     100.00     2.6140     2.2703         21  0.000e+00
      3.719   80.23560  125.96914      3.758    -1.5035    -1.5085  23.020207  23.018674    28.5013    28.5040    377.706    368.875     0.4129     4.5507     0.1270     0.1270     0.1198     0.0415     111546    77.4618     100.00     2.6152     2.2703         21  0.000e+00
      3.727   80.23560  125.96914      3.767    -1.5028    -1.5085  23.020321  23.018460    28.5007    28.5037    377.700    368.876     0.4129     4.5507     0.1258     0.1258     0.1198     0.0415     111547    77.4625     100.00     2.6152     2.2703         21  0.000e+00
      3.727   80.23560  125.96914      3.767    -1.5022    -1.5080  23.020207  23.018033    28.5001    28.5026    377.479    368.873     0.3823     4.5507     0.1258     0.1258     0.1198     0.0403     111548    77.4632     100.00     2.6140     2.2703         21  0.000e+00
      3.719   80.23560  125.96914      3.758    -1.5020    -1.5069  23.020321  23.017766    28.5000    28.5012    377.693    368.865     0.4129     4.5507     0.1258     0.1258     0.1198     0.0415     111549    77.4639     100.00     2.6152     2.2703         21  0.000e+00
      3.727   80.23560  125.96914      3.767    -1.5018    -1.5059  23.019980  23.017980    28.4993    28.5005    377.476    368.855     0.3823     4.5495     0.1258     0.1258     0.1209     0.0403     111550    77.4646     100.00     2.6140     2.2703         21  0.000e+00
      3.719   80.23560  125.96914      3.758    -1.5016    -1.5054  23.020207  23.017926    28.4995    28.5000    377.690    368.594     0.4129     4.5507     0.1258     0.1258     0.1198     0.0415     111551    77.4653     100.00     2.6152     2.2691         21  0.000e+00
      3.727   80.23560  125.96914      3.767    -1.5016    -1.5056  23.020207  23.017766    28.4995    28.5000    377.690    368.339     0.3823     4.5495     0.1258     0.1258     0.1209     0.0403     111552    77.4660     100.00     2.6152     2.2678         21  0.000e+00
      3.727   80.23560  125.96914      3.767    -1.5020    -1.5059  23.020321  23.017873    28.5000    28.5004    377.693    368.084     0.4129     4.5495     0.1258     0.1258     0.1209     0.0415     111553    77.4667     100.00     2.6152     2.2666         21  0.000e+00
      3.784   80.23560  125.96914      3.825    -1.5022    -1.5062  23.020037  23.017606    28.4998    28.5003    377.699    367.834     0.4129     4.5507     0.1258     0.1258     0.1198     0.0415     111554    77.4674     100.00     2.6152     2.2654         21  0.000e+00
      3.661   80.23560  125.96914      3.700    -1.5020    -1.5066  23.019923  23.017499    28.4994    28.5006    377.908    368.089     0.4129     4.5507     0.1258     0.1258     0.1198     0.0415     111555    77.4681     100.00     2.6164     2.2666         21  0.000e+00
      3.784   80.23560  125.96914      3.825    -1.5020    -1.5068  23.020037  23.017286    28.4995    28.5004    377.697    368.097     0.3823     4.5495     0.1258     0.1258     0.1209     0.0403     111556    77.4688     100.00     2.6152     2.2666         21  0.000e+00
      3.727   80.23560  125.96914      3.767    -1.5024    -1.5075  23.019753  23.017072    28.4996    28.5009    377.482    368.101     0.4129     4.5495     0.1258     0.1258     0.1209     0.0415     111557    77.4694     100.00     2.6140     2.2666         21  0.000e+00
      3.727   80.23560  125.96914      3.767    -1.5027    -1.5083  23.019867  23.017179    28.5000    28.5018    377.701    368.108     0.3823     4.5495     0.1258     0.1258     0.1209     0.0403     111558    77.4701     100.00     2.6152     2.2666         21  0.000e+00
      3.719   80.23560  125.96914      3.759    -1.5030    -1.5097  23.020094  23.017072    28.5007    28.5029    377.703    368.119     0.4129     4.5507     0.1258     0.1258     0.1198     0.0415     111559    77.4708     100.00     2.6152     2.2666         21  0.000e+00
      3.727   80.23560  125.96914      3.767    -1.5033    -1.5102  23.019980  23.016752    28.5008    28.5030    377.706    368.382     0.4129     4.5495     0.1258     0.1258     0.1209     0.0415     111560    77.4715     100.00     2.6152     2.2678         21  0.000e+00
      3.719   80.23560  125.96914      3.759    -1.5035    -1.5105  23.019753  23.016538    28.5006    28.5030    377.708    368.643     0.4129     4.5507     0.1270     0.1270     0.1198     0.0415     111561    77.4722     100.00     2.6152     2.2691         21  0.000e+00
      3.727   80.23560  125.96914      3.767    -1.5038    -1.5106  23.020207  23.016538    28.5016    28.5031    377.709    368.644     0.4129     4.5495     0.1258     0.1258     0.1209     0.0415     111562    77.4729     100.00     2.6152     2.2691         21  0.000e+00
      3.727   80.23560  125.96914      3.767    -1.5043    -1.5102  23.020151  23.016378    28.5019    28.5025    377.714    368.641     0.4129     4.5507     0.1258     0.1258     0.1198     0.0415     111563    77.4736     100.00     2.6152     2.2691         21  0.000e+00
      3.719   80.23560  125.96914      3.759    -1.5044    -1.5095  23.019924  23.016645    28.5018    28.5022    377.715    368.634     0.4129     4.5495     0.1258     0.1258     0.1209     0.0415     111564    77.4743     100.00     2.6152     2.2691         21  0.000e+00
      3.784   80.23560  125.96914      3.825    -1.5044    -1.5093  23.020094  23.016592    28.5020    28.5019    377.718    368.892     0.4129     4.5495     0.1258     0.1258     0.1209     0.0415     111565    77.4750     100.00     2.6152     2.2703         21  0.000e+00
      3.719   80.23560  125.96914      3.759    -1.5039    -1.5086  23.019810  23.016698    28.5011    28.5014    377.711    368.883     0.4434     4.5507     0.1258     0.1258     0.1198     0.0427     111566    77.4757     100.00     2.6152     2.2703         21  0.000e+00
      3.727   80.23560  125.96914      3.767    -1.5036    -1.5085  23.020207  23.016592    28.5014    28.5011    377.925    369.140     0.4434     4.5507     0.1270     0.1270     0.1198     0.0427     111567    77.4764     100.00     2.6164     2.2715         21  0.000e+00
      3.727   80.23560  125.96914      3.767    -1.5033    -1.5088  23.020037  23.016538    28.5009    28.5013    377.706    369.143     0.4129     4.5495     0.1258     0.1258     0.1209     0.0415     111568    77.4771     100.00     2.6152     2.2715         21  0.000e+00
      3.719   80.23560  125.96914      3.759    -1.5036    -1.5096  23.019867  23.016538    28.5010    28.5021    377.926    369.149     0.4434     4.5507     0.1258     0.1258     0.1198     0.0427     111569    77.4778     100.00     2.6164     2.2715         21  0.000e+00
      3.727   80.23560  125.96914      3.767    -1.5036    -1.5097  23.019696  23.016432    28.5007    28.5021    377.710    369.151     0.4434     4.5507     0.1258     0.1258     0.1198     0.0427     111570    77.4785     100.00     2.6152     2.2715         21  0.000e+00
