Continuous CTD Data/SBE Stage/nabos_16_01.ros
* Sea-Bird SBE 9 Data File:
* FileName = D:\CTD\data\HLY2502\raw\NABOS_16_01.hex
* Software Version Seasave V 7.26.7.110
* Temperature SN = 6954
* Conductivity SN = 2561
* Number of Bytes Per Scan = 37
* Number of Voltage Words = 4
* Number of Scans Averaged by the Deck Unit = 1
* NMEA Latitude = 77 05.32 N
* NMEA Longitude = 179 06.61 E
* NMEA UTC (Time) = Sep 17 2025  05:37:32
* NMEA baud rate = 9600
** Ship: USCG HEALY
** Bot. Depth:  1069
** Cast Number:  01
** Station Name:  NABOS
** Station Number:  16
** Operator:  STARC
# nquan = 25
# nvalues = 980                                   
# units = specified
# name 0 = depSM: Depth [salt water, m]
# name 1 = latitude: Latitude [deg]
# name 2 = longitude: Longitude [deg]
# name 3 = prDM: Pressure, Digiquartz [db]
# name 4 = t090C: Temperature [ITS-90, deg C]
# name 5 = t190C: Temperature, 2 [ITS-90, deg C]
# name 6 = c0mS/cm: Conductivity [mS/cm]
# name 7 = c1mS/cm: Conductivity, 2 [mS/cm]
# name 8 = sal00: Salinity, Practical [PSU]
# name 9 = sal11: Salinity, Practical, 2 [PSU]
# name 10 = sbox0Mm/Kg: Oxygen, SBE 43 [umol/kg]
# name 11 = sbox1Mm/Kg: Oxygen, SBE 43, 2 [umol/kg]
# name 12 = flECO-AFL: Fluorescence, WET Labs ECO-AFL/FL [mg/m^3]
# name 13 = v2: Voltage 2
# name 14 = wetCDOM: Fluorescence, WET Labs CDOM [mg/m^3]
# name 15 = v6: Voltage 6
# name 16 = CStarAt0: Beam Attenuation, WET Labs C-Star [1/m]
# name 17 = v3: Voltage 3
# name 18 = scan: Scan Count
# name 19 = timeM: Time, Elapsed [minutes]
# name 20 = altM: Altimeter [m]
# name 21 = sbeox0V: Oxygen raw, SBE 43 [V]
# name 22 = sbeox1V: Oxygen raw, SBE 43, 2 [V]
# name 23 = nbf: Bottles Fired
# name 24 = flag:  0.000e+00
# interval = seconds: 0.0416667
# start_time = Sep 17 2025 05:37:32 [NMEA time, header]
# bad_flag = -9.990e-29
*END*
[from data line 290]
    249.994   77.09340  179.12950    252.796     0.8640     0.8631  29.725607  29.723236    34.7738    34.7717    296.716    289.269    -0.1671     4.6716     0.0818     0.0818     0.0149     0.0183      75376    52.3438     100.00     2.3105     2.0163          6  0.000e+00
    249.937   77.09340  179.12950    252.738     0.8641     0.8636  29.726168  29.723470    34.7744    34.7715    296.511    289.499    -0.1671     4.6716     0.0818     0.0818     0.0149     0.0183      75377    52.3444     100.00     2.3092     2.0175          6  0.000e+00
    249.994   77.09340  179.12950    252.796     0.8643     0.8642  29.726105  29.724232    34.7741    34.7718    296.513    289.496    -0.1671     4.6716     0.0818     0.0818     0.0149     0.0183      75378    52.3451     100.00     2.3092     2.0175          6  0.000e+00
    249.937   77.09340  179.12950    252.738     0.8645     0.8645  29.726043  29.724348    34.7738    34.7716    296.509    289.255    -0.1671     4.6716     0.0818     0.0818     0.0149     0.0183      75379    52.3458     100.00     2.3092     2.0163          6  0.000e+00
    200.167   77.09364  179.13062    202.386     0.5654     0.5653  29.387594  29.385619    34.6989    34.6963    297.594    292.525    -0.1366     4.6716     0.0818     0.0818     0.0149     0.0195      79738    55.3729     100.00     2.3112     2.0294          7  0.000e+00
    200.126   77.09364  179.13062    202.344     0.5655     0.5652  29.387594  29.385794    34.6988    34.6967    297.592    292.524    -0.1366     4.6716     0.0818     0.0818     0.0149     0.0195      79739    55.3736     100.00     2.3112     2.0294          7  0.000e+00
    200.192   77.09364  179.13062    202.411     0.5656     0.5653  29.387284  29.385619    34.6981    34.6963    297.795    292.290    -0.1366     4.6716     0.0818     0.0818     0.0149     0.0195      79740    55.3743     100.00     2.3125     2.0282          7  0.000e+00
    200.225   77.09364  179.13062    202.444     0.5654     0.5653  29.387222  29.385386    34.6984    34.6960    297.598    292.292    -0.1366     4.6716     0.0818     0.0818     0.0149     0.0195      79741    55.3750     100.00     2.3112     2.0282          7  0.000e+00
    200.126   77.09364  179.13062    202.344     0.5653     0.5652  29.387656  29.385910    34.6990    34.6969    297.593    292.287    -0.1366     4.6703     0.0818     0.0818     0.0159     0.0195      79742    55.3757     100.00     2.3112     2.0282          7  0.000e+00
    200.192   77.09364  179.13062    202.411     0.5654     0.5653  29.387718  29.385677    34.6990    34.6964    297.595    292.053    -0.1366     4.6716     0.0818     0.0818     0.0149     0.0195      79743    55.3764     100.00     2.3112     2.0269          7  0.000e+00
    200.167   77.09364  179.13062    202.386     0.5654     0.5652  29.387346  29.385794    34.6985    34.6967    297.595    292.052    -0.1061     4.6716     0.0818     0.0818     0.0149     0.0208      79744    55.3771     100.00     2.3112     2.0269          7  0.000e+00
    200.192   77.09364  179.13062    202.411     0.5653     0.5652  29.387656  29.385619    34.6990    34.6965    297.596    291.580    -0.1366     4.6716     0.0818     0.0818     0.0149     0.0195      79745    55.3778     100.00     2.3112     2.0245          7  0.000e+00
    200.192   77.09364  179.13062    202.411     0.5654     0.5655  29.387408  29.385619    34.6986    34.6961    297.596    291.341    -0.1366     4.6703     0.0818     0.0818     0.0159     0.0195      79746    55.3785     100.00     2.3112     2.0233          7  0.000e+00
    200.192   77.09364  179.13062    202.411     0.5654     0.5653  29.387842  29.385969    34.6992    34.6968    297.795    291.105    -0.1366     4.6716     0.0818     0.0818     0.0149     0.0195      79747    55.3792     100.00     2.3125     2.0220          7  0.000e+00
    200.167   77.09364  179.13062    202.386     0.5653     0.5653  29.387470  29.385910    34.6988    34.6967    297.595    290.867    -0.1061     4.6703     0.0818     0.0818     0.0159     0.0208      79748    55.3799     100.00     2.3112     2.0208          7  0.000e+00
    200.192   77.09364  179.13062    202.411     0.5654     0.5653  29.387470  29.385794    34.6987    34.6965    297.796    290.868    -0.1366     4.6703     0.0818     0.0818     0.0159     0.0195      79749    55.3806     100.00     2.3125     2.0208          7  0.000e+00
    200.192   77.09364  179.13062    202.411     0.5653     0.5653  29.387284  29.385852    34.6985    34.6966    297.597    291.105    -0.1366     4.6703     0.0818     0.0818     0.0159     0.0195      79750    55.3813     100.00     2.3112     2.0220          7  0.000e+00
    200.167   77.09364  179.13062    202.386     0.5654     0.5656  29.387470  29.385794    34.6987    34.6962    297.795    291.102    -0.1366     4.6703     0.0818     0.0818     0.0159     0.0195      79751    55.3819     100.00     2.3125     2.0220          7  0.000e+00
    200.192   77.09364  179.13062    202.411     0.5656     0.5652  29.387160  29.385852    34.6980    34.6968    297.595    291.106    -0.1366     4.6703     0.0818     0.0818     0.0159     0.0195      79752    55.3826     100.00     2.3112     2.0220          7  0.000e+00
    200.192   77.09364  179.13062    202.411     0.5653     0.5655  29.387532  29.385794    34.6988    34.6963    297.596    291.104    -0.1366     4.6703     0.0818     0.0818     0.0159     0.0195      79753    55.3833     100.00     2.3112     2.0220          7  0.000e+00
    200.167   77.09364  179.13062    202.386     0.5656     0.5652  29.387780  29.385677    34.6988    34.6966    297.592    291.105    -0.1366     4.6703     0.0818     0.0818     0.0159     0.0195      79754    55.3840     100.00     2.3112     2.0220          7  0.000e+00
    200.192   77.09364  179.13062    202.411     0.5652     0.5655  29.387842  29.385735    34.6994    34.6963    297.595    291.104    -0.1366     4.6703     0.0818     0.0818     0.0159     0.0195      79755    55.3847     100.00     2.3112     2.0220          7  0.000e+00
    200.192   77.09364  179.13062    202.410     0.5656     0.5655  29.387656  29.385619    34.6986    34.6961    297.593    291.104    -0.1366     4.6703     0.0818     0.0818     0.0159     0.0195      79756    55.3854     100.00     2.3112     2.0220          7  0.000e+00
    200.192   77.09364  179.13062    202.410     0.5654     0.5652  29.387656  29.385619    34.6989    34.6965    297.595    290.870    -0.1366     4.6703     0.0818     0.0818     0.0159     0.0195      79757    55.3861     100.00     2.3112     2.0208          7  0.000e+00
    200.167   77.09364  179.13062    202.386     0.5656     0.5652  29.387594  29.385560    34.6986    34.6964    297.593    290.632    -0.1366     4.6691     0.0818     0.0818     0.0170     0.0195      79758    55.3868     100.00     2.3112     2.0196          7  0.000e+00
    200.192   77.09364  179.13062    202.410     0.5656     0.5652  29.387594  29.385619    34.6986    34.6965    297.594    290.633    -0.1366     4.6703     0.0830     0.0830     0.0159     0.0195      79759    55.3875     100.00     2.3112     2.0196          7  0.000e+00
    200.192   77.09364  179.13062    202.410     0.5655     0.5653  29.387284  29.385735    34.6983    34.6965    297.595    290.632    -0.1366     4.6703     0.0830     0.0830     0.0159     0.0195      79760    55.3882     100.00     2.3112     2.0196          7  0.000e+00
    200.167   77.09364  179.13062    202.386     0.5655     0.5655  29.387470  29.385677    34.6986    34.6962    297.594    290.630    -0.1366     4.6691     0.0830     0.0830     0.0170     0.0195      79761    55.3889     100.00     2.3112     2.0196          7  0.000e+00
    200.192   77.09364  179.13062    202.410     0.5655     0.5652  29.387594  29.385560    34.6987    34.6964    297.594    290.633    -0.1366     4.6703     0.0830     0.0830     0.0159     0.0195      79762    55.3896     100.00     2.3112     2.0196          7  0.000e+00
    200.126   77.09364  179.13062    202.344     0.5652     0.5653  29.387346  29.385619    34.6988    34.6963    297.594    290.629    -0.1366     4.6703     0.0830     0.0830     0.0159     0.0195      79763    55.3903     100.00     2.3112     2.0196          7  0.000e+00
    200.224   77.09364  179.13062    202.444     0.5653     0.5653  29.387408  29.385561    34.6987    34.6962    297.597    290.397    -0.1366     4.6691     0.0830     0.0830     0.0170     0.0195      79764    55.3910     100.00     2.3112     2.0184          7  0.000e+00
    200.192   77.09364  179.13062    202.410     0.5656     0.5653  29.387098  29.385794    34.6979    34.6965    297.595    290.395    -0.1366     4.6703     0.0830     0.0830     0.0159     0.0195      79765    55.3917     100.00     2.3112     2.0184          7  0.000e+00
    200.192   77.09364  179.13062    202.410     0.5653     0.5652  29.387222  29.386027    34.6984    34.6970    297.596    290.395    -0.1366     4.6703     0.0830     0.0830     0.0159     0.0195      79766    55.3924     100.00     2.3112     2.0184          7  0.000e+00
    200.192   77.09364  179.13062    202.410     0.5655     0.5653  29.387842  29.385735    34.6991    34.6965    297.394    290.631    -0.1366     4.6691     0.0830     0.0830     0.0170     0.0195      79767    55.3931     100.00     2.3100     2.0196          7  0.000e+00
    200.167   77.09364  179.13062    202.386     0.5655     0.5655  29.387656  29.385735    34.6988    34.6963    297.593    290.629    -0.1366     4.6691     0.0830     0.0830     0.0170     0.0195      79768    55.3937     100.00     2.3112     2.0196          7  0.000e+00
    200.192   77.09364  179.13062    202.410     0.5656     0.5652  29.387594  29.385794    34.6986    34.6967    297.593    290.869    -0.1061     4.6703     0.0830     0.0830     0.0159     0.0208      79769    55.3944     100.00     2.3112     2.0208          7  0.000e+00
    200.192   77.09364  179.13062    202.410     0.5654     0.5652  29.387656  29.385852    34.6989    34.6968    297.595    290.632    -0.1366     4.6716     0.0830     0.0830     0.0149     0.0195      79770    55.3951     100.00     2.3112     2.0196          7  0.000e+00
    200.167   77.09364  179.13062    202.386     0.5655     0.5653  29.387594  29.385794    34.6988    34.6966    297.393    290.394    -0.1366     4.6716     0.0830     0.0830     0.0149     0.0195      79771    55.3958     100.00     2.3100     2.0184          7  0.000e+00
    200.192   77.09364  179.13062    202.410     0.5655     0.5652  29.387346  29.385852    34.6984    34.6967    297.595    290.395    -0.1366     4.6716     0.0830     0.0830     0.0149     0.0195      79772    55.3965     100.00     2.3112     2.0184          7  0.000e+00
    200.192   77.09364  179.13062    202.410     0.5656     0.5653  29.387656  29.385794    34.6986    34.6965    297.593    290.631    -0.1366     4.6716     0.0830     0.0830     0.0149     0.0195      79773    55.3972     100.00     2.3112     2.0196          7  0.000e+00
    200.167   77.09364  179.13062    202.386     0.5653     0.5655  29.387532  29.385852    34.6989    34.6964    297.594    290.866    -0.1366     4.6716     0.0830     0.0830     0.0149     0.0195      79774    55.3979     100.00     2.3112     2.0208          7  0.000e+00
    200.192   77.09364  179.13062    202.410     0.5656     0.5655  29.387718  29.385794    34.6987    34.6963    297.593    290.867    -0.1366     4.6716     0.0830     0.0830     0.0149     0.0195      79775    55.3986     100.00     2.3112     2.0208          7  0.000e+00
    200.192   77.09364  179.13062    202.410     0.5655     0.5653  29.387656  29.385444    34.6988    34.6961    297.594    290.632    -0.1061     4.6716     0.0830     0.0830     0.0149     0.0208      79776    55.3993     100.00     2.3112     2.0196          7  0.000e+00
    200.126   77.09364  179.13062    202.344     0.5658     0.5653  29.388090  29.385677    34.6991    34.6964    297.588    290.629    -0.1366     4.6703     0.0830     0.0830     0.0159     0.0195      79777    55.4000     100.00     2.3112     2.0196          7  0.000e+00
    200.224   77.09364  179.13062    202.444     0.5656     0.5657  29.387904  29.385677    34.6989    34.6960    297.594    290.631    -0.1366     4.6716     0.0830     0.0830     0.0149     0.0195      79778    55.4007     100.00     2.3112     2.0196          7  0.000e+00
    200.192   77.09364  179.13062    202.410     0.5658     0.5653  29.388028  29.385969    34.6989    34.6968    297.591    290.867    -0.1671     4.6716     0.0830     0.0830     0.0149     0.0183      79779    55.4014     100.00     2.3112     2.0208          7  0.000e+00
    200.126   77.09364  179.13062    202.344     0.5658     0.5655  29.387904  29.385735    34.6989    34.6963    297.589    290.864    -0.1671     4.6716     0.0830     0.0830     0.0149     0.0183      79780    55.4021     100.00     2.3112     2.0208          7  0.000e+00
    200.224   77.09364  179.13062    202.444     0.5655     0.5655  29.387966  29.385735    34.6992    34.6962    297.594    290.868    -0.1671     4.6716     0.0830     0.0830     0.0149     0.0183      79781    55.4028     100.00     2.3112     2.0208          7  0.000e+00
    200.192   77.09364  179.13062    202.410     0.5658     0.5655  29.387842  29.385969    34.6988    34.6966    297.592    290.866    -0.1671     4.6716     0.0830     0.0830     0.0149     0.0183      79782    55.4035     100.00     2.3112     2.0208          7  0.000e+00
    200.192   77.09364  179.13062    202.410     0.5658     0.5653  29.388214  29.385910    34.6992    34.6967    297.590    290.631    -0.1671     4.6716     0.0830     0.0830     0.0149     0.0183      79783    55.4042     100.00     2.3112     2.0196          7  0.000e+00
    200.167   77.09364  179.13062    202.386     0.5658     0.5655  29.388090  29.385794    34.6990    34.6964    297.590    290.392    -0.1671     4.6716     0.0830     0.0830     0.0149     0.0183      79784    55.4049     100.00     2.3112     2.0184          7  0.000e+00
    200.192   77.09364  179.13062    202.410     0.5659     0.5653  29.388276  29.385677    34.6991    34.6964    297.589    290.395    -0.1671     4.6716     0.0830     0.0830     0.0149     0.0183      79785    55.4056     100.00     2.3112     2.0184          7  0.000e+00
    200.192   77.09364  179.13062    202.410     0.5656     0.5655  29.387966  29.385969    34.6990    34.6966    297.592    290.393    -0.1671     4.6716     0.0830     0.0830     0.0149     0.0183      79786    55.4063     100.00     2.3112     2.0184          7  0.000e+00
    174.865   77.09382  179.13144    176.793     0.0612     0.0596  28.862394  28.858637    34.5912    34.5881    301.158    294.601    -0.1366     4.6679     0.0842     0.0842     0.0180     0.0195      82924    57.5854     100.00     2.3109     2.0218          8  0.000e+00
    174.931   77.09382  179.13144    176.859     0.0614     0.0596  28.862148  28.858753    34.5907    34.5882    301.363    294.364    -0.1061     4.6679     0.0842     0.0842     0.0180     0.0208      82925    57.5861     100.00     2.3121     2.0206          8  0.000e+00
    174.874   77.09382  179.13144    176.801     0.0616     0.0596  28.862271  28.858811    34.5907    34.5883    301.359    293.882    -0.1366     4.6679     0.0842     0.0842     0.0180     0.0195      82926    57.5868     100.00     2.3121     2.0181          8  0.000e+00
    174.931   77.09382  179.13144    176.859     0.0616     0.0594  28.862395  28.858637    34.5907    34.5882    301.361    293.646    -0.1366     4.6679     0.0830     0.0830     0.0180     0.0195      82927    57.5875     100.00     2.3121     2.0169          8  0.000e+00
