Continuous CTD Data/SBE Stage/nabos_27_01avg.cnv
* Sea-Bird SBE 9 Data File:
* FileName = D:\CTD\data\HLY2502\raw\NABOS_27_01.hex
* Software Version Seasave V 7.26.7.110
* Temperature SN = 6954
* Conductivity SN = 2561
* Number of Bytes Per Scan = 37
* Number of Voltage Words = 4
* Number of Scans Averaged by the Deck Unit = 1
* NMEA Latitude = 80 38.83 N
* NMEA Longitude = 157 43.38 E
* NMEA UTC (Time) = Sep 21 2025  11:57:16
* NMEA baud rate = 9600
** Ship: USCG HEALY
** Bot. Depth:  2663
** Cast Number:  01
** Station Name:  NABOS
** Station Number:  27
** Operator:  STARC
# nquan = 25
# nvalues = 1214                        
# units = specified
# name 0 = depSM: Depth [salt water, m]
# name 1 = latitude: Latitude [deg]
# name 2 = longitude: Longitude [deg]
# name 3 = prDM: Pressure, Digiquartz [db]
# name 4 = t090C: Temperature [ITS-90, deg C]
# name 5 = t190C: Temperature, 2 [ITS-90, deg C]
# name 6 = c0mS/cm: Conductivity [mS/cm]
# name 7 = c1mS/cm: Conductivity, 2 [mS/cm]
# name 8 = sal00: Salinity, Practical [PSU]
# name 9 = sal11: Salinity, Practical, 2 [PSU]
# name 10 = sbox0Mm/Kg: Oxygen, SBE 43 [umol/kg]
# name 11 = sbox1Mm/Kg: Oxygen, SBE 43, 2 [umol/kg]
# name 12 = flECO-AFL: Fluorescence, WET Labs ECO-AFL/FL [mg/m^3]
# name 13 = v2: Voltage 2
# name 14 = wetCDOM: Fluorescence, WET Labs CDOM [mg/m^3]
# name 15 = v6: Voltage 6
# name 16 = CStarAt0: Beam Attenuation, WET Labs C-Star [1/m]
# name 17 = v3: Voltage 3
# name 18 = scan: Scan Count
# name 19 = timeM: Time, Elapsed [minutes]
# name 20 = altM: Altimeter [m]
# name 21 = sbeox0V: Oxygen raw, SBE 43 [V]
# name 22 = sbeox1V: Oxygen raw, SBE 43, 2 [V]
# name 23 = nbin: number of scans per bin
# name 24 = flag: flag
# span 0 =      3.958,   1200.586       
# span 1 =   80.64744,   80.64957       
# span 2 =  157.71494,  157.72107       
# span 3 =      4.000,   1217.000       
# span 4 =    -1.7086,     0.9989       
# span 5 =    -1.7083,     0.9989       
# span 6 =  24.859344,  29.850447       
# span 7 =  24.857013,  29.848604       
# span 8 =    31.1997,    34.8821       
# span 9 =    31.1953,    34.8797       
# span 10 =    291.222,    373.238      
# span 11 =    278.724,    365.809      
# span 12 =    -0.1832,     0.5012      
# span 13 =     4.5423,     4.6375      
# span 14 =     0.0745,     0.1203      
# span 15 =     0.0745,     0.1203      
# span 16 =     0.0442,     0.1273      
# span 17 =     0.0177,     0.0451      
# span 18 =       7539,      42560      
# span 19 =     5.2345,    29.5549      
# span 20 =     100.00,     100.00      
# span 21 =     2.0186,     2.6224      
# span 22 =     1.7868,     2.2785      
# span 23 =          9,         30      
# span 24 = 0.0000e+00, 0.0000e+00      
# interval = decibars: 1                
# start_time = Sep 21 2025 11:57:16 [NMEA time, header]
# bad_flag = -9.990e-29
*END*
[from data line 696]
    691.412   80.64878  157.71765    700.000     0.0021     0.0016  29.223693  29.221400    34.8235    34.8211    296.465    288.036    -0.1301     4.6351     0.0835     0.0835     0.0462     0.0198      27798    19.3037     100.00     2.1634     1.8905         14 0.0000e+00
    692.397   80.64878  157.71764    701.000    -0.0167    -0.0172  29.207818  29.205482    34.8233    34.8208    296.654    292.177    -0.1324     4.6349     0.0835     0.0835     0.0464     0.0197      27823    19.3209     100.00     2.1634     1.9093         14 0.0000e+00
    693.384   80.64878  157.71764    702.000    -0.0300    -0.0303  29.196610  29.194539    34.8230    34.8206    296.707    292.046    -0.1366     4.6350     0.0836     0.0836     0.0463     0.0195      27848    19.3379     100.00     2.1628     1.9080         13 0.0000e+00
    694.370   80.64878  157.71764    703.000    -0.0323    -0.0324  29.194908  29.192859    34.8227    34.8201    296.771    291.948    -0.1641     4.6349     0.0833     0.0833     0.0464     0.0184      27872    19.3552     100.00     2.1628     1.9072         16 0.0000e+00
    695.356   80.64878  157.71763    704.000    -0.0328    -0.0329  29.194728  29.192793    34.8224    34.8200    296.851    292.060    -0.1369     4.6349     0.0848     0.0848     0.0464     0.0195      27897    19.3723     100.00     2.1630     1.9075         17 0.0000e+00
    696.342   80.64878  157.71762    705.000    -0.0328    -0.0328  29.195101  29.193273    34.8223    34.8199    296.932    292.144    -0.1307     4.6349     0.0824     0.0824     0.0464     0.0198      27922    19.3894     100.00     2.1632     1.9078         15 0.0000e+00
    697.328   80.64878  157.71762    706.000    -0.0318    -0.0318  29.196424  29.194566    34.8223    34.8200    297.017    292.494    -0.1342     4.6349     0.0819     0.0819     0.0464     0.0196      27946    19.4064     100.00     2.1635     1.9093         13 0.0000e+00
    698.314   80.64878  157.71762    707.000    -0.0304    -0.0304  29.198014  29.196223    34.8223    34.8200    297.122    292.582    -0.1346     4.6349     0.0822     0.0822     0.0464     0.0196      27971    19.4236     100.00     2.1640     1.9096         15 0.0000e+00
    699.300   80.64878  157.71762    708.000    -0.0303    -0.0303  29.198584  29.196732    34.8224    34.8199    297.063    291.860    -0.1328     4.6348     0.0830     0.0830     0.0465     0.0197      27996    19.4408     100.00     2.1634     1.9060         16 0.0000e+00
    700.286   80.64878  157.71760    709.000    -0.0303    -0.0302  29.199033  29.197151    34.8223    34.8198    296.978    292.165    -0.1328     4.6351     0.0837     0.0837     0.0463     0.0197      28020    19.4579     100.00     2.1627     1.9072         16 0.0000e+00
    701.272   80.64878  157.71760    710.000    -0.0302    -0.0302  29.199487  29.197690    34.8222    34.8199    296.935    291.006    -0.1366     4.6349     0.0836     0.0836     0.0464     0.0195      28045    19.4749     100.00     2.1623     1.9015         15 0.0000e+00
    702.258   80.64880  157.71760    711.000    -0.0301    -0.0301  29.200013  29.198139    34.8223    34.8198    296.771    290.278    -0.1329     4.6340     0.0840     0.0840     0.0471     0.0197      28070    19.4922     100.00     2.1611     1.8979         17 0.0000e+00
    703.245   80.64880  157.71760    712.000    -0.0301    -0.0301  29.200471  29.198556    34.8222    34.8198    296.735    286.051    -0.1325     4.6347     0.0860     0.0860     0.0466     0.0197      28094    19.5091     100.00     2.1607     1.8776         15 0.0000e+00
    704.230   80.64880  157.71758    713.000    -0.0265    -0.0265  29.204271  29.202481    34.8226    34.8203    296.798    287.036    -0.1608     4.6349     0.0846     0.0846     0.0464     0.0185      28119    19.5263     100.00     2.1610     1.8823         17 0.0000e+00
    705.216   80.64880  157.71758    714.000    -0.0207    -0.0207  29.209848  29.208077    34.8229    34.8205    296.808    287.717    -0.1370     4.6347     0.0837     0.0837     0.0465     0.0195      28144    19.5434     100.00     2.1611     1.8856         15 0.0000e+00
    706.202   80.64880  157.71758    715.000    -0.0205    -0.0205  29.210532  29.208771    34.8230    34.8206    296.780    290.833    -0.1708     4.6348     0.0836     0.0836     0.0465     0.0182      28168    19.5607     100.00     2.1608     1.9002         16 0.0000e+00
    707.188   80.64880  157.71758    716.000    -0.0219    -0.0209  29.209793  29.208854    34.8230    34.8206    296.835    294.510    -0.1686     4.6349     0.0837     0.0837     0.0464     0.0182      28193    19.5779     100.00     2.1608     1.9175         19 0.0000e+00
    708.175   80.64880  157.71758    717.000    -0.0204    -0.0200  29.211513  29.210155    34.8230    34.8207    296.788    289.313    -0.1413     4.6351     0.0834     0.0834     0.0463     0.0193      28218    19.5949     100.00     2.1604     1.8926         16 0.0000e+00
    709.160   80.64880  157.71756    718.000    -0.0164    -0.0162  29.215769  29.213991    34.8235    34.8210    296.784    290.527    -0.1711     4.6349     0.0836     0.0836     0.0464     0.0181      28242    19.6120     100.00     2.1603     1.8984         15 0.0000e+00
    710.146   80.64880  157.71756    719.000    -0.0128    -0.0129  29.219425  29.217578    34.8236    34.8213    296.648    291.212    -0.1579     4.6348     0.0830     0.0830     0.0465     0.0187      28267    19.6291     100.00     2.1596     1.9016         18 0.0000e+00
    711.132   80.64880  157.71756    720.000    -0.0127    -0.0127  29.220032  29.218171    34.8238    34.8214    296.568    300.770    -0.1344     4.6349     0.0831     0.0831     0.0464     0.0196      28292    19.6462     100.00     2.1589     1.9468         15 0.0000e+00
    712.118   80.64880  157.71756    721.000    -0.0115    -0.0107  29.221684  29.220618    34.8240    34.8217    296.538    295.739    -0.1467     4.6349     0.0835     0.0835     0.0464     0.0191      28317    19.6635     100.00     2.1586     1.9228         19 0.0000e+00
    713.104   80.64880  157.71754    722.000    -0.0088    -0.0086  29.224653  29.222848    34.8243    34.8217    296.588    293.847    -0.1493     4.6348     0.0827     0.0827     0.0464     0.0190      28341    19.6806     100.00     2.1588     1.9138         19 0.0000e+00
    714.090   80.64880  157.71754    723.000    -0.0076    -0.0070  29.226144  29.224853    34.8243    34.8220    296.519    292.069    -0.1356     4.6348     0.0827     0.0827     0.0465     0.0195      28366    19.6977     100.00     2.1582     1.9052         17 0.0000e+00
    715.076   80.64880  157.71754    724.000    -0.0061    -0.0062  29.227950  29.226079    34.8245    34.8220    296.439    291.366    -0.1366     4.6350     0.0829     0.0829     0.0463     0.0195      28390    19.7148     100.00     2.1576     1.9017         20 0.0000e+00
    716.062   80.64882  157.71754    725.000    -0.0053    -0.0055  29.229261  29.227223    34.8247    34.8221    296.407    286.166    -0.1331     4.6350     0.0849     0.0849     0.0463     0.0197      28415    19.7319     100.00     2.1573     1.8769         17 0.0000e+00
    717.048   80.64882  157.71753    726.000    -0.0048    -0.0049  29.230127  29.228176    34.8247    34.8222    296.358    283.040    -0.1679     4.6350     0.0839     0.0839     0.0463     0.0183      28440    19.7490     100.00     2.1568     1.8619         16 0.0000e+00
    718.034   80.64882  157.71752    727.000    -0.0046    -0.0046  29.230819  29.228927    34.8247    34.8223    296.327    289.561    -0.1378     4.6351     0.0837     0.0837     0.0462     0.0195      28464    19.7660     100.00     2.1564     1.8927         16 0.0000e+00
    719.020   80.64882  157.71752    728.000    -0.0054    -0.0055  29.230429  29.228577    34.8246    34.8222    296.399    292.233    -0.1296     4.6352     0.0852     0.0852     0.0462     0.0198      28489    19.7833     100.00     2.1566     1.9051         18 0.0000e+00
    720.006   80.64882  157.71752    729.000    -0.0065    -0.0068  29.229935  29.227810    34.8246    34.8221    296.522    292.079    -0.1320     4.6356     0.0849     0.0849     0.0458     0.0197      28514    19.8005     100.00     2.1570     1.9042         20 0.0000e+00
    720.992   80.64882  157.71751    730.000    -0.0086    -0.0087  29.228515  29.226617    34.8244    34.8221    296.662    291.142    -0.1349     4.6353     0.0832     0.0832     0.0460     0.0196      28538    19.8176     100.00     2.1574     1.8994         18 0.0000e+00
    721.978   80.64882  157.71750    731.000    -0.0097    -0.0098  29.227966  29.226057    34.8244    34.8220    296.622    290.779    -0.1505     4.6353     0.0828     0.0828     0.0461     0.0190      28563    19.8346     100.00     2.1569     1.8975         16 0.0000e+00
    722.964   80.64882  157.71750    732.000    -0.0111    -0.0113  29.227158  29.225260    34.8244    34.8221    296.610    297.625    -0.1695     4.6356     0.0833     0.0833     0.0458     0.0182      28588    19.8517     100.00     2.1566     1.9297         19 0.0000e+00
    723.950   80.64882  157.71750    733.000    -0.0137    -0.0138  29.225318  29.223420    34.8243    34.8219    296.560    294.610    -0.1709     4.6353     0.0824     0.0824     0.0461     0.0181      28612    19.8688     100.00     2.1560     1.9151         16 0.0000e+00
    724.935   80.64882  157.71750    734.000    -0.0193    -0.0192  29.220853  29.219151    34.8241    34.8217    296.626    291.981    -0.1705     4.6350     0.0846     0.0846     0.0463     0.0182      28637    19.8859     100.00     2.1558     1.9023         18 0.0000e+00
    725.921   80.64882  157.71749    735.000    -0.0278    -0.0279  29.213862  29.211895    34.8239    34.8214    296.633    292.343    -0.1671     4.6358     0.0837     0.0837     0.0456     0.0183      28661    19.9031     100.00     2.1552     1.9034         20 0.0000e+00
    726.907   80.64882  157.71748    736.000    -0.0348    -0.0347  29.208107  29.206284    34.8236    34.8211    296.621    291.878    -0.1401     4.6354     0.0835     0.0835     0.0460     0.0194      28686    19.9201     100.00     2.1546     1.9008         16 0.0000e+00
    727.893   80.64882  157.71748    737.000    -0.0442    -0.0443  29.200312  29.198340    34.8234    34.8209    296.664    293.741    -0.1299     4.6361     0.0843     0.0843     0.0453     0.0198      28710    19.9371     100.00     2.1542     1.9090         14 0.0000e+00
    728.879   80.64882  157.71748    738.000    -0.0540    -0.0541  29.191980  29.190164    34.8229    34.8206    296.746    291.078    -0.1347     4.6362     0.0839     0.0839     0.0452     0.0196      28735    19.9543     100.00     2.1539     1.8958         15 0.0000e+00
    729.865   80.64882  157.71747    739.000    -0.0592    -0.0593  29.187889  29.185901    34.8228    34.8203    296.917    290.737    -0.1348     4.6351     0.0830     0.0830     0.0462     0.0196      28760    19.9714     100.00     2.1544     1.8938         17 0.0000e+00
    730.851   80.64883  157.71746    740.000    -0.0620    -0.0621  29.185742  29.183792    34.8225    34.8201    296.942    292.124    -0.1384     4.6353     0.0831     0.0831     0.0461     0.0194      28785    19.9886     100.00     2.1542     1.9001         16 0.0000e+00
    731.837   80.64884  157.71746    741.000    -0.0672    -0.0674  29.181476  29.179384    34.8222    34.8196    297.094    289.239    -0.1656     4.6348     0.0836     0.0836     0.0465     0.0184      28809    20.0055     100.00     2.1545     1.8860         14 0.0000e+00
    732.822   80.64884  157.71746    742.000    -0.0717    -0.0723  29.177762  29.175380    34.8218    34.8193    297.022    283.253    -0.1486     4.6354     0.0833     0.0833     0.0460     0.0190      28834    20.0229     100.00     2.1537     1.8574         18 0.0000e+00
    733.808   80.64884  157.71746    743.000    -0.0789    -0.0791  29.171918  29.169793    34.8216    34.8191    297.116    288.023    -0.1499     4.6361     0.0825     0.0825     0.0453     0.0190      28859    20.0400     100.00     2.1536     1.8795         16 0.0000e+00
    734.794   80.64884  157.71745    744.000    -0.0786    -0.0787  29.172484  29.170450    34.8214    34.8188    297.148    296.530    -0.1343     4.6355     0.0825     0.0825     0.0458     0.0196      28883    20.0571     100.00     2.1536     1.9195         15 0.0000e+00
    735.780   80.64884  157.71744    745.000    -0.0821    -0.0821  29.169708  29.167937    34.8211    34.8188    297.302    294.565    -0.1324     4.6354     0.0823     0.0823     0.0459     0.0197      28908    20.0741     100.00     2.1541     1.9099         14 0.0000e+00
    736.766   80.64884  157.71744    746.000    -0.0833    -0.0835  29.169170  29.167289    34.8212    34.8189    297.342    291.697    -0.1615     4.6357     0.0828     0.0828     0.0456     0.0185      28932    20.0911     100.00     2.1540     1.8961         13 0.0000e+00
    737.752   80.64884  157.71744    747.000    -0.0861    -0.0860  29.167141  29.165376    34.8211    34.8187    297.339    295.516    -0.1694     4.6357     0.0832     0.0832     0.0456     0.0182      28957    20.1084     100.00     2.1536     1.9138         13 0.0000e+00
    738.738   80.64884  157.71744    748.000    -0.0881    -0.0880  29.165726  29.164078    34.8209    34.8186    297.318    292.918    -0.1398     4.6352     0.0845     0.0845     0.0461     0.0194      28982    20.1257     100.00     2.1532     1.9013         15 0.0000e+00
    739.723   80.64884  157.71742    749.000    -0.0893    -0.0893  29.165099  29.163185    34.8209    34.8184    297.295    292.413    -0.1343     4.6351     0.0841     0.0841     0.0463     0.0196      29007    20.1427     100.00     2.1528     1.8987         15 0.0000e+00
    740.709   80.64884  157.71742    750.000    -0.0912    -0.0910  29.163774  29.162037    34.8206    34.8182    297.335    292.556    -0.1654     4.6349     0.0830     0.0830     0.0464     0.0184      29031    20.1598     100.00     2.1527     1.8991         13 0.0000e+00
    741.695   80.64884  157.71742    751.000    -0.0938    -0.0939  29.161826  29.159990    34.8205    34.8181    297.435    292.385    -0.1324     4.6349     0.0831     0.0831     0.0464     0.0197      29056    20.1769     100.00     2.1529     1.8980         13 0.0000e+00
    742.681   80.64884  157.71742    752.000    -0.0955    -0.0957  29.160664  29.158792    34.8203    34.8180    297.344    292.485    -0.1366     4.6350     0.0833     0.0833     0.0463     0.0195      29080    20.1939     100.00     2.1521     1.8982         12 0.0000e+00
    743.667   80.64884  157.71740    753.000    -0.0986    -0.0986  29.158319  29.156691    34.8201    34.8180    297.470    291.998    -0.1343     4.6351     0.0827     0.0827     0.0462     0.0196      29105    20.2110     100.00     2.1524     1.8956         13 0.0000e+00
    744.653   80.64886  157.71740    754.000    -0.1010    -0.1011  29.156767  29.154853    34.8202    34.8177    297.507    295.732    -0.1322     4.6354     0.0835     0.0835     0.0459     0.0197      29130    20.2283     100.00     2.1523     1.9129         14 0.0000e+00
    745.638   80.64886  157.71740    755.000    -0.1018    -0.1018  29.156400  29.154591    34.8200    34.8176    297.548    293.850    -0.1325     4.6350     0.0813     0.0813     0.0463     0.0197      29154    20.2453     100.00     2.1523     1.9038         15 0.0000e+00
    746.625   80.64886  157.71740    756.000    -0.1021    -0.1021  29.156518  29.154737    34.8199    34.8175    297.513    292.777    -0.1563     4.6351     0.0850     0.0850     0.0462     0.0187      29179    20.2624     100.00     2.1518     1.8986         15 0.0000e+00
