Continuous CTD Data/SBE Stage/nabos_04_01avg.cnv
* Sea-Bird SBE 9 Data File:
* FileName = D:\CTD\data\HLY2502\raw\NABOS_04_01.hex
* Software Version Seasave V 7.26.7.110
* Temperature SN = 6954
* Conductivity SN = 2561
* Number of Bytes Per Scan = 37
* Number of Voltage Words = 4
* Number of Scans Averaged by the Deck Unit = 1
* NMEA Latitude = 74 49.90 N
* NMEA Longitude = 170 48.41 E
* NMEA UTC (Time) = Sep 13 2025  02:24:39
* NMEA baud rate = 9600
** Ship: USCG HEALY
** Bot. Depth:  66
** Cast Number:  01
** Station Name:  NABOS
** Station Number:  04
** Operator:  STARC
** 60m target depth, alimeter moved lower, yet untested
# nquan = 25
# nvalues = 60                          
# units = specified
# name 0 = depSM: Depth [salt water, m]
# name 1 = latitude: Latitude [deg]
# name 2 = longitude: Longitude [deg]
# name 3 = prDM: Pressure, Digiquartz [db]
# name 4 = t090C: Temperature [ITS-90, deg C]
# name 5 = t190C: Temperature, 2 [ITS-90, deg C]
# name 6 = c0mS/cm: Conductivity [mS/cm]
# name 7 = c1mS/cm: Conductivity, 2 [mS/cm]
# name 8 = sal00: Salinity, Practical [PSU]
# name 9 = sal11: Salinity, Practical, 2 [PSU]
# name 10 = sbox0Mm/Kg: Oxygen, SBE 43 [umol/kg]
# name 11 = sbox1Mm/Kg: Oxygen, SBE 43, 2 [umol/kg]
# name 12 = flECO-AFL: Fluorescence, WET Labs ECO-AFL/FL [mg/m^3]
# name 13 = v2: Voltage 2
# name 14 = wetCDOM: Fluorescence, WET Labs CDOM [mg/m^3]
# name 15 = v6: Voltage 6
# name 16 = CStarAt0: Beam Attenuation, WET Labs C-Star [1/m]
# name 17 = v3: Voltage 3
# name 18 = scan: Scan Count
# name 19 = timeM: Time, Elapsed [minutes]
# name 20 = altM: Altimeter [m]
# name 21 = sbeox0V: Oxygen raw, SBE 43 [V]
# name 22 = sbeox1V: Oxygen raw, SBE 43, 2 [V]
# name 23 = nbin: number of scans per bin
# name 24 = flag: flag
# span 0 =      2.969,     61.347       
# span 1 =   74.83178,   74.83205       
# span 2 =  170.80683,  170.80706       
# span 3 =      3.000,     62.000       
# span 4 =    -1.4307,    -1.0526       
# span 5 =    -1.4301,    -1.0530       
# span 6 =  22.014342,  27.049015       
# span 7 =  22.013226,  27.040600       
# span 8 =    26.8981,    33.7392       
# span 9 =    26.8961,    33.7283       
# span 10 =    151.595,    379.663      
# span 11 =    153.477,    366.076      
# span 12 =    -0.0547,     0.7122      
# span 13 =     4.0556,     4.6214      
# span 14 =     0.1045,     0.1379      
# span 15 =     0.1045,     0.1379      
# span 16 =     0.0581,     0.5807      
# span 17 =     0.0228,     0.0535      
# span 18 =       2663,       7887      
# span 19 =     1.8486,     5.4763      
# span 20 =       6.11,      67.57      
# span 21 =     1.3727,     2.6157      
# span 22 =     1.2718,     2.2514      
# span 23 =          2,         30      
# span 24 = 0.0000e+00, 0.0000e+00      
# interval = decibars: 1                
# start_time = Sep 13 2025 02:24:39 [NMEA time, header]
# bad_flag = -9.990e-29
*END*
      2.969   74.83178  170.80683      3.000    -1.2335    -1.2336  22.046473  22.039382    26.9404    26.9311    374.441    365.630    -0.0496     4.6166     0.1099     0.1099     0.0623     0.0230       2663     1.8486      67.57     2.5886     2.2482         10 0.0000e+00
      3.959   74.83178  170.80686      4.000    -1.2301    -1.2280  22.029132  22.028164    26.9137    26.9105    374.565    365.720    -0.0547     4.6139     0.1083     0.1083     0.0646     0.0228       2946     2.0449      66.40     2.5888     2.2484         19 0.0000e+00
      4.948   74.83180  170.80686      5.000    -1.2339    -1.2320  22.027317  22.025441    26.9142    26.9100    374.774    365.799    -0.0490     4.6165     0.1067     0.1067     0.0623     0.0230       3059     2.1239      45.17     2.5895     2.2483         22 0.0000e+00
      5.938   74.83180  170.80688      6.000    -1.2338    -1.2337  22.029347  22.028456    26.9163    26.9150    374.688    365.636    -0.0434     4.6164     0.1054     0.1054     0.0624     0.0233       3125     2.1691      43.72     2.5887     2.2473         19 0.0000e+00
      6.927   74.83180  170.80688      7.000    -1.2340    -1.2335  22.030306  22.028854    26.9173    26.9148    374.600    365.662    -0.0435     4.6159     0.1065     0.1065     0.0628     0.0233       3218     2.2338      50.55     2.5879     2.2472         20 0.0000e+00
      7.917   74.83181  170.80688      8.000    -1.2338    -1.2333  22.030221  22.029436    26.9164    26.9149    374.441    365.777    -0.0146     4.6149     0.1045     0.1045     0.0637     0.0244       3294     2.2868      48.76     2.5868     2.2476         21 0.0000e+00
      8.906   74.83182  170.80690      9.000    -1.2342    -1.2337  22.032823  22.031342    26.9198    26.9173    379.663    365.698    -0.0080     4.6178     0.1053     0.1053     0.0612     0.0247       3374     2.3426      46.61     2.6157     2.2469         23 0.0000e+00
      9.896   74.83182  170.80690     10.000    -1.2364    -1.2356  22.025888  22.027397    26.9119    26.9132    376.269    365.781    -0.0110     4.6184     0.1107     0.1107     0.0607     0.0245       3451     2.3956      58.95     2.5962     2.2470         17 0.0000e+00
     10.885   74.83182  170.80690     11.000    -1.2387    -1.2382  22.014342  22.013226    26.8981    26.8961    375.180    365.859    -0.0262     4.6144     0.1090     0.1090     0.0641     0.0239       3497     2.4275      59.39     2.5895     2.2467         21 0.0000e+00
     11.875   74.83182  170.80690     12.000    -1.2403    -1.2409  22.016987  22.017000    26.9026    26.9031    374.965    365.846    -0.0039     4.6180     0.1089     0.1089     0.0610     0.0248       3564     2.4745      58.36     2.5879     2.2464         26 0.0000e+00
     12.865   74.83184  170.80691     13.000    -1.2492    -1.2490  22.036925  22.028582    26.9366    26.9254    374.766    366.076    -0.0035     4.6175     0.1094     0.1094     0.0614     0.0248       3629     2.5193      57.36     2.5866     2.2471         25 0.0000e+00
     13.854   74.83184  170.80692     14.000    -1.2438    -1.2431  22.078207  22.068703    26.9865    26.9731    374.576    365.706     0.0055     4.6163     0.1085     0.1085     0.0626     0.0252       3682     2.5565      56.09     2.5864     2.2461         20 0.0000e+00
     14.844   74.83184  170.80692     15.000    -1.1261    -1.1333  23.089538  23.033066    28.2299    28.1611    369.834    360.824     0.0905     4.6159     0.1055     0.1055     0.0628     0.0286       3735     2.5931      34.84     2.5875     2.2446         28 0.0000e+00
     15.833   74.83184  170.80692     16.000    -1.1107    -1.1099  23.224182  23.235957    28.3950    28.4101    369.202    360.136     0.1338     4.6124     0.1098     0.1098     0.0659     0.0303       3805     2.6417      47.32     2.5873     2.2457         30 0.0000e+00
     16.823   74.83184  170.80692     17.000    -1.0874    -1.0880  23.503051  23.497033    28.7458    28.7382    367.940    359.290     0.1335     4.5877     0.1106     0.1106     0.0874     0.0303       3851     2.6734      53.11     2.5871     2.2470         20 0.0000e+00
     17.812   74.83184  170.80693     18.000    -1.0902    -1.0886  23.495103  23.495276    28.7372    28.7359    368.107    359.887     0.1424     4.6170     0.1101     0.1101     0.0618     0.0307       3893     2.7029      48.49     2.5875     2.2496         24 0.0000e+00
     18.802   74.83186  170.80694     19.000    -1.0916    -1.0917  23.480450  23.475431    28.7184    28.7118    368.543    359.934     0.1675     4.6165     0.1113     0.1113     0.0623     0.0317       3953     2.7443      51.13     2.5893     2.2491         23 0.0000e+00
     19.791   74.83186  170.80694     20.000    -1.0785    -1.0820  23.525492  23.510799    28.7656    28.7493    368.546    359.756     0.1655     4.6174     0.1085     0.1085     0.0615     0.0316       4005     2.7803      50.02     2.5907     2.2490         20 0.0000e+00
     20.781   74.83186  170.80694     21.000    -1.0526    -1.0530  23.600165  23.602693    28.8402    28.8440    368.238    359.472     0.1557     4.6196     0.1090     0.1090     0.0596     0.0312       4044     2.8076      49.00     2.5915     2.2502         21 0.0000e+00
     21.770   74.83186  170.80694     22.000    -1.0845    -1.0861  23.614768  23.613287    28.8900    28.8895    368.629    359.998     0.1776     4.6170     0.1109     0.1109     0.0619     0.0321       4104     2.8491      47.99     2.5922     2.2514         23 0.0000e+00
     22.760   74.83186  170.80695     23.000    -1.1449    -1.1437  23.625053  23.622221    28.9615    28.9565    368.728    360.456     0.1910     4.6205     0.1103     0.1103     0.0589     0.0326       4159     2.8878      46.96     2.5899     2.2513         19 0.0000e+00
     23.749   74.83186  170.80696     24.000    -1.1624    -1.1620  23.659690  23.658652    29.0244    29.0227    368.119    360.256     0.2427     4.6214     0.1110     0.1110     0.0581     0.0347       4199     2.9155      45.91     2.5860     2.2500         20 0.0000e+00
     24.739   74.83187  170.80696     25.000    -1.1670    -1.1665  23.689361  23.688185    29.0682    29.0662    367.063    359.626     0.2869     4.6182     0.1110     0.1110     0.0609     0.0365       4250     2.9508      44.82     2.5802     2.2471         21 0.0000e+00
     25.728   74.83188  170.80696     26.000    -1.1316    -1.1280  23.754857  23.756261    29.1213    29.1197    365.399    357.662     0.3634     4.6203     0.1110     0.1110     0.0591     0.0396       4309     2.9916      43.85     2.5735     2.2402         21 0.0000e+00
     26.718   74.83188  170.80696     27.000    -1.1670    -1.1654  23.771831  23.771737    29.1780    29.1764    365.179    357.472     0.4094     4.6180     0.1095     0.1095     0.0610     0.0414       4359     3.0264      42.83     2.5707     2.2379         20 0.0000e+00
     27.708   74.83188  170.80696     28.000    -1.2187    -1.2185  23.759011  23.757197    29.2107    29.2080    364.739    357.199     0.4528     4.6175     0.1103     0.1103     0.0614     0.0431       4409     3.0608      41.72     2.5652     2.2340         21 0.0000e+00
     28.697   74.83188  170.80698     29.000    -1.2123    -1.2120  23.781996  23.780446    29.2349    29.2325    364.705    356.870     0.4649     4.6160     0.1094     0.1094     0.0627     0.0436       4454     3.0926      40.08     2.5655     2.2328         20 0.0000e+00
     29.686   74.83188  170.80698     30.000    -1.2175    -1.2171  23.799744  23.798978    29.2633    29.2619    363.925    356.523     0.5193     4.6126     0.1088     0.1088     0.0657     0.0458       4510     3.1310      30.38     2.5610     2.2311         18 0.0000e+00
     30.676   74.83190  170.80698     31.000    -1.2444    -1.2438  23.801649  23.801245    29.2917    29.2905    362.540    355.414     0.4905     4.6040     0.1088     0.1088     0.0732     0.0446       4565     3.1697      28.35     2.5516     2.2245         18 0.0000e+00
     31.665   74.83190  170.80698     32.000    -1.3471    -1.3462  23.744409  23.743533    29.3145    29.3125    362.121    354.947     0.4593     4.6055     0.1098     0.1098     0.0719     0.0434       4608     3.1991      33.81     2.5429     2.2170         15 0.0000e+00
     32.655   74.83190  170.80698     33.000    -1.3552    -1.3547  23.752617  23.751438    29.3331    29.3309    360.685    353.351     0.5090     4.6060     0.1099     0.1099     0.0714     0.0454       4660     3.2354      36.46     2.5343     2.2090         15 0.0000e+00
     33.644   74.83190  170.80700     34.000    -1.2856    -1.2855  23.832116  23.830252    29.3716    29.3689    359.172    351.507     0.5493     4.6061     0.1097     0.1097     0.0714     0.0470       4719     3.2762      29.90     2.5303     2.2040         15 0.0000e+00
     34.634   74.83190  170.80700     35.000    -1.2886    -1.2884  23.856189  23.854901    29.4065    29.4045    359.367    350.927     0.5372     4.6040     0.1085     0.1085     0.0732     0.0465       4762     3.3064      32.38     2.5316     2.2013         14 0.0000e+00
     35.623   74.83190  170.80700     36.000    -1.3245    -1.3240  23.859147  23.857849    29.4453    29.4431    360.741    351.377     0.6427     4.6082     0.1100     0.1100     0.0696     0.0507       4807     3.3375      21.35     2.5375     2.2019         13 0.0000e+00
     36.613   74.83192  170.80700     37.000    -1.3681    -1.3682  23.840686  23.856509    29.4628    29.4843    361.558    350.215     0.7122     4.6104     0.1105     0.1105     0.0676     0.0535       4875     3.3849      32.29     2.5394     2.1944         17 0.0000e+00
     37.602   74.83192  170.80700     38.000    -1.4049    -1.4045  23.890978  23.889389    29.5668    29.5642    360.547    352.332     0.6201     4.6063     0.1107     0.1107     0.0712     0.0498       4920     3.4162      31.39     2.5328     2.2035         18 0.0000e+00
     38.591   74.83192  170.80701     39.000    -1.4307    -1.4301  24.071426  24.074134    29.8369    29.8400    357.673    350.779     0.4289     4.6021     0.1121     0.1121     0.0749     0.0421       4958     3.4422      30.37     2.5190     2.1982         16 0.0000e+00
     39.581   74.83192  170.80702     40.000    -1.4124    -1.4117  24.243950  24.248189    30.0525    30.0575    345.150    341.446     0.4298     4.6059     0.1166     0.1166     0.0715     0.0422       5021     3.4863      29.27     2.4522     2.1570         18 0.0000e+00
     40.570   74.83192  170.80702     41.000    -1.3995    -1.3988  24.442649  24.443472    30.3091    30.3095    326.017    326.115     0.4886     4.6100     0.1174     0.1174     0.0679     0.0446       5077     3.5252      28.27     2.3477     2.0870         17 0.0000e+00
     41.560   74.83192  170.80702     42.000    -1.3871    -1.3863  24.829982  24.833181    30.8230    30.8265    311.657    312.223     0.4194     4.6128     0.1226     0.1226     0.0655     0.0418       5118     3.5534      27.26     2.2737     2.0267         17 0.0000e+00
     42.549   74.83193  170.80703     43.000    -1.3803    -1.3797  25.044311  25.050998    31.1076    31.1161    292.981    264.362     0.3918     4.6122     0.1285     0.1285     0.0661     0.0407       5166     3.5871      26.18     2.1708     1.7985         23 0.0000e+00
     43.539   74.83194  170.80704     44.000    -1.3767    -1.3762  25.276447  25.281580    31.4200    31.4264    265.547    264.702     0.3873     4.6136     0.1349     0.1349     0.0648     0.0405       5231     3.6321      25.14     2.0174     1.8033         19 0.0000e+00
     44.528   74.83194  170.80704     45.000    -1.3750    -1.3745  25.494815  25.492414    31.7158    31.7120    251.976    255.097     0.3544     4.6095     0.1379     0.1379     0.0684     0.0392       5276     3.6633      24.13     1.9428     1.7594         17 0.0000e+00
     45.517   74.83194  170.80704     46.000    -1.3695    -1.3692  25.685250  25.687657    31.9698    31.9727    244.486    245.914     0.3613     4.6087     0.1354     0.1354     0.0691     0.0395       5318     3.6922      22.84     1.9025     1.7172         22 0.0000e+00
     46.507   74.83194  170.80704     47.000    -1.3685    -1.3682  25.851051  25.859872    32.1950    32.2067    226.702    210.258     0.3678     4.6128     0.1316     0.1316     0.0655     0.0397       5385     3.7389      22.02     1.8021     1.5452         19 0.0000e+00
     47.496   74.83194  170.80704     48.000    -1.3475    -1.3469  26.076825  26.075555    32.4808    32.4784    203.205    199.903     0.3051     4.6034     0.1312     0.1312     0.0738     0.0372       5431     3.7705      21.09     1.6696     1.4973         15 0.0000e+00
     48.486   74.83195  170.80705     49.000    -1.3435    -1.3430  26.203452  26.204821    32.6493    32.6507    187.209    193.892     0.2215     4.5976     0.1323     0.1323     0.0787     0.0339       5473     3.8000      20.00     1.5784     1.4691         22 0.0000e+00
     49.475   74.83196  170.80706     50.000    -1.3426    -1.3422  26.294950  26.298994    32.7731    32.7783    160.879    169.286     0.2556     4.6097     0.1315     0.1315     0.0682     0.0352       5536     3.8437      18.94     1.4265     1.3493         20 0.0000e+00
     50.464   74.83196  170.80706     51.000    -1.3725    -1.3722  26.378479  26.377344    32.9201    32.9182    151.595    157.114     0.2441     4.6126     0.1330     0.1330     0.0657     0.0348       5586     3.8784      17.96     1.3727     1.2896         19 0.0000e+00
     51.454   74.83196  170.80706     52.000    -1.4033    -1.4020  26.453259  26.454093    33.0562    33.0559    154.080    153.477     0.2043     4.6126     0.1329     0.1329     0.0657     0.0332       5632     3.9105      16.91     1.3872     1.2718         19 0.0000e+00
     52.443   74.83196  170.80706     53.000    -1.3734    -1.3732  26.578648  26.579564    33.1947    33.1958    184.998    173.186     0.1536     4.6102     0.1315     0.1315     0.0678     0.0311       5685     3.9469      15.86     1.5687     1.3701         19 0.0000e+00
     53.432   74.83196  170.80706     54.000    -1.3679    -1.3659  26.710954  26.718452    33.3699    33.3780    212.624    200.056     0.1439     4.6085     0.1276     0.1276     0.0694     0.0307       5736     3.9829      14.84     1.7312     1.5037         22 0.0000e+00
     54.422   74.83196  170.80706     55.000    -1.2971    -1.2965  26.990488  26.995183    33.6740    33.6798    223.735    214.425     0.0353     4.6066     0.1241     0.1241     0.0710     0.0264       5789     4.0198      13.82     1.8016     1.5790         22 0.0000e+00
     55.411   74.83198  170.80706     56.000    -1.2890    -1.2887  27.034842  27.033072    33.7252    33.7225    231.027    222.275    -0.0062     4.6012     0.1245     0.1245     0.0756     0.0247       5835     4.0515      12.79     1.8450     1.6183         18 0.0000e+00
     56.400   74.83198  170.80706     57.000    -1.2891    -1.2885  27.033931  27.035575    33.7234    33.7250    231.735    225.382    -0.0049     4.5557     0.1248     0.1248     0.1155     0.0248       5885     4.0864      11.73     1.8489     1.6335         19 0.0000e+00
     57.390   74.83198  170.80706     58.000    -1.2887    -1.2883  27.037523  27.036804    33.7273    33.7259    230.298    225.825    -0.0050     4.4018     0.1252     0.1252     0.2530     0.0248       5941     4.1250      10.71     1.8404     1.6356         16 0.0000e+00
     58.379   74.83198  170.80706     59.000    -1.2885    -1.2881  27.039657  27.038121    33.7293    33.7268    229.359    225.223     0.0008     4.3410     0.1244     0.1244     0.3088     0.0250       5988     4.1575       9.65     1.8347     1.6325         16 0.0000e+00
