Continuous CTD Data/SBE Stage/nabos_10_01avg.cnv
* Sea-Bird SBE 9 Data File:
* FileName = D:\CTD\data\HLY2502\raw\NABOS_10_01.hex
* Software Version Seasave V 7.26.7.110
* Temperature SN = 6954
* Conductivity SN = 2561
* Number of Bytes Per Scan = 37
* Number of Voltage Words = 4
* Number of Scans Averaged by the Deck Unit = 1
* NMEA Latitude = 76 35.18 N
* NMEA Longitude = 179 42.41 W
* NMEA UTC (Time) = Sep 16 2025  00:09:49
* NMEA baud rate = 9600
** Ship: USCG HEALY
** Bot. Depth:  1171
** Cast Number:  01
** Station Name:  NABOS
** Station Number:  10
** Operator:  STARC
** normal CTD cast down to 1165m
# nquan = 25
# nvalues = 1181                        
# units = specified
# name 0 = depSM: Depth [salt water, m]
# name 1 = latitude: Latitude [deg]
# name 2 = longitude: Longitude [deg]
# name 3 = prDM: Pressure, Digiquartz [db]
# name 4 = t090C: Temperature [ITS-90, deg C]
# name 5 = t190C: Temperature, 2 [ITS-90, deg C]
# name 6 = c0mS/cm: Conductivity [mS/cm]
# name 7 = c1mS/cm: Conductivity, 2 [mS/cm]
# name 8 = sal00: Salinity, Practical [PSU]
# name 9 = sal11: Salinity, Practical, 2 [PSU]
# name 10 = sbox0Mm/Kg: Oxygen, SBE 43 [umol/kg]
# name 11 = sbox1Mm/Kg: Oxygen, SBE 43, 2 [umol/kg]
# name 12 = flECO-AFL: Fluorescence, WET Labs ECO-AFL/FL [mg/m^3]
# name 13 = v2: Voltage 2
# name 14 = wetCDOM: Fluorescence, WET Labs CDOM [mg/m^3]
# name 15 = v6: Voltage 6
# name 16 = CStarAt0: Beam Attenuation, WET Labs C-Star [1/m]
# name 17 = v3: Voltage 3
# name 18 = scan: Scan Count
# name 19 = timeM: Time, Elapsed [minutes]
# name 20 = altM: Altimeter [m]
# name 21 = sbeox0V: Oxygen raw, SBE 43 [V]
# name 22 = sbeox1V: Oxygen raw, SBE 43, 2 [V]
# name 23 = nbin: number of scans per bin
# name 24 = flag: flag
# span 0 =      2.969,   1167.309       
# span 1 =   76.58586,   76.58628       
# span 2 = -179.70854, -179.70707       
# span 3 =      3.000,   1183.000       
# span 4 =    -1.6718,     0.8759       
# span 5 =    -1.6713,     0.8760       
# span 6 =  23.127331,  29.783233       
# span 7 =  23.126900,  29.781765       
# span 8 =    28.6548,    34.8871       
# span 9 =    28.6532,    34.8851       
# span 10 =    276.498,    381.378      
# span 11 =    270.026,    372.414      
# span 12 =    -0.1823,     0.5475      
# span 13 =     4.5737,     4.6633      
# span 14 =     0.0721,     0.1219      
# span 15 =     0.0721,     0.1219      
# span 16 =     0.0219,     0.0997      
# span 17 =     0.0177,     0.0469      
# span 18 =       3547,      39558      
# span 19 =     2.4628,    27.4698      
# span 20 =       6.47,     100.00      
# span 21 =     1.9510,     2.6633      
# span 22 =     1.7234,     2.3121      
# span 23 =          8,         29      
# span 24 = 0.0000e+00, 0.0000e+00      
# interval = decibars: 1                
# start_time = Sep 16 2025 00:09:49 [NMEA time, header]
# bad_flag = -9.990e-29
*END*
[from data line 464]
    461.596   76.58602 -179.70786    467.000     0.6653     0.6648  29.692069  29.689812    34.8267    34.8243    293.488    287.949    -0.1348     4.6630     0.0827     0.0827     0.0222     0.0196      17979    12.4849     100.00     2.2315     1.9604         17 0.0000e+00
    462.583   76.58602 -179.70786    468.000     0.6618     0.6599  29.689013  29.685608    34.8261    34.8238    293.499    287.082    -0.1487     4.6629     0.0823     0.0823     0.0223     0.0190      18003    12.5017     100.00     2.2312     1.9557         11 0.0000e+00
    463.570   76.58602 -179.70786    469.000     0.6225     0.6190  29.654169  29.649145    34.8243    34.8217    293.816    288.348    -0.1728     4.6629     0.0817     0.0817     0.0223     0.0181      18028    12.5190     100.00     2.2308     1.9601         14 0.0000e+00
    464.558   76.58602 -179.70788    470.000     0.5673     0.5647  29.604342  29.600456    34.8208    34.8187    294.196    289.647    -0.1412     4.6631     0.0818     0.0818     0.0222     0.0193      18054    12.5366     100.00     2.2300     1.9641         20 0.0000e+00
    465.545   76.58602 -179.70788    471.000     0.4830     0.4811  29.530510  29.527551    34.8186    34.8169    294.768    289.436    -0.1654     4.6630     0.0822     0.0822     0.0222     0.0184      18078    12.5535     100.00     2.2289     1.9594         17 0.0000e+00
    466.532   76.58602 -179.70788    472.000     0.4784     0.4790  29.526280  29.525100    34.8176    34.8155    294.685    289.394    -0.1432     4.6627     0.0830     0.0830     0.0224     0.0192      18102    12.5703     100.00     2.2280     1.9589         14 0.0000e+00
    467.519   76.58602 -179.70788    473.000     0.4775     0.4774  29.525287  29.523688    34.8169    34.8148    294.860    289.256    -0.1697     4.6633     0.0829     0.0829     0.0219     0.0182      18127    12.5875     100.00     2.2287     1.9579         12 0.0000e+00
    468.507   76.58602 -179.70788    474.000     0.4775     0.4775  29.525327  29.523725    34.8163    34.8142    295.020    289.742    -0.1696     4.6630     0.0818     0.0818     0.0222     0.0182      18152    12.6045     100.00     2.2294     1.9602         12 0.0000e+00
    469.494   76.58602 -179.70788    475.000     0.4769     0.4777  29.524941  29.524186    34.8159    34.8139    295.287    290.704    -0.1673     4.6630     0.0829     0.0829     0.0222     0.0183      18176    12.6218     100.00     2.2307     1.9648         15 0.0000e+00
    470.481   76.58600 -179.70788    476.000     0.4779     0.4781  29.526145  29.524713    34.8157    34.8136    295.503    290.360    -0.1692     4.6630     0.0819     0.0819     0.0222     0.0182      18201    12.6389     100.00     2.2318     1.9629         15 0.0000e+00
    471.468   76.58600 -179.70788    477.000     0.4771     0.4767  29.525558  29.523542    34.8152    34.8131    295.880    290.431    -0.1670     4.6630     0.0818     0.0818     0.0222     0.0183      18225    12.6557     100.00     2.2337     1.9630         11 0.0000e+00
    472.456   76.58600 -179.70788    478.000     0.4692     0.4691  29.518937  29.517203    34.8149    34.8127    296.180    290.752    -0.1671     4.6630     0.0826     0.0826     0.0222     0.0183      18250    12.6732     100.00     2.2348     1.9640         18 0.0000e+00
    473.443   76.58600 -179.70788    479.000     0.4681     0.4678  29.518230  29.516329    34.8146    34.8125    296.391    290.886    -0.1500     4.6624     0.0823     0.0823     0.0227     0.0190      18274    12.6898     100.00     2.2358     1.9645         12 0.0000e+00
    474.430   76.58600 -179.70788    480.000     0.4675     0.4676  29.517888  29.516431    34.8143    34.8123    296.514    290.677    -0.1336     4.6620     0.0818     0.0818     0.0231     0.0196      18299    12.7071     100.00     2.2363     1.9632         17 0.0000e+00
    475.418   76.58600 -179.70788    481.000     0.4687     0.4683  29.519449  29.517441    34.8144    34.8122    296.542    290.134    -0.1572     4.6626     0.0820     0.0820     0.0226     0.0187      18324    12.7241     100.00     2.2363     1.9604         13 0.0000e+00
    476.405   76.58600 -179.70790    482.000     0.4760     0.4753  29.526632  29.524215    34.8149    34.8126    296.551    290.299    -0.1676     4.6627     0.0829     0.0829     0.0224     0.0183      18348    12.7412     100.00     2.2365     1.9613         13 0.0000e+00
    477.392   76.58600 -179.70790    483.000     0.4791     0.4785  29.529819  29.527455    34.8150    34.8127    296.644    289.292    -0.1623     4.6625     0.0818     0.0818     0.0226     0.0185      18373    12.7584     100.00     2.2370     1.9562         13 0.0000e+00
    478.379   76.58600 -179.70790    484.000     0.4875     0.4871  29.538306  29.536186    34.8160    34.8138    296.696    291.492    -0.1309     4.6619     0.0831     0.0831     0.0232     0.0198      18398    12.7757     100.00     2.2375     1.9673         15 0.0000e+00
    479.366   76.58600 -179.70790    485.000     0.4967     0.4976  29.546672  29.545943    34.8161    34.8141    296.720    290.930    -0.1741     4.6619     0.0830     0.0830     0.0232     0.0180      18422    12.7922     100.00     2.2378     1.9648         11 0.0000e+00
    480.354   76.58600 -179.70790    486.000     0.4995     0.4994  29.549813  29.548052    34.8164    34.8143    296.712    291.405    -0.1696     4.6622     0.0830     0.0830     0.0229     0.0182      18447    12.8096     100.00     2.2377     1.9670         12 0.0000e+00
    481.341   76.58600 -179.70790    487.000     0.5015     0.5016  29.552132  29.550647    34.8167    34.8146    296.620    290.631    -0.1566     4.6620     0.0829     0.0829     0.0231     0.0187      18472    12.8271     100.00     2.2370     1.9631         16 0.0000e+00
    482.328   76.58600 -179.70790    488.000     0.5054     0.5052  29.556271  29.554510    34.8171    34.8150    296.449    290.378    -0.1352     4.6620     0.0830     0.0830     0.0232     0.0196      18497    12.8442     100.00     2.2360     1.9618         15 0.0000e+00
    483.315   76.58600 -179.70790    489.000     0.5076     0.5075  29.558730  29.557132    34.8172    34.8152    296.288    289.923    -0.1444     4.6618     0.0830     0.0830     0.0233     0.0192      18521    12.8610     100.00     2.2349     1.9595         12 0.0000e+00
    484.302   76.58600 -179.70790    490.000     0.5110     0.5110  29.562348  29.560710    34.8175    34.8154    296.048    289.461    -0.1675     4.6620     0.0830     0.0830     0.0231     0.0183      18546    12.8783     100.00     2.2335     1.9571         14 0.0000e+00
    485.290   76.58600 -179.70790    491.000     0.5118     0.5118  29.563616  29.561793    34.8177    34.8153    295.964    290.921    -0.1724     4.6618     0.0827     0.0827     0.0233     0.0181      18570    12.8953     100.00     2.2328     1.9642         12 0.0000e+00
    486.277   76.58600 -179.70790    492.000     0.5119     0.5119  29.564107  29.562427    34.8177    34.8155    295.832    290.612    -0.1725     4.6618     0.0821     0.0821     0.0233     0.0181      18595    12.9125     100.00     2.2318     1.9625         17 0.0000e+00
    487.264   76.58600 -179.70791    493.000     0.5120     0.5121  29.564605  29.562992    34.8176    34.8154    295.839    290.236    -0.1479     4.6622     0.0831     0.0831     0.0229     0.0191      18619    12.9290     100.00     2.2316     1.9604         11 0.0000e+00
    488.251   76.58600 -179.70792    494.000     0.5103     0.5105  29.563525  29.562038    34.8175    34.8154    295.832    290.147    -0.1365     4.6621     0.0841     0.0841     0.0230     0.0195      18644    12.9467     100.00     2.2313     1.9598         15 0.0000e+00
    489.239   76.58600 -179.70792    495.000     0.5074     0.5068  29.561526  29.559148    34.8176    34.8151    295.883    290.251    -0.1627     4.6627     0.0830     0.0830     0.0225     0.0185      18668    12.9635     100.00     2.2312     1.9599         15 0.0000e+00
    490.226   76.58600 -179.70792    496.000     0.5012     0.5005  29.556242  29.554050    34.8171    34.8150    295.887    289.657    -0.1733     4.6618     0.0830     0.0830     0.0233     0.0181      18693    12.9807     100.00     2.2307     1.9565         14 0.0000e+00
    491.213   76.58600 -179.70792    497.000     0.4994     0.4993  29.555037  29.553532    34.8170    34.8150    295.787    289.627    -0.1714     4.6626     0.0830     0.0830     0.0226     0.0181      18718    12.9980     100.00     2.2298     1.9562         14 0.0000e+00
    492.200   76.58600 -179.70792    498.000     0.4993     0.4994  29.555513  29.553984    34.8170    34.8150    295.691    291.244    -0.1732     4.6623     0.0823     0.0823     0.0229     0.0181      18742    13.0147     100.00     2.2290     1.9640         10 0.0000e+00
    493.187   76.58600 -179.70792    499.000     0.5015     0.5010  29.558023  29.555812    34.8173    34.8149    295.511    290.304    -0.1609     4.6627     0.0822     0.0822     0.0225     0.0186      18767    13.0320     100.00     2.2278     1.9592         11 0.0000e+00
    494.175   76.58600 -179.70792    500.000     0.5060     0.5061  29.562575  29.561011    34.8175    34.8155    295.522    290.132    -0.1340     4.6621     0.0824     0.0824     0.0231     0.0196      18792    13.0490     100.00     2.2279     1.9584         13 0.0000e+00
    495.162   76.58600 -179.70792    501.000     0.5016     0.5007  29.558859  29.556222    34.8171    34.8147    295.548    288.702    -0.1328     4.6623     0.0818     0.0818     0.0229     0.0197      18817    13.0665     100.00     2.2276     1.9508         16 0.0000e+00
    496.149   76.58600 -179.70792    502.000     0.4572     0.4567  29.519828  29.517347    34.8155    34.8128    295.858    291.835    -0.1489     4.6623     0.0818     0.0818     0.0229     0.0190      18841    13.0836     100.00     2.2269     1.9643         15 0.0000e+00
    497.136   76.58600 -179.70792    503.000     0.3983     0.3997  29.468313  29.467521    34.8138    34.8111    296.243    290.805    -0.1760     4.6625     0.0818     0.0818     0.0226     0.0180      18866    13.1004     100.00     2.2259     1.9566         10 0.0000e+00
    498.123   76.58600 -179.70792    504.000     0.3784     0.3785  29.451590  29.450231    34.8137    34.8118    296.400    290.910    -0.1425     4.6621     0.0816     0.0816     0.0230     0.0193      18891    13.1177     100.00     2.2256     1.9561         14 0.0000e+00
    499.110   76.58600 -179.70794    505.000     0.3761     0.3762  29.449459  29.448004    34.8129    34.8109    296.613    290.656    -0.1342     4.6623     0.0817     0.0817     0.0228     0.0196      18915    13.1348     100.00     2.2265     1.9545         14 0.0000e+00
    500.097   76.58600 -179.70794    506.000     0.3759     0.3760  29.449431  29.447907    34.8125    34.8104    296.888    292.164    -0.1344     4.6620     0.0829     0.0829     0.0231     0.0196      18940    13.1518     100.00     2.2279     1.9618         14 0.0000e+00
    501.084   76.58600 -179.70794    507.000     0.3756     0.3740  29.449204  29.446415    34.8120    34.8101    297.143    291.670    -0.1697     4.6623     0.0821     0.0821     0.0228     0.0182      18964    13.1689     100.00     2.2291     1.9591         12 0.0000e+00
    502.072   76.58600 -179.70794    508.000     0.3737     0.3734  29.447941  29.446095    34.8118    34.8098    297.167    292.264    -0.1330     4.6626     0.0817     0.0817     0.0225     0.0197      18989    13.1859     100.00     2.2289     1.9618         13 0.0000e+00
    503.059   76.58600 -179.70794    509.000     0.3717     0.3718  29.446319  29.444757    34.8114    34.8093    297.243    291.436    -0.1712     4.6618     0.0825     0.0825     0.0233     0.0181      19014    13.2032     100.00     2.2290     1.9575         14 0.0000e+00
    504.046   76.58600 -179.70794    510.000     0.3688     0.3690  29.444030  29.442762    34.8111    34.8092    297.424    290.223    -0.1528     4.6618     0.0824     0.0824     0.0233     0.0189      19038    13.2203     100.00     2.2297     1.9512         14 0.0000e+00
    505.033   76.58600 -179.70794    511.000     0.3681     0.3680  29.443816  29.442106    34.8110    34.8089    297.400    292.561    -0.1519     4.6618     0.0818     0.0818     0.0233     0.0189      19063    13.2375     100.00     2.2293     1.9624         16 0.0000e+00
    506.020   76.58600 -179.70794    512.000     0.3684     0.3683  29.444367  29.442778    34.8108    34.8089    297.300    294.019    -0.1710     4.6618     0.0818     0.0818     0.0233     0.0181      19088    13.2545     100.00     2.2285     1.9695         13 0.0000e+00
    507.007   76.58600 -179.70794    513.000     0.3683     0.3684  29.444702  29.443153    34.8108    34.8086    297.316    292.220    -0.1726     4.6617     0.0818     0.0818     0.0234     0.0181      19112    13.2716     100.00     2.2283     1.9604         11 0.0000e+00
    507.994   76.58600 -179.70794    514.000     0.3684     0.3684  29.445338  29.443444    34.8108    34.8084    297.498    291.758    -0.1666     4.6616     0.0816     0.0816     0.0234     0.0183      19136    13.2880     100.00     2.2292     1.9579          8 0.0000e+00
    508.981   76.58600 -179.70794    515.000     0.3684     0.3684  29.445532  29.443919    34.8105    34.8085    297.577    292.048    -0.1456     4.6618     0.0818     0.0818     0.0233     0.0191      19162    13.3061     100.00     2.2294     1.9592         17 0.0000e+00
    509.969   76.58600 -179.70794    516.000     0.3682     0.3683  29.445773  29.444175    34.8104    34.8083    297.639    291.410    -0.1702     4.6618     0.0818     0.0818     0.0233     0.0182      19186    13.3230     100.00     2.2296     1.9558         12 0.0000e+00
    510.956   76.58600 -179.70796    517.000     0.3679     0.3679  29.445874  29.444340    34.8104    34.8084    297.614    288.870    -0.1740     4.6616     0.0829     0.0829     0.0234     0.0180      19211    13.3401     100.00     2.2292     1.9431         13 0.0000e+00
    511.943   76.58600 -179.70796    518.000     0.3679     0.3680  29.446262  29.444795    34.8103    34.8083    297.537    292.001    -0.1718     4.6618     0.0830     0.0830     0.0233     0.0181      19236    13.3573     100.00     2.2285     1.9584         13 0.0000e+00
    512.930   76.58600 -179.70796    519.000     0.3682     0.3681  29.446914  29.445279    34.8103    34.8082    297.554    290.429    -0.1714     4.6618     0.0830     0.0830     0.0233     0.0181      19260    13.3744     100.00     2.2284     1.9504         14 0.0000e+00
    513.917   76.58598 -179.70796    520.000     0.3681     0.3680  29.447259  29.445682    34.8102    34.8082    297.647    290.873    -0.1740     4.6617     0.0830     0.0830     0.0234     0.0180      19285    13.3915     100.00     2.2287     1.9524         13 0.0000e+00
    514.904   76.58598 -179.70796    521.000     0.3680     0.3681  29.447533  29.446101    34.8101    34.8081    297.770    292.142    -0.1672     4.6616     0.0830     0.0830     0.0235     0.0183      19309    13.4083     100.00     2.2292     1.9585         10 0.0000e+00
    515.891   76.58598 -179.70796    522.000     0.3697     0.3693  29.449511  29.447615    34.8102    34.8082    297.922    291.357    -0.1699     4.6617     0.0830     0.0830     0.0233     0.0182      19334    13.4260     100.00     2.2299     1.9545         22 0.0000e+00
    516.878   76.58598 -179.70796    523.000     0.3709     0.3712  29.451128  29.449782    34.8103    34.8083    298.001    291.634    -0.1578     4.6614     0.0829     0.0829     0.0236     0.0187      19359    13.4427     100.00     2.2302     1.9558         11 0.0000e+00
