Continuous CTD Data/SBE Stage/nabos_05_02.ros
* Sea-Bird SBE 9 Data File:
* FileName = D:\CTD\data\HLY2502\raw\NABOS_05_02.hex
* Software Version Seasave V 7.26.7.110
* Temperature SN = 6954
* Conductivity SN = 2561
* Number of Bytes Per Scan = 37
* Number of Voltage Words = 4
* Number of Scans Averaged by the Deck Unit = 1
* NMEA Latitude = 75 06.49 N
* NMEA Longitude = 172 12.32 E
* NMEA UTC (Time) = Sep 12 2025  18:35:48
* NMEA baud rate = 9600
** Ship: USCG HEALY
** Bot. Depth:  149
** Cast Number:  02
** Station Name:  NABOS
** Station Number:  05
** Operator:  STARC
# nquan = 25
# nvalues = 735                                   
# units = specified
# name 0 = depSM: Depth [salt water, m]
# name 1 = latitude: Latitude [deg]
# name 2 = longitude: Longitude [deg]
# name 3 = prDM: Pressure, Digiquartz [db]
# name 4 = t090C: Temperature [ITS-90, deg C]
# name 5 = t190C: Temperature, 2 [ITS-90, deg C]
# name 6 = c0mS/cm: Conductivity [mS/cm]
# name 7 = c1mS/cm: Conductivity, 2 [mS/cm]
# name 8 = sal00: Salinity, Practical [PSU]
# name 9 = sal11: Salinity, Practical, 2 [PSU]
# name 10 = sbox0Mm/Kg: Oxygen, SBE 43 [umol/kg]
# name 11 = sbox1Mm/Kg: Oxygen, SBE 43, 2 [umol/kg]
# name 12 = flECO-AFL: Fluorescence, WET Labs ECO-AFL/FL [mg/m^3]
# name 13 = v2: Voltage 2
# name 14 = wetCDOM: Fluorescence, WET Labs CDOM [mg/m^3]
# name 15 = v6: Voltage 6
# name 16 = CStarAt0: Beam Attenuation, WET Labs C-Star [1/m]
# name 17 = v3: Voltage 3
# name 18 = scan: Scan Count
# name 19 = timeM: Time, Elapsed [minutes]
# name 20 = altM: Altimeter [m]
# name 21 = sbeox0V: Oxygen raw, SBE 43 [V]
# name 22 = sbeox1V: Oxygen raw, SBE 43, 2 [V]
# name 23 = nbf: Bottles Fired
# name 24 = flag:  0.000e+00
# interval = seconds: 0.0416667
# start_time = Sep 12 2025 18:35:48 [NMEA time, header]
# bad_flag = -9.990e-29
*END*
[from data line 232]
     85.073   75.11092  172.21314     85.984    -1.2907    -1.2900  27.193268  27.193508    33.9261    33.9256    279.956    273.266    -0.0755     4.6471     0.1123     0.1123     0.0359     0.0220      25532    17.7299      44.79     2.1274     1.8673          5  0.000e+00
     85.139   75.11092  172.21314     86.051    -1.2907    -1.2896  27.192967  27.193734    33.9257    33.9254    279.751    273.513    -0.1061     4.6471     0.1123     0.1123     0.0359     0.0208      25533    17.7306      44.44     2.1262     1.8685          5  0.000e+00
     85.073   75.11092  172.21314     85.984    -1.2908    -1.2897  27.192606  27.193621    33.9253    33.9254    279.959    274.006    -0.0755     4.6459     0.1123     0.1123     0.0369     0.0220      25534    17.7312      44.30     2.1274     1.8710          5  0.000e+00
     85.073   75.11092  172.21314     85.984    -1.2909    -1.2899  27.192305  27.193734    33.9250    33.9258    279.751    274.502    -0.0755     4.6471     0.1123     0.1123     0.0359     0.0220      25535    17.7319      44.30     2.1262     1.8734          5  0.000e+00
     85.073   75.11092  172.21314     85.984    -1.2907    -1.2897  27.192365  27.193848    33.9249    33.9257    279.959    274.253    -0.1061     4.6471     0.1136     0.1136     0.0359     0.0208      25536    17.7326      44.76     2.1274     1.8722          5  0.000e+00
     85.073   75.11092  172.21314     85.984    -1.2907    -1.2897  27.192244  27.193848    33.9247    33.9257    279.750    273.758    -0.1061     4.6471     0.1123     0.1123     0.0359     0.0208      25537    17.7333      44.86     2.1262     1.8697          5  0.000e+00
     85.073   75.11092  172.21314     85.984    -1.2909    -1.2897  27.191943  27.194188    33.9245    33.9262    279.961    273.262    -0.0755     4.6459     0.1123     0.1123     0.0369     0.0220      25538    17.7340      45.42     2.1274     1.8673          5  0.000e+00
     85.073   75.11092  172.21314     85.984    -1.2909    -1.2897  27.191943  27.194131    33.9245    33.9261    279.961    273.015    -0.0755     4.6484     0.1123     0.1123     0.0348     0.0220      25539    17.7347      45.45     2.1274     1.8661          5  0.000e+00
     85.073   75.11092  172.21314     85.984    -1.2907    -1.2894  27.192305  27.194244    33.9248    33.9259    279.750    273.013    -0.1061     4.6484     0.1123     0.1123     0.0348     0.0208      25540    17.7354      44.86     2.1262     1.8661          5  0.000e+00
     85.073   75.11092  172.21314     85.984    -1.2911    -1.2896  27.192244  27.194188    33.9251    33.9261    279.961    272.766    -0.0755     4.6496     0.1123     0.1123     0.0338     0.0220      25541    17.7361      44.64     2.1274     1.8648          5  0.000e+00
     85.073   75.11092  172.21314     85.984    -1.2910    -1.2896  27.192726  27.193904    33.9257    33.9257    279.750    273.015    -0.0755     4.6496     0.1123     0.1123     0.0338     0.0220      25542    17.7368      44.79     2.1262     1.8661          5  0.000e+00
     85.073   75.11092  172.21314     85.984    -1.2907    -1.2894  27.192967  27.194187    33.9257    33.9259    279.748    273.260    -0.0755     4.6484     0.1123     0.1123     0.0348     0.0220      25543    17.7375      44.84     2.1262     1.8673          5  0.000e+00
     85.073   75.11092  172.21314     85.984    -1.2909    -1.2896  27.193329  27.193961    33.9264    33.9257    279.957    273.262    -0.0755     4.6496     0.1136     0.1136     0.0338     0.0220      25544    17.7382      45.20     2.1274     1.8673          5  0.000e+00
     70.235   75.11122  172.21378     70.985    -1.4940    -1.4933  26.784963  26.783643    33.6030    33.6004    281.007    274.123    -0.0755     4.6532     0.1221     0.1221     0.0306     0.0220      28049    19.4778      59.41     2.1226     1.8624          6  0.000e+00
     70.309   75.11122  172.21378     71.059    -1.4938    -1.4930  26.785323  26.783925    33.6032    33.6004    281.007    274.123    -0.0755     4.6532     0.1221     0.1221     0.0306     0.0220      28050    19.4785      59.05     2.1226     1.8624          6  0.000e+00
     70.128   75.11122  172.21378     70.877    -1.4936    -1.4932  26.785322  26.783755    33.6030    33.6005    280.999    274.118    -0.0755     4.6532     0.1221     0.1221     0.0306     0.0220      28051    19.4792      59.02     2.1226     1.8624          6  0.000e+00
     70.309   75.11122  172.21378     71.059    -1.4934    -1.4929  26.785323  26.783868    33.6028    33.6002    281.005    274.123    -0.0755     4.6532     0.1221     0.1221     0.0306     0.0220      28052    19.4799      59.00     2.1226     1.8624          6  0.000e+00
     70.235   75.11122  172.21378     70.985    -1.4932    -1.4930  26.785383  26.784150    33.6027    33.6007    281.001    274.120    -0.1061     4.6532     0.1233     0.1233     0.0306     0.0208      28053    19.4806      59.22     2.1226     1.8624          6  0.000e+00
     70.366   75.11122  172.21378     71.117    -1.4933    -1.4932  26.785503  26.784207    33.6028    33.6009    281.006    274.375    -0.1061     4.6532     0.1233     0.1233     0.0306     0.0208      28054    19.4812      59.29     2.1226     1.8636          6  0.000e+00
     70.243   75.11122  172.21378     70.993    -1.4931    -1.4929  26.785562  26.784206    33.6027    33.6007    281.000    274.369    -0.0755     4.6520     0.1233     0.1233     0.0317     0.0220      28055    19.4819      59.27     2.1226     1.8636          6  0.000e+00
     70.300   75.11122  172.21378     71.051    -1.4934    -1.4930  26.785443  26.784037    33.6029    33.6005    281.215    274.372    -0.0755     4.6532     0.1233     0.1233     0.0306     0.0220      28056    19.4826      59.27     2.1238     1.8636          6  0.000e+00
     70.309   75.11122  172.21378     71.059    -1.4932    -1.4932  26.785742  26.783981    33.6031    33.6006    281.002    274.124    -0.1061     4.6520     0.1233     0.1233     0.0317     0.0208      28057    19.4833      58.93     2.1226     1.8624          6  0.000e+00
     70.309   75.11122  172.21378     71.059    -1.4931    -1.4929  26.785682  26.784150    33.6028    33.6005    281.213    273.873    -0.0755     4.6532     0.1233     0.1233     0.0306     0.0220      28058    19.4840      58.68     2.1238     1.8612          6  0.000e+00
     70.243   75.11122  172.21378     70.993    -1.4930    -1.4930  26.785383  26.784037    33.6024    33.6006    281.000    273.373    -0.0755     4.6532     0.1221     0.1221     0.0306     0.0220      28059    19.4847      58.63     2.1226     1.8588          6  0.000e+00
     70.358   75.11122  172.21378     71.109    -1.4931    -1.4927  26.785862  26.784319    33.6031    33.6005    281.214    273.375    -0.0755     4.6532     0.1233     0.1233     0.0306     0.0220      28060    19.4854      58.83     2.1238     1.8588          6  0.000e+00
     70.309   75.11122  172.21378     71.059    -1.4932    -1.4927  26.785742  26.784263    33.6031    33.6005    281.002    273.124    -0.0755     4.6532     0.1233     0.1233     0.0306     0.0220      28061    19.4861      58.88     2.1226     1.8575          6  0.000e+00
     70.309   75.11122  172.21378     71.059    -1.4931    -1.4927  26.785802  26.784375    33.6030    33.6006    281.212    273.373    -0.0755     4.6520     0.1233     0.1233     0.0317     0.0220      28062    19.4868      59.07     2.1238     1.8588          6  0.000e+00
     70.358   75.11122  172.21378     71.109    -1.4930    -1.4929  26.786222  26.784319    33.6035    33.6007    281.213    273.625    -0.0755     4.6532     0.1233     0.1233     0.0306     0.0220      28063    19.4875      59.22     2.1238     1.8600          6  0.000e+00
     70.309   75.11122  172.21378     71.059    -1.4924    -1.4929  26.786581  26.784206    33.6034    33.6006    280.996    273.623    -0.0755     4.6532     0.1233     0.1233     0.0306     0.0220      28064    19.4882      59.41     2.1226     1.8600          6  0.000e+00
     70.309   75.11122  172.21378     71.059    -1.4924    -1.4926  26.786401  26.784206    33.6031    33.6003    281.206    273.622    -0.0755     4.6532     0.1233     0.1233     0.0306     0.0220      28065    19.4889      59.44     2.1238     1.8600          6  0.000e+00
     70.366   75.11122  172.21378     71.117    -1.4923    -1.4924  26.786521  26.784376    33.6031    33.6003    281.208    273.373    -0.0755     4.6520     0.1233     0.1233     0.0317     0.0220      28066    19.4896      59.51     2.1238     1.8588          6  0.000e+00
     70.300   75.11122  172.21378     71.051    -1.4926    -1.4926  26.786461  26.785052    33.6034    33.6015    281.207    273.370    -0.0755     4.6532     0.1233     0.1233     0.0306     0.0220      28067    19.4903      59.56     2.1238     1.8588          6  0.000e+00
     70.366   75.11122  172.21378     71.117    -1.4925    -1.4923  26.786162  26.785277    33.6029    33.6014    281.210    273.619    -0.0755     4.6532     0.1233     0.1233     0.0306     0.0220      28068    19.4910      59.39     2.1238     1.8600          6  0.000e+00
     70.366   75.11122  172.21378     71.117    -1.4928    -1.4923  26.786102  26.785446    33.6031    33.6016    281.212    273.868    -0.0755     4.6532     0.1233     0.1233     0.0306     0.0220      28069    19.4917      59.17     2.1238     1.8612          6  0.000e+00
     70.366   75.11122  172.21378     71.117    -1.4928    -1.4921  26.785742  26.784939    33.6026    33.6007    281.213    273.868    -0.0755     4.6532     0.1233     0.1233     0.0306     0.0220      28070    19.4924      59.17     2.1238     1.8612          6  0.000e+00
     70.300   75.11122  172.21378     71.051    -1.4926    -1.4921  26.785982  26.784939    33.6028    33.6008    281.209    273.866    -0.0755     4.6532     0.1233     0.1233     0.0306     0.0220      28071    19.4931      59.24     2.1238     1.8612          6  0.000e+00
     70.366   75.11122  172.21378     71.117    -1.4928    -1.4923  26.786282  26.784995    33.6034    33.6010    281.422    273.869    -0.0755     4.6532     0.1221     0.1221     0.0306     0.0220      28072    19.4937      59.27     2.1250     1.8612          6  0.000e+00
     70.366   75.11122  172.21378     71.117    -1.4928    -1.4923  26.786581  26.785164    33.6037    33.6012    281.210    273.868    -0.1061     4.6520     0.1233     0.1233     0.0317     0.0208      28073    19.4944      59.24     2.1238     1.8612          6  0.000e+00
     70.358   75.11122  172.21378     71.109    -1.4925    -1.4921  26.786641  26.785277    33.6036    33.6012    281.419    273.867    -0.0755     4.6532     0.1233     0.1233     0.0306     0.0220      28074    19.4951      59.24     2.1250     1.8612          6  0.000e+00
     70.309   75.11122  172.21378     71.059    -1.4924    -1.4923  26.786821  26.785052    33.6037    33.6011    281.205    273.867    -0.0755     4.6532     0.1233     0.1233     0.0306     0.0220      28075    19.4958      59.34     2.1238     1.8612          6  0.000e+00
     70.366   75.11122  172.21378     71.117    -1.4924    -1.4921  26.786701  26.784995    33.6035    33.6008    281.208    273.868    -0.1061     4.6532     0.1233     0.1233     0.0306     0.0208      28076    19.4965      59.39     2.1238     1.8612          6  0.000e+00
     70.366   75.11122  172.21378     71.117    -1.4923    -1.4923  26.786641  26.785221    33.6033    33.6013    281.418    274.117    -0.0755     4.6532     0.1233     0.1233     0.0306     0.0220      28077    19.4972      59.49     2.1250     1.8624          6  0.000e+00
     70.358   75.11122  172.21378     71.109    -1.4924    -1.4923  26.786821  26.785052    33.6037    33.6011    281.207    274.118    -0.1061     4.6532     0.1233     0.1233     0.0306     0.0208      28078    19.4979      59.44     2.1238     1.8624          6  0.000e+00
     70.366   75.11122  172.21378     71.117    -1.4924    -1.4923  26.786881  26.784995    33.6037    33.6010    281.207    274.367    -0.0755     4.6520     0.1233     0.1233     0.0317     0.0220      28079    19.4986      59.54     2.1238     1.8636          6  0.000e+00
     70.309   75.11122  172.21378     71.059    -1.4923    -1.4923  26.786701  26.784995    33.6034    33.6010    280.994    274.365    -0.1061     4.6532     0.1233     0.1233     0.0306     0.0208      28080    19.4993      59.63     2.1226     1.8636          6  0.000e+00
     70.415   75.11122  172.21378     71.167    -1.4924    -1.4921  26.786461  26.784995    33.6031    33.6008    281.421    274.119    -0.0755     4.6532     0.1221     0.1221     0.0306     0.0220      28081    19.5000      59.68     2.1250     1.8624          6  0.000e+00
     70.309   75.11122  172.21378     71.059    -1.4924    -1.4923  26.786761  26.785333    33.6036    33.6015    281.206    274.364    -0.1061     4.6520     0.1221     0.1221     0.0317     0.0208      28082    19.5007      59.73     2.1238     1.8636          6  0.000e+00
     70.366   75.11122  172.21378     71.117    -1.4925    -1.4921  26.786701  26.785503    33.6036    33.6015    281.419    274.365    -0.1061     4.6520     0.1221     0.1221     0.0317     0.0208      28083    19.5014      59.85     2.1250     1.8636          6  0.000e+00
     70.366   75.11122  172.21378     71.117    -1.4923    -1.4923  26.786461  26.785333    33.6031    33.6015    281.208    274.366    -0.0755     4.6520     0.1221     0.1221     0.0317     0.0220      28084    19.5021      60.00     2.1238     1.8636          6  0.000e+00
     70.300   75.11122  172.21378     71.051    -1.4924    -1.4920  26.786761  26.785052    33.6036    33.6008    281.205    274.612    -0.1061     4.6520     0.1221     0.1221     0.0317     0.0208      28085    19.5028      60.22     2.1238     1.8649          6  0.000e+00
     70.366   75.11122  172.21378     71.117    -1.4923    -1.4920  26.786881  26.785333    33.6036    33.6011    281.417    274.365    -0.0755     4.6532     0.1221     0.1221     0.0306     0.0220      28086    19.5035      60.37     2.1250     1.8636          6  0.000e+00
     70.366   75.11122  172.21378     71.117    -1.4925    -1.4924  26.786701  26.785333    33.6036    33.6016    281.209    274.367    -0.1061     4.6532     0.1221     0.1221     0.0306     0.0208      28087    19.5042      60.44     2.1238     1.8636          6  0.000e+00
     70.309   75.11122  172.21378     71.059    -1.4924    -1.4923  26.786641  26.784883    33.6035    33.6009    281.417    274.365    -0.0755     4.6532     0.1221     0.1221     0.0306     0.0220      28088    19.5049      60.17     2.1250     1.8636          6  0.000e+00
     70.358   75.11122  172.21378     71.109    -1.4924    -1.4921  26.786641  26.784939    33.6034    33.6007    281.208    274.117    -0.1061     4.6532     0.1221     0.1221     0.0306     0.0208      28089    19.5056      60.39     2.1238     1.8624          6  0.000e+00
     70.366   75.11122  172.21378     71.117    -1.4925    -1.4923  26.786641  26.784826    33.6036    33.6008    281.419    274.368    -0.0755     4.6532     0.1221     0.1221     0.0306     0.0220      28090    19.5063      60.46     2.1250     1.8636          6  0.000e+00
     70.309   75.11122  172.21378     71.059    -1.4923    -1.4921  26.786821  26.784770    33.6036    33.6005    281.415    274.365    -0.0755     4.6532     0.1221     0.1221     0.0306     0.0220      28091    19.5069      60.22     2.1250     1.8636          6  0.000e+00
     70.300   75.11122  172.21378     71.051    -1.4922    -1.4921  26.786880  26.785108    33.6036    33.6010    281.204    274.363    -0.1061     4.6532     0.1221     0.1221     0.0306     0.0208      28092    19.5076      59.98     2.1238     1.8636          6  0.000e+00
