Continuous CTD Data/SBE Stage/nabos_35_01.ros
* Sea-Bird SBE 9 Data File:
* FileName = D:\CTD\data\HLY2502\raw\NABOS_35_01.hex
* Software Version Seasave V 7.26.7.110
* Temperature SN = 6954
* Conductivity SN = 2561
* Number of Bytes Per Scan = 37
* Number of Voltage Words = 4
* Number of Scans Averaged by the Deck Unit = 1
* NMEA Latitude = 79 33.18 N
* NMEA Longitude = 135 18.37 E
* NMEA UTC (Time) = Sep 24 2025  06:03:21
* NMEA baud rate = 9600
** Ship: USCG HEALY
** Bot. Depth:  3187
** Cast Number:  01
** Station Name:  NABOS
** Station Number:  35
** Operator:  STARC
** Cast to 1200 m
# nquan = 25
# nvalues = 1029                                  
# units = specified
# name 0 = depSM: Depth [salt water, m]
# name 1 = latitude: Latitude [deg]
# name 2 = longitude: Longitude [deg]
# name 3 = prDM: Pressure, Digiquartz [db]
# name 4 = t090C: Temperature [ITS-90, deg C]
# name 5 = t190C: Temperature, 2 [ITS-90, deg C]
# name 6 = c0mS/cm: Conductivity [mS/cm]
# name 7 = c1mS/cm: Conductivity, 2 [mS/cm]
# name 8 = sal00: Salinity, Practical [PSU]
# name 9 = sal11: Salinity, Practical, 2 [PSU]
# name 10 = sbox0Mm/Kg: Oxygen, SBE 43 [umol/kg]
# name 11 = sbox1Mm/Kg: Oxygen, SBE 43, 2 [umol/kg]
# name 12 = flECO-AFL: Fluorescence, WET Labs ECO-AFL/FL [mg/m^3]
# name 13 = v2: Voltage 2
# name 14 = wetCDOM: Fluorescence, WET Labs CDOM [mg/m^3]
# name 15 = v6: Voltage 6
# name 16 = CStarAt0: Beam Attenuation, WET Labs C-Star [1/m]
# name 17 = v3: Voltage 3
# name 18 = scan: Scan Count
# name 19 = timeM: Time, Elapsed [minutes]
# name 20 = altM: Altimeter [m]
# name 21 = sbeox0V: Oxygen raw, SBE 43 [V]
# name 22 = sbeox1V: Oxygen raw, SBE 43, 2 [V]
# name 23 = nbf: Bottles Fired
# name 24 = flag:  0.000e+00
# interval = seconds: 0.0416667
# start_time = Sep 24 2025 06:03:21 [NMEA time, header]
# bad_flag = -9.990e-29
*END*
[from data line 754]
     39.987   79.55822  135.26052     40.418    -1.7212    -1.7212  26.213545  26.212058    33.0858    33.0838    342.706    338.838     0.0466     4.5946     0.1136     0.1136     0.0813     0.0269     107776    74.8438     100.00     2.4667     2.1681         16  0.000e+00
     39.921   79.55822  135.26052     40.351    -1.7212    -1.7213  26.213247  26.211946    33.0854    33.0837    342.916    339.839     0.0160     4.5958     0.1136     0.1136     0.0803     0.0256     107777    74.8444     100.00     2.4679     2.1730         16  0.000e+00
     39.864   79.55822  135.26052     40.293    -1.7214    -1.7212  26.213306  26.211946    33.0857    33.0836    342.702    340.087     0.0160     4.5946     0.1136     0.1136     0.0813     0.0256     107778    74.8451     100.00     2.4667     2.1742         16  0.000e+00
     39.921   79.55822  135.26052     40.351    -1.7210    -1.7212  26.213425  26.211946    33.0855    33.0836    342.702    340.089     0.0466     4.5958     0.1136     0.1136     0.0803     0.0269     107779    74.8458     100.00     2.4667     2.1742         16  0.000e+00
     39.921   79.55822  135.26052     40.351    -1.7210    -1.7212  26.213366  26.211946    33.0854    33.0836    342.914    339.838     0.0160     4.5946     0.1148     0.1148     0.0813     0.0256     107780    74.8465     100.00     2.4679     2.1730         16  0.000e+00
     39.987   79.55822  135.26052     40.418    -1.7212    -1.7212  26.213188  26.211779    33.0853    33.0833    342.707    339.591    -0.0145     4.5946     0.1148     0.1148     0.0813     0.0244     107781    74.8472     100.00     2.4667     2.1717         16  0.000e+00
     39.864   79.55822  135.26052     40.293    -1.7210    -1.7212  26.213128  26.211890    33.0851    33.0835    342.913    340.087    -0.0145     4.5946     0.1148     0.1148     0.0813     0.0244     107782    74.8479     100.00     2.4679     2.1742         16  0.000e+00
     39.888   79.55822  135.26052     40.318    -1.7209    -1.7212  26.213128  26.211946    33.0850    33.0836    342.913    339.586     0.0160     4.5946     0.1148     0.1148     0.0813     0.0256     107783    74.8486     100.00     2.4679     2.1717         16  0.000e+00
     39.921   79.55822  135.26052     40.351    -1.7210    -1.7210  26.213188  26.211555    33.0851    33.0828    342.915    338.082    -0.0145     4.5946     0.1136     0.1136     0.0813     0.0244     107784    74.8493     100.00     2.4679     2.1644         16  0.000e+00
     39.921   79.55822  135.26052     40.351    -1.7209    -1.7212  26.213128  26.211611    33.0849    33.0831    342.702    337.581     0.0160     4.5946     0.1148     0.1148     0.0813     0.0256     107785    74.8500     100.00     2.4667     2.1620         16  0.000e+00
     39.921   79.55822  135.26052     40.351    -1.7212    -1.7210  26.213128  26.211331    33.0852    33.0825    342.705    336.578     0.0160     4.5946     0.1148     0.1148     0.0813     0.0256     107786    74.8507     100.00     2.4667     2.1571         16  0.000e+00
     39.864   79.55822  135.26052     40.293    -1.7209    -1.7209  26.213128  26.211219    33.0850    33.0823    342.700    335.822    -0.0145     4.5946     0.1148     0.1148     0.0813     0.0244     107787    74.8514     100.00     2.4667     2.1534         16  0.000e+00
     39.921   79.55822  135.26052     40.351    -1.7210    -1.7207  26.213188  26.211219    33.0851    33.0820    342.703    336.325    -0.0145     4.5946     0.1148     0.1148     0.0813     0.0244     107788    74.8521     100.00     2.4667     2.1559         16  0.000e+00
     39.921   79.55822  135.26052     40.351    -1.7210    -1.7209  26.213307  26.210996    33.0853    33.0819    342.703    336.829    -0.0145     4.5946     0.1148     0.1148     0.0813     0.0244     107789    74.8528     100.00     2.4667     2.1583         16  0.000e+00
     39.864   79.55822  135.26052     40.293    -1.7210    -1.7206  26.213188  26.210380    33.0852    33.0808    342.700    336.575     0.0160     4.5946     0.1148     0.1148     0.0813     0.0256     107790    74.8535     100.00     2.4667     2.1571         16  0.000e+00
     39.921   79.55822  135.26050     40.351    -1.7212    -1.7204  26.213128  26.209989    33.0852    33.0800    342.704    336.076    -0.0145     4.5946     0.1148     0.1148     0.0813     0.0244     107791    74.8542     100.00     2.4667     2.1546         16  0.000e+00
     39.888   79.55822  135.26050     40.318    -1.7209    -1.7206  26.213306  26.210101    33.0852    33.0804    342.700    335.574    -0.0145     4.5946     0.1148     0.1148     0.0813     0.0244     107792    74.8549     100.00     2.4667     2.1522         16  0.000e+00
     39.921   79.55822  135.26050     40.352    -1.7210    -1.7204  26.213247  26.210940    33.0852    33.0813    342.703    335.069    -0.0145     4.5946     0.1148     0.1148     0.0813     0.0244     107793    74.8556     100.00     2.4667     2.1498         16  0.000e+00
     39.864   79.55822  135.26050     40.293    -1.7209    -1.7207  26.213485  26.211219    33.0855    33.0821    342.698    333.562    -0.0145     4.5946     0.1148     0.1148     0.0813     0.0244     107794    74.8563     100.00     2.4667     2.1424         16  0.000e+00
     39.921   79.55822  135.26050     40.352    -1.7209    -1.7207  26.213247  26.211219    33.0851    33.0820    342.702    333.314    -0.0145     4.5946     0.1148     0.1148     0.0813     0.0244     107795    74.8569     100.00     2.4667     2.1412         16  0.000e+00
     39.921   79.55822  135.26050     40.352    -1.7210    -1.7207  26.213307  26.211219    33.0853    33.0820    342.914    333.816     0.0160     4.5946     0.1148     0.1148     0.0813     0.0256     107796    74.8576     100.00     2.4679     2.1436         16  0.000e+00
     39.864   79.55822  135.26050     40.293    -1.7212    -1.7208  26.213544  26.211219    33.0859    33.0822    342.700    334.065    -0.0145     4.5946     0.1148     0.1148     0.0813     0.0244     107797    74.8583     100.00     2.4667     2.1449         16  0.000e+00
     39.921   79.55822  135.26050     40.352    -1.7214    -1.7210  26.213485  26.211555    33.0859    33.0828    342.916    334.068    -0.0145     4.5946     0.1148     0.1148     0.0813     0.0244     107798    74.8590     100.00     2.4679     2.1449         16  0.000e+00
     39.864   79.55822  135.26050     40.293    -1.7210    -1.7210  26.213366  26.211722    33.0854    33.0831    342.699    333.813     0.0160     4.5946     0.1148     0.1148     0.0813     0.0256     107799    74.8597     100.00     2.4667     2.1436         16  0.000e+00
     39.888   79.55822  135.26050     40.318    -1.7209    -1.7210  26.213366  26.211722    33.0853    33.0831    342.700    334.065    -0.0145     4.5946     0.1148     0.1148     0.0813     0.0244     107800    74.8604     100.00     2.4667     2.1449         16  0.000e+00
     39.921   79.55822  135.26050     40.352    -1.7214    -1.7210  26.213188  26.211722    33.0855    33.0831    342.705    335.572    -0.0145     4.5934     0.1148     0.1148     0.0824     0.0244     107801    74.8611     100.00     2.4667     2.1522         16  0.000e+00
     39.864   79.55822  135.26050     40.293    -1.7210    -1.7212  26.213366  26.211890    33.0854    33.0835    342.699    337.828    -0.0145     4.5946     0.1148     0.1148     0.0813     0.0244     107802    74.8618     100.00     2.4667     2.1632         16  0.000e+00
     39.921   79.55822  135.26050     40.352    -1.7210    -1.7212  26.213188  26.211778    33.0851    33.0833    342.703    339.086    -0.0145     4.5946     0.1148     0.1148     0.0813     0.0244     107803    74.8625     100.00     2.4667     2.1693         16  0.000e+00
     39.864   79.55822  135.26050     40.293    -1.7212    -1.7212  26.213485  26.211722    33.0858    33.0833    342.700    339.083    -0.0145     4.5946     0.1148     0.1148     0.0813     0.0244     107804    74.8632     100.00     2.4667     2.1693         16  0.000e+00
     39.921   79.55822  135.26050     40.352    -1.7210    -1.7212  26.213425  26.211890    33.0855    33.0835    342.914    338.584    -0.0145     4.5946     0.1136     0.1136     0.0813     0.0244     107805    74.8639     100.00     2.4679     2.1669         16  0.000e+00
     30.190   79.55832  135.25926     30.515    -1.6143    -1.6143  26.138648  26.136862    32.8693    32.8669    356.698    345.587     0.1992     4.5751     0.1172     0.1172     0.0984     0.0330     109874    76.3007     100.00     2.5532     2.2058         17  0.000e+00
     30.280   79.55832  135.25926     30.606    -1.6136    -1.6140  26.138411  26.136918    32.8682    32.8666    356.698    346.590     0.1992     4.5763     0.1172     0.1172     0.0973     0.0330     109875    76.3014     100.00     2.5532     2.2107         17  0.000e+00
     30.190   79.55832  135.25926     30.515    -1.6134    -1.6144  26.138292  26.136750    32.8678    32.8669    356.693    347.340     0.1992     4.5751     0.1172     0.1172     0.0984     0.0330     109876    76.3021     100.00     2.5532     2.2143         17  0.000e+00
     30.190   79.55832  135.25926     30.515    -1.6136    -1.6148  26.138470  26.136695    32.8684    32.8672    356.694    347.593     0.1992     4.5751     0.1172     0.1172     0.0984     0.0330     109877    76.3028     100.00     2.5532     2.2155         17  0.000e+00
     30.133   79.55832  135.25926     30.457    -1.6134    -1.6147  26.138351  26.136862    32.8680    32.8674    356.689    347.339     0.1992     4.5751     0.1172     0.1172     0.0984     0.0330     109878    76.3035     100.00     2.5532     2.2143         17  0.000e+00
     30.190   79.55832  135.25924     30.515    -1.6138    -1.6149  26.138292  26.137086    32.8683    32.8679    356.696    346.842     0.1992     4.5751     0.1172     0.1172     0.0984     0.0330     109879    76.3042     100.00     2.5532     2.2119         17  0.000e+00
     30.256   79.55832  135.25924     30.581    -1.6138    -1.6147  26.138470  26.136974    32.8685    32.8675    356.698    346.594     0.1687     4.5751     0.1172     0.1172     0.0984     0.0317     109880    76.3049     100.00     2.5532     2.2107         17  0.000e+00
     30.190   79.55832  135.25924     30.515    -1.6134    -1.6147  26.138173  26.136527    32.8677    32.8669    356.904    346.342     0.1992     4.5751     0.1172     0.1172     0.0984     0.0330     109881    76.3056     100.00     2.5544     2.2094         17  0.000e+00
     30.190   79.55832  135.25924     30.515    -1.6126    -1.6143  26.138054  26.136806    32.8666    32.8668    356.687    346.338     0.1992     4.5751     0.1172     0.1172     0.0984     0.0330     109882    76.3063     100.00     2.5532     2.2094         17  0.000e+00
     30.190   79.55832  135.25924     30.515    -1.6127    -1.6146  26.138233  26.136750    32.8671    32.8671    356.899    346.090     0.2297     4.5751     0.1172     0.1172     0.0984     0.0342     109883    76.3069     100.00     2.5544     2.2082         17  0.000e+00
     30.190   79.55832  135.25924     30.515    -1.6129    -1.6146  26.138292  26.136862    32.8673    32.8672    356.689    345.590     0.2297     4.5751     0.1172     0.1172     0.0984     0.0342     109884    76.3076     100.00     2.5532     2.2058         17  0.000e+00
     30.190   79.55832  135.25924     30.515    -1.6130    -1.6146  26.138114  26.136750    32.8672    32.8671    356.901    345.340     0.2297     4.5751     0.1172     0.1172     0.0984     0.0342     109885    76.3083     100.00     2.5544     2.2045         17  0.000e+00
     30.256   79.55832  135.25924     30.581    -1.6132    -1.6146  26.138233  26.136471    32.8675    32.8667    356.906    345.344     0.2297     4.5751     0.1184     0.1184     0.0984     0.0342     109886    76.3090     100.00     2.5544     2.2045         17  0.000e+00
     30.190   79.55832  135.25924     30.515    -1.6132    -1.6142  26.137876  26.136415    32.8671    32.8662    356.693    345.088     0.2297     4.5751     0.1184     0.1184     0.0984     0.0342     109887    76.3097     100.00     2.5532     2.2033         17  0.000e+00
     30.190   79.55832  135.25924     30.515    -1.6134    -1.6143  26.138114  26.136806    32.8676    32.8668    356.904    344.337     0.2297     4.5751     0.1184     0.1184     0.0984     0.0342     109888    76.3104     100.00     2.5544     2.1997         17  0.000e+00
     30.215   79.55832  135.25924     30.540    -1.6136    -1.6143  26.138114  26.136750    32.8679    32.8667    356.696    343.588     0.2297     4.5751     0.1184     0.1184     0.0984     0.0342     109889    76.3111     100.00     2.5532     2.1960         17  0.000e+00
     30.190   79.55832  135.25924     30.515    -1.6138    -1.6143  26.138055  26.136862    32.8679    32.8669    356.908    343.086     0.2297     4.5751     0.1184     0.1184     0.0984     0.0342     109890    76.3118     100.00     2.5544     2.1936         17  0.000e+00
     30.190   79.55832  135.25924     30.515    -1.6142    -1.6141  26.138233  26.136750    32.8686    32.8665    356.910    342.584     0.2297     4.5751     0.1184     0.1184     0.0984     0.0342     109891    76.3125     100.00     2.5544     2.1911         17  0.000e+00
     30.256   79.55832  135.25924     30.581    -1.6144    -1.6142  26.138470  26.136862    32.8692    32.8667    356.915    342.838     0.2297     4.5751     0.1184     0.1184     0.0984     0.0342     109892    76.3132     100.00     2.5544     2.1923         17  0.000e+00
     30.256   79.55832  135.25924     30.581    -1.6144    -1.6141  26.138352  26.136751    32.8691    32.8665    356.915    342.838     0.2297     4.5751     0.1184     0.1184     0.0984     0.0342     109893    76.3139     100.00     2.5544     2.1923         17  0.000e+00
     30.190   79.55832  135.25924     30.515    -1.6146    -1.6141  26.138470  26.136862    32.8695    32.8667    356.701    342.834     0.2297     4.5751     0.1172     0.1172     0.0984     0.0342     109894    76.3146     100.00     2.5532     2.1923         17  0.000e+00
     30.256   79.55832  135.25924     30.581    -1.6149    -1.6144  26.138530  26.136751    32.8698    32.8668    356.706    342.840     0.2297     4.5751     0.1184     0.1184     0.0984     0.0342     109895    76.3153     100.00     2.5532     2.1923         17  0.000e+00
     30.190   79.55832  135.25924     30.515    -1.6149    -1.6146  26.138530  26.136695    32.8699    32.8670    356.704    343.088     0.2297     4.5751     0.1172     0.1172     0.0984     0.0342     109896    76.3160     100.00     2.5532     2.1936         17  0.000e+00
     30.256   79.55832  135.25924     30.581    -1.6154    -1.6144  26.138886  26.136862    32.8709    32.8670    356.920    343.840     0.2297     4.5751     0.1172     0.1172     0.0984     0.0342     109897    76.3167     100.00     2.5544     2.1972         17  0.000e+00
     30.190   79.55832  135.25924     30.515    -1.6150    -1.6145  26.138827  26.136918    32.8704    32.8672    356.915    343.087     0.2297     4.5751     0.1184     0.1184     0.0984     0.0342     109898    76.3174     100.00     2.5544     2.1936         17  0.000e+00
     30.190   79.55832  135.25924     30.515    -1.6148    -1.6144  26.138411  26.136918    32.8696    32.8671    356.703    342.336     0.2297     4.5751     0.1172     0.1172     0.0984     0.0342     109899    76.3181     100.00     2.5532     2.1899         17  0.000e+00
     30.256   79.55832  135.25924     30.581    -1.6148    -1.6143  26.138292  26.136527    32.8694    32.8664    356.706    341.839     0.2297     4.5751     0.1184     0.1184     0.0984     0.0342     109900    76.3187     100.00     2.5532     2.1874         17  0.000e+00
