Continuous CTD Data/SBE Stage/nabos_22_01avg.cnv
* Sea-Bird SBE 9 Data File:
* FileName = D:\CTD\data\HLY2502\raw\NABOS_22_01.hex
* Software Version Seasave V 7.26.7.110
* Temperature SN = 6954
* Conductivity SN = 2561
* Number of Bytes Per Scan = 37
* Number of Voltage Words = 4
* Number of Scans Averaged by the Deck Unit = 1
* NMEA Latitude = 79 21.70 N
* NMEA Longitude = 171 33.88 E
* NMEA UTC (Time) = Sep 19 2025  12:09:27
* NMEA baud rate = 9600
** Ship: USCG HEALY
** Bot. Depth:  1200
** Cast Number:  01
** Station Name:  NABOS
** Station Number:  22
** Operator:  STARC
# nquan = 25
# nvalues = 1214                        
# units = specified
# name 0 = depSM: Depth [salt water, m]
# name 1 = latitude: Latitude [deg]
# name 2 = longitude: Longitude [deg]
# name 3 = prDM: Pressure, Digiquartz [db]
# name 4 = t090C: Temperature [ITS-90, deg C]
# name 5 = t190C: Temperature, 2 [ITS-90, deg C]
# name 6 = c0mS/cm: Conductivity [mS/cm]
# name 7 = c1mS/cm: Conductivity, 2 [mS/cm]
# name 8 = sal00: Salinity, Practical [PSU]
# name 9 = sal11: Salinity, Practical, 2 [PSU]
# name 10 = sbox0Mm/Kg: Oxygen, SBE 43 [umol/kg]
# name 11 = sbox1Mm/Kg: Oxygen, SBE 43, 2 [umol/kg]
# name 12 = flECO-AFL: Fluorescence, WET Labs ECO-AFL/FL [mg/m^3]
# name 13 = v2: Voltage 2
# name 14 = wetCDOM: Fluorescence, WET Labs CDOM [mg/m^3]
# name 15 = v6: Voltage 6
# name 16 = CStarAt0: Beam Attenuation, WET Labs C-Star [1/m]
# name 17 = v3: Voltage 3
# name 18 = scan: Scan Count
# name 19 = timeM: Time, Elapsed [minutes]
# name 20 = altM: Altimeter [m]
# name 21 = sbeox0V: Oxygen raw, SBE 43 [V]
# name 22 = sbeox1V: Oxygen raw, SBE 43, 2 [V]
# name 23 = nbin: number of scans per bin
# name 24 = flag: flag
# span 0 =      3.958,   1200.635       
# span 1 =   79.36192,   79.36522       
# span 2 =  171.55603,  171.56383       
# span 3 =      4.000,   1217.000       
# span 4 =    -1.6951,     0.9150       
# span 5 =    -1.6959,     0.9148       
# span 6 =  24.748874,  29.834443       
# span 7 =  24.747822,  29.832425       
# span 8 =    31.0431,    34.8936       
# span 9 =    31.0414,    34.8913       
# span 10 =    290.685,    371.638      
# span 11 =    274.704,    370.347      
# span 12 =    -0.1801,     0.5797      
# span 13 =     4.5238,     4.6382      
# span 14 =     0.0797,     0.1179      
# span 15 =     0.0797,     0.1179      
# span 16 =     0.0436,     0.1436      
# span 17 =     0.0178,     0.0482      
# span 18 =       3419,      38647      
# span 19 =     2.3734,    26.8378      
# span 20 =      80.09,     104.42      
# span 21 =     2.0209,     2.6104      
# span 22 =     1.7650,     2.3008      
# span 23 =          6,         25      
# span 24 = 0.0000e+00, 0.0000e+00      
# interval = decibars: 1                
# start_time = Sep 19 2025 12:09:27 [NMEA time, header]
# bad_flag = -9.990e-29
*END*
[from data line 406]
    405.268   79.36314  171.56072    410.000     0.7072     0.7073  29.699807  29.698007    34.8232    34.8208    293.996    289.477    -0.1689     4.6368     0.0830     0.0830     0.0448     0.0182      16661    11.5698     100.00     2.2497     1.9807         17 0.0000e+00
    406.256   79.36314  171.56072    411.000     0.7100     0.7102  29.703371  29.701678    34.8241    34.8217    294.036    292.216    -0.1652     4.6364     0.0836     0.0836     0.0451     0.0184      16687    11.5878     100.00     2.2498     1.9945         16 0.0000e+00
    407.244   79.36314  171.56072    412.000     0.7161     0.7163  29.709956  29.708319    34.8253    34.8229    293.984    288.309    -0.1693     4.6362     0.0836     0.0836     0.0452     0.0182      16713    11.6055     100.00     2.2496     1.9749         13 0.0000e+00
    408.231   79.36316  171.56070    413.000     0.7303     0.7306  29.724883  29.723255    34.8281    34.8257    293.858    289.215    -0.1671     4.6365     0.0835     0.0835     0.0450     0.0183      16739    11.6237     100.00     2.2494     1.9799         17 0.0000e+00
    409.218   79.36316  171.56070    414.000     0.7335     0.7334  29.728362  29.726467    34.8285    34.8261    293.867    288.401    -0.1263     4.6362     0.0835     0.0835     0.0453     0.0199      16765    11.6416     100.00     2.2494     1.9757         16 0.0000e+00
    410.206   79.36316  171.56070    415.000     0.7349     0.7348  29.730153  29.728339    34.8286    34.8264    293.802    290.074    -0.1716     4.6359     0.0822     0.0822     0.0455     0.0181      16791    11.6594     100.00     2.2489     1.9840         17 0.0000e+00
    411.193   79.36316  171.56070    416.000     0.7381     0.7381  29.733920  29.732038    34.8293    34.8269    293.624    290.262    -0.1709     4.6367     0.0830     0.0830     0.0448     0.0181      16816    11.6774     100.00     2.2477     1.9849         16 0.0000e+00
    412.181   79.36316  171.56068    417.000     0.7421     0.7419  29.738162  29.736057    34.8298    34.8272    293.179    288.143    -0.1461     4.6363     0.0828     0.0828     0.0452     0.0191      16842    11.6953     100.00     2.2451     1.9742         16 0.0000e+00
    413.168   79.36316  171.56068    418.000     0.7431     0.7429  29.739579  29.737607    34.8299    34.8275    292.835    297.130    -0.1541     4.6369     0.0818     0.0818     0.0447     0.0188      16868    11.7131     100.00     2.2428     2.0194         14 0.0000e+00
    414.156   79.36316  171.56068    419.000     0.7432     0.7429  29.740081  29.738170    34.8299    34.8276    292.648    291.219    -0.1720     4.6374     0.0843     0.0843     0.0443     0.0181      16893    11.7308     100.00     2.2415     1.9894         14 0.0000e+00
    415.143   79.36317  171.56067    420.000     0.7415     0.7409  29.738893  29.736647    34.8296    34.8274    292.567    289.429    -0.1314     4.6354     0.0830     0.0830     0.0459     0.0197      16919    11.7489     100.00     2.2407     1.9801         16 0.0000e+00
    416.130   79.36318  171.56066    421.000     0.7324     0.7314  29.731284  29.728880    34.8293    34.8273    292.534    289.890    -0.1309     4.6368     0.0830     0.0830     0.0447     0.0198      16945    11.7667     100.00     2.2398     1.9818         16 0.0000e+00
    417.118   79.36318  171.56066    422.000     0.7063     0.7053  29.708452  29.706129    34.8284    34.8265    292.691    290.320    -0.1614     4.6372     0.0830     0.0830     0.0445     0.0185      16971    11.7846     100.00     2.2392     1.9827         12 0.0000e+00
    418.105   79.36318  171.56066    423.000     0.6761     0.6752  29.682909  29.680389    34.8285    34.8263    292.909    289.531    -0.1479     4.6370     0.0830     0.0830     0.0446     0.0191      16997    11.8026     100.00     2.2388     1.9772         16 0.0000e+00
    419.093   79.36318  171.56064    424.000     0.6639     0.6634  29.672768  29.670505    34.8284    34.8260    293.105    289.442    -0.1706     4.6368     0.0820     0.0820     0.0448     0.0182      17022    11.8204     100.00     2.2391     1.9761         13 0.0000e+00
    420.080   79.36318  171.56064    425.000     0.6631     0.6631  29.672205  29.670433    34.8279    34.8257    293.238    289.395    -0.1712     4.6374     0.0835     0.0835     0.0443     0.0181      17048    11.8383     100.00     2.2396     1.9756         15 0.0000e+00
    421.068   79.36318  171.56064    426.000     0.6634     0.6631  29.672654  29.670670    34.8277    34.8254    293.440    289.937    -0.1652     4.6371     0.0851     0.0851     0.0445     0.0184      17074    11.8562     100.00     2.2405     1.9782         17 0.0000e+00
    422.055   79.36318  171.56064    427.000     0.6634     0.6633  29.673072  29.671170    34.8276    34.8252    293.626    288.179    -0.1428     4.6371     0.0854     0.0854     0.0445     0.0193      17100    11.8740     100.00     2.2414     1.9691         13 0.0000e+00
    423.042   79.36318  171.56062    428.000     0.6642     0.6641  29.674187  29.672266    34.8276    34.8252    293.774    287.275    -0.1656     4.6370     0.0841     0.0841     0.0446     0.0184      17126    11.8921     100.00     2.2421     1.9644         15 0.0000e+00
    424.030   79.36320  171.56062    429.000     0.6658     0.6659  29.676145  29.674377    34.8277    34.8254    293.582    289.251    -0.1431     4.6366     0.0835     0.0835     0.0449     0.0192      17151    11.9100     100.00     2.2408     1.9743         16 0.0000e+00
    425.017   79.36320  171.56061    430.000     0.6676     0.6675  29.678229  29.676295    34.8278    34.8254    293.367    291.009    -0.1683     4.6367     0.0836     0.0836     0.0449     0.0183      17177    11.9278     100.00     2.2394     1.9830         16 0.0000e+00
    426.005   79.36320  171.56060    431.000     0.6708     0.6708  29.681645  29.679803    34.8281    34.8257    293.240    289.034    -0.1587     4.6366     0.0829     0.0829     0.0449     0.0186      17203    11.9459     100.00     2.2386     1.9730         19 0.0000e+00
    426.992   79.36320  171.56060    432.000     0.6718     0.6716  29.682967  29.680991    34.8281    34.8257    293.224    290.722    -0.1359     4.6364     0.0829     0.0829     0.0451     0.0195      17228    11.9635     100.00     2.2383     1.9813         16 0.0000e+00
    427.979   79.36320  171.56060    433.000     0.6721     0.6721  29.683794  29.681868    34.8282    34.8258    293.333    289.967    -0.1326     4.6369     0.0830     0.0830     0.0446     0.0197      17254    11.9815     100.00     2.2388     1.9774         15 0.0000e+00
    428.966   79.36320  171.56059    434.000     0.6731     0.6731  29.685067  29.683228    34.8282    34.8259    293.394    289.045    -0.1589     4.6371     0.0830     0.0830     0.0446     0.0186      17280    11.9995     100.00     2.2389     1.9726         15 0.0000e+00
    429.954   79.36320  171.56058    435.000     0.6736     0.6735  29.685888  29.684022    34.8281    34.8258    293.471    287.032    -0.1694     4.6368     0.0828     0.0828     0.0448     0.0182      17306    12.0174     100.00     2.2392     1.9623         15 0.0000e+00
    430.941   79.36320  171.56058    436.000     0.6744     0.6747  29.687223  29.685626    34.8283    34.8260    293.301    283.687    -0.1420     4.6372     0.0819     0.0819     0.0444     0.0193      17332    12.0354     100.00     2.2380     1.9453         16 0.0000e+00
    431.929   79.36320  171.56058    437.000     0.6762     0.6761  29.689308  29.687338    34.8285    34.8261    293.303    287.248    -0.1681     4.6375     0.0841     0.0841     0.0442     0.0183      17358    12.0532     100.00     2.2379     1.9631         16 0.0000e+00
    432.916   79.36322  171.56056    438.000     0.6786     0.6786  29.692158  29.690276    34.8288    34.8265    293.308    288.915    -0.1503     4.6370     0.0831     0.0831     0.0446     0.0190      17383    12.0709     100.00     2.2378     1.9714         12 0.0000e+00
    433.904   79.36322  171.56056    439.000     0.6804     0.6805  29.694312  29.692351    34.8291    34.8265    293.320    289.140    -0.1508     4.6366     0.0830     0.0830     0.0449     0.0189      17409    12.0888     100.00     2.2377     1.9724         15 0.0000e+00
    434.891   79.36322  171.56056    440.000     0.6813     0.6812  29.695456  29.693612    34.8289    34.8267    293.190    289.029    -0.1671     4.6374     0.0830     0.0830     0.0443     0.0183      17435    12.1068     100.00     2.2368     1.9717         17 0.0000e+00
    435.878   79.36322  171.56054    441.000     0.6814     0.6811  29.696040  29.694057    34.8291    34.8268    293.104    287.344    -0.1796     4.6374     0.0839     0.0839     0.0443     0.0178      17461    12.1247     100.00     2.2361     1.9630         13 0.0000e+00
    436.865   79.36322  171.56054    442.000     0.6815     0.6814  29.696593  29.694694    34.8290    34.8267    293.064    288.883    -0.1707     4.6374     0.0834     0.0834     0.0443     0.0182      17486    12.1424     100.00     2.2356     1.9706         16 0.0000e+00
    437.853   79.36322  171.56054    443.000     0.6816     0.6814  29.697122  29.695186    34.8291    34.8268    292.951    288.969    -0.1592     4.6373     0.0830     0.0830     0.0444     0.0186      17512    12.1604     100.00     2.2347     1.9708         14 0.0000e+00
    438.840   79.36322  171.56053    444.000     0.6820     0.6821  29.697933  29.696125    34.8291    34.8267    292.874    290.503    -0.1316     4.6373     0.0837     0.0837     0.0444     0.0197      17538    12.1784     100.00     2.2340     1.9784         13 0.0000e+00
    439.827   79.36323  171.56052    445.000     0.6825     0.6824  29.698921  29.696882    34.8292    34.8267    292.938    290.031    -0.1505     4.6374     0.0827     0.0827     0.0443     0.0190      17564    12.1962     100.00     2.2342     1.9758         14 0.0000e+00
    440.815   79.36324  171.56052    446.000     0.6824     0.6823  29.699252  29.697287    34.8292    34.8268    293.131    289.285    -0.1704     4.6375     0.0829     0.0829     0.0442     0.0182      17589    12.2139     100.00     2.2351     1.9719         13 0.0000e+00
    441.802   79.36324  171.56052    447.000     0.6825     0.6824  29.699732  29.698004    34.8291    34.8269    293.197    283.929    -0.1440     4.6374     0.0842     0.0842     0.0443     0.0192      17615    12.2319     100.00     2.2353     1.9448         12 0.0000e+00
    442.789   79.36324  171.56051    448.000     0.6833     0.6830  29.700823  29.698920    34.8291    34.8268    293.376    290.813    -0.1634     4.6374     0.0837     0.0837     0.0443     0.0184      17641    12.2499     100.00     2.2362     1.9792         17 0.0000e+00
    443.777   79.36324  171.56050    449.000     0.6831     0.6830  29.701343  29.699348    34.8293    34.8268    293.288    290.392    -0.1648     4.6370     0.0825     0.0825     0.0446     0.0184      17667    12.2678     100.00     2.2354     1.9769         14 0.0000e+00
    444.764   79.36324  171.56050    450.000     0.6821     0.6818  29.700645  29.698708    34.8289    34.8267    293.081    289.568    -0.1696     4.6369     0.0818     0.0818     0.0447     0.0182      17692    12.2854     100.00     2.2339     1.9725         12 0.0000e+00
    445.751   79.36324  171.56048    451.000     0.6657     0.6645  29.686111  29.683527    34.8279    34.8259    293.092    289.543    -0.1712     4.6374     0.0818     0.0818     0.0443     0.0181      17718    12.3035     100.00     2.2329     1.9715         15 0.0000e+00
    446.739   79.36324  171.56048    452.000     0.6285     0.6277  29.654269  29.651965    34.8276    34.8256    293.308    289.483    -0.1545     4.6372     0.0821     0.0821     0.0445     0.0188      17744    12.3216     100.00     2.2320     1.9694         18 0.0000e+00
    447.726   79.36324  171.56048    453.000     0.5915     0.5891  29.621219  29.617915    34.8256    34.8239    293.481    290.584    -0.1538     4.6374     0.0842     0.0842     0.0443     0.0188      17770    12.3393     100.00     2.2310     1.9731         16 0.0000e+00
    448.713   79.36324  171.56048    454.000     0.5527     0.5524  29.588691  29.586679    34.8262    34.8239    293.793    287.403    -0.1694     4.6374     0.0841     0.0841     0.0443     0.0182      17796    12.3573     100.00     2.2306     1.9555         16 0.0000e+00
    449.700   79.36326  171.56046    455.000     0.5528     0.5527  29.588536  29.586672    34.8253    34.8230    293.831    289.058    -0.1707     4.6374     0.0841     0.0841     0.0443     0.0182      17821    12.3751     100.00     2.2306     1.9636         17 0.0000e+00
    450.688   79.36326  171.56046    456.000     0.5531     0.5529  29.588950  29.586906    34.8249    34.8225    293.991    289.041    -0.1416     4.6374     0.0819     0.0819     0.0443     0.0193      17847    12.3929     100.00     2.2313     1.9633         14 0.0000e+00
    451.675   79.36326  171.56046    457.000     0.5530     0.5528  29.589096  29.587145    34.8246    34.8223    294.178    291.441    -0.1619     4.6374     0.0829     0.0829     0.0443     0.0185      17873    12.4109     100.00     2.2322     1.9751         17 0.0000e+00
    452.662   79.36326  171.56045    458.000     0.5532     0.5530  29.589509  29.587613    34.8244    34.8221    294.369    291.104    -0.1350     4.6370     0.0840     0.0840     0.0446     0.0196      17899    12.4289     100.00     2.2332     1.9732         18 0.0000e+00
    453.650   79.36326  171.56044    459.000     0.5528     0.5527  29.589457  29.587749    34.8242    34.8220    294.409    290.686    -0.1500     4.6372     0.0832     0.0832     0.0445     0.0190      17924    12.4466     100.00     2.2331     1.9709         16 0.0000e+00
    454.637   79.36326  171.56044    460.000     0.5529     0.5527  29.589900  29.588065    34.8240    34.8218    294.359    290.406    -0.1745     4.6373     0.0830     0.0830     0.0444     0.0180      17950    12.4643     100.00     2.2326     1.9693         15 0.0000e+00
    455.624   79.36326  171.56043    461.000     0.5530     0.5528  29.590396  29.588351    34.8240    34.8216    294.278    290.956    -0.1721     4.6373     0.0837     0.0837     0.0444     0.0181      17976    12.4825     100.00     2.2319     1.9719         18 0.0000e+00
    456.611   79.36327  171.56042    462.000     0.5531     0.5528  29.590760  29.588787    34.8238    34.8214    294.240    290.369    -0.1780     4.6370     0.0842     0.0842     0.0446     0.0179      18001    12.5001     100.00     2.2314     1.9688         14 0.0000e+00
    457.598   79.36328  171.56042    463.000     0.5531     0.5530  29.591269  29.589375    34.8238    34.8215    294.130    291.752    -0.1705     4.6372     0.0836     0.0836     0.0444     0.0182      18027    12.5181     100.00     2.2305     1.9755         16 0.0000e+00
    458.586   79.36328  171.56042    464.000     0.5531     0.5529  29.591622  29.589745    34.8237    34.8214    294.142    290.456    -0.1744     4.6375     0.0836     0.0836     0.0442     0.0180      18053    12.5361     100.00     2.2304     1.9688         21 0.0000e+00
    459.573   79.36328  171.56040    465.000     0.5531     0.5530  29.592035  29.590195    34.8237    34.8214    294.362    289.376    -0.1633     4.6374     0.0838     0.0838     0.0443     0.0184      18079    12.5540     100.00     2.2315     1.9633         17 0.0000e+00
    460.560   79.36328  171.56040    466.000     0.5531     0.5529  29.592386  29.590462    34.8235    34.8212    294.419    290.466    -0.1471     4.6371     0.0830     0.0830     0.0445     0.0191      18104    12.5718     100.00     2.2316     1.9685         19 0.0000e+00
