Continuous CTD Data/SBE Stage/nabos_24_01avg.cnv
* Sea-Bird SBE 9 Data File:
* FileName = D:\CTD\data\HLY2502\raw\NABOS_24_01.hex
* Software Version Seasave V 7.26.7.110
* Temperature SN = 6954
* Conductivity SN = 2561
* Number of Bytes Per Scan = 37
* Number of Voltage Words = 4
* Number of Scans Averaged by the Deck Unit = 1
* NMEA Latitude = 80 03.71 N
* NMEA Longitude = 166 45.25 E
* NMEA UTC (Time) = Sep 20 2025  03:03:27
* NMEA baud rate = 9600
** Ship: USCG HEALY
** Bot. Depth:  2722
** Cast Number:  01
** Station Name:  NABOS
** Station Number:  24
** Operator:  STARC
** 1200 target
# nquan = 25
# nvalues = 1215                        
# units = specified
# name 0 = depSM: Depth [salt water, m]
# name 1 = latitude: Latitude [deg]
# name 2 = longitude: Longitude [deg]
# name 3 = prDM: Pressure, Digiquartz [db]
# name 4 = t090C: Temperature [ITS-90, deg C]
# name 5 = t190C: Temperature, 2 [ITS-90, deg C]
# name 6 = c0mS/cm: Conductivity [mS/cm]
# name 7 = c1mS/cm: Conductivity, 2 [mS/cm]
# name 8 = sal00: Salinity, Practical [PSU]
# name 9 = sal11: Salinity, Practical, 2 [PSU]
# name 10 = sbox0Mm/Kg: Oxygen, SBE 43 [umol/kg]
# name 11 = sbox1Mm/Kg: Oxygen, SBE 43, 2 [umol/kg]
# name 12 = flECO-AFL: Fluorescence, WET Labs ECO-AFL/FL [mg/m^3]
# name 13 = v2: Voltage 2
# name 14 = wetCDOM: Fluorescence, WET Labs CDOM [mg/m^3]
# name 15 = v6: Voltage 6
# name 16 = CStarAt0: Beam Attenuation, WET Labs C-Star [1/m]
# name 17 = v3: Voltage 3
# name 18 = scan: Scan Count
# name 19 = timeM: Time, Elapsed [minutes]
# name 20 = altM: Altimeter [m]
# name 21 = sbeox0V: Oxygen raw, SBE 43 [V]
# name 22 = sbeox1V: Oxygen raw, SBE 43, 2 [V]
# name 23 = nbin: number of scans per bin
# name 24 = flag: flag
# span 0 =      2.968,   1200.608       
# span 1 =   80.06199,   80.06252       
# span 2 =  166.75282,  166.75638       
# span 3 =      3.000,   1217.000       
# span 4 =    -1.7084,     0.9844       
# span 5 =    -1.7081,     0.9845       
# span 6 =  25.032911,  29.871471       
# span 7 =  25.032129,  29.869402       
# span 8 =    31.4548,    34.8931       
# span 9 =    31.4530,    34.8909       
# span 10 =    290.212,    371.136      
# span 11 =    -45.034,    363.909      
# span 12 =    -0.1851,     0.3456      
# span 13 =     4.5634,     4.6397      
# span 14 =     0.0803,     0.1142      
# span 15 =     0.0803,     0.1142      
# span 16 =     0.0423,     0.1086      
# span 17 =     0.0176,     0.0388      
# span 18 =       3893,      40476      
# span 19 =     2.7027,    28.1077      
# span 20 =     100.00,     100.00      
# span 21 =     2.0166,     2.6145      
# span 22 =     0.3005,     2.2776      
# span 23 =          3,         28      
# span 24 = 0.0000e+00, 0.0000e+00      
# interval = decibars: 1                
# start_time = Sep 20 2025 03:03:27 [NMEA time, header]
# bad_flag = -9.990e-29
*END*
[from data line 1044]
   1033.316   80.06244  166.75598   1047.000    -0.0405    -0.0409  29.379940  29.377521    34.8769    34.8742    291.686    287.972    -0.1464     4.6368     0.0855     0.0855     0.0448     0.0191      32927    22.8653     100.00     2.0617     1.8278         11 0.0000e+00
   1034.300   80.06244  166.75598   1048.000    -0.0419    -0.0427  29.379455  29.376846    34.8773    34.8748    291.697    290.472    -0.1519     4.6369     0.0853     0.0853     0.0447     0.0189      32950    22.8813     100.00     2.0615     1.8389          8 0.0000e+00
   1035.285   80.06244  166.75598   1049.000    -0.0413    -0.0414  29.380477  29.378579    34.8774    34.8750    291.721    286.774    -0.1553     4.6372     0.0844     0.0844     0.0445     0.0188      32977    22.8998     100.00     2.0614     1.8220         13 0.0000e+00
   1036.269   80.06244  166.75598   1050.000    -0.0413    -0.0413  29.380996  29.379169    34.8775    34.8751    291.689    286.786    -0.1630     4.6369     0.0839     0.0839     0.0447     0.0185      33000    22.9161     100.00     2.0610     1.8219          8 0.0000e+00
   1037.254   80.06244  166.75598   1051.000    -0.0412    -0.0413  29.381539  29.379666    34.8776    34.8752    291.595    289.214    -0.1699     4.6368     0.0842     0.0842     0.0448     0.0182      33026    22.9339     100.00     2.0603     1.8327         11 0.0000e+00
   1038.238   80.06244  166.75598   1052.000    -0.0413    -0.0413  29.382101  29.380372    34.8778    34.8756    291.596    288.111    -0.1704     4.6364     0.0841     0.0841     0.0451     0.0182      33051    22.9511     100.00     2.0601     1.8276          9 0.0000e+00
   1039.223   80.06244  166.75598   1053.000    -0.0412    -0.0413  29.382514  29.380844    34.8777    34.8756    291.558    288.945    -0.1716     4.6373     0.0842     0.0842     0.0444     0.0181      33074    22.9677     100.00     2.0597     1.8312          7 0.0000e+00
   1040.207   80.06244  166.75598   1054.000    -0.0411    -0.0411  29.383134  29.381244    34.8779    34.8754    291.485    286.371    -0.1764     4.6370     0.0846     0.0846     0.0446     0.0179      33100    22.9852     100.00     2.0591     1.8193         10 0.0000e+00
   1041.191   80.06244  166.75600   1055.000    -0.0410    -0.0412  29.383572  29.381746    34.8777    34.8756    291.460    285.140    -0.1330     4.6374     0.0875     0.0875     0.0443     0.0197      33125    23.0026     100.00     2.0588     1.8136         12 0.0000e+00
   1042.176   80.06244  166.75600   1056.000    -0.0410    -0.0412  29.384202  29.382238    34.8780    34.8756    291.460    286.294    -0.1422     4.6374     0.0839     0.0839     0.0443     0.0193      33149    23.0197     100.00     2.0586     1.8186         12 0.0000e+00
   1043.160   80.06244  166.75600   1057.000    -0.0409    -0.0409  29.384731  29.382946    34.8780    34.8756    291.481    287.214    -0.1577     4.6377     0.0853     0.0853     0.0440     0.0187      33173    23.0365     100.00     2.0585     1.8227          9 0.0000e+00
   1044.145   80.06244  166.75600   1058.000    -0.0411    -0.0410  29.385096  29.383293    34.8781    34.8757    291.336    287.335    -0.1392     4.6375     0.0845     0.0845     0.0442     0.0194      33199    23.0538     100.00     2.0575     1.8230          9 0.0000e+00
   1045.129   80.06244  166.75600   1059.000    -0.0409    -0.0410  29.385729  29.383895    34.8781    34.8758    291.241    287.024    -0.1456     4.6380     0.0853     0.0853     0.0437     0.0192      33224    23.0714     100.00     2.0568     1.8215         13 0.0000e+00
   1046.113   80.06244  166.75600   1060.000    -0.0414    -0.0415  29.385694  29.383764    34.8781    34.8757    291.270    286.194    -0.1548     4.6375     0.0852     0.0852     0.0442     0.0188      33248    23.0885     100.00     2.0567     1.8175         10 0.0000e+00
   1047.098   80.06244  166.75600   1061.000    -0.0442    -0.0440  29.383517  29.381870    34.8778    34.8754    291.316    287.058    -0.1675     4.6374     0.0850     0.0850     0.0443     0.0183      33272    23.1049     100.00     2.0566     1.8211          8 0.0000e+00
   1048.082   80.06244  166.75600   1062.000    -0.0464    -0.0465  29.382050  29.380151    34.8779    34.8755    291.271    286.359    -0.1434     4.6364     0.0845     0.0845     0.0451     0.0192      33297    23.1223     100.00     2.0561     1.8177          9 0.0000e+00
   1049.067   80.06244  166.75600   1063.000    -0.0468    -0.0469  29.382113  29.380419    34.8778    34.8757    291.217    286.848    -0.1700     4.6375     0.0855     0.0855     0.0442     0.0182      33322    23.1399     100.00     2.0556     1.8197         12 0.0000e+00
   1050.051   80.06244  166.75600   1064.000    -0.0468    -0.0469  29.382573  29.380680    34.8777    34.8754    291.144    286.387    -0.1776     4.6377     0.0852     0.0852     0.0440     0.0179      33347    23.1569     100.00     2.0550     1.8175          9 0.0000e+00
   1051.035   80.06244  166.75601   1065.000    -0.0467    -0.0468  29.383210  29.381399    34.8779    34.8757    291.057    287.072    -0.1676     4.6375     0.0841     0.0841     0.0442     0.0183      33372    23.1741     100.00     2.0544     1.8204         11 0.0000e+00
   1052.020   80.06244  166.75602   1066.000    -0.0466    -0.0467  29.383557  29.381752    34.8778    34.8755    291.113    288.154    -0.1339     4.6374     0.0854     0.0854     0.0443     0.0196      33395    23.1905     100.00     2.0544     1.8251          7 0.0000e+00
   1053.004   80.06244  166.75602   1067.000    -0.0465    -0.0466  29.384031  29.382235    34.8777    34.8754    291.138    287.898    -0.1473     4.6380     0.0855     0.0855     0.0438     0.0191      33421    23.2081     100.00     2.0544     1.8238          9 0.0000e+00
   1053.988   80.06244  166.75602   1068.000    -0.0479    -0.0481  29.383207  29.381128    34.8776    34.8751    291.161    286.394    -0.1714     4.6375     0.0843     0.0843     0.0442     0.0181      33445    23.2251     100.00     2.0542     1.8168         10 0.0000e+00
   1054.973   80.06244  166.75602   1069.000    -0.0578    -0.0578  29.374776  29.372899    34.8771    34.8747    291.211    287.677    -0.1767     4.6379     0.0850     0.0850     0.0439     0.0179      33470    23.2427     100.00     2.0538     1.8220         13 0.0000e+00
   1055.957   80.06244  166.75602   1070.000    -0.0627    -0.0629  29.371002  29.369062    34.8771    34.8747    291.302    288.677    -0.1565     4.6379     0.0847     0.0847     0.0439     0.0187      33495    23.2594     100.00     2.0539     1.8262         10 0.0000e+00
   1056.942   80.06244  166.75602   1071.000    -0.0659    -0.0659  29.368546  29.366519    34.8768    34.8743    291.442    287.877    -0.1520     4.6384     0.0841     0.0841     0.0434     0.0189      33519    23.2767     100.00     2.0542     1.8223          8 0.0000e+00
   1057.926   80.06244  166.75602   1072.000    -0.0704    -0.0709  29.365045  29.362769    34.8768    34.8744    291.514    287.703    -0.1692     4.6380     0.0834     0.0834     0.0437     0.0182      33545    23.2942     100.00     2.0542     1.8211         12 0.0000e+00
   1058.910   80.06244  166.75602   1073.000    -0.0714    -0.0715  29.364234  29.362616    34.8763    34.8743    291.570    287.073    -0.1740     4.6377     0.0836     0.0836     0.0441     0.0180      33569    23.3112     100.00     2.0542     1.8181          9 0.0000e+00
   1059.895   80.06244  166.75602   1074.000    -0.0714    -0.0715  29.364729  29.363030    34.8764    34.8742    291.581    287.528    -0.1334     4.6383     0.0866     0.0866     0.0435     0.0196      33594    23.3284     100.00     2.0541     1.8200         11 0.0000e+00
   1060.879   80.06244  166.75604   1075.000    -0.0715    -0.0714  29.365172  29.363484    34.8765    34.8742    291.623    288.249    -0.1340     4.6377     0.0854     0.0854     0.0441     0.0196      33619    23.3458     100.00     2.0541     1.8231         11 0.0000e+00
   1061.863   80.06244  166.75604   1076.000    -0.0714    -0.0714  29.365585  29.363750    34.8763    34.8740    291.637    286.541    -0.1332     4.6377     0.0854     0.0854     0.0441     0.0196      33643    23.3622     100.00     2.0540     1.8152          9 0.0000e+00
   1062.847   80.06244  166.75604   1077.000    -0.0713    -0.0713  29.366115  29.364314    34.8764    34.8741    291.594    287.193    -0.1335     4.6376     0.0842     0.0842     0.0441     0.0196      33668    23.3796     100.00     2.0535     1.8179         10 0.0000e+00
   1063.832   80.06244  166.75604   1078.000    -0.0712    -0.0713  29.366588  29.364718    34.8763    34.8739    291.522    287.992    -0.1345     4.6374     0.0839     0.0839     0.0443     0.0196      33693    23.3972     100.00     2.0530     1.8214         14 0.0000e+00
   1064.816   80.06244  166.75604   1079.000    -0.0711    -0.0712  29.367135  29.365326    34.8764    34.8741    291.528    286.576    -0.1313     4.6374     0.0841     0.0841     0.0443     0.0197      33717    23.4142     100.00     2.0528     1.8148         12 0.0000e+00
   1065.801   80.06244  166.75604   1080.000    -0.0711    -0.0710  29.367636  29.365813    34.8764    34.8740    291.544    287.320    -0.1575     4.6376     0.0828     0.0828     0.0441     0.0187      33741    23.4309     100.00     2.0527     1.8180         10 0.0000e+00
   1066.785   80.06244  166.75604   1081.000    -0.0708    -0.0710  29.368130  29.366394    34.8763    34.8740    291.518    287.423    -0.1559     4.6375     0.0830     0.0830     0.0442     0.0187      33767    23.4489     100.00     2.0523     1.8183         11 0.0000e+00
   1067.769   80.06244  166.75604   1082.000    -0.0707    -0.0709  29.368621  29.366880    34.8762    34.8740    291.493    286.901    -0.1621     4.6376     0.0835     0.0835     0.0441     0.0185      33791    23.4655     100.00     2.0520     1.8158         12 0.0000e+00
   1068.754   80.06244  166.75604   1083.000    -0.0706    -0.0708  29.369256  29.367445    34.8763    34.8741    291.569    287.748    -0.1766     4.6375     0.0842     0.0842     0.0442     0.0179      33816    23.4827     100.00     2.0522     1.8194         12 0.0000e+00
   1069.738   80.06244  166.75604   1084.000    -0.0707    -0.0707  29.369658  29.367904    34.8764    34.8740    291.493    288.056    -0.1419     4.6376     0.0854     0.0854     0.0441     0.0193      33841    23.5001     100.00     2.0516     1.8207         11 0.0000e+00
   1070.722   80.06244  166.75604   1085.000    -0.0707    -0.0706  29.370083  29.368308    34.8763    34.8739    291.555    288.005    -0.1364     4.6375     0.0855     0.0855     0.0442     0.0195      33865    23.5166     100.00     2.0517     1.8203          9 0.0000e+00
   1071.706   80.06244  166.75606   1086.000    -0.0707    -0.0708  29.370501  29.368639    34.8764    34.8740    291.594    286.714    -0.1319     4.6370     0.0852     0.0852     0.0446     0.0197      33890    23.5341     100.00     2.0517     1.8142         13 0.0000e+00
   1072.691   80.06244  166.75606   1087.000    -0.0751    -0.0752  29.366711  29.364947    34.8758    34.8735    291.710    287.420    -0.1367     4.6371     0.0842     0.0842     0.0445     0.0195      33916    23.5518     100.00     2.0520     1.8171         13 0.0000e+00
   1073.675   80.06244  166.75606   1088.000    -0.0805    -0.0805  29.362342  29.360646    34.8755    34.8733    291.662    286.737    -0.1783     4.6374     0.0854     0.0854     0.0443     0.0179      33939    23.5682     100.00     2.0512     1.8136         10 0.0000e+00
   1074.659   80.06244  166.75606   1089.000    -0.0851    -0.0851  29.358669  29.357159    34.8753    34.8732    291.686    287.247    -0.1735     4.6375     0.0844     0.0844     0.0442     0.0180      33964    23.5853     100.00     2.0509     1.8156         10 0.0000e+00
   1075.643   80.06244  166.75606   1090.000    -0.0875    -0.0871  29.357053  29.355699    34.8753    34.8731    291.698    286.607    -0.1669     4.6379     0.0842     0.0842     0.0439     0.0183      33988    23.6024     100.00     2.0507     1.8124          8 0.0000e+00
   1076.628   80.06244  166.75606   1091.000    -0.0894    -0.0893  29.355781  29.354142    34.8752    34.8730    291.521    287.858    -0.1701     4.6375     0.0842     0.0842     0.0442     0.0182      34014    23.6198     100.00     2.0494     1.8179         11 0.0000e+00
   1077.612   80.06244  166.75606   1092.000    -0.0934    -0.0935  29.352397  29.350423    34.8746    34.8722    291.596    287.017    -0.1743     4.6375     0.0847     0.0847     0.0442     0.0180      34037    23.6362     100.00     2.0494     1.8137          9 0.0000e+00
   1078.596   80.06244  166.75606   1093.000    -0.1014    -0.1020  29.345661  29.343322    34.8742    34.8719    291.701    286.848    -0.1748     4.6374     0.0849     0.0849     0.0443     0.0180      34063    23.6539     100.00     2.0494     1.8124         12 0.0000e+00
   1079.580   80.06244  166.75606   1094.000    -0.1034    -0.1033  29.344353  29.342906    34.8743    34.8722    291.738    288.219    -0.1665     4.6374     0.0843     0.0843     0.0443     0.0183      34086    23.6700     100.00     2.0493     1.8184          8 0.0000e+00
   1080.565   80.06244  166.75607   1095.000    -0.1032    -0.1033  29.344820  29.343010    34.8741    34.8718    291.719    286.282    -0.1387     4.6377     0.0855     0.0855     0.0440     0.0194      34113    23.6888     100.00     2.0490     1.8095         12 0.0000e+00
   1081.549   80.06244  166.75608   1096.000    -0.1032    -0.1034  29.345121  29.343372    34.8739    34.8718    291.646    288.759    -0.1726     4.6375     0.0854     0.0854     0.0442     0.0181      34137    23.7057     100.00     2.0484     1.8205         13 0.0000e+00
   1082.533   80.06244  166.75608   1097.000    -0.1034    -0.1034  29.345542  29.343772    34.8740    34.8717    291.704    286.700    -0.1698     4.6376     0.0854     0.0854     0.0441     0.0182      34162    23.7229     100.00     2.0485     1.8110         12 0.0000e+00
   1083.517   80.06244  166.75608   1098.000    -0.1036    -0.1035  29.345676  29.344117    34.8740    34.8718    291.794    288.644    -0.1618     4.6373     0.0840     0.0840     0.0444     0.0185      34186    23.7399     100.00     2.0488     1.8196         11 0.0000e+00
   1084.502   80.06244  166.75608   1099.000    -0.1038    -0.1037  29.345882  29.344354    34.8738    34.8717    291.712    287.666    -0.1462     4.6374     0.0842     0.0842     0.0443     0.0191      34212    23.7576     100.00     2.0481     1.8150         16 0.0000e+00
   1085.486   80.06244  166.75608   1100.000    -0.1033    -0.1033  29.346793  29.344942    34.8739    34.8715    291.658    286.942    -0.1791     4.6374     0.0842     0.0842     0.0443     0.0178      34237    23.7748     100.00     2.0477     1.8116         13 0.0000e+00
   1086.470   80.06244  166.75608   1101.000    -0.1048    -0.1050  29.345788  29.343799    34.8737    34.8714    291.631    288.094    -0.1726     4.6368     0.0857     0.0857     0.0448     0.0181      34260    23.7910     100.00     2.0472     1.8166         11 0.0000e+00
   1087.454   80.06244  166.75608   1102.000    -0.1120    -0.1121  29.339637  29.337871    34.8731    34.8709    291.684    287.137    -0.1446     4.6364     0.0859     0.0859     0.0450     0.0192      34286    23.8091     100.00     2.0470     1.8118         14 0.0000e+00
   1088.439   80.06244  166.75608   1103.000    -0.1190    -0.1189  29.333835  29.332291    34.8728    34.8707    291.705    287.824    -0.1307     4.6374     0.0855     0.0855     0.0443     0.0198      34309    23.8252     100.00     2.0465     1.8145         10 0.0000e+00
