Continuous CTD Data/SBE Stage/nabos_10_02avg.cnv
* Sea-Bird SBE 9 Data File:
* FileName = D:\CTD\data\HLY2502\raw\NABOS_10_02.hex
* Software Version Seasave V 7.26.7.110
* Temperature SN = 6954
* Conductivity SN = 2561
* Number of Bytes Per Scan = 37
* Number of Voltage Words = 4
* Number of Scans Averaged by the Deck Unit = 1
* NMEA Latitude = 76 35.83 N
* NMEA Longitude = 179 51.15 W
* NMEA UTC (Time) = Sep 16 2025  19:12:24
* NMEA baud rate = 9600
** Ship: USCG HEALY
** Bot. Depth:  1157
** Cast Number:  02
** Station Name:  NABOS
** Station Number:  10
** Operator:  STARC
# nquan = 25
# nvalues = 250                         
# units = specified
# name 0 = depSM: Depth [salt water, m]
# name 1 = latitude: Latitude [deg]
# name 2 = longitude: Longitude [deg]
# name 3 = prDM: Pressure, Digiquartz [db]
# name 4 = t090C: Temperature [ITS-90, deg C]
# name 5 = t190C: Temperature, 2 [ITS-90, deg C]
# name 6 = c0mS/cm: Conductivity [mS/cm]
# name 7 = c1mS/cm: Conductivity, 2 [mS/cm]
# name 8 = sal00: Salinity, Practical [PSU]
# name 9 = sal11: Salinity, Practical, 2 [PSU]
# name 10 = sbox0Mm/Kg: Oxygen, SBE 43 [umol/kg]
# name 11 = sbox1Mm/Kg: Oxygen, SBE 43, 2 [umol/kg]
# name 12 = flECO-AFL: Fluorescence, WET Labs ECO-AFL/FL [mg/m^3]
# name 13 = v2: Voltage 2
# name 14 = wetCDOM: Fluorescence, WET Labs CDOM [mg/m^3]
# name 15 = v6: Voltage 6
# name 16 = CStarAt0: Beam Attenuation, WET Labs C-Star [1/m]
# name 17 = v3: Voltage 3
# name 18 = scan: Scan Count
# name 19 = timeM: Time, Elapsed [minutes]
# name 20 = altM: Altimeter [m]
# name 21 = sbeox0V: Oxygen raw, SBE 43 [V]
# name 22 = sbeox1V: Oxygen raw, SBE 43, 2 [V]
# name 23 = nbin: number of scans per bin
# name 24 = flag: flag
# span 0 =      3.958,    250.201       
# span 1 =   76.59744,   76.59785       
# span 2 = -179.85092, -179.84903       
# span 3 =      4.000,    253.000       
# span 4 =    -1.6800,     0.7733       
# span 5 =    -1.6789,     0.7740       
# span 6 =  23.081751,  29.633565       
# span 7 =  23.079791,  29.632582       
# span 8 =    28.5930,    34.7558       
# span 9 =    28.5910,    34.7538       
# span 10 =    286.963,    381.898      
# span 11 =    281.835,    372.395      
# span 12 =    -0.1743,     0.5992      
# span 13 =     4.6011,     4.6740      
# span 14 =     0.0821,     0.1251      
# span 15 =     0.0821,     0.1251      
# span 16 =     0.0128,     0.0757      
# span 17 =     0.0180,     0.0489      
# span 18 =       8591,      19257      
# span 19 =     5.9653,    13.3723      
# span 20 =     100.00,     100.00      
# span 21 =     2.1667,     2.6677      
# span 22 =     1.9082,     2.3118      
# span 23 =         11,         29      
# span 24 = 0.0000e+00, 0.0000e+00      
# interval = decibars: 1                
# start_time = Sep 16 2025 19:12:24 [NMEA time, header]
# bad_flag = -9.990e-29
*END*
[from data line 232]
    233.399   76.59778 -179.84930    236.000     0.6332     0.6329  29.481469  29.479555    34.7252    34.7230    297.610    290.551    -0.1667     4.6729     0.0830     0.0830     0.0137     0.0183      17705    12.2946     100.00     2.3072     2.0158         15 0.0000e+00
    234.387   76.59778 -179.84930    237.000     0.6500     0.6517  29.500027  29.500078    34.7299    34.7281    297.524    292.444    -0.1610     4.6730     0.0828     0.0828     0.0137     0.0185      17756    12.3298     100.00     2.3074     2.0262         15 0.0000e+00
    235.375   76.59779 -179.84928    238.000     0.6643     0.6645  29.515508  29.513919    34.7334    34.7311    297.306    291.036    -0.1337     4.6730     0.0833     0.0833     0.0136     0.0196      17807    12.3654     100.00     2.3066     2.0193         18 0.0000e+00
    236.364   76.59780 -179.84928    239.000     0.6832     0.6845  29.535814  29.535667    34.7381    34.7364    297.244    292.222    -0.1463     4.6729     0.0839     0.0839     0.0137     0.0191      17858    12.4005     100.00     2.3071     2.0262         15 0.0000e+00
    237.352   76.59780 -179.84926    240.000     0.7091     0.7093  29.562327  29.560915    34.7429    34.7409    297.001    292.953    -0.1365     4.6729     0.0841     0.0841     0.0137     0.0195      17909    12.4358     100.00     2.3068     2.0309         17 0.0000e+00
    238.341   76.59780 -179.84926    241.000     0.7156     0.7159  29.569628  29.568134    34.7445    34.7423    296.290    292.274    -0.1728     4.6728     0.0832     0.0832     0.0138     0.0181      17959    12.4712     100.00     2.3025     2.0275         19 0.0000e+00
    239.329   76.59780 -179.84925    242.000     0.7286     0.7293  29.582869  29.582045    34.7466    34.7447    296.055    290.714    -0.1542     4.6727     0.0821     0.0821     0.0139     0.0188      18010    12.5063     100.00     2.3016     2.0198         17 0.0000e+00
    240.318   76.59780 -179.84924    243.000     0.7340     0.7339  29.588703  29.587006    34.7476    34.7454    296.034    289.679    -0.1537     4.6730     0.0830     0.0830     0.0136     0.0188      18061    12.5415     100.00     2.3015     2.0145         16 0.0000e+00
    241.306   76.59780 -179.84924    244.000     0.7339     0.7339  29.589308  29.587633    34.7478    34.7457    295.766    283.986    -0.1381     4.6727     0.0825     0.0825     0.0139     0.0195      18111    12.5767     100.00     2.2996     1.9849         17 0.0000e+00
    242.294   76.59780 -179.84922    245.000     0.7339     0.7339  29.589937  29.588154    34.7481    34.7457    295.518    291.984    -0.1404     4.6727     0.0823     0.0823     0.0139     0.0194      18162    12.6120     100.00     2.2979     2.0260         16 0.0000e+00
    243.283   76.59780 -179.84922    246.000     0.7439     0.7441  29.600579  29.599224    34.7501    34.7481    295.313    293.484    -0.1350     4.6728     0.0833     0.0833     0.0138     0.0196      18213    12.6475     100.00     2.2969     2.0340         21 0.0000e+00
    244.271   76.59780 -179.84920    247.000     0.7588     0.7587  29.615991  29.614287    34.7528    34.7507    295.288    290.869    -0.1539     4.6732     0.0839     0.0839     0.0135     0.0188      18264    12.6824     100.00     2.2973     2.0210         17 0.0000e+00
    245.259   76.59782 -179.84920    248.000     0.7590     0.7590  29.616923  29.615273    34.7532    34.7510    295.414    288.952    -0.1574     4.6730     0.0839     0.0839     0.0137     0.0187      18319    12.7208     100.00     2.2979     2.0109         19 0.0000e+00
    246.248   76.59782 -179.84917    249.000     0.7596     0.7599  29.618208  29.616664    34.7537    34.7513    295.537    291.250    -0.1558     4.6736     0.0831     0.0831     0.0132     0.0187      18438    12.8036     100.00     2.2984     2.0226         19 0.0000e+00
    247.236   76.59782 -179.84915    250.000     0.7606     0.7605  29.619668  29.617969    34.7538    34.7517    295.410    288.627    -0.1535     4.6735     0.0828     0.0828     0.0132     0.0188      18566    12.8921     100.00     2.2975     2.0089         18 0.0000e+00
    248.224   76.59782 -179.84914    251.000     0.7605     0.7606  29.620152  29.618625    34.7539    34.7518    295.646    293.864    -0.1743     4.6737     0.0833     0.0833     0.0131     0.0180      18676    12.9687     100.00     2.2987     2.0357         18 0.0000e+00
    249.213   76.59783 -179.84912    252.000     0.7627     0.7628  29.622863  29.621236    34.7544    34.7522    295.581    287.716    -0.1538     4.6740     0.0829     0.0829     0.0128     0.0188      18773    13.0365     100.00     2.2982     2.0039         17 0.0000e+00
    250.201   76.59785 -179.84903    253.000     0.7733     0.7740  29.633565  29.632582    34.7558    34.7538    295.836    289.877    -0.1483     4.6737     0.0837     0.0837     0.0131     0.0190      19257    13.3723     100.00     2.3001     2.0154         18 0.0000e+00
