Continuous CTD Data/SBE Stage/nabos_16_01.ros
* Sea-Bird SBE 9 Data File:
* FileName = D:\CTD\data\HLY2502\raw\NABOS_16_01.hex
* Software Version Seasave V 7.26.7.110
* Temperature SN = 6954
* Conductivity SN = 2561
* Number of Bytes Per Scan = 37
* Number of Voltage Words = 4
* Number of Scans Averaged by the Deck Unit = 1
* NMEA Latitude = 77 05.32 N
* NMEA Longitude = 179 06.61 E
* NMEA UTC (Time) = Sep 17 2025  05:37:32
* NMEA baud rate = 9600
** Ship: USCG HEALY
** Bot. Depth:  1069
** Cast Number:  01
** Station Name:  NABOS
** Station Number:  16
** Operator:  STARC
# nquan = 25
# nvalues = 980                                   
# units = specified
# name 0 = depSM: Depth [salt water, m]
# name 1 = latitude: Latitude [deg]
# name 2 = longitude: Longitude [deg]
# name 3 = prDM: Pressure, Digiquartz [db]
# name 4 = t090C: Temperature [ITS-90, deg C]
# name 5 = t190C: Temperature, 2 [ITS-90, deg C]
# name 6 = c0mS/cm: Conductivity [mS/cm]
# name 7 = c1mS/cm: Conductivity, 2 [mS/cm]
# name 8 = sal00: Salinity, Practical [PSU]
# name 9 = sal11: Salinity, Practical, 2 [PSU]
# name 10 = sbox0Mm/Kg: Oxygen, SBE 43 [umol/kg]
# name 11 = sbox1Mm/Kg: Oxygen, SBE 43, 2 [umol/kg]
# name 12 = flECO-AFL: Fluorescence, WET Labs ECO-AFL/FL [mg/m^3]
# name 13 = v2: Voltage 2
# name 14 = wetCDOM: Fluorescence, WET Labs CDOM [mg/m^3]
# name 15 = v6: Voltage 6
# name 16 = CStarAt0: Beam Attenuation, WET Labs C-Star [1/m]
# name 17 = v3: Voltage 3
# name 18 = scan: Scan Count
# name 19 = timeM: Time, Elapsed [minutes]
# name 20 = altM: Altimeter [m]
# name 21 = sbeox0V: Oxygen raw, SBE 43 [V]
# name 22 = sbeox1V: Oxygen raw, SBE 43, 2 [V]
# name 23 = nbf: Bottles Fired
# name 24 = flag:  0.000e+00
# interval = seconds: 0.0416667
# start_time = Sep 17 2025 05:37:32 [NMEA time, header]
# bad_flag = -9.990e-29
*END*
[from data line 406]
    150.050   77.09396  179.13210    151.694    -0.5451    -0.5415  28.234865  28.236678    34.4554    34.4537    304.815    297.916    -0.1366     4.6679     0.0879     0.0879     0.0180     0.0195      85410    59.3118     100.00     2.3045     2.0155          9  0.000e+00
    150.165   77.09396  179.13210    151.811    -0.5448    -0.5415  28.234988  28.236965    34.4552    34.4541    304.818    298.163    -0.1366     4.6679     0.0891     0.0891     0.0180     0.0195      85411    59.3125     100.00     2.3045     2.0167          9  0.000e+00
    150.116   77.09396  179.13210    151.761    -0.5448    -0.5414  28.234743  28.236965    34.4549    34.4540    304.816    298.404    -0.1366     4.6691     0.0891     0.0891     0.0170     0.0195      85412    59.3132     100.00     2.3045     2.0179          9  0.000e+00
    150.107   77.09396  179.13210    151.753    -0.5449    -0.5421  28.234866  28.236793    34.4552    34.4546    304.816    298.652    -0.1366     4.6679     0.0891     0.0891     0.0180     0.0195      85413    59.3139     100.00     2.3045     2.0191          9  0.000e+00
    150.107   77.09396  179.13210    151.753    -0.5450    -0.5419  28.235171  28.236793    34.4557    34.4544    304.816    298.894    -0.1061     4.6691     0.0891     0.0891     0.0170     0.0208      85414    59.3146     100.00     2.3045     2.0203          9  0.000e+00
    150.058   77.09396  179.13210    151.703    -0.5450    -0.5424  28.235049  28.236563    34.4556    34.4547    305.020    299.139    -0.1366     4.6679     0.0891     0.0891     0.0180     0.0195      85415    59.3153     100.00     2.3058     2.0216          9  0.000e+00
    150.165   77.09396  179.13210    151.811    -0.5448    -0.5422  28.235171  28.236218    34.4555    34.4539    304.817    299.143    -0.1366     4.6679     0.0891     0.0891     0.0180     0.0195      85416    59.3160     100.00     2.3045     2.0216          9  0.000e+00
    150.050   77.09396  179.13210    151.694    -0.5450    -0.5430  28.235049  28.236218    34.4556    34.4549    305.019    299.387    -0.1366     4.6679     0.0879     0.0879     0.0180     0.0195      85417    59.3167     100.00     2.3058     2.0228          9  0.000e+00
    150.107   77.09396  179.13210    151.753    -0.5452    -0.5432  28.235171  28.235816    34.4559    34.4545    304.817    299.391    -0.1366     4.6691     0.0879     0.0879     0.0170     0.0195      85418    59.3174     100.00     2.3045     2.0228          9  0.000e+00
    150.116   77.09396  179.13210    151.761    -0.5450    -0.5433  28.234866  28.235701    34.4553    34.4545    305.022    299.150    -0.1366     4.6679     0.0879     0.0879     0.0180     0.0195      85419    59.3181     100.00     2.3058     2.0216          9  0.000e+00
    150.107   77.09396  179.13210    151.753    -0.5448    -0.5435  28.234927  28.235299    34.4552    34.4541    305.021    298.908    -0.1366     4.6691     0.0879     0.0879     0.0170     0.0195      85420    59.3188     100.00     2.3058     2.0203          9  0.000e+00
    150.107   77.09396  179.13210    151.753    -0.5450    -0.5433  28.234743  28.235299    34.4551    34.4539    304.817    298.907    -0.1061     4.6691     0.0879     0.0879     0.0170     0.0208      85421    59.3194     100.00     2.3045     2.0203          9  0.000e+00
    150.116   77.09396  179.13210    151.761    -0.5450    -0.5433  28.234866  28.235414    34.4553    34.4541    304.817    298.907    -0.1366     4.6691     0.0879     0.0879     0.0170     0.0195      85422    59.3201     100.00     2.3045     2.0203          9  0.000e+00
    150.107   77.09396  179.13210    151.753    -0.5451    -0.5433  28.234805  28.235816    34.4553    34.4546    304.817    298.419    -0.1366     4.6691     0.0879     0.0879     0.0170     0.0195      85423    59.3208     100.00     2.3045     2.0179          9  0.000e+00
    150.107   77.09396  179.13210    151.753    -0.5450    -0.5430  28.234927  28.235759    34.4554    34.4542    305.022    297.931    -0.1366     4.6679     0.0879     0.0879     0.0180     0.0195      85424    59.3215     100.00     2.3058     2.0155          9  0.000e+00
    150.058   77.09396  179.13210    151.703    -0.5452    -0.5428  28.235171  28.235414    34.4559    34.4536    304.814    297.929    -0.1366     4.6679     0.0879     0.0879     0.0180     0.0195      85425    59.3222     100.00     2.3045     2.0155          9  0.000e+00
    150.107   77.09396  179.13210    151.753    -0.5448    -0.5430  28.235049  28.235184    34.4553    34.4534    304.815    297.932    -0.1366     4.6679     0.0879     0.0879     0.0180     0.0195      85426    59.3229     100.00     2.3045     2.0155          9  0.000e+00
    150.107   77.09396  179.13210    151.753    -0.5452    -0.5430  28.234805  28.235184    34.4554    34.4534    304.818    298.176    -0.1366     4.6679     0.0879     0.0879     0.0180     0.0195      85427    59.3236     100.00     2.3045     2.0167          9  0.000e+00
    150.116   77.09396  179.13210    151.761    -0.5452    -0.5435  28.234682  28.235357    34.4552    34.4542    304.818    298.178    -0.1061     4.6691     0.0879     0.0879     0.0170     0.0208      85428    59.3243     100.00     2.3045     2.0167          9  0.000e+00
    150.107   77.09396  179.13210    151.753    -0.5453    -0.5435  28.235049  28.235242    34.4558    34.4541    305.023    298.178    -0.1366     4.6679     0.0879     0.0879     0.0180     0.0195      85429    59.3250     100.00     2.3058     2.0167          9  0.000e+00
    150.107   77.09396  179.13210    151.753    -0.5452    -0.5436  28.234805  28.234897    34.4554    34.4537    305.023    298.180    -0.1366     4.6679     0.0879     0.0879     0.0180     0.0195      85430    59.3257     100.00     2.3058     2.0167          9  0.000e+00
    150.107   77.09396  179.13210    151.753    -0.5450    -0.5433  28.234682  28.234840    34.4550    34.4533    305.022    297.935    -0.1366     4.6691     0.0879     0.0879     0.0170     0.0195      85431    59.3264     100.00     2.3058     2.0155          9  0.000e+00
    150.116   77.09396  179.13210    151.761    -0.5449    -0.5433  28.234682  28.234897    34.4550    34.4534    305.022    297.935    -0.1366     4.6691     0.0879     0.0879     0.0170     0.0195      85432    59.3271     100.00     2.3058     2.0155          9  0.000e+00
    150.050   77.09396  179.13210    151.694    -0.5452    -0.5436  28.235049  28.234725    34.4557    34.4535    305.225    298.178    -0.1366     4.6679     0.0879     0.0879     0.0180     0.0195      85433    59.3278     100.00     2.3070     2.0167          9  0.000e+00
    150.107   77.09396  179.13210    151.753    -0.5450    -0.5433  28.235049  28.234552    34.4555    34.4529    304.816    298.179    -0.1366     4.6679     0.0879     0.0879     0.0180     0.0195      85434    59.3285     100.00     2.3045     2.0167          9  0.000e+00
    150.116   77.09396  179.13210    151.761    -0.5448    -0.5436  28.234805  28.234380    34.4550    34.4530    305.021    298.669    -0.1366     4.6679     0.0879     0.0879     0.0180     0.0195      85435    59.3292     100.00     2.3058     2.0191          9  0.000e+00
    150.107   77.09396  179.13212    151.753    -0.5450    -0.5436  28.234927  28.234552    34.4554    34.4533    305.022    298.668    -0.1366     4.6691     0.0879     0.0879     0.0170     0.0195      85436    59.3299     100.00     2.3058     2.0191          9  0.000e+00
    150.107   77.09396  179.13212    151.753    -0.5450    -0.5438  28.234743  28.234840    34.4551    34.4539    304.817    298.911    -0.1061     4.6691     0.0867     0.0867     0.0170     0.0208      85437    59.3306     100.00     2.3045     2.0203          9  0.000e+00
    150.058   77.09396  179.13212    151.703    -0.5449    -0.5435  28.235049  28.234897    34.4555    34.4536    304.813    298.664    -0.1366     4.6679     0.0867     0.0867     0.0180     0.0195      85438    59.3312     100.00     2.3045     2.0191          9  0.000e+00
    150.107   77.09396  179.13212    151.753    -0.5450    -0.5435  28.234682  28.234840    34.4550    34.4535    304.817    298.423    -0.1061     4.6679     0.0879     0.0879     0.0180     0.0208      85439    59.3319     100.00     2.3045     2.0179          9  0.000e+00
    150.165   77.09396  179.13212    151.811    -0.5452    -0.5433  28.234621  28.234840    34.4551    34.4533    305.026    298.424    -0.1366     4.6691     0.0867     0.0867     0.0170     0.0195      85440    59.3326     100.00     2.3058     2.0179          9  0.000e+00
    149.984   77.09396  179.13212    151.628    -0.5451    -0.5433  28.234682  28.235069    34.4552    34.4537    305.018    298.416    -0.1366     4.6691     0.0879     0.0879     0.0170     0.0195      85441    59.3333     100.00     2.3058     2.0179          9  0.000e+00
    150.181   77.09396  179.13212    151.827    -0.5450    -0.5433  28.234683  28.235184    34.4550    34.4537    305.025    298.424    -0.1366     4.6691     0.0879     0.0879     0.0170     0.0195      85442    59.3340     100.00     2.3058     2.0179          9  0.000e+00
    150.107   77.09396  179.13212    151.753    -0.5450    -0.5432  28.234682  28.235299    34.4550    34.4538    304.817    298.663    -0.1366     4.6679     0.0867     0.0867     0.0180     0.0195      85443    59.3347     100.00     2.3045     2.0191          9  0.000e+00
    150.107   77.09396  179.13212    151.753    -0.5450    -0.5432  28.235110  28.235184    34.4556    34.4537    304.815    298.420    -0.1061     4.6679     0.0867     0.0867     0.0180     0.0208      85444    59.3354     100.00     2.3045     2.0179          9  0.000e+00
    129.973   77.09410  179.13278    131.391    -0.9899    -0.9889  27.768655  27.767926    34.3429    34.3408    306.826    297.393    -0.1366     4.6679     0.0879     0.0879     0.0180     0.0195      87975    61.0931     100.00     2.2957     1.9957         10  0.000e+00
    130.030   77.09410  179.13278    131.449    -0.9897    -0.9888  27.768838  27.767812    34.3430    34.3405    306.619    298.134    -0.1366     4.6679     0.0891     0.0891     0.0180     0.0195      87976    61.0938     100.00     2.2945     1.9993         10  0.000e+00
    129.915   77.09410  179.13278    131.333    -0.9894    -0.9889  27.769019  27.767754    34.3430    34.3406    306.612    298.376    -0.1061     4.6679     0.0879     0.0879     0.0180     0.0208      87977    61.0944     100.00     2.2945     2.0006         10  0.000e+00
    129.973   77.09410  179.13278    131.391    -0.9897    -0.9889  27.768473  27.767583    34.3425    34.3404    306.618    298.625    -0.1366     4.6679     0.0891     0.0891     0.0180     0.0195      87978    61.0951     100.00     2.2945     2.0018         10  0.000e+00
    129.973   77.09410  179.13278    131.391    -0.9899    -0.9892  27.768473  27.767526    34.3427    34.3406    306.619    298.627    -0.1061     4.6679     0.0891     0.0891     0.0180     0.0208      87979    61.0958     100.00     2.2945     2.0018         10  0.000e+00
    129.973   77.09410  179.13278    131.391    -0.9902    -0.9892  27.768170  27.767697    34.3427    34.3409    306.622    298.380    -0.1366     4.6679     0.0891     0.0891     0.0180     0.0195      87980    61.0965     100.00     2.2945     2.0006         10  0.000e+00
    129.973   77.09410  179.13278    131.391    -0.9899    -0.9892  27.768230  27.767355    34.3424    34.3404    306.620    298.135    -0.1366     4.6679     0.0879     0.0879     0.0180     0.0195      87981    61.0972     100.00     2.2945     1.9993         10  0.000e+00
    129.973   77.09410  179.13278    131.391    -0.9897    -0.9896  27.768655  27.767241    34.3427    34.3407    306.617    298.138    -0.1366     4.6679     0.0879     0.0879     0.0180     0.0195      87982    61.0979     100.00     2.2945     1.9993         10  0.000e+00
    130.006   77.09410  179.13278    131.424    -0.9897    -0.9897  27.768837  27.767012    34.3430    34.3405    306.618    298.633    -0.1366     4.6679     0.0879     0.0879     0.0180     0.0195      87983    61.0986     100.00     2.2945     2.0018         10  0.000e+00
    129.973   77.09410  179.13278    131.391    -0.9900    -0.9898  27.768412  27.766784    34.3428    34.3403    306.620    298.633    -0.1061     4.6679     0.0891     0.0891     0.0180     0.0208      87984    61.0993     100.00     2.2945     2.0018         10  0.000e+00
    129.973   77.09410  179.13278    131.391    -0.9900    -0.9900  27.768291  27.766498    34.3426    34.3401    306.620    298.389    -0.1366     4.6679     0.0879     0.0879     0.0180     0.0195      87985    61.1000     100.00     2.2945     2.0006         10  0.000e+00
    129.973   77.09410  179.13278    131.391    -0.9899    -0.9906  27.768655  27.766270    34.3429    34.3405    306.618    298.147    -0.1366     4.6679     0.0891     0.0891     0.0180     0.0195      87986    61.1007     100.00     2.2945     1.9993         10  0.000e+00
    129.973   77.09410  179.13278    131.391    -0.9895    -0.9905  27.769019  27.766384    34.3430    34.3405    306.615    298.392    -0.1366     4.6679     0.0879     0.0879     0.0180     0.0195      87987    61.1014     100.00     2.2945     2.0006         10  0.000e+00
    129.973   77.09410  179.13278    131.391    -0.9892    -0.9906  27.769262  27.766270    34.3431    34.3405    306.404    298.885    -0.1366     4.6679     0.0879     0.0879     0.0180     0.0195      87988    61.1021     100.00     2.2933     2.0030         10  0.000e+00
    129.973   77.09410  179.13278    131.391    -0.9889    -0.9903  27.769566  27.766384    34.3431    34.3403    306.609    298.883    -0.1366     4.6691     0.0879     0.0879     0.0170     0.0195      87989    61.1028     100.00     2.2945     2.0030         10  0.000e+00
    129.915   77.09410  179.13278    131.333    -0.9897    -0.9903  27.768837  27.766042    34.3430    34.3399    306.614    298.636    -0.1061     4.6679     0.0891     0.0891     0.0180     0.0208      87990    61.1035     100.00     2.2945     2.0018         10  0.000e+00
    129.973   77.09410  179.13278    131.391    -0.9908    -0.9906  27.767563  27.766270    34.3425    34.3406    306.836    298.640    -0.1366     4.6679     0.0879     0.0879     0.0180     0.0195      87991    61.1042     100.00     2.2957     2.0018         10  0.000e+00
    129.973   77.09410  179.13278    131.391    -0.9909    -0.9906  27.767623  27.766613    34.3427    34.3410    306.628    298.392    -0.1366     4.6679     0.0891     0.0891     0.0180     0.0195      87992    61.1049     100.00     2.2945     2.0006         10  0.000e+00
    130.030   77.09410  179.13278    131.449    -0.9906    -0.9903  27.768170  27.766499    34.3431    34.3404    306.627    298.639    -0.1366     4.6679     0.0879     0.0879     0.0180     0.0195      87993    61.1056     100.00     2.2945     2.0018         10  0.000e+00
    129.948   77.09410  179.13278    131.366    -0.9900    -0.9906  27.768837  27.766441    34.3434    34.3407    306.617    299.376    -0.1366     4.6679     0.0879     0.0879     0.0180     0.0195      87994    61.1063     100.00     2.2945     2.0055         10  0.000e+00
    129.973   77.09410  179.13278    131.391    -0.9897    -0.9908  27.769262  27.766270    34.3436    34.3407    306.615    299.378    -0.1366     4.6679     0.0891     0.0891     0.0180     0.0195      87995    61.1069     100.00     2.2945     2.0055         10  0.000e+00
    129.973   77.09410  179.13278    131.391    -0.9891    -0.9909  27.769566  27.766213    34.3433    34.3408    306.818    299.625    -0.1366     4.6679     0.0891     0.0891     0.0180     0.0195      87996    61.1076     100.00     2.2957     2.0067         10  0.000e+00
