Continuous CTD Data/SBE Stage/nabos_32_02.ros
* Sea-Bird SBE 9 Data File:
* FileName = D:\CTD\data\HLY2502\raw\NABOS_32_02.hex
* Software Version Seasave V 7.26.7.110
* Temperature SN = 6954
* Conductivity SN = 2561
* Number of Bytes Per Scan = 37
* Number of Voltage Words = 4
* Number of Scans Averaged by the Deck Unit = 1
* NMEA Latitude = 79 57.04 N
* NMEA Longitude = 142 16.33 E
* NMEA UTC (Time) = Sep 23 2025  10:03:54
* NMEA baud rate = 9600
** Ship: USCG HEALY
** Bot. Depth:  1374
** Cast Number:  02
** Station Name:  NABOS
** Station Number:  32
** Operator:  STARC
# nquan = 25
# nvalues = 980                                   
# units = specified
# name 0 = depSM: Depth [salt water, m]
# name 1 = latitude: Latitude [deg]
# name 2 = longitude: Longitude [deg]
# name 3 = prDM: Pressure, Digiquartz [db]
# name 4 = t090C: Temperature [ITS-90, deg C]
# name 5 = t190C: Temperature, 2 [ITS-90, deg C]
# name 6 = c0mS/cm: Conductivity [mS/cm]
# name 7 = c1mS/cm: Conductivity, 2 [mS/cm]
# name 8 = sal00: Salinity, Practical [PSU]
# name 9 = sal11: Salinity, Practical, 2 [PSU]
# name 10 = sbox0Mm/Kg: Oxygen, SBE 43 [umol/kg]
# name 11 = sbox1Mm/Kg: Oxygen, SBE 43, 2 [umol/kg]
# name 12 = flECO-AFL: Fluorescence, WET Labs ECO-AFL/FL [mg/m^3]
# name 13 = v2: Voltage 2
# name 14 = wetCDOM: Fluorescence, WET Labs CDOM [mg/m^3]
# name 15 = v6: Voltage 6
# name 16 = CStarAt0: Beam Attenuation, WET Labs C-Star [1/m]
# name 17 = v3: Voltage 3
# name 18 = scan: Scan Count
# name 19 = timeM: Time, Elapsed [minutes]
# name 20 = altM: Altimeter [m]
# name 21 = sbeox0V: Oxygen raw, SBE 43 [V]
# name 22 = sbeox1V: Oxygen raw, SBE 43, 2 [V]
# name 23 = nbf: Bottles Fired
# name 24 = flag:  0.000e+00
# interval = seconds: 0.0416667
# start_time = Sep 23 2025 10:03:54 [NMEA time, header]
# bad_flag = -9.990e-29
*END*
[from data line 406]
    149.846   79.95556  142.19646    151.504     0.9643     0.9433  29.672097  29.649486    34.6527    34.6468    298.145    292.071    -0.1366     4.6154     0.0830     0.0830     0.0633     0.0195      98158    68.1646     100.00     2.3472     2.0531          9  0.000e+00
    149.789   79.95556  142.19646    151.446     0.9638     0.9425  29.670977  29.649018    34.6518    34.6471    297.953    292.075    -0.1061     4.6154     0.0830     0.0830     0.0633     0.0208      98159    68.1653     100.00     2.3460     2.0531          9  0.000e+00
    149.797   79.95556  142.19646    151.454     0.9638     0.9419  29.670355  29.649311    34.6510    34.6481    298.151    291.845    -0.1366     4.6154     0.0830     0.0830     0.0633     0.0195      98160    68.1660     100.00     2.3472     2.0518          9  0.000e+00
    149.789   79.95556  142.19646    151.446     0.9636     0.9425  29.670417  29.650715    34.6513    34.6493    298.152    291.837    -0.1061     4.6142     0.0830     0.0830     0.0644     0.0208      98161    68.1667     100.00     2.3472     2.0518          9  0.000e+00
    149.846   79.95556  142.19646    151.504     0.9634     0.9452  29.671289  29.654517    34.6525    34.6512    298.153    291.813    -0.1366     4.6142     0.0830     0.0830     0.0644     0.0195      98162    68.1674     100.00     2.3472     2.0518          9  0.000e+00
    149.739   79.95556  142.19646    151.396     0.9644     0.9498  29.673030  29.659958    34.6538    34.6531    298.138    291.998    -0.1061     4.6154     0.0830     0.0830     0.0633     0.0208      98163    68.1681     100.00     2.3472     2.0531          9  0.000e+00
    149.846   79.95556  142.19646    151.504     0.9667     0.9535  29.675208  29.663527    34.6539    34.6535    298.121    292.203    -0.1366     4.6142     0.0830     0.0830     0.0644     0.0195      98164    68.1688     100.00     2.3472     2.0543          9  0.000e+00
    149.789   79.95556  142.19646    151.446     0.9689     0.9567  29.677385  29.665048    34.6544    34.6521    298.100    292.179    -0.1366     4.6142     0.0830     0.0830     0.0644     0.0195      98165    68.1694     100.00     2.3472     2.0543          9  0.000e+00
    149.789   79.95556  142.19646    151.446     0.9711     0.9580  29.679812  29.666101    34.6551    34.6519    297.883    292.167    -0.1366     4.6154     0.0830     0.0830     0.0633     0.0195      98166    68.1701     100.00     2.3460     2.0543          9  0.000e+00
    149.863   79.95556  142.19646    151.521     0.9736     0.9606  29.682114  29.668090    34.6552    34.6516    298.061    291.917    -0.1366     4.6154     0.0830     0.0830     0.0633     0.0195      98167    68.1708     100.00     2.3472     2.0531          9  0.000e+00
    149.789   79.95556  142.19646    151.446     0.9750     0.9619  29.683296  29.669026    34.6552    34.6514    298.046    291.671    -0.1366     4.6142     0.0830     0.0830     0.0644     0.0195      98168    68.1715     100.00     2.3472     2.0518          9  0.000e+00
    149.789   79.95556  142.19646    151.446     0.9748     0.9640  29.682673  29.670840    34.6546    34.6513    298.049    291.421    -0.1366     4.6142     0.0830     0.0830     0.0644     0.0195      98169    68.1722     100.00     2.3472     2.0506          9  0.000e+00
    149.797   79.95556  142.19644    151.454     0.9742     0.9650  29.681740  29.673239    34.6541    34.6533    297.859    291.409    -0.1366     4.6142     0.0830     0.0830     0.0644     0.0195      98170    68.1729     100.00     2.3460     2.0506          9  0.000e+00
    149.846   79.95556  142.19644    151.504     0.9734     0.9670  29.680745  29.674936    34.6536    34.6533    298.262    291.162    -0.1366     4.6142     0.0830     0.0830     0.0644     0.0195      98171    68.1736     100.00     2.3485     2.0494          9  0.000e+00
    149.789   79.95556  142.19644    151.446     0.9723     0.9681  29.678940  29.675697    34.6525    34.6531    297.878    291.151    -0.1366     4.6129     0.0830     0.0830     0.0654     0.0195      98172    68.1743     100.00     2.3460     2.0494          9  0.000e+00
    149.863   79.95556  142.19644    151.521     0.9706     0.9695  29.678256  29.677277    34.6535    34.6535    298.090    291.141    -0.1061     4.6105     0.0830     0.0830     0.0675     0.0208      98173    68.1750     100.00     2.3472     2.0494          9  0.000e+00
    149.789   79.95556  142.19644    151.446     0.9711     0.9706  29.679687  29.677569    34.6549    34.6527    298.080    291.131    -0.1366     4.6093     0.0830     0.0830     0.0686     0.0195      98174    68.1757     100.00     2.3472     2.0494          9  0.000e+00
    149.789   79.95556  142.19644    151.446     0.9731     0.9706  29.682425  29.676516    34.6561    34.6514    298.059    290.902    -0.1061     4.6093     0.0830     0.0830     0.0686     0.0208      98175    68.1764     100.00     2.3472     2.0482          9  0.000e+00
    149.846   79.95556  142.19644    151.504     0.9762     0.9699  29.685287  29.675287    34.6564    34.6505    298.035    290.911    -0.1366     4.6105     0.0818     0.0818     0.0675     0.0195      98176    68.1771     100.00     2.3472     2.0482          9  0.000e+00
    149.797   79.95556  142.19644    151.454     0.9789     0.9689  29.687278  29.673063    34.6560    34.6488    298.011    291.154    -0.1366     4.6093     0.0818     0.0818     0.0686     0.0195      98177    68.1778     100.00     2.3472     2.0494          9  0.000e+00
    149.789   79.95556  142.19644    151.446     0.9803     0.9654  29.688087  29.669143    34.6555    34.6476    298.196    291.418    -0.1366     4.6093     0.0830     0.0830     0.0686     0.0195      98178    68.1785     100.00     2.3485     2.0506          9  0.000e+00
    149.846   79.95556  142.19644    151.504     0.9812     0.9597  29.688833  29.663878    34.6554    34.6471    297.995    291.934    -0.1366     4.6105     0.0830     0.0830     0.0675     0.0195      98179    68.1792     100.00     2.3472     2.0531          9  0.000e+00
    149.797   79.95556  142.19644    151.454     0.9819     0.9542  29.688833  29.659841    34.6547    34.6481    298.185    291.976    -0.1366     4.6105     0.0830     0.0830     0.0675     0.0195      98180    68.1799     100.00     2.3485     2.0531          9  0.000e+00
    149.789   79.95556  142.19644    151.446     0.9811     0.9539  29.688771  29.661420    34.6555    34.6505    297.993    291.972    -0.1366     4.6093     0.0830     0.0830     0.0686     0.0195      98181    68.1806     100.00     2.3472     2.0531          9  0.000e+00
    149.846   79.95556  142.19644    151.504     0.9814     0.9577  29.688958  29.666628    34.6554    34.6529    297.993    291.937    -0.1061     4.6105     0.0842     0.0842     0.0675     0.0208      98182    68.1813     100.00     2.3472     2.0531          9  0.000e+00
    149.797   79.95556  142.19644    151.454     0.9817     0.9623  29.689269  29.672479    34.6554    34.6554    298.185    291.892    -0.1366     4.6093     0.0842     0.0842     0.0686     0.0195      98183    68.1819     100.00     2.3485     2.0531          9  0.000e+00
    149.846   79.95556  142.19644    151.504     0.9820     0.9678  29.688896  29.677453    34.6546    34.6556    297.990    292.080    -0.1061     4.6105     0.0842     0.0842     0.0675     0.0208      98184    68.1826     100.00     2.3472     2.0543          9  0.000e+00
    149.789   79.95556  142.19644    151.446     0.9812     0.9713  29.688211  29.680261    34.6546    34.6554    297.994    292.049    -0.1366     4.6093     0.0842     0.0842     0.0686     0.0195      98185    68.1833     100.00     2.3472     2.0543          9  0.000e+00
    149.846   79.95556  142.19644    151.504     0.9805     0.9736  29.687527  29.680613    34.6545    34.6532    298.199    292.269    -0.1366     4.6093     0.0842     0.0842     0.0686     0.0195      98186    68.1840     100.00     2.3485     2.0555          9  0.000e+00
    149.739   79.95556  142.19644    151.396     0.9798     0.9735  29.686966  29.678096    34.6546    34.6502    298.200    292.040    -0.1366     4.6105     0.0842     0.0842     0.0675     0.0195      98187    68.1847     100.00     2.3485     2.0543          9  0.000e+00
    149.846   79.95556  142.19644    151.504     0.9789     0.9726  29.686220  29.674760    34.6546    34.6468    298.212    292.060    -0.1366     4.6105     0.0842     0.0842     0.0675     0.0195      98188    68.1854     100.00     2.3485     2.0543          9  0.000e+00
    149.789   79.95556  142.19644    151.446     0.9781     0.9720  29.686033  29.674468    34.6552    34.6472    298.215    292.062    -0.1366     4.6093     0.0842     0.0842     0.0686     0.0195      98189    68.1861     100.00     2.3485     2.0543          9  0.000e+00
    149.863   79.95556  142.19644    151.521     0.9781     0.9705  29.686407  29.674351    34.6557    34.6487    298.217    292.074    -0.1061     4.6093     0.0842     0.0842     0.0686     0.0208      98190    68.1868     100.00     2.3485     2.0543          9  0.000e+00
    149.789   79.95556  142.19644    151.446     0.9792     0.9678  29.687153  29.671718    34.6555    34.6483    298.009    291.861    -0.1061     4.6093     0.0842     0.0842     0.0686     0.0208      98191    68.1875     100.00     2.3472     2.0531          9  0.000e+00
    149.789   79.95556  142.19644    151.446     0.9797     0.9659  29.687776  29.669845    34.6558    34.6480    298.201    291.878    -0.1366     4.6093     0.0842     0.0842     0.0686     0.0195      98192    68.1882     100.00     2.3485     2.0531          9  0.000e+00
    130.689   79.95588  142.19532    132.129     0.3885     0.3877  29.074974  29.071848    34.5302    34.5271    303.180    296.470    -0.1366     4.6154     0.0842     0.0842     0.0633     0.0195     100229    69.6028     100.00     2.3506     2.0541         10  0.000e+00
    130.631   79.95588  142.19532    132.070     0.3885     0.3879  29.074850  29.071964    34.5301    34.5270    303.178    296.466    -0.1366     4.6154     0.0842     0.0842     0.0633     0.0195     100230    69.6035     100.00     2.3506     2.0541         10  0.000e+00
    130.689   79.95588  142.19532    132.129     0.3886     0.3876  29.074727  29.072196    34.5298    34.5276    303.180    296.470    -0.1366     4.6154     0.0842     0.0842     0.0633     0.0195     100231    69.6042     100.00     2.3506     2.0541         10  0.000e+00
    130.755   79.95588  142.19532    132.195     0.3886     0.3879  29.075098  29.072719    34.5302    34.5279    303.182    296.469    -0.1061     4.6154     0.0842     0.0842     0.0633     0.0208     100232    69.6049     100.00     2.3506     2.0541         10  0.000e+00
    130.631   79.95588  142.19532    132.070     0.3885     0.3884  29.074912  29.073241    34.5302    34.5282    303.178    296.696    -0.1366     4.6154     0.0842     0.0842     0.0633     0.0195     100233    69.6056     100.00     2.3506     2.0553         10  0.000e+00
    130.730   79.95588  142.19530    132.170     0.3885     0.3885  29.075159  29.073532    34.5304    34.5283    303.181    296.698    -0.1061     4.6154     0.0842     0.0842     0.0633     0.0208     100234    69.6063     100.00     2.3506     2.0553         10  0.000e+00
    130.631   79.95588  142.19530    132.070     0.3886     0.3888  29.074912  29.073474    34.5300    34.5280    303.177    296.456    -0.1366     4.6166     0.0842     0.0842     0.0622     0.0195     100235    69.6069     100.00     2.3506     2.0541         10  0.000e+00
    130.689   79.95588  142.19530    132.129     0.3885     0.3888  29.074974  29.073358    34.5302    34.5278    302.981    296.223    -0.1366     4.6154     0.0842     0.0842     0.0633     0.0195     100236    69.6076     100.00     2.3494     2.0528         10  0.000e+00
    130.755   79.95588  142.19530    132.195     0.3885     0.3889  29.074851  29.073184    34.5300    34.5274    303.183    296.225    -0.1366     4.6154     0.0842     0.0842     0.0633     0.0195     100237    69.6083     100.00     2.3506     2.0528         10  0.000e+00
    130.689   79.95588  142.19530    132.129     0.3885     0.3889  29.074542  29.073474    34.5296    34.5278    303.181    295.986    -0.1366     4.6154     0.0830     0.0830     0.0633     0.0195     100238    69.6090     100.00     2.3506     2.0516         10  0.000e+00
    130.689   79.95588  142.19530    132.129     0.3884     0.3891  29.074295  29.073474    34.5295    34.5277    303.183    295.749    -0.1366     4.6166     0.0842     0.0842     0.0622     0.0195     100239    69.6097     100.00     2.3506     2.0504         10  0.000e+00
    130.689   79.95588  142.19530    132.129     0.3879     0.3889  29.073986  29.073532    34.5296    34.5279    303.187    295.750    -0.1366     4.6154     0.0842     0.0842     0.0633     0.0195     100240    69.6104     100.00     2.3506     2.0504         10  0.000e+00
    130.755   79.95588  142.19530    132.195     0.3876     0.3889  29.074110  29.073416    34.5301    34.5277    302.992    295.753    -0.1366     4.6154     0.0842     0.0842     0.0633     0.0195     100241    69.6111     100.00     2.3494     2.0504         10  0.000e+00
    130.689   79.95588  142.19530    132.129     0.3876     0.3889  29.073986  29.073416    34.5300    34.5278    303.189    295.514    -0.1366     4.6154     0.0842     0.0842     0.0633     0.0195     100242    69.6118     100.00     2.3506     2.0492         10  0.000e+00
    130.689   79.95588  142.19530    132.129     0.3877     0.3888  29.074295  29.073125    34.5302    34.5275    303.187    295.515    -0.1061     4.6154     0.0842     0.0842     0.0633     0.0208     100243    69.6125     100.00     2.3506     2.0492         10  0.000e+00
    130.755   79.95588  142.19530    132.195     0.3879     0.3886  29.074480  29.073358    34.5302    34.5279    303.188    295.518    -0.1366     4.6154     0.0842     0.0842     0.0633     0.0195     100244    69.6132     100.00     2.3506     2.0492         10  0.000e+00
    130.689   79.95588  142.19530    132.129     0.3881     0.3883  29.074480  29.073125    34.5301    34.5281    302.985    295.754    -0.1061     4.6154     0.0842     0.0842     0.0633     0.0208     100245    69.6139     100.00     2.3494     2.0504         10  0.000e+00
    130.730   79.95588  142.19530    132.170     0.3881     0.3882  29.074233  29.072661    34.5298    34.5276    303.187    295.758    -0.1366     4.6154     0.0842     0.0842     0.0633     0.0195     100246    69.6146     100.00     2.3506     2.0504         10  0.000e+00
    130.755   79.95588  142.19530    132.195     0.3882     0.3882  29.074357  29.072777    34.5297    34.5277    302.987    295.995    -0.1366     4.6154     0.0842     0.0842     0.0633     0.0195     100247    69.6153     100.00     2.3494     2.0516         10  0.000e+00
    130.689   79.95588  142.19530    132.129     0.3881     0.3879  29.074233  29.072777    34.5298    34.5280    302.986    296.229    -0.1366     4.6154     0.0842     0.0842     0.0633     0.0195     100248    69.6160     100.00     2.3494     2.0528         10  0.000e+00
    130.755   79.95588  142.19530    132.195     0.3877     0.3882  29.074172  29.073068    34.5300    34.5281    303.190    296.230    -0.1366     4.6154     0.0842     0.0842     0.0633     0.0195     100249    69.6167     100.00     2.3506     2.0528         10  0.000e+00
    130.755   79.95588  142.19530    132.195     0.3876     0.3882  29.073986  29.073068    34.5300    34.5281    302.992    296.466    -0.1366     4.6154     0.0842     0.0842     0.0633     0.0195     100250    69.6174     100.00     2.3494     2.0541         10  0.000e+00
