Continuous CTD Data/SBE Stage/nabos_05_02.ros
* Sea-Bird SBE 9 Data File:
* FileName = D:\CTD\data\HLY2502\raw\NABOS_05_02.hex
* Software Version Seasave V 7.26.7.110
* Temperature SN = 6954
* Conductivity SN = 2561
* Number of Bytes Per Scan = 37
* Number of Voltage Words = 4
* Number of Scans Averaged by the Deck Unit = 1
* NMEA Latitude = 75 06.49 N
* NMEA Longitude = 172 12.32 E
* NMEA UTC (Time) = Sep 12 2025  18:35:48
* NMEA baud rate = 9600
** Ship: USCG HEALY
** Bot. Depth:  149
** Cast Number:  02
** Station Name:  NABOS
** Station Number:  05
** Operator:  STARC
# nquan = 25
# nvalues = 735                                   
# units = specified
# name 0 = depSM: Depth [salt water, m]
# name 1 = latitude: Latitude [deg]
# name 2 = longitude: Longitude [deg]
# name 3 = prDM: Pressure, Digiquartz [db]
# name 4 = t090C: Temperature [ITS-90, deg C]
# name 5 = t190C: Temperature, 2 [ITS-90, deg C]
# name 6 = c0mS/cm: Conductivity [mS/cm]
# name 7 = c1mS/cm: Conductivity, 2 [mS/cm]
# name 8 = sal00: Salinity, Practical [PSU]
# name 9 = sal11: Salinity, Practical, 2 [PSU]
# name 10 = sbox0Mm/Kg: Oxygen, SBE 43 [umol/kg]
# name 11 = sbox1Mm/Kg: Oxygen, SBE 43, 2 [umol/kg]
# name 12 = flECO-AFL: Fluorescence, WET Labs ECO-AFL/FL [mg/m^3]
# name 13 = v2: Voltage 2
# name 14 = wetCDOM: Fluorescence, WET Labs CDOM [mg/m^3]
# name 15 = v6: Voltage 6
# name 16 = CStarAt0: Beam Attenuation, WET Labs C-Star [1/m]
# name 17 = v3: Voltage 3
# name 18 = scan: Scan Count
# name 19 = timeM: Time, Elapsed [minutes]
# name 20 = altM: Altimeter [m]
# name 21 = sbeox0V: Oxygen raw, SBE 43 [V]
# name 22 = sbeox1V: Oxygen raw, SBE 43, 2 [V]
# name 23 = nbf: Bottles Fired
# name 24 = flag:  0.000e+00
# interval = seconds: 0.0416667
# start_time = Sep 12 2025 18:35:48 [NMEA time, header]
# bad_flag = -9.990e-29
*END*
[from data line 290]
     70.309   75.11122  172.21378     71.059    -1.4922    -1.4921  26.786821  26.784826    33.6035    33.6006    281.204    274.115    -0.1061     4.6520     0.1221     0.1221     0.0317     0.0208      28094    19.5090      60.02     2.1238     1.8624          6  0.000e+00
     70.309   75.11122  172.21378     71.059    -1.4923    -1.4924  26.786881  26.784544    33.6037    33.6005    281.415    273.869    -0.0755     4.6532     0.1221     0.1221     0.0306     0.0220      28095    19.5097      59.98     2.1250     1.8612          6  0.000e+00
     70.300   75.11122  172.21380     71.051    -1.4922    -1.4924  26.786341  26.784657    33.6028    33.6007    281.416    273.868    -0.0755     4.6532     0.1221     0.1221     0.0306     0.0220      28096    19.5104      59.66     2.1250     1.8612          6  0.000e+00
     70.309   75.11122  172.21380     71.059    -1.4924    -1.4924  26.786521  26.784770    33.6033    33.6009    281.417    273.619    -0.0755     4.6532     0.1221     0.1221     0.0306     0.0220      28097    19.5111      59.44     2.1250     1.8600          6  0.000e+00
     55.186   75.11148  172.21460     55.774    -1.6417    -1.6412  26.429326  26.428342    33.2866    33.2846    310.982    301.541    -0.0450     4.6532     0.1209     0.1209     0.0306     0.0232      30398    21.1090      77.83     2.2875     1.9895          7  0.000e+00
     55.104   75.11148  172.21460     55.691    -1.6418    -1.6411  26.428848  26.428230    33.2861    33.2844    310.981    301.537    -0.0755     4.6532     0.1209     0.1209     0.0306     0.0220      30399    21.1097      77.80     2.2875     1.9895          7  0.000e+00
     55.227   75.11148  172.21460     55.815    -1.6421    -1.6415  26.428372  26.427838    33.2857    33.2843    310.990    301.547    -0.0450     4.6532     0.1221     0.1221     0.0306     0.0232      30400    21.1104      77.39     2.2875     1.9895          7  0.000e+00
     55.129   75.11148  172.21460     55.715    -1.6423    -1.6414  26.428014  26.427893    33.2855    33.2843    311.200    301.792    -0.0450     4.6532     0.1209     0.1209     0.0306     0.0232      30401    21.1111      79.37     2.2887     1.9907          7  0.000e+00
     55.170   75.11148  172.21460     55.757    -1.6421    -1.6414  26.427954  26.428118    33.2852    33.2845    310.989    302.294    -0.0755     4.6532     0.1197     0.1197     0.0306     0.0220      30402    21.1118      80.78     2.2875     1.9931          7  0.000e+00
     55.063   75.11148  172.21460     55.649    -1.6424    -1.6414  26.427239  26.427613    33.2846    33.2839    310.989    302.541    -0.0450     4.6532     0.1197     0.1197     0.0306     0.0232      30403    21.1125      80.98     2.2875     1.9944          7  0.000e+00
     55.170   75.11148  172.21460     55.757    -1.6427    -1.6415  26.426166  26.427613    33.2834    33.2840    311.000    303.048    -0.0450     4.6532     0.1197     0.1197     0.0306     0.0232      30404    21.1132      80.90     2.2875     1.9968          7  0.000e+00
     55.170   75.11148  172.21460     55.757    -1.6430    -1.6417  26.425510  26.427725    33.2828    33.2843    310.792    303.299    -0.0450     4.6532     0.1197     0.1197     0.0306     0.0232      30405    21.1139      81.07     2.2863     1.9980          7  0.000e+00
     55.129   75.11148  172.21460     55.715    -1.6432    -1.6415  26.425450  26.427333    33.2829    33.2836    311.003    303.297    -0.0450     4.6532     0.1184     0.1184     0.0306     0.0232      30406    21.1146      81.07     2.2875     1.9980          7  0.000e+00
     55.104   75.11148  172.21460     55.691    -1.6432    -1.6418  26.425629  26.426828    33.2832    33.2833    310.790    303.550    -0.0450     4.6520     0.1209     0.1209     0.0317     0.0232      30407    21.1153      79.29     2.2863     1.9992          7  0.000e+00
     55.129   75.11148  172.21460     55.715    -1.6432    -1.6418  26.425689  26.426492    33.2833    33.2828    311.002    303.552    -0.0450     4.6532     0.1221     0.1221     0.0306     0.0232      30408    21.1160      77.80     2.2875     1.9992          7  0.000e+00
     55.047   75.11148  172.21460     55.633    -1.6434    -1.6421  26.425689  26.426211    33.2835    33.2828    311.000    303.552    -0.0450     4.6532     0.1221     0.1221     0.0306     0.0232      30409    21.1167      77.36     2.2875     1.9992          7  0.000e+00
     55.129   75.11148  172.21460     55.715    -1.6435    -1.6423  26.425271  26.424417    33.2830    33.2805    311.217    303.062    -0.0450     4.6545     0.1221     0.1221     0.0296     0.0232      30410    21.1174      77.31     2.2887     1.9968          7  0.000e+00
     55.104   75.11148  172.21460     55.691    -1.6434    -1.6431  26.425391  26.422735    33.2830    33.2790    311.003    302.821    -0.0450     4.6545     0.1209     0.1209     0.0296     0.0232      30411    21.1181      77.41     2.2875     1.9956          7  0.000e+00
     55.047   75.11148  172.21460     55.633    -1.6432    -1.6435  26.425212  26.421781    33.2826    33.2782    311.000    302.824    -0.0755     4.6545     0.1221     0.1221     0.0296     0.0220      30412    21.1187      77.26     2.2875     1.9956          7  0.000e+00
     55.063   75.11148  172.21460     55.649    -1.6435    -1.6440  26.425152  26.421221    33.2829    33.2780    311.003    303.081    -0.0450     4.6545     0.1221     0.1221     0.0296     0.0232      30413    21.1194      77.12     2.2875     1.9968          7  0.000e+00
     55.104   75.11148  172.21460     55.691    -1.6434    -1.6441  26.424616  26.420660    33.2820    33.2773    311.006    302.835    -0.0450     4.6545     0.1221     0.1221     0.0296     0.0232      30414    21.1201      77.31     2.2875     1.9956          7  0.000e+00
     55.006   75.11148  172.21460     55.591    -1.6436    -1.6444  26.424794  26.420548    33.2826    33.2775    310.792    302.833    -0.0450     4.6545     0.1209     0.1209     0.0296     0.0232      30415    21.1208      77.51     2.2863     1.9956          7  0.000e+00
     55.047   75.11148  172.21460     55.633    -1.6436    -1.6446  26.424198  26.420380    33.2817    33.2775    311.007    302.836    -0.0450     4.6545     0.1221     0.1221     0.0296     0.0232      30416    21.1215      77.34     2.2875     1.9956          7  0.000e+00
     55.104   75.11148  172.21460     55.691    -1.6441    -1.6446  26.423662  26.420099    33.2815    33.2771    311.226    302.840    -0.0450     4.6545     0.1209     0.1209     0.0296     0.0232      30417    21.1222      77.39     2.2887     1.9956          7  0.000e+00
     55.006   75.11148  172.21460     55.591    -1.6443    -1.6447  26.423244  26.420211    33.2811    33.2774    311.013    302.585    -0.0450     4.6545     0.1221     0.1221     0.0296     0.0232      30418    21.1229      77.61     2.2875     1.9944          7  0.000e+00
     55.047   75.11148  172.21460     55.633    -1.6444    -1.6447  26.422410  26.420660    33.2801    33.2780    310.807    302.586    -0.0755     4.6545     0.1209     0.1209     0.0296     0.0220      30419    21.1236      79.17     2.2863     1.9944          7  0.000e+00
     55.006   75.11148  172.21460     55.591    -1.6446    -1.6447  26.422469  26.420996    33.2804    33.2785    311.018    302.332    -0.0450     4.6545     0.1197     0.1197     0.0296     0.0232      30420    21.1243      80.44     2.2875     1.9931          7  0.000e+00
     55.047   75.11148  172.21460     55.633    -1.6447    -1.6447  26.422589  26.421108    33.2807    33.2786    310.808    301.833    -0.0450     4.6545     0.1197     0.1197     0.0296     0.0232      30421    21.1250      80.88     2.2863     1.9907          7  0.000e+00
     55.006   75.11148  172.21460     55.591    -1.6444    -1.6445  26.422469  26.420884    33.2803    33.2781    311.016    301.079    -0.0450     4.6545     0.1197     0.1197     0.0296     0.0232      30422    21.1257      80.85     2.2875     1.9870          7  0.000e+00
     55.047   75.11148  172.21460     55.633    -1.6446    -1.6446  26.422350  26.420828    33.2802    33.2781    310.808    301.081    -0.0450     4.6545     0.1197     0.1197     0.0296     0.0232      30423    21.1264      80.32     2.2863     1.9870          7  0.000e+00
     54.981   75.11150  172.21462     55.566    -1.6449    -1.6446  26.421933  26.420604    33.2800    33.2778    311.020    301.580    -0.0450     4.6545     0.1197     0.1197     0.0296     0.0232      30424    21.1271      80.07     2.2875     1.9895          7  0.000e+00
     54.940   75.11150  172.21462     55.525    -1.6449    -1.6444  26.421098  26.421332    33.2789    33.2787    311.021    302.076    -0.0450     4.6545     0.1209     0.1209     0.0296     0.0232      30425    21.1278      78.75     2.2875     1.9919          7  0.000e+00
     54.981   75.11150  172.21462     55.566    -1.6452    -1.6440  26.421217  26.422903    33.2794    33.2803    310.813    302.571    -0.0450     4.6545     0.1209     0.1209     0.0296     0.0232      30426    21.1285      77.78     2.2863     1.9944          7  0.000e+00
     55.006   75.11150  172.21462     55.591    -1.6449    -1.6434  26.421337  26.423912    33.2792    33.2811    310.812    302.815    -0.0145     4.6545     0.1209     0.1209     0.0296     0.0244      30427    21.1292      77.90     2.2863     1.9956          7  0.000e+00
     54.981   75.11150  172.21462     55.566    -1.6452    -1.6434  26.421158  26.423968    33.2793    33.2811    310.813    302.563     0.0160     4.6545     0.1209     0.1209     0.0296     0.0256      30428    21.1299      78.10     2.2863     1.9944          7  0.000e+00
     54.924   75.11150  172.21462     55.508    -1.6453    -1.6431  26.421038  26.423912    33.2793    33.2808    311.024    302.309    -0.0145     4.6545     0.1209     0.1209     0.0296     0.0244      30429    21.1306      77.97     2.2875     1.9931          7  0.000e+00
     55.006   75.11150  172.21462     55.591    -1.6451    -1.6434  26.420740  26.424080    33.2785    33.2813    310.815    302.313    -0.0145     4.6545     0.1209     0.1209     0.0296     0.0244      30430    21.1313      77.88     2.2863     1.9931          7  0.000e+00
     54.981   75.11150  172.21462     55.566    -1.6453    -1.6434  26.420740  26.423127    33.2789    33.2801    311.027    302.566    -0.0145     4.6545     0.1209     0.1209     0.0296     0.0244      30431    21.1319      77.56     2.2875     1.9944          7  0.000e+00
     54.940   75.11150  172.21462     55.525    -1.6455    -1.6438  26.421336  26.422846    33.2799    33.2801    310.813    303.069    -0.0145     4.6545     0.1209     0.1209     0.0296     0.0244      30432    21.1326      77.92     2.2863     1.9968          7  0.000e+00
     54.924   75.11150  172.21462     55.508    -1.6449    -1.6438  26.422231  26.422061    33.2805    33.2790    310.805    303.321     0.0160     4.6545     0.1209     0.1209     0.0296     0.0256      30433    21.1333      78.19     2.2863     1.9980          7  0.000e+00
     54.940   75.11150  172.21462     55.525    -1.6445    -1.6441  26.422946  26.420491    33.2811    33.2772    310.801    303.580    -0.0145     4.6545     0.1209     0.1209     0.0296     0.0244      30434    21.1340      78.07     2.2863     1.9992          7  0.000e+00
     54.924   75.11150  172.21462     55.508    -1.6446    -1.6449  26.422350  26.418865    33.2803    33.2758    310.591    303.840    -0.0145     4.6532     0.1209     0.1209     0.0306     0.0244      30435    21.1347      77.88     2.2850     2.0005          7  0.000e+00
     54.924   75.11150  172.21462     55.508    -1.6447    -1.6452  26.421038  26.417912    33.2786    33.2748    310.808    303.845    -0.0145     4.6545     0.1209     0.1209     0.0296     0.0244      30436    21.1354      77.80     2.2863     2.0005          7  0.000e+00
     54.940   75.11150  172.21462     55.525    -1.6452    -1.6452  26.419786  26.418136    33.2775    33.2751    310.816    303.845    -0.0145     4.6545     0.1209     0.1209     0.0296     0.0244      30437    21.1361      77.66     2.2863     2.0005          7  0.000e+00
     54.924   75.11150  172.21462     55.508    -1.6457    -1.6452  26.418952  26.418641    33.2768    33.2758    311.033    303.592    -0.0145     4.6545     0.1221     0.1221     0.0296     0.0244      30438    21.1368      77.51     2.2875     1.9992          7  0.000e+00
     54.883   75.11150  172.21462     55.467    -1.6460    -1.6452  26.418236  26.419538    33.2762    33.2771    310.612    303.337    -0.0145     4.6545     0.1209     0.1209     0.0296     0.0244      30439    21.1375      77.51     2.2850     1.9980          7  0.000e+00
     54.924   75.11150  172.21462     55.508    -1.6461    -1.6451  26.417819  26.420155    33.2757    33.2779    310.617    303.086    -0.0145     4.6545     0.1221     0.1221     0.0296     0.0244      30440    21.1382      77.24     2.2850     1.9968          7  0.000e+00
     54.924   75.11150  172.21462     55.508    -1.6460    -1.6449  26.418117  26.420099    33.2760    33.2775    310.615    303.335    -0.0145     4.6545     0.1221     0.1221     0.0296     0.0244      30441    21.1389      77.00     2.2850     1.9980          7  0.000e+00
     54.883   75.11150  172.21462     55.467    -1.6463    -1.6450  26.418296  26.419258    33.2766    33.2765    310.615    303.337    -0.0145     4.6532     0.1221     0.1221     0.0306     0.0244      30442    21.1396      76.75     2.2850     1.9980          7  0.000e+00
     54.866   75.11150  172.21462     55.450    -1.6464    -1.6449  26.418058  26.418473    33.2764    33.2753    310.827    303.087    -0.0145     4.6545     0.1221     0.1221     0.0296     0.0244      30443    21.1403      77.02     2.2863     1.9968          7  0.000e+00
     54.940   75.11150  172.21462     55.525    -1.6464    -1.6455  26.417998  26.418080    33.2763    33.2754    310.619    303.346    -0.0145     4.6532     0.1221     0.1221     0.0306     0.0244      30444    21.1410      77.26     2.2850     1.9980          7  0.000e+00
     54.924   75.11150  172.21462     55.508    -1.6461    -1.6453  26.418475  26.418753    33.2767    33.2761    310.826    303.092    -0.0145     4.6545     0.1209     0.1209     0.0296     0.0244      30445    21.1417      77.41     2.2863     1.9968          7  0.000e+00
     54.825   75.11150  172.21462     55.409    -1.6461    -1.6449  26.418296  26.419762    33.2765    33.2771    310.611    303.081    -0.0145     4.6545     0.1221     0.1221     0.0296     0.0244      30446    21.1424      77.24     2.2850     1.9968          7  0.000e+00
     39.773   75.11168  172.21582     40.194    -1.5252    -1.5233  25.719921  25.702641    32.1885    32.1626    324.458    318.334     0.1992     4.6300     0.1319     0.1319     0.0506     0.0330      32906    22.8507      82.15     2.3595     2.0664          8  0.000e+00
     39.805   75.11168  172.21582     40.227    -1.5254    -1.5231  25.721338  25.702031    32.1906    32.1615    324.456    318.336     0.1992     4.6300     0.1319     0.1319     0.0506     0.0330      32907    22.8514      82.34     2.3595     2.0664          8  0.000e+00
     39.863   75.11168  172.21582     40.285    -1.5254    -1.5232  25.721102  25.703474    32.1902    32.1636    324.672    318.334     0.1992     4.6300     0.1319     0.1319     0.0506     0.0330      32908    22.8521      82.34     2.3608     2.0664          8  0.000e+00
     39.863   75.11168  172.21582     40.285    -1.5254    -1.5237  25.718091  25.707694    32.1861    32.1700    324.470    318.324     0.1992     4.6300     0.1319     0.1319     0.0506     0.0330      32909    22.8528      82.47     2.3595     2.0664          8  0.000e+00
