Continuous CTD Data/SBE Stage/nabos_31_01avg.cnv
* Sea-Bird SBE 9 Data File:
* FileName = D:\CTD\data\HLY2502\raw\NABOS_31_01.hex
* Software Version Seasave V 7.26.7.110
* Temperature SN = 6954
* Conductivity SN = 2561
* Number of Bytes Per Scan = 37
* Number of Voltage Words = 4
* Number of Scans Averaged by the Deck Unit = 1
* NMEA Latitude = 80 11.59 N
* NMEA Longitude = 144 51.86 E
* NMEA UTC (Time) = Sep 23 2025  02:41:26
* NMEA baud rate = 9600
** Ship: USCG HEALY
** Bot. Depth:  1500
** Cast Number:  01
** Station Name:  NABOS
** Station Number:  31
** Operator:  STARC
** Cast to 1200 m
# nquan = 25
# nvalues = 1214                        
# units = specified
# name 0 = depSM: Depth [salt water, m]
# name 1 = latitude: Latitude [deg]
# name 2 = longitude: Longitude [deg]
# name 3 = prDM: Pressure, Digiquartz [db]
# name 4 = t090C: Temperature [ITS-90, deg C]
# name 5 = t190C: Temperature, 2 [ITS-90, deg C]
# name 6 = c0mS/cm: Conductivity [mS/cm]
# name 7 = c1mS/cm: Conductivity, 2 [mS/cm]
# name 8 = sal00: Salinity, Practical [PSU]
# name 9 = sal11: Salinity, Practical, 2 [PSU]
# name 10 = sbox0Mm/Kg: Oxygen, SBE 43 [umol/kg]
# name 11 = sbox1Mm/Kg: Oxygen, SBE 43, 2 [umol/kg]
# name 12 = flECO-AFL: Fluorescence, WET Labs ECO-AFL/FL [mg/m^3]
# name 13 = v2: Voltage 2
# name 14 = wetCDOM: Fluorescence, WET Labs CDOM [mg/m^3]
# name 15 = v6: Voltage 6
# name 16 = CStarAt0: Beam Attenuation, WET Labs C-Star [1/m]
# name 17 = v3: Voltage 3
# name 18 = scan: Scan Count
# name 19 = timeM: Time, Elapsed [minutes]
# name 20 = altM: Altimeter [m]
# name 21 = sbeox0V: Oxygen raw, SBE 43 [V]
# name 22 = sbeox1V: Oxygen raw, SBE 43, 2 [V]
# name 23 = nbin: number of scans per bin
# name 24 = flag: flag
# span 0 =      3.958,   1200.603       
# span 1 =   80.19334,   80.19576       
# span 2 =  144.83472,  144.86160       
# span 3 =      4.000,   1217.000       
# span 4 =    -1.7330,     1.7347       
# span 5 =    -1.7322,     1.7343       
# span 6 =  22.689650,  30.546794       
# span 7 =  22.689308,  30.544700       
# span 8 =    28.0748,    34.8855       
# span 9 =    28.0734,    34.8833       
# span 10 =    290.568,    373.546      
# span 11 =    283.339,    372.956      
# span 12 =    -0.1788,     0.5915      
# span 13 =     4.4835,     4.6301      
# span 14 =     0.0679,     0.1514      
# span 15 =     0.0679,     0.1514      
# span 16 =     0.0505,     0.1794      
# span 17 =     0.0178,     0.0486      
# span 18 =       3336,      38569      
# span 19 =     2.3161,    26.7832      
# span 20 =      75.64,     100.22      
# span 21 =     2.0145,     2.5829      
# span 22 =     1.7917,     2.2816      
# span 23 =         10,         28      
# span 24 = 0.0000e+00, 0.0000e+00      
# interval = decibars: 1                
# start_time = Sep 23 2025 02:41:26 [NMEA time, header]
# bad_flag = -9.990e-29
*END*
[from data line 580]
    577.003   80.19476  144.84822    584.000     0.2968     0.2970  29.426834  29.425405    34.8262    34.8241    297.448    295.535    -0.1322     4.6228     0.0920     0.0920     0.0569     0.0197      20593    14.3002     100.00     2.2096     1.9604         18 0.0000e+00
    577.990   80.19476  144.84820    585.000     0.2932     0.2927  29.424207  29.422000    34.8262    34.8239    297.513    295.663    -0.1712     4.6237     0.0898     0.0898     0.0561     0.0181      20618    14.3173     100.00     2.2096     1.9606         14 0.0000e+00
    578.977   80.19476  144.84818    586.000     0.2903     0.2898  29.422088  29.419911    34.8261    34.8238    297.415    296.442    -0.1672     4.6235     0.0914     0.0914     0.0563     0.0183      20642    14.3344     100.00     2.2086     1.9641         16 0.0000e+00
    579.963   80.19476  144.84816    587.000     0.2853     0.2854  29.417784  29.416345    34.8255    34.8235    297.364    295.718    -0.1709     4.6236     0.0904     0.0904     0.0562     0.0182      20667    14.3511     100.00     2.2078     1.9602         16 0.0000e+00
    580.950   80.19476  144.84813    588.000     0.2781     0.2780  29.411928  29.410222    34.8254    34.8232    297.358    295.812    -0.1632     4.6239     0.0898     0.0898     0.0559     0.0185      20691    14.3681     100.00     2.2072     1.9602         16 0.0000e+00
    581.937   80.19476  144.84812    589.000     0.2723     0.2715  29.407251  29.404758    34.8251    34.8228    297.507    294.567    -0.1566     4.6236     0.0902     0.0902     0.0561     0.0187      20716    14.3856     100.00     2.2076     1.9536         15 0.0000e+00
    582.923   80.19477  144.84809    590.000     0.2665     0.2664  29.402651  29.400765    34.8251    34.8227    297.554    296.321    -0.1494     4.6231     0.0894     0.0894     0.0567     0.0190      20742    14.4033     100.00     2.2073     1.9618         17 0.0000e+00
    583.910   80.19478  144.84807    591.000     0.2620     0.2618  29.398957  29.397069    34.8247    34.8225    297.460    296.061    -0.1467     4.6235     0.0898     0.0898     0.0563     0.0191      20767    14.4209     100.00     2.2063     1.9601         15 0.0000e+00
    584.896   80.19478  144.84805    592.000     0.2575     0.2574  29.395531  29.393643    34.8247    34.8224    297.429    294.732    -0.1568     4.6235     0.0928     0.0928     0.0563     0.0187      20792    14.4382     100.00     2.2057     1.9533         15 0.0000e+00
    585.883   80.19478  144.84803    593.000     0.2549     0.2549  29.393642  29.391905    34.8246    34.8224    297.485    296.193    -0.1402     4.6238     0.0904     0.0904     0.0560     0.0194      20816    14.4550     100.00     2.2057     1.9601         14 0.0000e+00
    586.869   80.19478  144.84801    594.000     0.2535     0.2533  29.392746  29.390752    34.8245    34.8221    297.592    294.945    -0.1297     4.6239     0.0905     0.0905     0.0559     0.0198      20841    14.4721     100.00     2.2060     1.9537         18 0.0000e+00
    587.856   80.19478  144.84799    595.000     0.2507     0.2505  29.390646  29.388801    34.8242    34.8220    297.663    293.518    -0.1380     4.6238     0.0925     0.0925     0.0560     0.0194      20865    14.4891     100.00     2.2060     1.9465         14 0.0000e+00
    588.843   80.19478  144.84797    596.000     0.2479     0.2477  29.388700  29.386851    34.8242    34.8220    297.784    295.929    -0.1683     4.6238     0.0923     0.0923     0.0560     0.0183      20891    14.5067     100.00     2.2063     1.9579         15 0.0000e+00
    589.829   80.19478  144.84795    597.000     0.2423     0.2421  29.384253  29.382380    34.8241    34.8219    297.894    294.792    -0.1693     4.6239     0.0903     0.0903     0.0559     0.0182      20916    14.5243     100.00     2.2065     1.9520         14 0.0000e+00
    590.816   80.19478  144.84793    598.000     0.2401     0.2400  29.382912  29.380948    34.8243    34.8218    297.906    296.335    -0.1494     4.6239     0.0905     0.0905     0.0559     0.0190      20941    14.5417     100.00     2.2062     1.9592         14 0.0000e+00
    591.802   80.19478  144.84791    599.000     0.2364     0.2362  29.379992  29.378079    34.8240    34.8217    297.978    295.107    -0.1529     4.6236     0.0912     0.0912     0.0562     0.0189      20966    14.5589     100.00     2.2062     1.9529         15 0.0000e+00
    592.789   80.19478  144.84788    600.000     0.2329     0.2327  29.377283  29.375468    34.8238    34.8217    297.952    292.789    -0.1648     4.6236     0.0909     0.0909     0.0562     0.0184      20990    14.5757     100.00     2.2056     1.9413         13 0.0000e+00
    593.775   80.19478  144.84788    601.000     0.2311     0.2312  29.376318  29.374633    34.8240    34.8217    297.869    291.870    -0.1523     4.6234     0.0918     0.0918     0.0563     0.0189      21015    14.5928     100.00     2.2049     1.9366         13 0.0000e+00
    594.762   80.19478  144.84787    602.000     0.2301     0.2299  29.375762  29.373956    34.8238    34.8217    297.869    291.762    -0.1490     4.6243     0.0920     0.0920     0.0556     0.0190      21040    14.6102     100.00     2.2046     1.9358         12 0.0000e+00
    595.749   80.19478  144.84785    603.000     0.2293     0.2292  29.375586  29.373712    34.8239    34.8215    297.896    296.470    -0.1407     4.6239     0.0917     0.0917     0.0559     0.0194      21065    14.6276     100.00     2.2045     1.9584         14 0.0000e+00
    596.735   80.19478  144.84782    604.000     0.2288     0.2287  29.375592  29.373765    34.8239    34.8215    297.766    297.271    -0.1348     4.6239     0.0905     0.0905     0.0559     0.0196      21091    14.6455     100.00     2.2035     1.9621         17 0.0000e+00
    597.722   80.19480  144.84780    605.000     0.2286     0.2285  29.375870  29.374077    34.8239    34.8216    297.758    297.750    -0.1316     4.6242     0.0920     0.0920     0.0556     0.0197      21115    14.6625     100.00     2.2032     1.9642         12 0.0000e+00
    598.708   80.19480  144.84778    606.000     0.2285     0.2284  29.376179  29.374392    34.8238    34.8216    297.644    296.527    -0.1346     4.6236     0.0918     0.0918     0.0562     0.0196      21140    14.6797     100.00     2.2023     1.9581         15 0.0000e+00
    599.695   80.19480  144.84776    607.000     0.2252     0.2250  29.373892  29.371934    34.8240    34.8216    297.726    294.739    -0.1406     4.6239     0.0907     0.0907     0.0559     0.0194      21164    14.6965     100.00     2.2024     1.9491         14 0.0000e+00
    600.681   80.19480  144.84774    608.000     0.2215     0.2213  29.371257  29.369466    34.8241    34.8219    297.847    298.977    -0.1743     4.6237     0.0904     0.0904     0.0561     0.0180      21189    14.7136     100.00     2.2027     1.9693         13 0.0000e+00
    601.668   80.19480  144.84772    609.000     0.2205     0.2204  29.370913  29.369098    34.8242    34.8219    297.898    292.042    -0.1687     4.6231     0.0905     0.0905     0.0566     0.0182      21214    14.7314     100.00     2.2027     1.9355         18 0.0000e+00
    602.654   80.19480  144.84770    610.000     0.2175     0.2174  29.368641  29.366984    34.8240    34.8219    297.839    293.028    -0.1695     4.6228     0.0909     0.0909     0.0569     0.0182      21239    14.7489     100.00     2.2020     1.9399         13 0.0000e+00
    603.641   80.19480  144.84768    611.000     0.2149     0.2150  29.367239  29.365509    34.8245    34.8221    297.655    300.135    -0.1705     4.6232     0.0917     0.0917     0.0566     0.0182      21265    14.7665     100.00     2.2006     1.9741         18 0.0000e+00
    604.627   80.19480  144.84768    612.000     0.2146     0.2144  29.367262  29.365437    34.8242    34.8221    297.633    294.618    -0.1691     4.6243     0.0918     0.0918     0.0556     0.0182      21289    14.7833     100.00     2.2003     1.9471         15 0.0000e+00
    605.614   80.19480  144.84766    613.000     0.2102     0.2101  29.364061  29.362225    34.8244    34.8221    297.710    296.218    -0.1709     4.6243     0.0917     0.0917     0.0556     0.0181      21314    14.8003     100.00     2.2002     1.9545         16 0.0000e+00
    606.600   80.19480  144.84764    614.000     0.2081     0.2078  29.362467  29.360420    34.8241    34.8218    297.755    295.550    -0.1688     4.6244     0.0908     0.0908     0.0555     0.0182      21338    14.8173     100.00     2.2002     1.9510         17 0.0000e+00
    607.587   80.19480  144.84762    615.000     0.2036     0.2035  29.358819  29.357198    34.8238    34.8218    297.793    291.240    -0.1670     4.6235     0.0904     0.0904     0.0562     0.0183      21363    14.8347     100.00     2.1999     1.9298         15 0.0000e+00
    608.573   80.19480  144.84759    616.000     0.2010     0.2009  29.356958  29.355222    34.8237    34.8215    297.752    297.948    -0.1602     4.6237     0.0918     0.0918     0.0561     0.0186      21389    14.8525     100.00     2.1993     1.9620         17 0.0000e+00
    609.560   80.19480  144.84757    617.000     0.1988     0.1989  29.355492  29.353849    34.8236    34.8215    297.759    297.543    -0.1466     4.6230     0.0917     0.0917     0.0568     0.0191      21414    14.8703     100.00     2.1991     1.9597         16 0.0000e+00
    610.546   80.19481  144.84755    618.000     0.1973     0.1972  29.354467  29.352643    34.8234    34.8212    297.719    294.742    -0.1678     4.6237     0.0918     0.0918     0.0561     0.0183      21439    14.8875     100.00     2.1985     1.9459         15 0.0000e+00
    611.533   80.19482  144.84753    619.000     0.1933     0.1932  29.351547  29.349680    34.8235    34.8212    297.752    289.787    -0.1671     4.6240     0.0917     0.0917     0.0558     0.0183      21464    14.9045     100.00     2.1982     1.9215         18 0.0000e+00
    612.519   80.19482  144.84752    620.000     0.1913     0.1911  29.350086  29.348229    34.8233    34.8211    297.896    297.113    -0.1690     4.6240     0.0917     0.0917     0.0558     0.0182      21488    14.9212     100.00     2.1988     1.9567         17 0.0000e+00
    613.506   80.19482  144.84751    621.000     0.1887     0.1886  29.348224  29.346443    34.8232    34.8210    297.958    298.455    -0.1403     4.6239     0.0922     0.0922     0.0559     0.0194      21512    14.9383     100.00     2.1988     1.9629         19 0.0000e+00
    614.492   80.19482  144.84749    622.000     0.1863     0.1861  29.346478  29.344807    34.8230    34.8210    298.041    296.039    -0.1353     4.6238     0.0918     0.0918     0.0560     0.0196      21537    14.9559     100.00     2.1989     1.9510         19 0.0000e+00
    615.479   80.19482  144.84747    623.000     0.1863     0.1863  29.347317  29.345632    34.8235    34.8213    298.034    295.863    -0.1681     4.6246     0.0903     0.0903     0.0553     0.0183      21563    14.9737     100.00     2.1986     1.9499         18 0.0000e+00
    616.465   80.19482  144.84745    624.000     0.1858     0.1858  29.347321  29.345630    34.8235    34.8213    298.030    291.311    -0.1367     4.6239     0.0900     0.0900     0.0559     0.0195      21589    14.9915     100.00     2.1984     1.9277         18 0.0000e+00
    617.451   80.19482  144.84743    625.000     0.1848     0.1848  29.346841  29.345102    34.8234    34.8212    297.988    294.385    -0.1679     4.6245     0.0919     0.0919     0.0554     0.0183      21614    15.0088     100.00     2.1979     1.9423         21 0.0000e+00
    618.438   80.19482  144.84741    626.000     0.1839     0.1839  29.346603  29.344899    34.8235    34.8213    298.003    293.040    -0.1227     4.6253     0.0904     0.0904     0.0547     0.0201      21638    15.0255     100.00     2.1977     1.9356         14 0.0000e+00
    619.424   80.19482  144.84739    627.000     0.1833     0.1832  29.346632  29.344771    34.8236    34.8213    298.062    294.631    -0.1352     4.6248     0.0894     0.0894     0.0551     0.0196      21662    15.0424     100.00     2.1978     1.9431         21 0.0000e+00
    620.411   80.19482  144.84738    628.000     0.1831     0.1831  29.347061  29.345340    34.8238    34.8216    297.974    295.185    -0.1485     4.6232     0.0903     0.0903     0.0565     0.0190      21686    15.0593     100.00     2.1970     1.9455         18 0.0000e+00
    621.397   80.19482  144.84737    629.000     0.1811     0.1808  29.345714  29.343755    34.8238    34.8215    298.009    296.301    -0.1666     4.6246     0.0923     0.0923     0.0553     0.0183      21712    15.0772     100.00     2.1969     1.9507         21 0.0000e+00
    622.383   80.19482  144.84734    630.000     0.1762     0.1760  29.341910  29.340012    34.8237    34.8214    297.971    296.738    -0.1694     4.6238     0.0928     0.0928     0.0560     0.0182      21738    15.0949     100.00     2.1962     1.9524         13 0.0000e+00
    623.370   80.19482  144.84732    631.000     0.1702     0.1700  29.336982  29.335208    34.8235    34.8214    297.906    296.519    -0.1412     4.6238     0.0920     0.0920     0.0560     0.0193      21763    15.1127     100.00     2.1952     1.9509         18 0.0000e+00
    624.356   80.19484  144.84730    632.000     0.1683     0.1682  29.335890  29.334023    34.8236    34.8212    297.763    299.363    -0.1314     4.6238     0.0919     0.0919     0.0560     0.0197      21788    15.1299     100.00     2.1941     1.9644         18 0.0000e+00
    625.343   80.19484  144.84728    633.000     0.1682     0.1681  29.336394  29.334677    34.8238    34.8216    297.767    298.950    -0.1652     4.6239     0.0918     0.0918     0.0559     0.0184      21812    15.1465     100.00     2.1939     1.9622         15 0.0000e+00
    626.329   80.19484  144.84726    634.000     0.1700     0.1700  29.338417  29.336686    34.8238    34.8215    297.766    295.082    -0.1356     4.6239     0.0916     0.0916     0.0559     0.0196      21836    15.1632     100.00     2.1938     1.9434         16 0.0000e+00
    627.316   80.19484  144.84724    635.000     0.1693     0.1690  29.338320  29.336309    34.8238    34.8215    297.735    293.170    -0.1655     4.6239     0.0916     0.0916     0.0559     0.0184      21861    15.1805     100.00     2.1934     1.9339         15 0.0000e+00
    628.302   80.19484  144.84724    636.000     0.1649     0.1645  29.334834  29.332806    34.8236    34.8214    297.809    295.974    -0.1614     4.6239     0.0920     0.0920     0.0559     0.0185      21886    15.1982     100.00     2.1933     1.9471         16 0.0000e+00
    629.288   80.19484  144.84722    637.000     0.1620     0.1618  29.332785  29.330999    34.8236    34.8215    297.928    295.605    -0.1347     4.6242     0.0930     0.0930     0.0556     0.0196      21912    15.2162     100.00     2.1936     1.9450         16 0.0000e+00
    630.275   80.19484  144.84720    638.000     0.1597     0.1595  29.331266  29.329284    34.8236    34.8212    297.954    295.128    -0.1473     4.6241     0.0930     0.0930     0.0557     0.0191      21938    15.2337     100.00     2.1935     1.9424         17 0.0000e+00
    631.261   80.19484  144.84718    639.000     0.1575     0.1574  29.329939  29.328129    34.8238    34.8215    298.023    293.976    -0.1497     4.6244     0.0919     0.0919     0.0555     0.0190      21962    15.2507     100.00     2.1935     1.9366         14 0.0000e+00
    632.247   80.19484  144.84715    640.000     0.1559     0.1557  29.329084  29.327230    34.8238    34.8216    298.125    294.357    -0.1304     4.6239     0.0918     0.0918     0.0559     0.0198      21986    15.2676     100.00     2.1938     1.9382         15 0.0000e+00
