Continuous CTD Data/SBE Stage/nabos_22_01avg.cnv
* Sea-Bird SBE 9 Data File:
* FileName = D:\CTD\data\HLY2502\raw\NABOS_22_01.hex
* Software Version Seasave V 7.26.7.110
* Temperature SN = 6954
* Conductivity SN = 2561
* Number of Bytes Per Scan = 37
* Number of Voltage Words = 4
* Number of Scans Averaged by the Deck Unit = 1
* NMEA Latitude = 79 21.70 N
* NMEA Longitude = 171 33.88 E
* NMEA UTC (Time) = Sep 19 2025  12:09:27
* NMEA baud rate = 9600
** Ship: USCG HEALY
** Bot. Depth:  1200
** Cast Number:  01
** Station Name:  NABOS
** Station Number:  22
** Operator:  STARC
# nquan = 25
# nvalues = 1214                        
# units = specified
# name 0 = depSM: Depth [salt water, m]
# name 1 = latitude: Latitude [deg]
# name 2 = longitude: Longitude [deg]
# name 3 = prDM: Pressure, Digiquartz [db]
# name 4 = t090C: Temperature [ITS-90, deg C]
# name 5 = t190C: Temperature, 2 [ITS-90, deg C]
# name 6 = c0mS/cm: Conductivity [mS/cm]
# name 7 = c1mS/cm: Conductivity, 2 [mS/cm]
# name 8 = sal00: Salinity, Practical [PSU]
# name 9 = sal11: Salinity, Practical, 2 [PSU]
# name 10 = sbox0Mm/Kg: Oxygen, SBE 43 [umol/kg]
# name 11 = sbox1Mm/Kg: Oxygen, SBE 43, 2 [umol/kg]
# name 12 = flECO-AFL: Fluorescence, WET Labs ECO-AFL/FL [mg/m^3]
# name 13 = v2: Voltage 2
# name 14 = wetCDOM: Fluorescence, WET Labs CDOM [mg/m^3]
# name 15 = v6: Voltage 6
# name 16 = CStarAt0: Beam Attenuation, WET Labs C-Star [1/m]
# name 17 = v3: Voltage 3
# name 18 = scan: Scan Count
# name 19 = timeM: Time, Elapsed [minutes]
# name 20 = altM: Altimeter [m]
# name 21 = sbeox0V: Oxygen raw, SBE 43 [V]
# name 22 = sbeox1V: Oxygen raw, SBE 43, 2 [V]
# name 23 = nbin: number of scans per bin
# name 24 = flag: flag
# span 0 =      3.958,   1200.635       
# span 1 =   79.36192,   79.36522       
# span 2 =  171.55603,  171.56383       
# span 3 =      4.000,   1217.000       
# span 4 =    -1.6951,     0.9150       
# span 5 =    -1.6959,     0.9148       
# span 6 =  24.748874,  29.834443       
# span 7 =  24.747822,  29.832425       
# span 8 =    31.0431,    34.8936       
# span 9 =    31.0414,    34.8913       
# span 10 =    290.685,    371.638      
# span 11 =    274.704,    370.347      
# span 12 =    -0.1801,     0.5797      
# span 13 =     4.5238,     4.6382      
# span 14 =     0.0797,     0.1179      
# span 15 =     0.0797,     0.1179      
# span 16 =     0.0436,     0.1436      
# span 17 =     0.0178,     0.0482      
# span 18 =       3419,      38647      
# span 19 =     2.3734,    26.8378      
# span 20 =      80.09,     104.42      
# span 21 =     2.0209,     2.6104      
# span 22 =     1.7650,     2.3008      
# span 23 =          6,         25      
# span 24 = 0.0000e+00, 0.0000e+00      
# interval = decibars: 1                
# start_time = Sep 19 2025 12:09:27 [NMEA time, header]
# bad_flag = -9.990e-29
*END*
[from data line 522]
    519.785   79.36342  171.56006    526.000     0.4233     0.4234  29.512183  29.510503    34.8295    34.8272    294.098    290.960    -0.1728     4.6377     0.0819     0.0819     0.0440     0.0181      19650    13.6451     100.00     2.2096     1.9542         16 0.0000e+00
    520.771   79.36342  171.56006    527.000     0.4235     0.4235  29.512816  29.510932    34.8295    34.8271    294.189    291.118    -0.1729     4.6371     0.0828     0.0828     0.0445     0.0181      19676    13.6631     100.00     2.2099     1.9548         21 0.0000e+00
    521.758   79.36342  171.56005    528.000     0.4231     0.4230  29.512882  29.511001    34.8294    34.8271    294.310    290.671    -0.1308     4.6374     0.0829     0.0829     0.0443     0.0197      19701    13.6808     100.00     2.2104     1.9524         16 0.0000e+00
    522.745   79.36343  171.56004    529.000     0.4230     0.4230  29.513238  29.511425    34.8294    34.8271    294.407    290.460    -0.1350     4.6375     0.0846     0.0846     0.0442     0.0196      19727    13.6987     100.00     2.2108     1.9512         17 0.0000e+00
    523.732   79.36344  171.56004    530.000     0.4235     0.4235  29.514158  29.512455    34.8295    34.8273    294.409    290.970    -0.1445     4.6376     0.0836     0.0836     0.0441     0.0192      19753    13.7165     100.00     2.2106     1.9535         15 0.0000e+00
    524.719   79.36344  171.56003    531.000     0.4319     0.4319  29.522863  29.520949    34.8308    34.8283    294.186    290.668    -0.1686     4.6379     0.0830     0.0830     0.0438     0.0182      19779    13.7345     100.00     2.2095     1.9522         19 0.0000e+00
    525.706   79.36344  171.56002    532.000     0.4402     0.4399  29.531025  29.529055    34.8317    34.8293    293.964    290.366    -0.1707     4.6373     0.0829     0.0829     0.0444     0.0182      19804    13.7524     100.00     2.2083     1.9509         17 0.0000e+00
    526.693   79.36344  171.56002    533.000     0.4403     0.4400  29.531616  29.529680    34.8317    34.8294    293.844    291.199    -0.1444     4.6378     0.0834     0.0834     0.0439     0.0192      19830    13.7701     100.00     2.2074     1.9548         15 0.0000e+00
    527.680   79.36344  171.56002    534.000     0.4403     0.4401  29.532164  29.530342    34.8318    34.8297    294.040    290.753    -0.1633     4.6375     0.0836     0.0836     0.0442     0.0185      19856    13.7882     100.00     2.2083     1.9524         17 0.0000e+00
    528.667   79.36344  171.56000    535.000     0.4396     0.4395  29.532103  29.530066    34.8319    34.8294    294.135    290.245    -0.1635     4.6374     0.0830     0.0830     0.0443     0.0185      19882    13.8061     100.00     2.2086     1.9497         17 0.0000e+00
    529.654   79.36344  171.56000    536.000     0.4395     0.4394  29.532447  29.530475    34.8319    34.8294    294.139    290.868    -0.1412     4.6374     0.0836     0.0836     0.0443     0.0193      19907    13.8238     100.00     2.2085     1.9526         14 0.0000e+00
    530.641   79.36346  171.56000    537.000     0.4403     0.4403  29.533593  29.531895    34.8319    34.8297    294.227    290.180    -0.1651     4.6374     0.0849     0.0849     0.0443     0.0184      19933    13.8417     100.00     2.2088     1.9490         15 0.0000e+00
    531.628   79.36346  171.55999    538.000     0.4406     0.4407  29.534350  29.532646    34.8320    34.8297    294.275    288.513    -0.1671     4.6378     0.0832     0.0832     0.0440     0.0183      19959    13.8597     100.00     2.2089     1.9407         19 0.0000e+00
    532.614   79.36346  171.55998    539.000     0.4436     0.4438  29.537882  29.536129    34.8326    34.8301    294.217    289.022    -0.1481     4.6380     0.0841     0.0841     0.0438     0.0191      19985    13.8775     100.00     2.2085     1.9431         15 0.0000e+00
    533.601   79.36346  171.55998    540.000     0.4446     0.4446  29.539246  29.537475    34.8327    34.8304    294.058    289.343    -0.1628     4.6375     0.0830     0.0830     0.0442     0.0185      20010    13.8954     100.00     2.2073     1.9445         15 0.0000e+00
    534.588   79.36346  171.55998    541.000     0.4469     0.4469  29.541826  29.539888    34.8329    34.8304    294.046    289.450    -0.1771     4.6374     0.0829     0.0829     0.0443     0.0179      20036    13.9133     100.00     2.2071     1.9450         15 0.0000e+00
    535.575   79.36346  171.55997    542.000     0.4472     0.4471  29.542507  29.540709    34.8329    34.8307    294.114    289.929    -0.1287     4.6379     0.0830     0.0830     0.0439     0.0198      20062    13.9311     100.00     2.2073     1.9471         13 0.0000e+00
    536.562   79.36346  171.55996    543.000     0.4471     0.4471  29.542999  29.541055    34.8330    34.8306    294.120    289.082    -0.1370     4.6375     0.0852     0.0852     0.0442     0.0195      20088    13.9492     100.00     2.2072     1.9428         14 0.0000e+00
    537.549   79.36346  171.55996    544.000     0.4476     0.4474  29.543896  29.541901    34.8330    34.8306    294.200    289.977    -0.1305     4.6377     0.0842     0.0842     0.0440     0.0198      20113    13.9669     100.00     2.2075     1.9470         15 0.0000e+00
    538.536   79.36347  171.55996    545.000     0.4475     0.4475  29.544328  29.542495    34.8331    34.8307    294.253    290.030    -0.1344     4.6375     0.0833     0.0833     0.0442     0.0196      20139    13.9850     100.00     2.2075     1.9471         15 0.0000e+00
    539.522   79.36348  171.55994    546.000     0.4405     0.4390  29.538125  29.535203    34.8324    34.8302    294.288    291.272    -0.1553     4.6379     0.0830     0.0830     0.0438     0.0188      20165    14.0030     100.00     2.2071     1.9527         16 0.0000e+00
    540.509   79.36348  171.55994    547.000     0.4232     0.4226  29.523531  29.521329    34.8321    34.8299    294.336    289.537    -0.1458     4.6374     0.0848     0.0848     0.0443     0.0191      20191    14.0206     100.00     2.2063     1.9433         13 0.0000e+00
    541.496   79.36348  171.55994    548.000     0.3864     0.3847  29.491215  29.488417    34.8307    34.8289    294.538    287.416    -0.1308     4.6376     0.0838     0.0838     0.0442     0.0197      20217    14.0386     100.00     2.2054     1.9311         15 0.0000e+00
    542.483   79.36348  171.55994    549.000     0.3558     0.3555  29.465598  29.463672    34.8310    34.8288    294.677    289.138    -0.1671     4.6376     0.0844     0.0844     0.0442     0.0183      20242    14.0564     100.00     2.2045     1.9381         15 0.0000e+00
    543.470   79.36348  171.55992    550.000     0.3517     0.3516  29.462257  29.460281    34.8307    34.8282    294.659    289.943    -0.1801     4.6375     0.0841     0.0841     0.0442     0.0178      20268    14.0745     100.00     2.2039     1.9417         16 0.0000e+00
    544.457   79.36348  171.55992    551.000     0.3510     0.3509  29.461928  29.459981    34.8304    34.8280    294.720    289.464    -0.1707     4.6381     0.0829     0.0829     0.0437     0.0182      20294    14.0923     100.00     2.2040     1.9392         15 0.0000e+00
    545.443   79.36348  171.55992    552.000     0.3508     0.3506  29.461791  29.459806    34.8300    34.8276    294.706    290.455    -0.1692     4.6375     0.0834     0.0834     0.0442     0.0182      20319    14.1100     100.00     2.2037     1.9438         14 0.0000e+00
    546.430   79.36349  171.55991    553.000     0.3509     0.3508  29.462425  29.460522    34.8301    34.8277    294.768    288.558    -0.1744     4.6374     0.0836     0.0836     0.0443     0.0180      20345    14.1280     100.00     2.2038     1.9344         17 0.0000e+00
    547.417   79.36350  171.55990    554.000     0.3529     0.3528  29.464464  29.462543    34.8299    34.8274    294.802    288.791    -0.1725     4.6374     0.0833     0.0833     0.0443     0.0181      20371    14.1459     100.00     2.2039     1.9354         17 0.0000e+00
    548.404   79.36350  171.55990    555.000     0.3536     0.3535  29.465500  29.463800    34.8299    34.8277    294.824    291.724    -0.1383     4.6375     0.0837     0.0837     0.0442     0.0194      20397    14.1638     100.00     2.2038     1.9496         17 0.0000e+00
    549.390   79.36350  171.55990    556.000     0.3541     0.3540  29.466504  29.464564    34.8300    34.8276    294.917    290.958    -0.1708     4.6375     0.0822     0.0822     0.0442     0.0182      20422    14.1816     100.00     2.2042     1.9457         17 0.0000e+00
    550.377   79.36350  171.55989    557.000     0.3550     0.3551  29.467797  29.465998    34.8301    34.8277    294.932    290.663    -0.1426     4.6375     0.0840     0.0840     0.0442     0.0193      20448    14.1995     100.00     2.2041     1.9441         16 0.0000e+00
    551.364   79.36350  171.55988    558.000     0.3607     0.3607  29.473401  29.471590    34.8305    34.8281    294.880    291.565    -0.1581     4.6374     0.0830     0.0830     0.0443     0.0187      20474    14.2175     100.00     2.2038     1.9486         17 0.0000e+00
    552.351   79.36350  171.55988    559.000     0.3613     0.3613  29.474431  29.472464    34.8305    34.8279    294.804    289.794    -0.1345     4.6375     0.0818     0.0818     0.0442     0.0196      20500    14.2353     100.00     2.2032     1.9397         18 0.0000e+00
    553.338   79.36350  171.55988    560.000     0.3614     0.3613  29.474963  29.472986    34.8305    34.8281    294.502    290.402    -0.1521     4.6375     0.0829     0.0829     0.0442     0.0189      20526    14.2533     100.00     2.2013     1.9425         21 0.0000e+00
    554.324   79.36350  171.55986    561.000     0.3615     0.3614  29.475416  29.473520    34.8304    34.8280    294.314    292.166    -0.1440     4.6378     0.0818     0.0818     0.0439     0.0192      20551    14.2712     100.00     2.2000     1.9510         16 0.0000e+00
    555.311   79.36352  171.55986    562.000     0.3639     0.3641  29.478314  29.476498    34.8309    34.8284    294.281    292.273    -0.1649     4.6379     0.0847     0.0847     0.0438     0.0184      20577    14.2889     100.00     2.1997     1.9514         18 0.0000e+00
    556.298   79.36352  171.55986    563.000     0.3658     0.3657  29.480352  29.478472    34.8309    34.8285    294.344    291.323    -0.1608     4.6382     0.0851     0.0851     0.0436     0.0185      20603    14.3067     100.00     2.1999     1.9467         14 0.0000e+00
    557.285   79.36352  171.55986    564.000     0.3675     0.3672  29.482378  29.480415    34.8310    34.8288    294.484    291.255    -0.1339     4.6378     0.0844     0.0844     0.0439     0.0196      20629    14.3248     100.00     2.2006     1.9462         19 0.0000e+00
    558.271   79.36352  171.55984    565.000     0.3688     0.3688  29.484076  29.482251    34.8311    34.8288    294.455    291.451    -0.1531     4.6374     0.0834     0.0834     0.0443     0.0189      20654    14.3426     100.00     2.2002     1.9470         17 0.0000e+00
    559.258   79.36352  171.55984    566.000     0.3693     0.3693  29.485040  29.483089    34.8312    34.8288    294.507    290.299    -0.1680     4.6376     0.0830     0.0830     0.0441     0.0183      20680    14.3607     100.00     2.2003     1.9412         25 0.0000e+00
    560.245   79.36352  171.55984    567.000     0.3678     0.3675  29.483944  29.481809    34.8309    34.8286    294.539    290.730    -0.1436     4.6374     0.0836     0.0836     0.0443     0.0192      20706    14.3784     100.00     2.2002     1.9431         18 0.0000e+00
    561.232   79.36352  171.55983    568.000     0.3436     0.3421  29.462582  29.459875    34.8297    34.8279    294.727    290.644    -0.1311     4.6375     0.0844     0.0844     0.0442     0.0197      20731    14.3962     100.00     2.1999     1.9414         16 0.0000e+00
    562.218   79.36353  171.55982    569.000     0.3123     0.3115  29.436060  29.433854    34.8296    34.8276    294.774    290.030    -0.1652     4.6374     0.0845     0.0845     0.0443     0.0184      20757    14.4142     100.00     2.1984     1.9369         17 0.0000e+00
    563.205   79.36354  171.55982    570.000     0.3056     0.3055  29.430776  29.429056    34.8297    34.8275    294.687    291.248    -0.1672     4.6375     0.0826     0.0826     0.0442     0.0183      20783    14.4323     100.00     2.1973     1.9425         21 0.0000e+00
    564.192   79.36354  171.55982    571.000     0.3054     0.3054  29.430820  29.429034    34.8293    34.8270    294.732    291.917    -0.1334     4.6375     0.0822     0.0822     0.0442     0.0196      20809    14.4500     100.00     2.1973     1.9456         19 0.0000e+00
    565.179   79.36354  171.55980    572.000     0.3052     0.3051  29.431039  29.429191    34.8292    34.8269    294.857    291.750    -0.1674     4.6374     0.0841     0.0841     0.0443     0.0183      20835    14.4680     100.00     2.1978     1.9445         20 0.0000e+00
    566.165   79.36354  171.55980    573.000     0.3057     0.3056  29.431832  29.429882    34.8292    34.8267    294.992    290.347    -0.1672     4.6375     0.0840     0.0840     0.0442     0.0183      20861    14.4858     100.00     2.1984     1.9375         18 0.0000e+00
    567.152   79.36354  171.55980    574.000     0.3057     0.3057  29.432214  29.430363    34.8291    34.8267    295.031    290.954    -0.1477     4.6373     0.0830     0.0830     0.0444     0.0191      20886    14.5038     100.00     2.1984     1.9403         23 0.0000e+00
    568.139   79.36354  171.55980    575.000     0.3062     0.3062  29.433088  29.431170    34.8290    34.8266    295.062    290.719    -0.1478     4.6374     0.0830     0.0830     0.0443     0.0191      20912    14.5215     100.00     2.1984     1.9390         19 0.0000e+00
    569.126   79.36354  171.55978    576.000     0.3081     0.3079  29.435210  29.433189    34.8292    34.8267    295.027    290.910    -0.1384     4.6374     0.0853     0.0853     0.0443     0.0194      20938    14.5393     100.00     2.1980     1.9398         17 0.0000e+00
    570.112   79.36354  171.55978    577.000     0.3115     0.3117  29.438916  29.437200    34.8296    34.8271    295.045    291.458    -0.1323     4.6377     0.0841     0.0841     0.0440     0.0197      20964    14.5573     100.00     2.1981     1.9424         20 0.0000e+00
    571.099   79.36356  171.55978    578.000     0.3139     0.3138  29.441501  29.439561    34.8297    34.8272    294.992    291.545    -0.1651     4.6374     0.0831     0.0831     0.0443     0.0184      20989    14.5751     100.00     2.1977     1.9428         19 0.0000e+00
    572.085   79.36356  171.55978    579.000     0.3141     0.3140  29.442151  29.440289    34.8297    34.8273    294.921    291.622    -0.1397     4.6373     0.0829     0.0829     0.0444     0.0194      21015    14.5931     100.00     2.1971     1.9430         21 0.0000e+00
    573.072   79.36356  171.55976    580.000     0.3144     0.3143  29.442860  29.440950    34.8297    34.8274    294.595    291.471    -0.1652     4.6375     0.0822     0.0822     0.0442     0.0184      21041    14.6108     100.00     2.1950     1.9421         17 0.0000e+00
    574.059   79.36356  171.55976    581.000     0.3146     0.3145  29.443427  29.441709    34.8297    34.8275    294.326    291.649    -0.1751     4.6374     0.0826     0.0826     0.0443     0.0180      21066    14.6286     100.00     2.1932     1.9427         16 0.0000e+00
    575.046   79.36356  171.55976    582.000     0.3148     0.3148  29.444152  29.442305    34.8297    34.8273    294.409    291.316    -0.1711     4.6374     0.0829     0.0829     0.0443     0.0181      21092    14.6466     100.00     2.1934     1.9409         15 0.0000e+00
