Continuous CTD Data/SBE Stage/nabos_42_01.ros
* Sea-Bird SBE 9 Data File:
* FileName = D:\CTD\data\HLY2502\raw\NABOS_42_01.hex
* Software Version Seasave V 7.26.7.110
* Temperature SN = 6954
* Conductivity SN = 2561
* Number of Bytes Per Scan = 37
* Number of Voltage Words = 4
* Number of Scans Averaged by the Deck Unit = 1
* NMEA Latitude = 80 14.10 N
* NMEA Longitude = 125 56.70 E
* NMEA UTC (Time) = Sep 27 2025  13:25:46
* NMEA baud rate = 9600
** Ship: USCG HEALY
** Bot. Depth:  3554
** Cast Number:  01
** Station Name:  NABOS
** Station Number:  42
** Operator:  STARC
# nquan = 25
# nvalues = 1029                                  
# units = specified
# name 0 = depSM: Depth [salt water, m]
# name 1 = latitude: Latitude [deg]
# name 2 = longitude: Longitude [deg]
# name 3 = prDM: Pressure, Digiquartz [db]
# name 4 = t090C: Temperature [ITS-90, deg C]
# name 5 = t190C: Temperature, 2 [ITS-90, deg C]
# name 6 = c0mS/cm: Conductivity [mS/cm]
# name 7 = c1mS/cm: Conductivity, 2 [mS/cm]
# name 8 = sal00: Salinity, Practical [PSU]
# name 9 = sal11: Salinity, Practical, 2 [PSU]
# name 10 = sbox0Mm/Kg: Oxygen, SBE 43 [umol/kg]
# name 11 = sbox1Mm/Kg: Oxygen, SBE 43, 2 [umol/kg]
# name 12 = flECO-AFL: Fluorescence, WET Labs ECO-AFL/FL [mg/m^3]
# name 13 = v2: Voltage 2
# name 14 = wetCDOM: Fluorescence, WET Labs CDOM [mg/m^3]
# name 15 = v6: Voltage 6
# name 16 = CStarAt0: Beam Attenuation, WET Labs C-Star [1/m]
# name 17 = v3: Voltage 3
# name 18 = scan: Scan Count
# name 19 = timeM: Time, Elapsed [minutes]
# name 20 = altM: Altimeter [m]
# name 21 = sbeox0V: Oxygen raw, SBE 43 [V]
# name 22 = sbeox1V: Oxygen raw, SBE 43, 2 [V]
# name 23 = nbf: Bottles Fired
# name 24 = flag:  0.000e+00
# interval = seconds: 0.0416667
# start_time = Sep 27 2025 13:25:46 [NMEA time, header]
# bad_flag = -9.990e-29
*END*
[from data line 348]
    175.213   80.23552  125.96296    177.164     1.4054     1.4046  30.159833  30.157171    34.7734    34.7709    293.942    288.242    -0.1366     4.6276     0.0818     0.0818     0.0527     0.0195      85191    59.1597     100.00     2.3396     2.0491          8  0.000e+00
    175.156   80.23552  125.96296    177.106     1.4058     1.4043  30.160083  30.156818    34.7734    34.7708    293.937    288.243    -0.1366     4.6276     0.0818     0.0818     0.0527     0.0195      85192    59.1604     100.00     2.3396     2.0491          8  0.000e+00
    175.213   80.23552  125.96296    177.164     1.4058     1.4045  30.160146  30.156877    34.7735    34.7707    293.939    288.014    -0.1061     4.6276     0.0818     0.0818     0.0527     0.0208      85193    59.1611     100.00     2.3396     2.0479          8  0.000e+00
    175.148   80.23552  125.96296    177.098     1.4057     1.4043  30.159770  30.156759    34.7731    34.7708    293.938    288.012    -0.1366     4.6264     0.0818     0.0818     0.0538     0.0195      85194    59.1618     100.00     2.3396     2.0479          8  0.000e+00
    175.148   80.23552  125.96296    177.098     1.4056     1.4043  30.159582  30.156877    34.7730    34.7709    294.134    288.012    -0.1366     4.6276     0.0818     0.0818     0.0527     0.0195      85195    59.1625     100.00     2.3408     2.0479          8  0.000e+00
    175.213   80.23552  125.96296    177.164     1.4056     1.4043  30.159958  30.156995    34.7734    34.7710    293.941    288.014    -0.1366     4.6276     0.0818     0.0818     0.0527     0.0195      85196    59.1632     100.00     2.3396     2.0479          8  0.000e+00
    175.156   80.23552  125.96296    177.106     1.4054     1.4043  30.159895  30.156994    34.7735    34.7711    294.134    288.242    -0.1366     4.6276     0.0818     0.0818     0.0527     0.0195      85197    59.1639     100.00     2.3408     2.0491          8  0.000e+00
    175.148   80.23552  125.96296    177.098     1.4058     1.4042  30.159707  30.156759    34.7729    34.7709    293.938    288.243    -0.1366     4.6264     0.0818     0.0818     0.0538     0.0195      85198    59.1646     100.00     2.3396     2.0491          8  0.000e+00
    175.148   80.23552  125.96296    177.098     1.4058     1.4041  30.160020  30.156700    34.7733    34.7709    293.937    288.244    -0.1366     4.6264     0.0818     0.0818     0.0538     0.0195      85199    59.1653     100.00     2.3396     2.0491          8  0.000e+00
    175.213   80.23552  125.96296    177.164     1.4059     1.4043  30.159895  30.156700    34.7730    34.7707    293.939    288.245    -0.1366     4.6276     0.0818     0.0818     0.0527     0.0195      85200    59.1660     100.00     2.3396     2.0491          8  0.000e+00
    175.148   80.23552  125.96296    177.098     1.4056     1.4043  30.159895  30.156700    34.7734    34.7707    294.133    288.243    -0.1366     4.6276     0.0818     0.0818     0.0527     0.0195      85201    59.1667     100.00     2.3408     2.0491          8  0.000e+00
    175.156   80.23552  125.96296    177.106     1.4056     1.4042  30.159833  30.156700    34.7733    34.7708    293.939    288.704    -0.1366     4.6264     0.0818     0.0818     0.0538     0.0195      85202    59.1674     100.00     2.3396     2.0516          8  0.000e+00
    175.213   80.23552  125.96296    177.164     1.4056     1.4041  30.159833  30.156700    34.7732    34.7709    294.136    288.707    -0.1366     4.6264     0.0818     0.0818     0.0538     0.0195      85203    59.1681     100.00     2.3408     2.0516          8  0.000e+00
    175.148   80.23552  125.96296    177.098     1.4058     1.4042  30.159707  30.156464    34.7729    34.7705    294.132    288.704    -0.1366     4.6276     0.0818     0.0818     0.0527     0.0195      85204    59.1688     100.00     2.3408     2.0516          8  0.000e+00
    175.148   80.23552  125.96296    177.098     1.4054     1.4041  30.160459  30.156406    34.7743    34.7705    293.937    288.935    -0.1366     4.6276     0.0818     0.0818     0.0527     0.0195      85205    59.1694     100.00     2.3396     2.0528          8  0.000e+00
    175.213   80.23552  125.96296    177.164     1.4060     1.4042  30.160459  30.156406    34.7736    34.7704    294.131    288.937    -0.1366     4.6276     0.0818     0.0818     0.0527     0.0195      85206    59.1701     100.00     2.3408     2.0528          8  0.000e+00
    175.156   80.23552  125.96296    177.106     1.4058     1.4041  30.160271  30.156170    34.7737    34.7702    293.936    288.936    -0.1061     4.6276     0.0818     0.0818     0.0527     0.0208      85207    59.1708     100.00     2.3396     2.0528          8  0.000e+00
    175.148   80.23552  125.96296    177.098     1.4056     1.4043  30.160146  30.156288    34.7737    34.7702    293.937    289.165    -0.1366     4.6276     0.0818     0.0818     0.0527     0.0195      85208    59.1715     100.00     2.3396     2.0540          8  0.000e+00
    175.148   80.23552  125.96296    177.098     1.4059     1.4042  30.160333  30.156406    34.7736    34.7705    293.935    289.165    -0.1366     4.6276     0.0818     0.0818     0.0527     0.0195      85209    59.1722     100.00     2.3396     2.0540          8  0.000e+00
    175.213   80.23552  125.96296    177.164     1.4059     1.4041  30.160459  30.156582    34.7737    34.7707    294.132    289.167    -0.1366     4.6276     0.0818     0.0818     0.0527     0.0195      85210    59.1729     100.00     2.3408     2.0540          8  0.000e+00
    175.148   80.23552  125.96296    177.098     1.4058     1.4042  30.160208  30.156464    34.7736    34.7705    293.936    289.165    -0.1366     4.6264     0.0818     0.0818     0.0538     0.0195      85211    59.1736     100.00     2.3396     2.0540          8  0.000e+00
    175.156   80.23552  125.96296    177.106     1.4059     1.4041  30.160333  30.156582    34.7736    34.7707    293.936    288.935    -0.1366     4.6276     0.0818     0.0818     0.0527     0.0195      85212    59.1743     100.00     2.3396     2.0528          8  0.000e+00
    175.148   80.23552  125.96296    177.098     1.4059     1.4042  30.160208  30.156700    34.7734    34.7708    293.935    288.703    -0.1366     4.6276     0.0818     0.0818     0.0527     0.0195      85213    59.1750     100.00     2.3396     2.0516          8  0.000e+00
    175.213   80.23552  125.96296    177.164     1.4061     1.4041  30.160396  30.156465    34.7734    34.7706    293.936    288.707    -0.1366     4.6264     0.0818     0.0818     0.0538     0.0195      85214    59.1757     100.00     2.3396     2.0516          8  0.000e+00
    175.148   80.23552  125.96296    177.098     1.4059     1.4040  30.159958  30.156582    34.7731    34.7709    294.131    288.705    -0.1366     4.6264     0.0818     0.0818     0.0538     0.0195      85215    59.1764     100.00     2.3408     2.0516          8  0.000e+00
    175.148   80.23552  125.96296    177.098     1.4061     1.4040  30.160208  30.156465    34.7732    34.7707    294.129    288.705    -0.1061     4.6276     0.0818     0.0818     0.0527     0.0208      85216    59.1771     100.00     2.3408     2.0516          8  0.000e+00
    175.213   80.23552  125.96296    177.164     1.4058     1.4043  30.160021  30.156582    34.7733    34.7705    293.939    288.706    -0.1366     4.6276     0.0830     0.0830     0.0527     0.0195      85217    59.1778     100.00     2.3396     2.0516          8  0.000e+00
    175.156   80.23552  125.96296    177.106     1.4059     1.4041  30.160271  30.156465    34.7735    34.7706    293.936    288.705    -0.1366     4.6276     0.0830     0.0830     0.0527     0.0195      85218    59.1785     100.00     2.3396     2.0516          8  0.000e+00
    175.148   80.23552  125.96296    177.098     1.4059     1.4038  30.160208  30.156406    34.7734    34.7708    294.130    288.936    -0.1366     4.6276     0.0830     0.0830     0.0527     0.0195      85219    59.1792     100.00     2.3408     2.0528          8  0.000e+00
    175.213   80.23552  125.96296    177.164     1.4058     1.4043  30.159958  30.156406    34.7732    34.7703    293.939    288.936    -0.1366     4.6276     0.0830     0.0830     0.0527     0.0195      85220    59.1799     100.00     2.3396     2.0528          8  0.000e+00
    175.148   80.23552  125.96296    177.098     1.4059     1.4041  30.160083  30.156582    34.7732    34.7707    293.936    288.934    -0.1366     4.6276     0.0830     0.0830     0.0527     0.0195      85221    59.1806     100.00     2.3396     2.0528          8  0.000e+00
    175.148   80.23552  125.96296    177.098     1.4059     1.4040  30.160333  30.156700    34.7736    34.7710    293.935    288.704    -0.1671     4.6276     0.0830     0.0830     0.0527     0.0183      85222    59.1812     100.00     2.3396     2.0516          8  0.000e+00
    175.156   80.23552  125.96296    177.106     1.4058     1.4040  30.160459  30.156700    34.7739    34.7710    293.936    288.705    -0.1671     4.6276     0.0830     0.0830     0.0527     0.0183      85223    59.1819     100.00     2.3396     2.0516          8  0.000e+00
    175.213   80.23552  125.96296    177.164     1.4057     1.4042  30.160396  30.156877    34.7738    34.7710    293.938    288.705    -0.1671     4.6276     0.0830     0.0830     0.0527     0.0183      85224    59.1826     100.00     2.3396     2.0516          8  0.000e+00
    175.148   80.23552  125.96296    177.098     1.4058     1.4043  30.160396  30.156759    34.7738    34.7708    293.935    288.472    -0.1671     4.6276     0.0830     0.0830     0.0527     0.0183      85225    59.1833     100.00     2.3396     2.0504          8  0.000e+00
    175.148   80.23552  125.96296    177.098     1.4058     1.4043  30.160459  30.156700    34.7739    34.7707    294.130    288.242    -0.1671     4.6276     0.0830     0.0830     0.0527     0.0183      85226    59.1840     100.00     2.3408     2.0491          8  0.000e+00
    175.213   80.23552  125.96296    177.164     1.4058     1.4043  30.160396  30.156700    34.7738    34.7707    293.938    288.245    -0.1671     4.6276     0.0830     0.0830     0.0527     0.0183      85227    59.1847     100.00     2.3396     2.0491          8  0.000e+00
    175.156   80.23552  125.96298    177.106     1.4056     1.4045  30.160396  30.156877    34.7740    34.7707    293.937    288.241    -0.1976     4.6276     0.0830     0.0830     0.0527     0.0171      85228    59.1854     100.00     2.3396     2.0491          8  0.000e+00
    175.148   80.23552  125.96298    177.098     1.4058     1.4045  30.160271  30.156523    34.7737    34.7703    293.936    288.472    -0.1671     4.6276     0.0830     0.0830     0.0527     0.0183      85229    59.1861     100.00     2.3396     2.0504          8  0.000e+00
    175.213   80.23552  125.96298    177.164     1.4062     1.4043  30.160584  30.156818    34.7735    34.7708    293.935    288.475    -0.1976     4.6276     0.0830     0.0830     0.0527     0.0171      85230    59.1868     100.00     2.3396     2.0504          8  0.000e+00
    175.148   80.23552  125.96298    177.098     1.4061     1.4043  30.160459  30.156759    34.7735    34.7708    293.933    288.472    -0.1671     4.6276     0.0830     0.0830     0.0527     0.0183      85231    59.1875     100.00     2.3396     2.0504          8  0.000e+00
    175.148   80.23552  125.96298    177.098     1.4062     1.4045  30.160396  30.156877    34.7733    34.7707    293.933    288.471    -0.1366     4.6276     0.0830     0.0830     0.0527     0.0195      85232    59.1882     100.00     2.3396     2.0504          8  0.000e+00
    175.156   80.23552  125.96298    177.106     1.4061     1.4046  30.160271  30.157171    34.7733    34.7709    293.934    288.700    -0.1671     4.6276     0.0830     0.0830     0.0527     0.0183      85233    59.1889     100.00     2.3396     2.0516          8  0.000e+00
    175.213   80.23552  125.96298    177.164     1.4062     1.4048  30.160146  30.157053    34.7729    34.7706    293.936    288.471    -0.1671     4.6276     0.0830     0.0830     0.0527     0.0183      85234    59.1896     100.00     2.3396     2.0504          8  0.000e+00
    150.035   80.23552  125.96360    151.697     1.1619     1.1617  29.883021  29.881002    34.7044    34.7019    295.675    290.050    -0.1366     4.6264     0.0830     0.0830     0.0538     0.0195      87990    61.1035     100.00     2.3429     2.0525          9  0.000e+00
    149.986   80.23552  125.96360    151.647     1.1618     1.1617  29.882833  29.880650    34.7042    34.7015    295.674    290.049    -0.1366     4.6264     0.0830     0.0830     0.0538     0.0195      87991    61.1042     100.00     2.3429     2.0525          9  0.000e+00
    149.970   80.23552  125.96360    151.630     1.1618     1.1617  29.882958  29.880650    34.7044    34.7015    295.673    290.280    -0.1061     4.6264     0.0818     0.0818     0.0538     0.0208      87992    61.1049     100.00     2.3429     2.0538          9  0.000e+00
    149.970   80.23552  125.96360    151.630     1.1620     1.1617  29.883020  29.880709    34.7042    34.7016    295.672    290.280    -0.1061     4.6264     0.0830     0.0830     0.0538     0.0208      87993    61.1056     100.00     2.3429     2.0538          9  0.000e+00
    150.044   80.23552  125.96360    151.705     1.1617     1.1617  29.883021  29.881061    34.7046    34.7020    295.676    290.513    -0.1366     4.6264     0.0830     0.0830     0.0538     0.0195      87994    61.1063     100.00     2.3429     2.0550          9  0.000e+00
    149.970   80.23552  125.96360    151.630     1.1619     1.1619  29.882833  29.880591    34.7042    34.7012    295.673    290.510    -0.1061     4.6264     0.0830     0.0830     0.0538     0.0208      87995    61.1069     100.00     2.3429     2.0550          9  0.000e+00
    150.035   80.23552  125.96360    151.697     1.1620     1.1617  29.882958  29.880826    34.7042    34.7017    295.675    290.513    -0.1366     4.6264     0.0830     0.0830     0.0538     0.0195      87996    61.1076     100.00     2.3429     2.0550          9  0.000e+00
    149.986   80.23552  125.96360    151.647     1.1619     1.1617  29.883020  29.880650    34.7044    34.7015    295.673    290.511    -0.1366     4.6264     0.0830     0.0830     0.0538     0.0195      87997    61.1083     100.00     2.3429     2.0550          9  0.000e+00
    149.970   80.23552  125.96360    151.630     1.1618     1.1617  29.882833  29.880650    34.7042    34.7015    295.869    290.511    -0.1366     4.6264     0.0830     0.0830     0.0538     0.0195      87998    61.1090     100.00     2.3441     2.0550          9  0.000e+00
    150.035   80.23552  125.96360    151.697     1.1618     1.1616  29.883145  29.880709    34.7046    34.7017    295.675    290.514    -0.1366     4.6264     0.0830     0.0830     0.0538     0.0195      87999    61.1097     100.00     2.3429     2.0550          9  0.000e+00
    149.986   80.23552  125.96360    151.647     1.1619     1.1616  29.882896  29.880885    34.7043    34.7019    295.673    290.511    -0.1366     4.6264     0.0830     0.0830     0.0538     0.0195      88000    61.1104     100.00     2.3429     2.0550          9  0.000e+00
    149.970   80.23552  125.96360    151.630     1.1621     1.1617  29.883145  29.880768    34.7043    34.7017    295.670    290.279    -0.1366     4.6264     0.0830     0.0830     0.0538     0.0195      88001    61.1111     100.00     2.3429     2.0538          9  0.000e+00
    150.035   80.23552  125.96360    151.697     1.1620     1.1616  29.883145  29.880709    34.7044    34.7017    295.674    290.283    -0.1671     4.6264     0.0830     0.0830     0.0538     0.0183      88002    61.1118     100.00     2.3429     2.0538          9  0.000e+00
