Continuous CTD Data/SBE Stage/nabos_13_01avg.cnv
* Sea-Bird SBE 9 Data File:
* FileName = D:\CTD\data\HLY2502\raw\NABOS_13_01.hex
* Software Version Seasave V 7.26.7.110
* Temperature SN = 6954
* Conductivity SN = 2561
* Number of Bytes Per Scan = 37
* Number of Voltage Words = 4
* Number of Scans Averaged by the Deck Unit = 1
* NMEA Latitude = 77 47.47 N
* NMEA Longitude = 174 07.84 W
* NMEA UTC (Time) = Sep 10 2025  11:34:32
* NMEA baud rate = 9600
** Ship: USCG HEALY
** Bot. Depth:  1300
** Cast Number:  01
** Station Name:  NABOS
** Station Number:  13
** Operator:  STARC
# nquan = 25
# nvalues = 1215                        
# units = specified
# name 0 = depSM: Depth [salt water, m]
# name 1 = latitude: Latitude [deg]
# name 2 = longitude: Longitude [deg]
# name 3 = prDM: Pressure, Digiquartz [db]
# name 4 = t090C: Temperature [ITS-90, deg C]
# name 5 = t190C: Temperature, 2 [ITS-90, deg C]
# name 6 = c0mS/cm: Conductivity [mS/cm]
# name 7 = c1mS/cm: Conductivity, 2 [mS/cm]
# name 8 = sal00: Salinity, Practical [PSU]
# name 9 = sal11: Salinity, Practical, 2 [PSU]
# name 10 = sbox0Mm/Kg: Oxygen, SBE 43 [umol/kg]
# name 11 = sbox1Mm/Kg: Oxygen, SBE 43, 2 [umol/kg]
# name 12 = flECO-AFL: Fluorescence, WET Labs ECO-AFL/FL [mg/m^3]
# name 13 = v2: Voltage 2
# name 14 = wetCDOM: Fluorescence, WET Labs CDOM [mg/m^3]
# name 15 = v6: Voltage 6
# name 16 = CStarAt0: Beam Attenuation, WET Labs C-Star [1/m]
# name 17 = v3: Voltage 3
# name 18 = scan: Scan Count
# name 19 = timeM: Time, Elapsed [minutes]
# name 20 = altM: Altimeter [m]
# name 21 = sbeox0V: Oxygen raw, SBE 43 [V]
# name 22 = sbeox1V: Oxygen raw, SBE 43, 2 [V]
# name 23 = nbin: number of scans per bin
# name 24 = flag: flag
# span 0 =      2.967,   1200.704       
# span 1 =   77.79166,   77.79593       
# span 2 = -174.12918, -174.11495       
# span 3 =      3.000,   1217.000       
# span 4 =    -1.6566,     1.0085       
# span 5 =    -1.6574,     1.0085       
# span 6 =  23.323223,  29.937271       
# span 7 =  23.331840,  29.935442       
# span 8 =    28.9298,    34.8915       
# span 9 =    28.9396,    34.8892       
# span 10 =    240.518,    383.870      
# span 11 =    237.134,    372.639      
# span 12 =    -0.1834,     0.5373      
# span 13 =     4.5906,     4.6643      
# span 14 =     0.0715,     0.1157      
# span 15 =     0.0715,     0.1157      
# span 16 =     0.0211,     0.0849      
# span 17 =     0.0177,     0.0465      
# span 18 =       4210,      39335      
# span 19 =     2.9233,    27.3151      
# span 20 =      37.78,     100.38      
# span 21 =     1.8836,     2.6806      
# span 22 =     1.6776,     2.3136      
# span 23 =          1,         26      
# span 24 = 0.0000e+00, 0.0000e+00      
# interval = decibars: 1                
# start_time = Sep 10 2025 11:34:32 [NMEA time, header]
# bad_flag = -9.990e-29
*END*
[from data line 928]
    919.158   77.79486 -174.11856    931.000     0.2078     0.2079  29.542565  29.540713    34.8770    34.8744    291.262    283.767    -0.1466     4.6636     0.0828     0.0828     0.0217     0.0191      30890    21.4510     100.00     2.0953     1.8382         15 0.0000e+00
    920.144   77.79486 -174.11856    932.000     0.2065     0.2065  29.541827  29.540131    34.8769    34.8746    291.349    284.705    -0.1323     4.6631     0.0838     0.0838     0.0221     0.0197      30916    21.4686     100.00     2.0955     1.8423         18 0.0000e+00
    921.129   77.79488 -174.11854    933.000     0.2057     0.2058  29.541557  29.539911    34.8769    34.8746    291.344    284.754    -0.1331     4.6637     0.0838     0.0838     0.0216     0.0196      30941    21.4860     100.00     2.0952     1.8424         17 0.0000e+00
    922.114   77.79488 -174.11854    934.000     0.2052     0.2053  29.541594  29.539757    34.8769    34.8744    291.403    284.751    -0.1298     4.6631     0.0827     0.0827     0.0222     0.0198      30966    21.5034     100.00     2.0953     1.8422         18 0.0000e+00
    923.099   77.79488 -174.11852    935.000     0.2046     0.2047  29.541529  29.539824    34.8769    34.8746    291.463    284.887    -0.1484     4.6639     0.0829     0.0829     0.0215     0.0190      30991    21.5206     100.00     2.0954     1.8426         14 0.0000e+00
    924.084   77.79488 -174.11852    936.000     0.2035     0.2034  29.540922  29.539161    34.8768    34.8745    291.451    284.996    -0.1717     4.6638     0.0828     0.0828     0.0216     0.0181      31016    21.5383     100.00     2.0951     1.8429         19 0.0000e+00
    925.069   77.79488 -174.11850    937.000     0.2009     0.2011  29.539030  29.537501    34.8766    34.8744    291.411    284.757    -0.1476     4.6640     0.0836     0.0836     0.0214     0.0191      31041    21.5556     100.00     2.0945     1.8415         16 0.0000e+00
    926.054   77.79488 -174.11849    938.000     0.1993     0.1993  29.538027  29.536310    34.8766    34.8743    291.262    285.447    -0.1526     4.6637     0.0833     0.0833     0.0217     0.0189      31066    21.5730     100.00     2.0934     1.8445         15 0.0000e+00
    927.039   77.79489 -174.11848    939.000     0.1980     0.1980  29.537249  29.535435    34.8764    34.8741    291.265    284.707    -0.1476     4.6635     0.0832     0.0832     0.0218     0.0191      31091    21.5904     100.00     2.0931     1.8408         14 0.0000e+00
    928.024   77.79490 -174.11847    940.000     0.1964     0.1965  29.536329  29.534679    34.8765    34.8742    291.365    284.159    -0.1324     4.6635     0.0834     0.0834     0.0218     0.0197      31116    21.6079     100.00     2.0934     1.8380         14 0.0000e+00
    929.009   77.79490 -174.11846    941.000     0.1954     0.1955  29.535865  29.534252    34.8764    34.8742    291.346    285.234    -0.1305     4.6637     0.0828     0.0828     0.0216     0.0198      31141    21.6253     100.00     2.0930     1.8428         15 0.0000e+00
    929.994   77.79490 -174.11845    942.000     0.1946     0.1947  29.535645  29.533944    34.8764    34.8741    291.239    284.783    -0.1389     4.6641     0.0835     0.0835     0.0213     0.0194      31167    21.6429     100.00     2.0922     1.8405         15 0.0000e+00
    930.979   77.79490 -174.11844    943.000     0.1937     0.1939  29.535301  29.533671    34.8764    34.8741    291.202    285.409    -0.1690     4.6634     0.0828     0.0828     0.0219     0.0182      31192    21.6604     100.00     2.0917     1.8432         15 0.0000e+00
    931.964   77.79490 -174.11843    944.000     0.1931     0.1932  29.535195  29.533573    34.8764    34.8741    291.076    286.154    -0.1416     4.6636     0.0827     0.0827     0.0217     0.0193      31217    21.6777     100.00     2.0908     1.8465         14 0.0000e+00
    932.949   77.79490 -174.11842    945.000     0.1918     0.1920  29.534382  29.532847    34.8763    34.8740    291.095    283.855    -0.1702     4.6638     0.0825     0.0825     0.0215     0.0182      31242    21.6951     100.00     2.0906     1.8356         13 0.0000e+00
    933.934   77.79491 -174.11841    946.000     0.1901     0.1902  29.533384  29.531662    34.8762    34.8739    291.176    285.460    -0.1523     4.6640     0.0847     0.0847     0.0213     0.0189      31267    21.7126     100.00     2.0908     1.8428         14 0.0000e+00
    934.920   77.79492 -174.11838    947.000     0.1889     0.1887  29.532632  29.530891    34.8761    34.8740    291.259    285.323    -0.1649     4.6640     0.0839     0.0839     0.0213     0.0184      31293    21.7302     100.00     2.0909     1.8419         14 0.0000e+00
    935.904   77.79492 -174.11838    948.000     0.1875     0.1875  29.531950  29.530165    34.8762    34.8739    291.232    283.749    -0.1493     4.6639     0.0820     0.0820     0.0215     0.0190      31318    21.7477     100.00     2.0905     1.8344         15 0.0000e+00
    936.890   77.79492 -174.11836    949.000     0.1871     0.1873  29.532067  29.530339    34.8762    34.8738    291.321    284.486    -0.1584     4.6637     0.0826     0.0826     0.0216     0.0186      31343    21.7651     100.00     2.0908     1.8376         14 0.0000e+00
    937.874   77.79492 -174.11836    950.000     0.1866     0.1866  29.532054  29.530277    34.8762    34.8738    291.318    284.451    -0.1720     4.6636     0.0842     0.0842     0.0217     0.0181      31368    21.7825     100.00     2.0906     1.8373         13 0.0000e+00
    938.859   77.79492 -174.11834    951.000     0.1856     0.1856  29.531637  29.529923    34.8762    34.8739    291.405    286.414    -0.1415     4.6630     0.0829     0.0829     0.0222     0.0193      31393    21.7999     100.00     2.0908     1.8461         12 0.0000e+00
    939.844   77.79492 -174.11834    952.000     0.1860     0.1861  29.532556  29.530778    34.8763    34.8739    291.506    285.644    -0.1341     4.6633     0.0825     0.0825     0.0220     0.0196      31418    21.8174     100.00     2.0912     1.8424         13 0.0000e+00
    940.829   77.79494 -174.11832    953.000     0.1855     0.1855  29.532428  29.530730    34.8762    34.8740    291.491    285.270    -0.1481     4.6639     0.0834     0.0834     0.0215     0.0190      31443    21.8349     100.00     2.0908     1.8405         15 0.0000e+00
    941.814   77.79494 -174.11832    954.000     0.1837     0.1837  29.531282  29.529563    34.8761    34.8739    291.426    285.160    -0.1577     4.6633     0.0831     0.0831     0.0220     0.0187      31469    21.8524     100.00     2.0902     1.8397         16 0.0000e+00
    942.799   77.79494 -174.11830    955.000     0.1812     0.1812  29.529395  29.527650    34.8759    34.8737    291.368    284.771    -0.1350     4.6635     0.0837     0.0837     0.0218     0.0196      31494    21.8698     100.00     2.0896     1.8377         15 0.0000e+00
    943.784   77.79494 -174.11830    956.000     0.1779     0.1780  29.527146  29.525360    34.8761    34.8736    291.345    283.978    -0.1366     4.6632     0.0837     0.0837     0.0221     0.0195      31519    21.8873     100.00     2.0890     1.8337         15 0.0000e+00
    944.769   77.79494 -174.11828    957.000     0.1776     0.1777  29.527235  29.525502    34.8760    34.8736    291.249    283.224    -0.1347     4.6631     0.0837     0.0837     0.0221     0.0196      31544    21.9048     100.00     2.0882     1.8300         16 0.0000e+00
    945.754   77.79495 -174.11827    958.000     0.1750     0.1750  29.525330  29.523534    34.8758    34.8735    291.269    284.828    -0.1366     4.6639     0.0827     0.0827     0.0214     0.0195      31569    21.9220     100.00     2.0880     1.8372         14 0.0000e+00
    946.739   77.79496 -174.11826    959.000     0.1720     0.1721  29.523006  29.521427    34.8756    34.8734    291.211    284.757    -0.1701     4.6639     0.0827     0.0827     0.0215     0.0182      31594    21.9396     100.00     2.0874     1.8366         14 0.0000e+00
    947.724   77.79496 -174.11825    960.000     0.1685     0.1689  29.520221  29.518880    34.8753    34.8731    291.260    284.799    -0.1332     4.6642     0.0816     0.0816     0.0212     0.0196      31619    21.9570     100.00     2.0873     1.8364         14 0.0000e+00
    948.709   77.79496 -174.11824    961.000     0.1634     0.1628  29.516179  29.513789    34.8752    34.8728    291.179    284.901    -0.1365     4.6641     0.0826     0.0826     0.0213     0.0195      31644    21.9744     100.00     2.0864     1.8365         15 0.0000e+00
    949.694   77.79496 -174.11823    962.000     0.1577     0.1576  29.511502  29.509766    34.8749    34.8728    291.231    284.833    -0.1413     4.6636     0.0836     0.0836     0.0217     0.0193      31669    21.9917     100.00     2.0862     1.8358         13 0.0000e+00
    950.679   77.79496 -174.11822    963.000     0.1539     0.1534  29.508484  29.506242    34.8746    34.8723    291.244    284.140    -0.1620     4.6639     0.0840     0.0840     0.0215     0.0185      31694    22.0091     100.00     2.0858     1.8323         14 0.0000e+00
    951.664   77.79496 -174.11821    964.000     0.1515     0.1514  29.506767  29.504757    34.8745    34.8721    291.275    285.268    -0.1359     4.6640     0.0838     0.0838     0.0214     0.0195      31720    22.0267     100.00     2.0857     1.8372         15 0.0000e+00
    952.649   77.79497 -174.11820    965.000     0.1506     0.1506  29.506316  29.504595    34.8744    34.8721    291.232    284.311    -0.1511     4.6632     0.0834     0.0834     0.0220     0.0189      31745    22.0441     100.00     2.0852     1.8326         15 0.0000e+00
    953.634   77.79498 -174.11819    966.000     0.1505     0.1506  29.506515  29.504952    34.8742    34.8721    291.239    286.382    -0.1390     4.6631     0.0832     0.0832     0.0221     0.0194      31770    22.0617     100.00     2.0850     1.8420         16 0.0000e+00
    954.619   77.79498 -174.11818    967.000     0.1500     0.1500  29.506427  29.504822    34.8741    34.8720    291.350    285.882    -0.1554     4.6635     0.0838     0.0838     0.0218     0.0188      31795    22.0790     100.00     2.0854     1.8395         15 0.0000e+00
    955.604   77.79498 -174.11816    968.000     0.1533     0.1537  29.510313  29.508850    34.8749    34.8725    291.257    286.367    -0.1353     4.6634     0.0838     0.0838     0.0219     0.0196      31820    22.0965     100.00     2.0848     1.8417         15 0.0000e+00
    956.588   77.79498 -174.11816    969.000     0.1598     0.1599  29.516674  29.515076    34.8754    34.8731    291.258    285.017    -0.1367     4.6639     0.0850     0.0850     0.0215     0.0195      31845    22.1139     100.00     2.0850     1.8355         14 0.0000e+00
    957.573   77.79498 -174.11814    970.000     0.1613     0.1613  29.518544  29.516820    34.8755    34.8733    291.250    286.217    -0.1711     4.6635     0.0839     0.0839     0.0218     0.0181      31870    22.1314     100.00     2.0848     1.8410         18 0.0000e+00
    958.558   77.79500 -174.11814    971.000     0.1582     0.1582  29.516286  29.514461    34.8755    34.8732    291.282    285.791    -0.1753     4.6631     0.0838     0.0838     0.0221     0.0180      31895    22.1488     100.00     2.0846     1.8387         15 0.0000e+00
    959.543   77.79500 -174.11812    972.000     0.1533     0.1530  29.512257  29.510315    34.8752    34.8730    291.274    285.568    -0.1585     4.6631     0.0849     0.0849     0.0221     0.0186      31920    22.1660     100.00     2.0841     1.8373         12 0.0000e+00
    960.528   77.79500 -174.11812    973.000     0.1488     0.1488  29.509030  29.507234    34.8754    34.8731    291.216    282.534    -0.1441     4.6635     0.0850     0.0850     0.0218     0.0192      31946    22.1837     100.00     2.0834     1.8230         18 0.0000e+00
    961.513   77.79500 -174.11810    974.000     0.1473     0.1471  29.507972  29.506019    34.8752    34.8728    291.242    285.063    -0.1508     4.6638     0.0833     0.0833     0.0215     0.0189      31971    22.2012     100.00     2.0832     1.8344         17 0.0000e+00
    962.498   77.79500 -174.11808    975.000     0.1430     0.1432  29.504752  29.503189    34.8751    34.8729    291.288    284.296    -0.1362     4.6635     0.0828     0.0828     0.0218     0.0195      31996    22.2187     100.00     2.0830     1.8305         16 0.0000e+00
    963.483   77.79500 -174.11808    976.000     0.1431     0.1431  29.505159  29.503416    34.8751    34.8727    291.400    286.657    -0.1352     4.6640     0.0822     0.0822     0.0214     0.0196      32021    22.2363     100.00     2.0835     1.8412         22 0.0000e+00
    964.468   77.79500 -174.11806    977.000     0.1431     0.1431  29.505597  29.503762    34.8751    34.8727    291.194    286.337    -0.1701     4.6639     0.0824     0.0824     0.0215     0.0182      32046    22.2532     100.00     2.0821     1.8396         15 0.0000e+00
    965.453   77.79502 -174.11805    978.000     0.1425     0.1426  29.505409  29.503818    34.8749    34.8727    291.215    285.295    -0.1644     4.6634     0.0835     0.0835     0.0219     0.0184      32071    22.2712     100.00     2.0820     1.8346         23 0.0000e+00
    966.437   77.79502 -174.11804    979.000     0.1426     0.1423  29.505974  29.503919    34.8750    34.8727    291.242    285.248    -0.1432     4.6638     0.0836     0.0836     0.0216     0.0192      32096    22.2885     100.00     2.0819     1.8342         19 0.0000e+00
    967.422   77.79502 -174.11803    980.000     0.1453     0.1454  29.509079  29.507317    34.8754    34.8730    291.232    284.871    -0.1617     4.6637     0.0830     0.0830     0.0216     0.0185      32122    22.3059     100.00     2.0818     1.8324         18 0.0000e+00
    968.407   77.79502 -174.11802    981.000     0.1413     0.1407  29.505693  29.503517    34.8749    34.8727    291.247    284.784    -0.1357     4.6638     0.0837     0.0837     0.0215     0.0195      32147    22.3235     100.00     2.0815     1.8316         19 0.0000e+00
    969.392   77.79502 -174.11801    982.000     0.1352     0.1351  29.500818  29.498950    34.8748    34.8725    291.224    284.626    -0.1334     4.6632     0.0839     0.0839     0.0220     0.0196      32172    22.3410     100.00     2.0809     1.8305         19 0.0000e+00
    970.377   77.79503 -174.11800    983.000     0.1249     0.1243  29.492009  29.489744    34.8743    34.8720    291.198    285.534    -0.1575     4.6634     0.0838     0.0838     0.0219     0.0187      32197    22.3582     100.00     2.0800     1.8341         18 0.0000e+00
    971.362   77.79504 -174.11799    984.000     0.1198     0.1199  29.488137  29.486400    34.8744    34.8720    291.121    284.956    -0.1697     4.6633     0.0847     0.0847     0.0219     0.0182      32222    22.3757     100.00     2.0792     1.8311         17 0.0000e+00
    972.346   77.79504 -174.11798    985.000     0.1205     0.1207  29.489088  29.487427    34.8743    34.8719    291.135    284.973    -0.1409     4.6638     0.0830     0.0830     0.0216     0.0193      32247    22.3929     100.00     2.0791     1.8310         14 0.0000e+00
    973.331   77.79504 -174.11797    986.000     0.1209     0.1212  29.489867  29.488354    34.8742    34.8720    291.276    282.880    -0.1712     4.6638     0.0828     0.0828     0.0216     0.0181      32272    22.4106     100.00     2.0796     1.8212         19 0.0000e+00
    974.316   77.79504 -174.11796    987.000     0.1271     0.1272  29.496292  29.494815    34.8751    34.8731    291.237    283.827    -0.1337     4.6635     0.0829     0.0829     0.0218     0.0196      32297    22.4278     100.00     2.0795     1.8257         15 0.0000e+00
