Continuous CTD Data/SBE Stage/nabos_14_01b.ros
* Sea-Bird SBE 9 Data File:
* FileName = D:\CTD\data\HLY2502\raw\NABOS_14_01b.hex
* Software Version Seasave V 7.26.7.110
* Temperature SN = 6954
* Conductivity SN = 2561
* Number of Bytes Per Scan = 37
* Number of Voltage Words = 4
* Number of Scans Averaged by the Deck Unit = 1
* NMEA Latitude = 78 08.58 N
* NMEA Longitude = 172 12.90 W
* NMEA UTC (Time) = Sep 10 2025  03:43:33
* NMEA baud rate = 9600
** Ship: USCG HEALY
** Bot. Depth:  2700
** Cast Number:  01b
** Station Name:  NABOS
** Station Number:  14
** Operator:  STARC
** Lost COM3 comms at 1125m
# nquan = 25
# nvalues = 1123                                  
# units = specified
# name 0 = depSM: Depth [salt water, m]
# name 1 = latitude: Latitude [deg]
# name 2 = longitude: Longitude [deg]
# name 3 = prDM: Pressure, Digiquartz [db]
# name 4 = t090C: Temperature [ITS-90, deg C]
# name 5 = t190C: Temperature, 2 [ITS-90, deg C]
# name 6 = c0mS/cm: Conductivity [mS/cm]
# name 7 = c1mS/cm: Conductivity, 2 [mS/cm]
# name 8 = sal00: Salinity, Practical [PSU]
# name 9 = sal11: Salinity, Practical, 2 [PSU]
# name 10 = sbox0Mm/Kg: Oxygen, SBE 43 [umol/kg]
# name 11 = sbox1Mm/Kg: Oxygen, SBE 43, 2 [umol/kg]
# name 12 = flECO-AFL: Fluorescence, WET Labs ECO-AFL/FL [mg/m^3]
# name 13 = v2: Voltage 2
# name 14 = wetCDOM: Fluorescence, WET Labs CDOM [mg/m^3]
# name 15 = v6: Voltage 6
# name 16 = CStarAt0: Beam Attenuation, WET Labs C-Star [1/m]
# name 17 = v3: Voltage 3
# name 18 = scan: Scan Count
# name 19 = timeM: Time, Elapsed [minutes]
# name 20 = altM: Altimeter [m]
# name 21 = sbeox0V: Oxygen raw, SBE 43 [V]
# name 22 = sbeox1V: Oxygen raw, SBE 43, 2 [V]
# name 23 = nbf: Bottles Fired
# name 24 = flag:  0.000e+00
# interval = seconds: 0.0416667
# start_time = Sep 10 2025 03:43:33 [NMEA time, header]
# bad_flag = -9.990e-29
*END*
[from data line 406]
    150.548   78.14210 -172.18920    152.204    -0.7836    -0.7834  27.962776  27.960458    34.3588    34.3554    285.599    276.152    -0.1366     4.6557     0.0879     0.0879     0.0285     0.0195      72314    50.2174     100.00     2.1769     1.8950          9  0.000e+00
    150.597   78.14210 -172.18920    152.254    -0.7832    -0.7832  27.963202  27.960687    34.3589    34.3555    285.597    276.397    -0.1366     4.6569     0.0879     0.0879     0.0275     0.0195      72315    50.2181     100.00     2.1769     1.8962          9  0.000e+00
    150.597   78.14210 -172.18920    152.254    -0.7824    -0.7831  27.963446  27.960630    34.3583    34.3553    285.592    276.642    -0.1366     4.6557     0.0891     0.0891     0.0285     0.0195      72316    50.2188     100.00     2.1769     1.8975          9  0.000e+00
    150.548   78.14210 -172.18920    152.204    -0.7820    -0.7838  27.963141  27.959542    34.3574    34.3546    285.381    276.647    -0.1366     4.6557     0.0879     0.0879     0.0285     0.0195      72317    50.2194     100.00     2.1757     1.8975          9  0.000e+00
    150.597   78.14210 -172.18920    152.254    -0.7819    -0.7850  27.963202  27.958283    34.3574    34.3542    285.382    276.904    -0.1366     4.6569     0.0879     0.0879     0.0275     0.0195      72318    50.2201     100.00     2.1757     1.8987          9  0.000e+00
    150.597   78.14210 -172.18920    152.254    -0.7817    -0.7849  27.963446  27.958855    34.3574    34.3549    285.380    276.902    -0.1366     4.6557     0.0879     0.0879     0.0285     0.0195      72319    50.2208     100.00     2.1757     1.8987          9  0.000e+00
    150.605   78.14210 -172.18920    152.262    -0.7815    -0.7843  27.964115  27.959657    34.3582    34.3553    285.584    276.897    -0.1366     4.6569     0.0879     0.0879     0.0275     0.0195      72320    50.2215     100.00     2.1769     1.8987          9  0.000e+00
    150.539   78.14210 -172.18920    152.196    -0.7818    -0.7837  27.963506  27.960916    34.3577    34.3564    285.585    277.132    -0.1366     4.6557     0.0879     0.0879     0.0285     0.0195      72321    50.2222     100.00     2.1769     1.8999          9  0.000e+00
    150.597   78.14210 -172.18920    152.254    -0.7820    -0.7828  27.963689  27.962004    34.3581    34.3568    285.381    277.126    -0.1061     4.6569     0.0879     0.0879     0.0275     0.0208      72322    50.2229     100.00     2.1757     1.8999          9  0.000e+00
    150.605   78.14210 -172.18920    152.262    -0.7819    -0.7823  27.963385  27.962519    34.3576    34.3569    285.382    277.122    -0.1366     4.6557     0.0879     0.0879     0.0285     0.0195      72323    50.2236     100.00     2.1757     1.8999          9  0.000e+00
    150.539   78.14210 -172.18920    152.196    -0.7829    -0.7817  27.962289  27.962805    34.3573    34.3567    285.388    277.115    -0.1366     4.6557     0.0879     0.0879     0.0285     0.0195      72324    50.2243     100.00     2.1757     1.8999          9  0.000e+00
    150.597   78.14210 -172.18920    152.254    -0.7832    -0.7813  27.962168  27.962748    34.3575    34.3560    285.393    277.115    -0.1366     4.6569     0.0879     0.0879     0.0275     0.0195      72325    50.2250     100.00     2.1757     1.8999          9  0.000e+00
    150.597   78.14210 -172.18920    152.254    -0.7840    -0.7807  27.961863  27.963091    34.3579    34.3558    285.398    276.865    -0.1366     4.6569     0.0904     0.0904     0.0275     0.0195      72326    50.2257     100.00     2.1757     1.8987          9  0.000e+00
    150.548   78.14210 -172.18920    152.204    -0.7841    -0.7803  27.961437  27.963663    34.3576    34.3562    285.606    276.860    -0.1366     4.6557     0.0904     0.0904     0.0285     0.0195      72327    50.2264     100.00     2.1769     1.8987          9  0.000e+00
    150.597   78.14210 -172.18920    152.254    -0.7841    -0.7800  27.961376  27.964121    34.3575    34.3565    285.608    276.859    -0.1061     4.6557     0.0904     0.0904     0.0285     0.0208      72328    50.2271     100.00     2.1769     1.8987          9  0.000e+00
    150.539   78.14210 -172.18920    152.196    -0.7844    -0.7799  27.960768  27.964064    34.3570    34.3563    285.609    276.856    -0.1366     4.6557     0.0904     0.0904     0.0285     0.0195      72329    50.2278     100.00     2.1769     1.8987          9  0.000e+00
    150.605   78.14210 -172.18920    152.262    -0.7843    -0.7796  27.961011  27.964179    34.3571    34.3561    285.610    276.611    -0.1366     4.6557     0.0904     0.0904     0.0285     0.0195      72330    50.2285     100.00     2.1769     1.8975          9  0.000e+00
    150.597   78.14210 -172.18920    152.254    -0.7841    -0.7799  27.961133  27.964064    34.3571    34.3563    285.401    276.368    -0.1366     4.6557     0.0904     0.0904     0.0285     0.0195      72331    50.2292     100.00     2.1757     1.8962          9  0.000e+00
    150.539   78.14210 -172.18920    152.196    -0.7849    -0.7797  27.960585  27.963778    34.3573    34.3557    285.613    276.120    -0.1366     4.6557     0.0904     0.0904     0.0285     0.0195      72332    50.2299     100.00     2.1769     1.8950          9  0.000e+00
    150.548   78.14210 -172.18920    152.204    -0.7857    -0.7797  27.959916  27.963778    34.3573    34.3557    285.412    276.120    -0.1366     4.6557     0.0904     0.0904     0.0285     0.0195      72333    50.2306     100.00     2.1757     1.8950          9  0.000e+00
    150.597   78.14210 -172.18920    152.254    -0.7861    -0.7797  27.960038  27.963721    34.3579    34.3556    285.416    275.877    -0.1366     4.6557     0.0904     0.0904     0.0285     0.0195      72334    50.2313     100.00     2.1757     1.8938          9  0.000e+00
    150.539   78.14210 -172.18920    152.196    -0.7857    -0.7800  27.959855  27.963320    34.3572    34.3554    285.412    275.632    -0.1366     4.6557     0.0904     0.0904     0.0285     0.0195      72335    50.2319     100.00     2.1757     1.8926          9  0.000e+00
    150.605   78.14210 -172.18920    152.262    -0.7854    -0.7803  27.959794  27.962862    34.3567    34.3551    285.620    275.393    -0.1366     4.6557     0.0904     0.0904     0.0285     0.0195      72336    50.2326     100.00     2.1769     1.8913          9  0.000e+00
    150.597   78.14210 -172.18920    152.254    -0.7854    -0.7810  27.960220  27.962862    34.3573    34.3559    285.411    275.396    -0.1366     4.6557     0.0904     0.0904     0.0285     0.0195      72337    50.2333     100.00     2.1757     1.8913          9  0.000e+00
    150.539   78.14210 -172.18920    152.196    -0.7848    -0.7822  27.960524  27.961374    34.3570    34.3552    285.404    275.650    -0.1366     4.6557     0.0904     0.0904     0.0285     0.0195      72338    50.2340     100.00     2.1757     1.8926          9  0.000e+00
    150.605   78.14210 -172.18920    152.262    -0.7846    -0.7837  27.960829  27.959599    34.3572    34.3545    285.405    275.422    -0.1366     4.6557     0.0904     0.0904     0.0285     0.0195      72339    50.2347     100.00     2.1757     1.8913          9  0.000e+00
    150.539   78.14210 -172.18920    152.196    -0.7849    -0.7850  27.960342  27.958283    34.3570    34.3542    285.406    275.430    -0.1061     4.6557     0.0904     0.0904     0.0285     0.0208      72340    50.2354     100.00     2.1757     1.8913          9  0.000e+00
    150.597   78.14210 -172.18920    152.254    -0.7846    -0.7867  27.960464  27.956451    34.3567    34.3537    285.406    275.448    -0.1366     4.6557     0.0904     0.0904     0.0285     0.0195      72341    50.2361     100.00     2.1757     1.8913          9  0.000e+00
    150.539   78.14210 -172.18920    152.196    -0.7844    -0.7874  27.960829  27.955879    34.3571    34.3537    285.401    275.697    -0.1366     4.6557     0.0904     0.0904     0.0285     0.0195      72342    50.2368     100.00     2.1757     1.8926          9  0.000e+00
    150.548   78.14210 -172.18920    152.204    -0.7841    -0.7880  27.961255  27.955364    34.3573    34.3537    285.399    276.192    -0.1366     4.6557     0.0904     0.0904     0.0285     0.0195      72343    50.2375     100.00     2.1757     1.8950          9  0.000e+00
    150.597   78.14210 -172.18920    152.254    -0.7843    -0.7881  27.961011  27.955021    34.3571    34.3533    285.402    276.196    -0.1061     4.6557     0.0904     0.0904     0.0285     0.0208      72344    50.2382     100.00     2.1757     1.8950          9  0.000e+00
    150.597   78.14210 -172.18920    152.254    -0.7844    -0.7880  27.960890  27.955994    34.3571    34.3545    285.403    276.438    -0.1366     4.6557     0.0904     0.0904     0.0285     0.0195      72345    50.2389     100.00     2.1757     1.8962          9  0.000e+00
    150.548   78.14210 -172.18920    152.204    -0.7843    -0.7869  27.961072  27.957253    34.3573    34.3551    285.607    276.181    -0.1366     4.6557     0.0904     0.0904     0.0285     0.0195      72346    50.2396     100.00     2.1769     1.8950          9  0.000e+00
    150.539   78.14210 -172.18920    152.196    -0.7843    -0.7857  27.961133  27.958283    34.3573    34.3551    285.399    275.925    -0.1366     4.6557     0.0904     0.0904     0.0285     0.0195      72347    50.2403     100.00     2.1757     1.8938          9  0.000e+00
    150.597   78.14210 -172.18920    152.254    -0.7844    -0.7848  27.960585  27.959199    34.3567    34.3552    285.404    275.919    -0.1366     4.6545     0.0904     0.0904     0.0296     0.0195      72348    50.2410     100.00     2.1757     1.8938          9  0.000e+00
    129.626   78.14238 -172.18792    131.045    -1.0212    -1.0215  27.652979  27.650852    34.2211    34.2186    281.253    272.170    -0.1366     4.6496     0.0928     0.0928     0.0338     0.0195      75046    52.1146     100.00     2.1424     1.8679         10  0.000e+00
    129.626   78.14238 -172.18792    131.045    -1.0212    -1.0214  27.653221  27.650795    34.2214    34.2183    281.252    271.922    -0.1061     4.6496     0.0928     0.0928     0.0338     0.0208      75047    52.1153     100.00     2.1424     1.8666         10  0.000e+00
    129.626   78.14238 -172.18792    131.045    -1.0214    -1.0215  27.652979  27.651023    34.2214    34.2188    281.255    271.676    -0.1366     4.6496     0.0928     0.0928     0.0338     0.0195      75048    52.1160     100.00     2.1424     1.8654         10  0.000e+00
    129.626   78.14238 -172.18792    131.045    -1.0216    -1.0217  27.653039  27.650624    34.2216    34.2184    281.047    271.678    -0.1366     4.6496     0.0928     0.0928     0.0338     0.0195      75049    52.1167     100.00     2.1412     1.8654         10  0.000e+00
    129.626   78.14238 -172.18792    131.045    -1.0214    -1.0217  27.653282  27.650909    34.2218    34.2188    281.254    271.924    -0.1366     4.6496     0.0928     0.0928     0.0338     0.0195      75050    52.1174     100.00     2.1424     1.8666         10  0.000e+00
    129.683   78.14238 -172.18792    131.103    -1.0214    -1.0217  27.653221  27.650625    34.2217    34.2184    281.048    272.173    -0.1366     4.6496     0.0928     0.0928     0.0338     0.0195      75051    52.1181     100.00     2.1412     1.8679         10  0.000e+00
    129.659   78.14238 -172.18792    131.079    -1.0213    -1.0217  27.652918  27.650738    34.2211    34.2185    281.255    272.172    -0.1366     4.6496     0.0928     0.0928     0.0338     0.0195      75052    52.1187     100.00     2.1424     1.8679         10  0.000e+00
    129.560   78.14238 -172.18792    130.979    -1.0214    -1.0214  27.653039  27.650795    34.2215    34.2183    281.043    272.166    -0.1366     4.6496     0.0928     0.0928     0.0338     0.0195      75053    52.1194     100.00     2.1412     1.8679         10  0.000e+00
    129.626   78.14238 -172.18792    131.045    -1.0214    -1.0217  27.653282  27.650795    34.2218    34.2186    281.045    271.924    -0.1366     4.6496     0.0928     0.0928     0.0338     0.0195      75054    52.1201     100.00     2.1412     1.8666         10  0.000e+00
    129.683   78.14238 -172.18792    131.103    -1.0214    -1.0214  27.653221  27.651024    34.2217    34.2186    281.048    271.677    -0.1366     4.6496     0.0928     0.0928     0.0338     0.0195      75055    52.1208     100.00     2.1412     1.8654         10  0.000e+00
    129.626   78.14238 -172.18792    131.045    -1.0213    -1.0214  27.653342  27.651080    34.2217    34.2187    281.044    271.675    -0.1366     4.6496     0.0928     0.0928     0.0338     0.0195      75056    52.1215     100.00     2.1412     1.8654         10  0.000e+00
    129.626   78.14238 -172.18792    131.045    -1.0213    -1.0215  27.653403  27.650909    34.2218    34.2187    281.252    271.676    -0.1366     4.6496     0.0928     0.0928     0.0338     0.0195      75057    52.1222     100.00     2.1424     1.8654         10  0.000e+00
    129.626   78.14238 -172.18792    131.045    -1.0214    -1.0215  27.652979  27.651023    34.2214    34.2188    281.254    271.676    -0.1366     4.6496     0.0928     0.0928     0.0338     0.0195      75058    52.1229     100.00     2.1424     1.8654         10  0.000e+00
    129.626   78.14238 -172.18792    131.045    -1.0213    -1.0214  27.653221  27.651080    34.2216    34.2187    281.253    271.428    -0.1366     4.6496     0.0940     0.0940     0.0338     0.0195      75059    52.1236     100.00     2.1424     1.8642         10  0.000e+00
    129.626   78.14238 -172.18792    131.045    -1.0213    -1.0214  27.652979  27.651080    34.2212    34.2187    281.254    271.675    -0.1366     4.6496     0.0952     0.0952     0.0338     0.0195      75060    52.1243     100.00     2.1424     1.8654         10  0.000e+00
    129.683   78.14238 -172.18792    131.104    -1.0214    -1.0214  27.653039  27.651252    34.2214    34.2189    281.256    271.676    -0.1061     4.6496     0.0965     0.0965     0.0338     0.0208      75061    52.1250     100.00     2.1424     1.8654         10  0.000e+00
    129.659   78.14238 -172.18792    131.079    -1.0214    -1.0212  27.652918  27.651309    34.2213    34.2188    281.256    271.674    -0.1366     4.6496     0.0965     0.0965     0.0338     0.0195      75062    52.1257     100.00     2.1424     1.8654         10  0.000e+00
    129.560   78.14238 -172.18792    130.979    -1.0214    -1.0214  27.653039  27.651308    34.2215    34.2190    281.252    271.918    -0.1366     4.6496     0.0965     0.0965     0.0338     0.0195      75063    52.1264     100.00     2.1424     1.8666         10  0.000e+00
    129.683   78.14238 -172.18792    131.104    -1.0213    -1.0211  27.653100  27.651138    34.2214    34.2184    281.255    271.921    -0.1366     4.6496     0.0965     0.0965     0.0338     0.0195      75064    52.1271     100.00     2.1424     1.8666         10  0.000e+00
    129.626   78.14240 -172.18792    131.045    -1.0211    -1.0211  27.653100  27.651251    34.2212    34.2186    281.044    271.919    -0.1366     4.6496     0.0965     0.0965     0.0338     0.0195      75065    52.1278     100.00     2.1412     1.8666         10  0.000e+00
    129.626   78.14240 -172.18792    131.045    -1.0213    -1.0211  27.653100  27.651308    34.2214    34.2187    281.045    272.165    -0.1366     4.6496     0.0965     0.0965     0.0338     0.0195      75066    52.1285     100.00     2.1412     1.8678         10  0.000e+00
    129.626   78.14240 -172.18792    131.045    -1.0212    -1.0212  27.653100  27.651308    34.2212    34.2188    281.044    272.166    -0.1366     4.6496     0.0965     0.0965     0.0338     0.0195      75067    52.1292     100.00     2.1412     1.8678         10  0.000e+00
