Continuous CTD Data/SBE Stage/nabos_01_02.ros
* Sea-Bird SBE 9 Data File:
* FileName = D:\CTD\data\HLY2502\raw\NABOS_01_02.hex
* Software Version Seasave V 7.26.7.110
* Temperature SN = 6954
* Conductivity SN = 2561
* Number of Bytes Per Scan = 37
* Number of Voltage Words = 4
* Number of Scans Averaged by the Deck Unit = 1
* NMEA Latitude = 73 46.22 N
* NMEA Longitude = 167 42.20 E
* NMEA UTC (Time) = Sep 13 2025  16:38:43
* NMEA baud rate = 9600
** Ship: USCG HEALY
** Bot. Depth:  43
** Cast Number:  02
** Station Name:  NABOS
** Station Number:  01
** Operator:  STARC
# nquan = 25
# nvalues = 539                                   
# units = specified
# name 0 = depSM: Depth [salt water, m]
# name 1 = latitude: Latitude [deg]
# name 2 = longitude: Longitude [deg]
# name 3 = prDM: Pressure, Digiquartz [db]
# name 4 = t090C: Temperature [ITS-90, deg C]
# name 5 = t190C: Temperature, 2 [ITS-90, deg C]
# name 6 = c0mS/cm: Conductivity [mS/cm]
# name 7 = c1mS/cm: Conductivity, 2 [mS/cm]
# name 8 = sal00: Salinity, Practical [PSU]
# name 9 = sal11: Salinity, Practical, 2 [PSU]
# name 10 = sbox0Mm/Kg: Oxygen, SBE 43 [umol/kg]
# name 11 = sbox1Mm/Kg: Oxygen, SBE 43, 2 [umol/kg]
# name 12 = flECO-AFL: Fluorescence, WET Labs ECO-AFL/FL [mg/m^3]
# name 13 = v2: Voltage 2
# name 14 = wetCDOM: Fluorescence, WET Labs CDOM [mg/m^3]
# name 15 = v6: Voltage 6
# name 16 = CStarAt0: Beam Attenuation, WET Labs C-Star [1/m]
# name 17 = v3: Voltage 3
# name 18 = scan: Scan Count
# name 19 = timeM: Time, Elapsed [minutes]
# name 20 = altM: Altimeter [m]
# name 21 = sbeox0V: Oxygen raw, SBE 43 [V]
# name 22 = sbeox1V: Oxygen raw, SBE 43, 2 [V]
# name 23 = nbf: Bottles Fired
# name 24 = flag:  0.000e+00
# interval = seconds: 0.0416667
# start_time = Sep 13 2025 16:38:43 [NMEA time, header]
# bad_flag = -9.990e-29
*END*
[from data line 174]
     30.254   73.77062  167.70510     30.572    -1.4251    -1.4237  23.621550  23.621125    29.2255    29.2236    286.910    278.999     0.3518     4.5214     0.1197     0.1197     0.1457     0.0391       8151     5.6597       0.05     2.1123     1.8498          4  0.000e+00
     30.311   73.77062  167.70510     30.630    -1.4250    -1.4237  23.621550  23.621287    29.2253    29.2238    287.127    279.257     0.3518     4.5214     0.1197     0.1197     0.1457     0.0391       8152     5.6604       0.05     2.1135     1.8510          4  0.000e+00
     30.311   73.77062  167.70510     30.630    -1.4250    -1.4237  23.621779  23.621287    29.2257    29.2238    286.910    279.001     0.2908     4.5214     0.1197     0.1197     0.1457     0.0366       8153     5.6611       0.05     2.1123     1.8498          4  0.000e+00
     30.254   73.77062  167.70510     30.572    -1.4248    -1.4239  23.621607  23.621287    29.2253    29.2239    287.124    278.743     0.3213     4.5201     0.1197     0.1197     0.1468     0.0379       8154     5.6618       0.02     2.1135     1.8486          4  0.000e+00
     30.311   73.77062  167.70510     30.630    -1.4251    -1.4236  23.621607  23.621449    29.2256    29.2238    286.912    278.487     0.2908     4.5214     0.1197     0.1197     0.1457     0.0366       8155     5.6625       0.05     2.1123     1.8473          4  0.000e+00
     30.254   73.77062  167.70510     30.572    -1.4251    -1.4239  23.621779  23.621341    29.2259    29.2241    287.125    278.744     0.3213     4.5214     0.1197     0.1197     0.1457     0.0379       8156     5.6632       0.05     2.1135     1.8486          4  0.000e+00
     30.311   73.77062  167.70510     30.630    -1.4250    -1.4237  23.621493  23.621449    29.2253    29.2240    286.911    279.256     0.3518     4.5214     0.1197     0.1197     0.1457     0.0391       8157     5.6639       0.05     2.1123     1.8510          4  0.000e+00
     30.311   73.77062  167.70510     30.630    -1.4251    -1.4237  23.621493  23.621503    29.2254    29.2241    287.129    279.512     0.3213     4.5214     0.1197     0.1197     0.1457     0.0379       8158     5.6646       0.05     2.1135     1.8522          4  0.000e+00
     30.254   73.77062  167.70510     30.572    -1.4251    -1.4240  23.621722  23.621341    29.2258    29.2242    287.126    280.024     0.3213     4.5214     0.1197     0.1197     0.1457     0.0379       8159     5.6653       0.05     2.1135     1.8547          4  0.000e+00
     30.311   73.77062  167.70510     30.630    -1.4253    -1.4239  23.621837  23.621287    29.2261    29.2239    286.912    280.538     0.2908     4.5214     0.1197     0.1197     0.1457     0.0366       8160     5.6660       0.02     2.1123     1.8571          4  0.000e+00
     30.311   73.77062  167.70510     30.630    -1.4251    -1.4239  23.621837  23.620910    29.2259    29.2234    287.128    280.539     0.3213     4.5214     0.1197     0.1197     0.1457     0.0379       8161     5.6667       0.02     2.1135     1.8571          4  0.000e+00
     30.311   73.77062  167.70510     30.630    -1.4253    -1.4240  23.621837  23.620964    29.2261    29.2236    286.912    281.307     0.3213     4.5214     0.1197     0.1197     0.1457     0.0379       8162     5.6674       0.05     2.1123     1.8608          4  0.000e+00
     30.270   73.77062  167.70510     30.588    -1.4251    -1.4237  23.621607  23.621179    29.2256    29.2236    287.127    282.839     0.3213     4.5214     0.1197     0.1197     0.1457     0.0379       8163     5.6681       0.05     2.1135     1.8681          4  0.000e+00
     30.311   73.77062  167.70510     30.630    -1.4251    -1.4237  23.621779  23.621287    29.2258    29.2238    286.911    284.376     0.3213     4.5201     0.1197     0.1197     0.1468     0.0379       8164     5.6688       0.05     2.1123     1.8754          4  0.000e+00
     30.311   73.77062  167.70510     30.630    -1.4251    -1.4237  23.621837  23.621071    29.2259    29.2235    287.128    285.145     0.3213     4.5226     0.1197     0.1197     0.1446     0.0379       8165     5.6694       0.05     2.1135     1.8791          4  0.000e+00
     30.311   73.77062  167.70510     30.630    -1.4251    -1.4239  23.621321  23.621341    29.2252    29.2240    287.129    285.401     0.3213     4.5250     0.1197     0.1197     0.1424     0.0379       8166     5.6701       0.02     2.1135     1.8803          4  0.000e+00
     30.311   73.77062  167.70510     30.630    -1.4253    -1.4237  23.621837  23.621125    29.2261    29.2236    286.912    285.145     0.3213     4.5263     0.1197     0.1197     0.1414     0.0379       8167     5.6708       0.05     2.1123     1.8791          4  0.000e+00
     30.311   73.77062  167.70510     30.630    -1.4251    -1.4239  23.621894  23.620856    29.2260    29.2233    286.911    284.634     0.3213     4.5263     0.1197     0.1197     0.1414     0.0379       8168     5.6715       0.05     2.1123     1.8767          4  0.000e+00
     30.254   73.77062  167.70510     30.572    -1.4248    -1.4237  23.621493  23.620964    29.2251    29.2234    286.908    284.119     0.3213     4.5263     0.1197     0.1197     0.1414     0.0379       8169     5.6722       0.05     2.1123     1.8742          4  0.000e+00
     30.311   73.77062  167.70510     30.630    -1.4250    -1.4239  23.621493  23.621179    29.2253    29.2238    286.911    283.866     0.3213     4.5263     0.1197     0.1197     0.1414     0.0379       8170     5.6729       0.07     2.1123     1.8730          4  0.000e+00
     30.311   73.77062  167.70510     30.630    -1.4250    -1.4237  23.621779  23.620910    29.2257    29.2233    286.910    283.610     0.3213     4.5263     0.1197     0.1197     0.1414     0.0379       8171     5.6736       0.02     2.1123     1.8718          4  0.000e+00
     30.311   73.77062  167.70510     30.630    -1.4248    -1.4239  23.621837  23.621018    29.2256    29.2235    286.909    283.610     0.2602     4.5250     0.1197     0.1197     0.1424     0.0354       8172     5.6743       0.02     2.1123     1.8718          4  0.000e+00
     19.971   73.77066  167.70542     20.180    -1.3411    -1.3307  23.410591  23.407642    28.8640    28.8499    332.189    323.382     0.2908     4.6142     0.1160     0.1160     0.0644     0.0366      10504     7.2938       5.37     2.3700     2.0635          5  0.000e+00
     19.971   73.77066  167.70542     20.180    -1.3411    -1.3334  23.410705  23.407965    28.8642    28.8530    332.188    323.401     0.2908     4.6142     0.1160     0.1160     0.0644     0.0366      10505     7.2944       5.42     2.3700     2.0635          5  0.000e+00
     19.971   73.77066  167.70542     20.180    -1.3413    -1.3356  23.411048  23.407965    28.8648    28.8551    332.188    323.161     0.2908     4.6142     0.1160     0.1160     0.0644     0.0366      10506     7.2951       5.45     2.3700     2.0623          5  0.000e+00
     19.987   73.77066  167.70542     20.197    -1.3414    -1.3368  23.411333  23.408556    28.8653    28.8571    332.189    322.913     0.2908     4.6142     0.1160     0.1160     0.0644     0.0366      10507     7.2958       5.47     2.3700     2.0611          5  0.000e+00
     19.971   73.77066  167.70542     20.180    -1.3409    -1.3382  23.411562  23.409147    28.8651    28.8592    332.184    322.921     0.2908     4.6142     0.1160     0.1160     0.0644     0.0366      10508     7.2965       5.32     2.3700     2.0611          5  0.000e+00
     19.971   73.77066  167.70542     20.180    -1.3415    -1.3397  23.411619  23.409469    28.8658    28.8611    332.189    323.187     0.2908     4.6154     0.1160     0.1160     0.0633     0.0366      10509     7.2972       5.25     2.3700     2.0623          5  0.000e+00
     19.987   73.77066  167.70542     20.197    -1.3419    -1.3397  23.412076  23.409523    28.8668    28.8612    331.974    323.187     0.2908     4.6166     0.1160     0.1160     0.0622     0.0366      10510     7.2979       5.30     2.3688     2.0623          5  0.000e+00
     20.028   73.77066  167.70542     20.238    -1.3422    -1.3400  23.412076  23.408610    28.8670    28.8602    332.194    323.450     0.2908     4.6178     0.1160     0.1160     0.0612     0.0366      10511     7.2986       5.40     2.3700     2.0635          5  0.000e+00
     19.905   73.77066  167.70542     20.114    -1.3422    -1.3395  23.412247  23.408019    28.8673    28.8591    332.188    323.188     0.2908     4.6178     0.1148     0.1148     0.0612     0.0366      10512     7.2993       5.40     2.3700     2.0623          5  0.000e+00
     20.028   73.77066  167.70542     20.238    -1.3429    -1.3388  23.412476  23.407912    28.8683    28.8582    331.983    323.188     0.2602     4.6178     0.1160     0.1160     0.0612     0.0354      10513     7.3000       5.25     2.3688     2.0623          5  0.000e+00
     19.987   73.77066  167.70542     20.197    -1.3428    -1.3389  23.412590  23.408073    28.8683    28.8585    332.195    323.186     0.2908     4.6166     0.1160     0.1160     0.0622     0.0366      10514     7.3007       5.20     2.3700     2.0623          5  0.000e+00
     20.028   73.77066  167.70542     20.238    -1.3428    -1.3386  23.412932  23.407965    28.8688    28.8580    331.980    323.186     0.2908     4.6178     0.1160     0.1160     0.0612     0.0366      10515     7.3014       5.23     2.3688     2.0623          5  0.000e+00
     20.028   73.77066  167.70542     20.238    -1.3422    -1.3366  23.412704  23.408073    28.8678    28.8562    332.192    323.427     0.2908     4.6178     0.1160     0.1160     0.0612     0.0366      10516     7.3021       5.27     2.3700     2.0635          5  0.000e+00
     19.971   73.77066  167.70542     20.180    -1.3422    -1.3343  23.412932  23.407589    28.8682    28.8534    331.973    323.409     0.2908     4.6166     0.1160     0.1160     0.0622     0.0366      10517     7.3028       5.40     2.3688     2.0635          5  0.000e+00
     20.045   73.77066  167.70542     20.255    -1.3426    -1.3325  23.412704  23.407213    28.8683    28.8511    332.196    323.400     0.2602     4.6178     0.1160     0.1160     0.0612     0.0354      10518     7.3035       5.47     2.3700     2.0635          5  0.000e+00
     20.028   73.77066  167.70542     20.238    -1.3432    -1.3320  23.412590  23.406837    28.8687    28.8501    332.201    323.142     0.2908     4.6178     0.1160     0.1160     0.0612     0.0366      10519     7.3042       5.54     2.3700     2.0623          5  0.000e+00
     20.028   73.77066  167.70542     20.238    -1.3436    -1.3322  23.412590  23.406354    28.8690    28.8497    332.419    323.400     0.2908     4.6178     0.1160     0.1160     0.0612     0.0366      10520     7.3049       5.49     2.3712     2.0635          5  0.000e+00
     20.045   73.77066  167.70542     20.255    -1.3432    -1.3322  23.412361  23.406246    28.8684    28.8495    332.202    323.657     0.2908     4.6178     0.1160     0.1160     0.0612     0.0366      10521     7.3056       5.49     2.3700     2.0647          5  0.000e+00
     19.971   73.77066  167.70542     20.180    -1.3434    -1.3320  23.412647  23.406085    28.8690    28.8492    332.199    323.653     0.2602     4.6178     0.1160     0.1160     0.0612     0.0354      10522     7.3063       5.49     2.3700     2.0647          5  0.000e+00
     20.094   73.77066  167.70542     20.305    -1.3431    -1.3316  23.412647  23.406193    28.8687    28.8488    332.419    323.655     0.2908     4.6178     0.1160     0.1160     0.0612     0.0366      10523     7.3069       5.47     2.3712     2.0647          5  0.000e+00
     20.028   73.77066  167.70542     20.238    -1.3431    -1.3334  23.412761  23.406569    28.8688    28.8511    332.199    323.408     0.2908     4.6178     0.1160     0.1160     0.0612     0.0366      10524     7.3076       5.45     2.3700     2.0635          5  0.000e+00
     20.045   73.77066  167.70542     20.255    -1.3423    -1.3356  23.412989  23.407213    28.8684    28.8541    332.409    323.423     0.2908     4.6178     0.1160     0.1160     0.0612     0.0366      10525     7.3083       5.47     2.3712     2.0635          5  0.000e+00
     20.094   73.77066  167.70542     20.305    -1.3423    -1.3368  23.412875  23.407912    28.8682    28.8561    332.196    323.687     0.2908     4.6178     0.1160     0.1160     0.0612     0.0366      10526     7.3090       5.42     2.3700     2.0647          5  0.000e+00
     20.028   73.77066  167.70542     20.238    -1.3425    -1.3371  23.413332  23.408288    28.8690    28.8570    332.192    323.941     0.2908     4.6178     0.1160     0.1160     0.0612     0.0366      10527     7.3097       5.30     2.3700     2.0660          5  0.000e+00
     20.094   73.77066  167.70542     20.305    -1.3432    -1.3377  23.414018  23.409201    28.8706    28.8588    332.199    323.945     0.2602     4.6178     0.1160     0.1160     0.0612     0.0354      10528     7.3104       5.27     2.3700     2.0660          5  0.000e+00
     20.045   73.77066  167.70542     20.255    -1.3436    -1.3397  23.414189  23.410168    28.8712    28.8620    332.198    323.699     0.2908     4.6166     0.1160     0.1160     0.0622     0.0366      10529     7.3111       5.23     2.3700     2.0647          5  0.000e+00
     20.094   73.77066  167.70542     20.305    -1.3437    -1.3403  23.414360  23.411135    28.8716    28.8639    332.417    323.702     0.2908     4.6142     0.1172     0.1172     0.0644     0.0366      10530     7.3118       5.20     2.3712     2.0647          5  0.000e+00
     20.094   73.77066  167.70542     20.305    -1.3437    -1.3402  23.414246  23.411887    28.8714    28.8648    332.202    324.210     0.2602     4.6142     0.1172     0.1172     0.0644     0.0354      10531     7.3125       5.23     2.3700     2.0672          5  0.000e+00
     20.045   73.77066  167.70542     20.255    -1.3434    -1.3410  23.414531  23.412746    28.8715    28.8668    332.412    324.723     0.2908     4.6142     0.1172     0.1172     0.0644     0.0366      10532     7.3132       5.25     2.3712     2.0696          5  0.000e+00
     20.094   73.77066  167.70542     20.305    -1.3434    -1.3422  23.414646  23.414250    28.8716    28.8700    332.198    324.985     0.2602     4.6142     0.1172     0.1172     0.0644     0.0354      10533     7.3139       5.25     2.3700     2.0708          5  0.000e+00
     20.094   73.77066  167.70542     20.305    -1.3434    -1.3424  23.414817  23.416076    28.8719    28.8726    332.413    324.980     0.2908     4.6142     0.1172     0.1172     0.0644     0.0366      10534     7.3146       5.25     2.3712     2.0708          5  0.000e+00
     20.094   73.77066  167.70542     20.305    -1.3438    -1.3419  23.414874  23.417204    28.8724    28.8737    332.416    324.972     0.2908     4.6142     0.1172     0.1172     0.0644     0.0366      10535     7.3153       5.25     2.3712     2.0708          5  0.000e+00
     20.168   73.77066  167.70542     20.379    -1.3442    -1.3422  23.414874  23.417795    28.8726    28.8747    332.422    324.720     0.2908     4.6142     0.1172     0.1172     0.0644     0.0366      10536     7.3160       5.23     2.3712     2.0696          5  0.000e+00
     20.028   73.77066  167.70542     20.238    -1.3450    -1.3424  23.415045  23.418816    28.8737    28.8764    332.421    324.456     0.2908     4.6142     0.1172     0.1172     0.0644     0.0366      10537     7.3167       5.23     2.3712     2.0684          5  0.000e+00
     20.151   73.77066  167.70542     20.363    -1.3451    -1.3425  23.415331  23.420320    28.8741    28.8784    332.427    324.457     0.2908     4.6142     0.1172     0.1172     0.0644     0.0366      10538     7.3174       5.25     2.3712     2.0684          5  0.000e+00
