Continuous CTD Data/SBE Stage/nabos_39_01.ros
* Sea-Bird SBE 9 Data File:
* FileName = D:\CTD\data\HLY2502\raw\NABOS_39_01.hex
* Software Version Seasave V 7.26.7.110
* Temperature SN = 6954
* Conductivity SN = 2561
* Number of Bytes Per Scan = 37
* Number of Voltage Words = 4
* Number of Scans Averaged by the Deck Unit = 1
* NMEA Latitude = 78 29.93 N
* NMEA Longitude = 125 56.66 E
* NMEA UTC (Time) = Sep 25 2025  07:31:40
* NMEA baud rate = 9600
** Ship: USCG HEALY
** Bot. Depth:  2678
** Cast Number:  01
** Station Name:  NABOS
** Station Number:  39
** Operator:  STARC
** 2703 target but 5 otb
# nquan = 25
# nvalues = 1176                                  
# units = specified
# name 0 = depSM: Depth [salt water, m]
# name 1 = latitude: Latitude [deg]
# name 2 = longitude: Longitude [deg]
# name 3 = prDM: Pressure, Digiquartz [db]
# name 4 = t090C: Temperature [ITS-90, deg C]
# name 5 = t190C: Temperature, 2 [ITS-90, deg C]
# name 6 = c0mS/cm: Conductivity [mS/cm]
# name 7 = c1mS/cm: Conductivity, 2 [mS/cm]
# name 8 = sal00: Salinity, Practical [PSU]
# name 9 = sal11: Salinity, Practical, 2 [PSU]
# name 10 = sbox0Mm/Kg: Oxygen, SBE 43 [umol/kg]
# name 11 = sbox1Mm/Kg: Oxygen, SBE 43, 2 [umol/kg]
# name 12 = flECO-AFL: Fluorescence, WET Labs ECO-AFL/FL [mg/m^3]
# name 13 = v2: Voltage 2
# name 14 = wetCDOM: Fluorescence, WET Labs CDOM [mg/m^3]
# name 15 = v6: Voltage 6
# name 16 = CStarAt0: Beam Attenuation, WET Labs C-Star [1/m]
# name 17 = v3: Voltage 3
# name 18 = scan: Scan Count
# name 19 = timeM: Time, Elapsed [minutes]
# name 20 = altM: Altimeter [m]
# name 21 = sbeox0V: Oxygen raw, SBE 43 [V]
# name 22 = sbeox1V: Oxygen raw, SBE 43, 2 [V]
# name 23 = nbf: Bottles Fired
# name 24 = flag:  0.000e+00
# interval = seconds: 0.0416667
# start_time = Sep 25 2025 07:31:40 [NMEA time, header]
# bad_flag = -9.990e-29
*END*
[from data line 406]
    251.036   78.50362  125.85132    253.864     2.0489     2.0492  30.841789  30.840337    34.8810    34.8789    294.197    287.936    -0.1671     4.6300     0.0806     0.0806     0.0506     0.0183     165876   115.1910     100.00     2.3575     2.0609          9  0.000e+00
    251.036   78.50362  125.85132    253.864     2.0489     2.0494  30.841915  30.840278    34.8812    34.8785    294.197    287.477    -0.1671     4.6300     0.0806     0.0806     0.0506     0.0183     165877   115.1917     100.00     2.3575     2.0585          9  0.000e+00
    251.094   78.50362  125.85132    253.922     2.0490     2.0493  30.841915  30.840516    34.8810    34.8789    294.005    287.480    -0.1671     4.6300     0.0806     0.0806     0.0506     0.0183     165878   115.1924     100.00     2.3562     2.0585          9  0.000e+00
    251.094   78.50362  125.85132    253.922     2.0489     2.0493  30.841915  30.840219    34.8811    34.8786    294.199    287.252    -0.1671     4.6300     0.0806     0.0806     0.0506     0.0183     165879   115.1931     100.00     2.3575     2.0573          9  0.000e+00
    251.036   78.50362  125.85132    253.864     2.0489     2.0489  30.841662  30.840219    34.8808    34.8790    294.004    287.024    -0.1671     4.6300     0.0806     0.0806     0.0506     0.0183     165880   115.1937     100.00     2.3562     2.0561          9  0.000e+00
    251.036   78.50362  125.85132    253.864     2.0487     2.0492  30.841789  30.839922    34.8812    34.8784    294.005    286.795    -0.1671     4.6300     0.0818     0.0818     0.0506     0.0183     165881   115.1944     100.00     2.3562     2.0548          9  0.000e+00
    251.094   78.50362  125.85132    253.922     2.0489     2.0489  30.841915  30.839922    34.8811    34.8786    294.199    286.570    -0.1671     4.6300     0.0818     0.0818     0.0506     0.0183     165882   115.1951     100.00     2.3575     2.0536          9  0.000e+00
    251.094   78.50362  125.85132    253.922     2.0489     2.0488  30.841662  30.840041    34.8808    34.8789    294.007    286.570    -0.1671     4.6288     0.0806     0.0806     0.0517     0.0183     165883   115.1958     100.00     2.3562     2.0536          9  0.000e+00
    251.094   78.50362  125.85132    253.922     2.0490     2.0493  30.841789  30.839803    34.8808    34.8781    294.198    286.568    -0.1671     4.6300     0.0806     0.0806     0.0506     0.0183     165884   115.1965     100.00     2.3575     2.0536          9  0.000e+00
    251.036   78.50362  125.85132    253.864     2.0489     2.0489  30.841915  30.839744    34.8812    34.8784    294.196    286.568    -0.1671     4.6300     0.0806     0.0806     0.0506     0.0183     165885   115.1972     100.00     2.3575     2.0536          9  0.000e+00
    251.094   78.50362  125.85132    253.922     2.0490     2.0492  30.841915  30.839744    34.8810    34.8781    294.005    286.797    -0.1671     4.6300     0.0818     0.0818     0.0506     0.0183     165886   115.1979     100.00     2.3562     2.0548          9  0.000e+00
    251.094   78.50362  125.85132    253.922     2.0490     2.0489  30.841662  30.839566    34.8806    34.8781    294.198    286.799    -0.1671     4.6288     0.0818     0.0818     0.0517     0.0183     165887   115.1986     100.00     2.3575     2.0548          9  0.000e+00
    251.094   78.50362  125.85132    253.922     2.0490     2.0488  30.841599  30.839863    34.8806    34.8786    294.199    286.799    -0.1671     4.6288     0.0806     0.0806     0.0517     0.0183     165888   115.1993     100.00     2.3575     2.0548          9  0.000e+00
    251.094   78.50362  125.85132    253.922     2.0490     2.0488  30.841978  30.839625    34.8810    34.8783    294.197    286.799    -0.1671     4.6288     0.0806     0.0806     0.0517     0.0183     165889   115.2000     100.00     2.3575     2.0548          9  0.000e+00
    251.036   78.50362  125.85132    253.864     2.0489     2.0489  30.841725  30.839684    34.8809    34.8783    294.004    287.025    -0.1671     4.6288     0.0818     0.0818     0.0517     0.0183     165890   115.2007     100.00     2.3562     2.0561          9  0.000e+00
    251.159   78.50362  125.85132    253.989     2.0489     2.0488  30.841789  30.839566    34.8809    34.8782    294.201    287.487    -0.1671     4.6288     0.0806     0.0806     0.0517     0.0183     165891   115.2014     100.00     2.3575     2.0585          9  0.000e+00
    251.094   78.50362  125.85132    253.922     2.0489     2.0488  30.841915  30.839863    34.8811    34.8786    294.198    287.712    -0.1671     4.6288     0.0818     0.0818     0.0517     0.0183     165892   115.2021     100.00     2.3575     2.0597          9  0.000e+00
    251.094   78.50362  125.85132    253.922     2.0489     2.0488  30.841662  30.839803    34.8808    34.8786    294.199    287.484    -0.1671     4.6288     0.0818     0.0818     0.0517     0.0183     165893   115.2028     100.00     2.3575     2.0585          9  0.000e+00
    251.159   78.50362  125.85132    253.989     2.0489     2.0488  30.841599  30.839922    34.8807    34.8787    294.202    287.258    -0.1671     4.6288     0.0806     0.0806     0.0517     0.0183     165894   115.2035     100.00     2.3575     2.0573          9  0.000e+00
    251.094   78.50362  125.85132    253.922     2.0490     2.0487  30.841789  30.839803    34.8808    34.8787    294.198    287.028    -0.1366     4.6288     0.0818     0.0818     0.0517     0.0195     165895   115.2042     100.00     2.3575     2.0561          9  0.000e+00
    251.094   78.50362  125.85132    253.922     2.0490     2.0488  30.841915  30.839744    34.8810    34.8785    294.197    286.342    -0.1671     4.6288     0.0806     0.0806     0.0517     0.0183     165896   115.2049     100.00     2.3575     2.0524          9  0.000e+00
    251.159   78.50362  125.85130    253.989     2.0490     2.0487  30.841915  30.840160    34.8809    34.8792    294.200    286.573    -0.1671     4.6288     0.0818     0.0818     0.0517     0.0183     165897   115.2056     100.00     2.3575     2.0536          9  0.000e+00
    251.094   78.50362  125.85130    253.922     2.0490     2.0488  30.841915  30.839863    34.8810    34.8786    294.390    286.798    -0.1671     4.6288     0.0806     0.0806     0.0517     0.0183     165898   115.2062     100.00     2.3587     2.0548          9  0.000e+00
    251.159   78.50362  125.85130    253.989     2.0489     2.0487  30.842105  30.839982    34.8813    34.8789    294.200    286.801    -0.1671     4.6288     0.0806     0.0806     0.0517     0.0183     165899   115.2069     100.00     2.3575     2.0548          9  0.000e+00
    251.159   78.50362  125.85130    253.989     2.0492     2.0487  30.841978  30.840219    34.8808    34.8792    294.392    286.801    -0.1671     4.6288     0.0794     0.0794     0.0517     0.0183     165900   115.2076     100.00     2.3587     2.0548          9  0.000e+00
    251.160   78.50362  125.85130    253.989     2.0490     2.0488  30.842104  30.839922    34.8812    34.8787    294.199    287.029    -0.1671     4.6288     0.0794     0.0794     0.0517     0.0183     165901   115.2083     100.00     2.3575     2.0560          9  0.000e+00
    251.160   78.50362  125.85130    253.989     2.0487     2.0488  30.841726  30.839507    34.8810    34.8781    294.202    287.030    -0.1671     4.6288     0.0794     0.0794     0.0517     0.0183     165902   115.2090     100.00     2.3575     2.0560          9  0.000e+00
    251.160   78.50362  125.85130    253.989     2.0489     2.0487  30.841789  30.839685    34.8809    34.8786    294.201    287.030    -0.1671     4.6288     0.0806     0.0806     0.0517     0.0183     165903   115.2097     100.00     2.3575     2.0560          9  0.000e+00
    251.217   78.50362  125.85130    254.047     2.0487     2.0488  30.841915  30.839922    34.8812    34.8786    294.204    286.803    -0.1671     4.6288     0.0794     0.0794     0.0517     0.0183     165904   115.2104     100.00     2.3575     2.0548          9  0.000e+00
    251.160   78.50362  125.85130    253.989     2.0487     2.0487  30.841915  30.839804    34.8813    34.8787    294.201    286.573    -0.1671     4.6288     0.0806     0.0806     0.0517     0.0183     165905   115.2111     100.00     2.3575     2.0536          9  0.000e+00
    251.217   78.50362  125.85130    254.047     2.0490     2.0487  30.842105  30.839744    34.8811    34.8786    294.201    286.576    -0.1671     4.6288     0.0794     0.0794     0.0517     0.0183     165906   115.2118     100.00     2.3575     2.0536          9  0.000e+00
    251.160   78.50362  125.85130    253.989     2.0487     2.0487  30.841978  30.839744    34.8813    34.8786    294.201    286.801    -0.1671     4.6276     0.0794     0.0794     0.0527     0.0183     165907   115.2125     100.00     2.3575     2.0548          9  0.000e+00
    251.217   78.50362  125.85130    254.047     2.0489     2.0487  30.841915  30.839982    34.8811    34.8789    294.203    287.032    -0.1671     4.6288     0.0806     0.0806     0.0517     0.0183     165908   115.2132     100.00     2.3575     2.0560          9  0.000e+00
    251.217   78.50362  125.85130    254.047     2.0489     2.0485  30.841915  30.839804    34.8811    34.8788    294.203    287.261    -0.1671     4.6300     0.0806     0.0806     0.0506     0.0183     165909   115.2139     100.00     2.3575     2.0573          9  0.000e+00
    251.217   78.50362  125.85130    254.047     2.0489     2.0487  30.842105  30.839982    34.8813    34.8789    294.202    287.488    -0.1366     4.6288     0.0806     0.0806     0.0517     0.0195     165910   115.2146     100.00     2.3575     2.0585          9  0.000e+00
    200.428   78.50398  125.85012    202.660     1.8203     1.8203  30.557270  30.555299    34.8043    34.8018    292.947    286.015    -0.1366     4.6300     0.0818     0.0818     0.0506     0.0195     169591   117.7708     100.00     2.3491     2.0503         10  0.000e+00
    200.452   78.50398  125.85012    202.685     1.8206     1.8200  30.557270  30.555181    34.8040    34.8019    293.139    286.246    -0.1366     4.6300     0.0818     0.0818     0.0506     0.0195     169592   117.7715     100.00     2.3503     2.0515         10  0.000e+00
    200.452   78.50398  125.85012    202.685     1.8205     1.8200  30.557333  30.555181    34.8042    34.8019    292.947    286.246    -0.1366     4.6288     0.0806     0.0806     0.0517     0.0195     169593   117.7722     100.00     2.3491     2.0515         10  0.000e+00
    200.428   78.50398  125.85012    202.660     1.8204     1.8201  30.557270  30.555121    34.8042    34.8018    293.139    286.245    -0.1366     4.6300     0.0818     0.0818     0.0506     0.0195     169594   117.7729     100.00     2.3503     2.0515         10  0.000e+00
    200.452   78.50398  125.85012    202.685     1.8206     1.8200  30.557270  30.555121    34.8039    34.8019    292.946    286.475    -0.1061     4.6300     0.0806     0.0806     0.0506     0.0208     169595   117.7736     100.00     2.3491     2.0527         10  0.000e+00
    200.395   78.50398  125.85012    202.627     1.8206     1.8200  30.557333  30.555121    34.8041    34.8019    292.944    286.472    -0.1366     4.6300     0.0818     0.0818     0.0506     0.0195     169596   117.7743     100.00     2.3491     2.0527         10  0.000e+00
    200.452   78.50398  125.85012    202.685     1.8203     1.8201  30.557018  30.555181    34.8040    34.8018    292.948    286.245    -0.1366     4.6288     0.0818     0.0818     0.0517     0.0195     169597   117.7750     100.00     2.3491     2.0515         10  0.000e+00
    200.493   78.50398  125.85012    202.727     1.8202     1.8203  30.557207  30.555358    34.8042    34.8018    292.950    286.017    -0.1061     4.6288     0.0806     0.0806     0.0517     0.0208     169598   117.7757     100.00     2.3491     2.0503         10  0.000e+00
    200.395   78.50398  125.85012    202.627     1.8204     1.8204  30.557144  30.555180    34.8040    34.8016    292.945    285.557    -0.1366     4.6288     0.0818     0.0818     0.0517     0.0195     169599   117.7764     100.00     2.3491     2.0479         10  0.000e+00
    200.518   78.50398  125.85012    202.752     1.8203     1.8205  30.557396  30.555417    34.8044    34.8017    292.950    285.560    -0.1366     4.6288     0.0818     0.0818     0.0517     0.0195     169600   117.7771     100.00     2.3491     2.0479         10  0.000e+00
    200.493   78.50398  125.85012    202.727     1.8204     1.8203  30.557144  30.555654    34.8040    34.8022    292.949    285.788    -0.1366     4.6288     0.0806     0.0806     0.0517     0.0195     169601   117.7778     100.00     2.3491     2.0491         10  0.000e+00
    200.518   78.50398  125.85012    202.752     1.8203     1.8203  30.557396  30.555477    34.8044    34.8020    292.950    285.561    -0.1366     4.6300     0.0806     0.0806     0.0506     0.0195     169602   117.7785     100.00     2.3491     2.0479         10  0.000e+00
    200.452   78.50398  125.85012    202.685     1.8206     1.8200  30.557333  30.555062    34.8041    34.8018    292.753    285.561    -0.1061     4.6300     0.0806     0.0806     0.0506     0.0208     169603   117.7792     100.00     2.3479     2.0479         10  0.000e+00
    200.493   78.50398  125.85012    202.727     1.8205     1.8201  30.557333  30.555299    34.8042    34.8019    292.948    285.333    -0.1061     4.6288     0.0818     0.0818     0.0517     0.0208     169604   117.7799     100.00     2.3491     2.0466         10  0.000e+00
    200.518   78.50398  125.85012    202.752     1.8202     1.8203  30.557270  30.555181    34.8043    34.8016    292.757    285.105    -0.1366     4.6288     0.0806     0.0806     0.0517     0.0195     169605   117.7806     100.00     2.3479     2.0454         10  0.000e+00
    200.576   78.50398  125.85012    202.810     1.8202     1.8203  30.556893  30.555122    34.8038    34.8015    292.954    285.108    -0.1366     4.6288     0.0806     0.0806     0.0517     0.0195     169606   117.7813     100.00     2.3491     2.0454         10  0.000e+00
    200.452   78.50398  125.85012    202.685     1.8203     1.8204  30.556767  30.555417    34.8036    34.8019    292.756    285.102    -0.1366     4.6288     0.0818     0.0818     0.0517     0.0195     169607   117.7819     100.00     2.3479     2.0454         10  0.000e+00
    200.551   78.50398  125.85012    202.785     1.8199     1.8205  30.556704  30.555654    34.8039    34.8020    292.762    285.789    -0.1366     4.6288     0.0806     0.0806     0.0517     0.0195     169608   117.7826     100.00     2.3479     2.0491         10  0.000e+00
    200.576   78.50398  125.85012    202.810     1.8198     1.8201  30.556516  30.555477    34.8038    34.8021    292.957    286.021    -0.1366     4.6300     0.0818     0.0818     0.0506     0.0195     169609   117.7833     100.00     2.3491     2.0503         10  0.000e+00
    200.518   78.50398  125.85012    202.752     1.8199     1.8201  30.557082  30.555477    34.8044    34.8022    292.952    286.475    -0.1366     4.6300     0.0818     0.0818     0.0506     0.0195     169610   117.7840     100.00     2.3491     2.0527         10  0.000e+00
    200.551   78.50398  125.85012    202.785     1.8198     1.8202  30.556830  30.555181    34.8042    34.8017    292.955    286.705    -0.1366     4.6288     0.0806     0.0806     0.0517     0.0195     169611   117.7847     100.00     2.3491     2.0540         10  0.000e+00
    200.576   78.50398  125.85012    202.810     1.8198     1.8205  30.556704  30.555122    34.8041    34.8013    292.764    286.933    -0.1061     4.6300     0.0818     0.0818     0.0506     0.0208     169612   117.7854     100.00     2.3479     2.0552         10  0.000e+00
