Continuous CTD Data/SBE Stage/nabos_03_02.cnv
* Sea-Bird SBE 9 Data File:
* FileName = D:\CTD\data\HLY2502\raw\NABOS_03_02.hex
* Software Version Seasave V 7.26.7.110
* Temperature SN = 6954
* Conductivity SN = 2561
* Number of Bytes Per Scan = 37
* Number of Voltage Words = 4
* Number of Scans Averaged by the Deck Unit = 1
* NMEA Latitude = 74 27.63 N
* NMEA Longitude = 169 54.47 E
* NMEA UTC (Time) = Sep 13 2025  07:50:08
* NMEA baud rate = 9600
** Ship: USCG HEALY
** Bot. Depth:  56
** Cast Number:  02
** Station Name:  NABOS
** Station Number:  03
** Operator:  STARC
** Target 46 m, bottles 24 leaked and 4 spigot leaked on cast 1
# nquan = 24
# nvalues = 15249                       
# units = specified
# name 0 = depSM: Depth [salt water, m]
# name 1 = latitude: Latitude [deg]
# name 2 = longitude: Longitude [deg]
# name 3 = prDM: Pressure, Digiquartz [db]
# name 4 = t090C: Temperature [ITS-90, deg C]
# name 5 = t190C: Temperature, 2 [ITS-90, deg C]
# name 6 = c0mS/cm: Conductivity [mS/cm]
# name 7 = c1mS/cm: Conductivity, 2 [mS/cm]
# name 8 = sal00: Salinity, Practical [PSU]
# name 9 = sal11: Salinity, Practical, 2 [PSU]
# name 10 = sbox0Mm/Kg: Oxygen, SBE 43 [umol/kg]
# name 11 = sbox1Mm/Kg: Oxygen, SBE 43, 2 [umol/kg]
# name 12 = flECO-AFL: Fluorescence, WET Labs ECO-AFL/FL [mg/m^3]
# name 13 = v2: Voltage 2
# name 14 = wetCDOM: Fluorescence, WET Labs CDOM [mg/m^3]
# name 15 = v6: Voltage 6
# name 16 = CStarAt0: Beam Attenuation, WET Labs C-Star [1/m]
# name 17 = v3: Voltage 3
# name 18 = scan: Scan Count
# name 19 = timeM: Time, Elapsed [minutes]
# name 20 = altM: Altimeter [m]
# name 21 = sbeox0V: Oxygen raw, SBE 43 [V]
# name 22 = sbeox1V: Oxygen raw, SBE 43, 2 [V]
# name 23 = flag:  0.000e+00
# span 0 =      4.135,     46.534       
# span 1 =   74.46046,   74.46058       
# span 2 =  169.90776,  169.91602       
# span 3 =      4.178,     47.026       
# span 4 =    -1.4896,    -1.0509       
# span 5 =    -1.4895,    -1.0630       
# span 6 =  22.132618,  26.600107       
# span 7 =  22.129395,  26.598907       
# span 8 =    27.1404,    33.1049       
# span 9 =    27.1393,    33.1026       
# span 10 =    178.516,    375.763      
# span 11 =    175.244,    366.708      
# span 12 =     0.0771,     2.6717      
# span 13 =     4.4383,     4.6325      
# span 14 =     0.0977,     0.1343      
# span 15 =     0.0977,     0.1343      
# span 16 =     0.0485,     0.2199      
# span 17 =     0.0281,     0.1319      
# span 18 =          1,      15249      
# span 19 =     0.0000,    10.5889      
# span 20 =       0.00,      54.73      
# span 21 =     1.5285,     2.6289      
# span 22 =     1.3783,     2.2809      
# span 23 = 0.0000e+00, 0.0000e+00      
# interval = seconds: 0.0416667
# start_time = Sep 13 2025 07:50:08 [NMEA time, header]
# bad_flag = -9.990e-29
*END*
[from data line 1812]
      4.617   74.46048  169.90832      4.665    -1.3129    -1.3132  22.294941  22.285536    27.3444    27.3320    370.307    361.771     0.1687     4.5922     0.1062     0.1062     0.0835     0.0317       1813     1.2583      54.41     2.5666     2.2308 -9.990e-29
      4.617   74.46048  169.90832      4.665    -1.3120    -1.3132  22.297524  22.286169    27.3469    27.3329    370.289    361.769     0.1687     4.5910     0.1062     0.1062     0.0845     0.0317       1814     1.2590      54.41     2.5666     2.2308 -9.990e-29
      4.617   74.46048  169.90832      4.665    -1.3120    -1.3132  22.296513  22.285641    27.3456    27.3322    370.293    361.771     0.1687     4.5910     0.1062     0.1062     0.0845     0.0317       1815     1.2597      54.38     2.5666     2.2308 -9.990e-29
      4.617   74.46048  169.90832      4.665    -1.3121    -1.3133  22.296232  22.284849    27.3454    27.3312    370.295    361.259     0.1687     4.5910     0.1062     0.1062     0.0845     0.0317       1816     1.2604      54.38     2.5666     2.2283 -9.990e-29
      4.682   74.46048  169.90832      4.732    -1.3120    -1.3130  22.297804  22.284955    27.3473    27.3310    370.291    361.001     0.1687     4.5910     0.1062     0.1062     0.0845     0.0317       1817     1.2611      54.38     2.5666     2.2271 -9.990e-29
      4.617   74.46048  169.90832      4.665    -1.3115    -1.3128  22.299826  22.286381    27.3496    27.3328    370.276    360.733     0.1687     4.5910     0.1062     0.1062     0.0845     0.0317       1818     1.2618      54.38     2.5666     2.2259 -9.990e-29
      4.682   74.46048  169.90832      4.732    -1.3115    -1.3127  22.304767  22.289390    27.3562    27.3367    370.477    360.466     0.1687     4.5910     0.1062     0.1062     0.0845     0.0317       1819     1.2625      54.38     2.5678     2.2247 -9.990e-29
      4.674   74.46048  169.90832      4.723    -1.3109    -1.3122  22.315212  22.292136    27.3697    27.3400    370.213    360.451     0.1687     4.5910     0.1062     0.1062     0.0845     0.0317       1820     1.2632      54.38     2.5666     2.2247 -9.990e-29
      4.617   74.46048  169.90832      4.665    -1.3095    -1.3124  22.325828  22.291555    27.3827    27.3394    370.374    360.710     0.1687     4.5910     0.1062     0.1062     0.0845     0.0317       1821     1.2639      54.38     2.5678     2.2259 -9.990e-29
      4.682   74.46048  169.90832      4.732    -1.3089    -1.3128  22.331895  22.289496    27.3902    27.3370    370.349    360.982     0.1687     4.5910     0.1062     0.1062     0.0845     0.0317       1822     1.2646      54.29     2.5678     2.2271 -9.990e-29
      4.674   74.46048  169.90832      4.723    -1.3078    -1.3130  22.339535  22.288070    27.3995    27.3352    369.873    361.247     0.1687     4.5910     0.1062     0.1062     0.0845     0.0317       1823     1.2653      54.36     2.5653     2.2283 -9.990e-29
      4.682   74.46048  169.90832      4.732    -1.3066    -1.3127  22.345828  22.287437    27.4068    27.3341    370.056    361.505     0.1687     4.5910     0.1062     0.1062     0.0845     0.0317       1824     1.2660      54.38     2.5666     2.2296 -9.990e-29
      4.674   74.46048  169.90832      4.723    -1.3064    -1.3130  22.343412  22.287014    27.4034    27.3338    370.064    361.509     0.1687     4.5922     0.1062     0.1062     0.0835     0.0317       1825     1.2667      54.36     2.5666     2.2296 -9.990e-29
      4.682   74.46048  169.90832      4.732    -1.3072    -1.3130  22.337063  22.285906    27.3956    27.3323    370.314    361.771     0.1687     4.5922     0.1062     0.1062     0.0835     0.0317       1826     1.2674      54.36     2.5678     2.2308 -9.990e-29
      4.682   74.46048  169.90832      4.732    -1.3077    -1.3130  22.335883  22.285008    27.3944    27.3311    370.322    361.517     0.1687     4.5934     0.1062     0.1062     0.0824     0.0317       1827     1.2681      54.36     2.5678     2.2296 -9.990e-29
      4.732   74.46048  169.90832      4.781    -1.3078    -1.3133  22.335715  22.284533    27.3943    27.3307    370.109    361.266     0.1687     4.5922     0.1062     0.1062     0.0835     0.0317       1828     1.2688      54.33     2.5666     2.2283 -9.990e-29
      4.740   74.46048  169.90832      4.790    -1.3080    -1.3132  22.330996  22.283424    27.3881    27.3291    370.347    361.269     0.1687     4.5922     0.1062     0.1062     0.0835     0.0317       1829     1.2694      54.33     2.5678     2.2283 -9.990e-29
      4.732   74.46048  169.90832      4.781    -1.3083    -1.3135  22.325716  22.281998    27.3813    27.3275    370.152    361.277     0.1992     4.5934     0.1062     0.1062     0.0824     0.0330       1830     1.2701      54.36     2.5666     2.2283 -9.990e-29
      4.740   74.46048  169.90832      4.790    -1.3086    -1.3139  22.320548  22.280679    27.3746    27.3261    370.175    361.286     0.1992     4.5922     0.1062     0.1062     0.0835     0.0330       1831     1.2708      54.36     2.5666     2.2283 -9.990e-29
      4.797   74.46048  169.90832      4.848    -1.3089    -1.3138  22.315999  22.279676    27.3688    27.3246    370.199    361.292     0.1992     4.5922     0.1062     0.1062     0.0835     0.0330       1832     1.2715      54.33     2.5666     2.2283 -9.990e-29
      4.740   74.46048  169.90832      4.790    -1.3094    -1.3141  22.312404  22.280098    27.3645    27.3255    370.214    361.290     0.1687     4.5922     0.1062     0.1062     0.0835     0.0317       1833     1.2722      54.33     2.5666     2.2283 -9.990e-29
      4.797   74.46048  169.90832      4.848    -1.3100    -1.3138  22.309877  22.281207    27.3616    27.3267    370.450    361.286     0.1992     4.5922     0.1062     0.1062     0.0835     0.0330       1834     1.2729      54.36     2.5678     2.2283 -9.990e-29
      4.797   74.46048  169.90832      4.848    -1.3107    -1.3138  22.306452  22.282157    27.3577    27.3279    370.252    361.540     0.1992     4.5922     0.1062     0.1062     0.0835     0.0330       1835     1.2736      54.33     2.5666     2.2296 -9.990e-29
      4.797   74.46048  169.90832      4.848    -1.3112    -1.3138  22.302465  22.282315    27.3528    27.3281    370.490    361.540     0.1992     4.5934     0.1062     0.1062     0.0824     0.0330       1836     1.2743      54.33     2.5678     2.2296 -9.990e-29
      4.855   74.46048  169.90832      4.906    -1.3115    -1.3138  22.300275  22.281999    27.3501    27.3277    370.504    361.544     0.1992     4.5922     0.1062     0.1062     0.0835     0.0330       1837     1.2750      54.36     2.5678     2.2296 0.0000e+00
      4.797   74.46048  169.90832      4.848    -1.3115    -1.3138  22.299208  22.281259    27.3487    27.3267    370.505    361.286     0.1992     4.5922     0.1062     0.1062     0.0835     0.0330       1838     1.2757      54.36     2.5678     2.2283 -9.990e-29
      4.855   74.46048  169.90832      4.906    -1.3119    -1.3139  22.296570  22.281471    27.3454    27.3271    370.522    361.289     0.1992     4.5922     0.1062     0.1062     0.0835     0.0330       1839     1.2764      54.43     2.5678     2.2283 -9.990e-29
      4.920   74.46048  169.90832      4.972    -1.3123    -1.3135  22.294492  22.281682    27.3430    27.3270    370.537    361.287     0.1992     4.5922     0.1062     0.1062     0.0835     0.0330       1840     1.2771      54.46     2.5678     2.2283 0.0000e+00
      4.863   74.46048  169.90832      4.914    -1.3125    -1.3136  22.291629  22.281576    27.3394    27.3270    370.329    361.028     0.1992     4.5922     0.1062     0.1062     0.0835     0.0330       1841     1.2778      54.43     2.5666     2.2271 -9.990e-29
      4.855   74.46048  169.90832      4.906    -1.3129    -1.3139  22.289271  22.280415    27.3366    27.3257    370.559    361.035     0.1992     4.5922     0.1062     0.1062     0.0835     0.0330       1842     1.2785      54.46     2.5678     2.2271 -9.990e-29
      4.978   74.46048  169.90832      5.030    -1.3134    -1.3138  22.287082  22.279412    27.3340    27.3242    370.796    361.044     0.1992     4.5934     0.1062     0.1062     0.0824     0.0330       1843     1.2792      54.43     2.5690     2.2271 0.0000e+00
      4.920   74.46048  169.90832      4.972    -1.3137    -1.3139  22.285510  22.278620    27.3323    27.3232    370.802    361.303     0.1992     4.5922     0.1062     0.1062     0.0835     0.0330       1844     1.2799      54.41     2.5690     2.2283 -9.990e-29
      4.978   74.46048  169.90832      5.030    -1.3136    -1.3141  22.283994  22.278356    27.3301    27.3230    370.593    361.566     0.1992     4.5910     0.1062     0.1062     0.0845     0.0330       1845     1.2806      54.31     2.5678     2.2296 -9.990e-29
      4.920   74.46048  169.90832      4.972    -1.3138    -1.3142  22.282030  22.277828    27.3277    27.3224    370.599    361.566     0.1992     4.5910     0.1062     0.1062     0.0845     0.0330       1846     1.2813      54.29     2.5678     2.2296 -9.990e-29
      4.978   74.46048  169.90832      5.030    -1.3141    -1.3141  22.280233  22.277564    27.3256    27.3220    370.612    361.311     0.1992     4.5910     0.1062     0.1062     0.0845     0.0330       1847     1.2819      54.29     2.5678     2.2283 -9.990e-29
      5.043   74.46048  169.90832      5.096    -1.3144    -1.3142  22.278886  22.277089    27.3240    27.3214    370.841    361.317     0.1992     4.5910     0.1062     0.1062     0.0845     0.0330       1848     1.2826      54.31     2.5690     2.2283 0.0000e+00
      4.978   74.46048  169.90832      5.030    -1.3144    -1.3142  22.278100  22.276983    27.3230    27.3213    370.623    361.572     0.1992     4.5910     0.1062     0.1062     0.0845     0.0330       1849     1.2833      54.31     2.5678     2.2296 -9.990e-29
      5.043   74.46048  169.90834      5.096    -1.3149    -1.3145  22.277483  22.276878    27.3226    27.3214    370.633    361.579     0.1992     4.5910     0.1062     0.1062     0.0845     0.0330       1850     1.2840      54.31     2.5678     2.2296 -9.990e-29
      5.035   74.46048  169.90834      5.088    -1.3146    -1.3142  22.277090  22.276772    27.3217    27.3210    370.631    361.576     0.1992     4.5910     0.1062     0.1062     0.0845     0.0330       1851     1.2847      54.29     2.5678     2.2296 -9.990e-29
      4.978   74.46048  169.90834      5.030    -1.3149    -1.3142  22.277202  22.276931    27.3222    27.3212    370.412    361.573     0.1687     4.5910     0.1062     0.1062     0.0845     0.0317       1852     1.2854      54.21     2.5666     2.2296 -9.990e-29
      5.101   74.46048  169.90834      5.154    -1.3148    -1.3144  22.276641  22.277406    27.3212    27.3219    370.637    361.579     0.1687     4.5910     0.1062     0.1062     0.0845     0.0317       1853     1.2861      54.29     2.5678     2.2296 0.0000e+00
      5.035   74.46048  169.90834      5.088    -1.3146    -1.3144  22.276361  22.277617    27.3208    27.3223    370.634    361.574     0.1687     4.5910     0.1062     0.1062     0.0845     0.0317       1854     1.2868      54.29     2.5678     2.2296 -9.990e-29
      4.978   74.46048  169.90834      5.030    -1.3149    -1.3142  22.276192  22.277406    27.3209    27.3218    370.852    361.829     0.1687     4.5910     0.1062     0.1062     0.0845     0.0317       1855     1.2875      54.29     2.5690     2.2308 -9.990e-29
      5.035   74.46048  169.90834      5.088    -1.3150    -1.3142  22.276361  22.277406    27.3212    27.3218    370.638    361.832     0.1687     4.5910     0.1062     0.1062     0.0845     0.0317       1856     1.2882      54.26     2.5678     2.2308 -9.990e-29
      5.043   74.46048  169.90834      5.096    -1.3149    -1.3141  22.276417  22.277459    27.3211    27.3218    370.637    361.831     0.1687     4.5910     0.1062     0.1062     0.0845     0.0317       1857     1.2889      54.19     2.5678     2.2308 -9.990e-29
      5.035   74.46048  169.90834      5.088    -1.3146    -1.3141  22.276529  22.278409    27.3210    27.3231    370.633    361.827     0.1687     4.5910     0.1062     0.1062     0.0845     0.0317       1858     1.2896      54.16     2.5678     2.2308 -9.990e-29
      5.043   74.46048  169.90834      5.096    -1.3148    -1.3142  22.276417  22.278567    27.3210    27.3234    370.853    361.828     0.1687     4.5910     0.1062     0.1062     0.0845     0.0317       1859     1.2903      54.16     2.5690     2.2308 -9.990e-29
      5.043   74.46048  169.90834      5.096    -1.3150    -1.3141  22.276753  22.278409    27.3216    27.3230    370.854    361.569     0.1687     4.5910     0.1062     0.1062     0.0845     0.0317       1860     1.2910      54.14     2.5690     2.2296 -9.990e-29
      4.978   74.46048  169.90834      5.030    -1.3149    -1.3142  22.276473  22.277881    27.3212    27.3225    370.851    361.827     0.1687     4.5910     0.1062     0.1062     0.0845     0.0317       1861     1.2917      54.16     2.5690     2.2308 -9.990e-29
      5.043   74.46048  169.90834      5.096    -1.3148    -1.3142  22.276529  22.277512    27.3211    27.3220    370.853    361.832     0.1687     4.5910     0.1062     0.1062     0.0845     0.0317       1862     1.2924      54.16     2.5690     2.2308 -9.990e-29
      5.035   74.46048  169.90834      5.088    -1.3149    -1.3141  22.276810  22.277775    27.3217    27.3222    370.635    362.087     0.1687     4.5910     0.1062     0.1062     0.0845     0.0317       1863     1.2931      54.14     2.5678     2.2320 -9.990e-29
      4.978   74.46048  169.90834      5.030    -1.3148    -1.3139  22.277651  22.277459    27.3227    27.3216    370.845    362.342     0.1687     4.5910     0.1062     0.1062     0.0845     0.0317       1864     1.2937      54.11     2.5690     2.2332 -9.990e-29
      5.035   74.46048  169.90834      5.088    -1.3144    -1.3142  22.279111  22.276878    27.3243    27.3211    370.621    362.608     0.1687     4.5922     0.1062     0.1062     0.0835     0.0317       1865     1.2944      54.11     2.5678     2.2344 -9.990e-29
      4.978   74.46048  169.90834      5.030    -1.3146    -1.3141  22.280739  22.276297    27.3267    27.3203    370.832    362.864     0.1687     4.5946     0.1062     0.1062     0.0813     0.0317       1866     1.2951      54.14     2.5690     2.2357 -9.990e-29
      5.043   74.46048  169.90834      5.096    -1.3140    -1.3142  22.281132  22.276086    27.3266    27.3200    370.610    362.869     0.1687     4.5946     0.1062     0.1062     0.0813     0.0317       1867     1.2958      54.11     2.5678     2.2357 -9.990e-29
      4.978   74.46048  169.90834      5.030    -1.3141    -1.3142  22.280795  22.275928    27.3263    27.3199    370.828    362.609     0.1687     4.5946     0.1062     0.1062     0.0813     0.0317       1868     1.2965      54.11     2.5690     2.2344 -9.990e-29
      5.043   74.46048  169.90834      5.096    -1.3138    -1.3144  22.279841  22.275769    27.3247    27.3198    370.832    361.840     0.1687     4.5946     0.1062     0.1062     0.0813     0.0317       1869     1.2972      54.11     2.5690     2.2308 -9.990e-29
      5.035   74.46048  169.90834      5.088    -1.3138    -1.3144  22.279728  22.276139    27.3246    27.3203    370.832    361.322     0.1687     4.5946     0.1062     0.1062     0.0813     0.0317       1870     1.2979      54.14     2.5690     2.2283 -9.990e-29
      5.043   74.46048  169.90834      5.096    -1.3140    -1.3144  22.279223  22.276297    27.3240    27.3205    370.836    361.064     0.1687     4.5946     0.1062     0.1062     0.0813     0.0317       1871     1.2986      54.11     2.5690     2.2271 -9.990e-29
