Continuous CTD Data/SBE Stage/nabos_36_01.ros
* Sea-Bird SBE 9 Data File:
* FileName = D:\CTD\data\HLY2502\raw\NABOS_36_01.hex
* Software Version Seasave V 7.26.7.110
* Temperature SN = 6954
* Conductivity SN = 2561
* Number of Bytes Per Scan = 37
* Number of Voltage Words = 4
* Number of Scans Averaged by the Deck Unit = 1
* NMEA Latitude = 79 18.82 N
* NMEA Longitude = 132 49.52 E
* NMEA UTC (Time) = Sep 24 2025  16:01:06
* NMEA baud rate = 9600
** Ship: USCG HEALY
** Bot. Depth:  3158
** Cast Number:  01
** Station Name:  NABOS
** Station Number:  36
** Operator:  STARC
# nquan = 25
# nvalues = 1078                                  
# units = specified
# name 0 = depSM: Depth [salt water, m]
# name 1 = latitude: Latitude [deg]
# name 2 = longitude: Longitude [deg]
# name 3 = prDM: Pressure, Digiquartz [db]
# name 4 = t090C: Temperature [ITS-90, deg C]
# name 5 = t190C: Temperature, 2 [ITS-90, deg C]
# name 6 = c0mS/cm: Conductivity [mS/cm]
# name 7 = c1mS/cm: Conductivity, 2 [mS/cm]
# name 8 = sal00: Salinity, Practical [PSU]
# name 9 = sal11: Salinity, Practical, 2 [PSU]
# name 10 = sbox0Mm/Kg: Oxygen, SBE 43 [umol/kg]
# name 11 = sbox1Mm/Kg: Oxygen, SBE 43, 2 [umol/kg]
# name 12 = flECO-AFL: Fluorescence, WET Labs ECO-AFL/FL [mg/m^3]
# name 13 = v2: Voltage 2
# name 14 = wetCDOM: Fluorescence, WET Labs CDOM [mg/m^3]
# name 15 = v6: Voltage 6
# name 16 = CStarAt0: Beam Attenuation, WET Labs C-Star [1/m]
# name 17 = v3: Voltage 3
# name 18 = scan: Scan Count
# name 19 = timeM: Time, Elapsed [minutes]
# name 20 = altM: Altimeter [m]
# name 21 = sbeox0V: Oxygen raw, SBE 43 [V]
# name 22 = sbeox1V: Oxygen raw, SBE 43, 2 [V]
# name 23 = nbf: Bottles Fired
# name 24 = flag:  0.000e+00
# interval = seconds: 0.0416667
# start_time = Sep 24 2025 16:01:06 [NMEA time, header]
# bad_flag = -9.990e-29
*END*
[from data line 522]
    115.254   79.32174  132.80598    116.517    -0.6703    -0.6701  28.034643  28.033774    34.3493    34.3479    318.109    311.746    -0.1366     4.6227     0.0879     0.0879     0.0570     0.0195      94806    65.8368     100.00     2.3838     2.0849         11  0.000e+00
    115.164   79.32174  132.80598    116.426    -0.6702    -0.6699  28.035130  28.033487    34.3499    34.3473    318.102    311.742    -0.1366     4.6227     0.0879     0.0879     0.0570     0.0195      94807    65.8375     100.00     2.3838     2.0849         11  0.000e+00
    115.189   79.32174  132.80598    116.451    -0.6700    -0.6702  28.034947  28.033659    34.3495    34.3479    318.103    311.744    -0.1061     4.6227     0.0879     0.0879     0.0570     0.0208      94808    65.8382     100.00     2.3838     2.0849         11  0.000e+00
    115.230   79.32174  132.80598    116.492    -0.6700    -0.6699  28.034826  28.033946    34.3493    34.3479    318.105    311.743    -0.1366     4.6227     0.0879     0.0879     0.0570     0.0195      94809    65.8389     100.00     2.3838     2.0849         11  0.000e+00
    115.230   79.32174  132.80598    116.492    -0.6700    -0.6699  28.035435  28.033774    34.3501    34.3477    318.103    311.743    -0.1366     4.6227     0.0879     0.0879     0.0570     0.0195      94810    65.8396     100.00     2.3838     2.0849         11  0.000e+00
    115.189   79.32174  132.80598    116.451    -0.6695    -0.6701  28.035800  28.033716    34.3501    34.3478    318.302    311.743    -0.1061     4.6227     0.0879     0.0879     0.0570     0.0208      94811    65.8403     100.00     2.3850     2.0849         11  0.000e+00
    115.164   79.32174  132.80598    116.426    -0.6694    -0.6699  28.035678  28.033544    34.3497    34.3474    318.095    311.741    -0.1366     4.6227     0.0879     0.0879     0.0570     0.0195      94812    65.8410     100.00     2.3838     2.0849         11  0.000e+00
    115.189   79.32174  132.80598    116.451    -0.6689    -0.6702  28.036227  28.033201    34.3500    34.3473    318.091    311.745    -0.1366     4.6227     0.0867     0.0867     0.0570     0.0195      94813    65.8417     100.00     2.3838     2.0849         11  0.000e+00
    115.230   79.32174  132.80598    116.492    -0.6688    -0.6702  28.036044  28.032972    34.3495    34.3469    318.093    311.991    -0.1366     4.6227     0.0879     0.0879     0.0570     0.0195      94814    65.8424     100.00     2.3838     2.0862         11  0.000e+00
    115.164   79.32174  132.80598    116.426    -0.6688    -0.6705  28.036287  28.032742    34.3499    34.3470    318.089    311.748    -0.1366     4.6227     0.0879     0.0879     0.0570     0.0195      94815    65.8431     100.00     2.3838     2.0849         11  0.000e+00
    115.254   79.32174  132.80598    116.517    -0.6688    -0.6710  28.036044  28.031998    34.3495    34.3465    318.094    312.000    -0.1366     4.6227     0.0879     0.0879     0.0570     0.0195      94816    65.8438     100.00     2.3838     2.0862         11  0.000e+00
    115.230   79.32174  132.80598    116.492    -0.6685    -0.6716  28.036470  28.031654    34.3498    34.3467    318.089    312.004    -0.1366     4.6227     0.0879     0.0879     0.0570     0.0195      94817    65.8444     100.00     2.3838     2.0862         11  0.000e+00
    115.164   79.32174  132.80598    116.426    -0.6683    -0.6719  28.036287  28.031596    34.3494    34.3471    317.880    311.761    -0.1061     4.6239     0.0879     0.0879     0.0559     0.0208      94818    65.8451     100.00     2.3825     2.0849         11  0.000e+00
    115.254   79.32174  132.80598    116.517    -0.6685    -0.6719  28.036531  28.031367    34.3498    34.3467    317.885    311.765    -0.1366     4.6239     0.0879     0.0879     0.0559     0.0195      94819    65.8458     100.00     2.3825     2.0849         11  0.000e+00
    115.230   79.32174  132.80598    116.492    -0.6685    -0.6720  28.036531  28.031482    34.3498    34.3470    318.089    311.765    -0.1061     4.6239     0.0879     0.0879     0.0559     0.0208      94820    65.8465     100.00     2.3838     2.0849         11  0.000e+00
    115.131   79.32174  132.80596    116.393    -0.6683    -0.6725  28.036836  28.031596    34.3501    34.3478    318.082    312.006    -0.1061     4.6239     0.0879     0.0879     0.0559     0.0208      94821    65.8472     100.00     2.3838     2.0862         11  0.000e+00
    115.230   79.32174  132.80596    116.492    -0.6682    -0.6723  28.036958  28.031768    34.3500    34.3477    317.880    312.252    -0.1061     4.6239     0.0867     0.0867     0.0559     0.0208      94822    65.8479     100.00     2.3825     2.0874         11  0.000e+00
    100.135   79.32200  132.80564    101.228    -1.2476    -1.2455  27.429407  27.430602    34.1919    34.1912    327.106    320.075    -0.1366     4.6178     0.0879     0.0879     0.0612     0.0195      97889    67.9778     100.00     2.4054     2.1005         12  0.000e+00
    100.151   79.32200  132.80564    101.245    -1.2477    -1.2453  27.429589  27.430715    34.1923    34.1911    327.107    320.074    -0.1366     4.6178     0.0879     0.0879     0.0612     0.0195      97890    67.9785     100.00     2.4054     2.1005         12  0.000e+00
    100.086   79.32200  132.80564    101.178    -1.2477    -1.2456  27.429286  27.430488    34.1919    34.1912    326.896    320.074    -0.1366     4.6178     0.0879     0.0879     0.0612     0.0195      97891    67.9792     100.00     2.4042     2.1005         12  0.000e+00
    100.077   79.32200  132.80564    101.170    -1.2479    -1.2455  27.428984  27.430431    34.1917    34.1910    326.898    320.073    -0.1366     4.6178     0.0879     0.0879     0.0612     0.0195      97892    67.9799     100.00     2.4042     2.1005         12  0.000e+00
    100.151   79.32200  132.80564    101.245    -1.2482    -1.2455  27.428682  27.430602    34.1916    34.1912    327.113    320.076    -0.1366     4.6178     0.0879     0.0879     0.0612     0.0195      97893    67.9806     100.00     2.4054     2.1005         12  0.000e+00
    100.086   79.32200  132.80564    101.178    -1.2483    -1.2455  27.428803  27.430317    34.1920    34.1907    326.902    320.073    -0.1366     4.6178     0.0879     0.0879     0.0612     0.0195      97894    67.9813     100.00     2.4042     2.1005         12  0.000e+00
    100.086   79.32200  132.80564    101.178    -1.2484    -1.2455  27.428682  27.430545    34.1919    34.1911    327.112    320.073    -0.1366     4.6178     0.0879     0.0879     0.0612     0.0195      97895    67.9819     100.00     2.4054     2.1005         12  0.000e+00
    100.135   79.32200  132.80564    101.228    -1.2483    -1.2455  27.428622  27.430715    34.1917    34.1913    326.905    320.075    -0.1366     4.6178     0.0879     0.0879     0.0612     0.0195      97896    67.9826     100.00     2.4042     2.1005         12  0.000e+00
    100.151   79.32200  132.80564    101.245    -1.2488    -1.2456  27.428259  27.430317    34.1917    34.1909    326.910    320.077    -0.1366     4.6178     0.0879     0.0879     0.0612     0.0195      97897    67.9833     100.00     2.4042     2.1005         12  0.000e+00
    100.086   79.32200  132.80564    101.178    -1.2486    -1.2458  27.428501  27.429749    34.1919    34.1904    326.905    320.078    -0.1366     4.6178     0.0879     0.0879     0.0612     0.0195      97898    67.9840     100.00     2.4042     2.1005         12  0.000e+00
    100.077   79.32200  132.80564    101.170    -1.2486    -1.2458  27.428803  27.429692    34.1923    34.1902    327.113    320.324    -0.1366     4.6190     0.0879     0.0879     0.0601     0.0195      97899    67.9847     100.00     2.4054     2.1018         12  0.000e+00
    100.151   79.32200  132.80564    101.245    -1.2486    -1.2461  27.428682  27.429465    34.1921    34.1903    327.116    320.331    -0.1366     4.6178     0.0879     0.0879     0.0612     0.0195      97900    67.9854     100.00     2.4054     2.1018         12  0.000e+00
    100.086   79.32200  132.80564    101.178    -1.2483    -1.2461  27.428803  27.429408    34.1920    34.1903    326.902    320.328    -0.1061     4.6178     0.0879     0.0879     0.0612     0.0208      97901    67.9861     100.00     2.4042     2.1018         12  0.000e+00
    100.135   79.32200  132.80564    101.228    -1.2483    -1.2462  27.429105  27.429408    34.1923    34.1904    327.112    320.084    -0.1366     4.6178     0.0879     0.0879     0.0612     0.0195      97902    67.9868     100.00     2.4054     2.1005         12  0.000e+00
    100.151   79.32200  132.80564    101.245    -1.2483    -1.2465  27.429347  27.429181    34.1927    34.1904    327.112    320.087    -0.1366     4.6178     0.0879     0.0879     0.0612     0.0195      97903    67.9875     100.00     2.4054     2.1005         12  0.000e+00
    100.086   79.32200  132.80564    101.178    -1.2483    -1.2465  27.429045  27.429124    34.1923    34.1903    326.901    320.332    -0.1366     4.6178     0.0879     0.0879     0.0612     0.0195      97904    67.9882     100.00     2.4042     2.1018         12  0.000e+00
    100.135   79.32200  132.80564    101.228    -1.2485    -1.2468  27.429105  27.429124    34.1925    34.1907    326.904    320.336    -0.1366     4.6178     0.0879     0.0879     0.0612     0.0195      97905    67.9889     100.00     2.4042     2.1018         12  0.000e+00
    100.086   79.32200  132.80564    101.178    -1.2480    -1.2468  27.429347  27.428726    34.1923    34.1901    327.107    320.583    -0.1366     4.6178     0.0867     0.0867     0.0612     0.0195      97906    67.9896     100.00     2.4054     2.1030         12  0.000e+00
    100.151   79.32200  132.80564    101.245    -1.2479    -1.2468  27.429589  27.428612    34.1925    34.1899    326.899    320.586    -0.1366     4.6178     0.0879     0.0879     0.0612     0.0195      97907    67.9903     100.00     2.4042     2.1030         12  0.000e+00
    100.135   79.32200  132.80564    101.228    -1.2477    -1.2468  27.430072  27.428953    34.1930    34.1904    326.896    320.337    -0.1366     4.6178     0.0879     0.0879     0.0612     0.0195      97908    67.9910     100.00     2.4042     2.1018         12  0.000e+00
    100.086   79.32200  132.80564    101.178    -1.2473    -1.2470  27.430555  27.428953    34.1931    34.1907    327.097    320.583    -0.1366     4.6190     0.0879     0.0879     0.0601     0.0195      97909    67.9917     100.00     2.4054     2.1030         12  0.000e+00
    100.151   79.32200  132.80564    101.245    -1.2469    -1.2471  27.430918  27.428896    34.1932    34.1906    326.888    320.339    -0.1061     4.6203     0.0867     0.0867     0.0591     0.0208      97910    67.9924     100.00     2.4042     2.1018         12  0.000e+00
    100.135   79.32200  132.80564    101.228    -1.2465    -1.2468  27.430978  27.429237    34.1928    34.1908    326.884    320.336    -0.1366     4.6190     0.0879     0.0879     0.0601     0.0195      97911    67.9931     100.00     2.4042     2.1018         12  0.000e+00
    100.151   79.32200  132.80564    101.245    -1.2465    -1.2470  27.431160  27.429181    34.1930    34.1909    327.093    320.338    -0.1061     4.6190     0.0879     0.0879     0.0601     0.0208      97912    67.9938     100.00     2.4054     2.1018         12  0.000e+00
    100.151   79.32200  132.80564    101.245    -1.2463    -1.2467  27.431281  27.429124    34.1930    34.1905    327.091    320.336    -0.1366     4.6190     0.0867     0.0867     0.0601     0.0195      97913    67.9944     100.00     2.4054     2.1018         12  0.000e+00
    100.151   79.32200  132.80564    101.245    -1.2463    -1.2467  27.431462  27.428953    34.1933    34.1903    326.882    320.336    -0.1366     4.6190     0.0855     0.0855     0.0601     0.0195      97914    67.9951     100.00     2.4042     2.1018         12  0.000e+00
    100.135   79.32200  132.80564    101.228    -1.2463    -1.2465  27.431522  27.429067    34.1934    34.1902    327.090    320.334    -0.1366     4.6190     0.0855     0.0855     0.0601     0.0195      97915    67.9958     100.00     2.4054     2.1018         12  0.000e+00
    100.151   79.32200  132.80564    101.245    -1.2462    -1.2472  27.431885  27.428953    34.1937    34.1908    327.088    320.340    -0.1366     4.6190     0.0855     0.0855     0.0601     0.0195      97916    67.9965     100.00     2.4054     2.1018         12  0.000e+00
    100.151   79.32200  132.80564    101.245    -1.2459    -1.2475  27.431825  27.428442    34.1933    34.1905    326.877    320.343    -0.1366     4.6190     0.0855     0.0855     0.0601     0.0195      97917    67.9972     100.00     2.4042     2.1018         12  0.000e+00
    100.135   79.32200  132.80564    101.228    -1.2460    -1.2476  27.431945  27.428158    34.1936    34.1902    327.086    320.345    -0.1366     4.6190     0.0842     0.0842     0.0601     0.0195      97918    67.9979     100.00     2.4054     2.1018         12  0.000e+00
    100.151   79.32200  132.80564    101.245    -1.2459    -1.2473  27.431825  27.428442    34.1933    34.1903    327.086    320.342    -0.1061     4.6190     0.0855     0.0855     0.0601     0.0208      97919    67.9986     100.00     2.4054     2.1018         12  0.000e+00
    100.209   79.32200  132.80564    101.303    -1.2457    -1.2473  27.431764  27.428385    34.1929    34.1901    327.088    320.345    -0.1061     4.6190     0.0855     0.0855     0.0601     0.0208      97920    67.9993     100.00     2.4054     2.1018         12  0.000e+00
    100.192   79.32200  132.80564    101.286    -1.2460    -1.2474  27.431946  27.428499    34.1935    34.1904    326.879    320.345    -0.1366     4.6190     0.0855     0.0855     0.0601     0.0195      97921    68.0000     100.00     2.4042     2.1018         12  0.000e+00
    100.151   79.32200  132.80564    101.245    -1.2455    -1.2475  27.431643  27.428214    34.1926    34.1901    327.084    320.591    -0.1366     4.6190     0.0855     0.0855     0.0601     0.0195      97922    68.0007     100.00     2.4054     2.1030         12  0.000e+00
    100.151   79.32200  132.80564    101.245    -1.2459    -1.2475  27.431885  27.428271    34.1933    34.1902    327.086    320.344    -0.1061     4.6190     0.0842     0.0842     0.0601     0.0208      97923    68.0014     100.00     2.4054     2.1018         12  0.000e+00
    100.192   79.32200  132.80564    101.286    -1.2454    -1.2476  27.431643  27.428328    34.1924    34.1904    327.085    320.594    -0.1366     4.6190     0.0855     0.0855     0.0601     0.0195      97924    68.0021     100.00     2.4054     2.1030         12  0.000e+00
    100.209   79.32200  132.80564    101.303    -1.2455    -1.2473  27.431704  27.428328    34.1927    34.1901    327.087    320.592    -0.1366     4.6190     0.0855     0.0855     0.0601     0.0195      97925    68.0028     100.00     2.4054     2.1030         12  0.000e+00
    100.151   79.32200  132.80564    101.245    -1.2455    -1.2468  27.432127  27.428896    34.1933    34.1903    326.874    320.584    -0.1061     4.6190     0.0855     0.0855     0.0601     0.0208      97926    68.0035     100.00     2.4042     2.1030         12  0.000e+00
    100.192   79.32200  132.80564    101.286    -1.2455    -1.2467  27.432127  27.429579    34.1933    34.1911    326.875    320.336    -0.1366     4.6190     0.0855     0.0855     0.0601     0.0195      97927    68.0042     100.00     2.4042     2.1018         12  0.000e+00
    100.209   79.32200  132.80564    101.303    -1.2457    -1.2461  27.432066  27.429863    34.1934    34.1908    326.878    320.826    -0.1366     4.6190     0.0855     0.0855     0.0601     0.0195      97928    68.0049     100.00     2.4042     2.1042         12  0.000e+00
