Continuous CTD Data/SBE Stage/nabos_28_01avg.cnv
* Sea-Bird SBE 9 Data File:
* FileName = D:\CTD\data\HLY2502\raw\NABOS_28_01.hex
* Software Version Seasave V 7.26.7.110
* Temperature SN = 6954
* Conductivity SN = 2561
* Number of Bytes Per Scan = 37
* Number of Voltage Words = 4
* Number of Scans Averaged by the Deck Unit = 1
* NMEA Latitude = 80 36.34 N
* NMEA Longitude = 154 17.06 E
* NMEA UTC (Time) = Sep 21 2025  20:08:11
* NMEA baud rate = 9600
** Ship: USCG HEALY
** Bot. Depth:  2371
** Cast Number:  01
** Station Name:  NABOS
** Station Number:  28
** Operator:  STARC
# nquan = 25
# nvalues = 1214                        
# units = specified
# name 0 = depSM: Depth [salt water, m]
# name 1 = latitude: Latitude [deg]
# name 2 = longitude: Longitude [deg]
# name 3 = prDM: Pressure, Digiquartz [db]
# name 4 = t090C: Temperature [ITS-90, deg C]
# name 5 = t190C: Temperature, 2 [ITS-90, deg C]
# name 6 = c0mS/cm: Conductivity [mS/cm]
# name 7 = c1mS/cm: Conductivity, 2 [mS/cm]
# name 8 = sal00: Salinity, Practical [PSU]
# name 9 = sal11: Salinity, Practical, 2 [PSU]
# name 10 = sbox0Mm/Kg: Oxygen, SBE 43 [umol/kg]
# name 11 = sbox1Mm/Kg: Oxygen, SBE 43, 2 [umol/kg]
# name 12 = flECO-AFL: Fluorescence, WET Labs ECO-AFL/FL [mg/m^3]
# name 13 = v2: Voltage 2
# name 14 = wetCDOM: Fluorescence, WET Labs CDOM [mg/m^3]
# name 15 = v6: Voltage 6
# name 16 = CStarAt0: Beam Attenuation, WET Labs C-Star [1/m]
# name 17 = v3: Voltage 3
# name 18 = scan: Scan Count
# name 19 = timeM: Time, Elapsed [minutes]
# name 20 = altM: Altimeter [m]
# name 21 = sbeox0V: Oxygen raw, SBE 43 [V]
# name 22 = sbeox1V: Oxygen raw, SBE 43, 2 [V]
# name 23 = nbin: number of scans per bin
# name 24 = flag: flag
# span 0 =      3.958,   1200.588       
# span 1 =   80.60327,   80.60541       
# span 2 =  154.27945,  154.28404       
# span 3 =      4.000,   1217.000       
# span 4 =    -1.7277,     1.0712       
# span 5 =    -1.7275,     1.0711       
# span 6 =  24.679791,  29.914778       
# span 7 =  24.678531,  29.913036       
# span 8 =    30.9493,    34.8683       
# span 9 =    30.9472,    34.8660       
# span 10 =    291.301,    377.198      
# span 11 =    265.724,    378.723      
# span 12 =    -0.1799,     0.5032      
# span 13 =     4.0614,     4.6360      
# span 14 =     0.0806,     0.1246      
# span 15 =     0.0806,     0.1246      
# span 16 =     0.0454,     0.5845      
# span 17 =     0.0178,     0.0452      
# span 18 =       4024,      41749      
# span 19 =     2.7939,    28.9915      
# span 20 =     100.00,     100.00      
# span 21 =     2.0138,     2.6408      
# span 22 =     1.6991,     2.3402      
# span 23 =          7,         27      
# span 24 = 0.0000e+00, 0.0000e+00      
# interval = decibars: 1                
# start_time = Sep 21 2025 20:08:11 [NMEA time, header]
# bad_flag = -9.990e-29
*END*
[from data line 928]
    920.056   80.60390  154.28080    932.000    -0.2661    -0.2662  29.097050  29.095211    34.8243    34.8220    297.347    295.781    -0.1483     4.6337     0.0841     0.0841     0.0474     0.0190      32048    22.2546     100.00     2.1051     1.8742         18 0.0000e+00
    921.041   80.60390  154.28080    933.000    -0.2669    -0.2668  29.096903  29.095018    34.8244    34.8219    297.338    293.637    -0.1352     4.6329     0.0841     0.0841     0.0481     0.0196      32075    22.2738     100.00     2.1048     1.8642         16 0.0000e+00
    922.026   80.60390  154.28080    934.000    -0.2665    -0.2665  29.097722  29.095915    34.8245    34.8221    297.429    293.389    -0.1302     4.6339     0.0830     0.0830     0.0472     0.0198      32103    22.2930     100.00     2.1051     1.8629         14 0.0000e+00
    923.011   80.60390  154.28080    935.000    -0.2668    -0.2668  29.097932  29.096221    34.8245    34.8223    297.562    291.570    -0.1353     4.6343     0.0841     0.0841     0.0469     0.0196      32131    22.3127     100.00     2.1056     1.8544         21 0.0000e+00
    923.996   80.60390  154.28080    936.000    -0.2663    -0.2662  29.098983  29.097244    34.8248    34.8224    297.604    292.934    -0.1526     4.6337     0.0840     0.0840     0.0474     0.0189      32158    22.3316     100.00     2.1056     1.8605         12 0.0000e+00
    924.981   80.60390  154.28079    937.000    -0.2655    -0.2656  29.100196  29.098370    34.8249    34.8226    297.661    291.485    -0.1687     4.6342     0.0841     0.0841     0.0470     0.0182      32187    22.3513     100.00     2.1057     1.8537         21 0.0000e+00
    925.966   80.60390  154.28078    938.000    -0.2653    -0.2653  29.100927  29.099070    34.8250    34.8226    297.574    280.899    -0.1329     4.6340     0.0851     0.0851     0.0472     0.0197      32214    22.3704     100.00     2.1051     1.8050         14 0.0000e+00
    926.950   80.60390  154.28078    939.000    -0.2657    -0.2658  29.101002  29.099325    34.8250    34.8229    297.491    298.652    -0.1346     4.6340     0.0838     0.0838     0.0472     0.0196      32242    22.3896     100.00     2.1044     1.8861         14 0.0000e+00
    927.935   80.60390  154.28078    940.000    -0.2667    -0.2667  29.100634  29.098901    34.8251    34.8228    297.376    298.362    -0.1346     4.6342     0.0830     0.0830     0.0470     0.0196      32270    22.4089     100.00     2.1035     1.8846         15 0.0000e+00
    928.921   80.60389  154.28078    941.000    -0.2664    -0.2665  29.101340  29.099582    34.8252    34.8229    297.261    296.389    -0.1347     4.6343     0.0862     0.0862     0.0469     0.0196      32298    22.4284     100.00     2.1027     1.8754         16 0.0000e+00
    929.905   80.60388  154.28077    942.000    -0.2664    -0.2663  29.101786  29.100076    34.8251    34.8228    297.139    288.817    -0.1699     4.6348     0.0840     0.0840     0.0465     0.0182      32325    22.4475     100.00     2.1019     1.8405         14 0.0000e+00
    930.890   80.60388  154.28076    943.000    -0.2672    -0.2673  29.101393  29.099620    34.8250    34.8227    297.001    280.584    -0.1360     4.6340     0.0851     0.0851     0.0472     0.0195      32353    22.4666     100.00     2.1008     1.8027         12 0.0000e+00
    931.875   80.60388  154.28076    944.000    -0.2706    -0.2706  29.099038  29.097174    34.8251    34.8226    296.960    287.928    -0.1322     4.6337     0.0838     0.0838     0.0474     0.0197      32381    22.4862     100.00     2.1002     1.8360         14 0.0000e+00
    932.860   80.60388  154.28076    945.000    -0.2726    -0.2726  29.097615  29.095892    34.8248    34.8226    297.004    293.883    -0.1653     4.6347     0.0841     0.0841     0.0466     0.0184      32409    22.5054     100.00     2.1001     1.8630         13 0.0000e+00
    933.845   80.60388  154.28076    946.000    -0.2747    -0.2747  29.096228  29.094457    34.8249    34.8225    297.173    308.263    -0.1373     4.6342     0.0839     0.0839     0.0470     0.0195      32437    22.5247     100.00     2.1008     1.9284         13 0.0000e+00
    934.830   80.60388  154.28076    947.000    -0.2766    -0.2765  29.094971  29.093229    34.8247    34.8224    297.289    283.481    -0.1544     4.6341     0.0832     0.0832     0.0471     0.0188      32464    22.5439     100.00     2.1011     1.8149         12 0.0000e+00
    935.815   80.60388  154.28076    948.000    -0.2781    -0.2781  29.094020  29.092301    34.8246    34.8223    297.193    290.874    -0.1318     4.6335     0.0851     0.0851     0.0476     0.0197      32492    22.5632     100.00     2.1003     1.8484         12 0.0000e+00
    936.800   80.60388  154.28075    949.000    -0.2798    -0.2798  29.093052  29.091301    34.8247    34.8223    297.118    300.503    -0.1344     4.6335     0.0845     0.0845     0.0476     0.0196      32520    22.5825     100.00     2.0996     1.8922         14 0.0000e+00
    937.785   80.60388  154.28074    950.000    -0.2800    -0.2801  29.093153  29.091427    34.8245    34.8223    297.270    299.418    -0.1290     4.6337     0.0851     0.0851     0.0474     0.0198      32548    22.6018     100.00     2.1002     1.8870         12 0.0000e+00
    938.770   80.60388  154.28074    951.000    -0.2803    -0.2803  29.093493  29.091706    34.8247    34.8223    297.522    291.695    -0.1324     4.6336     0.0836     0.0836     0.0475     0.0197      32576    22.6213     100.00     2.1013     1.8516         15 0.0000e+00
    939.755   80.60388  154.28074    952.000    -0.2799    -0.2800  29.094112  29.092473    34.8245    34.8223    297.733    290.729    -0.1367     4.6337     0.0830     0.0830     0.0474     0.0195      32603    22.6403     100.00     2.1022     1.8470         12 0.0000e+00
    940.740   80.60388  154.28074    953.000    -0.2796    -0.2797  29.094900  29.093199    34.8246    34.8225    297.834    280.618    -0.1324     4.6344     0.0835     0.0835     0.0468     0.0197      32631    22.6598     100.00     2.1026     1.8006         15 0.0000e+00
    941.724   80.60386  154.28073    954.000    -0.2770    -0.2771  29.097983  29.096204    34.8252    34.8229    297.858    288.661    -0.1363     4.6347     0.0852     0.0852     0.0466     0.0195      32658    22.6788     100.00     2.1027     1.8373         12 0.0000e+00
    942.709   80.60386  154.28072    955.000    -0.2710    -0.2710  29.104433  29.102799    34.8263    34.8242    297.862    291.962    -0.1577     4.6348     0.0849     0.0849     0.0465     0.0187      32686    22.6980     100.00     2.1028     1.8525         11 0.0000e+00
    943.694   80.60386  154.28072    956.000    -0.2690    -0.2689  29.106790  29.105119    34.8266    34.8244    297.798    308.246    -0.1507     4.6342     0.0840     0.0840     0.0470     0.0189      32714    22.7175     100.00     2.1023     1.9268         13 0.0000e+00
    944.679   80.60386  154.28072    957.000    -0.2673    -0.2674  29.108891  29.107109    34.8269    34.8246    297.659    304.729    -0.1485     4.6337     0.0841     0.0841     0.0474     0.0190      32742    22.7367     100.00     2.1015     1.9106         13 0.0000e+00
    945.664   80.60386  154.28072    958.000    -0.2656    -0.2656  29.111043  29.109304    34.8272    34.8249    297.707    285.109    -0.1585     4.6337     0.0840     0.0840     0.0474     0.0186      32770    22.7562     100.00     2.1016     1.8209         14 0.0000e+00
    946.649   80.60386  154.28072    959.000    -0.2658    -0.2658  29.111345  29.109567    34.8273    34.8249    297.527    291.535    -0.1347     4.6337     0.0845     0.0845     0.0474     0.0196      32798    22.7754     100.00     2.1003     1.8500         12 0.0000e+00
    947.634   80.60386  154.28072    960.000    -0.2667    -0.2668  29.111000  29.109241    34.8273    34.8250    297.378    290.612    -0.1367     4.6337     0.0851     0.0851     0.0474     0.0195      32826    22.7950     100.00     2.0993     1.8456         15 0.0000e+00
    948.618   80.60386  154.28070    961.000    -0.2685    -0.2686  29.110011  29.108183    34.8275    34.8251    297.346    289.796    -0.1343     4.6340     0.0831     0.0831     0.0472     0.0196      32853    22.8139     100.00     2.0988     1.8416         13 0.0000e+00
    949.603   80.60386  154.28070    962.000    -0.2693    -0.2693  29.109776  29.108013    34.8275    34.8252    297.165    296.774    -0.1327     4.6337     0.0832     0.0832     0.0474     0.0197      32881    22.8336     100.00     2.0976     1.8733         16 0.0000e+00
    950.588   80.60386  154.28070    963.000    -0.2699    -0.2700  29.109523  29.107809    34.8272    34.8251    297.034    288.271    -0.1343     4.6339     0.0842     0.0842     0.0473     0.0196      32909    22.8527     100.00     2.0967     1.8343         13 0.0000e+00
    951.573   80.60384  154.28070    964.000    -0.2713    -0.2712  29.108854  29.107177    34.8273    34.8251    296.999    293.453    -0.1748     4.6343     0.0841     0.0841     0.0469     0.0180      32936    22.8718     100.00     2.0962     1.8577         15 0.0000e+00
    952.558   80.60384  154.28070    965.000    -0.2710    -0.2711  29.109749  29.107994    34.8276    34.8254    297.013    294.659    -0.1558     4.6345     0.0848     0.0848     0.0468     0.0188      32964    22.8913     100.00     2.0961     1.8630         14 0.0000e+00
    953.543   80.60384  154.28068    966.000    -0.2718    -0.2718  29.109675  29.107961    34.8278    34.8255    297.185    284.774    -0.1303     4.6339     0.0840     0.0840     0.0472     0.0198      32992    22.9103     100.00     2.0968     1.8177         15 0.0000e+00
    954.527   80.60384  154.28068    967.000    -0.2705    -0.2705  29.111433  29.109708    34.8281    34.8258    297.162    286.215    -0.1330     4.6343     0.0846     0.0846     0.0469     0.0197      33020    22.9299     100.00     2.0965     1.8242         17 0.0000e+00
    955.512   80.60384  154.28068    968.000    -0.2679    -0.2678  29.114504  29.112723    34.8286    34.8262    297.202    300.158    -0.1702     4.6339     0.0845     0.0845     0.0472     0.0182      33048    22.9490     100.00     2.0966     1.8877         16 0.0000e+00
    956.497   80.60384  154.28068    969.000    -0.2657    -0.2657  29.117017  29.115275    34.8289    34.8266    297.280    299.059    -0.1582     4.6342     0.0835     0.0835     0.0470     0.0187      33075    22.9683     100.00     2.0969     1.8826         15 0.0000e+00
    957.482   80.60384  154.28068    970.000    -0.2607    -0.2606  29.122359  29.120722    34.8298    34.8275    297.347    290.618    -0.1340     4.6341     0.0842     0.0842     0.0471     0.0196      33103    22.9873     100.00     2.0973     1.8442         12 0.0000e+00
    958.467   80.60384  154.28066    971.000    -0.2595    -0.2595  29.124086  29.122365    34.8301    34.8278    297.395    290.830    -0.1290     4.6338     0.0851     0.0851     0.0473     0.0198      33131    23.0069     100.00     2.0974     1.8450         12 0.0000e+00
    959.451   80.60384  154.28066    972.000    -0.2582    -0.2583  29.125833  29.124008    34.8304    34.8281    297.320    286.354    -0.1346     4.6339     0.0846     0.0846     0.0472     0.0196      33159    23.0261     100.00     2.0969     1.8245         15 0.0000e+00
    960.436   80.60384  154.28066    973.000    -0.2572    -0.2572  29.127153  29.125464    34.8305    34.8282    297.245    285.871    -0.1367     4.6347     0.0842     0.0842     0.0466     0.0195      33186    23.0455     100.00     2.0963     1.8221         13 0.0000e+00
    961.421   80.60384  154.28066    974.000    -0.2575    -0.2575  29.127483  29.125732    34.8306    34.8283    297.078    290.314    -0.1482     4.6337     0.0846     0.0846     0.0475     0.0191      33214    23.0649     100.00     2.0952     1.8422         18 0.0000e+00
    962.406   80.60384  154.28066    975.000    -0.2581    -0.2581  29.127420  29.125582    34.8307    34.8283    296.978    306.182    -0.1274     4.6334     0.0853     0.0853     0.0477     0.0199      33242    23.0841     100.00     2.0944     1.9143         15 0.0000e+00
    963.391   80.60383  154.28065    976.000    -0.2590    -0.2591  29.126930  29.125244    34.8305    34.8283    296.670    293.399    -0.1294     4.6335     0.0844     0.0844     0.0476     0.0198      33270    23.1035     100.00     2.0925     1.8558         17 0.0000e+00
    964.375   80.60382  154.28064    977.000    -0.2595    -0.2594  29.127090  29.125416    34.8306    34.8283    296.512    289.517    -0.1330     4.6338     0.0849     0.0849     0.0473     0.0197      33298    23.1228     100.00     2.0914     1.8380         18 0.0000e+00
    965.360   80.60382  154.28064    978.000    -0.2583    -0.2582  29.128670  29.127037    34.8308    34.8285    296.464    279.923    -0.1480     4.6341     0.0828     0.0828     0.0471     0.0191      33326    23.1421     100.00     2.0910     1.7941         19 0.0000e+00
    966.345   80.60382  154.28064    979.000    -0.2580    -0.2580  29.129435  29.127755    34.8309    34.8287    296.496    307.274    -0.1453     4.6339     0.0827     0.0827     0.0473     0.0192      33354    23.1616     100.00     2.0910     1.9186         21 0.0000e+00
    967.330   80.60382  154.28064    980.000    -0.2602    -0.2602  29.127992  29.126316    34.8309    34.8287    296.531    292.064    -0.1600     4.6339     0.0845     0.0845     0.0473     0.0186      33381    23.1807     100.00     2.0908     1.8490         23 0.0000e+00
    968.315   80.60382  154.28064    981.000    -0.2629    -0.2630  29.126138  29.124213    34.8309    34.8285    296.590    294.245    -0.1325     4.6332     0.0846     0.0846     0.0479     0.0197      33409    23.2000     100.00     2.0909     1.8587         19 0.0000e+00
    969.299   80.60382  154.28062    982.000    -0.2662    -0.2663  29.123637  29.121832    34.8308    34.8285    296.544    276.960    -0.1331     4.6336     0.0832     0.0832     0.0474     0.0196      33436    23.2191     100.00     2.0902     1.7796         18 0.0000e+00
    970.284   80.60382  154.28062    983.000    -0.2683    -0.2683  29.122309  29.120571    34.8307    34.8284    296.470    287.315    -0.1349     4.6330     0.0830     0.0830     0.0480     0.0196      33464    23.2383     100.00     2.0895     1.8266         16 0.0000e+00
    971.269   80.60382  154.28062    984.000    -0.2668    -0.2668  29.124182  29.122372    34.8310    34.8287    296.317    291.722    -0.1567     4.6337     0.0847     0.0847     0.0474     0.0187      33492    23.2574     100.00     2.0885     1.8465         15 0.0000e+00
    972.254   80.60382  154.28062    985.000    -0.2676    -0.2677  29.123896  29.122191    34.8310    34.8288    296.300    289.880    -0.1343     4.6334     0.0844     0.0844     0.0477     0.0196      33520    23.2769     100.00     2.0882     1.8379         18 0.0000e+00
    973.238   80.60382  154.28062    986.000    -0.2677    -0.2676  29.124496  29.122761    34.8313    34.8289    296.185    297.154    -0.1449     4.6333     0.0840     0.0840     0.0478     0.0192      33547    23.2961     100.00     2.0874     1.8709         14 0.0000e+00
    974.223   80.60381  154.28062    987.000    -0.2681    -0.2681  29.124539  29.122858    34.8312    34.8290    296.242    285.023    -0.1542     4.6341     0.0850     0.0850     0.0470     0.0188      33576    23.3156     100.00     2.0874     1.8155         19 0.0000e+00
    975.208   80.60380  154.28061    988.000    -0.2695    -0.2695  29.123859  29.122118    34.8313    34.8290    296.244    291.094    -0.1324     4.6338     0.0844     0.0844     0.0473     0.0197      33602    23.3343     100.00     2.0872     1.8428         12 0.0000e+00
