Continuous CTD Data/SBE Stage/nabos_08_01avg.cnv
* Sea-Bird SBE 9 Data File:
* FileName = D:\CTD\data\HLY2502\raw\NABOS_08_01.hex
* Software Version Seasave V 7.26.7.110
* Temperature SN = 6954
* Conductivity SN = 2561
* Number of Bytes Per Scan = 37
* Number of Voltage Words = 4
* Number of Scans Averaged by the Deck Unit = 1
* NMEA Latitude = 76 01.68 N
* NMEA Longitude = 176 49.39 E
* NMEA UTC (Time) = Sep 14 2025  20:51:02
* NMEA baud rate = 9600
** Ship: USCG HEALY
** Bot. Depth:  554
** Cast Number:  01
** Station Name:  NABOS
** Station Number:  08
** Operator:  STARC
# nquan = 25
# nvalues = 559                         
# units = specified
# name 0 = depSM: Depth [salt water, m]
# name 1 = latitude: Latitude [deg]
# name 2 = longitude: Longitude [deg]
# name 3 = prDM: Pressure, Digiquartz [db]
# name 4 = t090C: Temperature [ITS-90, deg C]
# name 5 = t190C: Temperature, 2 [ITS-90, deg C]
# name 6 = c0mS/cm: Conductivity [mS/cm]
# name 7 = c1mS/cm: Conductivity, 2 [mS/cm]
# name 8 = sal00: Salinity, Practical [PSU]
# name 9 = sal11: Salinity, Practical, 2 [PSU]
# name 10 = sbox0Mm/Kg: Oxygen, SBE 43 [umol/kg]
# name 11 = sbox1Mm/Kg: Oxygen, SBE 43, 2 [umol/kg]
# name 12 = flECO-AFL: Fluorescence, WET Labs ECO-AFL/FL [mg/m^3]
# name 13 = v2: Voltage 2
# name 14 = wetCDOM: Fluorescence, WET Labs CDOM [mg/m^3]
# name 15 = v6: Voltage 6
# name 16 = CStarAt0: Beam Attenuation, WET Labs C-Star [1/m]
# name 17 = v3: Voltage 3
# name 18 = scan: Scan Count
# name 19 = timeM: Time, Elapsed [minutes]
# name 20 = altM: Altimeter [m]
# name 21 = sbeox0V: Oxygen raw, SBE 43 [V]
# name 22 = sbeox1V: Oxygen raw, SBE 43, 2 [V]
# name 23 = nbin: number of scans per bin
# name 24 = flag: flag
# span 0 =      2.969,    554.396       
# span 1 =   76.02832,   76.02960       
# span 2 =  176.81800,  176.82160       
# span 3 =      3.000,    561.000       
# span 4 =    -1.6886,     1.0736       
# span 5 =    -1.6880,     1.0735       
# span 6 =  22.656065,  29.926757       
# span 7 =  22.652725,  29.925094       
# span 8 =    27.9889,    34.8106       
# span 9 =    27.9849,    34.8085       
# span 10 =    296.324,    382.832      
# span 11 =    289.998,    374.077      
# span 12 =    -0.1800,     0.3503      
# span 13 =     4.5952,     4.6631      
# span 14 =     0.0694,     0.1223      
# span 15 =     0.0694,     0.1223      
# span 16 =     0.0221,     0.0808      
# span 17 =     0.0178,     0.0390      
# span 18 =       4989,      25072      
# span 19 =     3.4641,    17.4106      
# span 20 =       5.12,     100.00      
# span 21 =     2.2071,     2.6659      
# span 22 =     1.9385,     2.3133      
# span 23 =          7,         31      
# span 24 = 0.0000e+00, 0.0000e+00      
# interval = decibars: 1                
# start_time = Sep 14 2025 20:51:02 [NMEA time, header]
# bad_flag = -9.990e-29
*END*
[from data line 174]
    175.078   76.02880  176.82006    177.000     0.1050     0.1059  28.900510  28.899103    34.5921    34.5893    301.860    295.077    -0.1295     4.6593     0.0851     0.0851     0.0254     0.0198      12227     8.4905     100.00     2.3175     2.0262         17 0.0000e+00
    176.067   76.02880  176.82006    178.000     0.1495     0.1495  28.944130  28.942121    34.5990    34.5963    301.553    295.232    -0.1421     4.6592     0.0853     0.0853     0.0255     0.0193      12253     8.5082     100.00     2.3178     2.0288         17 0.0000e+00
    177.056   76.02880  176.82006    179.000     0.1568     0.1576  28.952245  28.951044    34.6009    34.5984    301.675    294.976    -0.1736     4.6592     0.0848     0.0848     0.0255     0.0180      12278     8.5255     100.00     2.3187     2.0277         14 0.0000e+00
    178.044   76.02880  176.82005    180.000     0.1964     0.1971  28.991950  28.990371    34.6080    34.6052    301.421    294.858    -0.1526     4.6590     0.0834     0.0834     0.0256     0.0189      12303     8.5431     100.00     2.3191     2.0287         14 0.0000e+00
    179.033   76.02880  176.82004    181.000     0.2163     0.2160  29.011701  29.009550    34.6110    34.6086    301.610    294.902    -0.1374     4.6590     0.0837     0.0837     0.0256     0.0195      12328     8.5607     100.00     2.3212     2.0296         12 0.0000e+00
    180.022   76.02880  176.82004    182.000     0.2281     0.2275  29.024495  29.022026    34.6140    34.6114    301.842    295.021    -0.1327     4.6592     0.0845     0.0845     0.0255     0.0197      12354     8.5783     100.00     2.3230     2.0305         15 0.0000e+00
    181.010   76.02880  176.82004    183.000     0.2409     0.2415  29.037841  29.036487    34.6167    34.6141    301.871    294.956    -0.1328     4.6588     0.0839     0.0839     0.0258     0.0197      12379     8.5958     100.00     2.3236     2.0306         16 0.0000e+00
    181.999   76.02880  176.82004    184.000     0.2663     0.2662  29.063715  29.061489    34.6214    34.6186    301.714    295.071    -0.1666     4.6581     0.0838     0.0838     0.0264     0.0183      12404     8.6135     100.00     2.3239     2.0322         15 0.0000e+00
    182.988   76.02880  176.82004    185.000     0.2880     0.2887  29.085143  29.083850    34.6247    34.6221    301.518    295.024    -0.1631     4.6581     0.0838     0.0838     0.0264     0.0185      12430     8.6310     100.00     2.3236     2.0328         15 0.0000e+00
    183.977   76.02882  176.82002    186.000     0.3184     0.3182  29.115401  29.113231    34.6296    34.6270    301.195    294.985    -0.1353     4.6573     0.0852     0.0852     0.0272     0.0196      12455     8.6486     100.00     2.3231     2.0337         15 0.0000e+00
    184.965   76.02882  176.82002    187.000     0.3499     0.3501  29.147790  29.145892    34.6362    34.6334    300.995    294.722    -0.1683     4.6576     0.0851     0.0851     0.0269     0.0183      12480     8.6662     100.00     2.3234     2.0336         16 0.0000e+00
    185.954   76.02882  176.82002    188.000     0.3830     0.3838  29.181018  29.179694    34.6420    34.6393    301.006    294.467    -0.1510     4.6575     0.0852     0.0852     0.0269     0.0189      12505     8.6836     100.00     2.3251     2.0337         15 0.0000e+00
    186.942   76.02882  176.82002    189.000     0.4002     0.4003  29.199397  29.197484    34.6461    34.6435    300.956    294.498    -0.1529     4.6579     0.0842     0.0842     0.0266     0.0189      12531     8.7013     100.00     2.3255     2.0344         15 0.0000e+00
    187.931   76.02882  176.82002    190.000     0.4161     0.4162  29.217026  29.215117    34.6508    34.6481    300.936    294.465    -0.1416     4.6571     0.0839     0.0839     0.0273     0.0193      12556     8.7188     100.00     2.3261     2.0348         13 0.0000e+00
    188.920   76.02882  176.82000    191.000     0.4373     0.4378  29.239349  29.237816    34.6556    34.6531    300.708    294.593    -0.1368     4.6572     0.0842     0.0842     0.0272     0.0195      12581     8.7364     100.00     2.3256     2.0362         13 0.0000e+00
    189.908   76.02882  176.82000    192.000     0.4688     0.4690  29.271870  29.269946    34.6623    34.6595    300.359    294.363    -0.1639     4.6571     0.0850     0.0850     0.0273     0.0184      12607     8.7540     100.00     2.3250     2.0363         13 0.0000e+00
    190.897   76.02882  176.82000    193.000     0.4797     0.4800  29.283198  29.281602    34.6642    34.6618    300.190    293.840    -0.1369     4.6572     0.0844     0.0844     0.0272     0.0195      12632     8.7716     100.00     2.3243     2.0339         14 0.0000e+00
    191.886   76.02882  176.82000    194.000     0.4801     0.4807  29.284583  29.283386    34.6650    34.6628    300.248    294.375    -0.1441     4.6573     0.0842     0.0842     0.0271     0.0192      12658     8.7892     100.00     2.3245     2.0365         16 0.0000e+00
    192.874   76.02882  176.82000    195.000     0.5136     0.5143  29.319460  29.318418    34.6724    34.6702    299.767    293.579    -0.1681     4.6570     0.0847     0.0847     0.0274     0.0183      12683     8.8071     100.00     2.3232     2.0338         19 0.0000e+00
    193.863   76.02882  176.81999    196.000     0.5429     0.5435  29.349773  29.348345    34.6785    34.6759    299.647    293.602    -0.1550     4.6570     0.0837     0.0837     0.0274     0.0188      12708     8.8243     100.00     2.3238     2.0350         13 0.0000e+00
    194.852   76.02882  176.81998    197.000     0.5520     0.5517  29.359803  29.357714    34.6808    34.6785    299.570    293.272    -0.1429     4.6572     0.0836     0.0836     0.0272     0.0193      12734     8.8421     100.00     2.3236     2.0335         17 0.0000e+00
    195.840   76.02883  176.81998    198.000     0.5556     0.5553  29.364127  29.362189    34.6818    34.6796    299.360    293.198    -0.1716     4.6570     0.0834     0.0834     0.0274     0.0181      12759     8.8596     100.00     2.3223     2.0331         16 0.0000e+00
    196.829   76.02884  176.81998    199.000     0.5681     0.5679  29.376445  29.374467    34.6833    34.6809    299.274    293.063    -0.1477     4.6576     0.0826     0.0826     0.0269     0.0191      12784     8.8772     100.00     2.3222     2.0328         18 0.0000e+00
    197.817   76.02884  176.81998    200.000     0.5889     0.5894  29.398046  29.396694    34.6876    34.6852    299.146    293.038    -0.1343     4.6572     0.0836     0.0836     0.0272     0.0196      12809     8.8946     100.00     2.3224     2.0334         17 0.0000e+00
    198.806   76.02884  176.81998    201.000     0.6109     0.6122  29.422035  29.421200    34.6935    34.6910    298.955    292.583    -0.1308     4.6574     0.0836     0.0836     0.0271     0.0197      12834     8.9122     100.00     2.3222     2.0319         16 0.0000e+00
    199.795   76.02884  176.81998    202.000     0.6291     0.6290  29.441123  29.439192    34.6974    34.6950    298.769    292.632    -0.1632     4.6580     0.0830     0.0830     0.0265     0.0185      12860     8.9299     100.00     2.3218     2.0328         18 0.0000e+00
    200.783   76.02884  176.81996    203.000     0.6306     0.6305  29.443537  29.441620    34.6983    34.6959    298.766    292.590    -0.1260     4.6571     0.0825     0.0825     0.0273     0.0199      12885     8.9473     100.00     2.3217     2.0324         16 0.0000e+00
    201.772   76.02884  176.81996    204.000     0.6316     0.6317  29.445217  29.443582    34.6988    34.6966    298.724    292.436    -0.1364     4.6577     0.0835     0.0835     0.0267     0.0195      12911     8.9650     100.00     2.3212     2.0315         17 0.0000e+00
    202.761   76.02884  176.81996    205.000     0.6319     0.6320  29.446303  29.444570    34.6993    34.6969    298.534    292.535    -0.1524     4.6579     0.0837     0.0837     0.0266     0.0189      12936     8.9828     100.00     2.3199     2.0318         20 0.0000e+00
    203.749   76.02884  176.81996    206.000     0.6322     0.6323  29.447163  29.445477    34.6995    34.6972    298.282    292.310    -0.1680     4.6577     0.0838     0.0838     0.0268     0.0183      12961     9.0003     100.00     2.3181     2.0305         17 0.0000e+00
    204.738   76.02884  176.81996    207.000     0.6340     0.6353  29.449929  29.449188    34.7004    34.6980    298.258    292.130    -0.1670     4.6587     0.0830     0.0830     0.0259     0.0183      12987     9.0181     100.00     2.3178     2.0295         20 0.0000e+00
    205.726   76.02884  176.81996    208.000     0.6573     0.6580  29.473291  29.472143    34.7042    34.7019    297.961    291.834    -0.1671     4.6581     0.0826     0.0826     0.0264     0.0183      13012     9.0357     100.00     2.3170     2.0288         19 0.0000e+00
    206.715   76.02884  176.81996    209.000     0.6979     0.6983  29.514918  29.513242    34.7122    34.7096    297.748    291.615    -0.1715     4.6578     0.0829     0.0829     0.0266     0.0181      13037     9.0529     100.00     2.3177     2.0293         14 0.0000e+00
    207.703   76.02884  176.81996    210.000     0.7132     0.7132  29.530761  29.528878    34.7151    34.7127    297.991    292.002    -0.1603     4.6581     0.0837     0.0837     0.0264     0.0186      13063     9.0708     100.00     2.3198     2.0318         18 0.0000e+00
    208.692   76.02886  176.81994    211.000     0.7127     0.7127  29.531298  29.529599    34.7158    34.7136    298.092    292.028    -0.1329     4.6588     0.0838     0.0838     0.0258     0.0197      13089     9.0886     100.00     2.3202     2.0317         18 0.0000e+00
    209.681   76.02886  176.81994    212.000     0.7124     0.7123  29.531868  29.530018    34.7163    34.7140    298.175    291.782    -0.1456     4.6580     0.0838     0.0838     0.0265     0.0191      13114     9.1061     100.00     2.3204     2.0302         18 0.0000e+00
    210.669   76.02886  176.81994    213.000     0.7118     0.7119  29.532096  29.530371    34.7166    34.7143    297.913    291.840    -0.1476     4.6582     0.0839     0.0839     0.0263     0.0191      13139     9.1238     100.00     2.3186     2.0303         19 0.0000e+00
    211.658   76.02886  176.81994    214.000     0.7116     0.7116  29.532531  29.530823    34.7169    34.7146    297.859    291.727    -0.1295     4.6580     0.0847     0.0847     0.0265     0.0198      13165     9.1414     100.00     2.3180     2.0295         19 0.0000e+00
    212.646   76.02886  176.81994    215.000     0.7116     0.7116  29.533257  29.531540    34.7171    34.7150    297.901    291.484    -0.1313     4.6582     0.0832     0.0832     0.0263     0.0197      13190     9.1588     100.00     2.3180     2.0280         17 0.0000e+00
    213.635   76.02886  176.81994    216.000     0.7116     0.7117  29.533891  29.532187    34.7174    34.7152    297.828    291.648    -0.1579     4.6586     0.0827     0.0827     0.0260     0.0187      13215     9.1764     100.00     2.3174     2.0287         18 0.0000e+00
    214.623   76.02886  176.81993    217.000     0.7116     0.7117  29.534471  29.532775    34.7175    34.7152    297.714    291.396    -0.1717     4.6584     0.0834     0.0834     0.0261     0.0181      13240     9.1938     100.00     2.3164     2.0272         15 0.0000e+00
    215.612   76.02886  176.81992    218.000     0.7117     0.7117  29.535183  29.533342    34.7178    34.7155    297.770    291.612    -0.1673     4.6581     0.0833     0.0833     0.0264     0.0183      13266     9.2115     100.00     2.3165     2.0281         16 0.0000e+00
    216.600   76.02886  176.81992    219.000     0.7131     0.7129  29.537283  29.535245    34.7184    34.7160    297.906    291.626    -0.1671     4.6583     0.0837     0.0837     0.0262     0.0183      13291     9.2292     100.00     2.3172     2.0280         19 0.0000e+00
    217.589   76.02886  176.81992    220.000     0.7657     0.7658  29.589838  29.587899    34.7271    34.7245    297.567    290.824    -0.1536     4.6581     0.0844     0.0844     0.0264     0.0188      13317     9.2469     100.00     2.3178     2.0261         16 0.0000e+00
    218.577   76.02886  176.81992    221.000     0.8086     0.8085  29.633774  29.631748    34.7356    34.7331    297.527    290.737    -0.1471     4.6584     0.0840     0.0840     0.0262     0.0191      13342     9.2644     100.00     2.3196     2.0274         18 0.0000e+00
    219.566   76.02886  176.81992    222.000     0.8192     0.8192  29.645938  29.644139    34.7389    34.7366    297.551    291.032    -0.1699     4.6582     0.0830     0.0830     0.0264     0.0182      13367     9.2820     100.00     2.3201     2.0292         18 0.0000e+00
    220.554   76.02886  176.81992    223.000     0.8192     0.8192  29.646768  29.645028    34.7394    34.7371    297.611    291.307    -0.1411     4.6577     0.0839     0.0839     0.0267     0.0193      13393     9.2997     100.00     2.3202     2.0305         17 0.0000e+00
    221.543   76.02888  176.81992    224.000     0.8195     0.8194  29.647813  29.646001    34.7399    34.7375    297.613    291.607    -0.1571     4.6577     0.0836     0.0836     0.0268     0.0187      13418     9.3173     100.00     2.3200     2.0318         19 0.0000e+00
    222.531   76.02888  176.81990    225.000     0.8202     0.8202  29.649104  29.647481    34.7401    34.7381    297.563    290.903    -0.1311     4.6586     0.0828     0.0828     0.0260     0.0197      13443     9.3347     100.00     2.3195     2.0280         16 0.0000e+00
    223.520   76.02888  176.81990    226.000     0.8205     0.8203  29.650036  29.648236    34.7404    34.7383    297.409    290.929    -0.1665     4.6581     0.0840     0.0840     0.0264     0.0183      13468     9.3522     100.00     2.3184     2.0280         16 0.0000e+00
    224.508   76.02888  176.81990    227.000     0.8205     0.8205  29.650655  29.649010    34.7406    34.7384    297.414    291.037    -0.1653     4.6582     0.0813     0.0813     0.0263     0.0184      13493     9.3698     100.00     2.3182     2.0283         17 0.0000e+00
    225.497   76.02888  176.81990    228.000     0.8208     0.8208  29.651470  29.649838    34.7407    34.7386    297.424    291.138    -0.1671     4.6584     0.0827     0.0827     0.0262     0.0183      13519     9.3875     100.00     2.3180     2.0287         18 0.0000e+00
    226.485   76.02888  176.81990    229.000     0.8212     0.8210  29.652516  29.650634    34.7410    34.7389    297.499    291.898    -0.1692     4.6579     0.0828     0.0828     0.0266     0.0182      13544     9.4047     100.00     2.3183     2.0324         15 0.0000e+00
    227.474   76.02888  176.81989    230.000     0.8419     0.8421  29.673871  29.672143    34.7449    34.7425    297.481    290.912    -0.1633     4.6585     0.0818     0.0818     0.0261     0.0184      13569     9.4225     100.00     2.3190     2.0281         16 0.0000e+00
    228.462   76.02888  176.81988    231.000     0.8480     0.8489  29.680199  29.679333    34.7458    34.7437    297.475    290.955    -0.1719     4.6589     0.0830     0.0830     0.0258     0.0181      13595     9.4401     100.00     2.3191     2.0284         19 0.0000e+00
    229.451   76.02888  176.81988    232.000     0.8699     0.8706  29.703324  29.701996    34.7506    34.7482    297.338    291.112    -0.1691     4.6584     0.0832     0.0832     0.0261     0.0182      13620     9.4575     100.00     2.3192     2.0300         15 0.0000e+00
    230.439   76.02888  176.81988    233.000     0.8947     0.8948  29.729762  29.728073    34.7565    34.7542    297.115    290.938    -0.1671     4.6584     0.0840     0.0840     0.0261     0.0183      13645     9.4749     100.00     2.3190     2.0300         14 0.0000e+00
