Continuous CTD Data/SBE Stage/nabos_03_02.cnv
* Sea-Bird SBE 9 Data File:
* FileName = D:\CTD\data\HLY2502\raw\NABOS_03_02.hex
* Software Version Seasave V 7.26.7.110
* Temperature SN = 6954
* Conductivity SN = 2561
* Number of Bytes Per Scan = 37
* Number of Voltage Words = 4
* Number of Scans Averaged by the Deck Unit = 1
* NMEA Latitude = 74 27.63 N
* NMEA Longitude = 169 54.47 E
* NMEA UTC (Time) = Sep 13 2025  07:50:08
* NMEA baud rate = 9600
** Ship: USCG HEALY
** Bot. Depth:  56
** Cast Number:  02
** Station Name:  NABOS
** Station Number:  03
** Operator:  STARC
** Target 46 m, bottles 24 leaked and 4 spigot leaked on cast 1
# nquan = 24
# nvalues = 15249                       
# units = specified
# name 0 = depSM: Depth [salt water, m]
# name 1 = latitude: Latitude [deg]
# name 2 = longitude: Longitude [deg]
# name 3 = prDM: Pressure, Digiquartz [db]
# name 4 = t090C: Temperature [ITS-90, deg C]
# name 5 = t190C: Temperature, 2 [ITS-90, deg C]
# name 6 = c0mS/cm: Conductivity [mS/cm]
# name 7 = c1mS/cm: Conductivity, 2 [mS/cm]
# name 8 = sal00: Salinity, Practical [PSU]
# name 9 = sal11: Salinity, Practical, 2 [PSU]
# name 10 = sbox0Mm/Kg: Oxygen, SBE 43 [umol/kg]
# name 11 = sbox1Mm/Kg: Oxygen, SBE 43, 2 [umol/kg]
# name 12 = flECO-AFL: Fluorescence, WET Labs ECO-AFL/FL [mg/m^3]
# name 13 = v2: Voltage 2
# name 14 = wetCDOM: Fluorescence, WET Labs CDOM [mg/m^3]
# name 15 = v6: Voltage 6
# name 16 = CStarAt0: Beam Attenuation, WET Labs C-Star [1/m]
# name 17 = v3: Voltage 3
# name 18 = scan: Scan Count
# name 19 = timeM: Time, Elapsed [minutes]
# name 20 = altM: Altimeter [m]
# name 21 = sbeox0V: Oxygen raw, SBE 43 [V]
# name 22 = sbeox1V: Oxygen raw, SBE 43, 2 [V]
# name 23 = flag:  0.000e+00
# span 0 =      4.135,     46.534       
# span 1 =   74.46046,   74.46058       
# span 2 =  169.90776,  169.91602       
# span 3 =      4.178,     47.026       
# span 4 =    -1.4896,    -1.0509       
# span 5 =    -1.4895,    -1.0630       
# span 6 =  22.132618,  26.600107       
# span 7 =  22.129395,  26.598907       
# span 8 =    27.1404,    33.1049       
# span 9 =    27.1393,    33.1026       
# span 10 =    178.516,    375.763      
# span 11 =    175.244,    366.708      
# span 12 =     0.0771,     2.6717      
# span 13 =     4.4383,     4.6325      
# span 14 =     0.0977,     0.1343      
# span 15 =     0.0977,     0.1343      
# span 16 =     0.0485,     0.2199      
# span 17 =     0.0281,     0.1319      
# span 18 =          1,      15249      
# span 19 =     0.0000,    10.5889      
# span 20 =       0.00,      54.73      
# span 21 =     1.5285,     2.6289      
# span 22 =     1.3783,     2.2809      
# span 23 = 0.0000e+00, 0.0000e+00      
# interval = seconds: 0.0416667
# start_time = Sep 13 2025 07:50:08 [NMEA time, header]
# bad_flag = -9.990e-29
*END*
[from data line 7548]
     37.440   74.46056  169.91060     37.836    -1.4413    -1.4412  24.259947  24.264208    30.1046    30.1103    271.136    263.719     1.0844     4.5714     0.1184     0.1184     0.1016     0.0684       7549     5.2417       0.02     2.0317     1.7838 -9.990e-29
     37.375   74.46056  169.91060     37.770    -1.4414    -1.4406  24.259484  24.263120    30.1041    30.1082    271.136    263.462     1.0844     4.5726     0.1184     0.1184     0.1005     0.0684       7550     5.2424       0.05     2.0317     1.7826 -9.990e-29
     37.440   74.46056  169.91060     37.836    -1.4417    -1.4409  24.259889  24.261652    30.1049    30.1065    271.354    263.216     1.0844     4.5726     0.1184     0.1184     0.1005     0.0684       7551     5.2431       0.05     2.0329     1.7814 -9.990e-29
     37.375   74.46056  169.91060     37.770    -1.4416    -1.4403  24.260236  24.262196    30.1053    30.1067    271.350    263.208     1.0844     4.5726     0.1184     0.1184     0.1005     0.0684       7552     5.2438       0.02     2.0329     1.7814 -9.990e-29
     37.375   74.46056  169.91060     37.770    -1.4418    -1.4404  24.260294  24.265785    30.1056    30.1117    271.351    263.453     1.0844     4.5726     0.1184     0.1184     0.1005     0.0684       7553     5.2444       0.05     2.0329     1.7826 -9.990e-29
     37.317   74.46056  169.91060     37.711    -1.4417    -1.4400  24.258328  24.271170    30.1029    30.1186    271.569    263.433     1.0844     4.5726     0.1184     0.1184     0.1005     0.0684       7554     5.2451       0.05     2.0341     1.7826 0.0000e+00
     37.375   74.46056  169.91060     37.770    -1.4417    -1.4397  24.255321  24.277045    30.0988    30.1263    271.365    263.417     1.0539     4.5726     0.1184     0.1184     0.1005     0.0672       7555     5.2458       0.05     2.0329     1.7826 -9.990e-29
     37.317   74.46056  169.91060     37.711    -1.4420    -1.4394  24.252026  24.281941    30.0946    30.1326    271.589    263.399     1.0844     4.5726     0.1184     0.1184     0.1005     0.0684       7556     5.2465       0.05     2.0341     1.7826 -9.990e-29
     37.317   74.46056  169.91060     37.711    -1.4423    -1.4392  24.250696  24.285423    30.0931    30.1372    271.595    263.388     1.0539     4.5726     0.1184     0.1184     0.1005     0.0672       7557     5.2472       0.05     2.0341     1.7826 -9.990e-29
     37.317   74.46056  169.91060     37.711    -1.4422    -1.4391  24.250869  24.285859    30.0932    30.1377    271.594    263.387     1.0844     4.5714     0.1184     0.1184     0.1016     0.0684       7558     5.2479       0.02     2.0341     1.7826 -9.990e-29
     37.317   74.46056  169.91060     37.711    -1.4425    -1.4392  24.250233  24.278514    30.0927    30.1278    271.813    263.408     1.0844     4.5726     0.1184     0.1184     0.1005     0.0684       7559     5.2486       0.02     2.0353     1.7826 -9.990e-29
     37.252   74.46056  169.91060     37.645    -1.4425    -1.4394  24.247458  24.263609    30.0889    30.1077    271.603    263.449     1.0539     4.5714     0.1184     0.1184     0.1016     0.0672       7560     5.2493       0.05     2.0341     1.7826 0.0000e+00
     37.284   74.46056  169.91060     37.678    -1.4423    -1.4407  24.243758  24.251482    30.0837    30.0926    271.830    263.492     1.0844     4.5714     0.1184     0.1184     0.1016     0.0684       7561     5.2500       0.02     2.0353     1.7826 -9.990e-29
     37.252   74.46056  169.91062     37.645    -1.4430    -1.4420  24.238151  24.249035    30.0767    30.0905    272.064    263.506     1.0844     4.5714     0.1184     0.1184     0.1016     0.0684       7562     5.2507       0.07     2.0366     1.7826 -9.990e-29
     37.252   74.46056  169.91062     37.645    -1.4434    -1.4421  24.231330  24.250883    30.0679    30.0932    272.302    263.756     1.0844     4.5702     0.1184     0.1184     0.1027     0.0684       7563     5.2514       0.05     2.0378     1.7838 -9.990e-29
     37.252   74.46056  169.91062     37.645    -1.4440    -1.4417  24.223470  24.252569    30.0578    30.0950    272.113    264.003     1.0539     4.5678     0.1184     0.1184     0.1048     0.0672       7564     5.2521       0.05     2.0366     1.7851 -9.990e-29
     37.194   74.46056  169.91062     37.587    -1.4449    -1.4415  24.219309  24.254744    30.0531    30.0978    272.344    263.994     1.0844     4.5665     0.1184     0.1184     0.1059     0.0684       7565     5.2528       0.05     2.0378     1.7851 0.0000e+00
     37.194   74.46056  169.91062     37.587    -1.4453    -1.4411  24.219598  24.257681    30.0538    30.1014    272.560    263.983     1.0844     4.5678     0.1184     0.1184     0.1048     0.0684       7566     5.2535       0.05     2.0390     1.7851 -9.990e-29
     37.252   74.46056  169.91062     37.645    -1.4454    -1.4406  24.220870  24.261108    30.0557    30.1055    272.345    264.227     1.0539     4.5678     0.1172     0.1172     0.1048     0.0672       7567     5.2542       0.05     2.0378     1.7863 -9.990e-29
     37.137   74.46056  169.91062     37.529    -1.4467    -1.4400  24.213068  24.260291    30.0464    30.1039    272.586    264.476     1.0539     4.5678     0.1172     0.1172     0.1048     0.0672       7568     5.2549       0.07     2.0390     1.7875 0.0000e+00
     37.194   74.46056  169.91062     37.587    -1.4482    -1.4406  24.199029  24.258007    30.0288    30.1014    272.639    264.488     1.0539     4.5678     0.1172     0.1172     0.1048     0.0672       7569     5.2556       0.05     2.0390     1.7875 -9.990e-29
     37.194   74.46056  169.91062     37.587    -1.4498    -1.4412  24.185569  24.253494    30.0122    30.0958    272.904    264.505     1.0844     4.5678     0.1172     0.1172     0.1048     0.0684       7570     5.2562       0.02     2.0402     1.7875 -9.990e-29
     37.137   74.46056  169.91062     37.529    -1.4514    -1.4420  24.175000  24.242292    29.9993    30.0814    272.942    264.794     1.0539     4.5678     0.1172     0.1172     0.1048     0.0672       7571     5.2569       0.05     2.0402     1.7887 -9.990e-29
     37.137   74.46056  169.91062     37.529    -1.4520    -1.4439  24.169803  24.226091    29.9929    30.0614    272.746    265.106     0.9928     4.5665     0.1172     0.1172     0.1059     0.0647       7572     5.2576       0.05     2.0390     1.7899 -9.990e-29
     37.137   74.46056  169.91062     37.529    -1.4526    -1.4459  24.170784  24.210546    29.9948    30.0422    272.962    265.417     0.9623     4.5678     0.1172     0.1172     0.1048     0.0635       7573     5.2583       0.05     2.0402     1.7912 -9.990e-29
     37.071   74.46056  169.91062     37.463    -1.4540    -1.4474  24.172805  24.194406    29.9990    30.0218    273.178    265.725     0.9928     4.5678     0.1172     0.1172     0.1048     0.0647       7574     5.2590       0.10     2.0414     1.7924 0.0000e+00
     37.137   74.46056  169.91062     37.529    -1.4540    -1.4490  24.172401  24.181802    29.9985    30.0062    273.182    265.773     0.9928     4.5678     0.1172     0.1172     0.1048     0.0647       7575     5.2597       0.05     2.0414     1.7924 -9.990e-29
     37.104   74.46056  169.91062     37.496    -1.4543    -1.4495  24.171189  24.178705    29.9971    30.0025    273.185    265.783     0.9623     4.5678     0.1172     0.1172     0.1048     0.0635       7576     5.2604       0.05     2.0414     1.7924 -9.990e-29
     37.014   74.46056  169.91062     37.405    -1.4538    -1.4507  24.170900  24.177727    29.9963    30.0024    273.180    266.045     0.9928     4.5678     0.1172     0.1172     0.1048     0.0647       7577     5.2611       0.05     2.0414     1.7936 0.0000e+00
     37.071   74.46056  169.91062     37.463    -1.4538    -1.4518  24.173383  24.174631    29.9996    29.9993    273.390    266.063     0.9928     4.5678     0.1172     0.1172     0.1048     0.0647       7578     5.2618       0.05     2.0427     1.7936 -9.990e-29
     37.014   74.46056  169.91062     37.405    -1.4531    -1.4527  24.178580  24.170232    30.0060    29.9943    273.368    265.824     0.9623     4.5665     0.1172     0.1172     0.1059     0.0635       7579     5.2625       0.05     2.0427     1.7924 -9.990e-29
     37.071   74.46056  169.91062     37.463    -1.4523    -1.4537  24.182970  24.164474    30.0112    29.9874    273.568    265.848     0.9928     4.5678     0.1172     0.1172     0.1048     0.0647       7580     5.2632       0.07     2.0439     1.7924 -9.990e-29
     37.071   74.46056  169.91062     37.463    -1.4519    -1.4541  24.187591  24.162085    30.0171    29.9845    273.337    265.857     0.9623     4.5678     0.1172     0.1172     0.1048     0.0635       7581     5.2639       0.05     2.0427     1.7924 -9.990e-29
     36.956   74.46056  169.91062     37.347    -1.4515    -1.4536  24.193887  24.162247    30.0253    29.9844    273.527    266.105     0.9928     4.5678     0.1172     0.1172     0.1048     0.0647       7582     5.2646       0.05     2.0439     1.7936 0.0000e+00
     37.014   74.46056  169.91062     37.405    -1.4507    -1.4524  24.195562  24.166429    30.0268    29.9887    273.519    266.087     0.9928     4.5678     0.1172     0.1172     0.1048     0.0647       7583     5.2653       0.05     2.0439     1.7936 -9.990e-29
     36.956   74.46056  169.91062     37.347    -1.4503    -1.4516  24.195909  24.168059    30.0269    29.9903    273.514    266.331     0.9928     4.5690     0.1172     0.1172     0.1037     0.0647       7584     5.2660       0.05     2.0439     1.7948 -9.990e-29
     36.956   74.46056  169.91062     37.347    -1.4505    -1.4522  24.201801  24.165669    30.0350    29.9876    273.497    266.341     0.9928     4.5690     0.1172     0.1172     0.1037     0.0647       7585     5.2667       0.05     2.0439     1.7948 -9.990e-29
     36.956   74.46056  169.91064     37.347    -1.4494    -1.4531  24.210699  24.165072    30.0460    29.9877    273.895    266.349     0.9928     4.5702     0.1172     0.1172     0.1027     0.0647       7586     5.2674       0.07     2.0463     1.7948 -9.990e-29
     36.956   74.46056  169.91064     37.347    -1.4489    -1.4533  24.216477  24.165778    30.0534    29.9889    273.875    266.093     0.9928     4.5690     0.1172     0.1172     0.1037     0.0647       7587     5.2681       0.05     2.0463     1.7936 -9.990e-29
     36.891   74.46056  169.91064     37.280    -1.4486    -1.4539  24.219367  24.167461    30.0571    29.9918    273.862    266.089     0.9623     4.5690     0.1172     0.1172     0.1037     0.0635       7588     5.2687       0.02     2.0463     1.7936 0.0000e+00
     36.956   74.46056  169.91064     37.347    -1.4484    -1.4536  24.220869  24.167298    30.0589    29.9912    273.859    265.835     0.9623     4.5690     0.1172     0.1172     0.1037     0.0635       7589     5.2694       0.02     2.0463     1.7924 -9.990e-29
     36.833   74.46056  169.91064     37.222    -1.4479    -1.4539  24.221100  24.166103    30.0587    29.9900    273.850    265.836     0.9928     4.5702     0.1172     0.1172     0.1027     0.0647       7590     5.2701       0.05     2.0463     1.7924 0.0000e+00
     36.891   74.46056  169.91064     37.280    -1.4471    -1.4533  24.220465  24.165452    30.0570    29.9884    273.849    265.836     0.9623     4.5690     0.1172     0.1172     0.1037     0.0635       7591     5.2708       0.05     2.0463     1.7924 -9.990e-29
     36.891   74.46056  169.91064     37.280    -1.4468    -1.4534  24.220811  24.165669    30.0572    29.9889    274.061    265.581     0.9928     4.5690     0.1172     0.1172     0.1037     0.0647       7592     5.2715       0.10     2.0475     1.7912 -9.990e-29
     36.800   74.46056  169.91064     37.189    -1.4465    -1.4534  24.222140  24.166375    30.0588    29.9899    274.052    266.086     0.9928     4.5690     0.1172     0.1172     0.1037     0.0647       7593     5.2722       0.07     2.0475     1.7936 0.0000e+00
     36.833   74.46056  169.91064     37.222    -1.4465    -1.4527  24.224452  24.168384    30.0619    29.9919    274.262    266.332     0.8707     4.5702     0.1172     0.1172     0.1027     0.0598       7594     5.2729       0.05     2.0488     1.7948 -9.990e-29
     36.833   74.46056  169.91064     37.222    -1.4460    -1.4527  24.225781  24.171589    30.0632    29.9962    274.040    266.323     0.6876     4.5690     0.1197     0.1197     0.1037     0.0525       7595     5.2736       0.05     2.0475     1.7948 -9.990e-29
     36.767   74.46056  169.91064     37.156    -1.4457    -1.4525  24.224914  24.173055    30.0618    29.9981    274.038    266.315     0.5960     4.5690     0.1197     0.1197     0.1037     0.0488       7596     5.2743       0.05     2.0475     1.7948 0.0000e+00
     36.767   74.46056  169.91064     37.156    -1.4459    -1.4525  24.222140  24.172023    30.0582    29.9967    274.263    266.318     0.6265     4.5690     0.1197     0.1197     0.1037     0.0501       7597     5.2750       0.05     2.0488     1.7948 -9.990e-29
     36.767   74.46056  169.91064     37.156    -1.4465    -1.4521  24.219251  24.170231    30.0548    29.9938    274.275    266.321     0.6265     4.5690     0.1197     0.1197     0.1037     0.0501       7598     5.2757       0.07     2.0488     1.7948 -9.990e-29
     36.767   74.46056  169.91064     37.156    -1.4465    -1.4519  24.218615  24.170937    30.0540    29.9946    274.277    266.572     0.6265     4.5690     0.1197     0.1197     0.1037     0.0501       7599     5.2764       0.05     2.0488     1.7960 -9.990e-29
     36.767   74.46056  169.91064     37.156    -1.4469    -1.4519  24.213010  24.171969    30.0468    29.9960    274.296    266.569     0.6265     4.5702     0.1197     0.1197     0.1027     0.0501       7600     5.2771       0.05     2.0488     1.7960 -9.990e-29
     36.710   74.46056  169.91064     37.098    -1.4491    -1.4525  24.195273  24.171046    30.0248    29.9954    274.575    266.828     0.6265     4.5690     0.1197     0.1197     0.1037     0.0501       7601     5.2778       0.05     2.0500     1.7973 0.0000e+00
     36.710   74.46056  169.91064     37.098    -1.4502    -1.4530  24.183258  24.169199    30.0096    29.9933    274.617    267.092     0.6265     4.5690     0.1197     0.1197     0.1037     0.0501       7602     5.2785       0.05     2.0500     1.7985 -9.990e-29
     36.710   74.46056  169.91064     37.098    -1.4501    -1.4537  24.185453  24.166646    30.0125    29.9906    274.825    267.358     0.6265     4.5690     0.1197     0.1197     0.1037     0.0501       7603     5.2792       0.05     2.0512     1.7997 -9.990e-29
     36.653   74.46056  169.91064     37.040    -1.4498    -1.4542  24.187821  24.166049    30.0155    29.9903    274.599    267.616     0.6265     4.5690     0.1197     0.1197     0.1037     0.0501       7604     5.2799       0.07     2.0500     1.8009 0.0000e+00
     36.710   74.46056  169.91064     37.098    -1.4528    -1.4544  24.182218  24.166538    30.0108    29.9911    274.636    267.617     0.6265     4.5690     0.1197     0.1197     0.1037     0.0501       7605     5.2806       0.07     2.0500     1.8009 -9.990e-29
     36.653   74.46056  169.91064     37.040    -1.4539    -1.4542  24.178060  24.166592    30.0063    29.9910    274.869    267.614     0.6265     4.5690     0.1197     0.1197     0.1037     0.0501       7606     5.2813       0.05     2.0512     1.8009 -9.990e-29
     36.653   74.46056  169.91064     37.040    -1.4535    -1.4536  24.175576  24.166429    30.0026    29.9902    275.089    267.611     0.6265     4.5690     0.1197     0.1197     0.1037     0.0501       7607     5.2819       0.05     2.0524     1.8009 -9.990e-29
