Continuous CTD Data/SBE Stage/nabos_24_01avg.cnv
* Sea-Bird SBE 9 Data File:
* FileName = D:\CTD\data\HLY2502\raw\NABOS_24_01.hex
* Software Version Seasave V 7.26.7.110
* Temperature SN = 6954
* Conductivity SN = 2561
* Number of Bytes Per Scan = 37
* Number of Voltage Words = 4
* Number of Scans Averaged by the Deck Unit = 1
* NMEA Latitude = 80 03.71 N
* NMEA Longitude = 166 45.25 E
* NMEA UTC (Time) = Sep 20 2025  03:03:27
* NMEA baud rate = 9600
** Ship: USCG HEALY
** Bot. Depth:  2722
** Cast Number:  01
** Station Name:  NABOS
** Station Number:  24
** Operator:  STARC
** 1200 target
# nquan = 25
# nvalues = 1215                        
# units = specified
# name 0 = depSM: Depth [salt water, m]
# name 1 = latitude: Latitude [deg]
# name 2 = longitude: Longitude [deg]
# name 3 = prDM: Pressure, Digiquartz [db]
# name 4 = t090C: Temperature [ITS-90, deg C]
# name 5 = t190C: Temperature, 2 [ITS-90, deg C]
# name 6 = c0mS/cm: Conductivity [mS/cm]
# name 7 = c1mS/cm: Conductivity, 2 [mS/cm]
# name 8 = sal00: Salinity, Practical [PSU]
# name 9 = sal11: Salinity, Practical, 2 [PSU]
# name 10 = sbox0Mm/Kg: Oxygen, SBE 43 [umol/kg]
# name 11 = sbox1Mm/Kg: Oxygen, SBE 43, 2 [umol/kg]
# name 12 = flECO-AFL: Fluorescence, WET Labs ECO-AFL/FL [mg/m^3]
# name 13 = v2: Voltage 2
# name 14 = wetCDOM: Fluorescence, WET Labs CDOM [mg/m^3]
# name 15 = v6: Voltage 6
# name 16 = CStarAt0: Beam Attenuation, WET Labs C-Star [1/m]
# name 17 = v3: Voltage 3
# name 18 = scan: Scan Count
# name 19 = timeM: Time, Elapsed [minutes]
# name 20 = altM: Altimeter [m]
# name 21 = sbeox0V: Oxygen raw, SBE 43 [V]
# name 22 = sbeox1V: Oxygen raw, SBE 43, 2 [V]
# name 23 = nbin: number of scans per bin
# name 24 = flag: flag
# span 0 =      2.968,   1200.608       
# span 1 =   80.06199,   80.06252       
# span 2 =  166.75282,  166.75638       
# span 3 =      3.000,   1217.000       
# span 4 =    -1.7084,     0.9844       
# span 5 =    -1.7081,     0.9845       
# span 6 =  25.032911,  29.871471       
# span 7 =  25.032129,  29.869402       
# span 8 =    31.4548,    34.8931       
# span 9 =    31.4530,    34.8909       
# span 10 =    290.212,    371.136      
# span 11 =    -45.034,    363.909      
# span 12 =    -0.1851,     0.3456      
# span 13 =     4.5634,     4.6397      
# span 14 =     0.0803,     0.1142      
# span 15 =     0.0803,     0.1142      
# span 16 =     0.0423,     0.1086      
# span 17 =     0.0176,     0.0388      
# span 18 =       3893,      40476      
# span 19 =     2.7027,    28.1077      
# span 20 =     100.00,     100.00      
# span 21 =     2.0166,     2.6145      
# span 22 =     0.3005,     2.2776      
# span 23 =          3,         28      
# span 24 = 0.0000e+00, 0.0000e+00      
# interval = decibars: 1                
# start_time = Sep 20 2025 03:03:27 [NMEA time, header]
# bad_flag = -9.990e-29
*END*
      2.968   80.06199  166.75417      3.000    -1.6943    -1.6951  25.044735  25.041344    31.4621    31.4583    370.886    363.909     0.2033     4.5634     0.1045     0.1045     0.1086     0.0332       3893     2.7027     100.00     2.6140     2.2776          3 0.0000e+00
      3.957   80.06200  166.75418      4.000    -1.7032    -1.7035  25.036035  25.034978    31.4590    31.4579    371.136    363.636     0.2183     4.5651     0.1038     0.1038     0.1072     0.0337       4365     3.0303     100.00     2.6145     2.2756         16 0.0000e+00
      4.947   80.06200  166.75418      5.000    -1.7044    -1.7046  25.032982  25.032863    31.4555    31.4555    371.064    363.663     0.2388     4.5650     0.1032     0.1032     0.1072     0.0346       4433     3.0779     100.00     2.6137     2.2754         23 0.0000e+00
      5.937   80.06200  166.75418      6.000    -1.7044    -1.7037  25.032911  25.032129    31.4548    31.4530    370.996    363.015     0.2569     4.5657     0.1039     0.1039     0.1066     0.0353       4501     3.1250     100.00     2.6130     2.2720         21 0.0000e+00
      6.926   80.06200  166.75418      7.000    -1.7062    -1.7058  25.035822  25.035730    31.4600    31.4596    370.998    363.538     0.2672     4.5657     0.1045     0.1045     0.1066     0.0357       4568     3.1712     100.00     2.6127     2.2743         22 0.0000e+00
      7.915   80.06201  166.75418      8.000    -1.7068    -1.7063  25.039528  25.038327    31.4652    31.4631    370.935    363.008     0.2712     4.5657     0.1037     0.1037     0.1066     0.0358       4630     3.2145     100.00     2.6121     2.2715         22 0.0000e+00
      8.905   80.06202  166.75418      9.000    -1.7067    -1.7065  25.040244  25.038812    31.4656    31.4633    370.824    362.700     0.2998     4.5653     0.1043     0.1043     0.1070     0.0370       4691     3.2566     100.00     2.6111     2.2698         25 0.0000e+00
      9.894   80.06202  166.75420     10.000    -1.7066    -1.7063  25.040945  25.039644    31.4658    31.4637    370.815    362.910     0.2993     4.5646     0.1050     0.1050     0.1076     0.0370       4750     3.2982     100.00     2.6108     2.2706         25 0.0000e+00
     10.883   80.06202  166.75420     11.000    -1.7066    -1.7065  25.041720  25.040408    31.4662    31.4644    370.558    363.488     0.3237     4.5656     0.1036     0.1036     0.1067     0.0380       4811     3.3404     100.00     2.6091     2.2732         25 0.0000e+00
     11.872   80.06202  166.75420     12.000    -1.7084    -1.7079  25.042028  25.040870    31.4680    31.4659    370.589    363.423     0.3307     4.5656     0.1051     0.1051     0.1067     0.0383       4872     3.3825     100.00     2.6089     2.2726         27 0.0000e+00
     12.862   80.06202  166.75420     13.000    -1.7084    -1.7081  25.043464  25.042173    31.4694    31.4673    370.678    363.054     0.3192     4.5668     0.1045     0.1045     0.1057     0.0378       4932     3.4244     100.00     2.6092     2.2706         23 0.0000e+00
     13.851   80.06202  166.75420     14.000    -1.7073    -1.7068  25.047441  25.046543    31.4730    31.4713    370.510    362.957     0.3456     4.5668     0.1045     0.1045     0.1057     0.0388       4993     3.4664     100.00     2.6081     2.2700         24 0.0000e+00
     14.841   80.06202  166.75420     15.000    -1.7064    -1.7059  25.052301  25.051640    31.4782    31.4769    370.267    363.505     0.3417     4.5673     0.1059     0.1059     0.1052     0.0387       5054     3.5088     100.00     2.6066     2.2725         27 0.0000e+00
     15.830   80.06202  166.75420     16.000    -1.7071    -1.7067  25.055425  25.054434    31.4827    31.4809    370.291    363.227     0.3360     4.5678     0.1040     0.1040     0.1048     0.0385       5114     3.5507     100.00     2.6065     2.2710         23 0.0000e+00
     16.819   80.06202  166.75420     17.000    -1.7072    -1.7070  25.056169  25.054888    31.4833    31.4812    370.387    362.994     0.3252     4.5665     0.1044     0.1044     0.1059     0.0380       5175     3.5929     100.00     2.6067     2.2696         23 0.0000e+00
     17.809   80.06202  166.75422     18.000    -1.7073    -1.7068  25.056766  25.055883    31.4836    31.4818    370.374    363.256     0.3174     4.5679     0.1035     0.1035     0.1047     0.0377       5235     3.6350     100.00     2.6063     2.2706         24 0.0000e+00
     18.798   80.06202  166.75422     19.000    -1.7072    -1.7069  25.057664  25.056442    31.4841    31.4821    370.185    363.334     0.3225     4.5684     0.1041     0.1041     0.1042     0.0379       5296     3.6773     100.00     2.6050     2.2708         28 0.0000e+00
     19.787   80.06202  166.75422     20.000    -1.7073    -1.7070  25.058509  25.057289    31.4848    31.4827    370.356    362.948     0.3202     4.5680     0.1040     0.1040     0.1046     0.0378       5357     3.7191     100.00     2.6057     2.2687         25 0.0000e+00
     20.777   80.06202  166.75422     21.000    -1.7069    -1.7064  25.062352  25.061884    31.4891    31.4879    370.597    362.817     0.3159     4.5684     0.1045     0.1045     0.1042     0.0377       5417     3.7613     100.00     2.6069     2.2679         23 0.0000e+00
     21.766   80.06202  166.75422     22.000    -1.7028    -1.7024  25.083866  25.083243    31.5138    31.5125    370.369    363.857     0.3057     4.5691     0.1045     0.1045     0.1036     0.0372       5477     3.8029     100.00     2.6060     2.2733         22 0.0000e+00
     22.755   80.06202  166.75422     23.000    -1.6988    -1.6985  25.097015  25.095298    31.5270    31.5244    369.806    361.393     0.2870     4.5692     0.1038     0.1038     0.1036     0.0364       5538     3.8449     100.00     2.6030     2.2615         28 0.0000e+00
     23.745   80.06202  166.75423     24.000    -1.6934    -1.6926  25.127909  25.129445    31.5634    31.5646    369.667    291.330     0.2767     4.5694     0.1044     0.1044     0.1033     0.0360       5597     3.8863     100.00     2.6029     1.9241         22 0.0000e+00
     24.734   80.06202  166.75424     25.000    -1.6610    -1.6604  25.316410  25.317715    31.7881    31.7892    368.702    296.637     0.2286     4.5697     0.1076     0.1076     0.1032     0.0342       5655     3.9265     100.00     2.6029     1.9537         22 0.0000e+00
     25.723   80.06204  166.75424     26.000    -1.6542    -1.6541  25.431858  25.432897    31.9394    31.9407    368.004    361.142     0.1549     4.5714     0.1119     0.1119     0.1016     0.0312       5710     3.9647     100.00     2.6016     2.2678         19 0.0000e+00
     26.712   80.06204  166.75424     27.000    -1.6658    -1.6656  25.482678  25.481524    32.0214    32.0197    366.582    308.339     0.1038     4.5753     0.1140     0.1140     0.0983     0.0291       5766     4.0036     100.00     2.5938     2.0123         20 0.0000e+00
     27.702   80.06204  166.75424     28.000    -1.6717    -1.6714  25.496264  25.495141    32.0460    32.0441    363.904    303.908     0.1058     4.5804     0.1141     0.1141     0.0938     0.0292       5821     4.0414     100.00     2.5782     1.9906         17 0.0000e+00
     28.691   80.06204  166.75424     29.000    -1.6725    -1.6722  25.515310  25.514181    32.0726    32.0706    361.529    297.933     0.1058     4.5851     0.1142     0.1142     0.0896     0.0292       5874     4.0787     100.00     2.5647     1.9617         17 0.0000e+00
     29.680   80.06204  166.75426     30.000    -1.6574    -1.6573  25.552339  25.551165    32.1067    32.1050    359.788    263.363     0.0743     4.5881     0.1136     0.1136     0.0870     0.0280       5925     4.1137     100.00     2.5560     1.7950         18 0.0000e+00
     30.670   80.06204  166.75426     31.000    -1.6432    -1.6433  25.584874  25.583435    32.1356    32.1337    359.287    257.027     0.1034     4.5929     0.1120     0.1120     0.0828     0.0291       5975     4.1488     100.00     2.5542     1.7650         19 0.0000e+00
     31.659   80.06204  166.75426     32.000    -1.6633    -1.6630  25.592553  25.591323    32.1674    32.1654    361.891    -45.034     0.0320     4.5965     0.1135     0.1135     0.0797     0.0263       6026     4.1838     100.00     2.5681     0.3005         14 0.0000e+00
     32.648   80.06204  166.75426     33.000    -1.6543    -1.6540  25.625315  25.624312    32.2023    32.2006    362.829    350.294     0.0365     4.5979     0.1138     0.1138     0.0786     0.0265       6076     4.2191     100.00     2.5743     2.2171         18 0.0000e+00
     33.637   80.06204  166.75426     34.000    -1.6482    -1.6480  25.658693  25.657629    32.2412    32.2395    359.455    340.775     0.0827     4.5984     0.1092     0.1092     0.0780     0.0283       6127     4.2545     100.00     2.5557     2.1716         17 0.0000e+00
     34.627   80.06204  166.75427     35.000    -1.6510    -1.6507  25.689144  25.688059    32.2857    32.2839    360.662    318.590     0.0993     4.5999     0.1093     0.1093     0.0767     0.0290       6178     4.2896     100.00     2.5629     2.0642         15 0.0000e+00
     35.616   80.06204  166.75428     36.000    -1.6536    -1.6533  25.710013  25.708923    32.3166    32.3148    363.751    274.540     0.1359     4.6029     0.1075     0.1075     0.0741     0.0304       6229     4.3248     100.00     2.5807     1.8505         15 0.0000e+00
     36.605   80.06204  166.75428     37.000    -1.6577    -1.6573  25.730753  25.729725    32.3492    32.3474    367.332    287.006     0.0746     4.6045     0.1085     0.1085     0.0727     0.0280       6279     4.3595     100.00     2.6013     1.9110         14 0.0000e+00
     37.594   80.06204  166.75428     38.000    -1.6659    -1.6656  25.744492  25.743460    32.3765    32.3747    366.903    278.720     0.0565     4.6042     0.1096     0.1096     0.0730     0.0273       6329     4.3948     100.00     2.5985     1.8706         15 0.0000e+00
     38.584   80.06204  166.75428     39.000    -1.6728    -1.6726  25.769779  25.768807    32.4184    32.4168    364.149    268.919     0.0319     4.6053     0.1097     0.1097     0.0721     0.0263       6381     4.4306     100.00     2.5826     1.8230         19 0.0000e+00
     39.573   80.06204  166.75428     40.000    -1.6802    -1.6799  25.803268  25.802549    32.4722    32.4709    362.017    267.232     0.0285     4.6055     0.1087     0.1087     0.0719     0.0261       6431     4.4656     100.00     2.5705     1.8149         17 0.0000e+00
     40.562   80.06204  166.75429     41.000    -1.6860    -1.6857  25.833909  25.832841    32.5204    32.5185    361.218    269.133    -0.0147     4.6055     0.1074     0.1074     0.0719     0.0244       6482     4.5010     100.00     2.5661     1.8242         16 0.0000e+00
     41.551   80.06204  166.75430     42.000    -1.6830    -1.6824  25.872035  25.871521    32.5692    32.5678    360.637    237.276    -0.0131     4.6068     0.1057     0.1057     0.0707     0.0245       6534     4.5367     100.00     2.5635     1.6701         21 0.0000e+00
     42.540   80.06204  166.75430     43.000    -1.6723    -1.6717  25.931621  25.930961    32.6393    32.6377    360.905    349.483    -0.0237     4.6077     0.1078     0.1078     0.0700     0.0240       6584     4.5716     100.00     2.5666     2.2159         17 0.0000e+00
     43.530   80.06204  166.75430     44.000    -1.6833    -1.6828  25.971709  25.970748    32.7062    32.7044    359.954    305.718    -0.0460     4.6092     0.1060     0.1060     0.0687     0.0232       6635     4.6070     100.00     2.5612     2.0034         17 0.0000e+00
     44.519   80.06204  166.75430     45.000    -1.6745    -1.6741  26.012146  26.011158    32.7519    32.7501    357.804    321.594    -0.0496     4.6101     0.1041     0.1041     0.0679     0.0230       6686     4.6427     100.00     2.5499     2.0813         20 0.0000e+00
     45.508   80.06204  166.75430     46.000    -1.6646    -1.6641  26.040570  26.040059    32.7797    32.7785    356.402    348.560    -0.0504     4.6117     0.1042     0.1042     0.0665     0.0230       6737     4.6778     100.00     2.5426     2.2130         17 0.0000e+00
     46.497   80.06205  166.75430     47.000    -1.6354    -1.6349  26.107957  26.107316    32.8401    32.8387    354.572    314.114    -0.0450     4.6119     0.1040     0.1040     0.0663     0.0232       6788     4.7133     100.00     2.5346     2.0474         20 0.0000e+00
     47.486   80.06206  166.75432     48.000    -1.6100    -1.6093  26.160555  26.160478    32.8841    32.8832    353.059    284.419    -0.0465     4.6119     0.1045     0.1045     0.0664     0.0231       6839     4.7489     100.00     2.5279     1.9044         21 0.0000e+00
     48.476   80.06206  166.75432     49.000    -1.5767    -1.5758  26.245238  26.245679    32.9637    32.9632    350.689    272.040    -0.0600     4.6148     0.1043     0.1043     0.0639     0.0226       6890     4.7841     100.00     2.5173     1.8460         21 0.0000e+00
     49.465   80.06206  166.75432     50.000    -1.5541    -1.5543  26.321675  26.320380    33.0435    33.0419    347.783    261.495    -0.0559     4.6148     0.1044     0.1044     0.0639     0.0228       6941     4.8195     100.00     2.5029     1.7960         20 0.0000e+00
     50.454   80.06206  166.75432     51.000    -1.5960    -1.5959  26.322047  26.320893    33.0900    33.0883    345.390    239.841    -0.0864     4.6153     0.1037     0.1037     0.0634     0.0216       6991     4.8543     100.00     2.4870     1.6891         16 0.0000e+00
     51.443   80.06206  166.75432     52.000    -1.6123    -1.6121  26.335296  26.334388    33.1258    33.1244    343.719    230.576    -0.0831     4.6167     0.1036     0.1036     0.0621     0.0217       7043     4.8899     100.00     2.4767     1.6435         21 0.0000e+00
     52.433   80.06206  166.75432     53.000    -1.6028    -1.6022  26.376693  26.376389    33.1719    33.1708    343.010    224.145    -0.0847     4.6175     0.1033     0.1033     0.0615     0.0216       7093     4.9253     100.00     2.4737     1.6127         20 0.0000e+00
     53.422   80.06206  166.75432     54.000    -1.5811    -1.5803  26.427162  26.427490    33.2169    33.2164    342.939    331.940    -0.0799     4.6177     0.1041     0.1041     0.0613     0.0218       7144     4.9606     100.00     2.4750     2.1403         22 0.0000e+00
     54.411   80.06206  166.75433     55.000    -1.5740    -1.5744  26.475468  26.474303    33.2751    33.2739    342.108    336.433    -0.0832     4.6180     0.1038     0.1038     0.0610     0.0217       7195     4.9956     100.00     2.4713     2.1630         20 0.0000e+00
     55.400   80.06206  166.75434     56.000    -1.6350    -1.6347  26.466136  26.465312    33.3300    33.3284    340.892    335.589    -0.0809     4.6182     0.1032     0.1032     0.0608     0.0218       7246     5.0310     100.00     2.4611     2.1564         17 0.0000e+00
     56.389   80.06206  166.75434     57.000    -1.6134    -1.6127  26.506021  26.505555    33.3603    33.3589    339.654    333.802    -0.0892     4.6188     0.1021     0.1021     0.0603     0.0215       7296     5.0663     100.00     2.4555     2.1489         18 0.0000e+00
     57.378   80.06206  166.75434     58.000    -1.5924    -1.5920  26.545612  26.544616    33.3909    33.3891    339.079    332.958    -0.0703     4.6205     0.1033     0.1033     0.0589     0.0222       7347     5.1015     100.00     2.4536     2.1460         20 0.0000e+00
     58.367   80.06206  166.75434     59.000    -1.5833    -1.5830  26.578466  26.578580    33.4255    33.4254    337.555    332.178    -0.0810     4.6209     0.1041     0.1041     0.0585     0.0218       7398     5.1369     100.00     2.4456     2.1429         21 0.0000e+00
