Continuous CTD Data/SBE Stage/nabos_36_01.ros
* Sea-Bird SBE 9 Data File:
* FileName = D:\CTD\data\HLY2502\raw\NABOS_36_01.hex
* Software Version Seasave V 7.26.7.110
* Temperature SN = 6954
* Conductivity SN = 2561
* Number of Bytes Per Scan = 37
* Number of Voltage Words = 4
* Number of Scans Averaged by the Deck Unit = 1
* NMEA Latitude = 79 18.82 N
* NMEA Longitude = 132 49.52 E
* NMEA UTC (Time) = Sep 24 2025  16:01:06
* NMEA baud rate = 9600
** Ship: USCG HEALY
** Bot. Depth:  3158
** Cast Number:  01
** Station Name:  NABOS
** Station Number:  36
** Operator:  STARC
# nquan = 25
# nvalues = 1078                                  
# units = specified
# name 0 = depSM: Depth [salt water, m]
# name 1 = latitude: Latitude [deg]
# name 2 = longitude: Longitude [deg]
# name 3 = prDM: Pressure, Digiquartz [db]
# name 4 = t090C: Temperature [ITS-90, deg C]
# name 5 = t190C: Temperature, 2 [ITS-90, deg C]
# name 6 = c0mS/cm: Conductivity [mS/cm]
# name 7 = c1mS/cm: Conductivity, 2 [mS/cm]
# name 8 = sal00: Salinity, Practical [PSU]
# name 9 = sal11: Salinity, Practical, 2 [PSU]
# name 10 = sbox0Mm/Kg: Oxygen, SBE 43 [umol/kg]
# name 11 = sbox1Mm/Kg: Oxygen, SBE 43, 2 [umol/kg]
# name 12 = flECO-AFL: Fluorescence, WET Labs ECO-AFL/FL [mg/m^3]
# name 13 = v2: Voltage 2
# name 14 = wetCDOM: Fluorescence, WET Labs CDOM [mg/m^3]
# name 15 = v6: Voltage 6
# name 16 = CStarAt0: Beam Attenuation, WET Labs C-Star [1/m]
# name 17 = v3: Voltage 3
# name 18 = scan: Scan Count
# name 19 = timeM: Time, Elapsed [minutes]
# name 20 = altM: Altimeter [m]
# name 21 = sbeox0V: Oxygen raw, SBE 43 [V]
# name 22 = sbeox1V: Oxygen raw, SBE 43, 2 [V]
# name 23 = nbf: Bottles Fired
# name 24 = flag:  0.000e+00
# interval = seconds: 0.0416667
# start_time = Sep 24 2025 16:01:06 [NMEA time, header]
# bad_flag = -9.990e-29
*END*
[from data line 232]
    300.281   79.31974  132.80832    303.708     1.6939     1.6942  30.548268  30.546614    34.8741    34.8716    294.838    289.262    -0.1671     4.6288     0.0818     0.0818     0.0517     0.0183      75056    52.1215     100.00     2.3310     2.0428          5  0.000e+00
    300.281   79.31974  132.80832    303.708     1.6941     1.6941  30.548268  30.546851    34.8739    34.8721    294.837    289.262    -0.1671     4.6288     0.0830     0.0830     0.0517     0.0183      75057    52.1222     100.00     2.3310     2.0428          5  0.000e+00
    300.240   79.31974  132.80832    303.667     1.6941     1.6938  30.548457  30.546791    34.8742    34.8724    295.031    289.262    -0.1671     4.6288     0.0830     0.0830     0.0517     0.0183      75058    52.1229     100.00     2.3322     2.0428          5  0.000e+00
    300.281   79.31974  132.80832    303.708     1.6939     1.6938  30.548520  30.546673    34.8744    34.8722    294.838    289.264    -0.1671     4.6288     0.0806     0.0806     0.0517     0.0183      75059    52.1236     100.00     2.3310     2.0428          5  0.000e+00
    300.281   79.31974  132.80832    303.708     1.6939     1.6938  30.548331  30.546200    34.8741    34.8716    294.838    289.033    -0.1976     4.6288     0.0806     0.0806     0.0517     0.0171      75060    52.1243     100.00     2.3310     2.0416          5  0.000e+00
    300.281   79.31974  132.80832    303.708     1.6941     1.6938  30.548268  30.546082    34.8739    34.8715    295.034    288.802    -0.1366     4.6288     0.0794     0.0794     0.0517     0.0195      75061    52.1250     100.00     2.3322     2.0403          5  0.000e+00
    300.306   79.31974  132.80832    303.733     1.6942     1.6938  30.548268  30.546496    34.8737    34.8720    295.034    288.801    -0.1671     4.6300     0.0806     0.0806     0.0506     0.0183      75062    52.1257     100.00     2.3322     2.0403          5  0.000e+00
    300.281   79.31974  132.80832    303.708     1.6939     1.6939  30.548268  30.546673    34.8741    34.8721    294.838    289.031    -0.1671     4.6288     0.0806     0.0806     0.0517     0.0183      75063    52.1264     100.00     2.3310     2.0416          5  0.000e+00
    300.281   79.31974  132.80832    303.708     1.6939     1.6938  30.548457  30.546673    34.8743    34.8722    294.838    289.264    -0.1671     4.6288     0.0806     0.0806     0.0517     0.0183      75064    52.1271     100.00     2.3310     2.0428          5  0.000e+00
    300.281   79.31974  132.80832    303.708     1.6938     1.6939  30.548520  30.546673    34.8746    34.8721    295.035    289.496    -0.1671     4.6300     0.0806     0.0806     0.0506     0.0183      75065    52.1278     100.00     2.3322     2.0440          5  0.000e+00
    300.240   79.31974  132.80832    303.667     1.6939     1.6941  30.548520  30.546436    34.8744    34.8716    294.836    289.494    -0.1366     4.6288     0.0806     0.0806     0.0517     0.0195      75066    52.1285     100.00     2.3310     2.0440          5  0.000e+00
    300.338   79.31974  132.80832    303.767     1.6941     1.6938  30.548583  30.546614    34.8743    34.8721    295.035    289.499    -0.1671     4.6288     0.0806     0.0806     0.0517     0.0183      75067    52.1292     100.00     2.3322     2.0440          5  0.000e+00
    300.281   79.31974  132.80832    303.708     1.6938     1.6939  30.548080  30.546436    34.8740    34.8718    295.036    289.496    -0.1671     4.6288     0.0806     0.0806     0.0517     0.0183      75068    52.1299     100.00     2.3322     2.0440          5  0.000e+00
    249.987   79.32020  132.80804    252.809     1.8445     1.8445  30.649624  30.647795    34.8652    34.8629    294.707    289.537    -0.1671     4.6288     0.0818     0.0818     0.0517     0.0183      79042    54.8896     100.00     2.3501     2.0608          6  0.000e+00
    250.053   79.32020  132.80804    252.876     1.8447     1.8446  30.649435  30.647736    34.8647    34.8626    294.708    289.539    -0.1976     4.6300     0.0818     0.0818     0.0506     0.0171      79043    54.8903     100.00     2.3501     2.0608          6  0.000e+00
    250.053   79.32020  132.80804    252.876     1.8446     1.8445  30.649372  30.647736    34.8646    34.8628    294.709    289.540    -0.1671     4.6288     0.0818     0.0818     0.0517     0.0183      79044    54.8910     100.00     2.3501     2.0608          6  0.000e+00
    249.987   79.32020  132.80804    252.809     1.8447     1.8447  30.649624  30.647795    34.8649    34.8626    294.705    289.536    -0.1671     4.6288     0.0818     0.0818     0.0517     0.0183      79045    54.8917     100.00     2.3501     2.0608          6  0.000e+00
    250.053   79.32020  132.80804    252.876     1.8448     1.8446  30.649687  30.647973    34.8649    34.8629    294.513    289.538    -0.1671     4.6288     0.0818     0.0818     0.0517     0.0183      79046    54.8924     100.00     2.3489     2.0608          6  0.000e+00
    249.987   79.32020  132.80804    252.809     1.8447     1.8448  30.649750  30.647854    34.8651    34.8626    294.705    289.535    -0.1671     4.6288     0.0818     0.0818     0.0517     0.0183      79047    54.8931     100.00     2.3501     2.0608          6  0.000e+00
    250.053   79.32020  132.80804    252.876     1.8446     1.8446  30.649939  30.647973    34.8653    34.8629    294.707    289.309    -0.1671     4.6300     0.0818     0.0818     0.0506     0.0183      79048    54.8937     100.00     2.3501     2.0596          6  0.000e+00
    249.987   79.32020  132.80804    252.809     1.8445     1.8446  30.649120  30.648091    34.8645    34.8631    294.708    289.306    -0.1671     4.6288     0.0818     0.0818     0.0517     0.0183      79049    54.8944     100.00     2.3501     2.0596          6  0.000e+00
    249.987   79.32020  132.80804    252.809     1.8443     1.8446  30.649057  30.647854    34.8646    34.8628    294.515    289.307    -0.1671     4.6288     0.0818     0.0818     0.0517     0.0183      79050    54.8951     100.00     2.3489     2.0596          6  0.000e+00
    250.053   79.32020  132.80804    252.876     1.8444     1.8446  30.649309  30.647973    34.8648    34.8629    294.516    289.538    -0.1976     4.6288     0.0818     0.0818     0.0517     0.0171      79051    54.8958     100.00     2.3489     2.0608          6  0.000e+00
    249.987   79.32020  132.80804    252.809     1.8441     1.8446  30.649183  30.647854    34.8650    34.8628    294.515    289.536    -0.1671     4.6288     0.0818     0.0818     0.0517     0.0183      79052    54.8965     100.00     2.3489     2.0608          6  0.000e+00
    249.987   79.32020  132.80804    252.809     1.8444     1.8445  30.648931  30.647321    34.8644    34.8623    294.709    289.538    -0.1671     4.6300     0.0818     0.0818     0.0506     0.0183      79053    54.8972     100.00     2.3501     2.0608          6  0.000e+00
    250.053   79.32020  132.80804    252.876     1.8443     1.8445  30.649246  30.647855    34.8648    34.8629    294.711    289.540    -0.1671     4.6288     0.0818     0.0818     0.0517     0.0183      79054    54.8979     100.00     2.3501     2.0608          6  0.000e+00
    249.987   79.32020  132.80804    252.809     1.8444     1.8447  30.649183  30.647854    34.8647    34.8627    294.708    289.536    -0.1671     4.6288     0.0806     0.0806     0.0517     0.0183      79055    54.8986     100.00     2.3501     2.0608          6  0.000e+00
    249.987   79.32020  132.80804    252.809     1.8446     1.8445  30.649309  30.647973    34.8646    34.8631    294.900    289.537    -0.1671     4.6288     0.0818     0.0818     0.0517     0.0183      79056    54.8993     100.00     2.3514     2.0608          6  0.000e+00
    250.053   79.32020  132.80804    252.876     1.8442     1.8445  30.649372  30.647855    34.8651    34.8629    294.711    289.539    -0.1671     4.6288     0.0818     0.0818     0.0517     0.0183      79057    54.9000     100.00     2.3501     2.0608          6  0.000e+00
    249.987   79.32020  132.80804    252.809     1.8446     1.8446  30.649624  30.647973    34.8650    34.8629    294.705    289.536    -0.1671     4.6300     0.0818     0.0818     0.0506     0.0183      79058    54.9007     100.00     2.3501     2.0608          6  0.000e+00
    249.987   79.32020  132.80804    252.809     1.8447     1.8443  30.649498  30.647855    34.8648    34.8631    294.705    289.767    -0.1671     4.6288     0.0818     0.0818     0.0517     0.0183      79059    54.9014     100.00     2.3501     2.0620          6  0.000e+00
    249.987   79.32020  132.80804    252.809     1.8446     1.8446  30.649372  30.647973    34.8647    34.8630    294.512    289.536    -0.1976     4.6288     0.0818     0.0818     0.0517     0.0171      79060    54.9021     100.00     2.3489     2.0608          6  0.000e+00
    250.053   79.32020  132.80804    252.876     1.8448     1.8445  30.649624  30.647618    34.8647    34.8626    294.707    289.540    -0.1671     4.6288     0.0818     0.0818     0.0517     0.0183      79061    54.9028     100.00     2.3501     2.0608          6  0.000e+00
    249.987   79.32020  132.80804    252.809     1.8448     1.8442  30.649687  30.647499    34.8649    34.8628    294.704    289.539    -0.1671     4.6288     0.0818     0.0818     0.0517     0.0183      79062    54.9035     100.00     2.3501     2.0608          6  0.000e+00
    250.053   79.32020  132.80804    252.876     1.8447     1.8443  30.649687  30.647677    34.8650    34.8628    294.901    289.540    -0.1671     4.6288     0.0818     0.0818     0.0517     0.0183      79063    54.9042     100.00     2.3514     2.0608          6  0.000e+00
    249.929   79.32020  132.80804    252.751     1.8446     1.8442  30.649687  30.647558    34.8651    34.8629    294.703    289.307    -0.1671     4.6288     0.0818     0.0818     0.0517     0.0183      79064    54.9049     100.00     2.3501     2.0595          6  0.000e+00
    249.987   79.32020  132.80804    252.809     1.8447     1.8442  30.649498  30.647677    34.8648    34.8630    294.705    289.538    -0.1671     4.6288     0.0818     0.0818     0.0517     0.0183      79065    54.9056     100.00     2.3501     2.0608          6  0.000e+00
    250.052   79.32020  132.80804    252.876     1.8446     1.8442  30.649435  30.647499    34.8647    34.8628    294.708    289.312    -0.1671     4.6288     0.0818     0.0818     0.0517     0.0183      79066    54.9063     100.00     2.3501     2.0595          6  0.000e+00
    249.987   79.32020  132.80804    252.809     1.8447     1.8442  30.649372  30.647440    34.8646    34.8627    294.706    289.310    -0.1671     4.6288     0.0818     0.0818     0.0517     0.0183      79067    54.9069     100.00     2.3501     2.0595          6  0.000e+00
    249.987   79.32020  132.80804    252.809     1.8448     1.8442  30.649372  30.647677    34.8645    34.8630    294.705    289.539    -0.1671     4.6288     0.0818     0.0818     0.0517     0.0183      79068    54.9076     100.00     2.3501     2.0608          6  0.000e+00
    250.052   79.32020  132.80804    252.876     1.8447     1.8443  30.649813  30.647559    34.8651    34.8627    294.707    289.311    -0.1366     4.6288     0.0818     0.0818     0.0517     0.0195      79069    54.9083     100.00     2.3501     2.0595          6  0.000e+00
    249.987   79.32020  132.80804    252.809     1.8448     1.8442  30.649561  30.647677    34.8647    34.8630    294.704    289.309    -0.1671     4.6288     0.0818     0.0818     0.0517     0.0183      79070    54.9090     100.00     2.3501     2.0595          6  0.000e+00
    249.987   79.32020  132.80804    252.809     1.8447     1.8443  30.649435  30.647321    34.8647    34.8624    294.705    289.309    -0.1671     4.6288     0.0818     0.0818     0.0517     0.0183      79071    54.9097     100.00     2.3501     2.0595          6  0.000e+00
    249.987   79.32020  132.80804    252.809     1.8449     1.8445  30.649813  30.647381    34.8649    34.8624    294.703    289.308    -0.1671     4.6288     0.0806     0.0806     0.0517     0.0183      79072    54.9104     100.00     2.3501     2.0595          6  0.000e+00
    250.052   79.32020  132.80804    252.876     1.8445     1.8443  30.649561  30.647914    34.8650    34.8631    294.709    289.310    -0.1671     4.6288     0.0818     0.0818     0.0517     0.0183      79073    54.9111     100.00     2.3501     2.0595          6  0.000e+00
    249.987   79.32020  132.80804    252.809     1.8448     1.8443  30.649813  30.647618    34.8650    34.8628    294.704    289.308    -0.1976     4.6288     0.0818     0.0818     0.0517     0.0171      79074    54.9118     100.00     2.3501     2.0595          6  0.000e+00
    249.987   79.32020  132.80804    252.809     1.8447     1.8442  30.649561  30.647677    34.8648    34.8630    294.705    289.309    -0.1671     4.6288     0.0818     0.0818     0.0517     0.0183      79075    54.9125     100.00     2.3501     2.0595          6  0.000e+00
    249.987   79.32020  132.80804    252.809     1.8445     1.8443  30.649624  30.647795    34.8652    34.8630    294.706    289.078    -0.1671     4.6288     0.0818     0.0818     0.0517     0.0183      79076    54.9132     100.00     2.3501     2.0583          6  0.000e+00
    249.987   79.32020  132.80804    252.809     1.8448     1.8445  30.649498  30.647795    34.8646    34.8629    294.898    288.848    -0.1671     4.6288     0.0818     0.0818     0.0517     0.0183      79077    54.9139     100.00     2.3514     2.0571          6  0.000e+00
    249.987   79.32020  132.80804    252.809     1.8448     1.8443  30.649624  30.647558    34.8648    34.8627    294.704    288.849    -0.1671     4.6288     0.0818     0.0818     0.0517     0.0183      79078    54.9146     100.00     2.3501     2.0571          6  0.000e+00
    250.052   79.32020  132.80804    252.876     1.8448     1.8443  30.649687  30.647677    34.8648    34.8628    294.900    288.851    -0.1671     4.6300     0.0818     0.0818     0.0506     0.0183      79079    54.9153     100.00     2.3514     2.0571          6  0.000e+00
    249.987   79.32020  132.80804    252.809     1.8449     1.8444  30.649876  30.647795    34.8650    34.8629    294.702    289.078    -0.1671     4.6288     0.0818     0.0818     0.0517     0.0183      79080    54.9160     100.00     2.3501     2.0583          6  0.000e+00
    249.987   79.32020  132.80804    252.809     1.8448     1.8446  30.649750  30.647795    34.8649    34.8627    294.897    289.076    -0.1671     4.6288     0.0818     0.0818     0.0517     0.0183      79081    54.9167     100.00     2.3514     2.0583          6  0.000e+00
    249.987   79.32020  132.80804    252.809     1.8449     1.8446  30.649687  30.647795    34.8647    34.8627    294.897    289.306    -0.1671     4.6288     0.0818     0.0818     0.0517     0.0183      79082    54.9174     100.00     2.3514     2.0595          6  0.000e+00
    250.052   79.32020  132.80804    252.876     1.8448     1.8445  30.649939  30.647973    34.8651    34.8631    294.705    289.309    -0.1366     4.6288     0.0818     0.0818     0.0517     0.0195      79083    54.9181     100.00     2.3501     2.0595          6  0.000e+00
    249.987   79.32020  132.80804    252.809     1.8448     1.8445  30.650002  30.648091    34.8653    34.8632    294.897    289.306    -0.1671     4.6300     0.0818     0.0818     0.0506     0.0183      79084    54.9188     100.00     2.3514     2.0595          6  0.000e+00
    250.052   79.32020  132.80804    252.875     1.8450     1.8446  30.649372  30.647855    34.8642    34.8628    294.706    289.079    -0.1671     4.6288     0.0818     0.0818     0.0517     0.0183      79085    54.9194     100.00     2.3501     2.0583          6  0.000e+00
