Continuous CTD Data/SBE Stage/nabos_44_01.ros
* Sea-Bird SBE 9 Data File:
* FileName = D:\CTD\data\HLY2502\raw\NABOS_44_01.hex
* Software Version Seasave V 7.26.7.110
* Temperature SN = 6954
* Conductivity SN = 2561
* Number of Bytes Per Scan = 37
* Number of Voltage Words = 4
* Number of Scans Averaged by the Deck Unit = 1
* NMEA Latitude = 81 22.71 N
* NMEA Longitude = 125 50.34 E
* NMEA UTC (Time) = Sep 28 2025  09:12:40
* NMEA baud rate = 9600
** Ship: USCG HEALY
** Bot. Depth:  3963
** Cast Number:  01
** Station Name:  NABOS
** Station Number:  44
** Operator:  STARC
** 3958m target
# nquan = 25
# nvalues = 1176                                  
# units = specified
# name 0 = depSM: Depth [salt water, m]
# name 1 = latitude: Latitude [deg]
# name 2 = longitude: Longitude [deg]
# name 3 = prDM: Pressure, Digiquartz [db]
# name 4 = t090C: Temperature [ITS-90, deg C]
# name 5 = t190C: Temperature, 2 [ITS-90, deg C]
# name 6 = c0mS/cm: Conductivity [mS/cm]
# name 7 = c1mS/cm: Conductivity, 2 [mS/cm]
# name 8 = sal00: Salinity, Practical [PSU]
# name 9 = sal11: Salinity, Practical, 2 [PSU]
# name 10 = sbox0Mm/Kg: Oxygen, SBE 43 [umol/kg]
# name 11 = sbox1Mm/Kg: Oxygen, SBE 43, 2 [umol/kg]
# name 12 = flECO-AFL: Fluorescence, WET Labs ECO-AFL/FL [mg/m^3]
# name 13 = v2: Voltage 2
# name 14 = wetCDOM: Fluorescence, WET Labs CDOM [mg/m^3]
# name 15 = v6: Voltage 6
# name 16 = CStarAt0: Beam Attenuation, WET Labs C-Star [1/m]
# name 17 = v3: Voltage 3
# name 18 = scan: Scan Count
# name 19 = timeM: Time, Elapsed [minutes]
# name 20 = altM: Altimeter [m]
# name 21 = sbeox0V: Oxygen raw, SBE 43 [V]
# name 22 = sbeox1V: Oxygen raw, SBE 43, 2 [V]
# name 23 = nbf: Bottles Fired
# name 24 = flag:  0.000e+00
# interval = seconds: 0.0416667
# start_time = Sep 28 2025 09:12:40 [NMEA time, header]
# bad_flag = -9.990e-29
*END*
[from data line 870]
     40.425   81.40250  126.02180     40.863    -1.7729    -1.7736  26.429955  26.428708    33.4444    33.4435    354.461    345.923    -0.0450     4.6154     0.0977     0.0977     0.0633     0.0232     294163   204.2792     100.00     2.5368     2.2046         18  0.000e+00
     40.360   81.40250  126.02180     40.797    -1.7730    -1.7735  26.430134  26.428484    33.4448    33.4431    354.246    345.920    -0.0450     4.6154     0.0989     0.0989     0.0633     0.0232     294164   204.2799     100.00     2.5356     2.2046         18  0.000e+00
     40.425   81.40250  126.02180     40.863    -1.7730    -1.7736  26.429895  26.428596    33.4444    33.4433    354.674    345.673    -0.0450     4.6154     0.0977     0.0977     0.0633     0.0232     294165   204.2806     100.00     2.5381     2.2033         18  0.000e+00
     40.425   81.40250  126.02180     40.863    -1.7733    -1.7732  26.430313  26.428316    33.4453    33.4425    354.251    345.671    -0.0450     4.6154     0.0989     0.0989     0.0633     0.0232     294166   204.2813     100.00     2.5356     2.2033         18  0.000e+00
     40.360   81.40250  126.02180     40.797    -1.7732    -1.7733  26.429955  26.428372    33.4447    33.4427    354.460    345.919    -0.0450     4.6154     0.0989     0.0989     0.0633     0.0232     294167   204.2819     100.00     2.5368     2.2046         18  0.000e+00
     40.360   81.40250  126.02180     40.797    -1.7732    -1.7735  26.430134  26.428428    33.4450    33.4430    354.459    345.920    -0.0450     4.6154     0.0977     0.0977     0.0633     0.0232     294168   204.2826     100.00     2.5368     2.2046         18  0.000e+00
     40.425   81.40250  126.02180     40.863    -1.7733    -1.7736  26.429836  26.428260    33.4447    33.4429    354.465    345.925    -0.0450     4.6154     0.0989     0.0989     0.0633     0.0232     294169   204.2833     100.00     2.5368     2.2046         18  0.000e+00
     40.392   81.40250  126.02180     40.830    -1.7731    -1.7737  26.429895  26.428204    33.4446    33.4429    354.461    345.924    -0.0450     4.6154     0.0989     0.0989     0.0633     0.0232     294170   204.2840     100.00     2.5368     2.2046         18  0.000e+00
     40.360   81.40250  126.02180     40.797    -1.7734    -1.7735  26.429955  26.428372    33.4451    33.4429    354.250    345.920    -0.0450     4.6154     0.0977     0.0977     0.0633     0.0232     294171   204.2847     100.00     2.5356     2.2046         18  0.000e+00
     40.425   81.40250  126.02180     40.863    -1.7733    -1.7738  26.429776  26.428428    33.4446    33.4433    354.465    346.176    -0.0450     4.6154     0.0989     0.0989     0.0633     0.0232     294172   204.2854     100.00     2.5368     2.2058         18  0.000e+00
     40.360   81.40250  126.02180     40.797    -1.7730    -1.7739  26.429895  26.428035    33.4445    33.4429    354.459    346.175    -0.0450     4.6154     0.0989     0.0989     0.0633     0.0232     294173   204.2861     100.00     2.5368     2.2058         18  0.000e+00
     40.360   81.40250  126.02180     40.797    -1.7729    -1.7738  26.430193  26.428260    33.4448    33.4431    354.457    346.174    -0.0755     4.6154     0.0989     0.0989     0.0633     0.0220     294174   204.2868     100.00     2.5368     2.2058         18  0.000e+00
     30.260   81.40260  126.02330     30.587    -1.7537    -1.7556  26.272397  26.270152    33.2101    33.2091    358.179    348.851    -0.0145     4.6105     0.1062     0.1062     0.0675     0.0244     295776   205.3993     100.00     2.5585     2.2189         19  0.000e+00
     30.326   81.40260  126.02330     30.654    -1.7532    -1.7560  26.271981  26.270096    33.2089    33.2094    358.180    348.857    -0.0145     4.6117     0.1062     0.1062     0.0665     0.0244     295777   205.4000     100.00     2.5585     2.2189         19  0.000e+00
     30.260   81.40260  126.02330     30.587    -1.7536    -1.7558  26.272219  26.270488    33.2097    33.2098    358.390    349.102    -0.0145     4.6105     0.1062     0.1062     0.0675     0.0244     295778   205.4007     100.00     2.5597     2.2201         19  0.000e+00
     30.326   81.40260  126.02330     30.654    -1.7538    -1.7559  26.272219  26.270432    33.2099    33.2097    358.395    349.105     0.0160     4.6117     0.1062     0.1062     0.0665     0.0256     295779   205.4014     100.00     2.5597     2.2201         19  0.000e+00
     30.326   81.40260  126.02330     30.654    -1.7538    -1.7562  26.272338  26.270208    33.2100    33.2098    358.182    349.108     0.0160     4.6117     0.1062     0.1062     0.0665     0.0256     295780   205.4021     100.00     2.5585     2.2201         19  0.000e+00
     30.260   81.40260  126.02330     30.587    -1.7537    -1.7560  26.272219  26.270488    33.2098    33.2100    358.391    349.103     0.0160     4.6117     0.1062     0.1062     0.0665     0.0256     295781   205.4028     100.00     2.5597     2.2201         19  0.000e+00
     30.285   81.40260  126.02330     30.612    -1.7540    -1.7562  26.272338  26.270264    33.2103    33.2099    358.182    349.106    -0.0145     4.6117     0.1062     0.1062     0.0665     0.0244     295782   205.4035     100.00     2.5585     2.2201         19  0.000e+00
     30.260   81.40260  126.02330     30.587    -1.7540    -1.7561  26.272397  26.270320    33.2104    33.2099    358.181    348.854    -0.0145     4.6105     0.1062     0.1062     0.0675     0.0244     295783   205.4042     100.00     2.5585     2.2189         19  0.000e+00
     30.326   81.40260  126.02330     30.654    -1.7541    -1.7560  26.272397  26.270040    33.2105    33.2093    358.396    349.108    -0.0145     4.6117     0.1062     0.1062     0.0665     0.0244     295784   205.4049     100.00     2.5597     2.2201         19  0.000e+00
     30.326   81.40260  126.02330     30.654    -1.7540    -1.7557  26.272397  26.270432    33.2104    33.2095    358.395    349.104    -0.0145     4.6117     0.1062     0.1062     0.0665     0.0244     295785   205.4056     100.00     2.5597     2.2201         19  0.000e+00
     30.260   81.40260  126.02330     30.587    -1.7542    -1.7556  26.272397  26.270208    33.2106    33.2091    358.182    349.351    -0.0145     4.6117     0.1062     0.1062     0.0665     0.0244     295786   205.4063     100.00     2.5585     2.2214         19  0.000e+00
     30.326   81.40262  126.02332     30.654    -1.7540    -1.7556  26.272576  26.270544    33.2106    33.2096    358.183    349.353    -0.0145     4.6105     0.1062     0.1062     0.0675     0.0244     295787   205.4069     100.00     2.5585     2.2214         19  0.000e+00
     30.260   81.40262  126.02332     30.587    -1.7542    -1.7553  26.272635  26.270432    33.2109    33.2091    358.392    349.097    -0.0145     4.6117     0.1062     0.1062     0.0665     0.0244     295788   205.4076     100.00     2.5597     2.2201         19  0.000e+00
     30.326   81.40262  126.02332     30.654    -1.7538    -1.7552  26.272278  26.270208    33.2099    33.2087    358.182    349.351    -0.0145     4.6117     0.1062     0.1062     0.0665     0.0244     295789   205.4083     100.00     2.5585     2.2214         19  0.000e+00
     30.326   81.40262  126.02332     30.654    -1.7536    -1.7544  26.272338  26.269313    33.2098    33.2065    358.392    349.348    -0.0145     4.6105     0.1062     0.1062     0.0675     0.0244     295790   205.4090     100.00     2.5597     2.2214         19  0.000e+00
     30.260   81.40262  126.02332     30.587    -1.7532    -1.7538  26.272397  26.268921    33.2095    33.2053    358.174    349.342     0.0160     4.6117     0.1062     0.1062     0.0665     0.0256     295791   205.4097     100.00     2.5585     2.2214         19  0.000e+00
     30.326   81.40262  126.02332     30.654    -1.7534    -1.7541  26.272397  26.269816    33.2097    33.2069    358.179    349.595    -0.0145     4.6117     0.1062     0.1062     0.0665     0.0244     295792   205.4104     100.00     2.5585     2.2226         19  0.000e+00
     30.260   81.40262  126.02332     30.587    -1.7531    -1.7545  26.272219  26.270096    33.2091    33.2078    358.174    349.594    -0.0145     4.6117     0.1062     0.1062     0.0665     0.0244     295793   205.4111     100.00     2.5585     2.2226         19  0.000e+00
     30.342   81.40262  126.02332     30.670    -1.7531    -1.7546  26.272338  26.270320    33.2092    33.2082    358.177    349.598    -0.0450     4.6117     0.1062     0.1062     0.0665     0.0232     295794   205.4118     100.00     2.5585     2.2226         19  0.000e+00
     30.260   81.40262  126.02332     30.587    -1.7534    -1.7548  26.272278  26.270543    33.2095    33.2087    358.176    349.845    -0.0450     4.6105     0.1062     0.1062     0.0675     0.0232     295795   205.4125     100.00     2.5585     2.2238         19  0.000e+00
     30.260   81.40262  126.02332     30.587    -1.7537    -1.7551  26.272516  26.270432    33.2103    33.2089    358.177    349.346    -0.0450     4.6117     0.1062     0.1062     0.0665     0.0232     295796   205.4132     100.00     2.5585     2.2214         19  0.000e+00
     30.326   81.40262  126.02332     30.654    -1.7540    -1.7553  26.272457  26.270767    33.2104    33.2095    358.183    349.349    -0.0450     4.6117     0.1062     0.1062     0.0665     0.0232     295797   205.4139     100.00     2.5585     2.2214         19  0.000e+00
     30.326   81.40262  126.02332     30.654    -1.7542    -1.7554  26.272576  26.270656    33.2108    33.2095    358.184    349.351    -0.0755     4.6105     0.1062     0.1062     0.0675     0.0220     295798   205.4146     100.00     2.5585     2.2214         19  0.000e+00
     30.326   81.40262  126.02332     30.654    -1.7540    -1.7554  26.272457  26.270432    33.2104    33.2091    358.183    349.101    -0.0450     4.6117     0.1050     0.1050     0.0665     0.0232     295799   205.4153     100.00     2.5585     2.2201         19  0.000e+00
     30.260   81.40262  126.02332     30.587    -1.7542    -1.7557  26.272754  26.270544    33.2111    33.2097    358.180    349.350    -0.0450     4.6105     0.1050     0.1050     0.0675     0.0232     295800   205.4160     100.00     2.5585     2.2214         19  0.000e+00
     30.326   81.40262  126.02332     30.654    -1.7540    -1.7557  26.272516  26.270264    33.2105    33.2093    357.971    349.354    -0.0450     4.6117     0.1050     0.1050     0.0665     0.0232     295801   205.4167     100.00     2.5572     2.2214         19  0.000e+00
     30.260   81.40262  126.02332     30.587    -1.7536    -1.7557  26.272576  26.270320    33.2101    33.2094    358.176    349.351    -0.0450     4.6117     0.1050     0.1050     0.0665     0.0232     295802   205.4174     100.00     2.5585     2.2214         19  0.000e+00
     30.326   81.40262  126.02332     30.654    -1.7536    -1.7559  26.272457  26.270712    33.2099    33.2101    358.179    349.605    -0.0450     4.6117     0.1050     0.1050     0.0665     0.0232     295803   205.4181     100.00     2.5585     2.2226         19  0.000e+00
     30.260   81.40262  126.02332     30.587    -1.7529    -1.7558  26.272219  26.270152    33.2089    33.2093    358.172    349.603    -0.0450     4.6117     0.1050     0.1050     0.0665     0.0232     295804   205.4187     100.00     2.5585     2.2226         19  0.000e+00
     30.326   81.40262  126.02332     30.654    -1.7526    -1.7556  26.271743  26.269872    33.2079    33.2086    358.175    349.856    -0.0450     4.6117     0.1050     0.1050     0.0665     0.0232     295805   205.4194     100.00     2.5585     2.2238         19  0.000e+00
     30.326   81.40262  126.02332     30.654    -1.7525    -1.7551  26.271981  26.269704    33.2081    33.2079    358.173    349.602    -0.0450     4.6117     0.1050     0.1050     0.0665     0.0232     295806   205.4201     100.00     2.5585     2.2226         19  0.000e+00
     30.285   81.40262  126.02332     30.612    -1.7529    -1.7554  26.272338  26.269984    33.2091    33.2086    358.173    350.103    -0.0450     4.6117     0.1050     0.1050     0.0665     0.0232     295807   205.4208     100.00     2.5585     2.2250         19  0.000e+00
     30.326   81.40262  126.02332     30.654    -1.7532    -1.7553  26.272397  26.270264    33.2094    33.2088    358.176    349.852    -0.0145     4.6105     0.1050     0.1050     0.0675     0.0244     295808   205.4215     100.00     2.5585     2.2238         19  0.000e+00
     30.260   81.40262  126.02332     30.587    -1.7536    -1.7553  26.272933  26.270208    33.2106    33.2088    358.386    349.599    -0.0450     4.6105     0.1050     0.1050     0.0675     0.0232     295809   205.4222     100.00     2.5597     2.2226         19  0.000e+00
     30.326   81.40262  126.02334     30.654    -1.7538    -1.7552  26.272933  26.270096    33.2109    33.2085    358.179    349.602    -0.0450     4.6105     0.1050     0.1050     0.0675     0.0232     295810   205.4229     100.00     2.5585     2.2226         19  0.000e+00
     30.260   81.40262  126.02334     30.587    -1.7540    -1.7554  26.272873  26.270320    33.2111    33.2091    358.178    349.599    -0.0450     4.6105     0.1050     0.1050     0.0675     0.0232     295811   205.4236     100.00     2.5585     2.2226         19  0.000e+00
     30.326   81.40262  126.02334     30.654    -1.7545    -1.7554  26.272695  26.270376    33.2113    33.2091    357.973    349.602    -0.0450     4.6105     0.1050     0.1050     0.0675     0.0232     295812   205.4243     100.00     2.5572     2.2226         19  0.000e+00
     30.260   81.40262  126.02334     30.587    -1.7541    -1.7556  26.272635  26.270376    33.2109    33.2094    358.391    349.600    -0.0450     4.6105     0.1050     0.1050     0.0675     0.0232     295813   205.4250     100.00     2.5597     2.2226         19  0.000e+00
     30.326   81.40262  126.02334     30.654    -1.7543    -1.7557  26.272754  26.270544    33.2112    33.2097    358.183    349.854    -0.0450     4.6105     0.1050     0.1050     0.0675     0.0232     295814   205.4257     100.00     2.5585     2.2238         19  0.000e+00
     30.326   81.40262  126.02334     30.654    -1.7542    -1.7558  26.272635  26.270432    33.2109    33.2097    357.971    349.605    -0.0145     4.6105     0.1050     0.1050     0.0675     0.0244     295815   205.4264     100.00     2.5572     2.2226         19  0.000e+00
     30.260   81.40262  126.02334     30.587    -1.7538    -1.7556  26.272457  26.271159    33.2103    33.2105    358.178    349.597    -0.0755     4.6105     0.1050     0.1050     0.0675     0.0220     295816   205.4271     100.00     2.5585     2.2226         19  0.000e+00
     30.326   81.40262  126.02334     30.654    -1.7540    -1.7551  26.272754  26.270991    33.2109    33.2096    358.181    349.346    -0.0450     4.6117     0.1050     0.1050     0.0665     0.0232     295817   205.4278     100.00     2.5585     2.2214         19  0.000e+00
     30.326   81.40262  126.02334     30.654    -1.7541    -1.7550  26.273052  26.271103    33.2114    33.2097    358.181    349.345    -0.0450     4.6105     0.1050     0.1050     0.0675     0.0232     295818   205.4285     100.00     2.5585     2.2214         19  0.000e+00
     30.260   81.40262  126.02334     30.587    -1.7538    -1.7547  26.272933  26.270935    33.2110    33.2091    358.176    349.340    -0.0450     4.6105     0.1050     0.1050     0.0675     0.0232     295819   205.4292     100.00     2.5585     2.2214         19  0.000e+00
     30.285   81.40262  126.02334     30.612    -1.7540    -1.7540  26.272873  26.270655    33.2111    33.2079    358.390    349.086    -0.0450     4.6105     0.1050     0.1050     0.0675     0.0232     295820   205.4299     100.00     2.5597     2.2201         19  0.000e+00
