Continuous CTD Data/SBE Stage/nabos_13_01avg.cnv
* Sea-Bird SBE 9 Data File:
* FileName = D:\CTD\data\HLY2502\raw\NABOS_13_01.hex
* Software Version Seasave V 7.26.7.110
* Temperature SN = 6954
* Conductivity SN = 2561
* Number of Bytes Per Scan = 37
* Number of Voltage Words = 4
* Number of Scans Averaged by the Deck Unit = 1
* NMEA Latitude = 77 47.47 N
* NMEA Longitude = 174 07.84 W
* NMEA UTC (Time) = Sep 10 2025  11:34:32
* NMEA baud rate = 9600
** Ship: USCG HEALY
** Bot. Depth:  1300
** Cast Number:  01
** Station Name:  NABOS
** Station Number:  13
** Operator:  STARC
# nquan = 25
# nvalues = 1215                        
# units = specified
# name 0 = depSM: Depth [salt water, m]
# name 1 = latitude: Latitude [deg]
# name 2 = longitude: Longitude [deg]
# name 3 = prDM: Pressure, Digiquartz [db]
# name 4 = t090C: Temperature [ITS-90, deg C]
# name 5 = t190C: Temperature, 2 [ITS-90, deg C]
# name 6 = c0mS/cm: Conductivity [mS/cm]
# name 7 = c1mS/cm: Conductivity, 2 [mS/cm]
# name 8 = sal00: Salinity, Practical [PSU]
# name 9 = sal11: Salinity, Practical, 2 [PSU]
# name 10 = sbox0Mm/Kg: Oxygen, SBE 43 [umol/kg]
# name 11 = sbox1Mm/Kg: Oxygen, SBE 43, 2 [umol/kg]
# name 12 = flECO-AFL: Fluorescence, WET Labs ECO-AFL/FL [mg/m^3]
# name 13 = v2: Voltage 2
# name 14 = wetCDOM: Fluorescence, WET Labs CDOM [mg/m^3]
# name 15 = v6: Voltage 6
# name 16 = CStarAt0: Beam Attenuation, WET Labs C-Star [1/m]
# name 17 = v3: Voltage 3
# name 18 = scan: Scan Count
# name 19 = timeM: Time, Elapsed [minutes]
# name 20 = altM: Altimeter [m]
# name 21 = sbeox0V: Oxygen raw, SBE 43 [V]
# name 22 = sbeox1V: Oxygen raw, SBE 43, 2 [V]
# name 23 = nbin: number of scans per bin
# name 24 = flag: flag
# span 0 =      2.967,   1200.704       
# span 1 =   77.79166,   77.79593       
# span 2 = -174.12918, -174.11495       
# span 3 =      3.000,   1217.000       
# span 4 =    -1.6566,     1.0085       
# span 5 =    -1.6574,     1.0085       
# span 6 =  23.323223,  29.937271       
# span 7 =  23.331840,  29.935442       
# span 8 =    28.9298,    34.8915       
# span 9 =    28.9396,    34.8892       
# span 10 =    240.518,    383.870      
# span 11 =    237.134,    372.639      
# span 12 =    -0.1834,     0.5373      
# span 13 =     4.5906,     4.6643      
# span 14 =     0.0715,     0.1157      
# span 15 =     0.0715,     0.1157      
# span 16 =     0.0211,     0.0849      
# span 17 =     0.0177,     0.0465      
# span 18 =       4210,      39335      
# span 19 =     2.9233,    27.3151      
# span 20 =      37.78,     100.38      
# span 21 =     1.8836,     2.6806      
# span 22 =     1.6776,     2.3136      
# span 23 =          1,         26      
# span 24 = 0.0000e+00, 0.0000e+00      
# interval = decibars: 1                
# start_time = Sep 10 2025 11:34:32 [NMEA time, header]
# bad_flag = -9.990e-29
*END*
[from data line 174]
    175.065   77.79254 -174.12638    177.000    -0.0639    -0.0614  28.720247  28.718517    34.5439    34.5387    292.257    284.449    -0.1324     4.6546     0.0866     0.0866     0.0295     0.0197      11620     8.0689     100.00     2.2500     1.9643         15 0.0000e+00
    176.054   77.79254 -174.12636    178.000    -0.0578    -0.0573  28.725330  28.723956    34.5431    34.5407    292.309    284.287    -0.1302     4.6545     0.0856     0.0856     0.0296     0.0198      11645     8.0863     100.00     2.2504     1.9635         14 0.0000e+00
    177.043   77.79254 -174.12636    179.000    -0.0572    -0.0566  28.726694  28.725599    34.5437    34.5415    292.220    283.697    -0.1328     4.6546     0.0858     0.0858     0.0295     0.0197      11671     8.1039     100.00     2.2497     1.9603         16 0.0000e+00
    178.031   77.79254 -174.12634    180.000    -0.0563    -0.0556  28.728267  28.727237    34.5441    34.5419    291.955    284.338    -0.1228     4.6550     0.0870     0.0870     0.0291     0.0201      11696     8.1214     100.00     2.2479     1.9634         16 0.0000e+00
    179.020   77.79255 -174.12633    181.000    -0.0265    -0.0236  28.761849  28.761978    34.5544    34.5513    291.536    283.629    -0.1328     4.6545     0.0855     0.0855     0.0296     0.0197      11721     8.1386     100.00     2.2469     1.9611         15 0.0000e+00
    180.009   77.79256 -174.12632    182.000    -0.0008    -0.0005  28.786937  28.785451    34.5581    34.5558    291.324    285.213    -0.1344     4.6547     0.0856     0.0856     0.0294     0.0196      11746     8.1559     100.00     2.2467     1.9700         14 0.0000e+00
    180.997   77.79256 -174.12631    183.000     0.0087     0.0108  28.799007  28.799469    34.5627    34.5610    291.256    284.451    -0.1256     4.6548     0.0867     0.0867     0.0294     0.0200      11771     8.1737     100.00     2.2466     1.9664         14 0.0000e+00
    181.986   77.79256 -174.12630    184.000     0.0499     0.0498  28.840042  28.838287    34.5701    34.5678    290.981    283.590    -0.1307     4.6549     0.0850     0.0850     0.0292     0.0198      11796     8.1912     100.00     2.2469     1.9636         16 0.0000e+00
    182.975   77.79256 -174.12630    185.000     0.0515     0.0515  28.842919  28.841119    34.5714    34.5691    291.249    284.585    -0.1309     4.6542     0.0850     0.0850     0.0298     0.0197      11822     8.2087     100.00     2.2484     1.9685         16 0.0000e+00
    183.963   77.79256 -174.12629    186.000     0.0520     0.0522  28.844138  28.842690    34.5719    34.5698    291.455    284.449    -0.1295     4.6547     0.0856     0.0856     0.0294     0.0198      11846     8.2260     100.00     2.2494     1.9677         13 0.0000e+00
    184.952   77.79256 -174.12628    187.000     0.0550     0.0571  28.849237  28.849533    34.5746    34.5727    291.766    282.699    -0.1305     4.6555     0.0856     0.0856     0.0287     0.0198      11872     8.2435     100.00     2.2513     1.9588         15 0.0000e+00
    185.940   77.79256 -174.12627    188.000     0.1100     0.1110  28.905941  28.904688    34.5870    34.5842    291.605    282.689    -0.1305     4.6555     0.0852     0.0852     0.0286     0.0198      11897     8.2608     100.00     2.2531     1.9610         15 0.0000e+00
    186.929   77.79257 -174.12626    189.000     0.1132     0.1131  28.909340  28.907616    34.5873    34.5851    291.868    284.320    -0.1323     4.6549     0.0846     0.0846     0.0292     0.0197      11922     8.2783     100.00     2.2546     1.9692         14 0.0000e+00
    187.918   77.79258 -174.12625    190.000     0.1133     0.1148  28.911057  28.910972    34.5888    34.5871    291.839    283.679    -0.1344     4.6545     0.0857     0.0857     0.0296     0.0196      11946     8.2955     100.00     2.2542     1.9658         14 0.0000e+00
    188.906   77.79258 -174.12624    191.000     0.1671     0.1684  28.967785  28.966870    34.6026    34.5999    290.843    283.390    -0.1326     4.6550     0.0852     0.0852     0.0292     0.0197      11972     8.3131     100.00     2.2509     1.9666         15 0.0000e+00
    189.895   77.79258 -174.12623    192.000     0.1714     0.1717  28.972478  28.971122    34.6032    34.6012    290.390    283.724    -0.1340     4.6549     0.0833     0.0833     0.0292     0.0196      11997     8.3304     100.00     2.2482     1.9682         12 0.0000e+00
    190.883   77.79258 -174.12622    193.000     0.1716     0.1716  28.973546  28.971870    34.6038    34.6017    290.074    282.962    -0.1330     4.6551     0.0857     0.0857     0.0290     0.0197      12022     8.3481     100.00     2.2461     1.9642         17 0.0000e+00
    191.872   77.79258 -174.12620    194.000     0.1720     0.1724  28.974660  28.973165    34.6043    34.6019    289.993    282.238    -0.1345     4.6551     0.0844     0.0844     0.0291     0.0196      12047     8.3654     100.00     2.2454     1.9603         15 0.0000e+00
    192.860   77.79258 -174.12620    195.000     0.1957     0.1989  29.001862  29.003129    34.6128    34.6109    289.725    282.611    -0.1366     4.6552     0.0846     0.0846     0.0289     0.0195      12072     8.3828     100.00     2.2449     1.9632         15 0.0000e+00
    193.849   77.79260 -174.12618    196.000     0.2324     0.2325  29.039388  29.037674    34.6203    34.6180    289.509    282.081    -0.1345     4.6555     0.0846     0.0846     0.0287     0.0196      12097     8.4003     100.00     2.2453     1.9618         15 0.0000e+00
    194.838   77.79260 -174.12618    197.000     0.2317     0.2318  29.039626  29.038038    34.6209    34.6187    289.629    282.710    -0.1306     4.6542     0.0843     0.0843     0.0298     0.0198      12122     8.4176     100.00     2.2458     1.9648         15 0.0000e+00
    195.826   77.79260 -174.12618    198.000     0.2319     0.2320  29.040548  29.039021    34.6213    34.6191    289.573    282.303    -0.1365     4.6534     0.0858     0.0858     0.0305     0.0195      12147     8.4350      98.31     2.2452     1.9626         18 0.0000e+00
    196.815   77.79260 -174.12616    199.000     0.2319     0.2321  29.041268  29.039864    34.6216    34.6195    289.468    282.406    -0.1327     4.6548     0.0874     0.0874     0.0294     0.0197      12172     8.4524      93.68     2.2443     1.9629         15 0.0000e+00
    197.803   77.79260 -174.12616    200.000     0.2508     0.2547  29.063679  29.065766    34.6292    34.6276    289.110    280.916    -0.1308     4.6552     0.0833     0.0833     0.0290     0.0197      12198     8.4698      98.49     2.2429     1.9562         16 0.0000e+00
    198.792   77.79260 -174.12614    201.000     0.2945     0.2947  29.108022  29.106656    34.6378    34.6357    288.772    280.850    -0.1342     4.6539     0.0832     0.0832     0.0300     0.0196      12222     8.4871      99.97     2.2430     1.9574         13 0.0000e+00
    199.780   77.79261 -174.12613    202.000     0.2954     0.2958  29.110221  29.108759    34.6390    34.6367    288.863    279.893    -0.1312     4.6498     0.0853     0.0853     0.0335     0.0197      12248     8.5047      95.71     2.2434     1.9523         17 0.0000e+00
    200.769   77.79262 -174.12612    203.000     0.2967     0.2961  29.112023  29.109848    34.6394    34.6371    288.957    281.124    -0.1322     4.6557     0.0894     0.0894     0.0285     0.0197      12273     8.5221      91.05     2.2438     1.9585         14 0.0000e+00
    201.757   77.79262 -174.12611    204.000     0.2960     0.2965  29.112266  29.111010    34.6398    34.6376    289.079    281.752    -0.1350     4.6557     0.0880     0.0880     0.0285     0.0196      12298     8.5396      92.85     2.2443     1.9615         18 0.0000e+00
    202.746   77.79262 -174.12610    205.000     0.3469     0.3500  29.167439  29.168685    34.6545    34.6527    288.696    281.694    -0.1256     4.6554     0.0878     0.0878     0.0287     0.0200      12323     8.5568      91.47     2.2446     1.9634         14 0.0000e+00
    203.734   77.79262 -174.12609    206.000     0.3578     0.3577  29.178338  29.176618    34.6559    34.6538    289.038    280.569    -0.1329     4.6557     0.0868     0.0868     0.0285     0.0197      12348     8.5745      91.53     2.2469     1.9578         18 0.0000e+00
    204.723   77.79262 -174.12608    207.000     0.3590     0.3592  29.180282  29.178747    34.6566    34.6543    289.028    281.644    -0.1334     4.6558     0.0883     0.0883     0.0284     0.0196      12374     8.5920      92.08     2.2467     1.9632         19 0.0000e+00
    205.711   77.79262 -174.12607    208.000     0.3836     0.3859  29.207630  29.208173    34.6642    34.6623    288.750    281.861    -0.1314     4.6558     0.0861     0.0861     0.0284     0.0197      12399     8.6095      94.08     2.2462     1.9653         18 0.0000e+00
    206.700   77.79263 -174.12606    209.000     0.4406     0.4425  29.267447  29.267284    34.6779    34.6756    288.412    280.817    -0.1309     4.6558     0.0860     0.0860     0.0284     0.0197      12424     8.6268      94.79     2.2469     1.9623         16 0.0000e+00
    207.688   77.79264 -174.12605    210.000     0.4737     0.4736  29.301374  29.299571    34.6845    34.6823    288.394    280.710    -0.1318     4.6557     0.0871     0.0871     0.0285     0.0197      12449     8.6443      94.03     2.2484     1.9629         19 0.0000e+00
    208.677   77.79264 -174.12604    211.000     0.4745     0.4746  29.303371  29.301896    34.6857    34.6836    288.474    278.391    -0.1326     4.6557     0.0862     0.0862     0.0285     0.0197      12474     8.6616      95.02     2.2488     1.9509         15 0.0000e+00
    209.665   77.79264 -174.12604    212.000     0.4749     0.4750  29.304595  29.302947    34.6862    34.6840    288.514    279.847    -0.1292     4.6555     0.0860     0.0860     0.0287     0.0198      12499     8.6793      94.77     2.2488     1.9582         21 0.0000e+00
    210.654   77.79264 -174.12603    213.000     0.4748     0.4750  29.305351  29.303688    34.6867    34.6844    288.619    281.206    -0.1311     4.6558     0.0865     0.0865     0.0284     0.0197      12524     8.6966      92.65     2.2492     1.9650         16 0.0000e+00
    211.642   77.79264 -174.12602    214.000     0.4748     0.4749  29.306224  29.304508    34.6872    34.6848    288.592    281.817    -0.1337     4.6559     0.0845     0.0845     0.0283     0.0196      12549     8.7141      94.43     2.2488     1.9680         20 0.0000e+00
    212.631   77.79264 -174.12600    215.000     0.4753     0.4756  29.307182  29.306099    34.6874    34.6856    288.530    281.585    -0.1298     4.6560     0.0884     0.0884     0.0283     0.0198      12574     8.7313      92.03     2.2482     1.9666         14 0.0000e+00
    213.619   77.79266 -174.12600    216.000     0.5266     0.5276  29.362876  29.361832    34.7020    34.6995    288.237    280.349    -0.1653     4.6558     0.0825     0.0825     0.0284     0.0184      12599     8.7488     100.02     2.2490     1.9624         16 0.0000e+00
    214.608   77.79266 -174.12598    217.000     0.5303     0.5304  29.366967  29.365292    34.7025    34.7003    288.632    279.989    -0.1324     4.6558     0.0831     0.0831     0.0284     0.0197      12625     8.7664     100.00     2.2513     1.9604         19 0.0000e+00
    215.596   77.79266 -174.12598    218.000     0.5303     0.5307  29.367842  29.366351    34.7031    34.7008    288.854    280.641    -0.1334     4.6564     0.0843     0.0843     0.0279     0.0196      12650     8.7839     100.00     2.2525     1.9636         19 0.0000e+00
    216.585   77.79266 -174.12596    219.000     0.5307     0.5308  29.368854  29.367327    34.7034    34.7013    288.945    279.798    -0.1287     4.6562     0.0833     0.0833     0.0281     0.0198      12675     8.8011     100.00     2.2529     1.9591         16 0.0000e+00
    217.573   77.79266 -174.12596    220.000     0.5308     0.5315  29.369745  29.369032    34.7039    34.7021    288.923    282.735    -0.1325     4.6566     0.0831     0.0831     0.0278     0.0197      12700     8.8185     100.00     2.2525     1.9741         15 0.0000e+00
    218.562   77.79266 -174.12594    221.000     0.5786     0.5799  29.421621  29.420837    34.7173    34.7148    288.623    284.744    -0.1315     4.6558     0.0823     0.0823     0.0284     0.0197      12725     8.8361     100.00     2.2530     1.9864         18 0.0000e+00
    219.550   77.79266 -174.12594    222.000     0.5938     0.5953  29.439209  29.439396    34.7226    34.7212    288.590    282.368    -0.1332     4.6560     0.0823     0.0823     0.0282     0.0196      12750     8.8536     100.00     2.2535     1.9747         18 0.0000e+00
    220.538   77.79268 -174.12592    223.000     0.6373     0.6370  29.485947  29.483987    34.7341    34.7319    288.210    280.383    -0.1332     4.6565     0.0815     0.0815     0.0278     0.0196      12775     8.8710     100.00     2.2533     1.9661         18 0.0000e+00
    221.527   77.79268 -174.12592    224.000     0.6410     0.6410  29.490499  29.488885    34.7353    34.7332    288.160    279.854    -0.1332     4.6560     0.0815     0.0815     0.0282     0.0196      12800     8.8885     100.00     2.2529     1.9634         18 0.0000e+00
    222.515   77.79268 -174.12590    225.000     0.6409     0.6411  29.491288  29.489807    34.7359    34.7337    288.061    280.397    -0.1328     4.6567     0.0825     0.0825     0.0276     0.0197      12825     8.9059     100.00     2.2521     1.9660         16 0.0000e+00
    223.504   77.79268 -174.12590    226.000     0.6410     0.6410  29.492161  29.490509    34.7363    34.7341    287.804    280.296    -0.1627     4.6570     0.0827     0.0827     0.0274     0.0185      12851     8.9234     100.00     2.2503     1.9653         18 0.0000e+00
    224.492   77.79268 -174.12589    227.000     0.6403     0.6402  29.492320  29.490610    34.7367    34.7345    287.559    279.728    -0.1364     4.6564     0.0833     0.0833     0.0279     0.0195      12876     8.9407     100.00     2.2485     1.9621         16 0.0000e+00
    225.480   77.79268 -174.12588    228.000     0.6399     0.6401  29.492645  29.491122    34.7369    34.7347    287.528    279.567    -0.1346     4.6563     0.0824     0.0824     0.0280     0.0196      12901     8.9581     100.00     2.2481     1.9611         15 0.0000e+00
    226.469   77.79269 -174.12587    229.000     0.6402     0.6402  29.493376  29.491885    34.7370    34.7350    287.563    281.167    -0.1461     4.6568     0.0821     0.0821     0.0276     0.0191      12926     8.9755     100.00     2.2481     1.9692         15 0.0000e+00
    227.457   77.79270 -174.12586    230.000     0.6401     0.6402  29.493959  29.492236    34.7373    34.7349    287.663    280.012    -0.1484     4.6569     0.0798     0.0798     0.0275     0.0191      12951     8.9930     100.00     2.2485     1.9631         13 0.0000e+00
    228.446   77.79270 -174.12585    231.000     0.6401     0.6402  29.494663  29.492949    34.7375    34.7352    287.775    279.764    -0.1575     4.6569     0.0828     0.0828     0.0275     0.0187      12976     9.0103     100.00     2.2489     1.9616         16 0.0000e+00
    229.434   77.79270 -174.12584    232.000     0.6401     0.6400  29.495153  29.493312    34.7376    34.7353    287.768    279.198    -0.1675     4.6569     0.0833     0.0833     0.0275     0.0183      13001     9.0278     100.00     2.2486     1.9585         15 0.0000e+00
    230.422   77.79270 -174.12583    233.000     0.6398     0.6398  29.495380  29.493627    34.7376    34.7354    287.817    280.315    -0.1374     4.6562     0.0836     0.0836     0.0281     0.0195      13026     9.0452     100.00     2.2487     1.9640         12 0.0000e+00
