Continuous CTD Data/SBE Stage/nabos_38_01.ros
* Sea-Bird SBE 9 Data File:
* FileName = D:\CTD\data\HLY2502\raw\NABOS_38_01.hex
* Software Version Seasave V 7.26.7.110
* Temperature SN = 6954
* Conductivity SN = 2561
* Number of Bytes Per Scan = 37
* Number of Voltage Words = 4
* Number of Scans Averaged by the Deck Unit = 1
* NMEA Latitude = 78 47.95 N
* NMEA Longitude = 128 08.96 E
* NMEA UTC (Time) = Sep 25 2025  01:51:56
* NMEA baud rate = 9600
** Ship: USCG HEALY
** Bot. Depth:  2881
** Cast Number:  01
** Station Name:  NABOS
** Station Number:  38
** Operator:  STARC
** 1200 target
# nquan = 25
# nvalues = 1029                                  
# units = specified
# name 0 = depSM: Depth [salt water, m]
# name 1 = latitude: Latitude [deg]
# name 2 = longitude: Longitude [deg]
# name 3 = prDM: Pressure, Digiquartz [db]
# name 4 = t090C: Temperature [ITS-90, deg C]
# name 5 = t190C: Temperature, 2 [ITS-90, deg C]
# name 6 = c0mS/cm: Conductivity [mS/cm]
# name 7 = c1mS/cm: Conductivity, 2 [mS/cm]
# name 8 = sal00: Salinity, Practical [PSU]
# name 9 = sal11: Salinity, Practical, 2 [PSU]
# name 10 = sbox0Mm/Kg: Oxygen, SBE 43 [umol/kg]
# name 11 = sbox1Mm/Kg: Oxygen, SBE 43, 2 [umol/kg]
# name 12 = flECO-AFL: Fluorescence, WET Labs ECO-AFL/FL [mg/m^3]
# name 13 = v2: Voltage 2
# name 14 = wetCDOM: Fluorescence, WET Labs CDOM [mg/m^3]
# name 15 = v6: Voltage 6
# name 16 = CStarAt0: Beam Attenuation, WET Labs C-Star [1/m]
# name 17 = v3: Voltage 3
# name 18 = scan: Scan Count
# name 19 = timeM: Time, Elapsed [minutes]
# name 20 = altM: Altimeter [m]
# name 21 = sbeox0V: Oxygen raw, SBE 43 [V]
# name 22 = sbeox1V: Oxygen raw, SBE 43, 2 [V]
# name 23 = nbf: Bottles Fired
# name 24 = flag:  0.000e+00
# interval = seconds: 0.0416667
# start_time = Sep 25 2025 01:51:56 [NMEA time, header]
# bad_flag = -9.990e-29
*END*
[from data line 928]
     20.123   78.79890  128.12054     20.338    -1.4690    -1.4720  25.663330  25.651586    32.0620    32.0491    368.640    360.217     0.1992     4.5836     0.1319     0.1319     0.0909     0.0330     104690    72.7007     100.00     2.6209     2.2758         19  0.000e+00
     20.123   78.79890  128.12054     20.338    -1.4689    -1.4721  25.663566  25.651253    32.0622    32.0488    368.638    359.969     0.1992     4.5836     0.1319     0.1319     0.0909     0.0330     104691    72.7014     100.00     2.6209     2.2746         19  0.000e+00
     20.139   78.79890  128.12054     20.355    -1.4684    -1.4717  25.663448  25.652363    32.0615    32.0498    368.847    359.962     0.1992     4.5836     0.1319     0.1319     0.0909     0.0330     104692    72.7021     100.00     2.6221     2.2746         19  0.000e+00
     10.408   78.79888  128.11986     10.519    -1.5775    -1.5774  23.347118  23.345743    29.0131    29.0111    375.757    366.825     0.5350     4.5043     0.1233     0.1233     0.1609     0.0464     106107    73.6847     100.00     2.6061     2.2623         20  0.000e+00
     10.342   78.79888  128.11986     10.452    -1.5770    -1.5775  23.347175  23.345904    29.0127    29.0115    375.749    366.565     0.5044     4.5043     0.1245     0.1245     0.1609     0.0452     106108    73.6854     100.00     2.6061     2.2610         20  0.000e+00
     10.408   78.79888  128.11984     10.519    -1.5773    -1.5775  23.347175  23.346119    29.0129    29.0118    375.754    366.568     0.5350     4.5043     0.1233     0.1233     0.1609     0.0464     106109    73.6861     100.00     2.6061     2.2610         20  0.000e+00
     10.399   78.79888  128.11984     10.510    -1.5770    -1.5775  23.347004  23.346011    29.0125    29.0116    375.970    366.568     0.5044     4.5043     0.1233     0.1233     0.1609     0.0452     106110    73.6868     100.00     2.6073     2.2610         20  0.000e+00
     10.350   78.79888  128.11984     10.461    -1.5773    -1.5778  23.346947  23.346440    29.0127    29.0125    375.753    366.566     0.5044     4.5043     0.1245     0.1245     0.1609     0.0452     106111    73.6875     100.00     2.6061     2.2610         20  0.000e+00
     10.399   78.79888  128.11984     10.510    -1.5774    -1.5779  23.347118  23.346655    29.0130    29.0129    375.972    366.311     0.5044     4.5043     0.1245     0.1245     0.1609     0.0452     106112    73.6882     100.00     2.6073     2.2598         20  0.000e+00
     10.350   78.79888  128.11984     10.461    -1.5770    -1.5782  23.347175  23.347138    29.0127    29.0138    375.749    366.566     0.5044     4.5031     0.1233     0.1233     0.1619     0.0452     106113    73.6889     100.00     2.6061     2.2610         20  0.000e+00
     10.342   78.79888  128.11984     10.452    -1.5772    -1.5782  23.347175  23.347353    29.0129    29.0141    375.750    366.565     0.5044     4.5031     0.1245     0.1245     0.1619     0.0452     106114    73.6896     100.00     2.6061     2.2610         20  0.000e+00
     10.408   78.79888  128.11984     10.519    -1.5773    -1.5784  23.347004  23.347514    29.0128    29.0145    375.973    366.569     0.5044     4.5031     0.1245     0.1245     0.1619     0.0452     106115    73.6903     100.00     2.6073     2.2610         20  0.000e+00
     10.342   78.79888  128.11984     10.452    -1.5773    -1.5782  23.346947  23.347138    29.0127    29.0138    375.969    366.309     0.5350     4.5043     0.1233     0.1233     0.1609     0.0464     106116    73.6910     100.00     2.6073     2.2598         20  0.000e+00
     10.408   78.79888  128.11984     10.519    -1.5773    -1.5780  23.347118  23.347084    29.0129    29.0136    375.972    366.568     0.5350     4.5043     0.1233     0.1233     0.1609     0.0464     106117    73.6917     100.00     2.6073     2.2610         20  0.000e+00
     10.342   78.79888  128.11984     10.452    -1.5769    -1.5781  23.347004  23.347138    29.0124    29.0137    375.748    367.079     0.5044     4.5031     0.1233     0.1233     0.1619     0.0452     106118    73.6924     100.00     2.6061     2.2635         20  0.000e+00
     10.399   78.79888  128.11984     10.510    -1.5774    -1.5783  23.346947  23.347299    29.0127    29.0141    375.756    367.340     0.5044     4.5043     0.1245     0.1245     0.1609     0.0452     106119    73.6931     100.00     2.6061     2.2647         20  0.000e+00
     10.350   78.79888  128.11984     10.461    -1.5773    -1.5782  23.346947  23.347192    29.0127    29.0139    375.970    367.337     0.5044     4.5043     0.1233     0.1233     0.1609     0.0452     106120    73.6937     100.00     2.6073     2.2647         20  0.000e+00
     10.342   78.79888  128.11984     10.452    -1.5775    -1.5786  23.347118  23.346977    29.0131    29.0140    375.970    367.341     0.5044     4.5031     0.1233     0.1233     0.1619     0.0452     106121    73.6944     100.00     2.6073     2.2647         20  0.000e+00
     10.408   78.79888  128.11984     10.519    -1.5773    -1.5782  23.347004  23.347084    29.0127    29.0137    375.972    367.083     0.5044     4.5043     0.1233     0.1233     0.1609     0.0452     106122    73.6951     100.00     2.6073     2.2635         20  0.000e+00
     10.342   78.79888  128.11984     10.452    -1.5772    -1.5785  23.346947  23.347138    29.0126    29.0141    375.751    366.825     0.5044     4.5031     0.1233     0.1233     0.1619     0.0452     106123    73.6958     100.00     2.6061     2.2623         20  0.000e+00
     10.350   78.79888  128.11984     10.461    -1.5773    -1.5783  23.347118  23.346977    29.0129    29.0137    375.752    366.568     0.5044     4.5043     0.1245     0.1245     0.1609     0.0452     106124    73.6965     100.00     2.6061     2.2610         20  0.000e+00
     10.342   78.79888  128.11984     10.452    -1.5770    -1.5784  23.347004  23.346923    29.0125    29.0137    375.967    366.568     0.5350     4.5031     0.1233     0.1233     0.1619     0.0464     106125    73.6972     100.00     2.6073     2.2610         20  0.000e+00
     10.408   78.79888  128.11984     10.519    -1.5771    -1.5782  23.347289  23.346923    29.0129    29.0135    375.752    366.313     0.5044     4.5031     0.1245     0.1245     0.1619     0.0452     106126    73.6979     100.00     2.6061     2.2598         20  0.000e+00
     10.342   78.79888  128.11984     10.452    -1.5772    -1.5779  23.347232  23.346601    29.0130    29.0128    375.967    366.051     0.5350     4.5031     0.1233     0.1233     0.1619     0.0464     106127    73.6986     100.00     2.6073     2.2586         20  0.000e+00
     10.350   78.79888  128.11984     10.461    -1.5772    -1.5780  23.347004  23.346601    29.0127    29.0129    375.968    366.310     0.5044     4.5018     0.1233     0.1233     0.1630     0.0452     106128    73.6993     100.00     2.6073     2.2598         20  0.000e+00
     10.342   78.79888  128.11984     10.452    -1.5774    -1.5779  23.347118  23.346118    29.0130    29.0122    375.969    366.567     0.5044     4.5031     0.1233     0.1233     0.1619     0.0452     106129    73.7000     100.00     2.6073     2.2610         20  0.000e+00
     10.350   78.79888  128.11984     10.461    -1.5772    -1.5779  23.347745  23.346118    29.0137    29.0122    375.748    366.824     0.5044     4.5031     0.1233     0.1233     0.1619     0.0452     106130    73.7007     100.00     2.6061     2.2623         20  0.000e+00
     10.342   78.79888  128.11984     10.452    -1.5777    -1.5777  23.348088  23.346387    29.0146    29.0123    375.967    366.821     0.5350     4.5031     0.1233     0.1233     0.1619     0.0464     106131    73.7014     100.00     2.6073     2.2623         20  0.000e+00
     10.350   78.79888  128.11984     10.461    -1.5783    -1.5776  23.348658  23.346279    29.0160    29.0121    375.971    366.307     0.5044     4.5031     0.1245     0.1245     0.1619     0.0452     106132    73.7021     100.00     2.6073     2.2598         20  0.000e+00
     10.342   78.79888  128.11984     10.452    -1.5784    -1.5777  23.348487  23.346011    29.0159    29.0118    375.973    366.309     0.5044     4.5031     0.1245     0.1245     0.1619     0.0452     106133    73.7028     100.00     2.6073     2.2598         20  0.000e+00
     10.342   78.79888  128.11984     10.452    -1.5785    -1.5774  23.348544  23.346118    29.0161    29.0117    375.973    366.049     0.5044     4.5031     0.1245     0.1245     0.1619     0.0452     106134    73.7035     100.00     2.6073     2.2586         20  0.000e+00
     10.285   78.79888  128.11984     10.394    -1.5784    -1.5779  23.348601  23.346387    29.0161    29.0126    375.969    366.563     0.5044     4.5031     0.1245     0.1245     0.1619     0.0452     106135    73.7042     100.00     2.6073     2.2610         20  0.000e+00
     10.342   78.79888  128.11984     10.452    -1.5783    -1.5778  23.348430  23.346440    29.0157    29.0125    375.972    367.078     0.5350     4.5031     0.1245     0.1245     0.1619     0.0464     106136    73.7049     100.00     2.6073     2.2635         20  0.000e+00
     10.350   78.79888  128.11984     10.461    -1.5778    -1.5775  23.348202  23.346333    29.0149    29.0121    375.969    367.077     0.5655     4.5031     0.1233     0.1233     0.1619     0.0476     106137    73.7056     100.00     2.6073     2.2635         20  0.000e+00
     10.276   78.79888  128.11984     10.386    -1.5778    -1.5777  23.348316  23.346387    29.0151    29.0124    375.964    366.818     0.5350     4.5031     0.1233     0.1233     0.1619     0.0464     106138    73.7062     100.00     2.6073     2.2623         20  0.000e+00
     10.350   78.79888  128.11984     10.461    -1.5775    -1.5778  23.348373  23.346440    29.0149    29.0125    375.966    366.308     0.5350     4.5031     0.1233     0.1233     0.1619     0.0464     106139    73.7069     100.00     2.6073     2.2598         20  0.000e+00
     10.342   78.79888  128.11984     10.452    -1.5778    -1.5779  23.348202  23.346440    29.0149    29.0126    376.185    366.309     0.5350     4.5031     0.1245     0.1245     0.1619     0.0464     106140    73.7076     100.00     2.6085     2.2598         20  0.000e+00
     10.285   78.79888  128.11984     10.394    -1.5778    -1.5780  23.348145  23.346923    29.0149    29.0134    375.965    366.305     0.5350     4.5031     0.1245     0.1245     0.1619     0.0464     106141    73.7083     100.00     2.6073     2.2598         20  0.000e+00
     10.276   78.79888  128.11984     10.386    -1.5777    -1.5780  23.348487  23.347299    29.0152    29.0139    375.963    366.560     0.5350     4.5031     0.1258     0.1258     0.1619     0.0464     106142    73.7090     100.00     2.6073     2.2610         20  0.000e+00
     10.285   78.79888  128.11984     10.394    -1.5778    -1.5781  23.348259  23.346655    29.0150    29.0131    375.965    366.820     0.5350     4.5031     0.1245     0.1245     0.1619     0.0464     106143    73.7097     100.00     2.6073     2.2623         20  0.000e+00
     10.342   78.79888  128.11984     10.452    -1.5773    -1.5780  23.348145  23.346923    29.0143    29.0134    375.964    367.078     0.5350     4.5031     0.1245     0.1245     0.1619     0.0464     106144    73.7104     100.00     2.6073     2.2635         20  0.000e+00
     10.285   78.79888  128.11984     10.394    -1.5772    -1.5779  23.348316  23.346762    29.0145    29.0131    375.959    366.304     0.5655     4.5031     0.1245     0.1245     0.1619     0.0476     106145    73.7111     100.00     2.6073     2.2598         20  0.000e+00
     10.276   78.79888  128.11984     10.386    -1.5771    -1.5784  23.348373  23.346494    29.0145    29.0132    375.958    366.052     0.5350     4.5031     0.1245     0.1245     0.1619     0.0464     106146    73.7118     100.00     2.6073     2.2586         20  0.000e+00
     10.285   78.79888  128.11984     10.394    -1.5767    -1.5777  23.348202  23.346601    29.0138    29.0127    376.172    366.304     0.5350     4.5043     0.1245     0.1245     0.1609     0.0464     106147    73.7125     100.00     2.6085     2.2598         20  0.000e+00
     10.276   78.79888  128.11984     10.386    -1.5767    -1.5775  23.348144  23.346548    29.0138    29.0124    375.955    366.302     0.5655     4.5043     0.1245     0.1245     0.1609     0.0476     106148    73.7132     100.00     2.6073     2.2598         20  0.000e+00
     10.276   78.79888  128.11984     10.386    -1.5765    -1.5779  23.348316  23.346601    29.0138    29.0129    375.952    366.818     0.5350     4.5031     0.1258     0.1258     0.1619     0.0464     106149    73.7139     100.00     2.6073     2.2623         20  0.000e+00
     10.227   78.79888  128.11984     10.336    -1.5766    -1.5776  23.348201  23.346655    29.0138    29.0127    376.168    366.813     0.5655     4.5043     0.1245     0.1245     0.1609     0.0476     106150    73.7146     100.00     2.6085     2.2623         20  0.000e+00
     10.276   78.79888  128.11984     10.386    -1.5764    -1.5779  23.348144  23.346494    29.0135    29.0127    375.953    367.076     0.5350     4.5043     0.1245     0.1245     0.1609     0.0464     106151    73.7153     100.00     2.6073     2.2635         20  0.000e+00
     10.227   78.79888  128.11984     10.336    -1.5760    -1.5775  23.348144  23.346440    29.0131    29.0123    375.947    367.070     0.5350     4.5031     0.1245     0.1245     0.1619     0.0464     106152    73.7160     100.00     2.6073     2.2635         20  0.000e+00
     10.276   78.79888  128.11984     10.386    -1.5764    -1.5775  23.348316  23.346440    29.0137    29.0122    375.952    367.072     0.5044     4.5031     0.1245     0.1245     0.1619     0.0452     106153    73.7167     100.00     2.6073     2.2635         20  0.000e+00
     10.227   78.79888  128.11984     10.336    -1.5766    -1.5775  23.347973  23.346601    29.0135    29.0125    376.169    367.070     0.5350     4.5031     0.1258     0.1258     0.1619     0.0464     106154    73.7174     100.00     2.6085     2.2635         20  0.000e+00
     10.276   78.79888  128.11984     10.386    -1.5772    -1.5777  23.348030  23.346816    29.0141    29.0130    375.960    367.073     0.5350     4.5031     0.1258     0.1258     0.1619     0.0464     106155    73.7181     100.00     2.6073     2.2635         20  0.000e+00
      4.302   78.79886  128.11914      4.348    -1.5737    -1.5739  23.348188  23.346641    29.0143    29.0124    375.372    366.452     0.4739     4.5031     0.1233     0.1233     0.1619     0.0440     107618    74.7340     100.00     2.6059     2.2621         21  0.000e+00
      4.245   78.79886  128.11914      4.290    -1.5737    -1.5737  23.348302  23.346641    29.0144    29.0122    375.368    366.448     0.4739     4.5031     0.1233     0.1233     0.1619     0.0440     107619    74.7347     100.00     2.6059     2.2621         21  0.000e+00
      4.311   78.79886  128.11914      4.357    -1.5737    -1.5740  23.348359  23.346802    29.0145    29.0127    375.588    366.709     0.4739     4.5031     0.1245     0.1245     0.1619     0.0440     107620    74.7354     100.00     2.6071     2.2633         21  0.000e+00
      4.245   78.79886  128.11914      4.290    -1.5736    -1.5737  23.348188  23.346695    29.0142    29.0123    375.368    366.704     0.5044     4.5031     0.1245     0.1245     0.1619     0.0452     107621    74.7361     100.00     2.6059     2.2633         21  0.000e+00
      4.245   78.79886  128.11914      4.290    -1.5735    -1.5736  23.348131  23.346534    29.0140    29.0120    375.367    366.447     0.4739     4.5043     0.1233     0.1233     0.1609     0.0440     107622    74.7368     100.00     2.6059     2.2621         21  0.000e+00
