Continuous CTD Data/SBE Stage/nabos_21_02avg.cnv
* Sea-Bird SBE 9 Data File:
* FileName = D:\CTD\data\HLY2502\raw\NABOS_21_02.hex
* Software Version Seasave V 7.26.7.110
* Temperature SN = 6954
* Conductivity SN = 2561
* Number of Bytes Per Scan = 37
* Number of Voltage Words = 4
* Number of Scans Averaged by the Deck Unit = 1
* NMEA Latitude = 78 57.26 N
* NMEA Longitude = 173 33.57 E
* NMEA UTC (Time) = Sep 18 2025  15:43:10
* NMEA baud rate = 9600
** Ship: USCG HEALY
** Bot. Depth:  2477
** Cast Number:  02
** Station Name:  NABOS
** Station Number:  21
** Operator:  STARC
# nquan = 25
# nvalues = 2552                        
# units = specified
# name 0 = depSM: Depth [salt water, m]
# name 1 = latitude: Latitude [deg]
# name 2 = longitude: Longitude [deg]
# name 3 = prDM: Pressure, Digiquartz [db]
# name 4 = t090C: Temperature [ITS-90, deg C]
# name 5 = t190C: Temperature, 2 [ITS-90, deg C]
# name 6 = c0mS/cm: Conductivity [mS/cm]
# name 7 = c1mS/cm: Conductivity, 2 [mS/cm]
# name 8 = sal00: Salinity, Practical [PSU]
# name 9 = sal11: Salinity, Practical, 2 [PSU]
# name 10 = sbox0Mm/Kg: Oxygen, SBE 43 [umol/kg]
# name 11 = sbox1Mm/Kg: Oxygen, SBE 43, 2 [umol/kg]
# name 12 = flECO-AFL: Fluorescence, WET Labs ECO-AFL/FL [mg/m^3]
# name 13 = v2: Voltage 2
# name 14 = wetCDOM: Fluorescence, WET Labs CDOM [mg/m^3]
# name 15 = v6: Voltage 6
# name 16 = CStarAt0: Beam Attenuation, WET Labs C-Star [1/m]
# name 17 = v3: Voltage 3
# name 18 = scan: Scan Count
# name 19 = timeM: Time, Elapsed [minutes]
# name 20 = altM: Altimeter [m]
# name 21 = sbeox0V: Oxygen raw, SBE 43 [V]
# name 22 = sbeox1V: Oxygen raw, SBE 43, 2 [V]
# name 23 = nbin: number of scans per bin
# name 24 = flag: flag
# span 0 =      2.968,   2511.791       
# span 1 =   78.95465,   78.96322       
# span 2 =  173.56018,  173.58307       
# span 3 =      3.000,   2554.000       
# span 4 =    -1.7468,     0.9251       
# span 5 =    -1.7465,     0.9251       
# span 6 =  24.753723,  29.864341       
# span 7 =  24.752656,  29.862636       
# span 8 =    31.0697,    34.9521       
# span 9 =    31.0677,    34.9501       
# span 10 =    266.563,    373.750      
# span 11 =    229.510,    363.474      
# span 12 =    -0.1897,     0.4675      
# span 13 =     4.5671,     4.6773      
# span 14 =     0.0794,     0.1077      
# span 15 =     0.0794,     0.1077      
# span 16 =     0.0100,     0.1054      
# span 17 =     0.0174,     0.0437      
# span 18 =       2258,      77929      
# span 19 =     1.5671,    54.1167      
# span 20 =      10.05,     100.00      
# span 21 =     1.6596,     2.6417      
# span 22 =     1.4900,     2.2856      
# span 23 =          2,         33      
# span 24 = 0.0000e+00, 0.0000e+00      
# interval = decibars: 1                
# start_time = Sep 18 2025 15:43:10 [NMEA time, header]
# bad_flag = -9.990e-29
*END*
[from data line 1044]
   1033.354   78.95862  173.57088   1047.000    -0.0369    -0.0368  29.380147  29.378451    34.8731    34.8707    291.315    288.783    -0.1371     4.6738     0.0823     0.0823     0.0130     0.0195      35058    24.3449     100.00     2.0598     1.8316         17 0.0000e+00
   1034.338   78.95862  173.57090   1048.000    -0.0396    -0.0402  29.377973  29.375760    34.8728    34.8705    291.231    287.270    -0.1330     4.6739     0.0831     0.0831     0.0129     0.0197      35082    24.3619     100.00     2.0590     1.8244         17 0.0000e+00
   1035.322   78.95862  173.57090   1049.000    -0.0438    -0.0439  29.374702  29.372924    34.8727    34.8704    291.187    289.284    -0.1461     4.6736     0.0831     0.0831     0.0131     0.0191      35107    24.3790     100.00     2.0584     1.8333         16 0.0000e+00
   1036.307   78.95862  173.57092   1050.000    -0.0441    -0.0441  29.374879  29.373101    34.8726    34.8703    291.243    287.441    -0.1704     4.6737     0.0842     0.0842     0.0131     0.0182      35131    24.3960     100.00     2.0584     1.8247         16 0.0000e+00
   1037.291   78.95862  173.57092   1051.000    -0.0441    -0.0441  29.375367  29.373501    34.8727    34.8702    291.338    287.405    -0.1543     4.6738     0.0842     0.0842     0.0129     0.0188      35156    24.4131     100.00     2.0588     1.8244         16 0.0000e+00
   1038.276   78.95864  173.57094   1052.000    -0.0367    -0.0356  29.383392  29.382495    34.8743    34.8719    291.373    285.703    -0.1311     4.6738     0.0831     0.0831     0.0130     0.0197      35181    24.4302     100.00     2.0591     1.8168         17 0.0000e+00
   1039.260   78.95864  173.57094   1053.000    -0.0257    -0.0259  29.394104  29.392000    34.8755    34.8729    291.267    286.487    -0.1367     4.6738     0.0839     0.0839     0.0130     0.0195      35205    24.4474     100.00     2.0589     1.8206         18 0.0000e+00
   1040.245   78.95864  173.57094   1054.000    -0.0161    -0.0156  29.404085  29.402520    34.8772    34.8746    291.129    287.810    -0.1346     4.6735     0.0835     0.0835     0.0132     0.0196      35230    24.4643     100.00     2.0584     1.8269         16 0.0000e+00
   1041.229   78.95864  173.57096   1055.000    -0.0101    -0.0099  29.410106  29.408465    34.8778    34.8754    291.214    287.851    -0.1572     4.6739     0.0837     0.0837     0.0129     0.0187      35254    24.4814     100.00     2.0589     1.8271         13 0.0000e+00
   1042.214   78.95864  173.57096   1056.000    -0.0092    -0.0092  29.411455  29.409627    34.8780    34.8756    291.207    286.631    -0.1752     4.6738     0.0842     0.0842     0.0129     0.0180      35279    24.4985     100.00     2.0587     1.8214         14 0.0000e+00
   1043.198   78.95864  173.57098   1057.000    -0.0103    -0.0103  29.411052  29.409169    34.8780    34.8756    291.249    287.525    -0.1362     4.6738     0.0838     0.0838     0.0129     0.0195      35304    24.5156     100.00     2.0587     1.8253         15 0.0000e+00
   1044.183   78.95864  173.57098   1058.000    -0.0112    -0.0113  29.410728  29.408895    34.8781    34.8758    291.203    278.781    -0.1366     4.6738     0.0827     0.0827     0.0129     0.0195      35328    24.5327     100.00     2.0582     1.7853         14 0.0000e+00
   1045.167   78.95866  173.57098   1059.000    -0.0116    -0.0115  29.410906  29.409162    34.8782    34.8758    291.101    278.099    -0.1675     4.6728     0.0821     0.0821     0.0138     0.0183      35352    24.5496     100.00     2.0575     1.7821         12 0.0000e+00
   1046.152   78.95866  173.57100   1060.000    -0.0119    -0.0119  29.411032  29.409205    34.8782    34.8758    290.975    282.666    -0.1357     4.6735     0.0841     0.0841     0.0132     0.0195      35377    24.5668     100.00     2.0565     1.8026         15 0.0000e+00
   1047.136   78.95866  173.57100   1061.000    -0.0122    -0.0122  29.411265  29.409380    34.8783    34.8758    290.924    287.145    -0.1483     4.6732     0.0830     0.0830     0.0135     0.0190      35402    24.5837     100.00     2.0560     1.8228         13 0.0000e+00
   1048.120   78.95866  173.57102   1062.000    -0.0129    -0.0128  29.411214  29.409278    34.8783    34.8757    290.834    288.981    -0.1757     4.6738     0.0830     0.0830     0.0129     0.0180      35426    24.6007     100.00     2.0553     1.8309         12 0.0000e+00
   1049.105   78.95866  173.57102   1063.000    -0.0129    -0.0129  29.411509  29.409622    34.8782    34.8757    290.945    288.468    -0.1732     4.6739     0.0840     0.0840     0.0129     0.0181      35451    24.6177     100.00     2.0557     1.8284         15 0.0000e+00
   1050.089   78.95866  173.57102   1064.000    -0.0131    -0.0132  29.411716  29.409841    34.8782    34.8758    291.088    287.462    -0.1790     4.6735     0.0833     0.0833     0.0132     0.0178      35475    24.6350     100.00     2.0563     1.8237         15 0.0000e+00
   1051.074   78.95866  173.57104   1065.000    -0.0131    -0.0130  29.412198  29.410555    34.8782    34.8759    291.162    287.547    -0.1501     4.6740     0.0830     0.0830     0.0128     0.0190      35500    24.6521     100.00     2.0565     1.8239         15 0.0000e+00
   1052.058   78.95866  173.57104   1066.000    -0.0132    -0.0131  29.412659  29.410813    34.8783    34.8758    291.123    286.727    -0.1341     4.6740     0.0830     0.0830     0.0128     0.0196      35525    24.6691     100.00     2.0560     1.8200         15 0.0000e+00
   1053.043   78.95868  173.57106   1067.000    -0.0133    -0.0132  29.412901  29.411182    34.8782    34.8759    291.135    287.438    -0.1367     4.6732     0.0830     0.0830     0.0134     0.0195      35549    24.6860     100.00     2.0559     1.8230         16 0.0000e+00
   1054.027   78.95868  173.57106   1068.000    -0.0136    -0.0136  29.413083  29.411243    34.8782    34.8758    291.107    287.574    -0.1347     4.6731     0.0833     0.0833     0.0135     0.0196      35574    24.7032     100.00     2.0555     1.8235         16 0.0000e+00
   1055.011   78.95868  173.57107   1069.000    -0.0128    -0.0127  29.414271  29.412497    34.8783    34.8759    291.112    287.374    -0.1344     4.6739     0.0842     0.0842     0.0129     0.0196      35598    24.7201     100.00     2.0554     1.8224         14 0.0000e+00
   1055.996   78.95868  173.57108   1070.000    -0.0113    -0.0112  29.416193  29.414447    34.8786    34.8762    291.107    288.538    -0.1347     4.6740     0.0842     0.0842     0.0128     0.0196      35623    24.7373     100.00     2.0552     1.8276         16 0.0000e+00
   1056.980   78.95868  173.57108   1071.000    -0.0109    -0.0109  29.417085  29.415219    34.8787    34.8763    291.116    287.035    -0.1334     4.6740     0.0842     0.0842     0.0128     0.0196      35647    24.7543     100.00     2.0551     1.8206         19 0.0000e+00
   1057.965   78.95868  173.57109   1072.000    -0.0072    -0.0069  29.421835  29.420208    34.8802    34.8777    291.052    287.178    -0.1347     4.6741     0.0842     0.0842     0.0127     0.0196      35672    24.7715     100.00     2.0547     1.8212         17 0.0000e+00
   1058.949   78.95869  173.57110   1073.000    -0.0006    -0.0005  29.429155  29.427353    34.8818    34.8793    290.978    289.486    -0.1512     4.6740     0.0833     0.0833     0.0128     0.0189      35696    24.7884     100.00     2.0545     1.8318         14 0.0000e+00
   1059.933   78.95870  173.57111   1074.000     0.0022     0.0022  29.432367  29.430525    34.8824    34.8799    290.899    285.734    -0.1593     4.6740     0.0838     0.0838     0.0128     0.0186      35721    24.8054     100.00     2.0540     1.8147         15 0.0000e+00
   1060.918   78.95870  173.57112   1075.000     0.0023     0.0023  29.432946  29.431162    34.8824    34.8801    290.903    287.026    -0.1328     4.6740     0.0842     0.0842     0.0128     0.0197      35745    24.8225     100.00     2.0538     1.8204         17 0.0000e+00
   1061.902   78.95870  173.57112   1076.000     0.0024     0.0024  29.433492  29.431746    34.8825    34.8801    290.941    286.859    -0.1364     4.6737     0.0842     0.0842     0.0130     0.0195      35770    24.8394     100.00     2.0538     1.8195         13 0.0000e+00
   1062.886   78.95870  173.57113   1077.000     0.0025     0.0025  29.434148  29.432240    34.8826    34.8801    290.954    285.468    -0.1348     4.6739     0.0835     0.0835     0.0129     0.0196      35795    24.8567     100.00     2.0536     1.8130         17 0.0000e+00
   1063.871   78.95870  173.57114   1078.000     0.0021     0.0021  29.434190  29.432313    34.8825    34.8801    290.957    286.812    -0.1671     4.6740     0.0821     0.0821     0.0128     0.0183      35819    24.8739     100.00     2.0534     1.8189         18 0.0000e+00
   1064.855   78.95870  173.57115   1079.000     0.0012     0.0012  29.433733  29.432016    34.8824    34.8802    291.047    287.141    -0.1432     4.6741     0.0830     0.0830     0.0127     0.0192      35844    24.8909     100.00     2.0537     1.8202         15 0.0000e+00
   1065.839   78.95871  173.57116   1080.000     0.0002     0.0001  29.433249  29.431413    34.8824    34.8801    291.024    287.298    -0.1389     4.6739     0.0830     0.0830     0.0129     0.0194      35868    24.9079     100.00     2.0533     1.8207         15 0.0000e+00
   1066.824   78.95872  173.57116   1081.000    -0.0010    -0.0011  29.432607  29.430766    34.8823    34.8800    291.022    286.686    -0.1661     4.6739     0.0842     0.0842     0.0129     0.0183      35893    24.9247     100.00     2.0530     1.8177         12 0.0000e+00
   1067.808   78.95872  173.57117   1082.000    -0.0035    -0.0037  29.430920  29.428835    34.8823    34.8799    291.055    285.586    -0.1355     4.6741     0.0832     0.0832     0.0127     0.0195      35918    24.9422     100.00     2.0529     1.8125         19 0.0000e+00
   1068.793   78.95872  173.57118   1083.000    -0.0063    -0.0063  29.428899  29.427154    34.8823    34.8799    291.091    287.490    -0.1385     4.6740     0.0839     0.0839     0.0128     0.0194      35942    24.9590     100.00     2.0527     1.8208         17 0.0000e+00
   1069.777   78.95872  173.57119   1084.000    -0.0090    -0.0090  29.426877  29.425180    34.8820    34.8798    291.049    287.719    -0.1366     4.6740     0.0835     0.0835     0.0128     0.0195      35967    24.9761     100.00     2.0522     1.8216         20 0.0000e+00
   1070.761   78.95872  173.57120   1085.000    -0.0112    -0.0112  29.425283  29.423568    34.8819    34.8796    290.953    285.055    -0.1334     4.6740     0.0830     0.0830     0.0128     0.0196      35991    24.9931     100.00     2.0514     1.8093         19 0.0000e+00
   1071.746   78.95872  173.57120   1086.000    -0.0162    -0.0163  29.421309  29.419489    34.8817    34.8795    291.032    285.982    -0.1351     4.6740     0.0834     0.0834     0.0128     0.0196      36016    25.0101     100.00     2.0513     1.8131         20 0.0000e+00
   1072.730   78.95873  173.57121   1087.000    -0.0182    -0.0183  29.419924  29.418156    34.8816    34.8794    290.911    286.317    -0.1366     4.6739     0.0839     0.0839     0.0129     0.0195      36040    25.0271     100.00     2.0504     1.8144         18 0.0000e+00
   1073.714   78.95874  173.57122   1088.000    -0.0192    -0.0190  29.419558  29.417905    34.8816    34.8793    290.953    286.260    -0.1366     4.6740     0.0833     0.0833     0.0128     0.0195      36065    25.0442     100.00     2.0504     1.8139         20 0.0000e+00
   1074.698   78.95874  173.57124   1089.000    -0.0194    -0.0193  29.419744  29.417947    34.8816    34.8791    291.036    286.841    -0.1366     4.6740     0.0841     0.0841     0.0128     0.0195      36089    25.0612     100.00     2.0506     1.8164         22 0.0000e+00
   1075.683   78.95874  173.57124   1090.000    -0.0193    -0.0193  29.420219  29.418360    34.8815    34.8791    291.043    287.965    -0.1366     4.6739     0.0842     0.0842     0.0129     0.0195      36114    25.0782     100.00     2.0504     1.8213         18 0.0000e+00
   1076.667   78.95874  173.57124   1091.000    -0.0192    -0.0190  29.420696  29.418951    34.8815    34.8790    291.026    288.004    -0.1348     4.6740     0.0820     0.0820     0.0128     0.0196      36138    25.0951     100.00     2.0501     1.8213         16 0.0000e+00
   1077.651   78.95874  173.57126   1092.000    -0.0193    -0.0192  29.421119  29.419207    34.8815    34.8790    291.069    287.139    -0.1350     4.6736     0.0836     0.0836     0.0132     0.0196      36163    25.1124     100.00     2.0502     1.8172         19 0.0000e+00
   1078.636   78.95874  173.57126   1093.000    -0.0190    -0.0189  29.421730  29.420089    34.8814    34.8792    290.992    288.200    -0.1674     4.6740     0.0832     0.0832     0.0128     0.0183      36187    25.1292     100.00     2.0496     1.8218         16 0.0000e+00
   1079.620   78.95874  173.57128   1094.000    -0.0183    -0.0183  29.422831  29.421081    34.8815    34.8792    290.873    286.245    -0.1400     4.6741     0.0822     0.0822     0.0127     0.0194      36212    25.1465     100.00     2.0488     1.8128         16 0.0000e+00
   1080.604   78.95876  173.57128   1095.000    -0.0174    -0.0174  29.424084  29.422188    34.8816    34.8792    290.821    286.190    -0.1632     4.6739     0.0824     0.0824     0.0129     0.0185      36236    25.1635     100.00     2.0483     1.8125         16 0.0000e+00
   1081.588   78.95876  173.57128   1096.000    -0.0172    -0.0172  29.424632  29.422853    34.8816    34.8793    290.831    286.656    -0.1374     4.6740     0.0835     0.0835     0.0128     0.0195      36261    25.1805     100.00     2.0482     1.8144         16 0.0000e+00
   1082.573   78.95876  173.57130   1097.000    -0.0179    -0.0179  29.424517  29.422655    34.8816    34.8792    290.894    286.172    -0.1536     4.6741     0.0842     0.0842     0.0127     0.0188      36285    25.1975     100.00     2.0483     1.8120         17 0.0000e+00
   1083.557   78.95876  173.57130   1098.000    -0.0197    -0.0200  29.423412  29.421387    34.8816    34.8793    290.834    287.514    -0.1469     4.6739     0.0842     0.0842     0.0129     0.0191      36310    25.2145     100.00     2.0477     1.8178         15 0.0000e+00
   1084.541   78.95876  173.57132   1099.000    -0.0229    -0.0231  29.420855  29.419002    34.8813    34.8791    290.898    286.445    -0.1628     4.6739     0.0842     0.0842     0.0129     0.0185      36334    25.2315     100.00     2.0476     1.8127         16 0.0000e+00
   1085.526   78.95876  173.57132   1100.000    -0.0259    -0.0259  29.418761  29.416948    34.8813    34.8789    290.975    287.293    -0.1441     4.6739     0.0842     0.0842     0.0129     0.0192      36359    25.2486     100.00     2.0477     1.8163         17 0.0000e+00
   1086.510   78.95876  173.57132   1101.000    -0.0294    -0.0295  29.415923  29.414137    34.8810    34.8788    291.054    283.578    -0.1366     4.6740     0.0831     0.0831     0.0128     0.0195      36383    25.2656     100.00     2.0478     1.7992         14 0.0000e+00
   1087.494   78.95878  173.57134   1102.000    -0.0331    -0.0331  29.412961  29.411241    34.8807    34.8785    291.064    283.376    -0.1703     4.6739     0.0830     0.0830     0.0129     0.0182      36408    25.2827     100.00     2.0474     1.7979         17 0.0000e+00
   1088.478   78.95878  173.57134   1103.000    -0.0367    -0.0366  29.410240  29.408625    34.8807    34.8784    291.013    283.323    -0.1374     4.6738     0.0822     0.0822     0.0129     0.0195      36433    25.2998     100.00     2.0468     1.7974         15 0.0000e+00
