Continuous CTD Data/SBE Stage/nabos_21_02avg.cnv
* Sea-Bird SBE 9 Data File:
* FileName = D:\CTD\data\HLY2502\raw\NABOS_21_02.hex
* Software Version Seasave V 7.26.7.110
* Temperature SN = 6954
* Conductivity SN = 2561
* Number of Bytes Per Scan = 37
* Number of Voltage Words = 4
* Number of Scans Averaged by the Deck Unit = 1
* NMEA Latitude = 78 57.26 N
* NMEA Longitude = 173 33.57 E
* NMEA UTC (Time) = Sep 18 2025  15:43:10
* NMEA baud rate = 9600
** Ship: USCG HEALY
** Bot. Depth:  2477
** Cast Number:  02
** Station Name:  NABOS
** Station Number:  21
** Operator:  STARC
# nquan = 25
# nvalues = 2552                        
# units = specified
# name 0 = depSM: Depth [salt water, m]
# name 1 = latitude: Latitude [deg]
# name 2 = longitude: Longitude [deg]
# name 3 = prDM: Pressure, Digiquartz [db]
# name 4 = t090C: Temperature [ITS-90, deg C]
# name 5 = t190C: Temperature, 2 [ITS-90, deg C]
# name 6 = c0mS/cm: Conductivity [mS/cm]
# name 7 = c1mS/cm: Conductivity, 2 [mS/cm]
# name 8 = sal00: Salinity, Practical [PSU]
# name 9 = sal11: Salinity, Practical, 2 [PSU]
# name 10 = sbox0Mm/Kg: Oxygen, SBE 43 [umol/kg]
# name 11 = sbox1Mm/Kg: Oxygen, SBE 43, 2 [umol/kg]
# name 12 = flECO-AFL: Fluorescence, WET Labs ECO-AFL/FL [mg/m^3]
# name 13 = v2: Voltage 2
# name 14 = wetCDOM: Fluorescence, WET Labs CDOM [mg/m^3]
# name 15 = v6: Voltage 6
# name 16 = CStarAt0: Beam Attenuation, WET Labs C-Star [1/m]
# name 17 = v3: Voltage 3
# name 18 = scan: Scan Count
# name 19 = timeM: Time, Elapsed [minutes]
# name 20 = altM: Altimeter [m]
# name 21 = sbeox0V: Oxygen raw, SBE 43 [V]
# name 22 = sbeox1V: Oxygen raw, SBE 43, 2 [V]
# name 23 = nbin: number of scans per bin
# name 24 = flag: flag
# span 0 =      2.968,   2511.791       
# span 1 =   78.95465,   78.96322       
# span 2 =  173.56018,  173.58307       
# span 3 =      3.000,   2554.000       
# span 4 =    -1.7468,     0.9251       
# span 5 =    -1.7465,     0.9251       
# span 6 =  24.753723,  29.864341       
# span 7 =  24.752656,  29.862636       
# span 8 =    31.0697,    34.9521       
# span 9 =    31.0677,    34.9501       
# span 10 =    266.563,    373.750      
# span 11 =    229.510,    363.474      
# span 12 =    -0.1897,     0.4675      
# span 13 =     4.5671,     4.6773      
# span 14 =     0.0794,     0.1077      
# span 15 =     0.0794,     0.1077      
# span 16 =     0.0100,     0.1054      
# span 17 =     0.0174,     0.0437      
# span 18 =       2258,      77929      
# span 19 =     1.5671,    54.1167      
# span 20 =      10.05,     100.00      
# span 21 =     1.6596,     2.6417      
# span 22 =     1.4900,     2.2856      
# span 23 =          2,         33      
# span 24 = 0.0000e+00, 0.0000e+00      
# interval = decibars: 1                
# start_time = Sep 18 2025 15:43:10 [NMEA time, header]
# bad_flag = -9.990e-29
*END*
[from data line 638]
    633.260   78.95724  173.56698    641.000     0.2423     0.2423  29.407202  29.405370    34.8284    34.8260    294.326    289.171    -0.1361     4.6740     0.0830     0.0830     0.0128     0.0195      23376    16.2330     100.00     2.1762     1.9166         14 0.0000e+00
    634.246   78.95724  173.56700    642.000     0.2427     0.2428  29.408072  29.406204    34.8285    34.8261    294.201    289.166    -0.1344     4.6742     0.0830     0.0830     0.0126     0.0196      23401    16.2502     100.00     2.1753     1.9164         15 0.0000e+00
    635.232   78.95724  173.56700    643.000     0.2428     0.2428  29.408537  29.406657    34.8285    34.8260    294.156    289.692    -0.1688     4.6741     0.0819     0.0819     0.0127     0.0182      23426    16.2672     100.00     2.1748     1.9187         13 0.0000e+00
    636.219   78.95724  173.56700    644.000     0.2430     0.2430  29.409134  29.407311    34.8285    34.8260    294.228    290.568    -0.1615     4.6740     0.0839     0.0839     0.0128     0.0185      23450    16.2843     100.00     2.1750     1.9228         16 0.0000e+00
    637.205   78.95726  173.56702    645.000     0.2431     0.2432  29.409646  29.408008    34.8284    34.8261    294.243    288.599    -0.1492     4.6740     0.0825     0.0825     0.0128     0.0190      23475    16.3013     100.00     2.1749     1.9131         15 0.0000e+00
    638.192   78.95726  173.56702    646.000     0.2400     0.2386  29.407030  29.404073    34.8279    34.8256    294.317    289.454    -0.1517     4.6739     0.0818     0.0818     0.0129     0.0189      23500    16.3184     100.00     2.1749     1.9169         12 0.0000e+00
    639.178   78.95726  173.56704    647.000     0.2232     0.2221  29.392812  29.390016    34.8277    34.8252    294.467    289.448    -0.1540     4.6739     0.0812     0.0812     0.0129     0.0188      23524    16.3357     100.00     2.1747     1.9160         14 0.0000e+00
    640.164   78.95726  173.56704    648.000     0.2087     0.2084  29.380624  29.378480    34.8274    34.8249    294.613    289.790    -0.1517     4.6739     0.0816     0.0816     0.0129     0.0189      23549    16.3527     100.00     2.1747     1.9169         12 0.0000e+00
    641.151   78.95726  173.56705    649.000     0.2023     0.2022  29.375306  29.373526    34.8270    34.8248    294.616    290.020    -0.1352     4.6740     0.0829     0.0829     0.0128     0.0196      23573    16.3698     100.00     2.1741     1.9175         13 0.0000e+00
    642.137   78.95726  173.56706    650.000     0.1946     0.1944  29.369092  29.366905    34.8269    34.8242    294.697    290.157    -0.1365     4.6740     0.0827     0.0827     0.0128     0.0195      23598    16.3870     100.00     2.1740     1.9177         11 0.0000e+00
    643.123   78.95726  173.56707    651.000     0.1893     0.1891  29.364650  29.362658    34.8265    34.8241    294.848    290.065    -0.1346     4.6739     0.0817     0.0817     0.0129     0.0196      23623    16.4044     100.00     2.1744     1.9168         15 0.0000e+00
    644.110   78.95727  173.56708    652.000     0.1866     0.1866  29.362748  29.360807    34.8264    34.8238    294.946    289.953    -0.1719     4.6739     0.0806     0.0806     0.0129     0.0181      23647    16.4212     100.00     2.1746     1.9160         12 0.0000e+00
    645.096   78.95728  173.56708    653.000     0.1865     0.1864  29.362830  29.360995    34.8261    34.8237    294.956    288.736    -0.1690     4.6740     0.0817     0.0817     0.0128     0.0182      23673    16.4386     100.00     2.1744     1.9100         16 0.0000e+00
    646.083   78.95728  173.56709    654.000     0.1866     0.1867  29.363256  29.361568    34.8260    34.8236    294.929    290.911    -0.1332     4.6735     0.0828     0.0828     0.0132     0.0197      23697    16.4555     100.00     2.1740     1.9203         13 0.0000e+00
    647.069   78.95728  173.56710    655.000     0.1888     0.1892  29.366462  29.364813    34.8271    34.8245    294.845    291.027    -0.1321     4.6738     0.0821     0.0821     0.0129     0.0197      23722    16.4728     100.00     2.1735     1.9208         14 0.0000e+00
    648.055   78.95728  173.56710    656.000     0.2130     0.2145  29.391538  29.390709    34.8322    34.8294    294.714    288.603    -0.1512     4.6737     0.0818     0.0818     0.0131     0.0189      23746    16.4898     100.00     2.1738     1.9100         15 0.0000e+00
    649.042   78.95728  173.56711    657.000     0.2388     0.2388  29.416402  29.414558    34.8351    34.8327    294.586    289.650    -0.1735     4.6739     0.0832     0.0832     0.0129     0.0180      23771    16.5070     100.00     2.1741     1.9159         16 0.0000e+00
    650.028   78.95729  173.56712    658.000     0.2439     0.2438  29.423883  29.421905    34.8386    34.8361    294.648    290.198    -0.1772     4.6739     0.0826     0.0826     0.0129     0.0179      23796    16.5243     100.00     2.1745     1.9186         18 0.0000e+00
    651.014   78.95730  173.56713    659.000     0.2421     0.2419  29.424068  29.422091    34.8403    34.8379    294.736    289.847    -0.1516     4.6738     0.0813     0.0813     0.0130     0.0189      23821    16.5415     100.00     2.1747     1.9166         16 0.0000e+00
    652.000   78.95730  173.56714    660.000     0.2416     0.2417  29.424324  29.422454    34.8406    34.8380    294.564    288.678    -0.1275     4.6732     0.0828     0.0828     0.0134     0.0199      23845    16.5587     100.00     2.1735     1.9108         17 0.0000e+00
    652.987   78.95730  173.56714    661.000     0.2417     0.2417  29.424852  29.422957    34.8406    34.8381    294.374    289.160    -0.1345     4.6733     0.0820     0.0820     0.0134     0.0196      23870    16.5757     100.00     2.1722     1.9129         15 0.0000e+00
    653.973   78.95730  173.56715    662.000     0.2414     0.2414  29.425074  29.423220    34.8406    34.8382    294.215    288.430    -0.1330     4.6739     0.0842     0.0842     0.0129     0.0197      23895    16.5928     100.00     2.1710     1.9092         17 0.0000e+00
    654.959   78.95730  173.56716    663.000     0.2408     0.2406  29.425008  29.422945    34.8406    34.8381    293.909    288.767    -0.1762     4.6737     0.0830     0.0830     0.0131     0.0179      23919    16.6100     100.00     2.1691     1.9106         15 0.0000e+00
    655.946   78.95730  173.56718    664.000     0.2403     0.2401  29.425005  29.422917    34.8406    34.8381    293.706    288.176    -0.1679     4.6737     0.0830     0.0830     0.0131     0.0183      23944    16.6271     100.00     2.1677     1.9076         16 0.0000e+00
    656.932   78.95732  173.56718    665.000     0.2397     0.2397  29.424922  29.423011    34.8406    34.8381    293.553    288.041    -0.1368     4.6730     0.0830     0.0830     0.0136     0.0195      23969    16.6444     100.00     2.1665     1.9067         17 0.0000e+00
    657.918   78.95732  173.56718    666.000     0.2390     0.2389  29.424844  29.422816    34.8407    34.8381    293.328    288.985    -0.1407     4.6734     0.0821     0.0821     0.0133     0.0193      23993    16.6614     100.00     2.1650     1.9111         15 0.0000e+00
    658.905   78.95732  173.56720    667.000     0.2390     0.2388  29.425176  29.423151    34.8406    34.8382    293.143    290.463    -0.1606     4.6736     0.0818     0.0818     0.0132     0.0186      24018    16.6786     100.00     2.1637     1.9180         16 0.0000e+00
    659.891   78.95732  173.56720    668.000     0.2391     0.2391  29.425814  29.423776    34.8407    34.8380    293.067    289.118    -0.1473     4.6738     0.0824     0.0824     0.0130     0.0191      24043    16.6957     100.00     2.1631     1.9114         17 0.0000e+00
    660.877   78.95732  173.56722    669.000     0.2393     0.2393  29.426386  29.424423    34.8406    34.8381    292.957    287.891    -0.1758     4.6737     0.0827     0.0827     0.0131     0.0180      24067    16.7128     100.00     2.1623     1.9053         16 0.0000e+00
    661.863   78.95732  173.56722    670.000     0.2384     0.2378  29.426018  29.423592    34.8406    34.8381    292.939    288.916    -0.1537     4.6740     0.0817     0.0817     0.0128     0.0188      24092    16.7300     100.00     2.1619     1.9100         18 0.0000e+00
    662.850   78.95732  173.56722    671.000     0.2315     0.2304  29.420212  29.417426    34.8402    34.8377    292.949    287.564    -0.1335     4.6736     0.0818     0.0818     0.0132     0.0196      24117    16.7472     100.00     2.1614     1.9030         19 0.0000e+00
    663.836   78.95734  173.56724    672.000     0.2232     0.2232  29.413458  29.411656    34.8401    34.8377    292.964    288.252    -0.1668     4.6731     0.0818     0.0818     0.0135     0.0183      24142    16.7644     100.00     2.1608     1.9058         18 0.0000e+00
    664.822   78.95734  173.56724    673.000     0.2191     0.2188  29.410219  29.408070    34.8399    34.8374    293.020    289.072    -0.1378     4.6734     0.0818     0.0818     0.0133     0.0195      24167    16.7817     100.00     2.1607     1.9094         19 0.0000e+00
    665.808   78.95734  173.56726    674.000     0.2077     0.2069  29.400394  29.397980    34.8393    34.8371    293.118    289.549    -0.1677     4.6738     0.0829     0.0829     0.0129     0.0183      24191    16.7987     100.00     2.1605     1.9110         14 0.0000e+00
    666.795   78.95734  173.56726    675.000     0.1997     0.1996  29.393859  29.392084    34.8391    34.8368    293.156    289.047    -0.1417     4.6739     0.0820     0.0820     0.0129     0.0193      24216    16.8158     100.00     2.1601     1.9081         16 0.0000e+00
    667.781   78.95734  173.56726    676.000     0.1939     0.1940  29.389173  29.387390    34.8389    34.8365    293.214    287.896    -0.1616     4.6740     0.0817     0.0817     0.0128     0.0185      24241    16.8330     100.00     2.1599     1.9022         16 0.0000e+00
    668.767   78.95734  173.56728    677.000     0.1919     0.1920  29.387892  29.386050    34.8388    34.8363    293.326    288.626    -0.1366     4.6738     0.0826     0.0826     0.0129     0.0195      24265    16.8502     100.00     2.1603     1.9054         15 0.0000e+00
    669.754   78.95734  173.56728    678.000     0.1919     0.1919  29.388202  29.386271    34.8387    34.8362    293.499    289.035    -0.1345     4.6737     0.0824     0.0824     0.0131     0.0196      24290    16.8672     100.00     2.1610     1.9072         15 0.0000e+00
    670.739   78.95736  173.56728    679.000     0.1921     0.1920  29.388681  29.386773    34.8386    34.8361    293.523    288.662    -0.1485     4.6738     0.0823     0.0823     0.0130     0.0190      24314    16.8843     100.00     2.1609     1.9052         13 0.0000e+00
    671.726   78.95736  173.56730    680.000     0.1919     0.1920  29.389004  29.387117    34.8386    34.8360    293.456    287.878    -0.1770     4.6738     0.0830     0.0830     0.0130     0.0179      24339    16.9016     100.00     2.1603     1.9013         18 0.0000e+00
    672.712   78.95736  173.56731    681.000     0.1919     0.1920  29.389360  29.387505    34.8384    34.8360    293.394    288.448    -0.1474     4.6737     0.0827     0.0827     0.0130     0.0191      24364    16.9187     100.00     2.1598     1.9038         16 0.0000e+00
    673.698   78.95736  173.56732    682.000     0.1920     0.1920  29.389821  29.387848    34.8384    34.8358    293.427    288.129    -0.1293     4.6740     0.0818     0.0818     0.0128     0.0198      24388    16.9357     100.00     2.1597     1.9021         13 0.0000e+00
    674.685   78.95736  173.56732    683.000     0.1920     0.1920  29.390319  29.388398    34.8384    34.8359    293.466    288.468    -0.1339     4.6740     0.0818     0.0818     0.0128     0.0196      24413    16.9530     100.00     2.1597     1.9035         13 0.0000e+00
    675.670   78.95737  173.56733    684.000     0.1921     0.1921  29.390749  29.388818    34.8383    34.8358    293.496    289.309    -0.1344     4.6737     0.0829     0.0829     0.0131     0.0196      24438    16.9702     100.00     2.1597     1.9074         14 0.0000e+00
    676.657   78.95738  173.56734    685.000     0.1921     0.1922  29.391205  29.389354    34.8384    34.8358    293.490    289.368    -0.1643     4.6736     0.0830     0.0830     0.0132     0.0184      24463    16.9873     100.00     2.1594     1.9075         14 0.0000e+00
    677.643   78.95738  173.56735    686.000     0.1922     0.1922  29.391674  29.389842    34.8383    34.8358    293.498    288.913    -0.1376     4.6740     0.0831     0.0831     0.0128     0.0195      24487    17.0042     100.00     2.1593     1.9051         14 0.0000e+00
    678.629   78.95738  173.56736    687.000     0.1922     0.1923  29.392185  29.390359    34.8383    34.8358    293.550    290.186    -0.1346     4.6740     0.0822     0.0822     0.0128     0.0196      24512    17.0214     100.00     2.1593     1.9111         14 0.0000e+00
    679.615   78.95738  173.56736    688.000     0.1924     0.1924  29.392722  29.390826    34.8383    34.8358    293.698    288.995    -0.1456     4.6739     0.0825     0.0825     0.0129     0.0192      24537    17.0387     100.00     2.1599     1.9052         16 0.0000e+00
    680.602   78.95738  173.56737    689.000     0.1926     0.1926  29.393309  29.391478    34.8382    34.8359    293.720    288.778    -0.1559     4.6738     0.0825     0.0825     0.0129     0.0187      24561    17.0558     100.00     2.1599     1.9040         14 0.0000e+00
    681.588   78.95738  173.56738    690.000     0.1926     0.1928  29.393927  29.392010    34.8384    34.8357    293.696    290.486    -0.1497     4.6739     0.0822     0.0822     0.0129     0.0190      24586    17.0732     100.00     2.1595     1.9120         16 0.0000e+00
    682.574   78.95739  173.56739    691.000     0.1928     0.1928  29.394335  29.392487    34.8382    34.8358    293.666    289.456    -0.1494     4.6736     0.0830     0.0830     0.0132     0.0190      24611    17.0904     100.00     2.1591     1.9068         19 0.0000e+00
    683.560   78.95740  173.56740    692.000     0.1929     0.1930  29.394938  29.393034    34.8382    34.8357    293.671    289.670    -0.1342     4.6733     0.0830     0.0830     0.0134     0.0196      24636    17.1075     100.00     2.1589     1.9077         17 0.0000e+00
    684.546   78.95740  173.56740    693.000     0.1934     0.1933  29.395775  29.393913    34.8383    34.8359    293.793    288.400    -0.1344     4.6737     0.0830     0.0830     0.0131     0.0196      24660    17.1246     100.00     2.1594     1.9014         14 0.0000e+00
    685.533   78.95740  173.56741    694.000     0.1937     0.1937  29.396442  29.394619    34.8382    34.8358    293.698    288.758    -0.1346     4.6739     0.0842     0.0842     0.0129     0.0196      24685    17.1417     100.00     2.1587     1.9030         15 0.0000e+00
    686.519   78.95740  173.56742    695.000     0.1938     0.1939  29.396977  29.395194    34.8382    34.8357    293.691    288.439    -0.1342     4.6740     0.0832     0.0832     0.0128     0.0196      24710    17.1587     100.00     2.1584     1.9013         13 0.0000e+00
    687.505   78.95740  173.56743    696.000     0.1835     0.1824  29.387802  29.385195    34.8372    34.8349    293.681    288.054    -0.1365     4.6738     0.0840     0.0840     0.0129     0.0195      24735    17.1761     100.00     2.1577     1.8988         14 0.0000e+00
    688.491   78.95740  173.56744    697.000     0.1476     0.1463  29.356765  29.354234    34.8363    34.8344    293.829    288.553    -0.1366     4.6740     0.0817     0.0817     0.0128     0.0195      24759    17.1933     100.00     2.1565     1.8995         14 0.0000e+00
