Continuous CTD Data/SBE Stage/nabos_34_01avg.cnv
* Sea-Bird SBE 9 Data File:
* FileName = D:\CTD\data\HLY2502\raw\NABOS_34_01.hex
* Software Version Seasave V 7.26.7.110
* Temperature SN = 6954
* Conductivity SN = 2561
* Number of Bytes Per Scan = 37
* Number of Voltage Words = 4
* Number of Scans Averaged by the Deck Unit = 1
* NMEA Latitude = 79 43.52 N
* NMEA Longitude = 137 55.80 E
* NMEA UTC (Time) = Sep 23 2025  23:29:11
* NMEA baud rate = 9600
** Ship: USCG HEALY
** Bot. Depth:  2758
** Cast Number:  01
** Station Name:  NABOS
** Station Number:  34
** Operator:  STARC
** 2760m target, but 5m off the bottom actual
# nquan = 25
# nvalues = 2801                        
# units = specified
# name 0 = depSM: Depth [salt water, m]
# name 1 = latitude: Latitude [deg]
# name 2 = longitude: Longitude [deg]
# name 3 = prDM: Pressure, Digiquartz [db]
# name 4 = t090C: Temperature [ITS-90, deg C]
# name 5 = t190C: Temperature, 2 [ITS-90, deg C]
# name 6 = c0mS/cm: Conductivity [mS/cm]
# name 7 = c1mS/cm: Conductivity, 2 [mS/cm]
# name 8 = sal00: Salinity, Practical [PSU]
# name 9 = sal11: Salinity, Practical, 2 [PSU]
# name 10 = sbox0Mm/Kg: Oxygen, SBE 43 [umol/kg]
# name 11 = sbox1Mm/Kg: Oxygen, SBE 43, 2 [umol/kg]
# name 12 = flECO-AFL: Fluorescence, WET Labs ECO-AFL/FL [mg/m^3]
# name 13 = v2: Voltage 2
# name 14 = wetCDOM: Fluorescence, WET Labs CDOM [mg/m^3]
# name 15 = v6: Voltage 6
# name 16 = CStarAt0: Beam Attenuation, WET Labs C-Star [1/m]
# name 17 = v3: Voltage 3
# name 18 = scan: Scan Count
# name 19 = timeM: Time, Elapsed [minutes]
# name 20 = altM: Altimeter [m]
# name 21 = sbeox0V: Oxygen raw, SBE 43 [V]
# name 22 = sbeox1V: Oxygen raw, SBE 43, 2 [V]
# name 23 = nbin: number of scans per bin
# name 24 = flag: flag
# span 0 =      2.968,   2755.015       
# span 1 =   79.72530,   79.73129       
# span 2 =  137.90866,  137.92870       
# span 3 =      3.000,   2803.000       
# span 4 =    -1.6152,     1.9406       
# span 5 =    -1.6148,     1.9397       
# span 6 =  22.405300,  30.746208       
# span 7 =  22.403479,  30.743700       
# span 8 =    27.6615,    34.9365       
# span 9 =    27.6596,    34.9346       
# span 10 =    278.224,    376.199      
# span 11 =    251.690,    380.706      
# span 12 =    -0.1919,     0.5399      
# span 13 =     4.3371,     4.6380      
# span 14 =     0.0658,     0.1395      
# span 15 =     0.0658,     0.1395      
# span 16 =     0.0438,     0.3125      
# span 17 =     0.0173,     0.0466      
# span 18 =       2582,      89186      
# span 19 =     1.7920,    61.9342      
# span 20 =       2.58,     100.00      
# span 21 =     1.6557,     2.6152      
# span 22 =     1.4474,     2.2992      
# span 23 =          4,         28      
# span 24 = 0.0000e+00, 0.0000e+00      
# interval = decibars: 1                
# start_time = Sep 23 2025 23:29:11 [NMEA time, header]
# bad_flag = -9.990e-29
*END*
[from data line 116]
    117.708   79.72548  137.92607    119.000     0.1891     0.1901  28.873229  28.872381    34.4965    34.4943    304.388    303.516    -0.1348     4.6118     0.0850     0.0850     0.0664     0.0196       8700     6.0406     100.00     2.3500     2.0839         19 0.0000e+00
    118.697   79.72548  137.92606    120.000     0.2326     0.2330  28.916889  28.915806    34.5047    34.5028    303.921    302.001    -0.1287     4.6119     0.0864     0.0864     0.0663     0.0198       8729     6.0614     100.00     2.3494     2.0779         20 0.0000e+00
    119.686   79.72548  137.92606    121.000     0.2862     0.2889  28.972933  28.974614    34.5176    34.5168    303.323    301.668    -0.1298     4.6122     0.0867     0.0867     0.0660     0.0198       8757     6.0805     100.00     2.3486     2.0787         18 0.0000e+00
    120.675   79.72548  137.92604    122.000     0.3400     0.3404  29.024958  29.023941    34.5251    34.5233    302.795    296.723    -0.1225     4.6113     0.0867     0.0867     0.0668     0.0201       8783     6.0984     100.00     2.3481     2.0553         15 0.0000e+00
    121.663   79.72550  137.92604    123.000     0.3564     0.3565  29.042826  29.041349    34.5296    34.5275    302.408    294.928    -0.1280     4.6116     0.0861     0.0861     0.0666     0.0199       8808     6.1159     100.00     2.3464     2.0465         18 0.0000e+00
    122.652   79.72550  137.92604    124.000     0.3683     0.3682  29.056613  29.055122    34.5337    34.5319    302.004    292.722    -0.1331     4.6114     0.0849     0.0849     0.0668     0.0196       8834     6.1340     100.00     2.3444     2.0355         18 0.0000e+00
    123.641   79.72550  137.92602    125.000     0.3887     0.3886  29.078663  29.077061    34.5392    34.5372    301.885    299.257    -0.1294     4.6103     0.0849     0.0849     0.0677     0.0198       8863     6.1540     100.00     2.3446     2.0701         21 0.0000e+00
    124.630   79.72550  137.92602    126.000     0.3987     0.3991  29.092816  29.091861    34.5459    34.5442    301.898    295.230    -0.1318     4.6106     0.0841     0.0841     0.0674     0.0197       8890     6.1729     100.00     2.3450     2.0496         13 0.0000e+00
    125.619   79.72550  137.92601    127.000     0.4711     0.4736  29.163241  29.164951    34.5565    34.5559    301.226    299.894    -0.1259     4.6099     0.0842     0.0842     0.0681     0.0200       8916     6.1907     100.00     2.3447     2.0770         17 0.0000e+00
    126.608   79.72550  137.92600    128.000     0.5417     0.5417  29.229187  29.227737    34.5631    34.5612    300.703    295.931    -0.1214     4.6085     0.0850     0.0850     0.0693     0.0201       8940     6.2077     100.00     2.3451     2.0593         14 0.0000e+00
    127.596   79.72550  137.92600    129.000     0.6104     0.6145  29.300556  29.302479    34.5788    34.5766    300.333    297.309    -0.1296     4.6044     0.0842     0.0842     0.0729     0.0198       8966     6.2256     100.00     2.3464     2.0697         17 0.0000e+00
    128.585   79.72550  137.92598    130.000     0.6772     0.6782  29.363152  29.362386    34.5850    34.5830    300.077    294.747    -0.1265     4.6085     0.0846     0.0846     0.0693     0.0199       8994     6.2453     100.00     2.3483     2.0590         15 0.0000e+00
    129.574   79.72550  137.92598    131.000     0.7004     0.7008  29.387569  29.386232    34.5904    34.5882    300.091    290.492    -0.1185     4.6092     0.0845     0.0845     0.0687     0.0203       9022     6.2648     100.00     2.3494     2.0377         15 0.0000e+00
    130.563   79.72550  137.92598    132.000     0.7086     0.7086  29.397335  29.395891    34.5933    34.5914    299.946    299.389    -0.1586     4.6095     0.0830     0.0830     0.0684     0.0186       9047     6.2823     100.00     2.3488     2.0843         14 0.0000e+00
    131.552   79.72550  137.92598    133.000     0.7201     0.7205  29.412064  29.410810    34.5990    34.5969    299.662    288.012    -0.1372     4.6083     0.0831     0.0831     0.0695     0.0195       9072     6.2991     100.00     2.3474     2.0252         15 0.0000e+00
    132.540   79.72550  137.92596    134.000     0.7648     0.7666  29.458115  29.458051    34.6083    34.6062    299.133    284.056    -0.1583     4.6095     0.0831     0.0831     0.0684     0.0186       9097     6.3168     100.00     2.3464     2.0064         13 0.0000e+00
    133.529   79.72552  137.92596    135.000     0.8259     0.8265  29.517289  29.516032    34.6163    34.6140    298.463    290.330    -0.1234     4.6110     0.0853     0.0853     0.0671     0.0201       9125     6.3360     100.00     2.3454     2.0418         16 0.0000e+00
    134.518   79.72552  137.92596    136.000     0.8638     0.8652  29.555657  29.555303    34.6232    34.6211    298.122    298.215    -0.1203     4.6117     0.0839     0.0839     0.0665     0.0202       9152     6.3551     100.00     2.3451     2.0847         15 0.0000e+00
    135.507   79.72552  137.92595    137.000     0.9013     0.9024  29.593872  29.593090    34.6302    34.6281    297.862    311.150    -0.1300     4.6121     0.0819     0.0819     0.0661     0.0198       9178     6.3733     100.00     2.3453     2.1543         14 0.0000e+00
    136.496   79.72552  137.92594    138.000     0.9449     0.9469  29.637741  29.638126    34.6379    34.6360    297.600    298.675    -0.1296     4.6134     0.0830     0.0830     0.0650     0.0198       9203     6.3905     100.00     2.3459     2.0906         13 0.0000e+00
    137.484   79.72552  137.92594    139.000     0.9776     0.9780  29.670258  29.669147    34.6429    34.6409    297.578    296.601    -0.1294     4.6130     0.0830     0.0830     0.0653     0.0198       9229     6.4082     100.00     2.3474     2.0809         17 0.0000e+00
    138.473   79.72552  137.92594    140.000     0.9965     0.9967  29.689241  29.687588    34.6458    34.6434    297.555    274.589    -0.1294     4.6124     0.0830     0.0830     0.0658     0.0198       9256     6.4272     100.00     2.3480     1.9656         17 0.0000e+00
    139.462   79.72552  137.92592    141.000     0.9990     0.9993  29.693158  29.691607    34.6473    34.6451    297.572    286.698    -0.1279     4.6120     0.0830     0.0830     0.0663     0.0199       9284     6.4464     100.00     2.3480     2.0293         14 0.0000e+00
    140.450   79.72552  137.92592    142.000     1.0238     1.0245  29.718789  29.717698    34.6522    34.6501    297.252    300.753    -0.1231     4.6127     0.0830     0.0830     0.0656     0.0201       9311     6.4653     100.00     2.3472     2.1043         18 0.0000e+00
    141.439   79.72552  137.92592    143.000     1.0498     1.0512  29.745516  29.744718    34.6572    34.6546    297.014    309.952    -0.1418     4.6128     0.0840     0.0840     0.0655     0.0193       9336     6.4827     100.00     2.3469     2.1539         15 0.0000e+00
    142.428   79.72552  137.92592    144.000     1.0668     1.0678  29.762781  29.761956    34.6599    34.6577    296.834    296.696    -0.1454     4.6123     0.0834     0.0834     0.0660     0.0192       9361     6.5000     100.00     2.3464     2.0846         14 0.0000e+00
    143.417   79.72552  137.92590    145.000     1.0969     1.0980  29.792166  29.791309    34.6637    34.6614    296.627    270.560    -0.1541     4.6135     0.0848     0.0848     0.0650     0.0188       9387     6.5182     100.00     2.3465     1.9477         14 0.0000e+00
    144.406   79.72552  137.92590    146.000     1.1263     1.1271  29.821420  29.820034    34.6680    34.6655    296.537    286.327    -0.1362     4.6141     0.0829     0.0829     0.0645     0.0195       9415     6.5373     100.00     2.3473     2.0321         14 0.0000e+00
    145.394   79.72552  137.92590    147.000     1.1475     1.1477  29.843082  29.841517    34.6718    34.6696    296.501    289.514    -0.1670     4.6143     0.0826     0.0826     0.0643     0.0183       9442     6.5561     100.00     2.3480     2.0497         17 0.0000e+00
    146.383   79.72552  137.92590    148.000     1.1658     1.1659  29.861547  29.859994    34.6745    34.6725    296.368    289.880    -0.1510     4.6150     0.0824     0.0824     0.0637     0.0189       9467     6.5737     100.00     2.3480     2.0522         17 0.0000e+00
    147.372   79.72552  137.92589    149.000     1.1662     1.1661  29.862882  29.861133    34.6753    34.6732    296.362    295.491    -0.1290     4.6159     0.0831     0.0831     0.0629     0.0198       9492     6.5908     100.00     2.3477     2.0817         15 0.0000e+00
    148.360   79.72552  137.92588    150.000     1.1664     1.1667  29.864059  29.862904    34.6760    34.6741    296.393    305.531    -0.1244     4.6155     0.0843     0.0843     0.0632     0.0200       9518     6.6090     100.00     2.3477     2.1346         20 0.0000e+00
    149.349   79.72552  137.92588    151.000     1.2039     1.2081  29.902823  29.904448    34.6835    34.6809    296.196    295.404    -0.1285     4.6158     0.0837     0.0837     0.0629     0.0198       9544     6.6274     100.00     2.3483     2.0828         15 0.0000e+00
    150.338   79.72554  137.92588    152.000     1.2479     1.2487  29.946713  29.945155    34.6904    34.6875    295.973    292.407    -0.1328     4.6162     0.0830     0.0830     0.0625     0.0197       9572     6.6464     100.00     2.3490     2.0686         15 0.0000e+00
    151.326   79.72554  137.92588    153.000     1.2601     1.2596  29.957885  29.955790    34.6905    34.6885    296.040    293.585    -0.1367     4.6169     0.0830     0.0830     0.0620     0.0195       9598     6.6648     100.00     2.3498     2.0751         19 0.0000e+00
    152.315   79.72554  137.92586    154.000     1.2657     1.2683  29.965801  29.966029    34.6939    34.6913    296.030    298.856    -0.1504     4.6172     0.0835     0.0835     0.0617     0.0190       9624     6.6828     100.00     2.3499     2.1032         15 0.0000e+00
    153.304   79.72554  137.92586    155.000     1.3273     1.3297  30.026678  30.026657    34.7030    34.7003    295.508    293.378    -0.1281     4.6174     0.0837     0.0837     0.0615     0.0199       9650     6.7010     100.00     2.3497     2.0768         15 0.0000e+00
    154.293   79.72554  137.92586    156.000     1.3573     1.3561  30.055402  30.052730    34.7059    34.7038    295.492    275.186    -0.1453     4.6176     0.0820     0.0820     0.0613     0.0192       9677     6.7196     100.00     2.3510     1.9811         20 0.0000e+00
    155.281   79.72554  137.92585    157.000     1.3730     1.3761  30.074070  30.074948    34.7116    34.7094    295.541    281.391    -0.1384     4.6177     0.0828     0.0828     0.0613     0.0194       9703     6.7378     100.00     2.3520     2.0148         15 0.0000e+00
    156.270   79.72554  137.92584    158.000     1.4089     1.4083  30.110201  30.108024    34.7174    34.7153    295.261    286.357    -0.1576     4.6178     0.0821     0.0821     0.0612     0.0187       9730     6.7565     100.00     2.3519     2.0425         16 0.0000e+00
    157.258   79.72554  137.92584    159.000     1.4434     1.4453  30.146913  30.146567    34.7255    34.7230    294.798    287.572    -0.1320     4.6175     0.0830     0.0830     0.0614     0.0197       9756     6.7746     100.00     2.3507     2.0504         16 0.0000e+00
    158.247   79.72554  137.92584    160.000     1.4744     1.4744  30.177104  30.175276    34.7291    34.7268    294.516    292.384    -0.1455     4.6179     0.0829     0.0829     0.0611     0.0192       9782     6.7926     100.00     2.3503     2.0771         16 0.0000e+00
    159.236   79.72554  137.92582    161.000     1.4834     1.4853  30.187931  30.187891    34.7324    34.7302    294.702    309.166    -0.1519     4.6180     0.0819     0.0819     0.0610     0.0189       9808     6.8101     100.00     2.3518     2.1669         16 0.0000e+00
    160.224   79.72554  137.92582    162.000     1.5257     1.5281  30.231509  30.231822    34.7405    34.7382    294.332    296.999    -0.1341     4.6186     0.0831     0.0831     0.0605     0.0196       9834     6.8284     100.00     2.3516     2.1038         15 0.0000e+00
    161.213   79.72554  137.92582    163.000     1.5802     1.5804  30.284116  30.282354    34.7465    34.7440    293.921    292.392    -0.1590     4.6190     0.0829     0.0829     0.0602     0.0186       9861     6.8475     100.00     2.3516     2.0814         15 0.0000e+00
    162.202   79.72554  137.92582    164.000     1.6014     1.6033  30.306406  30.306114    34.7507    34.7483    293.816    289.503    -0.1614     4.6203     0.0806     0.0806     0.0591     0.0185       9887     6.8656     100.00     2.3519     2.0668         16 0.0000e+00
    163.190   79.72554  137.92582    165.000     1.6459     1.6470  30.349869  30.349044    34.7562    34.7539    293.334    281.069    -0.1650     4.6202     0.0830     0.0830     0.0592     0.0184       9912     6.8830     100.00     2.3510     2.0234         14 0.0000e+00
    164.179   79.72554  137.92580    166.000     1.6629     1.6632  30.367075  30.365651    34.7586    34.7565    293.239    274.975    -0.1670     4.6202     0.0830     0.0830     0.0592     0.0183       9938     6.9005     100.00     2.3511     1.9913         15 0.0000e+00
    165.168   79.72554  137.92580    167.000     1.6646     1.6643  30.369916  30.367896    34.7598    34.7576    293.315    285.436    -0.1671     4.6204     0.0832     0.0832     0.0590     0.0183       9965     6.9196     100.00     2.3514     2.0472         13 0.0000e+00
    166.156   79.72554  137.92580    168.000     1.6649     1.6647  30.371256  30.369465    34.7606    34.7585    293.533    302.117    -0.1652     4.6203     0.0820     0.0820     0.0591     0.0184       9993     6.9392     100.00     2.3526     2.1363         16 0.0000e+00
    167.145   79.72555  137.92580    169.000     1.6641     1.6639  30.371361  30.369549    34.7610    34.7589    293.738    296.086    -0.1694     4.6224     0.0829     0.0829     0.0572     0.0182      10020     6.9575     100.00     2.3535     2.1038         14 0.0000e+00
    168.134   79.72556  137.92579    170.000     1.6617     1.6614  30.369985  30.368039    34.7613    34.7592    293.761    292.770    -0.1670     4.6230     0.0821     0.0821     0.0568     0.0183      10044     6.9746     100.00     2.3533     2.0857         14 0.0000e+00
    169.122   79.72556  137.92578    171.000     1.6545     1.6542  30.364422  30.362463    34.7616    34.7595    293.781    295.452    -0.1321     4.6236     0.0821     0.0821     0.0562     0.0197      10070     6.9922     100.00     2.3529     2.0996         14 0.0000e+00
    170.111   79.72556  137.92578    172.000     1.6522     1.6519  30.363224  30.361140    34.7620    34.7598    293.936    290.315    -0.1368     4.6183     0.0819     0.0819     0.0607     0.0195      10097     7.0109     100.00     2.3535     2.0718         16 0.0000e+00
    171.099   79.72556  137.92578    173.000     1.6467     1.6464  30.358948  30.357018    34.7621    34.7600    294.085    293.240    -0.1423     4.6241     0.0827     0.0827     0.0557     0.0193      10124     7.0301     100.00     2.3539     2.0870         17 0.0000e+00
    172.088   79.72556  137.92576    174.000     1.6457     1.6457  30.358990  30.357385    34.7627    34.7607    294.006    288.160    -0.1561     4.6238     0.0822     0.0822     0.0560     0.0187      10151     7.0489     100.00     2.3531     2.0596         14 0.0000e+00
    173.077   79.72556  137.92576    175.000     1.6468     1.6468  30.360703  30.359032    34.7631    34.7610    294.019    270.661    -0.1361     4.6244     0.0811     0.0811     0.0555     0.0195      10177     7.0665     100.00     2.3530     1.9659         13 0.0000e+00
