Continuous CTD Data/SBE Stage/nabos_28_01avg.cnv
* Sea-Bird SBE 9 Data File:
* FileName = D:\CTD\data\HLY2502\raw\NABOS_28_01.hex
* Software Version Seasave V 7.26.7.110
* Temperature SN = 6954
* Conductivity SN = 2561
* Number of Bytes Per Scan = 37
* Number of Voltage Words = 4
* Number of Scans Averaged by the Deck Unit = 1
* NMEA Latitude = 80 36.34 N
* NMEA Longitude = 154 17.06 E
* NMEA UTC (Time) = Sep 21 2025  20:08:11
* NMEA baud rate = 9600
** Ship: USCG HEALY
** Bot. Depth:  2371
** Cast Number:  01
** Station Name:  NABOS
** Station Number:  28
** Operator:  STARC
# nquan = 25
# nvalues = 1214                        
# units = specified
# name 0 = depSM: Depth [salt water, m]
# name 1 = latitude: Latitude [deg]
# name 2 = longitude: Longitude [deg]
# name 3 = prDM: Pressure, Digiquartz [db]
# name 4 = t090C: Temperature [ITS-90, deg C]
# name 5 = t190C: Temperature, 2 [ITS-90, deg C]
# name 6 = c0mS/cm: Conductivity [mS/cm]
# name 7 = c1mS/cm: Conductivity, 2 [mS/cm]
# name 8 = sal00: Salinity, Practical [PSU]
# name 9 = sal11: Salinity, Practical, 2 [PSU]
# name 10 = sbox0Mm/Kg: Oxygen, SBE 43 [umol/kg]
# name 11 = sbox1Mm/Kg: Oxygen, SBE 43, 2 [umol/kg]
# name 12 = flECO-AFL: Fluorescence, WET Labs ECO-AFL/FL [mg/m^3]
# name 13 = v2: Voltage 2
# name 14 = wetCDOM: Fluorescence, WET Labs CDOM [mg/m^3]
# name 15 = v6: Voltage 6
# name 16 = CStarAt0: Beam Attenuation, WET Labs C-Star [1/m]
# name 17 = v3: Voltage 3
# name 18 = scan: Scan Count
# name 19 = timeM: Time, Elapsed [minutes]
# name 20 = altM: Altimeter [m]
# name 21 = sbeox0V: Oxygen raw, SBE 43 [V]
# name 22 = sbeox1V: Oxygen raw, SBE 43, 2 [V]
# name 23 = nbin: number of scans per bin
# name 24 = flag: flag
# span 0 =      3.958,   1200.588       
# span 1 =   80.60327,   80.60541       
# span 2 =  154.27945,  154.28404       
# span 3 =      4.000,   1217.000       
# span 4 =    -1.7277,     1.0712       
# span 5 =    -1.7275,     1.0711       
# span 6 =  24.679791,  29.914778       
# span 7 =  24.678531,  29.913036       
# span 8 =    30.9493,    34.8683       
# span 9 =    30.9472,    34.8660       
# span 10 =    291.301,    377.198      
# span 11 =    265.724,    378.723      
# span 12 =    -0.1799,     0.5032      
# span 13 =     4.0614,     4.6360      
# span 14 =     0.0806,     0.1246      
# span 15 =     0.0806,     0.1246      
# span 16 =     0.0454,     0.5845      
# span 17 =     0.0178,     0.0452      
# span 18 =       4024,      41749      
# span 19 =     2.7939,    28.9915      
# span 20 =     100.00,     100.00      
# span 21 =     2.0138,     2.6408      
# span 22 =     1.6991,     2.3402      
# span 23 =          7,         27      
# span 24 = 0.0000e+00, 0.0000e+00      
# interval = decibars: 1                
# start_time = Sep 21 2025 20:08:11 [NMEA time, header]
# bad_flag = -9.990e-29
*END*
[from data line 754]
    748.597   80.60420  154.28138    758.000    -0.2372    -0.2370  29.032824  29.031118    34.8078    34.8053    300.380    295.504    -0.1403     4.6319     0.0840     0.0840     0.0490     0.0194      27224    18.9049     100.00     2.1606     1.9054         16 0.0000e+00
    749.583   80.60420  154.28138    759.000    -0.2340    -0.2341  29.035992  29.034305    34.8079    34.8056    300.317    296.119    -0.1732     4.6319     0.0846     0.0846     0.0490     0.0181      27251    18.9235     100.00     2.1602     1.9082         14 0.0000e+00
    750.569   80.60420  154.28138    760.000    -0.2341    -0.2341  29.036492  29.034695    34.8080    34.8055    300.322    295.344    -0.1521     4.6328     0.0850     0.0850     0.0482     0.0189      27279    18.9429     100.00     2.1600     1.9044         14 0.0000e+00
    751.554   80.60420  154.28136    761.000    -0.2342    -0.2341  29.036882  29.035098    34.8080    34.8056    300.163    296.048    -0.1338     4.6326     0.0835     0.0835     0.0484     0.0196      27306    18.9616     100.00     2.1589     1.9075         12 0.0000e+00
    752.540   80.60420  154.28136    762.000    -0.2282    -0.2280  29.042959  29.041401    34.8088    34.8065    300.071    295.259    -0.1341     4.6329     0.0833     0.0833     0.0481     0.0196      27333    18.9805     100.00     2.1585     1.9039         12 0.0000e+00
    753.526   80.60420  154.28136    763.000    -0.2201    -0.2201  29.050875  29.049067    34.8095    34.8071    300.075    294.649    -0.1343     4.6324     0.0843     0.0843     0.0486     0.0196      27361    18.9997     100.00     2.1587     1.9012         13 0.0000e+00
    754.512   80.60420  154.28136    764.000    -0.2207    -0.2206  29.050769  29.049014    34.8095    34.8069    300.149    295.054    -0.1326     4.6316     0.0841     0.0841     0.0493     0.0197      27388    19.0188     100.00     2.1588     1.9029         15 0.0000e+00
    755.497   80.60420  154.28136    765.000    -0.2193    -0.2191  29.052588  29.050902    34.8097    34.8072    300.048    295.242    -0.1587     4.6324     0.0840     0.0840     0.0486     0.0186      27415    19.0377     100.00     2.1581     1.9036         16 0.0000e+00
    756.484   80.60420  154.28136    766.000    -0.2168    -0.2167  29.055241  29.053508    34.8097    34.8074    299.891    295.237    -0.1388     4.6326     0.0835     0.0835     0.0484     0.0194      27442    19.0563     100.00     2.1572     1.9035         13 0.0000e+00
    757.469   80.60420  154.28136    767.000    -0.2172    -0.2171  29.055504  29.053793    34.8100    34.8076    299.696    294.767    -0.1363     4.6324     0.0834     0.0834     0.0486     0.0195      27470    19.0755     100.00     2.1558     1.9011         12 0.0000e+00
    758.455   80.60419  154.28134    768.000    -0.2150    -0.2148  29.058061  29.056404    34.8103    34.8079    299.564    293.314    -0.1320     4.6332     0.0842     0.0842     0.0478     0.0197      27498    19.0948     100.00     2.1549     1.8942         14 0.0000e+00
    759.441   80.60418  154.28134    769.000    -0.2100    -0.2103  29.062833  29.060968    34.8104    34.8082    299.524    294.764    -0.1344     4.6327     0.0844     0.0844     0.0483     0.0196      27525    19.1136     100.00     2.1547     1.9011         13 0.0000e+00
    760.426   80.60418  154.28134    770.000    -0.2091    -0.2091  29.064291  29.062476    34.8107    34.8083    299.398    294.144    -0.1335     4.6325     0.0849     0.0849     0.0485     0.0196      27552    19.1323     100.00     2.1539     1.8980         10 0.0000e+00
    761.412   80.60418  154.28134    771.000    -0.2104    -0.2102  29.063699  29.061898    34.8108    34.8082    299.373    294.766    -0.1367     4.6325     0.0841     0.0841     0.0485     0.0195      27579    19.1515     100.00     2.1535     1.9007         12 0.0000e+00
    762.398   80.60418  154.28134    772.000    -0.2106    -0.2108  29.063807  29.061937    34.8107    34.8083    299.291    295.676    -0.1287     4.6333     0.0835     0.0835     0.0477     0.0198      27606    19.1701     100.00     2.1528     1.9048         11 0.0000e+00
    763.384   80.60418  154.28134    773.000    -0.2113    -0.2113  29.063771  29.062037    34.8107    34.8084    299.181    295.046    -0.1370     4.6332     0.0835     0.0835     0.0478     0.0195      27633    19.1890     100.00     2.1520     1.9016         10 0.0000e+00
    764.369   80.60418  154.28134    774.000    -0.2148    -0.2151  29.061150  29.059281    34.8106    34.8085    299.307    296.212    -0.1345     4.6327     0.0839     0.0839     0.0483     0.0196      27662    19.2088     100.00     2.1523     1.9067         14 0.0000e+00
    765.355   80.60418  154.28132    775.000    -0.2229    -0.2231  29.054517  29.052770    34.8104    34.8083    299.414    295.260    -0.1636     4.6335     0.0848     0.0848     0.0476     0.0184      27689    19.2276     100.00     2.1522     1.9018         11 0.0000e+00
    766.341   80.60418  154.28132    776.000    -0.2316    -0.2317  29.047616  29.045612    34.8105    34.8081    299.431    294.483    -0.1373     4.6337     0.0842     0.0842     0.0474     0.0195      27716    19.2468     100.00     2.1517     1.8976         14 0.0000e+00
    767.326   80.60418  154.28132    777.000    -0.2372    -0.2371  29.042995  29.041294    34.8102    34.8078    299.515    295.075    -0.1320     4.6329     0.0837     0.0837     0.0481     0.0197      27743    19.2656     100.00     2.1516     1.8999         13 0.0000e+00
    768.312   80.60418  154.28132    778.000    -0.2385    -0.2383  29.042323  29.040631    34.8102    34.8077    299.535    294.005    -0.1283     4.6335     0.0828     0.0828     0.0476     0.0199      27771    19.2844     100.00     2.1515     1.8947         11 0.0000e+00
    769.298   80.60418  154.28132    779.000    -0.2375    -0.2375  29.043660  29.041833    34.8103    34.8078    299.608    294.643    -0.1370     4.6328     0.0821     0.0821     0.0482     0.0195      27798    19.3035     100.00     2.1517     1.8975         11 0.0000e+00
    770.284   80.60416  154.28132    780.000    -0.2349    -0.2349  29.046287  29.044472    34.8102    34.8078    299.609    296.650    -0.1622     4.6338     0.0831     0.0831     0.0473     0.0185      27825    19.3226     100.00     2.1516     1.9069         12 0.0000e+00
    771.269   80.60416  154.28130    781.000    -0.2347    -0.2346  29.046950  29.045359    34.8103    34.8080    299.512    297.198    -0.1798     4.6333     0.0842     0.0842     0.0478     0.0178      27853    19.3414     100.00     2.1509     1.9093         13 0.0000e+00
    772.255   80.60416  154.28130    782.000    -0.2372    -0.2371  29.045337  29.043546    34.8103    34.8079    299.590    295.925    -0.1352     4.6337     0.0847     0.0847     0.0474     0.0196      27881    19.3610     100.00     2.1509     1.9030         16 0.0000e+00
    773.241   80.60416  154.28130    783.000    -0.2394    -0.2394  29.043814  29.041915    34.8102    34.8078    299.757    294.147    -0.1342     4.6334     0.0836     0.0836     0.0476     0.0196      27907    19.3795     100.00     2.1515     1.8944         13 0.0000e+00
    774.226   80.60416  154.28130    784.000    -0.2409    -0.2405  29.042971  29.041528    34.8102    34.8078    299.850    293.661    -0.1349     4.6336     0.0836     0.0836     0.0475     0.0196      27935    19.3988     100.00     2.1517     1.8919         18 0.0000e+00
    775.212   80.60416  154.28130    785.000    -0.2446    -0.2449  29.040119  29.038120    34.8101    34.8078    299.865    295.191    -0.1344     4.6336     0.0841     0.0841     0.0475     0.0196      27963    19.4178     100.00     2.1515     1.8987         14 0.0000e+00
    776.198   80.60416  154.28130    786.000    -0.2490    -0.2494  29.036728  29.034576    34.8100    34.8076    299.883    295.762    -0.1440     4.6331     0.0841     0.0841     0.0479     0.0192      27990    19.4371     100.00     2.1511     1.9010         17 0.0000e+00
    777.183   80.60416  154.28130    787.000    -0.2526    -0.2525  29.033913  29.032209    34.8098    34.8074    299.971    295.465    -0.1707     4.6326     0.0848     0.0848     0.0484     0.0182      28018    19.4561     100.00     2.1512     1.8993         17 0.0000e+00
    778.169   80.60416  154.28128    788.000    -0.2569    -0.2570  29.030530  29.028798    34.8095    34.8073    300.095    296.315    -0.1463     4.6325     0.0841     0.0841     0.0485     0.0191      28045    19.4750     100.00     2.1514     1.9029         16 0.0000e+00
    779.155   80.60416  154.28128    789.000    -0.2579    -0.2579  29.030067  29.028232    34.8095    34.8071    300.227    294.163    -0.1665     4.6333     0.0837     0.0837     0.0478     0.0183      28073    19.4942     100.00     2.1519     1.8926         16 0.0000e+00
    780.140   80.60416  154.28128    790.000    -0.2591    -0.2592  29.029476  29.027745    34.8094    34.8072    300.336    293.301    -0.1412     4.6331     0.0829     0.0829     0.0480     0.0193      28100    19.5130     100.00     2.1523     1.8884         15 0.0000e+00
    781.126   80.60416  154.28128    791.000    -0.2611    -0.2610  29.028001  29.026470    34.8092    34.8070    300.354    294.953    -0.1330     4.6331     0.0839     0.0839     0.0479     0.0197      28127    19.5319     100.00     2.1520     1.8958         15 0.0000e+00
    782.112   80.60415  154.28128    792.000    -0.2619    -0.2619  29.027696  29.025934    34.8091    34.8068    300.401    295.923    -0.1348     4.6325     0.0843     0.0843     0.0485     0.0196      28154    19.5510     100.00     2.1520     1.9001         16 0.0000e+00
    783.097   80.60414  154.28128    793.000    -0.2621    -0.2622  29.028074  29.026164    34.8092    34.8068    300.401    295.774    -0.1346     4.6324     0.0838     0.0838     0.0486     0.0196      28182    19.5700     100.00     2.1518     1.8992         15 0.0000e+00
    784.083   80.60414  154.28126    794.000    -0.2615    -0.2614  29.028962  29.027400    34.8092    34.8069    300.596    295.868    -0.1292     4.6332     0.0833     0.0833     0.0479     0.0198      28210    19.5895     100.00     2.1527     1.8995         12 0.0000e+00
    785.069   80.60414  154.28126    795.000    -0.2559    -0.2559  29.035026  29.033386    34.8102    34.8080    300.546    295.489    -0.1330     4.6326     0.0830     0.0830     0.0484     0.0197      28238    19.6090     100.00     2.1525     1.8978         17 0.0000e+00
    786.054   80.60414  154.28126    796.000    -0.2471    -0.2465  29.043918  29.042853    34.8116    34.8094    300.299    296.132    -0.1366     4.6326     0.0837     0.0837     0.0484     0.0195      28265    19.6280     100.00     2.1513     1.9010         14 0.0000e+00
    787.040   80.60414  154.28126    797.000    -0.2377    -0.2372  29.052945  29.051692    34.8122    34.8100    300.233    294.776    -0.1564     4.6335     0.0841     0.0841     0.0476     0.0187      28293    19.6471     100.00     2.1512     1.8949         11 0.0000e+00
    788.025   80.60414  154.28126    798.000    -0.2372    -0.2371  29.054017  29.052242    34.8125    34.8101    300.153    296.574    -0.1747     4.6325     0.0834     0.0834     0.0485     0.0180      28321    19.6666     100.00     2.1506     1.9031         12 0.0000e+00
    789.011   80.60414  154.28126    799.000    -0.2375    -0.2371  29.054242  29.052820    34.8125    34.8102    299.932    297.254    -0.1747     4.6331     0.0836     0.0836     0.0480     0.0180      28348    19.6855     100.00     2.1492     1.9061          8 0.0000e+00
    789.997   80.60414  154.28126    800.000    -0.2375    -0.2371  29.054756  29.053201    34.8127    34.8102    299.695    295.531    -0.1718     4.6326     0.0851     0.0851     0.0484     0.0181      28377    19.7055     100.00     2.1476     1.8979         13 0.0000e+00
    790.982   80.60414  154.28124    801.000    -0.2441    -0.2430  29.049128  29.048325    34.8120    34.8098    299.726    296.026    -0.1562     4.6330     0.0845     0.0845     0.0480     0.0187      28405    19.7247     100.00     2.1472     1.8998         14 0.0000e+00
    791.968   80.60414  154.28124    802.000    -0.2509    -0.2510  29.043640  29.041847    34.8120    34.8097    299.659    295.928    -0.1346     4.6329     0.0825     0.0825     0.0482     0.0196      28432    19.7439     100.00     2.1463     1.8988         13 0.0000e+00
    792.953   80.60413  154.28124    803.000    -0.2538    -0.2541  29.041569  29.039466    34.8119    34.8095    299.372    296.077    -0.1110     4.0614     0.0827     0.0827     0.5845     0.0206      28459    19.7627     100.00     2.1444     1.8992          9 0.0000e+00
    793.939   80.60412  154.28124    804.000    -0.2558    -0.2557  29.040221  29.038396    34.8118    34.8093    299.264    294.413    -0.1635     4.6276     0.0830     0.0830     0.0532     0.0184      28488    19.7823     100.00     2.1435     1.8912         10 0.0000e+00
    794.925   80.60412  154.28124    805.000    -0.2534    -0.2535  29.042816  29.040901    34.8119    34.8095    299.143    293.469    -0.1524     4.6336     0.0838     0.0838     0.0475     0.0189      28516    19.8020     100.00     2.1427     1.8867         12 0.0000e+00
    795.910   80.60412  154.28124    806.000    -0.2528    -0.2527  29.043740  29.041970    34.8118    34.8094    299.337    292.482    -0.1389     4.6335     0.0848     0.0848     0.0476     0.0194      28544    19.8215     100.00     2.1436     1.8820         14 0.0000e+00
    796.896   80.60412  154.28122    807.000    -0.2556    -0.2557  29.041638  29.039860    34.8117    34.8095    299.443    291.366    -0.1365     4.6327     0.0832     0.0832     0.0483     0.0195      28572    19.8408     100.00     2.1438     1.8765         12 0.0000e+00
    797.881   80.60412  154.28122    808.000    -0.2575    -0.2576  29.040565  29.038645    34.8119    34.8093    299.566    294.978    -0.1447     4.6333     0.0838     0.0838     0.0478     0.0192      28600    19.8602     100.00     2.1442     1.8930         15 0.0000e+00
    798.867   80.60412  154.28122    809.000    -0.2584    -0.2585  29.040156  29.038261    34.8117    34.8093    299.577    295.570    -0.1494     4.6336     0.0832     0.0832     0.0475     0.0190      28627    19.8793     100.00     2.1440     1.8956         14 0.0000e+00
    799.852   80.60412  154.28122    810.000    -0.2598    -0.2602  29.039248  29.037025    34.8115    34.8089    299.547    295.248    -0.1554     4.6336     0.0840     0.0840     0.0475     0.0188      28655    19.8987     100.00     2.1435     1.8938         13 0.0000e+00
    800.838   80.60412  154.28122    811.000    -0.2662    -0.2663  29.034008  29.032066    34.8112    34.8088    299.528    296.072    -0.1446     4.6337     0.0840     0.0840     0.0474     0.0192      28683    19.9183     100.00     2.1429     1.8972         15 0.0000e+00
    801.824   80.60412  154.28122    812.000    -0.2723    -0.2724  29.029116  29.027292    34.8111    34.8087    299.638    292.839    -0.1390     4.6340     0.0852     0.0852     0.0472     0.0194      28711    19.9373     100.00     2.1430     1.8817         13 0.0000e+00
    802.809   80.60412  154.28120    813.000    -0.2729    -0.2725  29.029015  29.027539    34.8110    34.8086    299.733    295.334    -0.1717     4.6338     0.0831     0.0831     0.0473     0.0181      28739    19.9569     100.00     2.1432     1.8932         16 0.0000e+00
    803.795   80.60412  154.28120    814.000    -0.2744    -0.2742  29.028065  29.026396    34.8108    34.8084    299.779    294.143    -0.1737     4.6337     0.0830     0.0830     0.0474     0.0180      28767    19.9761     100.00     2.1432     1.8874         14 0.0000e+00
