Continuous CTD Data/SBE Stage/nabos_28_01avg.cnv
* Sea-Bird SBE 9 Data File:
* FileName = D:\CTD\data\HLY2502\raw\NABOS_28_01.hex
* Software Version Seasave V 7.26.7.110
* Temperature SN = 6954
* Conductivity SN = 2561
* Number of Bytes Per Scan = 37
* Number of Voltage Words = 4
* Number of Scans Averaged by the Deck Unit = 1
* NMEA Latitude = 80 36.34 N
* NMEA Longitude = 154 17.06 E
* NMEA UTC (Time) = Sep 21 2025  20:08:11
* NMEA baud rate = 9600
** Ship: USCG HEALY
** Bot. Depth:  2371
** Cast Number:  01
** Station Name:  NABOS
** Station Number:  28
** Operator:  STARC
# nquan = 25
# nvalues = 1214                        
# units = specified
# name 0 = depSM: Depth [salt water, m]
# name 1 = latitude: Latitude [deg]
# name 2 = longitude: Longitude [deg]
# name 3 = prDM: Pressure, Digiquartz [db]
# name 4 = t090C: Temperature [ITS-90, deg C]
# name 5 = t190C: Temperature, 2 [ITS-90, deg C]
# name 6 = c0mS/cm: Conductivity [mS/cm]
# name 7 = c1mS/cm: Conductivity, 2 [mS/cm]
# name 8 = sal00: Salinity, Practical [PSU]
# name 9 = sal11: Salinity, Practical, 2 [PSU]
# name 10 = sbox0Mm/Kg: Oxygen, SBE 43 [umol/kg]
# name 11 = sbox1Mm/Kg: Oxygen, SBE 43, 2 [umol/kg]
# name 12 = flECO-AFL: Fluorescence, WET Labs ECO-AFL/FL [mg/m^3]
# name 13 = v2: Voltage 2
# name 14 = wetCDOM: Fluorescence, WET Labs CDOM [mg/m^3]
# name 15 = v6: Voltage 6
# name 16 = CStarAt0: Beam Attenuation, WET Labs C-Star [1/m]
# name 17 = v3: Voltage 3
# name 18 = scan: Scan Count
# name 19 = timeM: Time, Elapsed [minutes]
# name 20 = altM: Altimeter [m]
# name 21 = sbeox0V: Oxygen raw, SBE 43 [V]
# name 22 = sbeox1V: Oxygen raw, SBE 43, 2 [V]
# name 23 = nbin: number of scans per bin
# name 24 = flag: flag
# span 0 =      3.958,   1200.588       
# span 1 =   80.60327,   80.60541       
# span 2 =  154.27945,  154.28404       
# span 3 =      4.000,   1217.000       
# span 4 =    -1.7277,     1.0712       
# span 5 =    -1.7275,     1.0711       
# span 6 =  24.679791,  29.914778       
# span 7 =  24.678531,  29.913036       
# span 8 =    30.9493,    34.8683       
# span 9 =    30.9472,    34.8660       
# span 10 =    291.301,    377.198      
# span 11 =    265.724,    378.723      
# span 12 =    -0.1799,     0.5032      
# span 13 =     4.0614,     4.6360      
# span 14 =     0.0806,     0.1246      
# span 15 =     0.0806,     0.1246      
# span 16 =     0.0454,     0.5845      
# span 17 =     0.0178,     0.0452      
# span 18 =       4024,      41749      
# span 19 =     2.7939,    28.9915      
# span 20 =     100.00,     100.00      
# span 21 =     2.0138,     2.6408      
# span 22 =     1.6991,     2.3402      
# span 23 =          7,         27      
# span 24 = 0.0000e+00, 0.0000e+00      
# interval = decibars: 1                
# start_time = Sep 21 2025 20:08:11 [NMEA time, header]
# bad_flag = -9.990e-29
*END*
      3.958   80.60541  154.28404      4.000    -1.6852    -1.6849  24.679791  24.678531    30.9493    30.9472    376.055    368.211     0.4225     4.5353     0.1198     0.1198     0.1334     0.0419       4024     2.7939     100.00     2.6351     2.2915         17 0.0000e+00
      4.947   80.60540  154.28404      5.000    -1.6858    -1.6855  24.687247  24.684598    30.9596    30.9556    376.132    361.936     0.4098     4.5451     0.1210     0.1210     0.1248     0.0414       4132     2.8686     100.00     2.6354     2.2612         20 0.0000e+00
      5.936   80.60540  154.28404      6.000    -1.6862    -1.6859  24.704961  24.705380    30.9838    30.9840    376.086    366.344     0.4115     4.5455     0.1211     0.1211     0.1244     0.0414       4182     2.9037     100.00     2.6353     2.2825         22 0.0000e+00
      6.926   80.60540  154.28402      7.000    -1.6861    -1.6861  24.719633  24.724182    31.0033    31.0095    375.831    369.929     0.4263     4.5457     0.1197     0.1197     0.1243     0.0420       4233     2.9387     100.00     2.6338     2.2999         18 0.0000e+00
      7.915   80.60540  154.28402      8.000    -1.6864    -1.6867  24.740808  24.745362    31.0321    31.0387    375.862    361.566     0.4761     4.5453     0.1191     0.1191     0.1246     0.0441       4284     2.9741     100.00     2.6342     2.2598         24 0.0000e+00
      8.905   80.60540  154.28402      9.000    -1.6868    -1.6868  24.757165  24.766672    31.0545    31.0676    376.195    366.166     0.4806     4.5456     0.1182     0.1182     0.1243     0.0443       4335     3.0095     100.00     2.6362     2.2821         22 0.0000e+00
      9.894   80.60540  154.28402     10.000    -1.6865    -1.6866  24.764465  24.766768    31.0636    31.0668    376.489    371.533     0.4807     4.5463     0.1181     0.1181     0.1237     0.0443       4386     3.0449     100.00     2.6378     2.3077         18 0.0000e+00
     10.883   80.60538  154.28401     11.000    -1.6866    -1.6870  24.763535  24.768264    31.0618    31.0687    376.551    368.150     0.4887     4.5476     0.1188     0.1188     0.1225     0.0446       4437     3.0802     100.00     2.6378     2.2912         21 0.0000e+00
     11.872   80.60538  154.28400     12.000    -1.6887    -1.6877  24.781943  24.775568    31.0888    31.0789    376.777    369.109     0.5032     4.5471     0.1180     0.1180     0.1229     0.0452       4488     3.1160     100.00     2.6391     2.2957         24 0.0000e+00
     12.862   80.60538  154.28400     13.000    -1.6906    -1.6903  24.793136  24.791384    31.1056    31.1028    376.851    362.390     0.4823     4.5482     0.1184     0.1184     0.1220     0.0443       4539     3.1511     100.00     2.6394     2.2633         18 0.0000e+00
     13.851   80.60538  154.28400     14.000    -1.6919    -1.6918  24.803636  24.804072    31.1208    31.1214    376.966    366.390     0.4813     4.5490     0.1183     0.1183     0.1214     0.0443       4590     3.1869     100.00     2.6399     2.2825         25 0.0000e+00
     14.840   80.60538  154.28400     15.000    -1.6926    -1.6923  24.821861  24.820562    31.1461    31.1440    376.987    371.949     0.4797     4.5491     0.1179     0.1179     0.1212     0.0442       4641     3.2223     100.00     2.6401     2.3093         21 0.0000e+00
     15.830   80.60537  154.28399     16.000    -1.6930    -1.6927  24.830592  24.829176    31.1579    31.1557    377.125    367.064     0.4797     4.5501     0.1172     0.1172     0.1204     0.0442       4692     3.2574     100.00     2.6408     2.2857         21 0.0000e+00
     16.819   80.60536  154.28398     17.000    -1.6928    -1.6923  24.835942  24.832815    31.1644    31.1596    377.129    366.444     0.4795     4.5470     0.1178     0.1178     0.1231     0.0442       4742     3.2925     100.00     2.6407     2.2825         22 0.0000e+00
     17.808   80.60536  154.28398     18.000    -1.6926    -1.6923  24.836177  24.834562    31.1640    31.1615    377.198    365.384     0.4560     4.5495     0.1178     0.1178     0.1209     0.0432       4793     3.3278     100.00     2.6408     2.2772         22 0.0000e+00
     18.798   80.60536  154.28398     19.000    -1.6936    -1.6933  24.844581  24.843328    31.1761    31.1740    377.075    367.974     0.4686     4.5500     0.1170     0.1170     0.1204     0.0438       4844     3.3634     100.00     2.6400     2.2896         26 0.0000e+00
     19.787   80.60536  154.28398     20.000    -1.6944    -1.6941  24.847277  24.846022    31.1800    31.1780    377.086    367.594     0.4532     4.5512     0.1171     0.1171     0.1194     0.0431       4895     3.3984     100.00     2.6398     2.2875         22 0.0000e+00
     20.776   80.60536  154.28396     21.000    -1.6946    -1.6944  24.849059  24.847835    31.1821    31.1802    376.629    365.398     0.4647     4.5518     0.1171     0.1171     0.1189     0.0436       4946     3.4337     100.00     2.6369     2.2767         26 0.0000e+00
     21.766   80.60536  154.28396     22.000    -1.6944    -1.6945  24.849020  24.849116    31.1812    31.1814    376.745    369.260     0.4642     4.5548     0.1171     0.1171     0.1162     0.0436       4996     3.4690     100.00     2.6373     2.2951         22 0.0000e+00
     22.755   80.60536  154.28396     23.000    -1.6945    -1.6943  24.850672  24.849518    31.1829    31.1812    376.655    360.781     0.4538     4.5559     0.1164     0.1164     0.1152     0.0431       5047     3.5039     100.00     2.6365     2.2541         20 0.0000e+00
     23.744   80.60534  154.28396     24.000    -1.6948    -1.6946  24.854890  24.853381    31.1886    31.1862    376.373    378.723     0.4446     4.5566     0.1162     0.1162     0.1146     0.0428       5098     3.5394     100.00     2.6346     2.3402         22 0.0000e+00
     24.733   80.60534  154.28395     25.000    -1.6950    -1.6947  24.858563  24.857226    31.1932    31.1911    376.402    372.789     0.4313     4.5570     0.1153     0.1153     0.1143     0.0422       5149     3.5746     100.00     2.6346     2.3115         20 0.0000e+00
     25.723   80.60534  154.28394     26.000    -1.6949    -1.6947  24.859708  24.858484    31.1941    31.1921    376.277    368.975     0.4260     4.5587     0.1171     0.1171     0.1127     0.0420       5199     3.6101     100.00     2.6336     2.2929         21 0.0000e+00
     26.712   80.60534  154.28394     27.000    -1.6948    -1.6946  24.861934  24.860684    31.1965    31.1945    376.105    367.806     0.4274     4.5592     0.1159     0.1159     0.1123     0.0421       5250     3.6452     100.00     2.6324     2.2871         21 0.0000e+00
     27.701   80.60534  154.28394     28.000    -1.6945    -1.6943  24.874129  24.872796    31.2123    31.2103    376.040    366.971     0.4317     4.5607     0.1171     0.1171     0.1110     0.0422       5301     3.6805     100.00     2.6321     2.2831         18 0.0000e+00
     28.691   80.60533  154.28394     29.000    -1.6938    -1.6936  24.898534  24.897472    31.2446    31.2429    376.050    362.683     0.4083     4.5610     0.1171     0.1171     0.1108     0.0413       5351     3.7155     100.00     2.6324     2.2627         17 0.0000e+00
     29.680   80.60532  154.28394     30.000    -1.6930    -1.6927  24.932041  24.931036    31.2893    31.2877    375.876    366.042     0.3725     4.5619     0.1160     0.1160     0.1100     0.0399       5403     3.7516     100.00     2.6320     2.2793         19 0.0000e+00
     30.669   80.60532  154.28392     31.000    -1.6910    -1.6907  25.015802  25.013759    31.4020    31.3989    375.012    365.784     0.3199     4.5625     0.1174     0.1174     0.1095     0.0378       5454     3.7867     100.00     2.6288     2.2795         18 0.0000e+00
     31.658   80.60532  154.28392     32.000    -1.6850    -1.6848  25.357832  25.357194    31.8668    31.8657    372.953    358.006     0.1484     4.5626     0.1202     0.1202     0.1094     0.0309       5505     3.8219     100.00     2.6250     2.2485         19 0.0000e+00
     32.648   80.60532  154.28392     33.000    -1.6896    -1.6894  25.461266  25.460306    32.0139    32.0124    370.882    363.193     0.0300     4.5657     0.1230     0.1230     0.1067     0.0262       5555     3.8571     100.00     2.6151     2.2751         16 0.0000e+00
     33.637   80.60532  154.28392     34.000    -1.7018    -1.7016  25.484324  25.483070    32.0584    32.0565    367.656    357.834    -0.0113     4.5673     0.1238     0.1238     0.1052     0.0245       5606     3.8927     100.00     2.5963     2.2489         16 0.0000e+00
     34.626   80.60532  154.28390     35.000    -1.7149    -1.7148  25.501075  25.499833    32.0951    32.0933    365.242    359.924    -0.0144     4.5695     0.1231     0.1231     0.1033     0.0244       5658     3.9284     100.00     2.5820     2.2586         15 0.0000e+00
     35.615   80.60531  154.28390     36.000    -1.7218    -1.7217  25.512589  25.511287    32.1179    32.1159    362.890    356.413    -0.0279     4.5739     0.1246     0.1246     0.0994     0.0239       5709     3.9639     100.00     2.5682     2.2414         16 0.0000e+00
     36.604   80.60530  154.28390     37.000    -1.7258    -1.7257  25.524287  25.523011    32.1377    32.1359    360.546    345.428    -0.0230     4.5773     0.1228     0.1228     0.0965     0.0241       5760     3.9996     100.00     2.5546     2.1881         18 0.0000e+00
     37.594   80.60530  154.28390     38.000    -1.7277    -1.7275  25.536998  25.535581    32.1568    32.1546    359.417    357.744    -0.0411     4.5844     0.1215     0.1215     0.0902     0.0234       5812     4.0351     100.00     2.5480     2.2476         18 0.0000e+00
     38.583   80.60530  154.28389     39.000    -1.7262    -1.7259  25.551034  25.549732    32.1740    32.1719    358.747    355.340    -0.0519     4.5861     0.1232     0.1232     0.0888     0.0229       5863     4.0706     100.00     2.5443     2.2360         19 0.0000e+00
     39.572   80.60530  154.28388     40.000    -1.7228    -1.7226  25.569097  25.567735    32.1947    32.1925    358.067    353.443    -0.0309     4.5898     0.1230     0.1230     0.0856     0.0238       5914     4.1061     100.00     2.5407     2.2271         17 0.0000e+00
     40.561   80.60530  154.28388     41.000    -1.7203    -1.7201  25.588775  25.587431    32.2186    32.2165    357.431    351.301    -0.0450     4.5945     0.1219     0.1219     0.0814     0.0232       5966     4.1421     100.00     2.5373     2.2170         22 0.0000e+00
     41.551   80.60530  154.28388     42.000    -1.7100    -1.7097  25.615198  25.613863    32.2433    32.2412    356.805    349.977    -0.0496     4.5978     0.1202     0.1202     0.0786     0.0230       6016     4.1772     100.00     2.5345     2.2112         19 0.0000e+00
     42.540   80.60528  154.28387     43.000    -1.7063    -1.7060  25.642158  25.640932    32.2759    32.2740    357.262    349.618    -0.0465     4.5984     0.1192     0.1192     0.0781     0.0231       6067     4.2127     100.00     2.5376     2.2099         20 0.0000e+00
     43.529   80.60528  154.28386     44.000    -1.7088    -1.7085  25.665812  25.664281    32.3108    32.3084    357.860    349.411    -0.0515     4.5990     0.1185     0.1185     0.0775     0.0229       6118     4.2482     100.00     2.5412     2.2090         23 0.0000e+00
     44.518   80.60528  154.28386     45.000    -1.6987    -1.6982  25.701719  25.700397    32.3489    32.3465    358.674    350.458    -0.0498     4.6007     0.1180     0.1180     0.0760     0.0230       6169     4.2836     100.00     2.5468     2.2149         19 0.0000e+00
     45.507   80.60528  154.28386     46.000    -1.6836    -1.6831  25.752596  25.751367    32.4022    32.3999    358.290    350.177    -0.0683     4.6014     0.1162     0.1162     0.0755     0.0223       6220     4.3189     100.00     2.5462     2.2148         21 0.0000e+00
     46.497   80.60528  154.28386     47.000    -1.6569    -1.6568  25.818666  25.817765    32.4637    32.4624    357.585    349.355    -0.0726     4.6035     0.1166     0.1166     0.0736     0.0221       6271     4.3543     100.00     2.5445     2.2128         22 0.0000e+00
     47.486   80.60528  154.28385     48.000    -1.6938    -1.6942  25.831701  25.830116    32.5215    32.5198    356.356    348.713    -0.0647     4.6059     0.1160     0.1160     0.0715     0.0224       6322     4.3895     100.00     2.5358     2.2083         22 0.0000e+00
     48.475   80.60526  154.28384     49.000    -1.6580    -1.6576  25.907309  25.905970    32.5862    32.5839    355.217    347.603    -0.0833     4.6063     0.1147     0.1147     0.0711     0.0217       6373     4.4250     100.00     2.5323     2.2054         23 0.0000e+00
     49.464   80.60526  154.28384     50.000    -1.6447    -1.6446  25.962868  25.962256    32.6478    32.6469    355.775    347.636    -0.0493     4.6083     0.1134     0.1134     0.0695     0.0230       6424     4.4605     100.00     2.5371     2.2069         25 0.0000e+00
     50.453   80.60526  154.28384     51.000    -1.6423    -1.6408  26.002606  26.002147    32.6994    32.6972    354.582    346.697    -0.0691     4.6098     0.1120     0.1120     0.0681     0.0223       6475     4.4957     100.00     2.5309     2.2030         26 0.0000e+00
     51.442   80.60526  154.28384     52.000    -1.6077    -1.6062  26.076973  26.076418    32.7636    32.7612    353.252    345.854    -0.0848     4.6108     0.1107     0.1107     0.0673     0.0216       6525     4.5308     100.00     2.5262     2.2013         23 0.0000e+00
     52.432   80.60526  154.28382     53.000    -1.5604    -1.5589  26.177667  26.177253    32.8498    32.8475    351.347    343.752    -0.0842     4.6122     0.1093     0.1093     0.0661     0.0217       6576     4.5659     100.00     2.5192     2.1944         21 0.0000e+00
     53.421   80.60526  154.28382     54.000    -1.5696    -1.5695  26.264878  26.264311    32.9797    32.9788    348.872    342.890    -0.0908     4.6127     0.1076     0.1076     0.0655     0.0214       6627     4.6014     100.00     2.5062     2.1912         24 0.0000e+00
     54.410   80.60524  154.28382     55.000    -1.5611    -1.5606  26.347769  26.347193    33.0842    33.0828    346.446    339.855    -0.0943     4.6142     0.1078     0.1078     0.0644     0.0213       6678     4.6366     100.00     2.4941     2.1780         21 0.0000e+00
     55.399   80.60524  154.28382     56.000    -1.5516    -1.5511  26.411417  26.410998    33.1609    33.1598    344.588    337.822    -0.0860     4.6155     0.1061     0.1061     0.0632     0.0216       6729     4.6719     100.00     2.4849     2.1693         23 0.0000e+00
     56.388   80.60524  154.28381     57.000    -1.5538    -1.5535  26.468634  26.467942    33.2418    33.2405    343.227    336.919    -0.0914     4.6156     0.1045     0.1045     0.0631     0.0214       6779     4.7069     100.00     2.4779     2.1656         23 0.0000e+00
     57.377   80.60524  154.28380     58.000    -1.5392    -1.5370  26.537327  26.537438    33.3198    33.3175    341.683    334.558    -0.0903     4.6161     0.1026     0.1026     0.0627     0.0214       6830     4.7425     100.00     2.4708     2.1557         27 0.0000e+00
     58.366   80.60524  154.28380     59.000    -1.4759    -1.4754  26.650987  26.650428    33.4052    33.4038    340.243    333.725    -0.0801     4.6157     0.1021     0.1021     0.0630     0.0218       6881     4.7776     100.00     2.4673     2.1555         21 0.0000e+00
     59.355   80.60524  154.28380     60.000    -1.4725    -1.4714  26.712404  26.711900    33.4855    33.4836    338.746    331.684    -0.0984     4.6163     0.1021     0.1021     0.0625     0.0211       6932     4.8129     100.00     2.4598     2.1465         23 0.0000e+00
