Continuous CTD Data/SBE Stage/nabos_33_01.ros
* Sea-Bird SBE 9 Data File:
* FileName = D:\CTD\data\HLY2502\raw\NABOS_33_01.hex
* Software Version Seasave V 7.26.7.110
* Temperature SN = 6954
* Conductivity SN = 2561
* Number of Bytes Per Scan = 37
* Number of Voltage Words = 4
* Number of Scans Averaged by the Deck Unit = 1
* NMEA Latitude = 79 51.39 N
* NMEA Longitude = 140 04.65 E
* NMEA UTC (Time) = Sep 23 2025  14:40:56
* NMEA baud rate = 9600
** Ship: USCG HEALY
** Bot. Depth:  1970
** Cast Number:  01
** Station Name:  NABOS
** Station Number:  33
** Operator:  STARC
# nquan = 25
# nvalues = 980                                   
# units = specified
# name 0 = depSM: Depth [salt water, m]
# name 1 = latitude: Latitude [deg]
# name 2 = longitude: Longitude [deg]
# name 3 = prDM: Pressure, Digiquartz [db]
# name 4 = t090C: Temperature [ITS-90, deg C]
# name 5 = t190C: Temperature, 2 [ITS-90, deg C]
# name 6 = c0mS/cm: Conductivity [mS/cm]
# name 7 = c1mS/cm: Conductivity, 2 [mS/cm]
# name 8 = sal00: Salinity, Practical [PSU]
# name 9 = sal11: Salinity, Practical, 2 [PSU]
# name 10 = sbox0Mm/Kg: Oxygen, SBE 43 [umol/kg]
# name 11 = sbox1Mm/Kg: Oxygen, SBE 43, 2 [umol/kg]
# name 12 = flECO-AFL: Fluorescence, WET Labs ECO-AFL/FL [mg/m^3]
# name 13 = v2: Voltage 2
# name 14 = wetCDOM: Fluorescence, WET Labs CDOM [mg/m^3]
# name 15 = v6: Voltage 6
# name 16 = CStarAt0: Beam Attenuation, WET Labs C-Star [1/m]
# name 17 = v3: Voltage 3
# name 18 = scan: Scan Count
# name 19 = timeM: Time, Elapsed [minutes]
# name 20 = altM: Altimeter [m]
# name 21 = sbeox0V: Oxygen raw, SBE 43 [V]
# name 22 = sbeox1V: Oxygen raw, SBE 43, 2 [V]
# name 23 = nbf: Bottles Fired
# name 24 = flag:  0.000e+00
# interval = seconds: 0.0416667
# start_time = Sep 23 2025 14:40:56 [NMEA time, header]
# bad_flag = -9.990e-29
*END*
[from data line 406]
    150.519   79.86198  140.05284    152.184     0.9363     0.9384  29.662521  29.663472    34.6710    34.6699    298.079    293.160    -0.1366     4.6129     0.0842     0.0842     0.0654     0.0195      86647    60.1708     100.00     2.3455     2.0587          9  0.000e+00
    150.404   79.86198  140.05284    152.068     0.9355     0.9380  29.662334  29.663647    34.6717    34.6706    298.080    293.390    -0.1061     4.6142     0.0842     0.0842     0.0644     0.0208      86648    60.1715     100.00     2.3455     2.0599          9  0.000e+00
    150.454   79.86198  140.05284    152.118     0.9351     0.9384  29.662210  29.663823    34.6720    34.6704    297.888    293.389    -0.1366     4.6142     0.0842     0.0842     0.0644     0.0195      86649    60.1722     100.00     2.3442     2.0599          9  0.000e+00
    150.454   79.86198  140.05284    152.118     0.9351     0.9387  29.662521  29.664115    34.6724    34.6705    297.887    293.619    -0.1366     4.6142     0.0842     0.0842     0.0644     0.0195      86650    60.1729     100.00     2.3442     2.0612          9  0.000e+00
    150.470   79.86198  140.05284    152.135     0.9357     0.9389  29.662521  29.664408    34.6717    34.6707    298.081    293.385    -0.1366     4.6142     0.0842     0.0842     0.0644     0.0195      86651    60.1736     100.00     2.3455     2.0599          9  0.000e+00
    150.454   79.86198  140.05284    152.118     0.9357     0.9390  29.662023  29.664466    34.6711    34.6706    298.082    293.616    -0.1366     4.6142     0.0842     0.0842     0.0644     0.0195      86652    60.1743     100.00     2.3455     2.0612          9  0.000e+00
    150.396   79.86198  140.05284    152.060     0.9361     0.9393  29.661899  29.664642    34.6706    34.6706    298.078    293.379    -0.1366     4.6129     0.0830     0.0830     0.0654     0.0195      86653    60.1750     100.00     2.3455     2.0599          9  0.000e+00
    150.470   79.86198  140.05284    152.135     0.9368     0.9393  29.662708  29.664759    34.6707    34.6706    298.074    293.381    -0.1366     4.6142     0.0830     0.0830     0.0644     0.0195      86654    60.1757     100.00     2.3455     2.0599          9  0.000e+00
    150.454   79.86198  140.05284    152.118     0.9368     0.9394  29.663019  29.664759    34.6711    34.6705    297.876    293.147    -0.1366     4.6129     0.0830     0.0830     0.0654     0.0195      86655    60.1764     100.00     2.3442     2.0587          9  0.000e+00
    150.519   79.86198  140.05284    152.184     0.9365     0.9391  29.662583  29.664935    34.6709    34.6710    298.078    292.919    -0.1366     4.6142     0.0830     0.0830     0.0644     0.0195      86656    60.1771     100.00     2.3455     2.0575          9  0.000e+00
    150.404   79.86198  140.05284    152.068     0.9351     0.9395  29.662210  29.664642    34.6720    34.6702    298.083    292.912    -0.1366     4.6142     0.0830     0.0830     0.0644     0.0195      86657    60.1778     100.00     2.3455     2.0575          9  0.000e+00
    150.454   79.86198  140.05284    152.118     0.9354     0.9393  29.662957  29.664291    34.6727    34.6700    297.884    292.684    -0.1366     4.6129     0.0830     0.0830     0.0654     0.0195      86658    60.1785     100.00     2.3442     2.0563          9  0.000e+00
    150.454   79.86198  140.05284    152.118     0.9367     0.9391  29.664512  29.663764    34.6732    34.6695    297.872    292.454    -0.1671     4.6129     0.0830     0.0830     0.0654     0.0183      86659    60.1792     100.00     2.3442     2.0550          9  0.000e+00
    150.454   79.86198  140.05284    152.118     0.9375     0.9391  29.665134  29.663472    34.6731    34.6691    297.865    292.687    -0.1671     4.6129     0.0830     0.0830     0.0654     0.0183      86660    60.1799     100.00     2.3442     2.0563          9  0.000e+00
    150.470   79.86198  140.05284    152.135     0.9381     0.9385  29.665196  29.663355    34.6726    34.6697    297.862    292.692    -0.1671     4.6129     0.0830     0.0830     0.0654     0.0183      86661    60.1806     100.00     2.3442     2.0563          9  0.000e+00
    150.454   79.86198  140.05284    152.118     0.9385     0.9380  29.666005  29.663530    34.6731    34.6704    297.857    292.694    -0.1671     4.6142     0.0830     0.0830     0.0644     0.0183      86662    60.1812     100.00     2.3442     2.0563          9  0.000e+00
    150.519   79.86198  140.05284    152.184     0.9388     0.9384  29.666316  29.663647    34.6731    34.6702    298.053    292.694    -0.1671     4.6129     0.0830     0.0830     0.0654     0.0183      86663    60.1819     100.00     2.3455     2.0563          9  0.000e+00
    150.404   79.86198  140.05284    152.068     0.9389     0.9382  29.666315  29.663647    34.6731    34.6704    297.852    292.690    -0.1671     4.6129     0.0830     0.0830     0.0654     0.0183      86664    60.1826     100.00     2.3442     2.0563          9  0.000e+00
    150.519   79.86198  140.05284    152.184     0.9393     0.9378  29.666316  29.663179    34.6726    34.6703    298.050    292.466    -0.1671     4.6129     0.0830     0.0830     0.0654     0.0183      86665    60.1833     100.00     2.3455     2.0550          9  0.000e+00
    150.454   79.86198  140.05284    152.118     0.9391     0.9373  29.666502  29.662887    34.6731    34.6704    298.048    292.234    -0.1671     4.6129     0.0830     0.0830     0.0654     0.0183      86666    60.1840     100.00     2.3455     2.0538          9  0.000e+00
    150.470   79.86198  140.05284    152.135     0.9396     0.9378  29.666627  29.663238    34.6727    34.6704    297.849    292.231    -0.1976     4.6129     0.0830     0.0830     0.0654     0.0171      86667    60.1847     100.00     2.3442     2.0538          9  0.000e+00
    150.454   79.86198  140.05284    152.118     0.9394     0.9384  29.666378  29.663589    34.6727    34.6701    298.047    292.226    -0.1671     4.6129     0.0830     0.0830     0.0654     0.0183      86668    60.1854     100.00     2.3455     2.0538          9  0.000e+00
    150.454   79.86198  140.05284    152.118     0.9399     0.9382  29.666502  29.662594    34.6722    34.6690    297.847    292.230    -0.1671     4.6129     0.0830     0.0830     0.0654     0.0183      86669    60.1861     100.00     2.3442     2.0538          9  0.000e+00
    150.528   79.86198  140.05284    152.193     0.9401     0.9379  29.666813  29.662653    34.6724    34.6695    298.045    292.235    -0.1671     4.6129     0.0830     0.0830     0.0654     0.0183      86670    60.1868     100.00     2.3455     2.0538          9  0.000e+00
    150.454   79.86198  140.05284    152.118     0.9399     0.9380  29.666689  29.662828    34.6725    34.6695    297.846    292.463    -0.1671     4.6129     0.0830     0.0830     0.0654     0.0183      86671    60.1875     100.00     2.3442     2.0550          9  0.000e+00
    150.454   79.86198  140.05284    152.118     0.9400     0.9376  29.666813  29.662594    34.6725    34.6697    297.845    292.234    -0.1671     4.6129     0.0830     0.0830     0.0654     0.0183      86672    60.1882     100.00     2.3442     2.0538          9  0.000e+00
    150.528   79.86198  140.05284    152.193     0.9399     0.9375  29.666440  29.662711    34.6721    34.6700    298.047    292.237    -0.1671     4.6129     0.0830     0.0830     0.0654     0.0183      86673    60.1889     100.00     2.3455     2.0538          9  0.000e+00
    150.454   79.86198  140.05284    152.118     0.9401     0.9378  29.666316  29.663647    34.6718    34.6709    297.846    292.229    -0.1671     4.6129     0.0830     0.0830     0.0654     0.0183      86674    60.1896     100.00     2.3442     2.0538          9  0.000e+00
    150.454   79.86198  140.05284    152.118     0.9399     0.9382  29.666689  29.664115    34.6725    34.6710    297.846    292.458    -0.1671     4.6129     0.0830     0.0830     0.0654     0.0183      86675    60.1903     100.00     2.3442     2.0550          9  0.000e+00
    150.528   79.86198  140.05284    152.193     0.9398     0.9389  29.666440  29.664584    34.6721    34.6709    297.850    292.456    -0.1671     4.6129     0.0830     0.0830     0.0654     0.0183      86676    60.1910     100.00     2.3442     2.0550          9  0.000e+00
    150.519   79.86198  140.05284    152.184     0.9399     0.9390  29.666316  29.664759    34.6719    34.6710    298.047    292.222    -0.1671     4.6129     0.0830     0.0830     0.0654     0.0183      86677    60.1917     100.00     2.3455     2.0538          9  0.000e+00
    150.454   79.86198  140.05284    152.118     0.9399     0.9393  29.666316  29.664934    34.6720    34.6708    297.847    292.449    -0.1976     4.6129     0.0830     0.0830     0.0654     0.0171      86678    60.1924     100.00     2.3442     2.0550          9  0.000e+00
    150.519   79.86198  140.05284    152.184     0.9396     0.9393  29.666502  29.665052    34.6725    34.6710    298.048    292.452    -0.1671     4.6142     0.0830     0.0830     0.0644     0.0183      86679    60.1931     100.00     2.3455     2.0550          9  0.000e+00
    150.470   79.86198  140.05284    152.135     0.9398     0.9393  29.666191  29.664642    34.6719    34.6705    298.045    292.451    -0.1671     4.6142     0.0830     0.0830     0.0644     0.0183      86680    60.1938     100.00     2.3455     2.0550          9  0.000e+00
    150.519   79.86198  140.05284    152.184     0.9395     0.9396  29.666254  29.664876    34.6723    34.6704    297.853    292.450    -0.1366     4.6142     0.0830     0.0830     0.0644     0.0195      86681    60.1944     100.00     2.3442     2.0550          9  0.000e+00
    130.210   79.86216  140.05192    131.644     0.3015     0.3013  29.021897  29.020417    34.5585    34.5568    301.561    294.898    -0.1366     4.6044     0.0842     0.0842     0.0728     0.0195      89397    62.0806     100.00     2.3366     2.0426         10  0.000e+00
    130.267   79.86216  140.05192    131.702     0.3013     0.3013  29.022083  29.020360    34.5589    34.5567    301.364    294.901    -0.1061     4.6044     0.0830     0.0830     0.0728     0.0208      89398    62.0812     100.00     2.3354     2.0426         10  0.000e+00
    130.210   79.86216  140.05192    131.644     0.3016     0.3014  29.022391  29.020127    34.5590    34.5562    301.359    294.898    -0.1366     4.6044     0.0842     0.0842     0.0728     0.0195      89399    62.0819     100.00     2.3354     2.0426         10  0.000e+00
    130.210   79.86216  140.05190    131.644     0.3015     0.3016  29.022268  29.019721    34.5590    34.5555    301.360    295.135    -0.1061     4.6044     0.0842     0.0842     0.0728     0.0208      89400    62.0826     100.00     2.3354     2.0438         10  0.000e+00
    130.267   79.86216  140.05190    131.702     0.3017     0.3014  29.022206  29.019721    34.5587    34.5557    301.561    295.138    -0.1061     4.6044     0.0842     0.0842     0.0728     0.0208      89401    62.0833     100.00     2.3366     2.0438         10  0.000e+00
    130.210   79.86216  140.05190    131.644     0.3019     0.3014  29.022391  29.020069    34.5586    34.5561    301.357    295.134    -0.1366     4.6044     0.0842     0.0842     0.0728     0.0195      89402    62.0840     100.00     2.3354     2.0438         10  0.000e+00
    130.267   79.86216  140.05190    131.702     0.3018     0.3011  29.022453  29.020069    34.5589    34.5565    301.360    295.139    -0.1366     4.6044     0.0842     0.0842     0.0728     0.0195      89403    62.0847     100.00     2.3354     2.0438         10  0.000e+00
    130.177   79.86216  140.05190    131.610     0.3021     0.3013  29.022638  29.020127    34.5588    34.5564    301.353    295.370    -0.1061     4.6044     0.0842     0.0842     0.0728     0.0208      89404    62.0854     100.00     2.3354     2.0450         10  0.000e+00
    130.267   79.86216  140.05190    131.702     0.3021     0.3011  29.022761  29.020069    34.5589    34.5565    301.557    295.612    -0.1366     4.6044     0.0842     0.0842     0.0728     0.0195      89405    62.0861     100.00     2.3366     2.0462         10  0.000e+00
    130.210   79.86216  140.05190    131.644     0.3021     0.3011  29.022514  29.019953    34.5586    34.5563    301.355    295.846    -0.1366     4.6044     0.0842     0.0842     0.0728     0.0195      89406    62.0868     100.00     2.3354     2.0474         10  0.000e+00
    130.267   79.86216  140.05190    131.702     0.3021     0.3014  29.022638  29.019779    34.5587    34.5557    301.357    295.847    -0.1061     4.6044     0.0842     0.0842     0.0728     0.0208      89407    62.0875     100.00     2.3354     2.0474         10  0.000e+00
    130.210   79.86216  140.05190    131.644     0.3021     0.3011  29.022946  29.020185    34.5592    34.5567    301.354    295.846    -0.1366     4.6044     0.0842     0.0842     0.0728     0.0195      89408    62.0882     100.00     2.3354     2.0474         10  0.000e+00
    130.210   79.86216  140.05190    131.644     0.3021     0.3011  29.023008  29.019837    34.5593    34.5562    301.354    295.847    -0.1061     4.6056     0.0830     0.0830     0.0718     0.0208      89409    62.0889     100.00     2.3354     2.0474         10  0.000e+00
    130.267   79.86216  140.05190    131.702     0.3022     0.3013  29.022823  29.019953    34.5588    34.5561    301.555    296.084    -0.1366     4.6044     0.0842     0.0842     0.0728     0.0195      89410    62.0896     100.00     2.3366     2.0487         10  0.000e+00
    130.210   79.86216  140.05190    131.644     0.3021     0.3011  29.022946  29.020127    34.5592    34.5566    301.354    296.082    -0.1366     4.6044     0.0842     0.0842     0.0728     0.0195      89411    62.0903     100.00     2.3354     2.0487         10  0.000e+00
    130.267   79.86216  140.05190    131.702     0.3021     0.3010  29.022576  29.019663    34.5586    34.5561    301.557    295.614    -0.1366     4.6044     0.0842     0.0842     0.0728     0.0195      89412    62.0910     100.00     2.3366     2.0462         10  0.000e+00
    130.267   79.86216  140.05190    131.702     0.3019     0.3011  29.022638  29.020244    34.5589    34.5567    301.358    295.375    -0.1366     4.6044     0.0830     0.0830     0.0728     0.0195      89413    62.0917     100.00     2.3354     2.0450         10  0.000e+00
    130.210   79.86216  140.05190    131.644     0.3021     0.3010  29.022761  29.020359    34.5589    34.5570    301.354    295.373    -0.1366     4.6044     0.0842     0.0842     0.0728     0.0195      89414    62.0924     100.00     2.3354     2.0450         10  0.000e+00
    130.243   79.86216  140.05190    131.677     0.3019     0.3014  29.022946  29.020650    34.5593    34.5569    301.556    295.371    -0.1061     4.6056     0.0830     0.0830     0.0718     0.0208      89415    62.0931     100.00     2.3366     2.0450         10  0.000e+00
    130.267   79.86216  140.05190    131.702     0.3021     0.3016  29.022576  29.020418    34.5586    34.5564    301.357    295.371    -0.1061     4.6056     0.0842     0.0842     0.0718     0.0208      89416    62.0938     100.00     2.3354     2.0450         10  0.000e+00
    130.210   79.86216  140.05190    131.644     0.3021     0.3016  29.022638  29.020708    34.5588    34.5568    301.554    295.368    -0.1366     4.6056     0.0842     0.0842     0.0718     0.0195      89417    62.0944     100.00     2.3366     2.0450         10  0.000e+00
    130.267   79.86216  140.05190    131.702     0.3019     0.3019  29.022515  29.021172    34.5588    34.5571    301.558    295.604    -0.1061     4.6056     0.0842     0.0842     0.0718     0.0208      89418    62.0951     100.00     2.3366     2.0462         10  0.000e+00
