Continuous CTD Data/SBE Stage/nabos_26_01.ros
* Sea-Bird SBE 9 Data File:
* FileName = D:\CTD\data\HLY2502\raw\NABOS_26_01.hex
* Software Version Seasave V 7.26.7.110
* Temperature SN = 6954
* Conductivity SN = 2561
* Number of Bytes Per Scan = 37
* Number of Voltage Words = 4
* Number of Scans Averaged by the Deck Unit = 1
* NMEA Latitude = 80 38.91 N
* NMEA Longitude = 161 02.49 E
* NMEA UTC (Time) = Sep 21 2025  03:30:18
* NMEA baud rate = 9600
** Ship: USCG HEALY
** Bot. Depth:  2779
** Cast Number:  01
** Station Name:  NABOS
** Station Number:  26
** Operator:  STARC
# nquan = 25
# nvalues = 1176                                  
# units = specified
# name 0 = depSM: Depth [salt water, m]
# name 1 = latitude: Latitude [deg]
# name 2 = longitude: Longitude [deg]
# name 3 = prDM: Pressure, Digiquartz [db]
# name 4 = t090C: Temperature [ITS-90, deg C]
# name 5 = t190C: Temperature, 2 [ITS-90, deg C]
# name 6 = c0mS/cm: Conductivity [mS/cm]
# name 7 = c1mS/cm: Conductivity, 2 [mS/cm]
# name 8 = sal00: Salinity, Practical [PSU]
# name 9 = sal11: Salinity, Practical, 2 [PSU]
# name 10 = sbox0Mm/Kg: Oxygen, SBE 43 [umol/kg]
# name 11 = sbox1Mm/Kg: Oxygen, SBE 43, 2 [umol/kg]
# name 12 = flECO-AFL: Fluorescence, WET Labs ECO-AFL/FL [mg/m^3]
# name 13 = v2: Voltage 2
# name 14 = wetCDOM: Fluorescence, WET Labs CDOM [mg/m^3]
# name 15 = v6: Voltage 6
# name 16 = CStarAt0: Beam Attenuation, WET Labs C-Star [1/m]
# name 17 = v3: Voltage 3
# name 18 = scan: Scan Count
# name 19 = timeM: Time, Elapsed [minutes]
# name 20 = altM: Altimeter [m]
# name 21 = sbeox0V: Oxygen raw, SBE 43 [V]
# name 22 = sbeox1V: Oxygen raw, SBE 43, 2 [V]
# name 23 = nbf: Bottles Fired
# name 24 = flag:  0.000e+00
# interval = seconds: 0.0416667
# start_time = Sep 21 2025 03:30:18 [NMEA time, header]
# bad_flag = -9.990e-29
*END*
[from data line 638]
    100.238   80.64946  161.06972    101.337    -1.2185    -1.2185  27.480428  27.479330    34.2287    34.2271    311.012    308.875    -0.1366     4.6276     0.0904     0.0904     0.0527     0.0195     181430   125.9924     100.00     2.3134     2.0469         14  0.000e+00
    100.312   80.64946  161.06972    101.411    -1.2185    -1.2185  27.480489  27.479387    34.2287    34.2272    311.015    308.878    -0.1061     4.6276     0.0904     0.0904     0.0527     0.0208     181431   125.9931     100.00     2.3134     2.0469         14  0.000e+00
    100.312   80.64946  161.06972    101.411    -1.2187    -1.2185  27.480549  27.479614    34.2291    34.2275    311.016    309.125    -0.1366     4.6276     0.0904     0.0904     0.0527     0.0195     181432   125.9938     100.00     2.3134     2.0481         14  0.000e+00
    100.238   80.64946  161.06972    101.337    -1.2187    -1.2188  27.480368  27.478875    34.2288    34.2269    310.804    309.126    -0.1366     4.6276     0.0904     0.0904     0.0527     0.0195     181433   125.9944     100.00     2.3122     2.0481         14  0.000e+00
    100.312   80.64946  161.06972    101.411    -1.2189    -1.2185  27.480489  27.479216    34.2291    34.2269    310.808    308.632    -0.1366     4.6276     0.0904     0.0904     0.0527     0.0195     181434   125.9951     100.00     2.3122     2.0456         14  0.000e+00
    100.254   80.64946  161.06972    101.353    -1.2186    -1.2186  27.480549  27.479216    34.2289    34.2271    310.804    308.136    -0.1366     4.6276     0.0904     0.0904     0.0527     0.0195     181435   125.9958     100.00     2.3122     2.0432         14  0.000e+00
    100.295   80.64946  161.06972    101.395    -1.2187    -1.2186  27.480549  27.479159    34.2290    34.2270    310.806    307.397    -0.1366     4.6276     0.0904     0.0904     0.0527     0.0195     181436   125.9965     100.00     2.3122     2.0395         14  0.000e+00
    100.254   80.64946  161.06972    101.353    -1.2185    -1.2183  27.480549  27.479159    34.2288    34.2267    310.803    307.147    -0.1366     4.6276     0.0904     0.0904     0.0527     0.0195     181437   125.9972     100.00     2.3122     2.0383         14  0.000e+00
    100.312   80.64946  161.06972    101.411    -1.2187    -1.2186  27.480549  27.479330    34.2291    34.2272    310.807    307.397    -0.1366     4.6276     0.0916     0.0916     0.0527     0.0195     181438   125.9979     100.00     2.3122     2.0395         14  0.000e+00
    100.295   80.64946  161.06972    101.395    -1.2187    -1.2185  27.480549  27.479444    34.2290    34.2273    311.015    308.630    -0.1366     4.6276     0.0904     0.0904     0.0527     0.0195     181439   125.9986     100.00     2.3134     2.0456         14  0.000e+00
    100.254   80.64946  161.06972    101.353    -1.2187    -1.2185  27.480368  27.479444    34.2288    34.2273    310.805    308.875    -0.1366     4.6276     0.0904     0.0904     0.0527     0.0195     181440   125.9993     100.00     2.3122     2.0468         14  0.000e+00
    100.312   80.64946  161.06972    101.411    -1.2186    -1.2186  27.480307  27.479216    34.2285    34.2271    311.015    307.891    -0.1366     4.6276     0.0904     0.0904     0.0527     0.0195     181441   126.0000     100.00     2.3134     2.0420         14  0.000e+00
    100.295   80.64946  161.06972    101.395    -1.2185    -1.2185  27.480489  27.479159    34.2287    34.2269    310.805    307.396    -0.1366     4.6276     0.0904     0.0904     0.0527     0.0195     181442   126.0007     100.00     2.3122     2.0395         14  0.000e+00
    100.254   80.64946  161.06972    101.353    -1.2185    -1.2185  27.480549  27.479159    34.2288    34.2269    311.012    307.888    -0.1366     4.6276     0.0904     0.0904     0.0527     0.0195     181443   126.0014     100.00     2.3134     2.0420         14  0.000e+00
    100.312   80.64946  161.06972    101.411    -1.2186    -1.2186  27.480368  27.479330    34.2286    34.2272    311.015    308.879    -0.1366     4.6276     0.0904     0.0904     0.0527     0.0195     181444   126.0021     100.00     2.3134     2.0468         14  0.000e+00
    100.254   80.64946  161.06972    101.353    -1.2187    -1.2185  27.480489  27.479216    34.2289    34.2270    311.013    309.370    -0.1061     4.6276     0.0904     0.0904     0.0527     0.0208     181445   126.0028     100.00     2.3134     2.0493         14  0.000e+00
    100.295   80.64946  161.06972    101.395    -1.2187    -1.2186  27.480549  27.478989    34.2291    34.2268    311.015    309.126    -0.1366     4.6276     0.0904     0.0904     0.0527     0.0195     181446   126.0035     100.00     2.3134     2.0481         14  0.000e+00
    100.312   80.64946  161.06972    101.412    -1.2187    -1.2185  27.480368  27.479273    34.2287    34.2270    311.016    307.890    -0.1366     4.6276     0.0904     0.0904     0.0527     0.0195     181447   126.0042     100.00     2.3134     2.0420         14  0.000e+00
    100.254   80.64946  161.06972    101.353    -1.2187    -1.2183  27.480489  27.479614    34.2289    34.2273    311.221    304.675    -0.1366     4.6276     0.0904     0.0904     0.0527     0.0195     181448   126.0049     100.00     2.3146     2.0261         14  0.000e+00
    100.295   80.64946  161.06972    101.395    -1.2187    -1.2183  27.480368  27.479501    34.2288    34.2271    311.015    301.961    -0.1366     4.6276     0.0904     0.0904     0.0527     0.0195     181449   126.0056     100.00     2.3134     2.0126         14  0.000e+00
    100.254   80.64946  161.06972    101.353    -1.2187    -1.2185  27.480307  27.479444    34.2287    34.2273    311.013    300.725    -0.1366     4.6276     0.0904     0.0904     0.0527     0.0195     181450   126.0062     100.00     2.3134     2.0065         14  0.000e+00
    100.312   80.64946  161.06972    101.412    -1.2187    -1.2183  27.480489  27.479046    34.2289    34.2265    311.015    300.728    -0.1366     4.6276     0.0904     0.0904     0.0527     0.0195     181451   126.0069     100.00     2.3134     2.0065         14  0.000e+00
    100.238   80.64946  161.06972    101.337    -1.2186    -1.2185  27.480368  27.479273    34.2287    34.2271    311.220    301.219    -0.1366     4.6276     0.0904     0.0904     0.0527     0.0195     181452   126.0076     100.00     2.3146     2.0090         14  0.000e+00
    100.312   80.64946  161.06972    101.412    -1.2187    -1.2185  27.480489  27.479216    34.2289    34.2269    311.015    302.210    -0.1366     4.6276     0.0904     0.0904     0.0527     0.0195     181453   126.0083     100.00     2.3134     2.0139         14  0.000e+00
    100.254   80.64946  161.06972    101.353    -1.2187    -1.2183  27.480549  27.479330    34.2290    34.2269    310.804    303.441    -0.1366     4.6276     0.0904     0.0904     0.0527     0.0195     181454   126.0090     100.00     2.3122     2.0200         14  0.000e+00
    100.295   80.64946  161.06972    101.395    -1.2186    -1.2185  27.480549  27.479444    34.2289    34.2273    311.222    304.184    -0.1366     4.6276     0.0904     0.0904     0.0527     0.0195     181455   126.0097     100.00     2.3146     2.0236         14  0.000e+00
    100.312   80.64946  161.06972    101.412    -1.2185    -1.2185  27.480549  27.479444    34.2288    34.2273    311.014    304.432    -0.1061     4.6276     0.0904     0.0904     0.0527     0.0208     181456   126.0104     100.00     2.3134     2.0249         14  0.000e+00
    100.254   80.64946  161.06972    101.353    -1.2185    -1.2185  27.480731  27.479614    34.2291    34.2275    311.219    305.170    -0.1061     4.6276     0.0904     0.0904     0.0527     0.0208     181457   126.0111     100.00     2.3146     2.0285         14  0.000e+00
    100.295   80.64946  161.06972    101.395    -1.2185    -1.2185  27.480489  27.479501    34.2287    34.2273    311.013    305.666    -0.1366     4.6276     0.0904     0.0904     0.0527     0.0195     181458   126.0118     100.00     2.3134     2.0310         14  0.000e+00
    100.312   80.64946  161.06972    101.412    -1.2185    -1.2185  27.480489  27.479614    34.2287    34.2275    311.222    305.913    -0.1366     4.6276     0.0904     0.0904     0.0527     0.0195     181459   126.0125     100.00     2.3146     2.0322         14  0.000e+00
    100.254   80.64946  161.06972    101.353    -1.2187    -1.2185  27.480731  27.479501    34.2293    34.2274    311.011    305.417    -0.1366     4.6276     0.0904     0.0904     0.0527     0.0195     181460   126.0132     100.00     2.3134     2.0297         14  0.000e+00
    100.312   80.64946  161.06972    101.412    -1.2187    -1.2182  27.480610  27.479444    34.2291    34.2269    311.015    304.677    -0.1366     4.6276     0.0904     0.0904     0.0527     0.0195     181461   126.0139     100.00     2.3134     2.0261         14  0.000e+00
    100.238   80.64946  161.06972    101.337    -1.2187    -1.2186  27.480368  27.479614    34.2288    34.2277    311.220    303.688    -0.1061     4.6276     0.0904     0.0904     0.0527     0.0208     181462   126.0146     100.00     2.3146     2.0212         14  0.000e+00
    100.312   80.64946  161.06972    101.412    -1.2185    -1.2185  27.480307  27.479501    34.2285    34.2273    311.014    303.444    -0.1366     4.6264     0.0904     0.0904     0.0538     0.0195     181463   126.0153     100.00     2.3134     2.0200         14  0.000e+00
    100.312   80.64946  161.06972    101.412    -1.2186    -1.2183  27.480489  27.479444    34.2288    34.2271    311.222    303.443    -0.1366     4.6276     0.0904     0.0904     0.0527     0.0195     181464   126.0160     100.00     2.3146     2.0200         14  0.000e+00
    100.238   80.64946  161.06972    101.337    -1.2185    -1.2183  27.480731  27.479444    34.2291    34.2271    311.218    304.180    -0.1366     4.6276     0.0904     0.0904     0.0527     0.0195     181465   126.0167     100.00     2.3146     2.0236         14  0.000e+00
    100.254   80.64946  161.06972    101.353    -1.2187    -1.2183  27.480610  27.479444    34.2291    34.2271    311.220    304.922    -0.1366     4.6276     0.0904     0.0904     0.0527     0.0195     181466   126.0174     100.00     2.3146     2.0273         14  0.000e+00
    100.312   80.64946  161.06972    101.412    -1.2185    -1.2183  27.480549  27.479614    34.2287    34.2273    311.221    306.158    -0.1061     4.6276     0.0904     0.0904     0.0527     0.0208     181467   126.0181     100.00     2.3146     2.0334         14  0.000e+00
    100.295   80.64946  161.06972    101.395    -1.2187    -1.2183  27.480549  27.479501    34.2290    34.2271    311.013    306.652    -0.1061     4.6276     0.0904     0.0904     0.0527     0.0208     181468   126.0187     100.00     2.3134     2.0358         14  0.000e+00
    100.312   80.64946  161.06972    101.412    -1.2185    -1.2183  27.480731  27.479046    34.2290    34.2265    311.221    305.666    -0.1366     4.6276     0.0904     0.0904     0.0527     0.0195     181469   126.0194     100.00     2.3146     2.0310         14  0.000e+00
    100.254   80.64946  161.06972    101.353    -1.2187    -1.2183  27.480610  27.479501    34.2292    34.2272    311.012    303.687    -0.1061     4.6264     0.0904     0.0904     0.0538     0.0208     181470   126.0201     100.00     2.3134     2.0212         14  0.000e+00
    100.296   80.64946  161.06972    101.395    -1.2185    -1.2183  27.480549  27.479444    34.2288    34.2271    311.012    301.219    -0.1366     4.6264     0.0904     0.0904     0.0538     0.0195     181471   126.0208     100.00     2.3134     2.0090         14  0.000e+00
    100.254   80.64946  161.06972    101.353    -1.2185    -1.2183  27.480549  27.479614    34.2288    34.2273    311.010    298.994    -0.1366     4.6264     0.0904     0.0904     0.0538     0.0195     181472   126.0215     100.00     2.3134     1.9980         14  0.000e+00
    100.312   80.64946  161.06972    101.412    -1.2187    -1.2185  27.480731  27.479728    34.2293    34.2276    311.222    297.515    -0.1366     4.6264     0.0904     0.0904     0.0538     0.0195     181473   126.0222     100.00     2.3146     1.9906         14  0.000e+00
    100.238   80.64946  161.06972    101.337    -1.2184    -1.2185  27.480610  27.479501    34.2288    34.2274    311.009    296.525    -0.1366     4.6264     0.0916     0.0916     0.0538     0.0195     181474   126.0229     100.00     2.3134     1.9858         14  0.000e+00
    100.312   80.64946  161.06972    101.412    -1.2186    -1.2183  27.480731  27.479614    34.2291    34.2273    311.013    296.033    -0.1366     4.6264     0.0904     0.0904     0.0538     0.0195     181475   126.0236     100.00     2.3134     1.9833         14  0.000e+00
    100.254   80.64946  161.06972    101.354    -1.2184    -1.2183  27.480852  27.479728    34.2291    34.2275    311.217    295.536    -0.1366     4.6276     0.0891     0.0891     0.0527     0.0195     181476   126.0243     100.00     2.3146     1.9809         14  0.000e+00
    100.296   80.64946  161.06972    101.395    -1.2187    -1.2183  27.480610  27.479501    34.2291    34.2271    311.222    295.045    -0.1061     4.6264     0.0891     0.0891     0.0538     0.0208     181477   126.0250     100.00     2.3146     1.9784         14  0.000e+00
     85.000   80.64928  161.07248     85.929    -1.3808    -1.3833  27.236845  27.232510    34.0886    34.0856    316.236    311.173    -0.1366     4.6288     0.0940     0.0940     0.0517     0.0195     186817   129.7333     100.00     2.3367     2.0520         15  0.000e+00
     84.943   80.64928  161.07248     85.871    -1.3805    -1.3838  27.237025  27.232453    34.0886    34.0861    316.231    311.174    -0.1366     4.6288     0.0940     0.0940     0.0517     0.0195     186818   129.7340     100.00     2.3367     2.0520         15  0.000e+00
     85.066   80.64928  161.07248     85.995    -1.3809    -1.3832  27.236724  27.232850    34.0886    34.0859    316.450    309.687    -0.1366     4.6288     0.0940     0.0940     0.0517     0.0195     186819   129.7347     100.00     2.3379     2.0447         15  0.000e+00
     84.943   80.64928  161.07248     85.871    -1.3808    -1.3830  27.236784  27.233304    34.0886    34.0864    316.443    308.439    -0.1366     4.6288     0.0940     0.0940     0.0517     0.0195     186820   129.7354     100.00     2.3379     2.0385         15  0.000e+00
     85.000   80.64928  161.07248     85.929    -1.3808    -1.3824  27.236664  27.233701    34.0884    34.0862    316.236    307.940    -0.1366     4.6276     0.0940     0.0940     0.0527     0.0195     186821   129.7361     100.00     2.3367     2.0361         15  0.000e+00
     85.000   80.64928  161.07248     85.929    -1.3805    -1.3822  27.236603  27.233927    34.0880    34.0863    316.444    308.186    -0.1366     4.6288     0.0940     0.0940     0.0517     0.0195     186822   129.7368     100.00     2.3379     2.0373         15  0.000e+00
     85.000   80.64928  161.07248     85.929    -1.3806    -1.3819  27.236784  27.233644    34.0884    34.0856    316.235    308.185    -0.1366     4.6288     0.0940     0.0940     0.0517     0.0195     186823   129.7375     100.00     2.3367     2.0373         15  0.000e+00
     85.000   80.64928  161.07248     85.929    -1.3805    -1.3819  27.236302  27.233304    34.0876    34.0851    316.445    307.938    -0.1366     4.6288     0.0940     0.0940     0.0517     0.0195     186824   129.7382     100.00     2.3379     2.0361         15  0.000e+00
     85.000   80.64928  161.07248     85.929    -1.3809    -1.3822  27.236664  27.233020    34.0886    34.0850    316.447    307.197    -0.1366     4.6276     0.0940     0.0940     0.0527     0.0195     186825   129.7389     100.00     2.3379     2.0324         15  0.000e+00
