Continuous CTD Data/SBE Stage/nabos_11_01.ros
* Sea-Bird SBE 9 Data File:
* FileName = D:\CTD\data\HLY2502\raw\NABOS_11_01.hex
* Software Version Seasave V 7.26.7.110
* Temperature SN = 6954
* Conductivity SN = 2561
* Number of Bytes Per Scan = 37
* Number of Voltage Words = 4
* Number of Scans Averaged by the Deck Unit = 1
* NMEA Latitude = 77 00.90 N
* NMEA Longitude = 177 56.55 W
* NMEA UTC (Time) = Sep 16 2025  10:26:07
* NMEA baud rate = 9600
** Ship: USCG HEALY
** Bot. Depth:  1320
** Cast Number:  01
** Station Name:  NABOS
** Station Number:  11
** Operator:  STARC
# nquan = 25
# nvalues = 1029                                  
# units = specified
# name 0 = depSM: Depth [salt water, m]
# name 1 = latitude: Latitude [deg]
# name 2 = longitude: Longitude [deg]
# name 3 = prDM: Pressure, Digiquartz [db]
# name 4 = t090C: Temperature [ITS-90, deg C]
# name 5 = t190C: Temperature, 2 [ITS-90, deg C]
# name 6 = c0mS/cm: Conductivity [mS/cm]
# name 7 = c1mS/cm: Conductivity, 2 [mS/cm]
# name 8 = sal00: Salinity, Practical [PSU]
# name 9 = sal11: Salinity, Practical, 2 [PSU]
# name 10 = sbox0Mm/Kg: Oxygen, SBE 43 [umol/kg]
# name 11 = sbox1Mm/Kg: Oxygen, SBE 43, 2 [umol/kg]
# name 12 = flECO-AFL: Fluorescence, WET Labs ECO-AFL/FL [mg/m^3]
# name 13 = v2: Voltage 2
# name 14 = wetCDOM: Fluorescence, WET Labs CDOM [mg/m^3]
# name 15 = v6: Voltage 6
# name 16 = CStarAt0: Beam Attenuation, WET Labs C-Star [1/m]
# name 17 = v3: Voltage 3
# name 18 = scan: Scan Count
# name 19 = timeM: Time, Elapsed [minutes]
# name 20 = altM: Altimeter [m]
# name 21 = sbeox0V: Oxygen raw, SBE 43 [V]
# name 22 = sbeox1V: Oxygen raw, SBE 43, 2 [V]
# name 23 = nbf: Bottles Fired
# name 24 = flag:  0.000e+00
# interval = seconds: 0.0416667
# start_time = Sep 16 2025 10:26:07 [NMEA time, header]
# bad_flag = -9.990e-29
*END*
[from data line 638]
     69.967   77.02056 -177.95596     70.719    -1.6124    -1.6119  26.436456  26.435388    33.2543    33.2523    320.571    313.156    -0.0450     4.6496     0.1099     0.1099     0.0338     0.0232     100754    69.9674     100.00     2.3403     2.0441         14  0.000e+00
     69.958   77.02056 -177.95596     70.711    -1.6124    -1.6118  26.436218  26.435388    33.2539    33.2522    320.571    313.406    -0.0450     4.6496     0.1099     0.1099     0.0338     0.0232     100755    69.9681     100.00     2.3403     2.0453         14  0.000e+00
     69.967   77.02056 -177.95596     70.719    -1.6123    -1.6117  26.436337  26.435219    33.2540    33.2518    320.570    313.908    -0.0755     4.6496     0.1099     0.1099     0.0338     0.0220     100756    69.9688     100.00     2.3403     2.0477         14  0.000e+00
     69.967   77.02056 -177.95596     70.719    -1.6123    -1.6117  26.436397  26.435332    33.2541    33.2520    320.358    314.158    -0.1061     4.6496     0.1099     0.1099     0.0338     0.0208     100757    69.9694     100.00     2.3391     2.0490         14  0.000e+00
     69.958   77.02056 -177.95596     70.711    -1.6121    -1.6118  26.436218  26.435388    33.2537    33.2522    320.357    313.908    -0.1061     4.6496     0.1099     0.1099     0.0338     0.0208     100758    69.9701     100.00     2.3391     2.0477         14  0.000e+00
     69.967   77.02056 -177.95596     70.719    -1.6126    -1.6118  26.436158  26.435388    33.2541    33.2521    320.361    313.908    -0.1061     4.6496     0.1099     0.1099     0.0338     0.0208     100759    69.9708     100.00     2.3391     2.0477         14  0.000e+00
     69.967   77.02056 -177.95596     70.719    -1.6122    -1.6117  26.436337  26.435332    33.2539    33.2520    320.358    314.158    -0.1061     4.6496     0.1099     0.1099     0.0338     0.0208     100760    69.9715     100.00     2.3391     2.0490         14  0.000e+00
     69.967   77.02056 -177.95596     70.719    -1.6124    -1.6115  26.436218  26.435556    33.2540    33.2521    320.360    314.407    -0.1061     4.6496     0.1099     0.1099     0.0338     0.0208     100761    69.9722     100.00     2.3391     2.0502         14  0.000e+00
     69.958   77.02056 -177.95596     70.711    -1.6124    -1.6115  26.436158  26.435275    33.2539    33.2517    320.359    314.157    -0.0755     4.6496     0.1099     0.1099     0.0338     0.0220     100762    69.9729     100.00     2.3391     2.0490         14  0.000e+00
     69.967   77.02056 -177.95596     70.719    -1.6124    -1.6118  26.436516  26.435500    33.2544    33.2523    320.358    313.907    -0.1061     4.6496     0.1099     0.1099     0.0338     0.0208     100763    69.9736     100.00     2.3391     2.0477         14  0.000e+00
     69.967   77.02056 -177.95596     70.719    -1.6123    -1.6116  26.436277  26.435444    33.2539    33.2520    320.359    313.906    -0.0755     4.6496     0.1099     0.1099     0.0338     0.0220     100764    69.9743     100.00     2.3391     2.0477         14  0.000e+00
     69.958   77.02056 -177.95596     70.711    -1.6122    -1.6114  26.436158  26.435388    33.2537    33.2517    320.358    314.155    -0.0755     4.6496     0.1099     0.1099     0.0338     0.0220     100765    69.9750     100.00     2.3391     2.0490         14  0.000e+00
     69.967   77.02056 -177.95596     70.719    -1.6124    -1.6117  26.436337  26.435556    33.2542    33.2523    320.359    314.157    -0.0755     4.6496     0.1099     0.1099     0.0338     0.0220     100766    69.9757     100.00     2.3391     2.0490         14  0.000e+00
     69.967   77.02056 -177.95596     70.719    -1.6123    -1.6115  26.436218  26.435668    33.2539    33.2522    320.571    313.905    -0.0755     4.6496     0.1099     0.1099     0.0338     0.0220     100767    69.9764     100.00     2.3403     2.0477         14  0.000e+00
     70.032   77.02056 -177.95596     70.786    -1.6123    -1.6115  26.436337  26.435276    33.2540    33.2517    320.361    313.658    -0.0755     4.6496     0.1099     0.1099     0.0338     0.0220     100768    69.9771     100.00     2.3391     2.0465         14  0.000e+00
     69.958   77.02056 -177.95596     70.711    -1.6124    -1.6118  26.436397  26.435668    33.2542    33.2525    320.358    313.655    -0.1061     4.6496     0.1099     0.1099     0.0338     0.0208     100769    69.9778     100.00     2.3391     2.0465         14  0.000e+00
     69.909   77.02056 -177.95596     70.661    -1.6124    -1.6115  26.436396  26.435892    33.2542    33.2526    320.356    313.149    -0.1061     4.6496     0.1099     0.1099     0.0338     0.0208     100770    69.9785     100.00     2.3391     2.0441         14  0.000e+00
     69.967   77.02056 -177.95596     70.719    -1.6123    -1.6117  26.436397  26.435892    33.2541    33.2528    320.358    312.902    -0.0755     4.6496     0.1099     0.1099     0.0338     0.0220     100771    69.9792     100.00     2.3391     2.0428         14  0.000e+00
     70.024   77.02056 -177.95596     70.777    -1.6126    -1.6114  26.436218  26.435893    33.2541    33.2524    320.363    312.652    -0.0755     4.6496     0.1099     0.1099     0.0338     0.0220     100772    69.9799     100.00     2.3391     2.0416         14  0.000e+00
     69.967   77.02056 -177.95596     70.719    -1.6123    -1.6115  26.436337  26.435724    33.2540    33.2523    320.358    312.651    -0.1061     4.6484     0.1099     0.1099     0.0348     0.0208     100773    69.9806     100.00     2.3391     2.0416         14  0.000e+00
     69.967   77.02056 -177.95596     70.719    -1.6126    -1.6116  26.436397  26.436173    33.2544    33.2530    320.572    312.399    -0.0755     4.6496     0.1087     0.1087     0.0338     0.0220     100774    69.9813     100.00     2.3403     2.0404         14  0.000e+00
     69.967   77.02056 -177.95596     70.719    -1.6122    -1.6115  26.436218  26.436117    33.2537    33.2529    320.358    311.897    -0.0755     4.6496     0.1099     0.1099     0.0338     0.0220     100775    69.9819     100.00     2.3391     2.0380         14  0.000e+00
     69.958   77.02056 -177.95596     70.711    -1.6123    -1.6115  26.436337  26.436117    33.2540    33.2529    320.358    311.896    -0.1061     4.6496     0.1087     0.1087     0.0338     0.0208     100776    69.9826     100.00     2.3391     2.0380         14  0.000e+00
     69.967   77.02056 -177.95596     70.719    -1.6124    -1.6117  26.436397  26.435948    33.2542    33.2528    320.359    311.899    -0.1061     4.6496     0.1087     0.1087     0.0338     0.0208     100777    69.9833     100.00     2.3391     2.0380         14  0.000e+00
     69.967   77.02056 -177.95596     70.719    -1.6124    -1.6115  26.436218  26.435892    33.2540    33.2526    320.359    312.399    -0.1061     4.6496     0.1087     0.1087     0.0338     0.0208     100778    69.9840     100.00     2.3391     2.0404         14  0.000e+00
     69.967   77.02056 -177.95596     70.719    -1.6126    -1.6116  26.436754  26.435892    33.2549    33.2526    320.570    312.149    -0.1061     4.6496     0.1087     0.1087     0.0338     0.0208     100779    69.9847     100.00     2.3403     2.0392         14  0.000e+00
     69.958   77.02056 -177.95596     70.711    -1.6124    -1.6114  26.436158  26.436061    33.2538    33.2527    320.359    312.147    -0.0755     4.6496     0.1087     0.1087     0.0338     0.0220     100780    69.9854     100.00     2.3391     2.0392         14  0.000e+00
     69.967   77.02056 -177.95596     70.719    -1.6121    -1.6112  26.436277  26.435948    33.2538    33.2523    320.569    312.146    -0.0755     4.6496     0.1087     0.1087     0.0338     0.0220     100781    69.9861     100.00     2.3403     2.0392         14  0.000e+00
     69.967   77.02056 -177.95596     70.719    -1.6121    -1.6114  26.436635  26.435724    33.2543    33.2522    320.568    312.148    -0.0755     4.6496     0.1087     0.1087     0.0338     0.0220     100782    69.9868     100.00     2.3403     2.0392         14  0.000e+00
     69.958   77.02056 -177.95596     70.711    -1.6124    -1.6112  26.436516  26.435668    33.2544    33.2519    320.570    312.147    -0.1061     4.6496     0.1087     0.1087     0.0338     0.0208     100783    69.9875     100.00     2.3403     2.0392         14  0.000e+00
     69.967   77.02056 -177.95596     70.719    -1.6124    -1.6115  26.436218  26.435668    33.2540    33.2522    320.359    312.399    -0.0755     4.6484     0.1087     0.1087     0.0348     0.0220     100784    69.9882     100.00     2.3391     2.0404         14  0.000e+00
     69.967   77.02056 -177.95596     70.719    -1.6122    -1.6112  26.436337  26.435836    33.2539    33.2521    320.357    312.397    -0.0755     4.6496     0.1087     0.1087     0.0338     0.0220     100785    69.9889     100.00     2.3391     2.0404         14  0.000e+00
     69.967   77.02056 -177.95596     70.719    -1.6123    -1.6114  26.436397  26.435500    33.2541    33.2519    320.570    311.647    -0.0755     4.6496     0.1087     0.1087     0.0338     0.0220     100786    69.9896     100.00     2.3403     2.0367         14  0.000e+00
     69.958   77.02056 -177.95596     70.711    -1.6123    -1.6115  26.436397  26.435388    33.2541    33.2519    320.357    311.146    -0.0755     4.6496     0.1087     0.1087     0.0338     0.0220     100787    69.9903     100.00     2.3391     2.0343         14  0.000e+00
     69.967   77.02056 -177.95596     70.719    -1.6123    -1.6114  26.436397  26.435556    33.2541    33.2520    320.358    310.644    -0.0755     4.6496     0.1087     0.1087     0.0338     0.0220     100788    69.9910     100.00     2.3391     2.0319         14  0.000e+00
     69.967   77.02056 -177.95596     70.719    -1.6126    -1.6112  26.436635  26.435836    33.2548    33.2521    320.359    310.642    -0.0755     4.6496     0.1099     0.1099     0.0338     0.0220     100789    69.9917     100.00     2.3391     2.0319         14  0.000e+00
     70.024   77.02056 -177.95596     70.778    -1.6124    -1.6115  26.436456  26.435836    33.2542    33.2524    320.572    311.147    -0.0755     4.6496     0.1087     0.1087     0.0338     0.0220     100790    69.9924     100.00     2.3403     2.0343         14  0.000e+00
     69.909   77.02056 -177.95596     70.661    -1.6124    -1.6114  26.436575  26.435836    33.2545    33.2524    320.355    311.643    -0.1061     4.6496     0.1087     0.1087     0.0338     0.0208     100791    69.9931     100.00     2.3391     2.0367         14  0.000e+00
     69.967   77.02056 -177.95596     70.719    -1.6123    -1.6115  26.436456  26.435892    33.2542    33.2526    320.357    312.148    -0.0755     4.6496     0.1087     0.1087     0.0338     0.0220     100792    69.9938     100.00     2.3391     2.0392         14  0.000e+00
     69.967   77.02056 -177.95596     70.719    -1.6123    -1.6112  26.436397  26.435892    33.2541    33.2522    320.569    312.397    -0.0755     4.6496     0.1087     0.1087     0.0338     0.0220     100793    69.9944     100.00     2.3403     2.0404         14  0.000e+00
     70.024   77.02056 -177.95596     70.778    -1.6124    -1.6115  26.436218  26.435724    33.2540    33.2523    320.362    312.653    -0.1061     4.6496     0.1087     0.1087     0.0338     0.0208     100794    69.9951     100.00     2.3391     2.0416         14  0.000e+00
     69.909   77.02056 -177.95596     70.661    -1.6124    -1.6113  26.436158  26.435836    33.2539    33.2522    320.568    312.646    -0.0755     4.6496     0.1099     0.1099     0.0338     0.0220     100795    69.9958     100.00     2.3403     2.0416         14  0.000e+00
     70.032   77.02056 -177.95596     70.786    -1.6124    -1.6111  26.436337  26.435892    33.2541    33.2520    320.361    312.650    -0.0755     4.6496     0.1087     0.1087     0.0338     0.0220     100796    69.9965     100.00     2.3391     2.0416         14  0.000e+00
     69.958   77.02056 -177.95596     70.711    -1.6126    -1.6112  26.436814  26.436061    33.2550    33.2525    320.358    312.647    -0.0755     4.6496     0.1087     0.1087     0.0338     0.0220     100797    69.9972     100.00     2.3391     2.0416         14  0.000e+00
     69.967   77.02056 -177.95596     70.719    -1.6121    -1.6114  26.436576  26.435780    33.2542    33.2523    320.356    312.649    -0.1061     4.6496     0.1087     0.1087     0.0338     0.0208     100798    69.9979     100.00     2.3391     2.0416         14  0.000e+00
     69.967   77.02056 -177.95596     70.719    -1.6124    -1.6112  26.436635  26.436005    33.2546    33.2524    320.357    312.898    -0.1061     4.6496     0.1087     0.1087     0.0338     0.0208     100799    69.9986     100.00     2.3391     2.0428         14  0.000e+00
     69.967   77.02056 -177.95596     70.719    -1.6122    -1.6113  26.436277  26.436173    33.2538    33.2527    320.569    313.148    -0.0755     4.6496     0.1087     0.1087     0.0338     0.0220     100800    69.9993     100.00     2.3403     2.0441         14  0.000e+00
     69.958   77.02056 -177.95596     70.711    -1.6120    -1.6112  26.436516  26.435948    33.2539    33.2523    320.354    313.148    -0.1061     4.6496     0.1099     0.1099     0.0338     0.0208     100801    70.0000     100.00     2.3391     2.0441         14  0.000e+00
     55.008   77.02070 -177.95594     55.598    -1.6616    -1.6619  25.539714  25.537605    32.0783    32.0757    344.527    334.614    -0.0450     4.6447     0.1172     0.1172     0.0380     0.0232     102978    71.5118     100.00     2.4610     2.1343         15  0.000e+00
     55.008   77.02070 -177.95594     55.598    -1.6616    -1.6621  25.538006  25.537439    32.0760    32.0757    344.533    334.616    -0.0450     4.6459     0.1172     0.1172     0.0369     0.0232     102979    71.5125     100.00     2.4610     2.1343         15  0.000e+00
     55.033   77.02070 -177.95594     55.623    -1.6616    -1.6618  25.536239  25.537273    32.0735    32.0751    344.541    335.121    -0.0450     4.6447     0.1172     0.1172     0.0380     0.0232     102980    71.5132     100.00     2.4610     2.1367         15  0.000e+00
     55.008   77.02070 -177.95594     55.598    -1.6616    -1.6621  25.535062  25.537494    32.0719    32.0757    344.544    335.375    -0.0450     4.6459     0.1172     0.1172     0.0369     0.0232     102981    71.5139     100.00     2.4610     2.1379         15  0.000e+00
     55.033   77.02070 -177.95594     55.623    -1.6616    -1.6618  25.534826  25.537495    32.0716    32.0755    344.332    335.374    -0.0145     4.6459     0.1172     0.1172     0.0369     0.0244     102982    71.5146     100.00     2.4598     2.1379         15  0.000e+00
     55.008   77.02070 -177.95594     55.598    -1.6616    -1.6619  25.535003  25.537550    32.0718    32.0756    344.544    334.867    -0.0450     4.6447     0.1172     0.1172     0.0380     0.0232     102983    71.5153     100.00     2.4610     2.1355         15  0.000e+00
     54.967   77.02070 -177.95594     55.556    -1.6618    -1.6619  25.534708  25.537716    32.0716    32.0759    344.545    334.358    -0.0450     4.6447     0.1172     0.1172     0.0380     0.0232     102984    71.5160     100.00     2.4610     2.1330         15  0.000e+00
     55.008   77.02070 -177.95594     55.598    -1.6616    -1.6619  25.534591  25.537993    32.0713    32.0762    344.546    334.359    -0.0450     4.6459     0.1172     0.1172     0.0369     0.0232     102985    71.5167     100.00     2.4610     2.1330         15  0.000e+00
     55.008   77.02070 -177.95594     55.598    -1.6618    -1.6618  25.534002  25.537993    32.0706    32.0761    344.549    334.105    -0.0450     4.6459     0.1172     0.1172     0.0369     0.0232     102986    71.5174     100.00     2.4610     2.1318         15  0.000e+00
