Continuous CTD Data/SBE Stage/nabos_36_01.ros
* Sea-Bird SBE 9 Data File:
* FileName = D:\CTD\data\HLY2502\raw\NABOS_36_01.hex
* Software Version Seasave V 7.26.7.110
* Temperature SN = 6954
* Conductivity SN = 2561
* Number of Bytes Per Scan = 37
* Number of Voltage Words = 4
* Number of Scans Averaged by the Deck Unit = 1
* NMEA Latitude = 79 18.82 N
* NMEA Longitude = 132 49.52 E
* NMEA UTC (Time) = Sep 24 2025  16:01:06
* NMEA baud rate = 9600
** Ship: USCG HEALY
** Bot. Depth:  3158
** Cast Number:  01
** Station Name:  NABOS
** Station Number:  36
** Operator:  STARC
# nquan = 25
# nvalues = 1078                                  
# units = specified
# name 0 = depSM: Depth [salt water, m]
# name 1 = latitude: Latitude [deg]
# name 2 = longitude: Longitude [deg]
# name 3 = prDM: Pressure, Digiquartz [db]
# name 4 = t090C: Temperature [ITS-90, deg C]
# name 5 = t190C: Temperature, 2 [ITS-90, deg C]
# name 6 = c0mS/cm: Conductivity [mS/cm]
# name 7 = c1mS/cm: Conductivity, 2 [mS/cm]
# name 8 = sal00: Salinity, Practical [PSU]
# name 9 = sal11: Salinity, Practical, 2 [PSU]
# name 10 = sbox0Mm/Kg: Oxygen, SBE 43 [umol/kg]
# name 11 = sbox1Mm/Kg: Oxygen, SBE 43, 2 [umol/kg]
# name 12 = flECO-AFL: Fluorescence, WET Labs ECO-AFL/FL [mg/m^3]
# name 13 = v2: Voltage 2
# name 14 = wetCDOM: Fluorescence, WET Labs CDOM [mg/m^3]
# name 15 = v6: Voltage 6
# name 16 = CStarAt0: Beam Attenuation, WET Labs C-Star [1/m]
# name 17 = v3: Voltage 3
# name 18 = scan: Scan Count
# name 19 = timeM: Time, Elapsed [minutes]
# name 20 = altM: Altimeter [m]
# name 21 = sbeox0V: Oxygen raw, SBE 43 [V]
# name 22 = sbeox1V: Oxygen raw, SBE 43, 2 [V]
# name 23 = nbf: Bottles Fired
# name 24 = flag:  0.000e+00
# interval = seconds: 0.0416667
# start_time = Sep 24 2025 16:01:06 [NMEA time, header]
# bad_flag = -9.990e-29
*END*
[from data line 174]
    500.564   79.31890  132.80904    506.525     0.7130     0.7125  29.773177  29.771477    34.8554    34.8538    296.168    289.656    -0.1366     4.6288     0.0806     0.0806     0.0517     0.0195      66381    46.0972     100.00     2.2411     1.9638          4  0.000e+00
    500.564   79.31890  132.80904    506.525     0.7127     0.7126  29.773488  29.771302    34.8561    34.8534    296.169    289.901    -0.1061     4.6300     0.0806     0.0806     0.0506     0.0208      66382    46.0979     100.00     2.2411     1.9650          4  0.000e+00
    500.564   79.31890  132.80904    506.525     0.7127     0.7127  29.773364  29.771243    34.8560    34.8532    296.169    290.146    -0.1366     4.6288     0.0806     0.0806     0.0517     0.0195      66383    46.0986     100.00     2.2411     1.9662          4  0.000e+00
    500.498   79.31890  132.80904    506.458     0.7127     0.7126  29.773301  29.771477    34.8559    34.8537    296.166    289.898    -0.1366     4.6300     0.0806     0.0806     0.0506     0.0195      66384    46.0993     100.00     2.2411     1.9650          4  0.000e+00
    500.564   79.31890  132.80904    506.525     0.7127     0.7125  29.773301  29.771184    34.8559    34.8533    295.962    289.902    -0.1366     4.6288     0.0806     0.0806     0.0517     0.0195      66385    46.1000     100.00     2.2399     1.9650          4  0.000e+00
    500.687   79.31890  132.80904    506.650     0.7127     0.7128  29.773053  29.771185    34.8555    34.8530    295.967    289.905    -0.1366     4.6288     0.0806     0.0806     0.0517     0.0195      66386    46.1007     100.00     2.2399     1.9650          4  0.000e+00
    500.564   79.31890  132.80904    506.525     0.7129     0.7125  29.772990  29.771243    34.8553    34.8535    296.169    289.902    -0.1671     4.6288     0.0806     0.0806     0.0517     0.0183      66387    46.1014     100.00     2.2411     1.9650          4  0.000e+00
    500.498   79.31890  132.80904    506.458     0.7129     0.7124  29.773363  29.771301    34.8558    34.8537    296.165    289.900    -0.1671     4.6288     0.0794     0.0794     0.0517     0.0183      66388    46.1021     100.00     2.2411     1.9650          4  0.000e+00
    500.621   79.31890  132.80904    506.583     0.7126     0.7126  29.772928  29.771477    34.8555    34.8536    296.173    289.657    -0.1671     4.6288     0.0806     0.0806     0.0517     0.0183      66389    46.1028     100.00     2.2411     1.9638          4  0.000e+00
    500.621   79.31890  132.80904    506.583     0.7129     0.7125  29.773115  29.771360    34.8554    34.8535    296.171    289.658    -0.1671     4.6288     0.0806     0.0806     0.0517     0.0183      66390    46.1035     100.00     2.2411     1.9638          4  0.000e+00
    500.563   79.31890  132.80904    506.525     0.7127     0.7126  29.773301  29.771653    34.8559    34.8539    296.169    289.900    -0.1366     4.6288     0.0806     0.0806     0.0517     0.0195      66391    46.1042     100.00     2.2411     1.9650          4  0.000e+00
    500.563   79.31890  132.80904    506.525     0.7127     0.7126  29.773301  29.771653    34.8559    34.8539    296.377    289.900    -0.1671     4.6288     0.0806     0.0806     0.0517     0.0183      66392    46.1049     100.00     2.2423     1.9650          4  0.000e+00
    500.497   79.31890  132.80904    506.458     0.7127     0.7127  29.773052  29.771301    34.8556    34.8533    296.167    290.143    -0.1671     4.6288     0.0818     0.0818     0.0517     0.0183      66393    46.1056     100.00     2.2411     1.9662          4  0.000e+00
    500.687   79.31890  132.80904    506.650     0.7129     0.7126  29.773364  29.771243    34.8557    34.8533    296.380    290.397    -0.1976     4.6288     0.0818     0.0818     0.0517     0.0171      66394    46.1063     100.00     2.2423     1.9675          4  0.000e+00
    500.563   79.31890  132.80904    506.524     0.7127     0.7125  29.773115  29.771477    34.8556    34.8537    296.170    290.392    -0.1671     4.6288     0.0818     0.0818     0.0517     0.0183      66395    46.1069     100.00     2.2411     1.9675          4  0.000e+00
    500.563   79.31890  132.80904    506.524     0.7126     0.7126  29.772990  29.771360    34.8557    34.8535    296.378    290.392    -0.1671     4.6288     0.0818     0.0818     0.0517     0.0183      66396    46.1076     100.00     2.2423     1.9675          4  0.000e+00
    500.497   79.31890  132.80904    506.458     0.7126     0.7127  29.773364  29.771477    34.8562    34.8536    296.167    290.388    -0.1671     4.6288     0.0818     0.0818     0.0517     0.0183      66397    46.1083     100.00     2.2411     1.9675          4  0.000e+00
    500.621   79.31890  132.80904    506.583     0.7129     0.7128  29.773115  29.771360    34.8554    34.8533    296.171    290.148    -0.1671     4.6288     0.0818     0.0818     0.0517     0.0183      66398    46.1090     100.00     2.2411     1.9662          4  0.000e+00
    500.563   79.31890  132.80904    506.524     0.7127     0.7126  29.772990  29.771243    34.8555    34.8533    296.170    290.392    -0.1671     4.6288     0.0818     0.0818     0.0517     0.0183      66399    46.1097     100.00     2.2411     1.9675          4  0.000e+00
    500.679   79.31890  132.80904    506.641     0.7127     0.7125  29.773177  29.771243    34.8557    34.8533    296.174    290.643    -0.1366     4.6288     0.0818     0.0818     0.0517     0.0195      66400    46.1104     100.00     2.2411     1.9687          4  0.000e+00
    500.563   79.31890  132.80904    506.524     0.7127     0.7125  29.773052  29.771477    34.8556    34.8538    296.170    290.638    -0.1671     4.6288     0.0818     0.0818     0.0517     0.0183      66401    46.1111     100.00     2.2411     1.9687          4  0.000e+00
    500.563   79.31890  132.80904    506.524     0.7129     0.7128  29.773177  29.771360    34.8555    34.8532    296.168    290.882    -0.1671     4.6288     0.0818     0.0818     0.0517     0.0183      66402    46.1118     100.00     2.2411     1.9699          4  0.000e+00
    300.216   79.31974  132.80832    303.642     1.6958     1.6962  30.549715  30.548507    34.8739    34.8718    294.822    288.779    -0.1671     4.6300     0.0818     0.0818     0.0506     0.0183      75020    52.0965     100.00     2.3310     2.0403          5  0.000e+00
    300.216   79.31974  132.80832    303.642     1.6956     1.6960  30.549715  30.548625    34.8741    34.8723    294.822    288.780    -0.1671     4.6288     0.0818     0.0818     0.0517     0.0183      75021    52.0972     100.00     2.3310     2.0403          5  0.000e+00
    300.240   79.31974  132.80832    303.667     1.6956     1.6961  30.549652  30.548684    34.8740    34.8722    294.824    288.780    -0.1671     4.6300     0.0818     0.0818     0.0506     0.0183      75022    52.0979     100.00     2.3310     2.0403          5  0.000e+00
    300.215   79.31974  132.80832    303.642     1.6955     1.6960  30.549841  30.548270    34.8744    34.8719    294.823    288.549    -0.1671     4.6300     0.0818     0.0818     0.0506     0.0183      75023    52.0986     100.00     2.3310     2.0391          5  0.000e+00
    300.215   79.31974  132.80832    303.642     1.6955     1.6960  30.549778  30.548329    34.8743    34.8719    295.019    288.549    -0.1671     4.6300     0.0818     0.0818     0.0506     0.0183      75024    52.0993     100.00     2.3322     2.0391          5  0.000e+00
    300.215   79.31974  132.80832    303.642     1.6953     1.6955  30.549400  30.547679    34.8740    34.8716    294.629    288.553    -0.1671     4.6300     0.0818     0.0818     0.0506     0.0183      75025    52.1000     100.00     2.3298     2.0391          5  0.000e+00
    300.240   79.31974  132.80832    303.667     1.6948     1.6952  30.549337  30.547501    34.8744    34.8718    294.829    288.557    -0.1671     4.6300     0.0818     0.0818     0.0506     0.0183      75026    52.1007     100.00     2.3310     2.0391          5  0.000e+00
    300.215   79.31974  132.80832    303.642     1.6947     1.6952  30.548771  30.547324    34.8739    34.8715    294.831    288.556    -0.1671     4.6300     0.0818     0.0818     0.0506     0.0183      75027    52.1014     100.00     2.3310     2.0391          5  0.000e+00
    300.215   79.31974  132.80832    303.642     1.6943     1.6952  30.548520  30.547442    34.8740    34.8717    294.833    288.788    -0.1671     4.6300     0.0818     0.0818     0.0506     0.0183      75028    52.1021     100.00     2.3310     2.0403          5  0.000e+00
    300.281   79.31974  132.80832    303.709     1.6942     1.6949  30.548520  30.547324    34.8740    34.8718    294.836    288.793    -0.1976     4.6300     0.0818     0.0818     0.0506     0.0171      75029    52.1028     100.00     2.3310     2.0403          5  0.000e+00
    300.182   79.31974  132.80832    303.609     1.6940     1.6950  30.548331  30.547264    34.8741    34.8717    295.031    288.788    -0.1671     4.6300     0.0818     0.0818     0.0506     0.0183      75030    52.1035     100.00     2.3322     2.0403          5  0.000e+00
    300.281   79.31974  132.80832    303.709     1.6939     1.6950  30.548268  30.547442    34.8741    34.8718    295.035    289.024    -0.1671     4.6300     0.0818     0.0818     0.0506     0.0183      75031    52.1042     100.00     2.3322     2.0416          5  0.000e+00
    300.215   79.31974  132.80832    303.642     1.6941     1.6950  30.548268  30.547679    34.8739    34.8721    295.031    289.020    -0.1671     4.6300     0.0830     0.0830     0.0506     0.0183      75032    52.1049     100.00     2.3322     2.0416          5  0.000e+00
    300.240   79.31974  132.80832    303.667     1.6938     1.6950  30.548080  30.547797    34.8740    34.8723    294.839    289.021    -0.1671     4.6300     0.0830     0.0830     0.0506     0.0183      75033    52.1056     100.00     2.3310     2.0416          5  0.000e+00
    300.215   79.31974  132.80832    303.642     1.6938     1.6952  30.548205  30.547797    34.8742    34.8721    294.641    288.787    -0.1976     4.6288     0.0830     0.0830     0.0517     0.0171      75034    52.1063     100.00     2.3298     2.0403          5  0.000e+00
    300.281   79.31974  132.80832    303.709     1.6936     1.6952  30.548080  30.547560    34.8742    34.8718    294.841    289.022    -0.1671     4.6300     0.0830     0.0830     0.0506     0.0183      75035    52.1069     100.00     2.3310     2.0416          5  0.000e+00
    300.158   79.31974  132.80832    303.584     1.6938     1.6952  30.548205  30.547974    34.8742    34.8724    294.835    289.016    -0.1976     4.6300     0.0830     0.0830     0.0506     0.0171      75036    52.1076     100.00     2.3310     2.0416          5  0.000e+00
    300.306   79.31974  132.80832    303.734     1.6938     1.6953  30.548268  30.547856    34.8742    34.8720    294.841    289.022    -0.1671     4.6300     0.0830     0.0830     0.0506     0.0183      75037    52.1083     100.00     2.3310     2.0416          5  0.000e+00
    300.215   79.31974  132.80832    303.642     1.6936     1.6952  30.548080  30.547560    34.8742    34.8718    294.838    288.787    -0.1671     4.6300     0.0830     0.0830     0.0506     0.0183      75038    52.1090     100.00     2.3310     2.0403          5  0.000e+00
    300.215   79.31974  132.80832    303.642     1.6939     1.6949  30.548205  30.547501    34.8740    34.8721    294.836    289.021    -0.1671     4.6300     0.0830     0.0830     0.0506     0.0183      75039    52.1097     100.00     2.3310     2.0416          5  0.000e+00
    300.240   79.31974  132.80832    303.667     1.6939     1.6947  30.548017  30.547324    34.8738    34.8720    294.838    289.024    -0.1671     4.6300     0.0830     0.0830     0.0506     0.0183      75040    52.1104     100.00     2.3310     2.0416          5  0.000e+00
    300.281   79.31974  132.80832    303.709     1.6939     1.6945  30.548143  30.547265    34.8739    34.8721    294.839    288.794    -0.1671     4.6300     0.0830     0.0830     0.0506     0.0183      75041    52.1111     100.00     2.3310     2.0403          5  0.000e+00
    300.215   79.31974  132.80832    303.642     1.6941     1.6947  30.548268  30.547087    34.8739    34.8718    294.835    288.791    -0.1671     4.6288     0.0830     0.0830     0.0517     0.0183      75042    52.1118     100.00     2.3310     2.0403          5  0.000e+00
    300.281   79.31974  132.80832    303.709     1.6941     1.6947  30.548268  30.547205    34.8739    34.8719    294.838    288.561    -0.1976     4.6300     0.0830     0.0830     0.0506     0.0171      75043    52.1125     100.00     2.3310     2.0391          5  0.000e+00
    300.240   79.31974  132.80832    303.667     1.6941     1.6944  30.548268  30.547028    34.8739    34.8720    295.032    288.794    -0.1671     4.6300     0.0830     0.0830     0.0506     0.0183      75044    52.1132     100.00     2.3322     2.0403          5  0.000e+00
    300.215   79.31974  132.80832    303.642     1.6941     1.6942  30.548268  30.546791    34.8739    34.8719    294.835    288.795    -0.1366     4.6300     0.0830     0.0830     0.0506     0.0195      75045    52.1139     100.00     2.3310     2.0403          5  0.000e+00
    300.281   79.31974  132.80832    303.709     1.6938     1.6945  30.548268  30.546910    34.8742    34.8717    294.840    288.099    -0.1671     4.6300     0.0830     0.0830     0.0506     0.0183      75046    52.1146     100.00     2.3310     2.0367          5  0.000e+00
    300.281   79.31974  132.80832    303.709     1.6939     1.6945  30.548268  30.546969    34.8741    34.8718    294.839    287.402    -0.1671     4.6300     0.0830     0.0830     0.0506     0.0183      75047    52.1153     100.00     2.3310     2.0330          5  0.000e+00
    300.240   79.31974  132.80832    303.667     1.6939     1.6944  30.547828  30.546555    34.8735    34.8714    295.034    286.938    -0.1671     4.6300     0.0830     0.0830     0.0506     0.0183      75048    52.1160     100.00     2.3322     2.0305          5  0.000e+00
    300.215   79.31974  132.80832    303.642     1.6936     1.6944  30.547891  30.546791    34.8740    34.8717    294.839    286.704    -0.1671     4.6288     0.0830     0.0830     0.0517     0.0183      75049    52.1167     100.00     2.3310     2.0293          5  0.000e+00
    300.281   79.31974  132.80832    303.709     1.6934     1.6945  30.547954  30.547146    34.8742    34.8720    294.842    286.705    -0.1671     4.6300     0.0830     0.0830     0.0506     0.0183      75050    52.1174     100.00     2.3310     2.0293          5  0.000e+00
    300.240   79.31974  132.80832    303.667     1.6936     1.6944  30.548142  30.547087    34.8743    34.8721    294.839    286.936    -0.1671     4.6300     0.0830     0.0830     0.0506     0.0183      75051    52.1181     100.00     2.3310     2.0305          5  0.000e+00
    300.281   79.31974  132.80832    303.708     1.6938     1.6947  30.548080  30.546969    34.8740    34.8716    294.840    287.169    -0.1976     4.6288     0.0830     0.0830     0.0517     0.0171      75052    52.1187     100.00     2.3310     2.0318          5  0.000e+00
    300.281   79.31974  132.80832    303.708     1.6938     1.6944  30.548205  30.546732    34.8741    34.8716    294.839    287.403    -0.1671     4.6288     0.0830     0.0830     0.0517     0.0183      75053    52.1194     100.00     2.3310     2.0330          5  0.000e+00
    300.281   79.31974  132.80832    303.708     1.6939     1.6942  30.548080  30.547087    34.8738    34.8722    294.839    287.867    -0.1671     4.6288     0.0830     0.0830     0.0517     0.0183      75054    52.1201     100.00     2.3310     2.0354          5  0.000e+00
