Continuous CTD Data/SBE Stage/nabos_23_01avg.cnv
* Sea-Bird SBE 9 Data File:
* FileName = D:\CTD\data\HLY2502\raw\NABOS_23_01.hex
* Software Version Seasave V 7.26.7.110
* Temperature SN = 6954
* Conductivity SN = 2561
* Number of Bytes Per Scan = 37
* Number of Voltage Words = 4
* Number of Scans Averaged by the Deck Unit = 1
* NMEA Latitude = 79 43.17 N
* NMEA Longitude = 169 12.20 E
* NMEA UTC (Time) = Sep 19 2025  18:25:30
* NMEA baud rate = 9600
** Ship: USCG HEALY
** Bot. Depth:  1200
** Cast Number:  01
** Station Name:  NABOS
** Station Number:  23
** Operator:  STARC
# nquan = 25
# nvalues = 1214                        
# units = specified
# name 0 = depSM: Depth [salt water, m]
# name 1 = latitude: Latitude [deg]
# name 2 = longitude: Longitude [deg]
# name 3 = prDM: Pressure, Digiquartz [db]
# name 4 = t090C: Temperature [ITS-90, deg C]
# name 5 = t190C: Temperature, 2 [ITS-90, deg C]
# name 6 = c0mS/cm: Conductivity [mS/cm]
# name 7 = c1mS/cm: Conductivity, 2 [mS/cm]
# name 8 = sal00: Salinity, Practical [PSU]
# name 9 = sal11: Salinity, Practical, 2 [PSU]
# name 10 = sbox0Mm/Kg: Oxygen, SBE 43 [umol/kg]
# name 11 = sbox1Mm/Kg: Oxygen, SBE 43, 2 [umol/kg]
# name 12 = flECO-AFL: Fluorescence, WET Labs ECO-AFL/FL [mg/m^3]
# name 13 = v2: Voltage 2
# name 14 = wetCDOM: Fluorescence, WET Labs CDOM [mg/m^3]
# name 15 = v6: Voltage 6
# name 16 = CStarAt0: Beam Attenuation, WET Labs C-Star [1/m]
# name 17 = v3: Voltage 3
# name 18 = scan: Scan Count
# name 19 = timeM: Time, Elapsed [minutes]
# name 20 = altM: Altimeter [m]
# name 21 = sbeox0V: Oxygen raw, SBE 43 [V]
# name 22 = sbeox1V: Oxygen raw, SBE 43, 2 [V]
# name 23 = nbin: number of scans per bin
# name 24 = flag: flag
# span 0 =      3.958,   1200.621       
# span 1 =   79.71950,   79.72041       
# span 2 =  169.19442,  169.20283       
# span 3 =      4.000,   1217.000       
# span 4 =    -1.6869,     0.9101       
# span 5 =    -1.6866,     0.9101       
# span 6 =  24.698058,  29.807426       
# span 7 =  24.697016,  29.805545       
# span 8 =    30.9633,    34.8877       
# span 9 =    30.9614,    34.8853       
# span 10 =    290.626,    369.718      
# span 11 =    267.538,    364.744      
# span 12 =    -0.1814,     0.4651      
# span 13 =     4.4896,     4.6386      
# span 14 =     0.0796,     0.1123      
# span 15 =     0.0796,     0.1123      
# span 16 =     0.0432,     0.1739      
# span 17 =     0.0177,     0.0436      
# span 18 =       2354,      36914      
# span 19 =     1.6341,    25.6339      
# span 20 =      74.40,     100.33      
# span 21 =     2.0186,     2.6001      
# span 22 =     1.7301,     2.2773      
# span 23 =          8,         28      
# span 24 = 0.0000e+00, 0.0000e+00      
# interval = decibars: 1                
# start_time = Sep 19 2025 18:25:30 [NMEA time, header]
# bad_flag = -9.990e-29
*END*
[from data line 348]
    347.982   79.71976  169.20024    352.000     0.8066     0.8065  29.756015  29.754120    34.8189    34.8165    293.845    289.249    -0.1654     4.6369     0.0822     0.0822     0.0447     0.0184      13887     9.6429     100.00     2.2673     1.9949         16 0.0000e+00
    348.970   79.71976  169.20022    353.000     0.8074     0.8074  29.757450  29.755625    34.8192    34.8168    293.631    289.391    -0.1478     4.6369     0.0821     0.0821     0.0447     0.0191      13912     9.6602     100.00     2.2657     1.9955         18 0.0000e+00
    349.958   79.71976  169.20022    354.000     0.8089     0.8087  29.759149  29.757148    34.8192    34.8168    293.444    287.146    -0.1648     4.6368     0.0821     0.0821     0.0447     0.0184      13936     9.6772     100.00     2.2644     1.9839         14 0.0000e+00
    350.946   79.71976  169.20022    355.000     0.8093     0.8092  29.759923  29.758034    34.8191    34.8168    293.275    289.286    -0.1722     4.6369     0.0830     0.0830     0.0447     0.0181      13961     9.6946     100.00     2.2632     1.9946         17 0.0000e+00
    351.933   79.71976  169.20021    356.000     0.8094     0.8093  29.760483  29.758556    34.8192    34.8167    293.149    286.230    -0.1372     4.6370     0.0824     0.0824     0.0446     0.0195      13986     9.7119     100.00     2.2623     1.9788         16 0.0000e+00
    352.921   79.71976  169.20020    357.000     0.8095     0.8093  29.760970  29.759017    34.8191    34.8168    292.974    288.657    -0.1398     4.6371     0.0812     0.0812     0.0446     0.0194      14011     9.7291     100.00     2.2610     1.9911         19 0.0000e+00
    353.909   79.71976  169.20020    358.000     0.8081     0.8078  29.760099  29.758046    34.8190    34.8166    292.802    288.477    -0.1727     4.6374     0.0814     0.0814     0.0443     0.0181      14035     9.7462     100.00     2.2596     1.9898         18 0.0000e+00
    354.896   79.71976  169.20019    359.000     0.7998     0.7997  29.753235  29.751193    34.8187    34.8162    292.823    287.590    -0.1742     4.6375     0.0818     0.0818     0.0441     0.0180      14061     9.7635     100.00     2.2591     1.9848         21 0.0000e+00
    355.884   79.71976  169.20018    360.000     0.7914     0.7913  29.746393  29.744477    34.8187    34.8163    292.835    287.684    -0.1706     4.6378     0.0827     0.0827     0.0439     0.0182      14085     9.7806     100.00     2.2585     1.9847         17 0.0000e+00
    356.872   79.71976  169.20018    361.000     0.7853     0.7853  29.741572  29.739609    34.8187    34.8161    292.791    288.473    -0.1540     4.6374     0.0831     0.0831     0.0443     0.0188      14110     9.7979     100.00     2.2577     1.9883         17 0.0000e+00
    357.860   79.71976  169.20018    362.000     0.7768     0.7764  29.734516  29.732291    34.8185    34.8160    292.769    288.127    -0.1375     4.6366     0.0831     0.0831     0.0449     0.0195      14135     9.8151     100.00     2.2569     1.9860         19 0.0000e+00
    358.847   79.71976  169.20017    363.000     0.7711     0.7707  29.730125  29.727846    34.8186    34.8160    292.827    287.850    -0.1366     4.6373     0.0832     0.0832     0.0443     0.0195      14160     9.8324     100.00     2.2567     1.9841         20 0.0000e+00
    359.835   79.71976  169.20016    364.000     0.7679     0.7678  29.727664  29.725717    34.8184    34.8160    292.835    287.351    -0.1616     4.6376     0.0832     0.0832     0.0441     0.0185      14184     9.8494     100.00     2.2564     1.9813         15 0.0000e+00
    360.823   79.71976  169.20016    365.000     0.7652     0.7652  29.725852  29.723862    34.8184    34.8159    292.757    289.309    -0.1407     4.6374     0.0820     0.0820     0.0443     0.0193      14209     9.8667     100.00     2.2556     1.9910         19 0.0000e+00
    361.810   79.71976  169.20016    366.000     0.7632     0.7631  29.724421  29.722483    34.8183    34.8159    292.806    288.607    -0.1365     4.6373     0.0819     0.0819     0.0444     0.0195      14234     9.8838     100.00     2.2555     1.9871         16 0.0000e+00
    362.798   79.71976  169.20014    367.000     0.7614     0.7612  29.723305  29.721274    34.8183    34.8159    293.076    288.484    -0.1656     4.6375     0.0822     0.0822     0.0442     0.0184      14258     9.9010     100.00     2.2568     1.9862         19 0.0000e+00
    363.786   79.71976  169.20014    368.000     0.7575     0.7575  29.720651  29.718591    34.8185    34.8159    293.300    287.606    -0.1377     4.6373     0.0821     0.0821     0.0444     0.0195      14283     9.9183     100.00     2.2577     1.9814         18 0.0000e+00
    364.773   79.71976  169.20014    369.000     0.7562     0.7561  29.719877  29.717935    34.8184    34.8160    293.336    287.881    -0.1722     4.6373     0.0816     0.0816     0.0443     0.0181      14308     9.9353     100.00     2.2576     1.9825         16 0.0000e+00
    365.761   79.71976  169.20012    370.000     0.7525     0.7524  29.716891  29.714982    34.8182    34.8158    293.420    289.368    -0.1528     4.6372     0.0818     0.0818     0.0445     0.0189      14333     9.9525     100.00     2.2578     1.9897         16 0.0000e+00
    366.749   79.71976  169.20012    371.000     0.7478     0.7476  29.713430  29.711320    34.8184    34.8158    293.492    289.817    -0.1497     4.6372     0.0830     0.0830     0.0444     0.0190      14357     9.9697     100.00     2.2577     1.9916         14 0.0000e+00
    367.736   79.71978  169.20012    372.000     0.7432     0.7431  29.709777  29.707702    34.8181    34.8156    293.559    289.677    -0.1556     4.6374     0.0829     0.0829     0.0443     0.0188      14382     9.9871     100.00     2.2577     1.9905         18 0.0000e+00
    368.724   79.71978  169.20012    373.000     0.7388     0.7387  29.706257  29.704357    34.8179    34.8155    293.650    289.821    -0.1532     4.6377     0.0822     0.0822     0.0440     0.0189      14407    10.0044     100.00     2.2577     1.9909         22 0.0000e+00
    369.712   79.71978  169.20010    374.000     0.7347     0.7346  29.703076  29.701166    34.8178    34.8155    293.653    289.164    -0.1433     4.6374     0.0830     0.0830     0.0443     0.0192      14432    10.0215     100.00     2.2573     1.9872         19 0.0000e+00
    370.699   79.71978  169.20010    375.000     0.7311     0.7309  29.700442  29.698266    34.8179    34.8152    293.834    288.691    -0.1363     4.6374     0.0831     0.0831     0.0443     0.0195      14457    10.0386     100.00     2.2580     1.9844         20 0.0000e+00
    371.687   79.71978  169.20010    376.000     0.7276     0.7276  29.697738  29.695841    34.8177    34.8152    294.032    288.543    -0.1633     4.6373     0.0832     0.0832     0.0444     0.0184      14481    10.0557     100.00     2.2588     1.9833         16 0.0000e+00
    372.675   79.71978  169.20008    377.000     0.7232     0.7233  29.694269  29.692413    34.8174    34.8150    294.096    288.322    -0.1745     4.6374     0.0832     0.0832     0.0443     0.0180      14506    10.0730     100.00     2.2587     1.9818         16 0.0000e+00
    373.662   79.71978  169.20008    378.000     0.7207     0.7207  29.692555  29.690518    34.8175    34.8148    294.260    288.762    -0.1630     4.6374     0.0825     0.0825     0.0443     0.0185      14531    10.0901     100.00     2.2593     1.9838         16 0.0000e+00
    374.650   79.71978  169.20008    379.000     0.7189     0.7188  29.691172  29.689272    34.8172    34.8147    294.276    289.610    -0.1384     4.6375     0.0826     0.0826     0.0442     0.0194      14556    10.1073     100.00     2.2591     1.9878         16 0.0000e+00
    375.637   79.71978  169.20008    380.000     0.7151     0.7149  29.688373  29.686176    34.8171    34.8145    294.218    289.697    -0.1704     4.6375     0.0831     0.0831     0.0442     0.0182      14580    10.1246     100.00     2.2583     1.9879         17 0.0000e+00
    376.625   79.71978  169.20006    381.000     0.7122     0.7120  29.686116  29.684203    34.8169    34.8146    294.246    292.689    -0.1552     4.6381     0.0827     0.0827     0.0437     0.0188      14605    10.1417     100.00     2.2581     2.0027         15 0.0000e+00
    377.613   79.71978  169.20006    382.000     0.7084     0.7083  29.683244  29.681211    34.8168    34.8143    294.459    291.161    -0.1305     4.6383     0.0822     0.0822     0.0435     0.0198      14630    10.1588     100.00     2.2589     1.9946         16 0.0000e+00
    378.600   79.71978  169.20006    383.000     0.7039     0.7037  29.679674  29.677541    34.8166    34.8141    294.570    290.766    -0.1500     4.6383     0.0820     0.0820     0.0434     0.0190      14654    10.1759     100.00     2.2591     1.9922         14 0.0000e+00
    379.588   79.71978  169.20004    384.000     0.6991     0.6990  29.675771  29.673820    34.8164    34.8140    294.605    289.199    -0.1700     4.6376     0.0810     0.0810     0.0441     0.0182      14679    10.1933     100.00     2.2589     1.9839         16 0.0000e+00
    380.575   79.71978  169.20004    385.000     0.6941     0.6938  29.671774  29.669711    34.8162    34.8138    294.713    288.421    -0.1695     4.6375     0.0830     0.0830     0.0442     0.0182      14704    10.2104     100.00     2.2590     1.9796         13 0.0000e+00
    381.563   79.71978  169.20004    386.000     0.6896     0.6894  29.668128  29.666129    34.8159    34.8135    294.742    288.626    -0.1396     4.6379     0.0832     0.0832     0.0438     0.0194      14729    10.2277     100.00     2.2587     1.9802         15 0.0000e+00
    382.551   79.71978  169.20003    387.000     0.6864     0.6862  29.665731  29.663688    34.8158    34.8134    294.765    289.387    -0.1365     4.6382     0.0813     0.0813     0.0435     0.0195      14754    10.2448     100.00     2.2585     1.9837         16 0.0000e+00
    383.538   79.71978  169.20002    388.000     0.6849     0.6848  29.664836  29.662866    34.8158    34.8133    294.809    288.013    -0.1366     4.6381     0.0827     0.0827     0.0436     0.0195      14778    10.2620     100.00     2.2584     1.9765         15 0.0000e+00
    384.526   79.71978  169.20002    389.000     0.6854     0.6855  29.665772  29.663936    34.8158    34.8133    294.833    292.222    -0.1711     4.6376     0.0828     0.0828     0.0441     0.0181      14803    10.2790     100.00     2.2584     1.9977         14 0.0000e+00
    385.513   79.71978  169.20001    390.000     0.6862     0.6860  29.667822  29.665759    34.8170    34.8145    294.980    291.126    -0.1330     4.6379     0.0826     0.0826     0.0439     0.0196      14828    10.2963     100.00     2.2590     1.9920         13 0.0000e+00
    386.501   79.71978  169.20000    391.000     0.6659     0.6651  29.649817  29.647173    34.8157    34.8132    295.186    291.165    -0.1423     4.6378     0.0827     0.0827     0.0439     0.0193      14852    10.3134     100.00     2.2590     1.9911         12 0.0000e+00
    387.488   79.71978  169.20000    392.000     0.6657     0.6659  29.652480  29.650658    34.8188    34.8162    295.167    289.839    -0.1656     4.6376     0.0823     0.0823     0.0441     0.0184      14877    10.3305     100.00     2.2587     1.9842         12 0.0000e+00
    388.476   79.71978  169.20000    393.000     0.6796     0.6794  29.665112  29.663060    34.8191    34.8167    295.178    290.358    -0.1521     4.6375     0.0833     0.0833     0.0442     0.0189      14902    10.3479     100.00     2.2592     1.9872         16 0.0000e+00
    389.464   79.71978  169.19999    394.000     0.6795     0.6793  29.665532  29.663369    34.8192    34.8166    295.152    290.394    -0.1666     4.6376     0.0839     0.0839     0.0441     0.0183      14927    10.3651     100.00     2.2588     1.9872         15 0.0000e+00
    390.451   79.71978  169.19998    395.000     0.6785     0.6785  29.665050  29.663129    34.8191    34.8166    295.137    290.276    -0.1766     4.6375     0.0823     0.0823     0.0442     0.0179      14951    10.3822     100.00     2.2585     1.9864         13 0.0000e+00
    391.439   79.71978  169.19998    396.000     0.6767     0.6766  29.663849  29.662004    34.8189    34.8167    295.163    289.907    -0.1458     4.6374     0.0820     0.0820     0.0443     0.0191      14976    10.3993     100.00     2.2583     1.9843         12 0.0000e+00
    392.426   79.71978  169.19997    397.000     0.6725     0.6726  29.660590  29.658761    34.8188    34.8163    295.081    289.596    -0.1704     4.6374     0.0821     0.0821     0.0443     0.0182      15001    10.4165     100.00     2.2574     1.9823         12 0.0000e+00
    393.414   79.71978  169.19996    398.000     0.6697     0.6697  29.658628  29.656760    34.8188    34.8164    294.907    289.044    -0.1347     4.6375     0.0821     0.0821     0.0442     0.0196      15026    10.4339     100.00     2.2560     1.9792         17 0.0000e+00
    394.401   79.71978  169.19996    399.000     0.6671     0.6669  29.656683  29.654613    34.8186    34.8162    294.832    288.310    -0.1364     4.6376     0.0821     0.0821     0.0441     0.0195      15050    10.4509     100.00     2.2552     1.9752         13 0.0000e+00
    395.389   79.71978  169.19996    400.000     0.6627     0.6626  29.653285  29.651302    34.8186    34.8160    294.880    290.757    -0.1254     4.6373     0.0821     0.0821     0.0444     0.0200      15075    10.4681     100.00     2.2550     1.9872         14 0.0000e+00
    396.376   79.71978  169.19995    401.000     0.6596     0.6595  29.650957  29.648945    34.8184    34.8160    294.886    291.113    -0.1466     4.6375     0.0822     0.0822     0.0442     0.0191      15100    10.4854     100.00     2.2547     1.9886         17 0.0000e+00
    397.364   79.71978  169.19994    402.000     0.6572     0.6571  29.649164  29.647237    34.8182    34.8157    294.841    290.898    -0.1713     4.6373     0.0823     0.0823     0.0444     0.0181      15125    10.5026     100.00     2.2540     1.9873         16 0.0000e+00
    398.351   79.71978  169.19994    403.000     0.6535     0.6534  29.646258  29.644330    34.8180    34.8156    294.953    289.885    -0.1555     4.6372     0.0822     0.0822     0.0444     0.0188      15149    10.5198     100.00     2.2543     1.9818         16 0.0000e+00
    399.339   79.71978  169.19992    404.000     0.6511     0.6509  29.644565  29.642581    34.8179    34.8155    294.922    290.233    -0.1602     4.6374     0.0823     0.0823     0.0443     0.0186      15174    10.5368     100.00     2.2537     1.9833         13 0.0000e+00
    400.326   79.71978  169.19992    405.000     0.6481     0.6480  29.642450  29.640494    34.8179    34.8155    294.881    290.024    -0.1481     4.6375     0.0822     0.0822     0.0442     0.0191      15199    10.5541     100.00     2.2531     1.9819         17 0.0000e+00
    401.314   79.71978  169.19992    406.000     0.6467     0.6467  29.641598  29.639696    34.8178    34.8153    294.816    290.465    -0.1355     4.6381     0.0822     0.0822     0.0436     0.0195      15224    10.5713     100.00     2.2524     1.9839         16 0.0000e+00
    402.301   79.71978  169.19992    407.000     0.6460     0.6460  29.641517  29.639592    34.8178    34.8154    294.847    289.090    -0.1316     4.6385     0.0821     0.0821     0.0433     0.0197      15249    10.5886     100.00     2.2523     1.9767         18 0.0000e+00
    403.289   79.71980  169.19990    408.000     0.6444     0.6443  29.640534  29.638506    34.8178    34.8153    294.827    290.597    -0.1315     4.6382     0.0821     0.0821     0.0436     0.0197      15273    10.6058     100.00     2.2518     1.9840         18 0.0000e+00
