Continuous CTD Data/SBE Stage/nabos_31_01avg.cnv
* Sea-Bird SBE 9 Data File:
* FileName = D:\CTD\data\HLY2502\raw\NABOS_31_01.hex
* Software Version Seasave V 7.26.7.110
* Temperature SN = 6954
* Conductivity SN = 2561
* Number of Bytes Per Scan = 37
* Number of Voltage Words = 4
* Number of Scans Averaged by the Deck Unit = 1
* NMEA Latitude = 80 11.59 N
* NMEA Longitude = 144 51.86 E
* NMEA UTC (Time) = Sep 23 2025  02:41:26
* NMEA baud rate = 9600
** Ship: USCG HEALY
** Bot. Depth:  1500
** Cast Number:  01
** Station Name:  NABOS
** Station Number:  31
** Operator:  STARC
** Cast to 1200 m
# nquan = 25
# nvalues = 1214                        
# units = specified
# name 0 = depSM: Depth [salt water, m]
# name 1 = latitude: Latitude [deg]
# name 2 = longitude: Longitude [deg]
# name 3 = prDM: Pressure, Digiquartz [db]
# name 4 = t090C: Temperature [ITS-90, deg C]
# name 5 = t190C: Temperature, 2 [ITS-90, deg C]
# name 6 = c0mS/cm: Conductivity [mS/cm]
# name 7 = c1mS/cm: Conductivity, 2 [mS/cm]
# name 8 = sal00: Salinity, Practical [PSU]
# name 9 = sal11: Salinity, Practical, 2 [PSU]
# name 10 = sbox0Mm/Kg: Oxygen, SBE 43 [umol/kg]
# name 11 = sbox1Mm/Kg: Oxygen, SBE 43, 2 [umol/kg]
# name 12 = flECO-AFL: Fluorescence, WET Labs ECO-AFL/FL [mg/m^3]
# name 13 = v2: Voltage 2
# name 14 = wetCDOM: Fluorescence, WET Labs CDOM [mg/m^3]
# name 15 = v6: Voltage 6
# name 16 = CStarAt0: Beam Attenuation, WET Labs C-Star [1/m]
# name 17 = v3: Voltage 3
# name 18 = scan: Scan Count
# name 19 = timeM: Time, Elapsed [minutes]
# name 20 = altM: Altimeter [m]
# name 21 = sbeox0V: Oxygen raw, SBE 43 [V]
# name 22 = sbeox1V: Oxygen raw, SBE 43, 2 [V]
# name 23 = nbin: number of scans per bin
# name 24 = flag: flag
# span 0 =      3.958,   1200.603       
# span 1 =   80.19334,   80.19576       
# span 2 =  144.83472,  144.86160       
# span 3 =      4.000,   1217.000       
# span 4 =    -1.7330,     1.7347       
# span 5 =    -1.7322,     1.7343       
# span 6 =  22.689650,  30.546794       
# span 7 =  22.689308,  30.544700       
# span 8 =    28.0748,    34.8855       
# span 9 =    28.0734,    34.8833       
# span 10 =    290.568,    373.546      
# span 11 =    283.339,    372.956      
# span 12 =    -0.1788,     0.5915      
# span 13 =     4.4835,     4.6301      
# span 14 =     0.0679,     0.1514      
# span 15 =     0.0679,     0.1514      
# span 16 =     0.0505,     0.1794      
# span 17 =     0.0178,     0.0486      
# span 18 =       3336,      38569      
# span 19 =     2.3161,    26.7832      
# span 20 =      75.64,     100.22      
# span 21 =     2.0145,     2.5829      
# span 22 =     1.7917,     2.2816      
# span 23 =         10,         28      
# span 24 = 0.0000e+00, 0.0000e+00      
# interval = decibars: 1                
# start_time = Sep 23 2025 02:41:26 [NMEA time, header]
# bad_flag = -9.990e-29
*END*
[from data line 986]
    977.189   80.19538  144.84035    990.000    -0.2571    -0.2572  29.136905  29.135212    34.8334    34.8313    298.660    295.689    -0.1366     4.6287     0.0846     0.0846     0.0518     0.0195      30874    21.4393     100.00     2.1004     1.8639         19 0.0000e+00
    978.174   80.19538  144.84033    991.000    -0.2579    -0.2580  29.136713  29.135176    34.8336    34.8316    298.685    296.056    -0.1655     4.6287     0.0862     0.0862     0.0518     0.0184      30897    21.4559     100.00     2.1003     1.8654         17 0.0000e+00
    979.159   80.19538  144.84031    992.000    -0.2560    -0.2558  29.139134  29.137758    34.8340    34.8320    298.612    295.850    -0.1353     4.6287     0.0867     0.0867     0.0518     0.0196      30922    21.4727     100.00     2.0998     1.8643         19 0.0000e+00
    980.144   80.19538  144.84029    993.000    -0.2556    -0.2558  29.139976  29.138331    34.8340    34.8321    298.690    296.017    -0.1402     4.6288     0.0866     0.0866     0.0517     0.0194      30947    21.4903     100.00     2.1000     1.8649         17 0.0000e+00
    981.128   80.19538  144.84027    994.000    -0.2549    -0.2549  29.141240  29.139590    34.8344    34.8322    298.621    295.486    -0.1694     4.6272     0.0860     0.0860     0.0531     0.0182      30974    21.5089     100.00     2.0995     1.8624         17 0.0000e+00
    982.113   80.19540  144.84024    995.000    -0.2545    -0.2548  29.141956  29.140293    34.8343    34.8324    298.760    295.879    -0.1424     4.6286     0.0855     0.0855     0.0519     0.0193      31001    21.5280     100.00     2.1000     1.8640         20 0.0000e+00
    983.098   80.19540  144.84024    996.000    -0.2557    -0.2558  29.141547  29.139971    34.8345    34.8325    298.626    296.113    -0.1687     4.6290     0.0855     0.0855     0.0515     0.0182      31027    21.5459     100.00     2.0990     1.8649         18 0.0000e+00
    984.082   80.19540  144.84022    997.000    -0.2543    -0.2540  29.143324  29.142036    34.8347    34.8327    298.540    295.924    -0.1378     4.6291     0.0851     0.0851     0.0514     0.0195      31052    21.5630     100.00     2.0984     1.8639         15 0.0000e+00
    985.067   80.19540  144.84020    998.000    -0.2508    -0.2506  29.147045  29.145594    34.8351    34.8330    298.447    295.442    -0.1347     4.6280     0.0846     0.0846     0.0524     0.0196      31076    21.5796     100.00     2.0979     1.8616         16 0.0000e+00
    986.052   80.19540  144.84018    999.000    -0.2498    -0.2496  29.148772  29.147381    34.8356    34.8336    298.492    295.739    -0.1255     4.6287     0.0855     0.0855     0.0518     0.0200      31100    21.5967     100.00     2.0980     1.8629         14 0.0000e+00
    987.036   80.19540  144.84016   1000.000    -0.2464    -0.2464  29.152335  29.150697    34.8359    34.8339    298.486    295.335    -0.1322     4.6284     0.0855     0.0855     0.0520     0.0197      31126    21.6145     100.00     2.0979     1.8610         15 0.0000e+00
    988.021   80.19540  144.84014   1001.000    -0.2458    -0.2459  29.153370  29.151755    34.8362    34.8342    298.443    295.386    -0.1325     4.6287     0.0855     0.0855     0.0518     0.0197      31153    21.6333     100.00     2.0975     1.8611         15 0.0000e+00
    989.006   80.19540  144.84011   1002.000    -0.2457    -0.2459  29.154109  29.152456    34.8365    34.8345    298.514    295.425    -0.1529     4.6287     0.0854     0.0854     0.0518     0.0189      31180    21.6517     100.00     2.0977     1.8611         15 0.0000e+00
    989.991   80.19540  144.84009   1003.000    -0.2458    -0.2458  29.154510  29.153065    34.8365    34.8345    298.410    295.451    -0.1637     4.6279     0.0866     0.0866     0.0524     0.0184      31205    21.6696     100.00     2.0969     1.8610         17 0.0000e+00
    990.975   80.19540  144.84007   1004.000    -0.2458    -0.2459  29.155040  29.153241    34.8365    34.8344    298.363    296.112    -0.1366     4.6288     0.0867     0.0867     0.0517     0.0195      31229    21.6864     100.00     2.0964     1.8638         14 0.0000e+00
    991.960   80.19540  144.84006   1005.000    -0.2462    -0.2462  29.155288  29.153654    34.8368    34.8347    298.379    295.902    -0.1659     4.6288     0.0867     0.0867     0.0517     0.0183      31253    21.7031     100.00     2.0963     1.8627         12 0.0000e+00
    992.944   80.19540  144.84005   1006.000    -0.2462    -0.2463  29.155752  29.154209    34.8369    34.8350    298.282    295.421    -0.1671     4.6287     0.0867     0.0867     0.0518     0.0183      31278    21.7205     100.00     2.0956     1.8603         15 0.0000e+00
    993.929   80.19540  144.84003   1007.000    -0.2472    -0.2474  29.155388  29.153636    34.8369    34.8348    298.213    295.757    -0.1556     4.6283     0.0866     0.0866     0.0521     0.0188      31305    21.7389     100.00     2.0949     1.8616         14 0.0000e+00
    994.914   80.19540  144.84001   1008.000    -0.2477    -0.2478  29.155407  29.153768    34.8369    34.8349    298.203    295.718    -0.1338     4.6288     0.0859     0.0859     0.0517     0.0196      31331    21.7573     100.00     2.0946     1.8612         13 0.0000e+00
    995.898   80.19541  144.83999   1009.000    -0.2489    -0.2492  29.154846  29.153206    34.8370    34.8351    298.246    295.662    -0.1325     4.6289     0.0861     0.0861     0.0516     0.0197      31358    21.7758     100.00     2.0946     1.8608         15 0.0000e+00
    996.883   80.19542  144.83996   1010.000    -0.2511    -0.2513  29.153539  29.151806    34.8372    34.8350    298.214    295.591    -0.1344     4.6290     0.0861     0.0861     0.0515     0.0196      31383    21.7931     100.00     2.0941     1.8602         14 0.0000e+00
    997.868   80.19542  144.83994   1011.000    -0.2507    -0.2506  29.154637  29.153120    34.8376    34.8354    298.310    295.527    -0.1323     4.6289     0.0855     0.0855     0.0516     0.0197      31407    21.8100     100.00     2.0945     1.8598         14 0.0000e+00
    998.852   80.19542  144.83993   1012.000    -0.2484    -0.2484  29.157264  29.155596    34.8379    34.8358    298.348    295.933    -0.1552     4.6288     0.0858     0.0858     0.0517     0.0188      31432    21.8270     100.00     2.0946     1.8615         14 0.0000e+00
    999.837   80.19542  144.83990   1013.000    -0.2489    -0.2490  29.157367  29.155598    34.8380    34.8358    298.394    295.830    -0.1333     4.6288     0.0867     0.0867     0.0517     0.0196      31457    21.8448     100.00     2.0946     1.8609         14 0.0000e+00
   1000.822   80.19542  144.83990   1014.000    -0.2489    -0.2489  29.157794  29.156205    34.8379    34.8359    298.359    295.496    -0.1348     4.6285     0.0863     0.0863     0.0519     0.0196      31484    21.8633     100.00     2.0942     1.8591         17 0.0000e+00
   1001.806   80.19542  144.83988   1015.000    -0.2471    -0.2472  29.159913  29.158284    34.8382    34.8362    298.269    294.857    -0.1470     4.6279     0.0855     0.0855     0.0524     0.0191      31511    21.8817     100.00     2.0936     1.8562         15 0.0000e+00
   1002.791   80.19542  144.83986   1016.000    -0.2466    -0.2467  29.160888  29.159320    34.8383    34.8364    298.316    295.986    -0.1557     4.6284     0.0855     0.0855     0.0520     0.0187      31536    21.8995     100.00     2.0936     1.8611         16 0.0000e+00
   1003.775   80.19542  144.83984   1017.000    -0.2461    -0.2462  29.161958  29.160233    34.8386    34.8364    298.428    296.253    -0.1436     4.6282     0.0855     0.0855     0.0522     0.0192      31561    21.9166     100.00     2.0940     1.8622         13 0.0000e+00
   1004.760   80.19542  144.83982   1018.000    -0.2469    -0.2470  29.161580  29.159965    34.8384    34.8364    298.485    295.473    -0.1423     4.6288     0.0842     0.0842     0.0517     0.0193      31585    21.9335     100.00     2.0941     1.8584         16 0.0000e+00
   1005.745   80.19542  144.83979   1019.000    -0.2488    -0.2490  29.160354  29.158737    34.8384    34.8364    298.452    295.662    -0.1315     4.6287     0.0851     0.0851     0.0518     0.0197      31610    21.9509     100.00     2.0936     1.8590         12 0.0000e+00
   1006.729   80.19542  144.83977   1020.000    -0.2515    -0.2517  29.158400  29.156753    34.8383    34.8364    298.436    295.451    -0.1305     4.6286     0.0855     0.0855     0.0518     0.0198      31636    21.9690     100.00     2.0932     1.8578         15 0.0000e+00
   1007.714   80.19542  144.83975   1021.000    -0.2526    -0.2528  29.157967  29.156243    34.8385    34.8363    298.307    295.439    -0.1295     4.6279     0.0863     0.0863     0.0524     0.0198      31663    21.9875     100.00     2.0922     1.8575         17 0.0000e+00
   1008.698   80.19542  144.83974   1022.000    -0.2530    -0.2531  29.158096  29.156523    34.8384    34.8365    298.377    295.372    -0.1439     4.6278     0.0858     0.0858     0.0525     0.0192      31689    22.0056     100.00     2.0924     1.8570         15 0.0000e+00
   1009.683   80.19543  144.83973   1023.000    -0.2530    -0.2531  29.158761  29.157126    34.8387    34.8367    298.464    296.068    -0.1548     4.6276     0.0854     0.0854     0.0527     0.0188      31714    22.0232     100.00     2.0926     1.8600         15 0.0000e+00
   1010.667   80.19544  144.83971   1024.000    -0.2522    -0.2522  29.160111  29.158585    34.8390    34.8370    298.372    295.647    -0.1466     4.6274     0.0861     0.0861     0.0529     0.0191      31739    22.0402     100.00     2.0920     1.8579         15 0.0000e+00
   1011.652   80.19544  144.83969   1025.000    -0.2496    -0.2498  29.162947  29.161344    34.8392    34.8373    298.302    295.833    -0.1540     4.6278     0.0861     0.0861     0.0525     0.0188      31764    22.0574     100.00     2.0915     1.8587         16 0.0000e+00
   1012.637   80.19544  144.83967   1026.000    -0.2497    -0.2497  29.163475  29.161879    34.8395    34.8375    298.291    295.723    -0.1338     4.6275     0.0858     0.0858     0.0528     0.0196      31789    22.0752     100.00     2.0912     1.8580         16 0.0000e+00
   1013.621   80.19544  144.83965   1027.000    -0.2492    -0.2493  29.164343  29.162802    34.8395    34.8375    298.245    295.902    -0.1585     4.6272     0.0859     0.0859     0.0531     0.0186      31816    22.0934     100.00     2.0908     1.8587         18 0.0000e+00
   1014.606   80.19544  144.83962   1028.000    -0.2490    -0.2491  29.164984  29.163525    34.8396    34.8378    298.363    296.056    -0.1296     4.6271     0.0842     0.0842     0.0532     0.0198      31842    22.1117     100.00     2.0912     1.8593         14 0.0000e+00
   1015.590   80.19544  144.83960   1029.000    -0.2490    -0.2491  29.165564  29.163985    34.8397    34.8378    298.560    295.761    -0.1405     4.6274     0.0848     0.0848     0.0529     0.0194      31867    22.1295     100.00     2.0921     1.8577         15 0.0000e+00
   1016.575   80.19544  144.83958   1030.000    -0.2490    -0.2490  29.166124  29.164605    34.8399    34.8379    298.723    295.477    -0.1668     4.6272     0.0868     0.0868     0.0531     0.0183      31892    22.1468     100.00     2.0928     1.8563         13 0.0000e+00
   1017.559   80.19544  144.83958   1031.000    -0.2483    -0.2484  29.167324  29.165680    34.8402    34.8381    298.721    296.134    -0.1303     4.6275     0.0855     0.0855     0.0528     0.0198      31917    22.1639     100.00     2.0925     1.8591         16 0.0000e+00
   1018.544   80.19544  144.83956   1032.000    -0.2476    -0.2477  29.168394  29.166861    34.8402    34.8383    298.646    295.721    -0.1509     4.6275     0.0855     0.0855     0.0528     0.0189      31942    22.1813     100.00     2.0920     1.8571         16 0.0000e+00
   1019.528   80.19544  144.83954   1033.000    -0.2473    -0.2475  29.169260  29.167598    34.8404    34.8384    298.577    295.994    -0.1697     4.6276     0.0843     0.0843     0.0527     0.0182      31968    22.1992     100.00     2.0914     1.8581         14 0.0000e+00
   1020.513   80.19544  144.83952   1034.000    -0.2471    -0.2473  29.169940  29.168171    34.8406    34.8384    298.474    295.969    -0.1445     4.6274     0.0853     0.0853     0.0529     0.0192      31994    22.2172     100.00     2.0906     1.8579         12 0.0000e+00
   1021.497   80.19544  144.83949   1035.000    -0.2473    -0.2474  29.170337  29.168649    34.8407    34.8385    298.363    295.993    -0.1566     4.6269     0.0855     0.0855     0.0533     0.0187      32020    22.2353     100.00     2.0898     1.8578         12 0.0000e+00
   1022.482   80.19544  144.83947   1036.000    -0.2471    -0.2473  29.171040  29.169407    34.8409    34.8389    298.415    295.043    -0.1347     4.6273     0.0855     0.0855     0.0530     0.0196      32045    22.2531     100.00     2.0899     1.8533         15 0.0000e+00
   1023.466   80.19544  144.83945   1037.000    -0.2469    -0.2471  29.171638  29.169987    34.8409    34.8388    298.429    295.784    -0.1342     4.6272     0.0862     0.0862     0.0530     0.0196      32070    22.2703     100.00     2.0898     1.8565         13 0.0000e+00
   1024.451   80.19545  144.83944   1038.000    -0.2477    -0.2479  29.171556  29.169900    34.8411    34.8391    298.237    296.339    -0.1593     4.6268     0.0867     0.0867     0.0534     0.0186      32095    22.2876     100.00     2.0885     1.8588         13 0.0000e+00
   1025.436   80.19546  144.83943   1039.000    -0.2490    -0.2491  29.170844  29.169170    34.8410    34.8390    298.265    295.622    -0.1330     4.6273     0.0860     0.0860     0.0530     0.0197      32121    22.3053     100.00     2.0884     1.8553         13 0.0000e+00
   1026.420   80.19546  144.83941   1040.000    -0.2513    -0.2514  29.169163  29.167581    34.8409    34.8389    298.357    295.435    -0.1450     4.6274     0.0858     0.0858     0.0529     0.0192      32147    22.3234     100.00     2.0886     1.8542         14 0.0000e+00
   1027.405   80.19546  144.83939   1041.000    -0.2508    -0.2509  29.170209  29.168652    34.8411    34.8391    298.436    295.757    -0.1447     4.6261     0.0862     0.0862     0.0541     0.0192      32173    22.3416     100.00     2.0888     1.8555         15 0.0000e+00
   1028.389   80.19546  144.83936   1042.000    -0.2494    -0.2494  29.172043  29.170512    34.8413    34.8393    298.370    296.024    -0.1346     4.6255     0.0849     0.0849     0.0545     0.0196      32199    22.3595     100.00     2.0883     1.8566         17 0.0000e+00
   1029.374   80.19546  144.83934   1043.000    -0.2490    -0.2491  29.173125  29.171390    34.8417    34.8395    298.424    295.578    -0.1300     4.6265     0.0842     0.0842     0.0537     0.0198      32224    22.3768     100.00     2.0884     1.8545         15 0.0000e+00
   1030.358   80.19546  144.83932   1044.000    -0.2490    -0.2492  29.173644  29.172057    34.8419    34.8399    298.447    295.380    -0.1331     4.6264     0.0855     0.0855     0.0538     0.0196      32248    22.3941     100.00     2.0883     1.8534         17 0.0000e+00
   1031.342   80.19546  144.83930   1045.000    -0.2492    -0.2492  29.174125  29.172452    34.8421    34.8400    298.447    295.067    -0.1253     4.6266     0.0842     0.0842     0.0536     0.0200      32274    22.4115     100.00     2.0881     1.8518         16 0.0000e+00
   1032.327   80.19546  144.83928   1046.000    -0.2493    -0.2493  29.174527  29.172821    34.8422    34.8400    298.533    295.420    -0.1331     4.6266     0.0841     0.0841     0.0536     0.0196      32300    22.4295     100.00     2.0884     1.8532         16 0.0000e+00
