Continuous CTD Data/SBE Stage/nabos_30_01avg.cnv
* Sea-Bird SBE 9 Data File:
* FileName = D:\CTD\data\HLY2502\raw\NABOS_30_01.hex
* Software Version Seasave V 7.26.7.110
* Temperature SN = 6954
* Conductivity SN = 2561
* Number of Bytes Per Scan = 37
* Number of Voltage Words = 4
* Number of Scans Averaged by the Deck Unit = 1
* NMEA Latitude = 80 25.03 N
* NMEA Longitude = 147 31.64 E
* NMEA UTC (Time) = Sep 22 2025  11:40:31
* NMEA baud rate = 9600
** Ship: USCG HEALY
** Bot. Depth:  1812
** Cast Number:  01
** Station Name:  NABOS
** Station Number:  30
** Operator:  STARC
# nquan = 25
# nvalues = 1833                        
# units = specified
# name 0 = depSM: Depth [salt water, m]
# name 1 = latitude: Latitude [deg]
# name 2 = longitude: Longitude [deg]
# name 3 = prDM: Pressure, Digiquartz [db]
# name 4 = t090C: Temperature [ITS-90, deg C]
# name 5 = t190C: Temperature, 2 [ITS-90, deg C]
# name 6 = c0mS/cm: Conductivity [mS/cm]
# name 7 = c1mS/cm: Conductivity, 2 [mS/cm]
# name 8 = sal00: Salinity, Practical [PSU]
# name 9 = sal11: Salinity, Practical, 2 [PSU]
# name 10 = sbox0Mm/Kg: Oxygen, SBE 43 [umol/kg]
# name 11 = sbox1Mm/Kg: Oxygen, SBE 43, 2 [umol/kg]
# name 12 = flECO-AFL: Fluorescence, WET Labs ECO-AFL/FL [mg/m^3]
# name 13 = v2: Voltage 2
# name 14 = wetCDOM: Fluorescence, WET Labs CDOM [mg/m^3]
# name 15 = v6: Voltage 6
# name 16 = CStarAt0: Beam Attenuation, WET Labs C-Star [1/m]
# name 17 = v3: Voltage 3
# name 18 = scan: Scan Count
# name 19 = timeM: Time, Elapsed [minutes]
# name 20 = altM: Altimeter [m]
# name 21 = sbeox0V: Oxygen raw, SBE 43 [V]
# name 22 = sbeox1V: Oxygen raw, SBE 43, 2 [V]
# name 23 = nbin: number of scans per bin
# name 24 = flag: flag
# span 0 =      2.968,   1807.622       
# span 1 =   80.41720,   80.41773       
# span 2 =  147.48959,  147.52522       
# span 3 =      3.000,   1835.000       
# span 4 =    -1.7525,     1.2343       
# span 5 =    -1.7523,     1.2342       
# span 6 =  22.850343,  30.076715       
# span 7 =  22.849380,  30.074599       
# span 8 =    28.2910,    34.9497       
# span 9 =    28.2881,    34.9473       
# span 10 =    268.377,    371.575      
# span 11 =    251.137,    365.276      
# span 12 =    -0.1854,     0.6332      
# span 13 =     4.5101,     4.6381      
# span 14 =     0.0805,     0.1446      
# span 15 =     0.0805,     0.1446      
# span 16 =     0.0436,     0.1557      
# span 17 =     0.0176,     0.0504      
# span 18 =       3249,      58719      
# span 19 =     2.2553,    40.7765      
# span 20 =       5.89,     100.00      
# span 21 =     1.7806,     2.6091      
# span 22 =     1.5427,     2.2779      
# span 23 =         10,         27      
# span 24 = 0.0000e+00, 0.0000e+00      
# interval = decibars: 1                
# start_time = Sep 22 2025 11:40:31 [NMEA time, header]
# bad_flag = -9.990e-29
*END*
[from data line 1102]
   1090.395   80.41738  147.50475   1105.000    -0.2858    -0.2859  29.164851  29.162758    34.8369    34.8342    298.147    298.860    -0.1366     4.6325     0.0839     0.0839     0.0485     0.0195      33832    23.4938     100.00     2.0722     1.8567         12 0.0000e+00
   1091.379   80.41738  147.50474   1106.000    -0.2858    -0.2859  29.165330  29.163268    34.8370    34.8344    298.102    292.570    -0.1326     4.6336     0.0837     0.0837     0.0475     0.0197      33857    23.5108     100.00     2.0717     1.8284         15 0.0000e+00
   1092.363   80.41738  147.50473   1107.000    -0.2857    -0.2858  29.165942  29.163784    34.8371    34.8343    298.093    291.013    -0.1255     4.6339     0.0824     0.0824     0.0472     0.0200      33881    23.5279     100.00     2.0715     1.8213         14 0.0000e+00
   1093.348   80.41738  147.50470   1108.000    -0.2856    -0.2856  29.166576  29.164423    34.8372    34.8344    298.198    290.518    -0.1371     4.6334     0.0828     0.0828     0.0476     0.0195      33906    23.5448     100.00     2.0718     1.8189         15 0.0000e+00
   1094.332   80.41738  147.50468   1109.000    -0.2850    -0.2850  29.167628  29.165596    34.8374    34.8347    298.218    296.997    -0.1455     4.6334     0.0835     0.0835     0.0476     0.0192      33930    23.5618     100.00     2.0718     1.8477         14 0.0000e+00
   1095.316   80.41738  147.50468   1110.000    -0.2844    -0.2845  29.168818  29.166684    34.8377    34.8349    298.187    292.097    -0.1688     4.6337     0.0837     0.0837     0.0474     0.0182      33955    23.5788     100.00     2.0714     1.8257         13 0.0000e+00
   1096.300   80.41738  147.50466   1111.000    -0.2843    -0.2844  29.169335  29.167306    34.8377    34.8351    298.205    294.530    -0.1500     4.6337     0.0845     0.0845     0.0474     0.0190      33979    23.5958     100.00     2.0713     1.8364         12 0.0000e+00
   1097.284   80.41738  147.50464   1112.000    -0.2838    -0.2839  29.170313  29.168238    34.8379    34.8352    298.167    293.596    -0.1508     4.6334     0.0848     0.0848     0.0477     0.0189      34004    23.6130     100.00     2.0709     1.8321         13 0.0000e+00
   1098.268   80.41738  147.50462   1113.000    -0.2832    -0.2832  29.171448  29.169376    34.8381    34.8353    298.018    292.218    -0.1729     4.6337     0.0847     0.0847     0.0474     0.0181      34028    23.6296     100.00     2.0700     1.8257         13 0.0000e+00
   1099.253   80.41738  147.50462   1114.000    -0.2820    -0.2820  29.173220  29.171108    34.8385    34.8357    297.890    295.286    -0.1452     4.6328     0.0844     0.0844     0.0482     0.0192      34052    23.6468     100.00     2.0692     1.8394         13 0.0000e+00
   1100.237   80.41738  147.50460   1115.000    -0.2800    -0.2800  29.175668  29.173538    34.8389    34.8361    297.770    289.652    -0.1339     4.6337     0.0829     0.0829     0.0474     0.0196      34077    23.6637     100.00     2.0684     1.8140         13 0.0000e+00
   1101.221   80.41738  147.50458   1116.000    -0.2751    -0.2750  29.180650  29.178649    34.8395    34.8366    297.694    289.280    -0.1328     4.6333     0.0840     0.0840     0.0477     0.0197      34102    23.6810     100.00     2.0680     1.8124         16 0.0000e+00
   1102.205   80.41738  147.50456   1117.000    -0.2739    -0.2739  29.182293  29.180145    34.8397    34.8368    297.725    290.651    -0.1678     4.6334     0.0849     0.0849     0.0476     0.0183      34126    23.6978     100.00     2.0680     1.8184         14 0.0000e+00
   1103.189   80.41738  147.50456   1118.000    -0.2738    -0.2736  29.182976  29.181047    34.8398    34.8371    297.781    295.261    -0.1649     4.6338     0.0838     0.0838     0.0473     0.0184      34150    23.7149     100.00     2.0681     1.8389         14 0.0000e+00
   1104.173   80.41738  147.50454   1119.000    -0.2731    -0.2730  29.184148  29.182147    34.8400    34.8373    297.724    288.900    -0.1371     4.6327     0.0837     0.0837     0.0483     0.0195      34175    23.7317     100.00     2.0677     1.8103         11 0.0000e+00
   1105.157   80.41738  147.50452   1120.000    -0.2732    -0.2734  29.184696  29.182412    34.8403    34.8375    297.790    293.244    -0.1389     4.6336     0.0844     0.0844     0.0475     0.0194      34199    23.7487     100.00     2.0678     1.8295         14 0.0000e+00
   1106.141   80.41738  147.50450   1121.000    -0.2727    -0.2731  29.185608  29.183410    34.8405    34.8379    297.770    297.730    -0.1581     4.6333     0.0839     0.0839     0.0477     0.0187      34224    23.7657     100.00     2.0675     1.8494         13 0.0000e+00
   1107.126   80.41738  147.50450   1122.000    -0.2712    -0.2712  29.187531  29.185519    34.8407    34.8380    297.780    296.741    -0.1376     4.6332     0.0830     0.0830     0.0478     0.0195      34248    23.7828     100.00     2.0674     1.8449         13 0.0000e+00
   1108.110   80.41738  147.50448   1123.000    -0.2674    -0.2674  29.191619  29.189484    34.8412    34.8384    297.808    292.072    -0.1496     4.6333     0.0844     0.0844     0.0478     0.0190      34273    23.7998     100.00     2.0676     1.8240         14 0.0000e+00
   1109.094   80.41738  147.50446   1124.000    -0.2634    -0.2634  29.195787  29.193702    34.8417    34.8389    297.860    293.142    -0.1507     4.6331     0.0857     0.0857     0.0479     0.0190      34297    23.8169     100.00     2.0678     1.8288         13 0.0000e+00
   1110.078   80.41738  147.50444   1125.000    -0.2623    -0.2623  29.197405  29.195236    34.8420    34.8392    297.820    295.703    -0.1344     4.6326     0.0836     0.0836     0.0484     0.0196      34322    23.8339     100.00     2.0674     1.8401         16 0.0000e+00
   1111.062   80.41738  147.50444   1126.000    -0.2626    -0.2626  29.197664  29.195574    34.8421    34.8394    297.764    293.197    -0.1321     4.6329     0.0839     0.0839     0.0481     0.0197      34346    23.8508     100.00     2.0669     1.8287         14 0.0000e+00
   1112.046   80.41738  147.50442   1127.000    -0.2631    -0.2632  29.197737  29.195649    34.8423    34.8396    297.705    292.994    -0.1286     4.6333     0.0836     0.0836     0.0478     0.0198      34371    23.8679     100.00     2.0664     1.8276         15 0.0000e+00
   1113.030   80.41738  147.50440   1128.000    -0.2632    -0.2632  29.198316  29.196207    34.8425    34.8397    297.660    292.940    -0.1686     4.6335     0.0840     0.0840     0.0476     0.0182      34395    23.8849     100.00     2.0660     1.8272         14 0.0000e+00
   1114.014   80.41739  147.50438   1129.000    -0.2615    -0.2615  29.200506  29.198424    34.8429    34.8402    297.599    290.281    -0.1724     4.6332     0.0840     0.0840     0.0479     0.0181      34420    23.9020     100.00     2.0655     1.8152         17 0.0000e+00
   1114.998   80.41740  147.50438   1130.000    -0.2609    -0.2610  29.201564  29.199439    34.8431    34.8403    297.534    289.180    -0.1690     4.6331     0.0837     0.0837     0.0480     0.0182      34444    23.9189     100.00     2.0650     1.8102         15 0.0000e+00
   1115.982   80.41740  147.50436   1131.000    -0.2604    -0.2605  29.202611  29.200574    34.8433    34.8407    297.474    292.431    -0.1631     4.6326     0.0836     0.0836     0.0484     0.0185      34469    23.9360     100.00     2.0645     1.8245         16 0.0000e+00
   1116.966   80.41740  147.50433   1132.000    -0.2598    -0.2598  29.203735  29.201657    34.8436    34.8409    297.500    293.386    -0.1294     4.6327     0.0832     0.0832     0.0483     0.0198      34493    23.9527     100.00     2.0645     1.8286         14 0.0000e+00
   1117.950   80.41740  147.50432   1133.000    -0.2589    -0.2590  29.205045  29.202854    34.8437    34.8409    297.513    296.387    -0.1349     4.6328     0.0849     0.0849     0.0482     0.0196      34518    23.9701     100.00     2.0644     1.8419         17 0.0000e+00
   1118.934   80.41740  147.50431   1134.000    -0.2575    -0.2575  29.206871  29.204625    34.8439    34.8410    297.452    289.552    -0.1347     4.6326     0.0847     0.0847     0.0484     0.0196      34542    23.9870     100.00     2.0639     1.8113         16 0.0000e+00
   1119.919   80.41740  147.50429   1135.000    -0.2574    -0.2574  29.207463  29.205361    34.8440    34.8413    297.331    292.572    -0.1578     4.6333     0.0835     0.0835     0.0478     0.0187      34567    24.0040     100.00     2.0630     1.8246         16 0.0000e+00
   1120.903   80.41740  147.50427   1136.000    -0.2572    -0.2573  29.208161  29.206008    34.8442    34.8414    297.311    292.235    -0.1495     4.6332     0.0829     0.0829     0.0479     0.0190      34591    24.0212     100.00     2.0628     1.8229         19 0.0000e+00
   1121.887   80.41740  147.50426   1137.000    -0.2572    -0.2571  29.208763  29.206708    34.8444    34.8416    297.237    294.437    -0.1551     4.6334     0.0849     0.0849     0.0477     0.0188      34616    24.0382     100.00     2.0621     1.8326         15 0.0000e+00
   1122.871   80.41740  147.50425   1138.000    -0.2557    -0.2557  29.210848  29.208725    34.8449    34.8421    297.130    293.657    -0.1519     4.6319     0.0842     0.0842     0.0491     0.0189      34640    24.0551     100.00     2.0614     1.8290         18 0.0000e+00
   1123.855   80.41740  147.50423   1139.000    -0.2553    -0.2554  29.211655  29.209565    34.8450    34.8423    297.105    294.132    -0.1672     4.6321     0.0831     0.0831     0.0489     0.0183      34665    24.0722     100.00     2.0611     1.8310         17 0.0000e+00
   1124.839   80.41740  147.50421   1140.000    -0.2555    -0.2557  29.211866  29.209765    34.8449    34.8423    297.087    296.113    -0.1709     4.6324     0.0834     0.0834     0.0486     0.0181      34689    24.0891     100.00     2.0608     1.8396         15 0.0000e+00
   1125.823   80.41740  147.50420   1141.000    -0.2559    -0.2559  29.212161  29.210171    34.8451    34.8425    297.143    293.629    -0.1362     4.6325     0.0833     0.0833     0.0485     0.0195      34714    24.1062     100.00     2.0609     1.8284         19 0.0000e+00
   1126.807   80.41740  147.50419   1142.000    -0.2551    -0.2552  29.213463  29.211257    34.8454    34.8426    297.196    294.968    -0.1383     4.6325     0.0830     0.0830     0.0485     0.0194      34739    24.1234     100.00     2.0610     1.8342         21 0.0000e+00
   1127.791   80.41740  147.50417   1143.000    -0.2537    -0.2538  29.215287  29.213085    34.8456    34.8429    297.207    290.498    -0.1692     4.6327     0.0840     0.0840     0.0483     0.0182      34763    24.1402     100.00     2.0609     1.8141         18 0.0000e+00
   1128.775   80.41740  147.50415   1144.000    -0.2529    -0.2530  29.216531  29.214537    34.8458    34.8433    297.185    292.042    -0.1348     4.6326     0.0852     0.0852     0.0484     0.0196      34787    24.1571     100.00     2.0606     1.8209         16 0.0000e+00
   1129.759   80.41740  147.50414   1145.000    -0.2524    -0.2524  29.217487  29.215312    34.8460    34.8432    297.115    292.198    -0.1366     4.6324     0.0861     0.0861     0.0486     0.0195      34812    24.1742     100.00     2.0601     1.8214         17 0.0000e+00
   1130.743   80.41740  147.50413   1146.000    -0.2510    -0.2511  29.219274  29.217186    34.8462    34.8435    297.051    295.034    -0.1487     4.6325     0.0839     0.0839     0.0485     0.0190      34836    24.1911     100.00     2.0596     1.8340         15 0.0000e+00
   1131.727   80.41740  147.50411   1147.000    -0.2496    -0.2496  29.221151  29.219053    34.8465    34.8437    297.003    293.865    -0.1669     4.6318     0.0838     0.0838     0.0492     0.0183      34861    24.2082     100.00     2.0592     1.8286         16 0.0000e+00
   1132.711   80.41740  147.50409   1148.000    -0.2485    -0.2486  29.222639  29.220410    34.8467    34.8439    297.000    291.076    -0.1749     4.6324     0.0844     0.0844     0.0486     0.0180      34886    24.2254     100.00     2.0590     1.8161         15 0.0000e+00
   1133.695   80.41740  147.50408   1149.000    -0.2484    -0.2484  29.223280  29.221157    34.8468    34.8440    296.902    291.134    -0.1735     4.6326     0.0843     0.0843     0.0484     0.0180      34910    24.2425     100.00     2.0583     1.8162         19 0.0000e+00
   1134.679   80.41740  147.50407   1150.000    -0.2507    -0.2508  29.221945  29.219883    34.8471    34.8444    296.915    287.888    -0.1671     4.6326     0.0844     0.0844     0.0484     0.0183      34935    24.2594     100.00     2.0581     1.8014         17 0.0000e+00
   1135.663   80.41740  147.50405   1151.000    -0.2497    -0.2497  29.223641  29.221525    34.8476    34.8449    296.920    288.121    -0.1740     4.6324     0.0844     0.0844     0.0486     0.0180      34959    24.2766     100.00     2.0579     1.8024         18 0.0000e+00
   1136.647   80.41740  147.50403   1152.000    -0.2487    -0.2488  29.225103  29.222994    34.8479    34.8452    296.912    294.512    -0.1752     4.6290     0.0839     0.0839     0.0515     0.0180      34984    24.2935     100.00     2.0577     1.8307         15 0.0000e+00
   1137.631   80.41740  147.50402   1153.000    -0.2485    -0.2485  29.225889  29.223807    34.8481    34.8454    296.842    298.422    -0.1380     4.6327     0.0835     0.0835     0.0483     0.0194      35008    24.3106     100.00     2.0572     1.8479         16 0.0000e+00
   1138.615   80.41740  147.50401   1154.000    -0.2481    -0.2481  29.226759  29.224668    34.8482    34.8455    296.846    295.016    -0.1366     4.6329     0.0830     0.0830     0.0481     0.0195      35032    24.3274     100.00     2.0570     1.8326         12 0.0000e+00
   1139.599   80.41740  147.50398   1155.000    -0.2466    -0.2467  29.228758  29.226601    34.8486    34.8458    296.764    294.475    -0.1453     4.6315     0.0847     0.0847     0.0494     0.0192      35057    24.3447     100.00     2.0565     1.8301         17 0.0000e+00
   1140.583   80.41740  147.50396   1156.000    -0.2449    -0.2450  29.230860  29.228680    34.8489    34.8461    296.780    294.047    -0.1589     4.6324     0.0850     0.0850     0.0486     0.0186      35082    24.3617     100.00     2.0564     1.8281         16 0.0000e+00
   1141.566   80.41740  147.50396   1157.000    -0.2423    -0.2424  29.233931  29.231761    34.8494    34.8467    296.699    284.655    -0.1353     4.6325     0.0831     0.0831     0.0485     0.0196      35106    24.3786     100.00     2.0559     1.7862         14 0.0000e+00
   1142.550   80.41740  147.50394   1158.000    -0.2415    -0.2415  29.235075  29.233072    34.8495    34.8469    296.741    283.467    -0.1492     4.6325     0.0845     0.0845     0.0485     0.0190      35131    24.3957     100.00     2.0560     1.7808         16 0.0000e+00
   1143.534   80.41740  147.50392   1159.000    -0.2407    -0.2407  29.236511  29.234419    34.8499    34.8472    296.600    293.748    -0.1812     4.6317     0.0829     0.0829     0.0493     0.0177      35155    24.4126     100.00     2.0551     1.8264         14 0.0000e+00
   1144.518   80.41740  147.50390   1160.000    -0.2388    -0.2387  29.238927  29.236906    34.8503    34.8477    296.467    291.000    -0.1715     4.6320     0.0825     0.0825     0.0490     0.0181      35180    24.4296     100.00     2.0543     1.8141         14 0.0000e+00
   1145.502   80.41740  147.50390   1161.000    -0.2379    -0.2379  29.240380  29.238249    34.8508    34.8479    296.253    291.059    -0.1467     4.6322     0.0845     0.0845     0.0488     0.0191      35204    24.4467     100.00     2.0530     1.8142         15 0.0000e+00
