Continuous CTD Data/SBE Stage/nabos_29_01avg.cnv
* Sea-Bird SBE 9 Data File:
* FileName = D:\CTD\data\HLY2502\raw\NABOS_29_01.hex
* Software Version Seasave V 7.26.7.110
* Temperature SN = 6954
* Conductivity SN = 2561
* Number of Bytes Per Scan = 37
* Number of Voltage Words = 4
* Number of Scans Averaged by the Deck Unit = 1
* NMEA Latitude = 80 31.69 N
* NMEA Longitude = 150 58.43 E
* NMEA UTC (Time) = Sep 22 2025  04:33:58
* NMEA baud rate = 9600
** Ship: USCG HEALY
** Bot. Depth:  2015
** Cast Number:  01
** Station Name:  NABOS
** Station Number:  29
** Operator:  STARC
# nquan = 25
# nvalues = 1214                        
# units = specified
# name 0 = depSM: Depth [salt water, m]
# name 1 = latitude: Latitude [deg]
# name 2 = longitude: Longitude [deg]
# name 3 = prDM: Pressure, Digiquartz [db]
# name 4 = t090C: Temperature [ITS-90, deg C]
# name 5 = t190C: Temperature, 2 [ITS-90, deg C]
# name 6 = c0mS/cm: Conductivity [mS/cm]
# name 7 = c1mS/cm: Conductivity, 2 [mS/cm]
# name 8 = sal00: Salinity, Practical [PSU]
# name 9 = sal11: Salinity, Practical, 2 [PSU]
# name 10 = sbox0Mm/Kg: Oxygen, SBE 43 [umol/kg]
# name 11 = sbox1Mm/Kg: Oxygen, SBE 43, 2 [umol/kg]
# name 12 = flECO-AFL: Fluorescence, WET Labs ECO-AFL/FL [mg/m^3]
# name 13 = v2: Voltage 2
# name 14 = wetCDOM: Fluorescence, WET Labs CDOM [mg/m^3]
# name 15 = v6: Voltage 6
# name 16 = CStarAt0: Beam Attenuation, WET Labs C-Star [1/m]
# name 17 = v3: Voltage 3
# name 18 = scan: Scan Count
# name 19 = timeM: Time, Elapsed [minutes]
# name 20 = altM: Altimeter [m]
# name 21 = sbeox0V: Oxygen raw, SBE 43 [V]
# name 22 = sbeox1V: Oxygen raw, SBE 43, 2 [V]
# name 23 = nbin: number of scans per bin
# name 24 = flag: flag
# span 0 =      3.957,   1200.591       
# span 1 =   80.52622,   80.52796       
# span 2 =  150.97468,  150.98498       
# span 3 =      4.000,   1217.000       
# span 4 =    -1.7269,     0.9737       
# span 5 =    -1.7266,     0.9736       
# span 6 =  23.231321,  29.828720       
# span 7 =  23.227365,  29.826355       
# span 8 =    28.8435,    34.8676       
# span 9 =    28.8356,    34.8653       
# span 10 =    291.292,    373.447      
# span 11 =    270.770,    365.697      
# span 12 =    -0.1830,     0.4299      
# span 13 =     4.4876,     4.6392      
# span 14 =     0.0805,     0.1540      
# span 15 =     0.0805,     0.1540      
# span 16 =     0.0427,     0.1757      
# span 17 =     0.0177,     0.0422      
# span 18 =       3693,      38690      
# span 19 =     2.5636,    26.8672      
# span 20 =      51.35,     100.00      
# span 21 =     2.0145,     2.6175      
# span 22 =     1.7248,     2.2772      
# span 23 =          6,         28      
# span 24 = 0.0000e+00, 0.0000e+00      
# interval = decibars: 1                
# start_time = Sep 22 2025 04:33:58 [NMEA time, header]
# bad_flag = -9.990e-29
*END*
[from data line 406]
    405.253   80.52738  150.97845    410.000     0.5391     0.5387  29.543198  29.540800    34.8081    34.8054    298.200    292.933    -0.1345     4.6310     0.0829     0.0829     0.0498     0.0196      16600    11.5270     100.00     2.2660     1.9908         14 0.0000e+00
    406.241   80.52738  150.97846    411.000     0.5423     0.5421  29.546470  29.544508    34.8082    34.8058    298.264    292.357    -0.1347     4.6319     0.0830     0.0830     0.0490     0.0196      16625    11.5446     100.00     2.2663     1.9879         16 0.0000e+00
    407.228   80.52738  150.97846    412.000     0.5434     0.5433  29.547925  29.546094    34.8083    34.8059    298.307    292.607    -0.1688     4.6317     0.0830     0.0830     0.0493     0.0182      16651    11.5622     100.00     2.2664     1.9890         20 0.0000e+00
    408.216   80.52738  150.97847    413.000     0.5433     0.5435  29.548397  29.546598    34.8083    34.8058    298.311    292.628    -0.1689     4.6313     0.0825     0.0825     0.0496     0.0182      16675    11.5795     100.00     2.2662     1.9890         17 0.0000e+00
    409.203   80.52738  150.97848    414.000     0.5402     0.5401  29.545923  29.543956    34.8081    34.8056    298.428    292.706    -0.1518     4.6314     0.0825     0.0825     0.0495     0.0189      16701    11.5970     100.00     2.2665     1.9890         16 0.0000e+00
    410.191   80.52738  150.97848    415.000     0.5340     0.5333  29.540649  29.538195    34.8076    34.8051    298.551    292.718    -0.1476     4.6321     0.0841     0.0841     0.0488     0.0191      16726    11.6146     100.00     2.2666     1.9886         16 0.0000e+00
    411.178   80.52738  150.97849    416.000     0.5169     0.5165  29.526142  29.523949    34.8072    34.8048    298.706    292.741    -0.1532     4.6319     0.0826     0.0826     0.0490     0.0188      16751    11.6318     100.00     2.2664     1.9878         15 0.0000e+00
    412.165   80.52737  150.97850    417.000     0.5079     0.5077  29.518515  29.516258    34.8068    34.8041    298.638    292.648    -0.1563     4.6319     0.0810     0.0810     0.0491     0.0187      16776    11.6496     100.00     2.2654     1.9867         17 0.0000e+00
    413.153   80.52736  150.97850    418.000     0.4959     0.4960  29.508152  29.506449    34.8062    34.8038    298.605    293.078    -0.1427     4.6320     0.0840     0.0840     0.0489     0.0193      16802    11.6671     100.00     2.2643     1.9882         16 0.0000e+00
    414.140   80.52736  150.97851    419.000     0.4931     0.4931  29.506381  29.504395    34.8064    34.8038    298.576    293.234    -0.1702     4.6311     0.0830     0.0830     0.0497     0.0182      16826    11.6843     100.00     2.2638     1.9887         12 0.0000e+00
    415.128   80.52736  150.97852    420.000     0.4958     0.4957  29.509132  29.507134    34.8064    34.8039    298.472    293.148    -0.1409     4.6308     0.0839     0.0839     0.0500     0.0193      16852    11.7020     100.00     2.2631     1.9881         13 0.0000e+00
    416.115   80.52736  150.97853    421.000     0.4972     0.4967  29.510924  29.508501    34.8065    34.8040    298.443    292.867    -0.1661     4.6312     0.0840     0.0840     0.0497     0.0183      16877    11.7196     100.00     2.2627     1.9866         17 0.0000e+00
    417.102   80.52736  150.97854    422.000     0.5022     0.5021  29.515876  29.513930    34.8068    34.8044    298.343    292.522    -0.1595     4.6312     0.0833     0.0833     0.0497     0.0186      16902    11.7368     100.00     2.2621     1.9849         12 0.0000e+00
    418.090   80.52736  150.97854    423.000     0.5049     0.5048  29.518909  29.516867    34.8072    34.8046    298.351    293.097    -0.1606     4.6313     0.0830     0.0830     0.0496     0.0186      16927    11.7544     100.00     2.2621     1.9877         14 0.0000e+00
    419.077   80.52736  150.97856    424.000     0.5059     0.5059  29.520335  29.518425    34.8072    34.8048    298.396    292.524    -0.1692     4.6307     0.0837     0.0837     0.0501     0.0182      16953    11.7721     100.00     2.2622     1.9847         14 0.0000e+00
    420.065   80.52736  150.97856    425.000     0.4976     0.4972  29.513299  29.510884    34.8069    34.8042    298.615    292.944    -0.1752     4.6304     0.0830     0.0830     0.0503     0.0180      16978    11.7894     100.00     2.2628     1.9862         15 0.0000e+00
    421.052   80.52736  150.97856    426.000     0.4881     0.4880  29.505407  29.503404    34.8066    34.8042    298.619    292.764    -0.1672     4.6304     0.0817     0.0817     0.0503     0.0183      17002    11.8063     100.00     2.2622     1.9847          9 0.0000e+00
    422.039   80.52736  150.97858    427.000     0.4796     0.4799  29.498256  29.496588    34.8063    34.8038    298.594    292.972    -0.1373     4.6312     0.0831     0.0831     0.0497     0.0195      17028    11.8245     100.00     2.2613     1.9852         13 0.0000e+00
    423.027   80.52736  150.97858    428.000     0.4654     0.4654  29.486635  29.484771    34.8065    34.8040    298.670    293.535    -0.1676     4.6312     0.0848     0.0848     0.0497     0.0183      17054    11.8420     100.00     2.2608     1.9873         14 0.0000e+00
    424.014   80.52736  150.97858    429.000     0.4627     0.4624  29.484579  29.482350    34.8062    34.8037    298.668    293.514    -0.1430     4.6311     0.0833     0.0833     0.0498     0.0192      17079    11.8594     100.00     2.2604     1.9868         12 0.0000e+00
    425.001   80.52736  150.97860    430.000     0.4498     0.4497  29.473854  29.471761    34.8061    34.8035    298.617    293.338    -0.1594     4.6309     0.0853     0.0853     0.0499     0.0186      17104    11.8771     100.00     2.2592     1.9852         15 0.0000e+00
    425.989   80.52736  150.97860    431.000     0.4418     0.4417  29.467231  29.465339    34.8059    34.8035    298.696    293.020    -0.1330     4.6304     0.0829     0.0829     0.0503     0.0197      17129    11.8945     100.00     2.2590     1.9831         16 0.0000e+00
    426.976   80.52736  150.97861    432.000     0.4434     0.4438  29.469288  29.467872    34.8062    34.8038    298.598    293.029    -0.1323     4.6309     0.0830     0.0830     0.0499     0.0197      17154    11.9119     100.00     2.2583     1.9831         14 0.0000e+00
    427.963   80.52736  150.97862    433.000     0.4442     0.4441  29.470479  29.468535    34.8063    34.8038    298.495    293.175    -0.1585     4.6304     0.0819     0.0819     0.0503     0.0186      17180    11.9298     100.00     2.2575     1.9836         20 0.0000e+00
    428.951   80.52735  150.97862    434.000     0.4404     0.4402  29.467527  29.465516    34.8061    34.8036    298.500    292.958    -0.1718     4.6311     0.0834     0.0834     0.0497     0.0181      17204    11.9467     100.00     2.2571     1.9821         11 0.0000e+00
    429.938   80.52734  150.97863    435.000     0.4389     0.4388  29.466572  29.464668    34.8060    34.8036    298.411    293.425    -0.1674     4.6307     0.0841     0.0841     0.0500     0.0183      17230    11.9644     100.00     2.2563     1.9842         13 0.0000e+00
    430.925   80.52734  150.97864    436.000     0.4387     0.4387  29.467041  29.465123    34.8061    34.8037    298.442    293.107    -0.1708     4.6303     0.0841     0.0841     0.0503     0.0182      17255    11.9821     100.00     2.2563     1.9824         16 0.0000e+00
    431.913   80.52734  150.97864    437.000     0.4392     0.4392  29.467910  29.465960    34.8061    34.8037    298.451    292.920    -0.1696     4.6302     0.0836     0.0836     0.0504     0.0182      17280    11.9992     100.00     2.2561     1.9813         12 0.0000e+00
    432.900   80.52734  150.97865    438.000     0.4395     0.4394  29.468581  29.466688    34.8061    34.8038    298.572    293.361    -0.1338     4.6310     0.0830     0.0830     0.0498     0.0196      17305    12.0169     100.00     2.2566     1.9834         14 0.0000e+00
    433.887   80.52734  150.97866    439.000     0.4409     0.4405  29.470334  29.468122    34.8063    34.8037    298.655    293.062    -0.1512     4.6308     0.0825     0.0825     0.0500     0.0189      17331    12.0344     100.00     2.2569     1.9817         14 0.0000e+00
    434.875   80.52734  150.97867    440.000     0.4437     0.4439  29.473321  29.471558    34.8063    34.8039    298.633    292.911    -0.1528     4.6312     0.0825     0.0825     0.0497     0.0189      17356    12.0521     100.00     2.2567     1.9809         15 0.0000e+00
    435.862   80.52734  150.97868    441.000     0.4433     0.4436  29.473577  29.471925    34.8065    34.8041    298.502    292.983    -0.1648     4.6294     0.0837     0.0837     0.0512     0.0184      17381    12.0693     100.00     2.2557     1.9811         12 0.0000e+00
    436.849   80.52734  150.97868    442.000     0.4412     0.4411  29.472034  29.470029    34.8063    34.8038    298.257    293.086    -0.1539     4.6310     0.0817     0.0817     0.0498     0.0188      17406    12.0870     100.00     2.2539     1.9813         12 0.0000e+00
    437.837   80.52734  150.97870    443.000     0.4349     0.4343  29.467137  29.464861    34.8064    34.8041    298.209    292.840    -0.1289     4.6311     0.0830     0.0830     0.0497     0.0198      17431    12.1044     100.00     2.2530     1.9796         14 0.0000e+00
    438.824   80.52734  150.97870    444.000     0.4287     0.4287  29.462333  29.460421    34.8066    34.8041    298.124    293.419    -0.1642     4.6312     0.0830     0.0830     0.0497     0.0184      17457    12.1219     100.00     2.2520     1.9820         14 0.0000e+00
    439.811   80.52734  150.97870    445.000     0.4216     0.4214  29.456627  29.454565    34.8064    34.8039    298.262    292.823    -0.1610     4.6311     0.0829     0.0829     0.0497     0.0185      17482    12.1395     100.00     2.2522     1.9785         15 0.0000e+00
    440.799   80.52734  150.97872    446.000     0.4148     0.4145  29.451059  29.448977    34.8063    34.8038    298.334    292.881    -0.1356     4.6308     0.0830     0.0830     0.0499     0.0196      17507    12.1569     100.00     2.2520     1.9783         14 0.0000e+00
    441.786   80.52734  150.97872    447.000     0.4089     0.4089  29.446382  29.444390    34.8061    34.8036    298.417    293.379    -0.1600     4.6303     0.0837     0.0837     0.0504     0.0186      17532    12.1742     100.00     2.2520     1.9804         10 0.0000e+00
    442.773   80.52734  150.97872    448.000     0.4053     0.4052  29.443557  29.441653    34.8060    34.8036    298.558    293.659    -0.1342     4.6293     0.0824     0.0824     0.0513     0.0196      17557    12.1917     100.00     2.2524     1.9814         13 0.0000e+00
    443.760   80.52734  150.97874    449.000     0.4014     0.4013  29.440630  29.438620    34.8060    34.8034    298.801    293.197    -0.1302     4.6298     0.0831     0.0831     0.0508     0.0198      17582    12.2092     100.00     2.2534     1.9788         14 0.0000e+00
    444.748   80.52734  150.97874    450.000     0.3985     0.3983  29.438450  29.436586    34.8058    34.8035    298.876    292.983    -0.1506     4.6305     0.0842     0.0842     0.0502     0.0190      17608    12.2268     100.00     2.2535     1.9774         11 0.0000e+00
    445.735   80.52732  150.97874    451.000     0.3965     0.3964  29.437385  29.435358    34.8060    34.8034    298.850    293.203    -0.1750     4.6304     0.0832     0.0832     0.0503     0.0180      17633    12.2442     100.00     2.2530     1.9782         14 0.0000e+00
    446.722   80.52732  150.97876    452.000     0.3948     0.3948  29.436303  29.434288    34.8059    34.8033    298.888    292.921    -0.1705     4.6307     0.0827     0.0827     0.0501     0.0182      17658    12.2620     100.00     2.2529     1.9766         18 0.0000e+00
    447.709   80.52732  150.97876    453.000     0.3922     0.3922  29.434468  29.432545    34.8058    34.8034    298.935    293.374    -0.1692     4.6301     0.0833     0.0833     0.0505     0.0182      17683    12.2794     100.00     2.2528     1.9785         15 0.0000e+00
    448.697   80.52732  150.97877    454.000     0.3891     0.3890  29.432351  29.430426    34.8059    34.8035    298.867    293.325    -0.1411     4.6305     0.0821     0.0821     0.0502     0.0193      17709    12.2969     100.00     2.2520     1.9779         16 0.0000e+00
    449.684   80.52732  150.97878    455.000     0.3876     0.3877  29.431589  29.429679    34.8061    34.8035    298.850    292.613    -0.1750     4.6309     0.0841     0.0841     0.0499     0.0180      17733    12.3142     100.00     2.2516     1.9742         12 0.0000e+00
    450.671   80.52732  150.97879    456.000     0.3859     0.3858  29.430583  29.428671    34.8061    34.8037    298.871    293.054    -0.1627     4.6300     0.0805     0.0805     0.0506     0.0185      17759    12.3319     100.00     2.2514     1.9761         15 0.0000e+00
    451.658   80.52732  150.97880    457.000     0.3831     0.3830  29.428618  29.426611    34.8061    34.8036    298.939    293.458    -0.1295     4.6300     0.0831     0.0831     0.0506     0.0198      17784    12.3494     100.00     2.2514     1.9778         17 0.0000e+00
    452.645   80.52732  150.97880    458.000     0.3806     0.3806  29.426910  29.424979    34.8060    34.8035    298.881    293.341    -0.1510     4.6307     0.0839     0.0839     0.0501     0.0190      17809    12.3667     100.00     2.2507     1.9769         16 0.0000e+00
    453.633   80.52732  150.97881    459.000     0.3793     0.3793  29.426315  29.424393    34.8061    34.8036    298.786    293.870    -0.1462     4.6303     0.0821     0.0821     0.0503     0.0191      17834    12.3844     100.00     2.2499     1.9793         16 0.0000e+00
    454.620   80.52732  150.97882    460.000     0.3791     0.3790  29.426451  29.424507    34.8060    34.8036    298.622    293.607    -0.1346     4.6301     0.0825     0.0825     0.0505     0.0196      17860    12.4018     100.00     2.2487     1.9778         18 0.0000e+00
    455.607   80.52732  150.97882    461.000     0.3785     0.3786  29.426540  29.424653    34.8062    34.8036    298.433    292.943    -0.1642     4.6302     0.0814     0.0814     0.0505     0.0184      17885    12.4193     100.00     2.2473     1.9743         15 0.0000e+00
    456.594   80.52732  150.97884    462.000     0.3782     0.3781  29.426629  29.424736    34.8060    34.8036    298.402    292.777    -0.1373     4.6311     0.0817     0.0817     0.0498     0.0195      17910    12.4368     100.00     2.2469     1.9732         16 0.0000e+00
    457.581   80.52732  150.97884    463.000     0.3779     0.3778  29.426807  29.424900    34.8060    34.8036    298.474    293.063    -0.1308     4.6308     0.0830     0.0830     0.0500     0.0197      17935    12.4539     100.00     2.2471     1.9744         16 0.0000e+00
    458.568   80.52732  150.97884    464.000     0.3772     0.3771  29.426633  29.424783    34.8060    34.8036    298.530    293.128    -0.1300     4.6303     0.0825     0.0825     0.0504     0.0198      17960    12.4715     100.00     2.2471     1.9746         14 0.0000e+00
    459.556   80.52732  150.97886    465.000     0.3757     0.3757  29.426036  29.424074    34.8063    34.8038    298.483    293.389    -0.1481     4.6301     0.0825     0.0825     0.0506     0.0190      17986    12.4893     100.00     2.2466     1.9756         21 0.0000e+00
    460.543   80.52732  150.97886    466.000     0.3748     0.3747  29.425918  29.424006    34.8065    34.8041    298.359    293.149    -0.1491     4.6308     0.0830     0.0830     0.0500     0.0190      18011    12.5067     100.00     2.2455     1.9742         17 0.0000e+00
