Continuous CTD Data/SBE Stage/nabos_27_01.ros
* Sea-Bird SBE 9 Data File:
* FileName = D:\CTD\data\HLY2502\raw\NABOS_27_01.hex
* Software Version Seasave V 7.26.7.110
* Temperature SN = 6954
* Conductivity SN = 2561
* Number of Bytes Per Scan = 37
* Number of Voltage Words = 4
* Number of Scans Averaged by the Deck Unit = 1
* NMEA Latitude = 80 38.83 N
* NMEA Longitude = 157 43.38 E
* NMEA UTC (Time) = Sep 21 2025  11:57:16
* NMEA baud rate = 9600
** Ship: USCG HEALY
** Bot. Depth:  2663
** Cast Number:  01
** Station Name:  NABOS
** Station Number:  27
** Operator:  STARC
# nquan = 25
# nvalues = 980                                   
# units = specified
# name 0 = depSM: Depth [salt water, m]
# name 1 = latitude: Latitude [deg]
# name 2 = longitude: Longitude [deg]
# name 3 = prDM: Pressure, Digiquartz [db]
# name 4 = t090C: Temperature [ITS-90, deg C]
# name 5 = t190C: Temperature, 2 [ITS-90, deg C]
# name 6 = c0mS/cm: Conductivity [mS/cm]
# name 7 = c1mS/cm: Conductivity, 2 [mS/cm]
# name 8 = sal00: Salinity, Practical [PSU]
# name 9 = sal11: Salinity, Practical, 2 [PSU]
# name 10 = sbox0Mm/Kg: Oxygen, SBE 43 [umol/kg]
# name 11 = sbox1Mm/Kg: Oxygen, SBE 43, 2 [umol/kg]
# name 12 = flECO-AFL: Fluorescence, WET Labs ECO-AFL/FL [mg/m^3]
# name 13 = v2: Voltage 2
# name 14 = wetCDOM: Fluorescence, WET Labs CDOM [mg/m^3]
# name 15 = v6: Voltage 6
# name 16 = CStarAt0: Beam Attenuation, WET Labs C-Star [1/m]
# name 17 = v3: Voltage 3
# name 18 = scan: Scan Count
# name 19 = timeM: Time, Elapsed [minutes]
# name 20 = altM: Altimeter [m]
# name 21 = sbeox0V: Oxygen raw, SBE 43 [V]
# name 22 = sbeox1V: Oxygen raw, SBE 43, 2 [V]
# name 23 = nbf: Bottles Fired
# name 24 = flag:  0.000e+00
# interval = seconds: 0.0416667
# start_time = Sep 21 2025 11:57:16 [NMEA time, header]
# bad_flag = -9.990e-29
*END*
[from data line 580]
     99.975   80.65276  157.70760    101.071    -0.8999    -0.8992  27.809615  27.808845    34.3150    34.3132    309.797    300.847    -0.1366     4.6252     0.0891     0.0891     0.0548     0.0195      99693    69.2306     100.00     2.3250     2.0225         12  0.000e+00
     99.984   80.65276  157.70760    101.080    -0.9000    -0.8993  27.809494  27.808674    34.3149    34.3131    309.798    301.093    -0.1366     4.6239     0.0891     0.0891     0.0559     0.0195      99694    69.2313     100.00     2.3250     2.0238         12  0.000e+00
     99.984   80.65276  157.70760    101.080    -0.9003    -0.8993  27.809433  27.809016    34.3152    34.3135    309.801    301.580    -0.1366     4.6239     0.0891     0.0891     0.0559     0.0195      99695    69.2319     100.00     2.3250     2.0262         12  0.000e+00
     99.910   80.65276  157.70760    101.005    -0.9003    -0.8993  27.809068  27.808959    34.3148    34.3135    309.799    301.822    -0.1061     4.6239     0.0891     0.0891     0.0559     0.0208      99696    69.2326     100.00     2.3250     2.0274         12  0.000e+00
     99.984   80.65276  157.70760    101.080    -0.9004    -0.8992  27.809129  27.808902    34.3149    34.3133    309.595    301.825    -0.1366     4.6227     0.0891     0.0891     0.0570     0.0195      99697    69.2333     100.00     2.3238     2.0274         12  0.000e+00
     99.926   80.65276  157.70760    101.022    -0.9005    -0.8993  27.809190  27.809073    34.3151    34.3136    309.593    302.067    -0.1366     4.6227     0.0891     0.0891     0.0570     0.0195      99698    69.2340     100.00     2.3238     2.0287         12  0.000e+00
    100.033   80.65276  157.70760    101.130    -0.9003    -0.8992  27.809008  27.808959    34.3146    34.3133    309.598    302.071    -0.1366     4.6227     0.0879     0.0879     0.0570     0.0195      99699    69.2347     100.00     2.3238     2.0287         12  0.000e+00
     99.926   80.65276  157.70760    101.022    -0.9005    -0.8993  27.808947  27.808902    34.3149    34.3134    309.801    302.067    -0.1366     4.6227     0.0879     0.0879     0.0570     0.0195      99700    69.2354     100.00     2.3250     2.0287         12  0.000e+00
     84.852   80.65286  157.70744     85.779    -1.2040    -1.2020  27.424831  27.426578    34.1456    34.1457    313.431    302.856    -0.1061     4.6227     0.0916     0.0916     0.0570     0.0208     101401    70.4167     100.00     2.3309     2.0199         13  0.000e+00
     84.852   80.65286  157.70744     85.779    -1.2036    -1.2022  27.425133  27.425896    34.1455    34.1449    313.427    302.860    -0.1366     4.6227     0.0916     0.0916     0.0570     0.0195     101402    70.4174     100.00     2.3309     2.0199         13  0.000e+00
     84.852   80.65286  157.70744     85.779    -1.2039    -1.2022  27.425374  27.425498    34.1462    34.1444    313.428    302.861    -0.1366     4.6227     0.0916     0.0916     0.0570     0.0195     101403    70.4181     100.00     2.3309     2.0199         13  0.000e+00
     84.729   80.65286  157.70744     85.654    -1.2036    -1.2026  27.425434  27.425214    34.1460    34.1445    313.629    302.613    -0.1366     4.6227     0.0916     0.0916     0.0570     0.0195     101404    70.4188     100.00     2.3322     2.0187         13  0.000e+00
     84.909   80.65286  157.70744     85.837    -1.2032    -1.2031  27.425979  27.424134    34.1462    34.1435    313.424    302.873    -0.1366     4.6227     0.0916     0.0916     0.0570     0.0195     101405    70.4194     100.00     2.3309     2.0199         13  0.000e+00
     84.786   80.65286  157.70744     85.712    -1.2031    -1.2040  27.426401  27.423225    34.1468    34.1433    313.208    303.123    -0.1366     4.6227     0.0916     0.0916     0.0570     0.0195     101406    70.4201     100.00     2.3297     2.0212         13  0.000e+00
     84.852   80.65286  157.70744     85.779    -1.2036    -1.2046  27.425918  27.422259    34.1466    34.1427    313.216    303.380    -0.1366     4.6227     0.0916     0.0916     0.0570     0.0195     101407    70.4208     100.00     2.3297     2.0224         13  0.000e+00
     84.852   80.65286  157.70744     85.779    -1.2034    -1.2050  27.425918  27.422202    34.1464    34.1431    313.423    303.629    -0.1061     4.6227     0.0916     0.0916     0.0570     0.0208     101408    70.4215     100.00     2.3309     2.0236         13  0.000e+00
     84.786   80.65286  157.70744     85.712    -1.2032    -1.2052  27.426160  27.422656    34.1466    34.1440    313.418    304.119    -0.1366     4.6227     0.0916     0.0916     0.0570     0.0195     101409    70.4222     100.00     2.3309     2.0261         13  0.000e+00
     84.909   80.65286  157.70744     85.837    -1.2031    -1.2049  27.426402  27.422998    34.1467    34.1440    313.422    304.121    -0.1366     4.6227     0.0916     0.0916     0.0570     0.0195     101410    70.4229     100.00     2.3309     2.0261         13  0.000e+00
     84.786   80.65286  157.70744     85.712    -1.2031    -1.2047  27.426341  27.423679    34.1467    34.1449    313.625    304.359    -0.1366     4.6227     0.0916     0.0916     0.0570     0.0195     101411    70.4236     100.00     2.3322     2.0273         13  0.000e+00
     84.852   80.65286  157.70744     85.779    -1.2030    -1.2043  27.426825  27.424248    34.1471    34.1451    313.417    304.604    -0.1366     4.6227     0.0916     0.0916     0.0570     0.0195     101412    70.4243     100.00     2.3309     2.0285         13  0.000e+00
     84.852   80.65286  157.70744     85.779    -1.2027    -1.2038  27.426825  27.424703    34.1468    34.1452    313.415    304.599    -0.1366     4.6227     0.0916     0.0916     0.0570     0.0195     101413    70.4250     100.00     2.3309     2.0285         13  0.000e+00
     84.852   80.65286  157.70744     85.779    -1.2028    -1.2035  27.426341  27.424703    34.1463    34.1448    313.417    304.351    -0.1366     4.6227     0.0916     0.0916     0.0570     0.0195     101414    70.4257     100.00     2.3309     2.0273         13  0.000e+00
     84.786   80.65286  157.70744     85.712    -1.2028    -1.2031  27.426039  27.425612    34.1459    34.1456    313.416    304.342    -0.1061     4.6227     0.0916     0.0916     0.0570     0.0208     101415    70.4264     100.00     2.3309     2.0273         13  0.000e+00
     84.852   80.65286  157.70744     85.779    -1.2031    -1.2029  27.425556  27.425726    34.1456    34.1455    313.422    304.343    -0.1366     4.6227     0.0916     0.0916     0.0570     0.0195     101416    70.4271     100.00     2.3309     2.0273         13  0.000e+00
     84.852   80.65286  157.70744     85.779    -1.2032    -1.2028  27.425616  27.425669    34.1458    34.1453    313.215    304.096    -0.1366     4.6227     0.0928     0.0928     0.0570     0.0195     101417    70.4278     100.00     2.3297     2.0261         13  0.000e+00
     84.852   80.65286  157.70744     85.779    -1.2031    -1.2026  27.425737  27.425669    34.1458    34.1451    313.422    304.834    -0.1366     4.6227     0.0916     0.0916     0.0570     0.0195     101418    70.4285     100.00     2.3309     2.0297         13  0.000e+00
     84.786   80.65286  157.70744     85.712    -1.2036    -1.2026  27.425918  27.425498    34.1466    34.1449    313.213    305.325    -0.1366     4.6227     0.0916     0.0916     0.0570     0.0195     101419    70.4292     100.00     2.3297     2.0322         13  0.000e+00
     84.852   80.65286  157.70744     85.779    -1.2034    -1.2031  27.425556  27.424589    34.1459    34.1442    313.424    305.580    -0.1366     4.6227     0.0916     0.0916     0.0570     0.0195     101420    70.4299     100.00     2.3309     2.0334         13  0.000e+00
     84.786   80.65286  157.70744     85.712    -1.2036    -1.2038  27.425797  27.423964    34.1464    34.1442    313.421    305.585    -0.1366     4.6227     0.0916     0.0916     0.0570     0.0195     101421    70.4306     100.00     2.3309     2.0334         13  0.000e+00
     84.909   80.65286  157.70744     85.837    -1.2032    -1.2040  27.425556  27.423452    34.1457    34.1436    313.217    305.346    -0.1366     4.6227     0.0928     0.0928     0.0570     0.0195     101422    70.4313     100.00     2.3297     2.0322         13  0.000e+00
     84.852   80.65286  157.70744     85.779    -1.2034    -1.2043  27.425616  27.423168    34.1460    34.1436    313.216    305.100    -0.1366     4.6227     0.0940     0.0940     0.0570     0.0195     101423    70.4319     100.00     2.3297     2.0309         13  0.000e+00
     84.786   80.65286  157.70744     85.713    -1.2033    -1.2046  27.426099  27.423452    34.1465    34.1443    313.419    305.098    -0.1061     4.6227     0.0940     0.0940     0.0570     0.0208     101424    70.4326     100.00     2.3309     2.0309         13  0.000e+00
     84.852   80.65286  157.70744     85.779    -1.2030    -1.2040  27.426220  27.423964    34.1463    34.1443    313.419    305.342    -0.1366     4.6227     0.0940     0.0940     0.0570     0.0195     101425    70.4333     100.00     2.3309     2.0322         13  0.000e+00
     84.786   80.65286  157.70744     85.713    -1.2028    -1.2035  27.426220  27.424646    34.1461    34.1448    313.415    305.334    -0.1061     4.6227     0.0940     0.0940     0.0570     0.0208     101426    70.4340     100.00     2.3309     2.0322         13  0.000e+00
     84.909   80.65286  157.70744     85.837    -1.2028    -1.2032  27.426220  27.425442    34.1461    34.1454    313.420    305.334    -0.1366     4.6227     0.0940     0.0940     0.0570     0.0195     101427    70.4347     100.00     2.3309     2.0322         13  0.000e+00
     84.786   80.65286  157.70744     85.713    -1.2030    -1.2029  27.425858  27.426067    34.1458    34.1460    313.417    305.325    -0.1366     4.6227     0.0940     0.0940     0.0570     0.0195     101428    70.4354     100.00     2.3309     2.0322         13  0.000e+00
     84.852   80.65286  157.70744     85.779    -1.2030    -1.2025  27.426099  27.426408    34.1461    34.1460    313.419    305.077    -0.1061     4.6227     0.0940     0.0940     0.0570     0.0208     101429    70.4361     100.00     2.3309     2.0309         13  0.000e+00
     84.852   80.65286  157.70744     85.779    -1.2028    -1.2022  27.426402  27.426465    34.1463    34.1457    313.417    305.568    -0.1366     4.6227     0.0940     0.0940     0.0570     0.0195     101430    70.4368     100.00     2.3309     2.0334         13  0.000e+00
     84.852   80.65286  157.70744     85.779    -1.2031    -1.2020  27.426522  27.426465    34.1469    34.1455    313.210    306.060    -0.1366     4.6227     0.0940     0.0940     0.0570     0.0195     101431    70.4375     100.00     2.3297     2.0358         13  0.000e+00
     84.852   80.65286  157.70744     85.779    -1.2032    -1.2022  27.425918  27.426635    34.1462    34.1459    313.421    306.307    -0.1366     4.6227     0.0940     0.0940     0.0570     0.0195     101432    70.4382     100.00     2.3309     2.0370         13  0.000e+00
     84.786   80.65286  157.70744     85.713    -1.2036    -1.2018  27.425737  27.426919    34.1464    34.1460    313.421    306.547    -0.1366     4.6227     0.0940     0.0940     0.0570     0.0195     101433    70.4389     100.00     2.3309     2.0383         13  0.000e+00
     84.852   80.65286  157.70744     85.779    -1.2039    -1.2019  27.425737  27.426976    34.1467    34.1461    313.218    306.550    -0.1366     4.6227     0.0940     0.0940     0.0570     0.0195     101434    70.4396     100.00     2.3297     2.0383         13  0.000e+00
     84.852   80.65286  157.70744     85.779    -1.2039    -1.2015  27.425314  27.426806    34.1461    34.1454    313.219    306.549    -0.1366     4.6227     0.0940     0.0940     0.0570     0.0195     101435    70.4403     100.00     2.3297     2.0383         13  0.000e+00
     84.852   80.65286  157.70744     85.779    -1.2036    -1.2018  27.425979  27.426749    34.1466    34.1457    313.215    306.551    -0.1366     4.6227     0.0940     0.0940     0.0570     0.0195     101436    70.4410     100.00     2.3297     2.0383         13  0.000e+00
     84.786   80.65286  157.70744     85.713    -1.2033    -1.2017  27.426039  27.426749    34.1465    34.1456    313.419    306.794    -0.1366     4.6227     0.0940     0.0940     0.0570     0.0195     101437    70.4417     100.00     2.3309     2.0395         13  0.000e+00
     84.852   80.65286  157.70744     85.779    -1.2034    -1.2018  27.425979  27.426749    34.1465    34.1457    313.214    306.551    -0.1061     4.6227     0.0940     0.0940     0.0570     0.0208     101438    70.4424     100.00     2.3297     2.0383         13  0.000e+00
     84.852   80.65286  157.70744     85.779    -1.2028    -1.2018  27.426522  27.426521    34.1465    34.1454    313.208    306.551    -0.1366     4.6227     0.0940     0.0940     0.0570     0.0195     101439    70.4431     100.00     2.3297     2.0383         13  0.000e+00
     84.852   80.65286  157.70744     85.779    -1.2031    -1.2020  27.426341  27.426465    34.1466    34.1455    313.211    307.292    -0.1366     4.6227     0.0940     0.0940     0.0570     0.0195     101440    70.4437     100.00     2.3297     2.0419         13  0.000e+00
     84.852   80.65286  157.70744     85.779    -1.2032    -1.2022  27.426402  27.426294    34.1468    34.1455    313.420    308.526    -0.1366     4.6227     0.0940     0.0940     0.0570     0.0195     101441    70.4444     100.00     2.3309     2.0480         13  0.000e+00
     84.786   80.65286  157.70744     85.713    -1.2025    -1.2023  27.426885  27.426408    34.1467    34.1458    313.202    309.510    -0.1366     4.6227     0.0940     0.0940     0.0570     0.0195     101442    70.4451     100.00     2.3297     2.0529         13  0.000e+00
     84.852   80.65286  157.70744     85.779    -1.2023    -1.2020  27.427006  27.426067    34.1467    34.1450    313.412    309.758    -0.1061     4.6227     0.0940     0.0940     0.0570     0.0208     101443    70.4458     100.00     2.3309     2.0541         13  0.000e+00
     84.852   80.65286  157.70744     85.779    -1.2021    -1.2023  27.427368  27.425953    34.1468    34.1451    313.409    309.267    -0.1366     4.6227     0.0940     0.0940     0.0570     0.0195     101444    70.4465     100.00     2.3309     2.0517         13  0.000e+00
     84.852   80.65286  157.70744     85.779    -1.2023    -1.2023  27.427550  27.425953    34.1474    34.1451    313.202    308.528    -0.1366     4.6227     0.0940     0.0940     0.0570     0.0195     101445    70.4472     100.00     2.3297     2.0480         13  0.000e+00
     84.786   80.65286  157.70744     85.713    -1.2020    -1.2028  27.427368  27.425328    34.1468    34.1449    313.197    307.791    -0.1366     4.6227     0.0940     0.0940     0.0570     0.0195     101446    70.4479     100.00     2.3297     2.0444         13  0.000e+00
     84.852   80.65286  157.70744     85.779    -1.2019    -1.2028  27.427671  27.425498    34.1471    34.1451    313.198    307.300    -0.1366     4.6227     0.0940     0.0940     0.0570     0.0195     101447    70.4486     100.00     2.3297     2.0419         13  0.000e+00
     84.852   80.65286  157.70744     85.779    -1.2018    -1.2023  27.427610  27.425669    34.1469    34.1447    313.198    307.297    -0.1366     4.6227     0.0940     0.0940     0.0570     0.0195     101448    70.4493     100.00     2.3297     2.0419         13  0.000e+00
     84.852   80.65286  157.70744     85.779    -1.2021    -1.2026  27.427731  27.425896    34.1473    34.1454    313.199    307.051    -0.1366     4.6227     0.0940     0.0940     0.0570     0.0195     101449    70.4500     100.00     2.3297     2.0407         13  0.000e+00
