Continuous CTD Data/SBE Stage/nabos_28_01.ros
* Sea-Bird SBE 9 Data File:
* FileName = D:\CTD\data\HLY2502\raw\NABOS_28_01.hex
* Software Version Seasave V 7.26.7.110
* Temperature SN = 6954
* Conductivity SN = 2561
* Number of Bytes Per Scan = 37
* Number of Voltage Words = 4
* Number of Scans Averaged by the Deck Unit = 1
* NMEA Latitude = 80 36.34 N
* NMEA Longitude = 154 17.06 E
* NMEA UTC (Time) = Sep 21 2025  20:08:11
* NMEA baud rate = 9600
** Ship: USCG HEALY
** Bot. Depth:  2371
** Cast Number:  01
** Station Name:  NABOS
** Station Number:  28
** Operator:  STARC
# nquan = 25
# nvalues = 1176                                  
# units = specified
# name 0 = depSM: Depth [salt water, m]
# name 1 = latitude: Latitude [deg]
# name 2 = longitude: Longitude [deg]
# name 3 = prDM: Pressure, Digiquartz [db]
# name 4 = t090C: Temperature [ITS-90, deg C]
# name 5 = t190C: Temperature, 2 [ITS-90, deg C]
# name 6 = c0mS/cm: Conductivity [mS/cm]
# name 7 = c1mS/cm: Conductivity, 2 [mS/cm]
# name 8 = sal00: Salinity, Practical [PSU]
# name 9 = sal11: Salinity, Practical, 2 [PSU]
# name 10 = sbox0Mm/Kg: Oxygen, SBE 43 [umol/kg]
# name 11 = sbox1Mm/Kg: Oxygen, SBE 43, 2 [umol/kg]
# name 12 = flECO-AFL: Fluorescence, WET Labs ECO-AFL/FL [mg/m^3]
# name 13 = v2: Voltage 2
# name 14 = wetCDOM: Fluorescence, WET Labs CDOM [mg/m^3]
# name 15 = v6: Voltage 6
# name 16 = CStarAt0: Beam Attenuation, WET Labs C-Star [1/m]
# name 17 = v3: Voltage 3
# name 18 = scan: Scan Count
# name 19 = timeM: Time, Elapsed [minutes]
# name 20 = altM: Altimeter [m]
# name 21 = sbeox0V: Oxygen raw, SBE 43 [V]
# name 22 = sbeox1V: Oxygen raw, SBE 43, 2 [V]
# name 23 = nbf: Bottles Fired
# name 24 = flag:  0.000e+00
# interval = seconds: 0.0416667
# start_time = Sep 21 2025 20:08:11 [NMEA time, header]
# bad_flag = -9.990e-29
*END*
[from data line 1044]
      8.483   80.59936  154.26518      8.574    -1.6905    -1.6902  24.802671  24.798814    31.1213    31.1156    374.640    363.036     0.4434     4.5568     0.1148     0.1148     0.1145     0.0427     114100    79.2354     100.00     2.6283     2.2676         22  0.000e+00
      8.556   80.59936  154.26518      8.648    -1.6900    -1.6902  24.801680  24.798266    31.1193    31.1148    374.857    362.788     0.4434     4.5568     0.1160     0.1160     0.1145     0.0427     114101    79.2361     100.00     2.6296     2.2664         22  0.000e+00
      8.548   80.59936  154.26518      8.640    -1.6900    -1.6899  24.800340  24.797005    31.1175    31.1128    374.648    362.537     0.4739     4.5568     0.1160     0.1160     0.1145     0.0440     114102    79.2368     100.00     2.6283     2.2651         22  0.000e+00
      8.556   80.59936  154.26518      8.648    -1.6897    -1.6896  24.800281  24.795744    31.1171    31.1107    374.646    362.540     0.4434     4.5568     0.1148     0.1148     0.1145     0.0427     114103    79.2375     100.00     2.6283     2.2651         22  0.000e+00
      8.483   80.59936  154.26518      8.574    -1.6900    -1.6896  24.800223  24.793771    31.1174    31.1080    374.645    362.544     0.4739     4.5556     0.1160     0.1160     0.1155     0.0440     114104    79.2382     100.00     2.6283     2.2651         22  0.000e+00
      8.556   80.59936  154.26518      8.648    -1.6897    -1.6891  24.800398  24.791743    31.1173    31.1047    374.432    363.312     0.4129     4.5556     0.1160     0.1160     0.1155     0.0415     114105    79.2389     100.00     2.6271     2.2688         22  0.000e+00
      8.606   80.59936  154.26518      8.698    -1.6899    -1.6889  24.800456  24.790976    31.1175    31.1034    374.650    363.316     0.4739     4.5556     0.1160     0.1160     0.1155     0.0440     114106    79.2396     100.00     2.6283     2.2688         22  0.000e+00
      8.491   80.59936  154.26518      8.582    -1.6902    -1.6891  24.800281  24.790647    31.1176    31.1032    374.433    363.060     0.4434     4.5556     0.1160     0.1160     0.1155     0.0427     114107    79.2403     100.00     2.6271     2.2676         22  0.000e+00
      8.548   80.59936  154.26518      8.640    -1.6900    -1.6888  24.800223  24.789661    31.1173    31.1015    374.649    362.557     0.4739     4.5568     0.1148     0.1148     0.1145     0.0440     114108    79.2410     100.00     2.6283     2.2651         22  0.000e+00
      8.557   80.59936  154.26518      8.648    -1.6902    -1.6885  24.800922  24.788839    31.1185    31.1001    374.648    362.305     0.4739     4.5568     0.1160     0.1160     0.1145     0.0440     114109    79.2417     100.00     2.6283     2.2639         22  0.000e+00
      8.548   80.59936  154.26518      8.640    -1.6899    -1.6888  24.801214  24.787140    31.1186    31.0980    374.644    362.567     0.4739     4.5556     0.1172     0.1172     0.1155     0.0440     114110    79.2424     100.00     2.6283     2.2651         22  0.000e+00
      8.491   80.59936  154.26518      8.582    -1.6902    -1.6883  24.800573  24.786153    31.1180    31.0962    374.646    363.071     0.4739     4.5568     0.1172     0.1172     0.1145     0.0440     114111    79.2431     100.00     2.6283     2.2676         22  0.000e+00
      8.606   80.59936  154.26518      8.698    -1.6899    -1.6886  24.800573  24.786153    31.1177    31.0965    374.649    363.333     0.4739     4.5556     0.1172     0.1172     0.1155     0.0440     114112    79.2438     100.00     2.6283     2.2688         22  0.000e+00
      8.557   80.59936  154.26518      8.648    -1.6899    -1.6885  24.800165  24.786701    31.1171    31.0971    374.648    363.327     0.4739     4.5568     0.1172     0.1172     0.1145     0.0440     114113    79.2444     100.00     2.6283     2.2688         22  0.000e+00
      8.548   80.59936  154.26518      8.640    -1.6899    -1.6883  24.799407  24.787085    31.1161    31.0975    374.651    363.324     0.4434     4.5556     0.1172     0.1172     0.1155     0.0427     114114    79.2451     100.00     2.6283     2.2688         22  0.000e+00
      8.491   80.59936  154.26518      8.582    -1.6900    -1.6886  24.799582  24.786482    31.1165    31.0970    374.648    363.325     0.4739     4.5556     0.1172     0.1172     0.1155     0.0440     114115    79.2458     100.00     2.6283     2.2688         22  0.000e+00
      8.548   80.59936  154.26518      8.640    -1.6899    -1.6888  24.799757  24.785112    31.1166    31.0952    374.649    363.842     0.4739     4.5568     0.1172     0.1172     0.1145     0.0440     114116    79.2465     100.00     2.6283     2.2712         22  0.000e+00
      8.557   80.59936  154.26518      8.648    -1.6899    -1.6885  24.800107  24.784345    31.1171    31.0939    374.648    364.604     0.4739     4.5568     0.1172     0.1172     0.1145     0.0440     114117    79.2472     100.00     2.6283     2.2749         22  0.000e+00
      8.548   80.59936  154.26518      8.640    -1.6899    -1.6885  24.800223  24.784071    31.1172    31.0935    374.647    365.365     0.4739     4.5568     0.1172     0.1172     0.1145     0.0440     114118    79.2479     100.00     2.6283     2.2786         22  0.000e+00
      8.557   80.59936  154.26518      8.648    -1.6897    -1.6882  24.800398  24.784180    31.1173    31.0933    374.646    365.362     0.4434     4.5568     0.1172     0.1172     0.1145     0.0427     114119    79.2486     100.00     2.6283     2.2786         22  0.000e+00
      8.548   80.59936  154.26516      8.640    -1.6899    -1.6883  24.800223  24.784948    31.1172    31.0945    374.647    365.360     0.4434     4.5556     0.1172     0.1172     0.1155     0.0427     114120    79.2493     100.00     2.6283     2.2786         22  0.000e+00
      8.491   80.59936  154.26516      8.582    -1.6897    -1.6880  24.799815  24.785934    31.1165    31.0956    374.430    365.351     0.4434     4.5556     0.1172     0.1172     0.1155     0.0427     114121    79.2500     100.00     2.6271     2.2786         22  0.000e+00
      8.548   80.59936  154.26516      8.640    -1.6900    -1.6885  24.799932  24.787085    31.1169    31.0976    374.650    365.353     0.4739     4.5568     0.1172     0.1172     0.1145     0.0440     114122    79.2507     100.00     2.6283     2.2786         22  0.000e+00
      8.557   80.59936  154.26516      8.648    -1.6897    -1.6882  24.799582  24.788345    31.1162    31.0991    374.649    365.092     0.4739     4.5568     0.1172     0.1172     0.1145     0.0440     114123    79.2514     100.00     2.6283     2.2774         22  0.000e+00
      8.548   80.59936  154.26516      8.640    -1.6896    -1.6885  24.799466  24.789551    31.1158    31.1010    374.648    364.836     0.4434     4.5556     0.1172     0.1172     0.1155     0.0427     114124    79.2521     100.00     2.6283     2.2761         22  0.000e+00
      8.557   80.59936  154.26516      8.648    -1.6896    -1.6885  24.799466  24.789661    31.1158    31.1012    374.648    364.836     0.4434     4.5556     0.1172     0.1172     0.1155     0.0427     114125    79.2528     100.00     2.6283     2.2761         22  0.000e+00
      8.548   80.59936  154.26516      8.640    -1.6897    -1.6886  24.799291  24.789770    31.1158    31.1015    374.650    364.583     0.4739     4.5556     0.1172     0.1172     0.1155     0.0440     114126    79.2535     100.00     2.6283     2.2749         22  0.000e+00
      8.557   80.59936  154.26516      8.648    -1.6897    -1.6886  24.799407  24.789661    31.1159    31.1013    374.435    364.330     0.4434     4.5556     0.1172     0.1172     0.1155     0.0427     114127    79.2542     100.00     2.6271     2.2737         22  0.000e+00
      8.548   80.59936  154.26516      8.640    -1.6897    -1.6889  24.799815  24.789606    31.1165    31.1016    374.648    363.825     0.4434     4.5556     0.1172     0.1172     0.1155     0.0427     114128    79.2549     100.00     2.6283     2.2712         22  0.000e+00
      8.491   80.59936  154.26516      8.582    -1.6900    -1.6889  24.799757  24.789825    31.1167    31.1019    374.647    363.314     0.4434     4.5556     0.1172     0.1172     0.1155     0.0427     114129    79.2556     100.00     2.6283     2.2688         22  0.000e+00
      8.606   80.59936  154.26516      8.698    -1.6896    -1.6891  24.800107  24.789661    31.1167    31.1018    374.648    362.815     0.4739     4.5556     0.1172     0.1172     0.1155     0.0440     114130    79.2562     100.00     2.6283     2.2664         22  0.000e+00
      8.557   80.59936  154.26516      8.648    -1.6899    -1.6892  24.800573  24.789770    31.1177    31.1021    374.646    362.813     0.4434     4.5556     0.1172     0.1172     0.1155     0.0427     114131    79.2569     100.00     2.6283     2.2664         22  0.000e+00
      8.483   80.59936  154.26516      8.574    -1.6898    -1.6892  24.800165  24.789880    31.1171    31.1023    374.429    362.809     0.4434     4.5556     0.1172     0.1172     0.1155     0.0427     114132    79.2576     100.00     2.6271     2.2664         22  0.000e+00
      8.557   80.59936  154.26516      8.648    -1.6897    -1.6892  24.800165  24.789661    31.1170    31.1019    374.432    362.560     0.4434     4.5556     0.1172     0.1172     0.1155     0.0427     114133    79.2583     100.00     2.6271     2.2651         22  0.000e+00
      3.603   80.59928  154.26474      3.641    -1.6449    -1.6490  24.747895  24.770248    31.0010    31.0360    374.196    364.057     0.4129     4.5519     0.1221     0.1221     0.1188     0.0415     116064    80.5993     100.00     2.6282     2.2748         23  0.000e+00
      3.783   80.59928  154.26474      3.824    -1.6451    -1.6487  24.747838  24.771289    31.0010    31.0371    374.207    363.554     0.3823     4.5507     0.1209     0.1209     0.1198     0.0403     116065    80.6000     100.00     2.6282     2.2723         23  0.000e+00
      3.668   80.59928  154.26474      3.708    -1.6455    -1.6484  24.748070  24.771727    31.0019    31.0374    374.204    363.037     0.3823     4.5519     0.1209     0.1209     0.1188     0.0403     116066    80.6007     100.00     2.6282     2.2699         23  0.000e+00
      3.668   80.59928  154.26474      3.708    -1.6453    -1.6478  24.747430  24.772549    31.0008    31.0379    374.205    362.776     0.3823     4.5519     0.1209     0.1209     0.1188     0.0403     116067    80.6014     100.00     2.6282     2.2687         23  0.000e+00
      3.726   80.59928  154.26474      3.766    -1.6458    -1.6484  24.747546  24.773590    31.0014    31.0399    374.212    362.780     0.4129     4.5507     0.1343     0.1343     0.1198     0.0415     116068    80.6021      84.66     2.6282     2.2687         23  0.000e+00
      3.668   80.59928  154.26474      3.708    -1.6461    -1.6484  24.747430  24.774521    31.0016    31.0413    374.212    362.520     0.4129     4.5519     0.1416     0.1416     0.1188     0.0415     116069    80.6028      60.61     2.6282     2.2674         23  0.000e+00
      3.726   80.59928  154.26474      3.766    -1.6461    -1.6484  24.747372  24.775069    31.0015    31.0420    374.215    362.267     0.4129     4.5519     0.1404     0.1404     0.1188     0.0415     116070    80.6035      53.28     2.6282     2.2662         23  0.000e+00
      3.669   80.59928  154.26474      3.708    -1.6463    -1.6484  24.747081  24.775069    31.0013    31.0420    374.215    362.264     0.3823     4.5507     0.1404     0.1404     0.1198     0.0403     116071    80.6042      53.53     2.6282     2.2662         23  0.000e+00
      3.669   80.59928  154.26474      3.708    -1.6464    -1.6487  24.747139  24.775343    31.0015    31.0427    374.430    362.519     0.3823     4.5519     0.1404     0.1404     0.1188     0.0403     116072    80.6049      54.51     2.6294     2.2674         23  0.000e+00
      3.660   80.59928  154.26474      3.700    -1.6464    -1.6490  24.746906  24.774741    31.0012    31.0422    374.430    362.777     0.4129     4.5519     0.1404     0.1404     0.1188     0.0415     116073    80.6056      54.80     2.6294     2.2687         23  0.000e+00
      3.726   80.59928  154.26474      3.766    -1.6461    -1.6484  24.747081  24.774521    31.0011    31.0412    374.216    362.776     0.4129     4.5519     0.1416     0.1416     0.1188     0.0415     116074    80.6063      70.89     2.6282     2.2687         23  0.000e+00
      3.726   80.59928  154.26474      3.766    -1.6461    -1.6478  24.747372  24.774905    31.0015    31.0412    374.429    363.276     0.4129     4.5519     0.1270     0.1270     0.1188     0.0415     116075    80.6069      94.55     2.6294     2.2711         23  0.000e+00
      3.669   80.59928  154.26474      3.708    -1.6464    -1.6479  24.747372  24.775343    31.0019    31.0419    374.215    364.031     0.4129     4.5507     0.1209     0.1209     0.1198     0.0415     116076    80.6076     100.00     2.6282     2.2748         23  0.000e+00
      3.669   80.59928  154.26474      3.708    -1.6469    -1.6481  24.747605  24.776165    31.0027    31.0432    374.218    364.536     0.3823     4.5519     0.1209     0.1209     0.1188     0.0403     116077    80.6083     100.00     2.6282     2.2772         23  0.000e+00
      3.726   80.59928  154.26474      3.766    -1.6476    -1.6502  24.747896  24.776439    31.0038    31.0457    374.225    364.808     0.3823     4.5507     0.1197     0.1197     0.1198     0.0403     116078    80.6090     100.00     2.6282     2.2784         23  0.000e+00
      3.669   80.59928  154.26474      3.708    -1.6467    -1.6516  24.748129  24.776659    31.0033    31.0475    374.428    364.815     0.3823     4.5507     0.1197     0.1197     0.1198     0.0403     116079    80.6097     100.00     2.6294     2.2784         23  0.000e+00
      3.660   80.59928  154.26474      3.700    -1.6455    -1.6525  24.747721  24.776713    31.0014    31.0486    374.205    364.822     0.4129     4.5507     0.1197     0.1197     0.1198     0.0415     116080    80.6104     100.00     2.6282     2.2784         23  0.000e+00
      3.669   80.59928  154.26474      3.708    -1.6447    -1.6516  24.747430  24.776494    31.0002    31.0473    374.200    365.069     0.4129     4.5519     0.1209     0.1209     0.1188     0.0415     116081    80.6111     100.00     2.6282     2.2797         23  0.000e+00
      3.726   80.59928  154.26474      3.766    -1.6446    -1.6501  24.747430  24.776056    31.0000    31.0451    374.202    365.061     0.4129     4.5519     0.1209     0.1209     0.1188     0.0415     116082    80.6118     100.00     2.6282     2.2797         23  0.000e+00
      3.726   80.59928  154.26474      3.766    -1.6446    -1.6482  24.747430  24.775782    31.0000    31.0428    374.202    365.047     0.3823     4.5519     0.1197     0.1197     0.1188     0.0403     116083    80.6125     100.00     2.6282     2.2797         23  0.000e+00
      3.669   80.59928  154.26474      3.708    -1.6440    -1.6479  24.747371  24.775727    30.9993    31.0424    374.408    365.042     0.4129     4.5507     0.1209     0.1209     0.1198     0.0415     116084    80.6132     100.00     2.6294     2.2797         23  0.000e+00
      3.660   80.59928  154.26474      3.700    -1.6436    -1.6482  24.747022  24.775508    30.9985    31.0424    374.192    365.298     0.4129     4.5495     0.1197     0.1197     0.1209     0.0415     116085    80.6139     100.00     2.6282     2.2809         23  0.000e+00
      3.669   80.59928  154.26474      3.708    -1.6436    -1.6486  24.746964  24.775124    30.9984    31.0423    374.407    365.303     0.4129     4.5495     0.1197     0.1197     0.1209     0.0415     116086    80.6146     100.00     2.6294     2.2809         23  0.000e+00
