Continuous CTD Data/SBE Stage/nabos_21_02.ros
* Sea-Bird SBE 9 Data File:
* FileName = D:\CTD\data\HLY2502\raw\NABOS_21_02.hex
* Software Version Seasave V 7.26.7.110
* Temperature SN = 6954
* Conductivity SN = 2561
* Number of Bytes Per Scan = 37
* Number of Voltage Words = 4
* Number of Scans Averaged by the Deck Unit = 1
* NMEA Latitude = 78 57.26 N
* NMEA Longitude = 173 33.57 E
* NMEA UTC (Time) = Sep 18 2025  15:43:10
* NMEA baud rate = 9600
** Ship: USCG HEALY
** Bot. Depth:  2477
** Cast Number:  02
** Station Name:  NABOS
** Station Number:  21
** Operator:  STARC
# nquan = 25
# nvalues = 1176                                  
# units = specified
# name 0 = depSM: Depth [salt water, m]
# name 1 = latitude: Latitude [deg]
# name 2 = longitude: Longitude [deg]
# name 3 = prDM: Pressure, Digiquartz [db]
# name 4 = t090C: Temperature [ITS-90, deg C]
# name 5 = t190C: Temperature, 2 [ITS-90, deg C]
# name 6 = c0mS/cm: Conductivity [mS/cm]
# name 7 = c1mS/cm: Conductivity, 2 [mS/cm]
# name 8 = sal00: Salinity, Practical [PSU]
# name 9 = sal11: Salinity, Practical, 2 [PSU]
# name 10 = sbox0Mm/Kg: Oxygen, SBE 43 [umol/kg]
# name 11 = sbox1Mm/Kg: Oxygen, SBE 43, 2 [umol/kg]
# name 12 = flECO-AFL: Fluorescence, WET Labs ECO-AFL/FL [mg/m^3]
# name 13 = v2: Voltage 2
# name 14 = wetCDOM: Fluorescence, WET Labs CDOM [mg/m^3]
# name 15 = v6: Voltage 6
# name 16 = CStarAt0: Beam Attenuation, WET Labs C-Star [1/m]
# name 17 = v3: Voltage 3
# name 18 = scan: Scan Count
# name 19 = timeM: Time, Elapsed [minutes]
# name 20 = altM: Altimeter [m]
# name 21 = sbeox0V: Oxygen raw, SBE 43 [V]
# name 22 = sbeox1V: Oxygen raw, SBE 43, 2 [V]
# name 23 = nbf: Bottles Fired
# name 24 = flag:  0.000e+00
# interval = seconds: 0.0416667
# start_time = Sep 18 2025 15:43:10 [NMEA time, header]
# bad_flag = -9.990e-29
*END*
[from data line 928]
     30.129   78.97272  173.60974     30.453    -1.6346    -1.6362  25.570574  25.568068    32.1070    32.1052    364.032    352.411     0.1992     4.6361     0.1087     0.1087     0.0453     0.0330     189784   131.7937     100.00     2.5816     2.2276         19  0.000e+00
     30.129   78.97272  173.60974     30.453    -1.6349    -1.6364  25.570574  25.568012    32.1073    32.1053    364.247    352.413     0.1992     4.6361     0.1087     0.1087     0.0453     0.0330     189785   131.7944     100.00     2.5829     2.2276         19  0.000e+00
     30.072   78.97272  173.60974     30.395    -1.6351    -1.6364  25.570162  25.567957    32.1069    32.1053    364.034    352.158     0.1992     4.6361     0.1087     0.1087     0.0453     0.0330     189786   131.7951     100.00     2.5816     2.2264         19  0.000e+00
     20.180   78.97288  173.60988     20.396    -1.4955    -1.4924  25.448333  25.457955    31.7953    31.8052    373.864    362.209     0.4739     4.5910     0.1038     0.1038     0.0845     0.0440     191942   133.2924     100.00     2.6448     2.2810         20  0.000e+00
     20.221   78.97288  173.60988     20.438    -1.4955    -1.4921  25.448392  25.459117    31.7954    31.8064    373.866    361.703     0.4434     4.5897     0.1038     0.1038     0.0856     0.0427     191943   133.2931     100.00     2.6448     2.2786         20  0.000e+00
     20.221   78.97288  173.60988     20.438    -1.4954    -1.4924  25.448392  25.457679    31.7952    31.8048    373.865    361.460     0.4739     4.5910     0.1038     0.1038     0.0845     0.0440     191944   133.2937     100.00     2.6448     2.2774         20  0.000e+00
     20.164   78.97288  173.60988     20.380    -1.4953    -1.4926  25.448569  25.455299    31.7954    31.8018    374.073    361.216     0.4739     4.5910     0.1038     0.1038     0.0845     0.0440     191945   133.2944     100.00     2.6460     2.2762         20  0.000e+00
     20.237   78.97288  173.60988     20.454    -1.4954    -1.4929  25.449157  25.453142    31.7962    31.7991    374.075    361.231     0.4434     4.5897     0.1038     0.1038     0.0856     0.0427     191946   133.2951     100.00     2.6460     2.2762         20  0.000e+00
     20.164   78.97288  173.60988     20.380    -1.4956    -1.4932  25.449569  25.451537    31.7971    31.7972    373.859    360.985     0.4739     4.5910     0.1038     0.1038     0.0845     0.0440     191947   133.2958     100.00     2.6448     2.2749         20  0.000e+00
     20.164   78.97288  173.60988     20.380    -1.4955    -1.4932  25.450510  25.450431    31.7983    31.7957    374.067    361.240     0.4739     4.5897     0.1038     0.1038     0.0856     0.0440     191948   133.2965     100.00     2.6460     2.2762         20  0.000e+00
     20.237   78.97288  173.60988     20.454    -1.4955    -1.4936  25.450686  25.449269    31.7985    31.7945    373.857    361.503     0.4434     4.5897     0.1038     0.1038     0.0856     0.0427     191949   133.2972     100.00     2.6448     2.2774         20  0.000e+00
     20.221   78.97288  173.60988     20.438    -1.4952    -1.4940  25.451333  25.447665    31.7991    31.7927    374.064    362.013     0.4434     4.5910     0.1038     0.1038     0.0845     0.0427     191950   133.2979     100.00     2.6460     2.2798         20  0.000e+00
     20.221   78.97288  173.60988     20.438    -1.4948    -1.4941  25.451804  25.445563    31.7993    31.7900    373.847    362.273     0.4434     4.5910     0.1038     0.1038     0.0845     0.0427     191951   133.2986     100.00     2.6448     2.2810         20  0.000e+00
     20.164   78.97288  173.60988     20.380    -1.4952    -1.4944  25.451862  25.443295    31.7999    31.7872    373.847    362.533     0.4434     4.5910     0.1038     0.1038     0.0845     0.0427     191952   133.2993     100.00     2.6448     2.2823         20  0.000e+00
     20.237   78.97288  173.60988     20.454    -1.4951    -1.4948  25.451863  25.441580    31.7997    31.7853    373.849    363.049     0.4434     4.5897     0.1038     0.1038     0.0856     0.0427     191953   133.3000     100.00     2.6448     2.2847         20  0.000e+00
     20.221   78.97288  173.60988     20.438    -1.4952    -1.4950  25.452039  25.440474    31.8001    31.7839    373.849    363.556     0.4434     4.5897     0.1038     0.1038     0.0856     0.0427     191954   133.3007     100.00     2.6448     2.2871         20  0.000e+00
     20.164   78.97288  173.60988     20.380    -1.4955    -1.4956  25.452098  25.439866    31.8004    31.7838    373.847    363.811     0.4434     4.5897     0.1038     0.1038     0.0856     0.0427     191955   133.3014     100.00     2.6448     2.2884         20  0.000e+00
     20.180   78.97288  173.60988     20.396    -1.4951    -1.4952  25.451745  25.440031    31.7995    31.7836    373.846    363.306     0.4739     4.5897     0.1038     0.1038     0.0856     0.0440     191956   133.3021     100.00     2.6448     2.2859         20  0.000e+00
     20.221   78.97288  173.60988     20.438    -1.4952    -1.4950  25.451627  25.441525    31.7995    31.7854    373.850    362.547     0.4434     4.5897     0.1050     0.1050     0.0856     0.0427     191957   133.3028     100.00     2.6448     2.2823         20  0.000e+00
     20.221   78.97288  173.60988     20.438    -1.4951    -1.4949  25.451627  25.443129    31.7994    31.7875    373.849    362.289     0.4739     4.5897     0.1038     0.1038     0.0856     0.0440     191958   133.3035     100.00     2.6448     2.2810         20  0.000e+00
     20.164   78.97288  173.60988     20.380    -1.4951    -1.4947  25.451274  25.445729    31.7989    31.7909    373.847    362.274     0.4434     4.5897     0.1038     0.1038     0.0856     0.0427     191959   133.3042     100.00     2.6448     2.2810         20  0.000e+00
     20.237   78.97288  173.60988     20.454    -1.4947    -1.4946  25.450333  25.447997    31.7971    31.7938    373.852    362.017     0.4739     4.5897     0.1038     0.1038     0.0856     0.0440     191960   133.3049     100.00     2.6448     2.2798         20  0.000e+00
     20.221   78.97288  173.60988     20.438    -1.4949    -1.4938  25.449922  25.450155    31.7968    31.7959    373.854    362.002     0.4434     4.5897     0.1038     0.1038     0.0856     0.0427     191961   133.3056     100.00     2.6448     2.2798         20  0.000e+00
     20.164   78.97288  173.60988     20.380    -1.4948    -1.4936  25.450215  25.451869    31.7972    31.7981    373.850    361.991     0.4434     4.5897     0.1038     0.1038     0.0856     0.0427     191962   133.3063     100.00     2.6448     2.2798         20  0.000e+00
     20.180   78.97288  173.60988     20.396    -1.4949    -1.4935  25.451627  25.454082    31.7992    31.8010    373.845    361.982     0.4739     4.5897     0.1038     0.1038     0.0856     0.0440     191963   133.3069     100.00     2.6448     2.2798         20  0.000e+00
     20.221   78.97288  173.60988     20.438    -1.4944    -1.4930  25.453568  25.455798    31.8013    31.8029    374.047    361.722     0.4739     4.5897     0.1038     0.1038     0.0856     0.0440     191964   133.3076     100.00     2.6460     2.2786         20  0.000e+00
     20.221   78.97288  173.60988     20.438    -1.4940    -1.4929  25.454274  25.455410    31.8018    31.8022    373.829    361.974     0.4739     4.5897     0.1038     0.1038     0.0856     0.0440     191965   133.3083     100.00     2.6448     2.2798         20  0.000e+00
     20.221   78.97288  173.60988     20.438    -1.4938    -1.4933  25.455097  25.451593    31.8027    31.7974    373.824    362.494     0.4739     4.5897     0.1038     0.1038     0.0856     0.0440     191966   133.3090     100.00     2.6448     2.2823         20  0.000e+00
     20.180   78.97288  173.60988     20.396    -1.4934    -1.4942  25.455509  25.446891    31.8029    31.7919    373.605    362.769     0.4434     4.5897     0.1038     0.1038     0.0856     0.0427     191967   133.3097     100.00     2.6435     2.2835         20  0.000e+00
     20.221   78.97288  173.60988     20.438    -1.4936    -1.4950  25.454980  25.445342    31.8023    31.7906    373.610    362.281     0.4434     4.5885     0.1038     0.1038     0.0867     0.0427     191968   133.3104     100.00     2.6435     2.2810         20  0.000e+00
     20.221   78.97288  173.60988     20.438    -1.4934    -1.4950  25.454274  25.445231    31.8012    31.7905    373.824    361.528     0.4739     4.5897     0.1038     0.1038     0.0856     0.0440     191969   133.3111     100.00     2.6448     2.2774         20  0.000e+00
     20.221   78.97288  173.60988     20.438    -1.4937    -1.4950  25.453333  25.444070    31.8002    31.7889    373.830    361.031     0.4739     4.5897     0.1038     0.1038     0.0856     0.0440     191970   133.3118     100.00     2.6448     2.2749         20  0.000e+00
     20.180   78.97288  173.60988     20.396    -1.4941    -1.4955  25.452686  25.441691    31.7997    31.7862    373.834    360.791     0.4739     4.5897     0.1038     0.1038     0.0856     0.0440     191971   133.3125     100.00     2.6448     2.2737         20  0.000e+00
     20.164   78.97288  173.60988     20.380    -1.4942    -1.4958  25.452568  25.439866    31.7997    31.7840    373.622    360.799     0.4434     4.5885     0.1050     0.1050     0.0867     0.0427     191972   133.3132     100.00     2.6435     2.2737         20  0.000e+00
     20.221   78.97288  173.60988     20.438    -1.4942    -1.4961  25.452804  25.438870    31.8001    31.7829    373.837    361.060     0.4739     4.5897     0.1038     0.1038     0.0856     0.0440     191973   133.3139     100.00     2.6448     2.2749         20  0.000e+00
     20.180   78.97288  173.60988     20.396    -1.4942    -1.4961  25.453039  25.438151    31.8003    31.7819    373.621    361.311     0.4434     4.5885     0.1038     0.1038     0.0867     0.0427     191974   133.3146     100.00     2.6435     2.2762         20  0.000e+00
     20.221   78.97288  173.60988     20.438    -1.4939    -1.4964  25.452921  25.437653    31.7999    31.7816    373.621    361.318     0.4739     4.5897     0.1038     0.1038     0.0856     0.0440     191975   133.3153     100.00     2.6435     2.2762         20  0.000e+00
     20.221   78.97288  173.60988     20.438    -1.4940    -1.4967  25.452274  25.437155    31.7991    31.7812    373.837    361.322     0.4739     4.5910     0.1038     0.1038     0.0845     0.0440     191976   133.3160     100.00     2.6448     2.2762         20  0.000e+00
     20.221   78.97288  173.60988     20.438    -1.4942    -1.4964  25.451745  25.437045    31.7986    31.7807    373.629    361.571     0.4434     4.5910     0.1038     0.1038     0.0845     0.0427     191977   133.3167     100.00     2.6435     2.2774         20  0.000e+00
     20.237   78.97288  173.60988     20.454    -1.4943    -1.4964  25.451039  25.436879    31.7977    31.7805    373.845    361.573     0.4739     4.5910     0.1038     0.1038     0.0845     0.0440     191978   133.3174     100.00     2.6448     2.2774         20  0.000e+00
     20.164   78.97288  173.60988     20.380    -1.4945    -1.4967  25.450333  25.437543    31.7969    31.7818    373.633    361.569     0.4434     4.5897     0.1038     0.1038     0.0856     0.0427     191979   133.3181     100.00     2.6435     2.2774         20  0.000e+00
     20.221   78.97288  173.60988     20.438    -1.4945    -1.4967  25.449333  25.438206    31.7956    31.7826    373.641    361.318     0.4434     4.5910     0.1038     0.1038     0.0845     0.0427     191980   133.3187     100.00     2.6435     2.2762         20  0.000e+00
     20.237   78.97288  173.60988     20.454    -1.4947    -1.4964  25.447804  25.439368    31.7937    31.7839    373.650    361.312     0.4739     4.5910     0.1038     0.1038     0.0845     0.0440     191981   133.3194     100.00     2.6435     2.2762         20  0.000e+00
     20.221   78.97288  173.60988     20.438    -1.4950    -1.4961  25.446863  25.441415    31.7927    31.7864    373.655    361.301     0.4434     4.5910     0.1038     0.1038     0.0845     0.0427     191982   133.3201     100.00     2.6435     2.2762         20  0.000e+00
     20.164   78.97288  173.60988     20.380    -1.4951    -1.4953  25.445863  25.442742    31.7915    31.7874    373.869    361.035     0.4739     4.5910     0.1038     0.1038     0.0845     0.0440     191983   133.3208     100.00     2.6448     2.2749         20  0.000e+00
     20.221   78.97288  173.60988     20.438    -1.4953    -1.4955  25.445805  25.441138    31.7916    31.7854    373.661    361.297     0.4434     4.5897     0.1038     0.1038     0.0856     0.0427     191984   133.3215     100.00     2.6435     2.2762         20  0.000e+00
     20.180   78.97288  173.60988     20.396    -1.4955    -1.4956  25.445510  25.437155    31.7914    31.7801    373.874    361.562     0.4434     4.5910     0.1038     0.1038     0.0845     0.0427     191985   133.3222     100.00     2.6448     2.2774         20  0.000e+00
     20.221   78.97288  173.60988     20.438    -1.4956    -1.4959  25.445216  25.435717    31.7911    31.7784    373.667    361.572     0.4434     4.5910     0.1038     0.1038     0.0845     0.0427     191986   133.3229     100.00     2.6435     2.2774         20  0.000e+00
     20.221   78.97290  173.60988     20.438    -1.4959    -1.4960  25.445158  25.436492    31.7913    31.7795    373.881    361.570     0.4434     4.5910     0.1038     0.1038     0.0845     0.0427     191987   133.3236     100.00     2.6447     2.2774         20  0.000e+00
     20.237   78.97290  173.60988     20.454    -1.4959    -1.4959  25.444628  25.436215    31.7906    31.7791    373.672    361.822     0.4434     4.5910     0.1050     0.1050     0.0845     0.0427     191988   133.3243     100.00     2.6435     2.2786         20  0.000e+00
     20.164   78.97290  173.60988     20.380    -1.4960    -1.4963  25.444628  25.434888    31.7907    31.7777    373.669    362.329     0.4739     4.5910     0.1050     0.1050     0.0845     0.0440     191989   133.3250     100.00     2.6435     2.2810         20  0.000e+00
     20.221   78.97290  173.60988     20.438    -1.4961    -1.4971  25.444864  25.433007    31.7911    31.7759    373.672    362.346     0.4739     4.5910     0.1050     0.1050     0.0845     0.0440     191990   133.3257     100.00     2.6435     2.2810         20  0.000e+00
     20.180   78.97290  173.60988     20.396    -1.4940    -1.4916  25.452333  25.460943    31.7992    31.8085    373.831    361.685     0.5044     4.5910     0.1026     0.1026     0.0845     0.0452     192099   133.4014     100.00     2.6447     2.2786         21  0.000e+00
     20.164   78.97290  173.60988     20.380    -1.4942    -1.4920  25.452745  25.458619    31.8000    31.8057    374.042    361.445     0.4739     4.5910     0.1026     0.1026     0.0845     0.0440     192100   133.4021     100.00     2.6460     2.2774         21  0.000e+00
     20.221   78.97290  173.60988     20.438    -1.4946    -1.4923  25.451921  25.457402    31.7993    31.8043    373.840    361.204     0.4739     4.5910     0.1026     0.1026     0.0845     0.0440     192101   133.4028     100.00     2.6447     2.2761         21  0.000e+00
     20.221   78.97290  173.60988     20.438    -1.4947    -1.4926  25.451392  25.456572    31.7986    31.8035    373.842    361.210     0.5044     4.5910     0.1026     0.1026     0.0845     0.0452     192102   133.4035     100.00     2.6447     2.2761         21  0.000e+00
     20.238   78.97290  173.60988     20.454    -1.4952    -1.4927  25.450039  25.456019    31.7973    31.8028    374.065    361.214     0.5044     4.5910     0.1026     0.1026     0.0845     0.0452     192103   133.4042     100.00     2.6460     2.2761         21  0.000e+00
