Continuous CTD Data/SBE Stage/nabos_testcast.ros
* Sea-Bird SBE 9 Data File:
* FileName = D:\CTD\data\HLY2502\raw\NABOS_TestCast.hex
* Software Version Seasave V 7.26.7.110
* Temperature SN = 6954
* Conductivity SN = 2561
* Number of Bytes Per Scan = 37
* Number of Voltage Words = 4
* Number of Scans Averaged by the Deck Unit = 1
* NMEA Latitude = 54 51.60 N
* NMEA Longitude = 155 23.75 W
* NMEA UTC (Time) = Aug 23 2025  00:14:18
* NMEA baud rate = 9600
** Ship: USCG HEALY
** Bot. Depth:  4270
** Cast Number:
** Station Name:  test
** Station Number:
** Operator:  STARC
# nquan = 25
# nvalues = 1176                                  
# units = specified
# name 0 = depSM: Depth [salt water, m]
# name 1 = latitude: Latitude [deg]
# name 2 = longitude: Longitude [deg]
# name 3 = prDM: Pressure, Digiquartz [db]
# name 4 = t090C: Temperature [ITS-90, deg C]
# name 5 = t190C: Temperature, 2 [ITS-90, deg C]
# name 6 = c0mS/cm: Conductivity [mS/cm]
# name 7 = c1mS/cm: Conductivity, 2 [mS/cm]
# name 8 = sal00: Salinity, Practical [PSU]
# name 9 = sal11: Salinity, Practical, 2 [PSU]
# name 10 = sbox0Mm/Kg: Oxygen, SBE 43 [umol/kg]
# name 11 = sbox1Mm/Kg: Oxygen, SBE 43, 2 [umol/kg]
# name 12 = flECO-AFL: Fluorescence, WET Labs ECO-AFL/FL [mg/m^3]
# name 13 = v2: Voltage 2
# name 14 = wetCDOM: Fluorescence, WET Labs CDOM [mg/m^3]
# name 15 = v6: Voltage 6
# name 16 = CStarAt0: Beam Attenuation, WET Labs C-Star [1/m]
# name 17 = v3: Voltage 3
# name 18 = scan: Scan Count
# name 19 = timeM: Time, Elapsed [minutes]
# name 20 = altM: Altimeter [m]
# name 21 = sbeox0V: Oxygen raw, SBE 43 [V]
# name 22 = sbeox1V: Oxygen raw, SBE 43, 2 [V]
# name 23 = nbf: Bottles Fired
# name 24 = flag:  0.000e+00
# interval = seconds: 0.0416667
# start_time = Aug 23 2025 00:14:18 [NMEA time, header]
# bad_flag = -9.990e-29
*END*
[from data line 928]
      6.642   54.85116 -155.44234      6.703    14.3829    14.3839  39.446068  39.446093    32.3615    32.3606    263.635    258.576     1.1455     4.2894     0.0781     0.0781     0.3566     0.0708     236383   164.1542     100.00     2.7707     2.4015         19  0.000e+00
      6.642   54.85116 -155.44234      6.703    14.3829    14.3835  39.445791  39.445439    32.3613    32.3604    263.918    258.579     1.1455     4.2894     0.0781     0.0781     0.3566     0.0708     236384   164.1549     100.00     2.7732     2.4015         19  0.000e+00
      6.700   54.85116 -155.44234      6.761    14.3825    14.3830  39.445930  39.445048    32.3617    32.3604    263.921    258.584     1.1455     4.2906     0.0781     0.0781     0.3554     0.0708     236385   164.1556     100.00     2.7732     2.4015         19  0.000e+00
      6.880   54.85114 -155.44238      6.943    14.3855    14.3852  39.448153  39.446681    32.3611    32.3601    263.486    258.577     1.2065     4.2882     0.0757     0.0757     0.3577     0.0733     236584   164.2937     100.00     2.7695     2.4015         20  0.000e+00
      6.831   54.85114 -155.44238      6.893    14.3850    14.3848  39.448153  39.446812    32.3615    32.3605    263.486    258.576     1.2065     4.2882     0.0769     0.0769     0.3577     0.0733     236585   164.2944     100.00     2.7695     2.4015         20  0.000e+00
      6.831   54.85114 -155.44238      6.893    14.3849    14.3851  39.447597  39.447008    32.3612    32.3604    263.487    258.575     1.2065     4.2869     0.0757     0.0757     0.3588     0.0733     236586   164.2951     100.00     2.7695     2.4015         20  0.000e+00
      6.757   54.85114 -155.44238      6.819    14.3843    14.3847  39.447458  39.446550    32.3615    32.3604    263.629    258.575     1.1760     4.2882     0.0757     0.0757     0.3577     0.0720     236587   164.2958     100.00     2.7707     2.4015         20  0.000e+00
      6.831   54.85114 -155.44238      6.893    14.3847    14.3846  39.446902  39.446159    32.3607    32.3601    263.631    258.411     1.2065     4.2906     0.0769     0.0769     0.3554     0.0733     236588   164.2965     100.00     2.7707     2.4003         20  0.000e+00
      6.757   54.85114 -155.44238      6.819    14.3842    14.3844  39.447527  39.445570    32.3617    32.3598    263.629    258.578     1.2065     4.2918     0.0757     0.0757     0.3543     0.0733     236589   164.2972     100.00     2.7707     2.4015         20  0.000e+00
      6.765   54.85114 -155.44238      6.827    14.3845    14.3840  39.447805  39.445897    32.3617    32.3604    263.628    258.579     1.2065     4.2918     0.0757     0.0757     0.3543     0.0733     236590   164.2979     100.00     2.7707     2.4015         20  0.000e+00
      6.757   54.85114 -155.44238      6.819    14.3843    14.3836  39.447249  39.445440    32.3613    32.3603    263.629    258.581     1.2065     4.2918     0.0757     0.0757     0.3543     0.0733     236591   164.2986     100.00     2.7707     2.4015         20  0.000e+00
      6.708   54.85114 -155.44238      6.769    14.3842    14.3833  39.447319  39.444852    32.3615    32.3600    263.628    258.581     1.1760     4.2906     0.0757     0.0757     0.3554     0.0720     236592   164.2993     100.00     2.7707     2.4015         20  0.000e+00
      6.757   54.85114 -155.44238      6.819    14.3840    14.3831  39.447180  39.444917    32.3615    32.3602    263.630    258.416     1.2065     4.2918     0.0769     0.0769     0.3543     0.0733     236593   164.3000     100.00     2.7707     2.4003         20  0.000e+00
      6.708   54.85114 -155.44238      6.769    14.3842    14.3830  39.446833  39.444786    32.3611    32.3602    263.629    258.415     1.1760     4.2906     0.0757     0.0757     0.3554     0.0720     236594   164.3007     100.00     2.7707     2.4003         20  0.000e+00
      6.700   54.85114 -155.44238      6.761    14.3839    14.3830  39.446971  39.444721    32.3615    32.3601    263.771    258.415     1.1760     4.2918     0.0757     0.0757     0.3543     0.0720     236595   164.3014     100.00     2.7719     2.4003         20  0.000e+00
      6.708   54.85114 -155.44238      6.769    14.3835    14.3828  39.446555  39.444917    32.3614    32.3605    263.632    258.248     1.1760     4.2918     0.0769     0.0769     0.3543     0.0720     236596   164.3021     100.00     2.7707     2.3991         20  0.000e+00
      6.642   54.85114 -155.44238      6.703    14.3835    14.3825  39.446624  39.444525    32.3615    32.3604    263.771    258.415     1.1760     4.2918     0.0757     0.0757     0.3543     0.0720     236597   164.3028     100.00     2.7719     2.4003         20  0.000e+00
      6.708   54.85114 -155.44238      6.769    14.3833    14.3828  39.446485  39.444394    32.3615    32.3600    263.774    258.416     1.1455     4.2918     0.0757     0.0757     0.3543     0.0708     236598   164.3035     100.00     2.7719     2.4003         20  0.000e+00
      6.642   54.85114 -155.44238      6.703    14.3833    14.3825  39.446416  39.444590    32.3614    32.3605    263.913    258.415     1.1760     4.2918     0.0757     0.0757     0.3543     0.0720     236599   164.3042     100.00     2.7732     2.4003         20  0.000e+00
      6.576   54.85114 -155.44238      6.636    14.3832    14.3825  39.445860  39.444721    32.3611    32.3606    263.771    258.413     1.1760     4.2918     0.0769     0.0769     0.3543     0.0720     236600   164.3049     100.00     2.7719     2.4003         20  0.000e+00
      6.642   54.85114 -155.44238      6.703    14.3830    14.3824  39.445929  39.444459    32.3613    32.3604    263.774    258.248     1.1760     4.2918     0.0757     0.0757     0.3543     0.0720     236601   164.3056     100.00     2.7719     2.3991         20  0.000e+00
      6.576   54.85114 -155.44238      6.636    14.3832    14.3823  39.446276  39.444394    32.3615    32.3604    263.912    258.078     1.1760     4.2918     0.0757     0.0757     0.3543     0.0720     236602   164.3063     100.00     2.7732     2.3978         20  0.000e+00
      6.585   54.85114 -155.44238      6.644    14.3828    14.3827  39.445860  39.444394    32.3614    32.3602    263.914    258.077     1.1760     4.2918     0.0757     0.0757     0.3543     0.0720     236603   164.3069     100.00     2.7732     2.3978         20  0.000e+00
      6.576   54.85114 -155.44238      6.636    14.3827    14.3826  39.445721  39.444590    32.3614    32.3604    263.914    258.077     1.1760     4.2906     0.0757     0.0757     0.3554     0.0720     236604   164.3076     100.00     2.7732     2.3978         20  0.000e+00
      6.585   54.85114 -155.44238      6.644    14.3827    14.3823  39.445721  39.444133    32.3614    32.3602    263.915    258.079     1.1760     4.2918     0.0757     0.0757     0.3543     0.0720     236605   164.3083     100.00     2.7732     2.3978         20  0.000e+00
      6.576   54.85114 -155.44238      6.636    14.3825    14.3824  39.445929  39.444263    32.3617    32.3602    263.915    258.078     1.1760     4.2906     0.0757     0.0757     0.3554     0.0720     236606   164.3090     100.00     2.7732     2.3978         20  0.000e+00
      6.527   54.85114 -155.44238      6.586    14.3825    14.3822  39.445512  39.444394    32.3614    32.3606    264.055    258.077     1.1760     4.2906     0.0757     0.0757     0.3554     0.0720     236607   164.3097     100.00     2.7744     2.3978         20  0.000e+00
      6.519   54.85114 -155.44238      6.578    14.3827    14.3822  39.445860  39.444590    32.3615    32.3608    263.912    258.077     1.2065     4.2918     0.0757     0.0757     0.3543     0.0733     236608   164.3104     100.00     2.7732     2.3978         20  0.000e+00
      6.527   54.85114 -155.44238      6.586    14.3825    14.3821  39.445512  39.444459    32.3614    32.3607    264.055    258.077     1.1760     4.2918     0.0757     0.0757     0.3543     0.0720     236609   164.3111     100.00     2.7744     2.3978         20  0.000e+00
      6.527   54.85114 -155.44238      6.586    14.3825    14.3822  39.445373  39.444067    32.3612    32.3603    264.055    258.245     1.2065     4.2918     0.0757     0.0757     0.3543     0.0733     236610   164.3118     100.00     2.7744     2.3990         20  0.000e+00
      6.519   54.85114 -155.44238      6.578    14.3825    14.3822  39.445860  39.444132    32.3617    32.3603    264.054    258.077     1.1760     4.2918     0.0757     0.0757     0.3543     0.0720     236611   164.3125     100.00     2.7744     2.3978         20  0.000e+00
      6.527   54.85114 -155.44238      6.586    14.3827    14.3822  39.445790  39.444002    32.3615    32.3603    264.054    258.078     1.1760     4.2918     0.0757     0.0757     0.3543     0.0720     236612   164.3132     100.00     2.7744     2.3978         20  0.000e+00
      6.461   54.85114 -155.44238      6.520    14.3825    14.3820  39.445720  39.443740    32.3616    32.3602    264.052    258.077     1.1760     4.2918     0.0769     0.0769     0.3543     0.0720     236613   164.3139     100.00     2.7744     2.3978         20  0.000e+00
      6.527   54.85114 -155.44240      6.586    14.3825    14.3821  39.445721  39.444459    32.3615    32.3607    264.055    258.077     1.1760     4.2918     0.0757     0.0757     0.3543     0.0720     236614   164.3146     100.00     2.7744     2.3978         20  0.000e+00
      6.461   54.85114 -155.44240      6.520    14.3825    14.3820  39.445720  39.444459    32.3616    32.3609    264.052    258.243     1.1760     4.2918     0.0769     0.0769     0.3543     0.0720     236615   164.3153     100.00     2.7744     2.3990         20  0.000e+00
      6.404   54.85114 -155.44240      6.462    14.3823    14.3820  39.445442  39.444067    32.3615    32.3605    264.052    258.242     1.1455     4.2918     0.0757     0.0757     0.3543     0.0708     236616   164.3160     100.00     2.7744     2.3990         20  0.000e+00
      6.519   54.85114 -155.44240      6.578    14.3825    14.3821  39.445373  39.444263    32.3612    32.3605    264.055    258.245     1.1455     4.2918     0.0757     0.0757     0.3543     0.0708     236617   164.3167     100.00     2.7744     2.3990         20  0.000e+00
      6.461   54.85114 -155.44240      6.520    14.3821    14.3822  39.445582  39.444067    32.3617    32.3603    264.054    258.243     1.1455     4.2918     0.0757     0.0757     0.3543     0.0708     236618   164.3174     100.00     2.7744     2.3990         20  0.000e+00
      6.461   54.85114 -155.44240      6.520    14.3825    14.3821  39.445443  39.444001    32.3613    32.3603    263.912    258.243     1.1149     4.2918     0.0757     0.0757     0.3543     0.0696     236619   164.3181     100.00     2.7732     2.3990         20  0.000e+00
      6.404   54.85114 -155.44240      6.462    14.3823    14.3820  39.445581  39.444001    32.3616    32.3605    264.051    258.242     1.1455     4.2918     0.0757     0.0757     0.3543     0.0708     236620   164.3187     100.00     2.7744     2.3990         20  0.000e+00
      6.461   54.85114 -155.44240      6.520    14.3825    14.3818  39.445720  39.444524    32.3616    32.3610    263.911    258.244     1.1149     4.2918     0.0757     0.0757     0.3543     0.0696     236621   164.3194     100.00     2.7732     2.3990         20  0.000e+00
      6.396   54.85114 -155.44240      6.454    14.3825    14.3821  39.445442  39.444132    32.3613    32.3605    264.051    258.241     1.1455     4.2918     0.0757     0.0757     0.3543     0.0708     236622   164.3201     100.00     2.7744     2.3990         20  0.000e+00
      6.461   54.85114 -155.44240      6.520    14.3825    14.3823  39.445581  39.444263    32.3614    32.3604    263.911    258.410     1.1149     4.2918     0.0757     0.0757     0.3543     0.0696     236623   164.3208     100.00     2.7732     2.4003         20  0.000e+00
      6.396   54.85114 -155.44240      6.454    14.3825    14.3821  39.445442  39.444067    32.3613    32.3604    263.909    258.409     1.1455     4.2918     0.0769     0.0769     0.3543     0.0708     236624   164.3215     100.00     2.7732     2.4003         20  0.000e+00
      6.461   54.85114 -155.44240      6.520    14.3825    14.3822  39.445373  39.444263    32.3613    32.3605    263.912    258.411     1.1455     4.2918     0.0757     0.0757     0.3543     0.0708     236625   164.3222     100.00     2.7732     2.4003         20  0.000e+00
      6.396   54.85114 -155.44240      6.454    14.3825    14.3822  39.445373  39.444589    32.3613    32.3609    263.909    258.575     1.1149     4.2918     0.0769     0.0769     0.3543     0.0696     236626   164.3229     100.00     2.7732     2.4015         20  0.000e+00
      6.404   54.85114 -155.44240      6.462    14.3823    14.3826  39.445373  39.444916    32.3614    32.3608    263.910    258.574     1.1149     4.2906     0.0769     0.0769     0.3554     0.0696     236627   164.3236     100.00     2.7732     2.4015         20  0.000e+00
      6.461   54.85114 -155.44240      6.520    14.3825    14.3828  39.445859  39.444785    32.3617    32.3605    263.911    258.575     1.1149     4.2894     0.0757     0.0757     0.3566     0.0696     236628   164.3243     100.00     2.7732     2.4015         20  0.000e+00
      6.404   54.85114 -155.44240      6.462    14.3827    14.3828  39.445790  39.444720    32.3615    32.3604    264.050    258.573     1.1455     4.2894     0.0757     0.0757     0.3566     0.0708     236629   164.3250     100.00     2.7744     2.4015         20  0.000e+00
      6.396   54.85114 -155.44240      6.454    14.3823    14.3831  39.445442  39.444916    32.3615    32.3604    263.910    258.571     1.1455     4.2882     0.0769     0.0769     0.3577     0.0708     236630   164.3257     100.00     2.7732     2.4015         20  0.000e+00
      6.404   54.85114 -155.44240      6.462    14.3825    14.3832  39.445859  39.445177    32.3617    32.3605    264.050    258.403     1.1455     4.2894     0.0757     0.0757     0.3566     0.0708     236631   164.3264     100.00     2.7744     2.4003         20  0.000e+00
      6.461   54.85114 -155.44240      6.520    14.3825    14.3836  39.445512  39.445373    32.3614    32.3603    264.053    258.403     1.1455     4.2894     0.0757     0.0757     0.3566     0.0708     236632   164.3271     100.00     2.7744     2.4003         20  0.000e+00
      6.642   54.85112 -155.44242      6.703    14.3840    14.3837  39.446971  39.445439    32.3614    32.3603    263.767    258.576     1.1455     4.1526     0.0769     0.0769     0.4863     0.0708     236729   164.3944     100.00     2.7719     2.4015         21  0.000e+00
      6.708   54.85112 -155.44242      6.769    14.3839    14.3837  39.446833  39.445113    32.3614    32.3599    263.770    258.578     1.1760     4.2723     0.0757     0.0757     0.3725     0.0720     236730   164.3951     100.00     2.7719     2.4015         21  0.000e+00
      6.642   54.85112 -155.44242      6.703    14.3840    14.3835  39.446971  39.445570    32.3614    32.3605    263.908    258.576     1.1760     4.2930     0.0757     0.0757     0.3531     0.0720     236731   164.3958     100.00     2.7732     2.4015         21  0.000e+00
      6.708   54.85112 -155.44242      6.769    14.3839    14.3837  39.446833  39.445766    32.3614    32.3605    263.770    258.577     1.1760     4.2857     0.0757     0.0757     0.3600     0.0720     236732   164.3965     100.00     2.7719     2.4015         21  0.000e+00
      6.576   54.85112 -155.44242      6.636    14.3840    14.3837  39.446763  39.445766    32.3612    32.3606    263.765    258.741     1.1760     4.2808     0.0757     0.0757     0.3645     0.0720     236733   164.3972     100.00     2.7719     2.4027         21  0.000e+00
