Continuous CTD Data/SBE Stage/nabos_41_01avg.cnv
* Sea-Bird SBE 9 Data File:
* FileName = D:\CTD\data\HLY2502\raw\NABOS_41_01.hex
* Software Version Seasave V 7.26.7.110
* Temperature SN = 6954
* Conductivity SN = 2561
* Number of Bytes Per Scan = 37
* Number of Voltage Words = 4
* Number of Scans Averaged by the Deck Unit = 1
* NMEA Latitude = 79 39.37 N
* NMEA Longitude = 125 55.91 E
* NMEA UTC (Time) = Sep 27 2025  03:16:02
* NMEA baud rate = 9600
** Ship: USCG HEALY
** Bot. Depth:  3277
** Cast Number:  01
** Station Name:  NABOS
** Station Number:  41
** Operator:  STARC
# nquan = 25
# nvalues = 1213                        
# units = specified
# name 0 = depSM: Depth [salt water, m]
# name 1 = latitude: Latitude [deg]
# name 2 = longitude: Longitude [deg]
# name 3 = prDM: Pressure, Digiquartz [db]
# name 4 = t090C: Temperature [ITS-90, deg C]
# name 5 = t190C: Temperature, 2 [ITS-90, deg C]
# name 6 = c0mS/cm: Conductivity [mS/cm]
# name 7 = c1mS/cm: Conductivity, 2 [mS/cm]
# name 8 = sal00: Salinity, Practical [PSU]
# name 9 = sal11: Salinity, Practical, 2 [PSU]
# name 10 = sbox0Mm/Kg: Oxygen, SBE 43 [umol/kg]
# name 11 = sbox1Mm/Kg: Oxygen, SBE 43, 2 [umol/kg]
# name 12 = flECO-AFL: Fluorescence, WET Labs ECO-AFL/FL [mg/m^3]
# name 13 = v2: Voltage 2
# name 14 = wetCDOM: Fluorescence, WET Labs CDOM [mg/m^3]
# name 15 = v6: Voltage 6
# name 16 = CStarAt0: Beam Attenuation, WET Labs C-Star [1/m]
# name 17 = v3: Voltage 3
# name 18 = scan: Scan Count
# name 19 = timeM: Time, Elapsed [minutes]
# name 20 = altM: Altimeter [m]
# name 21 = sbeox0V: Oxygen raw, SBE 43 [V]
# name 22 = sbeox1V: Oxygen raw, SBE 43, 2 [V]
# name 23 = nbin: number of scans per bin
# name 24 = flag: flag
# span 0 =      3.958,   1199.640       
# span 1 =   79.65432,   79.65599       
# span 2 =  125.93190,  125.93204       
# span 3 =      4.000,   1216.000       
# span 4 =    -1.8390,     1.9387       
# span 5 =    -1.8391,     1.9383       
# span 6 =  23.587192,  30.741892       
# span 7 =  23.585737,  30.739666       
# span 8 =    29.3605,    34.9097       
# span 9 =    29.3587,    35.2487       
# span 10 =    287.451,    384.153      
# span 11 =    189.866,    375.524      
# span 12 =    -0.1803,     0.3320      
# span 13 =     4.5047,     4.6321      
# span 14 =     0.0659,     0.1254      
# span 15 =     0.0659,     0.1254      
# span 16 =     0.0489,     0.1612      
# span 17 =     0.0178,     0.0383      
# span 18 =       4302,      37834      
# span 19 =     2.9865,    26.2730      
# span 20 =     100.00,     100.00      
# span 21 =     1.9903,     2.7167      
# span 22 =     1.4110,     2.3555      
# span 23 =         10,         28      
# span 24 = 0.0000e+00, 0.0000e+00      
# interval = decibars: 1                
# start_time = Sep 27 2025 03:16:02 [NMEA time, header]
# bad_flag = -9.990e-29
*END*
[from data line 638]
    634.231   79.65510  125.93200    642.000     0.3799     0.5714  29.555464  29.999373    34.8671    35.2296    294.483    192.984    -0.1694     4.6302     0.0827     0.0827     0.0505     0.0182      22929    15.9223     100.00     2.1842     1.4634         15 0.0000e+00
    635.217   79.65510  125.93200    643.000     0.3813     0.5663  29.557213  29.996158    34.8671    35.2305    294.355    193.002    -0.1630     4.6301     0.0830     0.0830     0.0505     0.0185      22954    15.9395     100.00     2.1833     1.4632         15 0.0000e+00
    636.204   79.65510  125.93200    644.000     0.3873     0.5612  29.563070  29.993018    34.8675    35.2316    294.346    192.944    -0.1475     4.6299     0.0830     0.0830     0.0507     0.0191      22979    15.9566     100.00     2.1833     1.4627         14 0.0000e+00
    637.190   79.65510  125.93200    645.000     0.3886     0.5562  29.564743  29.989774    34.8676    35.2325    294.370    192.775    -0.1751     4.6300     0.0834     0.0834     0.0506     0.0180      23003    15.9736     100.00     2.1833     1.4616         15 0.0000e+00
    638.177   79.65510  125.93200    646.000     0.3905     0.5512  29.567096  29.986570    34.8679    35.2335    294.336    192.615    -0.1556     4.6301     0.0850     0.0850     0.0505     0.0188      23028    15.9906     100.00     2.1830     1.4606         13 0.0000e+00
    639.163   79.65510  125.93200    647.000     0.3953     0.5462  29.571875  29.983224    34.8683    35.2341    294.207    192.678    -0.1589     4.6301     0.0838     0.0838     0.0505     0.0186      23052    16.0078     100.00     2.1823     1.4606         15 0.0000e+00
    640.149   79.65508  125.93200    648.000     0.4001     0.5413  29.577140  29.979972    34.8691    35.2349    294.242    192.636    -0.1437     4.6301     0.0829     0.0829     0.0505     0.0192      23077    16.0250     100.00     2.1825     1.4601         15 0.0000e+00
    641.136   79.65508  125.93200    649.000     0.4033     0.5366  29.580649  29.976783    34.8695    35.2355    294.112    192.826    -0.1320     4.6306     0.0819     0.0819     0.0501     0.0197      23101    16.0419     100.00     2.1817     1.4608         13 0.0000e+00
    642.122   79.65508  125.93200    650.000     0.4037     0.5319  29.581457  29.973434    34.8695    35.2359    294.099    192.500    -0.1309     4.6306     0.0833     0.0833     0.0502     0.0197      23126    16.0592     100.00     2.1814     1.4590         16 0.0000e+00
    643.108   79.65508  125.93200    651.000     0.4039     0.5275  29.581925  29.970166    34.8693    35.2360    294.039    192.600    -0.1712     4.6301     0.0834     0.0834     0.0505     0.0181      23151    16.0762     100.00     2.1809     1.4592         13 0.0000e+00
    644.095   79.65508  125.93200    652.000     0.4078     0.5231  29.586133  29.966945    34.8699    35.2362    293.936    192.633    -0.1427     4.6300     0.0833     0.0833     0.0506     0.0193      23175    16.0933     100.00     2.1803     1.4592         15 0.0000e+00
    645.081   79.65508  125.93200    653.000     0.4051     0.5190  29.584120  29.963712    34.8697    35.2360    293.973    192.478    -0.1656     4.6309     0.0838     0.0838     0.0499     0.0184      23200    16.1105     100.00     2.1801     1.4582         15 0.0000e+00
    646.067   79.65508  125.93200    654.000     0.3798     0.5151  29.561807  29.960398    34.8685    35.2356    294.261    192.366    -0.1690     4.6302     0.0839     0.0839     0.0505     0.0182      23225    16.1276     100.00     2.1803     1.4574         16 0.0000e+00
    647.054   79.65508  125.93200    655.000     0.3218     0.5114  29.511498  29.957210    34.8674    35.2351    294.593    192.471    -0.1721     4.6307     0.0838     0.0838     0.0500     0.0181      23249    16.1445     100.00     2.1791     1.4577         12 0.0000e+00
    648.040   79.65508  125.93200    656.000     0.2875     0.5078  29.482012  29.953941    34.8668    35.2343    294.551    192.926    -0.1766     4.6305     0.0837     0.0837     0.0502     0.0179      23274    16.1618     100.00     2.1769     1.4597         16 0.0000e+00
    649.026   79.65508  125.93200    657.000     0.2775     0.5044  29.473211  29.950760    34.8660    35.2334    294.475    192.248    -0.1711     4.6303     0.0828     0.0828     0.0504     0.0181      23298    16.1788     100.00     2.1758     1.4562         15 0.0000e+00
    650.013   79.65508  125.93200    658.000     0.2770     0.5009  29.472778  29.947545    34.8654    35.2326    294.494    192.298    -0.1671     4.6301     0.0828     0.0828     0.0505     0.0183      23323    16.1960     100.00     2.1756     1.4562         16 0.0000e+00
    650.999   79.65508  125.93200    659.000     0.2767     0.4974  29.472750  29.944497    34.8651    35.2320    294.596    192.037    -0.1671     4.6307     0.0827     0.0827     0.0500     0.0183      23348    16.2130     100.00     2.1760     1.4547         14 0.0000e+00
    651.985   79.65508  125.93200    660.000     0.2771     0.4935  29.473490  29.941391    34.8650    35.2318    294.815    192.051    -0.1714     4.6305     0.0838     0.0838     0.0502     0.0181      23372    16.2301     100.00     2.1770     1.4545         14 0.0000e+00
    652.971   79.65508  125.93200    661.000     0.2788     0.4893  29.475283  29.938134    34.8649    35.2318    294.936    192.244    -0.1381     4.6302     0.0830     0.0830     0.0505     0.0194      23397    16.2473     100.00     2.1776     1.4552         17 0.0000e+00
    653.958   79.65508  125.93200    662.000     0.2809     0.4848  29.477764  29.935074    34.8652    35.2322    295.010    192.320    -0.1366     4.6301     0.0830     0.0830     0.0505     0.0195      23422    16.2644     100.00     2.1779     1.4554         16 0.0000e+00
    654.944   79.65508  125.93200    663.000     0.2835     0.4800  29.480553  29.931893    34.8653    35.2330    294.935    191.881    -0.1400     4.6300     0.0834     0.0834     0.0506     0.0194      23446    16.2816     100.00     2.1773     1.4530         18 0.0000e+00
    655.930   79.65506  125.93200    664.000     0.2859     0.4751  29.483309  29.928770    34.8657    35.2339    294.859    192.017    -0.1720     4.6297     0.0839     0.0839     0.0509     0.0181      23471    16.2987     100.00     2.1768     1.4534         17 0.0000e+00
    656.917   79.65506  125.93200    665.000     0.2871     0.4700  29.484824  29.925509    34.8657    35.2348    294.712    192.222    -0.1578     4.6299     0.0847     0.0847     0.0507     0.0187      23496    16.3158     100.00     2.1758     1.4541         19 0.0000e+00
    657.903   79.65506  125.93200    666.000     0.2875     0.4648  29.485763  29.922404    34.8659    35.2361    294.619    192.129    -0.1378     4.6300     0.0855     0.0855     0.0506     0.0195      23520    16.3328     100.00     2.1751     1.4534         16 0.0000e+00
    658.889   79.65506  125.93200    667.000     0.2904     0.4597  29.488908  29.919138    34.8662    35.2370    294.483    191.806    -0.1551     4.6292     0.0829     0.0829     0.0513     0.0188      23545    16.3498     100.00     2.1742     1.4516         16 0.0000e+00
    659.875   79.65506  125.93200    668.000     0.2931     0.4547  29.491884  29.915849    34.8665    35.2378    294.459    191.803    -0.1682     4.6295     0.0829     0.0829     0.0510     0.0183      23569    16.3668     100.00     2.1740     1.4513         14 0.0000e+00
    660.861   79.65506  125.93200    669.000     0.2964     0.4496  29.495498  29.912582    34.8668    35.2388    294.415    192.052    -0.1511     4.6299     0.0828     0.0828     0.0507     0.0189      23594    16.3841     100.00     2.1737     1.4523         15 0.0000e+00
    661.848   79.65506  125.93200    670.000     0.2965     0.4447  29.495974  29.909380    34.8668    35.2396    294.383    192.430    -0.1322     4.6298     0.0829     0.0829     0.0508     0.0197      23619    16.4013     100.00     2.1733     1.4539         19 0.0000e+00
    662.834   79.65506  125.93200    671.000     0.2969     0.4399  29.496794  29.906128    34.8668    35.2402    294.215    192.155    -0.1325     4.6294     0.0836     0.0836     0.0512     0.0197      23643    16.4182     100.00     2.1722     1.4523         15 0.0000e+00
    663.820   79.65506  125.93200    672.000     0.2971     0.4352  29.497473  29.902739    34.8669    35.2406    294.114    192.235    -0.1367     4.6301     0.0835     0.0835     0.0505     0.0195      23668    16.4356     100.00     2.1713     1.4524         19 0.0000e+00
    664.807   79.65506  125.93200    673.000     0.2961     0.4307  29.497029  29.899529    34.8670    35.2408    294.142    191.759    -0.1328     4.6293     0.0829     0.0829     0.0512     0.0197      23692    16.4524     100.00     2.1712     1.4499         16 0.0000e+00
    665.793   79.65506  125.93200    674.000     0.2935     0.4263  29.495175  29.896208    34.8668    35.2410    294.190    192.232    -0.1720     4.6297     0.0834     0.0834     0.0509     0.0181      23717    16.4697     100.00     2.1712     1.4519         16 0.0000e+00
    666.779   79.65506  125.93200    675.000     0.2872     0.4220  29.490106  29.892860    34.8667    35.2408    294.176    192.080    -0.1375     4.6299     0.0851     0.0851     0.0507     0.0195      23742    16.4869     100.00     2.1706     1.4509         17 0.0000e+00
    667.765   79.65506  125.93200    676.000     0.2766     0.4180  29.481308  29.889600    34.8665    35.2406    294.218    192.094    -0.1675     4.6299     0.0838     0.0838     0.0507     0.0183      23766    16.5037     100.00     2.1700     1.4508         13 0.0000e+00
    668.751   79.65506  125.93200    677.000     0.2645     0.4140  29.471017  29.886233    34.8661    35.2401    294.177    192.349    -0.1557     4.6300     0.0828     0.0828     0.0506     0.0188      23791    16.5210     100.00     2.1690     1.4518         18 0.0000e+00
    669.738   79.65506  125.93200    678.000     0.2456     0.4102  29.454878  29.883128    34.8657    35.2398    294.309    191.975    -0.1496     4.6298     0.0840     0.0840     0.0508     0.0190      23816    16.5380     100.00     2.1686     1.4497         14 0.0000e+00
    670.724   79.65506  125.93200    679.000     0.2293     0.4064  29.440983  29.879960    34.8652    35.2394    294.307    192.135    -0.1453     4.6287     0.0830     0.0830     0.0517     0.0192      23840    16.5550     100.00     2.1676     1.4503         14 0.0000e+00
    671.710   79.65506  125.93200    680.000     0.2159     0.4022  29.429401  29.876647    34.8646    35.2392    294.336    191.998    -0.1547     4.6292     0.0837     0.0837     0.0513     0.0188      23865    16.5723     100.00     2.1668     1.4494         17 0.0000e+00
    672.696   79.65505  125.93200    681.000     0.2021     0.3979  29.417672  29.873520    34.8641    35.2394    294.488    191.775    -0.1754     4.6300     0.0840     0.0840     0.0506     0.0180      23890    16.5894     100.00     2.1668     1.4481         15 0.0000e+00
    673.683   79.65504  125.93200    682.000     0.1845     0.3938  29.402447  29.870370    34.8634    35.2394    294.701    191.782    -0.1482     4.6300     0.0841     0.0841     0.0506     0.0190      23914    16.6063     100.00     2.1669     1.4478         12 0.0000e+00
    674.669   79.65504  125.93200    683.000     0.1746     0.3897  29.394031  29.867105    34.8630    35.2392    294.601    192.032    -0.1675     4.6298     0.0834     0.0834     0.0508     0.0183      23939    16.6236     100.00     2.1657     1.4488         15 0.0000e+00
    675.655   79.65504  125.93200    684.000     0.1667     0.3856  29.387645  29.863884    34.8629    35.2391    294.596    192.361    -0.1763     4.6290     0.0827     0.0827     0.0515     0.0179      23963    16.6405     100.00     2.1650     1.4502         14 0.0000e+00
    676.641   79.65504  125.93200    685.000     0.1673     0.3814  29.388423  29.860856    34.8626    35.2393    294.779    192.119    -0.1335     4.6294     0.0835     0.0835     0.0511     0.0196      23988    16.6577     100.00     2.1658     1.4488         14 0.0000e+00
    677.627   79.65504  125.93200    686.000     0.1681     0.3769  29.389550  29.857645    34.8626    35.2396    294.852    192.160    -0.1463     4.6300     0.0847     0.0847     0.0506     0.0191      24013    16.6749     100.00     2.1661     1.4487         15 0.0000e+00
    678.613   79.65504  125.93200    687.000     0.1671     0.3723  29.388928  29.854551    34.8624    35.2403    294.934    191.651    -0.1663     4.6297     0.0841     0.0841     0.0509     0.0183      24037    16.6920     100.00     2.1663     1.4460         14 0.0000e+00
    679.599   79.65504  125.93200    688.000     0.1664     0.3675  29.388573  29.851284    34.8621    35.2409    294.905    192.288    -0.1306     4.6288     0.0830     0.0830     0.0517     0.0198      24062    16.7091     100.00     2.1658     1.4489         14 0.0000e+00
    680.586   79.65504  125.93200    689.000     0.1667     0.3625  29.389258  29.848066    34.8621    35.2417    294.776    191.940    -0.1325     4.6295     0.0839     0.0839     0.0511     0.0197      24087    16.7263     100.00     2.1649     1.4469         15 0.0000e+00
    681.572   79.65504  125.93200    690.000     0.1677     0.3575  29.390482  29.844873    34.8621    35.2427    294.734    192.625    -0.1366     4.6297     0.0831     0.0831     0.0509     0.0195      24111    16.7433     100.00     2.1645     1.4500         16 0.0000e+00
    682.558   79.65504  125.93200    691.000     0.1705     0.3523  29.393738  29.841573    34.8625    35.2437    294.701    192.310    -0.1346     4.6300     0.0844     0.0844     0.0506     0.0196      24136    16.7604     100.00     2.1642     1.4482         15 0.0000e+00
    683.544   79.65504  125.93200    692.000     0.1760     0.3471  29.399368  29.838356    34.8631    35.2447    294.491    192.011    -0.1647     4.6291     0.0853     0.0853     0.0514     0.0184      24161    16.7776     100.00     2.1631     1.4465         15 0.0000e+00
    684.530   79.65504  125.93200    693.000     0.1758     0.3421  29.399783  29.835094    34.8633    35.2456    294.398    191.518    -0.1671     4.6288     0.0852     0.0852     0.0517     0.0183      24185    16.7947     100.00     2.1624     1.4439         16 0.0000e+00
    685.516   79.65504  125.93200    694.000     0.1747     0.3369  29.399116  29.831755    34.8631    35.2465    294.284    192.023    -0.1397     4.6294     0.0843     0.0843     0.0511     0.0194      24210    16.8118     100.00     2.1614     1.4461         15 0.0000e+00
    686.502   79.65504  125.93200    695.000     0.1731     0.3321  29.398261  29.828492    34.8632    35.2472    294.159    191.854    -0.1321     4.6291     0.0831     0.0831     0.0514     0.0197      24234    16.8287     100.00     2.1604     1.4450         13 0.0000e+00
    687.489   79.65504  125.93200    696.000     0.1728     0.3271  29.398271  29.825123    34.8630    35.2478    294.100    192.165    -0.1342     4.6297     0.0838     0.0838     0.0509     0.0196      24259    16.8459     100.00     2.1598     1.4463         13 0.0000e+00
    688.475   79.65502  125.93200    697.000     0.1735     0.3223  29.399423  29.821742    34.8631    35.2482    294.120    192.776    -0.1722     4.6298     0.0827     0.0827     0.0508     0.0181      24284    16.8631     100.00     2.1597     1.4490         16 0.0000e+00
    689.461   79.65502  125.93200    698.000     0.1774     0.3179  29.403561  29.818457    34.8636    35.2484    294.153    192.541    -0.1670     4.6300     0.0829     0.0829     0.0506     0.0183      24308    16.8800     100.00     2.1599     1.4476         13 0.0000e+00
