Continuous CTD Data/SBE Stage/nabos_06_01.ros
* Sea-Bird SBE 9 Data File:
* FileName = D:\CTD\data\HLY2502\raw\NABOS_06_01.hex
* Software Version Seasave V 7.26.7.110
* Temperature SN = 6954
* Conductivity SN = 2561
* Number of Bytes Per Scan = 37
* Number of Voltage Words = 4
* Number of Scans Averaged by the Deck Unit = 1
* NMEA Latitude = 75 26.04 N
* NMEA Longitude = 173 41.44 E
* NMEA UTC (Time) = Sep 12 2025  12:20:28
* NMEA baud rate = 9600
** Ship: USCG HEALY
** Bot. Depth:  204
** Cast Number:  01
** Station Name:  NABOS
** Station Number:  06
** Operator:  STARC
# nquan = 25
# nvalues = 980                                   
# units = specified
# name 0 = depSM: Depth [salt water, m]
# name 1 = latitude: Latitude [deg]
# name 2 = longitude: Longitude [deg]
# name 3 = prDM: Pressure, Digiquartz [db]
# name 4 = t090C: Temperature [ITS-90, deg C]
# name 5 = t190C: Temperature, 2 [ITS-90, deg C]
# name 6 = c0mS/cm: Conductivity [mS/cm]
# name 7 = c1mS/cm: Conductivity, 2 [mS/cm]
# name 8 = sal00: Salinity, Practical [PSU]
# name 9 = sal11: Salinity, Practical, 2 [PSU]
# name 10 = sbox0Mm/Kg: Oxygen, SBE 43 [umol/kg]
# name 11 = sbox1Mm/Kg: Oxygen, SBE 43, 2 [umol/kg]
# name 12 = flECO-AFL: Fluorescence, WET Labs ECO-AFL/FL [mg/m^3]
# name 13 = v2: Voltage 2
# name 14 = wetCDOM: Fluorescence, WET Labs CDOM [mg/m^3]
# name 15 = v6: Voltage 6
# name 16 = CStarAt0: Beam Attenuation, WET Labs C-Star [1/m]
# name 17 = v3: Voltage 3
# name 18 = scan: Scan Count
# name 19 = timeM: Time, Elapsed [minutes]
# name 20 = altM: Altimeter [m]
# name 21 = sbeox0V: Oxygen raw, SBE 43 [V]
# name 22 = sbeox1V: Oxygen raw, SBE 43, 2 [V]
# name 23 = nbf: Bottles Fired
# name 24 = flag:  0.000e+00
# interval = seconds: 0.0416667
# start_time = Sep 12 2025 12:20:28 [NMEA time, header]
# bad_flag = -9.990e-29
*END*
[from data line 522]
     29.925   75.43274  173.69258     30.242    -1.4082    -1.4084  24.062745  24.063401    29.8076    29.8086    366.286    342.403     0.3518     4.6154     0.1172     0.1172     0.0633     0.0391      52020    36.1243      83.42     2.5711     2.1607         11  0.000e+00
     29.925   75.43274  173.69258     30.242    -1.4081    -1.4081  24.061996  24.062967    29.8065    29.8077    366.288    342.657     0.3213     4.6154     0.1172     0.1172     0.0633     0.0379      52021    36.1250      83.27     2.5711     2.1619         11  0.000e+00
     29.982   75.43274  173.69258     30.300    -1.4080    -1.4081  24.061246  24.062479    29.8052    29.8070    366.507    343.680     0.3518     4.6166     0.1172     0.1172     0.0622     0.0391      52022    36.1257      83.22     2.5723     2.1668         11  0.000e+00
     29.925   75.43274  173.69258     30.242    -1.4081    -1.4081  24.060900  24.061449    29.8050    29.8057    366.077    345.464     0.3213     4.6166     0.1172     0.1172     0.0622     0.0379      52023    36.1264      83.27     2.5699     2.1753         11  0.000e+00
     29.859   75.43274  173.69258     30.175    -1.4080    -1.4081  24.060842  24.060418    29.8048    29.8043    366.503    347.502     0.3213     4.6166     0.1172     0.1172     0.0622     0.0379      52024    36.1271      83.30     2.5723     2.1851         11  0.000e+00
     29.925   75.43274  173.69258     30.242    -1.4081    -1.4082  24.060497  24.060039    29.8044    29.8039    366.294    348.526     0.3518     4.6166     0.1172     0.1172     0.0622     0.0391      52025    36.1278      83.15     2.5711     2.1900         11  0.000e+00
     29.925   75.43274  173.69258     30.242    -1.4077    -1.4081  24.060381  24.059442    29.8038    29.8029    366.290    349.546     0.3213     4.6166     0.1172     0.1172     0.0622     0.0379      52026    36.1285      83.05     2.5711     2.1949         11  0.000e+00
     29.925   75.43274  173.69258     30.242    -1.4078    -1.4081  24.060381  24.059280    29.8039    29.8028    366.076    350.566     0.3213     4.6166     0.1172     0.1172     0.0622     0.0379      52027    36.1292      83.03     2.5699     2.1998         11  0.000e+00
     29.925   75.43274  173.69258     30.242    -1.4076    -1.4079  24.060208  24.059063    29.8035    29.8023    366.291    351.074     0.3518     4.6166     0.1172     0.1172     0.0622     0.0391      52028    36.1299      82.98     2.5711     2.2022         11  0.000e+00
     29.859   75.43274  173.69258     30.175    -1.4078    -1.4079  24.060323  24.059008    29.8039    29.8023    366.288    352.090     0.3213     4.6166     0.1172     0.1172     0.0622     0.0379      52029    36.1306      82.76     2.5711     2.2071         11  0.000e+00
     29.941   75.43274  173.69258     30.258    -1.4078    -1.4078  24.060381  24.059009    29.8039    29.8020    366.292    354.385     0.2908     4.6166     0.1172     0.1172     0.0622     0.0366      52030    36.1313      82.71     2.5711     2.2181         11  0.000e+00
     29.859   75.43274  173.69258     30.175    -1.4075    -1.4077  24.060381  24.058954    29.8037    29.8019    366.286    356.927     0.3213     4.6166     0.1172     0.1172     0.0622     0.0379      52031    36.1319      82.54     2.5711     2.2303         11  0.000e+00
     29.859   75.43274  173.69258     30.175    -1.4076    -1.4075  24.060035  24.058629    29.8033    29.8013    366.288    358.709     0.3213     4.6166     0.1172     0.1172     0.0622     0.0379      52032    36.1326      82.37     2.5711     2.2389         11  0.000e+00
     29.925   75.43274  173.69258     30.242    -1.4075    -1.4075  24.060439  24.057056    29.8037    29.7991    366.289    359.482     0.3213     4.6166     0.1172     0.1172     0.0622     0.0379      52033    36.1333      82.30     2.5711     2.2425         11  0.000e+00
     29.925   75.43274  173.69258     30.242    -1.4076    -1.4070  24.060439  24.056460    29.8038    29.7979    366.074    359.736     0.2908     4.6166     0.1172     0.1172     0.0622     0.0366      52034    36.1340      82.12     2.5699     2.2437         11  0.000e+00
     29.859   75.43274  173.69258     30.175    -1.4076    -1.4072  24.060208  24.056568    29.8036    29.7982    366.072    359.734     0.3213     4.6166     0.1172     0.1172     0.0622     0.0379      52035    36.1347      81.93     2.5699     2.2437         11  0.000e+00
     29.859   75.43274  173.69258     30.175    -1.4077    -1.4069  24.059632  24.056243    29.8028    29.7974    366.290    360.241     0.3213     4.6166     0.1172     0.1172     0.0622     0.0379      52036    36.1354      81.95     2.5711     2.2462         11  0.000e+00
     20.321   75.43276  173.69318     20.536    -1.1341    -1.1335  23.584224  23.584399    28.8976    28.8972    380.615    385.997     0.2602     4.6129     0.1074     0.1074     0.0654     0.0354      54257    37.6778      90.06     2.6578     2.3744         12  0.000e+00
     20.182   75.43276  173.69318     20.395    -1.1316    -1.1315  23.585311  23.584883    28.8968    28.8960    380.582    383.177     0.2602     4.6129     0.1074     0.1074     0.0654     0.0354      54258    37.6785      90.26     2.6578     2.3609         12  0.000e+00
     20.247   75.43276  173.69318     20.461    -1.1295    -1.1295  23.586227  23.585152    28.8959    28.8944    380.563    381.383     0.2602     4.6117     0.1074     0.1074     0.0665     0.0354      54259    37.6792      90.21     2.6578     2.3524         12  0.000e+00
     20.264   75.43276  173.69318     20.478    -1.1292    -1.1293  23.586342  23.585045    28.8957    28.8941    380.775    381.384     0.2602     4.6129     0.1087     0.1087     0.0654     0.0354      54260    37.6799      90.06     2.6590     2.3524         12  0.000e+00
     20.247   75.43276  173.69318     20.461    -1.1295    -1.1286  23.586056  23.585368    28.8956    28.8938    380.564    382.137     0.2602     4.6129     0.1074     0.1074     0.0654     0.0354      54261    37.6806      90.06     2.6578     2.3561         12  0.000e+00
     20.247   75.43276  173.69318     20.461    -1.1299    -1.1280  23.585712  23.585260    28.8956    28.8931    380.569    382.132     0.2602     4.6117     0.1074     0.1074     0.0665     0.0354      54262    37.6812      90.26     2.6578     2.3561         12  0.000e+00
     20.247   75.43276  173.69318     20.461    -1.1302    -1.1278  23.585540  23.585260    28.8957    28.8929    380.572    381.876     0.2602     4.6117     0.1074     0.1074     0.0665     0.0354      54263    37.6819      90.48     2.6578     2.3548         12  0.000e+00
     20.264   75.43276  173.69318     20.478    -1.1302    -1.1280  23.585197  23.585098    28.8952    28.8929    380.575    381.117     0.2602     4.6117     0.1074     0.1074     0.0665     0.0354      54264    37.6826      90.87     2.6578     2.3512         12  0.000e+00
     20.247   75.43276  173.69318     20.461    -1.1301    -1.1281  23.586113  23.585152    28.8963    28.8931    380.783    380.863     0.2602     4.6117     0.1074     0.1074     0.0665     0.0354      54265    37.6833      90.53     2.6590     2.3499         12  0.000e+00
     20.182   75.43276  173.69318     20.395    -1.1280    -1.1281  23.587830  23.585260    28.8966    28.8933    380.540    380.606     0.2297     4.6105     0.1074     0.1074     0.0675     0.0342      54266    37.6840      90.16     2.6578     2.3487         12  0.000e+00
     20.247   75.43276  173.69318     20.461    -1.1258    -1.1280  23.588918  23.585960    28.8959    28.8940    380.735    379.843     0.2602     4.6117     0.1074     0.1074     0.0665     0.0354      54267    37.6847      90.21     2.6590     2.3451         12  0.000e+00
     20.198   75.43276  173.69318     20.411    -1.1244    -1.1275  23.589605  23.585960    28.8955    28.8937    380.503    379.329     0.2602     4.6117     0.1087     0.1087     0.0665     0.0354      54268    37.6854      90.18     2.6578     2.3426         12  0.000e+00
     20.247   75.43276  173.69318     20.461    -1.1233    -1.1271  23.589777  23.586121    28.8947    28.8934    380.495    378.819     0.2602     4.6105     0.1087     0.1087     0.0675     0.0354      54269    37.6861      89.96     2.6578     2.3402         12  0.000e+00
     20.182   75.43276  173.69318     20.395    -1.1216    -1.1259  23.590292  23.586660    28.8938    28.8930    380.689    378.549     0.2602     4.6117     0.1087     0.1087     0.0665     0.0354      54270    37.6868      90.04     2.6590     2.3390         12  0.000e+00
     20.141   75.43276  173.69318     20.353    -1.1207    -1.1243  23.590864  23.587252    28.8936    28.8923    380.462    378.276     0.2297     4.6105     0.1074     0.1074     0.0675     0.0342      54271    37.6875      90.09     2.6578     2.3377         12  0.000e+00
     20.247   75.43276  173.69318     20.461    -1.1205    -1.1229  23.590578  23.587413    28.8931    28.8911    380.682    378.016     0.2602     4.6117     0.1074     0.1074     0.0665     0.0354      54272    37.6882      90.01     2.6590     2.3365         12  0.000e+00
     20.182   75.43276  173.69318     20.395    -1.1207    -1.1234  23.590349  23.587144    28.8930    28.8912    380.681    377.256     0.2602     4.6117     0.1087     0.1087     0.0665     0.0354      54273    37.6889      89.62     2.6590     2.3329         12  0.000e+00
     20.247   75.43276  173.69318     20.461    -1.1213    -1.1240  23.590063  23.586929    28.8931    28.8915    380.691    374.472     0.2602     4.6105     0.1074     0.1074     0.0675     0.0354      54274    37.6896      89.89     2.6590     2.3194         12  0.000e+00
     20.198   75.43276  173.69318     20.411    -1.1210    -1.1243  23.590406  23.587952    28.8933    28.8932    380.684    371.420     0.2602     4.6117     0.1087     0.1087     0.0665     0.0354      54275    37.6903      89.96     2.6590     2.3048         12  0.000e+00
     20.182   75.43276  173.69318     20.395    -1.1207    -1.1234  23.590292  23.588975    28.8929    28.8937    380.682    368.869     0.2602     4.6105     0.1087     0.1087     0.0675     0.0354      54276    37.6910      90.01     2.6590     2.2926         12  0.000e+00
     20.182   75.43276  173.69318     20.395    -1.1197    -1.1214  23.590635  23.589944    28.8924    28.8931    380.672    365.293     0.2602     4.6105     0.1074     0.1074     0.0675     0.0354      54277    37.6917      90.11     2.6590     2.2755         12  0.000e+00
     20.182   75.43276  173.69318     20.395    -1.1195    -1.1184  23.590921  23.590159    28.8926    28.8905    380.668    362.474     0.2602     4.6117     0.1087     0.1087     0.0665     0.0354      54278    37.6924      90.06     2.6590     2.2620         12  0.000e+00
     20.198   75.43276  173.69318     20.411    -1.1193    -1.1171  23.590635  23.590159    28.8920    28.8892    380.668    361.702     0.2602     4.6117     0.1074     0.1074     0.0665     0.0354      54279    37.6931      90.11     2.6590     2.2584         12  0.000e+00
     20.182   75.43276  173.69318     20.395    -1.1204    -1.1169  23.590463  23.590052    28.8928    28.8889    380.678    361.193     0.2297     4.6117     0.1074     0.1074     0.0665     0.0342      54280    37.6938      90.04     2.6590     2.2559         12  0.000e+00
     20.124   75.43276  173.69318     20.337    -1.1212    -1.1174  23.589604  23.589890    28.8924    28.8892    380.685    360.179     0.2602     4.6105     0.1074     0.1074     0.0675     0.0354      54281    37.6944      90.50     2.6590     2.2510         12  0.000e+00
     20.182   75.43276  173.69318     20.395    -1.1227    -1.1181  23.589147  23.589567    28.8933    28.8894    380.703    359.681     0.2602     4.6117     0.1074     0.1074     0.0665     0.0354      54282    37.6951      90.45     2.6590     2.2486         12  0.000e+00
     20.198   75.43276  173.69318     20.411    -1.1233    -1.1199  23.589090  23.588598    28.8938    28.8899    380.710    359.447     0.2602     4.6117     0.1074     0.1074     0.0665     0.0354      54283    37.6958      90.11     2.6590     2.2474         12  0.000e+00
     20.182   75.43276  173.69318     20.395    -1.1246    -1.1217  23.588918  23.587521    28.8948    28.8901    380.721    359.972     0.2297     4.6105     0.1074     0.1074     0.0675     0.0342      54284    37.6965      90.21     2.6590     2.2498         12  0.000e+00
     20.182   75.43276  173.69318     20.395    -1.1232    -1.1231  23.589204  23.587198    28.8938    28.8911    380.922    359.985     0.2602     4.6117     0.1087     0.1087     0.0665     0.0354      54285    37.6972      89.62     2.6602     2.2498         12  0.000e+00
     20.141   75.43276  173.69318     20.353    -1.1215    -1.1244  23.589662  23.586821    28.8928    28.8919    380.903    358.726     0.2602     4.6117     0.1087     0.1087     0.0665     0.0354      54286    37.6979      89.40     2.6602     2.2437         12  0.000e+00
     20.182   75.43276  173.69318     20.395    -1.1207    -1.1268  23.589776  23.586229    28.8922    28.8933    380.683    357.479     0.2297     4.6117     0.1148     0.1148     0.0665     0.0342      54287    37.6986      81.03     2.6590     2.2376         12  0.000e+00
     20.182   75.43276  173.69318     20.395    -1.1201    -1.1292  23.590349  23.585475    28.8924    28.8946    380.891    356.740     0.2602     4.6117     0.1209     0.1209     0.0665     0.0354      54288    37.6993      69.06     2.6602     2.2339         12  0.000e+00
     20.124   75.43276  173.69318     20.337    -1.1184    -1.1307  23.591379  23.584667    28.8922    28.8950    380.654    356.499     0.2602     4.6117     0.1209     0.1209     0.0665     0.0354      54289    37.7000      65.74     2.6590     2.2327         12  0.000e+00
     20.198   75.43276  173.69318     20.411    -1.1160    -1.1319  23.592009  23.584183    28.8907    28.8955    381.064    356.514     0.2602     4.6129     0.1209     0.1209     0.0654     0.0354      54290    37.7007      65.84     2.6615     2.2327         12  0.000e+00
     20.124   75.43276  173.69318     20.337    -1.1147    -1.1328  23.592295  23.583968    28.8898    28.8961    380.833    356.518     0.2602     4.6117     0.1209     0.1209     0.0665     0.0354      54291    37.7014      65.96     2.6602     2.2327         12  0.000e+00
     20.182   75.43276  173.69318     20.395    -1.1138    -1.1323  23.592581  23.583591    28.8893    28.8951    380.827    357.026     0.2602     4.6117     0.1209     0.1209     0.0665     0.0354      54292    37.7021      66.13     2.6602     2.2352         12  0.000e+00
     20.182   75.43276  173.69318     20.395    -1.1145    -1.1324  23.592410  23.583591    28.8897    28.8952    380.833    358.043     0.2602     4.6117     0.1184     0.1184     0.0665     0.0354      54293    37.7028      76.04     2.6602     2.2400         12  0.000e+00
     20.141   75.43276  173.69318     20.353    -1.1152    -1.1329  23.592181  23.583644    28.8901    28.8957    380.624    359.315     0.2602     4.6129     0.1087     0.1087     0.0654     0.0354      54294    37.7035      88.89     2.6590     2.2462         12  0.000e+00
     20.182   75.43276  173.69318     20.395    -1.1156    -1.1330  23.591780  23.583537    28.8900    28.8957    380.846    359.826     0.2602     4.6117     0.1062     0.1062     0.0665     0.0354      54295    37.7042      92.33     2.6602     2.2486         12  0.000e+00
     20.124   75.43276  173.69318     20.337    -1.1151    -1.1324  23.591665  23.584129    28.8894    28.8959    380.839    360.578     0.2602     4.6117     0.1074     0.1074     0.0665     0.0354      54296    37.7049      91.67     2.6602     2.2523         12  0.000e+00
