Continuous CTD Data/SBE Stage/nabos_01_02.ros
* Sea-Bird SBE 9 Data File:
* FileName = D:\CTD\data\HLY2502\raw\NABOS_01_02.hex
* Software Version Seasave V 7.26.7.110
* Temperature SN = 6954
* Conductivity SN = 2561
* Number of Bytes Per Scan = 37
* Number of Voltage Words = 4
* Number of Scans Averaged by the Deck Unit = 1
* NMEA Latitude = 73 46.22 N
* NMEA Longitude = 167 42.20 E
* NMEA UTC (Time) = Sep 13 2025  16:38:43
* NMEA baud rate = 9600
** Ship: USCG HEALY
** Bot. Depth:  43
** Cast Number:  02
** Station Name:  NABOS
** Station Number:  01
** Operator:  STARC
# nquan = 25
# nvalues = 539                                   
# units = specified
# name 0 = depSM: Depth [salt water, m]
# name 1 = latitude: Latitude [deg]
# name 2 = longitude: Longitude [deg]
# name 3 = prDM: Pressure, Digiquartz [db]
# name 4 = t090C: Temperature [ITS-90, deg C]
# name 5 = t190C: Temperature, 2 [ITS-90, deg C]
# name 6 = c0mS/cm: Conductivity [mS/cm]
# name 7 = c1mS/cm: Conductivity, 2 [mS/cm]
# name 8 = sal00: Salinity, Practical [PSU]
# name 9 = sal11: Salinity, Practical, 2 [PSU]
# name 10 = sbox0Mm/Kg: Oxygen, SBE 43 [umol/kg]
# name 11 = sbox1Mm/Kg: Oxygen, SBE 43, 2 [umol/kg]
# name 12 = flECO-AFL: Fluorescence, WET Labs ECO-AFL/FL [mg/m^3]
# name 13 = v2: Voltage 2
# name 14 = wetCDOM: Fluorescence, WET Labs CDOM [mg/m^3]
# name 15 = v6: Voltage 6
# name 16 = CStarAt0: Beam Attenuation, WET Labs C-Star [1/m]
# name 17 = v3: Voltage 3
# name 18 = scan: Scan Count
# name 19 = timeM: Time, Elapsed [minutes]
# name 20 = altM: Altimeter [m]
# name 21 = sbeox0V: Oxygen raw, SBE 43 [V]
# name 22 = sbeox1V: Oxygen raw, SBE 43, 2 [V]
# name 23 = nbf: Bottles Fired
# name 24 = flag:  0.000e+00
# interval = seconds: 0.0416667
# start_time = Sep 13 2025 16:38:43 [NMEA time, header]
# bad_flag = -9.990e-29
*END*
[from data line 232]
     20.168   73.77066  167.70542     20.379    -1.3450    -1.3442  23.415217  23.422523    28.8739    28.8830    332.427    323.951     0.2908     4.6129     0.1172     0.1172     0.0654     0.0366      10540     7.3187       5.32     2.3712     2.0660          5  0.000e+00
     20.094   73.77066  167.70542     20.305    -1.3448    -1.3454  23.415103  23.423866    28.8736    28.8861    332.639    323.697     0.2908     4.6142     0.1172     0.1172     0.0644     0.0366      10541     7.3194       5.27     2.3724     2.0647          5  0.000e+00
     20.094   73.77066  167.70542     20.305    -1.3440    -1.3465  23.414760  23.424725    28.8724    28.8883    332.418    323.702     0.2908     4.6142     0.1172     0.1172     0.0644     0.0366      10542     7.3201       5.18     2.3712     2.0647          5  0.000e+00
     20.168   73.77066  167.70542     20.379    -1.3437    -1.3487  23.414475  23.425478    28.8717    28.8913    332.636    323.719     0.2908     4.6142     0.1172     0.1172     0.0644     0.0366      10543     7.3208       5.20     2.3724     2.0647          5  0.000e+00
     20.151   73.77066  167.70542     20.363    -1.3437    -1.3487  23.414589  23.426337    28.8718    28.8925    332.635    323.971     0.2908     4.6142     0.1172     0.1172     0.0644     0.0366      10544     7.3215       5.23     2.3724     2.0660          5  0.000e+00
     20.094   73.77066  167.70542     20.305    -1.3438    -1.3477  23.414646  23.427626    28.8721    28.8933    332.417    323.956     0.2908     4.6142     0.1172     0.1172     0.0644     0.0366      10545     7.3222       5.27     2.3712     2.0660          5  0.000e+00
     20.151   73.77066  167.70542     20.363    -1.3438    -1.3491  23.414475  23.428164    28.8718    28.8954    332.636    324.223     0.2602     4.6142     0.1172     0.1172     0.0644     0.0354      10546     7.3229       5.20     2.3724     2.0672          5  0.000e+00
     20.102   73.77066  167.70544     20.313    -1.3437    -1.3509  23.414589  23.428433    28.8719    28.8976    332.417    324.234     0.2602     4.6142     0.1172     0.1172     0.0644     0.0354      10547     7.3236       5.15     2.3712     2.0672          5  0.000e+00
     20.151   73.77066  167.70544     20.363    -1.3431    -1.3532  23.414303  23.428433    28.8709    28.8997    332.631    324.253     0.2602     4.6142     0.1172     0.1172     0.0644     0.0354      10548     7.3243       5.05     2.3724     2.0672          5  0.000e+00
     20.151   73.77066  167.70544     20.363    -1.3425    -1.3543  23.414360  23.428111    28.8703    28.9003    332.411    324.006     0.2602     4.6129     0.1172     0.1172     0.0654     0.0354      10549     7.3250       5.10     2.3712     2.0660          5  0.000e+00
     20.094   73.77066  167.70544     20.305    -1.3420    -1.3543  23.414075  23.427681    28.8695    28.8998    332.837    324.005     0.2602     4.6129     0.1172     0.1172     0.0654     0.0354      10550     7.3257       5.13     2.3737     2.0660          5  0.000e+00
     20.168   73.77066  167.70544     20.379    -1.3423    -1.3531  23.414303  23.426284    28.8701    28.8967    332.626    324.260     0.2602     4.6129     0.1172     0.1172     0.0654     0.0354      10551     7.3264       5.18     2.3724     2.0672          5  0.000e+00
     20.151   73.77066  167.70544     20.363    -1.3428    -1.3518  23.414417  23.425209    28.8707    28.8941    332.629    324.254     0.2908     4.6129     0.1172     0.1172     0.0654     0.0366      10552     7.3271       5.35     2.3724     2.0672          5  0.000e+00
     20.102   73.77066  167.70544     20.313    -1.3460    -1.3376  23.420186  23.409147    28.8816    28.8586    333.927    325.735     0.2602     4.6129     0.1160     0.1160     0.0654     0.0354      10658     7.4007       5.18     2.3798     2.0745          6  0.000e+00
     20.028   73.77066  167.70544     20.238    -1.3469    -1.3382  23.420871  23.409469    28.8835    28.8596    334.144    325.479     0.3518     4.6117     0.1160     0.1160     0.0665     0.0391      10659     7.4014       5.20     2.3810     2.0733          6  0.000e+00
     20.028   73.77066  167.70544     20.238    -1.3468    -1.3388  23.421670  23.409684    28.8845    28.8605    334.140    325.739     0.3823     4.6129     0.1160     0.1160     0.0654     0.0403      10660     7.4021       5.27     2.3810     2.0745          6  0.000e+00
     20.102   73.77066  167.70544     20.313    -1.3462    -1.3395  23.422070  23.410060    28.8844    28.8617    334.138    325.746     0.4129     4.6129     0.1160     0.1160     0.0654     0.0415      10661     7.4028       5.27     2.3810     2.0745          6  0.000e+00
     20.028   73.77066  167.70544     20.238    -1.3462    -1.3394  23.421785  23.410544    28.8840    28.8622    334.135    325.484     0.4129     4.6129     0.1160     0.1160     0.0654     0.0415      10662     7.4035       5.25     2.3810     2.0733          6  0.000e+00
     20.094   73.77066  167.70544     20.304    -1.3469    -1.3394  23.421499  23.410544    28.8843    28.8622    334.145    325.743     0.4129     4.6117     0.1160     0.1160     0.0665     0.0415      10663     7.4042       5.23     2.3810     2.0745          6  0.000e+00
     20.094   73.77066  167.70544     20.304    -1.3465    -1.3391  23.421613  23.410651    28.8840    28.8620    334.141    325.740     0.4129     4.6129     0.1160     0.1160     0.0654     0.0415      10664     7.4049       5.32     2.3810     2.0745          6  0.000e+00
     20.045   73.77066  167.70544     20.255    -1.3465    -1.3391  23.421670  23.411027    28.8841    28.8626    334.139    325.737     0.4129     4.6117     0.1160     0.1160     0.0665     0.0415      10665     7.4056       5.35     2.3810     2.0745          6  0.000e+00
     20.094   73.77066  167.70544     20.304    -1.3463    -1.3394  23.421671  23.411135    28.8839    28.8630    334.140    325.485     0.3823     4.6129     0.1160     0.1160     0.0654     0.0403      10666     7.4063       5.35     2.3810     2.0733          6  0.000e+00
     20.094   73.77066  167.70544     20.304    -1.3468    -1.3401  23.422013  23.411135    28.8849    28.8637    334.142    325.236     0.4129     4.6129     0.1160     0.1160     0.0654     0.0415      10667     7.4069       5.30     2.3810     2.0721          6  0.000e+00
     20.028   73.77066  167.70546     20.238    -1.3471    -1.3409  23.422470  23.411134    28.8858    28.8645    334.356    325.494     0.4129     4.6129     0.1160     0.1160     0.0654     0.0415      10668     7.4076       5.25     2.3822     2.0733          6  0.000e+00
     20.102   73.77066  167.70546     20.313    -1.3479    -1.3406  23.422813  23.410973    28.8870    28.8639    334.148    325.495     0.3823     4.6129     0.1160     0.1160     0.0654     0.0403      10669     7.4083       5.18     2.3810     2.0733          6  0.000e+00
     20.094   73.77066  167.70546     20.304    -1.3481    -1.3400  23.423213  23.410759    28.8878    28.8631    334.580    325.491     0.4129     4.6117     0.1160     0.1160     0.0665     0.0415      10670     7.4090       5.20     2.3834     2.0733          6  0.000e+00
     20.028   73.77066  167.70546     20.238    -1.3485    -1.3391  23.423156  23.410705    28.8881    28.8622    334.364    325.482     0.4129     4.6142     0.1160     0.1160     0.0644     0.0415      10671     7.4097       5.27     2.3822     2.0733          6  0.000e+00
     20.102   73.77066  167.70546     20.313    -1.3483    -1.3394  23.423099  23.411027    28.8878    28.8628    334.366    325.486     0.4129     4.6154     0.1160     0.1160     0.0633     0.0415      10672     7.4104       5.37     2.3822     2.0733          6  0.000e+00
     20.094   73.77066  167.70546     20.304    -1.3479    -1.3393  23.422584  23.410651    28.8867    28.8623    334.581    325.487     0.4129     4.6166     0.1160     0.1160     0.0622     0.0415      10673     7.4111       5.32     2.3834     2.0733          6  0.000e+00
     20.094   73.77066  167.70546     20.304    -1.3480    -1.3388  23.422185  23.410973    28.8863    28.8622    334.367    325.481     0.3823     4.6166     0.1160     0.1160     0.0622     0.0403      10674     7.4118       5.27     2.3822     2.0733          6  0.000e+00
     20.094   73.77066  167.70546     20.304    -1.3480    -1.3386  23.421271  23.410973    28.8851    28.8620    334.370    325.736     0.4129     4.6154     0.1160     0.1160     0.0633     0.0415      10675     7.4125       5.25     2.3822     2.0745          6  0.000e+00
     20.102   73.77066  167.70546     20.313    -1.3480    -1.3389  23.421328  23.410920    28.8851    28.8622    334.371    325.739     0.3823     4.6166     0.1160     0.1160     0.0622     0.0403      10676     7.4132       5.20     2.3822     2.0745          6  0.000e+00
     20.028   73.77066  167.70546     20.238    -1.3479    -1.3398  23.421442  23.411081    28.8852    28.8634    334.582    325.742     0.4129     4.6166     0.1160     0.1160     0.0622     0.0415      10677     7.4139       5.20     2.3834     2.0745          6  0.000e+00
     20.094   73.77066  167.70546     20.304    -1.3480    -1.3409  23.421271  23.410974    28.8851    28.8642    334.370    325.497     0.3823     4.6154     0.1148     0.1148     0.0633     0.0403      10678     7.4146       5.25     2.3822     2.0733          6  0.000e+00
     20.094   73.77066  167.70546     20.304    -1.3488    -1.3415  23.421728  23.410920    28.8864    28.8647    334.591    325.502     0.4129     4.6154     0.1160     0.1160     0.0633     0.0415      10679     7.4153       5.25     2.3834     2.0733          6  0.000e+00
     20.102   73.77066  167.70546     20.313    -1.3505    -1.3421  23.421899  23.411081    28.8883    28.8656    334.604    325.762     0.3823     4.6154     0.1160     0.1160     0.0633     0.0403      10680     7.4160       5.27     2.3834     2.0745          6  0.000e+00
     20.094   73.77066  167.70546     20.304    -1.3509    -1.3424  23.422071  23.411135    28.8890    28.8660    334.606    326.020     0.4129     4.6166     0.1160     0.1160     0.0622     0.0415      10681     7.4167       5.27     2.3834     2.0757          6  0.000e+00
     20.094   73.77066  167.70546     20.304    -1.3505    -1.3425  23.421785  23.410598    28.8881    28.8653    334.604    326.278     0.3823     4.6166     0.1160     0.1160     0.0622     0.0403      10682     7.4174       5.27     2.3834     2.0770          6  0.000e+00
     20.044   73.77066  167.70546     20.255    -1.3499    -1.3424  23.421671  23.410920    28.8874    28.8657    334.597    326.530     0.3823     4.6166     0.1160     0.1160     0.0622     0.0403      10683     7.4181       5.27     2.3834     2.0782          6  0.000e+00
     20.094   73.77066  167.70546     20.304    -1.3493    -1.3422  23.422013  23.411135    28.8873    28.8658    334.809    326.274     0.4129     4.6166     0.1160     0.1160     0.0622     0.0415      10684     7.4188       5.27     2.3847     2.0770          6  0.000e+00
     20.094   73.77066  167.70546     20.304    -1.3480    -1.3418  23.422128  23.410974    28.8862    28.8652    334.584    326.016     0.4129     4.6166     0.1160     0.1160     0.0622     0.0415      10685     7.4194       5.20     2.3834     2.0757          6  0.000e+00
     20.094   73.77066  167.70546     20.304    -1.3474    -1.3413  23.422642  23.410544    28.8863    28.8641    334.793    325.758     0.4129     4.6166     0.1160     0.1160     0.0622     0.0415      10686     7.4201       5.20     2.3847     2.0745          6  0.000e+00
     20.044   73.77066  167.70546     20.255    -1.3475    -1.3407  23.422870  23.410275    28.8868    28.8632    334.575    325.752     0.4129     4.6166     0.1160     0.1160     0.0622     0.0415      10687     7.4208       5.18     2.3834     2.0745          6  0.000e+00
     20.094   73.77066  167.70546     20.304    -1.3486    -1.3408  23.423213  23.410222    28.8883    28.8632    334.584    325.755     0.3823     4.6154     0.1160     0.1160     0.0633     0.0403      10688     7.4215       5.18     2.3834     2.0745          6  0.000e+00
     20.094   73.77066  167.70546     20.304    -1.3494    -1.3404  23.422984  23.410060    28.8887    28.8626    334.591    325.497     0.3823     4.6166     0.1160     0.1160     0.0622     0.0403      10689     7.4222       5.25     2.3834     2.0733          6  0.000e+00
     20.028   73.77066  167.70546     20.238    -1.3497    -1.3407  23.422870  23.410490    28.8889    28.8635    334.591    325.239     0.4129     4.6166     0.1160     0.1160     0.0622     0.0415      10690     7.4229       5.20     2.3834     2.0721          6  0.000e+00
     20.102   73.77066  167.70546     20.313    -1.3497    -1.3406  23.422299  23.410329    28.8881    28.8631    334.812    325.242     0.4129     4.6154     0.1160     0.1160     0.0633     0.0415      10691     7.4236       5.30     2.3847     2.0721          6  0.000e+00
     20.094   73.77066  167.70546     20.304    -1.3491    -1.3404  23.422128  23.410222    28.8873    28.8628    334.592    325.241     0.3823     4.6154     0.1160     0.1160     0.0633     0.0403      10692     7.4243       5.32     2.3834     2.0721          6  0.000e+00
     20.094   73.77066  167.70546     20.304    -1.3488    -1.3401  23.422128  23.409846    28.8869    28.8620    334.805    325.496     0.3823     4.6154     0.1148     0.1148     0.0633     0.0403      10693     7.4250       5.30     2.3847     2.0733          6  0.000e+00
     20.044   73.77066  167.70546     20.255    -1.3480    -1.3397  23.421613  23.409899    28.8856    28.8616    334.583    325.745     0.3823     4.6154     0.1160     0.1160     0.0633     0.0403      10694     7.4257       5.25     2.3834     2.0745          6  0.000e+00
     20.094   73.77066  167.70546     20.304    -1.3479    -1.3389  23.422128  23.410007    28.8861    28.8610    334.582    325.741     0.4129     4.6154     0.1160     0.1160     0.0633     0.0415      10695     7.4264       5.23     2.3834     2.0745          6  0.000e+00
     20.028   73.77066  167.70546     20.238    -1.3479    -1.3383  23.422185  23.410006    28.8862    28.8605    334.579    325.990     0.4129     4.6154     0.1160     0.1160     0.0633     0.0415      10696     7.4271       5.23     2.3834     2.0757          6  0.000e+00
     20.094   73.77066  167.70546     20.304    -1.3479    -1.3380  23.422299  23.409631    28.8863    28.8596    334.582    325.992     0.4129     4.6154     0.1160     0.1160     0.0633     0.0415      10697     7.4278       5.10     2.3834     2.0757          6  0.000e+00
     20.044   73.77066  167.70546     20.255    -1.3477    -1.3374  23.422584  23.409684    28.8865    28.8591    334.793    325.985     0.4129     4.6154     0.1160     0.1160     0.0633     0.0415      10698     7.4285       5.08     2.3847     2.0757          6  0.000e+00
     20.094   73.77066  167.70546     20.304    -1.3474    -1.3377  23.422242  23.409738    28.8858    28.8595    334.578    325.733     0.4129     4.6154     0.1160     0.1160     0.0633     0.0415      10699     7.4292       5.05     2.3834     2.0745          6  0.000e+00
     20.094   73.77066  167.70546     20.304    -1.3472    -1.3377  23.422128  23.409899    28.8855    28.8597    334.794    325.477     0.4129     4.6154     0.1160     0.1160     0.0633     0.0415      10700     7.4299       5.10     2.3847     2.0733          6  0.000e+00
     20.028   73.77066  167.70546     20.238    -1.3472    -1.3385  23.421785  23.409792    28.8850    28.8603    334.576    325.736     0.4129     4.6154     0.1160     0.1160     0.0633     0.0415      10701     7.4306       5.10     2.3834     2.0745          6  0.000e+00
