Continuous CTD Data/SBE Stage/nabos_27_01avg.cnv
* Sea-Bird SBE 9 Data File:
* FileName = D:\CTD\data\HLY2502\raw\NABOS_27_01.hex
* Software Version Seasave V 7.26.7.110
* Temperature SN = 6954
* Conductivity SN = 2561
* Number of Bytes Per Scan = 37
* Number of Voltage Words = 4
* Number of Scans Averaged by the Deck Unit = 1
* NMEA Latitude = 80 38.83 N
* NMEA Longitude = 157 43.38 E
* NMEA UTC (Time) = Sep 21 2025  11:57:16
* NMEA baud rate = 9600
** Ship: USCG HEALY
** Bot. Depth:  2663
** Cast Number:  01
** Station Name:  NABOS
** Station Number:  27
** Operator:  STARC
# nquan = 25
# nvalues = 1214                        
# units = specified
# name 0 = depSM: Depth [salt water, m]
# name 1 = latitude: Latitude [deg]
# name 2 = longitude: Longitude [deg]
# name 3 = prDM: Pressure, Digiquartz [db]
# name 4 = t090C: Temperature [ITS-90, deg C]
# name 5 = t190C: Temperature, 2 [ITS-90, deg C]
# name 6 = c0mS/cm: Conductivity [mS/cm]
# name 7 = c1mS/cm: Conductivity, 2 [mS/cm]
# name 8 = sal00: Salinity, Practical [PSU]
# name 9 = sal11: Salinity, Practical, 2 [PSU]
# name 10 = sbox0Mm/Kg: Oxygen, SBE 43 [umol/kg]
# name 11 = sbox1Mm/Kg: Oxygen, SBE 43, 2 [umol/kg]
# name 12 = flECO-AFL: Fluorescence, WET Labs ECO-AFL/FL [mg/m^3]
# name 13 = v2: Voltage 2
# name 14 = wetCDOM: Fluorescence, WET Labs CDOM [mg/m^3]
# name 15 = v6: Voltage 6
# name 16 = CStarAt0: Beam Attenuation, WET Labs C-Star [1/m]
# name 17 = v3: Voltage 3
# name 18 = scan: Scan Count
# name 19 = timeM: Time, Elapsed [minutes]
# name 20 = altM: Altimeter [m]
# name 21 = sbeox0V: Oxygen raw, SBE 43 [V]
# name 22 = sbeox1V: Oxygen raw, SBE 43, 2 [V]
# name 23 = nbin: number of scans per bin
# name 24 = flag: flag
# span 0 =      3.958,   1200.586       
# span 1 =   80.64744,   80.64957       
# span 2 =  157.71494,  157.72107       
# span 3 =      4.000,   1217.000       
# span 4 =    -1.7086,     0.9989       
# span 5 =    -1.7083,     0.9989       
# span 6 =  24.859344,  29.850447       
# span 7 =  24.857013,  29.848604       
# span 8 =    31.1997,    34.8821       
# span 9 =    31.1953,    34.8797       
# span 10 =    291.222,    373.238      
# span 11 =    278.724,    365.809      
# span 12 =    -0.1832,     0.5012      
# span 13 =     4.5423,     4.6375      
# span 14 =     0.0745,     0.1203      
# span 15 =     0.0745,     0.1203      
# span 16 =     0.0442,     0.1273      
# span 17 =     0.0177,     0.0451      
# span 18 =       7539,      42560      
# span 19 =     5.2345,    29.5549      
# span 20 =     100.00,     100.00      
# span 21 =     2.0186,     2.6224      
# span 22 =     1.7868,     2.2785      
# span 23 =          9,         30      
# span 24 = 0.0000e+00, 0.0000e+00      
# interval = decibars: 1                
# start_time = Sep 21 2025 11:57:16 [NMEA time, header]
# bad_flag = -9.990e-29
*END*
[from data line 116]
    118.693   80.64790  157.72010    120.000    -0.3917    -0.3904  28.340890  28.340399    34.4434    34.4412    306.908    304.113    -0.1346     4.6208     0.0861     0.0861     0.0587     0.0196      13480     9.3606     100.00     2.3328     2.0597         16 0.0000e+00
    119.682   80.64790  157.72010    121.000    -0.3707    -0.3679  28.363601  28.363996    34.4493    34.4468    306.860    300.594    -0.1274     4.6212     0.0866     0.0866     0.0583     0.0199      13512     9.3826     100.00     2.3335     2.0428         17 0.0000e+00
    120.671   80.64790  157.72010    122.000    -0.3391    -0.3379  28.395372  28.394686    34.4555    34.4532    306.779    300.164    -0.1489     4.6203     0.0848     0.0848     0.0591     0.0190      13542     9.4036     100.00     2.3345     2.0418         16 0.0000e+00
    121.660   80.64790  157.72010    123.000    -0.3138    -0.3133  28.422731  28.421403    34.4628    34.4605    306.724    300.302    -0.1386     4.6204     0.0856     0.0856     0.0590     0.0195      13573     9.4250     100.00     2.3354     2.0435         17 0.0000e+00
    122.649   80.64790  157.72010    124.000    -0.3071    -0.3065  28.430317  28.428848    34.4648    34.4622    306.649    300.286    -0.1298     4.6212     0.0855     0.0855     0.0583     0.0198      13603     9.4461     100.00     2.3351     2.0435         15 0.0000e+00
    123.637   80.64790  157.72009    125.000    -0.3010    -0.3009  28.436491  28.434857    34.4656    34.4632    306.463    300.169    -0.1332     4.6206     0.0855     0.0855     0.0589     0.0196      13632     9.4657     100.00     2.3341     2.0430         18 0.0000e+00
    124.626   80.64790  157.72008    126.000    -0.2713    -0.2701  28.469540  28.468934    34.4755    34.4733    306.275    299.397    -0.1330     4.6212     0.0860     0.0860     0.0582     0.0197      13659     9.4847     100.00     2.3345     2.0404         17 0.0000e+00
    125.615   80.64791  157.72008    127.000    -0.2403    -0.2400  28.502211  28.500689    34.4835    34.4811    306.351    300.309    -0.1263     4.6217     0.0879     0.0879     0.0579     0.0199      13686     9.5034     100.00     2.3366     2.0462         15 0.0000e+00
    126.604   80.64792  157.72008    128.000    -0.2176    -0.2155  28.527664  28.527703    34.4911    34.4888    306.269    291.251    -0.1312     4.6215     0.0868     0.0868     0.0580     0.0197      13713     9.5223     100.00     2.3372     2.0012         17 0.0000e+00
    127.593   80.64792  157.72008    129.000    -0.1941    -0.1938  28.551606  28.550236    34.4959    34.4937    305.963    298.804    -0.1290     4.6213     0.0871     0.0871     0.0582     0.0198      13740     9.5410     100.00     2.3364     2.0404         16 0.0000e+00
    128.581   80.64792  157.72008    130.000    -0.1653    -0.1646  28.580425  28.579350    34.5012    34.4989    305.537    299.189    -0.1263     4.6213     0.0856     0.0856     0.0581     0.0199      13767     9.5598     100.00     2.3352     2.0435         15 0.0000e+00
    129.570   80.64792  157.72008    131.000    -0.1354    -0.1336  28.611727  28.611451    34.5083    34.5059    305.104    304.529    -0.1309     4.6217     0.0868     0.0868     0.0579     0.0197      13794     9.5784     100.00     2.3341     2.0720         16 0.0000e+00
    130.559   80.64792  157.72008    132.000    -0.1016    -0.0994  28.646397  28.646789    34.5157    34.5137    304.904    300.052    -0.1252     4.6216     0.0844     0.0844     0.0579     0.0200      13821     9.5972     100.00     2.3345     2.0506         16 0.0000e+00
    131.548   80.64792  157.72007    133.000    -0.0783    -0.0764  28.671010  28.670639    34.5215    34.5189    304.924    299.028    -0.1315     4.6218     0.0853     0.0853     0.0578     0.0197      13848     9.6159     100.00     2.3358     2.0463         13 0.0000e+00
    132.536   80.64792  157.72006    134.000    -0.0327    -0.0324  28.716157  28.714240    34.5294    34.5265    304.619    297.745    -0.1319     4.6216     0.0845     0.0845     0.0579     0.0197      13875     9.6346     100.00     2.3363     2.0416         13 0.0000e+00
    133.525   80.64792  157.72006    135.000    -0.0133    -0.0130  28.736430  28.734953    34.5337    34.5315    304.707    298.306    -0.1301     4.6225     0.0853     0.0853     0.0572     0.0198      13902     9.6534     100.00     2.3377     2.0452         14 0.0000e+00
    134.514   80.64793  157.72006    136.000    -0.0125    -0.0120  28.738474  28.737302    34.5349    34.5329    304.729    297.508    -0.1279     4.6223     0.0835     0.0835     0.0574     0.0199      13929     9.6722     100.00     2.3376     2.0410         14 0.0000e+00
    135.503   80.64794  157.72006    137.000     0.0269     0.0283  28.780250  28.779571    34.5453    34.5428    304.366    298.611    -0.1279     4.6229     0.0844     0.0844     0.0569     0.0199      13956     9.6911     100.00     2.3374     2.0483         14 0.0000e+00
    136.492   80.64794  157.72006    138.000     0.0288     0.0281  28.783733  28.781677    34.5472    34.5452    304.541    298.164    -0.1345     4.6225     0.0856     0.0856     0.0571     0.0196      13983     9.7099     100.00     2.3384     2.0458         15 0.0000e+00
    137.480   80.64794  157.72006    139.000     0.0191     0.0196  28.776891  28.775989    34.5484    34.5466    304.619    297.145    -0.1291     4.6227     0.0843     0.0843     0.0570     0.0198      14010     9.7285     100.00     2.3381     2.0401         12 0.0000e+00
    138.469   80.64794  157.72004    140.000     0.0669     0.0683  28.825994  28.825276    34.5590    34.5564    304.067    296.110    -0.1346     4.6230     0.0856     0.0856     0.0567     0.0196      14037     9.7474     100.00     2.3373     2.0368         15 0.0000e+00
    139.458   80.64794  157.72004    141.000     0.0737     0.0734  28.832521  28.830710    34.5594    34.5572    304.084    297.975    -0.1290     4.6228     0.0844     0.0844     0.0569     0.0198      14064     9.7660     100.00     2.3375     2.0464         16 0.0000e+00
    140.447   80.64794  157.72004    142.000     0.1071     0.1108  28.868237  28.869716    34.5683    34.5661    303.727    296.743    -0.1320     4.6227     0.0856     0.0856     0.0570     0.0197      14091     9.7845     100.00     2.3370     2.0417         13 0.0000e+00
    141.435   80.64794  157.72004    143.000     0.1457     0.1457  28.905196  28.903538    34.5731    34.5708    303.334    297.311    -0.1301     4.6237     0.0833     0.0833     0.0561     0.0198      14118     9.8036     100.00     2.3365     2.0460         14 0.0000e+00
    142.424   80.64794  157.72004    144.000     0.1471     0.1473  28.907699  28.906139    34.5741    34.5719    303.456    298.600    -0.1298     4.6224     0.0843     0.0843     0.0572     0.0198      14145     9.8224     100.00     2.3371     2.0525         18 0.0000e+00
    143.412   80.64794  157.72004    145.000     0.1643     0.1676  28.926939  28.927746    34.5796    34.5769    303.310    297.707    -0.1308     4.6232     0.0855     0.0855     0.0565     0.0197      14172     9.8411     100.00     2.3370     2.0487         16 0.0000e+00
    144.401   80.64796  157.72004    146.000     0.2069     0.2081  28.967936  28.967016    34.5851    34.5826    302.998    295.635    -0.1289     4.6235     0.0835     0.0835     0.0563     0.0198      14199     9.8598     100.00     2.3372     2.0396         16 0.0000e+00
    145.390   80.64796  157.72004    147.000     0.2378     0.2392  28.998672  28.998175    34.5903    34.5880    302.921    295.089    -0.1439     4.6237     0.0832     0.0832     0.0560     0.0192      14226     9.8784     100.00     2.3382     2.0381         14 0.0000e+00
    146.379   80.64796  157.72004    148.000     0.2713     0.2715  29.032676  29.031171    34.5967    34.5944    302.728    297.823    -0.1332     4.6234     0.0833     0.0833     0.0564     0.0197      14253     9.8973     100.00     2.3386     2.0535         18 0.0000e+00
    147.367   80.64796  157.72004    149.000     0.2726     0.2727  29.034897  29.033254    34.5975    34.5953    302.728    295.388    -0.1270     4.6230     0.0854     0.0854     0.0568     0.0199      14279     9.9153     100.00     2.3385     2.0408         13 0.0000e+00
    148.356   80.64796  157.72002    150.000     0.2880     0.2917  29.052701  29.054191    34.6031    34.6009    302.523    295.850    -0.1285     4.6238     0.0848     0.0848     0.0560     0.0198      14304     9.9326     100.00     2.3379     2.0439         15 0.0000e+00
    149.345   80.64796  157.72002    151.000     0.3301     0.3302  29.093341  29.091719    34.6086    34.6063    302.160    296.033    -0.1332     4.6239     0.0836     0.0836     0.0559     0.0196      14328     9.9493     100.00     2.3378     2.0464         18 0.0000e+00
    150.333   80.64796  157.72002    152.000     0.3243     0.3238  29.088681  29.087090    34.6084    34.6069    302.371    295.483    -0.1340     4.6241     0.0835     0.0835     0.0557     0.0196      14352     9.9657     100.00     2.3385     2.0431         12 0.0000e+00
    151.322   80.64796  157.72002    153.000     0.3192     0.3199  29.091435  29.090413    34.6171    34.6149    302.159    295.519    -0.1366     4.6240     0.0836     0.0836     0.0558     0.0195      14376     9.9825     100.00     2.3368     2.0430         15 0.0000e+00
    152.311   80.64797  157.72002    154.000     0.3200     0.3200  29.095358  29.093635    34.6207    34.6185    301.868    296.226    -0.1447     4.6241     0.0844     0.0844     0.0558     0.0192      14400     9.9991     100.00     2.3349     2.0465         15 0.0000e+00
    153.299   80.64798  157.72002    155.000     0.3219     0.3228  29.098384  29.097531    34.6220    34.6199    301.779    296.806    -0.1517     4.6238     0.0841     0.0841     0.0560     0.0189      14423    10.0155     100.00     2.3342     2.0494         14 0.0000e+00
    154.288   80.64798  157.72002    156.000     0.3618     0.3653  29.139178  29.139895    34.6302    34.6272    301.437    294.918    -0.1308     4.6245     0.0833     0.0833     0.0554     0.0197      14447    10.0322     100.00     2.3342     2.0414         12 0.0000e+00
    155.277   80.64798  157.72002    157.000     0.3866     0.3866  29.161945  29.160205    34.6315    34.6293    301.507    294.833    -0.1475     4.6249     0.0844     0.0844     0.0551     0.0191      14472    10.0490     100.00     2.3357     2.0417         17 0.0000e+00
    156.265   80.64798  157.72002    158.000     0.4059     0.4075  29.183505  29.182879    34.6375    34.6349    301.423    289.858    -0.1657     4.6241     0.0827     0.0827     0.0557     0.0184      14496    10.0657     100.00     2.3360     2.0168         17 0.0000e+00
    157.254   80.64798  157.72000    159.000     0.4082     0.4080  29.187406  29.185524    34.6394    34.6372    301.401    288.213    -0.1443     4.6245     0.0823     0.0823     0.0554     0.0192      14519    10.0821     100.00     2.3358     2.0082         16 0.0000e+00
    158.243   80.64798  157.72000    160.000     0.4158     0.4165  29.197090  29.196126    34.6431    34.6410    301.232    293.255    -0.1526     4.6243     0.0834     0.0834     0.0556     0.0189      14543    10.0988     100.00     2.3350     2.0344         19 0.0000e+00
    159.231   80.64798  157.72000    161.000     0.4489     0.4503  29.232424  29.231716    34.6516    34.6491    300.868    293.382    -0.1364     4.6245     0.0840     0.0840     0.0554     0.0195      14567    10.1153     100.00     2.3344     2.0365         14 0.0000e+00
    160.220   80.64798  157.72000    162.000     0.4554     0.4554  29.238859  29.237192    34.6521    34.6498    300.918    293.283    -0.1312     4.6245     0.0834     0.0834     0.0554     0.0197      14591    10.1320     100.00     2.3348     2.0360         17 0.0000e+00
    161.208   80.64798  157.72000    163.000     0.4556     0.4555  29.239978  29.238076    34.6527    34.6503    300.970    295.388    -0.1611     4.6245     0.0845     0.0845     0.0554     0.0185      14615    10.1485     100.00     2.3349     2.0467         15 0.0000e+00
    162.197   80.64798  157.72000    164.000     0.4594     0.4606  29.245223  29.244607    34.6547    34.6525    300.880    297.614    -0.1283     4.6241     0.0844     0.0844     0.0557     0.0199      14639    10.1650     100.00     2.3344     2.0583         12 0.0000e+00
    163.186   80.64799  157.72000    165.000     0.4973     0.4995  29.284208  29.284422    34.6626    34.6604    300.499    294.167    -0.1638     4.6243     0.0844     0.0844     0.0556     0.0184      14662    10.1816     100.00     2.3339     2.0420         14 0.0000e+00
    164.174   80.64800  157.72000    166.000     0.5104     0.5103  29.297395  29.295613    34.6645    34.6623    300.404    292.516    -0.1649     4.6250     0.0835     0.0835     0.0550     0.0184      14686    10.1982     100.00     2.3338     2.0338         14 0.0000e+00
    165.163   80.64800  157.72000    167.000     0.5170     0.5187  29.306019  29.305784    34.6678    34.6655    300.203    294.168    -0.1257     4.6241     0.0816     0.0816     0.0557     0.0200      14710    10.2148     100.00     2.3327     2.0425         13 0.0000e+00
    166.151   80.64800  157.71998    168.000     0.5670     0.5675  29.355513  29.354046    34.6757    34.6732    299.899    294.656    -0.1290     4.6245     0.0828     0.0828     0.0554     0.0198      14734    10.2315     100.00     2.3334     2.0471         16 0.0000e+00
    167.140   80.64800  157.71998    169.000     0.5783     0.5794  29.368154  29.367570    34.6790    34.6769    300.049    293.085    -0.1335     4.6247     0.0840     0.0840     0.0552     0.0196      14758    10.2480     100.00     2.3347     2.0393         11 0.0000e+00
    168.129   80.64800  157.71998    170.000     0.5888     0.5885  29.379713  29.377788    34.6817    34.6795    299.987    294.285    -0.1322     4.6250     0.0836     0.0836     0.0549     0.0197      14782    10.2645     100.00     2.3347     2.0458         14 0.0000e+00
    169.117   80.64800  157.71998    171.000     0.6189     0.6199  29.411265  29.410276    34.6885    34.6861    299.583    292.104    -0.1319     4.6248     0.0843     0.0843     0.0551     0.0197      14806    10.2810     100.00     2.3337     2.0357         13 0.0000e+00
    170.106   80.64800  157.71998    172.000     0.6358     0.6363  29.427494  29.426141    34.6901    34.6878    299.442    290.463    -0.1322     4.6244     0.0846     0.0846     0.0555     0.0197      14830    10.2978     100.00     2.3335     2.0277         14 0.0000e+00
    171.095   80.64800  157.71998    173.000     0.6470     0.6488  29.440526  29.440473    34.6939    34.6919    299.347    292.823    -0.1273     4.6245     0.0836     0.0836     0.0554     0.0199      14854    10.3146     100.00     2.3333     2.0404         13 0.0000e+00
    172.083   80.64800  157.71998    174.000     0.6719     0.6723  29.466110  29.464761    34.6988    34.6966    299.249    290.319    -0.1279     4.6251     0.0823     0.0823     0.0549     0.0199      14879    10.3316     100.00     2.3338     2.0282         14 0.0000e+00
    173.072   80.64801  157.71997    175.000     0.6742     0.6748  29.470173  29.468981    34.7009    34.6987    299.337    296.063    -0.1324     4.6252     0.0824     0.0824     0.0548     0.0197      14903    10.3484     100.00     2.3343     2.0580         15 0.0000e+00
    174.060   80.64802  157.71996    176.000     0.6857     0.6865  29.483338  29.482292    34.7045    34.7023    299.153    292.491    -0.1346     4.6252     0.0829     0.0829     0.0548     0.0196      14927    10.3655     100.00     2.3336     2.0398         15 0.0000e+00
