Continuous CTD Data/SBE Stage/nabos_12_02.ros
* Sea-Bird SBE 9 Data File:
* FileName = D:\CTD\data\HLY2502\raw\NABOS_12_02.hex
* Software Version Seasave V 7.26.7.110
* Temperature SN = 6954
* Conductivity SN = 2561
* Number of Bytes Per Scan = 37
* Number of Voltage Words = 4
* Number of Scans Averaged by the Deck Unit = 1
* NMEA Latitude = 77 22.95 N
* NMEA Longitude = 176 13.98 W
* NMEA UTC (Time) = Sep 10 2025  21:33:20
* NMEA baud rate = 9600
** Ship: USCG HEALY
** Bot. Depth:  1417
** Cast Number:  02
** Station Name:  NABOS
** Station Number:  12
** Operator:  STARC
** mooring release test at depth
# nquan = 25
# nvalues = 1176                                  
# units = specified
# name 0 = depSM: Depth [salt water, m]
# name 1 = latitude: Latitude [deg]
# name 2 = longitude: Longitude [deg]
# name 3 = prDM: Pressure, Digiquartz [db]
# name 4 = t090C: Temperature [ITS-90, deg C]
# name 5 = t190C: Temperature, 2 [ITS-90, deg C]
# name 6 = c0mS/cm: Conductivity [mS/cm]
# name 7 = c1mS/cm: Conductivity, 2 [mS/cm]
# name 8 = sal00: Salinity, Practical [PSU]
# name 9 = sal11: Salinity, Practical, 2 [PSU]
# name 10 = sbox0Mm/Kg: Oxygen, SBE 43 [umol/kg]
# name 11 = sbox1Mm/Kg: Oxygen, SBE 43, 2 [umol/kg]
# name 12 = flECO-AFL: Fluorescence, WET Labs ECO-AFL/FL [mg/m^3]
# name 13 = v2: Voltage 2
# name 14 = wetCDOM: Fluorescence, WET Labs CDOM [mg/m^3]
# name 15 = v6: Voltage 6
# name 16 = CStarAt0: Beam Attenuation, WET Labs C-Star [1/m]
# name 17 = v3: Voltage 3
# name 18 = scan: Scan Count
# name 19 = timeM: Time, Elapsed [minutes]
# name 20 = altM: Altimeter [m]
# name 21 = sbeox0V: Oxygen raw, SBE 43 [V]
# name 22 = sbeox1V: Oxygen raw, SBE 43, 2 [V]
# name 23 = nbf: Bottles Fired
# name 24 = flag:  0.000e+00
# interval = seconds: 0.0416667
# start_time = Sep 10 2025 21:33:20 [NMEA time, header]
# bad_flag = -9.990e-29
*END*
[from data line 812]
     30.099   77.40158 -176.18090     30.420    -1.5114    -1.5114  24.397982  24.397419    30.3682    30.3674    372.060    359.901     0.4739     4.6117     0.1099     0.1099     0.0665     0.0440     147573   102.4806      91.09     2.6065     2.2467         17  0.000e+00
     30.041   77.40158 -176.18090     30.362    -1.5113    -1.5114  24.397866  24.397582    30.3680    30.3676    372.057    359.897     0.5044     4.6117     0.1099     0.1099     0.0665     0.0452     147574   102.4813      91.28     2.6065     2.2467         17  0.000e+00
     30.099   77.40158 -176.18090     30.420    -1.5114    -1.5112  24.398214  24.397473    30.3686    30.3673    372.274    359.899     0.4739     4.6117     0.1099     0.1099     0.0665     0.0440     147575   102.4819      91.09     2.6077     2.2467         17  0.000e+00
     30.041   77.40158 -176.18090     30.362    -1.5115    -1.5114  24.398155  24.397255    30.3686    30.3672    372.057    359.899     0.4739     4.6105     0.1099     0.1099     0.0675     0.0440     147576   102.4826      90.87     2.6065     2.2467         17  0.000e+00
     30.066   77.40158 -176.18090     30.387    -1.5113    -1.5114  24.398098  24.397527    30.3682    30.3676    372.057    359.899     0.5044     4.6117     0.1111     0.1111     0.0665     0.0452     147577   102.4833      90.53     2.6065     2.2467         17  0.000e+00
     30.099   77.40158 -176.18090     30.420    -1.5115    -1.5112  24.397924  24.397855    30.3682    30.3678    372.061    360.152     0.4739     4.6117     0.1111     0.1111     0.0665     0.0440     147578   102.4840      90.55     2.6065     2.2480         17  0.000e+00
     30.041   77.40158 -176.18090     30.362    -1.5113    -1.5115  24.398213  24.397745    30.3684    30.3680    372.055    360.152     0.4739     4.6117     0.1099     0.1099     0.0665     0.0440     147579   102.4847      90.92     2.6065     2.2480         17  0.000e+00
     30.041   77.40158 -176.18090     30.362    -1.5113    -1.5115  24.397982  24.397691    30.3682    30.3679    372.056    360.152     0.4739     4.6117     0.1099     0.1099     0.0665     0.0440     147580   102.4854      90.82     2.6065     2.2480         17  0.000e+00
     30.099   77.40158 -176.18090     30.420    -1.5114    -1.5114  24.398040  24.397691    30.3683    30.3678    372.060    359.900     0.5044     4.6117     0.1099     0.1099     0.0665     0.0452     147581   102.4861      90.92     2.6065     2.2467         17  0.000e+00
     30.099   77.40158 -176.18090     30.420    -1.5113    -1.5115  24.397924  24.397691    30.3680    30.3679    372.274    359.901     0.4739     4.6117     0.1099     0.1099     0.0665     0.0440     147582   102.4868      90.94     2.6077     2.2467         17  0.000e+00
     30.041   77.40158 -176.18090     30.362    -1.5115    -1.5114  24.398040  24.397691    30.3684    30.3678    372.057    359.643     0.4739     4.6105     0.1099     0.1099     0.0675     0.0440     147583   102.4875      90.77     2.6065     2.2455         17  0.000e+00
     30.041   77.40158 -176.18090     30.362    -1.5113    -1.5112  24.397750  24.397691    30.3678    30.3676    372.057    359.641     0.5044     4.6117     0.1111     0.1111     0.0665     0.0452     147584   102.4882      90.65     2.6065     2.2455         17  0.000e+00
     30.099   77.40158 -176.18090     30.420    -1.5115    -1.5112  24.397808  24.397473    30.3681    30.3673    372.061    359.645     0.5044     4.6105     0.1099     0.1099     0.0675     0.0452     147585   102.4889      90.92     2.6065     2.2455         17  0.000e+00
     30.041   77.40158 -176.18090     30.362    -1.5116    -1.5114  24.398040  24.397418    30.3685    30.3674    371.843    359.389     0.4739     4.6105     0.1111     0.1111     0.0675     0.0440     147586   102.4896      90.57     2.6053     2.2443         17  0.000e+00
     30.099   77.40158 -176.18090     30.420    -1.5117    -1.5112  24.397924  24.397419    30.3684    30.3672    372.062    359.391     0.4739     4.6117     0.1111     0.1111     0.0665     0.0440     147587   102.4903      90.62     2.6065     2.2443         17  0.000e+00
     30.041   77.40158 -176.18090     30.362    -1.5116    -1.5115  24.398040  24.397255    30.3685    30.3673    372.058    359.136     0.5044     4.6117     0.1111     0.1111     0.0665     0.0452     147588   102.4910      90.53     2.6065     2.2431         17  0.000e+00
     30.123   77.40158 -176.18090     30.445    -1.5115    -1.5112  24.398098  24.397364    30.3684    30.3671    372.276    358.883     0.5044     4.6117     0.1111     0.1111     0.0665     0.0452     147589   102.4917      90.53     2.6077     2.2418         17  0.000e+00
     30.041   77.40158 -176.18090     30.362    -1.5116    -1.5112  24.397924  24.397091    30.3684    30.3668    372.059    358.880     0.4739     4.6117     0.1099     0.1099     0.0665     0.0440     147590   102.4924      90.50     2.6065     2.2418         17  0.000e+00
     30.041   77.40158 -176.18090     30.362    -1.5115    -1.5114  24.398040  24.397309    30.3684    30.3673    372.057    358.881     0.5044     4.6117     0.1111     0.1111     0.0665     0.0452     147591   102.4931      90.65     2.6065     2.2418         17  0.000e+00
     30.099   77.40158 -176.18090     30.420    -1.5116    -1.5114  24.398098  24.397255    30.3686    30.3672    372.061    359.138     0.4739     4.6117     0.1099     0.1099     0.0665     0.0440     147592   102.4938      90.50     2.6065     2.2431         17  0.000e+00
     30.041   77.40158 -176.18090     30.362    -1.5115    -1.5112  24.398097  24.397527    30.3685    30.3674    372.057    359.387     0.5044     4.6117     0.1099     0.1099     0.0665     0.0452     147593   102.4944      90.48     2.6065     2.2443         17  0.000e+00
     20.248   77.40184 -176.17992     20.464    -1.2332    -1.2308  24.300899  24.299187    29.9606    29.9560    384.947    370.870     0.2297     4.6032     0.1123     0.1123     0.0739     0.0342     149490   103.8118      91.04     2.6942     2.3113         18  0.000e+00
     20.314   77.40184 -176.17992     20.530    -1.2329    -1.2306  24.301073  24.299188    29.9605    29.9557    384.947    371.124     0.2297     4.6032     0.1123     0.1123     0.0739     0.0342     149491   103.8125      91.14     2.6942     2.3125         18  0.000e+00
     20.207   77.40184 -176.17992     20.423    -1.2329    -1.2307  24.301130  24.299133    29.9607    29.9557    385.155    371.372     0.2297     4.6020     0.1123     0.1123     0.0750     0.0342     149492   103.8132      91.18     2.6954     2.3137         18  0.000e+00
     20.248   77.40184 -176.17992     20.464    -1.2332    -1.2304  24.301130  24.299133    29.9609    29.9554    385.160    371.372     0.2297     4.6020     0.1123     0.1123     0.0750     0.0342     149493   103.8139      91.31     2.6954     2.3137         18  0.000e+00
     20.248   77.40184 -176.17992     20.464    -1.2329    -1.2305  24.301130  24.298915    29.9606    29.9553    385.157    371.627     0.2297     4.6032     0.1123     0.1123     0.0739     0.0342     149494   103.8146      91.33     2.6954     2.3149         18  0.000e+00
     20.265   77.40184 -176.17992     20.481    -1.2329    -1.2303  24.300957  24.298861    29.9604    29.9550    385.159    371.626     0.2297     4.6032     0.1111     0.1111     0.0739     0.0342     149495   103.8153      91.43     2.6954     2.3149         18  0.000e+00
     20.191   77.40184 -176.17992     20.406    -1.2328    -1.2304  24.301246  24.299024    29.9607    29.9553    384.939    371.622     0.2297     4.6020     0.1111     0.1111     0.0750     0.0342     149496   103.8160      91.38     2.6942     2.3149         18  0.000e+00
     20.248   77.40184 -176.17992     20.464    -1.2327    -1.2304  24.301015  24.299133    29.9603    29.9554    385.156    371.624     0.2297     4.6032     0.1111     0.1111     0.0739     0.0342     149497   103.8167      91.43     2.6954     2.3149         18  0.000e+00
     20.248   77.40184 -176.17992     20.464    -1.2329    -1.2307  24.300899  24.299133    29.9604    29.9557    385.158    371.627     0.2297     4.6020     0.1123     0.1123     0.0750     0.0342     149498   103.8174      91.36     2.6954     2.3149         18  0.000e+00
     20.265   77.40184 -176.17992     20.481    -1.2328    -1.2305  24.301073  24.298915    29.9604    29.9552    385.157    371.627     0.2297     4.6032     0.1111     0.1111     0.0739     0.0342     149499   103.8181      91.36     2.6954     2.3149         18  0.000e+00
     20.248   77.40184 -176.17992     20.464    -1.2325    -1.2305  24.301130  24.298698    29.9603    29.9550    385.154    371.375     0.2297     4.6032     0.1111     0.1111     0.0739     0.0342     149500   103.8187      91.67     2.6954     2.3137         18  0.000e+00
     20.248   77.40184 -176.17992     20.464    -1.2326    -1.2305  24.300957  24.298643    29.9601    29.9549    385.369    371.122     0.2602     4.6020     0.1111     0.1111     0.0750     0.0354     149501   103.8194      91.92     2.6967     2.3125         18  0.000e+00
     20.248   77.40184 -176.17992     20.464    -1.2323    -1.2305  24.300899  24.298807    29.9597    29.9551    385.152    370.869     0.2602     4.6032     0.1111     0.1111     0.0739     0.0354     149502   103.8201      91.82     2.6954     2.3113         18  0.000e+00
     20.265   77.40184 -176.17992     20.481    -1.2324    -1.2302  24.300725  24.299024    29.9596    29.9551    385.155    370.866     0.2602     4.6032     0.1111     0.1111     0.0739     0.0354     149503   103.8208      91.50     2.6954     2.3113         18  0.000e+00
     20.191   77.40184 -176.17992     20.406    -1.2323    -1.2303  24.300667  24.298915    29.9594    29.9551    385.150    371.116     0.2602     4.6032     0.1111     0.1111     0.0739     0.0354     149504   103.8215      91.21     2.6954     2.3125         18  0.000e+00
     20.248   77.40184 -176.17992     20.464    -1.2321    -1.2304  24.300320  24.299024    29.9588    29.9553    385.367    371.119     0.2602     4.6032     0.1123     0.1123     0.0739     0.0354     149505   103.8222      90.94     2.6967     2.3125         18  0.000e+00
     20.265   77.40184 -176.17992     20.481    -1.2323    -1.2305  24.300147  24.298752    29.9587    29.9551    385.370    371.122     0.2602     4.6032     0.1123     0.1123     0.0739     0.0354     149506   103.8229      90.89     2.6967     2.3125         18  0.000e+00
     20.248   77.40184 -176.17992     20.464    -1.2321    -1.2304  24.299973  24.298426    29.9583    29.9544    385.155    370.869     0.2602     4.6020     0.1123     0.1123     0.0750     0.0354     149507   103.8236      90.99     2.6954     2.3113         18  0.000e+00
     20.248   77.40184 -176.17992     20.464    -1.2323    -1.2305  24.300089  24.298698    29.9586    29.9549    385.156    370.869     0.2602     4.6020     0.1123     0.1123     0.0750     0.0354     149508   103.8243      91.06     2.6954     2.3113         18  0.000e+00
     20.248   77.40184 -176.17992     20.464    -1.2321    -1.2305  24.300147  24.299024    29.9586    29.9554    385.154    370.868     0.2602     4.6020     0.1123     0.1123     0.0750     0.0354     149509   103.8250      91.14     2.6954     2.3113         18  0.000e+00
     20.265   77.40184 -176.17992     20.481    -1.2321    -1.2304  24.300205  24.299133    29.9586    29.9554    385.368    370.867     0.2602     4.6020     0.1111     0.1111     0.0750     0.0354     149510   103.8257      91.31     2.6967     2.3113         18  0.000e+00
     20.191   77.40184 -176.17992     20.406    -1.2321    -1.2307  24.300378  24.299133    29.9589    29.9557    385.150    371.118     0.2602     4.6020     0.1123     0.1123     0.0750     0.0354     149511   103.8264      91.43     2.6954     2.3125         18  0.000e+00
     20.248   77.40184 -176.17992     20.464    -1.2323    -1.2305  24.300436  24.299133    29.9591    29.9555    385.154    370.867     0.2602     4.6020     0.1123     0.1123     0.0750     0.0354     149512   103.8271      91.50     2.6954     2.3113         18  0.000e+00
     20.265   77.40184 -176.17992     20.481    -1.2324    -1.2304  24.300205  24.298752    29.9589    29.9549    385.157    370.616     0.2602     4.6020     0.1111     0.1111     0.0750     0.0354     149513   103.8278      91.38     2.6954     2.3100         18  0.000e+00
     20.248   77.40184 -176.17992     20.464    -1.2324    -1.2308  24.300320  24.298807    29.9590    29.9554    385.156    370.618     0.2602     4.6020     0.1111     0.1111     0.0750     0.0354     149514   103.8285      91.26     2.6954     2.3100         18  0.000e+00
     20.248   77.40184 -176.17992     20.464    -1.2326    -1.2307  24.300205  24.299079    29.9591    29.9556    385.371    370.616     0.2602     4.6020     0.1111     0.1111     0.0750     0.0354     149515   103.8292      91.40     2.6967     2.3100         18  0.000e+00
     20.248   77.40184 -176.17992     20.464    -1.2326    -1.2307  24.300320  24.299133    29.9592    29.9557    385.157    370.616     0.2602     4.6020     0.1123     0.1123     0.0750     0.0354     149516   103.8299      91.43     2.6954     2.3100         18  0.000e+00
     20.265   77.40184 -176.17992     20.481    -1.2323    -1.2308  24.300610  24.299296    29.9593    29.9560    385.154    370.869     0.2602     4.6020     0.1123     0.1123     0.0750     0.0354     149517   103.8306      91.38     2.6954     2.3113         18  0.000e+00
     20.248   77.40184 -176.17992     20.464    -1.2323    -1.2307  24.300494  24.299187    29.9591    29.9558    385.154    370.615     0.2602     4.6020     0.1123     0.1123     0.0750     0.0354     149518   103.8312      91.28     2.6954     2.3100         18  0.000e+00
     20.248   77.40184 -176.17992     20.464    -1.2321    -1.2310  24.300031  24.299133    29.9584    29.9561    385.368    370.619     0.2602     4.6020     0.1123     0.1123     0.0750     0.0354     149519   103.8319      91.31     2.6967     2.3100         18  0.000e+00
     20.248   77.40184 -176.17992     20.464    -1.2323    -1.2308  24.299915  24.299133    29.9584    29.9559    385.156    370.364     0.2602     4.6020     0.1123     0.1123     0.0750     0.0354     149520   103.8326      91.36     2.6954     2.3088         18  0.000e+00
     20.265   77.40184 -176.17992     20.481    -1.2321    -1.2312  24.300494  24.298915    29.9590    29.9559    385.154    370.369     0.2908     4.6020     0.1123     0.1123     0.0750     0.0366     149521   103.8333      91.43     2.6954     2.3088         18  0.000e+00
     20.248   77.40184 -176.17992     20.464    -1.2324    -1.2311  24.300494  24.298698    29.9593    29.9556    385.155    369.863     0.2602     4.6020     0.1123     0.1123     0.0750     0.0354     149522   103.8340      91.40     2.6954     2.3064         18  0.000e+00
     20.191   77.40184 -176.17992     20.406    -1.2323    -1.2310  24.300031  24.298643    29.9585    29.9554    385.153    369.354     0.2297     4.6020     0.1136     0.1136     0.0750     0.0342     149523   103.8347      91.28     2.6954     2.3039         18  0.000e+00
     20.265   77.40184 -176.17992     20.481    -1.2323    -1.2313  24.299915  24.299188    29.9583    29.9564    385.370    369.358     0.2602     4.6020     0.1136     0.1136     0.0750     0.0354     149524   103.8354      91.04     2.6967     2.3039         18  0.000e+00
     20.314   77.40186 -176.17990     20.530    -1.2321    -1.2327  24.300321  24.300058    29.9588    29.9590    385.157    370.127     0.2602     4.6020     0.1136     0.1136     0.0750     0.0354     149525   103.8361      91.06     2.6954     2.3076         18  0.000e+00
