Continuous CTD Data/SBE Stage/nabos_32_02avg.cnv
* Sea-Bird SBE 9 Data File:
* FileName = D:\CTD\data\HLY2502\raw\NABOS_32_02.hex
* Software Version Seasave V 7.26.7.110
* Temperature SN = 6954
* Conductivity SN = 2561
* Number of Bytes Per Scan = 37
* Number of Voltage Words = 4
* Number of Scans Averaged by the Deck Unit = 1
* NMEA Latitude = 79 57.04 N
* NMEA Longitude = 142 16.33 E
* NMEA UTC (Time) = Sep 23 2025  10:03:54
* NMEA baud rate = 9600
** Ship: USCG HEALY
** Bot. Depth:  1374
** Cast Number:  02
** Station Name:  NABOS
** Station Number:  32
** Operator:  STARC
# nquan = 25
# nvalues = 1384                        
# units = specified
# name 0 = depSM: Depth [salt water, m]
# name 1 = latitude: Latitude [deg]
# name 2 = longitude: Longitude [deg]
# name 3 = prDM: Pressure, Digiquartz [db]
# name 4 = t090C: Temperature [ITS-90, deg C]
# name 5 = t190C: Temperature, 2 [ITS-90, deg C]
# name 6 = c0mS/cm: Conductivity [mS/cm]
# name 7 = c1mS/cm: Conductivity, 2 [mS/cm]
# name 8 = sal00: Salinity, Practical [PSU]
# name 9 = sal11: Salinity, Practical, 2 [PSU]
# name 10 = sbox0Mm/Kg: Oxygen, SBE 43 [umol/kg]
# name 11 = sbox1Mm/Kg: Oxygen, SBE 43, 2 [umol/kg]
# name 12 = flECO-AFL: Fluorescence, WET Labs ECO-AFL/FL [mg/m^3]
# name 13 = v2: Voltage 2
# name 14 = wetCDOM: Fluorescence, WET Labs CDOM [mg/m^3]
# name 15 = v6: Voltage 6
# name 16 = CStarAt0: Beam Attenuation, WET Labs C-Star [1/m]
# name 17 = v3: Voltage 3
# name 18 = scan: Scan Count
# name 19 = timeM: Time, Elapsed [minutes]
# name 20 = altM: Altimeter [m]
# name 21 = sbeox0V: Oxygen raw, SBE 43 [V]
# name 22 = sbeox1V: Oxygen raw, SBE 43, 2 [V]
# name 23 = nbin: number of scans per bin
# name 24 = flag: flag
# span 0 =      3.956,   1367.771       
# span 1 =   79.95106,   79.95300       
# span 2 =  142.23999,  142.26974       
# span 3 =      4.000,   1387.000       
# span 4 =    -1.3262,     1.8456       
# span 5 =    -1.3279,     1.8446       
# span 6 =  23.835853,  30.624990       
# span 7 =  23.827760,  30.622418       
# span 8 =    29.3506,    34.9016       
# span 9 =    29.3463,    34.8992       
# span 10 =    287.872,    364.198      
# span 11 =    175.213,    351.551      
# span 12 =    -0.1795,     0.7036      
# span 13 =     4.4581,     4.6281      
# span 14 =     0.0662,     0.1247      
# span 15 =     0.0662,     0.1247      
# span 16 =     0.0523,     0.2020      
# span 17 =     0.0178,     0.0531      
# span 18 =       3152,      44265      
# span 19 =     2.1883,    30.7389      
# span 20 =       5.89,     108.87      
# span 21 =     1.9646,     2.5799      
# span 22 =     1.3640,     2.2516      
# span 23 =          1,         30      
# span 24 = 0.0000e+00, 0.0000e+00      
# interval = decibars: 1                
# start_time = Sep 23 2025 10:03:54 [NMEA time, header]
# bad_flag = -9.990e-29
*END*
[from data line 522]
    519.775   79.95162  142.25572    526.000     0.7387     0.7382  29.787360  29.785055    34.8336    34.8312    296.487    291.843    -0.1414     4.6193     0.0730     0.0730     0.0599     0.0193      19102    13.2642     100.00     2.2395     1.9718         17 0.0000e+00
    520.762   79.95162  142.25572    527.000     0.7326     0.7325  29.782316  29.780536    34.8334    34.8312    296.422    292.259    -0.1583     4.6156     0.0707     0.0707     0.0631     0.0186      19125    13.2805     100.00     2.2386     1.9734         13 0.0000e+00
    521.748   79.95162  142.25570    528.000     0.7287     0.7284  29.779355  29.777106    34.8333    34.8308    296.440    292.682    -0.1380     4.6173     0.0758     0.0758     0.0617     0.0195      19149    13.2969     100.00     2.2383     1.9752         19 0.0000e+00
    522.735   79.95162  142.25568    529.000     0.7236     0.7232  29.775172  29.773023    34.8331    34.8307    296.320    292.732    -0.1327     4.6189     0.0815     0.0815     0.0602     0.0197      19172    13.3130     100.00     2.2371     1.9750         16 0.0000e+00
    523.722   79.95162  142.25566    530.000     0.7167     0.7161  29.769489  29.766962    34.8328    34.8303    296.415    292.658    -0.1710     4.6186     0.0834     0.0834     0.0605     0.0181      19195    13.3294     100.00     2.2371     1.9742         17 0.0000e+00
    524.709   79.95162  142.25564    531.000     0.7112     0.7111  29.764976  29.763077    34.8325    34.8302    296.327    292.346    -0.1690     4.6185     0.0825     0.0825     0.0606     0.0182      19219    13.3460     100.00     2.2360     1.9722         16 0.0000e+00
    525.696   79.95162  142.25562    532.000     0.7085     0.7083  29.762996  29.760936    34.8325    34.8300    296.260    291.766    -0.1369     4.6189     0.0824     0.0824     0.0602     0.0195      19243    13.3624     100.00     2.2353     1.9690         15 0.0000e+00
    526.683   79.95162  142.25560    533.000     0.7071     0.7070  29.762127  29.760165    34.8323    34.8299    296.115    291.792    -0.1763     4.6190     0.0821     0.0821     0.0601     0.0179      19267    13.3789     100.00     2.2341     1.9689         14 0.0000e+00
    527.670   79.95162  142.25558    534.000     0.7066     0.7065  29.762181  29.760338    34.8323    34.8300    296.018    292.122    -0.1731     4.6181     0.0824     0.0824     0.0609     0.0181      19290    13.3952     100.00     2.2333     1.9703         15 0.0000e+00
    528.657   79.95162  142.25558    535.000     0.7064     0.7063  29.762368  29.760425    34.8322    34.8297    295.959    291.736    -0.1754     4.6170     0.0825     0.0825     0.0619     0.0180      19314    13.4120     100.00     2.2327     1.9682         15 0.0000e+00
    529.644   79.95162  142.25556    536.000     0.7056     0.7055  29.762026  29.760065    34.8321    34.8297    295.970    292.156    -0.1589     4.6176     0.0816     0.0816     0.0614     0.0186      19339    13.4288     100.00     2.2325     1.9700         15 0.0000e+00
    530.631   79.95162  142.25554    537.000     0.7019     0.7023  29.758981  29.757558    34.8317    34.8294    296.058    292.266    -0.1339     4.6179     0.0811     0.0811     0.0611     0.0196      19363    13.4460     100.00     2.2326     1.9703         16 0.0000e+00
    531.617   79.95162  142.25552    538.000     0.6949     0.6941  29.753098  29.750579    34.8313    34.8289    296.265    292.362    -0.1328     4.6178     0.0812     0.0812     0.0612     0.0197      19387    13.4627     100.00     2.2332     1.9702         16 0.0000e+00
    532.604   79.95162  142.25550    539.000     0.6868     0.6864  29.746563  29.744395    34.8313    34.8289    296.341    292.445    -0.1341     4.6176     0.0823     0.0823     0.0614     0.0196      19410    13.4785     100.00     2.2330     1.9701         12 0.0000e+00
    533.591   79.95162  142.25548    540.000     0.6852     0.6855  29.745725  29.744178    34.8314    34.8291    296.291    292.282    -0.1427     4.6172     0.0825     0.0825     0.0617     0.0193      19433    13.4942     100.00     2.2324     1.9691         15 0.0000e+00
    534.578   79.95162  142.25548    541.000     0.6871     0.6869  29.747897  29.746010    34.8315    34.8294    296.189    291.942    -0.1687     4.6140     0.0831     0.0831     0.0645     0.0182      19456    13.5103     100.00     2.2317     1.9673         16 0.0000e+00
    535.565   79.95162  142.25546    542.000     0.6850     0.6850  29.746597  29.744648    34.8316    34.8292    296.122    291.977    -0.1484     4.6168     0.0856     0.0856     0.0620     0.0190      19480    13.5269     100.00     2.2310     1.9672         12 0.0000e+00
    536.552   79.95162  142.25544    543.000     0.6816     0.6814  29.743975  29.742021    34.8315    34.8292    296.114    291.769    -0.1306     4.6166     0.0849     0.0849     0.0622     0.0198      19505    13.5445     100.00     2.2305     1.9658         17 0.0000e+00
    537.538   79.95162  142.25542    544.000     0.6748     0.6741  29.738157  29.735693    34.8310    34.8286    296.144    291.681    -0.1550     4.6161     0.0824     0.0824     0.0627     0.0188      19530    13.5615     100.00     2.2301     1.9649         14 0.0000e+00
    538.525   79.95162  142.25540    545.000     0.6694     0.6691  29.734002  29.732023    34.8310    34.8288    296.146    291.753    -0.1708     4.6153     0.0820     0.0820     0.0634     0.0182      19553    13.5775     100.00     2.2296     1.9648         14 0.0000e+00
    539.512   79.95162  142.25539    546.000     0.6683     0.6683  29.733628  29.731804    34.8312    34.8288    296.221    291.550    -0.1464     4.6153     0.0810     0.0810     0.0634     0.0191      19575    13.5929     100.00     2.2298     1.9636         12 0.0000e+00
    540.499   79.95162  142.25538    547.000     0.6704     0.6707  29.736231  29.734443    34.8316    34.8290    296.224    292.137    -0.1313     4.6165     0.0736     0.0736     0.0623     0.0197      19597    13.6082     100.00     2.2297     1.9664         12 0.0000e+00
    541.486   79.95162  142.25537    548.000     0.6781     0.6781  29.743674  29.741863    34.8321    34.8297    296.193    292.653    -0.1346     4.6172     0.0808     0.0808     0.0617     0.0196      19620    13.6246     100.00     2.2297     1.9691         15 0.0000e+00
    542.472   79.95162  142.25535    549.000     0.6817     0.6820  29.747837  29.746277    34.8328    34.8305    296.259    291.218    -0.1685     4.6179     0.0811     0.0811     0.0611     0.0182      19646    13.6424     100.00     2.2300     1.9620         13 0.0000e+00
    543.459   79.95162  142.25532    550.000     0.6844     0.6845  29.750797  29.749206    34.8331    34.8309    296.399    291.972    -0.1330     4.6186     0.0814     0.0814     0.0605     0.0197      19673    13.6608     100.00     2.2307     1.9656         14 0.0000e+00
    544.446   79.95162  142.25530    551.000     0.6807     0.6807  29.748030  29.746216    34.8331    34.8308    296.401    291.937    -0.1411     4.6190     0.0758     0.0758     0.0601     0.0193      19697    13.6781     100.00     2.2303     1.9651         12 0.0000e+00
    545.433   79.95162  142.25528    552.000     0.6778     0.6778  29.745892  29.744111    34.8330    34.8307    296.149    291.913    -0.1693     4.6184     0.0712     0.0712     0.0607     0.0182      19720    13.6941     100.00     2.2285     1.9647         14 0.0000e+00
    546.420   79.95162  142.25528    553.000     0.6758     0.6758  29.744616  29.742741    34.8330    34.8306    295.924    291.821    -0.1305     4.6191     0.0684     0.0684     0.0600     0.0198      19742    13.7091     100.00     2.2269     1.9639         14 0.0000e+00
    547.406   79.95162  142.25527    554.000     0.6756     0.6755  29.744790  29.742830    34.8328    34.8304    295.710    291.168    -0.1328     4.6185     0.0698     0.0698     0.0605     0.0197      19765    13.7247     100.00     2.2253     1.9605         16 0.0000e+00
    548.393   79.95162  142.25525    555.000     0.6699     0.6699  29.739939  29.738153    34.8323    34.8300    295.813    291.759    -0.1302     4.6184     0.0707     0.0707     0.0606     0.0198      19789    13.7416     100.00     2.2254     1.9630         14 0.0000e+00
    549.380   79.95162  142.25523    556.000     0.6625     0.6616  29.733672  29.731160    34.8320    34.8297    296.007    291.749    -0.1344     4.6183     0.0821     0.0821     0.0607     0.0196      19815    13.7597     100.00     2.2260     1.9624         14 0.0000e+00
    550.367   79.95162  142.25521    557.000     0.6573     0.6572  29.729560  29.727734    34.8319    34.8296    296.101    291.972    -0.1307     4.6179     0.0825     0.0825     0.0611     0.0198      19841    13.7776     100.00     2.2260     1.9631         15 0.0000e+00
    551.353   79.95162  142.25520    558.000     0.6603     0.6606  29.733147  29.731452    34.8325    34.8301    296.119    291.922    -0.1301     4.6178     0.0830     0.0830     0.0612     0.0198      19864    13.7940     100.00     2.2261     1.9628         14 0.0000e+00
    552.340   79.95162  142.25519    559.000     0.6620     0.6618  29.735007  29.733005    34.8325    34.8301    296.130    292.071    -0.1513     4.6178     0.0817     0.0817     0.0612     0.0189      19886    13.8092     100.00     2.2260     1.9635         14 0.0000e+00
    553.327   79.95162  142.25517    560.000     0.6572     0.6570  29.731247  29.729225    34.8324    34.8300    296.271    292.370    -0.1676     4.6178     0.0800     0.0800     0.0612     0.0183      19908    13.8243     100.00     2.2264     1.9645         11 0.0000e+00
    554.314   79.95162  142.25515    561.000     0.6547     0.6547  29.729561  29.727858    34.8324    34.8302    296.157    291.775    -0.1525     4.6183     0.0800     0.0800     0.0607     0.0189      19932    13.8407     100.00     2.2253     1.9613         17 0.0000e+00
    555.301   79.95162  142.25514    562.000     0.6616     0.6619  29.736883  29.735297    34.8336    34.8312    295.958    291.221    -0.1581     4.6190     0.0762     0.0762     0.0601     0.0187      19957    13.8582     100.00     2.2243     1.9587         14 0.0000e+00
    556.287   79.95162  142.25513    563.000     0.6635     0.6634  29.738981  29.737001    34.8337    34.8312    296.001    290.651    -0.1673     4.6182     0.0825     0.0825     0.0608     0.0183      19983    13.8763     100.00     2.2244     1.9557         17 0.0000e+00
    557.274   79.95162  142.25511    564.000     0.6627     0.6626  29.738783  29.736842    34.8337    34.8313    296.076    291.193    -0.1651     4.6183     0.0825     0.0825     0.0608     0.0184      20007    13.8932     100.00     2.2246     1.9582         15 0.0000e+00
    558.261   79.95162  142.25509    565.000     0.6636     0.6635  29.740057  29.738244    34.8338    34.8315    296.148    291.586    -0.1747     4.6197     0.0801     0.0801     0.0596     0.0180      20030    13.9094     100.00     2.2249     1.9600         15 0.0000e+00
    559.248   79.95162  142.25507    566.000     0.6587     0.6591  29.736194  29.734848    34.8337    34.8315    296.227    291.641    -0.1377     4.6189     0.0806     0.0806     0.0603     0.0195      20053    13.9252     100.00     2.2248     1.9599         16 0.0000e+00
    560.234   79.95162  142.25506    567.000     0.6557     0.6552  29.733961  29.731804    34.8335    34.8313    296.184    292.671    -0.1322     4.6193     0.0807     0.0807     0.0599     0.0197      20076    13.9411     100.00     2.2242     1.9646         14 0.0000e+00
    561.221   79.95162  142.25505    568.000     0.6555     0.6554  29.734453  29.732788    34.8338    34.8318    296.189    292.197    -0.1366     4.6203     0.0812     0.0812     0.0591     0.0195      20101    13.9583     100.00     2.2240     1.9621         16 0.0000e+00
    562.208   79.95162  142.25502    569.000     0.6571     0.6570  29.736692  29.734873    34.8344    34.8321    296.148    291.037    -0.1404     4.6205     0.0832     0.0832     0.0590     0.0193      20127    13.9762     100.00     2.2236     1.9563         16 0.0000e+00
    563.194   79.95162  142.25500    570.000     0.6570     0.6567  29.737057  29.734906    34.8344    34.8319    296.068    291.595    -0.1618     4.6209     0.0792     0.0792     0.0585     0.0185      20152    13.9936     100.00     2.2229     1.9588         16 0.0000e+00
    564.181   79.95162  142.25500    571.000     0.6555     0.6551  29.736308  29.734223    34.8345    34.8323    296.082    291.381    -0.1359     4.6203     0.0671     0.0671     0.0591     0.0195      20176    14.0102     100.00     2.2227     1.9575         16 0.0000e+00
    565.168   79.95162  142.25499    572.000     0.6542     0.6540  29.735670  29.733551    34.8345    34.8320    296.048    291.407    -0.1435     4.6201     0.0674     0.0674     0.0593     0.0192      20198    14.0259     100.00     2.2222     1.9574         18 0.0000e+00
    566.154   79.95162  142.25497    573.000     0.6525     0.6528  29.734391  29.732919    34.8342    34.8319    295.970    291.937    -0.1683     4.6197     0.0728     0.0728     0.0596     0.0183      20221    14.0415     100.00     2.2214     1.9598         16 0.0000e+00
    567.141   79.95162  142.25495    574.000     0.6482     0.6479  29.730945  29.728944    34.8339    34.8317    295.733    291.660    -0.1548     4.6200     0.0791     0.0791     0.0593     0.0188      20244    14.0578     100.00     2.2196     1.9580         20 0.0000e+00
    568.128   79.95162  142.25493    575.000     0.6323     0.6309  29.717044  29.714073    34.8331    34.8308    295.740    291.794    -0.1479     4.6190     0.0824     0.0824     0.0601     0.0191      20269    14.0751     100.00     2.2186     1.9578         19 0.0000e+00
    569.114   79.95162  142.25492    576.000     0.6207     0.6209  29.707522  29.705949    34.8332    34.8309    295.831    292.135    -0.1746     4.6194     0.0829     0.0829     0.0598     0.0180      20295    14.0928     100.00     2.2183     1.9588         19 0.0000e+00
    570.101   79.95162  142.25491    577.000     0.6180     0.6167  29.705153  29.702162    34.8325    34.8301    295.830    291.897    -0.1430     4.6193     0.0832     0.0832     0.0599     0.0193      20320    14.1102     100.00     2.2180     1.9573         20 0.0000e+00
    571.088   79.95162  142.25488    578.000     0.5975     0.5975  29.686785  29.685124    34.8310    34.8290    296.114    291.332    -0.1570     4.6191     0.0818     0.0818     0.0600     0.0187      20343    14.1263     100.00     2.2184     1.9535         16 0.0000e+00
    572.074   79.95162  142.25488    579.000     0.5810     0.5805  29.672640  29.670446    34.8306    34.8283    296.275    291.757    -0.1683     4.6189     0.0773     0.0773     0.0602     0.0183      20366    14.1421     100.00     2.2182     1.9547         17 0.0000e+00
    573.061   79.95162  142.25487    580.000     0.5722     0.5712  29.665167  29.662391    34.8301    34.8277    296.222    292.083    -0.1450     4.6187     0.0780     0.0780     0.0604     0.0192      20389    14.1581     100.00     2.2173     1.9557         15 0.0000e+00
    574.048   79.95162  142.25485    581.000     0.5685     0.5685  29.662108  29.660227    34.8297    34.8274    296.277    291.684    -0.1650     4.6193     0.0744     0.0744     0.0599     0.0184      20413    14.1750     100.00     2.2172     1.9534         17 0.0000e+00
    575.034   79.95162  142.25483    582.000     0.5674     0.5673  29.661364  29.659316    34.8294    34.8269    296.259    291.632    -0.1731     4.6181     0.0668     0.0668     0.0609     0.0181      20439    14.1930     100.00     2.2168     1.9529         16 0.0000e+00
