Continuous CTD Data/SBE Stage/nabos_32_02avg.cnv
* Sea-Bird SBE 9 Data File:
* FileName = D:\CTD\data\HLY2502\raw\NABOS_32_02.hex
* Software Version Seasave V 7.26.7.110
* Temperature SN = 6954
* Conductivity SN = 2561
* Number of Bytes Per Scan = 37
* Number of Voltage Words = 4
* Number of Scans Averaged by the Deck Unit = 1
* NMEA Latitude = 79 57.04 N
* NMEA Longitude = 142 16.33 E
* NMEA UTC (Time) = Sep 23 2025  10:03:54
* NMEA baud rate = 9600
** Ship: USCG HEALY
** Bot. Depth:  1374
** Cast Number:  02
** Station Name:  NABOS
** Station Number:  32
** Operator:  STARC
# nquan = 25
# nvalues = 1384                        
# units = specified
# name 0 = depSM: Depth [salt water, m]
# name 1 = latitude: Latitude [deg]
# name 2 = longitude: Longitude [deg]
# name 3 = prDM: Pressure, Digiquartz [db]
# name 4 = t090C: Temperature [ITS-90, deg C]
# name 5 = t190C: Temperature, 2 [ITS-90, deg C]
# name 6 = c0mS/cm: Conductivity [mS/cm]
# name 7 = c1mS/cm: Conductivity, 2 [mS/cm]
# name 8 = sal00: Salinity, Practical [PSU]
# name 9 = sal11: Salinity, Practical, 2 [PSU]
# name 10 = sbox0Mm/Kg: Oxygen, SBE 43 [umol/kg]
# name 11 = sbox1Mm/Kg: Oxygen, SBE 43, 2 [umol/kg]
# name 12 = flECO-AFL: Fluorescence, WET Labs ECO-AFL/FL [mg/m^3]
# name 13 = v2: Voltage 2
# name 14 = wetCDOM: Fluorescence, WET Labs CDOM [mg/m^3]
# name 15 = v6: Voltage 6
# name 16 = CStarAt0: Beam Attenuation, WET Labs C-Star [1/m]
# name 17 = v3: Voltage 3
# name 18 = scan: Scan Count
# name 19 = timeM: Time, Elapsed [minutes]
# name 20 = altM: Altimeter [m]
# name 21 = sbeox0V: Oxygen raw, SBE 43 [V]
# name 22 = sbeox1V: Oxygen raw, SBE 43, 2 [V]
# name 23 = nbin: number of scans per bin
# name 24 = flag: flag
# span 0 =      3.956,   1367.771       
# span 1 =   79.95106,   79.95300       
# span 2 =  142.23999,  142.26974       
# span 3 =      4.000,   1387.000       
# span 4 =    -1.3262,     1.8456       
# span 5 =    -1.3279,     1.8446       
# span 6 =  23.835853,  30.624990       
# span 7 =  23.827760,  30.622418       
# span 8 =    29.3506,    34.9016       
# span 9 =    29.3463,    34.8992       
# span 10 =    287.872,    364.198      
# span 11 =    175.213,    351.551      
# span 12 =    -0.1795,     0.7036      
# span 13 =     4.4581,     4.6281      
# span 14 =     0.0662,     0.1247      
# span 15 =     0.0662,     0.1247      
# span 16 =     0.0523,     0.2020      
# span 17 =     0.0178,     0.0531      
# span 18 =       3152,      44265      
# span 19 =     2.1883,    30.7389      
# span 20 =       5.89,     108.87      
# span 21 =     1.9646,     2.5799      
# span 22 =     1.3640,     2.2516      
# span 23 =          1,         30      
# span 24 = 0.0000e+00, 0.0000e+00      
# interval = decibars: 1                
# start_time = Sep 23 2025 10:03:54 [NMEA time, header]
# bad_flag = -9.990e-29
*END*
[from data line 232]
    233.370   79.95150  142.26140    236.000     1.8234     1.8233  30.600937  30.598977    34.8368    34.8343    295.698    290.428    -0.1366     4.6217     0.0803     0.0803     0.0579     0.0195      12066     8.3781     100.00     2.3590     2.0677         14 0.0000e+00
    234.358   79.95150  142.26138    237.000     1.8137     1.8119  30.592392  30.589082    34.8361    34.8338    295.556    290.553    -0.1631     4.6217     0.0824     0.0824     0.0578     0.0185      12091     8.3958     100.00     2.3573     2.0676         11 0.0000e+00
    235.347   79.95150  142.26136    238.000     1.8280     1.8318  30.608262  30.609689    34.8398    34.8373    295.216    290.200    -0.1509     4.6227     0.0828     0.0828     0.0570     0.0189      12116     8.4134     100.00     2.3557     2.0665         14 0.0000e+00
    236.335   79.95150  142.26134    239.000     1.8335     1.8335  30.612774  30.611201    34.8388    34.8367    295.069    289.785    -0.1308     4.6216     0.0807     0.0807     0.0579     0.0197      12140     8.4298     100.00     2.3549     2.0641         14 0.0000e+00
    237.323   79.95150  142.26132    240.000     1.8413     1.8419  30.621407  30.620079    34.8405    34.8381    294.994    290.379    -0.1322     4.6222     0.0795     0.0795     0.0574     0.0197      12164     8.4464     100.00     2.3546     2.0675         14 0.0000e+00
    238.311   79.95150  142.26130    241.000     1.8456     1.8446  30.624990  30.622418    34.8396    34.8376    295.088    290.313    -0.1555     4.6232     0.0805     0.0805     0.0565     0.0188      12188     8.4635     100.00     2.3551     2.0670         15 0.0000e+00
    239.300   79.95150  142.26128    242.000     1.7992     1.7973  30.583134  30.580362    34.8375    34.8360    295.616    290.449    -0.1448     4.6229     0.0817     0.0817     0.0568     0.0192      12214     8.4812     100.00     2.3558     2.0655         15 0.0000e+00
    240.288   79.95150  142.26126    243.000     1.7723     1.7706  30.559839  30.556614    34.8372    34.8349    295.695    290.785    -0.1632     4.6226     0.0828     0.0828     0.0571     0.0185      12240     8.4993     100.00     2.3546     2.0659         16 0.0000e+00
    241.276   79.95150  142.26124    244.000     1.7441     1.7424  30.534269  30.531170    34.8354    34.8333    295.868    290.874    -0.1333     4.6234     0.0822     0.0822     0.0564     0.0196      12265     8.5168     100.00     2.3540     2.0649         14 0.0000e+00
    242.264   79.95150  142.26122    245.000     1.7319     1.7327  30.524450  30.523390    34.8358    34.8336    295.698    290.937    -0.1426     4.6232     0.0810     0.0810     0.0565     0.0193      12290     8.5337     100.00     2.3520     2.0646         14 0.0000e+00
    243.252   79.95150  142.26120    246.000     1.7268     1.7232  30.518937  30.514093    34.8339    34.8318    295.691    290.975    -0.1559     4.6242     0.0812     0.0812     0.0556     0.0188      12313     8.5501     100.00     2.3514     2.0642         13 0.0000e+00
    244.241   79.95150  142.26118    247.000     1.6861     1.6846  30.483443  30.480346    34.8334    34.8311    295.837    291.622    -0.1438     4.6239     0.0811     0.0811     0.0559     0.0192      12337     8.5666     100.00     2.3500     2.0658         17 0.0000e+00
    245.229   79.95150  142.26116    248.000     1.6882     1.6918  30.486727  30.487958    34.8347    34.8323    295.583    291.255    -0.1518     4.6241     0.0797     0.0797     0.0557     0.0189      12361     8.5836     100.00     2.3483     2.0640         14 0.0000e+00
    246.217   79.95150  142.26114    249.000     1.7285     1.7281  30.523948  30.521630    34.8367    34.8342    295.186    291.112    -0.1343     4.6227     0.0808     0.0808     0.0570     0.0196      12386     8.6010     100.00     2.3477     2.0646         12 0.0000e+00
    247.205   79.95150  142.26111    250.000     1.7316     1.7321  30.527247  30.526005    34.8368    34.8347    295.435    291.124    -0.1534     4.6225     0.0818     0.0818     0.0572     0.0188      12412     8.6187     100.00     2.3492     2.0646         13 0.0000e+00
    248.194   79.95150  142.26109    251.000     1.7179     1.7171  30.514988  30.512710    34.8359    34.8338    295.561    291.011    -0.1431     4.6224     0.0796     0.0796     0.0572     0.0192      12437     8.6358     100.00     2.3490     2.0631         14 0.0000e+00
    249.182   79.95149  142.26107    252.000     1.7088     1.7084  30.507385  30.505258    34.8357    34.8335    295.662    290.929    -0.1283     4.6224     0.0805     0.0805     0.0573     0.0199      12460     8.6524     100.00     2.3489     2.0621         14 0.0000e+00
    250.170   79.95148  142.26106    253.000     1.6942     1.6940  30.494585  30.492854    34.8351    34.8332    295.857    291.276    -0.1327     4.6221     0.0816     0.0816     0.0575     0.0197      12484     8.6689     100.00     2.3491     2.0632         15 0.0000e+00
    251.158   79.95148  142.26103    254.000     1.6884     1.6888  30.490673  30.489117    34.8360    34.8336    295.807    291.061    -0.1289     4.6227     0.0812     0.0812     0.0570     0.0198      12509     8.6858     100.00     2.3483     2.0616         16 0.0000e+00
    252.147   79.95148  142.26101    255.000     1.7087     1.7086  30.509752  30.507918    34.8371    34.8349    295.539    290.811    -0.1345     4.6223     0.0807     0.0807     0.0573     0.0196      12533     8.7030     100.00     2.3474     2.0609         15 0.0000e+00
    253.135   79.95148  142.26099    256.000     1.6972     1.6933  30.498291  30.493112    34.8347    34.8326    295.707    291.461    -0.1323     4.6223     0.0812     0.0812     0.0574     0.0197      12558     8.7204     100.00     2.3476     2.0635         14 0.0000e+00
    254.123   79.95148  142.26097    257.000     1.6610     1.6616  30.466495  30.465405    34.8339    34.8319    296.144    291.395    -0.1561     4.6227     0.0811     0.0811     0.0570     0.0187      12584     8.7381     100.00     2.3482     2.0616         15 0.0000e+00
    255.111   79.95148  142.26095    258.000     1.6566     1.6564  30.462994  30.461020    34.8338    34.8314    296.147    291.250    -0.1416     4.6226     0.0797     0.0797     0.0571     0.0193      12609     8.7555     100.00     2.3478     2.0604         16 0.0000e+00
    256.099   79.95148  142.26093    259.000     1.6447     1.6444  30.452849  30.450780    34.8335    34.8312    296.361    291.502    -0.1514     4.6220     0.0808     0.0808     0.0576     0.0189      12633     8.7722     100.00     2.3482     2.0610         18 0.0000e+00
    257.088   79.95148  142.26091    260.000     1.6379     1.6378  30.447091  30.445127    34.8331    34.8307    296.252    291.633    -0.1536     4.6222     0.0818     0.0818     0.0574     0.0188      12657     8.7885     100.00     2.3469     2.0612         16 0.0000e+00
    258.076   79.95148  142.26089    261.000     1.6334     1.6331  30.443256  30.441315    34.8327    34.8305    296.187    291.451    -0.1477     4.6212     0.0831     0.0831     0.0583     0.0191      12681     8.8056     100.00     2.3460     2.0598         16 0.0000e+00
    259.064   79.95148  142.26088    262.000     1.6245     1.6239  30.435561  30.433341    34.8322    34.8300    296.205    291.677    -0.1315     4.6214     0.0820     0.0820     0.0581     0.0197      12706     8.8232     100.00     2.3454     2.0604         17 0.0000e+00
    260.052   79.95148  142.26086    263.000     1.6218     1.6217  30.434298  30.432429    34.8330    34.8307    296.199    291.613    -0.1590     4.6217     0.0809     0.0809     0.0579     0.0186      12732     8.8408     100.00     2.3450     2.0598         13 0.0000e+00
    261.040   79.95148  142.26083    264.000     1.6215     1.6215  30.435071  30.433148    34.8337    34.8313    296.225    292.171    -0.1688     4.6207     0.0806     0.0806     0.0587     0.0182      12757     8.8584     100.00     2.3449     2.0625         16 0.0000e+00
    262.028   79.95148  142.26081    265.000     1.6214     1.6213  30.435613  30.433729    34.8340    34.8316    296.294    291.474    -0.1364     4.6201     0.0806     0.0806     0.0592     0.0195      12781     8.8748     100.00     2.3451     2.0586         15 0.0000e+00
    263.016   79.95148  142.26079    266.000     1.6202     1.6200  30.435308  30.433308    34.8343    34.8319    296.340    291.740    -0.1652     4.6186     0.0812     0.0812     0.0605     0.0184      12804     8.8909     100.00     2.3451     2.0598         18 0.0000e+00
    264.005   79.95148  142.26078    267.000     1.6215     1.6219  30.437262  30.435810    34.8348    34.8325    296.390    291.488    -0.1290     4.6195     0.0819     0.0819     0.0597     0.0198      12828     8.9074     100.00     2.3453     2.0583         18 0.0000e+00
    264.993   79.95148  142.26077    268.000     1.6219     1.6215  30.438009  30.435964    34.8347    34.8325    296.474    291.373    -0.1637     4.6190     0.0816     0.0816     0.0601     0.0184      12853     8.9250     100.00     2.3456     2.0575         20 0.0000e+00
    265.981   79.95148  142.26075    269.000     1.6175     1.6189  30.435447  30.435066    34.8357    34.8337    296.478    291.837    -0.1616     4.6183     0.0807     0.0807     0.0607     0.0185      12879     8.9431     100.00     2.3451     2.0597         17 0.0000e+00
    266.969   79.95148  142.26072    270.000     1.6397     1.6411  30.457077  30.456102    34.8380    34.8352    296.271    291.386    -0.1267     4.6181     0.0821     0.0821     0.0609     0.0199      12904     8.9606     100.00     2.3447     2.0581         16 0.0000e+00
    267.957   79.95148  142.26071    271.000     1.6325     1.6322  30.450591  30.448700    34.8372    34.8351    296.374    291.553    -0.1276     4.6191     0.0806     0.0806     0.0600     0.0199      12928     8.9771     100.00     2.3448     2.0583         17 0.0000e+00
    268.945   79.95148  142.26069    272.000     1.6247     1.6239  30.443615  30.441562    34.8364    34.8346    296.394    291.390    -0.1324     4.6189     0.0806     0.0806     0.0602     0.0197      12951     8.9934     100.00     2.3442     2.0569         15 0.0000e+00
    269.933   79.95148  142.26066    273.000     1.6159     1.6154  30.436828  30.434585    34.8370    34.8347    296.272    292.059    -0.1330     4.6188     0.0806     0.0806     0.0603     0.0197      12975     9.0100     100.00     2.3428     2.0599         17 0.0000e+00
    270.922   79.95148  142.26064    274.000     1.6084     1.6082  30.430516  30.428518    34.8366    34.8343    296.179    291.796    -0.1293     4.6177     0.0820     0.0820     0.0613     0.0198      13001     9.0276     100.00     2.3416     2.0580         17 0.0000e+00
    271.909   79.95148  142.26062    275.000     1.6036     1.6035  30.426949  30.424993    34.8368    34.8345    296.108    291.773    -0.1313     4.6180     0.0819     0.0819     0.0611     0.0197      13027     9.0458     100.00     2.3407     2.0575         17 0.0000e+00
    272.898   79.95148  142.26060    276.000     1.6022     1.6020  30.426302  30.424380    34.8370    34.8347    296.125    291.675    -0.1305     4.6188     0.0815     0.0815     0.0603     0.0198      13053     9.0638     100.00     2.3405     2.0567         20 0.0000e+00
    273.886   79.95148  142.26058    277.000     1.5991     1.5989  30.424286  30.422326    34.8373    34.8350    296.199    291.912    -0.1266     4.6193     0.0814     0.0814     0.0598     0.0199      13077     9.0807     100.00     2.3405     2.0576         18 0.0000e+00
    274.874   79.95148  142.26056    278.000     1.5991     1.5989  30.424764  30.422983    34.8374    34.8352    296.273    291.970    -0.1631     4.6197     0.0806     0.0806     0.0596     0.0185      13100     9.0969     100.00     2.3407     2.0577         14 0.0000e+00
    275.862   79.95146  142.26054    279.000     1.5935     1.5927  30.420106  30.417534    34.8371    34.8347    296.441    291.375    -0.1651     4.6188     0.0800     0.0800     0.0603     0.0184      13125     9.1136     100.00     2.3412     2.0541         15 0.0000e+00
    276.850   79.95148  142.26052    280.000     1.5791     1.5784  30.408343  30.405892    34.8374    34.8352    296.459    291.070    -0.1611     4.6188     0.0817     0.0817     0.0602     0.0185      13150     9.1314     100.00     2.3404     2.0517         15 0.0000e+00
    277.838   79.95148  142.26050    281.000     1.5754     1.5752  30.405599  30.403659    34.8375    34.8352    296.327    292.117    -0.1521     4.6189     0.0818     0.0818     0.0602     0.0189      13176     9.1493     100.00     2.3392     2.0568         14 0.0000e+00
    278.826   79.95148  142.26048    282.000     1.5724     1.5721  30.403255  30.401408    34.8373    34.8352    296.382    292.078    -0.1509     4.6188     0.0819     0.0819     0.0603     0.0189      13202     9.1674     100.00     2.3391     2.0563         17 0.0000e+00
    279.814   79.95148  142.26046    283.000     1.5657     1.5651  30.397721  30.395463    34.8371    34.8349    296.307    291.970    -0.1695     4.6189     0.0809     0.0809     0.0602     0.0182      13226     9.1843     100.00     2.3380     2.0552         16 0.0000e+00
    280.803   79.95148  142.26046    284.000     1.5561     1.5559  30.390280  30.388323    34.8376    34.8355    296.123    291.786    -0.1709     4.6186     0.0807     0.0807     0.0605     0.0182      13250     9.2009     100.00     2.3361     2.0537         16 0.0000e+00
    281.790   79.95148  142.26044    285.000     1.5525     1.5523  30.387391  30.385471    34.8374    34.8351    295.922    304.855    -0.1401     4.6184     0.0817     0.0817     0.0606     0.0194      13274     9.2176     100.00     2.3345     2.1221         12 0.0000e+00
    282.779   79.95148  142.26042    286.000     1.5469     1.5465  30.382754  30.380720    34.8372    34.8349    295.996    289.756    -0.1620     4.6191     0.0819     0.0819     0.0600     0.0185      13300     9.2353     100.00     2.3344     2.0422         16 0.0000e+00
    283.767   79.95148  142.26039    287.000     1.5337     1.5325  30.371045  30.368314    34.8363    34.8341    295.806    286.682    -0.1648     4.6191     0.0825     0.0825     0.0600     0.0184      13326     9.2533     100.00     2.3322     2.0252         14 0.0000e+00
    284.755   79.95148  142.26037    288.000     1.5204     1.5200  30.359870  30.357607    34.8362    34.8338    295.784    292.466    -0.1288     4.6190     0.0816     0.0816     0.0601     0.0198      13351     9.2709     100.00     2.3312     2.0549         13 0.0000e+00
    285.743   79.95148  142.26035    289.000     1.5198     1.5202  30.359721  30.358153    34.8361    34.8337    295.736    289.479    -0.1339     4.6184     0.0807     0.0807     0.0607     0.0196      13376     9.2885     100.00     2.3306     2.0390         13 0.0000e+00
    286.731   79.95148  142.26033    290.000     1.5237     1.5240  30.363831  30.362133    34.8364    34.8339    295.768    290.975    -0.1467     4.6181     0.0819     0.0819     0.0610     0.0191      13401     9.3059     100.00     2.3308     2.0468         13 0.0000e+00
    287.719   79.95148  142.26032    291.000     1.5119     1.5108  30.353435  30.351028    34.8357    34.8338    296.027    291.888    -0.1475     4.6187     0.0821     0.0821     0.0604     0.0191      13426     9.3231     100.00     2.3315     2.0509         14 0.0000e+00
    288.707   79.95148  142.26031    292.000     1.5027     1.5027  30.346419  30.344620    34.8365    34.8341    296.363    291.789    -0.1301     4.6183     0.0818     0.0818     0.0607     0.0198      13452     9.3408     100.00     2.3329     2.0498         14 0.0000e+00
