Continuous CTD Data/SBE Stage/nabos_05_02avg.cnv
* Sea-Bird SBE 9 Data File:
* FileName = D:\CTD\data\HLY2502\raw\NABOS_05_02.hex
* Software Version Seasave V 7.26.7.110
* Temperature SN = 6954
* Conductivity SN = 2561
* Number of Bytes Per Scan = 37
* Number of Voltage Words = 4
* Number of Scans Averaged by the Deck Unit = 1
* NMEA Latitude = 75 06.49 N
* NMEA Longitude = 172 12.32 E
* NMEA UTC (Time) = Sep 12 2025  18:35:48
* NMEA baud rate = 9600
** Ship: USCG HEALY
** Bot. Depth:  149
** Cast Number:  02
** Station Name:  NABOS
** Station Number:  05
** Operator:  STARC
# nquan = 25
# nvalues = 135                         
# units = specified
# name 0 = depSM: Depth [salt water, m]
# name 1 = latitude: Latitude [deg]
# name 2 = longitude: Longitude [deg]
# name 3 = prDM: Pressure, Digiquartz [db]
# name 4 = t090C: Temperature [ITS-90, deg C]
# name 5 = t190C: Temperature, 2 [ITS-90, deg C]
# name 6 = c0mS/cm: Conductivity [mS/cm]
# name 7 = c1mS/cm: Conductivity, 2 [mS/cm]
# name 8 = sal00: Salinity, Practical [PSU]
# name 9 = sal11: Salinity, Practical, 2 [PSU]
# name 10 = sbox0Mm/Kg: Oxygen, SBE 43 [umol/kg]
# name 11 = sbox1Mm/Kg: Oxygen, SBE 43, 2 [umol/kg]
# name 12 = flECO-AFL: Fluorescence, WET Labs ECO-AFL/FL [mg/m^3]
# name 13 = v2: Voltage 2
# name 14 = wetCDOM: Fluorescence, WET Labs CDOM [mg/m^3]
# name 15 = v6: Voltage 6
# name 16 = CStarAt0: Beam Attenuation, WET Labs C-Star [1/m]
# name 17 = v3: Voltage 3
# name 18 = scan: Scan Count
# name 19 = timeM: Time, Elapsed [minutes]
# name 20 = altM: Altimeter [m]
# name 21 = sbeox0V: Oxygen raw, SBE 43 [V]
# name 22 = sbeox1V: Oxygen raw, SBE 43, 2 [V]
# name 23 = nbin: number of scans per bin
# name 24 = flag: flag
# span 0 =      1.979,    134.542       
# span 1 =   75.10864,   75.10973       
# span 2 =  172.20676,  172.21006       
# span 3 =      2.000,    136.000       
# span 4 =    -1.6489,    -0.7850       
# span 5 =    -1.6485,    -0.7847       
# span 6 =  22.021463,  27.958043       
# span 7 =  22.069342,  27.956605       
# span 8 =    26.9076,    34.3640       
# span 9 =    26.9711,    34.3616       
# span 10 =    264.981,    381.866      
# span 11 =    258.251,    371.025      
# span 12 =    -0.1353,     0.4209      
# span 13 =     3.4051,     4.6585      
# span 14 =     0.0932,     0.1214      
# span 15 =     0.0932,     0.1214      
# span 16 =     0.0260,     1.3987      
# span 17 =     0.0196,     0.0419      
# span 18 =       3841,      13153      
# span 19 =     2.6664,     9.1336      
# span 20 =      -0.06,     100.00      
# span 21 =     2.0587,     2.6706      
# span 22 =     1.8086,     2.3089      
# span 23 =         11,         31      
# span 24 = 0.0000e+00, 0.0000e+00      
# interval = decibars: 1                
# start_time = Sep 12 2025 18:35:48 [NMEA time, header]
# bad_flag = -9.990e-29
*END*
[from data line 116]
    116.740   75.10951  172.20915    118.000    -0.9804    -0.9770  27.727854  27.730099    34.2848    34.2841    281.022    272.082    -0.1322     4.6498     0.1049     0.1049     0.0336     0.0197      10417     7.2331      15.83     2.1467     1.8722         28 0.0000e+00
    117.729   75.10952  172.20920    119.000    -0.9669    -0.9627  27.744176  27.747171    34.2911    34.2904    280.032    274.433    -0.1337     4.6488     0.1035     0.1035     0.0345     0.0196      10556     7.3297      14.14     2.1414     1.8844         21 0.0000e+00
    118.718   75.10952  172.20925    120.000    -0.9542    -0.9516  27.759086  27.760068    34.2963    34.2947    279.054    271.812    -0.1336     4.6464     0.1062     0.1062     0.0365     0.0196      10688     7.4218      12.62     2.1361     1.8717         20 0.0000e+00
    119.707   75.10954  172.20929    121.000    -0.9483    -0.9473  27.766542  27.765845    34.2991    34.2971    278.405    272.117    -0.1320     4.6455     0.1050     0.1050     0.0373     0.0197      10805     7.5025      14.56     2.1324     1.8732         27 0.0000e+00
    120.696   75.10954  172.20932    122.000    -0.9389    -0.9375  27.777905  27.777736    34.3033    34.3014    278.115    272.470    -0.1300     4.6449     0.1044     0.1044     0.0378     0.0198      10891     7.5627      11.71     2.1310     1.8753         23 0.0000e+00
    121.685   75.10954  172.20934    123.000    -0.9116    -0.9111  27.809421  27.808007    34.3144    34.3119    277.648    271.923    -0.1328     4.6424     0.1030     0.1030     0.0399     0.0197      10957     7.6085      19.01     2.1295     1.8735         24 0.0000e+00
    122.674   75.10955  172.20936    124.000    -0.8982    -0.8968  27.825375  27.825275    34.3203    34.3185    276.840    269.477    -0.1305     4.6380     0.1041     0.1041     0.0437     0.0198      11031     7.6599      16.11     2.1253     1.8618         25 0.0000e+00
    123.663   75.10956  172.20938    125.000    -0.8860    -0.8853  27.839480  27.838452    34.3249    34.3227    275.425    269.191    -0.1320     4.6303     0.1038     0.1038     0.0504     0.0197      11104     7.7101      19.19     2.1174     1.8607         27 0.0000e+00
    124.652   75.10956  172.20942    126.000    -0.8774    -0.8718  27.850053  27.854422    34.3288    34.3284    273.708    267.646    -0.1245     4.6176     0.1029     0.1029     0.0614     0.0200      11223     7.7930      19.14     2.1075     1.8534         23 0.0000e+00
    125.641   75.10958  172.20948    127.000    -0.8600    -0.8572  27.870563  27.871596    34.3362    34.3345    272.502    267.329    -0.1330     4.5996     0.1028     0.1028     0.0770     0.0197      11402     7.9171      19.52     2.1011     1.8523         18 0.0000e+00
    126.630   75.10960  172.20953    128.000    -0.8488    -0.8456  27.883515  27.884996    34.3404    34.3389    271.382    265.401    -0.1275     4.5823     0.1035     0.1035     0.0921     0.0199      11585     8.0442      18.45     2.0949     1.8430         27 0.0000e+00
    127.620   75.10961  172.20959    129.000    -0.8355    -0.8344  27.898990  27.898439    34.3458    34.3437    270.557    263.651    -0.1212     4.5688     0.1046     0.1046     0.1040     0.0202      11766     8.1700      17.44     2.0905     1.8346         22 0.0000e+00
    128.608   75.10963  172.20964    130.000    -0.8288    -0.8277  27.907482  27.906752    34.3490    34.3468    269.832    263.993    -0.1288     4.5569     0.1047     0.1047     0.1143     0.0198      11948     8.2965      16.38     2.0863     1.8365         20 0.0000e+00
    129.597   75.10965  172.20970    131.000    -0.8205    -0.8191  27.917502  27.917044    34.3525    34.3503    269.387    262.818    -0.1238     4.5563     0.1043     0.1043     0.1149     0.0200      12130     8.4230      15.38     2.0840     1.8308         26 0.0000e+00
    130.586   75.10966  172.20976    132.000    -0.8053    -0.8026  27.934317  27.934987    34.3574    34.3553    268.566    263.559    -0.1241     4.5553     0.1055     0.1055     0.1158     0.0200      12314     8.5508      14.43     2.0797     1.8350         22 0.0000e+00
    131.575   75.10968  172.20982    133.000    -0.7905    -0.7895  27.950321  27.949380    34.3616    34.3592    266.478    260.277    -0.1193     4.4852     0.1055     0.1055     0.1778     0.0202      12500     8.6795      13.46     2.0679     1.8190         23 0.0000e+00
    132.564   75.10970  172.20988    134.000    -0.7883    -0.7880  27.953392  27.951728    34.3627    34.3601    265.093    260.125    -0.1197     4.4219     0.1053     0.1053     0.2347     0.0202      12683     8.8070       4.75     2.0596     1.8181         18 0.0000e+00
    133.553   75.10971  172.20995    135.000    -0.7883    -0.7881  27.954157  27.952541    34.3630    34.3607    265.177    258.251    -0.1156     4.4126     0.1047     0.1047     0.2431     0.0204      12879     8.9429      -0.06     2.0599     1.8086         19 0.0000e+00
    134.542   75.10973  172.21006    136.000    -0.7850    -0.7847  27.958043  27.956605    34.3640    34.3616    264.981    259.799    -0.1074     4.4118     0.1050     0.1050     0.2439     0.0207      13153     9.1336       0.02     2.0587     1.8163         12 0.0000e+00
