Continuous CTD Data/SBE Stage/nabos_12_02.ros
* Sea-Bird SBE 9 Data File:
* FileName = D:\CTD\data\HLY2502\raw\NABOS_12_02.hex
* Software Version Seasave V 7.26.7.110
* Temperature SN = 6954
* Conductivity SN = 2561
* Number of Bytes Per Scan = 37
* Number of Voltage Words = 4
* Number of Scans Averaged by the Deck Unit = 1
* NMEA Latitude = 77 22.95 N
* NMEA Longitude = 176 13.98 W
* NMEA UTC (Time) = Sep 10 2025  21:33:20
* NMEA baud rate = 9600
** Ship: USCG HEALY
** Bot. Depth:  1417
** Cast Number:  02
** Station Name:  NABOS
** Station Number:  12
** Operator:  STARC
** mooring release test at depth
# nquan = 25
# nvalues = 1176                                  
# units = specified
# name 0 = depSM: Depth [salt water, m]
# name 1 = latitude: Latitude [deg]
# name 2 = longitude: Longitude [deg]
# name 3 = prDM: Pressure, Digiquartz [db]
# name 4 = t090C: Temperature [ITS-90, deg C]
# name 5 = t190C: Temperature, 2 [ITS-90, deg C]
# name 6 = c0mS/cm: Conductivity [mS/cm]
# name 7 = c1mS/cm: Conductivity, 2 [mS/cm]
# name 8 = sal00: Salinity, Practical [PSU]
# name 9 = sal11: Salinity, Practical, 2 [PSU]
# name 10 = sbox0Mm/Kg: Oxygen, SBE 43 [umol/kg]
# name 11 = sbox1Mm/Kg: Oxygen, SBE 43, 2 [umol/kg]
# name 12 = flECO-AFL: Fluorescence, WET Labs ECO-AFL/FL [mg/m^3]
# name 13 = v2: Voltage 2
# name 14 = wetCDOM: Fluorescence, WET Labs CDOM [mg/m^3]
# name 15 = v6: Voltage 6
# name 16 = CStarAt0: Beam Attenuation, WET Labs C-Star [1/m]
# name 17 = v3: Voltage 3
# name 18 = scan: Scan Count
# name 19 = timeM: Time, Elapsed [minutes]
# name 20 = altM: Altimeter [m]
# name 21 = sbeox0V: Oxygen raw, SBE 43 [V]
# name 22 = sbeox1V: Oxygen raw, SBE 43, 2 [V]
# name 23 = nbf: Bottles Fired
# name 24 = flag:  0.000e+00
# interval = seconds: 0.0416667
# start_time = Sep 10 2025 21:33:20 [NMEA time, header]
# bad_flag = -9.990e-29
*END*
[from data line 348]
    175.493   77.39852 -176.19188    177.430     0.0479     0.0599  28.847805  28.858987    34.5866    34.5878    298.215    289.448    -0.1366     4.6618     0.0855     0.0855     0.0233     0.0195     124906    86.7396     100.00     2.2922     1.9954          8  0.000e+00
    175.493   77.39852 -176.19188    177.430     0.0479     0.0599  28.847743  28.858697    34.5865    34.5874    298.418    289.449    -0.1366     4.6606     0.0855     0.0855     0.0243     0.0195     124907    86.7403     100.00     2.2935     1.9954          8  0.000e+00
    175.494   77.39852 -176.19188    177.430     0.0476     0.0597  28.847251  28.858929    34.5862    34.5879    298.219    289.450    -0.1366     4.6606     0.0842     0.0842     0.0243     0.0195     124908    86.7410     100.00     2.2922     1.9954          8  0.000e+00
    175.551   77.39852 -176.19188    177.488     0.0470     0.0599  28.846512  28.858871    34.5859    34.5876    298.227    289.451    -0.1366     4.6606     0.0855     0.0855     0.0243     0.0195     124909    86.7417     100.00     2.2922     1.9954          8  0.000e+00
    175.494   77.39852 -176.19188    177.430     0.0466     0.0600  28.846143  28.858813    34.5858    34.5874    298.228    289.209    -0.1366     4.6618     0.0842     0.0842     0.0233     0.0195     124910    86.7424     100.00     2.2922     1.9941          8  0.000e+00
    175.494   77.39852 -176.19188    177.430     0.0468     0.0602  28.846635  28.858639    34.5862    34.5870    298.022    288.968    -0.1366     4.6618     0.0867     0.0867     0.0233     0.0195     124911    86.7431     100.00     2.2910     1.9929          8  0.000e+00
    175.494   77.39852 -176.19188    177.430     0.0472     0.0600  28.847435  28.858755    34.5868    34.5874    298.220    288.729    -0.1366     4.6606     0.0867     0.0867     0.0243     0.0195     124912    86.7438     100.00     2.2922     1.9917          8  0.000e+00
    175.551   77.39852 -176.19188    177.488     0.0479     0.0599  28.848667  28.858639    34.5877    34.5873    298.214    288.733    -0.1366     4.6618     0.0867     0.0867     0.0233     0.0195     124913    86.7444     100.00     2.2922     1.9917          8  0.000e+00
    175.494   77.39852 -176.19188    177.430     0.0487     0.0592  28.849836  28.857944    34.5884    34.5873    298.406    288.977    -0.1366     4.6606     0.0879     0.0879     0.0243     0.0195     124914    86.7451     100.00     2.2934     1.9929          8  0.000e+00
    175.551   77.39852 -176.19188    177.488     0.0492     0.0583  28.849960  28.857307    34.5880    34.5873    298.203    288.986    -0.1366     4.6606     0.0867     0.0867     0.0243     0.0195     124915    86.7458     100.00     2.2922     1.9929          8  0.000e+00
    175.436   77.39852 -176.19188    177.372     0.0493     0.0582  28.850267  28.857017    34.5883    34.5871    298.196    289.222    -0.1366     4.6606     0.0867     0.0867     0.0243     0.0195     124916    86.7465     100.00     2.2922     1.9941          8  0.000e+00
    175.551   77.39852 -176.19188    177.488     0.0499     0.0587  28.850391  28.857713    34.5877    34.5875    298.197    289.462    -0.1366     4.6606     0.0867     0.0867     0.0243     0.0195     124917    86.7472     100.00     2.2922     1.9954          8  0.000e+00
    175.494   77.39852 -176.19188    177.430     0.0496     0.0596  28.849775  28.858407    34.5872    34.5874    297.996    290.170    -0.1366     4.6618     0.0867     0.0867     0.0233     0.0195     124918    86.7479     100.00     2.2910     1.9990          8  0.000e+00
    175.494   77.39852 -176.19188    177.430     0.0488     0.0600  28.849960  28.858755    34.5884    34.5874    298.000    290.646    -0.1366     4.6606     0.0879     0.0879     0.0243     0.0195     124919    86.7486     100.00     2.2910     2.0015          8  0.000e+00
    175.494   77.39852 -176.19188    177.430     0.0485     0.0603  28.849529  28.859218    34.5882    34.5876    298.206    291.122    -0.1061     4.6606     0.0867     0.0867     0.0243     0.0208     124920    86.7493     100.00     2.2922     2.0039          8  0.000e+00
    175.559   77.39852 -176.19188    177.497     0.0485     0.0603  28.849344  28.858929    34.5879    34.5872    298.209    291.605    -0.1366     4.6606     0.0879     0.0879     0.0243     0.0195     124921    86.7500     100.00     2.2922     2.0064          8  0.000e+00
    175.494   77.39852 -176.19188    177.430     0.0481     0.0596  28.848913  28.858002    34.5878    34.5869    298.210    291.610    -0.1366     4.6618     0.0879     0.0879     0.0233     0.0195     124922    86.7507     100.00     2.2922     2.0064          8  0.000e+00
    175.494   77.39852 -176.19188    177.430     0.0481     0.0592  28.848790  28.857539    34.5877    34.5867    298.210    290.655    -0.1366     4.6618     0.0867     0.0867     0.0233     0.0195     124923    86.7514     100.00     2.2922     2.0015          8  0.000e+00
    175.494   77.39852 -176.19188    177.430     0.0479     0.0590  28.849159  28.857655    34.5883    34.5871    298.210    289.697    -0.1366     4.6618     0.0867     0.0867     0.0233     0.0195     124924    86.7521     100.00     2.2922     1.9966          8  0.000e+00
    175.609   77.39852 -176.19188    177.546     0.0490     0.0585  28.849467  28.857771    34.5875    34.5877    298.410    288.985    -0.1366     4.6606     0.0879     0.0879     0.0243     0.0195     124925    86.7528     100.00     2.2934     1.9929          8  0.000e+00
    175.436   77.39852 -176.19188    177.372     0.0490     0.0590  28.850390  28.857944    34.5888    34.5875    298.197    288.735    -0.1366     4.6606     0.0867     0.0867     0.0243     0.0195     124926    86.7535     100.00     2.2922     1.9917          8  0.000e+00
    175.551   77.39852 -176.19188    177.488     0.0496     0.0593  28.851253  28.858581    34.5892    34.5879    298.196    289.215    -0.1366     4.6606     0.0867     0.0867     0.0243     0.0195     124927    86.7542     100.00     2.2922     1.9941          8  0.000e+00
    175.494   77.39852 -176.19188    177.430     0.0505     0.0596  28.851868  28.858639    34.5890    34.5877    298.186    289.691    -0.1366     4.6618     0.0867     0.0867     0.0233     0.0195     124928    86.7549     100.00     2.2922     1.9966          8  0.000e+00
    175.551   77.39852 -176.19188    177.488     0.0513     0.0593  28.852422  28.858581    34.5888    34.5880    297.979    290.174    -0.1366     4.6618     0.0879     0.0879     0.0233     0.0195     124929    86.7556     100.00     2.2910     1.9990          8  0.000e+00
    175.494   77.39852 -176.19188    177.430     0.0522     0.0594  28.852976  28.858581    34.5885    34.5878    298.172    290.890    -0.1366     4.6606     0.0879     0.0879     0.0243     0.0195     124930    86.7562     100.00     2.2922     2.0027          8  0.000e+00
    175.494   77.39852 -176.19188    177.430     0.0524     0.0597  28.852915  28.858755    34.5883    34.5877    298.171    291.127    -0.1366     4.6618     0.0867     0.0867     0.0233     0.0195     124931    86.7569     100.00     2.2922     2.0039          8  0.000e+00
    175.551   77.39852 -176.19188    177.488     0.0524     0.0599  28.852853  28.858987    34.5881    34.5878    298.174    291.127    -0.1366     4.6618     0.0879     0.0879     0.0233     0.0195     124932    86.7576     100.00     2.2922     2.0039          8  0.000e+00
    175.494   77.39852 -176.19188    177.430     0.0525     0.0599  28.852853  28.859102    34.5880    34.5880    298.170    290.885    -0.1366     4.6606     0.0867     0.0867     0.0243     0.0195     124933    86.7583     100.00     2.2922     2.0027          8  0.000e+00
    175.494   77.39852 -176.19188    177.430     0.0524     0.0602  28.852853  28.859102    34.5882    34.5876    298.171    290.404    -0.1366     4.6618     0.0867     0.0867     0.0233     0.0195     124934    86.7590     100.00     2.2922     2.0003          8  0.000e+00
    175.551   77.39852 -176.19188    177.488     0.0521     0.0603  28.852668  28.858871    34.5882    34.5871    298.378    290.167    -0.1366     4.6618     0.0867     0.0867     0.0233     0.0195     124935    86.7597     100.00     2.2934     1.9990          8  0.000e+00
    175.494   77.39852 -176.19188    177.430     0.0519     0.0602  28.852176  28.858813    34.5878    34.5872    298.176    290.165    -0.1366     4.6618     0.0867     0.0867     0.0233     0.0195     124936    86.7604     100.00     2.2922     1.9990          8  0.000e+00
    175.494   77.39852 -176.19188    177.430     0.0516     0.0597  28.851191  28.858639    34.5868    34.5875    298.384    289.929    -0.1366     4.6618     0.0879     0.0879     0.0233     0.0195     124937    86.7611     100.00     2.2934     1.9978          8  0.000e+00
    175.494   77.39852 -176.19188    177.430     0.0509     0.0596  28.850575  28.858118    34.5869    34.5870    297.985    290.171    -0.1366     4.6618     0.0855     0.0855     0.0233     0.0195     124938    86.7618     100.00     2.2910     1.9990          8  0.000e+00
    175.551   77.39852 -176.19188    177.488     0.0501     0.0594  28.850452  28.858176    34.5876    34.5872    298.195    290.174    -0.1366     4.6606     0.0842     0.0842     0.0243     0.0195     124939    86.7625     100.00     2.2922     1.9990          8  0.000e+00
    175.494   77.39852 -176.19188    177.430     0.0499     0.0596  28.850021  28.858639    34.5872    34.5877    298.397    290.169    -0.1366     4.6618     0.0830     0.0830     0.0233     0.0195     124940    86.7632     100.00     2.2934     1.9990          8  0.000e+00
    175.494   77.39852 -176.19188    177.430     0.0499     0.0599  28.850452  28.858176    34.5878    34.5867    298.193    290.169    -0.1366     4.6606     0.0830     0.0830     0.0243     0.0195     124941    86.7639     100.00     2.2922     1.9990          8  0.000e+00
    175.551   77.39852 -176.19188    177.488     0.0499     0.0593  28.850452  28.857828    34.5877    34.5870    298.398    290.176    -0.1366     4.6618     0.0842     0.0842     0.0233     0.0195     124942    86.7646     100.00     2.2934     1.9990          8  0.000e+00
    175.494   77.39852 -176.19188    177.430     0.0502     0.0591  28.850760  28.857770    34.5879    34.5871    298.191    289.935    -0.1366     4.6606     0.0842     0.0842     0.0243     0.0195     124943    86.7653     100.00     2.2922     1.9978          8  0.000e+00
    175.551   77.39852 -176.19188    177.488     0.0502     0.0594  28.850945  28.858118    34.5881    34.5871    298.395    289.216    -0.1366     4.6618     0.0830     0.0830     0.0233     0.0195     124944    86.7660     100.00     2.2934     1.9941          8  0.000e+00
    175.494   77.39852 -176.19188    177.430     0.0505     0.0594  28.851129  28.858292    34.5880    34.5874    298.390    288.973    -0.1366     4.6618     0.0830     0.0830     0.0233     0.0195     124945    86.7667     100.00     2.2934     1.9929          8  0.000e+00
    175.559   77.39852 -176.19188    177.497     0.0507     0.0597  28.851437  28.858465    34.5882    34.5873    298.391    288.734    -0.1366     4.6606     0.0830     0.0830     0.0243     0.0195     124946    86.7674     100.00     2.2934     1.9917          8  0.000e+00
    175.494   77.39852 -176.19188    177.430     0.0513     0.0600  28.851868  28.858581    34.5881    34.5871    298.181    289.208    -0.1366     4.6618     0.0830     0.0830     0.0233     0.0195     124947    86.7681     100.00     2.2922     1.9941          8  0.000e+00
    175.494   77.39852 -176.19188    177.430     0.0516     0.0599  28.852053  28.858755    34.5880    34.5875    298.381    289.688    -0.1366     4.6618     0.0830     0.0830     0.0233     0.0195     124948    86.7687     100.00     2.2934     1.9966          8  0.000e+00
    175.551   77.39852 -176.19186    177.488     0.0515     0.0599  28.851191  28.858813    34.5870    34.5875    298.387    289.450    -0.1366     4.6618     0.0830     0.0830     0.0233     0.0195     124949    86.7694     100.00     2.2934     1.9954          8  0.000e+00
    150.061   77.39888 -176.19070    151.708    -0.5056    -0.5065  28.268096  28.265061    34.4553    34.4523    300.470    292.821    -0.1366     4.6606     0.0867     0.0867     0.0243     0.0195     127555    88.5792     100.00     2.2808     1.9914          9  0.000e+00
    149.954   77.39888 -176.19070    151.600    -0.5057    -0.5065  28.267852  28.265175    34.4551    34.4525    300.262    293.059    -0.1366     4.6606     0.0867     0.0867     0.0243     0.0195     127556    88.5799     100.00     2.2796     1.9926          9  0.000e+00
    150.061   77.39888 -176.19070    151.708    -0.5053    -0.5067  28.268035  28.265176    34.4548    34.4526    300.468    293.308    -0.1366     4.6606     0.0867     0.0867     0.0243     0.0195     127557    88.5806     100.00     2.2808     1.9938          9  0.000e+00
    149.938   77.39888 -176.19070    151.583    -0.5055    -0.5065  28.267974  28.265175    34.4551    34.4525    300.465    293.545    -0.1366     4.6606     0.0867     0.0867     0.0243     0.0195     127558    88.5812     100.00     2.2808     1.9950          9  0.000e+00
    150.012   77.39888 -176.19070    151.658    -0.5056    -0.5065  28.268035  28.265348    34.4552    34.4527    300.674    293.304    -0.1366     4.6606     0.0867     0.0867     0.0243     0.0195     127559    88.5819     100.00     2.2820     1.9938          9  0.000e+00
    150.061   77.39888 -176.19070    151.708    -0.5057    -0.5062  28.267913  28.265463    34.4551    34.4525    300.471    292.818    -0.1366     4.6606     0.0867     0.0867     0.0243     0.0195     127560    88.5826     100.00     2.2808     1.9914          9  0.000e+00
    150.004   77.39888 -176.19070    151.649    -0.5054    -0.5067  28.268096  28.265463    34.4551    34.4530    300.467    292.575    -0.1366     4.6606     0.0879     0.0879     0.0243     0.0195     127561    88.5833     100.00     2.2808     1.9901          9  0.000e+00
    150.004   77.39888 -176.19070    151.649    -0.5058    -0.5064  28.267852  28.265233    34.4552    34.4524    300.675    292.331    -0.1366     4.6606     0.0879     0.0879     0.0243     0.0195     127562    88.5840     100.00     2.2820     1.9889          9  0.000e+00
    150.012   77.39888 -176.19070    151.658    -0.5057    -0.5062  28.267668  28.265405    34.4548    34.4524    300.470    291.844    -0.1366     4.6606     0.0867     0.0867     0.0243     0.0195     127563    88.5847     100.00     2.2808     1.9865          9  0.000e+00
    150.004   77.39888 -176.19070    151.649    -0.5059    -0.5062  28.267852  28.265463    34.4553    34.4525    300.470    291.357    -0.1366     4.6606     0.0879     0.0879     0.0243     0.0195     127564    88.5854     100.00     2.2808     1.9840          9  0.000e+00
    150.004   77.39888 -176.19068    151.649    -0.5057    -0.5062  28.267791  28.265463    34.4550    34.4525    300.469    291.357    -0.1366     4.6606     0.0867     0.0867     0.0243     0.0195     127565    88.5861     100.00     2.2808     1.9840          9  0.000e+00
    150.012   77.39888 -176.19068    151.658    -0.5059    -0.5062  28.267852  28.265290    34.4553    34.4523    300.470    291.358    -0.1366     4.6593     0.0879     0.0879     0.0254     0.0195     127566    88.5868     100.00     2.2808     1.9840          9  0.000e+00
    150.061   77.39888 -176.19068    151.708    -0.5059    -0.5064  28.267913  28.265406    34.4553    34.4526    300.472    291.604    -0.1366     4.6606     0.0879     0.0879     0.0243     0.0195     127567    88.5875     100.00     2.2808     1.9852          9  0.000e+00
