Continuous CTD Data/SBE Stage/nabos_39_01.ros
* Sea-Bird SBE 9 Data File:
* FileName = D:\CTD\data\HLY2502\raw\NABOS_39_01.hex
* Software Version Seasave V 7.26.7.110
* Temperature SN = 6954
* Conductivity SN = 2561
* Number of Bytes Per Scan = 37
* Number of Voltage Words = 4
* Number of Scans Averaged by the Deck Unit = 1
* NMEA Latitude = 78 29.93 N
* NMEA Longitude = 125 56.66 E
* NMEA UTC (Time) = Sep 25 2025  07:31:40
* NMEA baud rate = 9600
** Ship: USCG HEALY
** Bot. Depth:  2678
** Cast Number:  01
** Station Name:  NABOS
** Station Number:  39
** Operator:  STARC
** 2703 target but 5 otb
# nquan = 25
# nvalues = 1176                                  
# units = specified
# name 0 = depSM: Depth [salt water, m]
# name 1 = latitude: Latitude [deg]
# name 2 = longitude: Longitude [deg]
# name 3 = prDM: Pressure, Digiquartz [db]
# name 4 = t090C: Temperature [ITS-90, deg C]
# name 5 = t190C: Temperature, 2 [ITS-90, deg C]
# name 6 = c0mS/cm: Conductivity [mS/cm]
# name 7 = c1mS/cm: Conductivity, 2 [mS/cm]
# name 8 = sal00: Salinity, Practical [PSU]
# name 9 = sal11: Salinity, Practical, 2 [PSU]
# name 10 = sbox0Mm/Kg: Oxygen, SBE 43 [umol/kg]
# name 11 = sbox1Mm/Kg: Oxygen, SBE 43, 2 [umol/kg]
# name 12 = flECO-AFL: Fluorescence, WET Labs ECO-AFL/FL [mg/m^3]
# name 13 = v2: Voltage 2
# name 14 = wetCDOM: Fluorescence, WET Labs CDOM [mg/m^3]
# name 15 = v6: Voltage 6
# name 16 = CStarAt0: Beam Attenuation, WET Labs C-Star [1/m]
# name 17 = v3: Voltage 3
# name 18 = scan: Scan Count
# name 19 = timeM: Time, Elapsed [minutes]
# name 20 = altM: Altimeter [m]
# name 21 = sbeox0V: Oxygen raw, SBE 43 [V]
# name 22 = sbeox1V: Oxygen raw, SBE 43, 2 [V]
# name 23 = nbf: Bottles Fired
# name 24 = flag:  0.000e+00
# interval = seconds: 0.0416667
# start_time = Sep 25 2025 07:31:40 [NMEA time, header]
# bad_flag = -9.990e-29
*END*
[from data line 580]
    150.878   78.50436  125.84764    152.541     1.3283     1.3129  30.018113  30.000830    34.6924    34.6873    294.906    286.856    -0.1671     4.6276     0.0830     0.0830     0.0527     0.0183     175006   121.5313     100.00     2.3464     2.0418         12  0.000e+00
    150.878   78.50436  125.84764    152.541     1.3284     1.3122  30.018300  30.000125    34.6924    34.6871    294.905    287.322    -0.1671     4.6276     0.0830     0.0830     0.0527     0.0183     175007   121.5319     100.00     2.3464     2.0442         12  0.000e+00
    150.829   78.50436  125.84764    152.491     1.3286     1.3120  30.018425  29.999538    34.6924    34.6866    294.901    288.013    -0.1366     4.6276     0.0830     0.0830     0.0527     0.0195     175008   121.5326     100.00     2.3464     2.0479         12  0.000e+00
    150.878   78.50436  125.84764    152.541     1.3284     1.3114  30.018425  29.998010    34.6926    34.6854    295.099    288.484    -0.1671     4.6276     0.0818     0.0818     0.0527     0.0183     175009   121.5333     100.00     2.3477     2.0503         12  0.000e+00
    150.879   78.50436  125.84764    152.541     1.3283     1.3093  30.017988  29.995954    34.6922    34.6850    294.906    288.501    -0.1671     4.6276     0.0830     0.0830     0.0527     0.0183     175010   121.5340     100.00     2.3464     2.0503         12  0.000e+00
    150.887   78.50436  125.84764    152.549     1.3283     1.3074  30.018050  29.994426    34.6923    34.6852    295.101    288.056    -0.1671     4.6276     0.0818     0.0818     0.0527     0.0183     175011   121.5347     100.00     2.3477     2.0479         12  0.000e+00
    150.813   78.50436  125.84764    152.474     1.3284     1.3061  30.018300  29.993016    34.6925    34.6848    294.902    288.064    -0.1976     4.6276     0.0830     0.0830     0.0527     0.0171     175012   121.5354     100.00     2.3464     2.0479         12  0.000e+00
    150.936   78.50436  125.84764    152.599     1.3291     1.3049  30.018988  29.992253    34.6926    34.6851    294.901    288.078    -0.1671     4.6276     0.0830     0.0830     0.0527     0.0183     175013   121.5361     100.00     2.3464     2.0479         12  0.000e+00
    130.017   78.50448  125.84650    131.443     0.2680     0.2760  28.951404  28.957997    34.5034    34.5032    304.501    297.124    -0.1061     4.6276     0.0830     0.0830     0.0527     0.0208     177193   123.0500     100.00     2.3520     2.0523         13  0.000e+00
    129.935   78.50448  125.84650    131.360     0.2685     0.2743  28.951650  28.956373    34.5032    34.5030    304.294    297.847    -0.1366     4.6276     0.0818     0.0818     0.0527     0.0195     177194   123.0507     100.00     2.3508     2.0560         13  0.000e+00
    130.017   78.50448  125.84650    131.443     0.2690     0.2736  28.952205  28.954982    34.5033    34.5019    304.292    298.332    -0.1366     4.6264     0.0818     0.0818     0.0538     0.0195     177195   123.0514     100.00     2.3508     2.0584         13  0.000e+00
    129.960   78.50448  125.84650    131.385     0.2692     0.2739  28.952328  28.955562    34.5033    34.5023    304.288    298.326    -0.1061     4.6276     0.0818     0.0818     0.0527     0.0208     177196   123.0521     100.00     2.3508     2.0584         13  0.000e+00
    130.083   78.50448  125.84650    131.509     0.2696     0.2756  28.952329  28.957127    34.5028    34.5024    304.291    298.079    -0.1061     4.6276     0.0818     0.0818     0.0527     0.0208     177197   123.0528     100.00     2.3508     2.0572         13  0.000e+00
    129.960   78.50448  125.84650    131.385     0.2695     0.2774  28.952328  28.957707    34.5030    34.5012    304.286    297.825    -0.1366     4.6276     0.0818     0.0818     0.0527     0.0195     177198   123.0535     100.00     2.3508     2.0560         13  0.000e+00
    130.017   78.50448  125.84650    131.443     0.2695     0.2787  28.952883  28.959563    34.5037    34.5021    304.287    298.287    -0.1061     4.6276     0.0818     0.0818     0.0527     0.0208     177199   123.0542     100.00     2.3508     2.0584         13  0.000e+00
    130.017   78.50448  125.84650    131.443     0.2710     0.2809  28.954363  28.961882    34.5039    34.5028    304.273    298.977    -0.1366     4.6276     0.0818     0.0818     0.0527     0.0195     177200   123.0549     100.00     2.3508     2.0621         13  0.000e+00
    130.083   78.50448  125.84648    131.509     0.2727     0.2826  28.956582  28.963854    34.5050    34.5034    304.259    299.437    -0.1366     4.6264     0.0818     0.0818     0.0538     0.0195     177201   123.0556     100.00     2.3508     2.0646         13  0.000e+00
    130.017   78.50448  125.84648    131.443     0.2740     0.2835  28.958062  28.964839    34.5055    34.5037    304.243    299.899    -0.1366     4.6264     0.0830     0.0830     0.0538     0.0195     177202   123.0563     100.00     2.3508     2.0670         13  0.000e+00
    130.083   78.50448  125.84648    131.509     0.2745     0.2829  28.957692  28.964318    34.5044    34.5037    304.444    300.143    -0.1366     4.6264     0.0818     0.0818     0.0538     0.0195     177203   123.0569     100.00     2.3520     2.0682         13  0.000e+00
    129.992   78.50448  125.84648    131.418     0.2740     0.2813  28.957075  28.961418    34.5042    34.5016    304.445    300.631    -0.1366     4.6276     0.0830     0.0830     0.0527     0.0195     177204   123.0576     100.00     2.3520     2.0707         13  0.000e+00
    130.083   78.50448  125.84648    131.509     0.2744     0.2786  28.956952  28.958229    34.5035    34.5005    304.247    300.425    -0.1366     4.6264     0.0818     0.0818     0.0538     0.0195     177205   123.0583     100.00     2.3508     2.0694         13  0.000e+00
    130.083   78.50448  125.84648    131.509     0.2749     0.2767  28.957322  28.956373    34.5034    34.5001    304.242    299.495    -0.1061     4.6264     0.0830     0.0830     0.0538     0.0208     177206   123.0590     100.00     2.3508     2.0646         13  0.000e+00
    130.083   78.50448  125.84648    131.509     0.2752     0.2758  28.957692  28.955504    34.5035    34.5000    304.239    298.556    -0.1366     4.6264     0.0818     0.0818     0.0538     0.0195     177207   123.0597     100.00     2.3508     2.0597         13  0.000e+00
    130.083   78.50448  125.84648    131.509     0.2749     0.2749  28.957569  28.955156    34.5037    34.5006    304.241    297.852    -0.1366     4.6264     0.0830     0.0830     0.0538     0.0195     177208   123.0604     100.00     2.3508     2.0560         13  0.000e+00
    130.083   78.50448  125.84648    131.509     0.2746     0.2744  28.957260  28.954866    34.5037    34.5008    304.244    297.619    -0.1366     4.6264     0.0830     0.0830     0.0538     0.0195     177209   123.0611     100.00     2.3508     2.0548         13  0.000e+00
    130.140   78.50448  125.84648    131.567     0.2738     0.2744  28.957014  28.955098    34.5042    34.5010    304.452    297.147    -0.1366     4.6276     0.0830     0.0830     0.0527     0.0195     177210   123.0618     100.00     2.3520     2.0523         13  0.000e+00
    130.083   78.50448  125.84648    131.509     0.2737     0.2752  28.956336  28.955910    34.5035    34.5012    304.453    296.901    -0.1366     4.6276     0.0830     0.0830     0.0527     0.0195     177211   123.0625     100.00     2.3520     2.0511         13  0.000e+00
    130.140   78.50448  125.84648    131.567     0.2732     0.2764  28.956151  28.958229    34.5037    34.5029    304.459    296.652    -0.1366     4.6264     0.0830     0.0830     0.0538     0.0195     177212   123.0632     100.00     2.3520     2.0499         13  0.000e+00
    130.140   78.50448  125.84648    131.567     0.2739     0.2781  28.956891  28.959679    34.5039    34.5029    304.252    296.637    -0.1061     4.6276     0.0830     0.0830     0.0527     0.0208     177213   123.0639     100.00     2.3508     2.0499         13  0.000e+00
    130.140   78.50448  125.84648    131.567     0.2746     0.2784  28.957877  28.959853    34.5044    34.5028    304.444    296.872    -0.1366     4.6276     0.0830     0.0830     0.0527     0.0195     177214   123.0646     100.00     2.3520     2.0511         13  0.000e+00
    130.173   78.50448  125.84648    131.601     0.2752     0.2783  28.958247  28.959737    34.5042    34.5028    304.441    297.348    -0.1366     4.6276     0.0818     0.0818     0.0527     0.0195     177215   123.0653     100.00     2.3520     2.0536         13  0.000e+00
    130.140   78.50448  125.84648    131.567     0.2771     0.2788  28.960528  28.960317    34.5052    34.5030    304.421    297.815    -0.1366     4.6276     0.0830     0.0830     0.0527     0.0195     177216   123.0660     100.00     2.3520     2.0560         13  0.000e+00
    130.198   78.50448  125.84648    131.626     0.2805     0.2798  28.964536  28.961535    34.5065    34.5034    304.190    298.517    -0.1366     4.6276     0.0830     0.0830     0.0527     0.0195     177217   123.0667     100.00     2.3508     2.0597         13  0.000e+00
    130.140   78.50448  125.84648    131.567     0.2844     0.2812  28.968913  28.962984    34.5080    34.5038    304.350    298.739    -0.1366     4.6276     0.0842     0.0842     0.0527     0.0195     177218   123.0674     100.00     2.3520     2.0609         13  0.000e+00
    130.198   78.50448  125.84648    131.626     0.2883     0.2843  28.972058  28.965710    34.5078    34.5039    304.319    298.951    -0.1366     4.6276     0.0830     0.0830     0.0527     0.0195     177219   123.0681     100.00     2.3520     2.0621         13  0.000e+00
    130.198   78.50448  125.84648    131.626     0.2918     0.2874  28.974956  28.968551    34.5075    34.5042    304.287    298.924    -0.1366     4.6276     0.0842     0.0842     0.0527     0.0195     177220   123.0687     100.00     2.3520     2.0621         13  0.000e+00
    130.264   78.50448  125.84648    131.692     0.2950     0.2873  28.977607  28.968900    34.5075    34.5046    304.263    299.162    -0.1061     4.6276     0.0830     0.0830     0.0527     0.0208     177221   123.0694     100.00     2.3520     2.0633         13  0.000e+00
    130.198   78.50448  125.84648    131.626     0.2976     0.2866  28.979827  28.967044    34.5075    34.5030    304.037    299.170    -0.1061     4.6276     0.0830     0.0830     0.0527     0.0208     177222   123.0701     100.00     2.3508     2.0633         13  0.000e+00
    130.264   78.50448  125.84648    131.692     0.3004     0.2882  28.982417  28.967566    34.5077    34.5018    304.014    298.924    -0.1366     4.6264     0.0842     0.0842     0.0538     0.0195     177223   123.0708     100.00     2.3508     2.0621         13  0.000e+00
    130.198   78.50448  125.84648    131.626     0.3027     0.2908  28.984698  28.970001    34.5082    34.5023    303.990    298.425    -0.1366     4.6264     0.0842     0.0842     0.0538     0.0195     177224   123.0715     100.00     2.3508     2.0597         13  0.000e+00
    130.296   78.50448  125.84648    131.725     0.3050     0.2923  28.987104  28.972669    34.5087    34.5039    304.172    298.412    -0.1366     4.6264     0.0842     0.0842     0.0538     0.0195     177225   123.0722     100.00     2.3520     2.0597         13  0.000e+00
    130.264   78.50448  125.84648    131.692     0.3080     0.2973  28.988584  28.977193    34.5073    34.5043    303.948    297.893    -0.1366     4.6264     0.0842     0.0842     0.0538     0.0195     177226   123.0729     100.00     2.3508     2.0572         13  0.000e+00
    130.264   78.50448  125.84648    131.692     0.3095     0.3003  28.990496  28.981369    34.5081    34.5064    304.332    297.626    -0.1671     4.6264     0.0830     0.0830     0.0538     0.0183     177227   123.0736     100.00     2.3532     2.0560         13  0.000e+00
    130.264   78.50448  125.84648    131.692     0.3108     0.2996  28.991606  28.980731    34.5081    34.5064    304.121    297.632    -0.1671     4.6264     0.0842     0.0842     0.0538     0.0183     177228   123.0743     100.00     2.3520     2.0560         13  0.000e+00
    130.321   78.50448  125.84648    131.750     0.3117     0.2982  28.992469  28.978527    34.5083    34.5051    304.116    297.650    -0.1671     4.6264     0.0830     0.0830     0.0538     0.0183     177229   123.0750     100.00     2.3520     2.0560         13  0.000e+00
    130.321   78.50448  125.84648    131.750     0.3122     0.2994  28.993086  28.979629    34.5085    34.5051    304.111    297.639    -0.1671     4.6264     0.0830     0.0830     0.0538     0.0183     177230   123.0757     100.00     2.3520     2.0560         13  0.000e+00
    130.321   78.50448  125.84648    131.750     0.3126     0.3022  28.993395  28.983283    34.5084    34.5068    304.107    297.374    -0.1366     4.6264     0.0842     0.0842     0.0538     0.0195     177231   123.0764     100.00     2.3520     2.0548         13  0.000e+00
    130.321   78.50448  125.84648    131.750     0.3132     0.3062  28.993826  28.986763    34.5083    34.5069    304.101    296.867    -0.1671     4.6264     0.0830     0.0830     0.0538     0.0183     177232   123.0771     100.00     2.3520     2.0523         13  0.000e+00
    130.379   78.50448  125.84648    131.808     0.3134     0.3065  28.994196  28.987924    34.5086    34.5081    304.102    296.864    -0.1976     4.6264     0.0842     0.0842     0.0538     0.0171     177233   123.0778     100.00     2.3520     2.0523         13  0.000e+00
    130.321   78.50448  125.84648    131.750     0.3137     0.3048  28.994505  28.986415    34.5086    34.5080    304.296    297.112    -0.1671     4.6264     0.0830     0.0830     0.0538     0.0183     177234   123.0785     100.00     2.3532     2.0536         13  0.000e+00
    130.379   78.50448  125.84648    131.808     0.3141     0.3062  28.994813  28.986299    34.5086    34.5063    304.096    297.343    -0.1366     4.6264     0.0830     0.0830     0.0538     0.0195     177235   123.0792     100.00     2.3520     2.0548         13  0.000e+00
    130.354   78.50448  125.84648    131.783     0.3142     0.3082  28.994751  28.988098    34.5084    34.5064    304.094    297.561    -0.1671     4.6264     0.0830     0.0830     0.0538     0.0183     177236   123.0799     100.00     2.3520     2.0560         13  0.000e+00
    130.379   78.50448  125.84648    131.808     0.3143     0.3094  28.995245  28.989258    34.5090    34.5066    304.093    297.551    -0.1671     4.6264     0.0830     0.0830     0.0538     0.0183     177237   123.0806     100.00     2.3520     2.0560         13  0.000e+00
    130.379   78.50448  125.84648    131.808     0.3147     0.3108  28.995615  28.989838    34.5090    34.5057    304.089    297.068    -0.1366     4.6264     0.0830     0.0830     0.0538     0.0195     177238   123.0812     100.00     2.3520     2.0535         13  0.000e+00
    130.444   78.50448  125.84648    131.875     0.3145     0.3117  28.995677  28.990824    34.5092    34.5060    304.293    296.826    -0.1671     4.6264     0.0830     0.0830     0.0538     0.0183     177239   123.0819     100.00     2.3532     2.0523         13  0.000e+00
    130.379   78.50448  125.84648    131.808     0.3147     0.3113  28.995553  28.990476    34.5089    34.5060    304.089    296.826    -0.1976     4.6264     0.0830     0.0830     0.0538     0.0171     177240   123.0826     100.00     2.3520     2.0523         13  0.000e+00
    130.444   78.50448  125.84648    131.875     0.3145     0.3100  28.995615  28.989258    34.5092    34.5059    304.093    297.077    -0.1671     4.6264     0.0842     0.0842     0.0538     0.0183     177241   123.0833     100.00     2.3520     2.0535         13  0.000e+00
