Continuous CTD Data/SBE Stage/nabos_20_01.ros
* Sea-Bird SBE 9 Data File:
* FileName = D:\CTD\data\HLY2502\raw\NABOS_20_01.hex
* Software Version Seasave V 7.26.7.110
* Temperature SN = 6954
* Conductivity SN = 2561
* Number of Bytes Per Scan = 37
* Number of Voltage Words = 4
* Number of Scans Averaged by the Deck Unit = 1
* NMEA Latitude = 78 38.06 N
* NMEA Longitude = 174 57.52 E
* NMEA UTC (Time) = Sep 18 2025  06:15:34
* NMEA baud rate = 9600
** Ship: USCG HEALY
** Bot. Depth:  2143
** Cast Number:  01
** Station Name:  NABOS
** Station Number:  20
** Operator:  STARC
** 1200 target
# nquan = 25
# nvalues = 1176                                  
# units = specified
# name 0 = depSM: Depth [salt water, m]
# name 1 = latitude: Latitude [deg]
# name 2 = longitude: Longitude [deg]
# name 3 = prDM: Pressure, Digiquartz [db]
# name 4 = t090C: Temperature [ITS-90, deg C]
# name 5 = t190C: Temperature, 2 [ITS-90, deg C]
# name 6 = c0mS/cm: Conductivity [mS/cm]
# name 7 = c1mS/cm: Conductivity, 2 [mS/cm]
# name 8 = sal00: Salinity, Practical [PSU]
# name 9 = sal11: Salinity, Practical, 2 [PSU]
# name 10 = sbox0Mm/Kg: Oxygen, SBE 43 [umol/kg]
# name 11 = sbox1Mm/Kg: Oxygen, SBE 43, 2 [umol/kg]
# name 12 = flECO-AFL: Fluorescence, WET Labs ECO-AFL/FL [mg/m^3]
# name 13 = v2: Voltage 2
# name 14 = wetCDOM: Fluorescence, WET Labs CDOM [mg/m^3]
# name 15 = v6: Voltage 6
# name 16 = CStarAt0: Beam Attenuation, WET Labs C-Star [1/m]
# name 17 = v3: Voltage 3
# name 18 = scan: Scan Count
# name 19 = timeM: Time, Elapsed [minutes]
# name 20 = altM: Altimeter [m]
# name 21 = sbeox0V: Oxygen raw, SBE 43 [V]
# name 22 = sbeox1V: Oxygen raw, SBE 43, 2 [V]
# name 23 = nbf: Bottles Fired
# name 24 = flag:  0.000e+00
# interval = seconds: 0.0416667
# start_time = Sep 18 2025 06:15:34 [NMEA time, header]
# bad_flag = -9.990e-29
*END*
[from data line 696]
     55.382   78.64630  174.96002     55.979    -1.7498    -1.7497  25.937041  25.936366    32.7242    32.7231    353.394    343.489    -0.0450     4.6581     0.1038     0.1038     0.0264     0.0232      97511    67.7153     100.00     2.5165     2.1811         15  0.000e+00
     55.341   78.64630  174.96002     55.938    -1.7498    -1.7495  25.937041  25.936365    32.7242    32.7229    353.392    343.738    -0.0450     4.6569     0.1038     0.1038     0.0275     0.0232      97512    67.7160     100.00     2.5165     2.1823         15  0.000e+00
     55.382   78.64630  174.96002     55.979    -1.7501    -1.7495  25.937278  25.936198    32.7249    32.7227    353.396    343.740    -0.0450     4.6569     0.1038     0.1038     0.0275     0.0232      97513    67.7167     100.00     2.5165     2.1823         15  0.000e+00
     55.341   78.64630  174.96002     55.938    -1.7500    -1.7497  25.937159  25.936143    32.7246    32.7228    353.393    343.740    -0.0450     4.6581     0.1038     0.1038     0.0264     0.0232      97514    67.7174     100.00     2.5165     2.1823         15  0.000e+00
     55.382   78.64630  174.96002     55.979    -1.7498    -1.7498  25.937455  25.936310    32.7248    32.7232    353.393    343.742    -0.0450     4.6569     0.1038     0.1038     0.0275     0.0232      97515    67.7181     100.00     2.5165     2.1823         15  0.000e+00
     55.317   78.64630  174.96002     55.913    -1.7502    -1.7496  25.937573  25.936198    32.7254    32.7228    353.392    343.738    -0.0450     4.6581     0.1050     0.1050     0.0264     0.0232      97516    67.7188     100.00     2.5165     2.1823         15  0.000e+00
     55.399   78.64630  174.96002     55.996    -1.7502    -1.7497  25.937574  25.936310    32.7253    32.7230    353.396    344.247    -0.0450     4.6569     0.1038     0.1038     0.0275     0.0232      97517    67.7194     100.00     2.5165     2.1847         15  0.000e+00
     55.317   78.64630  174.96002     55.913    -1.7502    -1.7498  25.937929  25.936365    32.7259    32.7233    353.391    344.496    -0.0450     4.6581     0.1038     0.1038     0.0264     0.0232      97518    67.7201     100.00     2.5165     2.1859         15  0.000e+00
     55.341   78.64630  174.96002     55.938    -1.7502    -1.7497  25.937337  25.936198    32.7250    32.7229    353.394    344.497    -0.0450     4.6581     0.1038     0.1038     0.0264     0.0232      97519    67.7208     100.00     2.5165     2.1859         15  0.000e+00
     55.382   78.64630  174.96002     55.979    -1.7502    -1.7497  25.937455  25.935976    32.7252    32.7226    353.395    344.247    -0.0450     4.6581     0.1038     0.1038     0.0264     0.0232      97520    67.7215     100.00     2.5165     2.1847         15  0.000e+00
     55.341   78.64630  174.96002     55.938    -1.7498    -1.7498  25.937396  25.936254    32.7247    32.7231    353.391    344.245    -0.0450     4.6581     0.1050     0.1050     0.0264     0.0232      97521    67.7222     100.00     2.5165     2.1847         15  0.000e+00
     55.382   78.64630  174.96002     55.980    -1.7500    -1.7499  25.937692  25.935976    32.7253    32.7228    353.393    344.249    -0.0755     4.6581     0.1038     0.1038     0.0264     0.0220      97522    67.7229     100.00     2.5165     2.1847         15  0.000e+00
     55.382   78.64630  174.96002     55.980    -1.7501    -1.7497  25.937633  25.936254    32.7253    32.7229    353.394    344.498    -0.0450     4.6581     0.1050     0.1050     0.0264     0.0232      97523    67.7236     100.00     2.5165     2.1859         15  0.000e+00
     55.341   78.64630  174.96002     55.938    -1.7500    -1.7495  25.937751  25.936588    32.7254    32.7232    353.391    344.746    -0.0450     4.6581     0.1038     0.1038     0.0264     0.0232      97524    67.7243     100.00     2.5165     2.1872         15  0.000e+00
     55.317   78.64630  174.96002     55.913    -1.7500    -1.7495  25.937870  25.936254    32.7256    32.7228    353.389    344.746    -0.0450     4.6581     0.1050     0.1050     0.0264     0.0232      97525    67.7250     100.00     2.5165     2.1872         15  0.000e+00
     55.399   78.64630  174.96002     55.996    -1.7500    -1.7495  25.937455  25.935920    32.7250    32.7223    353.395    344.499    -0.0450     4.6581     0.1050     0.1050     0.0264     0.0232      97526    67.7257     100.00     2.5165     2.1859         15  0.000e+00
     55.317   78.64630  174.96002     55.913    -1.7502    -1.7496  25.937870  25.936031    32.7258    32.7225    353.390    344.495    -0.0450     4.6581     0.1050     0.1050     0.0264     0.0232      97527    67.7264     100.00     2.5165     2.1859         15  0.000e+00
     55.399   78.64630  174.96002     55.996    -1.7504    -1.7497  25.938107  25.936310    32.7263    32.7230    353.395    344.751    -0.0450     4.6581     0.1038     0.1038     0.0264     0.0232      97528    67.7271     100.00     2.5165     2.1872         15  0.000e+00
     55.382   78.64630  174.96002     55.980    -1.7504    -1.7495  25.937929  25.936198    32.7260    32.7227    353.394    344.750    -0.0755     4.6581     0.1050     0.1050     0.0264     0.0220      97529    67.7278     100.00     2.5165     2.1872         15  0.000e+00
     55.317   78.64630  174.96002     55.913    -1.7502    -1.7497  25.937870  25.936143    32.7258    32.7228    353.390    345.000    -0.0450     4.6581     0.1038     0.1038     0.0264     0.0232      97530    67.7285     100.00     2.5165     2.1884         15  0.000e+00
     55.399   78.64630  174.96002     55.996    -1.7500    -1.7495  25.937278  25.936143    32.7247    32.7226    353.395    344.751    -0.0450     4.6581     0.1050     0.1050     0.0264     0.0232      97531    67.7292     100.00     2.5165     2.1872         15  0.000e+00
     55.317   78.64630  174.96002     55.913    -1.7500    -1.7498  25.937455  25.936310    32.7250    32.7232    353.390    344.496    -0.0450     4.6581     0.1038     0.1038     0.0264     0.0232      97532    67.7299     100.00     2.5165     2.1859         15  0.000e+00
     55.399   78.64630  174.96002     55.996    -1.7500    -1.7499  25.937041  25.936366    32.7243    32.7233    353.396    344.248    -0.0450     4.6581     0.1050     0.1050     0.0264     0.0232      97533    67.7306     100.00     2.5165     2.1847         15  0.000e+00
     55.382   78.64630  174.96002     55.980    -1.7498    -1.7498  25.937041  25.936588    32.7242    32.7235    353.394    343.993    -0.0450     4.6581     0.1050     0.1050     0.0264     0.0232      97534    67.7313     100.00     2.5165     2.1835         15  0.000e+00
     55.341   78.64630  174.96002     55.938    -1.7497    -1.7498  25.937100  25.936421    32.7242    32.7233    353.391    344.244    -0.0450     4.6581     0.1050     0.1050     0.0264     0.0232      97535    67.7319     100.00     2.5165     2.1847         15  0.000e+00
     55.382   78.64630  174.96002     55.980    -1.7498    -1.7501  25.937100  25.936198    32.7243    32.7233    353.394    344.502    -0.0755     4.6569     0.1050     0.1050     0.0275     0.0220      97536    67.7326     100.00     2.5165     2.1859         15  0.000e+00
     55.317   78.64630  174.96002     55.913    -1.7500    -1.7498  25.937100  25.936143    32.7245    32.7230    353.392    344.244    -0.0450     4.6581     0.1050     0.1050     0.0264     0.0232      97537    67.7333     100.00     2.5165     2.1847         15  0.000e+00
     55.399   78.64630  174.96002     55.996    -1.7500    -1.7498  25.937278  25.936310    32.7247    32.7231    353.395    343.743    -0.0755     4.6569     0.1050     0.1050     0.0275     0.0220      97538    67.7340     100.00     2.5165     2.1823         15  0.000e+00
     55.382   78.64630  174.96002     55.980    -1.7498    -1.7500  25.937514  25.936366    32.7249    32.7235    353.605    343.491    -0.0450     4.6569     0.1050     0.1050     0.0275     0.0232      97539    67.7347     100.00     2.5177     2.1811         15  0.000e+00
     55.341   78.64630  174.96002     55.938    -1.7505    -1.7497  25.937574  25.936198    32.7257    32.7229    353.394    342.982    -0.0450     4.6569     0.1062     0.1062     0.0275     0.0232      97540    67.7354     100.00     2.5165     2.1786         15  0.000e+00
     55.382   78.64630  174.96002     55.980    -1.7500    -1.7498  25.937574  25.935753    32.7251    32.7224    353.606    343.239    -0.0450     4.6569     0.1050     0.1050     0.0275     0.0232      97541    67.7361     100.00     2.5177     2.1798         15  0.000e+00
     55.341   78.64630  174.96002     55.938    -1.7504    -1.7501  25.937751  25.935976    32.7258    32.7230    353.393    343.238    -0.0450     4.6581     0.1050     0.1050     0.0264     0.0232      97542    67.7368     100.00     2.5165     2.1798         15  0.000e+00
     55.382   78.64630  174.96002     55.980    -1.7502    -1.7501  25.937633  25.935976    32.7255    32.7230    353.394    343.493    -0.0450     4.6569     0.1050     0.1050     0.0275     0.0232      97543    67.7375     100.00     2.5165     2.1811         15  0.000e+00
     55.317   78.64630  174.96002     55.913    -1.7502    -1.7500  25.937396  25.936087    32.7251    32.7231    353.392    343.489    -0.0450     4.6569     0.1062     0.1062     0.0275     0.0232      97544    67.7382     100.00     2.5165     2.1811         15  0.000e+00
     55.399   78.64630  174.96002     55.996    -1.7500    -1.7497  25.937514  25.936143    32.7250    32.7228    353.394    343.742    -0.0450     4.6581     0.1050     0.1050     0.0264     0.0232      97545    67.7389     100.00     2.5165     2.1823         15  0.000e+00
     55.382   78.64630  174.96002     55.980    -1.7500    -1.7498  25.937396  25.936310    32.7249    32.7232    353.607    343.994    -0.0450     4.6581     0.1050     0.1050     0.0264     0.0232      97546    67.7396     100.00     2.5177     2.1835         15  0.000e+00
     55.399   78.64630  174.96002     55.996    -1.7500    -1.7497  25.937337  25.935976    32.7248    32.7225    353.395    344.247    -0.0450     4.6569     0.1050     0.1050     0.0275     0.0232      97547    67.7403     100.00     2.5165     2.1847         15  0.000e+00
     55.382   78.64630  174.96002     55.980    -1.7501    -1.7495  25.937159  25.936031    32.7247    32.7224    353.609    344.245    -0.0450     4.6581     0.1050     0.1050     0.0264     0.0232      97548    67.7410     100.00     2.5177     2.1847         15  0.000e+00
     55.317   78.64630  174.96002     55.913    -1.7500    -1.7495  25.937455  25.936310    32.7250    32.7229    353.603    344.493    -0.0450     4.6581     0.1050     0.1050     0.0264     0.0232      97549    67.7417     100.00     2.5177     2.1859         15  0.000e+00
     40.019   78.64650  174.96010     40.449    -1.7362    -1.7387  25.697330  25.716763    32.3865    32.4162    360.470    351.545     0.0160     4.6508     0.1062     0.1062     0.0327     0.0256      99061    68.7917     100.00     2.5566     2.2200         16  0.000e+00
     39.961   78.64650  174.96010     40.391    -1.7367    -1.7386  25.697153  25.716818    32.3868    32.4162    360.472    351.541     0.0466     4.6508     0.1062     0.1062     0.0327     0.0269      99062    68.7924     100.00     2.5566     2.2200         16  0.000e+00
     39.961   78.64650  174.96010     40.391    -1.7364    -1.7389  25.697094  25.718651    32.3864    32.4191    360.470    351.536     0.0160     4.6508     0.1062     0.1062     0.0327     0.0256      99063    68.7931     100.00     2.5566     2.2200         16  0.000e+00
     40.019   78.64650  174.96010     40.449    -1.7366    -1.7390  25.697508  25.721428    32.3872    32.4230    360.472    351.025     0.0466     4.6508     0.1062     0.1062     0.0327     0.0269      99064    68.7938     100.00     2.5566     2.2176         16  0.000e+00
     39.961   78.64650  174.96010     40.391    -1.7364    -1.7396  25.697389  25.724038    32.3868    32.4273    360.468    351.269     0.0160     4.6508     0.1062     0.1062     0.0327     0.0256      99065    68.7944     100.00     2.5566     2.2188         16  0.000e+00
     39.929   78.64650  174.96010     40.358    -1.7366    -1.7401  25.697507  25.726370    32.3872    32.4310    360.468    351.514     0.0160     4.6508     0.1062     0.1062     0.0327     0.0256      99066    68.7951     100.00     2.5566     2.2200         16  0.000e+00
     40.019   78.64650  174.96010     40.449    -1.7364    -1.7401  25.697449  25.726759    32.3869    32.4316    360.471    351.770     0.0466     4.6496     0.1062     0.1062     0.0338     0.0269      99067    68.7958     100.00     2.5566     2.2212         16  0.000e+00
     39.961   78.64650  174.96010     40.391    -1.7365    -1.7395  25.697744  25.725759    32.3875    32.4296    360.468    351.514     0.0160     4.6508     0.1062     0.1062     0.0327     0.0256      99068    68.7965     100.00     2.5566     2.2200         16  0.000e+00
     40.019   78.64650  174.96010     40.449    -1.7367    -1.7390  25.697508  25.725648    32.3873    32.4289    360.260    351.513     0.0160     4.6508     0.1062     0.1062     0.0327     0.0256      99069    68.7972     100.00     2.5554     2.2200         16  0.000e+00
     39.961   78.64650  174.96010     40.391    -1.7367    -1.7383  25.697330  25.724759    32.3871    32.4269    360.471    351.508     0.0466     4.6508     0.1062     0.1062     0.0327     0.0269      99070    68.7979     100.00     2.5566     2.2200         16  0.000e+00
     39.961   78.64650  174.96010     40.391    -1.7366    -1.7381  25.697330  25.722594    32.3869    32.4237    360.257    351.515     0.0160     4.6508     0.1062     0.1062     0.0327     0.0256      99071    68.7986     100.00     2.5554     2.2200         16  0.000e+00
     40.019   78.64650  174.96010     40.449    -1.7364    -1.7375  25.697567  25.721205    32.3871    32.4211    360.257    351.518     0.0160     4.6496     0.1074     0.1074     0.0338     0.0256      99072    68.7993     100.00     2.5554     2.2200         16  0.000e+00
     39.961   78.64650  174.96010     40.391    -1.7366    -1.7380  25.697803  25.720594    32.3876    32.4207    360.468    351.774     0.0466     4.6496     0.1062     0.1062     0.0338     0.0269      99073    68.8000     100.00     2.5566     2.2212         16  0.000e+00
     39.986   78.64650  174.96010     40.416    -1.7367    -1.7380  25.697685  25.719706    32.3875    32.4195    360.257    352.031     0.0160     4.6496     0.1062     0.1062     0.0338     0.0256      99074    68.8007     100.00     2.5554     2.2224         16  0.000e+00
     39.961   78.64650  174.96010     40.391    -1.7366    -1.7387  25.697625  25.717762    32.3874    32.4176    360.469    351.791     0.0160     4.6496     0.1062     0.1062     0.0338     0.0256      99075    68.8014     100.00     2.5566     2.2212         16  0.000e+00
     40.019   78.64650  174.96010     40.449    -1.7367    -1.7389  25.697390  25.716041    32.3871    32.4154    360.473    352.054     0.0466     4.6496     0.1062     0.1062     0.0338     0.0269      99076    68.8021     100.00     2.5566     2.2224         16  0.000e+00
     39.961   78.64650  174.96010     40.391    -1.7367    -1.7387  25.697330  25.713986    32.3871    32.4124    360.471    352.057     0.0466     4.6496     0.1062     0.1062     0.0338     0.0269      99077    68.8028     100.00     2.5566     2.2224         16  0.000e+00
     40.019   78.64650  174.96010     40.449    -1.7366    -1.7384  25.697508  25.712710    32.3872    32.4103    360.259    352.063     0.0160     4.6496     0.1062     0.1062     0.0338     0.0256      99078    68.8035     100.00     2.5554     2.2224         16  0.000e+00
