Continuous CTD Data/SBE Stage/nabos_38_01.ros
* Sea-Bird SBE 9 Data File:
* FileName = D:\CTD\data\HLY2502\raw\NABOS_38_01.hex
* Software Version Seasave V 7.26.7.110
* Temperature SN = 6954
* Conductivity SN = 2561
* Number of Bytes Per Scan = 37
* Number of Voltage Words = 4
* Number of Scans Averaged by the Deck Unit = 1
* NMEA Latitude = 78 47.95 N
* NMEA Longitude = 128 08.96 E
* NMEA UTC (Time) = Sep 25 2025  01:51:56
* NMEA baud rate = 9600
** Ship: USCG HEALY
** Bot. Depth:  2881
** Cast Number:  01
** Station Name:  NABOS
** Station Number:  38
** Operator:  STARC
** 1200 target
# nquan = 25
# nvalues = 1029                                  
# units = specified
# name 0 = depSM: Depth [salt water, m]
# name 1 = latitude: Latitude [deg]
# name 2 = longitude: Longitude [deg]
# name 3 = prDM: Pressure, Digiquartz [db]
# name 4 = t090C: Temperature [ITS-90, deg C]
# name 5 = t190C: Temperature, 2 [ITS-90, deg C]
# name 6 = c0mS/cm: Conductivity [mS/cm]
# name 7 = c1mS/cm: Conductivity, 2 [mS/cm]
# name 8 = sal00: Salinity, Practical [PSU]
# name 9 = sal11: Salinity, Practical, 2 [PSU]
# name 10 = sbox0Mm/Kg: Oxygen, SBE 43 [umol/kg]
# name 11 = sbox1Mm/Kg: Oxygen, SBE 43, 2 [umol/kg]
# name 12 = flECO-AFL: Fluorescence, WET Labs ECO-AFL/FL [mg/m^3]
# name 13 = v2: Voltage 2
# name 14 = wetCDOM: Fluorescence, WET Labs CDOM [mg/m^3]
# name 15 = v6: Voltage 6
# name 16 = CStarAt0: Beam Attenuation, WET Labs C-Star [1/m]
# name 17 = v3: Voltage 3
# name 18 = scan: Scan Count
# name 19 = timeM: Time, Elapsed [minutes]
# name 20 = altM: Altimeter [m]
# name 21 = sbeox0V: Oxygen raw, SBE 43 [V]
# name 22 = sbeox1V: Oxygen raw, SBE 43, 2 [V]
# name 23 = nbf: Bottles Fired
# name 24 = flag:  0.000e+00
# interval = seconds: 0.0416667
# start_time = Sep 25 2025 01:51:56 [NMEA time, header]
# bad_flag = -9.990e-29
*END*
   1200.446   78.79962  128.14122   1216.784    -0.3047    -0.3049  29.251156  29.249135    34.9089    34.9064    287.847    285.585    -0.1366     4.6276     0.0830     0.0830     0.0527     0.0195      37041    25.7222     100.00     1.9953     1.7786          1  0.000e+00
   1200.513   78.79962  128.14122   1216.852    -0.3047    -0.3051  29.251033  29.248902    34.9087    34.9062    287.850    285.590    -0.1366     4.6276     0.0830     0.0830     0.0527     0.0195      37042    25.7229     100.00     1.9953     1.7786          1  0.000e+00
   1200.446   78.79962  128.14122   1216.784    -0.3047    -0.3048  29.251156  29.249251    34.9089    34.9064    288.083    285.584    -0.1366     4.6276     0.0830     0.0830     0.0527     0.0195      37043    25.7236     100.00     1.9965     1.7786          1  0.000e+00
   1200.446   78.79962  128.14122   1216.784    -0.3047    -0.3048  29.251033  29.249193    34.9087    34.9063    287.848    285.305    -0.1366     4.6276     0.0842     0.0842     0.0527     0.0195      37044    25.7243     100.00     1.9953     1.7774          1  0.000e+00
   1200.446   78.79962  128.14122   1216.784    -0.3047    -0.3048  29.251156  29.249309    34.9089    34.9065    288.083    285.026    -0.1366     4.6276     0.0842     0.0842     0.0527     0.0195      37045    25.7250     100.00     1.9965     1.7761          1  0.000e+00
   1200.513   78.79962  128.14122   1216.852    -0.3046    -0.3046  29.251033  29.249193    34.9085    34.9061    287.850    285.307    -0.1366     4.6288     0.0842     0.0842     0.0517     0.0195      37046    25.7257     100.00     1.9953     1.7774          1  0.000e+00
   1200.513   78.79962  128.14122   1216.852    -0.3047    -0.3051  29.250971  29.248902    34.9086    34.9062    287.851    285.031    -0.1366     4.6276     0.0842     0.0842     0.0527     0.0195      37047    25.7264     100.00     1.9953     1.7761          1  0.000e+00
   1200.446   78.79962  128.14122   1216.784    -0.3045    -0.3048  29.250971  29.249368    34.9083    34.9066    288.082    285.025    -0.1366     4.6276     0.0830     0.0830     0.0527     0.0195      37048    25.7271     100.00     1.9965     1.7761          1  0.000e+00
   1200.513   78.79962  128.14122   1216.852    -0.3046    -0.3048  29.250971  29.249251    34.9085    34.9064    287.850    285.029    -0.1366     4.6276     0.0842     0.0842     0.0527     0.0195      37049    25.7278     100.00     1.9953     1.7761          1  0.000e+00
   1200.446   78.79962  128.14122   1216.784    -0.3046    -0.3049  29.251156  29.249310    34.9087    34.9066    287.847    285.306    -0.1366     4.6276     0.0842     0.0842     0.0527     0.0195      37050    25.7285     100.00     1.9953     1.7774          1  0.000e+00
   1200.513   78.79962  128.14122   1216.852    -0.3045    -0.3050  29.251280  29.248960    34.9087    34.9062    287.848    285.589    -0.1366     4.6276     0.0830     0.0830     0.0527     0.0195      37051    25.7292     100.00     1.9953     1.7786          1  0.000e+00
   1200.446   78.79962  128.14122   1216.784    -0.3046    -0.3049  29.251280  29.248844    34.9089    34.9060    287.847    285.587    -0.1366     4.6276     0.0842     0.0842     0.0527     0.0195      37052    25.7299     100.00     1.9953     1.7786          1  0.000e+00
   1200.513   78.79962  128.14122   1216.852    -0.3047    -0.3051  29.251466  29.248844    34.9092    34.9062    287.849    285.870    -0.1366     4.6276     0.0842     0.0842     0.0527     0.0195      37053    25.7306     100.00     1.9953     1.7798          1  0.000e+00
   1200.446   78.79962  128.14122   1216.784    -0.3047    -0.3049  29.251342  29.249018    34.9091    34.9062    288.083    285.865    -0.1366     4.6276     0.0830     0.0830     0.0527     0.0195      37054    25.7312     100.00     1.9965     1.7798          1  0.000e+00
   1200.513   78.79962  128.14122   1216.852    -0.3047    -0.3051  29.251280  29.248902    34.9090    34.9062    288.086    285.590    -0.1366     4.6276     0.0830     0.0830     0.0527     0.0195      37055    25.7319     100.00     1.9965     1.7786          1  0.000e+00
   1200.513   78.79962  128.14122   1216.852    -0.3047    -0.3048  29.251280  29.249019    34.9090    34.9061    288.086    285.309    -0.1366     4.6276     0.0830     0.0830     0.0527     0.0195      37056    25.7326     100.00     1.9965     1.7774          1  0.000e+00
   1200.446   78.79962  128.14122   1216.784    -0.3045    -0.3051  29.251651  29.248902    34.9092    34.9063    288.081    285.308    -0.1366     4.6276     0.0842     0.0842     0.0527     0.0195      37057    25.7333     100.00     1.9965     1.7774          1  0.000e+00
   1200.513   78.79962  128.14122   1216.852    -0.3046    -0.3048  29.251404  29.249251    34.9090    34.9064    287.849    285.308    -0.1366     4.6276     0.0830     0.0830     0.0527     0.0195      37058    25.7340     100.00     1.9953     1.7774          1  0.000e+00
   1200.446   78.79962  128.14122   1216.784    -0.3047    -0.3048  29.251466  29.248960    34.9093    34.9060    287.847    285.586    -0.1366     4.6276     0.0842     0.0842     0.0527     0.0195      37059    25.7347     100.00     1.9953     1.7786          1  0.000e+00
   1200.513   78.79962  128.14122   1216.852    -0.3046    -0.3047  29.251342  29.249019    34.9089    34.9059    287.850    285.308    -0.1366     4.6276     0.0842     0.0842     0.0527     0.0195      37060    25.7354     100.00     1.9953     1.7774          1  0.000e+00
   1200.513   78.79962  128.14122   1216.852    -0.3046    -0.3049  29.251280  29.249135    34.9089    34.9063    288.086    285.030    -0.1366     4.6276     0.0842     0.0842     0.0527     0.0195      37061    25.7361     100.00     1.9965     1.7761          1  0.000e+00
   1200.446   78.79962  128.14122   1216.784    -0.3047    -0.3051  29.251033  29.249310    34.9087    34.9068    287.849    285.028    -0.1366     4.6276     0.0842     0.0842     0.0527     0.0195      37062    25.7368     100.00     1.9953     1.7761          1  0.000e+00
   1200.513   78.79962  128.14122   1216.852    -0.3046    -0.3049  29.251157  29.249368    34.9087    34.9067    288.086    284.750    -0.1366     4.6288     0.0842     0.0842     0.0517     0.0195      37063    25.7375     100.00     1.9965     1.7749          1  0.000e+00
   1200.446   78.79962  128.14122   1216.784    -0.3047    -0.3050  29.251466  29.249193    34.9093    34.9065    287.847    284.749    -0.1366     4.6276     0.0842     0.0842     0.0527     0.0195      37064    25.7382     100.00     1.9953     1.7749          1  0.000e+00
   1200.513   78.79962  128.14122   1216.852    -0.3047    -0.3049  29.251095  29.249135    34.9087    34.9063    287.851    284.751    -0.1366     4.6276     0.0842     0.0842     0.0527     0.0195      37065    25.7389     100.00     1.9953     1.7749          1  0.000e+00
   1200.513   78.79962  128.14122   1216.852    -0.3044    -0.3048  29.251157  29.248902    34.9085    34.9059    287.613    284.751    -0.1366     4.6276     0.0830     0.0830     0.0527     0.0195      37066    25.7396     100.00     1.9940     1.7749          1  0.000e+00
   1200.446   78.79962  128.14122   1216.784    -0.3046    -0.3051  29.251033  29.249018    34.9086    34.9064    287.848    285.029    -0.1366     4.6276     0.0842     0.0842     0.0527     0.0195      37067    25.7403     100.00     1.9953     1.7761          1  0.000e+00
   1200.513   78.79962  128.14122   1216.852    -0.3047    -0.3051  29.251157  29.249310    34.9088    34.9068    288.087    285.031    -0.1366     4.6288     0.0830     0.0830     0.0517     0.0195      37068    25.7410     100.00     1.9965     1.7761          1  0.000e+00
   1200.513   78.79962  128.14122   1216.852    -0.3045    -0.3052  29.251466  29.249426    34.9089    34.9071    287.849    285.032    -0.1366     4.6276     0.0842     0.0842     0.0527     0.0195      37069    25.7417     100.00     1.9953     1.7761          1  0.000e+00
   1200.446   78.79962  128.14122   1216.784    -0.3046    -0.3052  29.251094  29.248960    34.9087    34.9065    288.084    285.030    -0.1366     4.6288     0.0842     0.0842     0.0517     0.0195      37070    25.7424     100.00     1.9965     1.7761          1  0.000e+00
   1200.513   78.79962  128.14122   1216.852    -0.3045    -0.3052  29.250971  29.249019    34.9083    34.9065    287.850    285.033    -0.1366     4.6288     0.0842     0.0842     0.0517     0.0195      37071    25.7431     100.00     1.9953     1.7761          1  0.000e+00
   1200.446   78.79962  128.14122   1216.784    -0.3046    -0.3053  29.251156  29.248902    34.9087    34.9065    288.084    285.031    -0.1366     4.6276     0.0842     0.0842     0.0527     0.0195      37072    25.7437     100.00     1.9965     1.7761          1  0.000e+00
   1200.513   78.79962  128.14122   1216.852    -0.3045    -0.3049  29.251466  29.248844    34.9089    34.9060    287.849    284.473    -0.1061     4.6288     0.0842     0.0842     0.0517     0.0208      37073    25.7444     100.00     1.9953     1.7737          1  0.000e+00
   1200.446   78.79962  128.14122   1216.784    -0.3045    -0.3051  29.251342  29.249251    34.9088    34.9067    287.847    284.470    -0.1366     4.6276     0.0842     0.0842     0.0527     0.0195      37074    25.7451     100.00     1.9953     1.7737          1  0.000e+00
   1200.513   78.79962  128.14122   1216.852    -0.3045    -0.3051  29.251466  29.249193    34.9089    34.9066    287.849    284.194    -0.1366     4.6288     0.0842     0.0842     0.0517     0.0195      37075    25.7458     100.00     1.9953     1.7724          1  0.000e+00
   1200.446   78.79962  128.14122   1216.784    -0.3043    -0.3052  29.250909  29.249077    34.9080    34.9066    287.847    284.192    -0.1366     4.6276     0.0842     0.0842     0.0527     0.0195      37076    25.7465     100.00     1.9953     1.7724          1  0.000e+00
   1200.446   78.79962  128.14122   1216.784    -0.3045    -0.3051  29.251094  29.248902    34.9085    34.9063    287.848    284.192    -0.1366     4.6276     0.0842     0.0842     0.0527     0.0195      37077    25.7472     100.00     1.9953     1.7724          1  0.000e+00
   1200.513   78.79962  128.14122   1216.852    -0.3046    -0.3052  29.251280  29.249019    34.9089    34.9065    287.851    284.195    -0.1366     4.6276     0.0842     0.0842     0.0527     0.0195      37078    25.7479     100.00     1.9953     1.7724          1  0.000e+00
   1200.446   78.79962  128.14122   1216.784    -0.3045    -0.3052  29.251466  29.248902    34.9090    34.9064    288.083    284.193    -0.1366     4.6276     0.0842     0.0842     0.0527     0.0195      37079    25.7486     100.00     1.9965     1.7724          1  0.000e+00
   1200.513   78.79962  128.14122   1216.852    -0.3045    -0.3052  29.251342  29.249252    34.9088    34.9068    287.850    284.474    -0.1366     4.6276     0.0842     0.0842     0.0527     0.0195      37080    25.7493     100.00     1.9953     1.7737          1  0.000e+00
   1200.446   78.79962  128.14122   1216.784    -0.3045    -0.3051  29.251033  29.249193    34.9084    34.9067    287.848    284.471    -0.1061     4.6276     0.0830     0.0830     0.0527     0.0208      37081    25.7500     100.00     1.9953     1.7737          1  0.000e+00
   1200.513   78.79962  128.14122   1216.852    -0.3043    -0.3052  29.251342  29.248902    34.9086    34.9064    287.849    284.754    -0.1366     4.6276     0.0830     0.0830     0.0527     0.0195      37082    25.7507     100.00     1.9953     1.7749          1  0.000e+00
   1200.446   78.79962  128.14122   1216.784    -0.3047    -0.3051  29.251094  29.249018    34.9088    34.9064    287.850    284.751    -0.1366     4.6288     0.0842     0.0842     0.0517     0.0195      37083    25.7514     100.00     1.9953     1.7749          1  0.000e+00
   1200.446   78.79962  128.14122   1216.784    -0.3041    -0.3052  29.251342  29.249135    34.9084    34.9067    288.081    285.031    -0.1366     4.6276     0.0842     0.0842     0.0527     0.0195      37084    25.7521     100.00     1.9965     1.7761          1  0.000e+00
   1200.446   78.79962  128.14122   1216.784    -0.3043    -0.3055  29.251528  29.249135    34.9089    34.9070    287.846    284.753    -0.1366     4.6288     0.0842     0.0842     0.0517     0.0195      37085    25.7528     100.00     1.9953     1.7749          1  0.000e+00
   1200.513   78.79962  128.14122   1216.852    -0.3045    -0.3052  29.251342  29.248728    34.9088    34.9061    288.086    284.755    -0.1366     4.6276     0.0842     0.0842     0.0527     0.0195      37086    25.7535     100.00     1.9965     1.7749          1  0.000e+00
   1200.446   78.79962  128.14122   1216.784    -0.3045    -0.3051  29.251280  29.248960    34.9087    34.9064    287.848    284.751    -0.1366     4.6276     0.0842     0.0842     0.0527     0.0195      37087    25.7542     100.00     1.9953     1.7749          1  0.000e+00
   1200.446   78.79962  128.14122   1216.784    -0.3045    -0.3051  29.251466  29.248902    34.9090    34.9063    287.847    284.751    -0.1366     4.6276     0.0842     0.0842     0.0527     0.0195      37088    25.7549     100.00     1.9953     1.7749          1  0.000e+00
   1200.446   78.79962  128.14122   1216.784    -0.3045    -0.3053  29.251342  29.249018    34.9088    34.9066    287.847    284.752    -0.1366     4.6276     0.0842     0.0842     0.0527     0.0195      37089    25.7556     100.00     1.9953     1.7749          1  0.000e+00
    999.826   78.79946  128.13882   1012.942    -0.1310    -0.1312  29.298051  29.296643    34.8907    34.8890    291.950    288.043    -0.1061     4.6239     0.0855     0.0855     0.0559     0.0208      45863    31.8486     100.00     2.0661     1.8307          2  0.000e+00
    999.826   78.79946  128.13882   1012.942    -0.1307    -0.1311  29.298299  29.296410    34.8907    34.8886    291.948    288.313    -0.1366     4.6227     0.0867     0.0867     0.0570     0.0195      45864    31.8493     100.00     2.0661     1.8319          2  0.000e+00
    999.826   78.79946  128.13882   1012.942    -0.1310    -0.1312  29.298485  29.296759    34.8913    34.8892    291.721    288.313    -0.1366     4.6239     0.0867     0.0867     0.0559     0.0195      45865    31.8500     100.00     2.0649     1.8319          2  0.000e+00
    999.826   78.79946  128.13882   1012.942    -0.1309    -0.1312  29.298237  29.296526    34.8908    34.8889    291.721    288.314    -0.1366     4.6227     0.0867     0.0867     0.0570     0.0195      45866    31.8507     100.00     2.0649     1.8319          2  0.000e+00
    999.760   78.79946  128.13882   1012.874    -0.1310    -0.1311  29.298547  29.296759    34.8914    34.8891    291.946    288.580    -0.1366     4.6227     0.0855     0.0855     0.0570     0.0195      45867    31.8514     100.00     2.0661     1.8331          2  0.000e+00
    999.826   78.79946  128.13882   1012.942    -0.1309    -0.1312  29.298113  29.296526    34.8906    34.8889    291.949    288.314    -0.1366     4.6227     0.0855     0.0855     0.0570     0.0195      45868    31.8521     100.00     2.0661     1.8319          2  0.000e+00
    999.760   78.79946  128.13882   1012.874    -0.1310    -0.1311  29.297927  29.296584    34.8906    34.8889    291.948    288.310    -0.1366     4.6227     0.0855     0.0855     0.0570     0.0195      45869    31.8528     100.00     2.0661     1.8319          2  0.000e+00
    999.826   78.79946  128.13882   1012.942    -0.1310    -0.1314  29.297928  29.296468    34.8905    34.8890    291.951    288.315    -0.1366     4.6227     0.0855     0.0855     0.0570     0.0195      45870    31.8535     100.00     2.0661     1.8319          2  0.000e+00
