Continuous CTD Data/SBE Stage/nabos_08_01avg.cnv
* Sea-Bird SBE 9 Data File:
* FileName = D:\CTD\data\HLY2502\raw\NABOS_08_01.hex
* Software Version Seasave V 7.26.7.110
* Temperature SN = 6954
* Conductivity SN = 2561
* Number of Bytes Per Scan = 37
* Number of Voltage Words = 4
* Number of Scans Averaged by the Deck Unit = 1
* NMEA Latitude = 76 01.68 N
* NMEA Longitude = 176 49.39 E
* NMEA UTC (Time) = Sep 14 2025  20:51:02
* NMEA baud rate = 9600
** Ship: USCG HEALY
** Bot. Depth:  554
** Cast Number:  01
** Station Name:  NABOS
** Station Number:  08
** Operator:  STARC
# nquan = 25
# nvalues = 559                         
# units = specified
# name 0 = depSM: Depth [salt water, m]
# name 1 = latitude: Latitude [deg]
# name 2 = longitude: Longitude [deg]
# name 3 = prDM: Pressure, Digiquartz [db]
# name 4 = t090C: Temperature [ITS-90, deg C]
# name 5 = t190C: Temperature, 2 [ITS-90, deg C]
# name 6 = c0mS/cm: Conductivity [mS/cm]
# name 7 = c1mS/cm: Conductivity, 2 [mS/cm]
# name 8 = sal00: Salinity, Practical [PSU]
# name 9 = sal11: Salinity, Practical, 2 [PSU]
# name 10 = sbox0Mm/Kg: Oxygen, SBE 43 [umol/kg]
# name 11 = sbox1Mm/Kg: Oxygen, SBE 43, 2 [umol/kg]
# name 12 = flECO-AFL: Fluorescence, WET Labs ECO-AFL/FL [mg/m^3]
# name 13 = v2: Voltage 2
# name 14 = wetCDOM: Fluorescence, WET Labs CDOM [mg/m^3]
# name 15 = v6: Voltage 6
# name 16 = CStarAt0: Beam Attenuation, WET Labs C-Star [1/m]
# name 17 = v3: Voltage 3
# name 18 = scan: Scan Count
# name 19 = timeM: Time, Elapsed [minutes]
# name 20 = altM: Altimeter [m]
# name 21 = sbeox0V: Oxygen raw, SBE 43 [V]
# name 22 = sbeox1V: Oxygen raw, SBE 43, 2 [V]
# name 23 = nbin: number of scans per bin
# name 24 = flag: flag
# span 0 =      2.969,    554.396       
# span 1 =   76.02832,   76.02960       
# span 2 =  176.81800,  176.82160       
# span 3 =      3.000,    561.000       
# span 4 =    -1.6886,     1.0736       
# span 5 =    -1.6880,     1.0735       
# span 6 =  22.656065,  29.926757       
# span 7 =  22.652725,  29.925094       
# span 8 =    27.9889,    34.8106       
# span 9 =    27.9849,    34.8085       
# span 10 =    296.324,    382.832      
# span 11 =    289.998,    374.077      
# span 12 =    -0.1800,     0.3503      
# span 13 =     4.5952,     4.6631      
# span 14 =     0.0694,     0.1223      
# span 15 =     0.0694,     0.1223      
# span 16 =     0.0221,     0.0808      
# span 17 =     0.0178,     0.0390      
# span 18 =       4989,      25072      
# span 19 =     3.4641,    17.4106      
# span 20 =       5.12,     100.00      
# span 21 =     2.2071,     2.6659      
# span 22 =     1.9385,     2.3133      
# span 23 =          7,         31      
# span 24 = 0.0000e+00, 0.0000e+00      
# interval = decibars: 1                
# start_time = Sep 14 2025 20:51:02 [NMEA time, header]
# bad_flag = -9.990e-29
*END*
[from data line 464]
    461.606   76.02924  176.81904    467.000     0.4877     0.4872  29.526056  29.523998    34.8099    34.8078    297.710    291.998    -0.1655     4.6629     0.0708     0.0708     0.0223     0.0184      19631    13.6323     100.00     2.2472     1.9730         15 0.0000e+00
    462.594   76.02924  176.81904    468.000     0.4731     0.4729  29.513414  29.511831    34.8092    34.8074    297.765    292.246    -0.1656     4.6629     0.0696     0.0696     0.0223     0.0184      19658    13.6504     100.00     2.2466     1.9735         20 0.0000e+00
    463.581   76.02926  176.81904    469.000     0.4615     0.4613  29.503875  29.502221    34.8092    34.8072    297.693    291.897    -0.1325     4.6629     0.0705     0.0705     0.0223     0.0197      19683    13.6682     100.00     2.2454     1.9711         19 0.0000e+00
    464.568   76.02926  176.81904    470.000     0.4525     0.4524  29.496145  29.494549    34.8087    34.8067    297.670    292.255    -0.1457     4.6623     0.0715     0.0715     0.0229     0.0191      19709    13.6861      98.99     2.2445     1.9723         19 0.0000e+00
    465.556   76.02926  176.81902    471.000     0.4462     0.4461  29.491004  29.489384    34.8084    34.8065    297.587    291.765    -0.1733     4.6629     0.0715     0.0715     0.0223     0.0181      19735    13.7039      98.29     2.2435     1.9694         18 0.0000e+00
    466.543   76.02926  176.81902    472.000     0.4445     0.4445  29.489917  29.488367    34.8083    34.8063    297.515    291.821    -0.1469     4.6629     0.0758     0.0758     0.0223     0.0191      19760    13.7217      97.33     2.2428     1.9694         20 0.0000e+00
    467.531   76.02926  176.81902    473.000     0.4442     0.4442  29.489990  29.488469    34.8081    34.8062    297.631    291.706    -0.1627     4.6626     0.0812     0.0812     0.0226     0.0185      19786    13.7393      96.44     2.2432     1.9686         15 0.0000e+00
    468.518   76.02926  176.81902    474.000     0.4415     0.4414  29.488030  29.486408    34.8080    34.8060    297.756    291.918    -0.1708     4.6617     0.0744     0.0744     0.0234     0.0182      19811    13.7573      95.45     2.2436     1.9694         17 0.0000e+00
    469.505   76.02926  176.81902    475.000     0.4388     0.4387  29.486041  29.484410    34.8079    34.8059    297.854    292.083    -0.1727     4.6621     0.0755     0.0755     0.0230     0.0181      19837    13.7751      94.48     2.2438     1.9699         22 0.0000e+00
    470.492   76.02926  176.81901    476.000     0.4327     0.4326  29.481122  29.479607    34.8077    34.8059    297.761    291.709    -0.1673     4.6613     0.0735     0.0735     0.0237     0.0183      19863    13.7928      93.33     2.2427     1.9676         16 0.0000e+00
    471.480   76.02926  176.81900    477.000     0.4318     0.4319  29.480811  29.479349    34.8077    34.8058    297.786    291.849    -0.1449     4.6617     0.0775     0.0775     0.0234     0.0192      19888    13.8106      92.38     2.2426     1.9681         20 0.0000e+00
    472.467   76.02926  176.81900    478.000     0.4308     0.4308  29.480411  29.478874    34.8077    34.8058    297.883    291.716    -0.1561     4.6618     0.0757     0.0757     0.0233     0.0187      19914    13.8285      91.19     2.2428     1.9671         17 0.0000e+00
    473.454   76.02926  176.81900    479.000     0.4292     0.4290  29.479340  29.477754    34.8076    34.8057    297.802    291.764    -0.1321     4.6616     0.0757     0.0757     0.0235     0.0197      19940    13.8464      90.29     2.2421     1.9671         19 0.0000e+00
    474.442   76.02926  176.81900    480.000     0.4278     0.4278  29.478571  29.476988    34.8076    34.8055    297.729    292.336    -0.1369     4.6616     0.0774     0.0774     0.0234     0.0195      19965    13.8641      89.26     2.2413     1.9697         14 0.0000e+00
    475.429   76.02926  176.81898    481.000     0.4269     0.4268  29.478226  29.476573    34.8075    34.8054    297.834    292.121    -0.1655     4.6608     0.0781     0.0781     0.0241     0.0184      19991    13.8820      88.24     2.2417     1.9684         19 0.0000e+00
    476.416   76.02928  176.81898    482.000     0.4255     0.4255  29.477502  29.475877    34.8075    34.8055    298.015    292.098    -0.1324     4.6606     0.0784     0.0784     0.0243     0.0197      20017    13.8998      87.27     2.2424     1.9680         15 0.0000e+00
    477.403   76.02928  176.81898    483.000     0.4237     0.4236  29.476254  29.474659    34.8074    34.8054    297.978    291.956    -0.1722     4.6598     0.0781     0.0781     0.0249     0.0181      20042    13.9176      86.08     2.2419     1.9671         16 0.0000e+00
    478.391   76.02928  176.81898    484.000     0.4205     0.4204  29.474001  29.472477    34.8075    34.8055    297.878    292.793    -0.1454     4.6610     0.0797     0.0797     0.0240     0.0192      20068    13.9353      85.20     2.2409     1.9709         15 0.0000e+00
    479.378   76.02928  176.81898    485.000     0.4193     0.4193  29.473543  29.471937    34.8076    34.8055    297.825    292.337    -0.1524     4.6609     0.0859     0.0859     0.0241     0.0189      20094    13.9532      84.12     2.2403     1.9684         17 0.0000e+00
    480.365   76.02928  176.81898    486.000     0.4185     0.4184  29.473298  29.471689    34.8076    34.8056    297.772    292.202    -0.1553     4.6606     0.0930     0.0930     0.0243     0.0188      20119    13.9711      83.06     2.2397     1.9675         18 0.0000e+00
    481.352   76.02928  176.81896    487.000     0.4180     0.4180  29.473440  29.471798    34.8078    34.8056    297.820    292.728    -0.1794     4.6603     0.0888     0.0888     0.0245     0.0178      20145    13.9887      82.18     2.2398     1.9699         15 0.0000e+00
    482.340   76.02928  176.81896    488.000     0.4176     0.4175  29.473553  29.471952    34.8077    34.8058    297.920    292.176    -0.1713     4.6606     0.0808     0.0808     0.0243     0.0181      20170    14.0066      81.05     2.2401     1.9669         14 0.0000e+00
    483.327   76.02928  176.81896    489.000     0.4173     0.4172  29.473735  29.472062    34.8078    34.8057    298.092    291.904    -0.1687     4.6607     0.0825     0.0825     0.0242     0.0182      20196    14.0243      80.10     2.2408     1.9654         17 0.0000e+00
    484.314   76.02928  176.81896    490.000     0.4173     0.4173  29.474584  29.472993    34.8082    34.8061    298.040    291.816    -0.1754     4.6596     0.0937     0.0937     0.0251     0.0180      20222    14.0422      78.96     2.2403     1.9648         15 0.0000e+00
    485.301   76.02928  176.81895    491.000     0.4190     0.4190  29.476477  29.475047    34.8082    34.8064    297.869    292.151    -0.1444     4.6602     0.0965     0.0965     0.0247     0.0192      20247    14.0597      78.06     2.2392     1.9664         12 0.0000e+00
    486.288   76.02928  176.81894    492.000     0.4192     0.4192  29.477311  29.475656    34.8085    34.8063    297.713    291.679    -0.1667     4.6603     0.0953     0.0953     0.0246     0.0183      20273    14.0778      77.03     2.2380     1.9638         16 0.0000e+00
    487.276   76.02928  176.81894    493.000     0.4168     0.4169  29.475582  29.474138    34.8084    34.8064    297.623    292.394    -0.1550     4.6593     0.0919     0.0919     0.0254     0.0188      20299    14.0956      76.06     2.2371     1.9671         15 0.0000e+00
    488.263   76.02929  176.81894    494.000     0.4126     0.4124  29.472396  29.470720    34.8084    34.8063    297.686    291.090    -0.1599     4.6596     0.0856     0.0856     0.0252     0.0186      20324    14.1133      74.94     2.2370     1.9602         13 0.0000e+00
    489.250   76.02930  176.81894    495.000     0.4091     0.4091  29.469720  29.468207    34.8082    34.8062    297.871    291.059    -0.1738     4.6599     0.0842     0.0842     0.0249     0.0180      20350    14.1313      73.81     2.2378     1.9598         15 0.0000e+00
    490.237   76.02930  176.81892    496.000     0.4004     0.4002  29.462404  29.460801    34.8078    34.8059    297.995    291.470    -0.1712     4.6603     0.0844     0.0844     0.0246     0.0181      20376    14.1490      72.96     2.2379     1.9612         15 0.0000e+00
    491.225   76.02930  176.81892    497.000     0.3927     0.3928  29.456068  29.454833    34.8076    34.8059    297.926    292.325    -0.1694     4.6606     0.0840     0.0840     0.0243     0.0182      20401    14.1668      71.81     2.2368     1.9650         13 0.0000e+00
    492.212   76.02930  176.81892    498.000     0.3875     0.3874  29.452158  29.450681    34.8078    34.8059    297.812    291.819    -0.1375     4.6603     0.0856     0.0856     0.0246     0.0195      20427    14.1847      70.87     2.2356     1.9620         16 0.0000e+00
    493.199   76.02930  176.81892    499.000     0.3852     0.3852  29.450704  29.449158    34.8078    34.8058    297.734    292.311    -0.1729     4.6604     0.0862     0.0862     0.0245     0.0181      20453    14.2025      69.81     2.2348     1.9642         16 0.0000e+00
    494.186   76.02930  176.81892    500.000     0.3852     0.3851  29.451096  29.449530    34.8078    34.8058    297.781    291.668    -0.1714     4.6600     0.0856     0.0856     0.0248     0.0181      20478    14.2202      68.79     2.2349     1.9608         14 0.0000e+00
    495.173   76.02930  176.81890    501.000     0.3851     0.3850  29.451393  29.449845    34.8077    34.8057    297.712    291.278    -0.1485     4.6594     0.0858     0.0858     0.0253     0.0190      20504    14.2379      67.89     2.2342     1.9587         15 0.0000e+00
    496.160   76.02930  176.81890    502.000     0.3844     0.3842  29.451279  29.449645    34.8078    34.8058    297.701    290.679    -0.1338     4.6593     0.0858     0.0858     0.0254     0.0196      20529    14.2558      66.64     2.2339     1.9555         14 0.0000e+00
    497.148   76.02930  176.81890    503.000     0.3816     0.3815  29.449311  29.447680    34.8077    34.8058    297.623    291.438    -0.1328     4.6594     0.0857     0.0857     0.0253     0.0197      20555    14.2737      65.68     2.2331     1.9589         16 0.0000e+00
    498.135   76.02930  176.81890    504.000     0.3809     0.3809  29.449077  29.447674    34.8076    34.8058    297.634    291.040    -0.1694     4.6592     0.0866     0.0866     0.0255     0.0182      20580    14.2912      64.75     2.2329     1.9568         14 0.0000e+00
    499.122   76.02930  176.81889    505.000     0.3804     0.3804  29.449077  29.447604    34.8076    34.8056    297.723    290.311    -0.1671     4.6593     0.0977     0.0977     0.0254     0.0183      20606    14.3092      63.69     2.2331     1.9530         17 0.0000e+00
    500.109   76.02930  176.81888    506.000     0.3797     0.3796  29.448956  29.447386    34.8077    34.8058    297.773    290.910    -0.1671     4.6592     0.1013     0.1013     0.0255     0.0183      20631    14.3266      62.74     2.2332     1.9557         13 0.0000e+00
    501.096   76.02930  176.81888    507.000     0.3745     0.3741  29.444987  29.443090    34.8077    34.8057    297.704    292.290    -0.1372     4.6593     0.0930     0.0930     0.0254     0.0195      20657    14.3448      61.57     2.2323     1.9621         16 0.0000e+00
    502.084   76.02930  176.81888    508.000     0.3704     0.3697  29.441930  29.439904    34.8077    34.8059    297.702    291.992    -0.1366     4.6591     0.0976     0.0976     0.0255     0.0195      20683    14.3625      60.57     2.2318     1.9603         14 0.0000e+00
    503.071   76.02932  176.81888    509.000     0.3686     0.3688  29.441008  29.439604    34.8079    34.8059    297.540    292.712    -0.1554     4.6588     0.1040     0.1040     0.0258     0.0188      20709    14.3804      59.60     2.2306     1.9636         15 0.0000e+00
    504.058   76.02932  176.81886    510.000     0.3686     0.3686  29.441496  29.439916    34.8080    34.8059    297.500    291.780    -0.1713     4.6594     0.1050     0.1050     0.0253     0.0181      20734    14.3982      58.54     2.2301     1.9588         14 0.0000e+00
    505.045   76.02932  176.81886    511.000     0.3692     0.3691  29.442371  29.440860    34.8079    34.8060    297.551    291.913    -0.1733     4.6593     0.1005     0.1005     0.0254     0.0181      20760    14.4161      57.46     2.2302     1.9593         15 0.0000e+00
    506.032   76.02932  176.81886    512.000     0.3660     0.3662  29.440210  29.438788    34.8081    34.8060    297.646    291.671    -0.1649     4.6593     0.0960     0.0960     0.0254     0.0184      20786    14.4337      56.44     2.2304     1.9578         14 0.0000e+00
    507.019   76.02932  176.81886    513.000     0.3641     0.3642  29.439067  29.437446    34.8081    34.8059    297.702    291.648    -0.1438     4.6591     0.0921     0.0921     0.0256     0.0192      20811    14.4513      55.42     2.2304     1.9574         12 0.0000e+00
    508.006   76.02932  176.81886    514.000     0.3626     0.3625  29.438138  29.436496    34.8081    34.8060    297.772    291.760    -0.1625     4.6593     0.0905     0.0905     0.0254     0.0185      20837    14.4692      54.40     2.2305     1.9577         13 0.0000e+00
    508.993   76.02932  176.81884    515.000     0.3580     0.3578  29.434634  29.432958    34.8080    34.8060    297.877    291.612    -0.1344     4.6593     0.0951     0.0951     0.0254     0.0196      20862    14.4869      53.42     2.2306     1.9566         15 0.0000e+00
    509.980   76.02932  176.81884    516.000     0.3564     0.3564  29.433531  29.432073    34.8078    34.8058    297.924    292.023    -0.1340     4.6594     0.1021     0.1021     0.0253     0.0196      20888    14.5046      52.49     2.2306     1.9583         12 0.0000e+00
    510.968   76.02932  176.81884    517.000     0.3552     0.3551  29.432942  29.431364    34.8078    34.8059    297.847    292.366    -0.1599     4.6603     0.1032     0.1032     0.0246     0.0186      20913    14.5226      51.39     2.2299     1.9598         15 0.0000e+00
    511.955   76.02932  176.81884    518.000     0.3543     0.3542  29.432461  29.430898    34.8076    34.8057    297.797    291.852    -0.1694     4.6608     0.1026     0.1026     0.0241     0.0182      20939    14.5405      50.36     2.2293     1.9570         17 0.0000e+00
    512.942   76.02932  176.81883    519.000     0.3530     0.3528  29.431802  29.430151    34.8075    34.8056    297.696    291.743    -0.1386     4.6606     0.1026     0.1026     0.0243     0.0194      20965    14.5581      49.35     2.2284     1.9562         14 0.0000e+00
    513.929   76.02933  176.81882    520.000     0.3499     0.3497  29.429669  29.427990    34.8077    34.8057    297.801    291.672    -0.1694     4.6607     0.1026     0.1026     0.0242     0.0182      20991    14.5762      48.30     2.2286     1.9555         20 0.0000e+00
    514.916   76.02934  176.81882    521.000     0.3479     0.3476  29.428381  29.426624    34.8077    34.8057    297.886    291.903    -0.1575     4.6606     0.1024     0.1024     0.0243     0.0187      21016    14.5939      47.26     2.2288     1.9564         19 0.0000e+00
    515.903   76.02934  176.81882    522.000     0.3461     0.3461  29.427204  29.425648    34.8076    34.8056    297.887    291.441    -0.1317     4.6600     0.1017     0.1017     0.0248     0.0197      21042    14.6115      46.27     2.2285     1.9539         14 0.0000e+00
    516.890   76.02934  176.81882    523.000     0.3460     0.3460  29.427525  29.426050    34.8076    34.8056    297.886    291.466    -0.1502     4.6605     0.0914     0.0914     0.0244     0.0190      21067    14.6295      45.30     2.2283     1.9538         18 0.0000e+00
