Continuous CTD Data/SBE Stage/nabos_39_01.ros
* Sea-Bird SBE 9 Data File:
* FileName = D:\CTD\data\HLY2502\raw\NABOS_39_01.hex
* Software Version Seasave V 7.26.7.110
* Temperature SN = 6954
* Conductivity SN = 2561
* Number of Bytes Per Scan = 37
* Number of Voltage Words = 4
* Number of Scans Averaged by the Deck Unit = 1
* NMEA Latitude = 78 29.93 N
* NMEA Longitude = 125 56.66 E
* NMEA UTC (Time) = Sep 25 2025  07:31:40
* NMEA baud rate = 9600
** Ship: USCG HEALY
** Bot. Depth:  2678
** Cast Number:  01
** Station Name:  NABOS
** Station Number:  39
** Operator:  STARC
** 2703 target but 5 otb
# nquan = 25
# nvalues = 1176                                  
# units = specified
# name 0 = depSM: Depth [salt water, m]
# name 1 = latitude: Latitude [deg]
# name 2 = longitude: Longitude [deg]
# name 3 = prDM: Pressure, Digiquartz [db]
# name 4 = t090C: Temperature [ITS-90, deg C]
# name 5 = t190C: Temperature, 2 [ITS-90, deg C]
# name 6 = c0mS/cm: Conductivity [mS/cm]
# name 7 = c1mS/cm: Conductivity, 2 [mS/cm]
# name 8 = sal00: Salinity, Practical [PSU]
# name 9 = sal11: Salinity, Practical, 2 [PSU]
# name 10 = sbox0Mm/Kg: Oxygen, SBE 43 [umol/kg]
# name 11 = sbox1Mm/Kg: Oxygen, SBE 43, 2 [umol/kg]
# name 12 = flECO-AFL: Fluorescence, WET Labs ECO-AFL/FL [mg/m^3]
# name 13 = v2: Voltage 2
# name 14 = wetCDOM: Fluorescence, WET Labs CDOM [mg/m^3]
# name 15 = v6: Voltage 6
# name 16 = CStarAt0: Beam Attenuation, WET Labs C-Star [1/m]
# name 17 = v3: Voltage 3
# name 18 = scan: Scan Count
# name 19 = timeM: Time, Elapsed [minutes]
# name 20 = altM: Altimeter [m]
# name 21 = sbeox0V: Oxygen raw, SBE 43 [V]
# name 22 = sbeox1V: Oxygen raw, SBE 43, 2 [V]
# name 23 = nbf: Bottles Fired
# name 24 = flag:  0.000e+00
# interval = seconds: 0.0416667
# start_time = Sep 25 2025 07:31:40 [NMEA time, header]
# bad_flag = -9.990e-29
*END*
[from data line 754]
     85.278   78.50480  125.84272     86.203    -1.6655    -1.6659  26.977885  26.976159    34.0558    34.0538    335.222    328.035    -0.1366     4.6178     0.0879     0.0879     0.0612     0.0195     183539   127.4569     100.00     2.4300     2.1208         16  0.000e+00
     85.220   78.50480  125.84272     86.145    -1.6660    -1.6659  26.977465  26.976216    34.0558    34.0539    335.224    328.282    -0.1366     4.6178     0.0879     0.0879     0.0612     0.0195     183540   127.4576     100.00     2.4300     2.1220         16  0.000e+00
     85.278   78.50480  125.84272     86.203    -1.6669    -1.6656  26.976924  26.976103    34.0560    34.0534    335.235    328.784    -0.1366     4.6178     0.0879     0.0879     0.0612     0.0195     183541   127.4583     100.00     2.4300     2.1244         16  0.000e+00
     85.278   78.50480  125.84272     86.203    -1.6674    -1.6657  26.976384  26.976385    34.0559    34.0539    335.030    328.533    -0.1366     4.6178     0.0891     0.0891     0.0612     0.0195     183542   127.4590     100.00     2.4287     2.1232         16  0.000e+00
     85.278   78.50480  125.84272     86.203    -1.6673    -1.6656  26.976444  26.976498    34.0559    34.0540    335.240    328.532    -0.1061     4.6178     0.0879     0.0879     0.0612     0.0208     183543   127.4597     100.00     2.4300     2.1232         16  0.000e+00
     85.220   78.50480  125.84272     86.145    -1.6671    -1.6656  26.976203  26.976329    34.0554    34.0538    335.237    328.030    -0.1366     4.6178     0.0879     0.0879     0.0612     0.0195     183544   127.4604     100.00     2.4300     2.1208         16  0.000e+00
     85.278   78.50480  125.84272     86.204    -1.6670    -1.6653  26.976804  26.976046    34.0561    34.0530    335.025    327.531    -0.1366     4.6178     0.0891     0.0891     0.0612     0.0195     183545   127.4611     100.00     2.4287     2.1183         16  0.000e+00
     85.220   78.50480  125.84272     86.145    -1.6667    -1.6659  26.976864  26.975990    34.0558    34.0536    335.231    327.282    -0.1366     4.6178     0.0879     0.0879     0.0612     0.0195     183546   127.4618     100.00     2.4300     2.1171         16  0.000e+00
     85.220   78.50480  125.84272     86.145    -1.6666    -1.6660  26.977344  26.975820    34.0563    34.0535    335.229    326.784    -0.1366     4.6178     0.0879     0.0879     0.0612     0.0195     183547   127.4625     100.00     2.4300     2.1147         16  0.000e+00
     85.278   78.50480  125.84272     86.204    -1.6662    -1.6663  26.977585  26.975538    34.0562    34.0534    335.228    326.789    -0.1366     4.6178     0.0879     0.0879     0.0612     0.0195     183548   127.4632     100.00     2.4300     2.1147         16  0.000e+00
     85.220   78.50480  125.84272     86.145    -1.6661    -1.6669  26.977765  26.974916    34.0563    34.0533    335.224    327.043    -0.1366     4.6178     0.0879     0.0879     0.0612     0.0195     183549   127.4639     100.00     2.4300     2.1159         16  0.000e+00
     85.220   78.50480  125.84272     86.145    -1.6661    -1.6672  26.977465  26.973900    34.0559    34.0522    335.225    327.049    -0.1366     4.6190     0.0879     0.0879     0.0601     0.0195     183550   127.4646     100.00     2.4300     2.1159         16  0.000e+00
     85.220   78.50480  125.84272     86.145    -1.6661    -1.6680  26.977525  26.973504    34.0560    34.0526    335.224    327.056    -0.1366     4.6190     0.0879     0.0879     0.0601     0.0195     183551   127.4653     100.00     2.4300     2.1159         16  0.000e+00
     85.278   78.50480  125.84272     86.204    -1.6662    -1.6681  26.976984  26.973448    34.0554    34.0526    335.019    326.559    -0.1061     4.6190     0.0879     0.0879     0.0601     0.0208     183552   127.4660     100.00     2.4287     2.1134         16  0.000e+00
     85.220   78.50480  125.84272     86.145    -1.6671    -1.6680  26.976383  26.973448    34.0556    34.0525    335.025    326.306    -0.1366     4.6190     0.0879     0.0879     0.0601     0.0195     183553   127.4667     100.00     2.4287     2.1122         16  0.000e+00
     85.220   78.50480  125.84272     86.145    -1.6675    -1.6678  26.975903  26.973956    34.0554    34.0530    335.029    326.052    -0.1061     4.6190     0.0879     0.0879     0.0601     0.0208     183554   127.4674     100.00     2.4287     2.1110         16  0.000e+00
     85.220   78.50480  125.84272     86.145    -1.6679    -1.6674  26.975783  26.974352    34.0557    34.0531    335.033    325.798    -0.1366     4.6178     0.0879     0.0879     0.0612     0.0195     183555   127.4681     100.00     2.4287     2.1098         16  0.000e+00
     85.155   78.50480  125.84272     86.079    -1.6681    -1.6669  26.975602  26.975199    34.0557    34.0537    335.031    326.038    -0.1061     4.6190     0.0879     0.0879     0.0601     0.0208     183556   127.4688     100.00     2.4287     2.1110         16  0.000e+00
     85.220   78.50480  125.84272     86.145    -1.6687    -1.6665  26.974942  26.975651    34.0554    34.0538    335.253    326.537    -0.1366     4.6190     0.0879     0.0879     0.0601     0.0195     183557   127.4694     100.00     2.4300     2.1134         16  0.000e+00
     85.220   78.50480  125.84272     86.145    -1.6688    -1.6663  26.974762  26.975764    34.0553    34.0538    335.254    327.286    -0.1366     4.6190     0.0879     0.0879     0.0601     0.0195     183558   127.4701     100.00     2.4300     2.1171         16  0.000e+00
     85.220   78.50480  125.84272     86.145    -1.6694    -1.6665  26.974161  26.975142    34.0552    34.0531    335.472    327.539    -0.1366     4.6190     0.0879     0.0879     0.0601     0.0195     183559   127.4708     100.00     2.4312     2.1183         16  0.000e+00
     85.155   78.50480  125.84272     86.079    -1.6690    -1.6669  26.974702  26.975142    34.0555    34.0537    335.252    327.289    -0.1366     4.6190     0.0879     0.0879     0.0601     0.0195     183560   127.4715     100.00     2.4300     2.1171         16  0.000e+00
     85.220   78.50480  125.84272     86.145    -1.6692    -1.6669  26.974822  26.975029    34.0558    34.0535    335.256    327.293    -0.1061     4.6190     0.0879     0.0879     0.0601     0.0208     183561   127.4722     100.00     2.4300     2.1171         16  0.000e+00
     85.155   78.50480  125.84272     86.079    -1.6688    -1.6674  26.975122  26.974577    34.0559    34.0534    335.250    327.295    -0.1366     4.6190     0.0879     0.0879     0.0601     0.0195     183562   127.4729     100.00     2.4300     2.1171         16  0.000e+00
     85.155   78.50480  125.84272     86.079    -1.6683    -1.6672  26.975603  26.974295    34.0559    34.0528    335.244    327.294    -0.1061     4.6190     0.0879     0.0879     0.0601     0.0208     183563   127.4736     100.00     2.4300     2.1171         16  0.000e+00
     85.220   78.50480  125.84272     86.145    -1.6677    -1.6677  26.976143  26.974408    34.0559    34.0536    335.452    327.301    -0.1366     4.6190     0.0891     0.0891     0.0601     0.0195     183564   127.4743     100.00     2.4312     2.1171         16  0.000e+00
     85.155   78.50480  125.84272     86.079    -1.6673    -1.6678  26.976624  26.974295    34.0562    34.0535    335.233    327.048    -0.1366     4.6190     0.0879     0.0879     0.0601     0.0195     183565   127.4750     100.00     2.4300     2.1159         16  0.000e+00
     85.155   78.50480  125.84272     86.079    -1.6670    -1.6680  26.976804  26.973617    34.0561    34.0528    335.441    326.552    -0.1366     4.6190     0.0879     0.0879     0.0601     0.0195     183566   127.4757     100.00     2.4312     2.1134         16  0.000e+00
     85.155   78.50480  125.84272     86.079    -1.6670    -1.6685  26.976804  26.973447    34.0561    34.0531    335.230    326.556    -0.1366     4.6178     0.0879     0.0879     0.0612     0.0195     183567   127.4764     100.00     2.4300     2.1134         16  0.000e+00
     85.155   78.50480  125.84272     86.079    -1.6670    -1.6685  26.976804  26.973617    34.0561    34.0533    335.442    326.555    -0.1366     4.6178     0.0879     0.0879     0.0612     0.0195     183568   127.4771     100.00     2.4312     2.1134         16  0.000e+00
     70.509   78.50494  125.84122     71.271    -1.7119    -1.7110  26.847857  26.846633    33.9375    33.9349    337.336    330.277    -0.1366     4.6190     0.0879     0.0879     0.0601     0.0195     186934   129.8146     100.00     2.4415     2.1312         17  0.000e+00
     70.509   78.50494  125.84122     71.271    -1.7120    -1.7111  26.847617  26.846633    33.9373    33.9350    337.126    330.528    -0.1366     4.6190     0.0879     0.0879     0.0601     0.0195     186935   129.8153     100.00     2.4402     2.1324         17  0.000e+00
     70.566   78.50494  125.84122     71.329    -1.7119    -1.7111  26.847737  26.846295    33.9373    33.9345    337.128    331.282    -0.1366     4.6190     0.0879     0.0879     0.0601     0.0195     186936   129.8160     100.00     2.4402     2.1361         17  0.000e+00
     70.509   78.50494  125.84122     71.271    -1.7119    -1.7113  26.847797  26.846294    33.9374    33.9347    337.336    332.282    -0.1366     4.6190     0.0879     0.0879     0.0601     0.0195     186937   129.8167     100.00     2.4415     2.1409         17  0.000e+00
     70.509   78.50494  125.84122     71.271    -1.7120    -1.7110  26.847797  26.846351    33.9376    33.9344    337.126    333.030    -0.1366     4.6190     0.0879     0.0879     0.0601     0.0195     186938   129.8174     100.00     2.4402     2.1446         17  0.000e+00
     70.509   78.50494  125.84122     71.271    -1.7121    -1.7110  26.847437  26.846689    33.9373    33.9349    337.128    333.279    -0.1366     4.6178     0.0879     0.0879     0.0612     0.0195     186939   129.8181     100.00     2.4402     2.1458         17  0.000e+00
     70.566   78.50494  125.84122     71.329    -1.7123    -1.7113  26.847318  26.846520    33.9372    33.9349    337.133    333.284    -0.1061     4.6190     0.0879     0.0879     0.0601     0.0208     186940   129.8187     100.00     2.4402     2.1458         17  0.000e+00
     70.509   78.50494  125.84122     71.271    -1.7120    -1.7111  26.847317  26.846351    33.9369    33.9346    337.127    332.531    -0.1366     4.6178     0.0879     0.0879     0.0612     0.0195     186941   129.8194     100.00     2.4402     2.1422         17  0.000e+00
     70.574   78.50494  125.84122     71.338    -1.7122    -1.7110  26.847498  26.846689    33.9374    33.9348    337.132    331.280    -0.1366     4.6178     0.0879     0.0879     0.0612     0.0195     186942   129.8201     100.00     2.4402     2.1361         17  0.000e+00
     70.509   78.50494  125.84122     71.271    -1.7120    -1.7108  26.847737  26.846858    33.9375    33.9350    336.914    330.275    -0.1366     4.6178     0.0879     0.0879     0.0612     0.0195     186943   129.8208     100.00     2.4390     2.1312         17  0.000e+00
     70.500   78.50494  125.84122     71.263    -1.7120    -1.7110  26.847617  26.846689    33.9373    33.9349    337.126    329.275    -0.1366     4.6166     0.0879     0.0879     0.0622     0.0195     186944   129.8215     100.00     2.4402     2.1263         17  0.000e+00
     70.509   78.50494  125.84120     71.271    -1.7120    -1.7108  26.847557  26.846238    33.9372    33.9341    337.126    328.525    -0.1061     4.6178     0.0879     0.0879     0.0612     0.0208     186945   129.8222     100.00     2.4402     2.1226         17  0.000e+00
     70.574   78.50494  125.84120     71.338    -1.7120    -1.7108  26.847797  26.846295    33.9375    33.9341    337.128    327.777    -0.1366     4.6166     0.0879     0.0879     0.0622     0.0195     186946   129.8229     100.00     2.4402     2.1189         17  0.000e+00
     70.500   78.50494  125.84120     71.263    -1.7120    -1.7113  26.847437  26.846689    33.9371    33.9352    337.126    327.525    -0.1366     4.6166     0.0879     0.0879     0.0622     0.0195     186947   129.8236     100.00     2.4402     2.1177         17  0.000e+00
     70.509   78.50494  125.84120     71.271    -1.7120    -1.7110  26.847497  26.846520    33.9371    33.9347    337.126    327.525    -0.1366     4.6166     0.0879     0.0879     0.0622     0.0195     186948   129.8243     100.00     2.4402     2.1177         17  0.000e+00
     70.509   78.50494  125.84120     71.271    -1.7119    -1.7113  26.847977  26.846576    33.9377    33.9351    337.124    327.276    -0.1366     4.6166     0.0891     0.0891     0.0622     0.0195     186949   129.8250     100.00     2.4402     2.1165         17  0.000e+00
     70.509   78.50494  125.84120     71.271    -1.7119    -1.7110  26.847917  26.846407    33.9376    33.9345    337.124    327.274    -0.1061     4.6166     0.0891     0.0891     0.0622     0.0208     186950   129.8257     100.00     2.4402     2.1165         17  0.000e+00
     70.500   78.50494  125.84120     71.263    -1.7119    -1.7111  26.848037  26.846520    33.9378    33.9348    336.912    327.525    -0.1366     4.6166     0.0891     0.0891     0.0622     0.0195     186951   129.8264     100.00     2.4390     2.1177         17  0.000e+00
     70.509   78.50494  125.84120     71.271    -1.7117    -1.7108  26.847917  26.846633    33.9374    33.9346    337.123    327.273    -0.1366     4.6166     0.0891     0.0891     0.0622     0.0195     186952   129.8271     100.00     2.4402     2.1165         17  0.000e+00
     70.509   78.50494  125.84120     71.271    -1.7116    -1.7108  26.847797  26.846633    33.9372    33.9346    337.123    327.523    -0.1366     4.6166     0.0891     0.0891     0.0622     0.0195     186953   129.8278     100.00     2.4402     2.1177         17  0.000e+00
     70.566   78.50494  125.84120     71.329    -1.7117    -1.7113  26.847797  26.846407    33.9372    33.9348    337.126    327.779    -0.1366     4.6178     0.0891     0.0891     0.0612     0.0195     186954   129.8285     100.00     2.4402     2.1189         17  0.000e+00
     70.509   78.50494  125.84120     71.271    -1.7117    -1.7111  26.848037  26.846351    33.9376    33.9346    337.122    328.276    -0.1366     4.6166     0.0891     0.0891     0.0622     0.0195     186955   129.8292     100.00     2.4402     2.1214         17  0.000e+00
     70.451   78.50494  125.84120     71.213    -1.7115    -1.7110  26.847917  26.846576    33.9372    33.9347    337.119    328.272    -0.1366     4.6166     0.0891     0.0891     0.0622     0.0195     186956   129.8299     100.00     2.4402     2.1214         17  0.000e+00
     70.574   78.50494  125.84120     71.338    -1.7114    -1.7110  26.847797  26.846238    33.9369    33.9342    337.124    328.028    -0.1366     4.6166     0.0891     0.0891     0.0622     0.0195     186957   129.8306     100.00     2.4402     2.1202         17  0.000e+00
     70.500   78.50494  125.84120     71.263    -1.7115    -1.7110  26.847977  26.846464    33.9373    33.9346    337.121    327.774    -0.1366     4.6178     0.0891     0.0891     0.0612     0.0195     186958   129.8313     100.00     2.4402     2.1189         17  0.000e+00
     70.509   78.50494  125.84120     71.271    -1.7112    -1.7107  26.848457  26.846802    33.9376    33.9347    336.906    328.021    -0.1366     4.6166     0.0891     0.0891     0.0622     0.0195     186959   129.8319     100.00     2.4390     2.1202         17  0.000e+00
     70.451   78.50494  125.84120     71.213    -1.7114    -1.7104  26.848217  26.846858    33.9375    33.9344    337.117    328.266    -0.1366     4.6178     0.0891     0.0891     0.0612     0.0195     186960   129.8326     100.00     2.4402     2.1214         17  0.000e+00
