Continuous CTD Data/SBE Stage/nabos_44_01.ros
* Sea-Bird SBE 9 Data File:
* FileName = D:\CTD\data\HLY2502\raw\NABOS_44_01.hex
* Software Version Seasave V 7.26.7.110
* Temperature SN = 6954
* Conductivity SN = 2561
* Number of Bytes Per Scan = 37
* Number of Voltage Words = 4
* Number of Scans Averaged by the Deck Unit = 1
* NMEA Latitude = 81 22.71 N
* NMEA Longitude = 125 50.34 E
* NMEA UTC (Time) = Sep 28 2025  09:12:40
* NMEA baud rate = 9600
** Ship: USCG HEALY
** Bot. Depth:  3963
** Cast Number:  01
** Station Name:  NABOS
** Station Number:  44
** Operator:  STARC
** 3958m target
# nquan = 25
# nvalues = 1176                                  
# units = specified
# name 0 = depSM: Depth [salt water, m]
# name 1 = latitude: Latitude [deg]
# name 2 = longitude: Longitude [deg]
# name 3 = prDM: Pressure, Digiquartz [db]
# name 4 = t090C: Temperature [ITS-90, deg C]
# name 5 = t190C: Temperature, 2 [ITS-90, deg C]
# name 6 = c0mS/cm: Conductivity [mS/cm]
# name 7 = c1mS/cm: Conductivity, 2 [mS/cm]
# name 8 = sal00: Salinity, Practical [PSU]
# name 9 = sal11: Salinity, Practical, 2 [PSU]
# name 10 = sbox0Mm/Kg: Oxygen, SBE 43 [umol/kg]
# name 11 = sbox1Mm/Kg: Oxygen, SBE 43, 2 [umol/kg]
# name 12 = flECO-AFL: Fluorescence, WET Labs ECO-AFL/FL [mg/m^3]
# name 13 = v2: Voltage 2
# name 14 = wetCDOM: Fluorescence, WET Labs CDOM [mg/m^3]
# name 15 = v6: Voltage 6
# name 16 = CStarAt0: Beam Attenuation, WET Labs C-Star [1/m]
# name 17 = v3: Voltage 3
# name 18 = scan: Scan Count
# name 19 = timeM: Time, Elapsed [minutes]
# name 20 = altM: Altimeter [m]
# name 21 = sbeox0V: Oxygen raw, SBE 43 [V]
# name 22 = sbeox1V: Oxygen raw, SBE 43, 2 [V]
# name 23 = nbf: Bottles Fired
# name 24 = flag:  0.000e+00
# interval = seconds: 0.0416667
# start_time = Sep 28 2025 09:12:40 [NMEA time, header]
# bad_flag = -9.990e-29
*END*
[from data line 1102]
      4.280   81.40298  126.03010      4.326    -1.5185    -1.5186  22.660588  22.662956    28.0282    28.0316    373.549    363.969     0.3213     4.5568     0.1380     0.1380     0.1145     0.0379     301989   209.7139     100.00     2.5829     2.2399         23  0.000e+00
      4.345   81.40298  126.03010      4.392    -1.5182    -1.5187  22.660588  22.663275    28.0279    28.0320    373.550    363.972     0.3518     4.5568     0.1380     0.1380     0.1145     0.0391     301990   209.7146     100.00     2.5829     2.2399         23  0.000e+00
      4.280   81.40298  126.03010      4.326    -1.5183    -1.5188  22.660249  22.663062    28.0276    28.0318    373.331    363.970     0.3213     4.5568     0.1380     0.1380     0.1145     0.0379     301991   209.7153     100.00     2.5817     2.2399         23  0.000e+00
      4.345   81.40298  126.03010      4.392    -1.5183    -1.5191  22.660023  22.662797    28.0273    28.0318    373.335    363.977     0.3518     4.5568     0.1392     0.1392     0.1145     0.0391     301992   209.7160     100.00     2.5817     2.2399         23  0.000e+00
      4.288   81.40298  126.03010      4.334    -1.5183    -1.5188  22.660475  22.662744    28.0279    28.0314    373.330    363.972     0.3213     4.5568     0.1392     0.1392     0.1145     0.0379     301993   209.7167     100.00     2.5817     2.2399         23  0.000e+00
      4.345   81.40298  126.03010      4.392    -1.5188    -1.5188  22.660305  22.662744    28.0281    28.0314    373.338    363.974     0.3213     4.5568     0.1380     0.1380     0.1145     0.0379     301994   209.7174     100.00     2.5817     2.2399         23  0.000e+00
      4.288   81.40298  126.03010      4.334    -1.5189    -1.5190  22.660362  22.662531    28.0283    28.0313    373.554    363.974     0.3213     4.5568     0.1380     0.1380     0.1145     0.0379     301995   209.7181     100.00     2.5829     2.2399         23  0.000e+00
      4.345   81.40298  126.03010      4.392    -1.5192    -1.5191  22.660193  22.662637    28.0283    28.0315    373.560    364.235     0.3213     4.5580     0.1392     0.1392     0.1134     0.0379     301996   209.7188     100.00     2.5829     2.2411         23  0.000e+00
      4.288   81.40298  126.03010      4.334    -1.5194    -1.5188  22.659797  22.662531    28.0280    28.0312    373.342    364.231     0.3518     4.5568     0.1392     0.1392     0.1145     0.0391     301997   209.7194     100.00     2.5817     2.2411         23  0.000e+00
      4.288   81.40298  126.03010      4.334    -1.5195    -1.5189  22.660080  22.662797    28.0285    28.0316    373.560    364.231     0.3213     4.5568     0.1380     0.1380     0.1145     0.0379     301998   209.7201     100.00     2.5829     2.2411         23  0.000e+00
      4.345   81.40298  126.03010      4.392    -1.5200    -1.5190  22.659685  22.662425    28.0284    28.0311    373.569    364.236     0.3213     4.5568     0.1380     0.1380     0.1145     0.0379     301999   209.7208     100.00     2.5829     2.2411         23  0.000e+00
      4.345   81.40298  126.03010      4.392    -1.5200    -1.5191  22.659854  22.662425    28.0286    28.0312    373.569    364.236     0.3213     4.5568     0.1392     0.1392     0.1145     0.0379     302000   209.7215     100.00     2.5829     2.2411         23  0.000e+00
      4.280   81.40298  126.03010      4.326    -1.5200    -1.5190  22.659741  22.662478    28.0285    28.0313    373.566    363.974     0.3213     4.5568     0.1392     0.1392     0.1145     0.0379     302001   209.7222     100.00     2.5829     2.2399         23  0.000e+00
      4.288   81.40298  126.03012      4.334    -1.5203    -1.5191  22.659515  22.662797    28.0285    28.0317    373.569    363.973     0.2908     4.5568     0.1392     0.1392     0.1145     0.0366     302002   209.7229     100.00     2.5829     2.2399         23  0.000e+00
      4.345   81.40298  126.03012      4.392    -1.5204    -1.5190  22.659515  22.663275    28.0285    28.0323    373.573    364.232     0.3518     4.5568     0.1392     0.1392     0.1145     0.0391     302003   209.7236     100.00     2.5829     2.2411         23  0.000e+00
      4.280   81.40298  126.03012      4.326    -1.5201    -1.5188  22.659346  22.663434    28.0281    28.0324    373.350    364.227     0.3213     4.5568     0.1392     0.1392     0.1145     0.0379     302004   209.7243     100.00     2.5817     2.2411         23  0.000e+00
      4.288   81.40298  126.03012      4.334    -1.5202    -1.5186  22.659289  22.663221    28.0281    28.0319    373.351    364.226     0.3213     4.5568     0.1380     0.1380     0.1145     0.0379     302005   209.7250     100.00     2.5817     2.2411         23  0.000e+00
      4.345   81.40298  126.03012      4.392    -1.5201    -1.5187  22.659233  22.663487    28.0279    28.0323    373.354    363.970     0.3213     4.5568     0.1392     0.1392     0.1145     0.0379     302006   209.7257     100.00     2.5817     2.2399         23  0.000e+00
      4.345   81.40298  126.03012      4.392    -1.5202    -1.5186  22.659402  22.663646    28.0282    28.0325    373.353    363.969     0.3213     4.5568     0.1392     0.1392     0.1145     0.0379     302007   209.7264     100.00     2.5817     2.2399         23  0.000e+00
      4.288   81.40298  126.03012      4.334    -1.5201    -1.5187  22.659176  22.663646    28.0278    28.0325    373.569    363.709     0.3518     4.5568     0.1392     0.1392     0.1145     0.0391     302008   209.7271     100.00     2.5829     2.2387         23  0.000e+00
      4.280   81.40298  126.03012      4.326    -1.5200    -1.5188  22.659402  22.663646    28.0281    28.0326    373.348    363.709     0.3518     4.5568     0.1392     0.1392     0.1145     0.0391     302009   209.7278     100.00     2.5817     2.2387         23  0.000e+00
      4.345   81.40298  126.03012      4.392    -1.5200    -1.5185  22.659176  22.663806    28.0277    28.0326    373.571    363.709     0.3518     4.5568     0.1392     0.1392     0.1145     0.0391     302010   209.7285     100.00     2.5829     2.2387         23  0.000e+00
      4.280   81.40298  126.03012      4.326    -1.5202    -1.5185  22.659346  22.664337    28.0281    28.0333    373.350    363.703     0.3518     4.5568     0.1380     0.1380     0.1145     0.0391     302011   209.7292     100.00     2.5817     2.2387         23  0.000e+00
      4.345   81.40298  126.03012      4.392    -1.5200    -1.5185  22.659120  22.664231    28.0276    28.0331    373.571    363.708     0.3518     4.5568     0.1380     0.1380     0.1145     0.0391     302012   209.7299     100.00     2.5829     2.2387         23  0.000e+00
      4.288   81.40298  126.03012      4.334    -1.5201    -1.5190  22.658894  22.663912    28.0275    28.0332    373.352    363.968     0.3518     4.5568     0.1392     0.1392     0.1145     0.0391     302013   209.7306     100.00     2.5817     2.2399         23  0.000e+00
      4.345   81.40298  126.03024      4.392    -1.5201    -1.5183  22.664540  22.665505    28.0351    28.0347    373.329    363.698     0.3518     4.5580     0.1368     0.1368     0.1134     0.0391     302116   209.8021     100.00     2.5816     2.2386         24  0.000e+00
      4.280   81.40298  126.03024      4.326    -1.5199    -1.5182  22.664879  22.665452    28.0353    28.0345    373.322    363.952     0.3518     4.5568     0.1368     0.1368     0.1145     0.0391     302117   209.8028      98.46     2.5816     2.2399         24  0.000e+00
      4.345   81.40298  126.03024      4.392    -1.5195    -1.5180  22.665161  22.665452    28.0353    28.0343    373.321    363.953     0.3518     4.5568     0.1368     0.1368     0.1145     0.0391     302118   209.8035      95.65     2.5816     2.2399         24  0.000e+00
      4.288   81.40298  126.03024      4.334    -1.5194    -1.5181  22.665218  22.665452    28.0353    28.0344    373.317    363.951     0.3518     4.5580     0.1392     0.1392     0.1134     0.0391     302119   209.8042      94.24     2.5816     2.2399         24  0.000e+00
      4.345   81.40298  126.03024      4.392    -1.5194    -1.5179  22.665218  22.665611    28.0353    28.0344    373.320    363.693     0.3518     4.5580     0.1392     0.1392     0.1134     0.0391     302120   209.8049      94.14     2.5816     2.2386         24  0.000e+00
      4.222   81.40298  126.03024      4.268    -1.5192    -1.5177  22.664992  22.665186    28.0349    28.0338    373.313    363.429     0.3518     4.5568     0.1380     0.1380     0.1145     0.0391     302121   209.8056      94.29     2.5816     2.2374         24  0.000e+00
      4.345   81.40298  126.03028      4.392    -1.5188    -1.5177  22.664766  22.665505    28.0341    28.0341    373.316    363.176     0.3518     4.5580     0.1392     0.1392     0.1134     0.0391     302122   209.8063      94.33     2.5816     2.2362         24  0.000e+00
      4.288   81.40298  126.03028      4.334    -1.5186    -1.5180  22.664597  22.665505    28.0338    28.0344    373.312    363.175     0.3518     4.5580     0.1380     0.1380     0.1134     0.0391     302123   209.8069      95.78     2.5816     2.2362         24  0.000e+00
      4.345   81.40298  126.03028      4.392    -1.5182    -1.5176  22.664710  22.665611    28.0335    28.0342    373.311    363.175     0.3518     4.5580     0.1368     0.1368     0.1134     0.0391     302124   209.8076      98.41     2.5816     2.2362         24  0.000e+00
      4.280   81.40298  126.03028      4.326    -1.5183    -1.5174  22.664596  22.665717    28.0334    28.0341    373.309    363.169     0.3518     4.5580     0.1368     0.1368     0.1134     0.0391     302125   209.8083     100.00     2.5816     2.2362         24  0.000e+00
      4.288   81.40298  126.03028      4.334    -1.5177    -1.5174  22.664709  22.665877    28.0331    28.0344    373.304    362.911     0.3518     4.5580     0.1368     0.1368     0.1134     0.0391     302126   209.8090     100.00     2.5816     2.2350         24  0.000e+00
      4.345   81.40298  126.03028      4.392    -1.5178    -1.5174  22.664879  22.666089    28.0334    28.0346    373.307    362.912     0.3518     4.5568     0.1368     0.1368     0.1145     0.0391     302127   209.8097     100.00     2.5816     2.2350         24  0.000e+00
      4.288   81.40298  126.03028      4.334    -1.5177    -1.5173  22.665105  22.665824    28.0336    28.0342    373.302    362.652     0.3518     4.5580     0.1368     0.1368     0.1134     0.0391     302128   209.8104     100.00     2.5816     2.2338         24  0.000e+00
      4.345   81.40298  126.03028      4.392    -1.5176    -1.5173  22.665726  22.665505    28.0342    28.0337    373.301    362.397     0.3518     4.5568     0.1368     0.1368     0.1145     0.0391     302129   209.8111     100.00     2.5816     2.2325         24  0.000e+00
      4.280   81.40298  126.03028      4.326    -1.5174    -1.5176  22.665726  22.665452    28.0342    28.0340    373.297    362.397     0.3518     4.5568     0.1368     0.1368     0.1145     0.0391     302130   209.8118     100.00     2.5816     2.2325         24  0.000e+00
      4.288   81.40298  126.03028      4.334    -1.5172    -1.5176  22.665839  22.665452    28.0341    28.0339    373.513    362.397     0.3518     4.5580     0.1368     0.1368     0.1134     0.0391     302131   209.8125     100.00     2.5829     2.2325         24  0.000e+00
      4.345   81.40298  126.03028      4.392    -1.5171    -1.5177  22.665726  22.665452    28.0338    28.0341    373.297    362.401     0.3518     4.5568     0.1355     0.1355     0.1145     0.0391     302132   209.8132     100.00     2.5816     2.2325         24  0.000e+00
      4.288   81.40298  126.03028      4.334    -1.5174    -1.5177  22.665839  22.665452    28.0343    28.0341    373.296    362.398     0.3518     4.5568     0.1368     0.1368     0.1145     0.0391     302133   209.8139     100.00     2.5816     2.2325         24  0.000e+00
      4.345   81.40298  126.03028      4.392    -1.5173    -1.5177  22.665726  22.665452    28.0340    28.0340    373.517    362.659     0.3518     4.5580     0.1368     0.1368     0.1134     0.0391     302134   209.8146     100.00     2.5829     2.2338         24  0.000e+00
      4.280   81.40298  126.03028      4.326    -1.5174    -1.5179  22.665839  22.665611    28.0343    28.0345    373.296    363.173     0.3518     4.5580     0.1368     0.1368     0.1134     0.0391     302135   209.8153     100.00     2.5816     2.2362         24  0.000e+00
      4.288   81.40298  126.03028      4.334    -1.5177    -1.5177  22.665726  22.665346    28.0344    28.0339    373.299    363.431     0.3518     4.5580     0.1368     0.1368     0.1134     0.0391     302136   209.8160     100.00     2.5816     2.2374         24  0.000e+00
      4.280   81.40298  126.03028      4.326    -1.5177    -1.5181  22.665669  22.665558    28.0343    28.0346    373.299    363.692     0.3518     4.5580     0.1368     0.1368     0.1134     0.0391     302137   209.8167     100.00     2.5816     2.2386         24  0.000e+00
      4.345   81.40298  126.03028      4.392    -1.5177    -1.5182  22.665669  22.665346    28.0343    28.0343    373.521    363.696     0.3518     4.5580     0.1368     0.1368     0.1134     0.0391     302138   209.8174     100.00     2.5829     2.2386         24  0.000e+00
      4.288   81.40298  126.03028      4.334    -1.5176    -1.5181  22.665839  22.665240    28.0344    28.0341    373.297    363.693     0.3518     4.5580     0.1368     0.1368     0.1134     0.0391     302139   209.8181     100.00     2.5816     2.2386         24  0.000e+00
      4.280   81.40298  126.03028      4.326    -1.5172    -1.5180  22.665556  22.665240    28.0337    28.0340    373.295    363.692     0.3518     4.5580     0.1368     0.1368     0.1134     0.0391     302140   209.8187     100.00     2.5816     2.2386         24  0.000e+00
      4.345   81.40298  126.03028      4.392    -1.5171    -1.5177  22.665613  22.665240    28.0337    28.0338    373.297    363.951     0.3518     4.5580     0.1368     0.1368     0.1134     0.0391     302141   209.8194     100.00     2.5816     2.2399         24  0.000e+00
      4.280   81.40298  126.03028      4.326    -1.5169    -1.5179  22.665500  22.665080    28.0334    28.0338    373.293    363.950     0.3518     4.5580     0.1368     0.1368     0.1134     0.0391     302142   209.8201     100.00     2.5816     2.2399         24  0.000e+00
      4.345   81.40298  126.03028      4.392    -1.5173    -1.5179  22.665613  22.665346    28.0338    28.0340    373.517    363.693     0.3518     4.5580     0.1368     0.1368     0.1134     0.0391     302143   209.8208     100.00     2.5829     2.2386         24  0.000e+00
      4.288   81.40298  126.03028      4.334    -1.5172    -1.5182  22.665669  22.665293    28.0339    28.0343    373.295    363.952     0.3518     4.5580     0.1380     0.1380     0.1134     0.0391     302144   209.8215     100.00     2.5816     2.2399         24  0.000e+00
      4.280   81.40298  126.03028      4.326    -1.5179    -1.5183  22.665839  22.665080    28.0348    28.0342    373.518    363.953     0.3518     4.5580     0.1380     0.1380     0.1134     0.0391     302145   209.8222     100.00     2.5829     2.2399         24  0.000e+00
      4.288   81.40298  126.03028      4.334    -1.5178    -1.5185  22.665726  22.665027    28.0345    28.0342    373.300    364.214     0.3518     4.5580     0.1380     0.1380     0.1134     0.0391     302146   209.8229     100.00     2.5816     2.2411         24  0.000e+00
      4.345   81.40298  126.03030      4.392    -1.5183    -1.5183  22.665669  22.665187    28.0349    28.0343    373.308    364.473     0.3518     4.5580     0.1380     0.1380     0.1134     0.0391     302147   209.8236     100.00     2.5816     2.2423         24  0.000e+00
