Continuous CTD Data/SBE Stage/nabos_24_01.ros
* Sea-Bird SBE 9 Data File:
* FileName = D:\CTD\data\HLY2502\raw\NABOS_24_01.hex
* Software Version Seasave V 7.26.7.110
* Temperature SN = 6954
* Conductivity SN = 2561
* Number of Bytes Per Scan = 37
* Number of Voltage Words = 4
* Number of Scans Averaged by the Deck Unit = 1
* NMEA Latitude = 80 03.71 N
* NMEA Longitude = 166 45.25 E
* NMEA UTC (Time) = Sep 20 2025  03:03:27
* NMEA baud rate = 9600
** Ship: USCG HEALY
** Bot. Depth:  2722
** Cast Number:  01
** Station Name:  NABOS
** Station Number:  24
** Operator:  STARC
** 1200 target
# nquan = 25
# nvalues = 1176                                  
# units = specified
# name 0 = depSM: Depth [salt water, m]
# name 1 = latitude: Latitude [deg]
# name 2 = longitude: Longitude [deg]
# name 3 = prDM: Pressure, Digiquartz [db]
# name 4 = t090C: Temperature [ITS-90, deg C]
# name 5 = t190C: Temperature, 2 [ITS-90, deg C]
# name 6 = c0mS/cm: Conductivity [mS/cm]
# name 7 = c1mS/cm: Conductivity, 2 [mS/cm]
# name 8 = sal00: Salinity, Practical [PSU]
# name 9 = sal11: Salinity, Practical, 2 [PSU]
# name 10 = sbox0Mm/Kg: Oxygen, SBE 43 [umol/kg]
# name 11 = sbox1Mm/Kg: Oxygen, SBE 43, 2 [umol/kg]
# name 12 = flECO-AFL: Fluorescence, WET Labs ECO-AFL/FL [mg/m^3]
# name 13 = v2: Voltage 2
# name 14 = wetCDOM: Fluorescence, WET Labs CDOM [mg/m^3]
# name 15 = v6: Voltage 6
# name 16 = CStarAt0: Beam Attenuation, WET Labs C-Star [1/m]
# name 17 = v3: Voltage 3
# name 18 = scan: Scan Count
# name 19 = timeM: Time, Elapsed [minutes]
# name 20 = altM: Altimeter [m]
# name 21 = sbeox0V: Oxygen raw, SBE 43 [V]
# name 22 = sbeox1V: Oxygen raw, SBE 43, 2 [V]
# name 23 = nbf: Bottles Fired
# name 24 = flag:  0.000e+00
# interval = seconds: 0.0416667
# start_time = Sep 20 2025 03:03:27 [NMEA time, header]
# bad_flag = -9.990e-29
*END*
[from data line 58]
    999.898   80.06264  166.75682   1013.058    -0.1071    -0.1100  29.296378  29.292273    34.8614    34.8593    292.633    288.339    -0.1366     4.6361     0.0842     0.0842     0.0453     0.0195      51533    35.7861     100.00     2.0705     1.8325          2  0.000e+00
    999.956   80.06264  166.75682   1013.117    -0.1074    -0.1100  29.296254  29.292273    34.8615    34.8592    292.638    288.071    -0.1366     4.6361     0.0830     0.0830     0.0453     0.0195      51534    35.7868     100.00     2.0705     1.8313          2  0.000e+00
    999.898   80.06264  166.75682   1013.058    -0.1073    -0.1099  29.296254  29.292273    34.8615    34.8591    292.636    288.068    -0.1366     4.6361     0.0842     0.0842     0.0453     0.0195      51535    35.7875     100.00     2.0705     1.8313          2  0.000e+00
    999.956   80.06264  166.75682   1013.117    -0.1077    -0.1099  29.295820  29.292448    34.8613    34.8593    292.413    288.069    -0.1061     4.6361     0.0842     0.0842     0.0453     0.0208      51536    35.7882     100.00     2.0693     1.8313          2  0.000e+00
    999.956   80.06264  166.75682   1013.117    -0.1079    -0.1097  29.295882  29.292506    34.8617    34.8592    292.643    288.068    -0.1366     4.6361     0.0842     0.0842     0.0453     0.0195      51537    35.7889     100.00     2.0705     1.8313          2  0.000e+00
    999.898   80.06264  166.75682   1013.058    -0.1078    -0.1099  29.295387  29.292506    34.8609    34.8594    292.413    288.067    -0.1061     4.6361     0.0842     0.0842     0.0453     0.0208      51538    35.7896     100.00     2.0693     1.8313          2  0.000e+00
    999.956   80.06264  166.75682   1013.117    -0.1082    -0.1096  29.295201  29.292681    34.8610    34.8593    292.646    288.067    -0.1366     4.6374     0.0855     0.0855     0.0443     0.0195      51539    35.7903     100.00     2.0705     1.8313          2  0.000e+00
    999.898   80.06264  166.75682   1013.058    -0.1083    -0.1096  29.295573  29.292797    34.8617    34.8595    292.643    287.794    -0.1366     4.6361     0.0842     0.0842     0.0453     0.0195      51540    35.7910     100.00     2.0705     1.8300          2  0.000e+00
    999.956   80.06264  166.75682   1013.117    -0.1084    -0.1096  29.295077  29.293205    34.8612    34.8600    292.648    287.526    -0.1366     4.6361     0.0842     0.0842     0.0453     0.0195      51541    35.7917     100.00     2.0705     1.8288          2  0.000e+00
    999.956   80.06264  166.75682   1013.117    -0.1084    -0.1096  29.295077  29.293147    34.8612    34.8599    292.420    287.526    -0.1366     4.6361     0.0855     0.0855     0.0453     0.0195      51542    35.7924     100.00     2.0693     1.8288          2  0.000e+00
    999.906   80.06264  166.75682   1013.066    -0.1087    -0.1094  29.295201  29.293088    34.8617    34.8596    292.648    287.253    -0.1366     4.6361     0.0842     0.0842     0.0453     0.0195      51543    35.7931     100.00     2.0705     1.8276          2  0.000e+00
    999.956   80.06264  166.75682   1013.117    -0.1088    -0.1097  29.295201  29.292623    34.8617    34.8593    292.650    287.258    -0.1366     4.6361     0.0842     0.0842     0.0453     0.0195      51544    35.7938     100.00     2.0705     1.8276          2  0.000e+00
    999.898   80.06264  166.75682   1013.058    -0.1089    -0.1097  29.294768  29.292506    34.8613    34.8592    292.422    287.256    -0.1366     4.6361     0.0842     0.0842     0.0453     0.0195      51545    35.7944     100.00     2.0693     1.8276          2  0.000e+00
    999.956   80.06264  166.75682   1013.117    -0.1088    -0.1094  29.294830  29.292739    34.8612    34.8592    292.651    286.986    -0.1366     4.6361     0.0842     0.0842     0.0453     0.0195      51546    35.7951     100.00     2.0705     1.8264          2  0.000e+00
    999.956   80.06264  166.75682   1013.117    -0.1089    -0.1096  29.294706  29.292797    34.8612    34.8594    292.424    286.987    -0.1366     4.6361     0.0855     0.0855     0.0453     0.0195      51547    35.7958     100.00     2.0693     1.8264          2  0.000e+00
    999.898   80.06264  166.75682   1013.058    -0.1089    -0.1096  29.295015  29.292797    34.8616    34.8595    292.649    286.985    -0.1366     4.6361     0.0842     0.0842     0.0453     0.0195      51548    35.7965     100.00     2.0705     1.8264          2  0.000e+00
    999.956   80.06264  166.75682   1013.117    -0.1089    -0.1094  29.294768  29.292564    34.8613    34.8589    292.424    286.987    -0.1366     4.6361     0.0855     0.0855     0.0453     0.0195      51549    35.7972     100.00     2.0693     1.8264          2  0.000e+00
    999.898   80.06264  166.75682   1013.058    -0.1089    -0.1094  29.294830  29.292681    34.8614    34.8591    292.422    286.984    -0.1366     4.6361     0.0855     0.0855     0.0453     0.0195      51550    35.7979     100.00     2.0693     1.8264          2  0.000e+00
    999.956   80.06264  166.75682   1013.117    -0.1089    -0.1092  29.295078  29.292797    34.8617    34.8590    292.423    286.985    -0.1366     4.6361     0.0855     0.0855     0.0453     0.0195      51551    35.7986     100.00     2.0693     1.8264          2  0.000e+00
    999.956   80.06264  166.75682   1013.117    -0.1088    -0.1089  29.294768  29.292972    34.8611    34.8589    292.423    286.713    -0.1061     4.6361     0.0842     0.0842     0.0453     0.0208      51552    35.7993     100.00     2.0693     1.8251          2  0.000e+00
    999.956   80.06264  166.75682   1013.117    -0.1087    -0.1091  29.295016  29.292856    34.8614    34.8590    292.650    286.984    -0.1061     4.6361     0.0855     0.0855     0.0453     0.0208      51553    35.8000     100.00     2.0705     1.8264          2  0.000e+00
    999.898   80.06264  166.75682   1013.058    -0.1086    -0.1091  29.294953  29.292797    34.8612    34.8589    292.420    287.522    -0.1366     4.6361     0.0855     0.0855     0.0453     0.0195      51554    35.8007     100.00     2.0693     1.8288          2  0.000e+00
    999.956   80.06264  166.75682   1013.117    -0.1087    -0.1091  29.295078  29.292972    34.8615    34.8591    292.650    287.794    -0.1366     4.6374     0.0842     0.0842     0.0443     0.0195      51555    35.8014     100.00     2.0705     1.8300          2  0.000e+00
    999.898   80.06264  166.75682   1013.058    -0.1086    -0.1088  29.294953  29.293088    34.8612    34.8590    292.420    287.789    -0.1366     4.6361     0.0855     0.0855     0.0453     0.0195      51556    35.8021     100.00     2.0693     1.8300          2  0.000e+00
    999.956   80.06264  166.75682   1013.117    -0.1086    -0.1087  29.295077  29.293263    34.8614    34.8591    292.650    287.521    -0.1366     4.6374     0.0855     0.0855     0.0443     0.0195      51557    35.8028     100.00     2.0705     1.8288          2  0.000e+00
    999.956   80.06264  166.75682   1013.117    -0.1087    -0.1086  29.295387  29.293554    34.8619    34.8594    292.421    287.519    -0.1061     4.6374     0.0842     0.0842     0.0443     0.0208      51558    35.8035     100.00     2.0693     1.8288          2  0.000e+00
    999.906   80.06264  166.75682   1013.066    -0.1084    -0.1083  29.294830  29.293612    34.8609    34.8591    292.648    287.515    -0.1366     4.6374     0.0855     0.0855     0.0443     0.0195      51559    35.8042     100.00     2.0705     1.8288          2  0.000e+00
    999.956   80.06264  166.75682   1013.117    -0.1086    -0.1083  29.294830  29.293613    34.8610    34.8591    292.651    288.057    -0.1366     4.6374     0.0842     0.0842     0.0443     0.0195      51560    35.8049     100.00     2.0705     1.8313          2  0.000e+00
    999.898   80.06264  166.75682   1013.058    -0.1084    -0.1079  29.295449  29.293787    34.8617    34.8588    292.417    288.592    -0.1366     4.6374     0.0842     0.0842     0.0443     0.0195      51561    35.8056     100.00     2.0693     1.8337          2  0.000e+00
    999.956   80.06264  166.75682   1013.117    -0.1086    -0.1077  29.295325  29.294078    34.8617    34.8591    292.649    288.862    -0.1366     4.6374     0.0842     0.0842     0.0443     0.0195      51562    35.8062     100.00     2.0705     1.8350          2  0.000e+00
    999.956   80.06264  166.75682   1013.117    -0.1084    -0.1079  29.295201  29.294370    34.8613    34.8596    292.420    288.592    -0.1366     4.6361     0.0842     0.0842     0.0453     0.0195      51563    35.8069     100.00     2.0693     1.8337          2  0.000e+00
    999.898   80.06264  166.75682   1013.058    -0.1086    -0.1076  29.295201  29.294253    34.8616    34.8591    292.419    288.589    -0.1366     4.6361     0.0830     0.0830     0.0453     0.0195      51564    35.8076     100.00     2.0693     1.8337          2  0.000e+00
    999.956   80.06264  166.75682   1013.117    -0.1084    -0.1079  29.295201  29.293962    34.8613    34.8590    292.420    288.324    -0.1366     4.6374     0.0842     0.0842     0.0443     0.0195      51565    35.8083     100.00     2.0693     1.8325          2  0.000e+00
    999.898   80.06264  166.75682   1013.058    -0.1087    -0.1077  29.295201  29.294078    34.8617    34.8591    292.648    288.050    -0.1366     4.6374     0.0842     0.0842     0.0443     0.0195      51566    35.8090     100.00     2.0705     1.8313          2  0.000e+00
    999.956   80.06264  166.75682   1013.117    -0.1089    -0.1079  29.294954  29.293962    34.8616    34.8590    292.652    287.784    -0.1366     4.6374     0.0842     0.0842     0.0443     0.0195      51567    35.8097     100.00     2.0705     1.8300          2  0.000e+00
    999.956   80.06264  166.75682   1013.117    -0.1090    -0.1077  29.294892  29.294078    34.8616    34.8590    292.425    286.972    -0.1061     4.6374     0.0842     0.0842     0.0443     0.0208      51568    35.8104     100.00     2.0693     1.8264          2  0.000e+00
    999.898   80.06264  166.75682   1013.058    -0.1091    -0.1079  29.294892  29.293962    34.8617    34.8591    292.423    286.432    -0.1366     4.6361     0.0842     0.0842     0.0453     0.0195      51569    35.8111     100.00     2.0693     1.8239          2  0.000e+00
    999.956   80.06264  166.75682   1013.117    -0.1091    -0.1080  29.294706  29.294078    34.8614    34.8593    292.426    286.164    -0.1061     4.6374     0.0842     0.0842     0.0443     0.0208      51570    35.8118     100.00     2.0693     1.8227          2  0.000e+00
    999.956   80.06264  166.75682   1013.117    -0.1092    -0.1080  29.294396  29.293962    34.8611    34.8592    292.428    285.895    -0.1366     4.6374     0.0830     0.0830     0.0443     0.0195      51571    35.8125     100.00     2.0693     1.8214          2  0.000e+00
    999.898   80.06264  166.75682   1013.058    -0.1091    -0.1080  29.294334  29.294078    34.8610    34.8594    292.425    285.623    -0.1366     4.6374     0.0830     0.0830     0.0443     0.0195      51572    35.8132     100.00     2.0693     1.8202          2  0.000e+00
    750.415   80.06272  166.75724    759.832     0.0507     0.0484  29.304756  29.300051    34.8406    34.8370    294.156    289.154    -0.1366     4.6374     0.0855     0.0855     0.0443     0.0195      61334    42.5924     100.00     2.1400     1.8871          3  0.000e+00
    750.366   80.06272  166.75724    759.782     0.0509     0.0483  29.304879  29.299644    34.8406    34.8366    294.153    289.154    -0.1061     4.6374     0.0842     0.0842     0.0443     0.0208      61335    42.5931     100.00     2.1400     1.8871          3  0.000e+00
    750.357   80.06272  166.75724    759.773     0.0507     0.0485  29.304694  29.299702    34.8406    34.8364    294.154    289.412    -0.1366     4.6386     0.0855     0.0855     0.0432     0.0195      61336    42.5938     100.00     2.1400     1.8883          3  0.000e+00
    750.415   80.06272  166.75724    759.832     0.0509     0.0487  29.304384  29.299935    34.8399    34.8365    294.156    289.153    -0.1366     4.6374     0.0855     0.0855     0.0443     0.0195      61337    42.5944     100.00     2.1400     1.8871          3  0.000e+00
    750.357   80.06272  166.75724    759.773     0.0509     0.0484  29.304508  29.300051    34.8401    34.8370    294.373    288.893    -0.1366     4.6386     0.0842     0.0842     0.0432     0.0195      61338    42.5951     100.00     2.1412     1.8859          3  0.000e+00
    750.415   80.06272  166.75724    759.832     0.0510     0.0485  29.304632  29.299818    34.8401    34.8366    294.154    288.636    -0.1366     4.6386     0.0855     0.0855     0.0432     0.0195      61339    42.5958     100.00     2.1400     1.8846          3  0.000e+00
    750.357   80.06272  166.75724    759.773     0.0507     0.0487  29.304632  29.299760    34.8405    34.8363    294.154    288.632    -0.1366     4.6386     0.0855     0.0855     0.0432     0.0195      61340    42.5965     100.00     2.1400     1.8846          3  0.000e+00
    750.424   80.06272  166.75724    759.840     0.0507     0.0490  29.304384  29.299935    34.8401    34.8362    294.157    288.892    -0.1366     4.6386     0.0842     0.0842     0.0432     0.0195      61341    42.5972     100.00     2.1400     1.8859          3  0.000e+00
    750.357   80.06272  166.75724    759.773     0.0510     0.0487  29.304508  29.300051    34.8399    34.8367    294.372    288.891    -0.1366     4.6386     0.0855     0.0855     0.0432     0.0195      61342    42.5979     100.00     2.1412     1.8859          3  0.000e+00
    750.415   80.06272  166.75724    759.832     0.0507     0.0487  29.304818  29.300051    34.8407    34.8367    294.156    289.153    -0.1366     4.6374     0.0842     0.0842     0.0443     0.0195      61343    42.5986     100.00     2.1400     1.8871          3  0.000e+00
    750.415   80.06272  166.75724    759.832     0.0509     0.0487  29.304260  29.300051    34.8398    34.8366    294.157    289.153    -0.1366     4.6386     0.0855     0.0855     0.0432     0.0195      61344    42.5993     100.00     2.1400     1.8871          3  0.000e+00
    750.357   80.06272  166.75724    759.773     0.0509     0.0485  29.304632  29.300051    34.8403    34.8369    294.153    289.411    -0.1366     4.6374     0.0855     0.0855     0.0443     0.0195      61345    42.6000     100.00     2.1400     1.8883          3  0.000e+00
    750.357   80.06272  166.75724    759.773     0.0507     0.0485  29.304508  29.299818    34.8403    34.8366    294.154    289.152    -0.1366     4.6386     0.0842     0.0842     0.0432     0.0195      61346    42.6007     100.00     2.1400     1.8871          3  0.000e+00
    750.424   80.06272  166.75724    759.840     0.0509     0.0483  29.304322  29.299935    34.8398    34.8369    294.157    289.156    -0.1366     4.6386     0.0855     0.0855     0.0432     0.0195      61347    42.6014     100.00     2.1400     1.8871          3  0.000e+00
    750.415   80.06272  166.75724    759.832     0.0505     0.0487  29.304508  29.300226    34.8405    34.8369    294.158    289.152    -0.1366     4.6386     0.0855     0.0855     0.0432     0.0195      61348    42.6021     100.00     2.1400     1.8871          3  0.000e+00
    750.357   80.06272  166.75724    759.773     0.0510     0.0487  29.304817  29.300110    34.8404    34.8368    294.371    289.669    -0.1366     4.6374     0.0855     0.0855     0.0443     0.0195      61349    42.6028     100.00     2.1412     1.8895          3  0.000e+00
    750.357   80.06272  166.75724    759.773     0.0507     0.0484  29.304446  29.299818    34.8402    34.8367    294.155    289.931    -0.1366     4.6374     0.0842     0.0842     0.0443     0.0195      61350    42.6035     100.00     2.1400     1.8908          3  0.000e+00
