Continuous CTD Data/SBE Stage/nabos_22_01avg.cnv
* Sea-Bird SBE 9 Data File:
* FileName = D:\CTD\data\HLY2502\raw\NABOS_22_01.hex
* Software Version Seasave V 7.26.7.110
* Temperature SN = 6954
* Conductivity SN = 2561
* Number of Bytes Per Scan = 37
* Number of Voltage Words = 4
* Number of Scans Averaged by the Deck Unit = 1
* NMEA Latitude = 79 21.70 N
* NMEA Longitude = 171 33.88 E
* NMEA UTC (Time) = Sep 19 2025  12:09:27
* NMEA baud rate = 9600
** Ship: USCG HEALY
** Bot. Depth:  1200
** Cast Number:  01
** Station Name:  NABOS
** Station Number:  22
** Operator:  STARC
# nquan = 25
# nvalues = 1214                        
# units = specified
# name 0 = depSM: Depth [salt water, m]
# name 1 = latitude: Latitude [deg]
# name 2 = longitude: Longitude [deg]
# name 3 = prDM: Pressure, Digiquartz [db]
# name 4 = t090C: Temperature [ITS-90, deg C]
# name 5 = t190C: Temperature, 2 [ITS-90, deg C]
# name 6 = c0mS/cm: Conductivity [mS/cm]
# name 7 = c1mS/cm: Conductivity, 2 [mS/cm]
# name 8 = sal00: Salinity, Practical [PSU]
# name 9 = sal11: Salinity, Practical, 2 [PSU]
# name 10 = sbox0Mm/Kg: Oxygen, SBE 43 [umol/kg]
# name 11 = sbox1Mm/Kg: Oxygen, SBE 43, 2 [umol/kg]
# name 12 = flECO-AFL: Fluorescence, WET Labs ECO-AFL/FL [mg/m^3]
# name 13 = v2: Voltage 2
# name 14 = wetCDOM: Fluorescence, WET Labs CDOM [mg/m^3]
# name 15 = v6: Voltage 6
# name 16 = CStarAt0: Beam Attenuation, WET Labs C-Star [1/m]
# name 17 = v3: Voltage 3
# name 18 = scan: Scan Count
# name 19 = timeM: Time, Elapsed [minutes]
# name 20 = altM: Altimeter [m]
# name 21 = sbeox0V: Oxygen raw, SBE 43 [V]
# name 22 = sbeox1V: Oxygen raw, SBE 43, 2 [V]
# name 23 = nbin: number of scans per bin
# name 24 = flag: flag
# span 0 =      3.958,   1200.635       
# span 1 =   79.36192,   79.36522       
# span 2 =  171.55603,  171.56383       
# span 3 =      4.000,   1217.000       
# span 4 =    -1.6951,     0.9150       
# span 5 =    -1.6959,     0.9148       
# span 6 =  24.748874,  29.834443       
# span 7 =  24.747822,  29.832425       
# span 8 =    31.0431,    34.8936       
# span 9 =    31.0414,    34.8913       
# span 10 =    290.685,    371.638      
# span 11 =    274.704,    370.347      
# span 12 =    -0.1801,     0.5797      
# span 13 =     4.5238,     4.6382      
# span 14 =     0.0797,     0.1179      
# span 15 =     0.0797,     0.1179      
# span 16 =     0.0436,     0.1436      
# span 17 =     0.0178,     0.0482      
# span 18 =       3419,      38647      
# span 19 =     2.3734,    26.8378      
# span 20 =      80.09,     104.42      
# span 21 =     2.0209,     2.6104      
# span 22 =     1.7650,     2.3008      
# span 23 =          6,         25      
# span 24 = 0.0000e+00, 0.0000e+00      
# interval = decibars: 1                
# start_time = Sep 19 2025 12:09:27 [NMEA time, header]
# bad_flag = -9.990e-29
*END*
[from data line 870]
    862.953   79.36428  171.55814    874.000     0.0310     0.0310  29.348695  29.347012    34.8545    34.8523    293.048    289.992    -0.1701     4.6361     0.0850     0.0850     0.0453     0.0182      28687    19.9211     100.00     2.1085     1.8700         16 0.0000e+00
    863.938   79.36428  171.55812    875.000     0.0308     0.0310  29.348957  29.347275    34.8544    34.8520    293.083    289.934    -0.1369     4.6361     0.0842     0.0842     0.0453     0.0195      28713    19.9391     100.00     2.1084     1.8696         18 0.0000e+00
    864.923   79.36428  171.55812    876.000     0.0310     0.0309  29.349577  29.347743    34.8545    34.8521    293.130    289.739    -0.1428     4.6352     0.0846     0.0846     0.0461     0.0193      28740    19.9577     100.00     2.1085     1.8685         20 0.0000e+00
    865.908   79.36428  171.55812    877.000     0.0303     0.0299  29.349338  29.347330    34.8544    34.8521    293.118    291.021    -0.1689     4.6362     0.0844     0.0844     0.0452     0.0182      28766    19.9758     100.00     2.1083     1.8742         19 0.0000e+00
    866.893   79.36428  171.55812    878.000     0.0287     0.0283  29.348355  29.346222    34.8543    34.8519    293.146    290.103    -0.1574     4.6361     0.0828     0.0828     0.0453     0.0187      28792    19.9939     100.00     2.1081     1.8697         14 0.0000e+00
    867.879   79.36428  171.55810    879.000     0.0236     0.0231  29.344213  29.342002    34.8540    34.8517    293.330    285.178    -0.1584     4.6361     0.0833     0.0833     0.0453     0.0187      28818    20.0121     100.00     2.1087     1.8464         14 0.0000e+00
    868.864   79.36429  171.55810    880.000     0.0178     0.0180  29.339415  29.337901    34.8537    34.8515    293.385    288.245    -0.1690     4.6361     0.0841     0.0841     0.0453     0.0182      28844    20.0301     100.00     2.1085     1.8603         16 0.0000e+00
    869.849   79.36430  171.55809    881.000     0.0168     0.0168  29.338825  29.337193    34.8535    34.8513    293.337    288.382    -0.1688     4.6362     0.0841     0.0841     0.0452     0.0182      28871    20.0485     100.00     2.1080     1.8607         18 0.0000e+00
    870.834   79.36430  171.55808    882.000     0.0168     0.0167  29.339397  29.337398    34.8536    34.8512    293.193    287.486    -0.1293     4.6361     0.0842     0.0842     0.0453     0.0198      28897    20.0670     100.00     2.1069     1.8564         16 0.0000e+00
    871.820   79.36430  171.55808    883.000     0.0167     0.0165  29.339612  29.337782    34.8535    34.8513    293.278    289.406    -0.1776     4.6359     0.0842     0.0842     0.0455     0.0179      28923    20.0849     100.00     2.1072     1.8651         21 0.0000e+00
    872.805   79.36430  171.55808    884.000     0.0167     0.0166  29.339995  29.338188    34.8534    34.8511    293.317    291.652    -0.1503     4.6361     0.0855     0.0855     0.0453     0.0190      28949    20.1030     100.00     2.1072     1.8754         14 0.0000e+00
    873.790   79.36430  171.55806    885.000     0.0167     0.0166  29.340512  29.338679    34.8535    34.8512    293.368    287.681    -0.1575     4.6360     0.0854     0.0854     0.0454     0.0187      28976    20.1213     100.00     2.1072     1.8567         19 0.0000e+00
    874.776   79.36430  171.55806    886.000     0.0166     0.0167  29.340828  29.339127    34.8534    34.8511    293.296    296.617    -0.1377     4.6360     0.0851     0.0851     0.0454     0.0195      29002    20.1396     100.00     2.1066     1.8981         14 0.0000e+00
    875.761   79.36430  171.55806    887.000     0.0166     0.0167  29.341282  29.339540    34.8534    34.8511    293.283    282.150    -0.1606     4.6359     0.0853     0.0853     0.0455     0.0186      29028    20.1576     100.00     2.1064     1.8307         17 0.0000e+00
    876.746   79.36430  171.55806    888.000     0.0175     0.0181  29.342699  29.341482    34.8537    34.8514    293.255    291.121    -0.1371     4.6359     0.0851     0.0851     0.0455     0.0195      29054    20.1760     100.00     2.1060     1.8723         17 0.0000e+00
    877.731   79.36432  171.55804    889.000     0.0234     0.0235  29.348625  29.346806    34.8542    34.8518    293.173    292.495    -0.1531     4.6364     0.0840     0.0840     0.0451     0.0189      29081    20.1943     100.00     2.1056     1.8787         18 0.0000e+00
    878.717   79.36432  171.55804    890.000     0.0251     0.0251  29.350471  29.348690    34.8543    34.8518    293.056    284.407    -0.1542     4.6359     0.0821     0.0821     0.0454     0.0188      29107    20.2125     100.00     2.1049     1.8410         19 0.0000e+00
    879.702   79.36432  171.55804    891.000     0.0257     0.0257  29.351517  29.349698    34.8544    34.8520    293.039    287.014    -0.1488     4.6360     0.0836     0.0836     0.0454     0.0190      29133    20.2306     100.00     2.1046     1.8530         15 0.0000e+00
    880.687   79.36432  171.55803    892.000     0.0264     0.0264  29.352431  29.350849    34.8542    34.8520    292.898    287.143    -0.1640     4.6361     0.0841     0.0841     0.0453     0.0184      29159    20.2488     100.00     2.1036     1.8534         15 0.0000e+00
    881.672   79.36432  171.55802    893.000     0.0217     0.0217  29.348558  29.347005    34.8538    34.8517    292.920    287.029    -0.1369     4.6362     0.0831     0.0831     0.0452     0.0195      29185    20.2669     100.00     2.1033     1.8525         16 0.0000e+00
    882.658   79.36432  171.55802    894.000     0.0113     0.0110  29.339838  29.338093    34.8535    34.8515    292.908    285.205    -0.1347     4.6359     0.0837     0.0837     0.0455     0.0196      29211    20.2851     100.00     2.1025     1.8435         15 0.0000e+00
    883.643   79.36432  171.55802    895.000     0.0090     0.0089  29.338367  29.336512    34.8536    34.8513    292.927    284.959    -0.1311     4.6357     0.0849     0.0849     0.0457     0.0197      29238    20.3032     100.00     2.1023     1.8420         17 0.0000e+00
    884.628   79.36432  171.55800    896.000     0.0084     0.0083  29.338201  29.336409    34.8535    34.8512    293.077    287.529    -0.1322     4.6361     0.0854     0.0854     0.0453     0.0197      29264    20.3214     100.00     2.1029     1.8538         14 0.0000e+00
    885.613   79.36434  171.55800    897.000     0.0084     0.0083  29.338579  29.336715    34.8534    34.8511    293.161    291.736    -0.1285     4.6362     0.0851     0.0851     0.0452     0.0198      29290    20.3397     100.00     2.1032     1.8731         15 0.0000e+00
    886.598   79.36434  171.55800    898.000     0.0076     0.0075  29.338190  29.336481    34.8532    34.8511    293.167    292.389    -0.1322     4.6360     0.0847     0.0847     0.0454     0.0197      29316    20.3579     100.00     2.1029     1.8759         15 0.0000e+00
    887.584   79.36434  171.55799    899.000     0.0067     0.0061  29.337903  29.335678    34.8532    34.8510    293.296    289.567    -0.1323     4.6361     0.0840     0.0840     0.0453     0.0197      29343    20.3761     100.00     2.1034     1.8626         14 0.0000e+00
    888.569   79.36434  171.55798    900.000     0.0040     0.0037  29.335793  29.333739    34.8530    34.8506    293.433    289.799    -0.1344     4.6361     0.0841     0.0841     0.0453     0.0196      29369    20.3943     100.00     2.1038     1.8634         13 0.0000e+00
    889.554   79.36434  171.55798    901.000     0.0035     0.0035  29.335769  29.334100    34.8529    34.8507    293.550    292.861    -0.1336     4.6353     0.0840     0.0840     0.0461     0.0196      29394    20.4119     100.00     2.1042     1.8775         10 0.0000e+00
    890.539   79.36434  171.55798    902.000     0.0033     0.0033  29.336069  29.334332    34.8529    34.8507    293.510    293.614    -0.1500     4.6357     0.0846     0.0846     0.0457     0.0190      29421    20.4306     100.00     2.1038     1.8807         14 0.0000e+00
    891.524   79.36434  171.55797    903.000     0.0030     0.0032  29.336180  29.334565    34.8528    34.8505    293.482    290.494    -0.1520     4.6356     0.0858     0.0858     0.0458     0.0189      29447    20.4487     100.00     2.1034     1.8661         12 0.0000e+00
    892.509   79.36434  171.55796    904.000     0.0019     0.0019  29.335716  29.333952    34.8529    34.8506    293.496    286.340    -0.1571     4.6359     0.0832     0.0832     0.0455     0.0187      29474    20.4671     100.00     2.1032     1.8466         12 0.0000e+00
    893.495   79.36435  171.55796    905.000     0.0025     0.0027  29.336620  29.334979    34.8529    34.8505    293.521    283.417    -0.1697     4.6361     0.0853     0.0853     0.0453     0.0182      29500    20.4852     100.00     2.1031     1.8329         13 0.0000e+00
    894.480   79.36436  171.55794    906.000     0.0032     0.0031  29.337513  29.335817    34.8527    34.8505    293.465    288.613    -0.1301     4.6361     0.0850     0.0850     0.0453     0.0198      29526    20.5037     100.00     2.1027     1.8568         14 0.0000e+00
    895.465   79.36436  171.55794    907.000     0.0035     0.0034  29.338436  29.336569    34.8529    34.8507    293.485    289.760    -0.1345     4.6361     0.0840     0.0840     0.0453     0.0196      29552    20.5219     100.00     2.1026     1.8620         14 0.0000e+00
    896.450   79.36436  171.55794    908.000     0.0192     0.0202  29.355273  29.354426    34.8568    34.8546    293.400    290.170    -0.1460     4.6359     0.0829     0.0829     0.0455     0.0191      29578    20.5398     100.00     2.1027     1.8644         13 0.0000e+00
    897.435   79.36436  171.55794    909.000     0.0360     0.0359  29.372739  29.370910    34.8602    34.8580    293.304    290.090    -0.1560     4.6357     0.0842     0.0842     0.0456     0.0187      29605    20.5580     100.00     2.1028     1.8645         13 0.0000e+00
    898.420   79.36436  171.55792    910.000     0.0216     0.0206  29.362229  29.359974    34.8621    34.8602    293.506    291.206    -0.1626     4.6360     0.0840     0.0840     0.0454     0.0185      29631    20.5763     100.00     2.1030     1.8689         14 0.0000e+00
    899.405   79.36436  171.55792    911.000     0.0176     0.0175  29.359721  29.357901    34.8627    34.8605    293.426    286.736    -0.1351     4.6356     0.0852     0.0852     0.0457     0.0196      29657    20.5946     100.00     2.1022     1.8479         15 0.0000e+00
    900.390   79.36436  171.55792    912.000     0.0176     0.0175  29.360199  29.358289    34.8628    34.8604    293.165    290.083    -0.1679     4.6356     0.0842     0.0842     0.0458     0.0183      29684    20.6129     100.00     2.1006     1.8633         16 0.0000e+00
    901.376   79.36437  171.55791    913.000     0.0177     0.0175  29.360636  29.358877    34.8627    34.8606    292.933    292.038    -0.1332     4.6360     0.0830     0.0830     0.0453     0.0196      29710    20.6309     100.00     2.0990     1.8721         16 0.0000e+00
    902.361   79.36438  171.55790    914.000     0.0179     0.0177  29.361257  29.359513    34.8627    34.8606    292.861    288.676    -0.1313     4.6357     0.0839     0.0839     0.0457     0.0197      29735    20.6488     100.00     2.0985     1.8564         11 0.0000e+00
    903.346   79.36438  171.55790    915.000     0.0177     0.0177  29.361647  29.359833    34.8628    34.8604    292.775    287.994    -0.1290     4.6357     0.0840     0.0840     0.0456     0.0198      29762    20.6675     100.00     2.0978     1.8531         16 0.0000e+00
    904.331   79.36438  171.55790    916.000     0.0175     0.0177  29.361839  29.360373    34.8627    34.8605    292.787    289.540    -0.1344     4.6360     0.0849     0.0849     0.0454     0.0196      29788    20.6855     100.00     2.0976     1.8601         14 0.0000e+00
    905.316   79.36438  171.55788    917.000     0.0175     0.0176  29.362335  29.360672    34.8628    34.8605    292.810    288.890    -0.1318     4.6360     0.0844     0.0844     0.0454     0.0197      29815    20.7041     100.00     2.0975     1.8569         19 0.0000e+00
    906.301   79.36438  171.55788    918.000     0.0177     0.0177  29.362929  29.361163    34.8628    34.8605    292.747    290.365    -0.1708     4.6360     0.0851     0.0851     0.0454     0.0182      29841    20.7220     100.00     2.0970     1.8635         17 0.0000e+00
    907.286   79.36438  171.55788    919.000     0.0180     0.0182  29.363639  29.362082    34.8628    34.8606    292.625    288.983    -0.1579     4.6360     0.0859     0.0859     0.0454     0.0187      29867    20.7400     100.00     2.0961     1.8569         14 0.0000e+00
    908.271   79.36438  171.55788    920.000     0.0185     0.0184  29.364489  29.362760    34.8628    34.8606    292.491    292.603    -0.1483     4.6360     0.0849     0.0849     0.0454     0.0191      29893    20.7586     100.00     2.0952     1.8736         16 0.0000e+00
    909.256   79.36440  171.55786    921.000     0.0185     0.0185  29.364847  29.363068    34.8627    34.8604    292.545    290.627    -0.1475     4.6359     0.0832     0.0832     0.0455     0.0191      29919    20.7764     100.00     2.0953     1.8642         14 0.0000e+00
    910.241   79.36440  171.55786    922.000     0.0185     0.0183  29.365391  29.363459    34.8629    34.8605    292.592    288.819    -0.1326     4.6358     0.0834     0.0834     0.0456     0.0197      29946    20.7950     100.00     2.0953     1.8557         17 0.0000e+00
    911.226   79.36440  171.55786    923.000     0.0183     0.0181  29.365573  29.363675    34.8627    34.8604    292.525    288.364    -0.1299     4.6360     0.0841     0.0841     0.0454     0.0198      29972    20.8129     100.00     2.0947     1.8534         14 0.0000e+00
    912.212   79.36440  171.55785    924.000     0.0182     0.0182  29.365947  29.364254    34.8628    34.8605    292.510    290.416    -0.1585     4.6361     0.0841     0.0841     0.0453     0.0186      29998    20.8313     100.00     2.0944     1.8627         18 0.0000e+00
    913.197   79.36440  171.55784    925.000     0.0184     0.0182  29.366647  29.364635    34.8629    34.8605    292.496    289.760    -0.1323     4.6361     0.0839     0.0839     0.0453     0.0197      30024    20.8493     100.00     2.0942     1.8595         14 0.0000e+00
    914.182   79.36440  171.55784    926.000     0.0185     0.0184  29.367018  29.365228    34.8627    34.8605    292.468    287.798    -0.1391     4.6360     0.0838     0.0838     0.0454     0.0194      30050    20.8674     100.00     2.0938     1.8502         15 0.0000e+00
    915.167   79.36440  171.55784    927.000     0.0185     0.0185  29.367584  29.365774    34.8628    34.8605    292.444    289.960    -0.1523     4.6361     0.0832     0.0832     0.0453     0.0189      30077    20.8859     100.00     2.0935     1.8601         14 0.0000e+00
    916.152   79.36440  171.55782    928.000     0.0187     0.0188  29.368121  29.366405    34.8628    34.8605    292.389    283.345    -0.1547     4.6361     0.0841     0.0841     0.0453     0.0188      30103    20.9039     100.00     2.0930     1.8293         17 0.0000e+00
    917.137   79.36442  171.55782    929.000     0.0186     0.0187  29.368477  29.366770    34.8628    34.8605    292.294    288.496    -0.1413     4.6361     0.0865     0.0865     0.0453     0.0193      30129    20.9223     100.00     2.0922     1.8530         17 0.0000e+00
    918.122   79.36442  171.55782    930.000     0.0187     0.0185  29.368999  29.367077    34.8628    34.8605    292.076    288.266    -0.1662     4.6360     0.0851     0.0851     0.0454     0.0183      30155    20.9406     100.00     2.0908     1.8517         20 0.0000e+00
