Continuous CTD Data/SBE Stage/nabos_28_01.ros
* Sea-Bird SBE 9 Data File:
* FileName = D:\CTD\data\HLY2502\raw\NABOS_28_01.hex
* Software Version Seasave V 7.26.7.110
* Temperature SN = 6954
* Conductivity SN = 2561
* Number of Bytes Per Scan = 37
* Number of Voltage Words = 4
* Number of Scans Averaged by the Deck Unit = 1
* NMEA Latitude = 80 36.34 N
* NMEA Longitude = 154 17.06 E
* NMEA UTC (Time) = Sep 21 2025  20:08:11
* NMEA baud rate = 9600
** Ship: USCG HEALY
** Bot. Depth:  2371
** Cast Number:  01
** Station Name:  NABOS
** Station Number:  28
** Operator:  STARC
# nquan = 25
# nvalues = 1176                                  
# units = specified
# name 0 = depSM: Depth [salt water, m]
# name 1 = latitude: Latitude [deg]
# name 2 = longitude: Longitude [deg]
# name 3 = prDM: Pressure, Digiquartz [db]
# name 4 = t090C: Temperature [ITS-90, deg C]
# name 5 = t190C: Temperature, 2 [ITS-90, deg C]
# name 6 = c0mS/cm: Conductivity [mS/cm]
# name 7 = c1mS/cm: Conductivity, 2 [mS/cm]
# name 8 = sal00: Salinity, Practical [PSU]
# name 9 = sal11: Salinity, Practical, 2 [PSU]
# name 10 = sbox0Mm/Kg: Oxygen, SBE 43 [umol/kg]
# name 11 = sbox1Mm/Kg: Oxygen, SBE 43, 2 [umol/kg]
# name 12 = flECO-AFL: Fluorescence, WET Labs ECO-AFL/FL [mg/m^3]
# name 13 = v2: Voltage 2
# name 14 = wetCDOM: Fluorescence, WET Labs CDOM [mg/m^3]
# name 15 = v6: Voltage 6
# name 16 = CStarAt0: Beam Attenuation, WET Labs C-Star [1/m]
# name 17 = v3: Voltage 3
# name 18 = scan: Scan Count
# name 19 = timeM: Time, Elapsed [minutes]
# name 20 = altM: Altimeter [m]
# name 21 = sbeox0V: Oxygen raw, SBE 43 [V]
# name 22 = sbeox1V: Oxygen raw, SBE 43, 2 [V]
# name 23 = nbf: Bottles Fired
# name 24 = flag:  0.000e+00
# interval = seconds: 0.0416667
# start_time = Sep 21 2025 20:08:11 [NMEA time, header]
# bad_flag = -9.990e-29
*END*
[from data line 290]
    250.366   80.60086  154.27340    253.203     0.9546     0.9545  29.818044  29.815978    34.7918    34.7893    297.012    289.999    -0.1976     4.6313     0.0842     0.0842     0.0496     0.0171      77015    53.4819     100.00     2.3171     2.0241          6  0.000e+00
    250.300   80.60086  154.27340    253.137     0.9549     0.9543  29.817982  29.815626    34.7914    34.7890    297.207    290.233    -0.1671     4.6313     0.0830     0.0830     0.0496     0.0183      77016    53.4826     100.00     2.3184     2.0253          6  0.000e+00
    250.366   80.60086  154.27340    253.203     0.9546     0.9543  29.818169  29.815743    34.7920    34.7891    297.012    290.235    -0.1671     4.6313     0.0842     0.0842     0.0496     0.0183      77017    53.4833     100.00     2.3171     2.0253          6  0.000e+00
    250.366   80.60086  154.27340    253.203     0.9550     0.9540  29.818231  29.816036    34.7915    34.7898    297.009    290.237    -0.1671     4.6300     0.0842     0.0842     0.0506     0.0183      77018    53.4840     100.00     2.3171     2.0253          6  0.000e+00
    200.127   80.60072  154.27246    202.370     0.8331     0.8333  29.652534  29.651513    34.7435    34.7420    298.080    291.210    -0.1671     4.6276     0.0818     0.0818     0.0527     0.0183      81090    56.3118     100.00     2.3289     2.0347          7  0.000e+00
    200.094   80.60072  154.27246    202.337     0.8329     0.8333  29.652410  29.651396    34.7436    34.7418    298.080    291.444    -0.1671     4.6288     0.0830     0.0830     0.0517     0.0183      81091    56.3125     100.00     2.3289     2.0359          7  0.000e+00
    199.971   80.60072  154.27246    202.212     0.8328     0.8333  29.652285  29.651337    34.7436    34.7418    298.076    291.674    -0.1671     4.6288     0.0830     0.0830     0.0517     0.0183      81092    56.3132     100.00     2.3289     2.0372          7  0.000e+00
    200.094   80.60072  154.27246    202.337     0.8328     0.8334  29.652285  29.651513    34.7435    34.7419    297.882    291.678    -0.1671     4.6288     0.0818     0.0818     0.0517     0.0183      81093    56.3139     100.00     2.3277     2.0372          7  0.000e+00
    200.070   80.60072  154.27246    202.312     0.8327     0.8336  29.652348  29.651396    34.7438    34.7415    298.080    291.911    -0.1671     4.6288     0.0830     0.0830     0.0517     0.0183      81094    56.3146     100.00     2.3289     2.0384          7  0.000e+00
    200.094   80.60072  154.27246    202.337     0.8328     0.8341  29.652099  29.651513    34.7433    34.7412    297.883    291.909    -0.1671     4.6288     0.0830     0.0830     0.0517     0.0183      81095    56.3153     100.00     2.3277     2.0384          7  0.000e+00
    200.094   80.60072  154.27246    202.337     0.8329     0.8341  29.652223  29.651630    34.7434    34.7413    298.081    292.143    -0.1671     4.6288     0.0830     0.0830     0.0517     0.0183      81096    56.3160     100.00     2.3289     2.0396          7  0.000e+00
    200.070   80.60072  154.27246    202.312     0.8327     0.8343  29.652348  29.651806    34.7438    34.7414    298.081    292.376    -0.1671     4.6288     0.0830     0.0830     0.0517     0.0183      81097    56.3167     100.00     2.3289     2.0408          7  0.000e+00
    200.094   80.60072  154.27246    202.337     0.8327     0.8344  29.652348  29.651689    34.7437    34.7410    298.280    292.376    -0.1671     4.6288     0.0830     0.0830     0.0517     0.0183      81098    56.3174     100.00     2.3301     2.0408          7  0.000e+00
    200.037   80.60072  154.27246    202.279     0.8328     0.8344  29.652534  29.651805    34.7439    34.7412    298.078    292.373    -0.1671     4.6288     0.0830     0.0830     0.0517     0.0183      81099    56.3181     100.00     2.3289     2.0408          7  0.000e+00
    200.094   80.60072  154.27246    202.337     0.8328     0.8345  29.652161  29.651864    34.7434    34.7411    298.081    292.375    -0.1671     4.6276     0.0830     0.0830     0.0527     0.0183      81100    56.3188     100.00     2.3289     2.0408          7  0.000e+00
    200.070   80.60072  154.27246    202.312     0.8329     0.8345  29.652037  29.651689    34.7432    34.7409    298.080    291.905    -0.1366     4.6288     0.0818     0.0818     0.0517     0.0195      81101    56.3194     100.00     2.3289     2.0384          7  0.000e+00
    200.094   80.60072  154.27246    202.337     0.8328     0.8341  29.652223  29.651806    34.7435    34.7415    298.081    291.908    -0.1366     4.6276     0.0830     0.0830     0.0527     0.0195      81102    56.3201     100.00     2.3289     2.0384          7  0.000e+00
    200.037   80.60072  154.27246    202.279     0.8329     0.8338  29.652534  29.651689    34.7438    34.7417    298.077    291.673    -0.1366     4.6276     0.0818     0.0818     0.0527     0.0195      81103    56.3208     100.00     2.3289     2.0372          7  0.000e+00
    200.070   80.60072  154.27246    202.312     0.8329     0.8335  29.652410  29.651630    34.7436    34.7420    298.079    291.676    -0.1366     4.6288     0.0830     0.0830     0.0517     0.0195      81104    56.3215     100.00     2.3289     2.0372          7  0.000e+00
    200.152   80.60072  154.27246    202.395     0.8329     0.8333  29.652348  29.651630    34.7435    34.7421    298.082    291.680    -0.1366     4.6288     0.0818     0.0818     0.0517     0.0195      81105    56.3222     100.00     2.3289     2.0372          7  0.000e+00
    200.037   80.60072  154.27246    202.279     0.8329     0.8333  29.652534  29.651396    34.7438    34.7419    298.077    291.676    -0.1366     4.6288     0.0830     0.0830     0.0517     0.0195      81106    56.3229     100.00     2.3289     2.0372          7  0.000e+00
    200.070   80.60072  154.27246    202.312     0.8333     0.8332  29.652410  29.651338    34.7432    34.7420    297.878    291.679    -0.1366     4.6276     0.0818     0.0818     0.0527     0.0195      81107    56.3236     100.00     2.3277     2.0372          7  0.000e+00
    200.094   80.60072  154.27246    202.337     0.8331     0.8330  29.652534  29.650870    34.7436    34.7416    298.079    291.682    -0.1366     4.6288     0.0830     0.0830     0.0517     0.0195      81108    56.3243     100.00     2.3289     2.0372          7  0.000e+00
    200.037   80.60072  154.27246    202.279     0.8329     0.8333  29.652783  29.651162    34.7441    34.7416    297.878    291.677    -0.1366     4.6288     0.0830     0.0830     0.0517     0.0195      81109    56.3250     100.00     2.3277     2.0372          7  0.000e+00
    200.094   80.60072  154.27246    202.337     0.8334     0.8333  29.652659  29.651513    34.7434    34.7420    298.076    291.678    -0.1366     4.6288     0.0842     0.0842     0.0517     0.0195      81110    56.3257     100.00     2.3289     2.0372          7  0.000e+00
    200.070   80.60072  154.27246    202.312     0.8331     0.8335  29.652783  29.651162    34.7439    34.7414    297.878    291.677    -0.1366     4.6288     0.0842     0.0842     0.0517     0.0195      81111    56.3264     100.00     2.3277     2.0372          7  0.000e+00
    200.094   80.60072  154.27246    202.337     0.8335     0.8335  29.652659  29.651221    34.7432    34.7414    297.877    291.443    -0.1366     4.6288     0.0855     0.0855     0.0517     0.0195      81112    56.3271     100.00     2.3277     2.0359          7  0.000e+00
    200.037   80.60072  154.27246    202.279     0.8329     0.8335  29.652783  29.651338    34.7441    34.7416    297.878    291.440    -0.1366     4.6288     0.0855     0.0855     0.0517     0.0195      81113    56.3278     100.00     2.3277     2.0359          7  0.000e+00
    200.127   80.60072  154.27246    202.370     0.8331     0.8336  29.652659  29.651513    34.7437    34.7417    298.079    291.443    -0.1366     4.6288     0.0855     0.0855     0.0517     0.0195      81114    56.3285     100.00     2.3289     2.0359          7  0.000e+00
    200.094   80.60072  154.27246    202.337     0.8332     0.8338  29.652596  29.651630    34.7435    34.7416    298.077    291.440    -0.1366     4.6288     0.0855     0.0855     0.0517     0.0195      81115    56.3292     100.00     2.3289     2.0359          7  0.000e+00
    200.037   80.60072  154.27246    202.279     0.8333     0.8335  29.652410  29.651630    34.7433    34.7420    298.075    291.205    -0.1061     4.6288     0.0842     0.0842     0.0517     0.0208      81116    56.3299     100.00     2.3289     2.0347          7  0.000e+00
    200.070   80.60072  154.27246    202.312     0.8334     0.8335  29.652348  29.651396    34.7430    34.7417    298.076    291.207    -0.1366     4.6288     0.0842     0.0842     0.0517     0.0195      81117    56.3306     100.00     2.3289     2.0347          7  0.000e+00
    200.094   80.60072  154.27246    202.337     0.8331     0.8336  29.652348  29.651513    34.7433    34.7417    298.079    291.207    -0.1061     4.6288     0.0842     0.0842     0.0517     0.0208      81118    56.3312     100.00     2.3289     2.0347          7  0.000e+00
    200.094   80.60072  154.27244    202.337     0.8331     0.8333  29.652348  29.651396    34.7434    34.7418    298.079    291.209    -0.1366     4.6288     0.0855     0.0855     0.0517     0.0195      81119    56.3319     100.00     2.3289     2.0347          7  0.000e+00
    200.037   80.60072  154.27244    202.279     0.8333     0.8336  29.652347  29.651513    34.7432    34.7417    298.075    291.204    -0.1366     4.6288     0.0842     0.0842     0.0517     0.0195      81120    56.3326     100.00     2.3289     2.0347          7  0.000e+00
    200.127   80.60072  154.27244    202.370     0.8331     0.8336  29.652348  29.651162    34.7433    34.7412    298.080    291.209    -0.1366     4.6288     0.0842     0.0842     0.0517     0.0195      81121    56.3333     100.00     2.3289     2.0347          7  0.000e+00
    200.095   80.60072  154.27244    202.337     0.8332     0.8336  29.652348  29.651455    34.7432    34.7416    298.078    290.972    -0.1366     4.6288     0.0842     0.0842     0.0517     0.0195      81122    56.3340     100.00     2.3289     2.0335          7  0.000e+00
    200.037   80.60072  154.27244    202.279     0.8329     0.8334  29.652534  29.651162    34.7438    34.7414    297.878    290.502    -0.1366     4.6288     0.0855     0.0855     0.0517     0.0195      81123    56.3347     100.00     2.3277     2.0310          7  0.000e+00
    200.070   80.60072  154.27244    202.312     0.8334     0.8336  29.652596  29.651630    34.7434    34.7418    298.075    290.501    -0.1366     4.6288     0.0842     0.0842     0.0517     0.0195      81124    56.3354     100.00     2.3289     2.0310          7  0.000e+00
    200.095   80.60072  154.27244    202.337     0.8331     0.8335  29.652410  29.651279    34.7434    34.7415    297.880    290.268    -0.1366     4.6288     0.0842     0.0842     0.0517     0.0195      81125    56.3361     100.00     2.3277     2.0298          7  0.000e+00
    200.095   80.60072  154.27244    202.337     0.8331     0.8333  29.652348  29.651279    34.7434    34.7417    298.079    290.269    -0.1366     4.6288     0.0855     0.0855     0.0517     0.0195      81126    56.3368     100.00     2.3289     2.0298          7  0.000e+00
    200.070   80.60072  154.27244    202.312     0.8333     0.8335  29.652721  29.650870    34.7436    34.7410    298.075    290.269    -0.1366     4.6288     0.0855     0.0855     0.0517     0.0195      81127    56.3375     100.00     2.3289     2.0298          7  0.000e+00
    200.037   80.60072  154.27244    202.279     0.8333     0.8335  29.652907  29.651162    34.7439    34.7414    298.073    290.266    -0.1366     4.6288     0.0842     0.0842     0.0517     0.0195      81128    56.3382     100.00     2.3289     2.0298          7  0.000e+00
    200.095   80.60072  154.27244    202.337     0.8335     0.8336  29.652907  29.651513    34.7436    34.7417    297.876    290.267    -0.1366     4.6288     0.0855     0.0855     0.0517     0.0195      81129    56.3389     100.00     2.3277     2.0298          7  0.000e+00
    200.095   80.60072  154.27244    202.337     0.8334     0.8335  29.652907  29.651396    34.7437    34.7417    297.876    290.033    -0.1061     4.6300     0.0842     0.0842     0.0506     0.0208      81130    56.3396     100.00     2.3277     2.0286          7  0.000e+00
    200.070   80.60072  154.27244    202.312     0.8334     0.8336  29.652907  29.651338    34.7438    34.7415    298.074    290.266    -0.1366     4.6288     0.0842     0.0842     0.0517     0.0195      81131    56.3403     100.00     2.3289     2.0298          7  0.000e+00
    200.095   80.60072  154.27244    202.337     0.8333     0.8336  29.652659  29.651338    34.7435    34.7414    297.878    290.033    -0.1366     4.6288     0.0855     0.0855     0.0517     0.0195      81132    56.3410     100.00     2.3277     2.0286          7  0.000e+00
    200.095   80.60072  154.27244    202.337     0.8334     0.8336  29.652783  29.651338    34.7436    34.7414    298.075    290.032    -0.1366     4.6300     0.0842     0.0842     0.0506     0.0195      81133    56.3417     100.00     2.3289     2.0286          7  0.000e+00
    200.070   80.60072  154.27244    202.312     0.8336     0.8336  29.652907  29.651338    34.7435    34.7415    297.874    290.266    -0.1366     4.6288     0.0842     0.0842     0.0517     0.0195      81134    56.3424     100.00     2.3277     2.0298          7  0.000e+00
    200.095   80.60072  154.27244    202.337     0.8333     0.8336  29.653094  29.651162    34.7441    34.7412    298.075    290.033    -0.1366     4.6300     0.0855     0.0855     0.0506     0.0195      81135    56.3431     100.00     2.3289     2.0286          7  0.000e+00
    200.037   80.60072  154.27244    202.279     0.8334     0.8336  29.652721  29.651455    34.7435    34.7416    298.073    290.030    -0.1061     4.6288     0.0842     0.0842     0.0517     0.0208      81136    56.3438     100.00     2.3289     2.0286          7  0.000e+00
    200.095   80.60072  154.27244    202.337     0.8333     0.8336  29.652596  29.651806    34.7435    34.7421    298.077    290.266    -0.1366     4.6288     0.0842     0.0842     0.0517     0.0195      81137    56.3444     100.00     2.3289     2.0298          7  0.000e+00
    200.070   80.60072  154.27244    202.312     0.8332     0.8338  29.652783  29.651689    34.7438    34.7417    298.274    290.264    -0.1061     4.6300     0.0830     0.0830     0.0506     0.0208      81138    56.3451     100.00     2.3301     2.0298          7  0.000e+00
    174.914   80.60064  154.27186    176.864     0.6792     0.6791  29.481610  29.479525    34.7091    34.7064    297.431    291.314    -0.1671     4.6300     0.0842     0.0842     0.0506     0.0183      83741    58.1528     100.00     2.3225     2.0332          8  0.000e+00
    174.972   80.60064  154.27186    176.922     0.6795     0.6789  29.481300  29.479875    34.7083    34.7070    297.432    291.317    -0.1976     4.6300     0.0842     0.0842     0.0506     0.0171      83742    58.1535     100.00     2.3225     2.0332          8  0.000e+00
    174.906   80.60064  154.27186    176.856     0.6792     0.6791  29.481362  29.479758    34.7087    34.7067    297.233    291.548    -0.1976     4.6300     0.0830     0.0830     0.0506     0.0171      83743    58.1542     100.00     2.3213     2.0345          8  0.000e+00
    174.972   80.60064  154.27186    176.922     0.6792     0.6792  29.481796  29.479525    34.7093    34.7063    297.234    291.551    -0.1976     4.6300     0.0842     0.0842     0.0506     0.0171      83744    58.1549     100.00     2.3213     2.0345          8  0.000e+00
