Continuous CTD Data/SBE Stage/nabos_15_02.ros
* Sea-Bird SBE 9 Data File:
* FileName = D:\CTD\data\HLY2502\raw\NABOS_15_02.hex
* Software Version Seasave V 7.26.7.110
* Temperature SN = 6954
* Conductivity SN = 2561
* Number of Bytes Per Scan = 37
* Number of Voltage Words = 4
* Number of Scans Averaged by the Deck Unit = 1
* NMEA Latitude = 78 29.96 N
* NMEA Longitude = 170 07.40 W
* NMEA UTC (Time) = Sep 09 2025  17:34:44
* NMEA baud rate = 9600
** Ship: USCG HEALY
** Bot. Depth:  2700
** Cast Number:
** Station Name:  15
** Station Number:
** Operator:  STARC
# nquan = 25
# nvalues = 1176                                  
# units = specified
# name 0 = depSM: Depth [salt water, m]
# name 1 = latitude: Latitude [deg]
# name 2 = longitude: Longitude [deg]
# name 3 = prDM: Pressure, Digiquartz [db]
# name 4 = t090C: Temperature [ITS-90, deg C]
# name 5 = t190C: Temperature, 2 [ITS-90, deg C]
# name 6 = c0mS/cm: Conductivity [mS/cm]
# name 7 = c1mS/cm: Conductivity, 2 [mS/cm]
# name 8 = sal00: Salinity, Practical [PSU]
# name 9 = sal11: Salinity, Practical, 2 [PSU]
# name 10 = sbox0Mm/Kg: Oxygen, SBE 43 [umol/kg]
# name 11 = sbox1Mm/Kg: Oxygen, SBE 43, 2 [umol/kg]
# name 12 = flECO-AFL: Fluorescence, WET Labs ECO-AFL/FL [mg/m^3]
# name 13 = v2: Voltage 2
# name 14 = wetCDOM: Fluorescence, WET Labs CDOM [mg/m^3]
# name 15 = v6: Voltage 6
# name 16 = CStarAt0: Beam Attenuation, WET Labs C-Star [1/m]
# name 17 = v3: Voltage 3
# name 18 = scan: Scan Count
# name 19 = timeM: Time, Elapsed [minutes]
# name 20 = altM: Altimeter [m]
# name 21 = sbeox0V: Oxygen raw, SBE 43 [V]
# name 22 = sbeox1V: Oxygen raw, SBE 43, 2 [V]
# name 23 = nbf: Bottles Fired
# name 24 = flag:  0.000e+00
# interval = seconds: 0.0416667
# start_time = Sep 09 2025 17:34:44 [NMEA time, header]
# bad_flag = -9.990e-29
*END*
[from data line 174]
    250.662   78.49980 -170.10580    253.485     0.6578     0.6576  29.526280  29.524473    34.7455    34.7434    291.219    283.988    -0.1366     4.6667     0.0818     0.0818     0.0191     0.0195      19366    13.4479     100.00     2.2657     1.9799          4  0.000e+00
    250.604   78.49980 -170.10580    253.427     0.6577     0.6578  29.526156  29.524414    34.7455    34.7431    291.218    283.747    -0.1061     4.6667     0.0818     0.0818     0.0191     0.0208      19367    13.4486     100.00     2.2657     1.9786          4  0.000e+00
    250.604   78.49980 -170.10580    253.427     0.6577     0.6577  29.525970  29.524531    34.7453    34.7433    291.219    283.747    -0.1366     4.6667     0.0818     0.0818     0.0191     0.0195      19368    13.4493     100.00     2.2657     1.9786          4  0.000e+00
    250.604   78.49980 -170.10580    253.427     0.6577     0.6576  29.526218  29.524823    34.7456    34.7438    291.218    283.746    -0.1061     4.6667     0.0818     0.0818     0.0191     0.0208      19369    13.4500     100.00     2.2657     1.9786          4  0.000e+00
    250.604   78.49980 -170.10580    253.427     0.6577     0.6576  29.526156  29.524473    34.7455    34.7435    291.419    283.510    -0.1366     4.6667     0.0818     0.0818     0.0191     0.0195      19370    13.4507     100.00     2.2669     1.9774          4  0.000e+00
    250.662   78.49980 -170.10578    253.485     0.6577     0.6579  29.525970  29.524356    34.7452    34.7429    291.221    283.511    -0.1061     4.6667     0.0818     0.0818     0.0191     0.0208      19371    13.4514     100.00     2.2657     1.9774          4  0.000e+00
    250.604   78.49980 -170.10578    253.427     0.6575     0.6576  29.526032  29.524531    34.7455    34.7435    291.219    283.272    -0.1061     4.6667     0.0818     0.0818     0.0191     0.0208      19372    13.4521     100.00     2.2657     1.9762          4  0.000e+00
    250.662   78.49980 -170.10578    253.485     0.6575     0.6577  29.526280  29.524590    34.7458    34.7434    291.221    283.273    -0.1366     4.6667     0.0818     0.0818     0.0191     0.0195      19373    13.4528     100.00     2.2657     1.9762          4  0.000e+00
    250.604   78.49980 -170.10578    253.427     0.6575     0.6576  29.526280  29.524414    34.7459    34.7433    291.219    283.510    -0.1061     4.6667     0.0818     0.0818     0.0191     0.0208      19374    13.4535     100.00     2.2657     1.9774          4  0.000e+00
    250.662   78.49980 -170.10578    253.485     0.6577     0.6577  29.526280  29.524531    34.7456    34.7433    291.220    283.749    -0.1366     4.6667     0.0818     0.0818     0.0191     0.0195      19375    13.4542     100.00     2.2657     1.9786          4  0.000e+00
    250.604   78.49980 -170.10578    253.427     0.6578     0.6575  29.526342  29.524414    34.7456    34.7435    291.016    283.986    -0.1061     4.6667     0.0818     0.0818     0.0191     0.0208      19376    13.4549     100.00     2.2645     1.9799          4  0.000e+00
    250.662   78.49980 -170.10578    253.485     0.6577     0.6577  29.525846  29.524356    34.7451    34.7431    291.221    284.700    -0.1366     4.6667     0.0818     0.0818     0.0191     0.0195      19377    13.4556     100.00     2.2657     1.9835          4  0.000e+00
    250.604   78.49980 -170.10578    253.427     0.6575     0.6576  29.526156  29.524356    34.7457    34.7432    291.219    284.936    -0.1366     4.6667     0.0818     0.0818     0.0191     0.0195      19378    13.4563     100.00     2.2657     1.9848          4  0.000e+00
    250.662   78.49980 -170.10578    253.485     0.6573     0.6577  29.526529  29.524531    34.7465    34.7433    291.423    284.700    -0.1366     4.6667     0.0818     0.0818     0.0191     0.0195      19379    13.4569     100.00     2.2669     1.9835          4  0.000e+00
    250.604   78.49980 -170.10578    253.427     0.6574     0.6577  29.525908  29.524414    34.7455    34.7432    291.421    284.460    -0.1366     4.6667     0.0806     0.0806     0.0191     0.0195      19380    13.4576     100.00     2.2669     1.9823          4  0.000e+00
    250.662   78.49980 -170.10578    253.485     0.6576     0.6578  29.526156  29.524531    34.7456    34.7432    291.221    283.986    -0.1366     4.6667     0.0806     0.0806     0.0191     0.0195      19381    13.4583     100.00     2.2657     1.9799          4  0.000e+00
    250.604   78.49980 -170.10578    253.427     0.6577     0.6577  29.526156  29.524414    34.7455    34.7432    291.419    283.747    -0.1366     4.6667     0.0806     0.0806     0.0191     0.0195      19382    13.4590     100.00     2.2669     1.9786          4  0.000e+00
    250.604   78.49980 -170.10578    253.427     0.6577     0.6579  29.526218  29.524356    34.7456    34.7429    291.218    283.746    -0.1366     4.6667     0.0806     0.0806     0.0191     0.0195      19383    13.4597     100.00     2.2657     1.9786          4  0.000e+00
    250.662   78.49980 -170.10578    253.485     0.6577     0.6576  29.526280  29.524765    34.7456    34.7438    291.220    283.749    -0.1366     4.6667     0.0818     0.0818     0.0191     0.0195      19384    13.4604     100.00     2.2657     1.9786          4  0.000e+00
    250.662   78.49980 -170.10578    253.485     0.6578     0.6581  29.526156  29.524706    34.7453    34.7431    291.420    283.984    -0.1366     4.6667     0.0806     0.0806     0.0191     0.0195      19385    13.4611     100.00     2.2669     1.9799          4  0.000e+00
    250.604   78.49980 -170.10578    253.427     0.6575     0.6577  29.526218  29.524589    34.7458    34.7434    291.420    283.984    -0.1366     4.6679     0.0818     0.0818     0.0180     0.0195      19386    13.4618     100.00     2.2669     1.9799          4  0.000e+00
    250.662   78.49980 -170.10578    253.485     0.6575     0.6580  29.526280  29.524589    34.7458    34.7431    291.221    283.985    -0.1366     4.6667     0.0806     0.0806     0.0191     0.0195      19387    13.4625     100.00     2.2657     1.9799          4  0.000e+00
    250.785   78.49980 -170.10574    253.610     0.6574     0.6576  29.526032  29.524531    34.7456    34.7434    291.430    283.281    -0.1671     4.6654     0.0818     0.0818     0.0201     0.0183      19535    13.5653     100.00     2.2669     1.9762          5  0.000e+00
    250.785   78.49980 -170.10574    253.610     0.6574     0.6576  29.526032  29.524239    34.7456    34.7430    291.631    283.520    -0.1671     4.6654     0.0830     0.0830     0.0201     0.0183      19536    13.5660     100.00     2.2682     1.9774          5  0.000e+00
    250.728   78.49980 -170.10572    253.552     0.6575     0.6575  29.525846  29.524298    34.7452    34.7433    291.428    283.755    -0.1671     4.6654     0.0818     0.0818     0.0201     0.0183      19537    13.5667     100.00     2.2669     1.9787          5  0.000e+00
    250.785   78.49980 -170.10572    253.610     0.6573     0.6574  29.526157  29.524356    34.7459    34.7434    291.431    283.758    -0.1671     4.6654     0.0818     0.0818     0.0201     0.0183      19538    13.5674     100.00     2.2669     1.9787          5  0.000e+00
    250.785   78.49980 -170.10572    253.610     0.6573     0.6574  29.526095  29.524356    34.7458    34.7434    291.431    283.996    -0.1671     4.6654     0.0818     0.0818     0.0201     0.0183      19539    13.5681     100.00     2.2669     1.9799          5  0.000e+00
    250.728   78.49980 -170.10572    253.552     0.6574     0.6575  29.525846  29.524356    34.7453    34.7434    291.227    283.993    -0.1671     4.6642     0.0818     0.0818     0.0212     0.0183      19540    13.5687     100.00     2.2657     1.9799          5  0.000e+00
    250.785   78.49980 -170.10572    253.610     0.6573     0.6574  29.525908  29.524181    34.7456    34.7432    291.431    283.996    -0.1671     4.6654     0.0818     0.0818     0.0201     0.0183      19541    13.5694     100.00     2.2669     1.9799          5  0.000e+00
    250.785   78.49980 -170.10572    253.610     0.6574     0.6575  29.525784  29.524473    34.7452    34.7435    291.230    283.757    -0.1671     4.6654     0.0818     0.0818     0.0201     0.0183      19542    13.5701     100.00     2.2657     1.9787          5  0.000e+00
    250.728   78.49980 -170.10572    253.552     0.6574     0.6576  29.525970  29.524414    34.7455    34.7433    291.428    283.279    -0.1366     4.6642     0.0830     0.0830     0.0212     0.0195      19543    13.5708     100.00     2.2669     1.9762          5  0.000e+00
    250.785   78.49980 -170.10572    253.610     0.6574     0.6572  29.525784  29.524181    34.7452    34.7434    291.230    282.809    -0.1366     4.6654     0.0818     0.0818     0.0201     0.0195      19544    13.5715     100.00     2.2657     1.9738          5  0.000e+00
    250.785   78.49980 -170.10572    253.610     0.6573     0.6576  29.525722  29.524123    34.7453    34.7429    291.231    282.569    -0.1061     4.6667     0.0818     0.0818     0.0191     0.0208      19545    13.5722     100.00     2.2657     1.9725          5  0.000e+00
    250.785   78.49980 -170.10572    253.610     0.6573     0.6577  29.525970  29.524298    34.7457    34.7429    291.230    282.805    -0.1366     4.6667     0.0818     0.0818     0.0191     0.0195      19546    13.5729     100.00     2.2657     1.9738          5  0.000e+00
    250.785   78.49980 -170.10572    253.610     0.6571     0.6573  29.526219  29.524356    34.7462    34.7435    291.431    282.570    -0.1061     4.6667     0.0818     0.0818     0.0191     0.0208      19547    13.5736     100.00     2.2669     1.9725          5  0.000e+00
    250.785   78.49980 -170.10572    253.610     0.6574     0.6577  29.526281  29.524531    34.7459    34.7432    291.429    282.567    -0.1366     4.6667     0.0818     0.0818     0.0191     0.0195      19548    13.5743     100.00     2.2669     1.9725          5  0.000e+00
    250.728   78.49980 -170.10572    253.552     0.6574     0.6575  29.526156  29.524648    34.7457    34.7437    291.227    282.804    -0.1366     4.6667     0.0818     0.0818     0.0191     0.0195      19549    13.5750     100.00     2.2657     1.9738          5  0.000e+00
    250.785   78.49980 -170.10572    253.610     0.6571     0.6574  29.525970  29.524181    34.7458    34.7432    291.231    282.808    -0.1366     4.6667     0.0830     0.0830     0.0191     0.0195      19550    13.5757     100.00     2.2657     1.9738          5  0.000e+00
    250.785   78.49980 -170.10572    253.610     0.6574     0.6575  29.526032  29.524239    34.7456    34.7432    291.229    283.045    -0.1366     4.6667     0.0818     0.0818     0.0191     0.0195      19551    13.5764     100.00     2.2657     1.9750          5  0.000e+00
    250.785   78.49980 -170.10572    253.610     0.6575     0.6576  29.525846  29.524181    34.7452    34.7430    291.229    282.807    -0.1366     4.6667     0.0818     0.0818     0.0191     0.0195      19552    13.5771     100.00     2.2657     1.9738          5  0.000e+00
    250.785   78.49980 -170.10572    253.610     0.6574     0.6575  29.525908  29.524298    34.7454    34.7432    291.230    282.332    -0.1366     4.6667     0.0818     0.0818     0.0191     0.0195      19553    13.5778     100.00     2.2657     1.9713          5  0.000e+00
    250.785   78.49980 -170.10572    253.610     0.6573     0.6576  29.526032  29.524181    34.7457    34.7430    291.230    282.094    -0.1366     4.6667     0.0818     0.0818     0.0191     0.0195      19554    13.5785     100.00     2.2657     1.9701          5  0.000e+00
    250.785   78.49980 -170.10572    253.610     0.6574     0.6574  29.525846  29.524298    34.7453    34.7433    291.230    282.094    -0.1366     4.6667     0.0818     0.0818     0.0191     0.0195      19555    13.5792     100.00     2.2657     1.9701          5  0.000e+00
    250.785   78.49980 -170.10572    253.610     0.6575     0.6573  29.526157  29.524123    34.7456    34.7432    291.027    282.333    -0.1366     4.6667     0.0818     0.0818     0.0191     0.0195      19556    13.5799     100.00     2.2645     1.9713          5  0.000e+00
    250.728   78.49980 -170.10572    253.552     0.6573     0.6574  29.526094  29.524239    34.7458    34.7433    291.228    282.330    -0.1366     4.6667     0.0818     0.0818     0.0191     0.0195      19557    13.5806     100.00     2.2657     1.9713          5  0.000e+00
    250.785   78.49980 -170.10572    253.610     0.6575     0.6573  29.525784  29.524531    34.7451    34.7437    291.229    282.569    -0.1366     4.6667     0.0818     0.0818     0.0191     0.0195      19558    13.5813     100.00     2.2657     1.9725          5  0.000e+00
    250.785   78.49980 -170.10572    253.610     0.6574     0.6574  29.525722  29.524415    34.7451    34.7435    291.230    282.569    -0.1366     4.6667     0.0818     0.0818     0.0191     0.0195      19559    13.5819     100.00     2.2657     1.9725          5  0.000e+00
    250.785   78.49980 -170.10572    253.610     0.6574     0.6572  29.526157  29.524181    34.7457    34.7434    291.229    282.571    -0.1366     4.6667     0.0830     0.0830     0.0191     0.0195      19560    13.5826     100.00     2.2657     1.9725          5  0.000e+00
    250.785   78.49980 -170.10572    253.610     0.6575     0.6573  29.526032  29.523889    34.7454    34.7429    291.229    282.809    -0.1366     4.6667     0.0818     0.0818     0.0191     0.0195      19561    13.5833     100.00     2.2657     1.9738          5  0.000e+00
    250.785   78.49980 -170.10572    253.610     0.6574     0.6575  29.526219  29.524181    34.7458    34.7431    291.229    282.807    -0.1366     4.6667     0.0830     0.0830     0.0191     0.0195      19562    13.5840     100.00     2.2657     1.9738          5  0.000e+00
    250.785   78.49980 -170.10572    253.610     0.6574     0.6573  29.525908  29.524123    34.7454    34.7432    291.230    283.046    -0.1366     4.6667     0.0818     0.0818     0.0191     0.0195      19563    13.5847     100.00     2.2657     1.9750          5  0.000e+00
    250.728   78.49980 -170.10572    253.552     0.6571     0.6573  29.526157  29.523889    34.7461    34.7429    291.229    283.045    -0.1366     4.6654     0.0818     0.0818     0.0201     0.0195      19564    13.5854     100.00     2.2657     1.9750          5  0.000e+00
    250.785   78.49980 -170.10572    253.610     0.6574     0.6573  29.526095  29.524415    34.7456    34.7435    291.229    283.521    -0.1366     4.6667     0.0818     0.0818     0.0191     0.0195      19565    13.5861     100.00     2.2657     1.9774          5  0.000e+00
    250.785   78.49980 -170.10572    253.610     0.6575     0.6573  29.526095  29.524239    34.7455    34.7434    291.028    283.759    -0.1061     4.6667     0.0818     0.0818     0.0191     0.0208      19566    13.5868     100.00     2.2645     1.9787          5  0.000e+00
    250.785   78.49980 -170.10572    253.610     0.6573     0.6575  29.525784  29.524123    34.7454    34.7430    291.231    283.759    -0.1366     4.6667     0.0818     0.0818     0.0191     0.0195      19567    13.5875     100.00     2.2657     1.9787          5  0.000e+00
    250.785   78.49980 -170.10572    253.610     0.6573     0.6573  29.525722  29.524298    34.7453    34.7434    291.030    283.759    -0.1366     4.6667     0.0818     0.0818     0.0191     0.0195      19568    13.5882     100.00     2.2645     1.9787          5  0.000e+00
    250.785   78.49980 -170.10572    253.610     0.6574     0.6575  29.526157  29.524181    34.7457    34.7431    291.229    283.283    -0.1366     4.6667     0.0818     0.0818     0.0191     0.0195      19569    13.5889     100.00     2.2657     1.9762          5  0.000e+00
