Continuous CTD Data/SBE Stage/nabos_26_01.ros
* Sea-Bird SBE 9 Data File:
* FileName = D:\CTD\data\HLY2502\raw\NABOS_26_01.hex
* Software Version Seasave V 7.26.7.110
* Temperature SN = 6954
* Conductivity SN = 2561
* Number of Bytes Per Scan = 37
* Number of Voltage Words = 4
* Number of Scans Averaged by the Deck Unit = 1
* NMEA Latitude = 80 38.91 N
* NMEA Longitude = 161 02.49 E
* NMEA UTC (Time) = Sep 21 2025  03:30:18
* NMEA baud rate = 9600
** Ship: USCG HEALY
** Bot. Depth:  2779
** Cast Number:  01
** Station Name:  NABOS
** Station Number:  26
** Operator:  STARC
# nquan = 25
# nvalues = 1176                                  
# units = specified
# name 0 = depSM: Depth [salt water, m]
# name 1 = latitude: Latitude [deg]
# name 2 = longitude: Longitude [deg]
# name 3 = prDM: Pressure, Digiquartz [db]
# name 4 = t090C: Temperature [ITS-90, deg C]
# name 5 = t190C: Temperature, 2 [ITS-90, deg C]
# name 6 = c0mS/cm: Conductivity [mS/cm]
# name 7 = c1mS/cm: Conductivity, 2 [mS/cm]
# name 8 = sal00: Salinity, Practical [PSU]
# name 9 = sal11: Salinity, Practical, 2 [PSU]
# name 10 = sbox0Mm/Kg: Oxygen, SBE 43 [umol/kg]
# name 11 = sbox1Mm/Kg: Oxygen, SBE 43, 2 [umol/kg]
# name 12 = flECO-AFL: Fluorescence, WET Labs ECO-AFL/FL [mg/m^3]
# name 13 = v2: Voltage 2
# name 14 = wetCDOM: Fluorescence, WET Labs CDOM [mg/m^3]
# name 15 = v6: Voltage 6
# name 16 = CStarAt0: Beam Attenuation, WET Labs C-Star [1/m]
# name 17 = v3: Voltage 3
# name 18 = scan: Scan Count
# name 19 = timeM: Time, Elapsed [minutes]
# name 20 = altM: Altimeter [m]
# name 21 = sbeox0V: Oxygen raw, SBE 43 [V]
# name 22 = sbeox1V: Oxygen raw, SBE 43, 2 [V]
# name 23 = nbf: Bottles Fired
# name 24 = flag:  0.000e+00
# interval = seconds: 0.0416667
# start_time = Sep 21 2025 03:30:18 [NMEA time, header]
# bad_flag = -9.990e-29
*END*
[from data line 1160]
      3.572   80.64942  161.07690      3.611    -1.6767    -1.6767  24.782497  24.777592    31.0819    31.0752    370.467    358.594     0.3213     4.5568     0.1111     0.1111     0.1145     0.0379     202576   140.6771     100.00     2.6062     2.2475         24  0.000e+00
      3.564   80.64942  161.07690      3.602    -1.6770    -1.6762  24.782089  24.777811    31.0817    31.0750    370.471    358.842     0.2908     4.5568     0.1111     0.1111     0.1145     0.0366     202577   140.6778     100.00     2.6062     2.2487         24  0.000e+00
      3.572   80.64942  161.07690      3.611    -1.6770    -1.6760  24.782322  24.777921    31.0820    31.0749    370.470    358.841     0.3213     4.5568     0.1111     0.1111     0.1145     0.0379     202578   140.6785     100.00     2.6062     2.2487         24  0.000e+00
      3.515   80.64942  161.07690      3.553    -1.6770    -1.6759  24.782263  24.778085    31.0820    31.0751    370.468    359.089     0.3213     4.5568     0.1111     0.1111     0.1145     0.0379     202579   140.6792     100.00     2.6062     2.2499         24  0.000e+00
      3.564   80.64942  161.07690      3.602    -1.6772    -1.6754  24.782380  24.778140    31.0823    31.0746    370.257    359.088     0.3518     4.5568     0.1111     0.1111     0.1145     0.0391     202580   140.6799     100.00     2.6050     2.2499         24  0.000e+00
      3.572   80.64942  161.07690      3.611    -1.6772    -1.6757  24.782089  24.778468    31.0819    31.0754    370.473    358.583     0.3213     4.5568     0.1111     0.1111     0.1145     0.0379     202581   140.6806     100.00     2.6062     2.2475         24  0.000e+00
      3.507   80.64942  161.07690      3.544    -1.6773    -1.6748  24.781972  24.778852    31.0819    31.0750    370.257    358.571     0.2908     4.5568     0.1123     0.1123     0.1145     0.0366     202582   140.6813     100.00     2.6050     2.2475         24  0.000e+00
      3.515   80.64942  161.07690      3.553    -1.6773    -1.6751  24.781972  24.778523    31.0819    31.0748    370.471    358.321     0.3213     4.5568     0.1123     0.1123     0.1145     0.0379     202583   140.6819     100.00     2.6062     2.2463         24  0.000e+00
      3.572   80.64942  161.07690      3.611    -1.6773    -1.6750  24.781972  24.778414    31.0819    31.0745    370.260    358.324     0.3213     4.5568     0.1123     0.1123     0.1145     0.0379     202584   140.6826     100.00     2.6050     2.2463         24  0.000e+00
      3.564   80.64942  161.07690      3.602    -1.6770    -1.6745  24.781797  24.778414    31.0813    31.0740    370.258    358.319     0.3213     4.5568     0.1123     0.1123     0.1145     0.0379     202585   140.6833     100.00     2.6050     2.2463         24  0.000e+00
      3.572   80.64942  161.07690      3.611    -1.6767    -1.6739  24.781914  24.778742    31.0811    31.0738    370.469    358.314     0.3213     4.5568     0.1123     0.1123     0.1145     0.0379     202586   140.6840     100.00     2.6062     2.2463         24  0.000e+00
      3.507   80.64942  161.07690      3.544    -1.6765    -1.6741  24.781564  24.778578    31.0805    31.0738    370.252    358.313     0.2908     4.5568     0.1123     0.1123     0.1145     0.0366     202587   140.6847     100.00     2.6050     2.2463         24  0.000e+00
      3.572   80.64942  161.07690      3.611    -1.6765    -1.6748  24.781448  24.778797    31.0803    31.0749    370.470    358.321     0.3213     4.5580     0.1123     0.1123     0.1134     0.0379     202588   140.6854     100.00     2.6062     2.2463         24  0.000e+00
      3.515   80.64942  161.07690      3.553    -1.6767    -1.6753  24.781622  24.778304    31.0808    31.0747    370.253    358.577     0.2908     4.5580     0.1111     0.1111     0.1134     0.0366     202589   140.6861     100.00     2.6050     2.2475         24  0.000e+00
      3.564   80.64942  161.07690      3.602    -1.6767    -1.6756  24.781506  24.778304    31.0806    31.0750    370.470    358.582     0.3213     4.5580     0.1123     0.1123     0.1134     0.0379     202590   140.6868     100.00     2.6062     2.2475         24  0.000e+00
      3.572   80.64942  161.07690      3.611    -1.6767    -1.6756  24.781681  24.778414    31.0808    31.0752    370.256    358.582     0.3213     4.5580     0.1123     0.1123     0.1134     0.0379     202591   140.6875     100.00     2.6050     2.2475         24  0.000e+00
