Continuous CTD Data/SBE Stage/nabos_16_01.ros
* Sea-Bird SBE 9 Data File:
* FileName = D:\CTD\data\HLY2502\raw\NABOS_16_01.hex
* Software Version Seasave V 7.26.7.110
* Temperature SN = 6954
* Conductivity SN = 2561
* Number of Bytes Per Scan = 37
* Number of Voltage Words = 4
* Number of Scans Averaged by the Deck Unit = 1
* NMEA Latitude = 77 05.32 N
* NMEA Longitude = 179 06.61 E
* NMEA UTC (Time) = Sep 17 2025  05:37:32
* NMEA baud rate = 9600
** Ship: USCG HEALY
** Bot. Depth:  1069
** Cast Number:  01
** Station Name:  NABOS
** Station Number:  16
** Operator:  STARC
# nquan = 25
# nvalues = 980                                   
# units = specified
# name 0 = depSM: Depth [salt water, m]
# name 1 = latitude: Latitude [deg]
# name 2 = longitude: Longitude [deg]
# name 3 = prDM: Pressure, Digiquartz [db]
# name 4 = t090C: Temperature [ITS-90, deg C]
# name 5 = t190C: Temperature, 2 [ITS-90, deg C]
# name 6 = c0mS/cm: Conductivity [mS/cm]
# name 7 = c1mS/cm: Conductivity, 2 [mS/cm]
# name 8 = sal00: Salinity, Practical [PSU]
# name 9 = sal11: Salinity, Practical, 2 [PSU]
# name 10 = sbox0Mm/Kg: Oxygen, SBE 43 [umol/kg]
# name 11 = sbox1Mm/Kg: Oxygen, SBE 43, 2 [umol/kg]
# name 12 = flECO-AFL: Fluorescence, WET Labs ECO-AFL/FL [mg/m^3]
# name 13 = v2: Voltage 2
# name 14 = wetCDOM: Fluorescence, WET Labs CDOM [mg/m^3]
# name 15 = v6: Voltage 6
# name 16 = CStarAt0: Beam Attenuation, WET Labs C-Star [1/m]
# name 17 = v3: Voltage 3
# name 18 = scan: Scan Count
# name 19 = timeM: Time, Elapsed [minutes]
# name 20 = altM: Altimeter [m]
# name 21 = sbeox0V: Oxygen raw, SBE 43 [V]
# name 22 = sbeox1V: Oxygen raw, SBE 43, 2 [V]
# name 23 = nbf: Bottles Fired
# name 24 = flag:  0.000e+00
# interval = seconds: 0.0416667
# start_time = Sep 17 2025 05:37:32 [NMEA time, header]
# bad_flag = -9.990e-29
*END*
[from data line 812]
     29.543   77.09496  179.13680     29.858    -1.5878    -1.5873  24.697775  24.698567    30.8573    30.8579    376.679    365.015     0.1381     4.6422     0.1221     0.1221     0.0401     0.0305     103261    71.7083     100.00     2.6362     2.2741         17  0.000e+00
     29.543   77.09496  179.13680     29.858    -1.5881    -1.5873  24.697658  24.698239    30.8575    30.8575    376.897    365.270     0.1381     4.6422     0.1221     0.1221     0.0401     0.0305     103262    71.7090     100.00     2.6374     2.2754         17  0.000e+00
     29.609   77.09496  179.13680     29.925    -1.5878    -1.5872  24.697542  24.698184    30.8570    30.8572    376.684    365.527     0.1381     4.6410     0.1209     0.1209     0.0411     0.0305     103263    71.7097     100.00     2.6362     2.2766         17  0.000e+00
     29.543   77.09496  179.13680     29.858    -1.5880    -1.5873  24.697600  24.698184    30.8573    30.8574    376.467    365.778     0.1381     4.6410     0.1209     0.1209     0.0411     0.0305     103264    71.7104     100.00     2.6350     2.2778         17  0.000e+00
     29.543   77.09496  179.13680     29.858    -1.5876    -1.5875  24.697717  24.698184    30.8571    30.8576    376.678    366.034     0.1381     4.6410     0.1209     0.1209     0.0411     0.0305     103265    71.7111     100.00     2.6362     2.2790         17  0.000e+00
     29.543   77.09496  179.13680     29.858    -1.5878    -1.5874  24.697484  24.698184    30.8569    30.8575    376.465    365.779     0.1381     4.6410     0.1221     0.1221     0.0411     0.0305     103266    71.7118     100.00     2.6350     2.2778         17  0.000e+00
     29.609   77.09496  179.13680     29.925    -1.5878    -1.5873  24.697659  24.698184    30.8571    30.8573    376.683    365.781     0.1381     4.6410     0.1221     0.1221     0.0411     0.0305     103267    71.7125     100.00     2.6362     2.2778         17  0.000e+00
     29.543   77.09496  179.13680     29.858    -1.5878    -1.5873  24.697775  24.698020    30.8573    30.8572    376.465    365.779     0.1381     4.6410     0.1209     0.1209     0.0411     0.0305     103268    71.7132     100.00     2.6350     2.2778         17  0.000e+00
     29.543   77.09496  179.13680     29.858    -1.5880    -1.5873  24.697833  24.698129    30.8576    30.8573    376.466    365.524     0.1381     4.6410     0.1209     0.1209     0.0411     0.0305     103269    71.7139     100.00     2.6350     2.2766         17  0.000e+00
     29.609   77.09496  179.13680     29.925    -1.5881    -1.5873  24.697600  24.698184    30.8574    30.8573    376.471    365.274     0.1076     4.6410     0.1209     0.1209     0.0411     0.0293     103270    71.7146     100.00     2.6350     2.2754         17  0.000e+00
     29.511   77.09496  179.13680     29.825    -1.5881    -1.5875  24.698007  24.698184    30.8580    30.8576    376.464    365.270     0.1381     4.6410     0.1209     0.1209     0.0411     0.0305     103271    71.7153     100.00     2.6350     2.2754         17  0.000e+00
     29.543   77.09496  179.13680     29.858    -1.5881    -1.5875  24.697833  24.698513    30.8577    30.8580    376.681    365.524     0.1687     4.6410     0.1209     0.1209     0.0411     0.0317     103272    71.7160     100.00     2.6362     2.2766         17  0.000e+00
     29.609   77.09496  179.13680     29.925    -1.5882    -1.5874  24.697950  24.698294    30.8580    30.8576    376.471    366.036     0.1687     4.6410     0.1209     0.1209     0.0411     0.0317     103273    71.7167     100.00     2.6350     2.2790         17  0.000e+00
     29.543   77.09496  179.13680     29.858    -1.5883    -1.5875  24.698299  24.698184    30.8585    30.8576    376.681    366.287     0.1687     4.6410     0.1197     0.1197     0.0411     0.0317     103274    71.7174     100.00     2.6362     2.2802         17  0.000e+00
     29.543   77.09496  179.13680     29.858    -1.5884    -1.5873  24.698240  24.697856    30.8586    30.8569    376.468    366.541     0.1687     4.6410     0.1197     0.1197     0.0411     0.0317     103275    71.7181     100.00     2.6350     2.2815         17  0.000e+00
     29.609   77.09496  179.13680     29.925    -1.5883    -1.5878  24.697950  24.698075    30.8580    30.8577    376.686    366.548     0.1687     4.6410     0.1197     0.1197     0.0411     0.0317     103276    71.7188     100.00     2.6362     2.2815         17  0.000e+00
     29.543   77.09496  179.13680     29.858    -1.5885    -1.5879  24.697949  24.697637    30.8583    30.8573    376.685    366.293     0.1687     4.6410     0.1209     0.1209     0.0411     0.0317     103277    71.7194     100.00     2.6362     2.2802         17  0.000e+00
     29.543   77.09496  179.13680     29.858    -1.5883    -1.5878  24.698182  24.697637    30.8584    30.8571    376.467    366.292     0.1381     4.6410     0.1209     0.1209     0.0411     0.0305     103278    71.7201     100.00     2.6350     2.2802         17  0.000e+00
     29.543   77.09496  179.13680     29.858    -1.5883    -1.5875  24.698357  24.697527    30.8586    30.8567    376.466    366.036     0.1687     4.6410     0.1209     0.1209     0.0411     0.0317     103279    71.7208     100.00     2.6350     2.2790         17  0.000e+00
     29.543   77.09496  179.13680     29.858    -1.5884    -1.5873  24.698066  24.697473    30.8584    30.8564    376.469    365.781     0.1687     4.6410     0.1209     0.1209     0.0411     0.0317     103280    71.7215     100.00     2.6350     2.2778         17  0.000e+00
     29.609   77.09496  179.13680     29.925    -1.5882    -1.5871  24.697891  24.697637    30.8579    30.8564    376.471    365.782     0.1687     4.6410     0.1209     0.1209     0.0411     0.0317     103281    71.7222     100.00     2.6350     2.2778         17  0.000e+00
     23.689   77.09508  179.13734     23.941    -1.4693    -1.4699  24.411233  24.403558    30.3471    30.3372    380.794    370.977     0.5350     4.5983     0.1221     0.1221     0.0782     0.0464     105240    73.0826     100.00     2.6604     2.3033         18  0.000e+00
     23.583   77.09508  179.13734     23.834    -1.4691    -1.4699  24.411290  24.403613    30.3470    30.3373    380.785    370.717     0.5350     4.5983     0.1221     0.1221     0.0782     0.0464     105241    73.0833     100.00     2.6604     2.3021         18  0.000e+00
     23.747   77.09508  179.13734     23.999    -1.4693    -1.4698  24.411986  24.403504    30.3481    30.3370    380.579    370.472     0.5655     4.5983     0.1221     0.1221     0.0782     0.0476     105242    73.0840     100.00     2.6592     2.3008         18  0.000e+00
     23.624   77.09508  179.13734     23.875    -1.4695    -1.4700  24.413319  24.403449    30.3501    30.3372    380.782    370.467     0.5350     4.5983     0.1209     0.1209     0.0782     0.0464     105243    73.0847     100.00     2.6604     2.3008         18  0.000e+00
     23.624   77.09508  179.13734     23.875    -1.4693    -1.4700  24.413724  24.403068    30.3506    30.3367    380.565    370.723     0.5655     4.5983     0.1221     0.1221     0.0782     0.0476     105244    73.0854     100.00     2.6592     2.3021         18  0.000e+00
     23.689   77.09508  179.13734     23.941    -1.4693    -1.4700  24.413029  24.402577    30.3496    30.3360    380.786    370.982     0.5350     4.5971     0.1209     0.1209     0.0792     0.0464     105245    73.0861     100.00     2.6604     2.3033         18  0.000e+00
     23.648   77.09508  179.13734     23.900    -1.4693    -1.4699  24.412392  24.402087    30.3487    30.3352    380.572    370.727     0.5350     4.5971     0.1209     0.1209     0.0792     0.0464     105246    73.0868     100.00     2.6592     2.3021         18  0.000e+00
     23.689   77.09508  179.13734     23.941    -1.4692    -1.4701  24.412102  24.401215    30.3481    30.3342    380.574    370.480     0.5350     4.5971     0.1221     0.1221     0.0792     0.0464     105247    73.0875     100.00     2.6592     2.3008         18  0.000e+00
     23.624   77.09508  179.13734     23.875    -1.4693    -1.4699  24.412218  24.400833    30.3485    30.3335    380.571    370.477     0.5350     4.5971     0.1209     0.1209     0.0792     0.0464     105248    73.0882     100.00     2.6592     2.3008         18  0.000e+00
     23.689   77.09508  179.13734     23.941    -1.4693    -1.4700  24.412276  24.400397    30.3485    30.3330    380.575    370.737     0.5655     4.5971     0.1221     0.1221     0.0792     0.0476     105249    73.0889     100.00     2.6592     2.3021         18  0.000e+00
     23.624   77.09508  179.13734     23.875    -1.4696    -1.4699  24.411812  24.399961    30.3482    30.3323    380.790    370.988     0.5655     4.5971     0.1209     0.1209     0.0792     0.0476     105250    73.0896     100.00     2.6604     2.3033         18  0.000e+00
     23.706   77.09508  179.13734     23.958    -1.4692    -1.4700  24.410827  24.399635    30.3464    30.3319    380.580    371.248     0.5350     4.5971     0.1221     0.1221     0.0792     0.0464     105251    73.0903     100.00     2.6592     2.3045         18  0.000e+00
     23.624   77.09508  179.13734     23.875    -1.4692    -1.4700  24.409842  24.399416    30.3451    30.3317    380.794    371.245     0.5350     4.5971     0.1209     0.1209     0.0792     0.0464     105252    73.0910     100.00     2.6604     2.3045         18  0.000e+00
     23.689   77.09508  179.13734     23.941    -1.4692    -1.4700  24.409436  24.399526    30.3445    30.3318    380.585    371.502     0.5350     4.5971     0.1221     0.1221     0.0792     0.0464     105253    73.0917     100.00     2.6592     2.3057         18  0.000e+00
     23.624   77.09508  179.13734     23.875    -1.4692    -1.4698  24.409726  24.399198    30.3450    30.3312    380.581    372.006     0.5350     4.5971     0.1209     0.1209     0.0792     0.0464     105254    73.0924     100.00     2.6592     2.3082         18  0.000e+00
     23.689   77.09508  179.13734     23.941    -1.4690    -1.4702  24.410132  24.398926    30.3453    30.3312    380.580    372.013     0.5350     4.5971     0.1209     0.1209     0.0792     0.0464     105255    73.0931     100.00     2.6592     2.3082         18  0.000e+00
     23.648   77.09508  179.13734     23.900    -1.4693    -1.4700  24.410479  24.398490    30.3461    30.3304    380.580    372.011     0.5655     4.5971     0.1221     0.1221     0.0792     0.0476     105256    73.0938     100.00     2.6592     2.3082         18  0.000e+00
     23.689   77.09508  179.13734     23.941    -1.4692    -1.4700  24.410943  24.399090    30.3466    30.3312    380.793    372.011     0.5350     4.5971     0.1221     0.1221     0.0792     0.0464     105257    73.0944     100.00     2.6604     2.3082         18  0.000e+00
     23.624   77.09508  179.13734     23.875    -1.4692    -1.4700  24.411406  24.400234    30.3472    30.3328    380.573    372.257     0.5655     4.5971     0.1221     0.1221     0.0792     0.0476     105258    73.0951     100.00     2.6592     2.3094         18  0.000e+00
     23.689   77.09508  179.13734     23.941    -1.4691    -1.4699  24.411348  24.401433    30.3470    30.3343    380.790    372.001     0.5350     4.5971     0.1209     0.1209     0.0792     0.0464     105259    73.0958     100.00     2.6604     2.3082         18  0.000e+00
     23.624   77.09508  179.13734     23.875    -1.4692    -1.4696  24.411174  24.403122    30.3469    30.3363    380.574    371.988     0.5350     4.5971     0.1209     0.1209     0.0792     0.0464     105260    73.0965     100.00     2.6592     2.3082         18  0.000e+00
     23.648   77.09508  179.13734     23.900    -1.4693    -1.4698  24.411233  24.404212    30.3471    30.3380    380.791    371.479     0.5350     4.5971     0.1209     0.1209     0.0792     0.0464     105261    73.0972     100.00     2.6604     2.3057         18  0.000e+00
     23.689   77.09508  179.13734     23.941    -1.4692    -1.4697  24.410943  24.404430    30.3466    30.3382    380.793    371.479     0.5350     4.5971     0.1221     0.1221     0.0792     0.0464     105262    73.0979     100.00     2.6604     2.3057         18  0.000e+00
     23.624   77.09508  179.13734     23.875    -1.4692    -1.4697  24.411001  24.404594    30.3467    30.3384    380.575    371.475     0.5655     4.5971     0.1221     0.1221     0.0792     0.0476     105263    73.0986     100.00     2.6592     2.3057         18  0.000e+00
     23.689   77.09508  179.13734     23.941    -1.4692    -1.4696  24.411117  24.404812    30.3468    30.3386    380.578    371.477     0.5350     4.5958     0.1221     0.1221     0.0803     0.0464     105264    73.0993     100.00     2.6592     2.3057         18  0.000e+00
     23.624   77.09508  179.13734     23.875    -1.4692    -1.4699  24.411059  24.404703    30.3467    30.3388    380.789    371.222     0.5655     4.5958     0.1209     0.1209     0.0803     0.0476     105265    73.1000     100.00     2.6604     2.3045         18  0.000e+00
     23.706   77.09508  179.13734     23.958    -1.4692    -1.4698  24.411754  24.404648    30.3476    30.3386    380.576    370.973     0.5350     4.5958     0.1197     0.1197     0.0803     0.0464     105266    73.1007     100.00     2.6592     2.3033         18  0.000e+00
     23.624   77.09508  179.13734     23.875    -1.4691    -1.4697  24.411696  24.404267    30.3475    30.3380    380.571    370.969     0.5350     4.5958     0.1197     0.1197     0.0803     0.0464     105267    73.1014     100.00     2.6592     2.3033         18  0.000e+00
     23.689   77.09508  179.13734     23.941    -1.4693    -1.4698  24.411754  24.403613    30.3478    30.3372    380.791    371.230     0.5350     4.5958     0.1184     0.1184     0.0803     0.0464     105268    73.1021     100.00     2.6604     2.3045         18  0.000e+00
     23.624   77.09508  179.13734     23.875    -1.4693    -1.4697  24.411464  24.403776    30.3475    30.3373    380.574    371.478     0.5350     4.5958     0.1197     0.1197     0.0803     0.0464     105269    73.1028     100.00     2.6592     2.3057         18  0.000e+00
     23.689   77.09508  179.13734     23.941    -1.4692    -1.4695  24.411522  24.404267    30.3474    30.3378    380.576    371.986     0.5350     4.5958     0.1184     0.1184     0.0803     0.0464     105270    73.1035     100.00     2.6592     2.3082         18  0.000e+00
     23.648   77.09508  179.13734     23.900    -1.4692    -1.4696  24.411348  24.404703    30.3471    30.3384    380.574    371.729     0.5350     4.5958     0.1184     0.1184     0.0803     0.0464     105271    73.1042     100.00     2.6592     2.3069         18  0.000e+00
     23.689   77.09508  179.13734     23.941    -1.4691    -1.4696  24.411464  24.404812    30.3471    30.3386    380.575    371.477     0.5350     4.5958     0.1197     0.1197     0.0803     0.0464     105272    73.1049     100.00     2.6592     2.3057         18  0.000e+00
     23.689   77.09508  179.13734     23.942    -1.4692    -1.4698  24.411348  24.404703    30.3471    30.3387    380.577    370.971     0.5350     4.5958     0.1197     0.1197     0.0803     0.0464     105273    73.1056     100.00     2.6592     2.3033         18  0.000e+00
     23.624   77.09508  179.13734     23.875    -1.4693    -1.4697  24.411174  24.404267    30.3471    30.3380    380.790    370.715     0.5655     4.5958     0.1197     0.1197     0.0803     0.0476     105274    73.1063     100.00     2.6604     2.3021         18  0.000e+00
     23.689   77.09508  179.13734     23.942    -1.4692    -1.4695  24.411059  24.404648    30.3468    30.3383    380.793    370.461     0.5350     4.5958     0.1197     0.1197     0.0803     0.0464     105275    73.1069     100.00     2.6604     2.3008         18  0.000e+00
