Continuous CTD Data/SBE Stage/nabos_43_01avg.cnv
* Sea-Bird SBE 9 Data File:
* FileName = D:\CTD\data\HLY2502\raw\NABOS_43_01.hex
* Software Version Seasave V 7.26.7.110
* Temperature SN = 6954
* Conductivity SN = 2561
* Number of Bytes Per Scan = 37
* Number of Voltage Words = 4
* Number of Scans Averaged by the Deck Unit = 1
* NMEA Latitude = 80 49.12 N
* NMEA Longitude = 126 07.68 E
* NMEA UTC (Time) = Sep 28 2025  01:28:20
* NMEA baud rate = 9600
** Ship: USCG HEALY
** Bot. Depth:  3796
** Cast Number:  01
** Station Name:  NABOS
** Station Number:  42
** Operator:  STARC
# nquan = 25
# nvalues = 1214                        
# units = specified
# name 0 = depSM: Depth [salt water, m]
# name 1 = latitude: Latitude [deg]
# name 2 = longitude: Longitude [deg]
# name 3 = prDM: Pressure, Digiquartz [db]
# name 4 = t090C: Temperature [ITS-90, deg C]
# name 5 = t190C: Temperature, 2 [ITS-90, deg C]
# name 6 = c0mS/cm: Conductivity [mS/cm]
# name 7 = c1mS/cm: Conductivity, 2 [mS/cm]
# name 8 = sal00: Salinity, Practical [PSU]
# name 9 = sal11: Salinity, Practical, 2 [PSU]
# name 10 = sbox0Mm/Kg: Oxygen, SBE 43 [umol/kg]
# name 11 = sbox1Mm/Kg: Oxygen, SBE 43, 2 [umol/kg]
# name 12 = flECO-AFL: Fluorescence, WET Labs ECO-AFL/FL [mg/m^3]
# name 13 = v2: Voltage 2
# name 14 = wetCDOM: Fluorescence, WET Labs CDOM [mg/m^3]
# name 15 = v6: Voltage 6
# name 16 = CStarAt0: Beam Attenuation, WET Labs C-Star [1/m]
# name 17 = v3: Voltage 3
# name 18 = scan: Scan Count
# name 19 = timeM: Time, Elapsed [minutes]
# name 20 = altM: Altimeter [m]
# name 21 = sbeox0V: Oxygen raw, SBE 43 [V]
# name 22 = sbeox1V: Oxygen raw, SBE 43, 2 [V]
# name 23 = nbin: number of scans per bin
# name 24 = flag: flag
# span 0 =      3.958,   1200.581       
# span 1 =   80.81874,   80.81997       
# span 2 =  126.12950,  126.15184       
# span 3 =      4.000,   1217.000       
# span 4 =    -1.8260,     1.6673       
# span 5 =    -1.8259,     1.6670       
# span 6 =  23.165564,  30.501294       
# span 7 =  23.186026,  30.498894       
# span 8 =    28.7558,    34.9081       
# span 9 =    28.7822,    34.9052       
# span 10 =    287.955,    380.084      
# span 11 =    281.377,    372.974      
# span 12 =    -0.1802,     0.3221      
# span 13 =     4.5550,     4.6337      
# span 14 =     0.0681,     0.1236      
# span 15 =     0.0681,     0.1236      
# span 16 =     0.0474,     0.1161      
# span 17 =     0.0178,     0.0379      
# span 18 =       2877,      46355      
# span 19 =     1.9974,    32.1903      
# span 20 =     100.00,     100.00      
# span 21 =     1.9924,     2.6848      
# span 22 =     1.7585,     2.3321      
# span 23 =          9,         29      
# span 24 = 0.0000e+00, 0.0000e+00      
# interval = decibars: 1                
# start_time = Sep 28 2025 01:28:20 [NMEA time, header]
# bad_flag = -9.990e-29
*END*
[from data line 812]
    805.760   80.81940  126.14120    816.000    -0.1063    -0.1063  29.215776  29.213542    34.8680    34.8650    292.219    288.727    -0.1654     4.6312     0.0838     0.0838     0.0497     0.0184      25612    17.7854     100.00     2.1099     1.8691         16 0.0000e+00
    806.746   80.81940  126.14121    817.000    -0.1076    -0.1077  29.215123  29.212838    34.8680    34.8651    292.184    287.111    -0.1393     4.6303     0.0831     0.0831     0.0503     0.0194      25637    17.8030     100.00     2.1095     1.8613         17 0.0000e+00
    807.732   80.81940  126.14122    818.000    -0.1099    -0.1102  29.213479  29.210837    34.8679    34.8647    292.257    287.150    -0.1665     4.6314     0.0836     0.0836     0.0495     0.0183      25663    17.8208     100.00     2.1095     1.8612         19 0.0000e+00
    808.717   80.81940  126.14124    819.000    -0.1138    -0.1139  29.210536  29.208122    34.8678    34.8647    292.236    288.036    -0.1691     4.6315     0.0845     0.0845     0.0494     0.0182      25688    17.8382     100.00     2.1090     1.8650         15 0.0000e+00
    809.703   80.81940  126.14126    820.000    -0.1149    -0.1151  29.209968  29.207478    34.8677    34.8646    292.112    287.860    -0.1597     4.6313     0.0847     0.0847     0.0496     0.0186      25713    17.8557     100.00     2.1080     1.8640         17 0.0000e+00
    810.688   80.81940  126.14126    821.000    -0.1166    -0.1167  29.208840  29.206529    34.8676    34.8646    291.955    289.048    -0.1300     4.6312     0.0842     0.0842     0.0497     0.0198      25739    17.8733     100.00     2.1069     1.8693         19 0.0000e+00
    811.674   80.81940  126.14128    822.000    -0.1198    -0.1198  29.206428  29.204246    34.8674    34.8645    291.886    288.590    -0.1330     4.6310     0.0844     0.0844     0.0498     0.0197      25764    17.8907     100.00     2.1061     1.8669         17 0.0000e+00
    812.659   80.81940  126.14130    823.000    -0.1223    -0.1223  29.204685  29.202541    34.8673    34.8645    291.939    288.589    -0.1279     4.6312     0.0847     0.0847     0.0497     0.0199      25789    17.9082     100.00     2.1061     1.8666         18 0.0000e+00
    813.645   80.81940  126.14130    824.000    -0.1210    -0.1212  29.206285  29.203969    34.8674    34.8645    291.885    288.657    -0.1309     4.6312     0.0845     0.0845     0.0497     0.0197      25814    17.9257     100.00     2.1056     1.8668         16 0.0000e+00
    814.630   80.81940  126.14132    825.000    -0.1219    -0.1220  29.206010  29.203580    34.8675    34.8644    291.938    289.325    -0.1302     4.6312     0.0835     0.0835     0.0497     0.0198      25839    17.9433     100.00     2.1057     1.8697         19 0.0000e+00
    815.615   80.81940  126.14132    826.000    -0.1236    -0.1237  29.204792  29.202480    34.8672    34.8643    292.089    288.419    -0.1353     4.6312     0.0841     0.0841     0.0497     0.0196      25865    17.9609     100.00     2.1062     1.8652         18 0.0000e+00
    816.601   80.81940  126.14134    827.000    -0.1216    -0.1215  29.207578  29.205326    34.8680    34.8649    292.166    288.306    -0.1688     4.6315     0.0847     0.0847     0.0494     0.0182      25890    17.9784     100.00     2.1066     1.8646         18 0.0000e+00
    817.586   80.81940  126.14136    828.000    -0.1181    -0.1181  29.211544  29.209302    34.8687    34.8658    292.277    287.729    -0.1315     4.6313     0.0852     0.0852     0.0496     0.0197      25915    17.9956     100.00     2.1071     1.8618         14 0.0000e+00
    818.572   80.81940  126.14136    829.000    -0.1181    -0.1181  29.212247  29.209942    34.8690    34.8661    292.265    289.246    -0.1685     4.6312     0.0856     0.0856     0.0496     0.0182      25941    18.0136     100.00     2.1069     1.8688         21 0.0000e+00
    819.558   80.81940  126.14139    830.000    -0.1224    -0.1224  29.209152  29.206771    34.8693    34.8662    292.339    288.516    -0.1748     4.6310     0.0852     0.0852     0.0499     0.0180      25965    18.0309     100.00     2.1068     1.8650         16 0.0000e+00
    820.543   80.81941  126.14140    831.000    -0.1372    -0.1372  29.196899  29.194545    34.8692    34.8662    292.385    288.314    -0.1701     4.6313     0.0849     0.0849     0.0496     0.0182      25991    18.0486     100.00     2.1062     1.8633         22 0.0000e+00
    821.529   80.81942  126.14141    832.000    -0.1418    -0.1419  29.193945  29.191549    34.8700    34.8669    292.295    288.320    -0.1389     4.6312     0.0852     0.0852     0.0497     0.0194      26016    18.0660     100.00     2.1053     1.8630         16 0.0000e+00
    822.514   80.81942  126.14142    833.000    -0.1476    -0.1477  29.190233  29.187901    34.8711    34.8681    292.221    288.611    -0.1286     4.6310     0.0843     0.0843     0.0498     0.0198      26041    18.0835     100.00     2.1043     1.8639         16 0.0000e+00
    823.499   80.81942  126.14143    834.000    -0.1472    -0.1473  29.190979  29.188670    34.8710    34.8681    292.133    288.958    -0.1298     4.6313     0.0834     0.0834     0.0496     0.0198      26067    18.1011     100.00     2.1036     1.8654         18 0.0000e+00
    824.485   80.81942  126.14145    835.000    -0.1474    -0.1475  29.191196  29.188790    34.8709    34.8679    292.259    288.589    -0.1386     4.6313     0.0846     0.0846     0.0496     0.0194      26092    18.1186     100.00     2.1041     1.8635         14 0.0000e+00
    825.470   80.81942  126.14146    836.000    -0.1548    -0.1547  29.184908  29.182655    34.8704    34.8674    292.334    288.795    -0.1689     4.6313     0.0832     0.0832     0.0496     0.0182      26117    18.1363     100.00     2.1040     1.8640         19 0.0000e+00
    826.456   80.81942  126.14147    837.000    -0.1611    -0.1613  29.179823  29.177378    34.8702    34.8672    292.239    288.919    -0.1732     4.6312     0.0844     0.0844     0.0497     0.0181      26142    18.1538     100.00     2.1029     1.8641         15 0.0000e+00
    827.441   80.81942  126.14149    838.000    -0.1615    -0.1616  29.179783  29.177456    34.8701    34.8671    292.089    288.535    -0.1672     4.6315     0.0835     0.0835     0.0494     0.0183      26168    18.1714     100.00     2.1019     1.8621         18 0.0000e+00
    828.426   80.81942  126.14150    839.000    -0.1615    -0.1616  29.180152  29.177735    34.8700    34.8669    292.042    287.794    -0.1505     4.6308     0.0833     0.0833     0.0500     0.0190      26193    18.1889     100.00     2.1014     1.8585         18 0.0000e+00
    829.412   80.81942  126.14152    840.000    -0.1618    -0.1619  29.180340  29.177977    34.8700    34.8670    291.989    289.074    -0.1329     4.6312     0.0841     0.0841     0.0497     0.0197      26218    18.2064     100.00     2.1009     1.8643         16 0.0000e+00
    830.397   80.81942  126.14152    841.000    -0.1621    -0.1621  29.180406  29.178211    34.8698    34.8669    292.016    289.024    -0.1296     4.6314     0.0831     0.0831     0.0495     0.0198      26243    18.2239     100.00     2.1008     1.8638         17 0.0000e+00
    831.383   80.81942  126.14154    842.000    -0.1629    -0.1631  29.180144  29.177796    34.8698    34.8669    292.113    288.445    -0.1326     4.6313     0.0828     0.0828     0.0496     0.0197      26269    18.2415     100.00     2.1011     1.8609         15 0.0000e+00
    832.368   80.81942  126.14156    843.000    -0.1643    -0.1643  29.179257  29.176967    34.8696    34.8666    292.186    288.011    -0.1322     4.6314     0.0837     0.0837     0.0495     0.0197      26294    18.2589     100.00     2.1012     1.8587         14 0.0000e+00
    833.353   80.81942  126.14156    844.000    -0.1658    -0.1657  29.178351  29.176166    34.8695    34.8665    292.168    288.679    -0.1309     4.6314     0.0838     0.0838     0.0495     0.0197      26319    18.2765     100.00     2.1008     1.8616         16 0.0000e+00
    834.339   80.81942  126.14158    845.000    -0.1670    -0.1671  29.177711  29.175423    34.8694    34.8665    292.192    288.554    -0.1401     4.6312     0.0842     0.0842     0.0497     0.0194      26344    18.2939     100.00     2.1007     1.8608         16 0.0000e+00
    835.324   80.81942  126.14158    846.000    -0.1688    -0.1690  29.176452  29.174033    34.8692    34.8663    292.281    288.731    -0.1634     4.6312     0.0853     0.0853     0.0497     0.0184      26369    18.3114     100.00     2.1009     1.8613         14 0.0000e+00
    836.310   80.81942  126.14160    847.000    -0.1714    -0.1714  29.174583  29.172336    34.8692    34.8662    292.400    288.410    -0.1651     4.6315     0.0844     0.0844     0.0495     0.0184      26395    18.3291     100.00     2.1012     1.8595         15 0.0000e+00
    837.295   80.81942  126.14162    848.000    -0.1740    -0.1742  29.172668  29.170260    34.8690    34.8660    292.296    288.514    -0.1672     4.6314     0.0843     0.0843     0.0495     0.0183      26420    18.3468     100.00     2.1003     1.8597         16 0.0000e+00
    838.280   80.81942  126.14162    849.000    -0.1784    -0.1790  29.169081  29.166351    34.8687    34.8657    292.247    288.795    -0.1671     4.6318     0.0833     0.0833     0.0492     0.0183      26445    18.3642     100.00     2.0996     1.8607         13 0.0000e+00
    839.266   80.81942  126.14164    850.000    -0.1829    -0.1832  29.165765  29.163174    34.8687    34.8656    292.289    288.787    -0.1693     4.6315     0.0846     0.0846     0.0494     0.0182      26471    18.3819     100.00     2.0994     1.8603         15 0.0000e+00
    840.251   80.81942  126.14165    851.000    -0.1841    -0.1841  29.164858  29.162573    34.8683    34.8653    292.183    288.745    -0.1431     4.6314     0.0845     0.0845     0.0495     0.0193      26496    18.3994     100.00     2.0985     1.8599         15 0.0000e+00
    841.236   80.81942  126.14167    852.000    -0.1900    -0.1902  29.160205  29.157721    34.8682    34.8652    292.204    288.904    -0.1732     4.6313     0.0834     0.0834     0.0496     0.0181      26521    18.4169     100.00     2.0982     1.8602         14 0.0000e+00
    842.222   80.81942  126.14168    853.000    -0.1929    -0.1930  29.157871  29.155674    34.8679    34.8650    292.212    288.757    -0.1671     4.6318     0.0841     0.0841     0.0491     0.0183      26547    18.4345     100.00     2.0979     1.8592         14 0.0000e+00
    843.207   80.81942  126.14169    854.000    -0.1995    -0.1996  29.152605  29.150205    34.8677    34.8647    292.316    288.484    -0.1710     4.6315     0.0844     0.0844     0.0494     0.0181      26572    18.4520     100.00     2.0979     1.8575         16 0.0000e+00
    844.193   80.81942  126.14171    855.000    -0.2048    -0.2049  29.148565  29.146012    34.8678    34.8646    292.337    288.972    -0.1732     4.6319     0.0843     0.0843     0.0491     0.0181      26597    18.4696     100.00     2.0976     1.8594         15 0.0000e+00
    845.178   80.81942  126.14172    856.000    -0.2041    -0.2042  29.149449  29.147059    34.8677    34.8646    292.371    288.612    -0.1696     4.6313     0.0852     0.0852     0.0496     0.0182      26622    18.4870     100.00     2.0976     1.8576         13 0.0000e+00
    846.163   80.81942  126.14173    857.000    -0.2051    -0.2051  29.149110  29.146819    34.8677    34.8647    292.395    289.033    -0.1738     4.6313     0.0852     0.0852     0.0496     0.0180      26648    18.5047     100.00     2.0974     1.8593         14 0.0000e+00
    847.149   80.81942  126.14174    858.000    -0.2028    -0.2027  29.151747  29.149560    34.8681    34.8651    292.404    289.231    -0.1456     4.6313     0.0841     0.0841     0.0496     0.0192      26673    18.5221     100.00     2.0974     1.8602         13 0.0000e+00
    848.134   80.81944  126.14176    859.000    -0.1956    -0.1958  29.159480  29.157056    34.8696    34.8666    292.259    289.182    -0.1342     4.6313     0.0832     0.0832     0.0496     0.0196      26698    18.5396     100.00     2.0967     1.8601         14 0.0000e+00
    849.119   80.81944  126.14178    860.000    -0.1871    -0.1871  29.168146  29.165962    34.8709    34.8680    292.023    289.089    -0.1681     4.6313     0.0837     0.0837     0.0496     0.0183      26723    18.5572     100.00     2.0957     1.8598         14 0.0000e+00
    850.104   80.81944  126.14178    861.000    -0.1810    -0.1811  29.175050  29.172704    34.8725    34.8694    292.047    288.496    -0.1627     4.6311     0.0856     0.0856     0.0497     0.0185      26749    18.5748     100.00     2.0959     1.8571         14 0.0000e+00
    851.090   80.81944  126.14180    862.000    -0.1777    -0.1777  29.179104  29.176807    34.8736    34.8705    292.023    288.418    -0.1596     4.6313     0.0845     0.0845     0.0496     0.0186      26774    18.5922     100.00     2.0957     1.8567         12 0.0000e+00
    852.075   80.81944  126.14180    863.000    -0.1788    -0.1791  29.178730  29.176242    34.8736    34.8707    291.773    287.946    -0.1284     4.6313     0.0834     0.0834     0.0496     0.0198      26799    18.6099     100.00     2.0941     1.8543         14 0.0000e+00
    853.061   80.81944  126.14182    864.000    -0.1821    -0.1823  29.176381  29.174057    34.8738    34.8709    291.588    288.850    -0.1360     4.6313     0.0833     0.0833     0.0496     0.0195      26825    18.6274     100.00     2.0927     1.8582         13 0.0000e+00
    854.046   80.81944  126.14184    865.000    -0.1852    -0.1853  29.174243  29.171863    34.8738    34.8708    291.613    288.337    -0.1514     4.6315     0.0843     0.0843     0.0494     0.0189      26850    18.6451     100.00     2.0925     1.8555         15 0.0000e+00
    855.031   80.81944  126.14184    866.000    -0.1869    -0.1873  29.173089  29.170644    34.8737    34.8708    291.700    288.405    -0.1394     4.6313     0.0836     0.0836     0.0496     0.0194      26875    18.6625     100.00     2.0926     1.8556         14 0.0000e+00
    856.016   80.81944  126.14186    867.000    -0.1882    -0.1883  29.172432  29.170176    34.8736    34.8708    291.718    288.296    -0.1309     4.6315     0.0836     0.0836     0.0494     0.0197      26900    18.6801     100.00     2.0925     1.8549         15 0.0000e+00
    857.002   80.81944  126.14187    868.000    -0.1886    -0.1887  29.172460  29.170148    34.8736    34.8707    291.680    288.289    -0.1618     4.6315     0.0834     0.0834     0.0495     0.0185      26926    18.6977     100.00     2.0921     1.8546         16 0.0000e+00
    857.987   80.81944  126.14189    869.000    -0.1894    -0.1896  29.172219  29.169813    34.8736    34.8706    291.633    288.380    -0.1344     4.6313     0.0840     0.0840     0.0496     0.0196      26951    18.7151     100.00     2.0915     1.8549         16 0.0000e+00
    858.972   80.81944  126.14190    870.000    -0.1904    -0.1905  29.171766  29.169333    34.8736    34.8705    291.646    288.060    -0.1579     4.6314     0.0834     0.0834     0.0495     0.0187      26976    18.7327     100.00     2.0913     1.8532         18 0.0000e+00
    859.957   80.81944  126.14191    871.000    -0.1917    -0.1919  29.170972  29.168442    34.8734    34.8703    291.609    288.199    -0.1351     4.6316     0.0834     0.0834     0.0493     0.0196      27001    18.7503     100.00     2.0908     1.8536         17 0.0000e+00
    860.943   80.81944  126.14192    872.000    -0.1946    -0.1948  29.168931  29.166415    34.8734    34.8703    291.629    288.470    -0.1366     4.6314     0.0842     0.0842     0.0495     0.0195      27026    18.7674     100.00     2.0906     1.8545         12 0.0000e+00
