Continuous CTD Data/SBE Stage/nabos_10_01avg.cnv
* Sea-Bird SBE 9 Data File:
* FileName = D:\CTD\data\HLY2502\raw\NABOS_10_01.hex
* Software Version Seasave V 7.26.7.110
* Temperature SN = 6954
* Conductivity SN = 2561
* Number of Bytes Per Scan = 37
* Number of Voltage Words = 4
* Number of Scans Averaged by the Deck Unit = 1
* NMEA Latitude = 76 35.18 N
* NMEA Longitude = 179 42.41 W
* NMEA UTC (Time) = Sep 16 2025  00:09:49
* NMEA baud rate = 9600
** Ship: USCG HEALY
** Bot. Depth:  1171
** Cast Number:  01
** Station Name:  NABOS
** Station Number:  10
** Operator:  STARC
** normal CTD cast down to 1165m
# nquan = 25
# nvalues = 1181                        
# units = specified
# name 0 = depSM: Depth [salt water, m]
# name 1 = latitude: Latitude [deg]
# name 2 = longitude: Longitude [deg]
# name 3 = prDM: Pressure, Digiquartz [db]
# name 4 = t090C: Temperature [ITS-90, deg C]
# name 5 = t190C: Temperature, 2 [ITS-90, deg C]
# name 6 = c0mS/cm: Conductivity [mS/cm]
# name 7 = c1mS/cm: Conductivity, 2 [mS/cm]
# name 8 = sal00: Salinity, Practical [PSU]
# name 9 = sal11: Salinity, Practical, 2 [PSU]
# name 10 = sbox0Mm/Kg: Oxygen, SBE 43 [umol/kg]
# name 11 = sbox1Mm/Kg: Oxygen, SBE 43, 2 [umol/kg]
# name 12 = flECO-AFL: Fluorescence, WET Labs ECO-AFL/FL [mg/m^3]
# name 13 = v2: Voltage 2
# name 14 = wetCDOM: Fluorescence, WET Labs CDOM [mg/m^3]
# name 15 = v6: Voltage 6
# name 16 = CStarAt0: Beam Attenuation, WET Labs C-Star [1/m]
# name 17 = v3: Voltage 3
# name 18 = scan: Scan Count
# name 19 = timeM: Time, Elapsed [minutes]
# name 20 = altM: Altimeter [m]
# name 21 = sbeox0V: Oxygen raw, SBE 43 [V]
# name 22 = sbeox1V: Oxygen raw, SBE 43, 2 [V]
# name 23 = nbin: number of scans per bin
# name 24 = flag: flag
# span 0 =      2.969,   1167.309       
# span 1 =   76.58586,   76.58628       
# span 2 = -179.70854, -179.70707       
# span 3 =      3.000,   1183.000       
# span 4 =    -1.6718,     0.8759       
# span 5 =    -1.6713,     0.8760       
# span 6 =  23.127331,  29.783233       
# span 7 =  23.126900,  29.781765       
# span 8 =    28.6548,    34.8871       
# span 9 =    28.6532,    34.8851       
# span 10 =    276.498,    381.378      
# span 11 =    270.026,    372.414      
# span 12 =    -0.1823,     0.5475      
# span 13 =     4.5737,     4.6633      
# span 14 =     0.0721,     0.1219      
# span 15 =     0.0721,     0.1219      
# span 16 =     0.0219,     0.0997      
# span 17 =     0.0177,     0.0469      
# span 18 =       3547,      39558      
# span 19 =     2.4628,    27.4698      
# span 20 =       6.47,     100.00      
# span 21 =     1.9510,     2.6633      
# span 22 =     1.7234,     2.3121      
# span 23 =          8,         29      
# span 24 = 0.0000e+00, 0.0000e+00      
# interval = decibars: 1                
# start_time = Sep 16 2025 00:09:49 [NMEA time, header]
# bad_flag = -9.990e-29
*END*
[from data line 638]
    633.317   76.58594 -179.70814    641.000     0.2572     0.2578  29.415944  29.414955    34.8232    34.8211    295.620    290.828    -0.1335     4.6627     0.0835     0.0835     0.0225     0.0196      22263    15.4598     100.00     2.1843     1.9252         10 0.0000e+00
    634.304   76.58594 -179.70816    642.000     0.2657     0.2661  29.424606  29.423308    34.8244    34.8222    295.479    290.373    -0.1714     4.6624     0.0836     0.0836     0.0228     0.0181      22287    15.4761     100.00     2.1837     1.9231          8 0.0000e+00
    635.290   76.58594 -179.70816    643.000     0.2809     0.2815  29.439053  29.437795    34.8256    34.8233    295.298    289.952    -0.1547     4.6620     0.0827     0.0827     0.0231     0.0188      22312    15.4939     100.00     2.1832     1.9215         12 0.0000e+00
    636.276   76.58594 -179.70816    644.000     0.2715     0.2709  29.430970  29.429237    34.8250    34.8234    295.554    290.362    -0.1477     4.6618     0.0817     0.0817     0.0233     0.0191      22338    15.5115     100.00     2.1840     1.9229         16 0.0000e+00
    637.263   76.58594 -179.70816    645.000     0.2696     0.2694  29.430025  29.428327    34.8254    34.8233    295.525    289.233    -0.1706     4.6621     0.0831     0.0831     0.0230     0.0182      22362    15.5283     100.00     2.1835     1.9172         12 0.0000e+00
    638.249   76.58594 -179.70816    646.000     0.2700     0.2696  29.430749  29.428896    34.8253    34.8232    295.300    289.713    -0.1721     4.6617     0.0819     0.0819     0.0234     0.0181      22386    15.5453     100.00     2.1820     1.9194         12 0.0000e+00
    639.236   76.58593 -179.70816    647.000     0.2493     0.2489  29.412113  29.410178    34.8236    34.8214    295.316    292.309    -0.1718     4.6619     0.0836     0.0836     0.0232     0.0181      22411    15.5626     100.00     2.1809     1.9308         13 0.0000e+00
    640.222   76.58592 -179.70816    648.000     0.2237     0.2242  29.391245  29.390081    34.8243    34.8223    295.444    291.284    -0.1420     4.6618     0.0832     0.0832     0.0233     0.0193      22436    15.5795     100.00     2.1801     1.9247         13 0.0000e+00
    641.209   76.58592 -179.70816    649.000     0.2273     0.2266  29.395146  29.392796    34.8248    34.8226    295.388    290.675    -0.1343     4.6616     0.0830     0.0830     0.0234     0.0196      22460    15.5968     100.00     2.1797     1.9217         13 0.0000e+00
    642.196   76.58592 -179.70816    650.000     0.2270     0.2272  29.395343  29.393828    34.8249    34.8226    295.496    290.839    -0.1640     4.6618     0.0829     0.0829     0.0233     0.0184      22485    15.6136     100.00     2.1801     1.9223         11 0.0000e+00
    643.182   76.58592 -179.70816    651.000     0.2183     0.2189  29.388044  29.386967    34.8245    34.8225    295.613    290.158    -0.1399     4.6619     0.0834     0.0834     0.0232     0.0194      22509    15.6306     100.00     2.1802     1.9185         11 0.0000e+00
    644.168   76.58592 -179.70816    652.000     0.2086     0.2090  29.380146  29.378895    34.8245    34.8224    295.666    290.946    -0.1708     4.6621     0.0839     0.0839     0.0230     0.0182      22534    15.6480     100.00     2.1798     1.9217         13 0.0000e+00
    645.155   76.58592 -179.70816    653.000     0.2040     0.2033  29.376204  29.374141    34.8240    34.8221    295.739    290.776    -0.1639     4.6620     0.0827     0.0827     0.0231     0.0184      22558    15.6647     100.00     2.1797     1.9205         11 0.0000e+00
    646.141   76.58592 -179.70817    654.000     0.1983     0.1984  29.371667  29.370178    34.8238    34.8217    295.862    290.828    -0.1437     4.6624     0.0818     0.0818     0.0227     0.0192      22583    15.6819     100.00     2.1799     1.9203         12 0.0000e+00
    647.127   76.58592 -179.70818    655.000     0.1977     0.1974  29.371470  29.369417    34.8237    34.8213    295.828    289.818    -0.1693     4.6624     0.0818     0.0818     0.0227     0.0182      22607    15.6987     100.00     2.1795     1.9152          8 0.0000e+00
    648.114   76.58592 -179.70818    656.000     0.1992     0.1989  29.373008  29.371206    34.8235    34.8214    295.817    290.143    -0.1541     4.6621     0.0829     0.0829     0.0230     0.0188      22632    15.7161     100.00     2.1792     1.9167         14 0.0000e+00
    649.100   76.58592 -179.70818    657.000     0.2011     0.2005  29.375296  29.373146    34.8237    34.8216    295.728    292.542    -0.1765     4.6623     0.0830     0.0830     0.0228     0.0179      22657    15.7332     100.00     2.1786     1.9281         12 0.0000e+00
    650.087   76.58592 -179.70818    658.000     0.2043     0.2058  29.378522  29.378212    34.8238    34.8216    295.870    291.400    -0.1668     4.6623     0.0839     0.0839     0.0228     0.0183      22681    15.7503     100.00     2.1794     1.9227         14 0.0000e+00
    651.073   76.58592 -179.70818    659.000     0.2074     0.2072  29.381914  29.380129    34.8241    34.8220    295.792    290.836    -0.1395     4.6620     0.0833     0.0833     0.0231     0.0194      22706    15.7674     100.00     2.1788     1.9198         11 0.0000e+00
    652.060   76.58592 -179.70818    660.000     0.2080     0.2078  29.382903  29.381013    34.8241    34.8219    295.788    289.190    -0.1619     4.6624     0.0830     0.0830     0.0228     0.0185      22731    15.7849     100.00     2.1786     1.9117         18 0.0000e+00
    653.046   76.58592 -179.70818    661.000     0.2088     0.2083  29.384038  29.381892    34.8242    34.8218    295.745    289.521    -0.1673     4.6623     0.0829     0.0829     0.0229     0.0183      22755    15.8016     100.00     2.1782     1.9131         15 0.0000e+00
    654.033   76.58592 -179.70818    662.000     0.2085     0.2085  29.384085  29.382467    34.8240    34.8218    295.636    292.417    -0.1671     4.6623     0.0830     0.0830     0.0228     0.0183      22780    15.8190     100.00     2.1774     1.9269         14 0.0000e+00
    655.019   76.58592 -179.70818    663.000     0.2086     0.2084  29.384710  29.382945    34.8241    34.8219    295.587    291.183    -0.1388     4.6619     0.0830     0.0830     0.0232     0.0194      22804    15.8357     100.00     2.1769     1.9208         11 0.0000e+00
    656.005   76.58592 -179.70818    664.000     0.2085     0.2086  29.385097  29.383568    34.8241    34.8219    295.528    290.980    -0.1728     4.6618     0.0830     0.0830     0.0233     0.0181      22830    15.8532     100.00     2.1763     1.9196         16 0.0000e+00
    656.992   76.58592 -179.70818    665.000     0.2087     0.2087  29.385738  29.384032    34.8241    34.8219    295.726    290.617    -0.1670     4.6626     0.0829     0.0829     0.0226     0.0183      22854    15.8701     100.00     2.1772     1.9177         14 0.0000e+00
    657.978   76.58592 -179.70818    666.000     0.2111     0.2119  29.388516  29.387628    34.8245    34.8224    295.694    289.957    -0.1561     4.6622     0.0819     0.0819     0.0229     0.0187      22878    15.8871     100.00     2.1769     1.9145         13 0.0000e+00
    658.964   76.58592 -179.70818    667.000     0.2186     0.2190  29.395730  29.394389    34.8250    34.8227    295.639    289.130    -0.1504     4.6621     0.0828     0.0828     0.0230     0.0190      22903    15.9039     100.00     2.1768     1.9106         11 0.0000e+00
    659.951   76.58592 -179.70820    668.000     0.2182     0.2181  29.395842  29.394110    34.8250    34.8228    295.620    291.447    -0.1476     4.6626     0.0830     0.0830     0.0226     0.0191      22928    15.9213     100.00     2.1764     1.9215         14 0.0000e+00
    660.937   76.58592 -179.70820    669.000     0.2169     0.2164  29.395038  29.393030    34.8248    34.8228    295.671    291.260    -0.1591     4.6625     0.0830     0.0830     0.0227     0.0186      22952    15.9385     100.00     2.1764     1.9204         16 0.0000e+00
    661.923   76.58592 -179.70820    670.000     0.2141     0.2144  29.393119  29.391777    34.8248    34.8227    295.831    290.944    -0.1719     4.6620     0.0830     0.0830     0.0231     0.0181      22976    15.9551     100.00     2.1770     1.9186         11 0.0000e+00
    662.910   76.58592 -179.70820    671.000     0.2139     0.2140  29.393432  29.391903    34.8249    34.8227    295.793    289.517    -0.1731     4.6623     0.0836     0.0836     0.0228     0.0181      23002    15.9727     100.00     2.1765     1.9115         15 0.0000e+00
    663.896   76.58592 -179.70820    672.000     0.2144     0.2144  29.394335  29.392658    34.8249    34.8228    295.817    288.269    -0.1718     4.6626     0.0836     0.0836     0.0225     0.0181      23026    15.9893     100.00     2.1765     1.9054         13 0.0000e+00
    664.883   76.58592 -179.70820    673.000     0.2089     0.2082  29.389588  29.387428    34.8243    34.8222    295.698    290.586    -0.1695     4.6625     0.0822     0.0822     0.0227     0.0182      23051    16.0067     100.00     2.1753     1.9161         13 0.0000e+00
    665.869   76.58592 -179.70820    674.000     0.1813     0.1808  29.365996  29.364017    34.8238    34.8218    295.892    291.873    -0.1605     4.6628     0.0838     0.0838     0.0224     0.0186      23076    16.0240     100.00     2.1748     1.9209         13 0.0000e+00
    666.855   76.58592 -179.70820    675.000     0.1429     0.1433  29.331934  29.330577    34.8218    34.8196    296.083    291.522    -0.1343     4.6623     0.0830     0.0830     0.0229     0.0196      23100    16.0413     100.00     2.1737     1.9175         13 0.0000e+00
    667.842   76.58592 -179.70820    676.000     0.1242     0.1245  29.316486  29.315100    34.8220    34.8198    296.086    291.143    -0.1720     4.6621     0.0830     0.0830     0.0230     0.0181      23125    16.0582     100.00     2.1726     1.9147         15 0.0000e+00
    668.828   76.58592 -179.70820    677.000     0.1249     0.1251  29.316927  29.315584    34.8212    34.8192    296.113    290.540    -0.1671     4.6627     0.0830     0.0830     0.0225     0.0183      23149    16.0748     100.00     2.1725     1.9117         11 0.0000e+00
    669.814   76.58592 -179.70820    678.000     0.1238     0.1236  29.316296  29.314497    34.8211    34.8189    296.338    291.318    -0.1487     4.6625     0.0830     0.0830     0.0226     0.0190      23174    16.0923     100.00     2.1736     1.9152         12 0.0000e+00
    670.800   76.58592 -179.70820    679.000     0.1241     0.1242  29.316858  29.315253    34.8209    34.8186    296.483    291.086    -0.1516     4.6618     0.0822     0.0822     0.0233     0.0189      23198    16.1092     100.00     2.1742     1.9139         10 0.0000e+00
    671.787   76.58592 -179.70820    680.000     0.1243     0.1242  29.317228  29.315598    34.8206    34.8185    296.684    290.050    -0.1468     4.6624     0.0818     0.0818     0.0228     0.0191      23223    16.1265     100.00     2.1751     1.9087         12 0.0000e+00
    672.773   76.58592 -179.70821    681.000     0.1241     0.1241  29.317548  29.315893    34.8206    34.8184    296.912    291.048    -0.1561     4.6625     0.0822     0.0822     0.0227     0.0187      23247    16.1433     100.00     2.1761     1.9133         11 0.0000e+00
    673.759   76.58592 -179.70822    682.000     0.1240     0.1242  29.317734  29.316312    34.8203    34.8182    296.914    293.252    -0.1464     4.6619     0.0830     0.0830     0.0232     0.0191      23273    16.1608     100.00     2.1759     1.9237         13 0.0000e+00
    674.746   76.58592 -179.70822    683.000     0.1244     0.1244  29.318472  29.316815    34.8203    34.8181    296.888    291.555    -0.1648     4.6619     0.0830     0.0830     0.0232     0.0184      23297    16.1776     100.00     2.1756     1.9154         11 0.0000e+00
    675.732   76.58592 -179.70822    684.000     0.1245     0.1245  29.318888  29.317453    34.8202    34.8182    296.911    291.050    -0.1671     4.6618     0.0830     0.0830     0.0233     0.0183      23322    16.1949     100.00     2.1755     1.9128         14 0.0000e+00
    676.718   76.58592 -179.70822    685.000     0.1245     0.1245  29.319443  29.317761    34.8203    34.8180    296.794    291.021    -0.1671     4.6618     0.0842     0.0842     0.0233     0.0183      23346    16.2118     100.00     2.1746     1.9125         12 0.0000e+00
    677.705   76.58592 -179.70822    686.000     0.1246     0.1247  29.319876  29.318344    34.8201    34.8181    296.782    291.881    -0.1310     4.6618     0.0842     0.0842     0.0233     0.0197      23371    16.2292     100.00     2.1743     1.9164         10 0.0000e+00
    678.691   76.58592 -179.70822    687.000     0.1247     0.1246  29.320330  29.318701    34.8201    34.8181    296.832    290.447    -0.1618     4.6618     0.0841     0.0841     0.0233     0.0185      23395    16.2460     100.00     2.1744     1.9094         11 0.0000e+00
    679.677   76.58592 -179.70822    688.000     0.1247     0.1248  29.320841  29.319236    34.8202    34.8179    296.804    292.802    -0.1441     4.6618     0.0840     0.0840     0.0233     0.0192      23420    16.2632     100.00     2.1740     1.9205         12 0.0000e+00
    680.664   76.58592 -179.70822    689.000     0.1248     0.1249  29.321206  29.319708    34.8200    34.8179    296.796    292.393    -0.1520     4.6620     0.0842     0.0842     0.0231     0.0189      23445    16.2804     100.00     2.1737     1.9183         10 0.0000e+00
    681.650   76.58592 -179.70822    690.000     0.1247     0.1249  29.321663  29.320139    34.8200    34.8179    296.765    291.206    -0.1327     4.6620     0.0841     0.0841     0.0231     0.0197      23470    16.2977     100.00     2.1733     1.9124         15 0.0000e+00
    682.636   76.58592 -179.70822    691.000     0.1249     0.1249  29.322215  29.320655    34.8199    34.8179    296.732    290.307    -0.1538     4.6621     0.0832     0.0832     0.0230     0.0188      23494    16.3146     100.00     2.1729     1.9080         11 0.0000e+00
    683.622   76.58592 -179.70822    692.000     0.1249     0.1250  29.322606  29.321056    34.8199    34.8178    296.774    290.512    -0.1702     4.6618     0.0818     0.0818     0.0233     0.0182      23518    16.3315     100.00     2.1730     1.9088         11 0.0000e+00
    684.609   76.58592 -179.70822    693.000     0.1250     0.1251  29.323151  29.321640    34.8200    34.8178    296.787    292.597    -0.1431     4.6616     0.0821     0.0821     0.0234     0.0192      23543    16.3489     100.00     2.1728     1.9186         14 0.0000e+00
    685.594   76.58592 -179.70822    694.000     0.1254     0.1252  29.323933  29.322198    34.8199    34.8178    296.808    291.711    -0.1668     4.6618     0.0827     0.0827     0.0233     0.0183      23568    16.3663     100.00     2.1727     1.9142         14 0.0000e+00
    686.581   76.58592 -179.70822    695.000     0.1256     0.1257  29.324622  29.322991    34.8200    34.8178    296.750    290.258    -0.1716     4.6618     0.0817     0.0817     0.0233     0.0181      23593    16.3830     100.00     2.1722     1.9070         14 0.0000e+00
    687.567   76.58592 -179.70822    696.000     0.1249     0.1251  29.324383  29.322933    34.8199    34.8178    296.764    290.803    -0.1742     4.6620     0.0843     0.0843     0.0231     0.0180      23617    16.4002     100.00     2.1720     1.9094         13 0.0000e+00
    688.554   76.58592 -179.70822    697.000     0.1254     0.1254  29.325225  29.323593    34.8198    34.8178    296.730    291.932    -0.1383     4.6619     0.0841     0.0841     0.0232     0.0194      23642    16.4173     100.00     2.1716     1.9147         14 0.0000e+00
