Continuous CTD Data/SBE Stage/nabos_14_01b.ros
* Sea-Bird SBE 9 Data File:
* FileName = D:\CTD\data\HLY2502\raw\NABOS_14_01b.hex
* Software Version Seasave V 7.26.7.110
* Temperature SN = 6954
* Conductivity SN = 2561
* Number of Bytes Per Scan = 37
* Number of Voltage Words = 4
* Number of Scans Averaged by the Deck Unit = 1
* NMEA Latitude = 78 08.58 N
* NMEA Longitude = 172 12.90 W
* NMEA UTC (Time) = Sep 10 2025  03:43:33
* NMEA baud rate = 9600
** Ship: USCG HEALY
** Bot. Depth:  2700
** Cast Number:  01b
** Station Name:  NABOS
** Station Number:  14
** Operator:  STARC
** Lost COM3 comms at 1125m
# nquan = 25
# nvalues = 1123                                  
# units = specified
# name 0 = depSM: Depth [salt water, m]
# name 1 = latitude: Latitude [deg]
# name 2 = longitude: Longitude [deg]
# name 3 = prDM: Pressure, Digiquartz [db]
# name 4 = t090C: Temperature [ITS-90, deg C]
# name 5 = t190C: Temperature, 2 [ITS-90, deg C]
# name 6 = c0mS/cm: Conductivity [mS/cm]
# name 7 = c1mS/cm: Conductivity, 2 [mS/cm]
# name 8 = sal00: Salinity, Practical [PSU]
# name 9 = sal11: Salinity, Practical, 2 [PSU]
# name 10 = sbox0Mm/Kg: Oxygen, SBE 43 [umol/kg]
# name 11 = sbox1Mm/Kg: Oxygen, SBE 43, 2 [umol/kg]
# name 12 = flECO-AFL: Fluorescence, WET Labs ECO-AFL/FL [mg/m^3]
# name 13 = v2: Voltage 2
# name 14 = wetCDOM: Fluorescence, WET Labs CDOM [mg/m^3]
# name 15 = v6: Voltage 6
# name 16 = CStarAt0: Beam Attenuation, WET Labs C-Star [1/m]
# name 17 = v3: Voltage 3
# name 18 = scan: Scan Count
# name 19 = timeM: Time, Elapsed [minutes]
# name 20 = altM: Altimeter [m]
# name 21 = sbeox0V: Oxygen raw, SBE 43 [V]
# name 22 = sbeox1V: Oxygen raw, SBE 43, 2 [V]
# name 23 = nbf: Bottles Fired
# name 24 = flag:  0.000e+00
# interval = seconds: 0.0416667
# start_time = Sep 10 2025 03:43:33 [NMEA time, header]
# bad_flag = -9.990e-29
*END*
[from data line 638]
     70.734   78.14256 -172.18372     71.498    -1.0310    -1.0311  26.151648  26.149651    32.2266    32.2240    244.316    235.952    -0.0755     4.6227     0.0989     0.0989     0.0570     0.0220      83293    57.8417     100.00     1.9141     1.6789         14  0.000e+00
     70.668   78.14256 -172.18372     71.432    -1.0310    -1.0311  26.151529  26.149427    32.2265    32.2237    244.524    235.702    -0.0755     4.6239     0.0989     0.0989     0.0559     0.0220      83294    57.8424     100.00     1.9153     1.6777         14  0.000e+00
     70.783   78.14256 -172.18372     71.548    -1.0310    -1.0314  26.151470  26.149204    32.2263    32.2237    244.318    235.708    -0.0755     4.6239     0.0989     0.0989     0.0559     0.0220      83295    57.8431     100.00     1.9141     1.6777         14  0.000e+00
     70.668   78.14256 -172.18372     71.432    -1.0314    -1.0315  26.151648  26.149148    32.2270    32.2238    244.316    235.705    -0.0755     4.6227     0.0977     0.0977     0.0570     0.0220      83296    57.8438     100.00     1.9141     1.6777         14  0.000e+00
     70.734   78.14256 -172.18370     71.498    -1.0310    -1.0314  26.151351  26.149316    32.2262    32.2238    244.527    235.706    -0.0755     4.6239     0.0977     0.0977     0.0559     0.0220      83297    57.8444     100.00     1.9153     1.6777         14  0.000e+00
     70.734   78.14256 -172.18370     71.498    -1.0312    -1.0321  26.151411  26.148813    32.2264    32.2239    244.318    235.710    -0.1061     4.6227     0.0989     0.0989     0.0570     0.0208      83298    57.8451     100.00     1.9141     1.6777         14  0.000e+00
     70.726   78.14256 -172.18370     71.490    -1.0309    -1.0317  26.151648  26.148813    32.2264    32.2235    244.525    235.708    -0.0755     4.6227     0.0989     0.0989     0.0570     0.0220      83299    57.8458     100.00     1.9153     1.6777         14  0.000e+00
     70.668   78.14256 -172.18370     71.432    -1.0310    -1.0321  26.151707  26.148869    32.2267    32.2240    244.314    235.708    -0.1061     4.6227     0.0989     0.0989     0.0570     0.0208      83300    57.8465     100.00     1.9141     1.6777         14  0.000e+00
     70.734   78.14256 -172.18370     71.498    -1.0311    -1.0322  26.151529  26.148869    32.2265    32.2241    244.527    235.711    -0.0755     4.6227     0.0989     0.0989     0.0570     0.0220      83301    57.8472     100.00     1.9153     1.6777         14  0.000e+00
     70.734   78.14256 -172.18370     71.498    -1.0309    -1.0321  26.151648  26.148869    32.2264    32.2239    244.525    235.710    -0.0755     4.6227     0.0989     0.0989     0.0570     0.0220      83302    57.8479     100.00     1.9153     1.6777         14  0.000e+00
     70.660   78.14256 -172.18370     71.424    -1.0310    -1.0319  26.151886  26.149204    32.2270    32.2242    244.523    235.954    -0.0755     4.6227     0.0989     0.0989     0.0570     0.0220      83303    57.8486     100.00     1.9153     1.6789         14  0.000e+00
     70.734   78.14256 -172.18370     71.498    -1.0309    -1.0316  26.152183  26.149372    32.2271    32.2241    244.524    235.706    -0.1061     4.6227     0.0977     0.0977     0.0570     0.0208      83304    57.8493     100.00     1.9153     1.6777         14  0.000e+00
     70.734   78.14256 -172.18370     71.498    -1.0312    -1.0315  26.152005  26.149372    32.2272    32.2240    244.526    235.954    -0.0755     4.6227     0.0989     0.0989     0.0570     0.0220      83305    57.8500     100.00     1.9153     1.6789         14  0.000e+00
     70.783   78.14256 -172.18370     71.548    -1.0312    -1.0311  26.151767  26.149707    32.2269    32.2240    244.528    235.705    -0.0755     4.6227     0.0989     0.0989     0.0570     0.0220      83306    57.8507     100.00     1.9153     1.6777         14  0.000e+00
     70.668   78.14256 -172.18370     71.432    -1.0310    -1.0314  26.152123  26.149874    32.2273    32.2246    244.523    235.702    -0.0755     4.6227     0.0977     0.0977     0.0570     0.0220      83307    57.8514     100.00     1.9153     1.6777         14  0.000e+00
     70.734   78.14256 -172.18370     71.498    -1.0309    -1.0311  26.152005  26.150209    32.2269    32.2247    244.524    235.702    -0.1061     4.6227     0.0989     0.0989     0.0570     0.0208      83308    57.8521     100.00     1.9153     1.6777         14  0.000e+00
     70.668   78.14256 -172.18370     71.432    -1.0310    -1.0307  26.151767  26.150209    32.2268    32.2244    244.524    235.698    -0.1061     4.6227     0.0977     0.0977     0.0570     0.0208      83309    57.8528     100.00     1.9153     1.6777         14  0.000e+00
     70.726   78.14256 -172.18370     71.490    -1.0311    -1.0310  26.151529  26.150321    32.2265    32.2248    244.736    235.700    -0.0755     4.6227     0.0989     0.0989     0.0570     0.0220      83310    57.8535     100.00     1.9166     1.6777         14  0.000e+00
     70.734   78.14256 -172.18370     71.498    -1.0312    -1.0308  26.151826  26.150209    32.2270    32.2244    244.526    235.949    -0.0755     4.6227     0.0989     0.0989     0.0570     0.0220      83311    57.8542     100.00     1.9153     1.6789         14  0.000e+00
     70.734   78.14256 -172.18370     71.498    -1.0309    -1.0308  26.151767  26.149930    32.2266    32.2240    244.525    235.949    -0.1061     4.6227     0.0989     0.0989     0.0570     0.0208      83312    57.8549     100.00     1.9153     1.6789         14  0.000e+00
     70.734   78.14256 -172.18370     71.498    -1.0309    -1.0307  26.151708  26.150042    32.2265    32.2241    244.525    236.197    -0.1061     4.6227     0.0989     0.0989     0.0570     0.0208      83313    57.8556     100.00     1.9153     1.6801         14  0.000e+00
     70.726   78.14256 -172.18370     71.490    -1.0310    -1.0310  26.152123  26.149930    32.2272    32.2242    244.524    236.198    -0.1061     4.6215     0.0977     0.0977     0.0580     0.0208      83314    57.8563     100.00     1.9153     1.6801         14  0.000e+00
     70.734   78.14256 -172.18370     71.498    -1.0310    -1.0308  26.151826  26.149874    32.2268    32.2239    244.735    236.198    -0.0755     4.6227     0.0977     0.0977     0.0570     0.0220      83315    57.8569     100.00     1.9166     1.6801         14  0.000e+00
     70.734   78.14256 -172.18370     71.498    -1.0312    -1.0308  26.152123  26.150209    32.2274    32.2244    244.526    235.948    -0.0755     4.6227     0.0977     0.0977     0.0570     0.0220      83316    57.8576     100.00     1.9153     1.6789         14  0.000e+00
     70.734   78.14256 -172.18370     71.498    -1.0309    -1.0308  26.152005  26.150377    32.2269    32.2246    244.734    235.451    -0.0755     4.6227     0.0977     0.0977     0.0570     0.0220      83317    57.8583     100.00     1.9166     1.6764         14  0.000e+00
     70.726   78.14256 -172.18370     71.490    -1.0312    -1.0309  26.151945  26.150545    32.2272    32.2250    244.736    235.451    -0.0755     4.6227     0.0977     0.0977     0.0570     0.0220      83318    57.8590     100.00     1.9166     1.6764         14  0.000e+00
     70.668   78.14256 -172.18370     71.432    -1.0312    -1.0308  26.151767  26.150433    32.2270    32.2247    244.524    235.449    -0.1061     4.6227     0.0977     0.0977     0.0570     0.0208      83319    57.8597     100.00     1.9153     1.6764         14  0.000e+00
     70.734   78.14256 -172.18370     71.498    -1.0312    -1.0311  26.151708  26.150377    32.2268    32.2249    244.737    235.453    -0.0755     4.6227     0.0977     0.0977     0.0570     0.0220      83320    57.8604     100.00     1.9166     1.6764         14  0.000e+00
     70.726   78.14256 -172.18370     71.490    -1.0314    -1.0308  26.152064  26.150377    32.2275    32.2246    244.736    235.451    -0.0755     4.6239     0.0965     0.0965     0.0559     0.0220      83321    57.8611     100.00     1.9166     1.6764         14  0.000e+00
     70.734   78.14256 -172.18370     71.498    -1.0312    -1.0312  26.151886  26.150545    32.2271    32.2253    244.946    235.453    -0.0755     4.6239     0.0977     0.0977     0.0559     0.0220      83322    57.8618     100.00     1.9178     1.6764         14  0.000e+00
     70.734   78.14256 -172.18370     71.498    -1.0315    -1.0310  26.151886  26.150656    32.2274    32.2252    244.737    235.451    -0.0755     4.6239     0.0977     0.0977     0.0559     0.0220      83323    57.8625     100.00     1.9166     1.6764         14  0.000e+00
     70.734   78.14256 -172.18370     71.498    -1.0314    -1.0311  26.151945  26.150656    32.2273    32.2253    244.947    235.452    -0.0755     4.6239     0.0977     0.0977     0.0559     0.0220      83324    57.8632     100.00     1.9178     1.6764         14  0.000e+00
     70.726   78.14256 -172.18370     71.490    -1.0315    -1.0311  26.151945  26.150433    32.2275    32.2250    244.737    235.452    -0.1061     4.6239     0.0977     0.0977     0.0559     0.0208      83325    57.8639     100.00     1.9166     1.6764         14  0.000e+00
     70.734   78.14256 -172.18370     71.498    -1.0316    -1.0312  26.151945  26.150545    32.2276    32.2253    244.738    235.701    -0.1061     4.6239     0.0977     0.0977     0.0559     0.0208      83326    57.8646     100.00     1.9166     1.6777         14  0.000e+00
     70.668   78.14256 -172.18370     71.432    -1.0316    -1.0313  26.151945  26.150265    32.2277    32.2250    244.946    235.700    -0.0755     4.6239     0.0965     0.0965     0.0559     0.0220      83327    57.8653     100.00     1.9178     1.6777         14  0.000e+00
     70.791   78.14256 -172.18370     71.556    -1.0314    -1.0311  26.152183  26.150321    32.2276    32.2248    244.738    235.703    -0.0755     4.6239     0.0977     0.0977     0.0559     0.0220      83328    57.8660     100.00     1.9166     1.6777         14  0.000e+00
     70.660   78.14256 -172.18370     71.424    -1.0319    -1.0313  26.152004  26.150377    32.2280    32.2252    244.947    235.948    -0.0755     4.6239     0.0977     0.0977     0.0559     0.0220      83329    57.8667     100.00     1.9178     1.6789         14  0.000e+00
     70.791   78.14256 -172.18370     71.556    -1.0318    -1.0311  26.151945  26.150545    32.2278    32.2251    244.741    235.951    -0.1061     4.6239     0.0977     0.0977     0.0559     0.0208      83330    57.8674     100.00     1.9166     1.6789         14  0.000e+00
     70.668   78.14256 -172.18370     71.432    -1.0320    -1.0310  26.151767  26.150656    32.2278    32.2253    244.738    235.698    -0.1061     4.6239     0.0977     0.0977     0.0559     0.0208      83331    57.8681     100.00     1.9166     1.6777         14  0.000e+00
     70.783   78.14256 -172.18370     71.548    -1.0320    -1.0313  26.151886  26.150433    32.2279    32.2252    244.742    235.455    -0.0755     4.6239     0.0977     0.0977     0.0559     0.0220      83332    57.8687     100.00     1.9166     1.6764         14  0.000e+00
     70.734   78.14256 -172.18370     71.498    -1.0321    -1.0313  26.151945  26.150377    32.2281    32.2251    244.950    235.702    -0.0755     4.6239     0.0977     0.0977     0.0559     0.0220      83333    57.8694     100.00     1.9178     1.6777         14  0.000e+00
     70.734   78.14256 -172.18370     71.498    -1.0322    -1.0313  26.151945  26.150209    32.2283    32.2249    244.951    235.454    -0.0755     4.6239     0.0977     0.0977     0.0559     0.0220      83334    57.8701     100.00     1.9178     1.6764         14  0.000e+00
     70.734   78.14256 -172.18370     71.498    -1.0324    -1.0312  26.151767  26.150489    32.2282    32.2252    244.953    235.453    -0.1061     4.6239     0.0977     0.0977     0.0559     0.0208      83335    57.8708     100.00     1.9178     1.6764         14  0.000e+00
     70.726   78.14256 -172.18370     71.490    -1.0326    -1.0314  26.151530  26.150433    32.2281    32.2254    244.744    235.453    -0.0755     4.6239     0.0977     0.0977     0.0559     0.0220      83336    57.8715     100.00     1.9166     1.6764         14  0.000e+00
     70.734   78.14256 -172.18370     71.498    -1.0327    -1.0313  26.151648  26.150377    32.2284    32.2251    244.744    235.453    -0.0755     4.6239     0.0977     0.0977     0.0559     0.0220      83337    57.8722     100.00     1.9166     1.6764         14  0.000e+00
     70.734   78.14256 -172.18370     71.498    -1.0327    -1.0316  26.151708  26.150545    32.2285    32.2257    244.954    235.454    -0.0755     4.6239     0.0977     0.0977     0.0559     0.0220      83338    57.8729     100.00     1.9178     1.6764         14  0.000e+00
     70.734   78.14256 -172.18370     71.498    -1.0330    -1.0317  26.152064  26.150656    32.2293    32.2260    244.955    235.703    -0.0755     4.6239     0.0977     0.0977     0.0559     0.0220      83339    57.8736     100.00     1.9178     1.6777         14  0.000e+00
     70.726   78.14256 -172.18370     71.490    -1.0329    -1.0320  26.152064  26.150433    32.2291    32.2260    244.954    235.705    -0.1061     4.6239     0.0977     0.0977     0.0559     0.0208      83340    57.8743     100.00     1.9178     1.6777         14  0.000e+00
     55.795   78.14254 -172.18250     56.396    -1.5551    -1.5536  24.975782  24.977613    31.1888    31.1897    317.556    307.709    -0.0755     4.6374     0.0965     0.0965     0.0443     0.0220      85231    59.1875      97.00     2.2999     1.9987         15  0.000e+00
     55.779   78.14254 -172.18250     56.379    -1.5555    -1.5536  24.974731  24.977503    31.1877    31.1895    317.562    307.963    -0.0755     4.6374     0.0965     0.0965     0.0443     0.0220      85232    59.1882      96.90     2.2999     2.0000         15  0.000e+00
     55.738   78.14254 -172.18250     56.338    -1.5569    -1.5533  24.971459  24.977503    31.1847    31.1893    317.366    307.959    -0.0755     4.6361     0.0965     0.0965     0.0453     0.0220      85233    59.1889      96.85     2.2987     2.0000         15  0.000e+00
     55.836   78.14254 -172.18250     56.437    -1.5588    -1.5535  24.968305  24.977833    31.1824    31.1899    317.610    307.963    -0.0755     4.6374     0.0965     0.0965     0.0443     0.0220      85234    59.1896      96.92     2.2999     2.0000         15  0.000e+00
     55.779   78.14254 -172.18250     56.379    -1.5604    -1.5533  24.966319  24.978162    31.1814    31.1901    317.411    308.212    -0.0755     4.6374     0.0965     0.0965     0.0443     0.0220      85235    59.1903      97.00     2.2987     2.0012         15  0.000e+00
     55.795   78.14254 -172.18250     56.396    -1.5615    -1.5531  24.965326  24.978272    31.1811    31.1901    317.637    308.466    -0.1061     4.6374     0.0965     0.0965     0.0443     0.0208      85236    59.1910      97.07     2.2999     2.0024         15  0.000e+00
     55.779   78.14254 -172.18250     56.379    -1.5621    -1.5530  24.965676  24.978437    31.1822    31.1902    317.640    308.464    -0.0755     4.6374     0.0965     0.0965     0.0443     0.0220      85237    59.1917      97.09     2.2999     2.0024         15  0.000e+00
     55.738   78.14254 -172.18250     56.338    -1.5618    -1.5530  24.966085  24.978657    31.1825    31.1905    317.634    308.461    -0.1061     4.6361     0.0965     0.0965     0.0453     0.0208      85238    59.1924      97.07     2.2999     2.0024         15  0.000e+00
     55.779   78.14254 -172.18250     56.379    -1.5619    -1.5527  24.967195  24.978822    31.1841    31.1904    317.633    308.460    -0.0755     4.6361     0.0965     0.0965     0.0453     0.0220      85239    59.1931      97.00     2.2999     2.0024         15  0.000e+00
