Continuous CTD Data/SBE Stage/nabos_21_02avg.cnv
* Sea-Bird SBE 9 Data File:
* FileName = D:\CTD\data\HLY2502\raw\NABOS_21_02.hex
* Software Version Seasave V 7.26.7.110
* Temperature SN = 6954
* Conductivity SN = 2561
* Number of Bytes Per Scan = 37
* Number of Voltage Words = 4
* Number of Scans Averaged by the Deck Unit = 1
* NMEA Latitude = 78 57.26 N
* NMEA Longitude = 173 33.57 E
* NMEA UTC (Time) = Sep 18 2025  15:43:10
* NMEA baud rate = 9600
** Ship: USCG HEALY
** Bot. Depth:  2477
** Cast Number:  02
** Station Name:  NABOS
** Station Number:  21
** Operator:  STARC
# nquan = 25
# nvalues = 2552                        
# units = specified
# name 0 = depSM: Depth [salt water, m]
# name 1 = latitude: Latitude [deg]
# name 2 = longitude: Longitude [deg]
# name 3 = prDM: Pressure, Digiquartz [db]
# name 4 = t090C: Temperature [ITS-90, deg C]
# name 5 = t190C: Temperature, 2 [ITS-90, deg C]
# name 6 = c0mS/cm: Conductivity [mS/cm]
# name 7 = c1mS/cm: Conductivity, 2 [mS/cm]
# name 8 = sal00: Salinity, Practical [PSU]
# name 9 = sal11: Salinity, Practical, 2 [PSU]
# name 10 = sbox0Mm/Kg: Oxygen, SBE 43 [umol/kg]
# name 11 = sbox1Mm/Kg: Oxygen, SBE 43, 2 [umol/kg]
# name 12 = flECO-AFL: Fluorescence, WET Labs ECO-AFL/FL [mg/m^3]
# name 13 = v2: Voltage 2
# name 14 = wetCDOM: Fluorescence, WET Labs CDOM [mg/m^3]
# name 15 = v6: Voltage 6
# name 16 = CStarAt0: Beam Attenuation, WET Labs C-Star [1/m]
# name 17 = v3: Voltage 3
# name 18 = scan: Scan Count
# name 19 = timeM: Time, Elapsed [minutes]
# name 20 = altM: Altimeter [m]
# name 21 = sbeox0V: Oxygen raw, SBE 43 [V]
# name 22 = sbeox1V: Oxygen raw, SBE 43, 2 [V]
# name 23 = nbin: number of scans per bin
# name 24 = flag: flag
# span 0 =      2.968,   2511.791       
# span 1 =   78.95465,   78.96322       
# span 2 =  173.56018,  173.58307       
# span 3 =      3.000,   2554.000       
# span 4 =    -1.7468,     0.9251       
# span 5 =    -1.7465,     0.9251       
# span 6 =  24.753723,  29.864341       
# span 7 =  24.752656,  29.862636       
# span 8 =    31.0697,    34.9521       
# span 9 =    31.0677,    34.9501       
# span 10 =    266.563,    373.750      
# span 11 =    229.510,    363.474      
# span 12 =    -0.1897,     0.4675      
# span 13 =     4.5671,     4.6773      
# span 14 =     0.0794,     0.1077      
# span 15 =     0.0794,     0.1077      
# span 16 =     0.0100,     0.1054      
# span 17 =     0.0174,     0.0437      
# span 18 =       2258,      77929      
# span 19 =     1.5671,    54.1167      
# span 20 =      10.05,     100.00      
# span 21 =     1.6596,     2.6417      
# span 22 =     1.4900,     2.2856      
# span 23 =          2,         33      
# span 24 = 0.0000e+00, 0.0000e+00      
# interval = decibars: 1                
# start_time = Sep 18 2025 15:43:10 [NMEA time, header]
# bad_flag = -9.990e-29
*END*
[from data line 58]
     60.348   78.95504  173.56116     61.000    -1.6719    -1.6715  26.379489  26.380531    33.2481    33.2491    338.726    332.324    -0.0714     4.6574     0.1047     0.1047     0.0270     0.0222       5390     3.7427     100.00     2.4439     2.1365         22 0.0000e+00
     61.337   78.95504  173.56117     62.000    -1.6685    -1.6679  26.420461  26.421116    33.3005    33.3007    337.018    330.971    -0.0939     4.6574     0.1048     0.1048     0.0271     0.0213       5441     3.7779     100.00     2.4348     2.1306         22 0.0000e+00
     62.326   78.95504  173.56119     63.000    -1.6586    -1.6579  26.461874  26.462496    33.3462    33.3462    335.569    329.286    -0.0885     4.6582     0.1030     0.1030     0.0263     0.0215       5492     3.8131     100.00     2.4275     2.1232         21 0.0000e+00
     63.315   78.95506  173.56120     64.000    -1.6563    -1.6558  26.499400  26.500277    33.3949    33.3955    334.508    328.228    -0.0962     4.6578     0.1019     0.1019     0.0266     0.0212       5542     3.8480     100.00     2.4220     2.1186         19 0.0000e+00
     64.304   78.95506  173.56122     65.000    -1.6427    -1.6415  26.536396  26.536763    33.4303    33.4295    333.206    326.407    -0.0948     4.6564     0.1022     0.1022     0.0279     0.0212       5594     3.8838     100.00     2.4155     2.1106         27 0.0000e+00
     65.293   78.95506  173.56124     66.000    -1.6330    -1.6325  26.564986  26.565291    33.4584    33.4582    332.262    325.915    -0.0867     4.6598     0.1015     0.1015     0.0250     0.0216       5644     3.9191     100.00     2.4108     2.1088         22 0.0000e+00
     66.283   78.95508  173.56126     67.000    -1.6294    -1.6288  26.584184  26.583841    33.4804    33.4792    331.212    324.505    -0.0903     4.6596     0.1010     0.1010     0.0252     0.0214       5696     3.9549     100.00     2.4051     2.1022         25 0.0000e+00
     67.272   78.95508  173.56127     68.000    -1.6198    -1.6187  26.606175  26.606484    33.4994    33.4986    330.167    323.924    -0.0950     4.6599     0.1017     0.1017     0.0249     0.0212       5747     3.9900     100.00     2.3996     2.0999         19 0.0000e+00
     68.261   78.95508  173.56129     69.000    -1.6113    -1.6105  26.633653  26.634009    33.5272    33.5269    329.247    322.827    -0.0872     4.6602     0.1007     0.1007     0.0247     0.0215       5797     4.0253     100.00     2.3950     2.0950         18 0.0000e+00
     69.250   78.95510  173.56130     70.000    -1.5970    -1.5955  26.666414  26.667887    33.5559    33.5562    327.965    321.703    -0.0880     4.6606     0.1008     0.1008     0.0243     0.0215       5848     4.0607     100.00     2.3886     2.0904         22 0.0000e+00
     70.239   78.95510  173.56132     71.000    -1.5832    -1.5820  26.705298  26.706632    33.5935    33.5940    326.935    320.831    -0.0929     4.6614     0.0997     0.0997     0.0236     0.0213       5899     4.0961     100.00     2.3837     2.0870         21 0.0000e+00
     71.228   78.95510  173.56134     72.000    -1.5687    -1.5671  26.745235  26.746666    33.6318    33.6320    325.784    319.702    -0.0925     4.6619     0.0998     0.0998     0.0232     0.0213       5950     4.1310     100.00     2.3782     2.0825         18 0.0000e+00
     72.217   78.95511  173.56135     73.000    -1.5505    -1.5491  26.785771  26.786510    33.6666    33.6661    324.477    318.054    -0.0930     4.6617     0.0984     0.0984     0.0234     0.0213       6001     4.1667     100.00     2.3719     2.0755         21 0.0000e+00
     73.206   78.95512  173.56137     74.000    -1.5282    -1.5262  26.824859  26.825966    33.6949    33.6941    322.843    316.796    -0.1101     4.6620     0.0991     0.0991     0.0231     0.0206       6052     4.2019     100.00     2.3639     2.0706         15 0.0000e+00
     74.196   78.95512  173.56138     75.000    -1.5113    -1.5104  26.853060  26.852949    33.7141    33.7129    321.089    315.269    -0.0913     4.6614     0.0982     0.0982     0.0237     0.0214       6103     4.2374     100.00     2.3547     2.0639         17 0.0000e+00
     75.185   78.95513  173.56140     76.000    -1.5019    -1.5010  26.875138  26.874994    33.7333    33.7322    319.875    313.867    -0.0960     4.6619     0.0981     0.0981     0.0232     0.0212       6154     4.2728     100.00     2.3483     2.0575         15 0.0000e+00
     76.174   78.95514  173.56141     77.000    -1.4952    -1.4947  26.898133  26.898248    33.7569    33.7565    319.336    313.126    -0.0852     4.6628     0.0979     0.0979     0.0224     0.0216       6205     4.3083     100.00     2.3456     2.0542         16 0.0000e+00
     77.163   78.95514  173.56143     78.000    -1.4923    -1.4917  26.921162  26.920928    33.7848    33.7838    318.688    313.338    -0.0890     4.6614     0.0975     0.0975     0.0236     0.0215       6256     4.3438     100.00     2.3422     2.0555         16 0.0000e+00
     78.152   78.95515  173.56144     79.000    -1.4849    -1.4833  26.938445  26.939114    33.7997    33.7988    317.776    311.643    -0.0949     4.6628     0.0976     0.0976     0.0224     0.0212       6307     4.3790     100.00     2.3373     2.0476         16 0.0000e+00
     79.141   78.95516  173.56146     80.000    -1.4686    -1.4671  26.969535  26.970600    33.8234    33.8232    316.762    310.450    -0.0899     4.6632     0.0971     0.0971     0.0221     0.0214       6358     4.4143     100.00     2.3324     2.0426         15 0.0000e+00
     80.130   78.95516  173.56148     81.000    -1.4580    -1.4570  26.996719  26.997076    33.8483    33.8477    315.946    310.431    -0.0985     4.6626     0.0982     0.0982     0.0225     0.0211       6409     4.4498     100.00     2.3284     2.0430         16 0.0000e+00
     81.119   78.95517  173.56150     82.000    -1.4508    -1.4500  27.018632  27.018552    33.8698    33.8689    315.279    309.078    -0.1222     4.6630     0.0972     0.0972     0.0222     0.0201       6460     4.4852     100.00     2.3250     2.0368         17 0.0000e+00
     82.108   78.95518  173.56151     83.000    -1.4448    -1.4439  27.035705  27.035484    33.8859    33.8846    314.710    308.165    -0.0878     4.6631     0.0944     0.0944     0.0221     0.0215       6510     4.5203     100.00     2.3220     2.0326         15 0.0000e+00
     83.097   78.95518  173.56153     84.000    -1.4379    -1.4371  27.053022  27.052867    33.9013    33.9002    313.698    308.273    -0.0908     4.6635     0.0957     0.0957     0.0218     0.0214       6561     4.5558     100.00     2.3165     2.0334         14 0.0000e+00
     84.086   78.95518  173.56154     85.000    -1.4339    -1.4332  27.068982  27.068697    33.9182    33.9171    313.071    307.288    -0.1151     4.6631     0.0952     0.0952     0.0221     0.0204       6613     4.5914     100.00     2.3130     2.0287         17 0.0000e+00
     85.075   78.95520  173.56156     86.000    -1.4286    -1.4277  27.086595  27.086571    33.9359    33.9348    312.635    307.196    -0.1175     4.6638     0.0954     0.0954     0.0215     0.0203       6664     4.6268     100.00     2.3108     2.0286         16 0.0000e+00
     86.064   78.95520  173.56158     87.000    -1.4200    -1.4189  27.106282  27.106402    33.9526    33.9515    312.350    306.110    -0.1175     4.6638     0.0959     0.0959     0.0215     0.0203       6715     4.6622     100.00     2.3096     2.0236         16 0.0000e+00
     87.053   78.95520  173.56159     88.000    -1.4125    -1.4117  27.126034  27.126190    33.9707    33.9699    312.083    305.662    -0.0966     4.6643     0.0951     0.0951     0.0211     0.0212       6766     4.6977     100.00     2.3085     2.0217         16 0.0000e+00
     88.042   78.95522  173.56161     89.000    -1.4082    -1.4075  27.142814  27.142798    33.9883    33.9875    311.901    305.905    -0.1351     4.6640     0.0950     0.0950     0.0214     0.0196       6816     4.7329     100.00     2.3077     2.0231         15 0.0000e+00
     89.031   78.95522  173.56163     90.000    -1.4057    -1.4050  27.155302  27.154928    34.0020    34.0007    311.786    304.849    -0.1231     4.6641     0.0941     0.0941     0.0213     0.0201       6868     4.7685     100.00     2.3071     2.0180         16 0.0000e+00
     90.020   78.95522  173.56164     91.000    -1.4032    -1.4027  27.166633  27.166221    34.0142    34.0131    311.361    304.530    -0.1080     4.6639     0.0940     0.0940     0.0215     0.0207       6919     4.8039     100.00     2.3047     2.0165         18 0.0000e+00
     91.009   78.95524  173.56166     92.000    -1.3998    -1.3989  27.180129  27.180272    34.0284    34.0275    310.720    304.620    -0.1146     4.6638     0.0944     0.0944     0.0215     0.0204       6970     4.8396     100.00     2.3011     2.0171         18 0.0000e+00
     91.998   78.95524  173.56167     93.000    -1.3918    -1.3906  27.199711  27.199927    34.0455    34.0445    310.434    304.098    -0.1122     4.6640     0.0927     0.0927     0.0213     0.0205       7021     4.8752     100.00     2.2999     2.0149         20 0.0000e+00
     92.987   78.95524  173.56169     94.000    -1.3850    -1.3843  27.214792  27.214529    34.0580    34.0568    310.057    304.492    -0.1249     4.6651     0.0934     0.0934     0.0204     0.0200       7073     4.9112     100.00     2.2980     2.0171         19 0.0000e+00
     93.976   78.95525  173.56170     95.000    -1.3806    -1.3798  27.225921  27.225564    34.0677    34.0663    309.745    303.134    -0.1130     4.6649     0.0921     0.0921     0.0206     0.0205       7124     4.9469     100.00     2.2964     2.0105         18 0.0000e+00
     94.965   78.95526  173.56172     96.000    -1.3778    -1.3773  27.236013  27.235389    34.0777    34.0763    309.570    303.151    -0.1132     4.6649     0.0933     0.0933     0.0206     0.0205       7175     4.9822     100.00     2.2954     2.0106         17 0.0000e+00
     95.954   78.95526  173.56174     97.000    -1.3757    -1.3751  27.245709  27.245180    34.0881    34.0867    309.480    302.783    -0.1172     4.6653     0.0939     0.0939     0.0202     0.0203       7226     5.0176     100.00     2.2949     2.0088         19 0.0000e+00
     96.943   78.95528  173.56176     98.000    -1.3708    -1.3701  27.257414  27.256987    34.0980    34.0966    309.324    303.029    -0.1206     4.6654     0.0924     0.0924     0.0201     0.0202       7278     5.0532     100.00     2.2941     2.0102         19 0.0000e+00
     97.932   78.95528  173.56177     99.000    -1.3678    -1.3671  27.265533  27.264832    34.1051    34.1034    309.051    302.832    -0.1102     4.6652     0.0926     0.0926     0.0203     0.0206       7329     5.0890     100.00     2.2926     2.0092         20 0.0000e+00
     98.921   78.95528  173.56179    100.000    -1.3613    -1.3602  27.279804  27.279914    34.1168    34.1156    308.402    302.710    -0.1224     4.6653     0.0919     0.0919     0.0202     0.0201       7380     5.1246     100.00     2.2891     2.0089         17 0.0000e+00
     99.910   78.95529  173.56180    101.000    -1.3516    -1.3501  27.297989  27.298241    34.1300    34.1287    308.047    302.077    -0.1144     4.6654     0.0921     0.0921     0.0201     0.0204       7432     5.1607     100.00     2.2875     2.0062         18 0.0000e+00
    100.899   78.95530  173.56182    102.000    -1.3416    -1.3407  27.313643  27.313332    34.1397    34.1381    307.800    301.844    -0.1062     4.6655     0.0901     0.0901     0.0201     0.0208       7484     5.1968     100.00     2.2865     2.0054         20 0.0000e+00
    101.888   78.95530  173.56184    103.000    -1.3361    -1.3352  27.324509  27.324293    34.1477    34.1463    307.413    302.052    -0.1339     4.6661     0.0912     0.0912     0.0196     0.0196       7540     5.2351     100.00     2.2844     2.0065         22 0.0000e+00
    102.877   78.95532  173.56188    104.000    -1.3301    -1.3287  27.337160  27.337646    34.1576    34.1566    307.503    302.017    -0.1273     4.6663     0.0915     0.0915     0.0194     0.0199       7672     5.3268     100.00     2.2852     2.0066         20 0.0000e+00
    103.866   78.95533  173.56190    105.000    -1.3226    -1.3219  27.351771  27.350883    34.1685    34.1665    307.574    301.559    -0.1348     4.6664     0.0904     0.0904     0.0193     0.0196       7733     5.3691     100.00     2.2859     2.0046         21 0.0000e+00
    104.855   78.95534  173.56191    106.000    -1.3164    -1.3162  27.362597  27.361117    34.1757    34.1734    307.624    300.900    -0.1365     4.6664     0.0919     0.0919     0.0194     0.0195       7770     5.3954     100.00     2.2864     2.0015         22 0.0000e+00
    105.844   78.95534  173.56192    107.000    -1.3105    -1.3102  27.373033  27.371670    34.1826    34.1804    307.510    301.485    -0.1150     4.6660     0.0910     0.0910     0.0196     0.0204       7801     5.4168     100.00     2.2859     2.0045         19 0.0000e+00
    106.833   78.95534  173.56194    108.000    -1.3033    -1.3029  27.385004  27.383760    34.1903    34.1881    307.330    300.800    -0.1141     4.6669     0.0902     0.0902     0.0189     0.0204       7830     5.4370     100.00     2.2851     2.0014         19 0.0000e+00
    107.822   78.95534  173.56194    109.000    -1.2897    -1.2892  27.402522  27.401288    34.1982    34.1959    307.164    300.565    -0.1334     4.6658     0.0885     0.0885     0.0198     0.0196       7856     5.4547     100.00     2.2848     2.0007         22 0.0000e+00
    108.811   78.95534  173.56195    110.000    -1.2768    -1.2763  27.420210  27.419106    34.2071    34.2051    307.096    300.206    -0.1332     4.6658     0.0898     0.0898     0.0198     0.0196       7881     5.4722     100.00     2.2850     1.9994         18 0.0000e+00
    109.800   78.95535  173.56196    111.000    -1.2607    -1.2601  27.441432  27.440487    34.2173    34.2152    306.976    300.029    -0.1367     4.6667     0.0927     0.0927     0.0191     0.0195       7906     5.4895     100.00     2.2850     1.9992         18 0.0000e+00
    110.789   78.95536  173.56196    112.000    -1.2449    -1.2445  27.461128  27.460045    34.2257    34.2237    306.425    300.126    -0.1296     4.6667     0.0915     0.0915     0.0191     0.0198       7931     5.5069     100.00     2.2825     2.0003         17 0.0000e+00
    111.778   78.95536  173.56197    113.000    -1.2385    -1.2386  27.472025  27.470545    34.2326    34.2307    305.966    300.062    -0.1305     4.6667     0.0904     0.0904     0.0191     0.0198       7956     5.5240     100.00     2.2801     2.0001         15 0.0000e+00
    112.767   78.95536  173.56198    114.000    -1.2420    -1.2415  27.474810  27.473654    34.2398    34.2377    305.584    299.754    -0.1317     4.6666     0.0892     0.0892     0.0191     0.0197       7981     5.5414     100.00     2.2775     1.9983         19 0.0000e+00
    113.756   78.95536  173.56199    115.000    -1.2315    -1.2309  27.489217  27.488235    34.2470    34.2449    305.065    299.338    -0.1280     4.6670     0.0904     0.0904     0.0188     0.0199       8006     5.5587     100.00     2.2749     1.9966         18 0.0000e+00
    114.744   78.95536  173.56200    116.000    -1.2138    -1.2131  27.512209  27.511373    34.2577    34.2557    304.747    298.957    -0.1312     4.6668     0.0893     0.0893     0.0190     0.0197       8031     5.5761     100.00     2.2739     1.9955         17 0.0000e+00
    115.733   78.95536  173.56200    117.000    -1.1993    -1.1987  27.532095  27.531011    34.2677    34.2656    304.941    298.882    -0.1333     4.6666     0.0875     0.0875     0.0192     0.0196       8055     5.5933     100.00     2.2757     1.9957         18 0.0000e+00
