Continuous CTD Data/SBE Stage/nabos_35_01.ros
* Sea-Bird SBE 9 Data File:
* FileName = D:\CTD\data\HLY2502\raw\NABOS_35_01.hex
* Software Version Seasave V 7.26.7.110
* Temperature SN = 6954
* Conductivity SN = 2561
* Number of Bytes Per Scan = 37
* Number of Voltage Words = 4
* Number of Scans Averaged by the Deck Unit = 1
* NMEA Latitude = 79 33.18 N
* NMEA Longitude = 135 18.37 E
* NMEA UTC (Time) = Sep 24 2025  06:03:21
* NMEA baud rate = 9600
** Ship: USCG HEALY
** Bot. Depth:  3187
** Cast Number:  01
** Station Name:  NABOS
** Station Number:  35
** Operator:  STARC
** Cast to 1200 m
# nquan = 25
# nvalues = 1029                                  
# units = specified
# name 0 = depSM: Depth [salt water, m]
# name 1 = latitude: Latitude [deg]
# name 2 = longitude: Longitude [deg]
# name 3 = prDM: Pressure, Digiquartz [db]
# name 4 = t090C: Temperature [ITS-90, deg C]
# name 5 = t190C: Temperature, 2 [ITS-90, deg C]
# name 6 = c0mS/cm: Conductivity [mS/cm]
# name 7 = c1mS/cm: Conductivity, 2 [mS/cm]
# name 8 = sal00: Salinity, Practical [PSU]
# name 9 = sal11: Salinity, Practical, 2 [PSU]
# name 10 = sbox0Mm/Kg: Oxygen, SBE 43 [umol/kg]
# name 11 = sbox1Mm/Kg: Oxygen, SBE 43, 2 [umol/kg]
# name 12 = flECO-AFL: Fluorescence, WET Labs ECO-AFL/FL [mg/m^3]
# name 13 = v2: Voltage 2
# name 14 = wetCDOM: Fluorescence, WET Labs CDOM [mg/m^3]
# name 15 = v6: Voltage 6
# name 16 = CStarAt0: Beam Attenuation, WET Labs C-Star [1/m]
# name 17 = v3: Voltage 3
# name 18 = scan: Scan Count
# name 19 = timeM: Time, Elapsed [minutes]
# name 20 = altM: Altimeter [m]
# name 21 = sbeox0V: Oxygen raw, SBE 43 [V]
# name 22 = sbeox1V: Oxygen raw, SBE 43, 2 [V]
# name 23 = nbf: Bottles Fired
# name 24 = flag:  0.000e+00
# interval = seconds: 0.0416667
# start_time = Sep 24 2025 06:03:21 [NMEA time, header]
# bad_flag = -9.990e-29
*END*
[from data line 58]
   1000.311   79.55528  135.28972   1013.460    -0.2140    -0.2141  29.183706  29.181994    34.8332    34.8310    297.841    293.760    -0.1366     4.6264     0.0818     0.0818     0.0538     0.0195      48102    33.4035     100.00     2.0931     1.8527          2  0.000e+00
   1000.253   79.55528  135.28970   1013.401    -0.2144    -0.2141  29.183830  29.182111    34.8337    34.8312    297.841    293.757    -0.1366     4.6252     0.0830     0.0830     0.0548     0.0195      48103    33.4042     100.00     2.0931     1.8527          2  0.000e+00
   1000.253   79.55528  135.28970   1013.401    -0.2142    -0.2141  29.183953  29.181994    34.8337    34.8311    297.610    293.486    -0.1366     4.6252     0.0830     0.0830     0.0548     0.0195      48104    33.4049     100.00     2.0919     1.8515          2  0.000e+00
   1000.253   79.55528  135.28970   1013.401    -0.2142    -0.2143  29.183644  29.181703    34.8333    34.8308    297.611    293.488    -0.1671     4.6252     0.0818     0.0818     0.0548     0.0183      48105    33.4056     100.00     2.0919     1.8515          2  0.000e+00
   1000.253   79.55528  135.28970   1013.401    -0.2140    -0.2140  29.183892  29.181820    34.8335    34.8306    297.610    293.215    -0.1366     4.6264     0.0830     0.0830     0.0538     0.0195      48106    33.4063     100.00     2.0919     1.8502          2  0.000e+00
   1000.253   79.55528  135.28970   1013.401    -0.2144    -0.2141  29.183892  29.181936    34.8338    34.8310    297.841    292.945    -0.1671     4.6252     0.0818     0.0818     0.0548     0.0183      48107    33.4069     100.00     2.0931     1.8490          2  0.000e+00
   1000.269   79.55528  135.28970   1013.418    -0.2142    -0.2141  29.183953  29.182111    34.8337    34.8312    297.840    292.945    -0.1671     4.6252     0.0818     0.0818     0.0548     0.0183      48108    33.4076     100.00     2.0931     1.8490          2  0.000e+00
   1000.253   79.55528  135.28970   1013.401    -0.2142    -0.2141  29.183830  29.181994    34.8336    34.8311    297.840    292.945    -0.1671     4.6252     0.0830     0.0830     0.0548     0.0183      48109    33.4083     100.00     2.0931     1.8490          2  0.000e+00
   1000.253   79.55528  135.28970   1013.401    -0.2140    -0.2141  29.183830  29.182285    34.8334    34.8315    297.839    292.944    -0.1671     4.6264     0.0818     0.0818     0.0538     0.0183      48110    33.4090     100.00     2.0931     1.8490          2  0.000e+00
   1000.253   79.55528  135.28970   1013.401    -0.2142    -0.2141  29.183830  29.182052    34.8336    34.8311    297.840    292.674    -0.1671     4.6264     0.0830     0.0830     0.0538     0.0183      48111    33.4097     100.00     2.0931     1.8478          2  0.000e+00
   1000.186   79.55528  135.28970   1013.334    -0.2144    -0.2141  29.183768  29.181703    34.8337    34.8307    297.838    292.672    -0.1671     4.6264     0.0830     0.0830     0.0538     0.0183      48112    33.4104     100.00     2.0931     1.8478          2  0.000e+00
   1000.253   79.55528  135.28970   1013.401    -0.2140    -0.2141  29.183582  29.181820    34.8330    34.8308    297.611    292.675    -0.1671     4.6264     0.0830     0.0830     0.0538     0.0183      48113    33.4111     100.00     2.0919     1.8478          2  0.000e+00
   1000.253   79.55528  135.28970   1013.401    -0.2144    -0.2143  29.183706  29.181936    34.8336    34.8311    297.841    292.946    -0.1671     4.6264     0.0818     0.0818     0.0538     0.0183      48114    33.4118     100.00     2.0931     1.8490          2  0.000e+00
   1000.186   79.55528  135.28970   1013.334    -0.2142    -0.2140  29.183830  29.181936    34.8336    34.8308    297.608    293.212    -0.1976     4.6264     0.0830     0.0830     0.0538     0.0171      48115    33.4125     100.00     2.0919     1.8502          2  0.000e+00
   1000.253   79.55528  135.28970   1013.401    -0.2142    -0.2143  29.183953  29.182111    34.8337    34.8314    297.840    293.216    -0.1671     4.6264     0.0830     0.0830     0.0538     0.0183      48116    33.4132     100.00     2.0931     1.8502          2  0.000e+00
   1000.253   79.55528  135.28970   1013.401    -0.2144    -0.2143  29.183644  29.181994    34.8335    34.8312    297.842    293.488    -0.1671     4.6252     0.0818     0.0818     0.0548     0.0183      48117    33.4139     100.00     2.0931     1.8515          2  0.000e+00
   1000.186   79.55528  135.28970   1013.334    -0.2142    -0.2141  29.183891  29.182110    34.8337    34.8313    298.066    292.942    -0.1671     4.6264     0.0818     0.0818     0.0538     0.0183      48118    33.4146     100.00     2.0943     1.8490          2  0.000e+00
   1000.253   79.55528  135.28970   1013.401    -0.2142    -0.2143  29.183892  29.181762    34.8336    34.8309    297.840    292.947    -0.1976     4.6264     0.0830     0.0830     0.0538     0.0171      48119    33.4153     100.00     2.0931     1.8490          2  0.000e+00
   1000.186   79.55528  135.28970   1013.334    -0.2142    -0.2141  29.183830  29.181820    34.8336    34.8309    297.609    292.943    -0.1976     4.6264     0.0830     0.0830     0.0538     0.0171      48120    33.4160     100.00     2.0919     1.8490          2  0.000e+00
   1000.253   79.55528  135.28970   1013.401    -0.2142    -0.2142  29.183768  29.181936    34.8335    34.8311    297.840    292.946    -0.1671     4.6264     0.0830     0.0830     0.0538     0.0183      48121    33.4167     100.00     2.0931     1.8490          2  0.000e+00
   1000.253   79.55528  135.28970   1013.401    -0.2142    -0.2141  29.183953  29.182285    34.8337    34.8315    297.840    293.215    -0.1976     4.6252     0.0830     0.0830     0.0548     0.0171      48122    33.4174     100.00     2.0931     1.8502          2  0.000e+00
   1000.203   79.55528  135.28970   1013.351    -0.2142    -0.2140  29.183644  29.182052    34.8333    34.8310    297.839    293.213    -0.1671     4.6252     0.0830     0.0830     0.0548     0.0183      48123    33.4181     100.00     2.0931     1.8502          2  0.000e+00
   1000.186   79.55528  135.28970   1013.334    -0.2142    -0.2141  29.183706  29.182110    34.8334    34.8313    297.838    293.213    -0.1671     4.6264     0.0830     0.0830     0.0538     0.0183      48124    33.4188     100.00     2.0931     1.8502          2  0.000e+00
   1000.186   79.55528  135.28970   1013.334    -0.2144    -0.2141  29.183520  29.181994    34.8334    34.8311    297.840    293.214    -0.1671     4.6264     0.0830     0.0830     0.0538     0.0183      48125    33.4194     100.00     2.0931     1.8502          2  0.000e+00
   1000.253   79.55528  135.28970   1013.401    -0.2140    -0.2141  29.183706  29.182111    34.8332    34.8312    297.840    293.216    -0.1671     4.6264     0.0830     0.0830     0.0538     0.0183      48126    33.4201     100.00     2.0931     1.8502          2  0.000e+00
   1000.253   79.55528  135.28970   1013.401    -0.2142    -0.2141  29.183830  29.181994    34.8336    34.8311    298.069    292.945    -0.1671     4.6252     0.0830     0.0830     0.0548     0.0183      48127    33.4208     100.00     2.0943     1.8490          2  0.000e+00
   1000.186   79.55528  135.28970   1013.334    -0.2142    -0.2141  29.183830  29.181936    34.8336    34.8310    297.838    293.214    -0.1366     4.6264     0.0818     0.0818     0.0538     0.0195      48128    33.4215     100.00     2.0931     1.8502          2  0.000e+00
   1000.253   79.55528  135.28970   1013.402    -0.2142    -0.2143  29.184201  29.182285    34.8341    34.8316    297.839    293.216    -0.1366     4.6252     0.0830     0.0830     0.0548     0.0195      48129    33.4222     100.00     2.0931     1.8502          2  0.000e+00
   1000.186   79.55528  135.28970   1013.334    -0.2142    -0.2140  29.183706  29.182227    34.8334    34.8312    298.067    293.212    -0.1366     4.6264     0.0830     0.0830     0.0538     0.0195      48130    33.4229     100.00     2.0943     1.8502          2  0.000e+00
   1000.253   79.55528  135.28970   1013.402    -0.2144    -0.2143  29.184139  29.181762    34.8342    34.8309    297.841    293.489    -0.1366     4.6252     0.0830     0.0830     0.0548     0.0195      48131    33.4236     100.00     2.0931     1.8515          2  0.000e+00
   1000.186   79.55528  135.28970   1013.334    -0.2142    -0.2144  29.184139  29.182052    34.8340    34.8315    297.837    293.486    -0.1366     4.6264     0.0818     0.0818     0.0538     0.0195      48132    33.4243     100.00     2.0931     1.8515          2  0.000e+00
   1000.253   79.55528  135.28970   1013.402    -0.2142    -0.2141  29.183830  29.181994    34.8336    34.8311    297.841    293.487    -0.1366     4.6264     0.0830     0.0830     0.0538     0.0195      48133    33.4250     100.00     2.0931     1.8515          2  0.000e+00
   1000.253   79.55528  135.28970   1013.402    -0.2142    -0.2141  29.183768  29.181703    34.8335    34.8307    297.841    293.488    -0.1366     4.6264     0.0830     0.0830     0.0538     0.0195      48134    33.4257     100.00     2.0931     1.8515          2  0.000e+00
   1000.186   79.55528  135.28970   1013.334    -0.2140    -0.2141  29.184015  29.181820    34.8337    34.8309    297.836    293.214    -0.1061     4.6264     0.0830     0.0830     0.0538     0.0208      48135    33.4264     100.00     2.0931     1.8503          2  0.000e+00
   1000.253   79.55528  135.28970   1013.402    -0.2144    -0.2143  29.183644  29.181936    34.8335    34.8311    297.842    292.947    -0.1061     4.6264     0.0830     0.0830     0.0538     0.0208      48136    33.4271     100.00     2.0931     1.8490          2  0.000e+00
   1000.269   79.55528  135.28970   1013.418    -0.2142    -0.2143  29.183892  29.182111    34.8336    34.8313    297.841    292.676    -0.1366     4.6264     0.0830     0.0830     0.0538     0.0195      48137    33.4278     100.00     2.0931     1.8478          2  0.000e+00
   1000.186   79.55528  135.28970   1013.334    -0.2142    -0.2141  29.183644  29.181994    34.8334    34.8311    297.610    292.672    -0.1061     4.6264     0.0830     0.0830     0.0538     0.0208      48138    33.4285     100.00     2.0919     1.8478          2  0.000e+00
   1000.253   79.55528  135.28970   1013.402    -0.2144    -0.2141  29.183892  29.182285    34.8338    34.8315    297.842    292.945    -0.1366     4.6264     0.0830     0.0830     0.0538     0.0195      48139    33.4292     100.00     2.0931     1.8490          2  0.000e+00
   1000.253   79.55528  135.28970   1013.402    -0.2142    -0.2143  29.183892  29.182052    34.8336    34.8313    297.841    292.946    -0.1366     4.6264     0.0830     0.0830     0.0538     0.0195      48140    33.4299     100.00     2.0931     1.8490          2  0.000e+00
   1000.253   79.55528  135.28970   1013.402    -0.2144    -0.2141  29.183768  29.182111    34.8337    34.8312    297.842    292.675    -0.1366     4.6264     0.0830     0.0830     0.0538     0.0195      48141    33.4306     100.00     2.0931     1.8478          2  0.000e+00
    751.269   79.55574  135.28606    760.685     0.0193     0.0187  29.259689  29.257432    34.8162    34.8139    297.709    292.767    -0.1061     4.6239     0.0842     0.0842     0.0559     0.0208      57761    40.1111     100.00     2.1578     1.9026          3  0.000e+00
    751.335   79.55574  135.28606    760.752     0.0190     0.0187  29.259628  29.257258    34.8164    34.8136    297.934    292.510    -0.1366     4.6239     0.0842     0.0842     0.0559     0.0195      57762    40.1118     100.00     2.1591     1.9013          3  0.000e+00
    751.335   79.55574  135.28606    760.752     0.0193     0.0187  29.259566  29.257374    34.8160    34.8138    297.713    292.250    -0.1366     4.6227     0.0830     0.0830     0.0570     0.0195      57763    40.1125     100.00     2.1578     1.9001          3  0.000e+00
    751.277   79.55574  135.28606    760.693     0.0190     0.0187  29.259565  29.257316    34.8163    34.8138    297.931    291.988    -0.1366     4.6239     0.0842     0.0842     0.0559     0.0195      57764    40.1132     100.00     2.1591     1.8989          3  0.000e+00
    751.335   79.55574  135.28606    760.752     0.0195     0.0189  29.259380  29.257374    34.8156    34.8136    297.932    291.729    -0.1061     4.6227     0.0842     0.0842     0.0570     0.0208      57765    40.1139     100.00     2.1591     1.8977          3  0.000e+00
    751.335   79.55574  135.28606    760.752     0.0190     0.0187  29.259875  29.257432    34.8167    34.8139    297.933    291.730    -0.1366     4.6239     0.0842     0.0842     0.0559     0.0195      57766    40.1146     100.00     2.1591     1.8977          3  0.000e+00
    751.335   79.55574  135.28606    760.752     0.0195     0.0187  29.259256  29.257025    34.8154    34.8133    297.932    291.472    -0.1366     4.6239     0.0830     0.0830     0.0559     0.0195      57767    40.1153     100.00     2.1591     1.8964          3  0.000e+00
    751.335   79.55574  135.28606    760.752     0.0192     0.0187  29.259628  29.257258    34.8162    34.8136    297.713    291.471    -0.1366     4.6227     0.0842     0.0842     0.0570     0.0195      57768    40.1160     100.00     2.1578     1.8964          3  0.000e+00
    751.335   79.55574  135.28606    760.752     0.0195     0.0189  29.259628  29.257025    34.8159    34.8131    297.931    291.211    -0.1366     4.6227     0.0830     0.0830     0.0570     0.0195      57769    40.1167     100.00     2.1591     1.8952          3  0.000e+00
    751.277   79.55574  135.28606    760.693     0.0195     0.0187  29.259751  29.257083    34.8161    34.8134    297.928    291.210    -0.1366     4.6227     0.0830     0.0830     0.0570     0.0195      57770    40.1174     100.00     2.1591     1.8952          3  0.000e+00
    751.335   79.55574  135.28606    760.752     0.0196     0.0187  29.259875  29.257199    34.8160    34.8136    297.929    290.952    -0.1366     4.6239     0.0830     0.0830     0.0559     0.0195      57771    40.1181     100.00     2.1591     1.8940          3  0.000e+00
    751.335   79.55574  135.28606    760.752     0.0193     0.0187  29.259628  29.257199    34.8161    34.8136    297.712    290.952    -0.1366     4.6227     0.0830     0.0830     0.0570     0.0195      57772    40.1187     100.00     2.1578     1.8940          3  0.000e+00
    751.335   79.55574  135.28606    760.752     0.0195     0.0187  29.259566  29.257374    34.8158    34.8138    297.931    290.692    -0.1366     4.6239     0.0830     0.0830     0.0559     0.0195      57773    40.1194     100.00     2.1591     1.8928          3  0.000e+00
    751.269   79.55574  135.28604    760.685     0.0195     0.0187  29.259751  29.257141    34.8161    34.8135    297.708    290.949    -0.1366     4.6227     0.0830     0.0830     0.0570     0.0195      57774    40.1201     100.00     2.1578     1.8940          3  0.000e+00
    751.335   79.55574  135.28604    760.752     0.0196     0.0189  29.259875  29.257316    34.8160    34.8135    297.710    290.951    -0.1061     4.6239     0.0830     0.0830     0.0559     0.0208      57775    40.1208     100.00     2.1578     1.8940          3  0.000e+00
    751.335   79.55574  135.28604    760.752     0.0193     0.0189  29.259628  29.257258    34.8161    34.8134    297.712    290.951    -0.1366     4.6227     0.0842     0.0842     0.0570     0.0195      57776    40.1215     100.00     2.1578     1.8940          3  0.000e+00
    751.269   79.55574  135.28604    760.685     0.0193     0.0187  29.259751  29.257199    34.8163    34.8136    297.709    290.690    -0.1366     4.6227     0.0842     0.0842     0.0570     0.0195      57777    40.1222     100.00     2.1578     1.8928          3  0.000e+00
