Continuous CTD Data/SBE Stage/nabos_35_01avg.cnv
* Sea-Bird SBE 9 Data File:
* FileName = D:\CTD\data\HLY2502\raw\NABOS_35_01.hex
* Software Version Seasave V 7.26.7.110
* Temperature SN = 6954
* Conductivity SN = 2561
* Number of Bytes Per Scan = 37
* Number of Voltage Words = 4
* Number of Scans Averaged by the Deck Unit = 1
* NMEA Latitude = 79 33.18 N
* NMEA Longitude = 135 18.37 E
* NMEA UTC (Time) = Sep 24 2025  06:03:21
* NMEA baud rate = 9600
** Ship: USCG HEALY
** Bot. Depth:  3187
** Cast Number:  01
** Station Name:  NABOS
** Station Number:  35
** Operator:  STARC
** Cast to 1200 m
# nquan = 25
# nvalues = 1215                        
# units = specified
# name 0 = depSM: Depth [salt water, m]
# name 1 = latitude: Latitude [deg]
# name 2 = longitude: Longitude [deg]
# name 3 = prDM: Pressure, Digiquartz [db]
# name 4 = t090C: Temperature [ITS-90, deg C]
# name 5 = t190C: Temperature, 2 [ITS-90, deg C]
# name 6 = c0mS/cm: Conductivity [mS/cm]
# name 7 = c1mS/cm: Conductivity, 2 [mS/cm]
# name 8 = sal00: Salinity, Practical [PSU]
# name 9 = sal11: Salinity, Practical, 2 [PSU]
# name 10 = sbox0Mm/Kg: Oxygen, SBE 43 [umol/kg]
# name 11 = sbox1Mm/Kg: Oxygen, SBE 43, 2 [umol/kg]
# name 12 = flECO-AFL: Fluorescence, WET Labs ECO-AFL/FL [mg/m^3]
# name 13 = v2: Voltage 2
# name 14 = wetCDOM: Fluorescence, WET Labs CDOM [mg/m^3]
# name 15 = v6: Voltage 6
# name 16 = CStarAt0: Beam Attenuation, WET Labs C-Star [1/m]
# name 17 = v3: Voltage 3
# name 18 = scan: Scan Count
# name 19 = timeM: Time, Elapsed [minutes]
# name 20 = altM: Altimeter [m]
# name 21 = sbeox0V: Oxygen raw, SBE 43 [V]
# name 22 = sbeox1V: Oxygen raw, SBE 43, 2 [V]
# name 23 = nbin: number of scans per bin
# name 24 = flag: flag
# span 0 =      2.968,   1200.628       
# span 1 =   79.55303,   79.55473       
# span 2 =  135.29365,  135.30511       
# span 3 =      3.000,   1217.000       
# span 4 =    -1.8061,     1.6684       
# span 5 =    -1.8057,     1.6684       
# span 6 =  22.534718,  30.450110       
# span 7 =  22.532877,  30.448342       
# span 8 =    27.8492,    34.8780       
# span 9 =    27.8456,    34.8758       
# span 10 =    291.783,    375.714      
# span 11 =    288.282,    368.554      
# span 12 =    -0.1820,     0.5385      
# span 13 =     4.2656,     4.6252      
# span 14 =     0.0805,     0.1394      
# span 15 =     0.0805,     0.1394      
# span 16 =     0.0548,     0.3812      
# span 17 =     0.0177,     0.0465      
# span 18 =       4234,      39352      
# span 19 =     2.9399,    27.3273      
# span 20 =      87.76,     100.03      
# span 21 =     2.0234,     2.6352      
# span 22 =     1.7999,     2.2874      
# span 23 =          5,         26      
# span 24 = 0.0000e+00, 0.0000e+00      
# interval = decibars: 1                
# start_time = Sep 24 2025 06:03:21 [NMEA time, header]
# bad_flag = -9.990e-29
*END*
[from data line 58]
     60.346   79.55320  135.30376     61.000    -1.7922    -1.7919  26.576321  26.574885    33.6574    33.6551    344.988    338.469    -0.0900     4.6022     0.0986     0.0986     0.0747     0.0214       8119     5.6376     100.00     2.4791     2.1657         19 0.0000e+00
     61.336   79.55320  135.30375     62.000    -1.8001    -1.7999  26.574223  26.572802    33.6629    33.6606    345.707    339.055    -0.0868     4.6037     0.0990     0.0990     0.0735     0.0216       8171     5.6733     100.00     2.4826     2.1680         22 0.0000e+00
     62.325   79.55320  135.30373     63.000    -1.8061    -1.8057  26.574337  26.573048    33.6692    33.6670    346.094    339.358    -0.0848     4.6045     0.0974     0.0974     0.0728     0.0216       8222     5.7093     100.00     2.4843     2.1690         23 0.0000e+00
     63.314   79.55322  135.30372     64.000    -1.8017    -1.8014  26.583117  26.581803    33.6758    33.6736    345.960    339.539    -0.0897     4.6047     0.0967     0.0967     0.0726     0.0214       8272     5.7437     100.00     2.4836     2.1700         24 0.0000e+00
     64.303   79.55322  135.30371     65.000    -1.7973    -1.7969  26.592448  26.591205    33.6831    33.6811    346.002    339.505    -0.0809     4.6046     0.0960     0.0960     0.0727     0.0218       8321     5.7778     100.00     2.4840     2.1699         22 0.0000e+00
     65.292   79.55322  135.30368     66.000    -1.7946    -1.7940  26.601198  26.600200    33.6916    33.6896    346.168    339.705    -0.0946     4.6051     0.0963     0.0963     0.0722     0.0213       8377     5.8164     100.00     2.4850     2.1709         18 0.0000e+00
     66.281   79.55322  135.30368     67.000    -1.7914    -1.7910  26.611630  26.610433    33.7019    33.6998    346.243    340.497    -0.0902     4.6059     0.0954     0.0954     0.0715     0.0214       8423     5.8485     100.00     2.4855     2.1749         21 0.0000e+00
     67.270   79.55322  135.30366     68.000    -1.7899    -1.7898  26.619438  26.618209    33.7105    33.7087    345.994    339.390    -0.1011     4.6060     0.0958     0.0958     0.0714     0.0210       8477     5.8860     100.00     2.4840     2.1694         21 0.0000e+00
     68.259   79.55322  135.30365     69.000    -1.7953    -1.7951  26.622571  26.621185    33.7203    33.7182    345.559    339.412    -0.1308     4.6061     0.0944     0.0944     0.0713     0.0197       8531     5.9234     100.00     2.4810     2.1692         23 0.0000e+00
     69.248   79.55323  135.30364     70.000    -1.7993    -1.7994  26.626822  26.625605    33.7302    33.7286    345.487    339.188    -0.1101     4.6065     0.0940     0.0940     0.0710     0.0206       8577     5.9558     100.00     2.4803     2.1678         16 0.0000e+00
     70.238   79.55324  135.30362     71.000    -1.8031    -1.8028  26.633708  26.632801    33.7436    33.7419    345.657    339.203    -0.1248     4.6070     0.0921     0.0921     0.0706     0.0200       8632     5.9938     100.00     2.4810     2.1676         15 0.0000e+00
     71.227   79.55324  135.30361     72.000    -1.8014    -1.8010  26.641359  26.640136    33.7516    33.7494    345.686    339.274    -0.1327     4.6068     0.0921     0.0921     0.0708     0.0197       8680     6.0273     100.00     2.4811     2.1679         17 0.0000e+00
     72.216   79.55324  135.30360     73.000    -1.7998    -1.7993  26.645555  26.644485    33.7550    33.7530    345.663    339.123    -0.1141     4.6066     0.0909     0.0909     0.0709     0.0204       8732     6.0631     100.00     2.4808     2.1671         19 0.0000e+00
     73.205   79.55324  135.30358     74.000    -1.7967    -1.7961  26.652343  26.651348    33.7603    33.7583    345.636    338.895    -0.1282     4.6059     0.0920     0.0920     0.0715     0.0199       8782     6.0981     100.00     2.4807     2.1660         15 0.0000e+00
     74.194   79.55324  135.30356     75.000    -1.7903    -1.7894  26.661873  26.661227    33.7656    33.7637    345.570    338.622    -0.1188     4.6070     0.0920     0.0920     0.0706     0.0202       8833     6.1335     100.00     2.4805     2.1649         17 0.0000e+00
     75.183   79.55325  135.30355     76.000    -1.7967    -1.7966  26.660634  26.659198    33.7706    33.7685    345.640    338.434    -0.1194     4.6076     0.0913     0.0913     0.0701     0.0202       8886     6.1702     100.00     2.4804     2.1635         16 0.0000e+00
     76.172   79.55326  135.30354     77.000    -1.7891    -1.7878  26.672139  26.671899    33.7773    33.7755    345.357    338.503    -0.1118     4.6075     0.0918     0.0918     0.0701     0.0205       8935     6.2043     100.00     2.4791     2.1641         16 0.0000e+00
     77.161   79.55326  135.30352     78.000    -1.7815    -1.7807  26.682838  26.681997    33.7829    33.7809    345.375    338.692    -0.1306     4.6078     0.0907     0.0907     0.0699     0.0198       8987     6.2406     100.00     2.4794     2.1652         16 0.0000e+00
     78.150   79.55326  135.30350     79.000    -1.7660    -1.7641  26.702268  26.702630    33.7917    33.7900    345.014    337.989    -0.1346     4.6081     0.0914     0.0914     0.0697     0.0196       9039     6.2766     100.00     2.4782     2.1626         15 0.0000e+00
     79.139   79.55326  135.30349     80.000    -1.7384    -1.7362  26.733217  26.733981    33.8027    33.8012    344.751    337.535    -0.1126     4.6003     0.0911     0.0911     0.0764     0.0205       9088     6.3106     100.00     2.4783     2.1617         17 0.0000e+00
     80.128   79.55326  135.30347     81.000    -1.6933    -1.6877  26.781182  26.785221    33.8174    33.8166    343.823    337.221    -0.1294     4.6086     0.0907     0.0907     0.0692     0.0198       9142     6.3480     100.00     2.4756     2.1626         17 0.0000e+00
     81.117   79.55326  135.30345     82.000    -1.6568    -1.6567  26.825699  26.824844    33.8371    33.8357    342.458    336.820    -0.1271     4.6087     0.0893     0.0893     0.0692     0.0199       9195     6.3847     100.00     2.4700     2.1622         16 0.0000e+00
     82.106   79.55327  135.30344     83.000    -1.6430    -1.6410  26.843849  26.844942    33.8459    33.8451    341.335    335.290    -0.1279     4.6094     0.0906     0.0906     0.0685     0.0199       9241     6.4165     100.00     2.4642     2.1554         14 0.0000e+00
     83.095   79.55328  135.30342     84.000    -1.5934    -1.5882  26.892249  26.897772    33.8559    33.8577    339.792    333.801    -0.1294     4.6095     0.0899     0.0899     0.0684     0.0198       9295     6.4543     100.00     2.4582     2.1507         17 0.0000e+00
     84.085   79.55328  135.30340     85.000    -1.5843    -1.5858  26.914258  26.911523    33.8754    33.8734    338.532    332.497    -0.1324     4.6095     0.0908     0.0908     0.0685     0.0197       9345     6.4886     100.00     2.4515     2.1445         15 0.0000e+00
     85.073   79.55328  135.30339     86.000    -1.5856    -1.5824  26.922035  26.924402    33.8870    33.8867    337.101    331.420    -0.1279     4.6104     0.0890     0.0890     0.0676     0.0199       9391     6.5207     100.00     2.4430     2.1393         14 0.0000e+00
     86.063   79.55328  135.30337     87.000    -1.5460    -1.5418  26.963169  26.966209    33.8983    33.8977    335.847    330.539    -0.1214     4.6106     0.0902     0.0902     0.0674     0.0201       9446     6.5590     100.00     2.4380     2.1369         18 0.0000e+00
     87.052   79.55328  135.30336     88.000    -1.5014    -1.4976  27.015377  27.018003    33.9191    33.9183    334.937    329.084    -0.1289     4.6102     0.0899     0.0899     0.0678     0.0198       9496     6.5937     100.00     2.4354     2.1320         16 0.0000e+00
     88.041   79.55329  135.30333     89.000    -1.4047    -1.4030  27.104029  27.105314    33.9309    33.9307    333.689    327.190    -0.1285     4.6105     0.0897     0.0897     0.0675     0.0198       9544     6.6272     100.00     2.4338     2.1273         15 0.0000e+00
     89.030   79.55330  135.30332     90.000    -1.3777    -1.3739  27.139148  27.141499    33.9479    33.9468    331.660    325.948    -0.1298     4.6106     0.0900     0.0900     0.0674     0.0198       9603     6.6677     100.00     2.4236     2.1226         18 0.0000e+00
     90.019   79.55330  135.30331     91.000    -1.3269    -1.3249  27.194188  27.195238    33.9654    33.9644    329.571    323.995    -0.1301     4.6103     0.0899     0.0899     0.0676     0.0198       9647     6.6988     100.00     2.4144     2.1154         14 0.0000e+00
     91.008   79.55330  135.30329     92.000    -1.2128    -1.1974  27.302781  27.314672    33.9842    33.9831    327.665    322.327    -0.1188     4.6104     0.0898     0.0898     0.0676     0.0202       9700     6.7354     100.00     2.4099     2.1133         17 0.0000e+00
     91.997   79.55330  135.30328     93.000    -1.1501    -1.1490  27.367900  27.367524    34.0016    33.9999    325.203    319.327    -0.1272     4.6095     0.0914     0.0914     0.0684     0.0199       9754     6.7726     100.00     2.3991     2.1008         16 0.0000e+00
     92.986   79.55330  135.30327     94.000    -1.1265    -1.1251  27.395156  27.396403    34.0116    34.0117    323.010    317.800    -0.1264     4.6065     0.0915     0.0915     0.0710     0.0199       9798     6.8034     100.00     2.3875     2.0943         18 0.0000e+00
     93.974   79.55330  135.30325     95.000    -1.1051    -1.0967  27.423716  27.429942    34.0258    34.0247    320.836    315.444    -0.1270     4.6059     0.0909     0.0909     0.0716     0.0199       9857     6.8445     100.00     2.3759     2.0839         19 0.0000e+00
     94.963   79.55332  135.30324     96.000    -1.0839    -1.0839  27.451158  27.449855    34.0386    34.0368    319.391    314.184    -0.1317     4.6059     0.0909     0.0909     0.0715     0.0197       9906     6.8788     100.00     2.3686     2.0782         19 0.0000e+00
     95.952   79.55332  135.30323     97.000    -1.0825    -1.0810  27.458304  27.459858    34.0462    34.0466    318.421    313.034    -0.1101     4.6059     0.0921     0.0921     0.0715     0.0206       9956     6.9130     100.00     2.3628     2.0725         19 0.0000e+00
     96.941   79.55332  135.30320     98.000    -1.0819    -1.0817  27.468845  27.467944    34.0592    34.0578    317.752    311.897    -0.1312     4.6049     0.0896     0.0896     0.0724     0.0197      10013     6.9529     100.00     2.3589     2.0668         16 0.0000e+00
     97.930   79.55332  135.30319     99.000    -1.0749    -1.0740  27.484632  27.483833    34.0723    34.0701    317.345    312.283    -0.1269     4.6042     0.0910     0.0910     0.0730     0.0199      10059     6.9845     100.00     2.3568     2.0690         22 0.0000e+00
     98.919   79.55332  135.30318    100.000    -1.0433    -1.0382  27.519445  27.526102    34.0833    34.0866    316.890    310.988    -0.1297     4.6040     0.0907     0.0907     0.0732     0.0198      10112     7.0214     100.00     2.3558     2.0642         22 0.0000e+00
     99.908   79.55332  135.30315    101.000    -1.0332    -1.0372  27.549175  27.544486    34.1118    34.1099    316.067    310.260    -0.1224     4.6041     0.0900     0.0900     0.0730     0.0201      10175     7.0653     100.00     2.3517     2.0607         22 0.0000e+00
    100.897   79.55332  135.30312    102.000    -1.0656    -1.0675  27.522007  27.521335    34.1109    34.1122    315.866    310.059    -0.1234     4.6002     0.0888     0.0888     0.0765     0.0201      10282     7.1396     100.00     2.3485     2.0582         23 0.0000e+00
    101.886   79.55332  135.30311    103.000    -1.0827    -1.0833  27.520104  27.518108    34.1272    34.1251    316.366    310.633    -0.1321     4.6041     0.0887     0.0887     0.0731     0.0197      10327     7.1710     100.00     2.3504     2.0602         15 0.0000e+00
    102.875   79.55332  135.30310    104.000    -1.0926    -1.0918  27.517199  27.516190    34.1338    34.1315    316.551    310.620    -0.1253     4.6050     0.0882     0.0882     0.0723     0.0200      10351     7.1878     100.00     2.3508     2.0596         17 0.0000e+00
    103.864   79.55332  135.30309    105.000    -1.0799    -1.0785  27.529858  27.529135    34.1360    34.1334    316.611    310.782    -0.1308     4.6026     0.0882     0.0882     0.0744     0.0197      10374     7.2038     100.00     2.3517     2.0609         21 0.0000e+00
    104.853   79.55332  135.30308    106.000    -1.0476    -1.0464  27.563023  27.562516    34.1439    34.1420    316.867    310.672    -0.1133     4.5922     0.0878     0.0878     0.0835     0.0205      10399     7.2209     100.00     2.3549     2.0618         14 0.0000e+00
    105.842   79.55332  135.30307    107.000    -1.0205    -1.0205  27.590614  27.589158    34.1502    34.1482    317.347    310.724    -0.1008     4.6045     0.0879     0.0879     0.0727     0.0210      10423     7.2374     100.00     2.3590     2.0631         17 0.0000e+00
    106.831   79.55332  135.30306    108.000    -1.0144    -1.0140  27.602349  27.601263    34.1587    34.1567    317.669    311.206    -0.1309     4.6053     0.0879     0.0879     0.0721     0.0197      10444     7.2523     100.00     2.3611     2.0657         15 0.0000e+00
    107.820   79.55332  135.30306    109.000    -0.9945    -0.9938  27.624557  27.623694    34.1657    34.1637    317.387    311.104    -0.1262     4.6058     0.0878     0.0878     0.0717     0.0199      10466     7.2674     100.00     2.3604     2.0660         18 0.0000e+00
    108.809   79.55332  135.30306    110.000    -0.9657    -0.9649  27.659635  27.658949    34.1802    34.1783    316.854    311.198    -0.1279     4.6055     0.0877     0.0877     0.0719     0.0199      10489     7.2833     100.00     2.3589     2.0678         21 0.0000e+00
    109.798   79.55334  135.30304    111.000    -0.9498    -0.9486  27.685745  27.685323    34.1970    34.1950    316.519    310.996    -0.1332     4.6055     0.0876     0.0876     0.0719     0.0196      10514     7.3008     100.00     2.3578     2.0675         19 0.0000e+00
    110.786   79.55334  135.30303    112.000    -0.9340    -0.9325  27.704208  27.703457    34.2036    34.2009    316.083    310.312    -0.1309     4.6054     0.0866     0.0866     0.0719     0.0197      10541     7.3195     100.00     2.3560     2.0647         21 0.0000e+00
    111.775   79.55334  135.30302    113.000    -0.9141    -0.9108  27.726367  27.727724    34.2105    34.2086    315.761    310.245    -0.1249     4.6049     0.0862     0.0862     0.0724     0.0200      10575     7.3432     100.00     2.3550     2.0653         21 0.0000e+00
    112.764   79.55334  135.30300    114.000    -0.8605    -0.8571  27.782284  27.783135    34.2250    34.2223    315.721    309.984    -0.1293     4.6056     0.0871     0.0871     0.0718     0.0198      10613     7.3692     100.00     2.3578     2.0664         25 0.0000e+00
    113.753   79.55334  135.30298    115.000    -0.7808    -0.7778  27.862118  27.862949    34.2423    34.2399    315.593    310.230    -0.1300     4.6058     0.0884     0.0884     0.0717     0.0198      10651     7.3959     100.00     2.3615     2.0713         23 0.0000e+00
    114.742   79.55334  135.30296    116.000    -0.7637    -0.7633  27.879835  27.878383    34.2462    34.2437    315.489    310.220    -0.1276     4.6064     0.0878     0.0878     0.0711     0.0199      10686     7.4202     100.00     2.3616     2.0718         17 0.0000e+00
    115.731   79.55334  135.30296    117.000    -0.7594    -0.7575  27.885489  27.885509    34.2483    34.2462    314.909    309.006    -0.1259     4.6056     0.0878     0.0878     0.0718     0.0200      10716     7.4407     100.00     2.3582     2.0658         17 0.0000e+00
