Continuous CTD Data/SBE Stage/nabos_37_01.ros
* Sea-Bird SBE 9 Data File:
* FileName = D:\CTD\data\HLY2502\raw\NABOS_37_01.hex
* Software Version Seasave V 7.26.7.110
* Temperature SN = 6954
* Conductivity SN = 2561
* Number of Bytes Per Scan = 37
* Number of Voltage Words = 4
* Number of Scans Averaged by the Deck Unit = 1
* NMEA Latitude = 79 03.75 N
* NMEA Longitude = 130 24.14 E
* NMEA UTC (Time) = Sep 24 2025  20:20:46
* NMEA baud rate = 9600
** Ship: USCG HEALY
** Bot. Depth:  3116
** Cast Number:  01
** Station Name:  NABOS
** Station Number:  37
** Operator:  STARC
# nquan = 25
# nvalues = 1176                                  
# units = specified
# name 0 = depSM: Depth [salt water, m]
# name 1 = latitude: Latitude [deg]
# name 2 = longitude: Longitude [deg]
# name 3 = prDM: Pressure, Digiquartz [db]
# name 4 = t090C: Temperature [ITS-90, deg C]
# name 5 = t190C: Temperature, 2 [ITS-90, deg C]
# name 6 = c0mS/cm: Conductivity [mS/cm]
# name 7 = c1mS/cm: Conductivity, 2 [mS/cm]
# name 8 = sal00: Salinity, Practical [PSU]
# name 9 = sal11: Salinity, Practical, 2 [PSU]
# name 10 = sbox0Mm/Kg: Oxygen, SBE 43 [umol/kg]
# name 11 = sbox1Mm/Kg: Oxygen, SBE 43, 2 [umol/kg]
# name 12 = flECO-AFL: Fluorescence, WET Labs ECO-AFL/FL [mg/m^3]
# name 13 = v2: Voltage 2
# name 14 = wetCDOM: Fluorescence, WET Labs CDOM [mg/m^3]
# name 15 = v6: Voltage 6
# name 16 = CStarAt0: Beam Attenuation, WET Labs C-Star [1/m]
# name 17 = v3: Voltage 3
# name 18 = scan: Scan Count
# name 19 = timeM: Time, Elapsed [minutes]
# name 20 = altM: Altimeter [m]
# name 21 = sbeox0V: Oxygen raw, SBE 43 [V]
# name 22 = sbeox1V: Oxygen raw, SBE 43, 2 [V]
# name 23 = nbf: Bottles Fired
# name 24 = flag:  0.000e+00
# interval = seconds: 0.0416667
# start_time = Sep 24 2025 20:20:46 [NMEA time, header]
# bad_flag = -9.990e-29
*END*
[from data line 696]
     70.092   79.07350  130.37014     70.851    -1.8200    -1.8201  26.625440  26.623921    33.7513    33.7493    348.437    341.439    -0.1366     4.6190     0.0916     0.0916     0.0601     0.0195     107950    74.9646     100.00     2.4961     2.1778         15  0.000e+00
     70.100   79.07350  130.37014     70.859    -1.8201    -1.8203  26.625440  26.623809    33.7515    33.7494    348.439    341.190    -0.1061     4.6190     0.0916     0.0916     0.0601     0.0208     107951    74.9653     100.00     2.4961     2.1765         15  0.000e+00
     70.100   79.07350  130.37014     70.859    -1.8203    -1.8202  26.625739  26.624203    33.7521    33.7498    348.439    341.187    -0.1366     4.6190     0.0916     0.0916     0.0601     0.0195     107952    74.9660     100.00     2.4961     2.1765         15  0.000e+00
     70.100   79.07350  130.37014     70.859    -1.8201    -1.8201  26.625799  26.623978    33.7520    33.7494    348.437    341.187    -0.1366     4.6203     0.0916     0.0916     0.0591     0.0195     107953    74.9667     100.00     2.4961     2.1765         15  0.000e+00
     70.092   79.07350  130.37014     70.851    -1.8201    -1.8203  26.625380  26.624034    33.7514    33.7497    348.438    341.188    -0.1366     4.6190     0.0916     0.0916     0.0601     0.0195     107954    74.9674     100.00     2.4961     2.1765         15  0.000e+00
     70.157   79.07350  130.37014     70.918    -1.8200    -1.8200  26.625261  26.623922    33.7510    33.7492    348.441    341.189    -0.1366     4.6190     0.0928     0.0928     0.0601     0.0195     107955    74.9681     100.00     2.4961     2.1765         15  0.000e+00
     70.100   79.07350  130.37014     70.859    -1.8200    -1.8201  26.625440  26.623809    33.7513    33.7492    348.437    340.937    -0.1366     4.6190     0.0916     0.0916     0.0601     0.0195     107956    74.9688     100.00     2.4961     2.1753         15  0.000e+00
     70.100   79.07350  130.37014     70.859    -1.8200    -1.8201  26.625320  26.623809    33.7511    33.7492    348.438    340.937    -0.1061     4.6190     0.0916     0.0916     0.0601     0.0208     107957    74.9694     100.00     2.4961     2.1753         15  0.000e+00
     70.092   79.07350  130.37014     70.851    -1.8201    -1.8202  26.625261  26.623472    33.7512    33.7488    348.226    340.938    -0.1061     4.6190     0.0916     0.0916     0.0601     0.0208     107958    74.9701     100.00     2.4949     2.1753         15  0.000e+00
     70.042   79.07350  130.37014     70.801    -1.8200    -1.8199  26.625559  26.623696    33.7515    33.7489    348.434    340.933    -0.1366     4.6203     0.0916     0.0916     0.0591     0.0195     107959    74.9708     100.00     2.4961     2.1753         15  0.000e+00
     70.100   79.07350  130.37014     70.859    -1.8203    -1.8200  26.625320  26.623809    33.7515    33.7490    348.228    340.936    -0.1366     4.6190     0.0916     0.0916     0.0601     0.0195     107960    74.9715     100.00     2.4949     2.1753         15  0.000e+00
     70.092   79.07350  130.37014     70.851    -1.8200    -1.8199  26.625261  26.623809    33.7511    33.7490    348.438    340.935    -0.1366     4.6190     0.0916     0.0916     0.0601     0.0195     107961    74.9722     100.00     2.4961     2.1753         15  0.000e+00
     70.100   79.07350  130.37014     70.859    -1.8200    -1.8201  26.625440  26.623809    33.7513    33.7492    348.437    340.937    -0.1061     4.6190     0.0916     0.0916     0.0601     0.0208     107962    74.9729     100.00     2.4961     2.1753         15  0.000e+00
     70.100   79.07350  130.37014     70.859    -1.8200    -1.8202  26.625739  26.624034    33.7517    33.7496    348.436    340.936    -0.1366     4.6190     0.0916     0.0916     0.0601     0.0195     107963    74.9736     100.00     2.4961     2.1753         15  0.000e+00
     70.100   79.07350  130.37014     70.859    -1.8203    -1.8201  26.625799  26.623865    33.7522    33.7493    348.438    341.188    -0.1366     4.6203     0.0916     0.0916     0.0591     0.0195     107964    74.9743     100.00     2.4961     2.1765         15  0.000e+00
     70.092   79.07350  130.37014     70.851    -1.8199    -1.8199  26.625619  26.623809    33.7514    33.7490    348.223    341.186    -0.1061     4.6190     0.0928     0.0928     0.0601     0.0208     107965    74.9750     100.00     2.4949     2.1765         15  0.000e+00
     70.100   79.07350  130.37014     70.859    -1.8201    -1.8197  26.625739  26.624034    33.7519    33.7490    348.437    341.435    -0.1366     4.6190     0.0928     0.0928     0.0601     0.0195     107966    74.9757     100.00     2.4961     2.1777         15  0.000e+00
     70.042   79.07350  130.37014     70.801    -1.8199    -1.8201  26.625619  26.624090    33.7515    33.7496    348.220    341.435    -0.1366     4.6190     0.0928     0.0928     0.0601     0.0195     107967    74.9764     100.00     2.4949     2.1777         15  0.000e+00
     70.092   79.07350  130.37014     70.851    -1.8200    -1.8199  26.625320  26.624146    33.7511    33.7494    348.225    341.688    -0.1061     4.6178     0.0928     0.0928     0.0612     0.0208     107968    74.9771     100.00     2.4949     2.1790         15  0.000e+00
     70.100   79.07350  130.37014     70.859    -1.8197    -1.8200  26.625081  26.624090    33.7505    33.7494    348.436    341.437    -0.1061     4.6190     0.0928     0.0928     0.0601     0.0208     107969    74.9778     100.00     2.4961     2.1777         15  0.000e+00
     70.042   79.07350  130.37014     70.801    -1.8200    -1.8199  26.624722  26.623528    33.7503    33.7486    348.437    341.436    -0.0755     4.6190     0.0928     0.0928     0.0601     0.0220     107970    74.9785     100.00     2.4961     2.1777         15  0.000e+00
     70.100   79.07350  130.37014     70.859    -1.8197    -1.8199  26.624902  26.623696    33.7502    33.7487    348.437    341.186    -0.1061     4.6190     0.0928     0.0928     0.0601     0.0208     107971    74.9792     100.00     2.4961     2.1765         15  0.000e+00
     70.034   79.07350  130.37014     70.793    -1.8200    -1.8198  26.624842  26.623640    33.7505    33.7486    348.436    341.183    -0.0755     4.6190     0.0928     0.0928     0.0601     0.0220     107972    74.9799     100.00     2.4961     2.1765         15  0.000e+00
     70.100   79.07350  130.37014     70.859    -1.8199    -1.8196  26.624543  26.623753    33.7499    33.7485    348.227    341.184    -0.1061     4.6190     0.0928     0.0928     0.0601     0.0208     107973    74.9806     100.00     2.4949     2.1765         15  0.000e+00
     70.042   79.07350  130.37014     70.801    -1.8200    -1.8197  26.624842  26.623640    33.7505    33.7485    348.436    341.182    -0.0755     4.6190     0.0928     0.0928     0.0601     0.0220     107974    74.9813     100.00     2.4961     2.1765         15  0.000e+00
     70.100   79.07350  130.37014     70.859    -1.8197    -1.8196  26.624842  26.623415    33.7501    33.7481    348.437    341.437    -0.1061     4.6190     0.0928     0.0928     0.0601     0.0208     107975    74.9819     100.00     2.4961     2.1777         15  0.000e+00
     70.034   79.07350  130.37014     70.793    -1.8199    -1.8196  26.624782  26.623359    33.7503    33.7480    348.435    341.183    -0.0755     4.6190     0.0928     0.0928     0.0601     0.0220     107976    74.9826     100.00     2.4961     2.1765         15  0.000e+00
     70.100   79.07350  130.37014     70.859    -1.8199    -1.8196  26.625500  26.623303    33.7513    33.7479    348.436    341.185    -0.0755     4.6190     0.0928     0.0928     0.0601     0.0220     107977    74.9833     100.00     2.4961     2.1765         15  0.000e+00
     70.042   79.07350  130.37014     70.801    -1.8200    -1.8195  26.625619  26.623528    33.7516    33.7481    348.221    341.181    -0.0755     4.6190     0.0928     0.0928     0.0601     0.0220     107978    74.9840     100.00     2.4949     2.1765         15  0.000e+00
     70.092   79.07350  130.37014     70.851    -1.8200    -1.8195  26.625320  26.623753    33.7511    33.7484    348.224    341.183    -0.0755     4.6190     0.0928     0.0928     0.0601     0.0220     107979    74.9847     100.00     2.4949     2.1765         15  0.000e+00
     70.042   79.07350  130.37014     70.801    -1.8199    -1.8199  26.625440  26.623640    33.7512    33.7487    348.221    341.184    -0.1061     4.6178     0.0928     0.0928     0.0612     0.0208     107980    74.9854     100.00     2.4949     2.1765         15  0.000e+00
     70.042   79.07350  130.37014     70.801    -1.8199    -1.8198  26.625440  26.623809    33.7512    33.7489    348.221    340.931    -0.0755     4.6190     0.0940     0.0940     0.0601     0.0220     107981    74.9861     100.00     2.4949     2.1753         15  0.000e+00
     70.042   79.07350  130.37014     70.801    -1.8199    -1.8199  26.625500  26.623809    33.7513    33.7489    348.220    340.932    -0.0755     4.6190     0.0928     0.0928     0.0601     0.0220     107982    74.9868     100.00     2.4949     2.1753         15  0.000e+00
     70.092   79.07350  130.37014     70.851    -1.8199    -1.8196  26.625559  26.623640    33.7513    33.7484    348.223    340.933    -0.0755     4.6190     0.0928     0.0928     0.0601     0.0220     107983    74.9875     100.00     2.4949     2.1753         15  0.000e+00
     70.042   79.07350  130.37014     70.801    -1.8199    -1.8198  26.625320  26.623753    33.7510    33.7488    348.434    340.931    -0.0755     4.6190     0.0928     0.0928     0.0601     0.0220     107984    74.9882     100.00     2.4961     2.1753         15  0.000e+00
     70.042   79.07350  130.37014     70.801    -1.8199    -1.8199  26.625440  26.623471    33.7512    33.7485    348.433    340.430    -0.1061     4.6178     0.0928     0.0928     0.0612     0.0208     107985    74.9889     100.00     2.4961     2.1729         15  0.000e+00
     70.034   79.07350  130.37014     70.793    -1.8197    -1.8196  26.625320  26.623696    33.7509    33.7485    348.432    340.176    -0.0755     4.6178     0.0928     0.0928     0.0612     0.0220     107986    74.9896     100.00     2.4961     2.1716         15  0.000e+00
     70.042   79.07350  130.37014     70.801    -1.8197    -1.8198  26.625260  26.623809    33.7508    33.7489    348.432    339.925    -0.0755     4.6190     0.0928     0.0928     0.0601     0.0220     107987    74.9903     100.00     2.4961     2.1704         15  0.000e+00
     70.042   79.07350  130.37014     70.801    -1.8199    -1.8197  26.625260  26.623303    33.7510    33.7480    348.434    339.675    -0.0755     4.6190     0.0928     0.0928     0.0601     0.0220     107988    74.9910     100.00     2.4961     2.1692         15  0.000e+00
     54.866   79.07380  130.37034     55.459    -1.8157    -1.8156  26.529991  26.530939    33.6230    33.6242    348.183    339.213    -0.0755     4.6166     0.1001     0.1001     0.0622     0.0220     110969    77.0611     100.00     2.4970     2.1689         16  0.000e+00
     54.907   79.07380  130.37034     55.500    -1.8154    -1.8159  26.529215  26.530490    33.6216    33.6239    347.973    339.470    -0.1061     4.6166     0.1001     0.1001     0.0622     0.0208     110970    77.0618     100.00     2.4957     2.1701         16  0.000e+00
     54.907   79.07380  130.37034     55.500    -1.8154    -1.8159  26.529036  26.529592    33.6213    33.6227    347.974    339.724    -0.0755     4.6166     0.1001     0.1001     0.0622     0.0220     110971    77.0625     100.00     2.4957     2.1713         16  0.000e+00
     54.866   79.07380  130.37034     55.459    -1.8152    -1.8162  26.528916  26.529199    33.6210    33.6225    347.971    339.475    -0.1061     4.6166     0.1001     0.1001     0.0622     0.0208     110972    77.0632     100.00     2.4957     2.1701         16  0.000e+00
     54.907   79.07380  130.37034     55.500    -1.8151    -1.8162  26.528379  26.528749    33.6201    33.6218    347.974    339.478    -0.0755     4.6166     0.1001     0.1001     0.0622     0.0220     110973    77.0639     100.00     2.4957     2.1701         16  0.000e+00
     54.866   79.07380  130.37034     55.459    -1.8152    -1.8162  26.529095  26.528412    33.6213    33.6214    347.971    339.478    -0.0755     4.6166     0.1001     0.1001     0.0622     0.0220     110974    77.0646     100.00     2.4957     2.1701         16  0.000e+00
     54.907   79.07380  130.37034     55.500    -1.8154    -1.8159  26.530111  26.527963    33.6229    33.6204    347.970    339.730    -0.0755     4.6166     0.1001     0.1001     0.0622     0.0220     110975    77.0653     100.00     2.4957     2.1713         16  0.000e+00
     54.924   79.07380  130.37034     55.517    -1.8155    -1.8157  26.530708  26.527458    33.6238    33.6195    348.181    339.731    -0.0755     4.6166     0.1001     0.1001     0.0622     0.0220     110976    77.0660     100.00     2.4970     2.1713         16  0.000e+00
     54.907   79.07380  130.37034     55.500    -1.8157    -1.8157  26.531245  26.527121    33.6248    33.6190    347.968    339.481    -0.1061     4.6154     0.1001     0.1001     0.0633     0.0208     110977    77.0667     100.00     2.4957     2.1701         16  0.000e+00
     54.842   79.07380  130.37034     55.434    -1.8157    -1.8156  26.531961  26.527065    33.6258    33.6188    347.962    339.226    -0.0755     4.6166     0.1001     0.1001     0.0622     0.0220     110978    77.0674     100.00     2.4957     2.1689         16  0.000e+00
     54.924   79.07380  130.37034     55.517    -1.8159    -1.8157  26.531723  26.526896    33.6256    33.6187    347.968    338.980    -0.0755     4.6166     0.1001     0.1001     0.0622     0.0220     110979    77.0681     100.00     2.4957     2.1677         16  0.000e+00
     54.907   79.07380  130.37034     55.500    -1.8160    -1.8159  26.531782  26.527009    33.6259    33.6191    347.968    338.980    -0.0755     4.6166     0.1001     0.1001     0.0622     0.0220     110980    77.0687     100.00     2.4957     2.1677         16  0.000e+00
     54.866   79.07380  130.37034     55.459    -1.8159    -1.8159  26.531902  26.527233    33.6259    33.6194    347.964    338.977    -0.0755     4.6166     0.1001     0.1001     0.0622     0.0220     110981    77.0694     100.00     2.4957     2.1677         16  0.000e+00
     54.907   79.07380  130.37034     55.500    -1.8159    -1.8159  26.531842  26.527345    33.6258    33.6195    347.967    338.979    -0.0755     4.6178     0.1001     0.1001     0.0612     0.0220     110982    77.0701     100.00     2.4957     2.1677         16  0.000e+00
     54.907   79.07380  130.37034     55.500    -1.8159    -1.8159  26.532260  26.527514    33.6264    33.6198    348.177    338.727    -0.0755     4.6166     0.1001     0.1001     0.0622     0.0220     110983    77.0708     100.00     2.4970     2.1665         16  0.000e+00
     54.866   79.07380  130.37034     55.459    -1.8159    -1.8161  26.532021  26.528356    33.6261    33.6212    347.964    338.723    -0.0755     4.6166     0.1001     0.1001     0.0622     0.0220     110984    77.0715     100.00     2.4957     2.1665         16  0.000e+00
     54.965   79.07380  130.37034     55.558    -1.8159    -1.8160  26.531842  26.529143    33.6258    33.6221    347.969    338.976    -0.0755     4.6166     0.1001     0.1001     0.0622     0.0220     110985    77.0722     100.00     2.4957     2.1677         16  0.000e+00
     54.866   79.07380  130.37034     55.459    -1.8157    -1.8159  26.532081  26.529929    33.6260    33.6232    347.962    338.967    -0.0755     4.6166     0.1001     0.1001     0.0622     0.0220     110986    77.0729     100.00     2.4957     2.1677         16  0.000e+00
