Continuous CTD Data/SBE Stage/nabos_41_01.ros
* Sea-Bird SBE 9 Data File:
* FileName = D:\CTD\data\HLY2502\raw\NABOS_41_01.hex
* Software Version Seasave V 7.26.7.110
* Temperature SN = 6954
* Conductivity SN = 2561
* Number of Bytes Per Scan = 37
* Number of Voltage Words = 4
* Number of Scans Averaged by the Deck Unit = 1
* NMEA Latitude = 79 39.37 N
* NMEA Longitude = 125 55.91 E
* NMEA UTC (Time) = Sep 27 2025  03:16:02
* NMEA baud rate = 9600
** Ship: USCG HEALY
** Bot. Depth:  3277
** Cast Number:  01
** Station Name:  NABOS
** Station Number:  41
** Operator:  STARC
# nquan = 25
# nvalues = 1176                                  
# units = specified
# name 0 = depSM: Depth [salt water, m]
# name 1 = latitude: Latitude [deg]
# name 2 = longitude: Longitude [deg]
# name 3 = prDM: Pressure, Digiquartz [db]
# name 4 = t090C: Temperature [ITS-90, deg C]
# name 5 = t190C: Temperature, 2 [ITS-90, deg C]
# name 6 = c0mS/cm: Conductivity [mS/cm]
# name 7 = c1mS/cm: Conductivity, 2 [mS/cm]
# name 8 = sal00: Salinity, Practical [PSU]
# name 9 = sal11: Salinity, Practical, 2 [PSU]
# name 10 = sbox0Mm/Kg: Oxygen, SBE 43 [umol/kg]
# name 11 = sbox1Mm/Kg: Oxygen, SBE 43, 2 [umol/kg]
# name 12 = flECO-AFL: Fluorescence, WET Labs ECO-AFL/FL [mg/m^3]
# name 13 = v2: Voltage 2
# name 14 = wetCDOM: Fluorescence, WET Labs CDOM [mg/m^3]
# name 15 = v6: Voltage 6
# name 16 = CStarAt0: Beam Attenuation, WET Labs C-Star [1/m]
# name 17 = v3: Voltage 3
# name 18 = scan: Scan Count
# name 19 = timeM: Time, Elapsed [minutes]
# name 20 = altM: Altimeter [m]
# name 21 = sbeox0V: Oxygen raw, SBE 43 [V]
# name 22 = sbeox1V: Oxygen raw, SBE 43, 2 [V]
# name 23 = nbf: Bottles Fired
# name 24 = flag:  0.000e+00
# interval = seconds: 0.0416667
# start_time = Sep 27 2025 03:16:02 [NMEA time, header]
# bad_flag = -9.990e-29
*END*
[from data line 290]
    250.268   79.65218  125.93126    253.097     1.9360     1.9353  30.736130  30.733247    34.8731    34.8702    293.149    288.163    -0.1671     4.6288     0.0806     0.0806     0.0517     0.0183      73984    51.3771     100.00     2.3451     2.0574          6  0.000e+00
    250.211   79.65218  125.93126    253.038     1.9360     1.9353  30.736130  30.733188    34.8731    34.8701    293.146    287.932    -0.1976     4.6288     0.0818     0.0818     0.0517     0.0171      73985    51.3778     100.00     2.3451     2.0561          6  0.000e+00
    250.268   79.65218  125.93126    253.097     1.9360     1.9351  30.736130  30.733366    34.8731    34.8705    293.342    287.706    -0.1671     4.6288     0.0818     0.0818     0.0517     0.0183      73986    51.3785     100.00     2.3463     2.0549          6  0.000e+00
    250.211   79.65218  125.93126    253.038     1.9360     1.9355  30.735877  30.733484    34.8728    34.8703    293.147    287.472    -0.1976     4.6288     0.0818     0.0818     0.0517     0.0171      73987    51.3792     100.00     2.3451     2.0537          6  0.000e+00
    200.114   79.65192  125.93110    202.351     1.7339     1.7341  30.475918  30.472989    34.7970    34.7931    292.956    287.499    -0.1366     4.6288     0.0818     0.0818     0.0517     0.0195      77867    54.0736     100.00     2.3446     2.0545          7  0.000e+00
    200.180   79.65192  125.93110    202.417     1.7342     1.7340  30.475793  30.473048    34.7965    34.7932    292.958    287.502    -0.1366     4.6288     0.0818     0.0818     0.0517     0.0195      77868    54.0743     100.00     2.3446     2.0545          7  0.000e+00
    200.212   79.65192  125.93110    202.450     1.7342     1.7339  30.475416  30.472930    34.7959    34.7931    292.960    287.504    -0.1366     4.6276     0.0818     0.0818     0.0527     0.0195      77869    54.0750     100.00     2.3446     2.0545          7  0.000e+00
    200.180   79.65192  125.93110    202.417     1.7341     1.7340  30.475542  30.473048    34.7963    34.7932    292.959    287.502    -0.1671     4.6288     0.0806     0.0806     0.0517     0.0183      77870    54.0757     100.00     2.3446     2.0545          7  0.000e+00
    200.180   79.65192  125.93110    202.417     1.7342     1.7338  30.475667  30.473107    34.7963    34.7935    292.764    287.503    -0.1976     4.6288     0.0818     0.0818     0.0517     0.0171      77871    54.0764     100.00     2.3434     2.0545          7  0.000e+00
    200.114   79.65192  125.93110    202.351     1.7344     1.7336  30.476044  30.472930    34.7966    34.7935    292.953    287.273    -0.1671     4.6276     0.0818     0.0818     0.0527     0.0183      77872    54.0771     100.00     2.3446     2.0533          7  0.000e+00
    200.212   79.65192  125.93110    202.450     1.7344     1.7336  30.475793  30.472635    34.7962    34.7931    292.958    287.049    -0.1671     4.6276     0.0818     0.0818     0.0527     0.0183      77873    54.0778     100.00     2.3446     2.0521          7  0.000e+00
    200.114   79.65192  125.93110    202.351     1.7346     1.7333  30.476044  30.472575    34.7963    34.7934    292.952    287.276    -0.1671     4.6276     0.0818     0.0818     0.0527     0.0183      77874    54.0785     100.00     2.3446     2.0533          7  0.000e+00
    200.180   79.65192  125.93110    202.417     1.7345     1.7329  30.476233  30.472339    34.7966    34.7935    292.954    287.510    -0.1671     4.6276     0.0818     0.0818     0.0527     0.0183      77875    54.0792     100.00     2.3446     2.0545          7  0.000e+00
    200.212   79.65192  125.93110    202.450     1.7345     1.7325  30.476421  30.472044    34.7969    34.7935    292.955    287.514    -0.1671     4.6276     0.0818     0.0818     0.0527     0.0183      77876    54.0799     100.00     2.3446     2.0545          7  0.000e+00
    200.180   79.65192  125.93110    202.417     1.7347     1.7324  30.476296  30.471807    34.7965    34.7934    292.953    287.514    -0.1671     4.6276     0.0818     0.0818     0.0527     0.0183      77877    54.0806     100.00     2.3446     2.0545          7  0.000e+00
    200.180   79.65192  125.93110    202.417     1.7347     1.7322  30.476233  30.471748    34.7965    34.7935    292.760    287.515    -0.1976     4.6276     0.0830     0.0830     0.0527     0.0171      77878    54.0812     100.00     2.3434     2.0545          7  0.000e+00
    200.155   79.65192  125.93110    202.392     1.7348     1.7325  30.476421  30.471748    34.7965    34.7932    292.951    287.741    -0.1671     4.6276     0.0830     0.0830     0.0527     0.0183      77879    54.0819     100.00     2.3446     2.0557          7  0.000e+00
    200.180   79.65192  125.93110    202.417     1.7349     1.7325  30.476296  30.471925    34.7963    34.7934    292.952    287.742    -0.1671     4.6276     0.0830     0.0830     0.0527     0.0183      77880    54.0826     100.00     2.3446     2.0557          7  0.000e+00
    200.180   79.65192  125.93110    202.417     1.7348     1.7323  30.476421  30.471807    34.7965    34.7935    292.952    287.286    -0.1671     4.6276     0.0830     0.0830     0.0527     0.0183      77881    54.0833     100.00     2.3446     2.0533          7  0.000e+00
    200.180   79.65192  125.93110    202.417     1.7352     1.7324  30.476044  30.471748    34.7957    34.7933    292.951    286.828    -0.1671     4.6276     0.0830     0.0830     0.0527     0.0183      77882    54.0840     100.00     2.3446     2.0508          7  0.000e+00
    200.212   79.65192  125.93110    202.450     1.7348     1.7325  30.476107  30.471925    34.7961    34.7934    292.954    286.141    -0.1671     4.6276     0.0830     0.0830     0.0527     0.0183      77883    54.0847     100.00     2.3446     2.0472          7  0.000e+00
    200.114   79.65192  125.93110    202.351     1.7347     1.7327  30.476421  30.471984    34.7967    34.7933    292.950    286.136    -0.1671     4.6276     0.0830     0.0830     0.0527     0.0183      77884    54.0854     100.00     2.3446     2.0472          7  0.000e+00
    200.237   79.65192  125.93110    202.475     1.7350     1.7327  30.476296  30.471985    34.7962    34.7932    292.760    286.370    -0.1976     4.6276     0.0830     0.0830     0.0527     0.0171      77885    54.0861     100.00     2.3434     2.0484          7  0.000e+00
    200.155   79.65192  125.93110    202.392     1.7346     1.7324  30.475981  30.471984    34.7962    34.7937    292.953    286.597    -0.1671     4.6276     0.0830     0.0830     0.0527     0.0183      77886    54.0868     100.00     2.3446     2.0496          7  0.000e+00
    200.180   79.65192  125.93110    202.417     1.7347     1.7324  30.476107  30.471807    34.7963    34.7934    292.954    286.827    -0.1366     4.6276     0.0830     0.0830     0.0527     0.0195      77887    54.0875     100.00     2.3446     2.0508          7  0.000e+00
    200.180   79.65192  125.93110    202.417     1.7345     1.7324  30.476044  30.471512    34.7964    34.7930    292.955    286.599    -0.1671     4.6276     0.0830     0.0830     0.0527     0.0183      77888    54.0882     100.00     2.3446     2.0496          7  0.000e+00
    200.155   79.65192  125.93110    202.392     1.7342     1.7319  30.475730  30.471452    34.7964    34.7935    292.956    286.830    -0.1671     4.6276     0.0830     0.0830     0.0527     0.0183      77889    54.0889     100.00     2.3446     2.0508          7  0.000e+00
    200.180   79.65192  125.93110    202.417     1.7342     1.7321  30.475416  30.471216    34.7960    34.7930    293.152    287.288    -0.1671     4.6276     0.0830     0.0830     0.0527     0.0183      77890    54.0896     100.00     2.3459     2.0533          7  0.000e+00
    200.180   79.65192  125.93110    202.417     1.7338     1.7318  30.475164  30.471157    34.7961    34.7932    292.961    287.519    -0.1671     4.6276     0.0818     0.0818     0.0527     0.0183      77891    54.0903     100.00     2.3446     2.0545          7  0.000e+00
    200.180   79.65192  125.93110    202.417     1.7335     1.7317  30.474662  30.471157    34.7958    34.7933    292.964    287.290    -0.1671     4.6276     0.0830     0.0830     0.0527     0.0183      77892    54.0910     100.00     2.3446     2.0533          7  0.000e+00
    200.212   79.65192  125.93110    202.450     1.7331     1.7318  30.474536  30.471157    34.7960    34.7932    292.968    287.063    -0.1671     4.6276     0.0830     0.0830     0.0527     0.0183      77893    54.0917     100.00     2.3446     2.0521          7  0.000e+00
    200.114   79.65192  125.93110    202.351     1.7327     1.7316  30.474285  30.471157    34.7963    34.7935    292.967    286.831    -0.1671     4.6276     0.0830     0.0830     0.0527     0.0183      77894    54.0924     100.00     2.3446     2.0508          7  0.000e+00
    200.180   79.65192  125.93110    202.417     1.7330     1.7319  30.473782  30.471334    34.7952    34.7933    292.970    286.831    -0.1671     4.6276     0.0830     0.0830     0.0527     0.0183      77895    54.0931     100.00     2.3446     2.0508          7  0.000e+00
    200.212   79.65192  125.93110    202.450     1.7327     1.7319  30.473845  30.471630    34.7956    34.7937    292.973    286.832    -0.1671     4.6276     0.0830     0.0830     0.0527     0.0183      77896    54.0938     100.00     2.3446     2.0508          7  0.000e+00
    200.180   79.65192  125.93110    202.417     1.7325     1.7324  30.474348  30.471748    34.7965    34.7933    292.971    287.056    -0.1671     4.6276     0.0830     0.0830     0.0527     0.0183      77897    54.0944     100.00     2.3446     2.0521          7  0.000e+00
    200.114   79.65192  125.93110    202.351     1.7325     1.7323  30.474096  30.471925    34.7963    34.7937    292.969    287.283    -0.1671     4.6276     0.0830     0.0830     0.0527     0.0183      77898    54.0951     100.00     2.3446     2.0533          7  0.000e+00
    200.212   79.65192  125.93110    202.450     1.7323     1.7324  30.474159  30.471985    34.7964    34.7936    293.167    287.286    -0.1671     4.6276     0.0818     0.0818     0.0527     0.0183      77899    54.0958     100.00     2.3459     2.0533          7  0.000e+00
    200.180   79.65192  125.93110    202.417     1.7325     1.7324  30.474033  30.471807    34.7961    34.7934    292.972    287.056    -0.1671     4.6276     0.0830     0.0830     0.0527     0.0183      77900    54.0965     100.00     2.3446     2.0521          7  0.000e+00
    200.180   79.65192  125.93110    202.417     1.7325     1.7327  30.473971  30.471748    34.7960    34.7930    292.972    287.054    -0.1976     4.6276     0.0830     0.0830     0.0527     0.0171      77901    54.0972     100.00     2.3446     2.0521          7  0.000e+00
    200.180   79.65192  125.93110    202.417     1.7325     1.7325  30.473971  30.471925    34.7960    34.7934    292.972    287.055    -0.1671     4.6276     0.0830     0.0830     0.0527     0.0183      77902    54.0979     100.00     2.3446     2.0521          7  0.000e+00
    200.155   79.65192  125.93110    202.392     1.7323     1.7327  30.473971  30.471984    34.7962    34.7933    292.972    287.282    -0.1976     4.6276     0.0830     0.0830     0.0527     0.0171      77903    54.0986     100.00     2.3446     2.0533          7  0.000e+00
    200.180   79.65192  125.93110    202.417     1.7325     1.7324  30.473971  30.471807    34.7960    34.7934    293.165    287.514    -0.1671     4.6276     0.0818     0.0818     0.0527     0.0183      77904    54.0993     100.00     2.3459     2.0545          7  0.000e+00
    200.180   79.65192  125.93110    202.417     1.7325     1.7325  30.474159  30.471512    34.7963    34.7929    292.972    287.514    -0.1671     4.6276     0.0818     0.0818     0.0527     0.0183      77905    54.1000     100.00     2.3446     2.0545          7  0.000e+00
    200.212   79.65192  125.93110    202.450     1.7322     1.7324  30.474034  30.471453    34.7964    34.7929    293.168    287.287    -0.1671     4.6276     0.0818     0.0818     0.0527     0.0183      77906    54.1007     100.00     2.3459     2.0533          7  0.000e+00
    200.180   79.65192  125.93110    202.417     1.7325     1.7322  30.473971  30.471630    34.7960    34.7934    292.972    287.286    -0.1976     4.6276     0.0818     0.0818     0.0527     0.0171      77907    54.1014     100.00     2.3446     2.0533          7  0.000e+00
    200.114   79.65192  125.93110    202.351     1.7327     1.7319  30.473970  30.471039    34.7959    34.7930    293.162    287.058    -0.1671     4.6276     0.0818     0.0818     0.0527     0.0183      77908    54.1021     100.00     2.3459     2.0521          7  0.000e+00
    200.212   79.65192  125.93110    202.450     1.7327     1.7317  30.474159  30.470625    34.7960    34.7926    292.972    287.293    -0.1671     4.6276     0.0818     0.0818     0.0527     0.0183      77909    54.1028     100.00     2.3446     2.0533          7  0.000e+00
    200.180   79.65192  125.93110    202.417     1.7327     1.7316  30.474222  30.470743    34.7961    34.7929    292.970    287.292    -0.1366     4.6276     0.0818     0.0818     0.0527     0.0195      77910    54.1035     100.00     2.3446     2.0533          7  0.000e+00
    200.180   79.65192  125.93110    202.417     1.7326     1.7317  30.474222  30.470625    34.7963    34.7926    292.971    287.520    -0.1671     4.6276     0.0818     0.0818     0.0527     0.0183      77911    54.1042     100.00     2.3446     2.0545          7  0.000e+00
    200.180   79.65192  125.93110    202.417     1.7328     1.7315  30.474222  30.470743    34.7960    34.7931    292.969    287.522    -0.1366     4.6276     0.0818     0.0818     0.0527     0.0195      77912    54.1049     100.00     2.3446     2.0545          7  0.000e+00
    200.155   79.65192  125.93110    202.392     1.7330     1.7311  30.474222  30.470625    34.7958    34.7933    293.161    287.523    -0.1671     4.6276     0.0818     0.0818     0.0527     0.0183      77913    54.1056     100.00     2.3459     2.0545          7  0.000e+00
    200.180   79.65192  125.93110    202.417     1.7325     1.7315  30.474411  30.470743    34.7966    34.7931    292.970    287.293    -0.1976     4.6276     0.0818     0.0818     0.0527     0.0171      77914    54.1063     100.00     2.3446     2.0533          7  0.000e+00
    200.180   79.65192  125.93110    202.417     1.7330     1.7313  30.474536  30.470625    34.7962    34.7931    292.967    287.294    -0.1671     4.6288     0.0818     0.0818     0.0517     0.0183      77915    54.1069     100.00     2.3446     2.0533          7  0.000e+00
    174.741   79.65174  125.93100    176.684     1.7215     1.7178  30.446503  30.440886    34.7883    34.7853    292.816    287.313    -0.1366     4.6276     0.0830     0.0830     0.0527     0.0195      80616    55.9826     100.00     2.3492     2.0579          8  0.000e+00
    174.930   79.65174  125.93100    176.875     1.7217     1.7177  30.446629  30.441182    34.7882    34.7857    292.822    287.548    -0.1366     4.6264     0.0818     0.0818     0.0538     0.0195      80617    55.9833     100.00     2.3492     2.0591          8  0.000e+00
    174.930   79.65174  125.93100    176.875     1.7218     1.7179  30.446880  30.441064    34.7883    34.7853    292.821    287.548    -0.1366     4.6276     0.0830     0.0830     0.0527     0.0195      80618    55.9840     100.00     2.3492     2.0591          8  0.000e+00
    174.865   79.65174  125.93100    176.808     1.7223     1.7180  30.447068  30.440887    34.7881    34.7850    292.815    287.545    -0.1366     4.6276     0.0830     0.0830     0.0527     0.0195      80619    55.9847     100.00     2.3492     2.0591          8  0.000e+00
