Continuous CTD Data/SBE Stage/nabos_07_02avg.cnv
* Sea-Bird SBE 9 Data File:
* FileName = D:\CTD\data\HLY2502\raw\NABOS_07_02.hex
* Software Version Seasave V 7.26.7.110
* Temperature SN = 6954
* Conductivity SN = 2561
* Number of Bytes Per Scan = 37
* Number of Voltage Words = 4
* Number of Scans Averaged by the Deck Unit = 1
* NMEA Latitude = 75 42.24 N
* NMEA Longitude = 175 32.88 E
* NMEA UTC (Time) = Sep 12 2025  05:23:18
* NMEA baud rate = 9600
** Ship: USCG HEALY
** Bot. Depth:  264
** Cast Number:  02
** Station Name:  NABOS
** Station Number:  07
** Operator:  STARC
** cast to 254m
# nquan = 25
# nvalues = 254                         
# units = specified
# name 0 = depSM: Depth [salt water, m]
# name 1 = latitude: Latitude [deg]
# name 2 = longitude: Longitude [deg]
# name 3 = prDM: Pressure, Digiquartz [db]
# name 4 = t090C: Temperature [ITS-90, deg C]
# name 5 = t190C: Temperature, 2 [ITS-90, deg C]
# name 6 = c0mS/cm: Conductivity [mS/cm]
# name 7 = c1mS/cm: Conductivity, 2 [mS/cm]
# name 8 = sal00: Salinity, Practical [PSU]
# name 9 = sal11: Salinity, Practical, 2 [PSU]
# name 10 = sbox0Mm/Kg: Oxygen, SBE 43 [umol/kg]
# name 11 = sbox1Mm/Kg: Oxygen, SBE 43, 2 [umol/kg]
# name 12 = flECO-AFL: Fluorescence, WET Labs ECO-AFL/FL [mg/m^3]
# name 13 = v2: Voltage 2
# name 14 = wetCDOM: Fluorescence, WET Labs CDOM [mg/m^3]
# name 15 = v6: Voltage 6
# name 16 = CStarAt0: Beam Attenuation, WET Labs C-Star [1/m]
# name 17 = v3: Voltage 3
# name 18 = scan: Scan Count
# name 19 = timeM: Time, Elapsed [minutes]
# name 20 = altM: Altimeter [m]
# name 21 = sbeox0V: Oxygen raw, SBE 43 [V]
# name 22 = sbeox1V: Oxygen raw, SBE 43, 2 [V]
# name 23 = nbin: number of scans per bin
# name 24 = flag: flag
# span 0 =      3.958,    254.164       
# span 1 =   75.70398,   75.70420       
# span 2 =  175.54954,  175.55390       
# span 3 =      4.000,    257.000       
# span 4 =    -1.6410,     0.7465       
# span 5 =    -1.6408,     0.7462       
# span 6 =  22.381267,  29.600624       
# span 7 =  22.380185,  29.598580       
# span 8 =    27.5660,    34.7407       
# span 9 =    27.5656,    34.7384       
# span 10 =    275.112,    377.513      
# span 11 =    266.828,    365.129      
# span 12 =    -0.1585,     0.4036      
# span 13 =     4.0623,     4.6643      
# span 14 =     0.0835,     0.1185      
# span 15 =     0.0835,     0.1185      
# span 16 =     0.0211,     0.5744      
# span 17 =     0.0186,     0.0411      
# span 18 =       2402,      15998      
# span 19 =     1.6673,    11.1088      
# span 20 =       0.04,     100.06      
# span 21 =     2.1716,     2.6394      
# span 22 =     1.8949,     2.2737      
# span 23 =         11,         29      
# span 24 = 0.0000e+00, 0.0000e+00      
# interval = decibars: 1                
# start_time = Sep 12 2025 05:23:18 [NMEA time, header]
# bad_flag = -9.990e-29
*END*
[from data line 174]
    176.069   75.70416  175.55233    178.000    -0.1375    -0.1350  28.672388  28.671136    34.5628    34.5583    295.558    285.654    -0.1330     4.6642     0.0902     0.0902     0.0212     0.0197      11162     7.7510      87.95     2.2661     1.9673         25 0.0000e+00
    177.058   75.70414  175.55234    179.000    -0.1127    -0.1101  28.697653  28.696440    34.5678    34.5633    295.432    285.800    -0.1326     4.6641     0.0903     0.0903     0.0213     0.0197      11229     7.7975      86.87     2.2664     1.9690         23 0.0000e+00
    178.047   75.70414  175.55236    180.000    -0.0987    -0.0985  28.712327  28.710018    34.5709    34.5675    295.502    285.788    -0.1352     4.6640     0.0917     0.0917     0.0214     0.0196      11299     7.8461      85.74     2.2674     1.9693         20 0.0000e+00
    179.036   75.70414  175.55237    181.000    -0.0833    -0.0822  28.728829  28.727158    34.5748    34.5713    295.306    285.701    -0.1334     4.6636     0.0923     0.0923     0.0217     0.0196      11354     7.8841      84.72     2.2668     1.9694         19 0.0000e+00
    180.024   75.70414  175.55239    182.000    -0.0599    -0.0584  28.751608  28.749933    34.5780    34.5740    295.147    285.623    -0.1478     4.6639     0.0923     0.0923     0.0214     0.0191      11411     7.9233      83.63     2.2669     1.9698         19 0.0000e+00
    181.013   75.70414  175.55240    183.000    -0.0424    -0.0329  28.769999  28.776107    34.5820    34.5793    294.936    285.157    -0.1310     4.6634     0.0944     0.0944     0.0219     0.0197      11486     7.9759      82.31     2.2664     1.9684         19 0.0000e+00
    182.002   75.70414  175.55242    184.000     0.0001     0.0000  28.812725  28.810228    34.5901    34.5868    294.333    285.149    -0.1315     4.6635     0.0947     0.0947     0.0218     0.0197      11543     8.0150      81.63     2.2648     1.9696         18 0.0000e+00
    182.990   75.70414  175.55244    185.000     0.0223     0.0227  28.835164  28.832836    34.5941    34.5906    294.334    285.346    -0.1328     4.6641     0.0946     0.0946     0.0213     0.0197      11584     8.0438      80.48     2.2658     1.9714         16 0.0000e+00
    183.979   75.70414  175.55244    186.000     0.0336     0.0339  28.846573  28.844415    34.5959    34.5927    294.080    284.784    -0.1328     4.6640     0.0968     0.0968     0.0213     0.0197      11638     8.0814      79.16     2.2646     1.9689         16 0.0000e+00
    184.968   75.70413  175.55246    187.000     0.0412     0.0415  28.855130  28.852887    34.5980    34.5947    293.159    284.250    -0.1347     4.6638     0.0965     0.0965     0.0215     0.0196      11699     8.1239      77.98     2.2593     1.9663         16 0.0000e+00
    185.957   75.70412  175.55248    188.000     0.0681     0.0688  28.882232  28.880237    34.6029    34.5994    292.549    283.416    -0.1328     4.6636     0.0977     0.0977     0.0217     0.0197      11743     8.1540      76.94     2.2569     1.9631         16 0.0000e+00
    186.945   75.70412  175.55249    189.000     0.0878     0.0903  28.902038  28.901437    34.6063    34.6027    292.120    283.085    -0.1325     4.6632     0.0974     0.0974     0.0220     0.0197      11784     8.1824      76.14     2.2551     1.9621         15 0.0000e+00
    187.934   75.70412  175.55250    190.000     0.1167     0.1209  28.930032  28.931809    34.6101    34.6077    291.823    282.520    -0.1328     4.6634     0.0979     0.0979     0.0219     0.0197      11846     8.2258      75.01     2.2546     1.9604         16 0.0000e+00
    188.922   75.70412  175.55252    191.000     0.1427     0.1426  28.957226  28.954938    34.6162    34.6131    291.298    281.940    -0.1315     4.6633     0.0996     0.0996     0.0220     0.0197      11903     8.2653      74.03     2.2526     1.9582         18 0.0000e+00
    189.911   75.70412  175.55253    192.000     0.1620     0.1636  28.977487  28.975967    34.6205    34.6166    290.809    281.753    -0.1540     4.6631     0.0984     0.0984     0.0221     0.0188      11942     8.2923      73.03     2.2505     1.9580         16 0.0000e+00
    190.900   75.70412  175.55255    193.000     0.1850     0.1859  28.999815  28.998227    34.6234    34.6204    290.219    281.123    -0.1337     4.6628     0.0983     0.0983     0.0224     0.0196      11986     8.3231      71.86     2.2479     1.9556         19 0.0000e+00
    191.889   75.70412  175.55256    194.000     0.1973     0.1980  29.012556  29.011465    34.6257    34.6235    289.541    281.014    -0.1322     4.6630     0.0989     0.0989     0.0222     0.0197      12056     8.3712      70.77     2.2442     1.9554         21 0.0000e+00
    192.877   75.70412  175.55258    195.000     0.2034     0.2023  29.019911  29.016578    34.6279    34.6248    289.323    280.454    -0.1328     4.6631     0.0985     0.0985     0.0221     0.0197      12102     8.4035      69.98     2.2430     1.9525         16 0.0000e+00
    193.866   75.70412  175.55259    196.000     0.2039     0.2039  29.020961  29.018770    34.6282    34.6253    289.215    279.994    -0.1558     4.6622     0.1006     0.1006     0.0230     0.0187      12138     8.4288      68.89     2.2421     1.9501         15 0.0000e+00
    194.854   75.70412  175.55260    197.000     0.2071     0.2081  29.024458  29.023312    34.6286    34.6259    289.068    279.637    -0.1341     4.6626     0.0995     0.0995     0.0225     0.0196      12191     8.4656      67.69     2.2412     1.9482         19 0.0000e+00
    195.843   75.70412  175.55262    198.000     0.2210     0.2218  29.038964  29.037741    34.6315    34.6289    288.478    279.491    -0.1350     4.6630     0.1001     0.1001     0.0222     0.0196      12262     8.5148      66.82     2.2382     1.9479         19 0.0000e+00
    196.832   75.70412  175.55264    199.000     0.2284     0.2280  29.046742  29.044250    34.6328    34.6299    288.407    279.781    -0.1366     4.6622     0.0992     0.0992     0.0229     0.0195      12302     8.5422      66.04     2.2379     1.9495         21 0.0000e+00
    197.820   75.70412  175.55265    200.000     0.2290     0.2291  29.048032  29.045983    34.6331    34.6304    288.461    279.310    -0.1349     4.6625     0.1003     0.1003     0.0226     0.0196      12340     8.5685      64.75     2.2380     1.9469         18 0.0000e+00
    198.809   75.70412  175.55266    201.000     0.2282     0.2285  29.047928  29.046082    34.6333    34.6306    288.532    279.367    -0.1447     4.6625     0.1005     0.1005     0.0227     0.0192      12401     8.6111      63.54     2.2382     1.9470         22 0.0000e+00
    199.797   75.70410  175.55268    202.000     0.2325     0.2326  29.052626  29.050672    34.6341    34.6314    288.353    279.288    -0.1514     4.6626     0.1010     0.1010     0.0226     0.0189      12461     8.6529      62.59     2.2371     1.9466         22 0.0000e+00
    200.786   75.70410  175.55270    203.000     0.2654     0.2664  29.085985  29.083731    34.6403    34.6363    288.174    279.453    -0.1358     4.6568     0.1014     0.1014     0.0276     0.0195      12503     8.6818      61.58     2.2375     1.9487         20 0.0000e+00
    201.775   75.70410  175.55271    204.000     0.3006     0.3028  29.120212  29.120048    34.6451    34.6425    288.000    278.695    -0.1326     4.6621     0.1016     0.1016     0.0230     0.0197      12544     8.7106      60.47     2.2381     1.9462         23 0.0000e+00
    202.763   75.70410  175.55273    205.000     0.3176     0.3199  29.138151  29.137674    34.6490    34.6458    287.511    278.430    -0.1463     4.6621     0.1018     0.1018     0.0230     0.0191      12604     8.7520      59.51     2.2358     1.9454         22 0.0000e+00
    203.752   75.70410  175.55274    206.000     0.3541     0.3540  29.174896  29.172509    34.6556    34.6526    286.808    277.961    -0.1338     4.6619     0.1006     0.1006     0.0232     0.0196      12665     8.7943      58.41     2.2332     1.9443         22 0.0000e+00
    204.740   75.70410  175.55276    207.000     0.4202     0.4183  29.240476  29.235671    34.6668    34.6626    286.441    277.427    -0.1338     4.6619     0.0999     0.0999     0.0233     0.0196      12709     8.8248      57.50     2.2342     1.9441         22 0.0000e+00
    205.729   75.70410  175.55278    208.000     0.4245     0.4242  29.245967  29.243158    34.6685    34.6652    286.279    277.380    -0.1365     4.6612     0.0992     0.0992     0.0238     0.0195      12750     8.8536      56.43     2.2333     1.9440         22 0.0000e+00
    206.718   75.70410  175.55280    209.000     0.4264     0.4292  29.248719  29.248954    34.6693    34.6665    285.481    276.656    -0.1402     4.6609     0.0996     0.0996     0.0241     0.0194      12804     8.8911      55.45     2.2283     1.9402         26 0.0000e+00
    207.706   75.70410  175.55281    210.000     0.4614     0.4609  29.284431  29.281117    34.6761    34.6724    284.521    275.654    -0.1390     4.6602     0.1003     0.1003     0.0246     0.0194      12865     8.9336      54.40     2.2241     1.9363         25 0.0000e+00
    208.695   75.70410  175.55282    211.000     0.4925     0.4929  29.315622  29.313389    34.6815    34.6782    283.959    275.247    -0.1453     4.6594     0.0995     0.0995     0.0253     0.0192      12912     8.9658      53.51     2.2221     1.9354         24 0.0000e+00
    209.683   75.70410  175.55284    212.000     0.5046     0.5045  29.328075  29.325848    34.6836    34.6807    282.956    274.830    -0.1340     4.6582     0.0998     0.0998     0.0264     0.0196      12958     8.9976      52.51     2.2164     1.9336         24 0.0000e+00
    210.672   75.70409  175.55286    213.000     0.5122     0.5125  29.336754  29.334510    34.6858    34.6825    281.973    273.658    -0.1452     4.6574     0.0993     0.0993     0.0270     0.0192      13011     9.0346      51.47     2.2105     1.9277         26 0.0000e+00
    211.661   75.70408  175.55288    214.000     0.5309     0.5309  29.355688  29.353288    34.6889    34.6859    281.716    273.238    -0.1564     4.6569     0.0988     0.0988     0.0275     0.0187      13063     9.0708      50.48     2.2097     1.9261         23 0.0000e+00
    212.649   75.70408  175.55290    215.000     0.5477     0.5483  29.373512  29.371516    34.6928    34.6895    281.282    272.518    -0.1574     4.6563     0.0997     0.0997     0.0280     0.0187      13112     9.1051      49.44     2.2077     1.9230         22 0.0000e+00
    213.637   75.70408  175.55291    216.000     0.5627     0.5632  29.389516  29.387660    34.6962    34.6932    280.757    272.380    -0.1418     4.6556     0.0998     0.0998     0.0286     0.0193      13167     9.1429      48.42     2.2051     1.9227         21 0.0000e+00
    214.626   75.70408  175.55293    217.000     0.5755     0.5756  29.403263  29.401007    34.6992    34.6961    280.383    271.954    -0.1364     4.6546     0.0976     0.0976     0.0295     0.0195      13217     9.1778      47.45     2.2033     1.9209         19 0.0000e+00
    215.615   75.70408  175.55296    218.000     0.6064     0.6091  29.435088  29.434990    34.7054    34.7023    280.179    271.463    -0.1354     4.6541     0.0983     0.0983     0.0299     0.0196      13261     9.2082      46.42     2.2034     1.9196         26 0.0000e+00
    216.604   75.70408  175.55297    219.000     0.6125     0.6124  29.441620  29.439224    34.7065    34.7035    280.226    271.420    -0.1338     4.6528     0.0984     0.0984     0.0310     0.0196      13313     9.2443      45.44     2.2038     1.9193         22 0.0000e+00
    217.592   75.70408  175.55299    220.000     0.6151     0.6150  29.445215  29.442779    34.7077    34.7046    279.597    271.435    -0.1320     4.6504     0.0972     0.0972     0.0330     0.0197      13376     9.2883      44.49     2.1998     1.9193         27 0.0000e+00
    218.580   75.70408  175.55300    221.000     0.6155     0.6151  29.446090  29.443632    34.7079    34.7051    279.262    270.704    -0.1585     4.6482     0.0965     0.0965     0.0350     0.0186      13423     9.3207      43.40     2.1976     1.9154         17 0.0000e+00
    219.569   75.70408  175.55303    222.000     0.6158     0.6158  29.447090  29.444918    34.7082    34.7054    279.044    270.854    -0.1320     4.6450     0.0979     0.0979     0.0377     0.0197      13464     9.3496      42.55     2.1961     1.9160         21 0.0000e+00
    220.557   75.70408  175.55304    223.000     0.6197     0.6206  29.451542  29.449870    34.7090    34.7058    278.972    270.441    -0.1315     4.6434     0.0976     0.0976     0.0391     0.0197      13513     9.3833      41.49     2.1956     1.9139         24 0.0000e+00
    221.546   75.70406  175.55306    224.000     0.6306     0.6316  29.462882  29.461287    34.7110    34.7078    278.819    270.274    -0.1448     4.6415     0.0970     0.0970     0.0407     0.0192      13577     9.4276      40.54     2.1950     1.9133         27 0.0000e+00
    222.534   75.70406  175.55308    225.000     0.6494     0.6500  29.482592  29.480940    34.7150    34.7122    278.528    270.151    -0.1536     4.6405     0.0975     0.0975     0.0416     0.0188      13631     9.4651      39.60     2.1940     1.9133         21 0.0000e+00
    223.523   75.70406  175.55310    226.000     0.6603     0.6605  29.494413  29.492346    34.7176    34.7146    278.399    269.909    -0.1333     4.6386     0.0966     0.0966     0.0432     0.0196      13672     9.4940      38.61     2.1935     1.9123         18 0.0000e+00
    224.511   75.70406  175.55312    227.000     0.6658     0.6659  29.500548  29.498470    34.7189    34.7160    278.000    269.676    -0.1316     4.6337     0.0958     0.0958     0.0475     0.0197      13715     9.5234      37.74     2.1912     1.9111         18 0.0000e+00
    225.500   75.70406  175.55313    228.000     0.6661     0.6669  29.501284  29.500011    34.7188    34.7163    277.519    268.964    -0.1315     4.6249     0.0964     0.0964     0.0550     0.0197      13779     9.5678      36.73     2.1880     1.9073         24 0.0000e+00
    226.488   75.70406  175.55317    229.000     0.6654     0.6643  29.501528  29.498420    34.7193    34.7166    277.392    268.864    -0.1460     4.6117     0.0956     0.0956     0.0664     0.0191      13840     9.6104      35.85     2.1870     1.9065         17 0.0000e+00
    227.477   75.70406  175.55318    230.000     0.6707     0.6709  29.508203  29.506122    34.7215    34.7185    277.458    268.600    -0.1474     4.6055     0.0951     0.0951     0.0719     0.0191      13878     9.6365      34.94     2.1874     1.9052         17 0.0000e+00
    228.465   75.70405  175.55320    231.000     0.6896     0.6900  29.527878  29.525840    34.7254    34.7222    277.296    268.413    -0.1354     4.6052     0.0941     0.0941     0.0721     0.0196      13917     9.6636      33.81     2.1872     1.9049         15 0.0000e+00
    229.454   75.70404  175.55322    232.000     0.6924     0.6927  29.531144  29.529129    34.7258    34.7229    277.445    268.814    -0.1272     4.5924     0.0948     0.0948     0.0833     0.0199      13988     9.7130      32.86     2.1881     1.9069         19 0.0000e+00
    230.442   75.70404  175.55326    233.000     0.6999     0.6998  29.539809  29.537519    34.7281    34.7253    277.453    269.064    -0.1333     4.5632     0.0947     0.0947     0.1088     0.0196      14045     9.7531      31.95     2.1883     1.9083         18 0.0000e+00
    231.431   75.70404  175.55327    234.000     0.7048     0.7047  29.545159  29.543193    34.7290    34.7265    277.385    268.636    -0.1289     4.5442     0.0952     0.0952     0.1255     0.0198      14080     9.7773      31.04     2.1879     1.9061         16 0.0000e+00
