Continuous CTD Data/SBE Stage/nabos_31_01avg.cnv
* Sea-Bird SBE 9 Data File:
* FileName = D:\CTD\data\HLY2502\raw\NABOS_31_01.hex
* Software Version Seasave V 7.26.7.110
* Temperature SN = 6954
* Conductivity SN = 2561
* Number of Bytes Per Scan = 37
* Number of Voltage Words = 4
* Number of Scans Averaged by the Deck Unit = 1
* NMEA Latitude = 80 11.59 N
* NMEA Longitude = 144 51.86 E
* NMEA UTC (Time) = Sep 23 2025  02:41:26
* NMEA baud rate = 9600
** Ship: USCG HEALY
** Bot. Depth:  1500
** Cast Number:  01
** Station Name:  NABOS
** Station Number:  31
** Operator:  STARC
** Cast to 1200 m
# nquan = 25
# nvalues = 1214                        
# units = specified
# name 0 = depSM: Depth [salt water, m]
# name 1 = latitude: Latitude [deg]
# name 2 = longitude: Longitude [deg]
# name 3 = prDM: Pressure, Digiquartz [db]
# name 4 = t090C: Temperature [ITS-90, deg C]
# name 5 = t190C: Temperature, 2 [ITS-90, deg C]
# name 6 = c0mS/cm: Conductivity [mS/cm]
# name 7 = c1mS/cm: Conductivity, 2 [mS/cm]
# name 8 = sal00: Salinity, Practical [PSU]
# name 9 = sal11: Salinity, Practical, 2 [PSU]
# name 10 = sbox0Mm/Kg: Oxygen, SBE 43 [umol/kg]
# name 11 = sbox1Mm/Kg: Oxygen, SBE 43, 2 [umol/kg]
# name 12 = flECO-AFL: Fluorescence, WET Labs ECO-AFL/FL [mg/m^3]
# name 13 = v2: Voltage 2
# name 14 = wetCDOM: Fluorescence, WET Labs CDOM [mg/m^3]
# name 15 = v6: Voltage 6
# name 16 = CStarAt0: Beam Attenuation, WET Labs C-Star [1/m]
# name 17 = v3: Voltage 3
# name 18 = scan: Scan Count
# name 19 = timeM: Time, Elapsed [minutes]
# name 20 = altM: Altimeter [m]
# name 21 = sbeox0V: Oxygen raw, SBE 43 [V]
# name 22 = sbeox1V: Oxygen raw, SBE 43, 2 [V]
# name 23 = nbin: number of scans per bin
# name 24 = flag: flag
# span 0 =      3.958,   1200.603       
# span 1 =   80.19334,   80.19576       
# span 2 =  144.83472,  144.86160       
# span 3 =      4.000,   1217.000       
# span 4 =    -1.7330,     1.7347       
# span 5 =    -1.7322,     1.7343       
# span 6 =  22.689650,  30.546794       
# span 7 =  22.689308,  30.544700       
# span 8 =    28.0748,    34.8855       
# span 9 =    28.0734,    34.8833       
# span 10 =    290.568,    373.546      
# span 11 =    283.339,    372.956      
# span 12 =    -0.1788,     0.5915      
# span 13 =     4.4835,     4.6301      
# span 14 =     0.0679,     0.1514      
# span 15 =     0.0679,     0.1514      
# span 16 =     0.0505,     0.1794      
# span 17 =     0.0178,     0.0486      
# span 18 =       3336,      38569      
# span 19 =     2.3161,    26.7832      
# span 20 =      75.64,     100.22      
# span 21 =     2.0145,     2.5829      
# span 22 =     1.7917,     2.2816      
# span 23 =         10,         28      
# span 24 = 0.0000e+00, 0.0000e+00      
# interval = decibars: 1                
# start_time = Sep 23 2025 02:41:26 [NMEA time, header]
# bad_flag = -9.990e-29
*END*
[from data line 174]
    176.040   80.19392  144.85589    178.000     1.1172     1.1176  29.844770  29.843150    34.6894    34.6869    296.615    295.804    -0.1648     4.6099     0.0857     0.0857     0.0680     0.0184      10478     7.2755     100.00     2.3399     2.0755         13 0.0000e+00
    177.028   80.19392  144.85587    179.000     1.1485     1.1521  29.877063  29.878158    34.6955    34.6929    296.410    294.765    -0.1327     4.6103     0.0855     0.0855     0.0677     0.0197      10502     7.2927     100.00     2.3401     2.0714         15 0.0000e+00
    178.017   80.19392  144.85584    180.000     1.1782     1.1793  29.906683  29.905747    34.6999    34.6976    296.256    294.041    -0.1680     4.6108     0.0846     0.0846     0.0673     0.0183      10527     7.3101     100.00     2.3405     2.0686         15 0.0000e+00
    179.005   80.19392  144.85582    181.000     1.1809     1.1811  29.910743  29.908973    34.7015    34.6990    296.408    294.302    -0.1568     4.6105     0.0849     0.0849     0.0675     0.0187      10553     7.3275     100.00     2.3413     2.0699         18 0.0000e+00
    179.994   80.19392  144.85580    182.000     1.1757     1.1776  29.907005  29.907006    34.7019    34.6999    296.426    294.269    -0.1500     4.6110     0.0849     0.0849     0.0671     0.0190      10578     7.3450     100.00     2.3410     2.0693         16 0.0000e+00
    180.982   80.19392  144.85580    183.000     1.1729     1.1723  29.905543  29.903236    34.7026    34.7003    296.264    294.268    -0.1637     4.6118     0.0846     0.0846     0.0664     0.0184      10603     7.3622     100.00     2.3396     2.0689         14 0.0000e+00
    181.971   80.19392  144.85578    184.000     1.1676     1.1672  29.902239  29.900130    34.7037    34.7014    296.363    293.920    -0.1440     4.6121     0.0854     0.0854     0.0662     0.0192      10627     7.3792     100.00     2.3397     2.0667         13 0.0000e+00
    182.959   80.19394  144.85576    185.000     1.1681     1.1683  29.904542  29.902916    34.7055    34.7031    296.379    294.400    -0.1562     4.6122     0.0856     0.0856     0.0660     0.0187      10652     7.3965     100.00     2.3396     2.0690         17 0.0000e+00
    183.948   80.19394  144.85574    186.000     1.1756     1.1760  29.913253  29.911595    34.7077    34.7052    296.420    294.381    -0.1342     4.6126     0.0866     0.0866     0.0657     0.0196      10676     7.4134     100.00     2.3400     2.0691         14 0.0000e+00
    184.937   80.19394  144.85572    187.000     1.2084     1.2105  29.948269  29.947820    34.7156    34.7128    296.268    294.042    -0.1676     4.6119     0.0855     0.0855     0.0663     0.0183      10701     7.4309     100.00     2.3407     2.0687         16 0.0000e+00
    185.925   80.19394  144.85570    188.000     1.2272     1.2274  29.967117  29.965298    34.7183    34.7158    296.271    294.052    -0.1226     4.6127     0.0867     0.0867     0.0656     0.0201      10726     7.4480     100.00     2.3414     2.0693         13 0.0000e+00
    186.913   80.19394  144.85568    189.000     1.2341     1.2348  29.975084  29.973819    34.7204    34.7180    296.224    293.622    -0.1265     4.6129     0.0867     0.0867     0.0654     0.0199      10751     7.4652     100.00     2.3413     2.0672         12 0.0000e+00
    187.902   80.19394  144.85566    190.000     1.2417     1.2422  29.984011  29.982598    34.7227    34.7204    296.144    293.675    -0.1272     4.6118     0.0848     0.0848     0.0664     0.0199      10776     7.4824     100.00     2.3410     2.0677         13 0.0000e+00
    188.891   80.19394  144.85564    191.000     1.2492     1.2498  29.992718  29.991278    34.7249    34.7225    296.125    293.673    -0.1466     4.6130     0.0850     0.0850     0.0654     0.0191      10800     7.4996     100.00     2.3411     2.0678         14 0.0000e+00
    189.879   80.19395  144.85562    192.000     1.2600     1.2621  30.004746  30.004825    34.7278    34.7256    296.095    293.604    -0.1413     4.6125     0.0862     0.0862     0.0658     0.0193      10825     7.5168     100.00     2.3412     2.0678         14 0.0000e+00
    190.867   80.19396  144.85560    193.000     1.2831     1.2846  30.027837  30.027225    34.7312    34.7287    295.924    292.701    -0.1549     4.6127     0.0862     0.0862     0.0656     0.0188      10850     7.5337     100.00     2.3412     2.0639         10 0.0000e+00
    191.856   80.19396  144.85558    194.000     1.2944     1.2952  30.039922  30.038718    34.7335    34.7311    296.019    293.583    -0.1464     4.6129     0.0855     0.0855     0.0654     0.0191      10875     7.5512     100.00     2.3421     2.0688         15 0.0000e+00
    192.844   80.19396  144.85556    195.000     1.3042     1.3050  30.050534  30.049175    34.7356    34.7331    296.070    292.244    -0.1633     4.6128     0.0852     0.0852     0.0655     0.0185      10900     7.5687     100.00     2.3428     2.0620         15 0.0000e+00
    193.833   80.19396  144.85553    196.000     1.3159     1.3174  30.063357  30.062929    34.7384    34.7363    296.040    292.581    -0.1346     4.6125     0.0843     0.0843     0.0658     0.0196      10925     7.5860     100.00     2.3430     2.0641         14 0.0000e+00
    194.821   80.19396  144.85551    197.000     1.3275     1.3277  30.075500  30.073862    34.7406    34.7382    295.971    286.425    -0.1651     4.6134     0.0855     0.0855     0.0650     0.0184      10950     7.6035     100.00     2.3430     2.0319         16 0.0000e+00
    195.810   80.19396  144.85549    198.000     1.3294     1.3294  30.078385  30.076603    34.7415    34.7392    295.932    286.204    -0.1702     4.6140     0.0855     0.0855     0.0645     0.0182      10975     7.6208     100.00     2.3426     2.0306         20 0.0000e+00
    196.798   80.19396  144.85547    199.000     1.3291     1.3295  30.079079  30.077584    34.7421    34.7398    295.897    293.522    -0.1650     4.6129     0.0855     0.0855     0.0654     0.0184      10999     7.6377     100.00     2.3421     2.0691         15 0.0000e+00
    197.787   80.19397  144.85545    200.000     1.3297     1.3300  30.080614  30.079044    34.7428    34.7405    295.851    294.330    -0.1671     4.6134     0.0865     0.0865     0.0651     0.0183      11024     7.6548     100.00     2.3416     2.0732         18 0.0000e+00
    198.775   80.19398  144.85543    201.000     1.3397     1.3406  30.091575  30.090475    34.7452    34.7427    295.685    294.614    -0.1621     4.6142     0.0867     0.0867     0.0644     0.0185      11049     7.6720     100.00     2.3409     2.0750         18 0.0000e+00
    199.764   80.19398  144.85541    202.000     1.3547     1.3557  30.106962  30.106054    34.7477    34.7454    295.670    293.306    -0.1513     4.6137     0.0859     0.0859     0.0648     0.0189      11074     7.6892     100.00     2.3414     2.0685         17 0.0000e+00
    200.752   80.19398  144.85540    203.000     1.3777     1.3796  30.130262  30.130010    34.7514    34.7488    295.494    293.437    -0.1302     4.6136     0.0855     0.0855     0.0648     0.0198      11099     7.7067     100.00     2.3413     2.0701         16 0.0000e+00
    201.741   80.19398  144.85539    204.000     1.4111     1.4124  30.163509  30.162756    34.7561    34.7538    295.261    293.075    -0.1560     4.6129     0.0855     0.0855     0.0654     0.0187      11123     7.7239     100.00     2.3414     2.0695         17 0.0000e+00
    202.729   80.19398  144.85537    205.000     1.4310     1.4314  30.183808  30.182264    34.7594    34.7570    295.160    292.979    -0.1658     4.6130     0.0851     0.0851     0.0653     0.0184      11148     7.7412     100.00     2.3416     2.0696         19 0.0000e+00
    203.717   80.19398  144.85535    206.000     1.4417     1.4425  30.195278  30.194387    34.7616    34.7596    295.044    293.012    -0.1670     4.6138     0.0846     0.0846     0.0647     0.0183      11173     7.7582     100.00     2.3412     2.0701         16 0.0000e+00
    204.706   80.19398  144.85533    207.000     1.4729     1.4743  30.227466  30.226793    34.7675    34.7650    294.958    292.786    -0.1654     4.6138     0.0853     0.0853     0.0647     0.0184      11198     7.7755     100.00     2.3422     2.0702         18 0.0000e+00
    205.694   80.19399  144.85531    208.000     1.4777     1.4779  30.233128  30.231488    34.7687    34.7665    295.131    291.515    -0.1631     4.6129     0.0831     0.0831     0.0654     0.0185      11222     7.7924     100.00     2.3433     2.0634         15 0.0000e+00
    206.683   80.19400  144.85529    209.000     1.4662     1.4659  30.223055  30.221551    34.7681    34.7665    295.197    292.615    -0.1641     4.6126     0.0856     0.0856     0.0657     0.0184      11247     7.8099     100.00     2.3429     2.0685         20 0.0000e+00
    207.671   80.19400  144.85526    210.000     1.4591     1.4597  30.217798  30.216700    34.7687    34.7666    295.250    292.107    -0.1710     4.6136     0.0866     0.0866     0.0649     0.0181      11272     7.8269     100.00     2.3426     2.0653         15 0.0000e+00
    208.660   80.19400  144.85524    211.000     1.4608     1.4607  30.220754  30.218888    34.7699    34.7677    295.330    291.706    -0.1671     4.6126     0.0846     0.0846     0.0657     0.0183      11297     7.8445     100.00     2.3429     2.0631         17 0.0000e+00
    209.648   80.19400  144.85522    212.000     1.4616     1.4617  30.221929  30.220175    34.7700    34.7677    295.389    283.373    -0.1582     4.6143     0.0851     0.0851     0.0643     0.0187      11322     7.8617     100.00     2.3431     2.0188         18 0.0000e+00
    210.636   80.19400  144.85520    213.000     1.4401     1.4379  30.202660  30.199150    34.7687    34.7667    295.629    291.168    -0.1675     4.6142     0.0847     0.0847     0.0644     0.0183      11347     7.8791     100.00     2.3432     2.0588         15 0.0000e+00
    211.625   80.19400  144.85518    214.000     1.4065     1.4047  30.173548  30.170388    34.7682    34.7661    295.706    294.820    -0.1614     4.6149     0.0842     0.0842     0.0638     0.0185      11372     7.8966     100.00     2.3417     2.0765         21 0.0000e+00
    212.613   80.19400  144.85516    215.000     1.4050     1.4052  30.173430  30.171687    34.7691    34.7667    295.557    294.588    -0.1668     4.6149     0.0842     0.0842     0.0637     0.0183      11397     7.9137     100.00     2.3405     2.0751         16 0.0000e+00
    213.602   80.19402  144.85514    216.000     1.4077     1.4081  30.176545  30.175126    34.7696    34.7673    295.584    293.426    -0.1703     4.6153     0.0842     0.0842     0.0634     0.0182      11422     7.9309     100.00     2.3406     2.0688         19 0.0000e+00
    214.590   80.19402  144.85512    217.000     1.4124     1.4126  30.181653  30.179970    34.7702    34.7679    295.696    293.142    -0.1688     4.6155     0.0848     0.0848     0.0632     0.0182      11446     7.9479     100.00     2.3413     2.0673         18 0.0000e+00
    215.578   80.19402  144.85510    218.000     1.4093     1.4090  30.179410  30.177367    34.7702    34.7680    295.893    293.372    -0.1671     4.6151     0.0866     0.0866     0.0636     0.0183      11471     7.9652     100.00     2.3421     2.0682         19 0.0000e+00
    216.567   80.19402  144.85508    219.000     1.4036     1.4036  30.174911  30.173016    34.7703    34.7679    295.937    293.257    -0.1654     4.6153     0.0855     0.0855     0.0634     0.0184      11496     7.9823     100.00     2.3418     2.0672         18 0.0000e+00
    217.555   80.19402  144.85508    220.000     1.4075     1.4081  30.180004  30.178555    34.7718    34.7693    295.673    293.871    -0.1641     4.6155     0.0855     0.0855     0.0632     0.0184      11520     7.9996     100.00     2.3401     2.0704         20 0.0000e+00
    218.543   80.19402  144.85506    221.000     1.4237     1.4258  30.197131  30.197064    34.7751    34.7727    295.460    293.658    -0.1616     4.6162     0.0844     0.0844     0.0625     0.0185      11545     8.0168     100.00     2.3394     2.0699         16 0.0000e+00
    219.532   80.19402  144.85504    222.000     1.4577     1.4594  30.230756  30.230073    34.7797    34.7770    295.145    293.807    -0.1573     4.6157     0.0862     0.0862     0.0631     0.0187      11570     8.0342     100.00     2.3391     2.0720         16 0.0000e+00
    220.520   80.19402  144.85502    223.000     1.4809     1.4828  30.254198  30.253946    34.7833    34.7809    295.312    292.402    -0.1264     4.6158     0.0850     0.0850     0.0630     0.0199      11595     8.0512     100.00     2.3411     2.0654         16 0.0000e+00
    221.508   80.19404  144.85499    224.000     1.5040     1.5054  30.277314  30.276603    34.7866    34.7841    295.373    293.428    -0.1563     4.6154     0.0851     0.0851     0.0633     0.0187      11620     8.0685     100.00     2.3425     2.0717         21 0.0000e+00
    222.497   80.19404  144.85497    225.000     1.5229     1.5248  30.296340  30.296133    34.7892    34.7869    295.277    291.992    -0.1636     4.6154     0.0855     0.0855     0.0633     0.0184      11645     8.0859     100.00     2.3427     2.0647         18 0.0000e+00
    223.485   80.19404  144.85495    226.000     1.5375     1.5384  30.311502  30.310511    34.7918    34.7896    295.410    291.185    -0.1671     4.6159     0.0848     0.0848     0.0629     0.0183      11670     8.1031     100.00     2.3441     2.0609         17 0.0000e+00
    224.473   80.19404  144.85493    227.000     1.5438     1.5443  30.318181  30.316832    34.7928    34.7904    295.570    291.545    -0.1308     4.6165     0.0846     0.0846     0.0623     0.0198      11694     8.1205     100.00     2.3452     2.0629         14 0.0000e+00
    225.462   80.19404  144.85491    228.000     1.5458     1.5466  30.321267  30.320180    34.7939    34.7916    295.696    292.251    -0.1293     4.6168     0.0853     0.0853     0.0620     0.0198      11719     8.1378     100.00     2.3459     2.0665         17 0.0000e+00
    226.450   80.19404  144.85489    229.000     1.5545     1.5546  30.330308  30.328669    34.7951    34.7929    295.700    290.710    -0.1588     4.6168     0.0842     0.0842     0.0620     0.0186      11744     8.1551     100.00     2.3461     2.0585         17 0.0000e+00
    227.438   80.19404  144.85487    230.000     1.5628     1.5631  30.339341  30.337622    34.7968    34.7944    295.653    290.479    -0.1388     4.6147     0.0842     0.0842     0.0639     0.0194      11769     8.1722     100.00     2.3461     2.0575         14 0.0000e+00
    228.427   80.19405  144.85485    231.000     1.5677     1.5681  30.344572  30.343160    34.7975    34.7953    295.837    287.069    -0.1723     4.6125     0.0842     0.0842     0.0658     0.0181      11794     8.1894     100.00     2.3472     2.0394         12 0.0000e+00
    229.415   80.19406  144.85483    232.000     1.5740     1.5744  30.351575  30.350174    34.7989    34.7966    295.931    293.561    -0.1712     4.6164     0.0853     0.0853     0.0624     0.0181      11819     8.2068     100.00     2.3479     2.0739         15 0.0000e+00
    230.403   80.19406  144.85481    233.000     1.5836     1.5844  30.361778  30.360618    34.8007    34.7982    295.921    295.461    -0.1409     4.6166     0.0855     0.0855     0.0622     0.0193      11843     8.2239     100.00     2.3481     2.0842         14 0.0000e+00
    231.392   80.19406  144.85479    234.000     1.6012     1.6029  30.380262  30.380024    34.8040    34.8018    295.776    293.141    -0.1513     4.6167     0.0846     0.0846     0.0621     0.0189      11868     8.2410     100.00     2.3479     2.0726         13 0.0000e+00
