Continuous CTD Data/SBE Stage/nabos_24_01.ros
* Sea-Bird SBE 9 Data File:
* FileName = D:\CTD\data\HLY2502\raw\NABOS_24_01.hex
* Software Version Seasave V 7.26.7.110
* Temperature SN = 6954
* Conductivity SN = 2561
* Number of Bytes Per Scan = 37
* Number of Voltage Words = 4
* Number of Scans Averaged by the Deck Unit = 1
* NMEA Latitude = 80 03.71 N
* NMEA Longitude = 166 45.25 E
* NMEA UTC (Time) = Sep 20 2025  03:03:27
* NMEA baud rate = 9600
** Ship: USCG HEALY
** Bot. Depth:  2722
** Cast Number:  01
** Station Name:  NABOS
** Station Number:  24
** Operator:  STARC
** 1200 target
# nquan = 25
# nvalues = 1176                                  
# units = specified
# name 0 = depSM: Depth [salt water, m]
# name 1 = latitude: Latitude [deg]
# name 2 = longitude: Longitude [deg]
# name 3 = prDM: Pressure, Digiquartz [db]
# name 4 = t090C: Temperature [ITS-90, deg C]
# name 5 = t190C: Temperature, 2 [ITS-90, deg C]
# name 6 = c0mS/cm: Conductivity [mS/cm]
# name 7 = c1mS/cm: Conductivity, 2 [mS/cm]
# name 8 = sal00: Salinity, Practical [PSU]
# name 9 = sal11: Salinity, Practical, 2 [PSU]
# name 10 = sbox0Mm/Kg: Oxygen, SBE 43 [umol/kg]
# name 11 = sbox1Mm/Kg: Oxygen, SBE 43, 2 [umol/kg]
# name 12 = flECO-AFL: Fluorescence, WET Labs ECO-AFL/FL [mg/m^3]
# name 13 = v2: Voltage 2
# name 14 = wetCDOM: Fluorescence, WET Labs CDOM [mg/m^3]
# name 15 = v6: Voltage 6
# name 16 = CStarAt0: Beam Attenuation, WET Labs C-Star [1/m]
# name 17 = v3: Voltage 3
# name 18 = scan: Scan Count
# name 19 = timeM: Time, Elapsed [minutes]
# name 20 = altM: Altimeter [m]
# name 21 = sbeox0V: Oxygen raw, SBE 43 [V]
# name 22 = sbeox1V: Oxygen raw, SBE 43, 2 [V]
# name 23 = nbf: Bottles Fired
# name 24 = flag:  0.000e+00
# interval = seconds: 0.0416667
# start_time = Sep 20 2025 03:03:27 [NMEA time, header]
# bad_flag = -9.990e-29
*END*
[from data line 406]
    149.922   80.06312  166.75740    151.581     0.0639     0.0803  28.840344  28.840845    34.5744    34.5565    300.035    292.387    -0.1671     4.6313     0.0867     0.0867     0.0496     0.0183      91689    63.6722     100.00     2.3101     2.0160          9  0.000e+00
    149.914   80.06312  166.75740    151.573     0.0639     0.0857  28.839667  28.840382    34.5735    34.5498    300.037    292.356    -0.1671     4.6313     0.0867     0.0867     0.0496     0.0183      91690    63.6729     100.00     2.3101     2.0160          9  0.000e+00
    149.914   80.06312  166.75740    151.573     0.0639     0.0874  28.838744  28.840092    34.5722    34.5475    300.241    292.108    -0.1671     4.6313     0.0867     0.0867     0.0496     0.0183      91691    63.6736     100.00     2.3113     2.0148          9  0.000e+00
    149.922   80.06312  166.75740    151.581     0.0651     0.0881  28.838620  28.840034    34.5707    34.5466    300.234    292.104    -0.1671     4.6313     0.0855     0.0855     0.0496     0.0183      91692    63.6743     100.00     2.3113     2.0148          9  0.000e+00
    149.914   80.06312  166.75740    151.573     0.0662     0.0875  28.838436  28.839571    34.5692    34.5467    300.026    292.109    -0.1671     4.6313     0.0855     0.0855     0.0496     0.0183      91693    63.6750     100.00     2.3101     2.0148          9  0.000e+00
    149.971   80.06312  166.75740    151.631     0.0655     0.0876  28.838190  28.839281    34.5696    34.5461    300.034    291.872    -0.1671     4.6300     0.0855     0.0855     0.0506     0.0183      91694    63.6757     100.00     2.3101     2.0135          9  0.000e+00
    149.914   80.06312  166.75740    151.573     0.0647     0.0857  28.837943  28.838876    34.5703    34.5478    300.037    292.122    -0.1976     4.6313     0.0867     0.0867     0.0496     0.0171      91695    63.6764     100.00     2.3101     2.0148          9  0.000e+00
    149.922   80.06312  166.75740    151.581     0.0638     0.0826  28.837882  28.838877    34.5712    34.5513    300.043    292.140    -0.1671     4.6300     0.0855     0.0855     0.0506     0.0183      91696    63.6771     100.00     2.3101     2.0148          9  0.000e+00
    149.914   80.06312  166.75740    151.573     0.0629     0.0749  28.837143  28.838935    34.5712    34.5600    300.050    292.185    -0.1671     4.6313     0.0855     0.0855     0.0496     0.0183      91697    63.6778     100.00     2.3101     2.0148          9  0.000e+00
    149.914   80.06312  166.75740    151.573     0.0620     0.0687  28.836959  28.838704    34.5720    34.5668    300.056    292.223    -0.1671     4.6313     0.0867     0.0867     0.0496     0.0183      91698    63.6785     100.00     2.3101     2.0148          9  0.000e+00
    149.922   80.06312  166.75740    151.581     0.0617     0.0644  28.836836  28.838820    34.5721    34.5717    300.059    292.010    -0.1671     4.6313     0.0855     0.0855     0.0496     0.0183      91699    63.6792     100.00     2.3101     2.0135          9  0.000e+00
    149.971   80.06312  166.75740    151.631     0.0611     0.0613  28.836959  28.838937    34.5730    34.5754    299.863    291.791    -0.1976     4.6300     0.0867     0.0867     0.0506     0.0171      91700    63.6799     100.00     2.3088     2.0123          9  0.000e+00
    149.914   80.06312  166.75740    151.573     0.0623     0.0593  28.836836  28.838705    34.5714    34.5774    300.055    291.563    -0.1671     4.6313     0.0867     0.0867     0.0496     0.0183      91701    63.6806     100.00     2.3101     2.0111          9  0.000e+00
    149.922   80.06312  166.75740    151.581     0.0641     0.0577  28.836958  28.838242    34.5696    34.5785    299.842    291.335    -0.1366     4.6313     0.0867     0.0867     0.0496     0.0195      91702    63.6812     100.00     2.3088     2.0099          9  0.000e+00
    149.914   80.06312  166.75740    151.573     0.0665     0.0572  28.837635  28.838300    34.5677    34.5792    300.026    291.576    -0.1366     4.6313     0.0867     0.0867     0.0496     0.0195      91703    63.6819     100.00     2.3101     2.0111          9  0.000e+00
    149.914   80.06312  166.75740    151.573     0.0684     0.0571  28.838189  28.838589    34.5664    34.5797    300.013    291.815    -0.1366     4.6300     0.0867     0.0867     0.0506     0.0195      91704    63.6826     100.00     2.3101     2.0123          9  0.000e+00
    149.914   80.06312  166.75740    151.573     0.0697     0.0563  28.838989  28.838647    34.5660    34.5806    300.003    292.058    -0.1366     4.6313     0.0855     0.0855     0.0496     0.0195      91705    63.6833     100.00     2.3101     2.0135          9  0.000e+00
    149.980   80.06312  166.75740    151.640     0.0701     0.0558  28.839420  28.838821    34.5661    34.5815    300.002    292.302    -0.1366     4.6313     0.0867     0.0867     0.0496     0.0195      91706    63.6840     100.00     2.3101     2.0148          9  0.000e+00
    149.914   80.06312  166.75740    151.573     0.0703     0.0556  28.840036  28.838937    34.5667    34.5818    299.996    292.539    -0.1366     4.6313     0.0867     0.0867     0.0496     0.0195      91707    63.6847     100.00     2.3101     2.0160          9  0.000e+00
    149.914   80.06312  166.75740    151.573     0.0693     0.0553  28.840467  28.839111    34.5684    34.5824    300.000    292.779    -0.1366     4.6313     0.0867     0.0867     0.0496     0.0195      91708    63.6854     100.00     2.3101     2.0172          9  0.000e+00
    149.922   80.06312  166.75740    151.581     0.0678     0.0556  28.840960  28.838995    34.5707    34.5819    299.807    292.778    -0.1366     4.6313     0.0855     0.0855     0.0496     0.0195      91709    63.6861     100.00     2.3088     2.0172          9  0.000e+00
    149.914   80.06312  166.75740    151.573     0.0659     0.0556  28.840837  28.839226    34.5727    34.5822    299.819    292.538    -0.1366     4.6313     0.0855     0.0855     0.0496     0.0195      91710    63.6868     100.00     2.3088     2.0160          9  0.000e+00
    149.971   80.06312  166.75740    151.631     0.0647     0.0553  28.840775  28.838821    34.5740    34.5820    299.828    292.304    -0.1366     4.6313     0.0867     0.0867     0.0496     0.0195      91711    63.6875     100.00     2.3088     2.0148          9  0.000e+00
    149.865   80.06312  166.75740    151.523     0.0648     0.0543  28.840652  28.838647    34.5737    34.5829    300.025    292.545    -0.1366     4.6313     0.0867     0.0867     0.0496     0.0195      91712    63.6882     100.00     2.3101     2.0160          9  0.000e+00
    149.914   80.06312  166.75740    151.573     0.0658     0.0536  28.840159  28.838648    34.5720    34.5837    299.821    292.313    -0.1366     4.6313     0.0867     0.0867     0.0496     0.0195      91713    63.6889     100.00     2.3088     2.0148          9  0.000e+00
    149.971   80.06312  166.75740    151.631     0.0675     0.0535  28.839852  28.838821    34.5696    34.5840    299.814    292.315    -0.1366     4.6313     0.0855     0.0855     0.0496     0.0195      91714    63.6896     100.00     2.3088     2.0148          9  0.000e+00
    149.922   80.06312  166.75740    151.581     0.0690     0.0547  28.839790  28.838705    34.5678    34.5825    299.803    292.306    -0.1366     4.6313     0.0855     0.0855     0.0496     0.0195      91715    63.6903     100.00     2.3088     2.0148          9  0.000e+00
    149.914   80.06312  166.75740    151.573     0.0707     0.0570  28.839359  28.839226    34.5653    34.5806    299.793    292.291    -0.1061     4.6313     0.0855     0.0855     0.0496     0.0208      91716    63.6910     100.00     2.3088     2.0148          9  0.000e+00
    149.914   80.06312  166.75740    151.573     0.0712     0.0616  28.839359  28.839284    34.5648    34.5756    299.791    292.502    -0.1366     4.6313     0.0855     0.0855     0.0496     0.0195      91717    63.6917     100.00     2.3088     2.0160          9  0.000e+00
    149.914   80.06312  166.75740    151.573     0.0710     0.0680  28.839235  28.839573    34.5648    34.5687    299.792    292.702    -0.1366     4.6313     0.0867     0.0867     0.0496     0.0195      91718    63.6924     100.00     2.3088     2.0172          9  0.000e+00
    149.980   80.06312  166.75740    151.640     0.0706     0.0734  28.839420  28.840325    34.5655    34.5635    299.999    292.908    -0.1061     4.6313     0.0855     0.0855     0.0496     0.0208      91719    63.6931     100.00     2.3101     2.0184          9  0.000e+00
    149.914   80.06312  166.75740    151.573     0.0698     0.0775  28.839482  28.840730    34.5665    34.5595    299.799    293.119    -0.1366     4.6313     0.0867     0.0867     0.0496     0.0195      91720    63.6938     100.00     2.3088     2.0196          9  0.000e+00
    149.914   80.06312  166.75740    151.573     0.0681     0.0801  28.839667  28.840614    34.5687    34.5563    299.809    292.865    -0.1366     4.6313     0.0855     0.0855     0.0496     0.0195      91721    63.6944     100.00     2.3088     2.0184          9  0.000e+00
    149.922   80.06312  166.75740    151.581     0.0654     0.0803  28.839790  28.841135    34.5718    34.5569    299.623    292.624    -0.1366     4.6313     0.0867     0.0867     0.0496     0.0195      91722    63.6951     100.00     2.3076     2.0172          9  0.000e+00
    149.914   80.06312  166.75740    151.573     0.0634     0.0787  28.839544  28.841367    34.5738    34.5589    299.837    292.155    -0.1671     4.6313     0.0855     0.0855     0.0496     0.0183      91723    63.6958     100.00     2.3088     2.0147          9  0.000e+00
    129.059   80.06314  166.75754    130.481    -0.4605    -0.4584  28.290525  28.295638    34.4474    34.4518    303.476    293.504    -0.1366     4.6300     0.0879     0.0879     0.0506     0.0195      94424    65.5715     100.00     2.3061     2.0010         10  0.000e+00
    128.969   80.06314  166.75754    130.390    -0.4590    -0.4587  28.290830  28.295408    34.4461    34.4519    303.257    293.503    -0.1366     4.6300     0.0879     0.0879     0.0506     0.0195      94425    65.5722     100.00     2.3048     2.0010         10  0.000e+00
    129.059   80.06314  166.75754    130.481    -0.4593    -0.4592  28.290892  28.294948    34.4465    34.4517    303.263    293.752    -0.1366     4.6300     0.0879     0.0879     0.0506     0.0195      94426    65.5729     100.00     2.3048     2.0023         10  0.000e+00
    129.002   80.06314  166.75754    130.423    -0.4613    -0.4593  28.290892  28.295063    34.4488    34.4520    303.273    293.992    -0.1366     4.6300     0.0879     0.0879     0.0506     0.0195      94427    65.5736     100.00     2.3048     2.0035         10  0.000e+00
    128.936   80.06314  166.75754    130.356    -0.4628    -0.4598  28.290708  28.294890    34.4502    34.4524    303.280    293.993    -0.1366     4.6300     0.0879     0.0879     0.0506     0.0195      94428    65.5743     100.00     2.3048     2.0035         10  0.000e+00
    129.002   80.06314  166.75754    130.423    -0.4638    -0.4600  28.290464  28.294833    34.4510    34.4526    303.290    294.724    -0.1366     4.6300     0.0867     0.0867     0.0506     0.0195      94429    65.5750     100.00     2.3048     2.0071         10  0.000e+00
    129.059   80.06314  166.75754    130.481    -0.4635    -0.4594  28.290586  28.294661    34.4508    34.4517    303.290    294.965    -0.1366     4.6300     0.0879     0.0879     0.0506     0.0195      94430    65.5757     100.00     2.3048     2.0084         10  0.000e+00
    129.002   80.06314  166.75754    130.423    -0.4636    -0.4595  28.290464  28.294545    34.4508    34.4516    303.289    294.963    -0.1366     4.6300     0.0879     0.0879     0.0506     0.0195      94431    65.5764     100.00     2.3048     2.0084         10  0.000e+00
    129.002   80.06314  166.75754    130.423    -0.4641    -0.4592  28.290586  28.295005    34.4515    34.4518    303.496    294.960    -0.1366     4.6300     0.0867     0.0867     0.0506     0.0195      94432    65.5771     100.00     2.3061     2.0084         10  0.000e+00
    129.002   80.06314  166.75754    130.423    -0.4645    -0.4596  28.290464  28.295063    34.4518    34.4524    303.294    294.962    -0.1061     4.6300     0.0879     0.0879     0.0506     0.0208      94433    65.5778     100.00     2.3048     2.0084         10  0.000e+00
    128.969   80.06314  166.75754    130.390    -0.4629    -0.4595  28.290586  28.294718    34.4501    34.4519    303.486    295.203    -0.1366     4.6300     0.0879     0.0879     0.0506     0.0195      94434    65.5785     100.00     2.3061     2.0096         10  0.000e+00
    129.059   80.06314  166.75754    130.481    -0.4624    -0.4593  28.290647  28.294775    34.4496    34.4516    303.283    295.205    -0.1366     4.6300     0.0867     0.0867     0.0506     0.0195      94435    65.5792     100.00     2.3048     2.0096         10  0.000e+00
    129.002   80.06314  166.75754    130.423    -0.4629    -0.4592  28.290831  28.294603    34.4504    34.4513    303.487    294.961    -0.1366     4.6300     0.0879     0.0879     0.0506     0.0195      94436    65.5799     100.00     2.3061     2.0084         10  0.000e+00
    129.002   80.06314  166.75754    130.423    -0.4634    -0.4587  28.290708  28.294373    34.4508    34.4505    303.286    294.959    -0.1366     4.6300     0.0867     0.0867     0.0506     0.0195      94437    65.5806     100.00     2.3048     2.0084         10  0.000e+00
    129.002   80.06314  166.75754    130.423    -0.4636    -0.4587  28.290831  28.294890    34.4513    34.4511    303.287    295.199    -0.1366     4.6300     0.0879     0.0879     0.0506     0.0195      94438    65.5812     100.00     2.3048     2.0096         10  0.000e+00
    129.002   80.06314  166.75754    130.423    -0.4638    -0.4590  28.290892  28.294890    34.4516    34.4515    303.493    295.201    -0.1061     4.6313     0.0867     0.0867     0.0496     0.0208      94439    65.5819     100.00     2.3061     2.0096         10  0.000e+00
    129.059   80.06314  166.75754    130.481    -0.4634    -0.4586  28.290892  28.295235    34.4510    34.4515    303.492    295.442    -0.1366     4.6300     0.0867     0.0867     0.0506     0.0195      94440    65.5826     100.00     2.3061     2.0108         10  0.000e+00
    129.002   80.06314  166.75754    130.423    -0.4624    -0.4590  28.290708  28.294718    34.4498    34.4512    303.484    295.685    -0.1366     4.6313     0.0879     0.0879     0.0496     0.0195      94441    65.5833     100.00     2.3061     2.0120         10  0.000e+00
    128.936   80.06314  166.75754    130.356    -0.4620    -0.4594  28.290647  28.294545    34.4492    34.4516    303.275    295.686    -0.1366     4.6300     0.0867     0.0867     0.0506     0.0195      94442    65.5840     100.00     2.3048     2.0120         10  0.000e+00
    129.035   80.06314  166.75754    130.456    -0.4612    -0.4597  28.290831  28.294948    34.4485    34.4523    303.273    295.932    -0.1366     4.6300     0.0879     0.0879     0.0506     0.0195      94443    65.5847     100.00     2.3048     2.0133         10  0.000e+00
    129.002   80.06314  166.75754    130.423    -0.4612    -0.4593  28.290097  28.294545    34.4475    34.4513    303.274    295.929    -0.1366     4.6300     0.0867     0.0867     0.0506     0.0195      94444    65.5854     100.00     2.3048     2.0133         10  0.000e+00
    129.059   80.06314  166.75754    130.481    -0.4610    -0.4594  28.290219  28.293913    34.4475    34.4507    303.480    294.967    -0.1366     4.6313     0.0879     0.0879     0.0496     0.0195      94445    65.5861     100.00     2.3061     2.0084         10  0.000e+00
