Continuous CTD Data/SBE Stage/nabos_41_01avg.cnv
* Sea-Bird SBE 9 Data File:
* FileName = D:\CTD\data\HLY2502\raw\NABOS_41_01.hex
* Software Version Seasave V 7.26.7.110
* Temperature SN = 6954
* Conductivity SN = 2561
* Number of Bytes Per Scan = 37
* Number of Voltage Words = 4
* Number of Scans Averaged by the Deck Unit = 1
* NMEA Latitude = 79 39.37 N
* NMEA Longitude = 125 55.91 E
* NMEA UTC (Time) = Sep 27 2025  03:16:02
* NMEA baud rate = 9600
** Ship: USCG HEALY
** Bot. Depth:  3277
** Cast Number:  01
** Station Name:  NABOS
** Station Number:  41
** Operator:  STARC
# nquan = 25
# nvalues = 1213                        
# units = specified
# name 0 = depSM: Depth [salt water, m]
# name 1 = latitude: Latitude [deg]
# name 2 = longitude: Longitude [deg]
# name 3 = prDM: Pressure, Digiquartz [db]
# name 4 = t090C: Temperature [ITS-90, deg C]
# name 5 = t190C: Temperature, 2 [ITS-90, deg C]
# name 6 = c0mS/cm: Conductivity [mS/cm]
# name 7 = c1mS/cm: Conductivity, 2 [mS/cm]
# name 8 = sal00: Salinity, Practical [PSU]
# name 9 = sal11: Salinity, Practical, 2 [PSU]
# name 10 = sbox0Mm/Kg: Oxygen, SBE 43 [umol/kg]
# name 11 = sbox1Mm/Kg: Oxygen, SBE 43, 2 [umol/kg]
# name 12 = flECO-AFL: Fluorescence, WET Labs ECO-AFL/FL [mg/m^3]
# name 13 = v2: Voltage 2
# name 14 = wetCDOM: Fluorescence, WET Labs CDOM [mg/m^3]
# name 15 = v6: Voltage 6
# name 16 = CStarAt0: Beam Attenuation, WET Labs C-Star [1/m]
# name 17 = v3: Voltage 3
# name 18 = scan: Scan Count
# name 19 = timeM: Time, Elapsed [minutes]
# name 20 = altM: Altimeter [m]
# name 21 = sbeox0V: Oxygen raw, SBE 43 [V]
# name 22 = sbeox1V: Oxygen raw, SBE 43, 2 [V]
# name 23 = nbin: number of scans per bin
# name 24 = flag: flag
# span 0 =      3.958,   1199.640       
# span 1 =   79.65432,   79.65599       
# span 2 =  125.93190,  125.93204       
# span 3 =      4.000,   1216.000       
# span 4 =    -1.8390,     1.9387       
# span 5 =    -1.8391,     1.9383       
# span 6 =  23.587192,  30.741892       
# span 7 =  23.585737,  30.739666       
# span 8 =    29.3605,    34.9097       
# span 9 =    29.3587,    35.2487       
# span 10 =    287.451,    384.153      
# span 11 =    189.866,    375.524      
# span 12 =    -0.1803,     0.3320      
# span 13 =     4.5047,     4.6321      
# span 14 =     0.0659,     0.1254      
# span 15 =     0.0659,     0.1254      
# span 16 =     0.0489,     0.1612      
# span 17 =     0.0178,     0.0383      
# span 18 =       4302,      37834      
# span 19 =     2.9865,    26.2730      
# span 20 =     100.00,     100.00      
# span 21 =     1.9903,     2.7167      
# span 22 =     1.4110,     2.3555      
# span 23 =         10,         28      
# span 24 = 0.0000e+00, 0.0000e+00      
# interval = decibars: 1                
# start_time = Sep 27 2025 03:16:02 [NMEA time, header]
# bad_flag = -9.990e-29
*END*
[from data line 986]
    977.206   79.65466  125.93202    990.000    -0.1150    -0.1152  29.310864  29.308272    34.9027    34.8995    289.631    287.346    -0.1528     4.6276     0.0848     0.0848     0.0527     0.0189      31584    21.9326     100.00     2.0592     1.8322         17 0.0000e+00
    978.191   79.65466  125.93202    991.000    -0.1173    -0.1175  29.304482  29.306860    34.8963    34.8996    289.551    287.423    -0.1493     4.6276     0.0838     0.0838     0.0527     0.0190      31609    21.9502     100.00     2.0584     1.8322         19 0.0000e+00
    979.176   79.65466  125.93202    992.000    -0.1188    -0.1190  29.308698  29.305982    34.9029    34.8996    289.474    287.275    -0.1511     4.6276     0.0838     0.0838     0.0527     0.0189      31634    21.9674     100.00     2.0578     1.8314         19 0.0000e+00
    980.160   79.65466  125.93202    993.000    -0.1205    -0.1207  29.307750  29.305164    34.9030    34.8999    289.435    287.926    -0.1598     4.6275     0.0836     0.0836     0.0528     0.0186      31659    21.9848     100.00     2.0573     1.8341         17 0.0000e+00
    981.145   79.65466  125.93202    994.000    -0.1225    -0.1228  29.306707  29.304101    34.9033    34.9003    289.489    287.734    -0.1425     4.6281     0.0836     0.0836     0.0523     0.0193      31684    22.0021     100.00     2.0573     1.8330         18 0.0000e+00
    982.130   79.65466  125.93202    995.000    -0.1241    -0.1243  29.305844  29.303297    34.9035    34.9003    289.529    288.417    -0.1678     4.6277     0.0830     0.0830     0.0527     0.0183      31709    22.0195     100.00     2.0572     1.8358         19 0.0000e+00
    983.115   79.65465  125.93202    996.000    -0.1259    -0.1262  29.304976  29.302365    34.9038    34.9006    289.583    287.931    -0.1690     4.6279     0.0828     0.0828     0.0524     0.0182      31734    22.0367     100.00     2.0572     1.8334         16 0.0000e+00
    984.099   79.65464  125.93202    997.000    -0.1265    -0.1269  29.304832  29.302322    34.9037    34.9008    289.598    287.731    -0.1712     4.6278     0.0830     0.0830     0.0525     0.0181      31759    22.0540     100.00     2.0571     1.8323         15 0.0000e+00
    985.084   79.65464  125.93202    998.000    -0.1270    -0.1272  29.305006  29.302466    34.9039    34.9008    289.618    287.726    -0.1707     4.6276     0.0831     0.0831     0.0527     0.0182      31784    22.0716     100.00     2.0570     1.8321         17 0.0000e+00
    986.069   79.65464  125.93202    999.000    -0.1279    -0.1281  29.304663  29.302141    34.9039    34.9008    289.536    287.369    -0.1732     4.6267     0.0830     0.0830     0.0535     0.0181      31809    22.0889     100.00     2.0563     1.8302         15 0.0000e+00
    987.053   79.65464  125.93202   1000.000    -0.1283    -0.1286  29.304840  29.302239    34.9040    34.9009    289.533    286.813    -0.1515     4.5996     0.0835     0.0835     0.0770     0.0189      31834    22.1059     100.00     2.0560     1.8275         12 0.0000e+00
    988.038   79.65464  125.93202   1001.000    -0.1290    -0.1292  29.304730  29.302100    34.9040    34.9008    289.565    286.041    -0.1546     4.6189     0.0835     0.0835     0.0603     0.0188      31859    22.1236     100.00     2.0560     1.8238         17 0.0000e+00
    989.023   79.65464  125.93202   1002.000    -0.1312    -0.1314  29.303414  29.300852    34.9042    34.9010    289.549    285.801    -0.1742     4.6251     0.0835     0.0835     0.0549     0.0180      31884    22.1409     100.00     2.0556     1.8224         13 0.0000e+00
    990.008   79.65464  125.93202   1003.000    -0.1325    -0.1327  29.302613  29.300097    34.9041    34.9010    289.581    286.038    -0.1670     4.6263     0.0849     0.0849     0.0538     0.0183      31909    22.1583     100.00     2.0555     1.8233         15 0.0000e+00
    990.992   79.65464  125.93202   1004.000    -0.1329    -0.1331  29.302807  29.300294    34.9043    34.9012    289.539    285.732    -0.1671     4.6264     0.0836     0.0836     0.0538     0.0183      31934    22.1756     100.00     2.0550     1.8217         12 0.0000e+00
    991.977   79.65464  125.93203   1005.000    -0.1337    -0.1339  29.302559  29.300019    34.9042    34.9012    289.506    285.742    -0.1349     4.6251     0.0815     0.0815     0.0549     0.0196      31959    22.1930     100.00     2.0546     1.8216         16 0.0000e+00
    992.961   79.65464  125.93204   1006.000    -0.1359    -0.1362  29.301166  29.298630    34.9043    34.9013    289.414    285.594    -0.1661     4.6276     0.0826     0.0826     0.0527     0.0183      31984    22.2106     100.00     2.0538     1.8206         15 0.0000e+00
    993.946   79.65464  125.93204   1007.000    -0.1378    -0.1381  29.300024  29.297416    34.9044    34.9013    289.399    285.581    -0.1379     4.6276     0.0826     0.0826     0.0527     0.0195      32009    22.2278     100.00     2.0534     1.8203         12 0.0000e+00
    994.931   79.65464  125.93204   1008.000    -0.1396    -0.1399  29.298957  29.296550    34.9045    34.9016    289.373    285.983    -0.1748     4.6285     0.0838     0.0838     0.0520     0.0180      32034    22.2452     100.00     2.0530     1.8219         14 0.0000e+00
    995.916   79.65464  125.93204   1009.000    -0.1405    -0.1408  29.298692  29.296203    34.9045    34.9015    289.462    285.311    -0.1604     4.6277     0.0849     0.0849     0.0526     0.0186      32059    22.2625     100.00     2.0532     1.8187         15 0.0000e+00
    996.900   79.65464  125.93204   1010.000    -0.1422    -0.1426  29.297646  29.295009    34.9045    34.9015    289.466    285.654    -0.1479     4.6280     0.0844     0.0844     0.0524     0.0191      32084    22.2799     100.00     2.0530     1.8200         13 0.0000e+00
    997.885   79.65464  125.93204   1011.000    -0.1435    -0.1439  29.297101  29.294416    34.9047    34.9016    289.503    285.160    -0.1753     4.6278     0.0828     0.0828     0.0525     0.0180      32109    22.2974     100.00     2.0529     1.8175         15 0.0000e+00
    998.870   79.65462  125.93204   1012.000    -0.1441    -0.1442  29.296958  29.294557    34.9046    34.9016    289.421    285.259    -0.1758     4.6276     0.0828     0.0828     0.0527     0.0180      32134    22.3144     100.00     2.0522     1.8177         14 0.0000e+00
    999.854   79.65462  125.93204   1013.000    -0.1463    -0.1466  29.295587  29.293031    34.9047    34.9016    289.435    285.465    -0.1400     4.6283     0.0828     0.0828     0.0521     0.0194      32159    22.3318     100.00     2.0520     1.8184         14 0.0000e+00
   1000.839   79.65462  125.93204   1014.000    -0.1482    -0.1485  29.294439  29.291897    34.9047    34.9017    289.390    284.864    -0.1322     4.6278     0.0836     0.0836     0.0526     0.0197      32184    22.3493     100.00     2.0515     1.8155         14 0.0000e+00
   1001.823   79.65462  125.93204   1015.000    -0.1503    -0.1506  29.293169  29.290583    34.9049    34.9018    289.371    284.903    -0.1345     4.6285     0.0836     0.0836     0.0520     0.0196      32209    22.3666     100.00     2.0511     1.8154         15 0.0000e+00
   1002.808   79.65462  125.93204   1016.000    -0.1512    -0.1516  29.292816  29.290215    34.9049    34.9018    289.337    285.025    -0.1448     4.6278     0.0836     0.0836     0.0525     0.0192      32234    22.3840     100.00     2.0506     1.8157         14 0.0000e+00
   1003.792   79.65462  125.93204   1017.000    -0.1526    -0.1527  29.292167  29.289573    34.9050    34.9017    289.251    285.235    -0.1695     4.6283     0.0854     0.0854     0.0521     0.0182      32259    22.4014     100.00     2.0499     1.8165         14 0.0000e+00
   1004.777   79.65462  125.93204   1018.000    -0.1543    -0.1545  29.291150  29.288638    34.9050    34.9019    289.234    285.598    -0.1574     4.6284     0.0851     0.0851     0.0520     0.0187      32284    22.4186     100.00     2.0495     1.8179         15 0.0000e+00
   1005.762   79.65462  125.93204   1019.000    -0.1563    -0.1564  29.289970  29.287436    34.9051    34.9019    289.215    285.220    -0.1342     4.6287     0.0837     0.0837     0.0518     0.0196      32309    22.4361     100.00     2.0491     1.8159         14 0.0000e+00
   1006.746   79.65462  125.93204   1020.000    -0.1573    -0.1575  29.289463  29.286964    34.9050    34.9020    289.232    285.273    -0.1302     4.6289     0.0834     0.0834     0.0516     0.0198      32334    22.4535     100.00     2.0490     1.8159         14 0.0000e+00
   1007.731   79.65462  125.93204   1021.000    -0.1589    -0.1592  29.288556  29.286007    34.9051    34.9020    289.253    285.638    -0.1590     4.6283     0.0831     0.0831     0.0522     0.0186      32359    22.4708     100.00     2.0488     1.8174         17 0.0000e+00
   1008.716   79.65462  125.93204   1022.000    -0.1598    -0.1600  29.288290  29.285701    34.9051    34.9020    289.227    284.632    -0.1460     4.6284     0.0836     0.0836     0.0520     0.0191      32384    22.4881     100.00     2.0484     1.8126         16 0.0000e+00
   1009.700   79.65462  125.93204   1023.000    -0.1596    -0.1599  29.288934  29.286384    34.9052    34.9022    289.359    284.799    -0.1319     4.6281     0.0847     0.0847     0.0523     0.0197      32409    22.5055     100.00     2.0489     1.8132         18 0.0000e+00
   1010.685   79.65462  125.93204   1024.000    -0.1604    -0.1606  29.288705  29.286193    34.9052    34.9021    289.461    284.791    -0.1326     4.6276     0.0846     0.0846     0.0527     0.0197      32434    22.5228     100.00     2.0492     1.8129         15 0.0000e+00
   1011.670   79.65462  125.93204   1025.000    -0.1604    -0.1608  29.289086  29.286537    34.9052    34.9023    289.511    285.444    -0.1366     4.6286     0.0836     0.0836     0.0519     0.0195      32458    22.5398     100.00     2.0493     1.8157         13 0.0000e+00
   1012.654   79.65462  125.93204   1026.000    -0.1611    -0.1613  29.289019  29.286466    34.9052    34.9021    289.460    285.312    -0.1695     4.6285     0.0834     0.0834     0.0519     0.0182      32484    22.5576     100.00     2.0488     1.8149         19 0.0000e+00
   1013.639   79.65461  125.93204   1027.000    -0.1619    -0.1622  29.288715  29.286140    34.9052    34.9021    289.360    285.204    -0.1648     4.6289     0.0847     0.0847     0.0516     0.0184      32509    22.5747     100.00     2.0480     1.8142         13 0.0000e+00
   1014.623   79.65460  125.93204   1028.000    -0.1630    -0.1633  29.288202  29.285588    34.9053    34.9020    289.376    285.291    -0.1572     4.6273     0.0837     0.0837     0.0530     0.0187      32534    22.5922     100.00     2.0478     1.8145         16 0.0000e+00
   1015.608   79.65460  125.93204   1029.000    -0.1646    -0.1649  29.287292  29.284688    34.9053    34.9022    289.289    285.528    -0.1301     4.6282     0.0854     0.0854     0.0522     0.0198      32559    22.6094     100.00     2.0471     1.8153         14 0.0000e+00
   1016.592   79.65460  125.93204   1030.000    -0.1651    -0.1654  29.287210  29.284607    34.9051    34.9020    289.273    285.592    -0.1319     4.6284     0.0843     0.0843     0.0520     0.0197      32583    22.6267     100.00     2.0468     1.8154         13 0.0000e+00
   1017.577   79.65460  125.93204   1031.000    -0.1655    -0.1656  29.287330  29.284884    34.9052    34.9021    289.294    285.453    -0.1612     4.6290     0.0842     0.0842     0.0515     0.0185      32609    22.6442     100.00     2.0467     1.8146         14 0.0000e+00
   1018.561   79.65460  125.93204   1032.000    -0.1661    -0.1663  29.287204  29.284723    34.9052    34.9021    289.310    285.215    -0.1374     4.6289     0.0842     0.0842     0.0516     0.0195      32633    22.6612     100.00     2.0465     1.8133         12 0.0000e+00
   1019.546   79.65460  125.93204   1033.000    -0.1687    -0.1689  29.285460  29.283030    34.9052    34.9022    289.379    284.957    -0.1599     4.6292     0.0836     0.0836     0.0514     0.0186      32659    22.6790     100.00     2.0466     1.8118         16 0.0000e+00
   1020.530   79.65460  125.93204   1034.000    -0.1704    -0.1706  29.284472  29.282083    34.9052    34.9023    289.252    285.140    -0.1396     4.6286     0.0836     0.0836     0.0518     0.0194      32684    22.6963     100.00     2.0456     1.8124         13 0.0000e+00
   1021.515   79.65460  125.93204   1035.000    -0.1729    -0.1731  29.282912  29.280509    34.9054    34.9024    289.142    285.228    -0.1706     4.6283     0.0838     0.0838     0.0521     0.0182      32709    22.7137     100.00     2.0447     1.8126         14 0.0000e+00
   1022.500   79.65460  125.93204   1036.000    -0.1750    -0.1751  29.281637  29.279149    34.9055    34.9024    289.126    285.428    -0.1738     4.6282     0.0843     0.0843     0.0522     0.0180      32734    22.7311     100.00     2.0443     1.8133         14 0.0000e+00
   1023.484   79.65460  125.93204   1037.000    -0.1774    -0.1776  29.279930  29.277490    34.9054    34.9024    289.124    285.309    -0.1566     4.6286     0.0835     0.0835     0.0519     0.0187      32759    22.7483     100.00     2.0440     1.8124         15 0.0000e+00
   1024.469   79.65460  125.93204   1038.000    -0.1780    -0.1782  29.279946  29.277428    34.9055    34.9025    289.169    284.993    -0.1359     4.6289     0.0835     0.0835     0.0516     0.0195      32784    22.7658     100.00     2.0440     1.8108         16 0.0000e+00
   1025.453   79.65460  125.93204   1039.000    -0.1792    -0.1794  29.279462  29.276835    34.9057    34.9025    289.218    285.317    -0.1528     4.6292     0.0826     0.0826     0.0513     0.0189      32809    22.7830     100.00     2.0440     1.8121         14 0.0000e+00
   1026.438   79.65460  125.93204   1040.000    -0.1812    -0.1814  29.278256  29.275682    34.9057    34.9026    289.246    285.280    -0.1593     4.6290     0.0836     0.0836     0.0516     0.0186      32834    22.8005     100.00     2.0439     1.8116         16 0.0000e+00
   1027.422   79.65460  125.93204   1041.000    -0.1826    -0.1828  29.277420  29.274962    34.9057    34.9027    289.294    285.178    -0.1414     4.6288     0.0828     0.0828     0.0517     0.0193      32859    22.8179     100.00     2.0438     1.8110         14 0.0000e+00
   1028.407   79.65459  125.93204   1042.000    -0.1832    -0.1834  29.277304  29.274841    34.9056    34.9026    289.140    284.551    -0.1638     4.6286     0.0825     0.0825     0.0519     0.0184      32884    22.8353     100.00     2.0428     1.8079         17 0.0000e+00
   1029.391   79.65458  125.93204   1043.000    -0.1860    -0.1863  29.275387  29.272932    34.9057    34.9028    289.148    284.958    -0.1337     4.6287     0.0832     0.0832     0.0518     0.0196      32909    22.8528     100.00     2.0425     1.8095         20 0.0000e+00
   1030.376   79.65458  125.93204   1044.000    -0.1879    -0.1881  29.274238  29.271706    34.9058    34.9027    289.114    285.268    -0.1728     4.6282     0.0825     0.0825     0.0522     0.0181      32934    22.8701     100.00     2.0420     1.8106         19 0.0000e+00
   1031.360   79.65458  125.93204   1045.000    -0.1896    -0.1898  29.273296  29.270716    34.9058    34.9027    288.987    285.137    -0.1671     4.6284     0.0821     0.0821     0.0521     0.0183      32958    22.8871     100.00     2.0411     1.8098         14 0.0000e+00
   1032.345   79.65458  125.93204   1046.000    -0.1915    -0.1918  29.272068  29.269607    34.9058    34.9029    288.985    285.071    -0.1513     4.6288     0.0833     0.0833     0.0517     0.0189      32984    22.9048     100.00     2.0408     1.8093         19 0.0000e+00
