Continuous CTD Data/SBE Stage/nabos_44_01.ros
* Sea-Bird SBE 9 Data File:
* FileName = D:\CTD\data\HLY2502\raw\NABOS_44_01.hex
* Software Version Seasave V 7.26.7.110
* Temperature SN = 6954
* Conductivity SN = 2561
* Number of Bytes Per Scan = 37
* Number of Voltage Words = 4
* Number of Scans Averaged by the Deck Unit = 1
* NMEA Latitude = 81 22.71 N
* NMEA Longitude = 125 50.34 E
* NMEA UTC (Time) = Sep 28 2025  09:12:40
* NMEA baud rate = 9600
** Ship: USCG HEALY
** Bot. Depth:  3963
** Cast Number:  01
** Station Name:  NABOS
** Station Number:  44
** Operator:  STARC
** 3958m target
# nquan = 25
# nvalues = 1176                                  
# units = specified
# name 0 = depSM: Depth [salt water, m]
# name 1 = latitude: Latitude [deg]
# name 2 = longitude: Longitude [deg]
# name 3 = prDM: Pressure, Digiquartz [db]
# name 4 = t090C: Temperature [ITS-90, deg C]
# name 5 = t190C: Temperature, 2 [ITS-90, deg C]
# name 6 = c0mS/cm: Conductivity [mS/cm]
# name 7 = c1mS/cm: Conductivity, 2 [mS/cm]
# name 8 = sal00: Salinity, Practical [PSU]
# name 9 = sal11: Salinity, Practical, 2 [PSU]
# name 10 = sbox0Mm/Kg: Oxygen, SBE 43 [umol/kg]
# name 11 = sbox1Mm/Kg: Oxygen, SBE 43, 2 [umol/kg]
# name 12 = flECO-AFL: Fluorescence, WET Labs ECO-AFL/FL [mg/m^3]
# name 13 = v2: Voltage 2
# name 14 = wetCDOM: Fluorescence, WET Labs CDOM [mg/m^3]
# name 15 = v6: Voltage 6
# name 16 = CStarAt0: Beam Attenuation, WET Labs C-Star [1/m]
# name 17 = v3: Voltage 3
# name 18 = scan: Scan Count
# name 19 = timeM: Time, Elapsed [minutes]
# name 20 = altM: Altimeter [m]
# name 21 = sbeox0V: Oxygen raw, SBE 43 [V]
# name 22 = sbeox1V: Oxygen raw, SBE 43, 2 [V]
# name 23 = nbf: Bottles Fired
# name 24 = flag:  0.000e+00
# interval = seconds: 0.0416667
# start_time = Sep 28 2025 09:12:40 [NMEA time, header]
# bad_flag = -9.990e-29
*END*
[from data line 116]
   2501.001   81.39516  125.94934   2543.157    -0.7442    -0.7443  29.430710  29.428495    34.9244    34.9216    283.637    281.479    -0.1671     4.6374     0.0818     0.0818     0.0443     0.0183     193228   134.1854     100.00     1.7190     1.5472          3  0.000e+00
   2500.967   81.39516  125.94934   2543.122    -0.7441    -0.7446  29.430524  29.428612    34.9241    34.9221    283.636    281.138    -0.1671     4.6386     0.0818     0.0818     0.0432     0.0183     193229   134.1861     100.00     1.7190     1.5460          3  0.000e+00
   2501.001   81.39516  125.94934   2543.157    -0.7443    -0.7444  29.430462  29.428495    34.9242    34.9218    283.350    281.821    -0.1671     4.6386     0.0818     0.0818     0.0432     0.0183     193230   134.1868     100.00     1.7178     1.5485          3  0.000e+00
   2501.001   81.39516  125.94934   2543.157    -0.7443    -0.7444  29.430834  29.428612    34.9247    34.9219    283.637    282.163    -0.1671     4.6386     0.0818     0.0818     0.0432     0.0183     193231   134.1875     100.00     1.7190     1.5497          3  0.000e+00
   2500.934   81.39516  125.94934   2543.088    -0.7442    -0.7444  29.430772  29.428495    34.9246    34.9218    283.346    281.819    -0.1671     4.6374     0.0818     0.0818     0.0443     0.0183     193232   134.1882     100.00     1.7178     1.5485          3  0.000e+00
   2500.967   81.39516  125.94934   2543.122    -0.7443    -0.7444  29.430710  29.428787    34.9245    34.9222    283.636    281.136    -0.1671     4.6386     0.0818     0.0818     0.0432     0.0183     193233   134.1889     100.00     1.7190     1.5460          3  0.000e+00
   2501.001   81.39516  125.94934   2543.157    -0.7443    -0.7444  29.430710  29.428320    34.9245    34.9215    283.637    280.797    -0.1671     4.6386     0.0818     0.0818     0.0432     0.0183     193234   134.1896     100.00     1.7190     1.5448          3  0.000e+00
   2501.001   81.39516  125.94936   2543.157    -0.7444    -0.7444  29.430896  29.428320    34.9249    34.9215    283.926    280.455    -0.1671     4.6386     0.0818     0.0818     0.0432     0.0183     193235   134.1903     100.00     1.7203     1.5435          3  0.000e+00
   2500.934   81.39516  125.94936   2543.088    -0.7441    -0.7444  29.430586  29.428787    34.9242    34.9222    283.634    280.793    -0.1671     4.6386     0.0818     0.0818     0.0432     0.0183     193236   134.1910     100.00     1.7190     1.5448          3  0.000e+00
   2501.035   81.39516  125.94936   2543.191    -0.7441    -0.7446  29.430462  29.428554    34.9240    34.9220    283.349    280.798    -0.1366     4.6386     0.0818     0.0818     0.0432     0.0195     193237   134.1917     100.00     1.7178     1.5448          3  0.000e+00
   2501.001   81.39516  125.94936   2543.157    -0.7444    -0.7443  29.430834  29.428787    34.9248    34.9220    283.637    280.111    -0.1976     4.6374     0.0818     0.0818     0.0443     0.0171     193238   134.1924     100.00     1.7190     1.5423          3  0.000e+00
   2500.934   81.39516  125.94936   2543.088    -0.7443    -0.7444  29.430772  29.428553    34.9246    34.9219    283.634    279.768    -0.1671     4.6374     0.0818     0.0818     0.0443     0.0183     193239   134.1931     100.00     1.7190     1.5410          3  0.000e+00
   2501.001   81.39516  125.94936   2543.157    -0.7441    -0.7444  29.430710  29.428787    34.9243    34.9221    283.636    278.404    -0.1671     4.6374     0.0818     0.0818     0.0443     0.0183     193240   134.1937     100.00     1.7190     1.5360          3  0.000e+00
   2500.967   81.39516  125.94936   2543.122    -0.7443    -0.7444  29.430524  29.428787    34.9243    34.9222    283.636    277.719    -0.1671     4.6374     0.0818     0.0818     0.0443     0.0183     193241   134.1944     100.00     1.7190     1.5335          3  0.000e+00
   2501.001   81.39516  125.94936   2543.157    -0.7444    -0.7446  29.430648  29.428670    34.9246    34.9222    283.638    278.747    -0.1671     4.6386     0.0818     0.0818     0.0432     0.0183     193242   134.1951     100.00     1.7190     1.5373          3  0.000e+00
   2501.001   81.39516  125.94936   2543.157    -0.7442    -0.7444  29.430524  29.428437    34.9242    34.9217    283.637    280.454    -0.1671     4.6386     0.0818     0.0818     0.0432     0.0183     193243   134.1958     100.00     1.7190     1.5435          3  0.000e+00
   2501.001   81.39516  125.94936   2543.157    -0.7441    -0.7444  29.430648  29.428379    34.9242    34.9216    283.636    280.454    -0.1671     4.6386     0.0818     0.0818     0.0432     0.0183     193244   134.1965     100.00     1.7190     1.5435          3  0.000e+00
   2500.967   81.39516  125.94936   2543.122    -0.7445    -0.7444  29.430710  29.428612    34.9248    34.9219    283.637    279.769    -0.1671     4.6374     0.0818     0.0818     0.0443     0.0183     193245   134.1972     100.00     1.7190     1.5410          3  0.000e+00
   2501.001   81.39516  125.94936   2543.157    -0.7441    -0.7443  29.430896  29.428670    34.9246    34.9219    283.635    279.086    -0.1671     4.6386     0.0818     0.0818     0.0432     0.0183     193246   134.1979     100.00     1.7190     1.5385          3  0.000e+00
   2501.001   81.39516  125.94936   2543.157    -0.7444    -0.7443  29.430586  29.428437    34.9245    34.9216    283.638    279.087    -0.1976     4.6386     0.0818     0.0818     0.0432     0.0171     193247   134.1986     100.00     1.7190     1.5385          3  0.000e+00
   2501.001   81.39516  125.94936   2543.157    -0.7443    -0.7444  29.430462  29.428612    34.9242    34.9219    283.637    280.795    -0.1976     4.6386     0.0818     0.0818     0.0432     0.0171     193248   134.1993     100.00     1.7190     1.5447          3  0.000e+00
   2500.967   81.39516  125.94936   2543.122    -0.7443    -0.7443  29.430648  29.428670    34.9244    34.9219    283.635    281.818    -0.1671     4.6386     0.0818     0.0818     0.0432     0.0183     193249   134.2000     100.00     1.7190     1.5485          3  0.000e+00
   2501.001   81.39516  125.94936   2543.157    -0.7441    -0.7443  29.430524  29.428670    34.9241    34.9219    283.636    281.819    -0.1671     4.6386     0.0818     0.0818     0.0432     0.0183     193250   134.2007     100.00     1.7190     1.5485          3  0.000e+00
   2501.001   81.39516  125.94936   2543.157    -0.7444    -0.7444  29.430648  29.428495    34.9246    34.9218    283.637    280.795    -0.1671     4.6386     0.0818     0.0818     0.0432     0.0183     193251   134.2014     100.00     1.7190     1.5447          3  0.000e+00
   2501.001   81.39516  125.94936   2543.157    -0.7443    -0.7444  29.430710  29.428612    34.9245    34.9219    283.636    279.770    -0.1366     4.6374     0.0818     0.0818     0.0443     0.0195     193252   134.2021     100.00     1.7190     1.5410          3  0.000e+00
   2501.035   81.39516  125.94936   2543.191    -0.7443    -0.7444  29.430710  29.428495    34.9245    34.9217    283.349    279.772    -0.1671     4.6386     0.0818     0.0818     0.0432     0.0183     193253   134.2028     100.00     1.7178     1.5410          3  0.000e+00
   2500.934   81.39516  125.94936   2543.088    -0.7444    -0.7444  29.430710  29.428612    34.9247    34.9220    283.634    280.451    -0.1671     4.6386     0.0818     0.0818     0.0432     0.0183     193254   134.2035     100.00     1.7190     1.5435          3  0.000e+00
   2501.001   81.39516  125.94936   2543.157    -0.7442    -0.7443  29.430896  29.428670    34.9247    34.9219    283.635    281.477    -0.1366     4.6386     0.0830     0.0830     0.0432     0.0195     193255   134.2042     100.00     1.7190     1.5472          3  0.000e+00
   2501.001   81.39516  125.94936   2543.157    -0.7443    -0.7446  29.430772  29.428670    34.9246    34.9222    283.636    282.162    -0.1671     4.6386     0.0830     0.0830     0.0432     0.0183     193256   134.2049     100.00     1.7190     1.5497          3  0.000e+00
   2501.035   81.39516  125.94936   2543.191    -0.7444    -0.7443  29.430710  29.428495    34.9246    34.9216    283.638    281.820    -0.1671     4.6374     0.0830     0.0830     0.0443     0.0183     193257   134.2056     100.00     1.7190     1.5485          3  0.000e+00
   2501.001   81.39516  125.94938   2543.157    -0.7441    -0.7443  29.430710  29.428612    34.9243    34.9218    283.635    280.111    -0.1671     4.6386     0.0830     0.0830     0.0432     0.0183     193258   134.2063     100.00     1.7190     1.5423          3  0.000e+00
   2001.776   81.39638  125.96026   2033.097    -0.6890    -0.6889  29.270625  29.268748    34.9184    34.9158    283.629    278.910    -0.1671     4.6361     0.0830     0.0830     0.0453     0.0183     208648   144.8938     100.00     1.8067     1.6107          4  0.000e+00
   2001.709   81.39638  125.96026   2033.028    -0.6890    -0.6891  29.270377  29.268166    34.9181    34.9153    283.359    279.227    -0.1671     4.6361     0.0830     0.0830     0.0453     0.0183     208649   144.8944     100.00     1.8054     1.6120          4  0.000e+00
   2001.650   81.39638  125.96026   2032.968    -0.6890    -0.6891  29.270501  29.268224    34.9183    34.9154    283.356    279.224    -0.1976     4.6361     0.0830     0.0830     0.0453     0.0171     208650   144.8951     100.00     1.8054     1.6120          4  0.000e+00
   2001.718   81.39638  125.96026   2033.037    -0.6889    -0.6889  29.270377  29.268457    34.9179    34.9155    283.358    279.225    -0.1671     4.6361     0.0830     0.0830     0.0453     0.0183     208651   144.8958     100.00     1.8054     1.6120          4  0.000e+00
   2001.709   81.39638  125.96026   2033.028    -0.6891    -0.6891  29.270687  29.268515    34.9186    34.9158    283.626    279.226    -0.1671     4.6361     0.0830     0.0830     0.0453     0.0183     208652   144.8965     100.00     1.8067     1.6120          4  0.000e+00
   2001.718   81.39638  125.96026   2033.037    -0.6889    -0.6889  29.270439  29.268050    34.9180    34.9149    283.626    278.909    -0.1671     4.6361     0.0830     0.0830     0.0453     0.0183     208653   144.8972     100.00     1.8067     1.6107          4  0.000e+00
   2001.709   81.39638  125.96026   2033.028    -0.6890    -0.6893  29.270501  29.268108    34.9183    34.9154    283.358    278.594    -0.1366     4.6361     0.0830     0.0830     0.0453     0.0195     208654   144.8979     100.00     1.8054     1.6095          4  0.000e+00
   2001.709   81.39638  125.96026   2033.028    -0.6890    -0.6893  29.270377  29.268224    34.9181    34.9156    283.358    278.593    -0.1671     4.6361     0.0830     0.0830     0.0453     0.0183     208655   144.8986     100.00     1.8054     1.6095          4  0.000e+00
   2001.718   81.39638  125.96026   2033.037    -0.6890    -0.6892  29.270130  29.268399    34.9178    34.9157    283.359    278.276    -0.1671     4.6361     0.0830     0.0830     0.0453     0.0183     208656   144.8993     100.00     1.8054     1.6082          4  0.000e+00
   2001.709   81.39638  125.96026   2033.028    -0.6890    -0.6893  29.270439  29.268282    34.9182    34.9157    283.358    278.593    -0.1671     4.6361     0.0830     0.0830     0.0453     0.0183     208657   144.9000     100.00     1.8054     1.6095          4  0.000e+00
   2001.718   81.39638  125.96026   2033.037    -0.6890    -0.6891  29.270811  29.268224    34.9187    34.9154    283.357    278.592    -0.1671     4.6361     0.0830     0.0830     0.0453     0.0183     208658   144.9007     100.00     1.8054     1.6095          4  0.000e+00
   2001.709   81.39638  125.96026   2033.028    -0.6892    -0.6892  29.270439  29.268282    34.9184    34.9156    283.359    278.592    -0.1976     4.6349     0.0830     0.0830     0.0464     0.0171     208659   144.9014     100.00     1.8054     1.6095          4  0.000e+00
   2001.718   81.39638  125.96026   2033.037    -0.6890    -0.6891  29.270501  29.268632    34.9183    34.9159    283.358    278.591    -0.1671     4.6361     0.0830     0.0830     0.0453     0.0183     208660   144.9021     100.00     1.8054     1.6095          4  0.000e+00
   2001.776   81.39638  125.96026   2033.097    -0.6890    -0.6893  29.270377  29.268341    34.9181    34.9157    283.361    278.595    -0.1366     4.6361     0.0830     0.0830     0.0453     0.0195     208661   144.9028     100.00     1.8054     1.6095          4  0.000e+00
   2001.709   81.39638  125.96026   2033.028    -0.6889    -0.6891  29.270315  29.268224    34.9179    34.9154    283.625    278.592    -0.1671     4.6361     0.0830     0.0830     0.0453     0.0183     208662   144.9035     100.00     1.8067     1.6095          4  0.000e+00
   2001.718   81.39638  125.96026   2033.037    -0.6890    -0.6891  29.270501  29.268224    34.9183    34.9154    283.358    278.909    -0.1671     4.6361     0.0830     0.0830     0.0453     0.0183     208663   144.9042     100.00     1.8054     1.6107          4  0.000e+00
   2001.709   81.39638  125.96026   2033.028    -0.6890    -0.6891  29.270377  29.268224    34.9181    34.9154    283.358    279.226    -0.1671     4.6361     0.0830     0.0830     0.0453     0.0183     208664   144.9049     100.00     1.8054     1.6120          4  0.000e+00
   2001.776   81.39638  125.96026   2033.097    -0.6892    -0.6894  29.270315  29.267992    34.9182    34.9154    283.362    279.548    -0.1671     4.6361     0.0830     0.0830     0.0453     0.0183     208665   144.9056     100.00     1.8054     1.6132          4  0.000e+00
   2001.651   81.39638  125.96028   2032.968    -0.6890    -0.6892  29.270315  29.268108    34.9181    34.9154    283.356    279.224    -0.1671     4.6361     0.0830     0.0830     0.0453     0.0183     208666   144.9063     100.00     1.8054     1.6120          4  0.000e+00
   2001.776   81.39638  125.96028   2033.097    -0.6889    -0.6893  29.270501  29.268283    34.9181    34.9156    283.359    279.229    -0.1671     4.6361     0.0830     0.0830     0.0453     0.0183     208667   144.9069     100.00     1.8054     1.6120          4  0.000e+00
   2001.718   81.39638  125.96028   2033.037    -0.6890    -0.6891  29.270377  29.268457    34.9181    34.9157    283.358    279.225    -0.1671     4.6361     0.0830     0.0830     0.0453     0.0183     208668   144.9076     100.00     1.8054     1.6120          4  0.000e+00
   2001.709   81.39638  125.96028   2033.028    -0.6889    -0.6894  29.270315  29.268282    34.9178    34.9158    283.357    278.910    -0.1671     4.6361     0.0830     0.0830     0.0453     0.0183     208669   144.9083     100.00     1.8054     1.6107          4  0.000e+00
   2001.776   81.39638  125.96028   2033.097    -0.6890    -0.6893  29.270687  29.268399    34.9185    34.9158    283.359    278.911    -0.1671     4.6361     0.0830     0.0830     0.0453     0.0183     208670   144.9090     100.00     1.8054     1.6107          4  0.000e+00
   2001.709   81.39638  125.96028   2033.028    -0.6891    -0.6893  29.270439  29.268282    34.9183    34.9157    283.625    278.909    -0.1671     4.6361     0.0830     0.0830     0.0453     0.0183     208671   144.9097     100.00     1.8066     1.6107          4  0.000e+00
   2001.709   81.39638  125.96028   2033.028    -0.6887    -0.6889  29.270501  29.268224    34.9179    34.9152    283.623    278.907    -0.1671     4.6361     0.0830     0.0830     0.0453     0.0183     208672   144.9104     100.00     1.8066     1.6107          4  0.000e+00
   2001.718   81.39638  125.96028   2033.037    -0.6892    -0.6891  29.270377  29.268224    34.9183    34.9154    283.359    279.226    -0.1976     4.6361     0.0830     0.0830     0.0453     0.0171     208673   144.9111     100.00     1.8054     1.6120          4  0.000e+00
