Continuous CTD Data/SBE Stage/nabos_05_02avg.cnv
* Sea-Bird SBE 9 Data File:
* FileName = D:\CTD\data\HLY2502\raw\NABOS_05_02.hex
* Software Version Seasave V 7.26.7.110
* Temperature SN = 6954
* Conductivity SN = 2561
* Number of Bytes Per Scan = 37
* Number of Voltage Words = 4
* Number of Scans Averaged by the Deck Unit = 1
* NMEA Latitude = 75 06.49 N
* NMEA Longitude = 172 12.32 E
* NMEA UTC (Time) = Sep 12 2025  18:35:48
* NMEA baud rate = 9600
** Ship: USCG HEALY
** Bot. Depth:  149
** Cast Number:  02
** Station Name:  NABOS
** Station Number:  05
** Operator:  STARC
# nquan = 25
# nvalues = 135                         
# units = specified
# name 0 = depSM: Depth [salt water, m]
# name 1 = latitude: Latitude [deg]
# name 2 = longitude: Longitude [deg]
# name 3 = prDM: Pressure, Digiquartz [db]
# name 4 = t090C: Temperature [ITS-90, deg C]
# name 5 = t190C: Temperature, 2 [ITS-90, deg C]
# name 6 = c0mS/cm: Conductivity [mS/cm]
# name 7 = c1mS/cm: Conductivity, 2 [mS/cm]
# name 8 = sal00: Salinity, Practical [PSU]
# name 9 = sal11: Salinity, Practical, 2 [PSU]
# name 10 = sbox0Mm/Kg: Oxygen, SBE 43 [umol/kg]
# name 11 = sbox1Mm/Kg: Oxygen, SBE 43, 2 [umol/kg]
# name 12 = flECO-AFL: Fluorescence, WET Labs ECO-AFL/FL [mg/m^3]
# name 13 = v2: Voltage 2
# name 14 = wetCDOM: Fluorescence, WET Labs CDOM [mg/m^3]
# name 15 = v6: Voltage 6
# name 16 = CStarAt0: Beam Attenuation, WET Labs C-Star [1/m]
# name 17 = v3: Voltage 3
# name 18 = scan: Scan Count
# name 19 = timeM: Time, Elapsed [minutes]
# name 20 = altM: Altimeter [m]
# name 21 = sbeox0V: Oxygen raw, SBE 43 [V]
# name 22 = sbeox1V: Oxygen raw, SBE 43, 2 [V]
# name 23 = nbin: number of scans per bin
# name 24 = flag: flag
# span 0 =      1.979,    134.542       
# span 1 =   75.10864,   75.10973       
# span 2 =  172.20676,  172.21006       
# span 3 =      2.000,    136.000       
# span 4 =    -1.6489,    -0.7850       
# span 5 =    -1.6485,    -0.7847       
# span 6 =  22.021463,  27.958043       
# span 7 =  22.069342,  27.956605       
# span 8 =    26.9076,    34.3640       
# span 9 =    26.9711,    34.3616       
# span 10 =    264.981,    381.866      
# span 11 =    258.251,    371.025      
# span 12 =    -0.1353,     0.4209      
# span 13 =     3.4051,     4.6585      
# span 14 =     0.0932,     0.1214      
# span 15 =     0.0932,     0.1214      
# span 16 =     0.0260,     1.3987      
# span 17 =     0.0196,     0.0419      
# span 18 =       3841,      13153      
# span 19 =     2.6664,     9.1336      
# span 20 =      -0.06,     100.00      
# span 21 =     2.0587,     2.6706      
# span 22 =     1.8086,     2.3089      
# span 23 =         11,         31      
# span 24 = 0.0000e+00, 0.0000e+00      
# interval = decibars: 1                
# start_time = Sep 12 2025 18:35:48 [NMEA time, header]
# bad_flag = -9.990e-29
*END*
      1.979   75.10864  172.20676      2.000    -1.2334    -1.2328  22.021463  22.069342    26.9076    26.9711    375.560    363.369     0.3162     3.4051     0.0965     0.0965     1.3987     0.0377       3841     2.6664      90.73     2.5946     2.2383         11 0.0000e+00
      2.969   75.10864  172.20678      3.000    -1.2385    -1.2389  22.167303  22.162344    27.1065    27.1002    375.499    363.967     0.1516     4.4339     0.0944     0.0944     0.2311     0.0311       3876     2.6910      99.75     2.5970     2.2423         17 0.0000e+00
      3.958   75.10866  172.20684      4.000    -1.2413    -1.2414  22.157593  22.153580    27.0955    27.0903    375.881    365.613     0.0620     4.5116     0.0943     0.0943     0.1548     0.0275       4047     2.8098     100.00     2.5984     2.2496         12 0.0000e+00
      4.948   75.10868  172.20686      5.000    -1.2410    -1.2410  22.159309  22.156339    27.0970    27.0930    375.886    364.078     0.0815     4.5949     0.0935     0.0935     0.0811     0.0283       4090     2.8393     100.00     2.5982     2.2422         16 0.0000e+00
      5.937   75.10868  172.20688      6.000    -1.2447    -1.2442  22.143367  22.143334    27.0785    27.0780    375.846    361.708     0.0856     4.6114     0.0932     0.0932     0.0668     0.0284       4151     2.8816     100.00     2.5972     2.2304         18 0.0000e+00
      6.927   75.10868  172.20690      7.000    -1.2435    -1.2434  22.146485  22.144339    27.0811    27.0781    375.820    364.799     0.0640     4.6112     0.0944     0.0944     0.0669     0.0276       4184     2.9051     100.00     2.5969     2.2448         18 0.0000e+00
      7.917   75.10868  172.20691      8.000    -1.2428    -1.2434  22.148775  22.144025    27.0830    27.0771    375.639    363.203     0.0655     4.6098     0.0950     0.0950     0.0681     0.0276       4223     2.9321     100.00     2.5957     2.2370         21 0.0000e+00
      8.906   75.10870  172.20693      9.000    -1.2265    -1.2272  22.253872  22.245422    27.2081    27.1975    374.802    361.733     0.0674     4.6102     0.0940     0.0940     0.0678     0.0277       4277     2.9691     100.00     2.5938     2.2323         22 0.0000e+00
      9.896   75.10870  172.20695     10.000    -1.0833    -1.0875  23.127829  23.110495    28.2430    28.2239    370.287    357.781     0.1139     4.6102     0.0948     0.0948     0.0678     0.0295       4330     3.0061     100.00     2.5943     2.2343         21 0.0000e+00
     10.885   75.10870  172.20696     11.000    -1.0136    -1.0209  23.517186  23.487916    28.6972    28.6652    369.624    360.865     0.1801     4.6050     0.0947     0.0947     0.0724     0.0322       4369     3.0336     100.00     2.6023     2.2585         25 0.0000e+00
     11.875   75.10872  172.20699     12.000    -0.9966    -0.9992  23.574235  23.564050    28.7567    28.7456    373.491    363.934     0.1858     4.6005     0.0963     0.0963     0.0763     0.0324       4422     3.0703     100.00     2.6262     2.2753         21 0.0000e+00
     12.865   75.10872  172.20700     13.000    -0.9833    -0.9865  23.610093  23.598270    28.7913    28.7786    377.141    365.482     0.1983     4.5944     0.0964     0.0964     0.0816     0.0330       4478     3.1094     100.00     2.6482     2.2837         19 0.0000e+00
     13.854   75.10872  172.20702     14.000    -0.9683    -0.9684  23.666478  23.662559    28.8517    28.8465    378.316    366.500     0.1934     4.5961     0.0963     0.0963     0.0800     0.0328       4518     3.1368     100.00     2.6567     2.2903         21 0.0000e+00
     14.844   75.10874  172.20704     15.000    -0.9883    -0.9856  23.678339  23.677531    28.8862    28.8825    379.720    368.189     0.1945     4.6007     0.0961     0.0961     0.0760     0.0328       4571     3.1733     100.00     2.6637     2.2978         26 0.0000e+00
     15.833   75.10874  172.20706     16.000    -1.0083    -1.0084  23.693266  23.690229    28.9249    28.9210    380.851    370.095     0.2242     4.6041     0.0964     0.0964     0.0732     0.0340       4624     3.2107     100.00     2.6692     2.3061         24 0.0000e+00
     16.823   75.10875  172.20708     17.000    -1.0269    -1.0255  23.698911  23.697784    28.9498    28.9470    381.274    370.846     0.2177     4.6080     0.0947     0.0947     0.0698     0.0337       4668     3.2410     100.00     2.6706     2.3089         23 0.0000e+00
     17.812   75.10876  172.20710     18.000    -1.0868    -1.0860  23.678207  23.677253    28.9794    28.9773    381.866    368.870     0.2390     4.6101     0.0969     0.0969     0.0679     0.0346       4723     3.2790     100.00     2.6702     2.2963         25 0.0000e+00
     18.802   75.10876  172.20712     19.000    -1.1291    -1.1282  23.676432  23.675131    29.0174    29.0148    381.780    368.792     0.2284     4.6120     0.0986     0.0986     0.0662     0.0341       4776     3.3157     100.00     2.6672     2.2939         24 0.0000e+00
     19.791   75.10877  172.20713     20.000    -1.1456    -1.1449  23.684130  23.683022    29.0432    29.0410    381.554    369.314     0.2512     4.6131     0.0969     0.0969     0.0652     0.0350       4824     3.3494     100.00     2.6650     2.2957         22 0.0000e+00
     20.781   75.10878  172.20715     21.000    -1.1662    -1.1665  23.686342  23.685364    29.0657    29.0646    381.074    370.344     0.2262     4.6128     0.0959     0.0959     0.0655     0.0341       4872     3.3828     100.00     2.6610     2.2996         21 0.0000e+00
     21.770   75.10879  172.20718     22.000    -1.1899    -1.1902  23.686739  23.685470    29.0886    29.0872    379.573    371.025     0.2495     4.6150     0.0986     0.0986     0.0637     0.0350       4929     3.4219     100.00     2.6510     2.3016         23 0.0000e+00
     22.760   75.10880  172.20720     23.000    -1.2404    -1.2393  23.670955  23.669894    29.1160    29.1134    379.294    368.381     0.2431     4.6167     0.0993     0.0993     0.0621     0.0347       4975     3.4539     100.00     2.6463     2.2864         18 0.0000e+00
     23.749   75.10880  172.20722     24.000    -1.2508    -1.2514  23.682990  23.681930    29.1418    29.1409    378.705    368.949     0.2499     4.6185     0.0992     0.0992     0.0606     0.0350       5021     3.4859     100.00     2.6424     2.2886         18 0.0000e+00
     24.739   75.10881  172.20724     25.000    -1.2674    -1.2722  23.685401  23.684283    29.1607    29.1638    377.858    367.509     0.2699     4.6206     0.0992     0.0992     0.0588     0.0358       5081     3.5281     100.00     2.6366     2.2807         23 0.0000e+00
     25.728   75.10882  172.20725     26.000    -1.2614    -1.2612  23.711778  23.710376    29.1898    29.1878    377.486    369.609     0.2893     4.6190     0.0986     0.0986     0.0602     0.0366       5129     3.5613     100.00     2.6350     2.2914         18 0.0000e+00
     26.718   75.10882  172.20727     27.000    -1.2824    -1.2844  23.719570  23.719647    29.2203    29.2224    377.580    365.607     0.2852     4.6224     0.1000     0.1000     0.0572     0.0364       5173     3.5918     100.00     2.6344     2.2713         22 0.0000e+00
     27.707   75.10884  172.20730     28.000    -1.3119    -1.3131  23.740330  23.742240    29.2766    29.2804    378.332    366.592     0.2693     4.6234     0.0994     0.0994     0.0564     0.0358       5237     3.6361     100.00     2.6375     2.2750         20 0.0000e+00
     28.697   75.10884  172.20731     29.000    -1.3359    -1.3351  23.774015  23.773042    29.3452    29.3431    378.021    368.336     0.2281     4.6253     0.0991     0.0991     0.0547     0.0341       5280     3.6656     100.00     2.6350     2.2828         17 0.0000e+00
     29.686   75.10884  172.20733     30.000    -1.3470    -1.3481  23.804548  23.805613    29.3969    29.3994    377.643    367.062     0.2363     4.6257     0.1004     0.1004     0.0544     0.0345       5324     3.6967     100.00     2.6327     2.2766         19 0.0000e+00
     30.675   75.10886  172.20736     31.000    -1.3611    -1.3620  23.837413  23.840655    29.4547    29.4600    376.010    364.393     0.2369     4.6274     0.1023     0.1023     0.0529     0.0345       5387     3.7402     100.00     2.6232     2.2637         17 0.0000e+00
     31.665   75.10886  172.20738     32.000    -1.3717    -1.3714  23.925585  23.927489    29.5841    29.5864    373.634    364.110     0.2634     4.6279     0.1026     0.1026     0.0524     0.0355       5432     3.7714     100.00     2.6110     2.2633         18 0.0000e+00
     32.654   75.10887  172.20740     33.000    -1.3790    -1.3796  24.002036  24.013067    29.6945    29.7100    370.121    361.126     0.2645     4.6266     0.1057     0.1057     0.0536     0.0356       5479     3.8039     100.00     2.5921     2.2500         14 0.0000e+00
     33.644   75.10888  172.20742     34.000    -1.3842    -1.3845  24.135977  24.155140    29.8809    29.9071    366.082    356.852     0.3771     4.6215     0.1050     0.1050     0.0580     0.0401       5541     3.8470     100.00     2.5717     2.2317         16 0.0000e+00
     34.633   75.10888  172.20744     35.000    -1.3894    -1.3896  24.430932  24.453904    30.2864    30.3179    361.357    352.632     0.4209     4.6148     0.1083     0.1083     0.0638     0.0419       5586     3.8788     100.00     2.5508     2.2164         16 0.0000e+00
     35.623   75.10889  172.20746     36.000    -1.4049    -1.4042  24.927792  24.964551    30.9783    31.0278    347.499    343.010     0.3225     4.6127     0.1158     0.1158     0.0657     0.0379       5633     3.9109     100.00     2.4815     2.1784         17 0.0000e+00
     36.612   75.10890  172.20749     37.000    -1.4043    -1.4067  25.164106  25.188678    31.2997    31.3358    325.526    323.355     0.3731     4.5856     0.1188     0.1188     0.0892     0.0399       5694     3.9533     100.00     2.3602     2.0868         17 0.0000e+00
     37.602   75.10890  172.20751     38.000    -1.4659    -1.4684  25.453307  25.464497    31.7601    31.7781    306.893    307.479     0.2525     4.5717     0.1202     0.1202     0.1013     0.0351       5740     3.9851     100.00     2.2562     2.0120         19 0.0000e+00
     38.591   75.10890  172.20753     39.000    -1.4960    -1.4972  25.578756  25.590838    31.9637    31.9816    296.609    294.286     0.1994     4.5969     0.1205     0.1205     0.0794     0.0330       5785     4.0167     100.00     2.1981     1.9488         20 0.0000e+00
     39.580   75.10892  172.20756     40.000    -1.4923    -1.4916  25.646600  25.657508    32.0522    32.0665    307.572    290.697     0.1947     4.6062     0.1214     0.1214     0.0713     0.0328       5847     4.0598     100.00     2.2623     1.9324         20 0.0000e+00
     40.570   75.10892  172.20758     41.000    -1.5029    -1.5026  25.690260  25.692700    32.1231    32.1261    315.172    302.235     0.1975     4.6097     0.1190     0.1190     0.0682     0.0329       5897     4.0946     100.00     2.3062     1.9885         18 0.0000e+00
     41.559   75.10892  172.20761     42.000    -1.4991    -1.4988  25.753685  25.756757    32.2055    32.2094    316.041    305.013     0.1848     4.6197     0.1188     0.1188     0.0596     0.0324       5941     4.1252     100.00     2.3124     2.0030         21 0.0000e+00
     42.549   75.10893  172.20763     43.000    -1.5041    -1.5060  25.832394  25.847977    32.3186    32.3421    318.225    308.118     0.1632     4.6257     0.1202     0.1202     0.0544     0.0315       6000     4.1661     100.00     2.3261     2.0191         19 0.0000e+00
     43.538   75.10894  172.20766     44.000    -1.5453    -1.5469  26.023142  26.026451    32.6255    32.6318    316.898    307.594     0.1294     4.6264     0.1176     0.1176     0.0538     0.0302       6052     4.2020     100.00     2.3203     2.0179         20 0.0000e+00
     44.527   75.10894  172.20768     45.000    -1.5697    -1.5706  26.077948  26.079501    32.7273    32.7305    314.373    305.769     0.1093     4.6285     0.1161     0.1161     0.0520     0.0294       6095     4.2321     100.00     2.3056     2.0089         19 0.0000e+00
     45.517   75.10894  172.20772     46.000    -1.5768    -1.5762  26.143885  26.148139    32.8256    32.8308    316.526    307.955     0.1034     4.6312     0.1153     0.1153     0.0496     0.0291       6153     4.2720     100.00     2.3188     2.0203         22 0.0000e+00
     46.506   75.10894  172.20774     47.000    -1.5980    -1.5990  26.180838  26.181351    32.8995    32.9013    318.262    308.346     0.0377     4.6316     0.1142     0.1142     0.0494     0.0265       6206     4.3087     100.00     2.3285     2.0218         20 0.0000e+00
     47.496   75.10895  172.20777     48.000    -1.5638    -1.5565  26.252904  26.263135    32.9605    32.9666    315.077    306.800     0.0511     4.6345     0.1136     0.1136     0.0467     0.0271       6253     4.3417     100.00     2.3126     2.0168         22 0.0000e+00
     48.485   75.10896  172.20779     49.000    -1.5569    -1.5604  26.301069  26.301650    33.0188    33.0234    313.900    306.173     0.0054     4.6342     0.1145     0.1145     0.0470     0.0252       6310     4.3813     100.00     2.3068     2.0140         21 0.0000e+00
     49.474   75.10896  172.20782     50.000    -1.6218    -1.6264  26.291648  26.289314    33.0772    33.0792    307.675    301.617    -0.0015     4.6337     0.1088     0.1088     0.0474     0.0249       6359     4.4151     100.00     2.2679     1.9892         23 0.0000e+00
     50.464   75.10896  172.20785     51.000    -1.6404    -1.6418  26.298632  26.298142    33.1071    33.1079    305.437    298.380    -0.0252     4.6399     0.1088     0.1088     0.0421     0.0240       6410     4.4507      99.87     2.2542     1.9729         24 0.0000e+00
     51.453   75.10896  172.20788     52.000    -1.6489    -1.6485  26.317617  26.318244    33.1422    33.1426    311.303    300.460    -0.0329     4.6426     0.1082     0.1082     0.0398     0.0237       6465     4.4891      99.04     2.2878     1.9830         22 0.0000e+00
     52.442   75.10896  172.20790     53.000    -1.6421    -1.6416  26.345718  26.346328    33.1730    33.1731    315.036    305.143    -0.0268     4.6461     0.1081     0.1081     0.0367     0.0239       6511     4.5209      97.86     2.3099     2.0063         20 0.0000e+00
     53.432   75.10898  172.20794     54.000    -1.6342    -1.6337  26.373276  26.372913    33.2016    33.2005    316.332    306.583    -0.0372     4.6485     0.1080     0.1080     0.0347     0.0235       6570     4.5615      98.11     2.3180     2.0137         25 0.0000e+00
     54.421   75.10898  172.20796     55.000    -1.6314    -1.6316  26.393516  26.393055    33.2259    33.2255    315.840    307.410    -0.0306     4.6490     0.1091     0.1091     0.0343     0.0238       6619     4.5960      95.90     2.3154     2.0180         21 0.0000e+00
     55.410   75.10898  172.20798     56.000    -1.6380    -1.6379  26.409055  26.408972    33.2542    33.2539    313.981    305.875    -0.0436     4.6500     0.1098     0.1098     0.0334     0.0233       6668     4.6301      93.29     2.3045     2.0104         25 0.0000e+00
     56.400   75.10898  172.20802     57.000    -1.6335    -1.6325  26.445276  26.445477    33.2987    33.2979    313.043    304.707    -0.0528     4.6520     0.1101     0.1101     0.0317     0.0229       6729     4.6723      92.16     2.2997     2.0052         21 0.0000e+00
     57.389   75.10898  172.20804     58.000    -1.6199    -1.6186  26.483879  26.484721    33.3363    33.3360    312.657    304.568    -0.0501     4.6517     0.1097     0.1097     0.0319     0.0230       6772     4.7024      91.29     2.2985     2.0054         18 0.0000e+00
