Continuous CTD Data/SBE Stage/nabos_08_01avg.cnv
* Sea-Bird SBE 9 Data File:
* FileName = D:\CTD\data\HLY2502\raw\NABOS_08_01.hex
* Software Version Seasave V 7.26.7.110
* Temperature SN = 6954
* Conductivity SN = 2561
* Number of Bytes Per Scan = 37
* Number of Voltage Words = 4
* Number of Scans Averaged by the Deck Unit = 1
* NMEA Latitude = 76 01.68 N
* NMEA Longitude = 176 49.39 E
* NMEA UTC (Time) = Sep 14 2025  20:51:02
* NMEA baud rate = 9600
** Ship: USCG HEALY
** Bot. Depth:  554
** Cast Number:  01
** Station Name:  NABOS
** Station Number:  08
** Operator:  STARC
# nquan = 25
# nvalues = 559                         
# units = specified
# name 0 = depSM: Depth [salt water, m]
# name 1 = latitude: Latitude [deg]
# name 2 = longitude: Longitude [deg]
# name 3 = prDM: Pressure, Digiquartz [db]
# name 4 = t090C: Temperature [ITS-90, deg C]
# name 5 = t190C: Temperature, 2 [ITS-90, deg C]
# name 6 = c0mS/cm: Conductivity [mS/cm]
# name 7 = c1mS/cm: Conductivity, 2 [mS/cm]
# name 8 = sal00: Salinity, Practical [PSU]
# name 9 = sal11: Salinity, Practical, 2 [PSU]
# name 10 = sbox0Mm/Kg: Oxygen, SBE 43 [umol/kg]
# name 11 = sbox1Mm/Kg: Oxygen, SBE 43, 2 [umol/kg]
# name 12 = flECO-AFL: Fluorescence, WET Labs ECO-AFL/FL [mg/m^3]
# name 13 = v2: Voltage 2
# name 14 = wetCDOM: Fluorescence, WET Labs CDOM [mg/m^3]
# name 15 = v6: Voltage 6
# name 16 = CStarAt0: Beam Attenuation, WET Labs C-Star [1/m]
# name 17 = v3: Voltage 3
# name 18 = scan: Scan Count
# name 19 = timeM: Time, Elapsed [minutes]
# name 20 = altM: Altimeter [m]
# name 21 = sbeox0V: Oxygen raw, SBE 43 [V]
# name 22 = sbeox1V: Oxygen raw, SBE 43, 2 [V]
# name 23 = nbin: number of scans per bin
# name 24 = flag: flag
# span 0 =      2.969,    554.396       
# span 1 =   76.02832,   76.02960       
# span 2 =  176.81800,  176.82160       
# span 3 =      3.000,    561.000       
# span 4 =    -1.6886,     1.0736       
# span 5 =    -1.6880,     1.0735       
# span 6 =  22.656065,  29.926757       
# span 7 =  22.652725,  29.925094       
# span 8 =    27.9889,    34.8106       
# span 9 =    27.9849,    34.8085       
# span 10 =    296.324,    382.832      
# span 11 =    289.998,    374.077      
# span 12 =    -0.1800,     0.3503      
# span 13 =     4.5952,     4.6631      
# span 14 =     0.0694,     0.1223      
# span 15 =     0.0694,     0.1223      
# span 16 =     0.0221,     0.0808      
# span 17 =     0.0178,     0.0390      
# span 18 =       4989,      25072      
# span 19 =     3.4641,    17.4106      
# span 20 =       5.12,     100.00      
# span 21 =     2.2071,     2.6659      
# span 22 =     1.9385,     2.3133      
# span 23 =          7,         31      
# span 24 = 0.0000e+00, 0.0000e+00      
# interval = decibars: 1                
# start_time = Sep 14 2025 20:51:02 [NMEA time, header]
# bad_flag = -9.990e-29
*END*
[from data line 348]
    347.043   76.02907  176.81943    351.000     0.7425     0.7424  29.686445  29.684875    34.8011    34.7991    298.655    292.599    -0.1650     4.6575     0.0832     0.0832     0.0270     0.0184      16646    11.5590     100.00     2.2930     2.0092         14 0.0000e+00
    348.031   76.02908  176.81942    352.000     0.7374     0.7373  29.682442  29.680876    34.8010    34.7990    298.522    292.439    -0.1690     4.6575     0.0815     0.0815     0.0269     0.0182      16672    11.5770     100.00     2.2917     2.0080         17 0.0000e+00
    349.019   76.02908  176.81942    353.000     0.7352     0.7350  29.680936  29.679261    34.8009    34.7989    298.485    293.030    -0.1315     4.6574     0.0814     0.0814     0.0271     0.0197      16698    11.5949     100.00     2.2911     2.0107         18 0.0000e+00
    350.007   76.02908  176.81942    354.000     0.7330     0.7329  29.679349  29.677706    34.8007    34.7987    298.588    292.862    -0.1676     4.6571     0.0826     0.0826     0.0273     0.0183      16723    11.6128     100.00     2.2914     2.0096         16 0.0000e+00
    350.995   76.02908  176.81942    355.000     0.7300     0.7299  29.677263  29.675574    34.8007    34.7987    298.623    292.679    -0.1671     4.6571     0.0826     0.0826     0.0273     0.0183      16749    11.6306     100.00     2.2912     2.0083         19 0.0000e+00
    351.983   76.02908  176.81942    356.000     0.7281     0.7280  29.676025  29.674378    34.8006    34.7986    298.588    292.234    -0.1671     4.6574     0.0826     0.0826     0.0271     0.0183      16775    11.6485     100.00     2.2906     2.0058         17 0.0000e+00
    352.970   76.02908  176.81940    357.000     0.7221     0.7219  29.671269  29.669577    34.8007    34.7986    298.557    292.001    -0.1780     4.6580     0.0836     0.0836     0.0265     0.0179      16801    11.6665     100.00     2.2899     2.0042         17 0.0000e+00
    353.958   76.02908  176.81940    358.000     0.7180     0.7177  29.668274  29.666502    34.8008    34.7987    298.543    292.503    -0.1759     4.6577     0.0826     0.0826     0.0268     0.0180      16826    11.6843     100.00     2.2893     2.0064         17 0.0000e+00
    354.946   76.02908  176.81940    359.000     0.7175     0.7174  29.668178  29.666543    34.8006    34.7987    298.490    292.110    -0.1388     4.6573     0.0830     0.0830     0.0271     0.0194      16852    11.7022     100.00     2.2888     2.0041         15 0.0000e+00
    355.934   76.02908  176.81940    360.000     0.7197     0.7200  29.670777  29.669474    34.8009    34.7989    298.411    292.067    -0.1667     4.6569     0.0836     0.0836     0.0275     0.0183      16878    11.7199     100.00     2.2882     2.0038         17 0.0000e+00
    356.922   76.02908  176.81940    361.000     0.7246     0.7244  29.675859  29.674188    34.8015    34.7995    298.116    291.962    -0.1416     4.6570     0.0839     0.0839     0.0274     0.0193      16904    11.7379     100.00     2.2865     2.0033         18 0.0000e+00
    357.910   76.02908  176.81940    362.000     0.7242     0.7236  29.676174  29.674127    34.8017    34.7997    298.049    292.340    -0.1721     4.6567     0.0840     0.0840     0.0277     0.0181      16929    11.7557     100.00     2.2858     2.0050         17 0.0000e+00
    358.898   76.02908  176.81939    363.000     0.7154     0.7152  29.668862  29.667126    34.8015    34.7995    297.955    292.237    -0.1528     4.6571     0.0831     0.0831     0.0273     0.0189      16955    11.7736     100.00     2.2845     2.0039         17 0.0000e+00
    359.885   76.02909  176.81938    364.000     0.7153     0.7155  29.669230  29.667883    34.8015    34.7995    297.920    292.441    -0.1541     4.6576     0.0819     0.0819     0.0269     0.0188      16981    11.7915     100.00     2.2841     2.0048         14 0.0000e+00
    360.873   76.02910  176.81938    365.000     0.7181     0.7187  29.672378  29.671370    34.8018    34.7999    297.865    292.461    -0.1663     4.6572     0.0819     0.0819     0.0272     0.0183      17007    11.8096     100.00     2.2836     2.0048         21 0.0000e+00
    361.861   76.02910  176.81938    366.000     0.7118     0.7119  29.667570  29.666133    34.8020    34.8000    298.006    292.788    -0.1655     4.6574     0.0825     0.0825     0.0270     0.0184      17033    11.8275     100.00     2.2839     2.0060         19 0.0000e+00
    362.849   76.02910  176.81938    367.000     0.7142     0.7144  29.670662  29.669329    34.8028    34.8008    297.931    291.920    -0.1685     4.6575     0.0827     0.0827     0.0270     0.0182      17059    11.8456     100.00     2.2834     2.0015         21 0.0000e+00
    363.837   76.02910  176.81938    368.000     0.7190     0.7189  29.675751  29.673939    34.8034    34.8013    297.861    292.171    -0.1705     4.6570     0.0826     0.0826     0.0274     0.0182      17084    11.8633     100.00     2.2830     2.0028         18 0.0000e+00
    364.824   76.02910  176.81938    369.000     0.7173     0.7174  29.674816  29.673299    34.8036    34.8015    297.998    292.458    -0.1672     4.6576     0.0828     0.0828     0.0269     0.0183      17110    11.8814     100.00     2.2835     2.0040         20 0.0000e+00
    365.812   76.02910  176.81938    370.000     0.7136     0.7133  29.671979  29.670292    34.8034    34.8016    298.205    292.278    -0.1731     4.6569     0.0833     0.0833     0.0275     0.0181      17136    11.8990     100.00     2.2843     2.0027         15 0.0000e+00
    366.800   76.02910  176.81936    371.000     0.6994     0.6992  29.659773  29.657997    34.8030    34.8008    298.376    292.061    -0.1508     4.6575     0.0826     0.0826     0.0270     0.0190      17162    11.9171     100.00     2.2844     2.0008         18 0.0000e+00
    367.788   76.02910  176.81936    372.000     0.6955     0.6953  29.656739  29.654890    34.8027    34.8006    298.473    292.020    -0.1299     4.6574     0.0829     0.0829     0.0271     0.0198      17187    11.9350     100.00     2.2845     2.0002         13 0.0000e+00
    368.776   76.02910  176.81936    373.000     0.6910     0.6910  29.653122  29.651572    34.8025    34.8005    298.544    292.316    -0.1621     4.6575     0.0839     0.0839     0.0270     0.0185      17213    11.9528     100.00     2.2845     2.0013         14 0.0000e+00
    369.763   76.02910  176.81936    374.000     0.6885     0.6884  29.651396  29.649753    34.8025    34.8005    298.423    292.089    -0.1392     4.6573     0.0836     0.0836     0.0271     0.0194      17239    11.9710     100.00     2.2834     1.9999         17 0.0000e+00
    370.751   76.02910  176.81936    375.000     0.6853     0.6851  29.649441  29.647748    34.8030    34.8009    298.356    292.098    -0.1686     4.6579     0.0814     0.0814     0.0266     0.0182      17265    11.9888     100.00     2.2826     1.9996         17 0.0000e+00
    371.739   76.02910  176.81936    376.000     0.6837     0.6835  29.648334  29.646775    34.8028    34.8009    298.270    292.542    -0.1707     4.6577     0.0822     0.0822     0.0267     0.0182      17291    12.0066     100.00     2.2817     2.0016         17 0.0000e+00
    372.727   76.02911  176.81936    377.000     0.6794     0.6793  29.645476  29.643839    34.8032    34.8012    298.264    292.765    -0.1553     4.6574     0.0836     0.0836     0.0271     0.0188      17316    12.0243     100.00     2.2812     2.0024         15 0.0000e+00
    373.714   76.02912  176.81935    378.000     0.6752     0.6749  29.642287  29.640645    34.8032    34.8014    298.337    292.523    -0.1496     4.6572     0.0830     0.0830     0.0273     0.0190      17342    12.0422     100.00     2.2812     2.0007         14 0.0000e+00
    374.702   76.02912  176.81934    379.000     0.6704     0.6705  29.639160  29.637533    34.8039    34.8017    298.357    292.634    -0.1473     4.6570     0.0826     0.0826     0.0274     0.0191      17368    12.0603     100.00     2.2809     2.0009         17 0.0000e+00
    375.690   76.02912  176.81934    380.000     0.6696     0.6698  29.638721  29.637362    34.8036    34.8017    298.284    292.736    -0.1294     4.6575     0.0827     0.0827     0.0269     0.0198      17394    12.0782     100.00     2.2802     2.0012         14 0.0000e+00
    376.678   76.02912  176.81934    381.000     0.6691     0.6689  29.638727  29.637049    34.8037    34.8017    298.201    292.621    -0.1663     4.6572     0.0826     0.0826     0.0272     0.0183      17420    12.0963     100.00     2.2794     2.0004         18 0.0000e+00
    377.665   76.02912  176.81934    382.000     0.6670     0.6666  29.637562  29.635707    34.8039    34.8019    298.047    292.332    -0.1670     4.6577     0.0838     0.0838     0.0267     0.0183      17445    12.1140     100.00     2.2782     1.9987         14 0.0000e+00
    378.653   76.02912  176.81934    383.000     0.6646     0.6645  29.636175  29.634586    34.8042    34.8022    298.074    292.566    -0.1582     4.6569     0.0839     0.0839     0.0275     0.0186      17471    12.1321     100.00     2.2780     1.9996         17 0.0000e+00
    379.641   76.02912  176.81934    384.000     0.6643     0.6641  29.636395  29.634753    34.8042    34.8023    298.196    292.432    -0.1307     4.6577     0.0826     0.0826     0.0268     0.0198      17497    12.1500     100.00     2.2785     1.9987         16 0.0000e+00
    380.629   76.02912  176.81932    385.000     0.6649     0.6648  29.637579  29.635865    34.8045    34.8024    298.257    292.159    -0.1535     4.6573     0.0827     0.0827     0.0271     0.0188      17523    12.1680     100.00     2.2786     1.9971         17 0.0000e+00
    381.616   76.02912  176.81932    386.000     0.6632     0.6631  29.636413  29.634823    34.8043    34.8023    298.211    292.877    -0.1686     4.6577     0.0825     0.0825     0.0268     0.0182      17549    12.1859     100.00     2.2780     2.0005         16 0.0000e+00
    382.604   76.02912  176.81932    387.000     0.6594     0.6593  29.633859  29.632200    34.8046    34.8027    298.092    292.251    -0.1375     4.6573     0.0830     0.0830     0.0272     0.0195      17574    12.2036     100.00     2.2769     1.9970         13 0.0000e+00
    383.592   76.02912  176.81932    388.000     0.6592     0.6590  29.634147  29.632478    34.8047    34.8027    298.035    292.180    -0.1620     4.6576     0.0835     0.0835     0.0268     0.0185      17600    12.2212     100.00     2.2763     1.9964         13 0.0000e+00
    384.580   76.02912  176.81932    389.000     0.6569     0.6569  29.632613  29.631107    34.8047    34.8027    298.024    292.444    -0.1329     4.6573     0.0828     0.0828     0.0271     0.0197      17626    12.2393     100.00     2.2759     1.9975         14 0.0000e+00
    385.567   76.02912  176.81932    390.000     0.6537     0.6536  29.630480  29.628878    34.8049    34.8029    297.979    292.445    -0.1344     4.6573     0.0838     0.0838     0.0272     0.0196      17651    12.2571     100.00     2.2752     1.9971         13 0.0000e+00
    386.555   76.02913  176.81932    391.000     0.6517     0.6517  29.629381  29.627664    34.8051    34.8029    297.960    292.315    -0.1676     4.6572     0.0837     0.0837     0.0272     0.0183      17677    12.2751     100.00     2.2748     1.9962         15 0.0000e+00
    387.543   76.02914  176.81931    392.000     0.6507     0.6506  29.628834  29.627321    34.8049    34.8031    297.799    292.180    -0.1753     4.6572     0.0835     0.0835     0.0273     0.0180      17703    12.2930     100.00     2.2735     1.9953         14 0.0000e+00
    388.530   76.02914  176.81930    393.000     0.6499     0.6498  29.628639  29.626925    34.8050    34.8029    297.727    292.094    -0.1741     4.6569     0.0835     0.0835     0.0275     0.0180      17729    12.3109     100.00     2.2728     1.9946         13 0.0000e+00
    389.518   76.02914  176.81930    394.000     0.6488     0.6487  29.628231  29.626536    34.8051    34.8031    297.792    292.505    -0.1649     4.6573     0.0829     0.0829     0.0271     0.0184      17754    12.3286     100.00     2.2729     1.9965         14 0.0000e+00
    390.506   76.02914  176.81930    395.000     0.6478     0.6477  29.627932  29.626298    34.8052    34.8032    297.860    292.103    -0.1363     4.6576     0.0825     0.0825     0.0268     0.0195      17780    12.3468     100.00     2.2730     1.9942         18 0.0000e+00
    391.493   76.02914  176.81930    396.000     0.6477     0.6476  29.628250  29.626607    34.8052    34.8031    297.947    291.749    -0.1663     4.6576     0.0817     0.0817     0.0268     0.0183      17806    12.3645     100.00     2.2733     1.9922         15 0.0000e+00
    392.481   76.02914  176.81930    397.000     0.6474     0.6472  29.628447  29.626782    34.8052    34.8032    298.047    292.000    -0.1715     4.6574     0.0813     0.0813     0.0271     0.0181      17832    12.3823     100.00     2.2736     1.9932         13 0.0000e+00
    393.469   76.02914  176.81930    398.000     0.6469     0.6467  29.628683  29.626968    34.8055    34.8034    298.078    292.073    -0.1578     4.6571     0.0813     0.0813     0.0273     0.0187      17858    12.4004     100.00     2.2736     1.9934         13 0.0000e+00
    394.456   76.02914  176.81928    399.000     0.6447     0.6445  29.627455  29.625706    34.8058    34.8037    297.986    292.059    -0.1542     4.6569     0.0814     0.0814     0.0275     0.0188      17883    12.4183     100.00     2.2727     1.9930         14 0.0000e+00
    395.444   76.02914  176.81928    400.000     0.6442     0.6440  29.627449  29.625491    34.8058    34.8034    298.027    292.277    -0.1489     4.6571     0.0816     0.0816     0.0274     0.0190      17909    12.4362     100.00     2.2726     1.9939         15 0.0000e+00
    396.432   76.02914  176.81928    401.000     0.6424     0.6422  29.626383  29.624666    34.8058    34.8037    298.099    291.861    -0.1594     4.6572     0.0818     0.0818     0.0272     0.0186      17935    12.4543     100.00     2.2727     1.9916         19 0.0000e+00
    397.419   76.02914  176.81928    402.000     0.6401     0.6400  29.625091  29.623361    34.8060    34.8040    298.017    292.177    -0.1371     4.6570     0.0828     0.0828     0.0274     0.0195      17960    12.4719     100.00     2.2719     1.9929         16 0.0000e+00
    398.407   76.02915  176.81928    403.000     0.6389     0.6388  29.624560  29.622808    34.8061    34.8040    297.992    292.125    -0.1702     4.6573     0.0830     0.0830     0.0271     0.0182      17987    12.4900     100.00     2.2715     1.9923         19 0.0000e+00
    399.395   76.02916  176.81927    404.000     0.6372     0.6370  29.623511  29.621896    34.8061    34.8042    298.045    292.116    -0.1705     4.6570     0.0836     0.0836     0.0274     0.0182      18012    12.5079     100.00     2.2715     1.9920         18 0.0000e+00
    400.382   76.02916  176.81926    405.000     0.6357     0.6356  29.622849  29.621233    34.8064    34.8044    297.938    292.099    -0.1520     4.6569     0.0844     0.0844     0.0275     0.0189      18038    12.5258     100.00     2.2705     1.9917         18 0.0000e+00
    401.370   76.02916  176.81926    406.000     0.6352     0.6351  29.622653  29.621222    34.8061    34.8043    297.895    292.152    -0.1519     4.6571     0.0816     0.0816     0.0274     0.0189      18063    12.5433     100.00     2.2700     1.9918         16 0.0000e+00
    402.357   76.02916  176.81926    407.000     0.6348     0.6346  29.622989  29.621292    34.8064    34.8044    297.903    292.289    -0.1779     4.6573     0.0826     0.0826     0.0271     0.0179      18089    12.5614     100.00     2.2698     1.9922         17 0.0000e+00
