Continuous CTD Data/SBE Stage/nabos_33_01.ros
* Sea-Bird SBE 9 Data File:
* FileName = D:\CTD\data\HLY2502\raw\NABOS_33_01.hex
* Software Version Seasave V 7.26.7.110
* Temperature SN = 6954
* Conductivity SN = 2561
* Number of Bytes Per Scan = 37
* Number of Voltage Words = 4
* Number of Scans Averaged by the Deck Unit = 1
* NMEA Latitude = 79 51.39 N
* NMEA Longitude = 140 04.65 E
* NMEA UTC (Time) = Sep 23 2025  14:40:56
* NMEA baud rate = 9600
** Ship: USCG HEALY
** Bot. Depth:  1970
** Cast Number:  01
** Station Name:  NABOS
** Station Number:  33
** Operator:  STARC
# nquan = 25
# nvalues = 980                                   
# units = specified
# name 0 = depSM: Depth [salt water, m]
# name 1 = latitude: Latitude [deg]
# name 2 = longitude: Longitude [deg]
# name 3 = prDM: Pressure, Digiquartz [db]
# name 4 = t090C: Temperature [ITS-90, deg C]
# name 5 = t190C: Temperature, 2 [ITS-90, deg C]
# name 6 = c0mS/cm: Conductivity [mS/cm]
# name 7 = c1mS/cm: Conductivity, 2 [mS/cm]
# name 8 = sal00: Salinity, Practical [PSU]
# name 9 = sal11: Salinity, Practical, 2 [PSU]
# name 10 = sbox0Mm/Kg: Oxygen, SBE 43 [umol/kg]
# name 11 = sbox1Mm/Kg: Oxygen, SBE 43, 2 [umol/kg]
# name 12 = flECO-AFL: Fluorescence, WET Labs ECO-AFL/FL [mg/m^3]
# name 13 = v2: Voltage 2
# name 14 = wetCDOM: Fluorescence, WET Labs CDOM [mg/m^3]
# name 15 = v6: Voltage 6
# name 16 = CStarAt0: Beam Attenuation, WET Labs C-Star [1/m]
# name 17 = v3: Voltage 3
# name 18 = scan: Scan Count
# name 19 = timeM: Time, Elapsed [minutes]
# name 20 = altM: Altimeter [m]
# name 21 = sbeox0V: Oxygen raw, SBE 43 [V]
# name 22 = sbeox1V: Oxygen raw, SBE 43, 2 [V]
# name 23 = nbf: Bottles Fired
# name 24 = flag:  0.000e+00
# interval = seconds: 0.0416667
# start_time = Sep 23 2025 14:40:56 [NMEA time, header]
# bad_flag = -9.990e-29
*END*
[from data line 58]
   1000.259   79.85926  140.06128   1013.418    -0.2121    -0.2121  29.190817  29.188857    34.8404    34.8379    298.042    295.626    -0.1366     4.6288     0.0842     0.0842     0.0517     0.0195      48843    33.9181     100.00     2.0944     1.8613          2  0.000e+00
   1000.209   79.85926  140.06128   1013.367    -0.2118    -0.2121  29.190941  29.189206    34.8403    34.8384    298.038    295.893    -0.1366     4.6288     0.0842     0.0842     0.0517     0.0195      48844    33.9188     100.00     2.0944     1.8626          2  0.000e+00
   1000.259   79.85926  140.06128   1013.418    -0.2120    -0.2121  29.190879  29.189323    34.8404    34.8385    298.270    295.895    -0.1366     4.6288     0.0842     0.0842     0.0517     0.0195      48845    33.9194     100.00     2.0956     1.8626          2  0.000e+00
   1000.192   79.85926  140.06128   1013.350    -0.2120    -0.2121  29.190879  29.189322    34.8404    34.8385    298.038    295.892    -0.1366     4.6288     0.0842     0.0842     0.0517     0.0195      48846    33.9201     100.00     2.0944     1.8626          2  0.000e+00
   1000.192   79.85926  140.06128   1013.350    -0.2122    -0.2120  29.191126  29.188857    34.8410    34.8377    298.039    296.435    -0.1366     4.6288     0.0855     0.0855     0.0517     0.0195      48847    33.9208     100.00     2.0944     1.8650          2  0.000e+00
   1000.317   79.85926  140.06128   1013.477    -0.2120    -0.2123  29.190756  29.188916    34.8402    34.8380    298.044    297.254    -0.1366     4.6288     0.0855     0.0855     0.0517     0.0195      48848    33.9215     100.00     2.0944     1.8687          2  0.000e+00
   1000.192   79.85926  140.06128   1013.350    -0.2118    -0.2120  29.190632  29.189206    34.8399    34.8382    298.038    297.788    -0.1061     4.6288     0.0855     0.0855     0.0517     0.0208      48849    33.9222     100.00     2.0944     1.8712          2  0.000e+00
   1000.192   79.85926  140.06128   1013.350    -0.2121    -0.2121  29.190817  29.189322    34.8404    34.8385    298.268    297.518    -0.1366     4.6288     0.0855     0.0855     0.0517     0.0195      48850    33.9229     100.00     2.0956     1.8700          2  0.000e+00
   1000.134   79.85926  140.06128   1013.291    -0.2118    -0.2120  29.190879  29.189089    34.8403    34.8380    298.035    296.973    -0.1366     4.6288     0.0855     0.0855     0.0517     0.0195      48851    33.9236     100.00     2.0944     1.8675          2  0.000e+00
   1000.383   79.85926  140.06128   1013.544    -0.2122    -0.2120  29.190694  29.189032    34.8403    34.8378    298.277    297.255    -0.1366     4.6288     0.0855     0.0855     0.0517     0.0195      48852    33.9243     100.00     2.0956     1.8687          2  0.000e+00
   1000.259   79.85926  140.06128   1013.418    -0.2122    -0.2120  29.191003  29.189032    34.8408    34.8379    298.042    297.791    -0.1366     4.6288     0.0855     0.0855     0.0517     0.0195      48853    33.9250     100.00     2.0944     1.8712          2  0.000e+00
   1000.192   79.85926  140.06128   1013.350    -0.2120    -0.2120  29.190941  29.189264    34.8405    34.8382    298.267    298.059    -0.1366     4.6300     0.0855     0.0855     0.0506     0.0195      48854    33.9257     100.00     2.0956     1.8724          2  0.000e+00
   1000.259   79.85926  140.06128   1013.418    -0.2122    -0.2123  29.190694  29.189090    34.8403    34.8383    298.272    297.793    -0.1061     4.6288     0.0855     0.0855     0.0517     0.0208      48855    33.9264     100.00     2.0956     1.8712          2  0.000e+00
   1000.259   79.85926  140.06128   1013.418    -0.2123    -0.2120  29.190632  29.189206    34.8404    34.8381    298.273    297.791    -0.1366     4.6288     0.0855     0.0855     0.0517     0.0195      48856    33.9271     100.00     2.0956     1.8712          2  0.000e+00
   1000.259   79.85926  140.06128   1013.418    -0.2119    -0.2120  29.190632  29.189090    34.8399    34.8380    298.270    297.791    -0.1366     4.6288     0.0855     0.0855     0.0517     0.0195      48857    33.9278     100.00     2.0956     1.8712          2  0.000e+00
   1000.275   79.85926  140.06128   1013.435    -0.2122    -0.2124  29.191003  29.189032    34.8407    34.8384    298.043    297.524    -0.1366     4.6288     0.0855     0.0855     0.0517     0.0195      48858    33.9285     100.00     2.0944     1.8700          2  0.000e+00
   1000.192   79.85926  140.06128   1013.350    -0.2120    -0.2121  29.190570  29.189031    34.8400    34.8381    298.269    296.977    -0.1366     4.6288     0.0855     0.0855     0.0517     0.0195      48859    33.9292     100.00     2.0956     1.8675          2  0.000e+00
   1000.259   79.85926  140.06128   1013.418    -0.2121    -0.2121  29.190755  29.189439    34.8403    34.8386    298.271    296.437    -0.1366     4.6288     0.0855     0.0855     0.0517     0.0195      48860    33.9299     100.00     2.0956     1.8650          2  0.000e+00
   1000.259   79.85926  140.06128   1013.418    -0.2120    -0.2121  29.190941  29.188915    34.8405    34.8379    298.270    295.897    -0.1366     4.6288     0.0855     0.0855     0.0517     0.0195      48861    33.9306     100.00     2.0956     1.8626          2  0.000e+00
   1000.317   79.85926  140.06128   1013.477    -0.2120    -0.2123  29.190508  29.189148    34.8399    34.8384    298.274    295.358    -0.1366     4.6288     0.0855     0.0855     0.0517     0.0195      48862    33.9312     100.00     2.0956     1.8601          2  0.000e+00
   1000.192   79.85926  140.06128   1013.350    -0.2121    -0.2121  29.191126  29.188857    34.8408    34.8378    298.267    295.081    -0.1366     4.6288     0.0855     0.0855     0.0517     0.0195      48863    33.9319     100.00     2.0956     1.8589          2  0.000e+00
   1000.317   79.85926  140.06128   1013.477    -0.2120    -0.2123  29.191065  29.188974    34.8406    34.8381    298.272    295.087    -0.1061     4.6288     0.0855     0.0855     0.0517     0.0208      48864    33.9326     100.00     2.0956     1.8589          2  0.000e+00
   1000.259   79.85926  140.06128   1013.418    -0.2120    -0.2121  29.191126  29.189032    34.8407    34.8381    298.041    295.084    -0.1366     4.6288     0.0855     0.0855     0.0517     0.0195      48865    33.9333     100.00     2.0944     1.8589          2  0.000e+00
   1000.259   79.85926  140.06128   1013.418    -0.2119    -0.2121  29.190755  29.189206    34.8401    34.8383    298.270    295.625    -0.1366     4.6288     0.0855     0.0855     0.0517     0.0195      48866    33.9340     100.00     2.0956     1.8613          2  0.000e+00
   1000.259   79.85926  140.06128   1013.418    -0.2118    -0.2118  29.191003  29.189322    34.8404    34.8382    298.040    295.623    -0.1366     4.6288     0.0855     0.0855     0.0517     0.0195      48867    33.9347     100.00     2.0944     1.8613          2  0.000e+00
   1000.259   79.85926  140.06128   1013.418    -0.2122    -0.2118  29.191003  29.189090    34.8407    34.8378    298.271    295.895    -0.1366     4.6288     0.0855     0.0855     0.0517     0.0195      48868    33.9354     100.00     2.0956     1.8626          2  0.000e+00
   1000.259   79.85926  140.06128   1013.418    -0.2118    -0.2123  29.190941  29.189032    34.8403    34.8382    298.041    295.897    -0.1366     4.6288     0.0855     0.0855     0.0517     0.0195      48869    33.9361     100.00     2.0944     1.8626          2  0.000e+00
   1000.259   79.85926  140.06128   1013.418    -0.2121    -0.2123  29.191126  29.189032    34.8408    34.8382    298.041    295.627    -0.1366     4.6288     0.0855     0.0855     0.0517     0.0195      48870    33.9368     100.00     2.0944     1.8613          2  0.000e+00
   1000.317   79.85926  140.06128   1013.477    -0.2120    -0.2123  29.190756  29.189206    34.8402    34.8384    298.273    295.358    -0.1366     4.6288     0.0855     0.0855     0.0517     0.0195      48871    33.9375     100.00     2.0956     1.8601          2  0.000e+00
   1000.192   79.85926  140.06128   1013.350    -0.2120    -0.2120  29.190817  29.189322    34.8403    34.8383    298.497    295.892    -0.1366     4.6288     0.0855     0.0855     0.0517     0.0195      48872    33.9382     100.00     2.0968     1.8626          2  0.000e+00
   1000.333   79.85926  140.06128   1013.493    -0.2117    -0.2121  29.190879  29.189090    34.8400    34.8381    298.272    296.171    -0.1061     4.6288     0.0842     0.0842     0.0517     0.0208      48873    33.9389     100.00     2.0956     1.8638          2  0.000e+00
   1000.259   79.85926  140.06128   1013.418    -0.2120    -0.2120  29.190694  29.189206    34.8401    34.8381    298.271    296.166    -0.1061     4.6288     0.0830     0.0830     0.0517     0.0208      48874    33.9396     100.00     2.0956     1.8638          2  0.000e+00
   1000.259   79.85926  140.06128   1013.418    -0.2118    -0.2121  29.190817  29.189148    34.8401    34.8383    298.270    296.438    -0.1366     4.6288     0.0830     0.0830     0.0517     0.0195      48875    33.9403     100.00     2.0956     1.8650          2  0.000e+00
   1000.259   79.85926  140.06128   1013.418    -0.2119    -0.2121  29.190879  29.189264    34.8403    34.8384    298.270    296.438    -0.1366     4.6288     0.0830     0.0830     0.0517     0.0195      48876    33.9410     100.00     2.0956     1.8650          2  0.000e+00
   1000.259   79.85926  140.06128   1013.418    -0.2118    -0.2121  29.190879  29.189090    34.8402    34.8382    298.270    296.168    -0.1366     4.6288     0.0830     0.0830     0.0517     0.0195      48877    33.9417     100.00     2.0956     1.8638          2  0.000e+00
   1000.317   79.85926  140.06128   1013.477    -0.2118    -0.2118  29.190694  29.189032    34.8399    34.8377    298.273    295.898    -0.1366     4.6288     0.0830     0.0830     0.0517     0.0195      48878    33.9424     100.00     2.0956     1.8626          2  0.000e+00
   1000.259   79.85926  140.06128   1013.418    -0.2118    -0.2120  29.191003  29.189206    34.8404    34.8381    298.270    295.625    -0.1366     4.6288     0.0830     0.0830     0.0517     0.0195      48879    33.9431     100.00     2.0956     1.8613          2  0.000e+00
   1000.259   79.85926  140.06128   1013.418    -0.2119    -0.2120  29.190941  29.189497    34.8403    34.8385    298.270    295.624    -0.1366     4.6288     0.0830     0.0830     0.0517     0.0195      48880    33.9438     100.00     2.0956     1.8613          2  0.000e+00
   1000.259   79.85926  140.06128   1013.418    -0.2118    -0.2117  29.191065  29.189381    34.8404    34.8380    298.041    295.622    -0.1366     4.6288     0.0830     0.0830     0.0517     0.0195      48881    33.9444     100.00     2.0944     1.8613          2  0.000e+00
   1000.259   79.85926  140.06128   1013.418    -0.2118    -0.2120  29.191188  29.189090    34.8406    34.8380    298.040    295.896    -0.1366     4.6288     0.0830     0.0830     0.0517     0.0195      48882    33.9451     100.00     2.0944     1.8626          2  0.000e+00
    750.321   79.85994  140.05976    759.731     0.2162     0.2163  29.447679  29.446252    34.8419    34.8399    295.889    291.486    -0.1671     4.6239     0.0830     0.0830     0.0559     0.0183      57376    39.8438     100.00     2.1578     1.9050          3  0.000e+00
    750.379   79.85994  140.05976    759.790     0.2162     0.2165  29.447617  29.446252    34.8418    34.8396    295.892    292.004    -0.1671     4.6252     0.0830     0.0830     0.0548     0.0183      57377    39.8444     100.00     2.1578     1.9074          3  0.000e+00
    750.255   79.85994  140.05976    759.664     0.2162     0.2167  29.447865  29.446543    34.8422    34.8398    295.886    291.996    -0.1671     4.6239     0.0830     0.0830     0.0559     0.0183      57378    39.8451     100.00     2.1578     1.9074          3  0.000e+00
    750.379   79.85994  140.05976    759.790     0.2163     0.2169  29.447555  29.446660    34.8415    34.8397    295.673    291.742    -0.1671     4.6239     0.0830     0.0830     0.0559     0.0183      57379    39.8458     100.00     2.1566     1.9062          3  0.000e+00
    750.313   79.85994  140.05976    759.723     0.2162     0.2166  29.447555  29.446310    34.8417    34.8396    295.671    291.742    -0.1671     4.6252     0.0830     0.0830     0.0548     0.0183      57380    39.8465     100.00     2.1566     1.9062          3  0.000e+00
    750.313   79.85994  140.05976    759.723     0.2160     0.2166  29.447679  29.446544    34.8421    34.8399    295.672    291.741    -0.1671     4.6239     0.0830     0.0830     0.0559     0.0183      57381    39.8472     100.00     2.1566     1.9062          3  0.000e+00
    750.379   79.85994  140.05976    759.790     0.2160     0.2163  29.447431  29.445960    34.8417    34.8395    295.893    291.489    -0.1671     4.6252     0.0830     0.0830     0.0548     0.0183      57382    39.8479     100.00     2.1578     1.9050          3  0.000e+00
    750.321   79.85994  140.05976    759.731     0.2162     0.2159  29.448051  29.445610    34.8424    34.8394    295.888    290.974    -0.1671     4.6252     0.0830     0.0830     0.0548     0.0183      57383    39.8486     100.00     2.1578     1.9025          3  0.000e+00
    750.313   79.85994  140.05976    759.723     0.2165     0.2157  29.447927  29.445610    34.8418    34.8397    295.886    290.717    -0.1671     4.6239     0.0830     0.0830     0.0559     0.0183      57384    39.8493     100.00     2.1578     1.9013          3  0.000e+00
    750.313   79.85994  140.05976    759.723     0.2165     0.2157  29.447927  29.445668    34.8418    34.8398    295.886    290.717    -0.1366     4.6239     0.0830     0.0830     0.0559     0.0195      57385    39.8500     100.00     2.1578     1.9013          3  0.000e+00
    750.379   79.85994  140.05976    759.790     0.2165     0.2157  29.448299  29.446019    34.8423    34.8402    295.888    290.460    -0.1061     4.6252     0.0830     0.0830     0.0548     0.0208      57386    39.8507     100.00     2.1578     1.9001          3  0.000e+00
    750.313   79.85994  140.05976    759.723     0.2167     0.2158  29.448299  29.446135    34.8421    34.8403    295.666    290.198    -0.1366     4.6252     0.0830     0.0830     0.0548     0.0195      57387    39.8514     100.00     2.1566     1.8989          3  0.000e+00
    750.255   79.85994  140.05976    759.664     0.2168     0.2159  29.448299  29.446018    34.8420    34.8400    295.662    289.938    -0.1366     4.6252     0.0830     0.0830     0.0548     0.0195      57388    39.8521     100.00     2.1566     1.8976          3  0.000e+00
    750.445   79.85994  140.05976    759.857     0.2165     0.2160  29.448175  29.445669    34.8421    34.8394    295.673    290.204    -0.1366     4.6252     0.0830     0.0830     0.0548     0.0195      57389    39.8528     100.00     2.1566     1.8989          3  0.000e+00
    750.313   79.85994  140.05976    759.723     0.2165     0.2158  29.447803  29.445668    34.8417    34.8396    295.886    290.200    -0.1366     4.6252     0.0830     0.0830     0.0548     0.0195      57390    39.8535     100.00     2.1578     1.8989          3  0.000e+00
    750.379   79.85994  140.05976    759.790     0.2163     0.2160  29.448051  29.445785    34.8421    34.8396    295.889    290.201    -0.1366     4.6252     0.0830     0.0830     0.0548     0.0195      57391    39.8542     100.00     2.1578     1.8989          3  0.000e+00
    750.313   79.85994  140.05976    759.723     0.2163     0.2162  29.447803  29.446018    34.8419    34.8396    295.887    290.454    -0.1366     4.6252     0.0830     0.0830     0.0548     0.0195      57392    39.8549     100.00     2.1578     1.9001          3  0.000e+00
