Continuous CTD Data/SBE Stage/nabos_14_01b.ros
* Sea-Bird SBE 9 Data File:
* FileName = D:\CTD\data\HLY2502\raw\NABOS_14_01b.hex
* Software Version Seasave V 7.26.7.110
* Temperature SN = 6954
* Conductivity SN = 2561
* Number of Bytes Per Scan = 37
* Number of Voltage Words = 4
* Number of Scans Averaged by the Deck Unit = 1
* NMEA Latitude = 78 08.58 N
* NMEA Longitude = 172 12.90 W
* NMEA UTC (Time) = Sep 10 2025  03:43:33
* NMEA baud rate = 9600
** Ship: USCG HEALY
** Bot. Depth:  2700
** Cast Number:  01b
** Station Name:  NABOS
** Station Number:  14
** Operator:  STARC
** Lost COM3 comms at 1125m
# nquan = 25
# nvalues = 1123                                  
# units = specified
# name 0 = depSM: Depth [salt water, m]
# name 1 = latitude: Latitude [deg]
# name 2 = longitude: Longitude [deg]
# name 3 = prDM: Pressure, Digiquartz [db]
# name 4 = t090C: Temperature [ITS-90, deg C]
# name 5 = t190C: Temperature, 2 [ITS-90, deg C]
# name 6 = c0mS/cm: Conductivity [mS/cm]
# name 7 = c1mS/cm: Conductivity, 2 [mS/cm]
# name 8 = sal00: Salinity, Practical [PSU]
# name 9 = sal11: Salinity, Practical, 2 [PSU]
# name 10 = sbox0Mm/Kg: Oxygen, SBE 43 [umol/kg]
# name 11 = sbox1Mm/Kg: Oxygen, SBE 43, 2 [umol/kg]
# name 12 = flECO-AFL: Fluorescence, WET Labs ECO-AFL/FL [mg/m^3]
# name 13 = v2: Voltage 2
# name 14 = wetCDOM: Fluorescence, WET Labs CDOM [mg/m^3]
# name 15 = v6: Voltage 6
# name 16 = CStarAt0: Beam Attenuation, WET Labs C-Star [1/m]
# name 17 = v3: Voltage 3
# name 18 = scan: Scan Count
# name 19 = timeM: Time, Elapsed [minutes]
# name 20 = altM: Altimeter [m]
# name 21 = sbeox0V: Oxygen raw, SBE 43 [V]
# name 22 = sbeox1V: Oxygen raw, SBE 43, 2 [V]
# name 23 = nbf: Bottles Fired
# name 24 = flag:  0.000e+00
# interval = seconds: 0.0416667
# start_time = Sep 10 2025 03:43:33 [NMEA time, header]
# bad_flag = -9.990e-29
*END*
[from data line 464]
    129.626   78.14240 -172.18792    131.045    -1.0212    -1.0211  27.652918  27.651308    34.2210    34.2187    281.044    272.165    -0.1366     4.6496     0.0965     0.0965     0.0338     0.0195      75069    52.1306     100.00     2.1412     1.8678         10  0.000e+00
    129.626   78.14240 -172.18792    131.045    -1.0213    -1.0212  27.653221  27.650966    34.2216    34.2183    281.044    271.920    -0.1366     4.6496     0.0965     0.0965     0.0338     0.0195      75070    52.1313     100.00     2.1412     1.8666         10  0.000e+00
    129.626   78.14240 -172.18792    131.045    -1.0210    -1.0212  27.653403  27.651023    34.2214    34.2184    281.250    271.920    -0.1366     4.6496     0.0965     0.0965     0.0338     0.0195      75071    52.1319     100.00     2.1424     1.8666         10  0.000e+00
    129.659   78.14240 -172.18792    131.079    -1.0213    -1.0215  27.653403  27.650852    34.2218    34.2186    281.045    271.924    -0.1366     4.6496     0.0965     0.0965     0.0338     0.0195      75072    52.1326     100.00     2.1412     1.8666         10  0.000e+00
    129.626   78.14240 -172.18792    131.045    -1.0212    -1.0215  27.653161  27.651194    34.2213    34.2190    281.252    271.675    -0.1366     4.6496     0.0965     0.0965     0.0338     0.0195      75073    52.1333     100.00     2.1424     1.8654         10  0.000e+00
    129.626   78.14240 -172.18792    131.045    -1.0213    -1.0217  27.653100  27.651137    34.2214    34.2191    281.045    271.676    -0.1366     4.6496     0.0965     0.0965     0.0338     0.0195      75074    52.1340     100.00     2.1412     1.8654         10  0.000e+00
    129.683   78.14240 -172.18792    131.104    -1.0212    -1.0214  27.653343  27.650682    34.2215    34.2181    281.254    271.431    -0.1366     4.6496     0.0965     0.0965     0.0338     0.0195      75075    52.1347     100.00     2.1424     1.8642         10  0.000e+00
    129.626   78.14240 -172.18792    131.045    -1.0213    -1.0217  27.653161  27.651080    34.2215    34.2190    281.044    271.676    -0.1366     4.6496     0.0965     0.0965     0.0338     0.0195      75076    52.1354     100.00     2.1412     1.8654         10  0.000e+00
    129.626   78.14240 -172.18792    131.045    -1.0213    -1.0217  27.653100  27.651308    34.2213    34.2193    281.253    271.675    -0.1366     4.6496     0.0965     0.0965     0.0338     0.0195      75077    52.1361     100.00     2.1424     1.8654         10  0.000e+00
    129.683   78.14240 -172.18792    131.104    -1.0212    -1.0215  27.653343  27.650910    34.2215    34.2186    281.045    271.678    -0.1366     4.6496     0.0965     0.0965     0.0338     0.0195      75078    52.1368     100.00     2.1412     1.8654         10  0.000e+00
    129.626   78.14240 -172.18792    131.045    -1.0208    -1.0214  27.653403  27.650966    34.2213    34.2185    281.041    271.675    -0.1061     4.6496     0.0965     0.0965     0.0338     0.0208      75079    52.1375     100.00     2.1412     1.8654         10  0.000e+00
    129.626   78.14240 -172.18792    131.045    -1.0213    -1.0214  27.653161  27.651080    34.2215    34.2187    281.044    271.921    -0.1366     4.6496     0.0965     0.0965     0.0338     0.0195      75080    52.1382     100.00     2.1412     1.8666         10  0.000e+00
    129.626   78.14240 -172.18792    131.045    -1.0213    -1.0217  27.653100  27.651080    34.2214    34.2190    281.045    272.169    -0.1366     4.6496     0.0965     0.0965     0.0338     0.0195      75081    52.1389     100.00     2.1412     1.8678         10  0.000e+00
    129.659   78.14240 -172.18792    131.079    -1.0213    -1.0214  27.652918  27.651081    34.2211    34.2187    281.255    272.168    -0.1366     4.6496     0.0965     0.0965     0.0338     0.0195      75082    52.1396     100.00     2.1424     1.8678         10  0.000e+00
    129.626   78.14240 -172.18792    131.045    -1.0212    -1.0212  27.653039  27.651080    34.2211    34.2185    281.252    272.413    -0.1061     4.6496     0.0965     0.0965     0.0338     0.0208      75083    52.1403     100.00     2.1424     1.8691         10  0.000e+00
    129.626   78.14240 -172.18792    131.045    -1.0213    -1.0214  27.653100  27.651080    34.2214    34.2187    281.044    272.414    -0.1061     4.6496     0.0965     0.0965     0.0338     0.0208      75084    52.1410     100.00     2.1411     1.8691         10  0.000e+00
    129.684   78.14240 -172.18792    131.104    -1.0214    -1.0214  27.652918  27.651252    34.2213    34.2189    281.256    272.169    -0.1061     4.6496     0.0965     0.0965     0.0338     0.0208      75085    52.1417     100.00     2.1424     1.8678         10  0.000e+00
    129.626   78.14240 -172.18792    131.045    -1.0213    -1.0215  27.653039  27.650966    34.2213    34.2187    281.045    272.169    -0.1061     4.6496     0.0965     0.0965     0.0338     0.0208      75086    52.1424     100.00     2.1411     1.8678         10  0.000e+00
    129.626   78.14240 -172.18792    131.045    -1.0214    -1.0214  27.653100  27.651023    34.2215    34.2186    281.045    272.167    -0.1366     4.6496     0.0928     0.0928     0.0338     0.0195      75087    52.1431     100.00     2.1411     1.8678         10  0.000e+00
    129.684   78.14240 -172.18790    131.104    -1.0214    -1.0217  27.653100  27.651252    34.2215    34.2192    281.047    272.170    -0.1061     4.6496     0.0928     0.0928     0.0338     0.0208      75088    52.1437     100.00     2.1411     1.8678         10  0.000e+00
    129.626   78.14240 -172.18790    131.045    -1.0212    -1.0212  27.652918  27.651137    34.2210    34.2186    281.044    272.166    -0.1366     4.6496     0.0916     0.0916     0.0338     0.0195      75089    52.1444     100.00     2.1411     1.8678         10  0.000e+00
    129.626   78.14240 -172.18790    131.045    -1.0213    -1.0214  27.653221  27.651251    34.2215    34.2189    281.044    271.920    -0.1366     4.6484     0.0916     0.0916     0.0348     0.0195      75090    52.1451     100.00     2.1411     1.8666         10  0.000e+00
    129.684   78.14240 -172.18790    131.104    -1.0213    -1.0214  27.653161  27.651480    34.2215    34.2192    281.255    271.922    -0.1061     4.6496     0.0916     0.0916     0.0338     0.0208      75091    52.1458     100.00     2.1424     1.8666         10  0.000e+00
    129.659   78.14240 -172.18790    131.079    -1.0213    -1.0212  27.653100  27.651366    34.2214    34.2189    281.254    271.673    -0.1366     4.6496     0.0916     0.0916     0.0338     0.0195      75092    52.1465     100.00     2.1424     1.8654         10  0.000e+00
    129.626   78.14240 -172.18790    131.046    -1.0212    -1.0212  27.653100  27.651137    34.2212    34.2186    281.043    271.673    -0.1366     4.6496     0.0916     0.0916     0.0338     0.0195      75093    52.1472     100.00     2.1411     1.8654         10  0.000e+00
    129.626   78.14240 -172.18790    131.046    -1.0213    -1.0214  27.653100  27.651251    34.2214    34.2189    281.044    271.920    -0.1366     4.6496     0.0916     0.0916     0.0338     0.0195      75094    52.1479     100.00     2.1411     1.8666         10  0.000e+00
    114.719   78.14246 -172.18700    115.971    -1.0919    -1.0918  27.462738  27.460475    34.0510    34.0478    270.358    261.417    -0.0755     4.6398     0.0977     0.0977     0.0422     0.0220      77142    53.5701     100.00     2.0761     1.8127         11  0.000e+00
    114.784   78.14246 -172.18700    116.037    -1.0918    -1.0918  27.462557  27.460191    34.0507    34.0474    270.361    261.420    -0.1061     4.6386     0.0977     0.0977     0.0432     0.0208      77143    53.5708     100.00     2.0761     1.8127         11  0.000e+00
    114.743   78.14246 -172.18700    115.996    -1.0918    -1.0918  27.462738  27.460248    34.0509    34.0475    270.359    261.418    -0.1061     4.6398     0.0977     0.0977     0.0422     0.0208      77144    53.5715     100.00     2.0761     1.8127         11  0.000e+00
    114.719   78.14246 -172.18700    115.971    -1.0916    -1.0920  27.462557  27.460305    34.0505    34.0478    270.149    261.418    -0.0755     4.6398     0.0977     0.0977     0.0422     0.0220      77145    53.5722     100.00     2.0749     1.8127         11  0.000e+00
    114.809   78.14246 -172.18700    116.062    -1.0919    -1.0921  27.462497  27.460305    34.0506    34.0479    270.362    261.669    -0.0755     4.6398     0.0977     0.0977     0.0422     0.0220      77146    53.5729     100.00     2.0761     1.8139         11  0.000e+00
    114.719   78.14246 -172.18700    115.971    -1.0918    -1.0918  27.462497  27.460475    34.0506    34.0478    270.358    261.664    -0.1061     4.6398     0.0977     0.0977     0.0422     0.0208      77147    53.5736     100.00     2.0761     1.8139         11  0.000e+00
    114.719   78.14246 -172.18700    115.971    -1.0921    -1.0918  27.462073  27.460361    34.0504    34.0477    270.153    261.911    -0.0755     4.6398     0.0977     0.0977     0.0422     0.0220      77148    53.5743     100.00     2.0749     1.8151         11  0.000e+00
    114.743   78.14246 -172.18700    115.996    -1.0923    -1.0917  27.461348  27.460475    34.0496    34.0477    270.365    261.911    -0.1061     4.6398     0.0977     0.0977     0.0422     0.0208      77149    53.5750     100.00     2.0761     1.8151         11  0.000e+00
    114.784   78.14246 -172.18700    116.037    -1.0924    -1.0912  27.461227  27.460760    34.0495    34.0475    270.368    262.402    -0.0755     4.6398     0.0977     0.0977     0.0422     0.0220      77150    53.5757     100.00     2.0761     1.8175         11  0.000e+00
    114.743   78.14246 -172.18700    115.996    -1.0926    -1.0913  27.460743  27.460873    34.0491    34.0478    270.369    262.154    -0.0755     4.6398     0.0977     0.0977     0.0422     0.0220      77151    53.5764     100.00     2.0761     1.8163         11  0.000e+00
    114.719   78.14246 -172.18700    115.971    -1.0928    -1.0912  27.460804  27.460873    34.0494    34.0477    270.368    262.153    -0.1061     4.6398     0.0977     0.0977     0.0422     0.0208      77152    53.5771     100.00     2.0761     1.8163         11  0.000e+00
    114.719   78.14246 -172.18698    115.971    -1.0928    -1.0909  27.460683  27.461044    34.0493    34.0476    270.369    262.397    -0.1061     4.6398     0.0977     0.0977     0.0422     0.0208      77153    53.5778     100.00     2.0761     1.8175         11  0.000e+00
    114.809   78.14246 -172.18698    116.062    -1.0926    -1.0909  27.460985  27.461101    34.0494    34.0476    269.953    262.401    -0.1061     4.6398     0.0977     0.0977     0.0422     0.0208      77154    53.5785     100.00     2.0737     1.8175         11  0.000e+00
    114.719   78.14246 -172.18698    115.971    -1.0926    -1.0911  27.461469  27.460930    34.0501    34.0476    270.157    262.646    -0.1061     4.6398     0.0977     0.0977     0.0422     0.0208      77155    53.5792     100.00     2.0749     1.8188         11  0.000e+00
    114.743   78.14246 -172.18698    115.996    -1.0923    -1.0909  27.461408  27.461044    34.0497    34.0476    270.156    262.892    -0.0755     4.6386     0.0977     0.0977     0.0432     0.0220      77156    53.5799     100.00     2.0749     1.8200         11  0.000e+00
    114.784   78.14246 -172.18698    116.037    -1.0926    -1.0911  27.461771  27.460930    34.0505    34.0476    270.158    262.895    -0.1061     4.6386     0.0977     0.0977     0.0432     0.0208      77157    53.5806     100.00     2.0749     1.8200         11  0.000e+00
    114.719   78.14246 -172.18698    115.971    -1.0921    -1.0910  27.462134  27.460873    34.0505    34.0475    270.361    263.139    -0.0755     4.6386     0.0977     0.0977     0.0432     0.0220      77158    53.5812     100.00     2.0761     1.8212         11  0.000e+00
    114.743   78.14246 -172.18698    115.996    -1.0921    -1.0914  27.462436  27.460646    34.0509    34.0476    270.152    263.389    -0.1061     4.6386     0.0977     0.0977     0.0432     0.0208      77159    53.5819     100.00     2.0749     1.8224         11  0.000e+00
    114.719   78.14246 -172.18698    115.971    -1.0920    -1.0915  27.462315  27.460760    34.0506    34.0479    270.360    263.142    -0.0755     4.6386     0.0977     0.0977     0.0432     0.0220      77160    53.5826     100.00     2.0761     1.8212         11  0.000e+00
    114.809   78.14246 -172.18698    116.062    -1.0920    -1.0915  27.462074  27.460873    34.0502    34.0480    270.155    263.392    -0.1061     4.6386     0.0977     0.0977     0.0432     0.0208      77161    53.5833     100.00     2.0749     1.8224         11  0.000e+00
    114.719   78.14246 -172.18698    115.971    -1.0920    -1.0915  27.462376  27.460646    34.0506    34.0477    270.359    263.142    -0.0755     4.6386     0.0977     0.0977     0.0432     0.0220      77162    53.5840     100.00     2.0761     1.8212         11  0.000e+00
    114.719   78.14246 -172.18698    115.971    -1.0917    -1.0915  27.462497  27.460760    34.0505    34.0479    270.149    263.142    -0.1061     4.6386     0.0977     0.0977     0.0432     0.0208      77163    53.5847     100.00     2.0749     1.8212         11  0.000e+00
    114.743   78.14246 -172.18698    115.996    -1.0918    -1.0915  27.462859  27.460646    34.0511    34.0477    270.149    263.143    -0.0755     4.6386     0.0977     0.0977     0.0432     0.0220      77164    53.5854     100.00     2.0749     1.8212         11  0.000e+00
    114.784   78.14246 -172.18698    116.037    -1.0915    -1.0918  27.463041  27.460760    34.0510    34.0482    270.357    263.146    -0.0755     4.6398     0.0989     0.0989     0.0422     0.0220      77165    53.5861     100.00     2.0761     1.8212         11  0.000e+00
    114.743   78.14246 -172.18698    115.996    -1.0916    -1.0915  27.463585  27.460646    34.0519    34.0477    270.146    262.649    -0.1061     4.6386     0.0989     0.0989     0.0432     0.0208      77166    53.5868     100.00     2.0749     1.8188         11  0.000e+00
    114.719   78.14246 -172.18698    115.971    -1.0915    -1.0915  27.463464  27.460930    34.0516    34.0481    270.145    262.648    -0.0755     4.6386     0.0989     0.0989     0.0432     0.0220      77167    53.5875     100.00     2.0749     1.8188         11  0.000e+00
    114.784   78.14246 -172.18698    116.037    -1.0915    -1.0914  27.463706  27.461101    34.0519    34.0482    270.355    262.402    -0.0755     4.6386     0.0989     0.0989     0.0432     0.0220      77168    53.5882     100.00     2.0761     1.8175         11  0.000e+00
    114.686   78.14246 -172.18698    115.937    -1.0912    -1.0915  27.463827  27.460930    34.0518    34.0481    270.349    262.400    -0.1061     4.6386     0.0989     0.0989     0.0432     0.0208      77169    53.5889     100.00     2.0761     1.8175         11  0.000e+00
    114.784   78.14246 -172.18698    116.037    -1.0912    -1.0915  27.464008  27.460873    34.0520    34.0480    270.144    262.897    -0.1061     4.6386     0.0989     0.0989     0.0432     0.0208      77170    53.5896     100.00     2.0749     1.8200         11  0.000e+00
    114.743   78.14246 -172.18698    115.996    -1.0914    -1.0915  27.463645  27.460703    34.0517    34.0478    270.144    262.896    -0.1061     4.6386     0.0989     0.0989     0.0432     0.0208      77171    53.5903     100.00     2.0749     1.8200         11  0.000e+00
    114.719   78.14246 -172.18698    115.971    -1.0912    -1.0917  27.463766  27.460987    34.0517    34.0484    270.351    262.895    -0.0755     4.6398     0.0989     0.0989     0.0422     0.0220      77172    53.5910     100.00     2.0761     1.8200         11  0.000e+00
