Continuous CTD Data/SBE Stage/nabos_31_01.ros
* Sea-Bird SBE 9 Data File:
* FileName = D:\CTD\data\HLY2502\raw\NABOS_31_01.hex
* Software Version Seasave V 7.26.7.110
* Temperature SN = 6954
* Conductivity SN = 2561
* Number of Bytes Per Scan = 37
* Number of Voltage Words = 4
* Number of Scans Averaged by the Deck Unit = 1
* NMEA Latitude = 80 11.59 N
* NMEA Longitude = 144 51.86 E
* NMEA UTC (Time) = Sep 23 2025  02:41:26
* NMEA baud rate = 9600
** Ship: USCG HEALY
** Bot. Depth:  1500
** Cast Number:  01
** Station Name:  NABOS
** Station Number:  31
** Operator:  STARC
** Cast to 1200 m
# nquan = 25
# nvalues = 1176                                  
# units = specified
# name 0 = depSM: Depth [salt water, m]
# name 1 = latitude: Latitude [deg]
# name 2 = longitude: Longitude [deg]
# name 3 = prDM: Pressure, Digiquartz [db]
# name 4 = t090C: Temperature [ITS-90, deg C]
# name 5 = t190C: Temperature, 2 [ITS-90, deg C]
# name 6 = c0mS/cm: Conductivity [mS/cm]
# name 7 = c1mS/cm: Conductivity, 2 [mS/cm]
# name 8 = sal00: Salinity, Practical [PSU]
# name 9 = sal11: Salinity, Practical, 2 [PSU]
# name 10 = sbox0Mm/Kg: Oxygen, SBE 43 [umol/kg]
# name 11 = sbox1Mm/Kg: Oxygen, SBE 43, 2 [umol/kg]
# name 12 = flECO-AFL: Fluorescence, WET Labs ECO-AFL/FL [mg/m^3]
# name 13 = v2: Voltage 2
# name 14 = wetCDOM: Fluorescence, WET Labs CDOM [mg/m^3]
# name 15 = v6: Voltage 6
# name 16 = CStarAt0: Beam Attenuation, WET Labs C-Star [1/m]
# name 17 = v3: Voltage 3
# name 18 = scan: Scan Count
# name 19 = timeM: Time, Elapsed [minutes]
# name 20 = altM: Altimeter [m]
# name 21 = sbeox0V: Oxygen raw, SBE 43 [V]
# name 22 = sbeox1V: Oxygen raw, SBE 43, 2 [V]
# name 23 = nbf: Bottles Fired
# name 24 = flag:  0.000e+00
# interval = seconds: 0.0416667
# start_time = Sep 23 2025 02:41:26 [NMEA time, header]
# bad_flag = -9.990e-29
*END*
[from data line 986]
     20.070   80.19898  144.78876     20.286    -1.4880    -1.4963  25.928640  25.929739    32.4473    32.4578    351.807    343.739     0.2297     4.5604     0.1221     0.1221     0.1112     0.0342     110733    76.8972     100.00     2.5287     2.1996         21  0.000e+00
     20.070   80.19898  144.78876     20.286    -1.4888    -1.4962  25.928522  25.929516    32.4480    32.4574    351.814    343.740     0.2297     4.5604     0.1221     0.1221     0.1112     0.0342     110734    76.8979     100.00     2.5287     2.1996         21  0.000e+00
     20.079   80.19898  144.78876     20.295    -1.4891    -1.4961  25.928462  25.929628    32.4482    32.4574    351.816    343.489     0.2297     4.5617     0.1221     0.1221     0.1102     0.0342     110735    76.8986     100.00     2.5287     2.1984         21  0.000e+00
     20.128   80.19898  144.78876     20.344    -1.4896    -1.4955  25.928818  25.929349    32.4492    32.4564    351.821    343.738     0.2297     4.5604     0.1233     0.1233     0.1112     0.0342     110736    76.8993     100.00     2.5287     2.1996         21  0.000e+00
     20.070   80.19898  144.78876     20.286    -1.4906    -1.4952  25.928936  25.929071    32.4505    32.4557    351.826    343.734     0.2297     4.5604     0.1233     0.1233     0.1112     0.0342     110737    76.9000     100.00     2.5287     2.1996         21  0.000e+00
     20.070   80.19898  144.78876     20.286    -1.4920    -1.4950  25.929469  25.929349    32.4528    32.4559    351.835    343.731     0.2297     4.5617     0.1233     0.1233     0.1102     0.0342     110738    76.9007     100.00     2.5287     2.1996         21  0.000e+00
     20.079   80.19898  144.78876     20.295    -1.4926    -1.4949  25.929884  25.929294    32.4540    32.4557    352.049    343.481     0.2297     4.5617     0.1233     0.1233     0.1102     0.0342     110739    76.9014     100.00     2.5300     2.1984         21  0.000e+00
     20.128   80.19898  144.78876     20.344    -1.4924    -1.4947  25.929765  25.929071    32.4536    32.4551    351.840    343.483     0.2297     4.5617     0.1221     0.1221     0.1102     0.0342     110740    76.9021     100.00     2.5287     2.1984         21  0.000e+00
     20.070   80.19898  144.78876     20.286    -1.4928    -1.4944  25.930061  25.928569    32.4545    32.4541    351.628    343.480     0.2297     4.5617     0.1233     0.1233     0.1102     0.0342     110741    76.9028     100.00     2.5275     2.1984         21  0.000e+00
     20.079   80.19898  144.78876     20.295    -1.4926    -1.4936  25.930002  25.928458    32.4542    32.4531    351.838    343.725     0.2297     4.5604     0.1221     0.1221     0.1112     0.0342     110742    76.9035     100.00     2.5287     2.1996         21  0.000e+00
     20.128   80.19898  144.78876     20.344    -1.4927    -1.4927  25.929943  25.928068    32.4541    32.4516    351.630    343.722     0.2297     4.5617     0.1233     0.1233     0.1102     0.0342     110743    76.9042     100.00     2.5275     2.1996         21  0.000e+00
     20.070   80.19898  144.78876     20.286    -1.4928    -1.4900  25.929765  25.927010    32.4540    32.4472    351.839    343.952     0.2297     4.5617     0.1233     0.1233     0.1102     0.0342     110744    76.9049     100.00     2.5287     2.2009         21  0.000e+00
     20.070   80.19898  144.78876     20.286    -1.4925    -1.4876  25.929528  25.925562    32.4534    32.4426    351.838    343.690     0.2297     4.5617     0.1221     0.1221     0.1102     0.0342     110745    76.9056     100.00     2.5287     2.1996         21  0.000e+00
     20.079   80.19900  144.78874     20.294    -1.4922    -1.4860  25.929647  25.925005    32.4532    32.4400    351.835    343.680     0.2297     4.5617     0.1233     0.1233     0.1102     0.0342     110746    76.9063     100.00     2.5287     2.1996         21  0.000e+00
     20.070   80.19900  144.78874     20.286    -1.4919    -1.4851  25.929706  25.924392    32.4530    32.4383    351.833    343.675     0.2297     4.5617     0.1221     0.1221     0.1102     0.0342     110747    76.9069     100.00     2.5287     2.1996         21  0.000e+00
     20.128   80.19900  144.78874     20.344    -1.4923    -1.4846  25.930061  25.922888    32.4539    32.4357    352.048    343.680     0.2297     4.5629     0.1233     0.1233     0.1091     0.0342     110748    76.9076     100.00     2.5300     2.1996         21  0.000e+00
     20.070   80.19900  144.78874     20.286    -1.4927    -1.4835  25.930180  25.921719    32.4545    32.4328    351.837    343.673     0.2297     4.5629     0.1221     0.1221     0.1091     0.0342     110749    76.9083     100.00     2.5287     2.1996         21  0.000e+00
     20.144   80.19900  144.78874     20.361    -1.4932    -1.4831  25.930180  25.920828    32.4550    32.4311    351.845    343.677     0.2297     4.5629     0.1221     0.1221     0.1091     0.0342     110750    76.9090     100.00     2.5287     2.1996         21  0.000e+00
     20.070   80.19900  144.78874     20.286    -1.4932    -1.4821  25.930002  25.920159    32.4548    32.4292    351.842    343.419     0.2297     4.5629     0.1233     0.1233     0.1091     0.0342     110751    76.9097     100.00     2.5287     2.1984         21  0.000e+00
     20.070   80.19900  144.78874     20.286    -1.4936    -1.4808  25.930121  25.918990    32.4554    32.4261    351.844    343.413     0.2297     4.5629     0.1233     0.1233     0.1091     0.0342     110752    76.9104     100.00     2.5287     2.1984         21  0.000e+00
     20.079   80.19900  144.78874     20.294    -1.4931    -1.4807  25.929410  25.919547    32.4538    32.4268    351.843    343.411     0.2297     4.5629     0.1233     0.1233     0.1091     0.0342     110753    76.9111     100.00     2.5287     2.1984         21  0.000e+00
     20.128   80.19900  144.78874     20.344    -1.4930    -1.4813  25.929173  25.920883    32.4534    32.4292    351.846    343.163     0.2297     4.5629     0.1221     0.1221     0.1091     0.0342     110754    76.9118     100.00     2.5287     2.1972         21  0.000e+00
     20.070   80.19900  144.78874     20.286    -1.4922    -1.4816  25.927634  25.922275    32.4504    32.4316    351.843    342.908     0.1992     4.5629     0.1221     0.1221     0.1091     0.0330     110755    76.9125     100.00     2.5287     2.1960         21  0.000e+00
     20.070   80.19900  144.78874     20.286    -1.4901    -1.4833  25.924081  25.924002    32.4433    32.4358    351.840    342.914     0.1992     4.5629     0.1233     0.1233     0.1091     0.0330     110756    76.9132     100.00     2.5287     2.1960         21  0.000e+00
     20.079   80.19900  144.78874     20.294    -1.4876    -1.4851  25.922601  25.925784    32.4385    32.4401    351.616    342.671     0.1992     4.5629     0.1221     0.1221     0.1091     0.0330     110757    76.9139     100.00     2.5275     2.1948         21  0.000e+00
     20.128   80.19900  144.78874     20.344    -1.4860    -1.4873  25.921416  25.926564    32.4352    32.4436    351.611    342.687     0.1992     4.5629     0.1233     0.1233     0.1091     0.0330     110758    76.9146     100.00     2.5275     2.1948         21  0.000e+00
     20.070   80.19900  144.78874     20.286    -1.4845    -1.4893  25.920587  25.927065    32.4323    32.4466    351.599    342.449     0.2297     4.5629     0.1221     0.1221     0.1091     0.0342     110759    76.9153     100.00     2.5275     2.1935         21  0.000e+00
     20.070   80.19900  144.78874     20.286    -1.4832    -1.4907  25.919995  25.927567    32.4302    32.4488    351.803    342.457     0.1992     4.5629     0.1233     0.1233     0.1091     0.0330     110760    76.9160     100.00     2.5287     2.1935         21  0.000e+00
     20.079   80.19900  144.78874     20.294    -1.4822    -1.4920  25.917390  25.927567    32.4254    32.4501    351.594    342.467     0.1992     4.5629     0.1233     0.1233     0.1091     0.0330     110761    76.9167     100.00     2.5275     2.1935         21  0.000e+00
     20.128   80.19900  144.78874     20.344    -1.4793    -1.4923  25.914312  25.927678    32.4180    32.4506    351.586    342.471     0.1992     4.5629     0.1233     0.1233     0.1091     0.0330     110762    76.9174     100.00     2.5275     2.1935         21  0.000e+00
     20.070   80.19900  144.78874     20.286    -1.4777    -1.4926  25.912476  25.927567    32.4138    32.4508    351.578    342.471     0.1992     4.5629     0.1221     0.1221     0.1091     0.0330     110763    76.9181     100.00     2.5275     2.1935         21  0.000e+00
     20.144   80.19900  144.78874     20.361    -1.4775    -1.4924  25.911352  25.928013    32.4120    32.4512    351.795    342.721     0.1992     4.5629     0.1233     0.1233     0.1091     0.0330     110764    76.9188     100.00     2.5287     2.1948         21  0.000e+00
     20.070   80.19900  144.78874     20.286    -1.4763    -1.4927  25.909931  25.928012    32.4088    32.4515    351.578    342.720     0.1992     4.5629     0.1221     0.1221     0.1091     0.0330     110765    76.9194     100.00     2.5275     2.1948         21  0.000e+00
     20.128   80.19900  144.78874     20.344    -1.4760    -1.4929  25.908451  25.928124    32.4064    32.4518    351.583    342.723     0.1992     4.5617     0.1233     0.1233     0.1102     0.0330     110766    76.9201     100.00     2.5275     2.1948         21  0.000e+00
     20.070   80.19900  144.78874     20.286    -1.4757    -1.4929  25.909339  25.928235    32.4074    32.4520    351.575    342.720     0.1992     4.5617     0.1233     0.1233     0.1102     0.0330     110767    76.9208     100.00     2.5275     2.1948         21  0.000e+00
     20.079   80.19900  144.78874     20.294    -1.4769    -1.4924  25.912831  25.928068    32.4134    32.4513    351.571    342.718     0.1992     4.5617     0.1221     0.1221     0.1102     0.0330     110768    76.9215     100.00     2.5275     2.1948         21  0.000e+00
     20.070   80.19900  144.78874     20.286    -1.4785    -1.4921  25.915140  25.928179    32.4184    32.4511    351.785    342.715     0.1992     4.5617     0.1233     0.1233     0.1102     0.0330     110769    76.9222     100.00     2.5287     2.1948         21  0.000e+00
     20.128   80.19900  144.78874     20.344    -1.4788    -1.4920  25.915022  25.928402    32.4184    32.4512    351.579    342.965     0.1992     4.5617     0.1221     0.1221     0.1102     0.0330     110770    76.9229     100.00     2.5275     2.1960         21  0.000e+00
     20.128   80.19900  144.78874     20.344    -1.4782    -1.4923  25.913720  25.928291    32.4160    32.4514    351.791    342.968     0.1992     4.5617     0.1233     0.1233     0.1102     0.0330     110771    76.9236     100.00     2.5287     2.1960         21  0.000e+00
     20.021   80.19900  144.78874     20.236    -1.4782    -1.4918  25.914430  25.928012    32.4171    32.4506    351.572    343.210     0.1992     4.5617     0.1221     0.1221     0.1102     0.0330     110772    76.9243     100.00     2.5275     2.1972         21  0.000e+00
     20.128   80.19900  144.78874     20.344    -1.4802    -1.4916  25.918397  25.927957    32.4246    32.4502    351.577    343.464     0.2297     4.5617     0.1233     0.1233     0.1102     0.0342     110773    76.9250     100.00     2.5275     2.1984         21  0.000e+00
     20.070   80.19900  144.78874     20.286    -1.4822    -1.4911  25.922659  25.927957    32.4327    32.4497    351.574    343.706     0.1992     4.5617     0.1233     0.1233     0.1102     0.0330     110774    76.9257     100.00     2.5275     2.1996         21  0.000e+00
     20.021   80.19900  144.78874     20.236    -1.4839    -1.4910  25.925146  25.928123    32.4380    32.4499    351.364    343.703     0.1992     4.5617     0.1233     0.1233     0.1102     0.0330     110775    76.9264     100.00     2.5263     2.1996         21  0.000e+00
      9.978   80.19912  144.78772     10.085    -1.5346    -1.5341  22.701209  22.700421    28.0952    28.0938    371.968    362.674     0.5350     4.4982     0.1441     0.1441     0.1663     0.0464     112494    78.1201     100.00     2.5725     2.2325         22  0.000e+00
     10.036   80.19912  144.78772     10.143    -1.5345    -1.5342  22.701323  22.700793    28.0953    28.0943    371.752    362.935     0.5350     4.4982     0.1441     0.1441     0.1663     0.0464     112495    78.1208     100.00     2.5713     2.2337         22  0.000e+00
      9.978   80.19912  144.78772     10.085    -1.5344    -1.5341  22.701548  22.700581    28.0956    28.0940    371.966    362.932     0.5655     4.4969     0.1441     0.1441     0.1674     0.0476     112496    78.1215     100.00     2.5725     2.2337         22  0.000e+00
      9.970   80.19912  144.78772     10.077    -1.5345    -1.5342  22.701774  22.700793    28.0960    28.0944    371.965    362.931     0.5655     4.4982     0.1441     0.1441     0.1663     0.0476     112497    78.1222     100.00     2.5725     2.2337         22  0.000e+00
     10.044   80.19912  144.78770     10.152    -1.5344    -1.5342  22.701662  22.700953    28.0957    28.0946    371.968    362.676     0.5655     4.4982     0.1441     0.1441     0.1663     0.0476     112498    78.1229     100.00     2.5725     2.2325         22  0.000e+00
      9.970   80.19912  144.78770     10.077    -1.5347    -1.5341  22.701605  22.700581    28.0959    28.0940    371.748    362.673     0.5655     4.4982     0.1441     0.1441     0.1663     0.0476     112499    78.1236     100.00     2.5713     2.2325         22  0.000e+00
      9.978   80.19912  144.78770     10.085    -1.5343    -1.5342  22.701435  22.700634    28.0953    28.0942    371.747    362.416     0.5960     4.4969     0.1429     0.1429     0.1674     0.0488     112500    78.1243     100.00     2.5713     2.2312         22  0.000e+00
     10.036   80.19912  144.78770     10.143    -1.5344    -1.5344  22.701379  22.700528    28.0953    28.0942    371.969    362.420     0.5655     4.4982     0.1429     0.1429     0.1663     0.0476     112501    78.1250     100.00     2.5725     2.2312         22  0.000e+00
      9.978   80.19912  144.78770     10.085    -1.5343    -1.5344  22.701548  22.700634    28.0955    28.0943    371.964    362.675     0.5960     4.4982     0.1429     0.1429     0.1663     0.0488     112502    78.1257     100.00     2.5725     2.2325         22  0.000e+00
     10.036   80.19912  144.78770     10.143    -1.5343    -1.5342  22.701492  22.700687    28.0953    28.0942    371.967    362.677     0.5655     4.4969     0.1429     0.1429     0.1674     0.0476     112503    78.1264     100.00     2.5725     2.2325         22  0.000e+00
      9.970   80.19912  144.78770     10.077    -1.5347    -1.5344  22.701379  22.700528    28.0956    28.0942    371.968    362.934     0.5960     4.4969     0.1429     0.1429     0.1674     0.0488     112504    78.1271     100.00     2.5725     2.2337         22  0.000e+00
     10.044   80.19912  144.78770     10.152    -1.5344    -1.5345  22.701549  22.700475    28.0956    28.0942    371.969    362.939     0.5655     4.4969     0.1429     0.1429     0.1674     0.0476     112505    78.1278     100.00     2.5725     2.2337         22  0.000e+00
      9.970   80.19912  144.78770     10.077    -1.5345    -1.5344  22.701435  22.700634    28.0955    28.0943    371.748    362.933     0.5655     4.4969     0.1429     0.1429     0.1674     0.0476     112506    78.1285     100.00     2.5713     2.2337         22  0.000e+00
      9.978   80.19912  144.78770     10.085    -1.5345    -1.5344  22.701379  22.700687    28.0954    28.0944    371.967    362.675     0.5655     4.4969     0.1429     0.1429     0.1674     0.0476     112507    78.1292     100.00     2.5725     2.2325         22  0.000e+00
