Continuous CTD Data/SBE Stage/nabos_testcastavg.cnv
* Sea-Bird SBE 9 Data File:
* FileName = D:\CTD\data\HLY2502\raw\NABOS_TestCast.hex
* Software Version Seasave V 7.26.7.110
* Temperature SN = 6954
* Conductivity SN = 2561
* Number of Bytes Per Scan = 37
* Number of Voltage Words = 4
* Number of Scans Averaged by the Deck Unit = 1
* NMEA Latitude = 54 51.60 N
* NMEA Longitude = 155 23.75 W
* NMEA UTC (Time) = Aug 23 2025  00:14:18
* NMEA baud rate = 9600
** Ship: USCG HEALY
** Bot. Depth:  4270
** Cast Number:
** Station Name:  test
** Station Number:
** Operator:  STARC
# nquan = 25
# nvalues = 4275                        
# units = specified
# name 0 = depSM: Depth [salt water, m]
# name 1 = latitude: Latitude [deg]
# name 2 = longitude: Longitude [deg]
# name 3 = prDM: Pressure, Digiquartz [db]
# name 4 = t090C: Temperature [ITS-90, deg C]
# name 5 = t190C: Temperature, 2 [ITS-90, deg C]
# name 6 = c0mS/cm: Conductivity [mS/cm]
# name 7 = c1mS/cm: Conductivity, 2 [mS/cm]
# name 8 = sal00: Salinity, Practical [PSU]
# name 9 = sal11: Salinity, Practical, 2 [PSU]
# name 10 = sbox0Mm/Kg: Oxygen, SBE 43 [umol/kg]
# name 11 = sbox1Mm/Kg: Oxygen, SBE 43, 2 [umol/kg]
# name 12 = flECO-AFL: Fluorescence, WET Labs ECO-AFL/FL [mg/m^3]
# name 13 = v2: Voltage 2
# name 14 = wetCDOM: Fluorescence, WET Labs CDOM [mg/m^3]
# name 15 = v6: Voltage 6
# name 16 = CStarAt0: Beam Attenuation, WET Labs C-Star [1/m]
# name 17 = v3: Voltage 3
# name 18 = scan: Scan Count
# name 19 = timeM: Time, Elapsed [minutes]
# name 20 = altM: Altimeter [m]
# name 21 = sbeox0V: Oxygen raw, SBE 43 [V]
# name 22 = sbeox1V: Oxygen raw, SBE 43, 2 [V]
# name 23 = nbin: number of scans per bin
# name 24 = flag: flag
# span 0 =      7.928,   4201.158       
# span 1 =   54.85482,   54.85952       
# span 2 = -155.42092, -155.39704       
# span 3 =      8.000,   4282.000       
# span 4 =     1.4622,    14.2598       
# span 5 =     1.4622,    14.2415       
# span 6 =  31.200256,  39.328781       
# span 7 =  31.199075,  39.312366       
# span 8 =    32.3563,    34.6871       
# span 9 =    32.3566,    34.6856       
# span 10 =     13.144,    301.692      
# span 11 =      8.141,    307.431      
# span 12 =    -0.1910,     3.1729      
# span 13 =     4.2675,     4.6691      
# span 14 =     0.0753,     0.0941      
# span 15 =     0.0753,     0.0941      
# span 16 =     0.0170,     0.3771      
# span 17 =     0.0174,     0.1519      
# span 18 =       5115,     121429      
# span 19 =     3.5511,    84.3250      
# span 20 =      94.91,     100.00      
# span 21 =     0.5729,     2.7875      
# span 22 =     0.5612,     2.4518      
# span 23 =          4,         29      
# span 24 = 0.0000e+00, 0.0000e+00      
# interval = decibars: 1                
# start_time = Aug 23 2025 00:14:18 [NMEA time, header]
# bad_flag = -9.990e-29
*END*
[from data line 2435]
   2406.997   54.85754 -155.41115   2443.000     1.7013     1.7013  31.260653  31.259339    34.6296    34.6280     82.129     79.980    -0.1341     4.6687     0.0830     0.0830     0.0173     0.0196      69880    48.5272     100.00     0.8788     0.8366         12 0.0000e+00
   2407.976   54.85754 -155.41116   2444.000     1.7012     1.7011  31.260878  31.259615    34.6295    34.6280     82.068     79.830    -0.1345     4.6686     0.0830     0.0830     0.0174     0.0196      69901    48.5415     100.00     0.8785     0.8360         15 0.0000e+00
   2408.956   54.85754 -155.41116   2445.000     1.7012     1.7012  31.261265  31.260054    34.6295    34.6280     82.121     81.344    -0.1351     4.6683     0.0831     0.0831     0.0177     0.0196      69926    48.5594     100.00     0.8787     0.8419         20 0.0000e+00
   2409.936   54.85754 -155.41117   2446.000     1.7000     1.7000  31.260704  31.259565    34.6296    34.6282     82.124     80.164    -0.1350     4.6681     0.0836     0.0836     0.0178     0.0196      69968    48.5880     100.00     0.8786     0.8372         19 0.0000e+00
   2410.916   54.85754 -155.41118   2447.000     1.6991     1.6988  31.260495  31.259161    34.6298    34.6285     82.099     80.216    -0.1367     4.6686     0.0819     0.0819     0.0174     0.0195      69999    48.6094     100.00     0.8785     0.8373         16 0.0000e+00
   2411.895   54.85756 -155.41118   2448.000     1.6976     1.6974  31.259771  31.258617    34.6301    34.6288     82.169     81.891    -0.1366     4.6688     0.0841     0.0841     0.0173     0.0195      70018    48.6230     100.00     0.8787     0.8439         15 0.0000e+00
   2412.875   54.85756 -155.41118   2449.000     1.6972     1.6971  31.259852  31.258847    34.6301    34.6289     82.155     79.684    -0.1366     4.6679     0.0842     0.0842     0.0180     0.0195      70035    48.6347     100.00     0.8786     0.8351         13 0.0000e+00
   2413.854   54.85756 -155.41118   2450.000     1.6972     1.6970  31.260232  31.259069    34.6301    34.6289     82.158     85.559    -0.1366     4.6678     0.0843     0.0843     0.0181     0.0195      70050    48.6452     100.00     0.8786     0.8584         10 0.0000e+00
   2414.834   54.85756 -155.41118   2451.000     1.6968     1.6966  31.260379  31.259164    34.6302    34.6289     82.152     81.931    -0.1366     4.6678     0.0851     0.0851     0.0181     0.0195      70067    48.6567     100.00     0.8785     0.8440         15 0.0000e+00
   2415.814   54.85756 -155.41118   2452.000     1.6964     1.6962  31.260434  31.259178    34.6302    34.6289     82.159     81.091    -0.1366     4.6676     0.0855     0.0855     0.0182     0.0195      70087    48.6709     100.00     0.8784     0.8406         18 0.0000e+00
   2416.793   54.85756 -155.41120   2453.000     1.6961     1.6960  31.260581  31.259391    34.6303    34.6289     82.194     81.017    -0.1354     4.6677     0.0846     0.0846     0.0182     0.0196      70124    48.6965     100.00     0.8786     0.8402         25 0.0000e+00
   2417.773   54.85756 -155.41120   2454.000     1.6959     1.6959  31.261000  31.259780    34.6305    34.6290     82.343     80.935    -0.1366     4.6681     0.0842     0.0842     0.0178     0.0195      70156    48.7185     100.00     0.8792     0.8399         18 0.0000e+00
   2418.752   54.85756 -155.41120   2455.000     1.6960     1.6960  31.261401  31.260317    34.6304    34.6291     82.336     80.635    -0.1348     4.6677     0.0842     0.0842     0.0182     0.0196      70178    48.7341     100.00     0.8791     0.8387         17 0.0000e+00
   2419.732   54.85756 -155.41120   2456.000     1.6963     1.6961  31.262023  31.260815    34.6304    34.6291     82.464     80.843    -0.1367     4.6678     0.0838     0.0838     0.0181     0.0195      70197    48.7475     100.00     0.8797     0.8394         13 0.0000e+00
   2420.712   54.85756 -155.41120   2457.000     1.6960     1.6960  31.262271  31.261033    34.6305    34.6291     82.469     80.898    -0.1282     4.6674     0.0831     0.0831     0.0185     0.0199      70218    48.7616     100.00     0.8797     0.8396         15 0.0000e+00
   2421.691   54.85756 -155.41122   2458.000     1.6958     1.6956  31.262376  31.261322    34.6304    34.6293     82.511     81.190    -0.1349     4.6669     0.0855     0.0855     0.0189     0.0196      70242    48.7788     100.00     0.8798     0.8408         17 0.0000e+00
   2422.671   54.85756 -155.41122   2459.000     1.6954     1.6954  31.262651  31.261407    34.6306    34.6291     82.558     81.169    -0.1334     4.6678     0.0847     0.0847     0.0181     0.0196      70274    48.8009     100.00     0.8800     0.8406         19 0.0000e+00
   2423.651   54.85756 -155.41122   2460.000     1.6957     1.6957  31.263228  31.262039    34.6306    34.6292     82.668     81.336    -0.1346     4.6679     0.0855     0.0855     0.0180     0.0196      70303    48.8208     100.00     0.8804     0.8412         15 0.0000e+00
   2424.630   54.85756 -155.41122   2461.000     1.6957     1.6957  31.263699  31.262492    34.6307    34.6292     82.724     80.973    -0.1365     4.6679     0.0855     0.0855     0.0180     0.0195      70325    48.8362     100.00     0.8806     0.8397         14 0.0000e+00
   2425.610   54.85756 -155.41123   2462.000     1.6958     1.6956  31.264071  31.262851    34.6306    34.6293     82.821     81.262    -0.1366     4.6678     0.0832     0.0832     0.0181     0.0195      70345    48.8502     100.00     0.8810     0.8409         13 0.0000e+00
   2426.589   54.85756 -155.41124   2463.000     1.6957     1.6954  31.264430  31.263139    34.6307    34.6293     82.834     81.165    -0.1586     4.6675     0.0830     0.0830     0.0184     0.0186      70364    48.8632     100.00     0.8810     0.8404         11 0.0000e+00
   2427.569   54.85756 -155.41124   2464.000     1.6953     1.6951  31.264443  31.263237    34.6306    34.6293     82.945     81.211    -0.1520     4.6681     0.0830     0.0830     0.0178     0.0189      70384    48.8773     100.00     0.8815     0.8406         16 0.0000e+00
   2428.548   54.85756 -155.41124   2465.000     1.6949     1.6948  31.264719  31.263498    34.6309    34.6295     82.913     78.379    -0.1323     4.6682     0.0831     0.0831     0.0178     0.0197      70408    48.8935     100.00     0.8813     0.8293         13 0.0000e+00
   2429.528   54.85756 -155.41124   2466.000     1.6945     1.6944  31.264652  31.263518    34.6308    34.6294     82.937     82.019    -0.1369     4.6652     0.0843     0.0843     0.0203     0.0195      70437    48.9137     100.00     0.8814     0.8437         14 0.0000e+00
   2430.507   54.85756 -155.41126   2467.000     1.6939     1.6938  31.264782  31.263506    34.6310    34.6296     83.015     80.231    -0.1366     4.6681     0.0847     0.0847     0.0178     0.0195      70470    48.9368     100.00     0.8817     0.8365         18 0.0000e+00
   2431.487   54.85756 -155.41126   2468.000     1.6931     1.6930  31.264498  31.263327    34.6312    34.6298     83.080     82.128    -0.1345     4.6679     0.0852     0.0852     0.0180     0.0196      70497    48.9558     100.00     0.8819     0.8440         15 0.0000e+00
   2432.466   54.85756 -155.41126   2469.000     1.6928     1.6927  31.264748  31.263580    34.6312    34.6299     83.125     81.363    -0.1343     4.6677     0.0842     0.0842     0.0182     0.0196      70520    48.9718     100.00     0.8821     0.8409         13 0.0000e+00
   2433.446   54.85756 -155.41126   2470.000     1.6928     1.6926  31.265176  31.263910    34.6314    34.6299     83.039     86.077    -0.1367     4.6681     0.0842     0.0842     0.0179     0.0195      70542    48.9865     100.00     0.8817     0.8596         14 0.0000e+00
   2434.426   54.85756 -155.41126   2471.000     1.6928     1.6928  31.265624  31.264489    34.6314    34.6300     83.169     83.014    -0.1366     4.6681     0.0842     0.0842     0.0178     0.0195      70562    49.0005     100.00     0.8822     0.8474         12 0.0000e+00
   2435.405   54.85756 -155.41126   2472.000     1.6927     1.6925  31.265773  31.264649    34.6312    34.6300     83.179     80.113    -0.1345     4.6679     0.0842     0.0842     0.0180     0.0196      70583    49.0152     100.00     0.8822     0.8358         14 0.0000e+00
   2436.385   54.85756 -155.41127   2473.000     1.6917     1.6916  31.265551  31.264377    34.6315    34.6302     83.231     79.074    -0.1366     4.6679     0.0842     0.0842     0.0180     0.0195      70605    49.0302     100.00     0.8824     0.8317         14 0.0000e+00
   2437.364   54.85756 -155.41128   2474.000     1.6907     1.6904  31.265097  31.263990    34.6316    34.6305     83.341     84.839    -0.1441     4.6681     0.0842     0.0842     0.0178     0.0192      70627    49.0458     100.00     0.8829     0.8545         12 0.0000e+00
   2438.344   54.85756 -155.41128   2475.000     1.6893     1.6892  31.264602  31.263300    34.6320    34.6305     83.466     80.383    -0.1643     4.6687     0.0831     0.0831     0.0173     0.0184      70651    49.0624     100.00     0.8834     0.8368         12 0.0000e+00
   2439.323   54.85756 -155.41128   2476.000     1.6888     1.6887  31.264567  31.263330    34.6320    34.6305     83.566     82.471    -0.1357     4.6687     0.0841     0.0841     0.0173     0.0195      70678    49.0810     100.00     0.8838     0.8450         15 0.0000e+00
   2440.303   54.85756 -155.41129   2477.000     1.6885     1.6885  31.264819  31.263627    34.6321    34.6306     83.652     81.696    -0.1365     4.6689     0.0852     0.0852     0.0172     0.0195      70707    49.1013     100.00     0.8841     0.8419         13 0.0000e+00
   2441.282   54.85756 -155.41130   2478.000     1.6882     1.6879  31.264977  31.263643    34.6322    34.6308     83.773     80.584    -0.1366     4.6688     0.0830     0.0830     0.0173     0.0195      70735    49.1211     100.00     0.8846     0.8374         14 0.0000e+00
   2442.262   54.85756 -155.41130   2479.000     1.6880     1.6879  31.265130  31.263925    34.6321    34.6308     83.809     83.650    -0.1366     4.6688     0.0806     0.0806     0.0173     0.0195      70761    49.1388     100.00     0.8847     0.8495         11 0.0000e+00
   2443.241   54.85756 -155.41130   2480.000     1.6876     1.6875  31.265267  31.264043    34.6323    34.6308     83.879     83.274    -0.1366     4.6686     0.0829     0.0829     0.0174     0.0195      70785    49.1557     100.00     0.8850     0.8480         13 0.0000e+00
   2444.221   54.85756 -155.41130   2481.000     1.6875     1.6873  31.265667  31.264404    34.6324    34.6309     84.073     80.785    -0.1366     4.6686     0.0850     0.0850     0.0174     0.0195      70808    49.1713     100.00     0.8859     0.8381         15 0.0000e+00
   2445.200   54.85756 -155.41130   2482.000     1.6875     1.6874  31.265979  31.264953    34.6323    34.6311     84.106     82.017    -0.1366     4.6686     0.0849     0.0849     0.0174     0.0195      70828    49.1856     100.00     0.8860     0.8429         12 0.0000e+00
   2446.180   54.85756 -155.41130   2483.000     1.6875     1.6874  31.266478  31.265272    34.6323    34.6310     84.141     82.852    -0.1366     4.6689     0.0842     0.0842     0.0172     0.0195      70848    49.1994     100.00     0.8861     0.8462         12 0.0000e+00
   2447.159   54.85756 -155.41131   2484.000     1.6874     1.6873  31.266629  31.265592    34.6322    34.6310     84.170     82.538    -0.1366     4.6683     0.0830     0.0830     0.0176     0.0195      70869    49.2137     100.00     0.8862     0.8449         13 0.0000e+00
   2448.139   54.85756 -155.41132   2485.000     1.6870     1.6867  31.266725  31.265416    34.6323    34.6310     84.307     82.167    -0.1295     4.6687     0.0830     0.0830     0.0173     0.0198      70894    49.2310     100.00     0.8867     0.8434         13 0.0000e+00
   2449.118   54.85756 -155.41132   2486.000     1.6861     1.6860  31.266476  31.265354    34.6324    34.6311     84.331     84.649    -0.1367     4.6683     0.0837     0.0837     0.0177     0.0195      70934    49.2589     100.00     0.8868     0.8531         19 0.0000e+00
   2450.098   54.85756 -155.41132   2487.000     1.6855     1.6855  31.266526  31.265337    34.6326    34.6312     84.416     83.634    -0.1678     4.6690     0.0830     0.0830     0.0171     0.0183      70966    49.2810     100.00     0.8871     0.8490         13 0.0000e+00
   2451.077   54.85756 -155.41132   2488.000     1.6855     1.6854  31.266980  31.265780    34.6327    34.6314     84.379     83.088    -0.1331     4.6691     0.0830     0.0830     0.0170     0.0196      70987    49.2961     100.00     0.8869     0.8468         12 0.0000e+00
   2452.057   54.85756 -155.41132   2489.000     1.6855     1.6852  31.267317  31.266097    34.6327    34.6315     84.435     83.166    -0.1365     4.6690     0.0830     0.0830     0.0171     0.0195      71005    49.3086     100.00     0.8871     0.8471         11 0.0000e+00
   2453.036   54.85756 -155.41134   2490.000     1.6849     1.6847  31.267171  31.266029    34.6327    34.6315     84.475     83.091    -0.1337     4.6673     0.0830     0.0830     0.0186     0.0196      71022    49.3199     100.00     0.8872     0.8468         10 0.0000e+00
   2454.016   54.85756 -155.41134   2491.000     1.6847     1.6847  31.267478  31.266408    34.6329    34.6315     84.514     82.823    -0.1453     4.6679     0.0830     0.0830     0.0181     0.0192      71038    49.3313     100.00     0.8874     0.8457         10 0.0000e+00
   2454.995   54.85756 -155.41134   2492.000     1.6845     1.6846  31.267777  31.266719    34.6329    34.6315     84.518     82.782    -0.1721     4.6689     0.0830     0.0830     0.0172     0.0181      71055    49.3433     100.00     0.8873     0.8455         12 0.0000e+00
   2455.974   54.85756 -155.41134   2493.000     1.6843     1.6843  31.268209  31.266897    34.6331    34.6315     84.561     81.583    -0.1349     4.6688     0.0837     0.0837     0.0173     0.0196      71078    49.3587     100.00     0.8875     0.8407         14 0.0000e+00
   2456.954   54.85756 -155.41135   2494.000     1.6844     1.6844  31.268389  31.267236    34.6328    34.6313     84.642     82.236    -0.1348     4.6686     0.0842     0.0842     0.0174     0.0196      71118    49.3866     100.00     0.8878     0.8432         17 0.0000e+00
   2457.933   54.85756 -155.41136   2495.000     1.6842     1.6841  31.268801  31.267501    34.6330    34.6315     84.604     85.991    -0.1344     4.6684     0.0851     0.0851     0.0176     0.0196      71163    49.4178     100.00     0.8876     0.8580         14 0.0000e+00
   2458.913   54.85756 -155.41136   2496.000     1.6841     1.6840  31.269047  31.267898    34.6330    34.6317     84.718     84.614    -0.1328     4.6690     0.0847     0.0847     0.0171     0.0197      71187    49.4349     100.00     0.8881     0.8525         16 0.0000e+00
   2459.892   54.85756 -155.41136   2497.000     1.6839     1.6838  31.269278  31.268138    34.6330    34.6317     84.819     81.941    -0.1713     4.6688     0.0842     0.0842     0.0172     0.0181      71207    49.4487     100.00     0.8885     0.8419         14 0.0000e+00
   2460.872   54.85756 -155.41136   2498.000     1.6836     1.6835  31.269578  31.268320    34.6332    34.6318     84.882     80.730    -0.1561     4.6689     0.0842     0.0842     0.0172     0.0187      71225    49.4608     100.00     0.8887     0.8371         12 0.0000e+00
   2461.851   54.85756 -155.41136   2499.000     1.6831     1.6828  31.269450  31.268125    34.6331    34.6318     84.848     83.696    -0.1305     4.6688     0.0848     0.0848     0.0173     0.0198      71241    49.4723     100.00     0.8885     0.8488         11 0.0000e+00
