Continuous CTD Data/SBE Stage/nabos_35_01avg.cnv
* Sea-Bird SBE 9 Data File:
* FileName = D:\CTD\data\HLY2502\raw\NABOS_35_01.hex
* Software Version Seasave V 7.26.7.110
* Temperature SN = 6954
* Conductivity SN = 2561
* Number of Bytes Per Scan = 37
* Number of Voltage Words = 4
* Number of Scans Averaged by the Deck Unit = 1
* NMEA Latitude = 79 33.18 N
* NMEA Longitude = 135 18.37 E
* NMEA UTC (Time) = Sep 24 2025  06:03:21
* NMEA baud rate = 9600
** Ship: USCG HEALY
** Bot. Depth:  3187
** Cast Number:  01
** Station Name:  NABOS
** Station Number:  35
** Operator:  STARC
** Cast to 1200 m
# nquan = 25
# nvalues = 1215                        
# units = specified
# name 0 = depSM: Depth [salt water, m]
# name 1 = latitude: Latitude [deg]
# name 2 = longitude: Longitude [deg]
# name 3 = prDM: Pressure, Digiquartz [db]
# name 4 = t090C: Temperature [ITS-90, deg C]
# name 5 = t190C: Temperature, 2 [ITS-90, deg C]
# name 6 = c0mS/cm: Conductivity [mS/cm]
# name 7 = c1mS/cm: Conductivity, 2 [mS/cm]
# name 8 = sal00: Salinity, Practical [PSU]
# name 9 = sal11: Salinity, Practical, 2 [PSU]
# name 10 = sbox0Mm/Kg: Oxygen, SBE 43 [umol/kg]
# name 11 = sbox1Mm/Kg: Oxygen, SBE 43, 2 [umol/kg]
# name 12 = flECO-AFL: Fluorescence, WET Labs ECO-AFL/FL [mg/m^3]
# name 13 = v2: Voltage 2
# name 14 = wetCDOM: Fluorescence, WET Labs CDOM [mg/m^3]
# name 15 = v6: Voltage 6
# name 16 = CStarAt0: Beam Attenuation, WET Labs C-Star [1/m]
# name 17 = v3: Voltage 3
# name 18 = scan: Scan Count
# name 19 = timeM: Time, Elapsed [minutes]
# name 20 = altM: Altimeter [m]
# name 21 = sbeox0V: Oxygen raw, SBE 43 [V]
# name 22 = sbeox1V: Oxygen raw, SBE 43, 2 [V]
# name 23 = nbin: number of scans per bin
# name 24 = flag: flag
# span 0 =      2.968,   1200.628       
# span 1 =   79.55303,   79.55473       
# span 2 =  135.29365,  135.30511       
# span 3 =      3.000,   1217.000       
# span 4 =    -1.8061,     1.6684       
# span 5 =    -1.8057,     1.6684       
# span 6 =  22.534718,  30.450110       
# span 7 =  22.532877,  30.448342       
# span 8 =    27.8492,    34.8780       
# span 9 =    27.8456,    34.8758       
# span 10 =    291.783,    375.714      
# span 11 =    288.282,    368.554      
# span 12 =    -0.1820,     0.5385      
# span 13 =     4.2656,     4.6252      
# span 14 =     0.0805,     0.1394      
# span 15 =     0.0805,     0.1394      
# span 16 =     0.0548,     0.3812      
# span 17 =     0.0177,     0.0465      
# span 18 =       4234,      39352      
# span 19 =     2.9399,    27.3273      
# span 20 =      87.76,     100.03      
# span 21 =     2.0234,     2.6352      
# span 22 =     1.7999,     2.2874      
# span 23 =          5,         26      
# span 24 = 0.0000e+00, 0.0000e+00      
# interval = decibars: 1                
# start_time = Sep 24 2025 06:03:21 [NMEA time, header]
# bad_flag = -9.990e-29
*END*
[from data line 580]
    576.029   79.55366  135.30018    583.000     0.2654     0.2654  29.389111  29.387079    34.8127    34.8101    295.887    291.784    -0.1690     4.6178     0.0835     0.0835     0.0612     0.0182      22075    15.3290     100.00     2.1991     1.9408         12 0.0000e+00
    577.015   79.55366  135.30018    584.000     0.2630     0.2629  29.387589  29.385693    34.8128    34.8104    295.831    292.076    -0.1332     4.6168     0.0830     0.0830     0.0620     0.0196      22099    15.3457     100.00     2.1984     1.9419         14 0.0000e+00
    578.002   79.55366  135.30018    585.000     0.2624     0.2625  29.387496  29.385718    34.8127    34.8104    295.844    292.185    -0.1421     4.6175     0.0833     0.0833     0.0614     0.0193      22122    15.3615     100.00     2.1982     1.9423         10 0.0000e+00
    578.989   79.55366  135.30018    586.000     0.2625     0.2625  29.388038  29.386297    34.8128    34.8105    295.770    291.973    -0.1484     4.6176     0.0841     0.0841     0.0614     0.0190      22147    15.3790     100.00     2.1976     1.9410         12 0.0000e+00
    579.975   79.55366  135.30018    587.000     0.2624     0.2625  29.388464  29.386736    34.8128    34.8105    295.792    291.269    -0.1366     4.6176     0.0842     0.0842     0.0613     0.0195      22172    15.3964     100.00     2.1975     1.9374          8 0.0000e+00
    580.962   79.55366  135.30018    588.000     0.2621     0.2621  29.388571  29.386643    34.8128    34.8103    295.962    291.925    -0.1340     4.6178     0.0844     0.0844     0.0612     0.0196      22198    15.4145     100.00     2.1982     1.9404         11 0.0000e+00
    581.948   79.55366  135.30016    589.000     0.2608     0.2608  29.388013  29.386031    34.8129    34.8103    296.059    291.971    -0.1532     4.6167     0.0854     0.0854     0.0622     0.0188      22223    15.4319     100.00     2.1985     1.9404         11 0.0000e+00
    582.935   79.55366  135.30016    590.000     0.2585     0.2583  29.386448  29.384367    34.8128    34.8104    296.115    291.404    -0.1429     4.6171     0.0831     0.0831     0.0618     0.0193      22246    15.4481     100.00     2.1985     1.9373         10 0.0000e+00
    583.922   79.55366  135.30016    591.000     0.2555     0.2554  29.384568  29.382610    34.8132    34.8107    295.917    292.273    -0.1626     4.6180     0.0839     0.0839     0.0610     0.0185      22270    15.4647     100.00     2.1970     1.9413         11 0.0000e+00
    584.908   79.55366  135.30016    592.000     0.2542     0.2541  29.383769  29.381972    34.8130    34.8108    295.887    291.568    -0.1727     4.6180     0.0842     0.0842     0.0610     0.0181      22296    15.4824     100.00     2.1965     1.9376         11 0.0000e+00
    585.895   79.55366  135.30016    593.000     0.2533     0.2532  29.383527  29.381661    34.8131    34.8108    295.991    291.708    -0.1699     4.6188     0.0841     0.0841     0.0603     0.0182      22321    15.5002     100.00     2.1968     1.9381         11 0.0000e+00
    586.881   79.55366  135.30016    594.000     0.2521     0.2520  29.382891  29.380957    34.8131    34.8106    296.113    292.078    -0.1327     4.6176     0.0841     0.0841     0.0614     0.0197      22346    15.5173     100.00     2.1972     1.9396         13 0.0000e+00
    587.868   79.55366  135.30015    595.000     0.2514     0.2513  29.382791  29.380985    34.8132    34.8108    296.044    291.936    -0.1341     4.6177     0.0838     0.0838     0.0613     0.0196      22368    15.5329     100.00     2.1966     1.9387         12 0.0000e+00
    588.855   79.55366  135.30014    596.000     0.2505     0.2503  29.382387  29.380585    34.8131    34.8109    296.056    291.865    -0.1368     4.6179     0.0829     0.0829     0.0611     0.0195      22392    15.5490     100.00     2.1964     1.9381         11 0.0000e+00
    589.841   79.55368  135.30014    597.000     0.2488     0.2489  29.381502  29.379634    34.8132    34.8107    296.039    291.804    -0.1599     4.6186     0.0855     0.0855     0.0605     0.0186      22416    15.5657     100.00     2.1960     1.9376          8 0.0000e+00
    590.828   79.55368  135.30014    598.000     0.2479     0.2480  29.381273  29.379352    34.8133    34.8108    296.062    291.361    -0.1243     4.6180     0.0855     0.0855     0.0610     0.0200      22443    15.5849     100.00     2.1959     1.9352         11 0.0000e+00
    591.814   79.55368  135.30014    599.000     0.2476     0.2476  29.381369  29.379458    34.8132    34.8107    295.939    292.228    -0.1330     4.6182     0.0831     0.0831     0.0609     0.0197      22468    15.6021     100.00     2.1949     1.9392         10 0.0000e+00
    592.801   79.55368  135.30014    600.000     0.2473     0.2474  29.381569  29.379745    34.8132    34.8107    295.944    291.603    -0.1363     4.6183     0.0841     0.0841     0.0607     0.0195      22491    15.6183     100.00     2.1947     1.9360          9 0.0000e+00
    593.788   79.55368  135.30013    601.000     0.2467     0.2468  29.381441  29.379581    34.8132    34.8107    295.978    291.787    -0.1329     4.6180     0.0852     0.0852     0.0611     0.0197      22515    15.6347     100.00     2.1947     1.9367          8 0.0000e+00
    594.774   79.55368  135.30012    602.000     0.2453     0.2452  29.380624  29.378663    34.8130    34.8106    295.925    291.789    -0.1322     4.6178     0.0846     0.0846     0.0612     0.0197      22539    15.6514     100.00     2.1940     1.9364          7 0.0000e+00
    595.761   79.55368  135.30012    603.000     0.2449     0.2446  29.380795  29.378805    34.8131    34.8109    295.864    292.037    -0.1328     4.6188     0.0850     0.0850     0.0603     0.0197      22565    15.6692     100.00     2.1934     1.9374          8 0.0000e+00
    596.747   79.55368  135.30012    604.000     0.2440     0.2439  29.380449  29.378582    34.8131    34.8108    295.760    291.508    -0.1338     4.6188     0.0846     0.0846     0.0603     0.0196      22591    15.6876     100.00     2.1926     1.9346         11 0.0000e+00
    597.734   79.55368  135.30012    605.000     0.2435     0.2436  29.380499  29.378607    34.8131    34.8106    295.690    291.596    -0.1396     4.6190     0.0846     0.0846     0.0601     0.0194      22615    15.7043     100.00     2.1919     1.9349         10 0.0000e+00
    598.720   79.55368  135.30011    606.000     0.2424     0.2424  29.380048  29.378159    34.8132    34.8107    295.644    291.729    -0.1646     4.6188     0.0854     0.0854     0.0603     0.0184      22640    15.7212     100.00     2.1914     1.9353         11 0.0000e+00
    599.707   79.55368  135.30010    607.000     0.2407     0.2407  29.379093  29.377057    34.8133    34.8106    295.615    292.086    -0.1572     4.6183     0.0849     0.0849     0.0607     0.0187      22664    15.7382     100.00     2.1909     1.9368          9 0.0000e+00
    600.694   79.55368  135.30010    608.000     0.2397     0.2396  29.378714  29.376819    34.8134    34.8109    295.757    291.914    -0.1399     4.6191     0.0830     0.0830     0.0600     0.0194      22688    15.7549     100.00     2.1914     1.9357          9 0.0000e+00
    601.680   79.55368  135.30010    609.000     0.2391     0.2391  29.378618  29.376803    34.8133    34.8109    295.801    291.723    -0.1650     4.6186     0.0841     0.0841     0.0605     0.0184      22713    15.7720     100.00     2.1914     1.9346          9 0.0000e+00
    602.667   79.55368  135.30010    610.000     0.2382     0.2382  29.378236  29.376473    34.8132    34.8109    295.723    292.096    -0.1333     4.6188     0.0852     0.0852     0.0603     0.0196      22737    15.7891     100.00     2.1907     1.9361         13 0.0000e+00
    603.653   79.55368  135.30009    611.000     0.2375     0.2373  29.378165  29.376222    34.8133    34.8110    295.731    292.062    -0.1269     4.6188     0.0836     0.0836     0.0603     0.0199      22761    15.8053     100.00     2.1905     1.9358          9 0.0000e+00
    604.640   79.55368  135.30008    612.000     0.2365     0.2365  29.377784  29.375943    34.8134    34.8110    295.787    291.589    -0.1255     4.6183     0.0837     0.0837     0.0607     0.0200      22785    15.8223     100.00     2.1906     1.9332         11 0.0000e+00
    605.626   79.55368  135.30008    613.000     0.2355     0.2355  29.377366  29.375489    34.8134    34.8109    295.841    291.625    -0.1302     4.6190     0.0835     0.0835     0.0601     0.0198      22810    15.8393     100.00     2.1906     1.9332         10 0.0000e+00
    606.613   79.55368  135.30008    614.000     0.2342     0.2342  29.376561  29.374881    34.8132    34.8110    295.733    292.452    -0.1333     4.6181     0.0836     0.0836     0.0609     0.0196      22835    15.8568     100.00     2.1897     1.9370         10 0.0000e+00
    607.599   79.55368  135.30007    615.000     0.2337     0.2337  29.376636  29.374727    34.8133    34.8108    295.872    292.105    -0.1290     4.6188     0.0845     0.0845     0.0602     0.0198      22860    15.8740     100.00     2.1902     1.9351          8 0.0000e+00
    608.586   79.55368  135.30006    616.000     0.2332     0.2331  29.376650  29.374776    34.8133    34.8109    296.013    291.413    -0.1639     4.6187     0.0850     0.0850     0.0604     0.0184      22884    15.8912     100.00     2.1908     1.9315         11 0.0000e+00
    609.572   79.55368  135.30006    617.000     0.2323     0.2322  29.376442  29.374653    34.8135    34.8112    296.013    291.098    -0.1311     4.6182     0.0840     0.0840     0.0609     0.0197      22909    15.9084     100.00     2.1906     1.9297         12 0.0000e+00
    610.559   79.55370  135.30006    618.000     0.2317     0.2317  29.376385  29.374538    34.8134    34.8110    296.028    292.015    -0.1622     4.6183     0.0854     0.0854     0.0608     0.0185      22933    15.9251     100.00     2.1904     1.9340         13 0.0000e+00
    611.545   79.55370  135.30006    619.000     0.2310     0.2310  29.376323  29.374507    34.8135    34.8111    296.021    292.057    -0.1318     4.6184     0.0841     0.0841     0.0607     0.0197      22958    15.9421     100.00     2.1901     1.9340         13 0.0000e+00
    612.532   79.55370  135.30004    620.000     0.2301     0.2300  29.375893  29.373987    34.8134    34.8110    295.974    291.827    -0.1341     4.6189     0.0841     0.0841     0.0602     0.0196      22984    15.9601     100.00     2.1895     1.9327         12 0.0000e+00
    613.518   79.55370  135.30004    621.000     0.2287     0.2286  29.375132  29.373295    34.8134    34.8111    295.921    291.658    -0.1300     4.6189     0.0824     0.0824     0.0602     0.0198      23007    15.9767     100.00     2.1890     1.9316          9 0.0000e+00
    614.504   79.55370  135.30004    622.000     0.2273     0.2273  29.374441  29.372614    34.8135    34.8111    295.806    291.728    -0.1369     4.6188     0.0833     0.0833     0.0603     0.0195      23033    15.9944     100.00     2.1880     1.9317         12 0.0000e+00
    615.491   79.55370  135.30002    623.000     0.2269     0.2269  29.374551  29.372670    34.8135    34.8111    295.666    292.255    -0.1527     4.6186     0.0835     0.0835     0.0605     0.0189      23056    16.0107     100.00     2.1869     1.9340         15 0.0000e+00
    616.477   79.55370  135.30002    624.000     0.2261     0.2261  29.374323  29.372393    34.8136    34.8110    295.648    291.563    -0.1518     4.6190     0.0832     0.0832     0.0601     0.0189      23080    16.0272     100.00     2.1866     1.9305         10 0.0000e+00
    617.464   79.55370  135.30002    625.000     0.2255     0.2254  29.374188  29.372368    34.8134    34.8111    295.537    292.281    -0.1288     4.6187     0.0842     0.0842     0.0604     0.0198      23104    16.0441     100.00     2.1857     1.9337         14 0.0000e+00
    618.451   79.55370  135.30002    626.000     0.2245     0.2245  29.373841  29.372055    34.8135    34.8112    295.583    292.138    -0.1342     4.6190     0.0837     0.0837     0.0601     0.0196      23129    16.0614     100.00     2.1857     1.9328         13 0.0000e+00
    619.437   79.55370  135.30000    627.000     0.2238     0.2238  29.373801  29.371914    34.8137    34.8112    295.599    291.590    -0.1305     4.6190     0.0854     0.0854     0.0601     0.0198      23154    16.0786     100.00     2.1855     1.9299         10 0.0000e+00
    620.423   79.55370  135.30000    628.000     0.2225     0.2223  29.373123  29.371288    34.8136    34.8115    295.577    292.051    -0.1632     4.6187     0.0843     0.0843     0.0604     0.0185      23178    16.0953     100.00     2.1851     1.9319          7 0.0000e+00
    621.410   79.55370  135.30000    629.000     0.2216     0.2215  29.372928  29.370946    34.8138    34.8113    295.568    291.568    -0.1697     4.6189     0.0818     0.0818     0.0602     0.0182      23203    16.1125     100.00     2.1848     1.9294         12 0.0000e+00
    622.396   79.55370  135.29998    630.000     0.2196     0.2195  29.371685  29.369751    34.8139    34.8114    295.702    292.198    -0.1267     4.6188     0.0836     0.0836     0.0603     0.0199      23227    16.1290     100.00     2.1852     1.9321         12 0.0000e+00
    623.383   79.55370  135.29998    631.000     0.2186     0.2185  29.371347  29.369260    34.8140    34.8114    295.751    291.863    -0.1701     4.6183     0.0842     0.0842     0.0607     0.0182      23250    16.1455     100.00     2.1852     1.9303          7 0.0000e+00
    624.369   79.55370  135.29998    632.000     0.2181     0.2181  29.371406  29.369469    34.8140    34.8115    295.858    291.725    -0.1488     4.6182     0.0848     0.0848     0.0608     0.0190      23277    16.1640     100.00     2.1856     1.9294         14 0.0000e+00
    625.356   79.55370  135.29998    633.000     0.2169     0.2169  29.370883  29.369089    34.8141    34.8117    295.980    291.089    -0.1518     4.6178     0.0854     0.0854     0.0612     0.0189      23302    16.1811     100.00     2.1860     1.9261         16 0.0000e+00
    626.342   79.55370  135.29996    634.000     0.2156     0.2157  29.370324  29.368420    34.8142    34.8116    296.006    290.875    -0.1519     4.6178     0.0846     0.0846     0.0612     0.0189      23325    16.1973     100.00     2.1859     1.9248          8 0.0000e+00
    627.329   79.55370  135.29996    635.000     0.2149     0.2149  29.370176  29.368311    34.8143    34.8118    295.988    291.552    -0.1688     4.6186     0.0824     0.0824     0.0605     0.0182      23351    16.2154     100.00     2.1855     1.9279         15 0.0000e+00
    628.315   79.55370  135.29995    636.000     0.2152     0.2152  29.370829  29.369055    34.8142    34.8119    295.819    291.993    -0.1703     4.6180     0.0840     0.0840     0.0610     0.0182      23376    16.2324     100.00     2.1843     1.9299          9 0.0000e+00
    629.301   79.55370  135.29994    637.000     0.2145     0.2144  29.370669  29.368869    34.8142    34.8119    295.840    291.683    -0.1697     4.6184     0.0842     0.0842     0.0607     0.0182      23401    16.2498     100.00     2.1842     1.9281         12 0.0000e+00
    630.288   79.55370  135.29994    638.000     0.2132     0.2131  29.370155  29.368184    34.8143    34.8119    295.841    291.692    -0.1637     4.6187     0.0842     0.0842     0.0604     0.0184      23423    16.2655     100.00     2.1839     1.9279          8 0.0000e+00
    631.274   79.55370  135.29994    639.000     0.2125     0.2125  29.370054  29.368148    34.8145    34.8120    295.828    291.386    -0.1361     4.6178     0.0830     0.0830     0.0612     0.0195      23447    16.2818     100.00     2.1836     1.9262         10 0.0000e+00
