Continuous CTD Data/SBE Stage/nabos_43_01.ros
* Sea-Bird SBE 9 Data File:
* FileName = D:\CTD\data\HLY2502\raw\NABOS_43_01.hex
* Software Version Seasave V 7.26.7.110
* Temperature SN = 6954
* Conductivity SN = 2561
* Number of Bytes Per Scan = 37
* Number of Voltage Words = 4
* Number of Scans Averaged by the Deck Unit = 1
* NMEA Latitude = 80 49.12 N
* NMEA Longitude = 126 07.68 E
* NMEA UTC (Time) = Sep 28 2025  01:28:20
* NMEA baud rate = 9600
** Ship: USCG HEALY
** Bot. Depth:  3796
** Cast Number:  01
** Station Name:  NABOS
** Station Number:  42
** Operator:  STARC
# nquan = 25
# nvalues = 1127                                  
# units = specified
# name 0 = depSM: Depth [salt water, m]
# name 1 = latitude: Latitude [deg]
# name 2 = longitude: Longitude [deg]
# name 3 = prDM: Pressure, Digiquartz [db]
# name 4 = t090C: Temperature [ITS-90, deg C]
# name 5 = t190C: Temperature, 2 [ITS-90, deg C]
# name 6 = c0mS/cm: Conductivity [mS/cm]
# name 7 = c1mS/cm: Conductivity, 2 [mS/cm]
# name 8 = sal00: Salinity, Practical [PSU]
# name 9 = sal11: Salinity, Practical, 2 [PSU]
# name 10 = sbox0Mm/Kg: Oxygen, SBE 43 [umol/kg]
# name 11 = sbox1Mm/Kg: Oxygen, SBE 43, 2 [umol/kg]
# name 12 = flECO-AFL: Fluorescence, WET Labs ECO-AFL/FL [mg/m^3]
# name 13 = v2: Voltage 2
# name 14 = wetCDOM: Fluorescence, WET Labs CDOM [mg/m^3]
# name 15 = v6: Voltage 6
# name 16 = CStarAt0: Beam Attenuation, WET Labs C-Star [1/m]
# name 17 = v3: Voltage 3
# name 18 = scan: Scan Count
# name 19 = timeM: Time, Elapsed [minutes]
# name 20 = altM: Altimeter [m]
# name 21 = sbeox0V: Oxygen raw, SBE 43 [V]
# name 22 = sbeox1V: Oxygen raw, SBE 43, 2 [V]
# name 23 = nbf: Bottles Fired
# name 24 = flag:  0.000e+00
# interval = seconds: 0.0416667
# start_time = Sep 28 2025 01:28:20 [NMEA time, header]
# bad_flag = -9.990e-29
*END*
   1200.187   80.81996  126.15172   1216.600    -0.3787    -0.3791  29.187010  29.184439    34.9078    34.9047    287.964    284.956    -0.1366     4.6325     0.0830     0.0830     0.0485     0.0195      46120    32.0271     100.00     1.9926     1.7730          1  0.000e+00
   1200.187   80.81996  126.15172   1216.600    -0.3787    -0.3790  29.186886  29.184613    34.9076    34.9049    287.965    284.955    -0.1366     4.6337     0.0830     0.0830     0.0474     0.0195      46121    32.0278     100.00     1.9926     1.7730          1  0.000e+00
   1200.187   80.81996  126.15172   1216.600    -0.3787    -0.3791  29.186825  29.184671    34.9075    34.9050    288.202    284.676    -0.1366     4.6337     0.0842     0.0842     0.0474     0.0195      46122    32.0285     100.00     1.9938     1.7718          1  0.000e+00
   1200.246   80.81996  126.15172   1216.659    -0.3786    -0.3789  29.187010  29.184671    34.9076    34.9048    288.202    284.677    -0.1366     4.6337     0.0830     0.0830     0.0474     0.0195      46123    32.0292     100.00     1.9938     1.7718          1  0.000e+00
   1200.187   80.81996  126.15172   1216.600    -0.3787    -0.3789  29.186948  29.184497    34.9077    34.9046    287.965    284.675    -0.1366     4.6337     0.0842     0.0842     0.0474     0.0195      46124    32.0299     100.00     1.9926     1.7718          1  0.000e+00
   1200.187   80.81996  126.15172   1216.600    -0.3789    -0.3790  29.187072  29.184613    34.9080    34.9049    287.965    284.675    -0.1366     4.6337     0.0830     0.0830     0.0474     0.0195      46125    32.0306     100.00     1.9926     1.7718          1  0.000e+00
   1200.187   80.81996  126.15172   1216.600    -0.3787    -0.3791  29.187134  29.184671    34.9079    34.9050    288.201    284.956    -0.1366     4.6337     0.0830     0.0830     0.0474     0.0195      46126    32.0313     100.00     1.9938     1.7730          1  0.000e+00
   1200.187   80.81996  126.15172   1216.600    -0.3787    -0.3789  29.187319  29.184671    34.9082    34.9048    287.964    284.955    -0.1366     4.6337     0.0842     0.0842     0.0474     0.0195      46127    32.0319     100.00     1.9926     1.7730          1  0.000e+00
   1200.246   80.81996  126.15172   1216.659    -0.3786    -0.3790  29.187010  29.184322    34.9076    34.9045    288.203    284.959    -0.1061     4.6337     0.0830     0.0830     0.0474     0.0208      46128    32.0326     100.00     1.9938     1.7730          1  0.000e+00
   1200.187   80.81996  126.15172   1216.600    -0.3789    -0.3789  29.187257  29.184555    34.9083    34.9047    288.202    284.675    -0.1061     4.6337     0.0830     0.0830     0.0474     0.0208      46129    32.0333     100.00     1.9938     1.7718          1  0.000e+00
   1200.187   80.81996  126.15174   1216.600    -0.3786    -0.3789  29.187196  29.184497    34.9078    34.9046    288.200    284.675    -0.1366     4.6337     0.0830     0.0830     0.0474     0.0195      46130    32.0340     100.00     1.9938     1.7718          1  0.000e+00
   1200.187   80.81996  126.15174   1216.600    -0.3787    -0.3792  29.187072  29.184788    34.9079    34.9054    288.201    284.677    -0.1366     4.6337     0.0830     0.0830     0.0474     0.0195      46131    32.0347     100.00     1.9938     1.7718          1  0.000e+00
   1200.187   80.81996  126.15174   1216.600    -0.3786    -0.3789  29.187072  29.184555    34.9077    34.9047    288.200    284.675    -0.1366     4.6337     0.0830     0.0830     0.0474     0.0195      46132    32.0354     100.00     1.9938     1.7718          1  0.000e+00
   1200.187   80.81996  126.15174   1216.600    -0.3787    -0.3789  29.186701  29.184788    34.9074    34.9050    287.966    284.675    -0.1366     4.6337     0.0842     0.0842     0.0474     0.0195      46133    32.0361     100.00     1.9926     1.7718          1  0.000e+00
   1200.246   80.81996  126.15174   1216.659    -0.3787    -0.3792  29.186948  29.184962    34.9077    34.9055    287.967    284.398    -0.1366     4.6325     0.0830     0.0830     0.0485     0.0195      46134    32.0368     100.00     1.9926     1.7706          1  0.000e+00
   1200.187   80.81996  126.15174   1216.600    -0.3787    -0.3789  29.187319  29.184729    34.9082    34.9049    288.201    284.115    -0.1061     4.6337     0.0842     0.0842     0.0474     0.0208      46135    32.0375     100.00     1.9938     1.7693          1  0.000e+00
   1200.187   80.81996  126.15174   1216.600    -0.3787    -0.3789  29.187196  29.184671    34.9080    34.9048    287.965    284.115    -0.1366     4.6325     0.0830     0.0830     0.0485     0.0195      46136    32.0382     100.00     1.9926     1.7693          1  0.000e+00
   1200.187   80.81996  126.15174   1216.600    -0.3787    -0.3792  29.187134  29.184671    34.9079    34.9052    288.201    284.117    -0.1366     4.6325     0.0842     0.0842     0.0485     0.0195      46137    32.0389     100.00     1.9938     1.7693          1  0.000e+00
   1200.246   80.81996  126.15174   1216.660    -0.3786    -0.3789  29.187134  29.184671    34.9077    34.9048    287.966    284.118    -0.1366     4.6325     0.0842     0.0842     0.0485     0.0195      46138    32.0396     100.00     1.9926     1.7693          1  0.000e+00
   1200.187   80.81996  126.15174   1216.600    -0.3787    -0.3790  29.187072  29.184671    34.9079    34.9050    288.202    284.116    -0.1366     4.6337     0.0830     0.0830     0.0474     0.0195      46139    32.0403     100.00     1.9938     1.7693          1  0.000e+00
   1200.187   80.81996  126.15174   1216.600    -0.3786    -0.3789  29.186886  29.184671    34.9074    34.9048    288.201    284.395    -0.1061     4.6337     0.0830     0.0830     0.0474     0.0208      46140    32.0410     100.00     1.9938     1.7706          1  0.000e+00
   1200.187   80.81996  126.15174   1216.600    -0.3787    -0.3792  29.187072  29.184846    34.9079    34.9054    287.965    284.117    -0.1366     4.6337     0.0830     0.0830     0.0474     0.0195      46141    32.0417     100.00     1.9926     1.7693          1  0.000e+00
   1200.187   80.81996  126.15174   1216.600    -0.3789    -0.3789  29.186948  29.184729    34.9079    34.9049    287.967    284.115    -0.1366     4.6325     0.0842     0.0842     0.0485     0.0195      46142    32.0424     100.00     1.9926     1.7693          1  0.000e+00
   1200.246   80.81996  126.15174   1216.660    -0.3787    -0.3789  29.187258  29.184671    34.9081    34.9048    287.967    284.118    -0.1366     4.6325     0.0842     0.0842     0.0485     0.0195      46143    32.0431     100.00     1.9926     1.7693          1  0.000e+00
   1200.121   80.81996  126.15174   1216.533    -0.3787    -0.3792  29.187195  29.184846    34.9081    34.9055    287.962    284.115    -0.1366     4.6325     0.0830     0.0830     0.0485     0.0195      46144    32.0438     100.00     1.9926     1.7693          1  0.000e+00
   1200.246   80.81996  126.15174   1216.660    -0.3787    -0.3790  29.187505  29.184962    34.9084    34.9053    287.966    284.398    -0.1366     4.6337     0.0842     0.0842     0.0474     0.0195      46145    32.0444     100.00     1.9926     1.7706          1  0.000e+00
   1200.187   80.81996  126.15174   1216.600    -0.3786    -0.3790  29.187072  29.184555    34.9077    34.9048    287.964    284.677    -0.1061     4.6337     0.0830     0.0830     0.0474     0.0208      46146    32.0451     100.00     1.9926     1.7718          1  0.000e+00
   1200.246   80.81996  126.15174   1216.660    -0.3787    -0.3791  29.187010  29.184846    34.9077    34.9052    288.204    284.678    -0.1366     4.6337     0.0830     0.0830     0.0474     0.0195      46147    32.0458     100.00     1.9938     1.7718          1  0.000e+00
   1200.187   80.81996  126.15174   1216.600    -0.3784    -0.3790  29.187072  29.184729    34.9075    34.9051    287.963    284.396    -0.1061     4.6337     0.0842     0.0842     0.0474     0.0208      46148    32.0465     100.00     1.9926     1.7706          1  0.000e+00
   1200.187   80.81996  126.15174   1216.600    -0.3786    -0.3791  29.186948  29.184497    34.9075    34.9048    288.201    284.677    -0.1366     4.6337     0.0830     0.0830     0.0474     0.0195      46149    32.0472     100.00     1.9938     1.7718          1  0.000e+00
   1200.187   80.81996  126.15174   1216.600    -0.3789    -0.3792  29.187257  29.184613    34.9083    34.9051    288.202    284.678    -0.1061     4.6337     0.0842     0.0842     0.0474     0.0208      46150    32.0479     100.00     1.9938     1.7718          1  0.000e+00
   1200.246   80.81996  126.15174   1216.660    -0.3786    -0.3791  29.187196  29.184846    34.9078    34.9052    288.203    284.399    -0.1366     4.6337     0.0830     0.0830     0.0474     0.0195      46151    32.0486     100.00     1.9938     1.7706          1  0.000e+00
   1200.187   80.81996  126.15174   1216.600    -0.3786    -0.3789  29.187072  29.184729    34.9077    34.9049    288.201    284.396    -0.1366     4.6337     0.0830     0.0830     0.0474     0.0195      46152    32.0493     100.00     1.9938     1.7706          1  0.000e+00
   1200.187   80.81996  126.15174   1216.600    -0.3787    -0.3789  29.186886  29.184846    34.9076    34.9051    288.203    284.395    -0.1366     4.6337     0.0830     0.0830     0.0474     0.0195      46153    32.0500     100.00     1.9938     1.7706          1  0.000e+00
   1200.187   80.81996  126.15174   1216.600    -0.3789    -0.3789  29.186886  29.184555    34.9078    34.9047    287.967    284.676    -0.1366     4.6337     0.0830     0.0830     0.0474     0.0195      46154    32.0507     100.00     1.9926     1.7718          1  0.000e+00
   1200.246   80.81996  126.15174   1216.660    -0.3787    -0.3790  29.187258  29.184439    34.9081    34.9046    288.204    284.959    -0.1366     4.6337     0.0830     0.0830     0.0474     0.0195      46155    32.0514     100.00     1.9938     1.7730          1  0.000e+00
   1200.187   80.81996  126.15174   1216.600    -0.3787    -0.3791  29.186948  29.184846    34.9077    34.9053    287.966    284.956    -0.1366     4.6325     0.0830     0.0830     0.0485     0.0195      46156    32.0521     100.00     1.9926     1.7730          1  0.000e+00
   1200.187   80.81996  126.15174   1216.600    -0.3789    -0.3789  29.186825  29.184729    34.9077    34.9049    287.968    285.236    -0.1366     4.6325     0.0830     0.0830     0.0485     0.0195      46157    32.0528     100.00     1.9926     1.7743          1  0.000e+00
   1200.187   80.81996  126.15174   1216.600    -0.3786    -0.3789  29.187072  29.184497    34.9077    34.9046    288.201    285.236    -0.1366     4.6325     0.0830     0.0830     0.0485     0.0195      46158    32.0535     100.00     1.9938     1.7743          1  0.000e+00
   1200.187   80.81996  126.15174   1216.600    -0.3787    -0.3790  29.187134  29.184613    34.9079    34.9049    287.966    284.957    -0.1366     4.6325     0.0830     0.0830     0.0485     0.0195      46159    32.0542     100.00     1.9926     1.7730          1  0.000e+00
   1200.246   80.81996  126.15174   1216.660    -0.3789    -0.3788  29.187072  29.184846    34.9080    34.9049    288.206    284.957    -0.1366     4.6325     0.0830     0.0830     0.0485     0.0195      46160    32.0549     100.00     1.9938     1.7730          1  0.000e+00
   1200.187   80.81996  126.15174   1216.600    -0.3786    -0.3790  29.187072  29.184962    34.9077    34.9054    287.965    284.396    -0.1671     4.6325     0.0842     0.0842     0.0485     0.0183      46161    32.0556     100.00     1.9926     1.7706          1  0.000e+00
   1200.187   80.81996  126.15174   1216.600    -0.3790    -0.3787  29.187134  29.184729    34.9083    34.9047    288.204    284.115    -0.1671     4.6337     0.0830     0.0830     0.0474     0.0183      46162    32.0562     100.00     1.9938     1.7693          1  0.000e+00
   1200.187   80.81996  126.15174   1216.600    -0.3786    -0.3789  29.187134  29.184497    34.9078    34.9046    288.201    283.837    -0.1671     4.6325     0.0830     0.0830     0.0485     0.0183      46163    32.0569     100.00     1.9938     1.7681          1  0.000e+00
   1200.187   80.81996  126.15174   1216.600    -0.3789    -0.3790  29.187072  29.184613    34.9081    34.9049    288.204    283.837    -0.1671     4.6325     0.0830     0.0830     0.0485     0.0183      46164    32.0576     100.00     1.9938     1.7681          1  0.000e+00
   1200.246   80.81996  126.15174   1216.660    -0.3787    -0.3788  29.187072  29.184671    34.9078    34.9047    288.205    283.838    -0.1671     4.6337     0.0830     0.0830     0.0474     0.0183      46165    32.0583     100.00     1.9938     1.7681          1  0.000e+00
   1200.187   80.81996  126.15174   1216.600    -0.3789    -0.3792  29.187134  29.184671    34.9081    34.9052    287.967    283.838    -0.1671     4.6337     0.0830     0.0830     0.0474     0.0183      46166    32.0590     100.00     1.9926     1.7681          1  0.000e+00
   1200.187   80.81996  126.15174   1216.600    -0.3787    -0.3791  29.187134  29.184846    34.9079    34.9053    288.203    284.117    -0.1671     4.6337     0.0830     0.0830     0.0474     0.0183      46167    32.0597     100.00     1.9938     1.7693          1  0.000e+00
   1200.246   80.81996  126.15174   1216.660    -0.3787    -0.3789  29.187072  29.184730    34.9078    34.9049    287.969    284.119    -0.1671     4.6325     0.0830     0.0830     0.0485     0.0183      46168    32.0604     100.00     1.9926     1.7693          1  0.000e+00
   1000.502   80.82016  126.15564   1013.695    -0.2423    -0.2423  29.206839  29.204450    34.8956    34.8925    289.788    285.502    -0.1366     4.6313     0.0830     0.0830     0.0496     0.0195      53816    37.3715     100.00     2.0492     1.8147          2  0.000e+00
   1000.444   80.82016  126.15564   1013.636    -0.2424    -0.2422  29.206654  29.204392    34.8955    34.8923    290.016    285.228    -0.1366     4.6325     0.0830     0.0830     0.0485     0.0195      53817    37.3722     100.00     2.0504     1.8135          2  0.000e+00
   1000.568   80.82016  126.15564   1013.762    -0.2423    -0.2422  29.206778  29.204742    34.8955    34.8927    289.791    285.232    -0.1366     4.6325     0.0830     0.0830     0.0485     0.0195      53818    37.3729     100.00     2.0492     1.8135          2  0.000e+00
   1000.519   80.82016  126.15564   1013.712    -0.2423    -0.2423  29.207025  29.204916    34.8958    34.8931    289.788    285.231    -0.1366     4.6325     0.0830     0.0830     0.0485     0.0195      53819    37.3736     100.00     2.0492     1.8135          2  0.000e+00
   1000.502   80.82016  126.15564   1013.695    -0.2424    -0.2422  29.206901  29.204509    34.8958    34.8924    290.018    285.230    -0.1366     4.6325     0.0830     0.0830     0.0485     0.0195      53820    37.3743     100.00     2.0504     1.8135          2  0.000e+00
   1000.502   80.82016  126.15564   1013.695    -0.2423    -0.2423  29.207025  29.204567    34.8958    34.8926    289.788    285.231    -0.1366     4.6325     0.0830     0.0830     0.0485     0.0195      53821    37.3750     100.00     2.0492     1.8135          2  0.000e+00
   1000.444   80.82016  126.15564   1013.636    -0.2424    -0.2423  29.207087  29.204741    34.8961    34.8929    289.786    285.228    -0.1366     4.6325     0.0830     0.0830     0.0485     0.0195      53822    37.3757     100.00     2.0492     1.8135          2  0.000e+00
   1000.502   80.82016  126.15564   1013.695    -0.2423    -0.2423  29.207087  29.204450    34.8959    34.8925    289.788    285.231    -0.1366     4.6325     0.0830     0.0830     0.0485     0.0195      53823    37.3764     100.00     2.0492     1.8135          2  0.000e+00
