Continuous CTD Data/SBE Stage/nabos_27_01.ros
* Sea-Bird SBE 9 Data File:
* FileName = D:\CTD\data\HLY2502\raw\NABOS_27_01.hex
* Software Version Seasave V 7.26.7.110
* Temperature SN = 6954
* Conductivity SN = 2561
* Number of Bytes Per Scan = 37
* Number of Voltage Words = 4
* Number of Scans Averaged by the Deck Unit = 1
* NMEA Latitude = 80 38.83 N
* NMEA Longitude = 157 43.38 E
* NMEA UTC (Time) = Sep 21 2025  11:57:16
* NMEA baud rate = 9600
** Ship: USCG HEALY
** Bot. Depth:  2663
** Cast Number:  01
** Station Name:  NABOS
** Station Number:  27
** Operator:  STARC
# nquan = 25
# nvalues = 980                                   
# units = specified
# name 0 = depSM: Depth [salt water, m]
# name 1 = latitude: Latitude [deg]
# name 2 = longitude: Longitude [deg]
# name 3 = prDM: Pressure, Digiquartz [db]
# name 4 = t090C: Temperature [ITS-90, deg C]
# name 5 = t190C: Temperature, 2 [ITS-90, deg C]
# name 6 = c0mS/cm: Conductivity [mS/cm]
# name 7 = c1mS/cm: Conductivity, 2 [mS/cm]
# name 8 = sal00: Salinity, Practical [PSU]
# name 9 = sal11: Salinity, Practical, 2 [PSU]
# name 10 = sbox0Mm/Kg: Oxygen, SBE 43 [umol/kg]
# name 11 = sbox1Mm/Kg: Oxygen, SBE 43, 2 [umol/kg]
# name 12 = flECO-AFL: Fluorescence, WET Labs ECO-AFL/FL [mg/m^3]
# name 13 = v2: Voltage 2
# name 14 = wetCDOM: Fluorescence, WET Labs CDOM [mg/m^3]
# name 15 = v6: Voltage 6
# name 16 = CStarAt0: Beam Attenuation, WET Labs C-Star [1/m]
# name 17 = v3: Voltage 3
# name 18 = scan: Scan Count
# name 19 = timeM: Time, Elapsed [minutes]
# name 20 = altM: Altimeter [m]
# name 21 = sbeox0V: Oxygen raw, SBE 43 [V]
# name 22 = sbeox1V: Oxygen raw, SBE 43, 2 [V]
# name 23 = nbf: Bottles Fired
# name 24 = flag:  0.000e+00
# interval = seconds: 0.0416667
# start_time = Sep 21 2025 11:57:16 [NMEA time, header]
# bad_flag = -9.990e-29
*END*
[from data line 348]
    174.999   80.65230  157.70860    176.949     0.6967     0.6980  29.499175  29.498498    34.7123    34.7099    298.263    291.849    -0.1366     4.6276     0.0830     0.0830     0.0527     0.0195      90482    62.8340     100.00     2.3285     2.0369          8  0.000e+00
    174.933   80.65230  157.70860    176.883     0.6967     0.6983  29.499113  29.498556    34.7122    34.7097    298.261    291.845    -0.1366     4.6276     0.0842     0.0842     0.0527     0.0195      90483    62.8347     100.00     2.3285     2.0369          8  0.000e+00
    174.999   80.65230  157.70860    176.949     0.6968     0.6981  29.498865  29.498907    34.7117    34.7103    298.263    291.847    -0.1366     4.6288     0.0830     0.0830     0.0517     0.0195      90484    62.8354     100.00     2.3285     2.0369          8  0.000e+00
    174.933   80.65230  157.70860    176.883     0.6967     0.6980  29.498989  29.498615    34.7121    34.7101    298.261    292.081    -0.1366     4.6288     0.0830     0.0830     0.0517     0.0195      90485    62.8361     100.00     2.3285     2.0381          8  0.000e+00
    174.999   80.65230  157.70860    176.949     0.6967     0.6983  29.499113  29.498848    34.7122    34.7101    298.263    292.082    -0.1366     4.6288     0.0830     0.0830     0.0517     0.0195      90486    62.8368     100.00     2.3285     2.0381          8  0.000e+00
    174.999   80.65230  157.70860    176.949     0.6968     0.6981  29.499113  29.498673    34.7120    34.7100    298.262    291.848    -0.1366     4.6288     0.0830     0.0830     0.0517     0.0195      90487    62.8375     100.00     2.3285     2.0369          8  0.000e+00
    174.933   80.65230  157.70860    176.883     0.6965     0.6984  29.498740  29.498498    34.7119    34.7094    298.064    291.844    -0.1366     4.6288     0.0830     0.0830     0.0517     0.0195      90488    62.8382     100.00     2.3273     2.0369          8  0.000e+00
    174.999   80.65230  157.70860    176.950     0.6970     0.6981  29.498989  29.498673    34.7117    34.7100    298.262    291.613    -0.1366     4.6288     0.0830     0.0830     0.0517     0.0195      90489    62.8389     100.00     2.3285     2.0356          8  0.000e+00
    174.933   80.65230  157.70860    176.883     0.6967     0.6981  29.499113  29.498556    34.7122    34.7098    298.261    291.375    -0.1366     4.6288     0.0818     0.0818     0.0517     0.0195      90490    62.8396     100.00     2.3285     2.0344          8  0.000e+00
    174.999   80.65230  157.70860    176.950     0.6970     0.6980  29.499113  29.498556    34.7118    34.7099    298.261    291.379    -0.1366     4.6288     0.0818     0.0818     0.0517     0.0195      90491    62.8403     100.00     2.3285     2.0344          8  0.000e+00
    174.999   80.65230  157.70860    176.950     0.6970     0.6983  29.498679  29.498907    34.7113    34.7101    298.461    291.141    -0.1366     4.6288     0.0830     0.0830     0.0517     0.0195      90492    62.8410     100.00     2.3298     2.0332          8  0.000e+00
    174.933   80.65230  157.70860    176.883     0.6968     0.6983  29.498740  29.498381    34.7116    34.7094    298.261    291.375    -0.1061     4.6288     0.0818     0.0818     0.0517     0.0208      90493    62.8417     100.00     2.3285     2.0344          8  0.000e+00
    174.999   80.65230  157.70860    176.950     0.6967     0.6985  29.499237  29.498615    34.7124    34.7095    298.461    291.611    -0.1366     4.6288     0.0818     0.0818     0.0517     0.0195      90494    62.8424     100.00     2.3298     2.0356          8  0.000e+00
    174.999   80.65230  157.70860    176.950     0.6968     0.6983  29.498989  29.498323    34.7119    34.7094    298.461    291.613    -0.1366     4.6288     0.0830     0.0830     0.0517     0.0195      90495    62.8431     100.00     2.3298     2.0356          8  0.000e+00
    174.933   80.65230  157.70860    176.883     0.6968     0.6983  29.498803  29.498264    34.7117    34.7093    298.459    291.845    -0.1061     4.6288     0.0818     0.0818     0.0517     0.0208      90496    62.8438     100.00     2.3298     2.0369          8  0.000e+00
    174.999   80.65230  157.70860    176.950     0.6968     0.6983  29.498989  29.498673    34.7119    34.7098    298.263    292.082    -0.1366     4.6288     0.0818     0.0818     0.0517     0.0195      90497    62.8444     100.00     2.3285     2.0381          8  0.000e+00
    174.999   80.65230  157.70860    176.950     0.6970     0.6983  29.498927  29.498323    34.7116    34.7093    298.262    291.848    -0.1366     4.6288     0.0830     0.0830     0.0517     0.0195      90498    62.8451     100.00     2.3285     2.0369          8  0.000e+00
    174.941   80.65230  157.70860    176.891     0.6967     0.6980  29.499051  29.498381    34.7122    34.7098    298.460    291.847    -0.1366     4.6288     0.0818     0.0818     0.0517     0.0195      90499    62.8458     100.00     2.3298     2.0369          8  0.000e+00
    174.999   80.65230  157.70860    176.950     0.6967     0.6979  29.499299  29.498556    34.7124    34.7101    298.263    291.850    -0.1671     4.6288     0.0830     0.0830     0.0517     0.0183      90500    62.8465     100.00     2.3285     2.0369          8  0.000e+00
    174.999   80.65230  157.70860    176.950     0.6968     0.6980  29.499361  29.498498    34.7123    34.7099    298.261    291.849    -0.1671     4.6288     0.0830     0.0830     0.0517     0.0183      90501    62.8472     100.00     2.3285     2.0369          8  0.000e+00
    174.933   80.65230  157.70860    176.883     0.6967     0.6979  29.499175  29.498498    34.7123    34.7101    298.459    291.377    -0.1671     4.6288     0.0818     0.0818     0.0517     0.0183      90502    62.8479     100.00     2.3298     2.0344          8  0.000e+00
    174.999   80.65230  157.70860    176.950     0.6970     0.6979  29.499113  29.498265    34.7118    34.7098    298.261    289.735    -0.1671     4.6288     0.0830     0.0830     0.0517     0.0183      90503    62.8486     100.00     2.3285     2.0259          8  0.000e+00
    174.941   80.65230  157.70860    176.891     0.6968     0.6977  29.498865  29.498206    34.7117    34.7099    298.261    288.559    -0.1671     4.6288     0.0830     0.0830     0.0517     0.0183      90504    62.8493     100.00     2.3285     2.0197          8  0.000e+00
    174.999   80.65230  157.70860    176.950     0.6970     0.6977  29.499051  29.498265    34.7118    34.7099    298.261    289.031    -0.1671     4.6288     0.0818     0.0818     0.0517     0.0183      90505    62.8500     100.00     2.3285     2.0222          8  0.000e+00
    174.999   80.65230  157.70860    176.950     0.6967     0.6980  29.499113  29.498440    34.7122    34.7098    298.263    290.204    -0.1671     4.6288     0.0818     0.0818     0.0517     0.0183      90506    62.8507     100.00     2.3285     2.0283          8  0.000e+00
    174.933   80.65230  157.70860    176.883     0.6965     0.6977  29.499113  29.498031    34.7124    34.7097    298.261    291.614    -0.1671     4.6288     0.0830     0.0830     0.0517     0.0183      90507    62.8514     100.00     2.3285     2.0356          8  0.000e+00
    174.999   80.65230  157.70860    176.950     0.6968     0.6980  29.498927  29.498323    34.7118    34.7097    298.263    291.849    -0.1671     4.6288     0.0818     0.0818     0.0517     0.0183      90508    62.8521     100.00     2.3285     2.0369          8  0.000e+00
    174.999   80.65230  157.70860    176.950     0.6968     0.6977  29.499051  29.498323    34.7119    34.7100    298.262    291.146    -0.1366     4.6288     0.0818     0.0818     0.0517     0.0195      90509    62.8528     100.00     2.3285     2.0332          8  0.000e+00
    174.933   80.65230  157.70860    176.883     0.6967     0.6977  29.498740  29.498673    34.7118    34.7105    298.261    290.202    -0.1671     4.6288     0.0818     0.0818     0.0517     0.0183      90510    62.8535     100.00     2.3285     2.0283          8  0.000e+00
    174.999   80.65230  157.70860    176.950     0.6967     0.6979  29.499175  29.498556    34.7123    34.7101    298.461    290.204    -0.1671     4.6288     0.0830     0.0830     0.0517     0.0183      90511    62.8542     100.00     2.3298     2.0283          8  0.000e+00
    174.933   80.65230  157.70860    176.883     0.6968     0.6977  29.498989  29.498498    34.7119    34.7103    298.260    290.203    -0.1366     4.6288     0.0818     0.0818     0.0517     0.0195      90512    62.8549     100.00     2.3285     2.0283          8  0.000e+00
    174.999   80.65230  157.70860    176.950     0.6968     0.6978  29.499051  29.498498    34.7119    34.7101    298.262    290.440    -0.1671     4.6288     0.0830     0.0830     0.0517     0.0183      90513    62.8556     100.00     2.3285     2.0295          8  0.000e+00
    174.999   80.65230  157.70860    176.950     0.6965     0.6976  29.499113  29.498148    34.7124    34.7099    298.462    290.442    -0.1366     4.6288     0.0818     0.0818     0.0517     0.0195      90514    62.8563     100.00     2.3298     2.0295          8  0.000e+00
    174.933   80.65230  157.70860    176.883     0.6968     0.6978  29.499113  29.498381    34.7121    34.7100    298.656    290.438    -0.1671     4.6288     0.0818     0.0818     0.0517     0.0183      90515    62.8569     100.00     2.3310     2.0295          8  0.000e+00
    174.999   80.65230  157.70860    176.950     0.6967     0.6980  29.499113  29.498498    34.7122    34.7099    298.461    290.203    -0.1671     4.6288     0.0830     0.0830     0.0517     0.0183      90516    62.8576     100.00     2.3298     2.0283          8  0.000e+00
    174.999   80.65230  157.70860    176.950     0.6963     0.6980  29.498741  29.498265    34.7121    34.7096    298.464    290.439    -0.1671     4.6288     0.0830     0.0830     0.0517     0.0183      90517    62.8583     100.00     2.3298     2.0295          8  0.000e+00
    174.933   80.65230  157.70860    176.883     0.6967     0.6979  29.498740  29.498264    34.7118    34.7098    298.460    291.378    -0.1671     4.6288     0.0818     0.0818     0.0517     0.0183      90518    62.8590     100.00     2.3298     2.0344          8  0.000e+00
    174.999   80.65230  157.70860    176.950     0.6965     0.6978  29.498803  29.498206    34.7120    34.7097    298.265    291.851    -0.1976     4.6288     0.0830     0.0830     0.0517     0.0171      90519    62.8597     100.00     2.3285     2.0369          8  0.000e+00
    174.999   80.65230  157.70860    176.950     0.6962     0.6976  29.498617  29.498381    34.7121    34.7102    298.466    292.321    -0.1671     4.6288     0.0818     0.0818     0.0517     0.0183      90520    62.8604     100.00     2.3298     2.0393          8  0.000e+00
    174.933   80.65230  157.70860    176.883     0.6967     0.6972  29.498989  29.497856    34.7121    34.7100    298.459    292.557    -0.1671     4.6288     0.0830     0.0830     0.0517     0.0183      90521    62.8611     100.00     2.3298     2.0405          8  0.000e+00
    174.999   80.65230  157.70860    176.950     0.6963     0.6972  29.498927  29.498031    34.7123    34.7102    298.265    292.560    -0.1671     4.6288     0.0818     0.0818     0.0517     0.0183      90522    62.8618     100.00     2.3285     2.0405          8  0.000e+00
    174.933   80.65230  157.70860    176.883     0.6967     0.6972  29.498616  29.498031    34.7116    34.7102    298.262    292.557    -0.1976     4.6276     0.0830     0.0830     0.0527     0.0171      90523    62.8625     100.00     2.3285     2.0405          8  0.000e+00
    174.999   80.65230  157.70860    176.950     0.6967     0.6972  29.498741  29.498148    34.7117    34.7103    298.462    292.324    -0.1671     4.6288     0.0830     0.0830     0.0517     0.0183      90524    62.8632     100.00     2.3298     2.0393          8  0.000e+00
    174.999   80.65230  157.70860    176.950     0.6965     0.6976  29.498616  29.498206    34.7117    34.7100    298.464    292.087    -0.1671     4.6288     0.0830     0.0830     0.0517     0.0183      90525    62.8639     100.00     2.3298     2.0381          8  0.000e+00
    150.007   80.65244  157.70828    151.670     0.3126     0.3092  29.087942  29.083119    34.6207    34.6183    300.944    293.839    -0.1366     4.6288     0.0830     0.0830     0.0517     0.0195      93228    64.7410     100.00     2.3294     2.0342          9  0.000e+00
    150.065   80.65244  157.70828    151.728     0.3125     0.3091  29.087510  29.082829    34.6203    34.6179    301.149    294.080    -0.1366     4.6300     0.0830     0.0830     0.0506     0.0195      93229    64.7417     100.00     2.3307     2.0354          9  0.000e+00
    150.016   80.65244  157.70828    151.679     0.3120     0.3088  29.086954  29.082538    34.6201    34.6179    300.751    294.791    -0.1366     4.6288     0.0830     0.0830     0.0517     0.0195      93230    64.7424     100.00     2.3282     2.0390          9  0.000e+00
    150.007   80.65244  157.70828    151.670     0.3119     0.3085  29.086398  29.082422    34.6195    34.6181    300.953    295.267    -0.1366     4.6288     0.0830     0.0830     0.0517     0.0195      93231    64.7431     100.00     2.3294     2.0415          9  0.000e+00
    150.065   80.65244  157.70828    151.728     0.3114     0.3080  29.086089  29.082074    34.6196    34.6181    300.960    295.036    -0.1366     4.6288     0.0818     0.0818     0.0517     0.0195      93232    64.7438     100.00     2.3294     2.0403          9  0.000e+00
    150.007   80.65244  157.70828    151.670     0.3114     0.3080  29.085842  29.082073    34.6193    34.6182    301.158    294.323    -0.1366     4.6288     0.0830     0.0830     0.0517     0.0195      93233    64.7444     100.00     2.3307     2.0366          9  0.000e+00
    150.081   80.65244  157.70828    151.745     0.3109     0.3078  29.085287  29.081725    34.6192    34.6180    301.166    293.381    -0.1671     4.6288     0.0830     0.0830     0.0517     0.0183      93234    64.7451     100.00     2.3307     2.0317          9  0.000e+00
    150.007   80.65244  157.70828    151.670     0.3105     0.3080  29.084978  29.081899    34.6192    34.6180    300.966    293.139    -0.1976     4.6288     0.0818     0.0818     0.0517     0.0171      93235    64.7458     100.00     2.3294     2.0305          9  0.000e+00
    150.065   80.65244  157.70828    151.728     0.3100     0.3080  29.084916  29.082887    34.6197    34.6192    301.172    293.138    -0.1671     4.6300     0.0818     0.0818     0.0506     0.0183      93236    64.7465     100.00     2.3307     2.0305          9  0.000e+00
    150.016   80.65244  157.70828    151.679     0.3100     0.3083  29.084731  29.083758    34.6195    34.6200    300.970    293.368    -0.1671     4.6288     0.0818     0.0818     0.0517     0.0183      93237    64.7472     100.00     2.3294     2.0317          9  0.000e+00
    150.065   80.65244  157.70828    151.728     0.3097     0.3086  29.084422  29.083758    34.6193    34.6197    300.975    293.369    -0.1671     4.6288     0.0830     0.0830     0.0517     0.0183      93238    64.7479     100.00     2.3294     2.0317          9  0.000e+00
    150.007   80.65244  157.70828    151.670     0.3095     0.3092  29.084360  29.083758    34.6195    34.6191    300.974    293.126    -0.1976     4.6288     0.0830     0.0830     0.0517     0.0171      93239    64.7486     100.00     2.3294     2.0305          9  0.000e+00
    150.016   80.65244  157.70828    151.679     0.3095     0.3096  29.084360  29.084106    34.6195    34.6191    300.974    293.360    -0.1671     4.6288     0.0830     0.0830     0.0517     0.0183      93240    64.7493     100.00     2.3294     2.0317          9  0.000e+00
