Continuous CTD Data/SBE Stage/nabos_28_01.ros
* Sea-Bird SBE 9 Data File:
* FileName = D:\CTD\data\HLY2502\raw\NABOS_28_01.hex
* Software Version Seasave V 7.26.7.110
* Temperature SN = 6954
* Conductivity SN = 2561
* Number of Bytes Per Scan = 37
* Number of Voltage Words = 4
* Number of Scans Averaged by the Deck Unit = 1
* NMEA Latitude = 80 36.34 N
* NMEA Longitude = 154 17.06 E
* NMEA UTC (Time) = Sep 21 2025  20:08:11
* NMEA baud rate = 9600
** Ship: USCG HEALY
** Bot. Depth:  2371
** Cast Number:  01
** Station Name:  NABOS
** Station Number:  28
** Operator:  STARC
# nquan = 25
# nvalues = 1176                                  
# units = specified
# name 0 = depSM: Depth [salt water, m]
# name 1 = latitude: Latitude [deg]
# name 2 = longitude: Longitude [deg]
# name 3 = prDM: Pressure, Digiquartz [db]
# name 4 = t090C: Temperature [ITS-90, deg C]
# name 5 = t190C: Temperature, 2 [ITS-90, deg C]
# name 6 = c0mS/cm: Conductivity [mS/cm]
# name 7 = c1mS/cm: Conductivity, 2 [mS/cm]
# name 8 = sal00: Salinity, Practical [PSU]
# name 9 = sal11: Salinity, Practical, 2 [PSU]
# name 10 = sbox0Mm/Kg: Oxygen, SBE 43 [umol/kg]
# name 11 = sbox1Mm/Kg: Oxygen, SBE 43, 2 [umol/kg]
# name 12 = flECO-AFL: Fluorescence, WET Labs ECO-AFL/FL [mg/m^3]
# name 13 = v2: Voltage 2
# name 14 = wetCDOM: Fluorescence, WET Labs CDOM [mg/m^3]
# name 15 = v6: Voltage 6
# name 16 = CStarAt0: Beam Attenuation, WET Labs C-Star [1/m]
# name 17 = v3: Voltage 3
# name 18 = scan: Scan Count
# name 19 = timeM: Time, Elapsed [minutes]
# name 20 = altM: Altimeter [m]
# name 21 = sbeox0V: Oxygen raw, SBE 43 [V]
# name 22 = sbeox1V: Oxygen raw, SBE 43, 2 [V]
# name 23 = nbf: Bottles Fired
# name 24 = flag:  0.000e+00
# interval = seconds: 0.0416667
# start_time = Sep 21 2025 20:08:11 [NMEA time, header]
# bad_flag = -9.990e-29
*END*
[from data line 406]
    150.235   80.60050  154.27126    151.900     0.2366     0.2362  29.007029  29.005276    34.5996    34.5978    301.670    295.471    -0.1671     4.6300     0.0855     0.0855     0.0506     0.0183      86687    60.1986     100.00     2.3295     2.0391          9  0.000e+00
    150.219   80.60050  154.27126    151.884     0.2368     0.2363  29.007152  29.005740    34.5996    34.5982    301.668    295.705    -0.1671     4.6300     0.0842     0.0842     0.0506     0.0183      86688    60.1993     100.00     2.3295     2.0403          9  0.000e+00
    150.284   80.60050  154.27126    151.950     0.2366     0.2365  29.007029  29.005740    34.5996    34.5981    301.672    295.945    -0.1671     4.6300     0.0855     0.0855     0.0506     0.0183      86689    60.2000     100.00     2.3295     2.0415          9  0.000e+00
    150.235   80.60050  154.27126    151.900     0.2366     0.2366  29.006967  29.005160    34.5995    34.5972    301.670    295.706    -0.1671     4.6300     0.0855     0.0855     0.0506     0.0183      86690    60.2007     100.00     2.3295     2.0403          9  0.000e+00
    150.219   80.60050  154.27126    151.884     0.2363     0.2366  29.007152  29.005682    34.6001    34.5978    301.671    295.941    -0.1976     4.6300     0.0855     0.0855     0.0506     0.0171      86691    60.2014     100.00     2.3295     2.0415          9  0.000e+00
    150.284   80.60050  154.27126    151.950     0.2366     0.2365  29.007029  29.005450    34.5996    34.5977    301.672    295.708    -0.1671     4.6300     0.0855     0.0855     0.0506     0.0183      86692    60.2021     100.00     2.3295     2.0403          9  0.000e+00
    150.235   80.60050  154.27126    151.900     0.2363     0.2366  29.007152  29.005566    34.6001    34.5977    301.671    295.467    -0.1671     4.6300     0.0842     0.0842     0.0506     0.0183      86693    60.2028     100.00     2.3295     2.0391          9  0.000e+00
    150.284   80.60050  154.27126    151.950     0.2363     0.2365  29.007214  29.005218    34.6001    34.5974    301.673    295.234    -0.1671     4.6300     0.0855     0.0855     0.0506     0.0183      86694    60.2035     100.00     2.3295     2.0378          9  0.000e+00
    150.219   80.60050  154.27126    151.884     0.2364     0.2365  29.007214  29.005276    34.6001    34.5975    301.670    294.756    -0.1671     4.6300     0.0842     0.0842     0.0506     0.0183      86695    60.2042     100.00     2.3295     2.0354          9  0.000e+00
    150.235   80.60050  154.27126    151.900     0.2366     0.2365  29.007276  29.005160    34.5999    34.5973    301.669    294.519    -0.1671     4.6300     0.0855     0.0855     0.0506     0.0183      86696    60.2049     100.00     2.3295     2.0342          9  0.000e+00
    150.219   80.60050  154.27126    151.884     0.2364     0.2364  29.007214  29.005508    34.6001    34.5979    301.670    294.518    -0.1671     4.6300     0.0855     0.0855     0.0506     0.0183      86697    60.2056     100.00     2.3295     2.0342          9  0.000e+00
    150.284   80.60050  154.27126    151.950     0.2366     0.2365  29.007214  29.005392    34.5998    34.5976    301.671    294.283    -0.1366     4.6300     0.0842     0.0842     0.0506     0.0195      86698    60.2062     100.00     2.3295     2.0330          9  0.000e+00
    150.284   80.60050  154.27126    151.950     0.2364     0.2363  29.006844  29.005334    34.5995    34.5977    301.674    294.759    -0.1671     4.6300     0.0855     0.0855     0.0506     0.0183      86699    60.2069     100.00     2.3295     2.0354          9  0.000e+00
    150.235   80.60050  154.27126    151.900     0.2366     0.2365  29.007090  29.005740    34.5997    34.5981    301.670    294.992    -0.1671     4.6300     0.0842     0.0842     0.0506     0.0183      86700    60.2076     100.00     2.3295     2.0366          9  0.000e+00
    150.219   80.60050  154.27126    151.884     0.2363     0.2366  29.007214  29.005508    34.6002    34.5977    301.671    295.229    -0.1976     4.6300     0.0842     0.0842     0.0506     0.0171      86701    60.2083     100.00     2.3295     2.0378          9  0.000e+00
    150.284   80.60050  154.27126    151.950     0.2366     0.2363  29.007029  29.005566    34.5996    34.5980    301.672    294.995    -0.1366     4.6300     0.0842     0.0842     0.0506     0.0195      86702    60.2090     100.00     2.3295     2.0366          9  0.000e+00
    150.235   80.60050  154.27126    151.900     0.2366     0.2363  29.007399  29.005798    34.6001    34.5983    301.669    294.755    -0.1366     4.6288     0.0855     0.0855     0.0517     0.0195      86703    60.2097     100.00     2.3295     2.0354          9  0.000e+00
    150.284   80.60050  154.27126    151.950     0.2364     0.2363  29.007276  29.005682    34.6001    34.5981    301.873    294.758    -0.1366     4.6300     0.0855     0.0855     0.0506     0.0195      86704    60.2104     100.00     2.3307     2.0354          9  0.000e+00
    150.219   80.60050  154.27126    151.884     0.2366     0.2362  29.007584  29.005392    34.6004    34.5979    301.868    294.756    -0.1366     4.6300     0.0842     0.0842     0.0506     0.0195      86705    60.2111     100.00     2.3307     2.0354          9  0.000e+00
    150.235   80.60050  154.27126    151.900     0.2366     0.2366  29.007399  29.005566    34.6001    34.5977    301.669    294.992    -0.1366     4.6300     0.0842     0.0842     0.0506     0.0195      86706    60.2118     100.00     2.3295     2.0366          9  0.000e+00
    150.284   80.60050  154.27126    151.950     0.2366     0.2365  29.007214  29.005450    34.5998    34.5977    301.671    294.995    -0.1366     4.6300     0.0855     0.0855     0.0506     0.0195      86707    60.2125     100.00     2.3295     2.0366          9  0.000e+00
    150.219   80.60050  154.27126    151.884     0.2366     0.2365  29.007214  29.005508    34.5999    34.5978    301.668    295.230    -0.1366     4.6300     0.0842     0.0842     0.0506     0.0195      86708    60.2132     100.00     2.3295     2.0378          9  0.000e+00
    150.235   80.60050  154.27126    151.900     0.2366     0.2361  29.007029  29.005392    34.5996    34.5980    301.670    295.708    -0.1061     4.6300     0.0855     0.0855     0.0506     0.0208      86709    60.2139     100.00     2.3295     2.0403          9  0.000e+00
    150.284   80.60050  154.27126    151.950     0.2368     0.2362  29.007152  29.005508    34.5996    34.5981    301.871    295.709    -0.1366     4.6300     0.0855     0.0855     0.0506     0.0195      86710    60.2146     100.00     2.3307     2.0403          9  0.000e+00
    150.219   80.60050  154.27124    151.884     0.2366     0.2363  29.007214  29.005392    34.5999    34.5978    301.668    295.943    -0.1366     4.6300     0.0842     0.0842     0.0506     0.0195      86711    60.2153     100.00     2.3295     2.0415          9  0.000e+00
    150.284   80.60050  154.27124    151.950     0.2368     0.2364  29.007214  29.005392    34.5997    34.5977    301.871    295.708    -0.1366     4.6300     0.0855     0.0855     0.0506     0.0195      86712    60.2160     100.00     2.3307     2.0403          9  0.000e+00
    150.235   80.60050  154.27124    151.900     0.2366     0.2363  29.007029  29.005508    34.5996    34.5979    301.870    295.231    -0.1366     4.6300     0.0855     0.0855     0.0506     0.0195      86713    60.2167     100.00     2.3307     2.0378          9  0.000e+00
    150.219   80.60050  154.27124    151.884     0.2366     0.2363  29.007399  29.005392    34.6001    34.5978    301.668    294.993    -0.1366     4.6300     0.0842     0.0842     0.0506     0.0195      86714    60.2174     100.00     2.3295     2.0366          9  0.000e+00
    150.284   80.60050  154.27124    151.950     0.2369     0.2363  29.007276  29.005508    34.5995    34.5979    301.669    294.520    -0.1366     4.6300     0.0842     0.0842     0.0506     0.0195      86715    60.2181     100.00     2.3295     2.0342          9  0.000e+00
    150.235   80.60050  154.27124    151.900     0.2368     0.2364  29.007276  29.005392    34.5998    34.5977    301.668    294.518    -0.1366     4.6300     0.0830     0.0830     0.0506     0.0195      86716    60.2188     100.00     2.3295     2.0342          9  0.000e+00
    150.219   80.60050  154.27124    151.884     0.2368     0.2362  29.007214  29.005566    34.5997    34.5982    301.667    294.756    -0.1366     4.6300     0.0830     0.0830     0.0506     0.0195      86717    60.2194     100.00     2.3295     2.0354          9  0.000e+00
    150.284   80.60050  154.27124    151.950     0.2368     0.2363  29.007399  29.005392    34.5999    34.5977    301.669    294.996    -0.1366     4.6300     0.0830     0.0830     0.0506     0.0195      86718    60.2201     100.00     2.3295     2.0366          9  0.000e+00
    150.235   80.60050  154.27124    151.900     0.2368     0.2365  29.007276  29.005334    34.5998    34.5976    301.868    294.993    -0.1366     4.6300     0.0842     0.0842     0.0506     0.0195      86719    60.2208     100.00     2.3307     2.0366          9  0.000e+00
    150.284   80.60050  154.27124    151.950     0.2368     0.2366  29.007276  29.005508    34.5997    34.5976    301.871    294.519    -0.1366     4.6300     0.0830     0.0830     0.0506     0.0195      86720    60.2215     100.00     2.3307     2.0342          9  0.000e+00
    150.219   80.60050  154.27124    151.884     0.2366     0.2365  29.007461  29.005624    34.6002    34.5979    301.667    294.279    -0.1061     4.6300     0.0842     0.0842     0.0506     0.0208      86721    60.2222     100.00     2.3295     2.0329          9  0.000e+00
    129.857   80.60038  154.27074    131.290    -0.2053    -0.2054  28.543483  28.542092    34.4963    34.4945    304.955    298.202    -0.1061     4.6288     0.0867     0.0867     0.0517     0.0208      89197    61.9417     100.00     2.3292     2.0364         10  0.000e+00
    129.767   80.60038  154.27074    131.198    -0.2052    -0.2054  28.543483  28.542034    34.4962    34.4945    305.154    297.958    -0.1061     4.6288     0.0867     0.0867     0.0517     0.0208      89198    61.9424     100.00     2.3304     2.0352         10  0.000e+00
    129.857   80.60038  154.27074    131.290    -0.2053    -0.2054  28.543544  28.541804    34.4963    34.4941    304.955    297.963    -0.1061     4.6288     0.0867     0.0867     0.0517     0.0208      89199    61.9431     100.00     2.3292     2.0352         10  0.000e+00
    129.799   80.60038  154.27074    131.232    -0.2052    -0.2051  28.544096  28.542092    34.4970    34.4942    305.153    297.958    -0.1366     4.6288     0.0855     0.0855     0.0517     0.0195      89200    61.9438     100.00     2.3304     2.0352         10  0.000e+00
    129.857   80.60038  154.27074    131.290    -0.2052    -0.2054  28.544096  28.542035    34.4970    34.4944    304.953    298.202    -0.1366     4.6288     0.0855     0.0855     0.0517     0.0195      89201    61.9444     100.00     2.3292     2.0364         10  0.000e+00
    129.799   80.60038  154.27074    131.232    -0.2051    -0.2051  28.544219  28.542265    34.4971    34.4945    304.949    298.437    -0.1366     4.6288     0.0867     0.0867     0.0517     0.0195      89202    61.9451     100.00     2.3292     2.0376         10  0.000e+00
    129.857   80.60038  154.27074    131.290    -0.2050    -0.2054  28.543851  28.542265    34.4965    34.4948    304.952    298.202    -0.1366     4.6288     0.0867     0.0867     0.0517     0.0195      89203    61.9458     100.00     2.3292     2.0364         10  0.000e+00
    129.799   80.60038  154.27074    131.232    -0.2052    -0.2052  28.543912  28.541861    34.4968    34.4941    304.951    297.960    -0.1366     4.6288     0.0867     0.0867     0.0517     0.0195      89204    61.9465     100.00     2.3292     2.0352         10  0.000e+00
    129.799   80.60038  154.27074    131.232    -0.2051    -0.2052  28.543790  28.542323    34.4965    34.4947    304.951    297.718    -0.1366     4.6288     0.0867     0.0867     0.0517     0.0195      89205    61.9472     100.00     2.3292     2.0339         10  0.000e+00
    129.857   80.60038  154.27074    131.290    -0.2050    -0.2054  28.543728  28.542323    34.4963    34.4948    304.953    297.481    -0.1061     4.6288     0.0855     0.0855     0.0517     0.0208      89206    61.9479     100.00     2.3292     2.0327         10  0.000e+00
    129.799   80.60038  154.27074    131.232    -0.2052    -0.2052  28.543728  28.542034    34.4965    34.4943    304.951    297.479    -0.1366     4.6288     0.0867     0.0867     0.0517     0.0195      89207    61.9486     100.00     2.3292     2.0327         10  0.000e+00
    129.857   80.60038  154.27074    131.290    -0.2053    -0.2054  28.543728  28.541977    34.4966    34.4944    304.954    297.482    -0.1366     4.6288     0.0867     0.0867     0.0517     0.0195      89208    61.9493     100.00     2.3292     2.0327         10  0.000e+00
    129.832   80.60038  154.27074    131.265    -0.2052    -0.2054  28.543728  28.542150    34.4965    34.4946    304.750    297.480    -0.1366     4.6288     0.0867     0.0867     0.0517     0.0195      89209    61.9500     100.00     2.3279     2.0327         10  0.000e+00
    129.799   80.60038  154.27074    131.232    -0.2050    -0.2052  28.543912  28.541861    34.4966    34.4941    304.950    297.479    -0.1366     4.6288     0.0855     0.0855     0.0517     0.0195      89210    61.9507     100.00     2.3292     2.0327         10  0.000e+00
    129.857   80.60038  154.27074    131.290    -0.2054    -0.2054  28.544035  28.541919    34.4972    34.4943    304.954    297.482    -0.1366     4.6288     0.0855     0.0855     0.0517     0.0195      89211    61.9514     100.00     2.3292     2.0327         10  0.000e+00
    129.799   80.60038  154.27074    131.232    -0.2052    -0.2055  28.544035  28.541977    34.4970    34.4946    304.950    297.240    -0.1366     4.6300     0.0855     0.0855     0.0506     0.0195      89212    61.9521     100.00     2.3292     2.0315         10  0.000e+00
    129.799   80.60038  154.27074    131.232    -0.2053    -0.2055  28.543667  28.541861    34.4966    34.4944    304.952    297.241    -0.1061     4.6300     0.0855     0.0855     0.0506     0.0208      89213    61.9528     100.00     2.3292     2.0315         10  0.000e+00
    129.857   80.60038  154.27074    131.290    -0.2052    -0.2055  28.543667  28.541919    34.4964    34.4945    304.954    297.243    -0.1366     4.6288     0.0855     0.0855     0.0517     0.0195      89214    61.9535     100.00     2.3292     2.0315         10  0.000e+00
    129.799   80.60038  154.27074    131.232    -0.2053    -0.2054  28.543728  28.541977    34.4966    34.4944    304.749    297.239    -0.1366     4.6288     0.0867     0.0867     0.0517     0.0195      89215    61.9542     100.00     2.3279     2.0315         10  0.000e+00
    129.857   80.60038  154.27074    131.290    -0.2055    -0.2055  28.543299  28.541977    34.4963    34.4946    305.160    297.483    -0.1366     4.6300     0.0855     0.0855     0.0506     0.0195      89216    61.9549     100.00     2.3304     2.0327         10  0.000e+00
    129.799   80.60038  154.27074    131.232    -0.2056    -0.2055  28.543176  28.541804    34.4963    34.4944    304.956    297.721    -0.1061     4.6300     0.0855     0.0855     0.0506     0.0208      89217    61.9556     100.00     2.3292     2.0339         10  0.000e+00
    129.857   80.60038  154.27074    131.290    -0.2057    -0.2057  28.543177  28.542092    34.4964    34.4949    304.959    297.963    -0.1366     4.6288     0.0867     0.0867     0.0517     0.0195      89218    61.9562     100.00     2.3292     2.0352         10  0.000e+00
