Continuous CTD Data/SBE Stage/nabos_21_01avg.cnv
* Sea-Bird SBE 9 Data File:
* FileName = D:\CTD\data\HLY2502\raw\NABOS_21_01.hex
* Software Version Seasave V 7.26.7.110
* Temperature SN = 6954
* Conductivity SN = 2561
* Number of Bytes Per Scan = 37
* Number of Voltage Words = 4
* Number of Scans Averaged by the Deck Unit = 1
* NMEA Latitude = 79 01.32 N
* NMEA Longitude = 173 57.73 E
* NMEA UTC (Time) = Sep 18 2025  13:52:18
* NMEA baud rate = 9600
** Ship: USCG HEALY
** Bot. Depth:  2477
** Cast Number:  01
** Station Name:  NABOS
** Station Number:  21
** Operator:  STARC
# nquan = 25
# nvalues = 254                         
# units = specified
# name 0 = depSM: Depth [salt water, m]
# name 1 = latitude: Latitude [deg]
# name 2 = longitude: Longitude [deg]
# name 3 = prDM: Pressure, Digiquartz [db]
# name 4 = t090C: Temperature [ITS-90, deg C]
# name 5 = t190C: Temperature, 2 [ITS-90, deg C]
# name 6 = c0mS/cm: Conductivity [mS/cm]
# name 7 = c1mS/cm: Conductivity, 2 [mS/cm]
# name 8 = sal00: Salinity, Practical [PSU]
# name 9 = sal11: Salinity, Practical, 2 [PSU]
# name 10 = sbox0Mm/Kg: Oxygen, SBE 43 [umol/kg]
# name 11 = sbox1Mm/Kg: Oxygen, SBE 43, 2 [umol/kg]
# name 12 = flECO-AFL: Fluorescence, WET Labs ECO-AFL/FL [mg/m^3]
# name 13 = v2: Voltage 2
# name 14 = wetCDOM: Fluorescence, WET Labs CDOM [mg/m^3]
# name 15 = v6: Voltage 6
# name 16 = CStarAt0: Beam Attenuation, WET Labs C-Star [1/m]
# name 17 = v3: Voltage 3
# name 18 = scan: Scan Count
# name 19 = timeM: Time, Elapsed [minutes]
# name 20 = altM: Altimeter [m]
# name 21 = sbeox0V: Oxygen raw, SBE 43 [V]
# name 22 = sbeox1V: Oxygen raw, SBE 43, 2 [V]
# name 23 = nbin: number of scans per bin
# name 24 = flag: flag
# span 0 =      2.968,    253.144       
# span 1 =   79.02259,   79.02679       
# span 2 =  173.96274,  173.96670       
# span 3 =      3.000,    256.000       
# span 4 =    -1.7646,     0.8186       
# span 5 =    -1.7644,     0.8182       
# span 6 =  24.750839,  29.694937       
# span 7 =  24.749629,  29.693378       
# span 8 =    31.0112,    34.7833       
# span 9 =    31.0092,    34.7812       
# span 10 =    290.982,    373.311      
# span 11 =    285.693,    366.375      
# span 12 =    -0.2307,     0.4069      
# span 13 =     4.5889,     4.6729      
# span 14 =     0.0803,     0.1070      
# span 15 =     0.0803,     0.1070      
# span 16 =     0.0137,     0.0863      
# span 17 =     0.0158,     0.0413      
# span 18 =       3086,      25077      
# span 19 =     2.1424,    17.4140      
# span 20 =     100.00,     100.00      
# span 21 =     2.2729,     2.6369      
# span 22 =     1.9925,     2.2968      
# span 23 =          1,         27      
# span 24 = 0.0000e+00, 0.0000e+00      
# interval = decibars: 1                
# start_time = Sep 18 2025 13:52:18 [NMEA time, header]
# bad_flag = -9.990e-29
*END*
      2.968   79.02259  173.96274      3.000    -1.6419    -1.6424  24.759014  24.757778    31.0138    31.0123    372.754    363.483     0.3300     4.5983     0.0997     0.0997     0.0781     0.0382       3086     2.1424     100.00     2.6204     2.2722          1 0.0000e+00
      3.958   79.02266  173.96278      4.000    -1.6435    -1.6439  24.758544  24.757170    31.0141    31.0125    371.859    363.598     0.3747     4.5931     0.0981     0.0981     0.0826     0.0400       3384     2.3492     100.00     2.6150     2.2724         19 0.0000e+00
      4.947   79.02268  173.96281      5.000    -1.6447    -1.6455  24.758021  24.756289    31.0140    31.0124    371.783    363.567     0.3605     4.5939     0.0980     0.0980     0.0819     0.0394       3528     2.4493     100.00     2.6143     2.2720         21 0.0000e+00
      5.937   79.02271  173.96283      6.000    -1.6432    -1.6438  24.759559  24.757888    31.0139    31.0122    372.271    363.568     0.3625     4.5946     0.0991     0.0991     0.0813     0.0395       3649     2.5330     100.00     2.6168     2.2718         23 0.0000e+00
      6.926   79.02273  173.96285      7.000    -1.6461    -1.6457  24.757771  24.756804    31.0139    31.0121    372.391    362.859     0.3563     4.5947     0.0981     0.0981     0.0812     0.0393       3735     2.5928     100.00     2.6170     2.2681         20 0.0000e+00
      7.915   79.02274  173.96286      8.000    -1.6455    -1.6451  24.758680  24.757740    31.0140    31.0122    372.368    362.962     0.3726     4.5952     0.0986     0.0986     0.0808     0.0399       3800     2.6382     100.00     2.6167     2.2684         22 0.0000e+00
      8.905   79.02274  173.96287      9.000    -1.6465    -1.6454  24.758354  24.757919    31.0139    31.0122    372.347    364.302     0.3644     4.5943     0.0984     0.0984     0.0815     0.0396       3851     2.6735     100.00     2.6162     2.2746         20 0.0000e+00
      9.894   79.02276  173.96288     10.000    -1.6227    -1.6157  24.774995  24.778736    31.0113    31.0092    372.294    364.005     0.3601     4.5948     0.0976     0.0976     0.0811     0.0394       3902     2.7091     100.00     2.6171     2.2745         22 0.0000e+00
     10.884   79.02277  173.96290     11.000    -1.6190    -1.6245  24.778081  24.772853    31.0112    31.0096    372.506    362.954     0.3520     4.5948     0.0970     0.0970     0.0812     0.0391       3952     2.7438     100.00     2.6183     2.2687         23 0.0000e+00
     11.873   79.02278  173.96290     12.000    -1.6465    -1.6419  24.758023  24.760231    31.0118    31.0099    372.384    363.792     0.3291     4.5955     0.0982     0.0982     0.0806     0.0382       4003     2.7795     100.00     2.6155     2.2716         23 0.0000e+00
     12.863   79.02279  173.96291     13.000    -1.6568    -1.6572  24.750839  24.749629    31.0120    31.0107    372.169    363.400     0.3554     4.5953     0.0978     0.0978     0.0807     0.0392       4054     2.8149     100.00     2.6134     2.2686         23 0.0000e+00
     13.852   79.02280  173.96292     14.000    -1.6560    -1.6561  24.752204  24.751015    31.0125    31.0109    372.202    363.391     0.3531     4.5949     0.0985     0.0985     0.0811     0.0392       4106     2.8508     100.00     2.6134     2.2684         23 0.0000e+00
     14.841   79.02281  173.96292     15.000    -1.6561    -1.6561  24.752702  24.751596    31.0127    31.0111    372.074    362.998     0.3503     4.5946     0.0974     0.0974     0.0813     0.0390       4159     2.8876     100.00     2.6123     2.2663         22 0.0000e+00
     15.831   79.02282  173.96294     16.000    -1.6543    -1.6541  24.757069  24.756199    31.0162    31.0147    371.680    363.712     0.3518     4.5951     0.0977     0.0977     0.0809     0.0391       4212     2.9242     100.00     2.6100     2.2697         23 0.0000e+00
     16.820   79.02283  173.96295     17.000    -1.6529    -1.6526  24.761290  24.760914    31.0199    31.0190    371.374    363.235     0.3249     4.5945     0.0977     0.0977     0.0814     0.0380       4265     2.9610     100.00     2.6081     2.2673         23 0.0000e+00
     17.809   79.02284  173.96296     18.000    -1.6497    -1.6488  24.770637  24.771789    31.0288    31.0295    371.012    363.122     0.3124     4.5955     0.0969     0.0969     0.0805     0.0375       4317     2.9974     100.00     2.6061     2.2668         23 0.0000e+00
     18.799   79.02285  173.96296     19.000    -1.6296    -1.6281  24.833766  24.836599    31.0939    31.0963    370.566    363.001     0.3243     4.5944     0.0983     0.0983     0.0815     0.0380       4369     3.0336     100.00     2.6057     2.2681         21 0.0000e+00
     19.788   79.02286  173.96298     20.000    -1.5970    -1.5966  24.950008  24.949854    31.2189    31.2183    370.117    363.727     0.3496     4.5949     0.0996     0.0996     0.0811     0.0390       4422     3.0700     100.00     2.6071     2.2747         27 0.0000e+00
     20.777   79.02287  173.96298     21.000    -1.5774    -1.5756  25.035516  25.040356    31.3151    31.3199    370.436    364.233     0.3532     4.5945     0.1007     0.1007     0.0814     0.0392       4473     3.1056     100.00     2.6115     2.2795         23 0.0000e+00
     21.767   79.02288  173.96299     22.000    -1.5200    -1.5180  25.311934  25.318794    31.6332    31.6405    369.871    362.349     0.3795     4.5938     0.1014     0.1014     0.0821     0.0402       4525     3.1414     100.00     2.6170     2.2777         20 0.0000e+00
     22.756   79.02289  173.96300     23.000    -1.4950    -1.4947  25.515469  25.515430    31.8853    31.8850    369.987    362.121     0.4019     4.5889     0.1036     0.1036     0.0863     0.0411       4577     3.1778     100.00     2.6232     2.2810         20 0.0000e+00
     23.746   79.02290  173.96302     24.000    -1.5024    -1.5028  25.535251  25.534087    31.9198    31.9186    371.524    363.437     0.4069     4.5916     0.1040     0.1040     0.0839     0.0413       4631     3.2154     100.00     2.6319     2.2872         21 0.0000e+00
     24.735   79.02292  173.96302     25.000    -1.5317    -1.5335  25.524853  25.522483    31.9364    31.9351    372.609    361.978     0.3385     4.6022     0.1029     0.1029     0.0747     0.0386       4686     3.2531     100.00     2.6362     2.2784         22 0.0000e+00
     25.724   79.02292  173.96303     26.000    -1.5843    -1.5855  25.498224  25.496595    31.9557    31.9547    373.311    365.823     0.2478     4.6105     0.1021     0.1021     0.0676     0.0349       4739     3.2902     100.00     2.6369     2.2943         16 0.0000e+00
     26.713   79.02293  173.96304     27.000    -1.5927    -1.5923  25.513230  25.512182    31.9848    31.9830    373.309    366.375     0.2323     4.6179     0.1034     0.1034     0.0611     0.0343       4793     3.3281     100.00     2.6365     2.2968         20 0.0000e+00
     27.703   79.02294  173.96305     28.000    -1.5853    -1.5857  25.534843  25.533523    32.0060    32.0046    371.910    365.390     0.2647     4.6222     0.1035     0.1035     0.0575     0.0356       4846     3.3647     100.00     2.6290     2.2925         18 0.0000e+00
     28.692   79.02296  173.96306     29.000    -1.5985    -1.5985  25.539044  25.537781    32.0254    32.0236    371.419    362.232     0.2350     4.6241     0.1037     0.1037     0.0557     0.0344       4899     3.4017     100.00     2.6254     2.2765         18 0.0000e+00
     29.682   79.02296  173.96306     30.000    -1.6283    -1.6286  25.529406  25.527996    32.0436    32.0421    371.051    362.150     0.1786     4.6268     0.1055     0.1055     0.0535     0.0321       4953     3.4388     100.00     2.6214     2.2745         18 0.0000e+00
     30.671   79.02298  173.96308     31.000    -1.6325    -1.6324  25.537367  25.536275    32.0585    32.0569    369.656    362.344     0.1690     4.6315     0.1052     0.1052     0.0494     0.0317       5006     3.4755     100.00     2.6131     2.2752         16 0.0000e+00
     31.660   79.02298  173.96309     32.000    -1.6300    -1.6301  25.547031  25.545716    32.0686    32.0669    368.485    360.957     0.2102     4.6318     0.1034     0.1034     0.0491     0.0334       5058     3.5121     100.00     2.6064     2.2685         16 0.0000e+00
     32.649   79.02300  173.96310     33.000    -1.6486    -1.6488  25.544262  25.542869    32.0843    32.0825    368.565    361.315     0.1788     4.6319     0.1050     0.1050     0.0490     0.0321       5111     3.5484     100.00     2.6056     2.2692         15 0.0000e+00
     33.639   79.02300  173.96310     34.000    -1.6755    -1.6754  25.538338  25.537281    32.1045    32.1029    368.939    361.006     0.1418     4.6342     0.1051     0.1051     0.0469     0.0306       5163     3.5844     100.00     2.6061     2.2664         16 0.0000e+00
     34.628   79.02302  173.96312     35.000    -1.6693    -1.6693  25.558607  25.557559    32.1252    32.1237    367.580    360.281     0.1321     4.6359     0.1050     0.1050     0.0455     0.0303       5214     3.6203     100.00     2.5988     2.2632         15 0.0000e+00
     35.617   79.02302  173.96312     36.000    -1.6800    -1.6803  25.566024  25.564799    32.1465    32.1451    366.257    359.672     0.1457     4.6357     0.1045     0.1045     0.0457     0.0308       5267     3.6569     100.00     2.5906     2.2598         16 0.0000e+00
     36.606   79.02304  173.96314     37.000    -1.6873    -1.6872  25.575327  25.574491    32.1666    32.1654    365.616    358.563     0.1048     4.6381     0.1054     0.1054     0.0436     0.0292       5318     3.6923     100.00     2.5865     2.2540         16 0.0000e+00
     37.596   79.02305  173.96315     38.000    -1.6847    -1.6846  25.593207  25.592249    32.1879    32.1864    364.657    357.604     0.1289     4.6392     0.1043     0.1043     0.0427     0.0301       5370     3.7288     100.00     2.5812     2.2496         19 0.0000e+00
     38.585   79.02306  173.96316     39.000    -1.6937    -1.6939  25.601525  25.600474    32.2086    32.2074    364.293    357.295     0.0769     4.6395     0.1057     0.1057     0.0424     0.0281       5421     3.7641     100.00     2.5787     2.2477         18 0.0000e+00
     39.574   79.02307  173.96316     40.000    -1.7030    -1.7030  25.615184  25.614757    32.2369    32.2363    364.358    357.531     0.1001     4.6420     0.1061     0.1061     0.0403     0.0290       5472     3.7995     100.00     2.5786     2.2485         16 0.0000e+00
     40.563   79.02308  173.96318     41.000    -1.7116    -1.7121  25.639952  25.639027    32.2799    32.2792    363.502    356.385     0.0549     4.6432     0.1055     0.1055     0.0392     0.0272       5524     3.8354     100.00     2.5736     2.2428         22 0.0000e+00
     41.553   79.02309  173.96318     42.000    -1.7198    -1.7199  25.659311  25.658780    32.3150    32.3144    362.473    355.105     0.0384     4.6454     0.1055     0.1055     0.0373     0.0265       5575     3.8711     100.00     2.5675     2.2365         19 0.0000e+00
     42.542   79.02310  173.96320     43.000    -1.7264    -1.7263  25.683060  25.682917    32.3545    32.3542    361.376    354.230     0.0490     4.6460     0.1050     0.1050     0.0368     0.0270       5627     3.9071     100.00     2.5612     2.2322         20 0.0000e+00
     43.531   79.02311  173.96320     44.000    -1.7289    -1.7292  25.707140  25.706364    32.3899    32.3892    360.948    354.432     0.0596     4.6468     0.1045     0.1045     0.0361     0.0274       5679     3.9434     100.00     2.5588     2.2333         18 0.0000e+00
     44.520   79.02312  173.96321     45.000    -1.7386    -1.7385  25.717739  25.716989    32.4146    32.4135    361.139    353.763     0.0271     4.6472     0.1058     0.1058     0.0358     0.0261       5731     3.9788     100.00     2.5595     2.2297         20 0.0000e+00
     45.510   79.02313  173.96322     46.000    -1.7376    -1.7376  25.741013  25.740417    32.4452    32.4444    361.180    354.694    -0.0103     4.6494     0.1040     0.1040     0.0340     0.0246       5783     4.0152     100.00     2.5600     2.2344         21 0.0000e+00
     46.499   79.02314  173.96324     47.000    -1.7411    -1.7410  25.764967  25.765032    32.4816    32.4815    360.483    353.926    -0.0132     4.6508     0.1040     0.1040     0.0327     0.0245       5835     4.0513     100.00     2.5561     2.2308         23 0.0000e+00
     47.488   79.02315  173.96324     48.000    -1.7488    -1.7491  25.791745  25.790969    32.5265    32.5257    359.499    352.727     0.0034     4.6508     0.1046     0.1046     0.0327     0.0251       5887     4.0874     100.00     2.5505     2.2249         22 0.0000e+00
     48.477   79.02316  173.96326     49.000    -1.7551    -1.7551  25.811626  25.810778    32.5603    32.5592    359.222    352.142    -0.0310     4.6511     0.1055     0.1055     0.0324     0.0237       5939     4.1234     100.00     2.5488     2.2220         21 0.0000e+00
     49.467   79.02317  173.96327     50.000    -1.7601    -1.7601  25.828910  25.828287    32.5892    32.5883    359.533    352.355    -0.0477     4.6520     0.1045     0.1045     0.0316     0.0231       5991     4.1596     100.00     2.5504     2.2230         22 0.0000e+00
     50.456   79.02318  173.96328     51.000    -1.7635    -1.7635  25.851549  25.850829    32.6238    32.6228    359.408    352.370    -0.0502     4.6534     0.1035     0.1035     0.0305     0.0230       6042     4.1953     100.00     2.5498     2.2231         23 0.0000e+00
     51.445   79.02319  173.96328     52.000    -1.7646    -1.7644  25.868334  25.867747    32.6476    32.6467    359.122    351.935    -0.0524     4.6543     0.1051     0.1051     0.0298     0.0229       6094     4.2312     100.00     2.5482     2.2210         21 0.0000e+00
     52.434   79.02320  173.96330     53.000    -1.7636    -1.7636  25.890876  25.890139    32.6772    32.6761    358.631    351.761    -0.0501     4.6545     0.1047     0.1047     0.0296     0.0230       6145     4.2669     100.00     2.5456     2.2204         24 0.0000e+00
     53.423   79.02321  173.96330     54.000    -1.7619    -1.7616  25.912372  25.911725    32.7045    32.7033    357.931    351.141    -0.0506     4.6547     0.1048     0.1048     0.0294     0.0230       6197     4.3028     100.00     2.5419     2.2176         22 0.0000e+00
     54.412   79.02322  173.96332     55.000    -1.7587    -1.7583  25.933698  25.933229    32.7300    32.7289    357.212    350.438    -0.0474     4.6552     0.1032     0.1032     0.0289     0.0231       6249     4.3389     100.00     2.5381     2.2145         24 0.0000e+00
     55.402   79.02323  173.96332     56.000    -1.7473    -1.7465  25.963133  25.963275    32.7575    32.7569    356.303    348.649    -0.0519     4.6559     0.1041     0.1041     0.0283     0.0229       6302     4.3756     100.00     2.5338     2.2066         27 0.0000e+00
     56.391   79.02324  173.96334     57.000    -1.7294    -1.7286  26.006118  26.007236    32.7968    32.7974    355.147    347.865    -0.0530     4.6557     0.1054     0.1054     0.0285     0.0229       6352     4.4106     100.00     2.5287     2.2041         19 0.0000e+00
     57.380   79.02326  173.96334     58.000    -1.7108    -1.7102  26.074722  26.075297    32.8707    32.8709    353.465    346.920    -0.0474     4.6559     0.1048     0.1048     0.0283     0.0231       6404     4.4465     100.00     2.5211     2.2012         23 0.0000e+00
     58.369   79.02326  173.96336     59.000    -1.7024    -1.7018  26.120073  26.120448    32.9237    32.9235    350.796    343.796    -0.0450     4.6555     0.1049     0.1049     0.0287     0.0232       6455     4.4821     100.00     2.5069     2.1870         20 0.0000e+00
