Continuous CTD Data/SBE Stage/nabos_06_01.ros
* Sea-Bird SBE 9 Data File:
* FileName = D:\CTD\data\HLY2502\raw\NABOS_06_01.hex
* Software Version Seasave V 7.26.7.110
* Temperature SN = 6954
* Conductivity SN = 2561
* Number of Bytes Per Scan = 37
* Number of Voltage Words = 4
* Number of Scans Averaged by the Deck Unit = 1
* NMEA Latitude = 75 26.04 N
* NMEA Longitude = 173 41.44 E
* NMEA UTC (Time) = Sep 12 2025  12:20:28
* NMEA baud rate = 9600
** Ship: USCG HEALY
** Bot. Depth:  204
** Cast Number:  01
** Station Name:  NABOS
** Station Number:  06
** Operator:  STARC
# nquan = 25
# nvalues = 980                                   
# units = specified
# name 0 = depSM: Depth [salt water, m]
# name 1 = latitude: Latitude [deg]
# name 2 = longitude: Longitude [deg]
# name 3 = prDM: Pressure, Digiquartz [db]
# name 4 = t090C: Temperature [ITS-90, deg C]
# name 5 = t190C: Temperature, 2 [ITS-90, deg C]
# name 6 = c0mS/cm: Conductivity [mS/cm]
# name 7 = c1mS/cm: Conductivity, 2 [mS/cm]
# name 8 = sal00: Salinity, Practical [PSU]
# name 9 = sal11: Salinity, Practical, 2 [PSU]
# name 10 = sbox0Mm/Kg: Oxygen, SBE 43 [umol/kg]
# name 11 = sbox1Mm/Kg: Oxygen, SBE 43, 2 [umol/kg]
# name 12 = flECO-AFL: Fluorescence, WET Labs ECO-AFL/FL [mg/m^3]
# name 13 = v2: Voltage 2
# name 14 = wetCDOM: Fluorescence, WET Labs CDOM [mg/m^3]
# name 15 = v6: Voltage 6
# name 16 = CStarAt0: Beam Attenuation, WET Labs C-Star [1/m]
# name 17 = v3: Voltage 3
# name 18 = scan: Scan Count
# name 19 = timeM: Time, Elapsed [minutes]
# name 20 = altM: Altimeter [m]
# name 21 = sbeox0V: Oxygen raw, SBE 43 [V]
# name 22 = sbeox1V: Oxygen raw, SBE 43, 2 [V]
# name 23 = nbf: Bottles Fired
# name 24 = flag:  0.000e+00
# interval = seconds: 0.0416667
# start_time = Sep 12 2025 12:20:28 [NMEA time, header]
# bad_flag = -9.990e-29
*END*
[from data line 638]
     20.247   75.43276  173.69320     20.460    -1.1304    -1.1351  23.586170  23.584183    28.8967    28.8985    381.643    371.274     0.3213     4.6142     0.1087     0.1087     0.0644     0.0379      54596    37.9132      90.53     2.6639     2.3035         14  0.000e+00
     20.197   75.43276  173.69320     20.411    -1.1304    -1.1351  23.586456  23.584129    28.8971    28.8985    381.854    375.337     0.2908     4.6142     0.1087     0.1087     0.0644     0.0366      54597    37.9139      90.53     2.6651     2.3231         14  0.000e+00
     20.247   75.43276  173.69320     20.460    -1.1302    -1.1348  23.586628  23.584022    28.8971    28.8980    381.640    378.385     0.3213     4.6142     0.1087     0.1087     0.0644     0.0379      54598    37.9146      90.48     2.6639     2.3377         14  0.000e+00
     20.247   75.43276  173.69320     20.460    -1.1296    -1.1347  23.587086  23.584076    28.8972    28.8980    381.633    381.178     0.2908     4.6142     0.1087     0.1087     0.0644     0.0366      54599    37.9153      90.94     2.6639     2.3512         14  0.000e+00
     20.181   75.43276  173.69320     20.394    -1.1292    -1.1333  23.586800  23.584452    28.8964    28.8972    382.056    382.431     0.3213     4.6142     0.1087     0.1087     0.0644     0.0379      54600    37.9160      91.01     2.6663     2.3573         14  0.000e+00
     20.263   75.43276  173.69320     20.477    -1.1298    -1.1323  23.586399  23.584829    28.8964    28.8967    381.423    381.409     0.2602     4.6142     0.1087     0.1087     0.0644     0.0354      54601    37.9167      90.96     2.6627     2.3524         14  0.000e+00
     20.181   75.43276  173.69320     20.394    -1.1304    -1.1313  23.586800  23.584991    28.8976    28.8960    381.852    381.396     0.2602     4.6142     0.1087     0.1087     0.0644     0.0354      54602    37.9174      90.70     2.6651     2.3524         14  0.000e+00
     20.304   75.43276  173.69320     20.519    -1.1290    -1.1315  23.586972  23.585206    28.8964    28.8964    382.060    382.927     0.2602     4.6142     0.1087     0.1087     0.0644     0.0354      54603    37.9181      90.48     2.6663     2.3597         14  0.000e+00
     20.263   75.43276  173.69320     20.477    -1.1280    -1.1318  23.587315  23.585368    28.8959    28.8969    381.833    385.467     0.2602     4.6142     0.1074     0.1074     0.0644     0.0354      54604    37.9188      90.40     2.6651     2.3719         14  0.000e+00
     20.181   75.43276  173.69320     20.394    -1.1273    -1.1304  23.587086  23.586391    28.8949    28.8970    381.609    385.446     0.2602     4.6142     0.1074     0.1074     0.0644     0.0354      54605    37.9194      90.55     2.6639     2.3719         14  0.000e+00
     20.304   75.43276  173.69320     20.518    -1.1300    -1.1281  23.586228  23.587199    28.8963    28.8958    381.857    384.413     0.2602     4.6142     0.1074     0.1074     0.0644     0.0354      54606    37.9201      90.38     2.6651     2.3670         14  0.000e+00
     20.181   75.43276  173.69320     20.394    -1.1330    -1.1258  23.585884  23.588383    28.8988    28.8953    382.093    383.874     0.2602     4.6129     0.1074     0.1074     0.0654     0.0354      54607    37.9208      90.48     2.6663     2.3646         14  0.000e+00
     20.263   75.43276  173.69320     20.477    -1.1350    -1.1234  23.585598  23.588921    28.9003    28.8936    381.686    382.839     0.2602     4.6142     0.1074     0.1074     0.0644     0.0354      54608    37.9215      90.26     2.6639     2.3597         14  0.000e+00
     20.247   75.43276  173.69320     20.460    -1.1374    -1.1220  23.585369  23.588598    28.9023    28.8918    381.922    381.811     0.2602     4.6142     0.1074     0.1074     0.0644     0.0354      54609    37.9222      90.43     2.6651     2.3548         14  0.000e+00
     20.304   75.43276  173.69320     20.518    -1.1382    -1.1249  23.585140  23.587683    28.9028    28.8934    381.933    381.335     0.2602     4.6142     0.1087     0.1087     0.0644     0.0354      54610    37.9229      90.40     2.6651     2.3524         14  0.000e+00
     20.247   75.43276  173.69320     20.460    -1.1378    -1.1299  23.584682  23.586122    28.9018    28.8962    381.929    381.128     0.2297     4.6142     0.1074     0.1074     0.0644     0.0342      54611    37.9236      90.48     2.6651     2.3512         14  0.000e+00
     20.263   75.43276  173.69320     20.477    -1.1376    -1.1336  23.584797  23.584614    28.9018    28.8977    381.712    380.659     0.2602     4.6142     0.1074     0.1074     0.0644     0.0354      54612    37.9243      90.40     2.6639     2.3487         14  0.000e+00
     20.304   75.43276  173.69320     20.518    -1.1386    -1.1356  23.584854  23.584291    28.9028    28.8992    381.938    380.680     0.2602     4.6142     0.1074     0.1074     0.0644     0.0354      54613    37.9250      90.38     2.6651     2.3487         14  0.000e+00
     20.247   75.43276  173.69320     20.460    -1.1405    -1.1360  23.585427  23.584345    28.9054    28.8997    382.164    380.935     0.2602     4.6142     0.1074     0.1074     0.0644     0.0354      54614    37.9257      90.28     2.6663     2.3499         14  0.000e+00
     20.304   75.43276  173.69320     20.518    -1.1421    -1.1357  23.585198  23.584453    28.9066    28.8995    382.181    381.443     0.2602     4.6142     0.1074     0.1074     0.0644     0.0354      54615    37.9264      90.28     2.6663     2.3524         14  0.000e+00
     20.263   75.43276  173.69320     20.477    -1.1434    -1.1356  23.585312  23.584345    28.9081    28.8992    382.190    383.472     0.2602     4.6142     0.1074     0.1074     0.0644     0.0354      54616    37.9271      90.33     2.6663     2.3622         14  0.000e+00
     20.247   75.43276  173.69320     20.460    -1.1441    -1.1368  23.585312  23.584076    28.9087    28.9001    382.195    385.007     0.2602     4.6142     0.1074     0.1074     0.0644     0.0354      54617    37.9278      90.57     2.6663     2.3695         14  0.000e+00
     20.304   75.43276  173.69320     20.518    -1.1442    -1.1381  23.585141  23.584076    28.9086    28.9013    381.985    384.514     0.2602     4.6142     0.1074     0.1074     0.0644     0.0354      54618    37.9285      90.43     2.6651     2.3670         14  0.000e+00
     20.320   75.43276  173.69320     20.535    -1.1441    -1.1394  23.585255  23.584130    28.9086    28.9026    381.770    382.747     0.2602     4.6142     0.1074     0.1074     0.0644     0.0354      54619    37.9292      90.28     2.6639     2.3585         14  0.000e+00
     20.304   75.43276  173.69320     20.518    -1.1442    -1.1408  23.585141  23.583861    28.9086    28.9036    381.985    379.965     0.2602     4.6142     0.1074     0.1074     0.0644     0.0354      54620    37.9299      90.16     2.6651     2.3451         14  0.000e+00
     20.246   75.43276  173.69320     20.460    -1.1435    -1.1426  23.585083  23.583322    28.9078    28.9046    382.191    373.628     0.2602     4.6142     0.1074     0.1074     0.0644     0.0354      54621    37.9306      90.06     2.6663     2.3145         14  0.000e+00
     20.304   75.43276  173.69320     20.518    -1.1431    -1.1428  23.584912  23.583376    28.9072    28.9049    381.977    366.773     0.2602     4.6142     0.1074     0.1074     0.0644     0.0354      54622    37.9312      90.01     2.6651     2.2816         14  0.000e+00
     20.320   75.43276  173.69320     20.535    -1.1419    -1.1429  23.584854  23.583323    28.9060    28.9048    381.967    364.233     0.2602     4.6142     0.1074     0.1074     0.0644     0.0354      54623    37.9319      90.18     2.6651     2.2693         14  0.000e+00
     20.304   75.43276  173.69320     20.518    -1.1380    -1.1436  23.585369  23.583215    28.9030    28.9054    381.716    366.017     0.2602     4.6142     0.1074     0.1074     0.0644     0.0354      54624    37.9326      90.04     2.6639     2.2779         14  0.000e+00
     20.304   75.43276  173.69320     20.518    -1.1330    -1.1437  23.586800  23.583269    28.9000    28.9056    381.881    368.814     0.2602     4.6142     0.1074     0.1074     0.0644     0.0354      54625    37.9333      90.23     2.6651     2.2913         14  0.000e+00
     20.246   75.43276  173.69320     20.460    -1.1290    -1.1442  23.587888  23.583376    28.8977    28.9062    381.839    370.846     0.2602     4.6142     0.1074     0.1074     0.0644     0.0354      54626    37.9340      90.16     2.6651     2.3011         14  0.000e+00
     20.378   75.43276  173.69320     20.593    -1.1258    -1.1445  23.588518  23.583269    28.8953    28.9063    381.815    371.873     0.2297     4.6142     0.1074     0.1074     0.0644     0.0342      54627    37.9347      90.04     2.6651     2.3060         14  0.000e+00
     20.246   75.43276  173.69320     20.460    -1.1236    -1.1442  23.588574  23.583430    28.8934    28.9063    382.004    372.117     0.2602     4.6142     0.1087     0.1087     0.0644     0.0354      54628    37.9354      90.04     2.6663     2.3072         14  0.000e+00
     20.361   75.43276  173.69320     20.576    -1.1250    -1.1446  23.588632  23.583269    28.8947    28.9065    381.378    371.873     0.2602     4.6129     0.1074     0.1074     0.0654     0.0354      54629    37.9361      90.28     2.6627     2.3060         14  0.000e+00
     20.304   75.43276  173.69320     20.518    -1.1290    -1.1451  23.588804  23.583215    28.8989    28.9069    381.838    372.383     0.2602     4.6129     0.1074     0.1074     0.0654     0.0354      54630    37.9368      90.21     2.6651     2.3084         14  0.000e+00
     20.320   75.43276  173.69320     20.535    -1.1278    -1.1449  23.589548  23.582892    28.8987    28.9063    382.040    374.162     0.2602     4.6142     0.1087     0.1087     0.0644     0.0354      54631    37.9375      90.31     2.6663     2.3170         14  0.000e+00
     20.304   75.43276  173.69320     20.518    -1.1253    -1.1451  23.589949  23.583107    28.8968    28.9067    382.016    375.940     0.2602     4.6129     0.1087     0.1087     0.0654     0.0354      54632    37.9382      90.18     2.6663     2.3255         14  0.000e+00
     20.361   75.43276  173.69320     20.576    -1.1260    -1.1451  23.590407  23.583269    28.8980    28.9069    381.808    376.959     0.2602     4.6129     0.1099     0.1099     0.0654     0.0354      54633    37.9389      90.13     2.6651     2.3304         14  0.000e+00
     20.320   75.43276  173.69320     20.535    -1.1272    -1.1454  23.590121  23.583915    28.8988    28.9081    381.388    377.465     0.2297     4.6129     0.1087     0.1087     0.0654     0.0342      54634    37.9396      90.18     2.6627     2.3328         14  0.000e+00
     20.304   75.43276  173.69320     20.518    -1.1284    -1.1469  23.589147  23.584615    28.8987    28.9105    381.831    375.950     0.2602     4.6129     0.1087     0.1087     0.0654     0.0354      54635    37.9403      90.11     2.6651     2.3255         14  0.000e+00
     20.304   75.43276  173.69320     20.518    -1.1296    -1.1488  23.588518  23.585262    28.8991    28.9132    381.845    370.373     0.2602     4.6129     0.1087     0.1087     0.0654     0.0354      54636    37.9410      89.99     2.6651     2.2987         14  0.000e+00
     20.361   75.43276  173.69320     20.576    -1.1304    -1.1503  23.587831  23.585639    28.8989    28.9151    382.072    367.338     0.2602     4.6129     0.1099     0.1099     0.0654     0.0354      54637    37.9417      89.91     2.6663     2.2840         14  0.000e+00
     20.320   75.43276  173.69320     20.535    -1.1334    -1.1510  23.586972  23.586285    28.9006    28.9167    381.670    368.102     0.2602     4.6129     0.1099     0.1099     0.0654     0.0354      54638    37.9424      89.65     2.6639     2.2877         14  0.000e+00
     20.304   75.43276  173.69320     20.518    -1.1358    -1.1517  23.586514  23.586554    28.9023    28.9177    381.692    368.868     0.2602     4.6129     0.1099     0.1099     0.0654     0.0354      54639    37.9431      89.72     2.6639     2.2913         14  0.000e+00
     20.361   75.43276  173.69320     20.576    -1.1368    -1.1516  23.586171  23.586662    28.9028    28.9178    381.919    369.632     0.2602     4.6129     0.1087     0.1087     0.0654     0.0354      54640    37.9438      90.01     2.6651     2.2950         14  0.000e+00
     20.304   75.43276  173.69320     20.518    -1.1376    -1.1517  23.586171  23.586446    28.9036    28.9176    381.924    370.647     0.2602     4.6142     0.1099     0.1099     0.0644     0.0354      54641    37.9444      90.11     2.6651     2.2999         14  0.000e+00
     20.320   75.43276  173.69320     20.535    -1.1396    -1.1519  23.586114  23.586985    28.9055    28.9185    381.727    373.189     0.2602     4.6142     0.1099     0.1099     0.0644     0.0354      54642    37.9451      89.87     2.6639     2.3121         14  0.000e+00
     20.361   75.43276  173.69320     20.576    -1.1411    -1.1521  23.585656  23.586985    28.9063    28.9187    381.959    375.734     0.2297     4.6129     0.1099     0.1099     0.0654     0.0342      54643    37.9458      89.77     2.6651     2.3243         14  0.000e+00
     20.263   75.43276  173.69320     20.477    -1.1353    -1.1445  23.584568  23.583053    28.8993    28.9061    381.693    367.039     0.3213     4.6117     0.1050     0.1050     0.0665     0.0379      54758    38.0257      98.10     2.6639     2.2828         15  0.000e+00
     20.246   75.43276  173.69320     20.460    -1.1350    -1.1446  23.584796  23.583161    28.8993    28.9064    381.903    366.277     0.2908     4.6117     0.1038     0.1038     0.0665     0.0366      54759    38.0264      98.12     2.6651     2.2791         15  0.000e+00
     20.304   75.43276  173.69320     20.518    -1.1347    -1.1452  23.584854  23.583269    28.8990    28.9071    381.903    365.523     0.2602     4.6117     0.1050     0.1050     0.0665     0.0354      54760    38.0271      98.12     2.6651     2.2755         15  0.000e+00
     20.246   75.43276  173.69320     20.460    -1.1357    -1.1456  23.584682  23.583538    28.8998    28.9078    381.695    365.776     0.2602     4.6117     0.1050     0.1050     0.0665     0.0354      54761    38.0278      98.12     2.6639     2.2767         15  0.000e+00
     20.320   75.43276  173.69320     20.535    -1.1376    -1.1460  23.584568  23.583484    28.9014    28.9081    381.716    367.054     0.2602     4.6117     0.1050     0.1050     0.0665     0.0354      54762    38.0285      98.14     2.6639     2.2828         15  0.000e+00
     20.181   75.43276  173.69320     20.394    -1.1390    -1.1460  23.584453  23.583322    28.9027    28.9080    381.936    369.588     0.2602     4.6117     0.1050     0.1050     0.0665     0.0354      54763    38.0292      98.17     2.6651     2.2950         15  0.000e+00
     20.304   75.43276  173.69320     20.518    -1.1403    -1.1463  23.584740  23.583215    28.9043    28.9080    381.953    372.138     0.2602     4.6117     0.1038     0.1038     0.0665     0.0354      54764    38.0299      98.17     2.6651     2.3072         15  0.000e+00
     20.320   75.43276  173.69320     20.535    -1.1410    -1.1465  23.584683  23.583377    28.9049    28.9084    381.745    373.664     0.2602     4.6117     0.1050     0.1050     0.0665     0.0354      54765    38.0306      98.19     2.6639     2.3145         15  0.000e+00
     20.246   75.43276  173.69320     20.460    -1.1408    -1.1468  23.584568  23.583484    28.9045    28.9089    381.954    374.679     0.2602     4.6117     0.1038     0.1038     0.0665     0.0354      54766    38.0313      98.19     2.6651     2.3194         15  0.000e+00
