Continuous CTD Data/SBE Stage/nabos_43_01avg.cnv
* Sea-Bird SBE 9 Data File:
* FileName = D:\CTD\data\HLY2502\raw\NABOS_43_01.hex
* Software Version Seasave V 7.26.7.110
* Temperature SN = 6954
* Conductivity SN = 2561
* Number of Bytes Per Scan = 37
* Number of Voltage Words = 4
* Number of Scans Averaged by the Deck Unit = 1
* NMEA Latitude = 80 49.12 N
* NMEA Longitude = 126 07.68 E
* NMEA UTC (Time) = Sep 28 2025  01:28:20
* NMEA baud rate = 9600
** Ship: USCG HEALY
** Bot. Depth:  3796
** Cast Number:  01
** Station Name:  NABOS
** Station Number:  42
** Operator:  STARC
# nquan = 25
# nvalues = 1214                        
# units = specified
# name 0 = depSM: Depth [salt water, m]
# name 1 = latitude: Latitude [deg]
# name 2 = longitude: Longitude [deg]
# name 3 = prDM: Pressure, Digiquartz [db]
# name 4 = t090C: Temperature [ITS-90, deg C]
# name 5 = t190C: Temperature, 2 [ITS-90, deg C]
# name 6 = c0mS/cm: Conductivity [mS/cm]
# name 7 = c1mS/cm: Conductivity, 2 [mS/cm]
# name 8 = sal00: Salinity, Practical [PSU]
# name 9 = sal11: Salinity, Practical, 2 [PSU]
# name 10 = sbox0Mm/Kg: Oxygen, SBE 43 [umol/kg]
# name 11 = sbox1Mm/Kg: Oxygen, SBE 43, 2 [umol/kg]
# name 12 = flECO-AFL: Fluorescence, WET Labs ECO-AFL/FL [mg/m^3]
# name 13 = v2: Voltage 2
# name 14 = wetCDOM: Fluorescence, WET Labs CDOM [mg/m^3]
# name 15 = v6: Voltage 6
# name 16 = CStarAt0: Beam Attenuation, WET Labs C-Star [1/m]
# name 17 = v3: Voltage 3
# name 18 = scan: Scan Count
# name 19 = timeM: Time, Elapsed [minutes]
# name 20 = altM: Altimeter [m]
# name 21 = sbeox0V: Oxygen raw, SBE 43 [V]
# name 22 = sbeox1V: Oxygen raw, SBE 43, 2 [V]
# name 23 = nbin: number of scans per bin
# name 24 = flag: flag
# span 0 =      3.958,   1200.581       
# span 1 =   80.81874,   80.81997       
# span 2 =  126.12950,  126.15184       
# span 3 =      4.000,   1217.000       
# span 4 =    -1.8260,     1.6673       
# span 5 =    -1.8259,     1.6670       
# span 6 =  23.165564,  30.501294       
# span 7 =  23.186026,  30.498894       
# span 8 =    28.7558,    34.9081       
# span 9 =    28.7822,    34.9052       
# span 10 =    287.955,    380.084      
# span 11 =    281.377,    372.974      
# span 12 =    -0.1802,     0.3221      
# span 13 =     4.5550,     4.6337      
# span 14 =     0.0681,     0.1236      
# span 15 =     0.0681,     0.1236      
# span 16 =     0.0474,     0.1161      
# span 17 =     0.0178,     0.0379      
# span 18 =       2877,      46355      
# span 19 =     1.9974,    32.1903      
# span 20 =     100.00,     100.00      
# span 21 =     1.9924,     2.6848      
# span 22 =     1.7585,     2.3321      
# span 23 =          9,         29      
# span 24 = 0.0000e+00, 0.0000e+00      
# interval = decibars: 1                
# start_time = Sep 28 2025 01:28:20 [NMEA time, header]
# bad_flag = -9.990e-29
*END*
[from data line 406]
    405.250   80.81910  126.13601    410.000     1.2757     1.2754  30.232817  30.230269    34.8752    34.8723    292.944    288.587    -0.1520     4.6316     0.0867     0.0867     0.0493     0.0189      15511    10.7708     100.00     2.2728     2.0006         20 0.0000e+00
    406.237   80.81910  126.13602    411.000     1.2698     1.2695  30.227943  30.225412    34.8749    34.8720    292.853    288.450    -0.1510     4.6321     0.0879     0.0879     0.0489     0.0189      15536    10.7881     100.00     2.2717     1.9995         19 0.0000e+00
    407.225   80.81910  126.13604    412.000     1.2587     1.2584  30.218541  30.215926    34.8747    34.8717    292.963    288.905    -0.1381     4.6318     0.0859     0.0859     0.0492     0.0195      15560    10.8052     100.00     2.2716     2.0012         18 0.0000e+00
    408.212   80.81910  126.13604    413.000     1.2501     1.2497  30.211257  30.208710    34.8743    34.8715    293.041    288.725    -0.1613     4.6321     0.0873     0.0873     0.0489     0.0185      15585    10.8224     100.00     2.2714     1.9997         16 0.0000e+00
    409.200   80.81910  126.13606    414.000     1.2416     1.2411  30.204230  30.201489    34.8743    34.8712    292.966    288.456    -0.1672     4.6322     0.0887     0.0887     0.0488     0.0183      15610    10.8397     100.00     2.2703     1.9978         16 0.0000e+00
    410.187   80.81910  126.13608    415.000     1.2297     1.2294  30.194102  30.191497    34.8739    34.8710    292.846    288.825    -0.1747     4.6323     0.0879     0.0879     0.0487     0.0180      15635    10.8569     100.00     2.2687     1.9990         16 0.0000e+00
    411.174   80.81910  126.13608    416.000     1.2241     1.2238  30.189282  30.186774    34.8735    34.8706    292.715    288.968    -0.1626     4.6320     0.0876     0.0876     0.0490     0.0185      15660    10.8743     100.00     2.2674     1.9993         20 0.0000e+00
    412.162   80.81912  126.13610    417.000     1.2171     1.2168  30.183665  30.181115    34.8735    34.8705    292.749    288.906    -0.1482     4.6317     0.0886     0.0886     0.0492     0.0190      15685    10.8914     100.00     2.2670     1.9984         14 0.0000e+00
    413.149   80.81912  126.13612    418.000     1.2129     1.2124  30.180342  30.177595    34.8733    34.8703    292.856    288.374    -0.1667     4.6321     0.0882     0.0882     0.0489     0.0183      15710    10.9087     100.00     2.2673     1.9953         15 0.0000e+00
    414.137   80.81912  126.13612    419.000     1.2059     1.2053  30.174436  30.171701    34.8729    34.8701    292.882    288.769    -0.1671     4.6314     0.0890     0.0890     0.0495     0.0183      15734    10.9260     100.00     2.2668     1.9969         15 0.0000e+00
    415.124   80.81912  126.13614    420.000     1.2018     1.2016  30.171407  30.168874    34.8730    34.8700    292.933    288.642    -0.1671     4.6323     0.0867     0.0867     0.0487     0.0183      15759    10.9432     100.00     2.2667     1.9958         13 0.0000e+00
    416.111   80.81912  126.13614    421.000     1.2010     1.2007  30.171269  30.168768    34.8731    34.8703    292.979    289.028    -0.1458     4.6319     0.0880     0.0880     0.0490     0.0191      15784    10.9604     100.00     2.2667     1.9976         13 0.0000e+00
    417.099   80.81912  126.13616    422.000     1.1990     1.1987  30.169936  30.167304    34.8731    34.8701    292.904    289.044    -0.1566     4.6322     0.0879     0.0879     0.0488     0.0187      15809    10.9779     100.00     2.2659     1.9974         15 0.0000e+00
    418.086   80.81912  126.13618    423.000     1.1938     1.1936  30.165763  30.163177    34.8729    34.8699    292.946    288.940    -0.1671     4.6320     0.0879     0.0879     0.0489     0.0183      15834    10.9952     100.00     2.2656     1.9965         13 0.0000e+00
    419.074   80.81912  126.13618    424.000     1.1887     1.1885  30.161591  30.159180    34.8727    34.8699    293.093    290.261    -0.1713     4.6320     0.0888     0.0888     0.0489     0.0181      15859    11.0127     100.00     2.2660     2.0028         15 0.0000e+00
    420.061   80.81912  126.13620    425.000     1.1868     1.1866  30.160295  30.157944    34.8726    34.8698    293.213    289.574    -0.1672     4.6320     0.0874     0.0874     0.0489     0.0183      15884    11.0299     100.00     2.2664     1.9990         15 0.0000e+00
    421.048   80.81912  126.13620    426.000     1.1841     1.1838  30.158163  30.155685    34.8723    34.8694    293.216    288.829    -0.1605     4.6321     0.0867     0.0867     0.0489     0.0186      15909    11.0472     100.00     2.2661     1.9949         14 0.0000e+00
    422.036   80.81912  126.13623    427.000     1.1791     1.1788  30.154334  30.151776    34.8723    34.8694    293.268    289.131    -0.1350     4.6317     0.0869     0.0869     0.0493     0.0196      15934    11.0643     100.00     2.2659     1.9960         14 0.0000e+00
    423.023   80.81912  126.13624    428.000     1.1756     1.1753  30.151537  30.149111    34.8722    34.8694    293.293    288.713    -0.1430     4.6315     0.0867     0.0867     0.0494     0.0193      15959    11.0818     100.00     2.2657     1.9936         14 0.0000e+00
    424.010   80.81912  126.13625    429.000     1.1719     1.1718  30.149157  30.146728    34.8726    34.8697    293.279    288.672    -0.1689     4.6322     0.0868     0.0868     0.0488     0.0182      15984    11.0990     100.00     2.2652     1.9930         15 0.0000e+00
    424.998   80.81912  126.13626    430.000     1.1635     1.1635  30.142385  30.140038    34.8727    34.8697    293.443    289.026    -0.1653     4.6320     0.0870     0.0870     0.0489     0.0184      16009    11.1165     100.00     2.2655     1.9943         18 0.0000e+00
    425.985   80.81912  126.13627    431.000     1.1619     1.1617  30.141478  30.139144    34.8727    34.8700    293.494    289.212    -0.1410     4.6315     0.0878     0.0878     0.0494     0.0193      16033    11.1336     100.00     2.2655     1.9950         15 0.0000e+00
    426.973   80.81912  126.13629    432.000     1.1613     1.1611  30.141469  30.138944    34.8728    34.8698    293.481    289.108    -0.1533     4.6321     0.0867     0.0867     0.0488     0.0189      16058    11.1509     100.00     2.2651     1.9942         15 0.0000e+00
    427.960   80.81912  126.13630    433.000     1.1576     1.1573  30.138682  30.136057    34.8727    34.8697    293.500    289.246    -0.1688     4.6316     0.0867     0.0867     0.0493     0.0182      16083    11.1681     100.00     2.2649     1.9946         15 0.0000e+00
    428.947   80.81912  126.13631    434.000     1.1534     1.1533  30.135315  30.132986    34.8726    34.8697    293.525    289.062    -0.1671     4.6311     0.0877     0.0877     0.0497     0.0183      16108    11.1854     100.00     2.2646     1.9933         13 0.0000e+00
    429.935   80.81912  126.13633    435.000     1.1511     1.1509  30.133654  30.131197    34.8724    34.8694    293.425    288.993    -0.1357     4.6321     0.0880     0.0880     0.0489     0.0196      16133    11.2025     100.00     2.2636     1.9926         13 0.0000e+00
    430.922   80.81912  126.13634    436.000     1.1445     1.1441  30.128069  30.125554    34.8720    34.8692    293.383    289.046    -0.1636     4.6312     0.0872     0.0872     0.0497     0.0184      16158    11.2198     100.00     2.2627     1.9924         14 0.0000e+00
    431.909   80.81912  126.13635    437.000     1.1394     1.1391  30.124179  30.121623    34.8722    34.8692    293.341    288.880    -0.1749     4.6313     0.0869     0.0869     0.0496     0.0180      16183    11.2372     100.00     2.2620     1.9912         12 0.0000e+00
    432.896   80.81912  126.13636    438.000     1.1348     1.1345  30.120553  30.118022    34.8720    34.8691    293.360    289.020    -0.1652     4.6312     0.0880     0.0880     0.0497     0.0184      16207    11.2544     100.00     2.2616     1.9915         15 0.0000e+00
    433.884   80.81912  126.13638    439.000     1.1262     1.1260  30.113411  30.110797    34.8718    34.8687    293.508    289.475    -0.1448     4.6315     0.0880     0.0880     0.0494     0.0192      16233    11.2720     100.00     2.2619     1.9932         17 0.0000e+00
    434.871   80.81912  126.13640    440.000     1.1210     1.1207  30.109131  30.106496    34.8716    34.8686    293.568    289.066    -0.1506     4.6313     0.0872     0.0872     0.0496     0.0190      16258    11.2893     100.00     2.2617     1.9908         15 0.0000e+00
    435.858   80.81912  126.13640    441.000     1.1174     1.1173  30.106331  30.103961    34.8715    34.8685    293.637    289.612    -0.1720     4.6315     0.0880     0.0880     0.0494     0.0181      16282    11.3064     100.00     2.2617     1.9932         14 0.0000e+00
    436.846   80.81914  126.13642    442.000     1.1158     1.1156  30.105794  30.103331    34.8719    34.8690    293.800    289.302    -0.1623     4.6316     0.0879     0.0879     0.0493     0.0185      16307    11.3236     100.00     2.2624     1.9914         12 0.0000e+00
    437.833   80.81914  126.13642    443.000     1.1217     1.1218  30.112752  30.110531    34.8737    34.8707    293.715    289.342    -0.1624     4.6314     0.0879     0.0879     0.0495     0.0185      16332    11.3409     100.00     2.2620     1.9917         13 0.0000e+00
    438.820   80.81914  126.13644    444.000     1.1260     1.1258  30.117546  30.114988    34.8745    34.8714    293.745    289.552    -0.1673     4.6303     0.0879     0.0879     0.0504     0.0183      16357    11.3582     100.00     2.2622     1.9927         15 0.0000e+00
    439.807   80.81914  126.13646    445.000     1.1209     1.1203  30.113745  30.111010    34.8748    34.8719    293.701    289.468    -0.1374     4.6319     0.0889     0.0889     0.0490     0.0195      16382    11.3755     100.00     2.2614     1.9918         14 0.0000e+00
    440.795   80.81914  126.13646    446.000     1.1188     1.1186  30.112602  30.110214    34.8751    34.8722    293.563    289.132    -0.1697     4.6314     0.0891     0.0891     0.0495     0.0182      16407    11.3929     100.00     2.2602     1.9899         14 0.0000e+00
    441.782   80.81914  126.13648    447.000     1.1200     1.1201  30.115581  30.113352    34.8770    34.8739    293.419    289.029    -0.1689     4.6314     0.0891     0.0891     0.0495     0.0182      16432    11.4101     100.00     2.2592     1.9892         17 0.0000e+00
    442.769   80.81914  126.13650    448.000     1.1158     1.1153  30.112771  30.109947    34.8774    34.8743    293.392    288.686    -0.1565     4.6320     0.0884     0.0884     0.0490     0.0187      16456    11.4274     100.00     2.2587     1.9871         15 0.0000e+00
    443.756   80.81914  126.13650    449.000     1.1078     1.1075  30.105985  30.103306    34.8770    34.8739    293.187    288.758    -0.1464     4.6314     0.0879     0.0879     0.0495     0.0191      16481    11.4448     100.00     2.2568     1.9870         16 0.0000e+00
    444.744   80.81914  126.13652    450.000     1.1007     1.1005  30.100086  30.097605    34.8768    34.8738    293.019    288.838    -0.1637     4.6316     0.0879     0.0879     0.0493     0.0184      16506    11.4620     100.00     2.2551     1.9869         16 0.0000e+00
    445.731   80.81914  126.13653    451.000     1.1045     1.1042  30.104759  30.102165    34.8780    34.8750    292.862    288.670    -0.1720     4.6323     0.0880     0.0880     0.0487     0.0181      16531    11.4793     100.00     2.2542     1.9860         17 0.0000e+00
    446.718   80.81914  126.13655    452.000     1.0966     1.0967  30.098452  30.096149    34.8781    34.8751    292.791    288.981    -0.1650     4.6318     0.0879     0.0879     0.0491     0.0184      16556    11.4964     100.00     2.2532     1.9871         12 0.0000e+00
    447.705   80.81914  126.13656    453.000     1.0967     1.0965  30.099817  30.097559    34.8791    34.8765    292.597    288.917    -0.1362     4.6321     0.0880     0.0880     0.0488     0.0195      16581    11.5138     100.00     2.2518     1.9866         13 0.0000e+00
    448.693   80.81914  126.13657    454.000     1.1034     1.1033  30.107267  30.104901    34.8807    34.8778    292.358    288.396    -0.1617     4.6322     0.0891     0.0891     0.0488     0.0185      16605    11.5308     100.00     2.2505     1.9840         12 0.0000e+00
    449.680   80.81914  126.13658    455.000     1.1081     1.1078  30.112386  30.109927    34.8815    34.8786    292.237    288.156    -0.1394     4.6319     0.0879     0.0879     0.0491     0.0194      16631    11.5485     100.00     2.2497     1.9828         20 0.0000e+00
    450.667   80.81914  126.13659    456.000     1.1074     1.1072  30.112388  30.109942    34.8816    34.8787    292.202    287.649    -0.1575     4.6316     0.0868     0.0868     0.0493     0.0187      16656    11.5657     100.00     2.2493     1.9800         18 0.0000e+00
    451.654   80.81914  126.13661    457.000     1.1066     1.1065  30.112221  30.109801    34.8817    34.8788    291.999    287.548    -0.1493     4.6317     0.0877     0.0877     0.0492     0.0190      16680    11.5830     100.00     2.2478     1.9793         17 0.0000e+00
    452.641   80.81914  126.13662    458.000     1.1067     1.1066  30.112826  30.110303    34.8818    34.8788    291.947    287.726    -0.1484     4.6324     0.0879     0.0879     0.0486     0.0190      16705    11.6002     100.00     2.2473     1.9800         18 0.0000e+00
    453.629   80.81914  126.13663    459.000     1.1063     1.1061  30.112782  30.110364    34.8817    34.8788    291.903    288.166    -0.1525     4.6321     0.0894     0.0894     0.0489     0.0189      16730    11.6175     100.00     2.2467     1.9820         17 0.0000e+00
    454.616   80.81914  126.13665    460.000     1.1040     1.1038  30.111258  30.108748    34.8816    34.8786    291.743    287.606    -0.1671     4.6315     0.0898     0.0898     0.0494     0.0183      16755    11.6348     100.00     2.2455     1.9789         18 0.0000e+00
    455.603   80.81914  126.13666    461.000     1.1014     1.1011  30.109411  30.107002    34.8817    34.8789    291.678    287.270    -0.1423     4.6318     0.0891     0.0891     0.0491     0.0193      16780    11.6520     100.00     2.2447     1.9769         16 0.0000e+00
    456.590   80.81914  126.13667    462.000     1.0950     1.0949  30.104225  30.101786    34.8815    34.8785    291.604    287.540    -0.1278     4.6317     0.0892     0.0892     0.0493     0.0199      16805    11.6694     100.00     2.2437     1.9778         20 0.0000e+00
    457.578   80.81914  126.13668    463.000     1.0897     1.0894  30.099955  30.097275    34.8813    34.8782    291.510    287.610    -0.1632     4.6323     0.0888     0.0888     0.0486     0.0185      16830    11.6866     100.00     2.2426     1.9777         16 0.0000e+00
    458.565   80.81914  126.13669    464.000     1.0854     1.0852  30.096583  30.094028    34.8812    34.8782    291.557    287.473    -0.1653     4.6321     0.0879     0.0879     0.0489     0.0184      16855    11.7040     100.00     2.2424     1.9767         16 0.0000e+00
    459.552   80.81914  126.13672    465.000     1.0816     1.0812  30.093435  30.090942    34.8809    34.8781    291.578    287.443    -0.1353     4.6319     0.0891     0.0891     0.0490     0.0196      16879    11.7210     100.00     2.2421     1.9762         14 0.0000e+00
    460.539   80.81914  126.13672    466.000     1.0774     1.0771  30.090180  30.087550    34.8808    34.8778    291.581    287.677    -0.1695     4.6314     0.0904     0.0904     0.0496     0.0182      16905    11.7386     100.00     2.2417     1.9770         19 0.0000e+00
