Continuous CTD Data/SBE Stage/nabos_07_02avg.cnv
* Sea-Bird SBE 9 Data File:
* FileName = D:\CTD\data\HLY2502\raw\NABOS_07_02.hex
* Software Version Seasave V 7.26.7.110
* Temperature SN = 6954
* Conductivity SN = 2561
* Number of Bytes Per Scan = 37
* Number of Voltage Words = 4
* Number of Scans Averaged by the Deck Unit = 1
* NMEA Latitude = 75 42.24 N
* NMEA Longitude = 175 32.88 E
* NMEA UTC (Time) = Sep 12 2025  05:23:18
* NMEA baud rate = 9600
** Ship: USCG HEALY
** Bot. Depth:  264
** Cast Number:  02
** Station Name:  NABOS
** Station Number:  07
** Operator:  STARC
** cast to 254m
# nquan = 25
# nvalues = 254                         
# units = specified
# name 0 = depSM: Depth [salt water, m]
# name 1 = latitude: Latitude [deg]
# name 2 = longitude: Longitude [deg]
# name 3 = prDM: Pressure, Digiquartz [db]
# name 4 = t090C: Temperature [ITS-90, deg C]
# name 5 = t190C: Temperature, 2 [ITS-90, deg C]
# name 6 = c0mS/cm: Conductivity [mS/cm]
# name 7 = c1mS/cm: Conductivity, 2 [mS/cm]
# name 8 = sal00: Salinity, Practical [PSU]
# name 9 = sal11: Salinity, Practical, 2 [PSU]
# name 10 = sbox0Mm/Kg: Oxygen, SBE 43 [umol/kg]
# name 11 = sbox1Mm/Kg: Oxygen, SBE 43, 2 [umol/kg]
# name 12 = flECO-AFL: Fluorescence, WET Labs ECO-AFL/FL [mg/m^3]
# name 13 = v2: Voltage 2
# name 14 = wetCDOM: Fluorescence, WET Labs CDOM [mg/m^3]
# name 15 = v6: Voltage 6
# name 16 = CStarAt0: Beam Attenuation, WET Labs C-Star [1/m]
# name 17 = v3: Voltage 3
# name 18 = scan: Scan Count
# name 19 = timeM: Time, Elapsed [minutes]
# name 20 = altM: Altimeter [m]
# name 21 = sbeox0V: Oxygen raw, SBE 43 [V]
# name 22 = sbeox1V: Oxygen raw, SBE 43, 2 [V]
# name 23 = nbin: number of scans per bin
# name 24 = flag: flag
# span 0 =      3.958,    254.164       
# span 1 =   75.70398,   75.70420       
# span 2 =  175.54954,  175.55390       
# span 3 =      4.000,    257.000       
# span 4 =    -1.6410,     0.7465       
# span 5 =    -1.6408,     0.7462       
# span 6 =  22.381267,  29.600624       
# span 7 =  22.380185,  29.598580       
# span 8 =    27.5660,    34.7407       
# span 9 =    27.5656,    34.7384       
# span 10 =    275.112,    377.513      
# span 11 =    266.828,    365.129      
# span 12 =    -0.1585,     0.4036      
# span 13 =     4.0623,     4.6643      
# span 14 =     0.0835,     0.1185      
# span 15 =     0.0835,     0.1185      
# span 16 =     0.0211,     0.5744      
# span 17 =     0.0186,     0.0411      
# span 18 =       2402,      15998      
# span 19 =     1.6673,    11.1088      
# span 20 =       0.04,     100.06      
# span 21 =     2.1716,     2.6394      
# span 22 =     1.8949,     2.2737      
# span 23 =         11,         29      
# span 24 = 0.0000e+00, 0.0000e+00      
# interval = decibars: 1                
# start_time = Sep 12 2025 05:23:18 [NMEA time, header]
# bad_flag = -9.990e-29
*END*
      3.958   75.70398  175.54954      4.000    -1.4184    -1.4184  22.441893  22.439808    27.6395    27.6367    374.191    362.130     0.1956     4.6142     0.1048     0.1048     0.0643     0.0328       2402     1.6673     100.00     2.5866     2.2312         11 0.0000e+00
      4.948   75.70398  175.54972      5.000    -1.4194    -1.4193  22.441299  22.438672    27.6391    27.6355    374.079    361.643     0.1835     4.6146     0.1062     0.1062     0.0641     0.0323       2683     1.8624     100.00     2.5856     2.2286         19 0.0000e+00
      5.937   75.70398  175.54977      6.000    -1.4203    -1.4200  22.438782  22.437002    27.6360    27.6333    374.175    361.801     0.1896     4.6148     0.1051     0.1051     0.0638     0.0326       2776     1.9273     100.00     2.5858     2.2291         22 0.0000e+00
      6.927   75.70398  175.54982      7.000    -1.4212    -1.4213  22.440082  22.437748    27.6381    27.6350    374.257    362.048     0.1731     4.6134     0.1042     0.1042     0.0650     0.0319       2836     1.9688     100.00     2.5859     2.2300         21 0.0000e+00
      7.916   75.70398  175.54985      8.000    -1.4210    -1.4209  22.442831  22.440572    27.6411    27.6379    374.207    362.179     0.1976     4.6139     0.1052     0.1052     0.0646     0.0329       2888     2.0048     100.00     2.5854     2.2304         20 0.0000e+00
      8.906   75.70398  175.54989      9.000    -1.4189    -1.4189  22.448280  22.445902    27.6459    27.6427    374.465    361.824     0.1895     4.6143     0.1047     0.1047     0.0643     0.0326       2968     2.0601     100.00     2.5868     2.2287         22 0.0000e+00
      9.896   75.70398  175.54993     10.000    -1.4202    -1.4205  22.437534  22.437906    27.6321    27.6329    374.557    362.002     0.2005     4.6152     0.1052     0.1052     0.0634     0.0330       3022     2.0978     100.00     2.5867     2.2291         23 0.0000e+00
     10.885   75.70398  175.54996     11.000    -1.4217    -1.4155  22.395315  22.407791    27.5761    27.5872    374.779    362.616     0.1973     4.6136     0.1062     0.1062     0.0648     0.0329       3062     2.1260     100.00     2.5867     2.2314         17 0.0000e+00
     11.875   75.70400  175.54999     12.000    -1.4309    -1.4308  22.381864  22.381667    27.5660    27.5656    374.730    362.496     0.1700     4.6146     0.1050     0.1050     0.0640     0.0318       3115     2.1625     100.00     2.5854     2.2295         26 0.0000e+00
     12.864   75.70400  175.55003     13.000    -1.4337    -1.4340  22.381267  22.380185    27.5672    27.5661    374.274    362.266     0.1877     4.6122     0.1047     0.1047     0.0661     0.0325       3179     2.2068     100.00     2.5824     2.2280         22 0.0000e+00
     13.854   75.70400  175.55006     14.000    -1.4384    -1.4387  22.381388  22.380247    27.5712    27.5699    374.196    362.121     0.1684     4.6137     0.1048     0.1048     0.0648     0.0317       3230     2.2427     100.00     2.5814     2.2269         21 0.0000e+00
     14.843   75.70400  175.55009     15.000    -1.4409    -1.4407  22.383260  22.382095    27.5755    27.5738    374.185    361.860     0.1932     4.6145     0.1049     0.1049     0.0641     0.0327       3278     2.2755     100.00     2.5810     2.2254         24 0.0000e+00
     15.833   75.70400  175.55013     16.000    -1.4418    -1.4418  22.387627  22.386127    27.5817    27.5797    374.160    361.971     0.1675     4.6152     0.1052     0.1052     0.0634     0.0317       3330     2.3122     100.00     2.5806     2.2257         23 0.0000e+00
     16.822   75.70400  175.55016     17.000    -1.4409    -1.4409  22.396900  22.395997    27.5929    27.5916    373.905    361.860     0.1795     4.6147     0.1053     0.1053     0.0639     0.0322       3387     2.3514     100.00     2.5792     2.2252         23 0.0000e+00
     17.812   75.70400  175.55019     18.000    -1.4310    -1.4312  22.443480  22.440593    27.6459    27.6422    373.831    361.533     0.1839     4.6150     0.1052     0.1052     0.0636     0.0323       3441     2.3890     100.00     2.5800     2.2246         20 0.0000e+00
     18.801   75.70400  175.55022     19.000    -1.2521    -1.2485  23.295820  23.296223    28.6234    28.6204    369.399    357.199     0.2410     4.6148     0.1031     0.1031     0.0638     0.0346       3490     2.4230     100.00     2.5823     2.2265         23 0.0000e+00
     19.791   75.70400  175.55025     20.000    -1.1256    -1.1235  23.831700  23.833622    29.2220    29.2226    368.138    355.493     0.4036     4.6117     0.1001     0.1001     0.0665     0.0411       3537     2.4559     100.00     2.5929     2.2327         21 0.0000e+00
     20.780   75.70400  175.55029     21.000    -1.1596    -1.1567  23.858023  23.863826    29.2901    29.2951    371.815    358.533     0.4004     4.6017     0.1000     0.1000     0.0752     0.0410       3594     2.4952     100.00     2.6125     2.2464         22 0.0000e+00
     21.770   75.70400  175.55032     22.000    -1.1773    -1.1760  23.881153  23.881519    29.3380    29.3372    375.112    361.695     0.3867     4.5977     0.0983     0.0983     0.0786     0.0405       3651     2.5349     100.00     2.6307     2.2610         22 0.0000e+00
     22.759   75.70400  175.55035     23.000    -1.1956    -1.1957  23.897664  23.896646    29.3777    29.3763    376.632    363.334     0.3492     4.5993     0.0969     0.0969     0.0773     0.0390       3697     2.5666     100.00     2.6385     2.2681         18 0.0000e+00
     23.749   75.70400  175.55038     24.000    -1.2300    -1.2293  23.894250  23.893720    29.4063    29.4049    377.141    364.464     0.3133     4.6115     0.0977     0.0977     0.0667     0.0375       3744     2.5991     100.00     2.6394     2.2719         22 0.0000e+00
     24.738   75.70400  175.55042     25.000    -1.2508    -1.2493  23.895414  23.892588    29.4277    29.4225    377.170    365.062     0.2723     4.6178     0.0983     0.0983     0.0612     0.0359       3805     2.6414     100.00     2.6383     2.2737         19 0.0000e+00
     25.728   75.70400  175.55045     26.000    -1.2783    -1.2774  23.907053  23.905623    29.4700    29.4672    377.513    365.011     0.2515     4.6222     0.0982     0.0982     0.0574     0.0351       3859     2.6795     100.00     2.6388     2.2724         20 0.0000e+00
     26.717   75.70400  175.55048     27.000    -1.2932    -1.2933  23.922229  23.921195    29.5047    29.5034    377.358    365.129     0.2216     4.6248     0.0982     0.0982     0.0551     0.0339       3902     2.7093     100.00     2.6373     2.2724         17 0.0000e+00
     27.706   75.70400  175.55051     28.000    -1.3008    -1.3002  23.937468  23.936057    29.5322    29.5298    376.958    364.983     0.1861     4.6278     0.0988     0.0988     0.0526     0.0324       3954     2.7455     100.00     2.6347     2.2714         18 0.0000e+00
     28.696   75.70400  175.55055     29.000    -1.3341    -1.3333  23.953342  23.951602    29.5862    29.5830    376.408    364.806     0.1604     4.6309     0.0991     0.0991     0.0499     0.0314       4021     2.7918     100.00     2.6300     2.2693         21 0.0000e+00
     29.685   75.70400  175.55057     30.000    -1.3516    -1.3520  23.971488  23.970542    29.6275    29.6266    376.083    364.694     0.1748     4.6340     0.0983     0.0983     0.0472     0.0320       4069     2.8253     100.00     2.6274     2.2681         15 0.0000e+00
     30.675   75.70400  175.55060     31.000    -1.3682    -1.3682  23.991685  23.989877    29.6708    29.6684    375.967    364.376     0.1301     4.6352     0.1000     0.1000     0.0461     0.0302       4112     2.8552     100.00     2.6262     2.2661         16 0.0000e+00
     31.664   75.70400  175.55064     32.000    -1.3856    -1.3834  24.014232  24.011722    29.7181    29.7125    375.508    364.021     0.1305     4.6370     0.1002     0.1002     0.0446     0.0302       4169     2.8944     100.00     2.6229     2.2640         16 0.0000e+00
     32.654   75.70400  175.55067     33.000    -1.4158    -1.4150  24.050627  24.048588    29.7972    29.7936    375.153    363.485     0.1491     4.6367     0.1023     0.1023     0.0448     0.0309       4230     2.9370     100.00     2.6200     2.2606         15 0.0000e+00
     33.643   75.70400  175.55070     34.000    -1.4273    -1.4271  24.115810  24.112233    29.8966    29.8916    374.583    362.996     0.1687     4.6345     0.1023     0.1023     0.0468     0.0318       4274     2.9675     100.00     2.6174     2.2587         17 0.0000e+00
     34.632   75.70400  175.55072     35.000    -1.4386    -1.4384  24.170771  24.168948    29.9821    29.9795    373.771    362.174     0.1326     4.6333     0.1035     0.1035     0.0478     0.0303       4323     3.0016     100.00     2.6132     2.2552         16 0.0000e+00
     35.622   75.70400  175.55076     36.000    -1.4822    -1.4744  24.294142  24.271751    30.1936    30.1553    371.486    360.996     0.1492     4.6341     0.1094     0.1094     0.0471     0.0309       4390     3.0480     100.00     2.6007     2.2498         16 0.0000e+00
     36.611   75.70400  175.55079     37.000    -1.4973    -1.4973  24.524553  24.522352    30.5228    30.5198    369.690    358.805     0.1500     4.6340     0.1094     0.1094     0.0471     0.0310       4438     3.0814     100.00     2.5947     2.2428         18 0.0000e+00
     37.601   75.70400  175.55081     38.000    -1.5142    -1.5145  24.802695  24.799500    30.9199    30.9158    367.731    357.077     0.1241     4.6343     0.1129     0.1129     0.0469     0.0299       4477     3.1081     100.00     2.5888     2.2387         15 0.0000e+00
     38.590   75.70400  175.55084     39.000    -1.5317    -1.5245  24.940367  24.869011    31.1261    31.0209    363.365    353.841     0.1159     4.6351     0.1165     0.1165     0.0462     0.0296       4538     3.1509     100.00     2.5659     2.2238         19 0.0000e+00
     39.579   75.70400  175.55087     40.000    -1.5843    -1.5842  25.227537  25.225893    31.5750    31.5725    357.597    348.602     0.0784     4.6356     0.1184     0.1184     0.0458     0.0281       4604     3.1963     100.00     2.5366     2.2026         18 0.0000e+00
     40.569   75.70400  175.55088     41.000    -1.6001    -1.5999  25.337591  25.336818    31.7425    31.7412    354.833    346.845     0.0650     4.6395     0.1175     0.1175     0.0424     0.0276       4639     3.2208     100.00     2.5223     2.1953         18 0.0000e+00
     41.558   75.70400  175.55091     42.000    -1.5968    -1.5981  25.397265  25.410740    31.8205    31.8404    351.891    344.101     0.0521     4.6419     0.1182     0.1182     0.0403     0.0271       4676     3.2462     100.00     2.5066     2.1832         18 0.0000e+00
     42.547   75.70400  175.55094     43.000    -1.5935    -1.5959  25.418533  25.441161    31.8457    31.8794    347.065    338.224     0.0777     4.6455     0.1185     0.1185     0.0373     0.0281       4760     3.3049     100.00     2.4793     2.1552         22 0.0000e+00
     43.537   75.70400  175.55097     44.000    -1.6045    -1.6043  25.588046  25.588341    32.0902    32.0905    344.888    335.701     0.0277     4.6464     0.1183     0.1183     0.0365     0.0261       4812     3.3413     100.00     2.4698     2.1451         18 0.0000e+00
     44.526   75.70400  175.55099     45.000    -1.6009    -1.6011  25.692199  25.692989    32.2294    32.2307    343.238    334.537     0.0279     4.6468     0.1180     0.1180     0.0361     0.0261       4841     3.3613     100.00     2.4624     2.1411         18 0.0000e+00
     45.515   75.70400  175.55101     46.000    -1.6111    -1.6113  25.727876  25.722544    32.2890    32.2819    341.258    332.683     0.0152     4.6475     0.1168     0.1168     0.0356     0.0256       4879     3.3872     100.00     2.4511     2.1321         19 0.0000e+00
     46.505   75.70400  175.55103     47.000    -1.6110    -1.6100  25.767018  25.753256    32.3423    32.3223    337.802    329.149     0.0254     4.6483     0.1173     0.1173     0.0349     0.0260       4976     3.4551     100.00     2.4319     2.1153         23 0.0000e+00
     47.494   75.70400  175.55105     48.000    -1.6129    -1.6129  25.865965  25.865359    32.4803    32.4795    336.825    328.307    -0.0191     4.6499     0.1165     0.1165     0.0335     0.0242       5014     3.4816     100.00     2.4280     2.1129         17 0.0000e+00
     48.484   75.70400  175.55106     49.000    -1.6201    -1.6201  25.915066  25.915528    32.5554    32.5560    336.299    327.028    -0.0392     4.6511     0.1147     0.1147     0.0325     0.0234       5043     3.5010     100.00     2.4254     2.1071         16 0.0000e+00
     49.473   75.70400  175.55109     50.000    -1.6185    -1.6186  25.932555  25.930886    32.5772    32.5750    335.371    326.222    -0.0185     4.6518     0.1133     0.1133     0.0319     0.0242       5094     3.5365     100.00     2.4203     2.1033         24 0.0000e+00
     50.462   75.70400  175.55110     51.000    -1.6187    -1.6182  26.039530  26.030728    32.7246    32.7119    333.891    324.270    -0.0373     4.6499     0.1123     0.1123     0.0335     0.0235       5186     3.6009     100.00     2.4137     2.0953         19 0.0000e+00
     51.452   75.70400  175.55112     52.000    -1.6199    -1.6198  26.111841  26.112077    32.8252    32.8255    333.481    324.026    -0.0435     4.6510     0.1111     0.1111     0.0326     0.0233       5217     3.6224     100.00     2.4126     2.0952         21 0.0000e+00
     52.441   75.70400  175.55114     53.000    -1.6301    -1.6303  26.167283  26.167335    32.9125    32.9128    332.814    323.536    -0.0495     4.6528     0.1100     0.1100     0.0309     0.0230       5245     3.6419     100.00     2.4092     2.0932         19 0.0000e+00
     53.430   75.70401  175.55116     54.000    -1.6280    -1.6302  26.151360  26.161894    32.8876    32.9046    332.100    322.576    -0.0344     4.6543     0.1093     0.1093     0.0298     0.0236       5313     3.6885     100.00     2.4046     2.0882         26 0.0000e+00
     54.420   75.70402  175.55118     55.000    -1.6358    -1.6359  26.224405  26.223671    32.9968    32.9957    331.313    321.578    -0.0354     4.6543     0.1079     0.1079     0.0298     0.0236       5389     3.7417     100.00     2.4010     2.0840         19 0.0000e+00
     55.409   75.70402  175.55119     56.000    -1.6364    -1.6363  26.253786  26.253853    33.0374    33.0374    330.872    321.888    -0.0474     4.6545     0.1084     0.1084     0.0296     0.0231       5419     3.7627     100.00     2.3988     2.0858         18 0.0000e+00
     56.398   75.70402  175.55120     57.000    -1.6334    -1.6331  26.318933  26.320335    33.1237    33.1252    330.597    321.062    -0.0464     4.6548     0.1071     0.1071     0.0293     0.0231       5450     3.7839     100.00     2.3984     2.0828         22 0.0000e+00
     57.388   75.70402  175.55122     58.000    -1.6317    -1.6318  26.317065  26.313362    33.1185    33.1135    329.399    320.465    -0.0768     4.6551     0.1047     0.1047     0.0290     0.0220       5524     3.8352     100.00     2.3913     2.0796         25 0.0000e+00
     58.377   75.70402  175.55123     59.000    -1.6253    -1.6252  26.429752  26.429072    33.2668    33.2657    327.819    319.174    -0.0463     4.6539     0.1044     0.1044     0.0301     0.0231       5593     3.8835     100.00     2.3845     2.0753         23 0.0000e+00
     59.366   75.70402  175.55124     60.000    -1.6410    -1.6408  26.464534  26.463670    33.3319    33.3305    327.945    318.956    -0.0908     4.6571     0.1044     0.1044     0.0273     0.0214       5623     3.9044     100.00     2.3850     2.0741         19 0.0000e+00
