Continuous CTD Data/SBE Stage/nabos_28_01.ros
* Sea-Bird SBE 9 Data File:
* FileName = D:\CTD\data\HLY2502\raw\NABOS_28_01.hex
* Software Version Seasave V 7.26.7.110
* Temperature SN = 6954
* Conductivity SN = 2561
* Number of Bytes Per Scan = 37
* Number of Voltage Words = 4
* Number of Scans Averaged by the Deck Unit = 1
* NMEA Latitude = 80 36.34 N
* NMEA Longitude = 154 17.06 E
* NMEA UTC (Time) = Sep 21 2025  20:08:11
* NMEA baud rate = 9600
** Ship: USCG HEALY
** Bot. Depth:  2371
** Cast Number:  01
** Station Name:  NABOS
** Station Number:  28
** Operator:  STARC
# nquan = 25
# nvalues = 1176                                  
# units = specified
# name 0 = depSM: Depth [salt water, m]
# name 1 = latitude: Latitude [deg]
# name 2 = longitude: Longitude [deg]
# name 3 = prDM: Pressure, Digiquartz [db]
# name 4 = t090C: Temperature [ITS-90, deg C]
# name 5 = t190C: Temperature, 2 [ITS-90, deg C]
# name 6 = c0mS/cm: Conductivity [mS/cm]
# name 7 = c1mS/cm: Conductivity, 2 [mS/cm]
# name 8 = sal00: Salinity, Practical [PSU]
# name 9 = sal11: Salinity, Practical, 2 [PSU]
# name 10 = sbox0Mm/Kg: Oxygen, SBE 43 [umol/kg]
# name 11 = sbox1Mm/Kg: Oxygen, SBE 43, 2 [umol/kg]
# name 12 = flECO-AFL: Fluorescence, WET Labs ECO-AFL/FL [mg/m^3]
# name 13 = v2: Voltage 2
# name 14 = wetCDOM: Fluorescence, WET Labs CDOM [mg/m^3]
# name 15 = v6: Voltage 6
# name 16 = CStarAt0: Beam Attenuation, WET Labs C-Star [1/m]
# name 17 = v3: Voltage 3
# name 18 = scan: Scan Count
# name 19 = timeM: Time, Elapsed [minutes]
# name 20 = altM: Altimeter [m]
# name 21 = sbeox0V: Oxygen raw, SBE 43 [V]
# name 22 = sbeox1V: Oxygen raw, SBE 43, 2 [V]
# name 23 = nbf: Bottles Fired
# name 24 = flag:  0.000e+00
# interval = seconds: 0.0416667
# start_time = Sep 21 2025 20:08:11 [NMEA time, header]
# bad_flag = -9.990e-29
*END*
[from data line 522]
    114.985   80.60024  154.27022    116.250    -0.6249    -0.6230  28.112045  28.111448    34.4024    34.3995    308.319    300.991    -0.1366     4.6276     0.0867     0.0867     0.0527     0.0195      91859    63.7903     100.00     2.3289     2.0337         11  0.000e+00
    114.961   80.60024  154.27022    116.225    -0.6248    -0.6232  28.111984  28.111276    34.4022    34.3995    308.318    301.234    -0.1366     4.6276     0.0855     0.0855     0.0527     0.0195      91860    63.7910     100.00     2.3289     2.0349         11  0.000e+00
    115.018   80.60024  154.27022    116.283    -0.6248    -0.6232  28.111191  28.111162    34.4011    34.3993    308.323    300.994    -0.1061     4.6276     0.0867     0.0867     0.0527     0.0208      91861    63.7917     100.00     2.3289     2.0337         11  0.000e+00
    114.985   80.60024  154.27022    116.250    -0.6250    -0.6233  28.110338  28.110932    34.4003    34.3991    308.326    300.994    -0.1366     4.6276     0.0867     0.0867     0.0527     0.0195      91862    63.7924     100.00     2.3289     2.0337         11  0.000e+00
    114.961   80.60024  154.27022    116.225    -0.6252    -0.6238  28.110155  28.111047    34.4003    34.3999    308.532    300.753    -0.1366     4.6276     0.0867     0.0867     0.0527     0.0195      91863    63.7931     100.00     2.3301     2.0325         11  0.000e+00
    114.985   80.60024  154.27022    116.250    -0.6255    -0.6236  28.110338  28.110932    34.4009    34.3994    308.329    300.510    -0.1061     4.6276     0.0855     0.0855     0.0527     0.0208      91864    63.7938     100.00     2.3289     2.0312         11  0.000e+00
    115.018   80.60024  154.27022    116.283    -0.6255    -0.6236  28.110765  28.110875    34.4014    34.3994    308.534    300.026    -0.1366     4.6276     0.0855     0.0855     0.0527     0.0195      91865    63.7944     100.00     2.3301     2.0288         11  0.000e+00
    114.961   80.60024  154.27022    116.225    -0.6255    -0.6235  28.110704  28.110875    34.4014    34.3993    308.532    299.780    -0.1366     4.6276     0.0867     0.0867     0.0527     0.0195      91866    63.7951     100.00     2.3301     2.0276         11  0.000e+00
    114.985   80.60024  154.27022    116.250    -0.6252    -0.6236  28.110643  28.110875    34.4009    34.3994    308.326    299.782    -0.1366     4.6276     0.0867     0.0867     0.0527     0.0195      91867    63.7958     100.00     2.3289     2.0276         11  0.000e+00
    115.018   80.60024  154.27022    116.283    -0.6254    -0.6236  28.110826  28.110875    34.4013    34.3994    308.328    300.026    -0.1366     4.6276     0.0855     0.0855     0.0527     0.0195      91868    63.7965     100.00     2.3289     2.0288         11  0.000e+00
    114.985   80.60024  154.27022    116.250    -0.6252    -0.6238  28.110704  28.110473    34.4010    34.3991    308.325    300.270    -0.1366     4.6276     0.0867     0.0867     0.0527     0.0195      91869    63.7972     100.00     2.3289     2.0300         11  0.000e+00
    114.961   80.60024  154.27022    116.225    -0.6252    -0.6235  28.110825  28.110129    34.4012    34.3983    308.324    300.268    -0.1366     4.6276     0.0855     0.0855     0.0527     0.0195      91870    63.7979     100.00     2.3289     2.0300         11  0.000e+00
    115.018   80.60024  154.27022    116.283    -0.6250    -0.6236  28.110826  28.110072    34.4009    34.3983    308.325    300.514    -0.1366     4.6276     0.0867     0.0867     0.0527     0.0195      91871    63.7986     100.00     2.3289     2.0312         11  0.000e+00
    114.985   80.60024  154.27022    116.250    -0.6254    -0.6240  28.110643  28.109670    34.4011    34.3982    308.532    300.516    -0.1366     4.6276     0.0855     0.0855     0.0527     0.0195      91872    63.7993     100.00     2.3301     2.0312         11  0.000e+00
    115.018   80.60024  154.27022    116.283    -0.6250    -0.6241  28.110643  28.109728    34.4007    34.3984    308.531    300.519    -0.1061     4.6276     0.0855     0.0855     0.0527     0.0208      91873    63.8000     100.00     2.3301     2.0312         11  0.000e+00
    114.985   80.60024  154.27022    116.250    -0.6254    -0.6238  28.110460  28.110186    34.4008    34.3987    308.532    300.514    -0.1366     4.6276     0.0855     0.0855     0.0527     0.0195      91874    63.8007     100.00     2.3301     2.0312         11  0.000e+00
    114.961   80.60024  154.27022    116.225    -0.6254    -0.6241  28.110399  28.109728    34.4008    34.3984    308.326    300.516    -0.1366     4.6276     0.0855     0.0855     0.0527     0.0195      91875    63.8014     100.00     2.3289     2.0312         11  0.000e+00
    100.190   80.60012  154.26968    101.288    -1.0652    -1.0694  27.644661  27.639491    34.2785    34.2763    311.413    306.149    -0.1366     4.6252     0.0891     0.0891     0.0548     0.0195      94472    65.6049     100.00     2.3249     2.0408         12  0.000e+00
    100.206   80.60012  154.26968    101.305    -1.0652    -1.0696  27.644964  27.639776    34.2789    34.2768    311.413    306.149    -0.1366     4.6252     0.0891     0.0891     0.0548     0.0195      94473    65.6056     100.00     2.3249     2.0408         12  0.000e+00
    100.264   80.60012  154.26968    101.363    -1.0654    -1.0693  27.644964  27.640118    34.2791    34.2770    311.416    305.903    -0.1366     4.6264     0.0891     0.0891     0.0538     0.0195      94474    65.6063     100.00     2.3249     2.0396         12  0.000e+00
    100.190   80.60012  154.26968    101.288    -1.0654    -1.0688  27.644903  27.640574    34.2790    34.2771    311.206    305.404    -0.1366     4.6252     0.0891     0.0891     0.0548     0.0195      94475    65.6069     100.00     2.3237     2.0371         12  0.000e+00
    100.206   80.60012  154.26968    101.305    -1.0656    -1.0685  27.645085  27.640916    34.2796    34.2771    311.207    305.401    -0.1366     4.6252     0.0891     0.0891     0.0548     0.0195      94476    65.6076     100.00     2.3237     2.0371         12  0.000e+00
    100.264   80.60012  154.26968    101.363    -1.0654    -1.0685  27.645146  27.641144    34.2793    34.2775    311.416    305.158    -0.1366     4.6252     0.0891     0.0891     0.0548     0.0195      94477    65.6083     100.00     2.3249     2.0359         12  0.000e+00
    100.206   80.60012  154.26968    101.305    -1.0652    -1.0684  27.645328  27.640859    34.2794    34.2770    311.411    304.910    -0.1366     4.6252     0.0891     0.0891     0.0548     0.0195      94478    65.6090     100.00     2.3249     2.0347         12  0.000e+00
    100.190   80.60012  154.26968    101.288    -1.0654    -1.0680  27.645206  27.641087    34.2794    34.2768    311.412    304.660    -0.1366     4.6264     0.0891     0.0891     0.0538     0.0195      94479    65.6097     100.00     2.3249     2.0334         12  0.000e+00
    100.206   80.60012  154.26968    101.305    -1.0654    -1.0682  27.645328  27.641030    34.2796    34.2770    311.412    304.662    -0.1061     4.6252     0.0891     0.0891     0.0548     0.0208      94480    65.6104     100.00     2.3249     2.0334         12  0.000e+00
    100.264   80.60012  154.26968    101.363    -1.0655    -1.0679  27.645207  27.640973    34.2796    34.2766    311.416    304.417    -0.1366     4.6252     0.0891     0.0891     0.0548     0.0195      94481    65.6111     100.00     2.3249     2.0322         12  0.000e+00
    100.190   80.60012  154.26968    101.288    -1.0654    -1.0682  27.644964  27.641144    34.2791    34.2771    311.413    304.415    -0.1061     4.6252     0.0891     0.0891     0.0548     0.0208      94482    65.6118     100.00     2.3249     2.0322         12  0.000e+00
    100.206   80.60012  154.26968    101.305    -1.0654    -1.0682  27.644661  27.641030    34.2787    34.2770    311.207    304.416    -0.1366     4.6252     0.0891     0.0891     0.0548     0.0195      94483    65.6125     100.00     2.3237     2.0322         12  0.000e+00
    100.264   80.60012  154.26968    101.363    -1.0652    -1.0681  27.644964  27.640973    34.2789    34.2767    311.415    304.664    -0.1366     4.6252     0.0891     0.0891     0.0548     0.0195      94484    65.6132     100.00     2.3249     2.0334         12  0.000e+00
    100.190   80.60012  154.26968    101.288    -1.0656    -1.0682  27.644964  27.640802    34.2794    34.2766    311.207    304.907    -0.1366     4.6252     0.0891     0.0891     0.0548     0.0195      94485    65.6139     100.00     2.3237     2.0347         12  0.000e+00
    100.206   80.60012  154.26968    101.305    -1.0656    -1.0682  27.644903  27.640916    34.2793    34.2769    311.416    304.908    -0.1366     4.6252     0.0891     0.0891     0.0548     0.0195      94486    65.6146     100.00     2.3249     2.0347         12  0.000e+00
    100.206   80.60012  154.26966    101.305    -1.0655    -1.0682  27.645085  27.640802    34.2794    34.2767    311.207    304.417    -0.1366     4.6252     0.0891     0.0891     0.0548     0.0195      94487    65.6153     100.00     2.3237     2.0322         12  0.000e+00
    100.248   80.60012  154.26966    101.346    -1.0655    -1.0684  27.644964  27.640517    34.2793    34.2764    311.416    303.929    -0.1366     4.6252     0.0891     0.0891     0.0548     0.0195      94488    65.6160     100.00     2.3249     2.0298         12  0.000e+00
    100.206   80.60012  154.26966    101.305    -1.0656    -1.0687  27.644661  27.640061    34.2790    34.2762    311.416    303.685    -0.1366     4.6252     0.0904     0.0904     0.0548     0.0195      94489    65.6167     100.00     2.3249     2.0286         12  0.000e+00
    100.206   80.60012  154.26966    101.305    -1.0656    -1.0691  27.644600  27.639947    34.2789    34.2766    311.209    303.688    -0.1366     4.6252     0.0891     0.0891     0.0548     0.0195      94490    65.6174     100.00     2.3237     2.0286         12  0.000e+00
    100.248   80.60012  154.26966    101.346    -1.0658    -1.0693  27.644782  27.639320    34.2793    34.2758    311.419    303.693    -0.1366     4.6252     0.0891     0.0891     0.0548     0.0195      94491    65.6181     100.00     2.3249     2.0286         12  0.000e+00
    100.141   80.60012  154.26966    101.238    -1.0655    -1.0697  27.645085  27.639320    34.2795    34.2764    311.411    303.937    -0.1061     4.6252     0.0891     0.0891     0.0548     0.0208      94492    65.6188     100.00     2.3249     2.0298         12  0.000e+00
    100.264   80.60012  154.26966    101.363    -1.0656    -1.0702  27.644964  27.639206    34.2794    34.2767    311.210    303.946    -0.1366     4.6252     0.0891     0.0891     0.0548     0.0195      94493    65.6194     100.00     2.3237     2.0298         12  0.000e+00
    100.190   80.60012  154.26966    101.288    -1.0658    -1.0703  27.645085  27.638921    34.2798    34.2765    311.415    303.944    -0.1366     4.6252     0.0891     0.0891     0.0548     0.0195      94494    65.6201     100.00     2.3249     2.0298         12  0.000e+00
    100.264   80.60012  154.26966    101.363    -1.0656    -1.0704  27.645146  27.638693    34.2796    34.2762    311.417    304.440    -0.1366     4.6252     0.0891     0.0891     0.0548     0.0195      94495    65.6208     100.00     2.3249     2.0322         12  0.000e+00
    100.206   80.60012  154.26966    101.305    -1.0658    -1.0705  27.645146  27.638636    34.2798    34.2763    311.416    304.439    -0.1366     4.6252     0.0891     0.0891     0.0548     0.0195      94496    65.6215     100.00     2.3249     2.0322         12  0.000e+00
    100.190   80.60012  154.26966    101.288    -1.0656    -1.0705  27.644964  27.639149    34.2794    34.2770    311.414    304.190    -0.1366     4.6252     0.0891     0.0891     0.0548     0.0195      94497    65.6222     100.00     2.3249     2.0310         12  0.000e+00
    100.206   80.60012  154.26966    101.305    -1.0660    -1.0704  27.645085  27.638807    34.2800    34.2764    311.209    304.683    -0.1366     4.6252     0.0891     0.0891     0.0548     0.0195      94498    65.6229     100.00     2.3237     2.0334         12  0.000e+00
    100.264   80.60012  154.26966    101.363    -1.0658    -1.0702  27.645146  27.638807    34.2798    34.2762    311.210    304.930    -0.1366     4.6252     0.0891     0.0891     0.0548     0.0195      94499    65.6236     100.00     2.3237     2.0347         12  0.000e+00
    100.207   80.60012  154.26966    101.305    -1.0658    -1.0702  27.644964  27.639035    34.2796    34.2765    311.416    305.172    -0.1366     4.6252     0.0891     0.0891     0.0548     0.0195      94500    65.6243     100.00     2.3249     2.0359         12  0.000e+00
    100.190   80.60012  154.26966    101.288    -1.0655    -1.0701  27.645267  27.639320    34.2797    34.2768    311.413    305.170    -0.1366     4.6252     0.0891     0.0891     0.0548     0.0195      94501    65.6250     100.00     2.3249     2.0359         12  0.000e+00
    100.207   80.60012  154.26966    101.305    -1.0658    -1.0696  27.645207  27.639776    34.2799    34.2769    311.415    305.166    -0.1366     4.6252     0.0904     0.0904     0.0548     0.0195      94502    65.6257     100.00     2.3249     2.0359         12  0.000e+00
    100.264   80.60012  154.26966    101.363    -1.0661    -1.0696  27.644964  27.640118    34.2799    34.2772    311.213    305.167    -0.1061     4.6252     0.0891     0.0891     0.0548     0.0208      94503    65.6264     100.00     2.3237     2.0359         12  0.000e+00
    100.190   80.60012  154.26966    101.288    -1.0661    -1.0691  27.645267  27.640574    34.2804    34.2774    311.417    305.160    -0.1366     4.6252     0.0891     0.0891     0.0548     0.0195      94504    65.6271     100.00     2.3249     2.0359         12  0.000e+00
    100.207   80.60012  154.26966    101.305    -1.0660    -1.0687  27.645025  27.640745    34.2799    34.2772    311.417    305.157    -0.1061     4.6252     0.0891     0.0891     0.0548     0.0208      94505    65.6278     100.00     2.3249     2.0359         12  0.000e+00
    100.207   80.60012  154.26966    101.305    -1.0660    -1.0687  27.644661  27.640745    34.2794    34.2771    311.210    304.911    -0.1061     4.6252     0.0904     0.0904     0.0548     0.0208      94506    65.6285     100.00     2.3237     2.0347         12  0.000e+00
    100.248   80.60012  154.26966    101.346    -1.0658    -1.0684  27.644782  27.640745    34.2793    34.2768    311.418    304.666    -0.1366     4.6252     0.0904     0.0904     0.0548     0.0195      94507    65.6292     100.00     2.3249     2.0334         12  0.000e+00
    100.207   80.60012  154.26966    101.305    -1.0658    -1.0685  27.644903  27.640916    34.2795    34.2772    311.209    304.172    -0.1366     4.6252     0.0904     0.0904     0.0548     0.0195      94508    65.6299     100.00     2.3237     2.0310         12  0.000e+00
    100.207   80.60012  154.26966    101.305    -1.0658    -1.0684  27.644903  27.641144    34.2795    34.2773    311.624    304.171    -0.1366     4.6252     0.0904     0.0904     0.0548     0.0195      94509    65.6306     100.00     2.3261     2.0310         12  0.000e+00
    100.248   80.60012  154.26966    101.346    -1.0652    -1.0682  27.644661  27.641030    34.2785    34.2770    311.415    304.172    -0.1366     4.6252     0.0904     0.0904     0.0548     0.0195      94510    65.6312     100.00     2.3249     2.0310         12  0.000e+00
    100.207   80.60012  154.26966    101.305    -1.0647    -1.0681  27.644964  27.641372    34.2784    34.2773    311.409    304.414    -0.1366     4.6252     0.0904     0.0904     0.0548     0.0195      94511    65.6319     100.00     2.3249     2.0322         12  0.000e+00
