Continuous CTD Data/SBE Stage/nabos_41_01.ros
* Sea-Bird SBE 9 Data File:
* FileName = D:\CTD\data\HLY2502\raw\NABOS_41_01.hex
* Software Version Seasave V 7.26.7.110
* Temperature SN = 6954
* Conductivity SN = 2561
* Number of Bytes Per Scan = 37
* Number of Voltage Words = 4
* Number of Scans Averaged by the Deck Unit = 1
* NMEA Latitude = 79 39.37 N
* NMEA Longitude = 125 55.91 E
* NMEA UTC (Time) = Sep 27 2025  03:16:02
* NMEA baud rate = 9600
** Ship: USCG HEALY
** Bot. Depth:  3277
** Cast Number:  01
** Station Name:  NABOS
** Station Number:  41
** Operator:  STARC
# nquan = 25
# nvalues = 1176                                  
# units = specified
# name 0 = depSM: Depth [salt water, m]
# name 1 = latitude: Latitude [deg]
# name 2 = longitude: Longitude [deg]
# name 3 = prDM: Pressure, Digiquartz [db]
# name 4 = t090C: Temperature [ITS-90, deg C]
# name 5 = t190C: Temperature, 2 [ITS-90, deg C]
# name 6 = c0mS/cm: Conductivity [mS/cm]
# name 7 = c1mS/cm: Conductivity, 2 [mS/cm]
# name 8 = sal00: Salinity, Practical [PSU]
# name 9 = sal11: Salinity, Practical, 2 [PSU]
# name 10 = sbox0Mm/Kg: Oxygen, SBE 43 [umol/kg]
# name 11 = sbox1Mm/Kg: Oxygen, SBE 43, 2 [umol/kg]
# name 12 = flECO-AFL: Fluorescence, WET Labs ECO-AFL/FL [mg/m^3]
# name 13 = v2: Voltage 2
# name 14 = wetCDOM: Fluorescence, WET Labs CDOM [mg/m^3]
# name 15 = v6: Voltage 6
# name 16 = CStarAt0: Beam Attenuation, WET Labs C-Star [1/m]
# name 17 = v3: Voltage 3
# name 18 = scan: Scan Count
# name 19 = timeM: Time, Elapsed [minutes]
# name 20 = altM: Altimeter [m]
# name 21 = sbeox0V: Oxygen raw, SBE 43 [V]
# name 22 = sbeox1V: Oxygen raw, SBE 43, 2 [V]
# name 23 = nbf: Bottles Fired
# name 24 = flag:  0.000e+00
# interval = seconds: 0.0416667
# start_time = Sep 27 2025 03:16:02 [NMEA time, header]
# bad_flag = -9.990e-29
*END*
[from data line 406]
    150.116   79.65156  125.93090    151.775     1.2878     1.2908  29.979757  29.977623    34.6886    34.6825    295.034    288.158    -0.1366     4.6264     0.0830     0.0830     0.0538     0.0195      83289    57.8389     100.00     2.3453     2.0478          9  0.000e+00
    150.116   79.65156  125.93090    151.775     1.2878     1.2905  29.979632  29.977565    34.6885    34.6828    295.034    288.851    -0.1366     4.6264     0.0818     0.0818     0.0538     0.0195      83290    57.8396     100.00     2.3453     2.0515          9  0.000e+00
    150.116   79.65156  125.93090    151.775     1.2881     1.2907  29.979320  29.977565    34.6877    34.6826    295.033    289.080    -0.1366     4.6264     0.0818     0.0818     0.0538     0.0195      83291    57.8403     100.00     2.3453     2.0527          9  0.000e+00
    150.066   79.65156  125.93090    151.725     1.2884     1.2907  29.979257  29.977976    34.6873    34.6832    294.835    288.847    -0.1061     4.6264     0.0806     0.0806     0.0538     0.0208      83292    57.8410     100.00     2.3440     2.0515          9  0.000e+00
    150.116   79.65156  125.93090    151.775     1.2880     1.2906  29.979383  29.977858    34.6879    34.6830    295.034    288.389    -0.1366     4.6264     0.0818     0.0818     0.0538     0.0195      83293    57.8417     100.00     2.3453     2.0491          9  0.000e+00
    150.116   79.65156  125.93090    151.775     1.2889     1.2908  29.979507  29.977799    34.6871    34.6827    295.028    288.388    -0.1366     4.6264     0.0818     0.0818     0.0538     0.0195      83294    57.8424     100.00     2.3453     2.0491          9  0.000e+00
    150.124   79.65156  125.93090    151.784     1.2895     1.2907  29.979570  29.977623    34.6864    34.6827    295.219    288.620    -0.1366     4.6276     0.0818     0.0818     0.0527     0.0195      83295    57.8431     100.00     2.3465     2.0503          9  0.000e+00
    150.116   79.65156  125.93090    151.775     1.2890     1.2903  29.979757  29.977330    34.6872    34.6827    295.026    288.853    -0.1366     4.6264     0.0818     0.0818     0.0538     0.0195      83296    57.8438     100.00     2.3453     2.0515          9  0.000e+00
    150.058   79.65156  125.93090    151.717     1.2881     1.2903  29.979382  29.977271    34.6878    34.6826    295.030    289.311    -0.1366     4.6264     0.0818     0.0818     0.0538     0.0195      83297    57.8444     100.00     2.3453     2.0540          9  0.000e+00
    150.124   79.65156  125.93090    151.784     1.2873     1.2902  29.979258  29.977271    34.6885    34.6828    295.038    289.545    -0.1366     4.6264     0.0806     0.0806     0.0538     0.0195      83298    57.8451     100.00     2.3453     2.0552          9  0.000e+00
    150.116   79.65156  125.93090    151.775     1.2864     1.2894  29.979070  29.977095    34.6892    34.6834    295.044    289.549    -0.1366     4.6264     0.0818     0.0818     0.0538     0.0195      83299    57.8458     100.00     2.3453     2.0552          9  0.000e+00
    150.116   79.65156  125.93090    151.775     1.2864     1.2894  29.979070  29.977036    34.6892    34.6833    295.044    289.780    -0.1366     4.6264     0.0818     0.0818     0.0538     0.0195      83300    57.8465     100.00     2.3453     2.0564          9  0.000e+00
    150.124   79.65156  125.93090    151.784     1.2864     1.2889  29.979008  29.977036    34.6892    34.6838    295.044    289.783    -0.1366     4.6264     0.0818     0.0818     0.0538     0.0195      83301    57.8472     100.00     2.3453     2.0564          9  0.000e+00
    150.058   79.65156  125.93090    151.717     1.2864     1.2891  29.979195  29.977036    34.6894    34.6837    295.236    289.549    -0.1366     4.6264     0.0818     0.0818     0.0538     0.0195      83302    57.8479     100.00     2.3465     2.0552          9  0.000e+00
    150.116   79.65156  125.93090    151.775     1.2873     1.2893  29.979258  29.976977    34.6885    34.6834    295.038    290.472    -0.1366     4.6264     0.0806     0.0806     0.0538     0.0195      83303    57.8486     100.00     2.3453     2.0601          9  0.000e+00
    150.116   79.65156  125.93090    151.775     1.2878     1.2898  29.979445  29.977388    34.6882    34.6834    295.034    291.389    -0.1061     4.6264     0.0818     0.0818     0.0538     0.0208      83304    57.8493     100.00     2.3453     2.0650          9  0.000e+00
    150.124   79.65156  125.93090    151.784     1.2887     1.2902  29.978883  29.977153    34.6864    34.6826    295.031    292.078    -0.1366     4.6264     0.0818     0.0818     0.0538     0.0195      83305    57.8500     100.00     2.3453     2.0686          9  0.000e+00
    150.116   79.65156  125.93090    151.775     1.2884     1.2900  29.978820  29.977212    34.6867    34.6828    295.033    292.079    -0.1366     4.6264     0.0818     0.0818     0.0538     0.0195      83306    57.8507     100.00     2.3453     2.0686          9  0.000e+00
    150.116   79.65156  125.93090    151.775     1.2886     1.2902  29.978945  29.976860    34.6866    34.6823    295.031    291.619    -0.1366     4.6264     0.0818     0.0818     0.0538     0.0195      83307    57.8514     100.00     2.3453     2.0662          9  0.000e+00
    150.067   79.65156  125.93090    151.725     1.2889     1.2900  29.979008  29.977095    34.6865    34.6827    295.027    291.386    -0.1366     4.6264     0.0818     0.0818     0.0538     0.0195      83308    57.8521     100.00     2.3453     2.0650          9  0.000e+00
    150.116   79.65156  125.93090    151.775     1.2890     1.2902  29.979195  29.977271    34.6865    34.6827    295.222    290.926    -0.1366     4.6264     0.0818     0.0818     0.0538     0.0195      83309    57.8528     100.00     2.3465     2.0625          9  0.000e+00
    150.116   79.65156  125.93090    151.775     1.2890     1.2902  29.978633  29.977095    34.6858    34.6825    295.029    290.236    -0.1366     4.6264     0.0818     0.0818     0.0538     0.0195      83310    57.8535     100.00     2.3453     2.0588          9  0.000e+00
    150.067   79.65156  125.93090    151.725     1.2894     1.2900  29.978820  29.977212    34.6857    34.6829    295.025    290.235    -0.1366     4.6264     0.0818     0.0818     0.0538     0.0195      83311    57.8542     100.00     2.3453     2.0588          9  0.000e+00
    150.116   79.65156  125.93090    151.775     1.2894     1.2903  29.978758  29.977447    34.6856    34.6828    295.027    290.464    -0.1366     4.6264     0.0818     0.0818     0.0538     0.0195      83312    57.8549     100.00     2.3453     2.0601          9  0.000e+00
    150.116   79.65156  125.93090    151.775     1.2898     1.2902  29.979257  29.977506    34.6857    34.6830    295.218    289.543    -0.1366     4.6264     0.0818     0.0818     0.0538     0.0195      83313    57.8556     100.00     2.3465     2.0552          9  0.000e+00
    150.124   79.65156  125.93090    151.784     1.2902     1.2903  29.979257  29.977741    34.6853    34.6832    295.021    288.391    -0.1366     4.6264     0.0818     0.0818     0.0538     0.0195      83314    57.8563     100.00     2.3453     2.0491          9  0.000e+00
    150.058   79.65156  125.93090    151.717     1.2909     1.2903  29.979257  29.977858    34.6845    34.6834    295.209    288.157    -0.1366     4.6264     0.0818     0.0818     0.0538     0.0195      83315    57.8569     100.00     2.3465     2.0478          9  0.000e+00
    150.116   79.65156  125.93090    151.775     1.2908     1.2908  29.978820  29.977623    34.6841    34.6825    295.213    288.618    -0.1366     4.6264     0.0818     0.0818     0.0538     0.0195      83316    57.8576     100.00     2.3465     2.0503          9  0.000e+00
    150.173   79.65156  125.93090    151.833     1.2908     1.2908  29.978883  29.977565    34.6842    34.6824    295.216    289.081    -0.1061     4.6264     0.0818     0.0818     0.0538     0.0208      83317    57.8583     100.00     2.3465     2.0527          9  0.000e+00
    150.067   79.65156  125.93090    151.725     1.2908     1.2908  29.979007  29.977741    34.6844    34.6827    295.211    289.076    -0.1366     4.6264     0.0830     0.0830     0.0538     0.0195      83318    57.8590     100.00     2.3465     2.0527          9  0.000e+00
    150.116   79.65156  125.93090    151.775     1.2908     1.2907  29.979070  29.977623    34.6844    34.6827    295.213    288.849    -0.1366     4.6264     0.0830     0.0830     0.0538     0.0195      83319    57.8597     100.00     2.3465     2.0515          9  0.000e+00
    150.116   79.65156  125.93090    151.775     1.2906     1.2908  29.979445  29.977741    34.6851    34.6827    295.212    288.618    -0.1366     4.6264     0.0830     0.0830     0.0538     0.0195      83320    57.8604     100.00     2.3465     2.0503          9  0.000e+00
    150.067   79.65156  125.93090    151.725     1.2906     1.2907  29.979320  29.978034    34.6850    34.6832    295.016    288.386    -0.1366     4.6264     0.0830     0.0830     0.0538     0.0195      83321    57.8611     100.00     2.3453     2.0491          9  0.000e+00
    150.116   79.65156  125.93090    151.775     1.2908     1.2903  29.979070  29.978093    34.6844    34.6837    295.213    287.468    -0.1366     4.6264     0.0830     0.0830     0.0538     0.0195      83322    57.8618     100.00     2.3465     2.0442          9  0.000e+00
    150.116   79.65156  125.93090    151.775     1.2903     1.2903  29.979008  29.978152    34.6848    34.6837    295.215    287.007    -0.1366     4.6264     0.0830     0.0830     0.0538     0.0195      83323    57.8625     100.00     2.3465     2.0417          9  0.000e+00
    130.236   79.65140  125.93078    131.669     0.2346     0.2391  28.915352  28.917882    34.4933    34.4915    305.278    299.637    -0.1671     4.6252     0.0842     0.0842     0.0548     0.0183      85864    59.6271     100.00     2.3547     2.0635         10  0.000e+00
    130.236   79.65140  125.93078    131.669     0.2345     0.2394  28.915660  28.917998    34.4938    34.4914    305.077    299.636    -0.1366     4.6252     0.0842     0.0842     0.0548     0.0195      85865    59.6278     100.00     2.3535     2.0635         10  0.000e+00
    130.326   79.65140  125.93078    131.761     0.2343     0.2388  28.915414  28.917767    34.4937    34.4917    305.083    299.644    -0.1366     4.6252     0.0842     0.0842     0.0548     0.0195      85866    59.6285     100.00     2.3535     2.0635         10  0.000e+00
    130.236   79.65140  125.93078    131.669     0.2343     0.2385  28.915475  28.917709    34.4938    34.4920    305.279    299.642    -0.1366     4.6252     0.0842     0.0842     0.0548     0.0195      85867    59.6292     100.00     2.3547     2.0635         10  0.000e+00
    130.293   79.65140  125.93078    131.727     0.2348     0.2387  28.915537  28.917709    34.4933    34.4918    305.078    299.880    -0.1061     4.6252     0.0842     0.0842     0.0548     0.0208      85868    59.6299     100.00     2.3535     2.0647         10  0.000e+00
    130.293   79.65140  125.93078    131.727     0.2346     0.2388  28.915722  28.917535    34.4938    34.4914    305.279    299.880    -0.1366     4.6252     0.0842     0.0842     0.0548     0.0195      85869    59.6306     100.00     2.3547     2.0647         10  0.000e+00
    130.236   79.65140  125.93078    131.669     0.2349     0.2386  28.915598  28.917651    34.4933    34.4918    305.075    299.641    -0.1366     4.6252     0.0842     0.0842     0.0548     0.0195      85870    59.6313     100.00     2.3535     2.0635         10  0.000e+00
    130.293   79.65140  125.93078    131.727     0.2349     0.2386  28.915352  28.917303    34.4929    34.4914    305.078    299.882    -0.1366     4.6252     0.0842     0.0842     0.0548     0.0195      85871    59.6319     100.00     2.3535     2.0647         10  0.000e+00
    130.236   79.65140  125.93078    131.669     0.2351     0.2390  28.915475  28.917361    34.4929    34.4910    305.074    299.640    -0.1366     4.6252     0.0842     0.0842     0.0548     0.0195      85872    59.6326     100.00     2.3535     2.0635         10  0.000e+00
    130.293   79.65140  125.93078    131.727     0.2351     0.2390  28.915906  28.917477    34.4935    34.4912    305.276    299.405    -0.1366     4.6264     0.0842     0.0842     0.0538     0.0195      85873    59.6333     100.00     2.3547     2.0622         10  0.000e+00
    130.293   79.65140  125.93078    131.727     0.2351     0.2396  28.916091  28.917477    34.4937    34.4905    305.275    299.638    -0.1366     4.6252     0.0830     0.0830     0.0548     0.0195      85874    59.6340     100.00     2.3547     2.0635         10  0.000e+00
    130.236   79.65140  125.93078    131.669     0.2351     0.2394  28.915475  28.917477    34.4929    34.4907    305.074    299.637    -0.1061     4.6252     0.0842     0.0842     0.0548     0.0208      85875    59.6347     100.00     2.3535     2.0635         10  0.000e+00
    130.293   79.65140  125.93078    131.727     0.2349     0.2390  28.915475  28.917245    34.4931    34.4909    305.278    299.643    -0.1366     4.6252     0.0830     0.0830     0.0548     0.0195      85876    59.6354     100.00     2.3547     2.0635         10  0.000e+00
    130.293   79.65140  125.93078    131.727     0.2348     0.2386  28.915537  28.917361    34.4933    34.4914    305.078    299.881    -0.1366     4.6252     0.0842     0.0842     0.0548     0.0195      85877    59.6361     100.00     2.3535     2.0647         10  0.000e+00
    130.269   79.65140  125.93078    131.702     0.2346     0.2386  28.915352  28.917651    34.4933    34.4918    305.079    300.117    -0.1366     4.6252     0.0842     0.0842     0.0548     0.0195      85878    59.6368     100.00     2.3535     2.0659         10  0.000e+00
    130.293   79.65140  125.93078    131.727     0.2345     0.2386  28.915475  28.917709    34.4936    34.4919    305.080    300.355    -0.1366     4.6252     0.0842     0.0842     0.0548     0.0195      85879    59.6375     100.00     2.3535     2.0671         10  0.000e+00
    130.236   79.65140  125.93078    131.669     0.2344     0.2388  28.915105  28.917535    34.4932    34.4915    305.079    300.589    -0.1366     4.6252     0.0842     0.0842     0.0548     0.0195      85880    59.6382     100.00     2.3535     2.0684         10  0.000e+00
    130.293   79.65140  125.93078    131.727     0.2345     0.2390  28.915352  28.917477    34.4934    34.4912    305.081    300.590    -0.1366     4.6252     0.0842     0.0842     0.0548     0.0195      85881    59.6389     100.00     2.3535     2.0684         10  0.000e+00
    130.236   79.65140  125.93078    131.669     0.2343     0.2390  28.915105  28.917651    34.4933    34.4914    305.080    300.350    -0.1061     4.6264     0.0842     0.0842     0.0538     0.0208      85882    59.6396     100.00     2.3535     2.0671         10  0.000e+00
    130.293   79.65140  125.93078    131.727     0.2344     0.2390  28.915167  28.917535    34.4932    34.4912    305.081    300.353    -0.1366     4.6252     0.0842     0.0842     0.0548     0.0195      85883    59.6403     100.00     2.3535     2.0671         10  0.000e+00
    130.236   79.65140  125.93078    131.669     0.2345     0.2390  28.915044  28.917651    34.4930    34.4914    305.079    300.350    -0.1366     4.6252     0.0842     0.0842     0.0548     0.0195      85884    59.6410     100.00     2.3535     2.0671         10  0.000e+00
    130.293   79.65140  125.93078    131.727     0.2343     0.2391  28.914982  28.917883    34.4932    34.4916    305.283    300.351    -0.1061     4.6264     0.0842     0.0842     0.0538     0.0208      85885    59.6417     100.00     2.3547     2.0671         10  0.000e+00
