Continuous CTD Data/SBE Stage/nabos_31_01.ros
* Sea-Bird SBE 9 Data File:
* FileName = D:\CTD\data\HLY2502\raw\NABOS_31_01.hex
* Software Version Seasave V 7.26.7.110
* Temperature SN = 6954
* Conductivity SN = 2561
* Number of Bytes Per Scan = 37
* Number of Voltage Words = 4
* Number of Scans Averaged by the Deck Unit = 1
* NMEA Latitude = 80 11.59 N
* NMEA Longitude = 144 51.86 E
* NMEA UTC (Time) = Sep 23 2025  02:41:26
* NMEA baud rate = 9600
** Ship: USCG HEALY
** Bot. Depth:  1500
** Cast Number:  01
** Station Name:  NABOS
** Station Number:  31
** Operator:  STARC
** Cast to 1200 m
# nquan = 25
# nvalues = 1176                                  
# units = specified
# name 0 = depSM: Depth [salt water, m]
# name 1 = latitude: Latitude [deg]
# name 2 = longitude: Longitude [deg]
# name 3 = prDM: Pressure, Digiquartz [db]
# name 4 = t090C: Temperature [ITS-90, deg C]
# name 5 = t190C: Temperature, 2 [ITS-90, deg C]
# name 6 = c0mS/cm: Conductivity [mS/cm]
# name 7 = c1mS/cm: Conductivity, 2 [mS/cm]
# name 8 = sal00: Salinity, Practical [PSU]
# name 9 = sal11: Salinity, Practical, 2 [PSU]
# name 10 = sbox0Mm/Kg: Oxygen, SBE 43 [umol/kg]
# name 11 = sbox1Mm/Kg: Oxygen, SBE 43, 2 [umol/kg]
# name 12 = flECO-AFL: Fluorescence, WET Labs ECO-AFL/FL [mg/m^3]
# name 13 = v2: Voltage 2
# name 14 = wetCDOM: Fluorescence, WET Labs CDOM [mg/m^3]
# name 15 = v6: Voltage 6
# name 16 = CStarAt0: Beam Attenuation, WET Labs C-Star [1/m]
# name 17 = v3: Voltage 3
# name 18 = scan: Scan Count
# name 19 = timeM: Time, Elapsed [minutes]
# name 20 = altM: Altimeter [m]
# name 21 = sbeox0V: Oxygen raw, SBE 43 [V]
# name 22 = sbeox1V: Oxygen raw, SBE 43, 2 [V]
# name 23 = nbf: Bottles Fired
# name 24 = flag:  0.000e+00
# interval = seconds: 0.0416667
# start_time = Sep 23 2025 02:41:26 [NMEA time, header]
# bad_flag = -9.990e-29
*END*
[from data line 464]
    130.375   80.19820  144.79918    131.812    -0.4155    -0.4054  28.282946  28.290117    34.3853    34.3834    303.865    298.068    -0.1061     4.5910     0.0879     0.0879     0.0845     0.0208      92422    64.1813     100.00     2.3096     2.0254         10  0.000e+00
    130.375   80.19820  144.79918    131.812    -0.4154    -0.4054  28.283679  28.290232    34.3861    34.3837    304.067    298.310    -0.0755     4.5910     0.0879     0.0879     0.0845     0.0220      92423    64.1819     100.00     2.3108     2.0266         10  0.000e+00
    130.317   80.19820  144.79918    131.754    -0.4141    -0.4054  28.284779  28.289887    34.3862    34.3832    303.848    298.308    -0.1061     4.5910     0.0879     0.0879     0.0845     0.0208      92424    64.1826     100.00     2.3096     2.0266         10  0.000e+00
    130.432   80.19820  144.79918    131.870    -0.4128    -0.4053  28.285207  28.289772    34.3853    34.3829    304.048    298.313    -0.0755     4.5910     0.0879     0.0879     0.0845     0.0220      92425    64.1833     100.00     2.3108     2.0266         10  0.000e+00
    130.375   80.19820  144.79918    131.812    -0.4121    -0.4054  28.285268  28.289945    34.3846    34.3832    303.837    298.311    -0.1061     4.5910     0.0879     0.0879     0.0845     0.0208      92426    64.1840     100.00     2.3096     2.0266         10  0.000e+00
    130.350   80.19820  144.79918    131.787    -0.4123    -0.4054  28.285268  28.290002    34.3848    34.3834    303.837    298.310    -0.0755     4.5910     0.0879     0.0879     0.0845     0.0220      92427    64.1847     100.00     2.3096     2.0266         10  0.000e+00
    130.375   80.19820  144.79918    131.812    -0.4123    -0.4056  28.285084  28.289772    34.3846    34.3833    303.839    298.313    -0.1061     4.5910     0.0879     0.0879     0.0845     0.0208      92428    64.1854     100.00     2.3096     2.0266         10  0.000e+00
    130.375   80.19820  144.79918    131.812    -0.4126    -0.4053  28.285451  28.289715    34.3853    34.3828    304.043    298.553    -0.0755     4.5910     0.0879     0.0879     0.0845     0.0220      92429    64.1861     100.00     2.3108     2.0278         10  0.000e+00
    130.375   80.19820  144.79918    131.812    -0.4118    -0.4058  28.285145  28.289772    34.3840    34.3835    304.039    298.556    -0.0755     4.5910     0.0879     0.0879     0.0845     0.0220      92430    64.1868     100.00     2.3108     2.0278         10  0.000e+00
    130.375   80.19820  144.79918    131.812    -0.4121    -0.4059  28.285207  28.289542    34.3845    34.3833    304.041    298.557    -0.0755     4.5910     0.0879     0.0879     0.0845     0.0220      92431    64.1875     100.00     2.3108     2.0278         10  0.000e+00
    130.375   80.19820  144.79918    131.812    -0.4123    -0.4063  28.284901  28.289312    34.3843    34.3834    304.043    298.560    -0.0755     4.5910     0.0879     0.0879     0.0845     0.0220      92432    64.1882     100.00     2.3108     2.0278         10  0.000e+00
    130.375   80.19820  144.79918    131.812    -0.4126    -0.4065  28.284718  28.289427    34.3843    34.3838    303.841    298.803    -0.0755     4.5910     0.0879     0.0879     0.0845     0.0220      92433    64.1889     100.00     2.3096     2.0290         10  0.000e+00
    130.317   80.19820  144.79918    131.754    -0.4127    -0.4066  28.284534  28.288680    34.3843    34.3829    304.045    298.803    -0.1061     4.5910     0.0879     0.0879     0.0845     0.0208      92434    64.1896     100.00     2.3108     2.0290         10  0.000e+00
    130.375   80.19820  144.79918    131.812    -0.4127    -0.4068  28.284901  28.288450    34.3847    34.3828    303.841    298.807    -0.1061     4.5910     0.0879     0.0879     0.0845     0.0208      92435    64.1903     100.00     2.3096     2.0290         10  0.000e+00
    130.375   80.19820  144.79918    131.812    -0.4126    -0.4071  28.285390  28.288623    34.3852    34.3834    304.043    298.809    -0.0755     4.5910     0.0879     0.0879     0.0845     0.0220      92436    64.1910     100.00     2.3108     2.0290         10  0.000e+00
    130.375   80.19820  144.79918    131.812    -0.4127    -0.4075  28.285390  28.288508    34.3854    34.3837    304.044    298.812    -0.0755     4.5910     0.0879     0.0879     0.0845     0.0220      92437    64.1917     100.00     2.3108     2.0290         10  0.000e+00
    130.375   80.19820  144.79918    131.812    -0.4118    -0.4074  28.285879  28.288450    34.3850    34.3835    303.832    298.811    -0.1061     4.5910     0.0879     0.0879     0.0845     0.0208      92438    64.1924     100.00     2.3096     2.0290         10  0.000e+00
    130.350   80.19820  144.79918    131.787    -0.4116    -0.4077  28.285695  28.288623    34.3845    34.3840    304.035    299.053    -0.0755     4.5922     0.0879     0.0879     0.0835     0.0220      92439    64.1931     100.00     2.3108     2.0303         10  0.000e+00
    130.375   80.19820  144.79918    131.812    -0.4118    -0.4078  28.285757  28.288278    34.3849    34.3838    303.833    299.056    -0.1061     4.5910     0.0879     0.0879     0.0845     0.0208      92440    64.1937     100.00     2.3096     2.0303         10  0.000e+00
    130.375   80.19820  144.79918    131.812    -0.4118    -0.4075  28.285818  28.288508    34.3849    34.3837    304.037    298.812    -0.0755     4.5922     0.0879     0.0879     0.0835     0.0220      92441    64.1944     100.00     2.3108     2.0290         10  0.000e+00
    130.317   80.19820  144.79918    131.754    -0.4116    -0.4075  28.286062  28.288507    34.3851    34.3838    303.828    298.568    -0.0755     4.5922     0.0879     0.0879     0.0835     0.0220      92442    64.1951     100.00     2.3096     2.0278         10  0.000e+00
    130.432   80.19820  144.79918    131.870    -0.4108    -0.4075  28.286062  28.288450    34.3842    34.3836    304.033    297.605    -0.1061     4.5910     0.0879     0.0879     0.0845     0.0208      92443    64.1958     100.00     2.3108     2.0229         10  0.000e+00
    130.317   80.19820  144.79918    131.754    -0.4106    -0.4072  28.286245  28.288795    34.3842    34.3838    304.025    296.631    -0.0755     4.5910     0.0879     0.0879     0.0845     0.0220      92444    64.1965     100.00     2.3108     2.0180         10  0.000e+00
    130.375   80.19820  144.79918    131.812    -0.4107    -0.4071  28.286001  28.289370    34.3840    34.3844    304.030    295.905    -0.0755     4.5910     0.0879     0.0879     0.0845     0.0220      92445    64.1972     100.00     2.3108     2.0144         10  0.000e+00
    130.317   80.19820  144.79918    131.754    -0.4113    -0.4068  28.285634  28.289312    34.3842    34.3840    304.032    295.901    -0.0755     4.5910     0.0879     0.0879     0.0845     0.0220      92446    64.1979     100.00     2.3108     2.0144         10  0.000e+00
    130.375   80.19820  144.79918    131.812    -0.4110    -0.4068  28.285573  28.289197    34.3837    34.3838    303.828    295.904    -0.1061     4.5910     0.0879     0.0879     0.0845     0.0208      92447    64.1986     100.00     2.3096     2.0144         10  0.000e+00
    115.297   80.19826  144.79786    116.564    -0.6193    -0.6196  28.032385  28.030618    34.2884    34.2864    305.479    299.542    -0.1366     4.5934     0.0891     0.0891     0.0824     0.0195      94922    65.9174     100.00     2.3105     2.0251         11  0.000e+00
    115.272   80.19826  144.79786    116.539    -0.6192    -0.6196  28.032567  28.030732    34.2885    34.2865    305.271    299.784    -0.1366     4.5922     0.0891     0.0891     0.0835     0.0195      94923    65.9181     100.00     2.3093     2.0264         11  0.000e+00
    115.272   80.19826  144.79786    116.539    -0.6193    -0.6196  28.032689  28.030618    34.2888    34.2864    305.066    300.027    -0.1061     4.5922     0.0891     0.0891     0.0835     0.0208      94924    65.9188     100.00     2.3081     2.0276         11  0.000e+00
    115.297   80.19826  144.79786    116.564    -0.6193    -0.6195  28.032506  28.030675    34.2886    34.2863    305.273    300.027    -0.1061     4.5922     0.0879     0.0879     0.0835     0.0208      94925    65.9194     100.00     2.3093     2.0276         11  0.000e+00
    115.272   80.19826  144.79786    116.539    -0.6195    -0.6196  28.032263  28.030561    34.2884    34.2863    305.068    300.027    -0.1061     4.5922     0.0879     0.0879     0.0835     0.0208      94926    65.9201     100.00     2.3081     2.0276         11  0.000e+00
    115.297   80.19826  144.79786    116.564    -0.6192    -0.6193  28.032384  28.030561    34.2882    34.2860    305.067    300.027    -0.1366     4.5922     0.0891     0.0891     0.0835     0.0195      94927    65.9208     100.00     2.3081     2.0276         11  0.000e+00
    115.272   80.19826  144.79786    116.539    -0.6193    -0.6196  28.032628  28.030904    34.2888    34.2868    305.066    300.026    -0.1061     4.5910     0.0891     0.0891     0.0845     0.0208      94928    65.9215     100.00     2.3081     2.0276         11  0.000e+00
    115.272   80.19826  144.79786    116.539    -0.6193    -0.6196  28.032506  28.030847    34.2886    34.2867    305.272    300.026    -0.1061     4.5922     0.0879     0.0879     0.0835     0.0208      94929    65.9222     100.00     2.3093     2.0276         11  0.000e+00
    115.297   80.19826  144.79786    116.564    -0.6195    -0.6196  28.032263  28.030618    34.2884    34.2864    305.069    300.028    -0.1366     4.5922     0.0891     0.0891     0.0835     0.0195      94930    65.9229     100.00     2.3081     2.0276         11  0.000e+00
    115.207   80.19826  144.79786    116.472    -0.6195    -0.6195  28.032567  28.030904    34.2889    34.2867    305.475    300.023    -0.1061     4.5922     0.0879     0.0879     0.0835     0.0208      94931    65.9236     100.00     2.3105     2.0276         11  0.000e+00
    115.354   80.19826  144.79786    116.622    -0.6195    -0.6196  28.032324  28.030847    34.2884    34.2866    305.071    299.787    -0.1366     4.5922     0.0891     0.0891     0.0835     0.0195      94932    65.9243     100.00     2.3081     2.0264         11  0.000e+00
    115.272   80.19826  144.79786    116.539    -0.6196    -0.6195  28.032384  28.030847    34.2888    34.2866    305.069    299.783    -0.1366     4.5910     0.0891     0.0891     0.0845     0.0195      94933    65.9250     100.00     2.3081     2.0264         11  0.000e+00
    115.272   80.19826  144.79786    116.539    -0.6193    -0.6195  28.032445  28.030962    34.2885    34.2867    305.067    299.782    -0.1366     4.5922     0.0891     0.0891     0.0835     0.0195      94934    65.9257     100.00     2.3081     2.0264         11  0.000e+00
    115.231   80.19826  144.79786    116.497    -0.6196    -0.6196  28.032445  28.030847    34.2889    34.2867    305.067    299.539    -0.1061     4.5922     0.0879     0.0879     0.0835     0.0208      94935    65.9264     100.00     2.3081     2.0251         11  0.000e+00
    115.272   80.19826  144.79786    116.539    -0.6195    -0.6193  28.032811  28.031019    34.2891    34.2866    305.272    299.538    -0.1366     4.5922     0.0891     0.0891     0.0835     0.0195      94936    65.9271     100.00     2.3093     2.0251         11  0.000e+00
    115.330   80.19826  144.79786    116.597    -0.6193    -0.6196  28.032567  28.031019    34.2886    34.2869    305.069    299.299    -0.1366     4.5910     0.0891     0.0891     0.0845     0.0195      94937    65.9278     100.00     2.3081     2.0239         11  0.000e+00
    115.231   80.19826  144.79786    116.497    -0.6195    -0.6195  28.032628  28.030847    34.2889    34.2866    305.270    299.295    -0.1366     4.5922     0.0891     0.0891     0.0835     0.0195      94938    65.9285     100.00     2.3093     2.0239         11  0.000e+00
    115.272   80.19826  144.79786    116.539    -0.6192    -0.6195  28.032324  28.030732    34.2882    34.2864    305.066    299.540    -0.1366     4.5910     0.0891     0.0891     0.0845     0.0195      94939    65.9292     100.00     2.3081     2.0251         11  0.000e+00
    115.297   80.19826  144.79786    116.564    -0.6193    -0.6195  28.032567  28.030561    34.2887    34.2862    305.067    299.541    -0.1366     4.5922     0.0891     0.0891     0.0835     0.0195      94940    65.9299     100.00     2.3081     2.0251         11  0.000e+00
    115.272   80.19826  144.79786    116.539    -0.6192    -0.6196  28.032689  28.030732    34.2887    34.2865    305.270    299.541    -0.1366     4.5910     0.0879     0.0879     0.0845     0.0195      94941    65.9306     100.00     2.3093     2.0251         11  0.000e+00
    115.272   80.19826  144.79786    116.539    -0.6192    -0.6196  28.032689  28.030732    34.2887    34.2865    305.270    299.541    -0.1061     4.5922     0.0891     0.0891     0.0835     0.0208      94942    65.9313     100.00     2.3093     2.0251         11  0.000e+00
    115.297   80.19826  144.79786    116.564    -0.6193    -0.6196  28.032689  28.030790    34.2888    34.2866    305.272    299.541    -0.0755     4.5910     0.0891     0.0891     0.0845     0.0220      94943    65.9319     100.00     2.3093     2.0251         11  0.000e+00
    115.272   80.19826  144.79786    116.539    -0.6193    -0.6195  28.032506  28.030847    34.2886    34.2866    305.272    299.539    -0.0755     4.5922     0.0891     0.0891     0.0835     0.0220      94944    65.9326     100.00     2.3093     2.0251         11  0.000e+00
    115.297   80.19826  144.79786    116.564    -0.6193    -0.6195  28.032628  28.030962    34.2888    34.2867    305.272    299.297    -0.0755     4.5922     0.0891     0.0891     0.0835     0.0220      94945    65.9333     100.00     2.3093     2.0239         11  0.000e+00
    115.272   80.19826  144.79786    116.539    -0.6195    -0.6195  28.032506  28.031019    34.2887    34.2868    305.067    299.296    -0.1061     4.5922     0.0891     0.0891     0.0835     0.0208      94946    65.9340     100.00     2.3081     2.0239         11  0.000e+00
    115.272   80.19826  144.79786    116.539    -0.6193    -0.6195  28.032445  28.031076    34.2885    34.2869    305.066    299.296    -0.0755     4.5922     0.0879     0.0879     0.0835     0.0220      94947    65.9347     100.00     2.3081     2.0239         11  0.000e+00
    115.297   80.19826  144.79786    116.563    -0.6192    -0.6193  28.032445  28.031019    34.2883    34.2866    305.272    299.053    -0.0755     4.5922     0.0891     0.0891     0.0835     0.0220      94948    65.9354     100.00     2.3093     2.0227         11  0.000e+00
    115.207   80.19826  144.79786    116.472    -0.6193    -0.6200  28.032628  28.030675    34.2888    34.2869    305.063    299.297    -0.1061     4.5922     0.0879     0.0879     0.0835     0.0208      94949    65.9361     100.00     2.3081     2.0239         11  0.000e+00
    115.272   80.19826  144.79786    116.539    -0.6193    -0.6198  28.032689  28.030561    34.2888    34.2865    305.271    299.299    -0.0755     4.5922     0.0891     0.0891     0.0835     0.0220      94950    65.9368     100.00     2.3093     2.0239         11  0.000e+00
    115.297   80.19826  144.79786    116.563    -0.6193    -0.6196  28.032689  28.030675    34.2888    34.2865    305.067    299.542    -0.1061     4.5910     0.0879     0.0879     0.0845     0.0208      94951    65.9375     100.00     2.3081     2.0251         11  0.000e+00
    115.272   80.19826  144.79786    116.539    -0.6195    -0.6198  28.032689  28.030790    34.2890    34.2868    305.272    299.541    -0.0755     4.5910     0.0879     0.0879     0.0845     0.0220      94952    65.9382     100.00     2.3093     2.0251         11  0.000e+00
