Continuous CTD Data/SBE Stage/nabos_35_01.ros
* Sea-Bird SBE 9 Data File:
* FileName = D:\CTD\data\HLY2502\raw\NABOS_35_01.hex
* Software Version Seasave V 7.26.7.110
* Temperature SN = 6954
* Conductivity SN = 2561
* Number of Bytes Per Scan = 37
* Number of Voltage Words = 4
* Number of Scans Averaged by the Deck Unit = 1
* NMEA Latitude = 79 33.18 N
* NMEA Longitude = 135 18.37 E
* NMEA UTC (Time) = Sep 24 2025  06:03:21
* NMEA baud rate = 9600
** Ship: USCG HEALY
** Bot. Depth:  3187
** Cast Number:  01
** Station Name:  NABOS
** Station Number:  35
** Operator:  STARC
** Cast to 1200 m
# nquan = 25
# nvalues = 1029                                  
# units = specified
# name 0 = depSM: Depth [salt water, m]
# name 1 = latitude: Latitude [deg]
# name 2 = longitude: Longitude [deg]
# name 3 = prDM: Pressure, Digiquartz [db]
# name 4 = t090C: Temperature [ITS-90, deg C]
# name 5 = t190C: Temperature, 2 [ITS-90, deg C]
# name 6 = c0mS/cm: Conductivity [mS/cm]
# name 7 = c1mS/cm: Conductivity, 2 [mS/cm]
# name 8 = sal00: Salinity, Practical [PSU]
# name 9 = sal11: Salinity, Practical, 2 [PSU]
# name 10 = sbox0Mm/Kg: Oxygen, SBE 43 [umol/kg]
# name 11 = sbox1Mm/Kg: Oxygen, SBE 43, 2 [umol/kg]
# name 12 = flECO-AFL: Fluorescence, WET Labs ECO-AFL/FL [mg/m^3]
# name 13 = v2: Voltage 2
# name 14 = wetCDOM: Fluorescence, WET Labs CDOM [mg/m^3]
# name 15 = v6: Voltage 6
# name 16 = CStarAt0: Beam Attenuation, WET Labs C-Star [1/m]
# name 17 = v3: Voltage 3
# name 18 = scan: Scan Count
# name 19 = timeM: Time, Elapsed [minutes]
# name 20 = altM: Altimeter [m]
# name 21 = sbeox0V: Oxygen raw, SBE 43 [V]
# name 22 = sbeox1V: Oxygen raw, SBE 43, 2 [V]
# name 23 = nbf: Bottles Fired
# name 24 = flag:  0.000e+00
# interval = seconds: 0.0416667
# start_time = Sep 24 2025 06:03:21 [NMEA time, header]
# bad_flag = -9.990e-29
*END*
[from data line 116]
    751.335   79.55574  135.28604    760.752     0.0195     0.0191  29.259689  29.257432    34.8160    34.8133    297.711    290.689    -0.1366     4.6239     0.0842     0.0842     0.0559     0.0195      57779    40.1236     100.00     2.1578     1.8928          3  0.000e+00
    751.335   79.55574  135.28604    760.752     0.0198     0.0191  29.259751  29.257607    34.8157    34.8136    297.929    290.948    -0.1366     4.6227     0.0855     0.0855     0.0570     0.0195      57780    40.1243     100.00     2.1591     1.8940          3  0.000e+00
    751.277   79.55574  135.28604    760.693     0.0196     0.0194  29.259875  29.257898    34.8161    34.8137    297.707    291.462    -0.1366     4.6239     0.0842     0.0842     0.0559     0.0195      57781    40.1250     100.00     2.1578     1.8964          3  0.000e+00
    751.335   79.55574  135.28604    760.752     0.0195     0.0197  29.259194  29.257782    34.8153    34.8131    297.713    292.242    -0.1366     4.6239     0.0855     0.0855     0.0559     0.0195      57782    40.1257     100.00     2.1578     1.9001          3  0.000e+00
    751.335   79.55574  135.28604    760.752     0.0195     0.0196  29.259813  29.257723    34.8161    34.8132    297.930    293.023    -0.1366     4.6239     0.0842     0.0842     0.0559     0.0195      57783    40.1264     100.00     2.1591     1.9038          3  0.000e+00
    751.269   79.55574  135.28604    760.685     0.0193     0.0197  29.259689  29.257840    34.8162    34.8133    297.710    294.058    -0.1366     4.6239     0.0855     0.0855     0.0559     0.0195      57784    40.1271     100.00     2.1578     1.9087          3  0.000e+00
    751.335   79.55574  135.28604    760.752     0.0195     0.0196  29.259566  29.257723    34.8158    34.8132    297.712    294.581    -0.1366     4.6227     0.0842     0.0842     0.0570     0.0195      57785    40.1278     100.00     2.1578     1.9112          3  0.000e+00
    751.269   79.55574  135.28604    760.685     0.0195     0.0193  29.259565  29.257723    34.8158    34.8136    297.709    294.840    -0.1366     4.6239     0.0842     0.0842     0.0559     0.0195      57786    40.1285     100.00     2.1578     1.9124          3  0.000e+00
    751.335   79.55574  135.28604    760.752     0.0196     0.0193  29.259751  29.257490    34.8159    34.8133    297.930    295.103    -0.1366     4.6239     0.0855     0.0855     0.0559     0.0195      57787    40.1292     100.00     2.1591     1.9136          3  0.000e+00
    751.269   79.55574  135.28604    760.685     0.0196     0.0191  29.259875  29.257432    34.8161    34.8134    297.927    294.842    -0.1366     4.6227     0.0855     0.0855     0.0570     0.0195      57788    40.1299     100.00     2.1591     1.9124          3  0.000e+00
    751.335   79.55574  135.28604    760.752     0.0198     0.0194  29.259627  29.257840    34.8155    34.8135    297.929    294.841    -0.1366     4.6239     0.0842     0.0842     0.0559     0.0195      57789    40.1306     100.00     2.1591     1.9124          3  0.000e+00
    751.269   79.55574  135.28604    760.685     0.0195     0.0193  29.259751  29.257549    34.8161    34.8134    297.928    294.841    -0.1061     4.6239     0.0842     0.0842     0.0559     0.0208      57790    40.1313     100.00     2.1591     1.9124          3  0.000e+00
    751.335   79.55574  135.28604    760.752     0.0195     0.0191  29.259875  29.257607    34.8162    34.8136    297.711    294.844    -0.1061     4.6239     0.0855     0.0855     0.0559     0.0208      57791    40.1319     100.00     2.1578     1.9124          3  0.000e+00
    751.277   79.55574  135.28604    760.693     0.0195     0.0190  29.259627  29.257316    34.8159    34.8134    297.709    294.584    -0.1366     4.6239     0.0855     0.0855     0.0559     0.0195      57792    40.1326     100.00     2.1578     1.9112          3  0.000e+00
    751.269   79.55574  135.28604    760.685     0.0196     0.0190  29.259751  29.257199    34.8159    34.8133    297.707    294.324    -0.1366     4.6227     0.0842     0.0842     0.0570     0.0195      57793    40.1333     100.00     2.1578     1.9099          3  0.000e+00
    751.335   79.55574  135.28604    760.752     0.0196     0.0190  29.259627  29.257491    34.8157    34.8136    297.711    294.066    -0.1366     4.6227     0.0842     0.0842     0.0570     0.0195      57794    40.1340     100.00     2.1578     1.9087          3  0.000e+00
    751.269   79.55574  135.28604    760.685     0.0196     0.0189  29.259937  29.257432    34.8161    34.8137    297.707    293.805    -0.1366     4.6239     0.0842     0.0842     0.0559     0.0195      57795    40.1347     100.00     2.1578     1.9075          3  0.000e+00
    751.335   79.55574  135.28604    760.752     0.0195     0.0189  29.259689  29.257432    34.8160    34.8137    297.931    293.288    -0.1366     4.6239     0.0842     0.0842     0.0559     0.0195      57796    40.1354     100.00     2.1591     1.9050          3  0.000e+00
    751.269   79.55574  135.28604    760.685     0.0196     0.0190  29.259751  29.257257    34.8159    34.8134    297.927    292.766    -0.1061     4.6239     0.0855     0.0855     0.0559     0.0208      57797    40.1361     100.00     2.1591     1.9026          3  0.000e+00
    751.277   79.55574  135.28604    760.693     0.0196     0.0193  29.259875  29.257374    34.8161    34.8132    297.927    291.985    -0.1366     4.6239     0.0842     0.0842     0.0559     0.0195      57798    40.1368     100.00     2.1591     1.8989          3  0.000e+00
    751.269   79.55574  135.28604    760.685     0.0198     0.0190  29.259627  29.257607    34.8155    34.8138    297.707    291.466    -0.1366     4.6239     0.0842     0.0842     0.0559     0.0195      57799    40.1375     100.00     2.1578     1.8964          3  0.000e+00
    751.269   79.55574  135.28604    760.685     0.0198     0.0191  29.259751  29.257723    34.8157    34.8138    297.707    291.205    -0.1366     4.6239     0.0842     0.0842     0.0559     0.0195      57800    40.1382     100.00     2.1578     1.8952          3  0.000e+00
    751.335   79.55574  135.28604    760.752     0.0196     0.0191  29.259875  29.257723    34.8160    34.8137    297.929    291.207    -0.1366     4.6239     0.0842     0.0842     0.0559     0.0195      57801    40.1389     100.00     2.1591     1.8952          3  0.000e+00
    751.269   79.55574  135.28604    760.685     0.0198     0.0191  29.259875  29.257490    34.8159    34.8135    297.706    291.206    -0.1061     4.6239     0.0855     0.0855     0.0559     0.0208      57802    40.1396     100.00     2.1578     1.8952          3  0.000e+00
    751.269   79.55574  135.28604    760.685     0.0198     0.0191  29.260061  29.257432    34.8161    34.8134    297.925    290.946    -0.1366     4.6239     0.0842     0.0842     0.0559     0.0195      57803    40.1403     100.00     2.1591     1.8940          3  0.000e+00
    751.277   79.55574  135.28604    760.693     0.0196     0.0194  29.259937  29.257549    34.8161    34.8132    297.707    290.944    -0.1366     4.6239     0.0842     0.0842     0.0559     0.0195      57804    40.1410     100.00     2.1578     1.8940          3  0.000e+00
    751.269   79.55574  135.28604    760.685     0.0196     0.0190  29.259875  29.257257    34.8161    34.8134    297.707    290.948    -0.1366     4.6239     0.0842     0.0842     0.0559     0.0195      57805    40.1417     100.00     2.1578     1.8940          3  0.000e+00
    751.269   79.55574  135.28604    760.685     0.0195     0.0190  29.259627  29.257374    34.8159    34.8135    297.928    290.688    -0.1366     4.6239     0.0830     0.0830     0.0559     0.0195      57806    40.1424     100.00     2.1591     1.8928          3  0.000e+00
    751.269   79.55574  135.28604    760.685     0.0196     0.0191  29.259565  29.257607    34.8156    34.8136    297.708    290.686    -0.1366     4.6227     0.0842     0.0842     0.0570     0.0195      57807    40.1431     100.00     2.1578     1.8928          3  0.000e+00
    751.269   79.55574  135.28604    760.685     0.0196     0.0187  29.259751  29.257316    34.8159    34.8138    297.927    290.689    -0.1366     4.6239     0.0830     0.0830     0.0559     0.0195      57808    40.1437     100.00     2.1591     1.8928          3  0.000e+00
    751.277   79.55574  135.28604    760.693     0.0193     0.0189  29.260061  29.257374    34.8167    34.8136    297.709    290.948    -0.1366     4.6227     0.0842     0.0842     0.0570     0.0195      57809    40.1444     100.00     2.1578     1.8940          3  0.000e+00
    500.208   79.55600  135.28088    506.169     0.3158     0.3161  29.395354  29.393319    34.8093    34.8063    295.906    289.858    -0.1366     4.6190     0.0842     0.0842     0.0601     0.0195      66596    46.2465     100.00     2.2190     1.9478          4  0.000e+00
    500.142   79.55600  135.28088    506.102     0.3159     0.3159  29.394920  29.393377    34.8086    34.8066    295.904    290.104    -0.1366     4.6190     0.0830     0.0830     0.0601     0.0195      66597    46.2472     100.00     2.2190     1.9491          4  0.000e+00
    500.085   79.55600  135.28088    506.043     0.3160     0.3161  29.395353  29.393086    34.8091    34.8060    296.109    290.102    -0.1366     4.6190     0.0842     0.0842     0.0601     0.0195      66598    46.2479     100.00     2.2202     1.9491          4  0.000e+00
    500.085   79.55600  135.28088    506.043     0.3161     0.3161  29.395291  29.393086    34.8090    34.8060    295.899    290.350    -0.1366     4.6178     0.0830     0.0830     0.0612     0.0195      66599    46.2486     100.00     2.2190     1.9503          4  0.000e+00
    500.142   79.55600  135.28088    506.102     0.3161     0.3161  29.395292  29.393261    34.8089    34.8062    295.902    290.352    -0.1366     4.6178     0.0842     0.0842     0.0612     0.0195      66600    46.2493     100.00     2.2190     1.9503          4  0.000e+00
    500.142   79.55600  135.28088    506.102     0.3161     0.3159  29.395540  29.393552    34.8092    34.8068    296.111    290.601    -0.1366     4.6190     0.0830     0.0830     0.0601     0.0195      66601    46.2500     100.00     2.2202     1.9515          4  0.000e+00
    500.085   79.55600  135.28088    506.043     0.3161     0.3161  29.395291  29.393377    34.8090    34.8064    296.109    290.598    -0.1366     4.6190     0.0830     0.0830     0.0601     0.0195      66602    46.2507     100.00     2.2202     1.9515          4  0.000e+00
    500.142   79.55600  135.28088    506.102     0.3161     0.3159  29.395044  29.393377    34.8086    34.8066    295.902    290.850    -0.1366     4.6190     0.0842     0.0842     0.0601     0.0195      66603    46.2514     100.00     2.2190     1.9527          4  0.000e+00
    500.151   79.55600  135.28088    506.110     0.3163     0.3161  29.395664  29.393086    34.8091    34.8060    295.899    291.099    -0.1366     4.6190     0.0842     0.0842     0.0601     0.0195      66604    46.2521     100.00     2.2190     1.9540          4  0.000e+00
    500.142   79.55600  135.28088    506.102     0.3165     0.3162  29.395788  29.393319    34.8091    34.8062    295.897    291.345    -0.1366     4.6190     0.0830     0.0830     0.0601     0.0195      66605    46.2528     100.00     2.2190     1.9552          4  0.000e+00
    500.142   79.55600  135.28088    506.102     0.3168     0.3160  29.396036  29.393319    34.8091    34.8064    295.685    291.347    -0.1366     4.6190     0.0830     0.0830     0.0601     0.0195      66606    46.2535     100.00     2.2178     1.9552          4  0.000e+00
    500.142   79.55600  135.28088    506.102     0.3170     0.3164  29.395974  29.393377    34.8088    34.8061    295.684    291.593    -0.1061     4.6190     0.0830     0.0830     0.0601     0.0208      66607    46.2542     100.00     2.2178     1.9564          4  0.000e+00
    500.151   79.55600  135.28088    506.110     0.3172     0.3165  29.396160  29.393319    34.8088    34.8059    295.893    291.344    -0.1366     4.6190     0.0830     0.0830     0.0601     0.0195      66608    46.2549     100.00     2.2190     1.9552          4  0.000e+00
    500.142   79.55600  135.28088    506.102     0.3174     0.3162  29.396407  29.393377    34.8088    34.8062    295.890    291.097    -0.1061     4.6190     0.0830     0.0830     0.0601     0.0208      66609    46.2556     100.00     2.2190     1.9540          4  0.000e+00
    500.142   79.55600  135.28088    506.102     0.3176     0.3163  29.396469  29.393552    34.8087    34.8064    295.889    291.096    -0.1366     4.6178     0.0830     0.0830     0.0612     0.0195      66610    46.2563     100.00     2.2190     1.9540          4  0.000e+00
    500.142   79.55600  135.28088    506.102     0.3176     0.3164  29.396655  29.393844    34.8090    34.8067    295.888    291.094    -0.1061     4.6190     0.0830     0.0830     0.0601     0.0208      66611    46.2569     100.00     2.2190     1.9540          4  0.000e+00
    500.151   79.55600  135.28088    506.110     0.3178     0.3165  29.396593  29.393669    34.8087    34.8064    296.098    290.846    -0.1366     4.6190     0.0830     0.0830     0.0601     0.0195      66612    46.2576     100.00     2.2202     1.9527          4  0.000e+00
    500.142   79.55600  135.28088    506.102     0.3178     0.3169  29.396655  29.394252    34.8088    34.8067    295.677    290.842    -0.1366     4.6190     0.0818     0.0818     0.0601     0.0195      66613    46.2583     100.00     2.2178     1.9527          4  0.000e+00
    500.142   79.55600  135.28088    506.102     0.3176     0.3170  29.396531  29.394427    34.8088    34.8068    295.889    291.089    -0.1366     4.6178     0.0818     0.0818     0.0612     0.0195      66614    46.2590     100.00     2.2190     1.9540          4  0.000e+00
    500.142   79.55600  135.28088    506.102     0.3178     0.3172  29.396717  29.394252    34.8089    34.8063    295.887    290.840    -0.1061     4.6190     0.0830     0.0830     0.0601     0.0208      66615    46.2597     100.00     2.2190     1.9527          4  0.000e+00
    500.208   79.55600  135.28088    506.169     0.3176     0.3170  29.396532  29.394602    34.8088    34.8070    295.891    290.594    -0.1061     4.6190     0.0818     0.0818     0.0601     0.0208      66616    46.2604     100.00     2.2190     1.9515          4  0.000e+00
    500.151   79.55600  135.28088    506.110     0.3176     0.3173  29.396470  29.394719    34.8087    34.8068    295.889    290.341    -0.1366     4.6190     0.0818     0.0818     0.0601     0.0195      66617    46.2611     100.00     2.2190     1.9503          4  0.000e+00
    500.208   79.55600  135.28088    506.169     0.3174     0.3174  29.396284  29.394485    34.8086    34.8063    295.893    290.095    -0.1366     4.6178     0.0830     0.0830     0.0612     0.0195      66618    46.2618     100.00     2.2190     1.9491          4  0.000e+00
    500.142   79.55600  135.28088    506.102     0.3174     0.3173  29.396407  29.394252    34.8088    34.8061    295.890    290.093    -0.1366     4.6178     0.0830     0.0830     0.0612     0.0195      66619    46.2625     100.00     2.2190     1.9491          4  0.000e+00
    500.208   79.55600  135.28088    506.169     0.3173     0.3174  29.396222  29.394136    34.8087    34.8058    295.894    289.847    -0.1366     4.6178     0.0830     0.0830     0.0612     0.0195      66620    46.2632     100.00     2.2190     1.9478          4  0.000e+00
    500.151   79.55600  135.28088    506.110     0.3174     0.3173  29.396470  29.394194    34.8089    34.8061    296.100    290.094    -0.1366     4.6190     0.0830     0.0830     0.0601     0.0195      66621    46.2639     100.00     2.2202     1.9491          4  0.000e+00
