Continuous CTD Data/SBE Stage/nabos_24_01avg.cnv
* Sea-Bird SBE 9 Data File:
* FileName = D:\CTD\data\HLY2502\raw\NABOS_24_01.hex
* Software Version Seasave V 7.26.7.110
* Temperature SN = 6954
* Conductivity SN = 2561
* Number of Bytes Per Scan = 37
* Number of Voltage Words = 4
* Number of Scans Averaged by the Deck Unit = 1
* NMEA Latitude = 80 03.71 N
* NMEA Longitude = 166 45.25 E
* NMEA UTC (Time) = Sep 20 2025  03:03:27
* NMEA baud rate = 9600
** Ship: USCG HEALY
** Bot. Depth:  2722
** Cast Number:  01
** Station Name:  NABOS
** Station Number:  24
** Operator:  STARC
** 1200 target
# nquan = 25
# nvalues = 1215                        
# units = specified
# name 0 = depSM: Depth [salt water, m]
# name 1 = latitude: Latitude [deg]
# name 2 = longitude: Longitude [deg]
# name 3 = prDM: Pressure, Digiquartz [db]
# name 4 = t090C: Temperature [ITS-90, deg C]
# name 5 = t190C: Temperature, 2 [ITS-90, deg C]
# name 6 = c0mS/cm: Conductivity [mS/cm]
# name 7 = c1mS/cm: Conductivity, 2 [mS/cm]
# name 8 = sal00: Salinity, Practical [PSU]
# name 9 = sal11: Salinity, Practical, 2 [PSU]
# name 10 = sbox0Mm/Kg: Oxygen, SBE 43 [umol/kg]
# name 11 = sbox1Mm/Kg: Oxygen, SBE 43, 2 [umol/kg]
# name 12 = flECO-AFL: Fluorescence, WET Labs ECO-AFL/FL [mg/m^3]
# name 13 = v2: Voltage 2
# name 14 = wetCDOM: Fluorescence, WET Labs CDOM [mg/m^3]
# name 15 = v6: Voltage 6
# name 16 = CStarAt0: Beam Attenuation, WET Labs C-Star [1/m]
# name 17 = v3: Voltage 3
# name 18 = scan: Scan Count
# name 19 = timeM: Time, Elapsed [minutes]
# name 20 = altM: Altimeter [m]
# name 21 = sbeox0V: Oxygen raw, SBE 43 [V]
# name 22 = sbeox1V: Oxygen raw, SBE 43, 2 [V]
# name 23 = nbin: number of scans per bin
# name 24 = flag: flag
# span 0 =      2.968,   1200.608       
# span 1 =   80.06199,   80.06252       
# span 2 =  166.75282,  166.75638       
# span 3 =      3.000,   1217.000       
# span 4 =    -1.7084,     0.9844       
# span 5 =    -1.7081,     0.9845       
# span 6 =  25.032911,  29.871471       
# span 7 =  25.032129,  29.869402       
# span 8 =    31.4548,    34.8931       
# span 9 =    31.4530,    34.8909       
# span 10 =    290.212,    371.136      
# span 11 =    -45.034,    363.909      
# span 12 =    -0.1851,     0.3456      
# span 13 =     4.5634,     4.6397      
# span 14 =     0.0803,     0.1142      
# span 15 =     0.0803,     0.1142      
# span 16 =     0.0423,     0.1086      
# span 17 =     0.0176,     0.0388      
# span 18 =       3893,      40476      
# span 19 =     2.7027,    28.1077      
# span 20 =     100.00,     100.00      
# span 21 =     2.0166,     2.6145      
# span 22 =     0.3005,     2.2776      
# span 23 =          3,         28      
# span 24 = 0.0000e+00, 0.0000e+00      
# interval = decibars: 1                
# start_time = Sep 20 2025 03:03:27 [NMEA time, header]
# bad_flag = -9.990e-29
*END*
[from data line 696]
    690.438   80.06240  166.75500    699.000     0.1528     0.1527  29.362255  29.360414    34.8365    34.8341    294.095    290.574    -0.1673     4.6380     0.0842     0.0842     0.0438     0.0183      24373    16.9248     100.00     2.1578     1.9091         12 0.0000e+00
    691.424   80.06240  166.75500    700.000     0.1528     0.1528  29.362841  29.360903    34.8367    34.8342    294.039    289.705    -0.1366     4.6386     0.0842     0.0842     0.0432     0.0195      24398    16.9422     100.00     2.1573     1.9048         16 0.0000e+00
    692.410   80.06240  166.75500    701.000     0.1528     0.1528  29.363244  29.361351    34.8366    34.8342    294.134    288.919    -0.1340     4.6386     0.0833     0.0833     0.0432     0.0196      24422    16.9588     100.00     2.1576     1.9008         12 0.0000e+00
    693.396   80.06240  166.75501    702.000     0.1362     0.1365  29.348580  29.346732    34.8354    34.8327    294.356    289.542    -0.1605     4.6386     0.0838     0.0838     0.0432     0.0186      24446    16.9758     100.00     2.1578     1.9029         12 0.0000e+00
    694.382   80.06240  166.75502    703.000     0.0989     0.0982  29.315969  29.313503    34.8341    34.8316    294.707    290.780    -0.1675     4.6383     0.0837     0.0837     0.0435     0.0183      24470    16.9926     100.00     2.1577     1.9071          9 0.0000e+00
    695.368   80.06240  166.75502    704.000     0.0918     0.0917  29.310510  29.308606    34.8344    34.8319    294.656    290.147    -0.1645     4.6386     0.0839     0.0839     0.0432     0.0184      24495    17.0094     100.00     2.1569     1.9036         12 0.0000e+00
    696.355   80.06240  166.75502    705.000     0.0917     0.0918  29.310612  29.308807    34.8340    34.8315    294.705    290.008    -0.1706     4.6387     0.0855     0.0855     0.0431     0.0182      24518    17.0259     100.00     2.1569     1.9028          9 0.0000e+00
    697.341   80.06240  166.75503    706.000     0.0924     0.0928  29.311505  29.310016    34.8337    34.8314    294.671    290.149    -0.1590     4.6381     0.0855     0.0855     0.0436     0.0186      24544    17.0438     100.00     2.1566     1.9033         15 0.0000e+00
    698.327   80.06240  166.75504    707.000     0.0936     0.0932  29.312805  29.310752    34.8336    34.8314    294.787    289.490    -0.1396     4.6382     0.0855     0.0855     0.0436     0.0194      24568    17.0604     100.00     2.1570     1.9000         14 0.0000e+00
    699.313   80.06240  166.75504    708.000     0.0931     0.0930  29.312748  29.310796    34.8334    34.8310    294.886    289.982    -0.1641     4.6386     0.0830     0.0830     0.0432     0.0184      24592    17.0769     100.00     2.1573     1.9022          9 0.0000e+00
    700.298   80.06240  166.75506    709.000     0.0930     0.0930  29.313155  29.311260    34.8335    34.8310    294.864    290.373    -0.1307     4.6384     0.0841     0.0841     0.0434     0.0197      24617    17.0942     100.00     2.1570     1.9039         12 0.0000e+00
    701.285   80.06240  166.75506    710.000     0.0931     0.0931  29.313501  29.311812    34.8333    34.8310    294.710    290.580    -0.1333     4.6383     0.0842     0.0842     0.0434     0.0196      24641    17.1109     100.00     2.1559     1.9046          9 0.0000e+00
    702.271   80.06240  166.75506    711.000     0.0924     0.0924  29.313152  29.311417    34.8331    34.8308    294.694    289.918    -0.1583     4.6384     0.0842     0.0842     0.0433     0.0187      24666    17.1284     100.00     2.1556     1.9013         15 0.0000e+00
    703.257   80.06240  166.75506    712.000     0.0829     0.0829  29.305327  29.303447    34.8329    34.8304    294.825    289.920    -0.1669     4.6381     0.0842     0.0842     0.0437     0.0183      24690    17.1451     100.00     2.1556     1.9007         14 0.0000e+00
    704.243   80.06240  166.75508    713.000     0.0761     0.0761  29.299839  29.297931    34.8327    34.8303    294.844    290.127    -0.1738     4.6383     0.0838     0.0838     0.0434     0.0180      24714    17.1620     100.00     2.1552     1.9013         14 0.0000e+00
    705.229   80.06240  166.75508    714.000     0.0739     0.0739  29.298359  29.296568    34.8327    34.8303    294.940    290.286    -0.1400     4.6384     0.0836     0.0836     0.0434     0.0194      24739    17.1791     100.00     2.1554     1.9017         17 0.0000e+00
    706.215   80.06240  166.75508    715.000     0.0737     0.0738  29.298560  29.296709    34.8326    34.8301    294.991    290.599    -0.1672     4.6385     0.0842     0.0842     0.0433     0.0183      24763    17.1957     100.00     2.1555     1.9030         10 0.0000e+00
    707.201   80.06240  166.75510    716.000     0.0737     0.0737  29.298920  29.296965    34.8325    34.8300    294.984    290.583    -0.1736     4.6385     0.0842     0.0842     0.0433     0.0180      24788    17.2130     100.00     2.1552     1.9028         15 0.0000e+00
    708.187   80.06240  166.75510    717.000     0.0736     0.0737  29.299268  29.297478    34.8325    34.8300    295.028    290.507    -0.1758     4.6379     0.0842     0.0842     0.0438     0.0180      24812    17.2297     100.00     2.1552     1.9022         14 0.0000e+00
    709.173   80.06240  166.75510    718.000     0.0743     0.0740  29.300445  29.298302    34.8326    34.8302    295.174    290.426    -0.1668     4.6383     0.0842     0.0842     0.0435     0.0183      24835    17.2459     100.00     2.1559     1.9017          8 0.0000e+00
    710.159   80.06240  166.75510    719.000     0.0837     0.0835  29.310152  29.308553    34.8343    34.8324    295.137    289.980    -0.1618     4.6378     0.0832     0.0832     0.0439     0.0185      24861    17.2638     100.00     2.1559     1.8998         16 0.0000e+00
    711.145   80.06240  166.75512    720.000     0.1079     0.1078  29.334753  29.333142    34.8388    34.8367    295.014    289.735    -0.1354     4.6385     0.0830     0.0830     0.0433     0.0196      24885    17.2806     100.00     2.1563     1.8995         12 0.0000e+00
    712.131   80.06240  166.75512    721.000     0.1266     0.1265  29.353292  29.351572    34.8415    34.8393    294.966    288.694    -0.1346     4.6384     0.0838     0.0838     0.0434     0.0196      24909    17.2975     100.00     2.1567     1.8951         15 0.0000e+00
    713.117   80.06240  166.75512    722.000     0.1422     0.1423  29.369866  29.368108    34.8450    34.8426    294.872    288.485    -0.1366     4.6383     0.0842     0.0842     0.0435     0.0195      24934    17.3148     100.00     2.1568     1.8946         17 0.0000e+00
    714.103   80.06240  166.75512    723.000     0.1461     0.1461  29.374544  29.372679    34.8461    34.8438    294.650    290.228    -0.1311     4.6383     0.0848     0.0848     0.0435     0.0197      24958    17.3316     100.00     2.1555     1.9029         18 0.0000e+00
    715.089   80.06240  166.75514    724.000     0.1431     0.1430  29.372430  29.370453    34.8462    34.8438    294.251    289.314    -0.1587     4.6382     0.0859     0.0859     0.0436     0.0186      24983    17.3485     100.00     2.1529     1.8982         16 0.0000e+00
    716.075   80.06240  166.75514    725.000     0.1401     0.1407  29.370163  29.369023    34.8460    34.8439    294.079    289.237    -0.1411     4.6379     0.0840     0.0840     0.0438     0.0193      25007    17.3651     100.00     2.1516     1.8976         13 0.0000e+00
    717.061   80.06240  166.75514    726.000     0.1389     0.1383  29.369831  29.367446    34.8464    34.8439    293.893    289.405    -0.1593     4.6375     0.0815     0.0815     0.0443     0.0186      25031    17.3823     100.00     2.1503     1.8981         12 0.0000e+00
    718.047   80.06240  166.75514    727.000     0.1335     0.1331  29.365060  29.362880    34.8456    34.8432    293.807    289.872    -0.1379     4.6377     0.0841     0.0841     0.0440     0.0195      25056    17.3993     100.00     2.1493     1.8999         18 0.0000e+00
    719.032   80.06240  166.75516    728.000     0.1259     0.1255  29.359261  29.356967    34.8460    34.8434    293.694    289.538    -0.1710     4.6385     0.0831     0.0831     0.0433     0.0181      25080    17.4161     100.00     2.1480     1.8979         14 0.0000e+00
    720.018   80.06240  166.75516    729.000     0.1261     0.1260  29.359743  29.357892    34.8458    34.8434    293.726    288.039    -0.1730     4.6383     0.0839     0.0839     0.0435     0.0181      25104    17.4330     100.00     2.1480     1.8906         16 0.0000e+00
    721.005   80.06240  166.75516    730.000     0.1259     0.1258  29.359946  29.358141    34.8458    34.8434    293.656    288.277    -0.1621     4.6385     0.0833     0.0833     0.0433     0.0185      25129    17.4501     100.00     2.1474     1.8915         17 0.0000e+00
    721.991   80.06240  166.75518    731.000     0.1259     0.1258  29.360328  29.358472    34.8457    34.8433    293.588    288.855    -0.1405     4.6386     0.0834     0.0834     0.0432     0.0193      25153    17.4666     100.00     2.1468     1.8941         11 0.0000e+00
    722.977   80.06240  166.75518    732.000     0.1257     0.1257  29.360695  29.358871    34.8458    34.8433    293.420    288.660    -0.1604     4.6388     0.0847     0.0847     0.0430     0.0186      25178    17.4840     100.00     2.1456     1.8929         17 0.0000e+00
    723.963   80.06240  166.75518    733.000     0.1256     0.1256  29.361054  29.359182    34.8458    34.8433    293.455    288.742    -0.1325     4.6383     0.0847     0.0847     0.0435     0.0197      25202    17.5007     100.00     2.1456     1.8932         14 0.0000e+00
    724.949   80.06240  166.75518    734.000     0.1257     0.1257  29.361616  29.359702    34.8458    34.8433    293.492    288.621    -0.1573     4.6383     0.0832     0.0832     0.0435     0.0187      25226    17.5175     100.00     2.1456     1.8924         16 0.0000e+00
    725.934   80.06240  166.75520    735.000     0.1255     0.1256  29.361900  29.360068    34.8458    34.8433    293.424    288.142    -0.1752     4.6383     0.0842     0.0842     0.0435     0.0180      25251    17.5348     100.00     2.1450     1.8899         18 0.0000e+00
    726.920   80.06240  166.75520    736.000     0.1259     0.1258  29.362652  29.360773    34.8458    34.8434    293.401    288.959    -0.1715     4.6383     0.0842     0.0842     0.0435     0.0181      25275    17.5514     100.00     2.1446     1.8937         14 0.0000e+00
    727.906   80.06240  166.75520    737.000     0.1256     0.1256  29.362700  29.361083    34.8456    34.8434    293.374    288.991    -0.1399     4.6388     0.0842     0.0842     0.0430     0.0194      25300    17.5686     100.00     2.1443     1.8936         15 0.0000e+00
    728.892   80.06240  166.75520    738.000     0.1259     0.1257  29.363394  29.361495    34.8456    34.8432    293.401    288.858    -0.1565     4.6387     0.0851     0.0851     0.0431     0.0187      25324    17.5852     100.00     2.1442     1.8928         14 0.0000e+00
    729.878   80.06240  166.75522    739.000     0.1258     0.1257  29.363978  29.362046    34.8458    34.8434    293.257    288.934    -0.1661     4.6385     0.0855     0.0855     0.0433     0.0183      25348    17.6021     100.00     2.1432     1.8930         14 0.0000e+00
    730.864   80.06240  166.75522    740.000     0.1256     0.1257  29.364147  29.362272    34.8457    34.8432    293.242    288.768    -0.1724     4.6384     0.0849     0.0849     0.0434     0.0181      25372    17.6191     100.00     2.1429     1.8920         12 0.0000e+00
    731.850   80.06240  166.75522    741.000     0.1257     0.1254  29.364608  29.362653    34.8456    34.8434    293.293    289.527    -0.1620     4.6385     0.0842     0.0842     0.0433     0.0185      25397    17.6361     100.00     2.1430     1.8954         17 0.0000e+00
    732.836   80.06240  166.75523    742.000     0.1234     0.1228  29.362637  29.360325    34.8450    34.8427    293.318    288.966    -0.1393     4.6388     0.0842     0.0842     0.0431     0.0194      25421    17.6530     100.00     2.1428     1.8925         14 0.0000e+00
    733.822   80.06240  166.75524    743.000     0.1022     0.1022  29.343601  29.342268    34.8434    34.8416    293.639    289.046    -0.1687     4.6386     0.0844     0.0844     0.0432     0.0182      25446    17.6701     100.00     2.1433     1.8918         17 0.0000e+00
    734.808   80.06240  166.75524    744.000     0.0741     0.0758  29.319984  29.319327    34.8434    34.8406    293.862    288.600    -0.1674     4.6388     0.0853     0.0853     0.0431     0.0183      25469    17.6860     100.00     2.1430     1.8885          7 0.0000e+00
    735.793   80.06240  166.75524    745.000     0.0654     0.0654  29.312894  29.311231    34.8434    34.8411    293.907    289.783    -0.1602     4.6379     0.0841     0.0841     0.0439     0.0186      25495    17.7039     100.00     2.1426     1.8935         14 0.0000e+00
    736.779   80.06239  166.75524    746.000     0.0657     0.0657  29.313510  29.311539    34.8432    34.8407    293.820    290.444    -0.1310     4.6384     0.0842     0.0842     0.0434     0.0197      25518    17.7202     100.00     2.1419     1.8964         12 0.0000e+00
    737.765   80.06238  166.75525    747.000     0.0659     0.0660  29.313845  29.312123    34.8429    34.8405    293.712    290.957    -0.1519     4.6386     0.0832     0.0832     0.0432     0.0189      25542    17.7371     100.00     2.1411     1.8987         11 0.0000e+00
    738.751   80.06238  166.75526    748.000     0.0660     0.0661  29.314207  29.312543    34.8427    34.8404    293.772    288.871    -0.1445     4.6386     0.0838     0.0838     0.0432     0.0192      25567    17.7541     100.00     2.1412     1.8886         12 0.0000e+00
    739.737   80.06238  166.75526    749.000     0.0651     0.0653  29.313898  29.312156    34.8427    34.8402    293.826    289.037    -0.1535     4.6387     0.0842     0.0842     0.0431     0.0188      25591    17.7708     100.00     2.1412     1.8892          9 0.0000e+00
    740.723   80.06238  166.75526    750.000     0.0652     0.0652  29.314233  29.312543    34.8424    34.8403    293.937    289.484    -0.1414     4.6384     0.0842     0.0842     0.0433     0.0193      25616    17.7883     100.00     2.1416     1.8911         14 0.0000e+00
    741.709   80.06238  166.75527    751.000     0.0655     0.0654  29.314961  29.313172    34.8425    34.8402    293.879    289.836    -0.1652     4.6383     0.0847     0.0847     0.0435     0.0184      25640    17.8047     100.00     2.1411     1.8927         10 0.0000e+00
    742.694   80.06238  166.75528    752.000     0.0654     0.0654  29.315368  29.313490    34.8425    34.8400    293.941    289.749    -0.1696     4.6379     0.0851     0.0851     0.0439     0.0182      25664    17.8216     100.00     2.1412     1.8920         11 0.0000e+00
    743.680   80.06238  166.75528    753.000     0.0655     0.0655  29.315708  29.313874    34.8423    34.8399    293.963    288.475    -0.1668     4.6382     0.0841     0.0841     0.0436     0.0183      25689    17.8389     100.00     2.1411     1.8858         11 0.0000e+00
    744.666   80.06238  166.75528    754.000     0.0654     0.0654  29.316125  29.314318    34.8423    34.8399    294.016    289.193    -0.1793     4.6377     0.0853     0.0853     0.0440     0.0178      25713    17.8555     100.00     2.1412     1.8890         12 0.0000e+00
    745.652   80.06238  166.75529    755.000     0.0655     0.0656  29.316767  29.314838    34.8425    34.8398    294.081    289.657    -0.1653     4.6383     0.0855     0.0855     0.0434     0.0184      25737    17.8725     100.00     2.1413     1.8911         11 0.0000e+00
