Continuous CTD Data/SBE Stage/nabos_26_01.ros
* Sea-Bird SBE 9 Data File:
* FileName = D:\CTD\data\HLY2502\raw\NABOS_26_01.hex
* Software Version Seasave V 7.26.7.110
* Temperature SN = 6954
* Conductivity SN = 2561
* Number of Bytes Per Scan = 37
* Number of Voltage Words = 4
* Number of Scans Averaged by the Deck Unit = 1
* NMEA Latitude = 80 38.91 N
* NMEA Longitude = 161 02.49 E
* NMEA UTC (Time) = Sep 21 2025  03:30:18
* NMEA baud rate = 9600
** Ship: USCG HEALY
** Bot. Depth:  2779
** Cast Number:  01
** Station Name:  NABOS
** Station Number:  26
** Operator:  STARC
# nquan = 25
# nvalues = 1176                                  
# units = specified
# name 0 = depSM: Depth [salt water, m]
# name 1 = latitude: Latitude [deg]
# name 2 = longitude: Longitude [deg]
# name 3 = prDM: Pressure, Digiquartz [db]
# name 4 = t090C: Temperature [ITS-90, deg C]
# name 5 = t190C: Temperature, 2 [ITS-90, deg C]
# name 6 = c0mS/cm: Conductivity [mS/cm]
# name 7 = c1mS/cm: Conductivity, 2 [mS/cm]
# name 8 = sal00: Salinity, Practical [PSU]
# name 9 = sal11: Salinity, Practical, 2 [PSU]
# name 10 = sbox0Mm/Kg: Oxygen, SBE 43 [umol/kg]
# name 11 = sbox1Mm/Kg: Oxygen, SBE 43, 2 [umol/kg]
# name 12 = flECO-AFL: Fluorescence, WET Labs ECO-AFL/FL [mg/m^3]
# name 13 = v2: Voltage 2
# name 14 = wetCDOM: Fluorescence, WET Labs CDOM [mg/m^3]
# name 15 = v6: Voltage 6
# name 16 = CStarAt0: Beam Attenuation, WET Labs C-Star [1/m]
# name 17 = v3: Voltage 3
# name 18 = scan: Scan Count
# name 19 = timeM: Time, Elapsed [minutes]
# name 20 = altM: Altimeter [m]
# name 21 = sbeox0V: Oxygen raw, SBE 43 [V]
# name 22 = sbeox1V: Oxygen raw, SBE 43, 2 [V]
# name 23 = nbf: Bottles Fired
# name 24 = flag:  0.000e+00
# interval = seconds: 0.0416667
# start_time = Sep 21 2025 03:30:18 [NMEA time, header]
# bad_flag = -9.990e-29
*END*
[from data line 580]
    130.272   80.64950  161.06928    131.710    -0.4343    -0.4216  28.322317  28.331063    34.4595    34.4568    304.647    298.573    -0.1366     4.6313     0.0855     0.0855     0.0496     0.0195     177498   123.2618     100.00     2.3144     2.0281         12  0.000e+00
    130.215   80.64950  161.06928    131.652    -0.4340    -0.4211  28.322622  28.330948    34.4597    34.4561    304.642    298.568    -0.1366     4.6313     0.0855     0.0855     0.0496     0.0195     177499   123.2625     100.00     2.3144     2.0281         12  0.000e+00
    130.272   80.64950  161.06928    131.710    -0.4339    -0.4204  28.322378  28.330258    34.4591    34.4544    304.849    298.084    -0.1366     4.6325     0.0855     0.0855     0.0485     0.0195     177500   123.2632     100.00     2.3156     2.0257         12  0.000e+00
    130.272   80.64950  161.06928    131.710    -0.4338    -0.4224  28.322256  28.329913    34.4589    34.4562    304.644    297.131    -0.1366     4.6325     0.0855     0.0855     0.0485     0.0195     177501   123.2639     100.00     2.3144     2.0208         12  0.000e+00
    130.272   80.64950  161.06928    131.710    -0.4340    -0.4227  28.322256  28.329165    34.4591    34.4556    304.646    296.168    -0.1366     4.6313     0.0855     0.0855     0.0496     0.0195     177502   123.2646     100.00     2.3144     2.0159         12  0.000e+00
    130.215   80.64950  161.06928    131.652    -0.4343    -0.4214  28.322256  28.329165    34.4595    34.4541    304.645    295.916    -0.1366     4.6325     0.0855     0.0855     0.0485     0.0195     177503   123.2653     100.00     2.3144     2.0147         12  0.000e+00
    130.272   80.64950  161.06928    131.710    -0.4343    -0.4223  28.322256  28.328647    34.4594    34.4543    304.647    296.167    -0.1366     4.6325     0.0855     0.0855     0.0485     0.0195     177504   123.2660     100.00     2.3144     2.0159         12  0.000e+00
    130.190   80.64950  161.06928    131.627    -0.4345    -0.4251  28.322011  28.328647    34.4594    34.4576    304.646    296.664    -0.1366     4.6325     0.0855     0.0855     0.0485     0.0195     177505   123.2667     100.00     2.3144     2.0183         12  0.000e+00
    115.012   80.64948  161.06952    116.277    -1.0130    -0.9939  27.740819  27.774681    34.3408    34.3652    308.890    302.236    -0.1366     4.6325     0.0879     0.0879     0.0485     0.0195     179496   124.6493     100.00     2.3102     2.0228         13  0.000e+00
    115.012   80.64948  161.06952    116.277    -1.0130    -0.9908  27.740758  27.773824    34.3408    34.3605    308.890    302.464    -0.1366     4.6325     0.0879     0.0879     0.0485     0.0195     179497   124.6500     100.00     2.3102     2.0240         13  0.000e+00
    114.971   80.64948  161.06952    116.235    -1.0130    -0.9763  27.740819  27.776964    34.3409    34.3482    308.680    302.114    -0.1366     4.6325     0.0879     0.0879     0.0485     0.0195     179498   124.6507     100.00     2.3090     2.0228         13  0.000e+00
    115.012   80.64948  161.06952    116.277    -1.0132    -0.9645  27.740819  27.777705    34.3410    34.3358    308.683    302.039    -0.1366     4.6325     0.0879     0.0879     0.0485     0.0195     179499   124.6514     100.00     2.3090     2.0228         13  0.000e+00
    115.036   80.64948  161.06952    116.302    -1.0130    -0.9681  27.740576  27.773937    34.3405    34.3348    308.891    301.830    -0.1366     4.6325     0.0879     0.0879     0.0485     0.0195     179500   124.6521     100.00     2.3102     2.0216         13  0.000e+00
    115.012   80.64948  161.06952    116.277    -1.0133    -0.9804  27.740515  27.767542    34.3407    34.3400    308.684    301.927    -0.1366     4.6325     0.0879     0.0879     0.0485     0.0195     179501   124.6528     100.00     2.3090     2.0216         13  0.000e+00
    115.012   80.64948  161.06952    116.277    -1.0132    -0.9919  27.740515  27.760292    34.3407    34.3434    308.684    301.533    -0.1366     4.6325     0.0879     0.0879     0.0485     0.0195     179502   124.6535     100.00     2.3090     2.0191         13  0.000e+00
    114.971   80.64948  161.06952    116.235    -1.0127    -0.9996  27.740515  27.756068    34.3401    34.3463    308.679    301.593    -0.1366     4.6325     0.0879     0.0879     0.0485     0.0195     179503   124.6542     100.00     2.3090     2.0191         13  0.000e+00
    115.012   80.64948  161.06952    116.277    -1.0127    -1.0034  27.740515  27.754927    34.3400    34.3491    308.680    301.868    -0.1061     4.6325     0.0879     0.0879     0.0485     0.0208     179504   124.6549     100.00     2.3090     2.0204         13  0.000e+00
    115.036   80.64948  161.06952    116.302    -1.0128    -1.0054  27.740515  27.754185    34.3402    34.3504    308.682    301.884    -0.1366     4.6325     0.0879     0.0879     0.0485     0.0195     179505   124.6556     100.00     2.3090     2.0204         13  0.000e+00
    115.012   80.64948  161.06952    116.277    -1.0127    -1.0049  27.740697  27.754013    34.3403    34.3496    308.680    302.372    -0.1366     4.6325     0.0879     0.0879     0.0485     0.0195     179506   124.6563     100.00     2.3090     2.0228         13  0.000e+00
    115.012   80.64948  161.06952    116.277    -1.0127    -1.0020  27.740576  27.753785    34.3401    34.3460    308.888    303.337    -0.1366     4.6325     0.0891     0.0891     0.0485     0.0195     179507   124.6569     100.00     2.3102     2.0277         13  0.000e+00
    115.036   80.64948  161.06952    116.302    -1.0128    -0.9996  27.740333  27.754298    34.3400    34.3439    308.683    304.549    -0.1366     4.6325     0.0891     0.0891     0.0485     0.0195     179508   124.6576     100.00     2.3090     2.0338         13  0.000e+00
    114.946   80.64948  161.06952    116.210    -1.0128    -1.0008  27.740637  27.755497    34.3404    34.3469    308.886    305.286    -0.1366     4.6325     0.0891     0.0891     0.0485     0.0195     179509   124.6583     100.00     2.3102     2.0375         13  0.000e+00
    115.012   80.64948  161.06952    116.277    -1.0130    -0.9982  27.740515  27.757039    34.3404    34.3461    308.682    305.512    -0.1366     4.6325     0.0891     0.0891     0.0485     0.0195     179510   124.6590     100.00     2.3090     2.0387         13  0.000e+00
    115.036   80.64948  161.06952    116.302    -1.0130    -0.9933  27.740455  27.758180    34.3403    34.3420    308.683    305.478    -0.1366     4.6325     0.0891     0.0891     0.0485     0.0195     179511   124.6597     100.00     2.3090     2.0387         13  0.000e+00
    114.946   80.64948  161.06952    116.210    -1.0132    -0.9889  27.740515  27.759492    34.3407    34.3388    308.888    304.705    -0.1366     4.6325     0.0891     0.0891     0.0485     0.0195     179512   124.6604     100.00     2.3102     2.0350         13  0.000e+00
    115.036   80.64948  161.06952    116.302    -1.0132    -0.9881  27.740151  27.760349    34.3401    34.3391    308.686    304.456    -0.1366     4.6325     0.0904     0.0904     0.0485     0.0195     179513   124.6611     100.00     2.3090     2.0338         13  0.000e+00
    115.012   80.64948  161.06952    116.277    -1.0132    -0.9892  27.740758  27.762576    34.3409    34.3433    308.682    304.700    -0.1366     4.6325     0.0891     0.0891     0.0485     0.0195     179514   124.6618     100.00     2.3090     2.0350         13  0.000e+00
    115.012   80.64948  161.06952    116.277    -1.0134    -0.9919  27.740880  27.765259    34.3414    34.3501    308.891    304.463    -0.1366     4.6325     0.0891     0.0891     0.0485     0.0195     179515   124.6625     100.00     2.3102     2.0338         13  0.000e+00
    115.036   80.64948  161.06952    116.302    -1.0130    -0.9938  27.740576  27.766287    34.3405    34.3536    308.891    304.227    -0.1366     4.6325     0.0891     0.0891     0.0485     0.0195     179516   124.6632     100.00     2.3102     2.0326         13  0.000e+00
    115.012   80.64948  161.06952    116.277    -1.0132    -0.9919  27.740697  27.765202    34.3409    34.3501    308.682    303.235    -0.1366     4.6325     0.0891     0.0891     0.0485     0.0195     179517   124.6639     100.00     2.3090     2.0277         13  0.000e+00
    114.971   80.64948  161.06952    116.235    -1.0132    -0.9914  27.740394  27.763775    34.3405    34.3475    308.682    302.743    -0.1366     4.6325     0.0891     0.0891     0.0485     0.0195     179518   124.6646     100.00     2.3090     2.0252         13  0.000e+00
    115.012   80.64948  161.06952    116.277    -1.0133    -0.9889  27.740455  27.763090    34.3407    34.3437    308.684    302.731    -0.1366     4.6325     0.0891     0.0891     0.0485     0.0195     179519   124.6653     100.00     2.3090     2.0252         13  0.000e+00
    115.012   80.64948  161.06952    116.277    -1.0132    -0.9857  27.740151  27.761605    34.3402    34.3380    308.685    302.961    -0.1366     4.6325     0.0891     0.0891     0.0485     0.0195     179520   124.6660     100.00     2.3090     2.0265         13  0.000e+00
    115.036   80.64948  161.06952    116.302    -1.0132    -0.9833  27.740212  27.758350    34.3402    34.3308    308.893    302.958    -0.1366     4.6325     0.0891     0.0891     0.0485     0.0195     179521   124.6667     100.00     2.3102     2.0265         13  0.000e+00
    115.012   80.64948  161.06952    116.277    -1.0128    -0.9860  27.740091  27.755211    34.3396    34.3297    308.682    303.721    -0.1366     4.6325     0.0891     0.0891     0.0485     0.0195     179522   124.6674     100.00     2.3090     2.0301         13  0.000e+00
    114.971   80.64948  161.06952    116.235    -1.0132    -0.9927  27.740151  27.753099    34.3401    34.3345    308.682    304.014    -0.1366     4.6325     0.0891     0.0891     0.0485     0.0195     179523   124.6681     100.00     2.3090     2.0313         13  0.000e+00
    115.012   80.64948  161.06952    116.277    -1.0133    -0.9988  27.740212  27.752243    34.3403    34.3402    308.477    304.303    -0.1366     4.6325     0.0891     0.0891     0.0485     0.0195     179524   124.6688     100.00     2.3077     2.0326         13  0.000e+00
    115.012   80.64948  161.06952    116.277    -1.0132    -0.9952  27.740273  27.755097    34.3403    34.3400    308.891    304.271    -0.1366     4.6325     0.0891     0.0891     0.0485     0.0195     179525   124.6694     100.00     2.3102     2.0326         13  0.000e+00
    114.971   80.64948  161.06952    116.235    -1.0133    -0.9822  27.740273  27.757494    34.3404    34.3284    308.682    304.423    -0.1366     4.6325     0.0904     0.0904     0.0485     0.0195     179526   124.6701     100.00     2.3090     2.0338         13  0.000e+00
    115.012   80.64948  161.06952    116.277    -1.0130    -0.9751  27.740637  27.758292    34.3406    34.3214    308.681    304.132    -0.1061     4.6325     0.0891     0.0891     0.0485     0.0208     179527   124.6708     100.00     2.3090     2.0326         13  0.000e+00
    115.036   80.64948  161.06952    116.302    -1.0128    -0.9763  27.740819  27.758635    34.3406    34.3232    308.681    303.157    -0.1366     4.6325     0.0891     0.0891     0.0485     0.0195     179528   124.6715     100.00     2.3090     2.0277         13  0.000e+00
    115.012   80.64948  161.06952    116.277    -1.0125    -0.9834  27.740576  27.759321    34.3400    34.3323    308.678    302.463    -0.1366     4.6325     0.0891     0.0891     0.0485     0.0195     179529   124.6722     100.00     2.3090     2.0240         13  0.000e+00
    115.012   80.64948  161.06952    116.277    -1.0127    -0.9860  27.740879  27.760920    34.3405    34.3375    308.886    301.738    -0.1366     4.6325     0.0891     0.0891     0.0485     0.0195     179530   124.6729     100.00     2.3102     2.0203         13  0.000e+00
    114.971   80.64948  161.06952    116.235    -1.0128    -0.9903  27.740637  27.761377    34.3404    34.3430    308.678    301.516    -0.1366     4.6325     0.0891     0.0891     0.0485     0.0195     179531   124.6736     100.00     2.3090     2.0191         13  0.000e+00
    115.012   80.64948  161.06952    116.277    -1.0130    -0.9971  27.740697  27.759379    34.3407    34.3480    308.888    301.813    -0.1366     4.6325     0.0891     0.0891     0.0485     0.0195     179532   124.6743     100.00     2.3102     2.0203         13  0.000e+00
    115.036   80.64948  161.06952    116.302    -1.0128    -1.0031  27.740819  27.756126    34.3406    34.3504    308.680    302.599    -0.1366     4.6325     0.0891     0.0891     0.0485     0.0195     179533   124.6750     100.00     2.3090     2.0240         13  0.000e+00
    115.012   80.64948  161.06952    116.277    -1.0130    -1.0067  27.740394  27.753329    34.3403    34.3508    308.682    302.876    -0.1061     4.6325     0.0891     0.0891     0.0485     0.0208     179534   124.6757     100.00     2.3090     2.0252         13  0.000e+00
    115.012   80.64948  161.06952    116.277    -1.0130    -1.0043  27.740455  27.752072    34.3403    34.3463    308.681    303.110    -0.1366     4.6325     0.0879     0.0879     0.0485     0.0195     179535   124.6764     100.00     2.3090     2.0265         13  0.000e+00
    114.971   80.64948  161.06952    116.235    -1.0128    -0.9994  27.740273  27.751901    34.3399    34.3405    308.679    302.832    -0.1366     4.6325     0.0879     0.0879     0.0485     0.0195     179536   124.6771     100.00     2.3090     2.0252         13  0.000e+00
    115.012   80.64948  161.06952    116.277    -1.0132    -0.9935  27.740212  27.751272    34.3402    34.3328    308.891    302.553    -0.1366     4.6325     0.0879     0.0879     0.0485     0.0195     179537   124.6778     100.00     2.3102     2.0240         13  0.000e+00
    115.036   80.64948  161.06952    116.302    -1.0133    -0.9930  27.740273  27.749674    34.3404    34.3301    308.892    302.556    -0.1366     4.6325     0.0879     0.0879     0.0485     0.0195     179538   124.6785     100.00     2.3102     2.0240         13  0.000e+00
    115.012   80.64948  161.06952    116.277    -1.0133    -0.9980  27.740455  27.748190    34.3407    34.3338    308.891    302.346    -0.1366     4.6325     0.0891     0.0891     0.0485     0.0195     179539   124.6792     100.00     2.3102     2.0228         13  0.000e+00
    114.946   80.64948  161.06952    116.210    -1.0134    -1.0034  27.740333  27.746877    34.3407    34.3382    308.889    301.890    -0.1366     4.6325     0.0879     0.0879     0.0485     0.0195     179540   124.6799     100.00     2.3102     2.0203         13  0.000e+00
    115.036   80.64948  161.06952    116.302    -1.0133    -1.0069  27.740273  27.746022    34.3404    34.3410    308.477    301.673    -0.1366     4.6325     0.0879     0.0879     0.0485     0.0195     179541   124.6806     100.00     2.3077     2.0191         13  0.000e+00
    115.012   80.64948  161.06952    116.277    -1.0138    -1.0091  27.740091  27.746364    34.3407    34.3439    308.687    301.439    -0.1366     4.6325     0.0879     0.0879     0.0485     0.0195     179542   124.6813     100.00     2.3090     2.0179         13  0.000e+00
    115.012   80.64948  161.06952    116.277    -1.0134    -1.0079  27.740030  27.747163    34.3403    34.3437    308.685    300.692    -0.1366     4.6325     0.0879     0.0879     0.0485     0.0195     179543   124.6819     100.00     2.3090     2.0142         13  0.000e+00
    115.036   80.64948  161.06952    116.302    -1.0134    -1.0079  27.740030  27.747906    34.3402    34.3447    308.686    299.954    -0.1366     4.6325     0.0879     0.0879     0.0485     0.0195     179544   124.6826     100.00     2.3090     2.0106         13  0.000e+00
