Continuous CTD Data/SBE Stage/nabos_32_02.ros
* Sea-Bird SBE 9 Data File:
* FileName = D:\CTD\data\HLY2502\raw\NABOS_32_02.hex
* Software Version Seasave V 7.26.7.110
* Temperature SN = 6954
* Conductivity SN = 2561
* Number of Bytes Per Scan = 37
* Number of Voltage Words = 4
* Number of Scans Averaged by the Deck Unit = 1
* NMEA Latitude = 79 57.04 N
* NMEA Longitude = 142 16.33 E
* NMEA UTC (Time) = Sep 23 2025  10:03:54
* NMEA baud rate = 9600
** Ship: USCG HEALY
** Bot. Depth:  1374
** Cast Number:  02
** Station Name:  NABOS
** Station Number:  32
** Operator:  STARC
# nquan = 25
# nvalues = 980                                   
# units = specified
# name 0 = depSM: Depth [salt water, m]
# name 1 = latitude: Latitude [deg]
# name 2 = longitude: Longitude [deg]
# name 3 = prDM: Pressure, Digiquartz [db]
# name 4 = t090C: Temperature [ITS-90, deg C]
# name 5 = t190C: Temperature, 2 [ITS-90, deg C]
# name 6 = c0mS/cm: Conductivity [mS/cm]
# name 7 = c1mS/cm: Conductivity, 2 [mS/cm]
# name 8 = sal00: Salinity, Practical [PSU]
# name 9 = sal11: Salinity, Practical, 2 [PSU]
# name 10 = sbox0Mm/Kg: Oxygen, SBE 43 [umol/kg]
# name 11 = sbox1Mm/Kg: Oxygen, SBE 43, 2 [umol/kg]
# name 12 = flECO-AFL: Fluorescence, WET Labs ECO-AFL/FL [mg/m^3]
# name 13 = v2: Voltage 2
# name 14 = wetCDOM: Fluorescence, WET Labs CDOM [mg/m^3]
# name 15 = v6: Voltage 6
# name 16 = CStarAt0: Beam Attenuation, WET Labs C-Star [1/m]
# name 17 = v3: Voltage 3
# name 18 = scan: Scan Count
# name 19 = timeM: Time, Elapsed [minutes]
# name 20 = altM: Altimeter [m]
# name 21 = sbeox0V: Oxygen raw, SBE 43 [V]
# name 22 = sbeox1V: Oxygen raw, SBE 43, 2 [V]
# name 23 = nbf: Bottles Fired
# name 24 = flag:  0.000e+00
# interval = seconds: 0.0416667
# start_time = Sep 23 2025 10:03:54 [NMEA time, header]
# bad_flag = -9.990e-29
*END*
[from data line 232]
    302.235   79.95466  142.20814    305.692     1.5622     1.5616  30.411283  30.409261    34.8450    34.8432    296.455    290.892    -0.1671     4.6227     0.0830     0.0830     0.0570     0.0183      83536    58.0104     100.00     2.3334     2.0450          5  0.000e+00
    302.235   79.95466  142.20814    305.692     1.5621     1.5617  30.411220  30.409202    34.8451    34.8429    296.456    291.124    -0.1671     4.6227     0.0830     0.0830     0.0570     0.0183      83537    58.0111     100.00     2.3334     2.0462          5  0.000e+00
    302.259   79.95466  142.20814    305.717     1.5618     1.5617  30.411409  30.409143    34.8456    34.8428    296.457    291.125    -0.1976     4.6227     0.0830     0.0830     0.0570     0.0171      83538    58.0118     100.00     2.3334     2.0462          5  0.000e+00
    302.235   79.95466  142.20814    305.692     1.5618     1.5617  30.411471  30.409320    34.8457    34.8430    296.456    291.124    -0.1976     4.6227     0.0830     0.0830     0.0570     0.0171      83539    58.0125     100.00     2.3334     2.0462          5  0.000e+00
    302.235   79.95466  142.20814    305.692     1.5620     1.5617  30.411471  30.409438    34.8455    34.8432    296.455    291.123    -0.1976     4.6227     0.0830     0.0830     0.0570     0.0171      83540    58.0132     100.00     2.3334     2.0462          5  0.000e+00
    302.259   79.95466  142.20814    305.717     1.5618     1.5617  30.411032  30.409438    34.8451    34.8432    296.458    290.891    -0.1671     4.6227     0.0818     0.0818     0.0570     0.0183      83541    58.0139     100.00     2.3334     2.0450          5  0.000e+00
    302.235   79.95466  142.20814    305.692     1.5620     1.5619  30.411283  30.409438    34.8453    34.8430    296.456    290.423    -0.1671     4.6227     0.0830     0.0830     0.0570     0.0183      83542    58.0146     100.00     2.3334     2.0425          5  0.000e+00
    302.235   79.95466  142.20814    305.692     1.5620     1.5617  30.411283  30.409202    34.8453    34.8429    296.456    289.958    -0.1671     4.6227     0.0830     0.0830     0.0570     0.0183      83543    58.0153     100.00     2.3334     2.0401          5  0.000e+00
    302.259   79.95466  142.20814    305.717     1.5618     1.5617  30.410969  30.409320    34.8450    34.8430    296.458    289.726    -0.1671     4.6227     0.0830     0.0830     0.0570     0.0183      83544    58.0160     100.00     2.3334     2.0388          5  0.000e+00
    302.292   79.95466  142.20814    305.751     1.5616     1.5617  30.410718  30.409202    34.8449    34.8429    296.659    289.028    -0.1671     4.6227     0.0830     0.0830     0.0570     0.0183      83545    58.0167     100.00     2.3346     2.0352          5  0.000e+00
    302.235   79.95466  142.20814    305.692     1.5614     1.5619  30.410843  30.409143    34.8454    34.8426    296.461    289.024    -0.1671     4.6227     0.0830     0.0830     0.0570     0.0183      83546    58.0174     100.00     2.3334     2.0352          5  0.000e+00
    302.193   79.95466  142.20814    305.651     1.5613     1.5619  30.411094  30.409320    34.8458    34.8429    296.458    289.255    -0.1671     4.6227     0.0830     0.0830     0.0570     0.0183      83547    58.0181     100.00     2.3334     2.0364          5  0.000e+00
    302.235   79.95466  142.20814    305.692     1.5616     1.5617  30.411220  30.409438    34.8456    34.8432    296.458    289.258    -0.1671     4.6227     0.0830     0.0830     0.0570     0.0183      83548    58.0187     100.00     2.3334     2.0364          5  0.000e+00
    252.239   79.95490  142.20438    255.093     1.7999     1.7991  30.593604  30.591731    34.8423    34.8409    295.753    289.727    -0.1366     4.6252     0.0818     0.0818     0.0548     0.0195      88033    61.1333     100.00     2.3535     2.0591          6  0.000e+00
    252.420   79.95490  142.20438    255.276     1.7998     1.7994  30.593794  30.591614    34.8426    34.8403    295.761    289.733    -0.1061     4.6239     0.0818     0.0818     0.0559     0.0208      88034    61.1340     100.00     2.3535     2.0591          6  0.000e+00
    252.362   79.95490  142.20438    255.218     1.7998     1.7996  30.593856  30.591732    34.8427    34.8403    295.952    289.730    -0.1366     4.6252     0.0818     0.0818     0.0548     0.0195      88035    61.1347     100.00     2.3548     2.0591          6  0.000e+00
    252.362   79.95490  142.20438    255.218     1.7998     1.7994  30.593668  30.592264    34.8425    34.8412    295.759    289.729    -0.1366     4.6252     0.0818     0.0818     0.0548     0.0195      88036    61.1354     100.00     2.3535     2.0591          6  0.000e+00
    252.296   79.95490  142.20438    255.151     1.7998     1.7994  30.593793  30.591732    34.8426    34.8405    295.755    289.958    -0.1366     4.6239     0.0806     0.0806     0.0559     0.0195      88037    61.1361     100.00     2.3535     2.0603          6  0.000e+00
    252.362   79.95490  142.20438    255.218     1.7998     1.7994  30.593856  30.591554    34.8427    34.8403    295.758    289.731    -0.1366     4.6239     0.0818     0.0818     0.0559     0.0195      88038    61.1368     100.00     2.3535     2.0591          6  0.000e+00
    252.362   79.95490  142.20438    255.218     1.7998     1.7994  30.593856  30.591732    34.8427    34.8405    295.758    289.961    -0.1366     4.6239     0.0818     0.0818     0.0559     0.0195      88039    61.1375     100.00     2.3535     2.0603          6  0.000e+00
    252.362   79.95490  142.20438    255.218     1.8000     1.7996  30.593668  30.591613    34.8423    34.8402    295.758    289.960    -0.1366     4.6239     0.0830     0.0830     0.0559     0.0195      88040    61.1382     100.00     2.3535     2.0603          6  0.000e+00
    252.362   79.95490  142.20436    255.218     1.8001     1.7994  30.593794  30.591732    34.8423    34.8405    295.757    289.731    -0.1061     4.6252     0.0830     0.0830     0.0548     0.0208      88041    61.1389     100.00     2.3535     2.0591          6  0.000e+00
    252.296   79.95490  142.20436    255.151     1.7999     1.7994  30.593856  30.591613    34.8426    34.8404    295.949    289.728    -0.1366     4.6252     0.0830     0.0830     0.0548     0.0195      88042    61.1396     100.00     2.3548     2.0591          6  0.000e+00
    252.420   79.95490  142.20436    255.276     1.7998     1.7994  30.593857  30.591554    34.8426    34.8402    295.760    289.503    -0.1366     4.6239     0.0830     0.0830     0.0559     0.0195      88043    61.1403     100.00     2.3535     2.0579          6  0.000e+00
    252.362   79.95490  142.20436    255.218     1.8001     1.7992  30.593856  30.591732    34.8424    34.8407    295.756    289.271    -0.1366     4.6252     0.0830     0.0830     0.0548     0.0195      88044    61.1410     100.00     2.3535     2.0567          6  0.000e+00
    252.362   79.95490  142.20436    255.218     1.7999     1.7992  30.594108  30.591377    34.8429    34.8402    295.756    289.042    -0.1366     4.6239     0.0830     0.0830     0.0559     0.0195      88045    61.1417     100.00     2.3535     2.0554          6  0.000e+00
    252.362   79.95490  142.20436    255.218     1.7998     1.7996  30.593982  30.591673    34.8428    34.8402    295.757    288.810    -0.1061     4.6252     0.0830     0.0830     0.0548     0.0208      88046    61.1424     100.00     2.3535     2.0542          6  0.000e+00
    252.362   79.95490  142.20436    255.218     1.7999     1.7994  30.594297  30.591613    34.8431    34.8403    295.950    289.041    -0.1366     4.6252     0.0830     0.0830     0.0548     0.0195      88047    61.1431     100.00     2.3548     2.0554          6  0.000e+00
    252.362   79.95490  142.20436    255.218     1.8000     1.7994  30.593794  30.591732    34.8424    34.8405    295.757    289.270    -0.1061     4.6239     0.0830     0.0830     0.0559     0.0208      88048    61.1437     100.00     2.3535     2.0567          6  0.000e+00
    252.362   79.95490  142.20436    255.218     1.7998     1.7993  30.593353  30.591613    34.8421    34.8405    295.954    289.271    -0.1366     4.6252     0.0830     0.0830     0.0548     0.0195      88049    61.1444     100.00     2.3548     2.0567          6  0.000e+00
    252.420   79.95490  142.20436    255.276     1.7999     1.7991  30.593290  30.591554    34.8418    34.8406    295.761    289.045    -0.1366     4.6239     0.0830     0.0830     0.0559     0.0195      88050    61.1451     100.00     2.3535     2.0554          6  0.000e+00
    252.420   79.95490  142.20436    255.276     1.7998     1.7991  30.593731  30.591377    34.8425    34.8403    295.955    288.585    -0.1366     4.6252     0.0830     0.0830     0.0548     0.0195      88051    61.1458     100.00     2.3548     2.0530          6  0.000e+00
    252.362   79.95490  142.20436    255.218     1.7999     1.7991  30.593856  30.591495    34.8426    34.8405    295.757    288.582    -0.1366     4.6239     0.0830     0.0830     0.0559     0.0195      88052    61.1465     100.00     2.3535     2.0530          6  0.000e+00
    252.420   79.95490  142.20436    255.276     1.7998     1.7991  30.593857  30.591732    34.8427    34.8408    295.955    288.124    -0.1366     4.6239     0.0818     0.0818     0.0559     0.0195      88053    61.1472     100.00     2.3548     2.0506          6  0.000e+00
    252.420   79.95490  142.20436    255.276     1.7995     1.7989  30.594108  30.591436    34.8433    34.8406    295.761    287.666    -0.1366     4.6239     0.0830     0.0830     0.0559     0.0195      88054    61.1479     100.00     2.3535     2.0481          6  0.000e+00
    252.362   79.95490  142.20436    255.218     1.7998     1.7989  30.593731  30.591673    34.8426    34.8409    295.758    287.663    -0.1671     4.6239     0.0830     0.0830     0.0559     0.0183      88055    61.1486     100.00     2.3535     2.0481          6  0.000e+00
    252.420   79.95490  142.20436    255.276     1.7998     1.7989  30.593605  30.591850    34.8424    34.8411    295.761    288.585    -0.1671     4.6239     0.0830     0.0830     0.0559     0.0183      88056    61.1493     100.00     2.3535     2.0530          6  0.000e+00
    252.420   79.95490  142.20436    255.276     1.7997     1.7991  30.593794  30.591614    34.8427    34.8406    295.761    289.504    -0.1671     4.6239     0.0830     0.0830     0.0559     0.0183      88057    61.1500     100.00     2.3535     2.0579          6  0.000e+00
    252.420   79.95490  142.20436    255.276     1.7998     1.7993  30.593857  30.591732    34.8427    34.8406    295.760    290.193    -0.1671     4.6239     0.0830     0.0830     0.0559     0.0183      88058    61.1507     100.00     2.3535     2.0616          6  0.000e+00
    252.420   79.95490  142.20436    255.276     1.7997     1.7989  30.593668  30.591436    34.8426    34.8406    295.761    290.426    -0.1671     4.6252     0.0830     0.0830     0.0548     0.0183      88059    61.1514     100.00     2.3535     2.0628          6  0.000e+00
    252.420   79.95490  142.20436    255.276     1.7995     1.7991  30.593605  30.591495    34.8427    34.8405    295.957    290.195    -0.1671     4.6252     0.0830     0.0830     0.0548     0.0183      88060    61.1521     100.00     2.3548     2.0616          6  0.000e+00
    252.420   79.95490  142.20436    255.276     1.7995     1.7991  30.593605  30.591377    34.8427    34.8403    295.957    289.965    -0.1671     4.6252     0.0830     0.0830     0.0548     0.0183      88061    61.1528     100.00     2.3548     2.0603          6  0.000e+00
    252.420   79.95490  142.20436    255.276     1.7994     1.7991  30.593164  30.591495    34.8423    34.8405    295.764    289.735    -0.1671     4.6252     0.0830     0.0830     0.0548     0.0183      88062    61.1535     100.00     2.3535     2.0591          6  0.000e+00
    252.420   79.95490  142.20436    255.276     1.7993     1.7991  30.593227  30.591554    34.8424    34.8406    295.765    289.735    -0.1671     4.6239     0.0830     0.0830     0.0559     0.0183      88063    61.1542     100.00     2.3535     2.0591          6  0.000e+00
    252.485   79.95490  142.20436    255.343     1.7995     1.7989  30.593290  30.591555    34.8423    34.8407    295.766    289.968    -0.1671     4.6239     0.0830     0.0830     0.0559     0.0183      88064    61.1549     100.00     2.3535     2.0603          6  0.000e+00
    252.420   79.95490  142.20436    255.276     1.7992     1.7992  30.593731  30.591732    34.8432    34.8407    295.958    289.963    -0.1671     4.6239     0.0830     0.0830     0.0559     0.0183      88065    61.1556     100.00     2.3548     2.0603          6  0.000e+00
    252.420   79.95490  142.20434    255.276     1.7991     1.7992  30.593668  30.591436    34.8432    34.8403    295.764    290.194    -0.1671     4.6252     0.0830     0.0830     0.0548     0.0183      88066    61.1563     100.00     2.3535     2.0616          6  0.000e+00
    252.485   79.95490  142.20434    255.343     1.7992     1.7993  30.593416  30.591495    34.8428    34.8403    295.767    290.196    -0.1671     4.6252     0.0818     0.0818     0.0548     0.0183      88067    61.1569     100.00     2.3535     2.0616          6  0.000e+00
    252.420   79.95490  142.20434    255.276     1.7993     1.7989  30.593101  30.591377    34.8423    34.8405    295.765    290.426    -0.1976     4.6239     0.0818     0.0818     0.0559     0.0171      88068    61.1576     100.00     2.3535     2.0628          6  0.000e+00
    252.485   79.95490  142.20434    255.343     1.7993     1.7992  30.593228  30.591495    34.8424    34.8403    295.767    290.657    -0.1671     4.6239     0.0818     0.0818     0.0559     0.0183      88069    61.1583     100.00     2.3535     2.0640          6  0.000e+00
    252.485   79.95490  142.20434    255.343     1.7992     1.7989  30.593542  30.591318    34.8429    34.8404    295.767    291.119    -0.1671     4.6239     0.0818     0.0818     0.0559     0.0183      88070    61.1590     100.00     2.3535     2.0665          6  0.000e+00
    252.420   79.95490  142.20434    255.276     1.7993     1.7988  30.593416  30.591258    34.8427    34.8406    295.764    291.578    -0.1366     4.6252     0.0818     0.0818     0.0548     0.0195      88071    61.1597     100.00     2.3535     2.0689          6  0.000e+00
    252.485   79.95490  142.20434    255.343     1.7991     1.7988  30.593542  30.590844    34.8430    34.8400    295.961    291.581    -0.1671     4.6252     0.0818     0.0818     0.0548     0.0183      88072    61.1604     100.00     2.3548     2.0689          6  0.000e+00
    252.485   79.95490  142.20434    255.343     1.7994     1.7988  30.593353  30.591318    34.8425    34.8405    295.766    291.580    -0.1976     4.6252     0.0818     0.0818     0.0548     0.0171      88073    61.1611     100.00     2.3535     2.0689          6  0.000e+00
    252.420   79.95490  142.20434    255.276     1.7993     1.7988  30.593479  30.591140    34.8428    34.8404    295.958    291.348    -0.1671     4.6252     0.0818     0.0818     0.0548     0.0183      88074    61.1618     100.00     2.3548     2.0677          6  0.000e+00
    252.486   79.95490  142.20434    255.343     1.7993     1.7986  30.593353  30.591377    34.8426    34.8408    295.767    290.890    -0.1671     4.6239     0.0818     0.0818     0.0559     0.0183      88075    61.1625     100.00     2.3535     2.0652          6  0.000e+00
    252.486   79.95490  142.20434    255.343     1.7994     1.7986  30.593290  30.591140    34.8424    34.8405    295.961    290.661    -0.1671     4.6252     0.0806     0.0806     0.0548     0.0183      88076    61.1632     100.00     2.3548     2.0640          6  0.000e+00
