Continuous CTD Data/SBE Stage/nabos_12_02.ros
* Sea-Bird SBE 9 Data File:
* FileName = D:\CTD\data\HLY2502\raw\NABOS_12_02.hex
* Software Version Seasave V 7.26.7.110
* Temperature SN = 6954
* Conductivity SN = 2561
* Number of Bytes Per Scan = 37
* Number of Voltage Words = 4
* Number of Scans Averaged by the Deck Unit = 1
* NMEA Latitude = 77 22.95 N
* NMEA Longitude = 176 13.98 W
* NMEA UTC (Time) = Sep 10 2025  21:33:20
* NMEA baud rate = 9600
** Ship: USCG HEALY
** Bot. Depth:  1417
** Cast Number:  02
** Station Name:  NABOS
** Station Number:  12
** Operator:  STARC
** mooring release test at depth
# nquan = 25
# nvalues = 1176                                  
# units = specified
# name 0 = depSM: Depth [salt water, m]
# name 1 = latitude: Latitude [deg]
# name 2 = longitude: Longitude [deg]
# name 3 = prDM: Pressure, Digiquartz [db]
# name 4 = t090C: Temperature [ITS-90, deg C]
# name 5 = t190C: Temperature, 2 [ITS-90, deg C]
# name 6 = c0mS/cm: Conductivity [mS/cm]
# name 7 = c1mS/cm: Conductivity, 2 [mS/cm]
# name 8 = sal00: Salinity, Practical [PSU]
# name 9 = sal11: Salinity, Practical, 2 [PSU]
# name 10 = sbox0Mm/Kg: Oxygen, SBE 43 [umol/kg]
# name 11 = sbox1Mm/Kg: Oxygen, SBE 43, 2 [umol/kg]
# name 12 = flECO-AFL: Fluorescence, WET Labs ECO-AFL/FL [mg/m^3]
# name 13 = v2: Voltage 2
# name 14 = wetCDOM: Fluorescence, WET Labs CDOM [mg/m^3]
# name 15 = v6: Voltage 6
# name 16 = CStarAt0: Beam Attenuation, WET Labs C-Star [1/m]
# name 17 = v3: Voltage 3
# name 18 = scan: Scan Count
# name 19 = timeM: Time, Elapsed [minutes]
# name 20 = altM: Altimeter [m]
# name 21 = sbeox0V: Oxygen raw, SBE 43 [V]
# name 22 = sbeox1V: Oxygen raw, SBE 43, 2 [V]
# name 23 = nbf: Bottles Fired
# name 24 = flag:  0.000e+00
# interval = seconds: 0.0416667
# start_time = Sep 10 2025 21:33:20 [NMEA time, header]
# bad_flag = -9.990e-29
*END*
[from data line 290]
    250.670   77.39756 -176.19502    253.483     0.7825     0.7825  29.654053  29.652190    34.7719    34.7694    294.853    287.528    -0.1671     4.6642     0.0818     0.0818     0.0212     0.0183     117805    81.8083     100.00     2.2946     2.0037          6  0.000e+00
    250.670   77.39756 -176.19502    253.483     0.7826     0.7826  29.654302  29.652073    34.7720    34.7691    294.852    287.054    -0.1671     4.6642     0.0818     0.0818     0.0212     0.0183     117806    81.8090     100.00     2.2946     2.0012          6  0.000e+00
    250.670   77.39756 -176.19502    253.483     0.7826     0.7822  29.654426  29.652190    34.7722    34.7698    294.851    286.820    -0.1671     4.6630     0.0806     0.0806     0.0222     0.0183     117807    81.8097     100.00     2.2946     2.0000          6  0.000e+00
    250.613   77.39756 -176.19502    253.425     0.7825     0.7823  29.654177  29.652482    34.7721    34.7701    294.850    287.053    -0.1671     4.6630     0.0818     0.0818     0.0222     0.0183     117808    81.8104     100.00     2.2946     2.0012          6  0.000e+00
    200.265   77.39810 -176.19324    202.487     0.4491     0.4490  29.281855  29.280223    34.6911    34.6891    295.376    283.911    -0.1671     4.6630     0.0830     0.0830     0.0222     0.0183     121886    84.6424     100.00     2.2915     1.9799          7  0.000e+00
    200.240   77.39810 -176.19324    202.462     0.4494     0.4492  29.281855  29.279873    34.6908    34.6884    295.172    283.673    -0.1671     4.6630     0.0818     0.0818     0.0222     0.0183     121887    84.6431     100.00     2.2903     1.9787          7  0.000e+00
    200.322   77.39810 -176.19324    202.545     0.4492     0.4492  29.281855  29.279932    34.6909    34.6885    295.177    283.438    -0.1976     4.6630     0.0830     0.0830     0.0222     0.0171     121888    84.6437     100.00     2.2903     1.9774          7  0.000e+00
    200.265   77.39810 -176.19324    202.487     0.4491     0.4490  29.281669  29.279815    34.6909    34.6886    295.376    283.200    -0.1671     4.6630     0.0830     0.0830     0.0222     0.0183     121889    84.6444     100.00     2.2915     1.9762          7  0.000e+00
    200.265   77.39810 -176.19324    202.487     0.4492     0.4490  29.281793  29.279990    34.6909    34.6888    295.174    283.199    -0.1976     4.6618     0.0830     0.0830     0.0233     0.0171     121890    84.6451     100.00     2.2903     1.9762          7  0.000e+00
    200.298   77.39810 -176.19324    202.520     0.4491     0.4490  29.282041  29.279815    34.6913    34.6885    295.376    283.676    -0.1671     4.6630     0.0830     0.0830     0.0222     0.0183     121891    84.6458     100.00     2.2915     1.9787          7  0.000e+00
    200.322   77.39810 -176.19324    202.545     0.4494     0.4489  29.281731  29.279524    34.6906    34.6883    295.176    284.392    -0.1976     4.6630     0.0830     0.0830     0.0222     0.0171     121892    84.6465     100.00     2.2903     1.9823          7  0.000e+00
    200.265   77.39810 -176.19324    202.487     0.4492     0.4489  29.281979  29.279873    34.6911    34.6888    295.374    284.863    -0.1671     4.6630     0.0818     0.0818     0.0222     0.0183     121893    84.6472     100.00     2.2915     1.9848          7  0.000e+00
    200.298   77.39810 -176.19324    202.520     0.4492     0.4489  29.281917  29.279582    34.6910    34.6884    295.376    285.103    -0.1671     4.6630     0.0830     0.0830     0.0222     0.0183     121894    84.6479     100.00     2.2915     1.9860          7  0.000e+00
    200.265   77.39810 -176.19324    202.487     0.4494     0.4490  29.281669  29.279466    34.6906    34.6881    295.174    285.101    -0.1976     4.6630     0.0830     0.0830     0.0222     0.0171     121895    84.6486     100.00     2.2903     1.9860          7  0.000e+00
    200.265   77.39810 -176.19324    202.487     0.4492     0.4489  29.281793  29.279699    34.6909    34.6886    295.375    285.577    -0.1366     4.6630     0.0818     0.0818     0.0222     0.0195     121896    84.6493     100.00     2.2915     1.9884          7  0.000e+00
    200.322   77.39810 -176.19324    202.545     0.4492     0.4489  29.282041  29.279524    34.6912    34.6883    295.176    286.292    -0.1366     4.6618     0.0830     0.0830     0.0233     0.0195     121897    84.6500     100.00     2.2903     1.9921          7  0.000e+00
    200.298   77.39810 -176.19324    202.520     0.4491     0.4489  29.282165  29.279291    34.6915    34.6880    295.175    286.292    -0.1366     4.6630     0.0818     0.0818     0.0222     0.0195     121898    84.6507     100.00     2.2903     1.9921          7  0.000e+00
    200.265   77.39810 -176.19324    202.487     0.4492     0.4489  29.281917  29.279582    34.6911    34.6884    295.174    286.052    -0.1366     4.6630     0.0830     0.0830     0.0222     0.0195     121899    84.6514     100.00     2.2903     1.9909          7  0.000e+00
    200.322   77.39812 -176.19322    202.545     0.4494     0.4490  29.282041  29.279932    34.6910    34.6887    295.375    285.815    -0.1366     4.6630     0.0830     0.0830     0.0222     0.0195     121900    84.6521     100.00     2.2915     1.9897          7  0.000e+00
    200.298   77.39812 -176.19322    202.520     0.4492     0.4489  29.281917  29.279815    34.6910    34.6887    295.175    285.577    -0.1366     4.6630     0.0818     0.0818     0.0222     0.0195     121901    84.6528     100.00     2.2903     1.9884          7  0.000e+00
    200.265   77.39812 -176.19322    202.487     0.4492     0.4489  29.281669  29.279582    34.6907    34.6884    295.174    285.339    -0.1366     4.6630     0.0818     0.0818     0.0222     0.0195     121902    84.6535     100.00     2.2903     1.9872          7  0.000e+00
    200.322   77.39812 -176.19322    202.545     0.4492     0.4489  29.281793  29.279699    34.6909    34.6885    295.377    285.816    -0.1366     4.6630     0.0818     0.0818     0.0222     0.0195     121903    84.6542     100.00     2.2915     1.9897          7  0.000e+00
    200.240   77.39812 -176.19322    202.462     0.4494     0.4487  29.281669  29.279757    34.6906    34.6888    295.172    286.526    -0.1366     4.6630     0.0830     0.0830     0.0222     0.0195     121904    84.6549     100.00     2.2903     1.9933          7  0.000e+00
    200.322   77.39812 -176.19322    202.545     0.4492     0.4489  29.281793  29.279757    34.6909    34.6886    295.377    287.717    -0.1366     4.6630     0.0842     0.0842     0.0222     0.0195     121905    84.6556     100.00     2.2915     1.9994          7  0.000e+00
    200.322   77.39812 -176.19322    202.545     0.4492     0.4487  29.281855  29.279524    34.6909    34.6884    295.176    288.431    -0.1366     4.6618     0.0830     0.0830     0.0233     0.0195     121906    84.6563     100.00     2.2903     2.0031          7  0.000e+00
    200.265   77.39812 -176.19322    202.487     0.4491     0.4489  29.282041  29.279873    34.6913    34.6888    295.375    288.427    -0.1366     4.6630     0.0842     0.0842     0.0222     0.0195     121907    84.6569     100.00     2.2915     2.0031          7  0.000e+00
    200.298   77.39812 -176.19322    202.520     0.4491     0.4489  29.281917  29.279873    34.6912    34.6888    295.376    288.190    -0.1061     4.6630     0.0830     0.0830     0.0222     0.0208     121908    84.6576     100.00     2.2915     2.0019          7  0.000e+00
    200.322   77.39812 -176.19322    202.545     0.4491     0.4489  29.282041  29.279524    34.6913    34.6883    295.377    288.192    -0.1366     4.6618     0.0830     0.0830     0.0233     0.0195     121909    84.6583     100.00     2.2915     2.0019          7  0.000e+00
    200.265   77.39812 -176.19322    202.487     0.4494     0.4487  29.281917  29.279466    34.6909    34.6885    295.373    288.191    -0.1366     4.6618     0.0830     0.0830     0.0233     0.0195     121910    84.6590     100.00     2.2915     2.0019          7  0.000e+00
    200.298   77.39812 -176.19322    202.520     0.4491     0.4489  29.282041  29.279640    34.6913    34.6885    295.175    288.191    -0.1366     4.6618     0.0842     0.0842     0.0233     0.0195     121911    84.6597     100.00     2.2903     2.0019          7  0.000e+00
    200.322   77.39812 -176.19322    202.545     0.4490     0.4487  29.281917  29.279757    34.6913    34.6888    295.378    287.717    -0.1366     4.6630     0.0830     0.0830     0.0222     0.0195     121912    84.6604     100.00     2.2915     1.9994          7  0.000e+00
    200.265   77.39812 -176.19322    202.487     0.4492     0.4490  29.282041  29.279524    34.6912    34.6882    295.374    287.239    -0.1061     4.6630     0.0830     0.0830     0.0222     0.0208     121913    84.6611     100.00     2.2915     1.9970          7  0.000e+00
    200.322   77.39812 -176.19322    202.545     0.4494     0.4489  29.281731  29.279291    34.6906    34.6880    295.376    287.005    -0.1366     4.6630     0.0842     0.0842     0.0222     0.0195     121914    84.6618     100.00     2.2915     1.9958          7  0.000e+00
    200.298   77.39812 -176.19322    202.520     0.4491     0.4486  29.281607  29.279408    34.6908    34.6885    295.176    287.243    -0.1366     4.6618     0.0830     0.0830     0.0233     0.0195     121915    84.6625     100.00     2.2903     1.9970          7  0.000e+00
    200.322   77.39812 -176.19322    202.545     0.4492     0.4487  29.281793  29.279466    34.6909    34.6884    295.377    287.718    -0.1366     4.6618     0.0830     0.0830     0.0233     0.0195     121916    84.6632     100.00     2.2915     1.9994          7  0.000e+00
    200.265   77.39812 -176.19322    202.487     0.4492     0.4487  29.281855  29.279640    34.6910    34.6887    295.173    287.715    -0.1366     4.6618     0.0842     0.0842     0.0233     0.0195     121917    84.6639     100.00     2.2903     1.9994          7  0.000e+00
    200.298   77.39812 -176.19322    202.520     0.4492     0.4489  29.282041  29.279524    34.6912    34.6883    295.174    286.528    -0.1366     4.6630     0.0830     0.0830     0.0222     0.0195     121918    84.6646     100.00     2.2903     1.9933          7  0.000e+00
    200.322   77.39812 -176.19322    202.545     0.4492     0.4489  29.281731  29.279640    34.6908    34.6885    295.377    285.341    -0.1671     4.6630     0.0842     0.0842     0.0222     0.0183     121919    84.6653     100.00     2.2915     1.9872          7  0.000e+00
    200.322   77.39812 -176.19322    202.545     0.4492     0.4489  29.281793  29.279582    34.6909    34.6884    295.176    285.341    -0.1976     4.6630     0.0830     0.0830     0.0222     0.0171     121920    84.6660     100.00     2.2903     1.9872          7  0.000e+00
    200.322   77.39812 -176.19322    202.545     0.4491     0.4490  29.281855  29.279699    34.6911    34.6883    295.377    286.290    -0.1671     4.6630     0.0830     0.0830     0.0222     0.0183     121921    84.6667     100.00     2.2915     1.9921          7  0.000e+00
    200.298   77.39812 -176.19322    202.520     0.4492     0.4487  29.281422  29.279757    34.6904    34.6888    295.377    287.241    -0.1671     4.6630     0.0842     0.0842     0.0222     0.0183     121922    84.6674     100.00     2.2915     1.9970          7  0.000e+00
    200.265   77.39812 -176.19322    202.487     0.4492     0.4487  29.281669  29.279524    34.6907    34.6885    295.375    287.240    -0.1671     4.6618     0.0830     0.0830     0.0233     0.0183     121923    84.6681     100.00     2.2915     1.9970          7  0.000e+00
    200.322   77.39812 -176.19322    202.545     0.4491     0.4487  29.281855  29.279466    34.6911    34.6884    295.177    287.005    -0.1671     4.6618     0.0842     0.0842     0.0233     0.0183     121924    84.6688     100.00     2.2903     1.9958          7  0.000e+00
    200.298   77.39812 -176.19322    202.520     0.4492     0.4487  29.281669  29.279291    34.6907    34.6882    295.175    287.242    -0.1976     4.6630     0.0830     0.0830     0.0222     0.0171     121925    84.6694     100.00     2.2903     1.9970          7  0.000e+00
    200.322   77.39812 -176.19322    202.545     0.4491     0.4487  29.281979  29.279640    34.6912    34.6886    295.377    287.717    -0.1671     4.6630     0.0830     0.0830     0.0222     0.0183     121926    84.6701     100.00     2.2915     1.9994          7  0.000e+00
    200.265   77.39812 -176.19322    202.487     0.4492     0.4490  29.281917  29.279524    34.6911    34.6882    295.173    288.664    -0.1976     4.6618     0.0842     0.0842     0.0233     0.0171     121927    84.6708     100.00     2.2903     2.0043          7  0.000e+00
    200.322   77.39812 -176.19322    202.545     0.4491     0.4489  29.281669  29.279640    34.6909    34.6885    295.378    289.379    -0.1671     4.6630     0.0842     0.0842     0.0222     0.0183     121928    84.6715     100.00     2.2915     2.0080          7  0.000e+00
    200.355   77.39812 -176.19322    202.578     0.4491     0.4489  29.281793  29.279757    34.6910    34.6886    295.378    289.618    -0.1976     4.6618     0.0830     0.0830     0.0233     0.0171     121929    84.6722     100.00     2.2915     2.0092          7  0.000e+00
    200.265   77.39812 -176.19322    202.487     0.4490     0.4487  29.281669  29.279931    34.6910    34.6890    295.376    288.902    -0.1671     4.6618     0.0830     0.0830     0.0233     0.0183     121930    84.6729     100.00     2.2915     2.0056          7  0.000e+00
    200.322   77.39812 -176.19322    202.545     0.4492     0.4489  29.281669  29.279582    34.6907    34.6884    295.176    287.954    -0.1671     4.6630     0.0830     0.0830     0.0222     0.0183     121931    84.6736     100.00     2.2903     2.0007          7  0.000e+00
    200.298   77.39812 -176.19322    202.520     0.4492     0.4487  29.281793  29.279291    34.6909    34.6882    295.375    287.717    -0.1671     4.6630     0.0818     0.0818     0.0222     0.0183     121932    84.6743     100.00     2.2915     1.9994          7  0.000e+00
    200.322   77.39812 -176.19322    202.545     0.4490     0.4487  29.282041  29.279873    34.6915    34.6889    295.176    287.716    -0.1671     4.6630     0.0818     0.0818     0.0222     0.0183     121933    84.6750     100.00     2.2903     1.9994          7  0.000e+00
    200.322   77.39812 -176.19322    202.545     0.4491     0.4489  29.281731  29.279582    34.6909    34.6884    295.176    288.429    -0.1671     4.6630     0.0818     0.0818     0.0222     0.0183     121934    84.6757     100.00     2.2903     2.0031          7  0.000e+00
    175.559   77.39852 -176.19188    177.497     0.0459     0.0575  28.845158  28.856381    34.5853    34.5871    298.441    288.755    -0.1366     4.6618     0.0842     0.0842     0.0233     0.0195     124901    86.7361     100.00     2.2935     1.9917          8  0.000e+00
    175.493   77.39852 -176.19188    177.430     0.0457     0.0583  28.846020  28.857655    34.5867    34.5878    298.234    288.743    -0.1366     4.6606     0.0842     0.0842     0.0243     0.0195     124902    86.7368     100.00     2.2922     1.9917          8  0.000e+00
    175.428   77.39852 -176.19188    177.364     0.0462     0.0590  28.846512  28.858407    34.5868    34.5881    298.227    288.734    -0.1366     4.6606     0.0842     0.0842     0.0243     0.0195     124903    86.7375     100.00     2.2922     1.9917          8  0.000e+00
    175.551   77.39852 -176.19188    177.488     0.0476     0.0596  28.846820  28.858929    34.5856    34.5881    298.222    288.974    -0.1366     4.6606     0.0842     0.0842     0.0243     0.0195     124904    86.7382     100.00     2.2922     1.9929          8  0.000e+00
