Continuous CTD Data/SBE Stage/nabos_03_02avg.cnv
* Sea-Bird SBE 9 Data File:
* FileName = D:\CTD\data\HLY2502\raw\NABOS_03_02.hex
* Software Version Seasave V 7.26.7.110
* Temperature SN = 6954
* Conductivity SN = 2561
* Number of Bytes Per Scan = 37
* Number of Voltage Words = 4
* Number of Scans Averaged by the Deck Unit = 1
* NMEA Latitude = 74 27.63 N
* NMEA Longitude = 169 54.47 E
* NMEA UTC (Time) = Sep 13 2025  07:50:08
* NMEA baud rate = 9600
** Ship: USCG HEALY
** Bot. Depth:  56
** Cast Number:  02
** Station Name:  NABOS
** Station Number:  03
** Operator:  STARC
** Target 46 m, bottles 24 leaked and 4 spigot leaked on cast 1
# nquan = 25
# nvalues = 44                          
# units = specified
# name 0 = depSM: Depth [salt water, m]
# name 1 = latitude: Latitude [deg]
# name 2 = longitude: Longitude [deg]
# name 3 = prDM: Pressure, Digiquartz [db]
# name 4 = t090C: Temperature [ITS-90, deg C]
# name 5 = t190C: Temperature, 2 [ITS-90, deg C]
# name 6 = c0mS/cm: Conductivity [mS/cm]
# name 7 = c1mS/cm: Conductivity, 2 [mS/cm]
# name 8 = sal00: Salinity, Practical [PSU]
# name 9 = sal11: Salinity, Practical, 2 [PSU]
# name 10 = sbox0Mm/Kg: Oxygen, SBE 43 [umol/kg]
# name 11 = sbox1Mm/Kg: Oxygen, SBE 43, 2 [umol/kg]
# name 12 = flECO-AFL: Fluorescence, WET Labs ECO-AFL/FL [mg/m^3]
# name 13 = v2: Voltage 2
# name 14 = wetCDOM: Fluorescence, WET Labs CDOM [mg/m^3]
# name 15 = v6: Voltage 6
# name 16 = CStarAt0: Beam Attenuation, WET Labs C-Star [1/m]
# name 17 = v3: Voltage 3
# name 18 = scan: Scan Count
# name 19 = timeM: Time, Elapsed [minutes]
# name 20 = altM: Altimeter [m]
# name 21 = sbeox0V: Oxygen raw, SBE 43 [V]
# name 22 = sbeox1V: Oxygen raw, SBE 43, 2 [V]
# name 23 = nbin: number of scans per bin
# name 24 = flag: flag
# span 0 =      3.959,     46.508       
# span 1 =   74.46046,   74.46048       
# span 2 =  169.90819,  169.90939       
# span 3 =      4.000,     47.000       
# span 4 =    -1.4848,    -1.1124       
# span 5 =    -1.4845,    -1.1325       
# span 6 =  22.264263,  26.414877       
# span 7 =  22.271658,  26.410331       
# span 8 =    27.3054,    32.8748       
# span 9 =    27.3149,    32.8686       
# span 10 =    183.004,    372.351      
# span 11 =    186.187,    361.934      
# span 12 =     0.1240,     2.0888      
# span 13 =     4.5283,     4.6306      
# span 14 =     0.1010,     0.1319      
# span 15 =     0.1010,     0.1319      
# span 16 =     0.0502,     0.1396      
# span 17 =     0.0299,     0.1086      
# span 18 =       1458,       4492      
# span 19 =     1.0116,     3.1190      
# span 20 =      -0.46,      54.98      
# span 21 =     1.5583,     2.6071      
# span 22 =     1.4350,     2.2556      
# span 23 =          3,         26      
# span 24 = 0.0000e+00, 0.0000e+00      
# interval = decibars: 1                
# start_time = Sep 13 2025 07:50:08 [NMEA time, header]
# bad_flag = -9.990e-29
*END*
      3.959   74.46048  169.90819      4.000    -1.3149    -1.2985  22.264263  22.340761    27.3054    27.3929    371.031    361.380     0.2363     4.5963     0.1068     0.1068     0.0798     0.0345       1458     1.0116      54.98     2.5700     2.2307          3 0.0000e+00
      4.948   74.46048  169.90830      5.000    -1.3159    -1.3150  22.269340  22.271658    27.3126    27.3149    371.149    361.682     0.1966     4.5933     0.1054     0.1054     0.0825     0.0329       1788     1.2411      54.18     2.5705     2.2300         19 0.0000e+00
      5.938   74.46048  169.90837      6.000    -1.3151    -1.3147  22.272876  22.272432    27.3161    27.3151    371.433    360.722     0.1887     4.5934     0.1061     0.1061     0.0824     0.0326       1969     1.3664      53.13     2.5719     2.2252         17 0.0000e+00
      6.927   74.46048  169.90840      7.000    -1.3101    -1.3125  22.309936  22.284333    27.3607    27.3285    371.040    360.983     0.1673     4.5933     0.1059     0.1059     0.0825     0.0316       2055     1.4267      52.10     2.5704     2.2265         17 0.0000e+00
      7.917   74.46048  169.90843      8.000    -1.3111    -1.3109  22.299710  22.295451    27.3473    27.3415    371.442    361.579     0.1962     4.5941     0.1017     0.1017     0.0818     0.0329       2126     1.4760      34.70     2.5722     2.2294         23 0.0000e+00
      8.907   74.46048  169.90845      9.000    -1.2809    -1.2878  22.460014  22.419316    27.5340    27.4858    370.574    360.951     0.1819     4.5941     0.1010     0.1010     0.0817     0.0323       2181     1.5137      18.04     2.5720     2.2293         20 0.0000e+00
      9.896   74.46048  169.90847     10.000    -1.2665    -1.2683  22.535022  22.520686    27.6208    27.6032    370.190    360.427     0.1971     4.5934     0.1034     0.1034     0.0824     0.0329       2232     1.5492      34.82     2.5719     2.2292         21 0.0000e+00
     10.886   74.46048  169.90850     11.000    -1.2777    -1.2769  22.469805  22.474485    27.5431    27.5487    370.720    360.534     0.1977     4.5916     0.1028     0.1028     0.0839     0.0329       2296     1.5938      33.75     2.5726     2.2283         20 0.0000e+00
     11.875   74.46048  169.90851     12.000    -1.3010    -1.2939  22.336105  22.375319    27.3848    27.4308    371.487    361.326     0.1847     4.5924     0.1040     0.1040     0.0833     0.0324       2350     1.6312      38.21     2.5726     2.2294         25 0.0000e+00
     12.865   74.46048  169.90854     13.000    -1.2569    -1.2509  22.597663  22.618882    27.6942    27.7171    369.987    360.294     0.1900     4.5914     0.1019     0.1019     0.0842     0.0326       2403     1.6682      30.56     2.5717     2.2303         20 0.0000e+00
     13.854   74.46048  169.90856     14.000    -1.2519    -1.2541  22.625441  22.607491    27.7263    27.7043    370.073    360.307     0.2277     4.5923     0.1030     0.1030     0.0834     0.0341       2453     1.7029       8.49     2.5728     2.2299         22 0.0000e+00
     14.844   74.46048  169.90858     15.000    -1.2556    -1.2615  22.609423  22.575056    27.7078    27.6672    370.267    360.660     0.2011     4.5927     0.1045     0.1045     0.0830     0.0331       2514     1.7454      -0.46     2.5731     2.2304         18 0.0000e+00
     15.834   74.46048  169.90860     16.000    -1.2728    -1.2749  22.543070  22.519392    27.6342    27.6044    370.823    361.013     0.2275     4.5923     0.1036     0.1036     0.0834     0.0341       2559     1.7763       0.09     2.5736     2.2303         23 0.0000e+00
     16.823   74.46048  169.90861     17.000    -1.2485    -1.2488  22.725482  22.720095    27.8557    27.8488    370.163    360.043     0.2339     4.5934     0.1038     0.1038     0.0824     0.0344       2627     1.8240      37.50     2.5748     2.2302         23 0.0000e+00
     17.813   74.46048  169.90864     18.000    -1.2489    -1.2491  22.721496  22.716848    27.8502    27.8442    370.189    360.475     0.2615     4.5908     0.1045     0.1045     0.0846     0.0355       2679     1.8600      40.88     2.5746     2.2319         19 0.0000e+00
     18.802   74.46046  169.90866     19.000    -1.1124    -1.1418  23.475642  23.327939    28.7319    28.5619    366.465    357.737     0.3136     4.5926     0.1052     0.1052     0.0831     0.0376       2718     1.8865       2.00     2.5764     2.2339         19 0.0000e+00
     19.792   74.46046  169.90868     20.000    -1.1330    -1.1325  23.541899  23.524499    28.8400    28.8162    367.130    357.054     0.4019     4.5879     0.1078     0.1078     0.0872     0.0411       2783     1.9317      29.43     2.5804     2.2343         26 0.0000e+00
     20.781   74.46046  169.90870     21.000    -1.1462    -1.1457  23.570764  23.569764    28.8910    28.8891    367.295    356.500     0.4134     4.5824     0.1084     0.1084     0.0919     0.0415       2846     1.9757       9.66     2.5810     2.2317         21 0.0000e+00
     21.771   74.46046  169.90872     22.000    -1.1801    -1.1799  23.591840  23.590315    28.9515    28.9493    367.962    356.702     0.4699     4.5817     0.1087     0.1087     0.0927     0.0438       2885     2.0028      -0.04     2.5834     2.2315         19 0.0000e+00
     22.760   74.46046  169.90875     23.000    -1.2006    -1.2012  23.629788  23.625765    29.0218    29.0170    368.933    357.789     0.4740     4.5848     0.1102     0.1102     0.0900     0.0440       2934     2.0366       0.03     2.5885     2.2363         21 0.0000e+00
     23.750   74.46046  169.90877     24.000    -1.1897    -1.1900  23.697345  23.694351    29.1016    29.0978    369.385    358.678     0.3933     4.5891     0.1105     0.1105     0.0861     0.0407       3000     2.0827       0.03     2.5928     2.2420         22 0.0000e+00
     24.740   74.46046  169.90879     25.000    -1.2484    -1.2476  23.712730  23.711535    29.1790    29.1765    371.944    360.426     0.3969     4.5965     0.1104     0.1104     0.0797     0.0409       3057     2.1223       0.42     2.6045     2.2482         23 0.0000e+00
     25.729   74.46046  169.90882     26.000    -1.2578    -1.2573  23.757648  23.756416    29.2481    29.2460    372.351    361.934     0.3689     4.6020     0.1113     0.1113     0.0750     0.0398       3109     2.1584       0.00     2.6071     2.2556         18 0.0000e+00
     26.718   74.46046  169.90883     27.000    -1.2635    -1.2637  23.792767  23.791482    29.3006    29.2991    371.422    360.971     0.3265     4.6052     0.1100     0.1100     0.0722     0.0381       3150     2.1869       0.02     2.6021     2.2512         21 0.0000e+00
     27.708   74.46046  169.90886     28.000    -1.2905    -1.2889  23.790798  23.789639    29.3239    29.3207    369.749    359.624     0.2963     4.6114     0.1104     0.1104     0.0667     0.0368       3215     2.2316       9.70     2.5909     2.2435         21 0.0000e+00
     28.698   74.46046  169.90888     29.000    -1.3294    -1.3298  23.779294  23.777803    29.3460    29.3444    367.391    357.664     0.2568     4.6199     0.1102     0.1102     0.0594     0.0353       3274     2.2727      13.73     2.5752     2.2320         18 0.0000e+00
     29.687   74.46046  169.90890     30.000    -1.3553    -1.3553  23.776655  23.775312    29.3673    29.3656    366.057    355.722     0.1666     4.6248     0.1112     0.1112     0.0552     0.0317       3320     2.3051       0.15     2.5660     2.2214         20 0.0000e+00
     30.677   74.46046  169.90893     31.000    -1.3701    -1.3697  23.779000  23.777628    29.3845    29.3823    365.422    355.444     0.1651     4.6256     0.1110     0.1110     0.0545     0.0316       3371     2.3406       0.01     2.5615     2.2193         17 0.0000e+00
     31.666   74.46046  169.90895     32.000    -1.3868    -1.3862  23.785758  23.784383    29.4096    29.4071    365.483    354.870     0.1653     4.6252     0.1119     0.1119     0.0548     0.0316       3432     2.3827       0.08     2.5610     2.2158         18 0.0000e+00
     32.655   74.46046  169.90897     33.000    -1.4006    -1.4004  23.800064  23.798698    29.4421    29.4400    364.749    352.734     0.1240     4.6290     0.1117     0.1117     0.0515     0.0299       3488     2.4215       0.06     2.5562     2.2051         17 0.0000e+00
     33.645   74.46046  169.90899     34.000    -1.4125    -1.4122  23.816604  23.815362    29.4757    29.4737    363.353    319.772     0.1399     4.6306     0.1116     0.1116     0.0502     0.0306       3539     2.4570       0.00     2.5478     2.0472         15 0.0000e+00
     34.634   74.46046  169.90901     35.000    -1.4158    -1.4155  23.847284  23.846160    29.5200    29.5181    361.066    280.391     0.1821     4.6289     0.1123     0.1123     0.0516     0.0323       3584     2.4882       0.09     2.5351     1.8591         15 0.0000e+00
     35.624   74.46046  169.90904     36.000    -1.4299    -1.4291  23.876773  23.874427    29.5734    29.5695    357.566    251.017     0.2291     4.6276     0.1132     0.1132     0.0528     0.0342       3647     2.5317       0.08     2.5150     1.7185         18 0.0000e+00
     36.613   74.46046  169.90906     37.000    -1.4439    -1.4440  23.923223  23.922426    29.6499    29.6488    354.713    242.306     0.2297     4.6248     0.1136     0.1136     0.0552     0.0342       3705     2.5722       0.00     2.4990     1.6769         18 0.0000e+00
     37.603   74.46046  169.90908     38.000    -1.4600    -1.4601  23.985215  23.983921    29.7496    29.7479    349.116    232.895     0.1946     4.6252     0.1146     0.1146     0.0547     0.0328       3753     2.6055       0.05     2.4676     1.6321         17 0.0000e+00
     38.592   74.46046  169.90910     39.000    -1.4848    -1.4845  24.032359  24.031528    29.8380    29.8365    338.293    216.514     0.2386     4.6253     0.1152     0.1152     0.0547     0.0346       3806     2.6421       3.18     2.4060     1.5536         19 0.0000e+00
     39.582   74.46046  169.90913     40.000    -1.4618    -1.4609  24.105500  24.105145    29.9139    29.9125    324.617    208.907     0.5023     4.6258     0.1179     0.1179     0.0543     0.0451       3858     2.6788       6.77     2.3308     1.5184         18 0.0000e+00
     40.571   74.46046  169.90915     41.000    -1.4513    -1.4510  24.191560  24.190887    30.0199    30.0186    309.999    295.075     1.0276     4.6243     0.1186     0.1186     0.0556     0.0661       3919     2.7209       8.67     2.2498     1.9322         20 0.0000e+00
     41.560   74.46046  169.90917     42.000    -1.4278    -1.4261  24.353305  24.356221    30.2155    30.2178    300.408    297.111     2.0888     4.6127     0.1206     0.1206     0.0656     0.1086       3978     2.7621      10.88     2.1991     1.9451         22 0.0000e+00
     42.550   74.46046  169.90922     43.000    -1.4047    -1.4050  24.631378  24.619320    30.5700    30.5539    277.260    277.106     1.2086     4.5701     0.1233     0.1233     0.1029     0.0733       4079     2.8317       3.31     2.0728     1.8532         23 0.0000e+00
     43.539   74.46046  169.90926     44.000    -1.3742    -1.3733  25.008419  25.012228    31.0517    31.0559    249.194    250.196     1.2229     4.5283     0.1269     0.1269     0.1396     0.0739       4189     2.9083      13.58     1.9195     1.7295         24 0.0000e+00
     44.529   74.46046  169.90930     45.000    -1.3528    -1.3527  25.342905  25.336031    31.4848    31.4754    235.137    236.173     0.8199     4.5288     0.1289     0.1289     0.1392     0.0578       4268     2.9629       6.71     1.8442     1.6659         22 0.0000e+00
     45.518   74.46046  169.90934     46.000    -1.3175    -1.3172  25.888391  25.886791    32.1917    32.1892    214.036    216.058     0.5585     4.5536     0.1300     0.1300     0.1173     0.0473       4359     3.0262       1.68     1.7309     1.5751         26 0.0000e+00
     46.508   74.46048  169.90939     47.000    -1.2840    -1.2840  26.414877  26.410331    32.8748    32.8686    183.004    186.187     0.3413     4.5735     0.1319     0.1319     0.0998     0.0387       4492     3.1190       0.65     1.5583     1.4350         15 0.0000e+00
