Continuous CTD Data/SBE Stage/nabos_27_01.ros
* Sea-Bird SBE 9 Data File:
* FileName = D:\CTD\data\HLY2502\raw\NABOS_27_01.hex
* Software Version Seasave V 7.26.7.110
* Temperature SN = 6954
* Conductivity SN = 2561
* Number of Bytes Per Scan = 37
* Number of Voltage Words = 4
* Number of Scans Averaged by the Deck Unit = 1
* NMEA Latitude = 80 38.83 N
* NMEA Longitude = 157 43.38 E
* NMEA UTC (Time) = Sep 21 2025  11:57:16
* NMEA baud rate = 9600
** Ship: USCG HEALY
** Bot. Depth:  2663
** Cast Number:  01
** Station Name:  NABOS
** Station Number:  27
** Operator:  STARC
# nquan = 25
# nvalues = 980                                   
# units = specified
# name 0 = depSM: Depth [salt water, m]
# name 1 = latitude: Latitude [deg]
# name 2 = longitude: Longitude [deg]
# name 3 = prDM: Pressure, Digiquartz [db]
# name 4 = t090C: Temperature [ITS-90, deg C]
# name 5 = t190C: Temperature, 2 [ITS-90, deg C]
# name 6 = c0mS/cm: Conductivity [mS/cm]
# name 7 = c1mS/cm: Conductivity, 2 [mS/cm]
# name 8 = sal00: Salinity, Practical [PSU]
# name 9 = sal11: Salinity, Practical, 2 [PSU]
# name 10 = sbox0Mm/Kg: Oxygen, SBE 43 [umol/kg]
# name 11 = sbox1Mm/Kg: Oxygen, SBE 43, 2 [umol/kg]
# name 12 = flECO-AFL: Fluorescence, WET Labs ECO-AFL/FL [mg/m^3]
# name 13 = v2: Voltage 2
# name 14 = wetCDOM: Fluorescence, WET Labs CDOM [mg/m^3]
# name 15 = v6: Voltage 6
# name 16 = CStarAt0: Beam Attenuation, WET Labs C-Star [1/m]
# name 17 = v3: Voltage 3
# name 18 = scan: Scan Count
# name 19 = timeM: Time, Elapsed [minutes]
# name 20 = altM: Altimeter [m]
# name 21 = sbeox0V: Oxygen raw, SBE 43 [V]
# name 22 = sbeox1V: Oxygen raw, SBE 43, 2 [V]
# name 23 = nbf: Bottles Fired
# name 24 = flag:  0.000e+00
# interval = seconds: 0.0416667
# start_time = Sep 21 2025 11:57:16 [NMEA time, header]
# bad_flag = -9.990e-29
*END*
[from data line 464]
    129.941   80.65256  157.70804    131.375    -0.1503    -0.1516  28.606976  28.604349    34.5187    34.5167    304.010    297.445    -0.1366     4.6288     0.0855     0.0855     0.0517     0.0195      95530    66.3396     100.00     2.3267     2.0352         10  0.000e+00
    129.941   80.65256  157.70804    131.375    -0.1506    -0.1513  28.607099  28.604349    34.5192    34.5163    304.213    297.443    -0.1671     4.6288     0.0842     0.0842     0.0517     0.0183      95531    66.3403     100.00     2.3280     2.0352         10  0.000e+00
    130.006   80.65256  157.70804    131.441    -0.1505    -0.1512  28.607160  28.604638    34.5191    34.5165    304.013    297.444    -0.1671     4.6276     0.0855     0.0855     0.0527     0.0183      95532    66.3410     100.00     2.3267     2.0352         10  0.000e+00
    130.006   80.65256  157.70804    131.441    -0.1506    -0.1510  28.606608  28.604869    34.5185    34.5167    304.015    297.682    -0.1366     4.6288     0.0842     0.0842     0.0517     0.0195      95533    66.3417     100.00     2.3267     2.0364         10  0.000e+00
    129.916   80.65256  157.70804    131.350    -0.1507    -0.1509  28.606792  28.605100    34.5189    34.5168    304.011    297.677    -0.1671     4.6276     0.0855     0.0855     0.0527     0.0183      95534    66.3424     100.00     2.3267     2.0364         10  0.000e+00
    130.006   80.65256  157.70804    131.441    -0.1504    -0.1506  28.606915  28.605388    34.5187    34.5168    304.013    297.917    -0.1671     4.6288     0.0842     0.0842     0.0517     0.0183      95535    66.3431     100.00     2.3267     2.0376         10  0.000e+00
    129.941   80.65256  157.70804    131.375    -0.1507    -0.1503  28.606914  28.605504    34.5190    34.5167    304.012    298.632    -0.1671     4.6288     0.0842     0.0842     0.0517     0.0183      95536    66.3438     100.00     2.3267     2.0413         10  0.000e+00
    129.941   80.65256  157.70804    131.375    -0.1508    -0.1504  28.606976  28.605446    34.5192    34.5168    304.012    298.873    -0.1671     4.6288     0.0855     0.0855     0.0517     0.0183      95537    66.3444     100.00     2.3267     2.0425         10  0.000e+00
    129.941   80.65256  157.70804    131.375    -0.1508    -0.1504  28.606914  28.605850    34.5192    34.5173    304.013    299.111    -0.1671     4.6288     0.0842     0.0842     0.0517     0.0183      95538    66.3451     100.00     2.3267     2.0437         10  0.000e+00
    130.007   80.65256  157.70804    131.441    -0.1506    -0.1501  28.606915  28.606081    34.5189    34.5172    303.812    299.111    -0.1671     4.6288     0.0855     0.0855     0.0517     0.0183      95539    66.3458     100.00     2.3255     2.0437         10  0.000e+00
    130.007   80.65256  157.70804    131.441    -0.1507    -0.1498  28.606731  28.605792    34.5187    34.5165    304.015    299.110    -0.1671     4.6288     0.0842     0.0842     0.0517     0.0183      95540    66.3465     100.00     2.3267     2.0437         10  0.000e+00
    129.941   80.65256  157.70804    131.375    -0.1508    -0.1497  28.606853  28.606081    34.5190    34.5168    304.013    298.866    -0.1671     4.6288     0.0842     0.0842     0.0517     0.0183      95541    66.3472     100.00     2.3267     2.0425         10  0.000e+00
    129.941   80.65256  157.70804    131.375    -0.1508    -0.1498  28.606792  28.605619    34.5190    34.5163    304.013    298.868    -0.1366     4.6288     0.0842     0.0842     0.0517     0.0195      95542    66.3479     100.00     2.3267     2.0425         10  0.000e+00
    129.941   80.65256  157.70804    131.375    -0.1508    -0.1503  28.606853  28.605735    34.5190    34.5170    304.012    299.110    -0.1671     4.6288     0.0842     0.0842     0.0517     0.0183      95543    66.3486     100.00     2.3267     2.0437         10  0.000e+00
    130.007   80.65256  157.70804    131.441    -0.1508    -0.1503  28.606731  28.605331    34.5188    34.5164    304.016    298.874    -0.1671     4.6288     0.0855     0.0855     0.0517     0.0183      95544    66.3493     100.00     2.3267     2.0425         10  0.000e+00
    129.916   80.65256  157.70804    131.350    -0.1508    -0.1506  28.606423  28.605215    34.5185    34.5166    304.013    298.633    -0.1671     4.6288     0.0855     0.0855     0.0517     0.0183      95545    66.3500     100.00     2.3267     2.0413         10  0.000e+00
    130.007   80.65256  157.70804    131.441    -0.1508    -0.1509  28.606853  28.605215    34.5190    34.5169    304.015    298.399    -0.1671     4.6288     0.0855     0.0855     0.0517     0.0183      95546    66.3507     100.00     2.3267     2.0400         10  0.000e+00
    129.941   80.65256  157.70804    131.375    -0.1507    -0.1506  28.606485  28.605273    34.5184    34.5167    304.013    298.394    -0.1671     4.6276     0.0867     0.0867     0.0527     0.0183      95547    66.3514     100.00     2.3267     2.0400         10  0.000e+00
    130.007   80.65256  157.70804    131.441    -0.1508    -0.1504  28.606731  28.605388    34.5188    34.5167    304.016    298.156    -0.1671     4.6288     0.0855     0.0855     0.0517     0.0183      95548    66.3521     100.00     2.3267     2.0388         10  0.000e+00
    129.941   80.65256  157.70804    131.375    -0.1508    -0.1503  28.606730  28.605273    34.5189    34.5164    303.811    298.153    -0.1671     4.6288     0.0855     0.0855     0.0517     0.0183      95549    66.3528     100.00     2.3255     2.0388         10  0.000e+00
    129.941   80.65256  157.70804    131.375    -0.1508    -0.1503  28.606730  28.605273    34.5189    34.5164    304.013    298.153    -0.1671     4.6288     0.0855     0.0855     0.0517     0.0183      95550    66.3535     100.00     2.3267     2.0388         10  0.000e+00
    130.007   80.65256  157.70804    131.441    -0.1509    -0.1503  28.606669  28.605388    34.5189    34.5165    304.017    297.915    -0.1671     4.6288     0.0855     0.0855     0.0517     0.0183      95551    66.3542     100.00     2.3267     2.0376         10  0.000e+00
    129.941   80.65256  157.70804    131.375    -0.1509    -0.1501  28.606423  28.605619    34.5187    34.5166    303.812    297.911    -0.1671     4.6288     0.0855     0.0855     0.0517     0.0183      95552    66.3549     100.00     2.3255     2.0376         10  0.000e+00
    129.941   80.65256  157.70804    131.375    -0.1508    -0.1504  28.606914  28.605331    34.5192    34.5166    303.810    297.674    -0.1366     4.6288     0.0855     0.0855     0.0517     0.0195      95553    66.3556     100.00     2.3255     2.0364         10  0.000e+00
    130.007   80.65256  157.70804    131.441    -0.1508    -0.1503  28.607037  28.605273    34.5192    34.5163    303.812    297.916    -0.1671     4.6276     0.0855     0.0855     0.0527     0.0183      95554    66.3563     100.00     2.3255     2.0376         10  0.000e+00
    129.941   80.65256  157.70804    131.375    -0.1508    -0.1504  28.606730  28.605215    34.5189    34.5165    304.013    298.154    -0.1671     4.6276     0.0855     0.0855     0.0527     0.0183      95555    66.3569     100.00     2.3267     2.0388         10  0.000e+00
    114.986   80.65266  157.70780    116.251    -0.5569    -0.5574  28.188670  28.186847    34.4285    34.4266    307.237    301.563    -0.1061     4.6276     0.0891     0.0891     0.0527     0.0208      97667    67.8236     100.00     2.3265     2.0398         11  0.000e+00
    114.945   80.65266  157.70780    116.209    -0.5568    -0.5574  28.188792  28.186732    34.4285    34.4265    307.233    301.077    -0.1366     4.6276     0.0891     0.0891     0.0527     0.0195      97668    67.8243     100.00     2.3265     2.0374         11  0.000e+00
    114.920   80.65266  157.70780    116.184    -0.5568    -0.5574  28.188853  28.186674    34.4287    34.4264    307.232    301.319    -0.1061     4.6276     0.0891     0.0891     0.0527     0.0208      97669    67.8250     100.00     2.3265     2.0386         11  0.000e+00
    114.986   80.65266  157.70780    116.251    -0.5569    -0.5572  28.188426  28.186675    34.4282    34.4262    307.033    301.320    -0.1366     4.6276     0.0891     0.0891     0.0527     0.0195      97670    67.8257     100.00     2.3253     2.0386         11  0.000e+00
    114.945   80.65266  157.70780    116.209    -0.5571    -0.5572  28.188487  28.186674    34.4285    34.4262    307.236    301.076    -0.1061     4.6276     0.0891     0.0891     0.0527     0.0208      97671    67.8264     100.00     2.3265     2.0374         11  0.000e+00
    114.986   80.65266  157.70780    116.251    -0.5571    -0.5572  28.188365  28.186847    34.4283    34.4264    307.239    301.320    -0.1061     4.6276     0.0891     0.0891     0.0527     0.0208      97672    67.8271     100.00     2.3265     2.0386         11  0.000e+00
    115.010   80.65266  157.70780    116.275    -0.5571    -0.5574  28.188304  28.186732    34.4283    34.4265    307.240    301.080    -0.1366     4.6276     0.0891     0.0891     0.0527     0.0195      97673    67.8278     100.00     2.3265     2.0374         11  0.000e+00
    114.920   80.65266  157.70780    116.184    -0.5573    -0.5572  28.188303  28.187019    34.4285    34.4267    307.237    300.347    -0.1061     4.6276     0.0891     0.0891     0.0527     0.0208      97674    67.8285     100.00     2.3265     2.0337         11  0.000e+00
    114.986   80.65266  157.70780    116.251    -0.5571    -0.5574  28.188487  28.186675    34.4285    34.4264    307.238    300.594    -0.1366     4.6276     0.0891     0.0891     0.0527     0.0195      97675    67.8292     100.00     2.3265     2.0350         11  0.000e+00
    114.945   80.65266  157.70780    116.209    -0.5573    -0.5572  28.188365  28.186847    34.4285    34.4264    307.238    301.076    -0.1366     4.6276     0.0891     0.0891     0.0527     0.0195      97676    67.8299     100.00     2.3265     2.0374         11  0.000e+00
    114.986   80.65266  157.70780    116.251    -0.5574    -0.5572  28.188304  28.186732    34.4285    34.4263    307.445    301.804    -0.1366     4.6276     0.0879     0.0879     0.0527     0.0195      97677    67.8306     100.00     2.3277     2.0411         11  0.000e+00
    115.010   80.65266  157.70780    116.275    -0.5573    -0.5571  28.188304  28.186675    34.4284    34.4260    307.241    302.774    -0.1366     4.6276     0.0867     0.0867     0.0527     0.0195      97678    67.8312     100.00     2.3265     2.0460         11  0.000e+00
    114.920   80.65266  157.70780    116.184    -0.5574    -0.5572  28.188303  28.186674    34.4286    34.4262    307.238    303.013    -0.1366     4.6276     0.0867     0.0867     0.0527     0.0195      97679    67.8319     100.00     2.3265     2.0472         11  0.000e+00
    114.986   80.65266  157.70780    116.251    -0.5573    -0.5576  28.187876  28.186445    34.4278    34.4263    307.241    302.776    -0.1366     4.6276     0.0867     0.0867     0.0527     0.0195      97680    67.8326     100.00     2.3265     2.0460         11  0.000e+00
    114.945   80.65266  157.70780    116.209    -0.5577    -0.5575  28.187937  28.186387    34.4284    34.4261    307.242    301.563    -0.1366     4.6276     0.0867     0.0867     0.0527     0.0195      97681    67.8333     100.00     2.3265     2.0398         11  0.000e+00
    114.986   80.65266  157.70780    116.251    -0.5575    -0.5574  28.188059  28.186215    34.4284    34.4258    307.242    299.627    -0.1366     4.6276     0.0867     0.0867     0.0527     0.0195      97682    67.8340     100.00     2.3265     2.0301         11  0.000e+00
    114.945   80.65266  157.70780    116.209    -0.5575    -0.5577  28.188059  28.186330    34.4284    34.4263    307.240    298.900    -0.1366     4.6276     0.0867     0.0867     0.0527     0.0195      97683    67.8347     100.00     2.3265     2.0264         11  0.000e+00
    114.986   80.65266  157.70780    116.251    -0.5578    -0.5576  28.187815  28.186560    34.4283    34.4264    307.244    299.869    -0.1366     4.6276     0.0879     0.0879     0.0527     0.0195      97684    67.8354     100.00     2.3265     2.0313         11  0.000e+00
    114.986   80.65266  157.70780    116.251    -0.5580    -0.5579  28.187754  28.186445    34.4286    34.4266    307.246    300.113    -0.1366     4.6276     0.0867     0.0867     0.0527     0.0195      97685    67.8361     100.00     2.3265     2.0325         11  0.000e+00
    114.945   80.65266  157.70780    116.209    -0.5577    -0.5576  28.187754  28.186560    34.4282    34.4265    307.038    300.109    -0.1366     4.6276     0.0867     0.0867     0.0527     0.0195      97686    67.8368     100.00     2.3253     2.0325         11  0.000e+00
    114.986   80.65266  157.70780    116.251    -0.5579    -0.5579  28.187754  28.186560    34.4284    34.4268    307.245    300.113    -0.1366     4.6276     0.0867     0.0867     0.0527     0.0195      97687    67.8375     100.00     2.3265     2.0325         11  0.000e+00
    114.920   80.65266  157.70780    116.184    -0.5579    -0.5577  28.187571  28.186215    34.4282    34.4262    307.038    300.110    -0.1366     4.6276     0.0867     0.0867     0.0527     0.0195      97688    67.8382     100.00     2.3253     2.0325         11  0.000e+00
    115.010   80.65266  157.70780    116.275    -0.5580    -0.5577  28.187693  28.186330    34.4285    34.4262    307.247    300.598    -0.1366     4.6276     0.0867     0.0867     0.0527     0.0195      97689    67.8389     100.00     2.3265     2.0350         11  0.000e+00
    114.986   80.65266  157.70780    116.251    -0.5579    -0.5580  28.187754  28.186215    34.4284    34.4264    307.040    301.084    -0.1061     4.6276     0.0879     0.0879     0.0527     0.0208      97690    67.8396     100.00     2.3253     2.0374         11  0.000e+00
    114.945   80.65266  157.70780    116.209    -0.5580    -0.5580  28.187937  28.186330    34.4288    34.4266    307.244    301.324    -0.1366     4.6276     0.0879     0.0879     0.0527     0.0195      97691    67.8403     100.00     2.3265     2.0386         11  0.000e+00
    114.986   80.65266  157.70780    116.251    -0.5581    -0.5580  28.187632  28.185986    34.4285    34.4261    307.247    300.842    -0.1061     4.6276     0.0867     0.0867     0.0527     0.0208      97692    67.8410     100.00     2.3265     2.0362         11  0.000e+00
    114.920   80.65266  157.70780    116.184    -0.5581    -0.5582  28.187693  28.186043    34.4286    34.4265    307.244    300.356    -0.1061     4.6276     0.0867     0.0867     0.0527     0.0208      97693    67.8417     100.00     2.3265     2.0337         11  0.000e+00
    114.945   80.65266  157.70780    116.209    -0.5579    -0.5582  28.187571  28.185698    34.4282    34.4260    307.039    299.874    -0.1366     4.6276     0.0867     0.0867     0.0527     0.0195      97694    67.8424     100.00     2.3253     2.0313         11  0.000e+00
    114.986   80.65266  157.70780    116.251    -0.5580    -0.5584  28.187510  28.185756    34.4282    34.4262    307.042    300.118    -0.1366     4.6276     0.0867     0.0867     0.0527     0.0195      97695    67.8431     100.00     2.3253     2.0325         11  0.000e+00
    115.011   80.65266  157.70780    116.276    -0.5580    -0.5584  28.187510  28.185469    34.4282    34.4258    307.248    300.605    -0.1366     4.6276     0.0867     0.0867     0.0527     0.0195      97696    67.8438     100.00     2.3265     2.0350         11  0.000e+00
    114.920   80.65266  157.70780    116.184    -0.5581    -0.5584  28.187693  28.185526    34.4286    34.4260    307.244    300.359    -0.1366     4.6276     0.0879     0.0879     0.0527     0.0195      97697    67.8444     100.00     2.3265     2.0337         11  0.000e+00
