Continuous CTD Data/SBE Stage/nabos_07_02avg.cnv
* Sea-Bird SBE 9 Data File:
* FileName = D:\CTD\data\HLY2502\raw\NABOS_07_02.hex
* Software Version Seasave V 7.26.7.110
* Temperature SN = 6954
* Conductivity SN = 2561
* Number of Bytes Per Scan = 37
* Number of Voltage Words = 4
* Number of Scans Averaged by the Deck Unit = 1
* NMEA Latitude = 75 42.24 N
* NMEA Longitude = 175 32.88 E
* NMEA UTC (Time) = Sep 12 2025  05:23:18
* NMEA baud rate = 9600
** Ship: USCG HEALY
** Bot. Depth:  264
** Cast Number:  02
** Station Name:  NABOS
** Station Number:  07
** Operator:  STARC
** cast to 254m
# nquan = 25
# nvalues = 254                         
# units = specified
# name 0 = depSM: Depth [salt water, m]
# name 1 = latitude: Latitude [deg]
# name 2 = longitude: Longitude [deg]
# name 3 = prDM: Pressure, Digiquartz [db]
# name 4 = t090C: Temperature [ITS-90, deg C]
# name 5 = t190C: Temperature, 2 [ITS-90, deg C]
# name 6 = c0mS/cm: Conductivity [mS/cm]
# name 7 = c1mS/cm: Conductivity, 2 [mS/cm]
# name 8 = sal00: Salinity, Practical [PSU]
# name 9 = sal11: Salinity, Practical, 2 [PSU]
# name 10 = sbox0Mm/Kg: Oxygen, SBE 43 [umol/kg]
# name 11 = sbox1Mm/Kg: Oxygen, SBE 43, 2 [umol/kg]
# name 12 = flECO-AFL: Fluorescence, WET Labs ECO-AFL/FL [mg/m^3]
# name 13 = v2: Voltage 2
# name 14 = wetCDOM: Fluorescence, WET Labs CDOM [mg/m^3]
# name 15 = v6: Voltage 6
# name 16 = CStarAt0: Beam Attenuation, WET Labs C-Star [1/m]
# name 17 = v3: Voltage 3
# name 18 = scan: Scan Count
# name 19 = timeM: Time, Elapsed [minutes]
# name 20 = altM: Altimeter [m]
# name 21 = sbeox0V: Oxygen raw, SBE 43 [V]
# name 22 = sbeox1V: Oxygen raw, SBE 43, 2 [V]
# name 23 = nbin: number of scans per bin
# name 24 = flag: flag
# span 0 =      3.958,    254.164       
# span 1 =   75.70398,   75.70420       
# span 2 =  175.54954,  175.55390       
# span 3 =      4.000,    257.000       
# span 4 =    -1.6410,     0.7465       
# span 5 =    -1.6408,     0.7462       
# span 6 =  22.381267,  29.600624       
# span 7 =  22.380185,  29.598580       
# span 8 =    27.5660,    34.7407       
# span 9 =    27.5656,    34.7384       
# span 10 =    275.112,    377.513      
# span 11 =    266.828,    365.129      
# span 12 =    -0.1585,     0.4036      
# span 13 =     4.0623,     4.6643      
# span 14 =     0.0835,     0.1185      
# span 15 =     0.0835,     0.1185      
# span 16 =     0.0211,     0.5744      
# span 17 =     0.0186,     0.0411      
# span 18 =       2402,      15998      
# span 19 =     1.6673,    11.1088      
# span 20 =       0.04,     100.06      
# span 21 =     2.1716,     2.6394      
# span 22 =     1.8949,     2.2737      
# span 23 =         11,         29      
# span 24 = 0.0000e+00, 0.0000e+00      
# interval = decibars: 1                
# start_time = Sep 12 2025 05:23:18 [NMEA time, header]
# bad_flag = -9.990e-29
*END*
[from data line 232]
    233.408   75.70404  175.55331    236.000     0.7046     0.7047  29.546264  29.544370    34.7294    34.7269    276.649    268.398    -0.1230     4.5030     0.0952     0.0952     0.1620     0.0201      14201     9.8608      28.93     2.1830     1.9045         18 0.0000e+00
    234.396   75.70404  175.55334    237.000     0.7064     0.7062  29.548732  29.546380    34.7300    34.7273    276.850    268.351    -0.1240     4.4957     0.0955     0.0955     0.1685     0.0200      14246     9.8923      28.07     2.1840     1.9042         17 0.0000e+00
    235.384   75.70404  175.55335    238.000     0.7102     0.7101  29.553087  29.551032    34.7309    34.7283    276.830    268.396    -0.1224     4.4922     0.0950     0.0950     0.1716     0.0201      14281     9.9167      27.10     2.1839     1.9044         15 0.0000e+00
    236.373   75.70403  175.55337    239.000     0.7125     0.7132  29.555680  29.554223    34.7311    34.7284    276.767    268.298    -0.1285     4.4871     0.0944     0.0944     0.1761     0.0198      14336     9.9547      26.02     2.1834     1.9038         15 0.0000e+00
    237.361   75.70402  175.55340    240.000     0.7158     0.7159  29.559805  29.557889    34.7322    34.7296    276.573    268.084    -0.1251     4.4658     0.0943     0.0943     0.1951     0.0200      14407    10.0042      25.12     2.1822     1.9026         16 0.0000e+00
    238.350   75.70402  175.55342    241.000     0.7173     0.7175  29.561922  29.560118    34.7326    34.7301    276.430    268.253    -0.1518     4.4479     0.0948     0.0948     0.2113     0.0189      14446    10.0311      24.17     2.1812     1.9034         17 0.0000e+00
    239.338   75.70402  175.55344    242.000     0.7188     0.7187  29.563922  29.561847    34.7330    34.7303    276.329    267.966    -0.1384     4.4428     0.0951     0.0951     0.2159     0.0195      14483    10.0572      23.16     2.1804     1.9018         17 0.0000e+00
    240.327   75.70402  175.55345    243.000     0.7188     0.7191  29.564304  29.562589    34.7328    34.7303    276.155    267.765    -0.1205     4.4327     0.0956     0.0956     0.2250     0.0202      14548    10.1021      22.13     2.1791     1.9006         19 0.0000e+00
    241.315   75.70402  175.55348    244.000     0.7208     0.7201  29.566985  29.564474    34.7335    34.7310    276.154    267.729    -0.1254     4.4250     0.0965     0.0965     0.2319     0.0200      14608    10.1438      21.22     2.1789     1.9003         19 0.0000e+00
    242.303   75.70402  175.55350    245.000     0.7228     0.7229  29.569576  29.567762    34.7341    34.7316    276.124    268.079    -0.1205     4.4212     0.0952     0.0952     0.2353     0.0202      14648    10.1716      20.27     2.1786     1.9020         17 0.0000e+00
    243.292   75.70402  175.55352    246.000     0.7272     0.7273  29.574435  29.572707    34.7348    34.7324    276.074    267.914    -0.1171     4.4168     0.0947     0.0947     0.2393     0.0203      14693    10.2028      19.26     2.1783     1.9012         14 0.0000e+00
    244.280   75.70402  175.55353    247.000     0.7310     0.7315  29.579022  29.577102    34.7360    34.7329    275.785    267.689    -0.1180     4.4096     0.0953     0.0953     0.2459     0.0203      14753    10.2445      18.34     2.1766     1.9000         18 0.0000e+00
    245.269   75.70402  175.55356    248.000     0.7396     0.7398  29.588815  29.586906    34.7385    34.7358    275.338    267.534    -0.1140     4.3830     0.0958     0.0958     0.2702     0.0205      14812    10.2856      17.31     2.1741     1.8994         19 0.0000e+00
    246.257   75.70402  175.55358    249.000     0.7447     0.7447  29.594737  29.592692    34.7399    34.7372    275.424    267.375    -0.1137     4.3522     0.0972     0.0972     0.2983     0.0205      14866    10.3227      16.32     2.1746     1.8986         16 0.0000e+00
    247.246   75.70402  175.55360    250.000     0.7450     0.7449  29.595594  29.593636    34.7400    34.7375    275.246    267.357    -0.1150     4.3183     0.0977     0.0977     0.3297     0.0204      14918    10.3589      15.40     2.1733     1.8983         17 0.0000e+00
    248.234   75.70402  175.55362    251.000     0.7433     0.7438  29.594042  29.592800    34.7393    34.7371    275.223    267.159    -0.1062     4.2277     0.0974     0.0974     0.4148     0.0208      14981    10.4027      14.47     2.1729     1.8971         16 0.0000e+00
    249.222   75.70402  175.55365    252.000     0.7449     0.7451  29.596457  29.594897    34.7401    34.7378    275.359    267.342    -0.1043     4.1222     0.0974     0.0974     0.5158     0.0209      15069    10.4641      13.49     2.1736     1.8979         17 0.0000e+00
    250.210   75.70402  175.55367    253.000     0.7454     0.7452  29.597445  29.595532    34.7402    34.7379    275.339    267.043    -0.1062     4.1010     0.0972     0.0972     0.5364     0.0208      15118    10.4976      12.65     2.1733     1.8961         16 0.0000e+00
    251.199   75.70402  175.55369    254.000     0.7454     0.7452  29.597861  29.595865    34.7402    34.7378    275.112    266.828    -0.1061     4.0840     0.0978     0.0978     0.5530     0.0208      15175    10.5374      11.61     2.1716     1.8949         17 0.0000e+00
    252.188   75.70402  175.55372    255.000     0.7455     0.7455  29.598769  29.596851    34.7406    34.7381    275.324    267.169    -0.1043     4.0700     0.0992     0.0992     0.5667     0.0209      15272    10.6051      10.69     2.1728     1.8965         17 0.0000e+00
    253.176   75.70402  175.55374    256.000     0.7455     0.7455  29.599184  29.597211    34.7405    34.7380    275.219    267.061    -0.1020     4.0623     0.0991     0.0991     0.5744     0.0210      15320    10.6379       9.76     2.1719     1.8957         15 0.0000e+00
    254.164   75.70404  175.55390    257.000     0.7465     0.7462  29.600624  29.598580    34.7407    34.7384    275.205    267.214    -0.1095     4.0743     0.0980     0.0980     0.5625     0.0206      15998    11.1088       9.22     2.1716     1.8964         15 0.0000e+00
