Continuous CTD Data/SBE Stage/nabos_41_01.ros
* Sea-Bird SBE 9 Data File:
* FileName = D:\CTD\data\HLY2502\raw\NABOS_41_01.hex
* Software Version Seasave V 7.26.7.110
* Temperature SN = 6954
* Conductivity SN = 2561
* Number of Bytes Per Scan = 37
* Number of Voltage Words = 4
* Number of Scans Averaged by the Deck Unit = 1
* NMEA Latitude = 79 39.37 N
* NMEA Longitude = 125 55.91 E
* NMEA UTC (Time) = Sep 27 2025  03:16:02
* NMEA baud rate = 9600
** Ship: USCG HEALY
** Bot. Depth:  3277
** Cast Number:  01
** Station Name:  NABOS
** Station Number:  41
** Operator:  STARC
# nquan = 25
# nvalues = 1176                                  
# units = specified
# name 0 = depSM: Depth [salt water, m]
# name 1 = latitude: Latitude [deg]
# name 2 = longitude: Longitude [deg]
# name 3 = prDM: Pressure, Digiquartz [db]
# name 4 = t090C: Temperature [ITS-90, deg C]
# name 5 = t190C: Temperature, 2 [ITS-90, deg C]
# name 6 = c0mS/cm: Conductivity [mS/cm]
# name 7 = c1mS/cm: Conductivity, 2 [mS/cm]
# name 8 = sal00: Salinity, Practical [PSU]
# name 9 = sal11: Salinity, Practical, 2 [PSU]
# name 10 = sbox0Mm/Kg: Oxygen, SBE 43 [umol/kg]
# name 11 = sbox1Mm/Kg: Oxygen, SBE 43, 2 [umol/kg]
# name 12 = flECO-AFL: Fluorescence, WET Labs ECO-AFL/FL [mg/m^3]
# name 13 = v2: Voltage 2
# name 14 = wetCDOM: Fluorescence, WET Labs CDOM [mg/m^3]
# name 15 = v6: Voltage 6
# name 16 = CStarAt0: Beam Attenuation, WET Labs C-Star [1/m]
# name 17 = v3: Voltage 3
# name 18 = scan: Scan Count
# name 19 = timeM: Time, Elapsed [minutes]
# name 20 = altM: Altimeter [m]
# name 21 = sbeox0V: Oxygen raw, SBE 43 [V]
# name 22 = sbeox1V: Oxygen raw, SBE 43, 2 [V]
# name 23 = nbf: Bottles Fired
# name 24 = flag:  0.000e+00
# interval = seconds: 0.0416667
# start_time = Sep 27 2025 03:16:02 [NMEA time, header]
# bad_flag = -9.990e-29
*END*
[from data line 1102]
      3.581   79.64996  125.92964      3.620    -1.5678    -1.5437  23.622417  23.637077    29.3823    29.3784    378.187    369.300     0.3213     4.5446     0.1148     0.1148     0.1252     0.0379     107322    74.5285     100.00     2.6286     2.2826         23  0.000e+00
      3.581   79.64996  125.92964      3.620    -1.5659    -1.5441  23.622646  23.637347    29.3808    29.3792    378.170    369.302     0.2908     4.5446     0.1148     0.1148     0.1252     0.0366     107323    74.5292     100.00     2.6286     2.2826         23  0.000e+00
      3.573   79.64996  125.92964      3.611    -1.5649    -1.5434  23.623276  23.637455    29.3806    29.3787    378.158    369.296     0.2908     4.5446     0.1148     0.1148     0.1252     0.0366     107324    74.5299     100.00     2.6286     2.2826         23  0.000e+00
      3.516   79.64996  125.92964      3.553    -1.5630    -1.5413  23.623562  23.637562    29.3792    29.3768    378.138    369.531     0.2908     4.5446     0.1148     0.1148     0.1252     0.0366     107325    74.5306     100.00     2.6286     2.2838         23  0.000e+00
      3.516   79.64996  125.92964      3.553    -1.5626    -1.5388  23.623504  23.637454    29.3786    29.3742    378.134    369.510     0.3213     4.5446     0.1148     0.1148     0.1252     0.0379     107326    74.5313     100.00     2.6286     2.2838         23  0.000e+00
      3.581   79.64996  125.92964      3.620    -1.5603    -1.5361  23.623562  23.637939    29.3764    29.3721    378.117    369.233     0.3213     4.5446     0.1148     0.1148     0.1252     0.0379     107327    74.5319     100.00     2.6286     2.2826         23  0.000e+00
      3.581   79.64996  125.92964      3.620    -1.5571    -1.5344  23.623848  23.637993    29.3736    29.3705    378.088    368.962     0.2908     4.5446     0.1148     0.1148     0.1252     0.0366     107328    74.5326     100.00     2.6286     2.2814         23  0.000e+00
      3.573   79.64996  125.92964      3.611    -1.5573    -1.5345  23.623676  23.637562    29.3737    29.3701    378.091    368.709     0.3213     4.5446     0.1148     0.1148     0.1252     0.0379     107329    74.5333     100.00     2.6286     2.2801         23  0.000e+00
      3.516   79.64996  125.92964      3.553    -1.5590    -1.5363  23.623676  23.637184    29.3754    29.3714    378.319    368.723     0.3213     4.5446     0.1148     0.1148     0.1252     0.0379     107330    74.5340     100.00     2.6298     2.2801         23  0.000e+00
      3.573   79.64996  125.92964      3.612    -1.5587    -1.5385  23.624535  23.637346    29.3762    29.3737    378.100    368.999     0.3213     4.5446     0.1148     0.1148     0.1252     0.0379     107331    74.5347     100.00     2.6286     2.2814         23  0.000e+00
      3.516   79.64996  125.92964      3.553    -1.5547    -1.5401  23.627056  23.637239    29.3757    29.3751    378.051    369.010     0.3213     4.5446     0.1148     0.1148     0.1252     0.0379     107332    74.5354     100.00     2.6286     2.2814         23  0.000e+00
      3.582   79.64996  125.92964      3.620    -1.5493    -1.5415  23.629519  23.637347    29.3737    29.3766    377.998    368.769     0.3213     4.5446     0.1148     0.1148     0.1252     0.0379     107333    74.5361     100.00     2.6286     2.2801         23  0.000e+00
      3.573   79.64996  125.92964      3.612    -1.5485    -1.5417  23.631581  23.637077    29.3757    29.3765    377.982    368.772     0.3213     4.5446     0.1148     0.1148     0.1252     0.0379     107334    74.5368     100.00     2.6286     2.2801         23  0.000e+00
      3.516   79.64996  125.92964      3.553    -1.5468    -1.5413  23.632899  23.637077    29.3759    29.3761    377.959    368.765     0.2908     4.5446     0.1148     0.1148     0.1252     0.0366     107335    74.5375     100.00     2.6286     2.2801         23  0.000e+00
      3.573   79.64996  125.92964      3.612    -1.5438    -1.5407  23.633930  23.636969    29.3742    29.3754    377.932    368.508     0.3213     4.5446     0.1148     0.1148     0.1252     0.0379     107336    74.5382     100.00     2.6286     2.2789         23  0.000e+00
      3.582   79.64996  125.92964      3.620    -1.5427    -1.5404  23.634560  23.637131    29.3740    29.3752    378.136    368.505     0.3213     4.5446     0.1148     0.1148     0.1252     0.0379     107337    74.5389     100.00     2.6298     2.2789         23  0.000e+00
      3.516   79.64996  125.92964      3.554    -1.5421    -1.5401  23.634216  23.637185    29.3730    29.3751    378.129    368.499     0.3213     4.5446     0.1136     0.1136     0.1252     0.0379     107338    74.5396     100.00     2.6298     2.2789         23  0.000e+00
      3.573   79.64996  125.92964      3.612    -1.5413    -1.5399  23.633815  23.636969    29.3716    29.3746    377.911    368.757     0.3213     4.5446     0.1148     0.1148     0.1252     0.0379     107339    74.5403     100.00     2.6286     2.2801         23  0.000e+00
      3.582   79.64996  125.92964      3.620    -1.5402    -1.5401  23.633471  23.637077    29.3701    29.3749    377.903    368.758     0.2908     4.5446     0.1148     0.1148     0.1252     0.0366     107340    74.5410     100.00     2.6286     2.2801         23  0.000e+00
      3.516   79.64996  125.92964      3.554    -1.5407    -1.5412  23.633070  23.637023    29.3700    29.3759    378.121    369.020     0.3213     4.5446     0.1148     0.1148     0.1252     0.0379     107341    74.5417     100.00     2.6298     2.2814         23  0.000e+00
      3.582   79.64996  125.92964      3.620    -1.5459    -1.5422  23.633701  23.636970    29.3760    29.3768    377.951    369.543     0.2908     4.5446     0.1148     0.1148     0.1252     0.0366     107342    74.5424     100.00     2.6286     2.2838         23  0.000e+00
      3.582   79.64996  125.92964      3.620    -1.5487    -1.5430  23.634045  23.636970    29.3793    29.3776    378.190    369.550     0.3213     4.5446     0.1148     0.1148     0.1252     0.0379     107343    74.5431     100.00     2.6298     2.2838         23  0.000e+00
      3.516   79.64996  125.92964      3.554    -1.5493    -1.5440  23.634675  23.637077    29.3807    29.3788    377.973    369.555     0.2908     4.5446     0.1148     0.1148     0.1252     0.0366     107344    74.5438     100.00     2.6286     2.2838         23  0.000e+00
      3.582   79.64996  125.92964      3.620    -1.5485    -1.5453  23.635706  23.637131    29.3814    29.3801    378.182    369.313     0.3213     4.5446     0.1148     0.1148     0.1252     0.0379     107345    74.5444     100.00     2.6298     2.2826         23  0.000e+00
      3.573   79.64996  125.92964      3.612    -1.5462    -1.5456  23.636737  23.636862    29.3805    29.3800    377.941    369.316     0.3213     4.5446     0.1148     0.1148     0.1252     0.0379     107346    74.5451     100.00     2.6286     2.2826         23  0.000e+00
      3.582   79.64994  125.92962      3.621    -1.5513    -1.5371  23.631009  23.641442    29.3777    29.3779    378.005    370.245     0.2908     4.5446     0.1136     0.1136     0.1252     0.0366     107578    74.7062     100.00     2.6285     2.2874         24  0.000e+00
      3.517   79.64994  125.92962      3.554    -1.5516    -1.5376  23.630837  23.641280    29.3778    29.3782    378.221    370.247     0.3213     4.5446     0.1123     0.1123     0.1252     0.0379     107579    74.7069     100.00     2.6298     2.2874         24  0.000e+00
      3.582   79.64994  125.92962      3.621    -1.5528    -1.5383  23.630837  23.641496    29.3789    29.3791    378.019    370.511     0.3213     4.5446     0.1136     0.1136     0.1252     0.0379     107580    74.7076     100.00     2.6285     2.2887         24  0.000e+00
      3.574   79.64994  125.92962      3.612    -1.5518    -1.5387  23.630837  23.641604    29.3779    29.3797    378.009    370.513     0.2908     4.5446     0.1136     0.1136     0.1252     0.0366     107581    74.7083     100.00     2.6285     2.2887         24  0.000e+00
      3.517   79.64994  125.92962      3.554    -1.5518    -1.5390  23.631008  23.641496    29.3782    29.3799    378.006    370.513     0.3213     4.5446     0.1136     0.1136     0.1252     0.0379     107582    74.7090     100.00     2.6285     2.2887         24  0.000e+00
      3.582   79.64994  125.92962      3.621    -1.5528    -1.5392  23.631582  23.641604    29.3800    29.3801    378.016    370.262     0.3213     4.5446     0.1136     0.1136     0.1252     0.0379     107583    74.7097     100.00     2.6285     2.2874         24  0.000e+00
      3.574   79.64994  125.92962      3.612    -1.5537    -1.5393  23.632155  23.641496    29.3817    29.3801    378.237    369.752     0.3213     4.5446     0.1123     0.1123     0.1252     0.0379     107584    74.7104     100.00     2.6298     2.2850         24  0.000e+00
      3.517   79.64994  125.92962      3.554    -1.5541    -1.5398  23.632498  23.641766    29.3826    29.3811    378.236    369.497     0.3213     4.5446     0.1136     0.1136     0.1252     0.0379     107585    74.7111     100.00     2.6298     2.2838         24  0.000e+00
      3.574   79.64994  125.92962      3.612    -1.5547    -1.5399  23.632097  23.641389    29.3826    29.3806    378.246    369.502     0.3213     4.5446     0.1136     0.1136     0.1252     0.0379     107586    74.7118     100.00     2.6298     2.2838         24  0.000e+00
      3.582   79.64994  125.92962      3.621    -1.5545    -1.5393  23.632899  23.641550    29.3835    29.3802    378.025    368.985     0.3213     4.5446     0.1136     0.1136     0.1252     0.0379     107587    74.7125     100.00     2.6285     2.2813         24  0.000e+00
      3.517   79.64994  125.92962      3.554    -1.5545    -1.5378  23.634045  23.641658    29.3850    29.3790    378.017    369.225     0.3213     4.5446     0.1136     0.1136     0.1252     0.0379     107588    74.7132     100.00     2.6285     2.2826         24  0.000e+00
      3.574   79.64994  125.92962      3.612    -1.5542    -1.5364  23.635077  23.641496    29.3862    29.3773    378.013    369.216     0.3213     4.5446     0.1136     0.1136     0.1252     0.0379     107589    74.7139     100.00     2.6285     2.2826         24  0.000e+00
      3.582   79.64994  125.92962      3.621    -1.5524    -1.5357  23.636050  23.641550    29.3857    29.3767    377.994    369.466     0.2908     4.5446     0.1136     0.1136     0.1252     0.0366     107590    74.7146     100.00     2.6285     2.2838         24  0.000e+00
      3.517   79.64994  125.92962      3.554    -1.5490    -1.5353  23.636967  23.641280    29.3836    29.3759    378.173    369.716     0.3213     4.5446     0.1136     0.1136     0.1252     0.0379     107591    74.7153     100.00     2.6298     2.2850         24  0.000e+00
      3.582   79.64994  125.92962      3.621    -1.5470    -1.5345  23.637540  23.640849    29.3824    29.3745    377.941    369.970     0.2908     4.5446     0.1136     0.1136     0.1252     0.0366     107592    74.7160     100.00     2.6285     2.2862         24  0.000e+00
      3.517   79.64994  125.92962      3.554    -1.5430    -1.5342  23.638914  23.640903    29.3803    29.3744    378.329    369.964     0.3213     4.5446     0.1136     0.1136     0.1252     0.0379     107593    74.7167     100.00     2.6310     2.2862         24  0.000e+00
      3.574   79.64994  125.92962      3.612    -1.5385    -1.5348  23.640232  23.640957    29.3776    29.3750    377.856    369.716     0.3213     4.5446     0.1136     0.1136     0.1252     0.0379     107594    74.7174     100.00     2.6285     2.2850         24  0.000e+00
      3.517   79.64994  125.92962      3.554    -1.5388    -1.5359  23.640748  23.640741    29.3787    29.3757    377.854    369.723     0.2908     4.5446     0.1136     0.1136     0.1252     0.0366     107595    74.7181     100.00     2.6285     2.2850         24  0.000e+00
      3.574   79.64994  125.92962      3.612    -1.5395    -1.5368  23.640920  23.640526    29.3795    29.3764    378.078    369.735     0.2908     4.5446     0.1136     0.1136     0.1252     0.0366     107596    74.7188     100.00     2.6298     2.2850         24  0.000e+00
      3.582   79.64994  125.92962      3.621    -1.5397    -1.5373  23.641493  23.640849    29.3805    29.3773    377.862    369.993     0.2908     4.5433     0.1136     0.1136     0.1263     0.0366     107597    74.7194     100.00     2.6285     2.2862         24  0.000e+00
      3.517   79.64994  125.92962      3.554    -1.5413    -1.5377  23.641550  23.640634    29.3822    29.3774    378.088    369.994     0.3213     4.5446     0.1136     0.1136     0.1252     0.0379     107598    74.7201     100.00     2.6298     2.2862         24  0.000e+00
      3.574   79.64994  125.92962      3.612    -1.5433    -1.5382  23.641436  23.640849    29.3840    29.3782    378.109    370.001     0.3213     4.5446     0.1136     0.1136     0.1252     0.0379     107599    74.7208     100.00     2.6298     2.2862         24  0.000e+00
      3.582   79.64994  125.92962      3.621    -1.5447    -1.5386  23.641608  23.640903    29.3856    29.3786    378.120    370.260     0.3213     4.5446     0.1136     0.1136     0.1252     0.0379     107600    74.7215     100.00     2.6298     2.2874         24  0.000e+00
      3.517   79.64994  125.92962      3.554    -1.5444    -1.5382  23.640977  23.640903    29.3845    29.3783    377.901    370.253     0.2908     4.5446     0.1136     0.1136     0.1252     0.0366     107601    74.7222     100.00     2.6285     2.2874         24  0.000e+00
      3.582   79.64994  125.92962      3.621    -1.5433    -1.5376  23.640404  23.640634    29.3826    29.3773    377.897    370.508     0.3213     4.5433     0.1136     0.1136     0.1263     0.0379     107602    74.7229     100.00     2.6285     2.2887         24  0.000e+00
      3.582   79.64994  125.92962      3.621    -1.5406    -1.5371  23.640289  23.640849    29.3797    29.3770    377.874    370.502     0.3213     4.5446     0.1136     0.1136     0.1252     0.0379     107603    74.7236     100.00     2.6285     2.2887         24  0.000e+00
      3.517   79.64994  125.92962      3.554    -1.5377    -1.5376  23.640805  23.640526    29.3777    29.3772    377.844    370.505     0.2908     4.5446     0.1136     0.1136     0.1252     0.0366     107604    74.7243     100.00     2.6285     2.2887         24  0.000e+00
      3.582   79.64994  125.92962      3.621    -1.5362    -1.5382  23.640805  23.640472    29.3761    29.3776    377.834    370.769     0.3213     4.5446     0.1136     0.1136     0.1252     0.0379     107605    74.7250     100.00     2.6285     2.2899         24  0.000e+00
      3.517   79.64994  125.92962      3.554    -1.5360    -1.5393  23.640575  23.640526    29.3756    29.3788    377.830    371.031     0.3213     4.5446     0.1136     0.1136     0.1252     0.0379     107606    74.7257     100.00     2.6285     2.2911         24  0.000e+00
      3.582   79.64994  125.92962      3.621    -1.5384    -1.5399  23.640690  23.640526    29.3781    29.3794    377.853    371.039     0.3213     4.5446     0.1136     0.1136     0.1252     0.0379     107607    74.7264     100.00     2.6285     2.2911         24  0.000e+00
      3.582   79.64994  125.92962      3.621    -1.5408    -1.5397  23.640633  23.640311    29.3805    29.3789    377.875    371.038     0.3213     4.5446     0.1136     0.1136     0.1252     0.0379     107608    74.7271     100.00     2.6285     2.2911         24  0.000e+00
      3.574   79.64994  125.92962      3.612    -1.5433    -1.5390  23.640863  23.640203    29.3832    29.3781    377.895    370.777     0.2908     4.5446     0.1136     0.1136     0.1252     0.0366     107609    74.7278     100.00     2.6285     2.2899         24  0.000e+00
