Continuous CTD Data/SBE Stage/nabos_32_02avg.cnv
* Sea-Bird SBE 9 Data File:
* FileName = D:\CTD\data\HLY2502\raw\NABOS_32_02.hex
* Software Version Seasave V 7.26.7.110
* Temperature SN = 6954
* Conductivity SN = 2561
* Number of Bytes Per Scan = 37
* Number of Voltage Words = 4
* Number of Scans Averaged by the Deck Unit = 1
* NMEA Latitude = 79 57.04 N
* NMEA Longitude = 142 16.33 E
* NMEA UTC (Time) = Sep 23 2025  10:03:54
* NMEA baud rate = 9600
** Ship: USCG HEALY
** Bot. Depth:  1374
** Cast Number:  02
** Station Name:  NABOS
** Station Number:  32
** Operator:  STARC
# nquan = 25
# nvalues = 1384                        
# units = specified
# name 0 = depSM: Depth [salt water, m]
# name 1 = latitude: Latitude [deg]
# name 2 = longitude: Longitude [deg]
# name 3 = prDM: Pressure, Digiquartz [db]
# name 4 = t090C: Temperature [ITS-90, deg C]
# name 5 = t190C: Temperature, 2 [ITS-90, deg C]
# name 6 = c0mS/cm: Conductivity [mS/cm]
# name 7 = c1mS/cm: Conductivity, 2 [mS/cm]
# name 8 = sal00: Salinity, Practical [PSU]
# name 9 = sal11: Salinity, Practical, 2 [PSU]
# name 10 = sbox0Mm/Kg: Oxygen, SBE 43 [umol/kg]
# name 11 = sbox1Mm/Kg: Oxygen, SBE 43, 2 [umol/kg]
# name 12 = flECO-AFL: Fluorescence, WET Labs ECO-AFL/FL [mg/m^3]
# name 13 = v2: Voltage 2
# name 14 = wetCDOM: Fluorescence, WET Labs CDOM [mg/m^3]
# name 15 = v6: Voltage 6
# name 16 = CStarAt0: Beam Attenuation, WET Labs C-Star [1/m]
# name 17 = v3: Voltage 3
# name 18 = scan: Scan Count
# name 19 = timeM: Time, Elapsed [minutes]
# name 20 = altM: Altimeter [m]
# name 21 = sbeox0V: Oxygen raw, SBE 43 [V]
# name 22 = sbeox1V: Oxygen raw, SBE 43, 2 [V]
# name 23 = nbin: number of scans per bin
# name 24 = flag: flag
# span 0 =      3.956,   1367.771       
# span 1 =   79.95106,   79.95300       
# span 2 =  142.23999,  142.26974       
# span 3 =      4.000,   1387.000       
# span 4 =    -1.3262,     1.8456       
# span 5 =    -1.3279,     1.8446       
# span 6 =  23.835853,  30.624990       
# span 7 =  23.827760,  30.622418       
# span 8 =    29.3506,    34.9016       
# span 9 =    29.3463,    34.8992       
# span 10 =    287.872,    364.198      
# span 11 =    175.213,    351.551      
# span 12 =    -0.1795,     0.7036      
# span 13 =     4.4581,     4.6281      
# span 14 =     0.0662,     0.1247      
# span 15 =     0.0662,     0.1247      
# span 16 =     0.0523,     0.2020      
# span 17 =     0.0178,     0.0531      
# span 18 =       3152,      44265      
# span 19 =     2.1883,    30.7389      
# span 20 =       5.89,     108.87      
# span 21 =     1.9646,     2.5799      
# span 22 =     1.3640,     2.2516      
# span 23 =          1,         30      
# span 24 = 0.0000e+00, 0.0000e+00      
# interval = decibars: 1                
# start_time = Sep 23 2025 10:03:54 [NMEA time, header]
# bad_flag = -9.990e-29
*END*
[from data line 986]
    977.197   79.95208  142.25097    990.000    -0.1501    -0.1503  29.230997  29.229135    34.8370    34.8346    297.811    293.485    -0.1338     4.6249     0.0825     0.0825     0.0551     0.0196      30011    20.8400     100.00     2.1010     1.8582         22 0.0000e+00
    978.181   79.95208  142.25095    991.000    -0.1510    -0.1512  29.230660  29.228879    34.8369    34.8348    297.770    294.559    -0.1325     4.6248     0.0833     0.0833     0.0552     0.0197      30035    20.8566     100.00     2.1005     1.8629         15 0.0000e+00
    979.166   79.95208  142.25094    992.000    -0.1512    -0.1513  29.230978  29.229158    34.8370    34.8347    297.736    294.622    -0.1309     4.6242     0.0836     0.0836     0.0556     0.0197      30059    20.8737     100.00     2.1001     1.8630         16 0.0000e+00
    980.151   79.95208  142.25093    993.000    -0.1509    -0.1509  29.231713  29.230072    34.8371    34.8348    297.753    293.813    -0.1336     4.6252     0.0836     0.0836     0.0548     0.0196      30085    20.8917     100.00     2.1000     1.8591         21 0.0000e+00
    981.136   79.95208  142.25091    994.000    -0.1500    -0.1499  29.232971  29.231298    34.8371    34.8347    297.713    294.037    -0.1366     4.6252     0.0835     0.0835     0.0548     0.0195      30110    20.9093     100.00     2.0996     1.8600         17 0.0000e+00
    982.120   79.95208  142.25088    995.000    -0.1488    -0.1488  29.234519  29.232779    34.8373    34.8349    297.653    293.701    -0.1351     4.6256     0.0841     0.0841     0.0545     0.0196      30136    20.9270     100.00     2.0991     1.8583         20 0.0000e+00
    983.105   79.95208  142.25088    996.000    -0.1464    -0.1461  29.237394  29.235790    34.8377    34.8353    297.624    293.561    -0.1303     4.6253     0.0841     0.0841     0.0547     0.0198      30160    20.9440     100.00     2.0989     1.8576         15 0.0000e+00
    984.090   79.95208  142.25086    997.000    -0.1415    -0.1416  29.242471  29.240498    34.8383    34.8359    297.531    293.318    -0.1305     4.6251     0.0829     0.0829     0.0549     0.0198      30184    20.9607     100.00     2.0984     1.8565         15 0.0000e+00
    985.075   79.95208  142.25084    998.000    -0.1407    -0.1408  29.243808  29.242156    34.8387    34.8365    297.640    293.400    -0.1309     4.6250     0.0834     0.0834     0.0549     0.0197      30209    20.9779     100.00     2.0988     1.8568         16 0.0000e+00
    986.059   79.95208  142.25082    999.000    -0.1412    -0.1413  29.243915  29.242105    34.8388    34.8365    297.743    293.445    -0.1364     4.6244     0.0845     0.0845     0.0554     0.0195      30235    20.9955     100.00     2.0991     1.8568         15 0.0000e+00
    987.044   79.95208  142.25082   1000.000    -0.1417    -0.1417  29.244088  29.242372    34.8389    34.8367    297.729    293.787    -0.1599     4.6242     0.0835     0.0835     0.0557     0.0186      30261    21.0136     100.00     2.0988     1.8581         14 0.0000e+00
    988.029   79.95208  142.25080   1001.000    -0.1417    -0.1418  29.244536  29.242763    34.8390    34.8367    297.679    293.710    -0.1450     4.6241     0.0825     0.0825     0.0558     0.0192      30287    21.0319     100.00     2.0983     1.8576         15 0.0000e+00
    989.013   79.95208  142.25078   1002.000    -0.1434    -0.1435  29.243404  29.241702    34.8389    34.8367    297.676    293.353    -0.1621     4.6240     0.0837     0.0837     0.0558     0.0185      30313    21.0498     100.00     2.0980     1.8557         15 0.0000e+00
    989.998   79.95208  142.25078   1003.000    -0.1430    -0.1435  29.244320  29.242136    34.8390    34.8367    297.679    293.137    -0.1549     4.6241     0.0836     0.0836     0.0558     0.0188      30338    21.0672     100.00     2.0979     1.8546         15 0.0000e+00
    990.983   79.95208  142.25076   1004.000    -0.1421    -0.1423  29.245424  29.243579    34.8388    34.8367    297.714    293.515    -0.1454     4.6242     0.0835     0.0835     0.0557     0.0192      30363    21.0846     100.00     2.0979     1.8562         14 0.0000e+00
    991.967   79.95208  142.25073   1005.000    -0.1443    -0.1442  29.243854  29.242226    34.8387    34.8364    297.617    293.927    -0.1734     4.6249     0.0836     0.0836     0.0551     0.0181      30388    21.1024     100.00     2.0970     1.8578         14 0.0000e+00
    992.952   79.95208  142.25072   1006.000    -0.1473    -0.1464  29.241723  29.240773    34.8387    34.8365    297.588    293.618    -0.1667     4.6239     0.0836     0.0836     0.0559     0.0183      30415    21.1209     100.00     2.0965     1.8561         15 0.0000e+00
    993.937   79.95208  142.25071   1007.000    -0.1577    -0.1577  29.232500  29.230772    34.8377    34.8354    297.615    292.823    -0.1441     4.6245     0.0834     0.0834     0.0554     0.0192      30442    21.1392     100.00     2.0960     1.8519         16 0.0000e+00
    994.921   79.95208  142.25069   1008.000    -0.1701    -0.1705  29.222057  29.220090    34.8374    34.8352    297.655    293.660    -0.1347     4.6248     0.0836     0.0836     0.0552     0.0196      30467    21.1569     100.00     2.0954     1.8550         15 0.0000e+00
    995.906   79.95208  142.25068   1009.000    -0.1734    -0.1734  29.219717  29.218034    34.8374    34.8352    297.708    293.892    -0.1729     4.6244     0.0833     0.0833     0.0555     0.0181      30492    21.1742     100.00     2.0953     1.8558         15 0.0000e+00
    996.891   79.95208  142.25067   1010.000    -0.1744    -0.1742  29.219127  29.217585    34.8372    34.8349    297.637    293.620    -0.1718     4.6247     0.0834     0.0834     0.0552     0.0181      30516    21.1909     100.00     2.0947     1.8543         13 0.0000e+00
    997.875   79.95208  142.25065   1011.000    -0.1751    -0.1752  29.218869  29.217012    34.8371    34.8348    297.539    293.798    -0.1728     4.6242     0.0832     0.0832     0.0556     0.0181      30542    21.2087     100.00     2.0939     1.8549         16 0.0000e+00
    998.860   79.95208  142.25064   1012.000    -0.1771    -0.1772  29.217390  29.215592    34.8368    34.8346    297.572    293.571    -0.1675     4.6250     0.0829     0.0829     0.0550     0.0183      30568    21.2269     100.00     2.0938     1.8536         14 0.0000e+00
    999.844   79.95208  142.25062   1013.000    -0.1807    -0.1806  29.214649  29.213172    34.8367    34.8346    297.675    292.801    -0.1457     4.6248     0.0839     0.0839     0.0551     0.0192      30595    21.2457     100.00     2.0939     1.8498         14 0.0000e+00
   1000.829   79.95208  142.25060   1014.000    -0.1805    -0.1805  29.215304  29.213556    34.8368    34.8345    297.731    293.526    -0.1318     4.6252     0.0857     0.0857     0.0548     0.0197      30621    21.2636     100.00     2.0940     1.8529         14 0.0000e+00
   1001.814   79.95208  142.25058   1015.000    -0.1805    -0.1806  29.215622  29.213859    34.8366    34.8343    297.818    294.093    -0.1305     4.6257     0.0847     0.0847     0.0544     0.0198      30646    21.2811     100.00     2.0943     1.8553         15 0.0000e+00
   1002.798   79.95208  142.25058   1016.000    -0.1809    -0.1810  29.215825  29.214017    34.8368    34.8344    297.899    293.743    -0.1312     4.6252     0.0825     0.0825     0.0548     0.0197      30671    21.2984     100.00     2.0945     1.8535         17 0.0000e+00
   1003.783   79.95208  142.25056   1017.000    -0.1821    -0.1821  29.215262  29.213584    34.8367    34.8345    297.868    293.765    -0.1385     4.6251     0.0835     0.0835     0.0549     0.0194      30696    21.3161     100.00     2.0940     1.8534         16 0.0000e+00
   1004.768   79.95208  142.25054   1018.000    -0.1828    -0.1829  29.215195  29.213401    34.8369    34.8346    297.764    293.677    -0.1585     4.6249     0.0847     0.0847     0.0551     0.0186      30723    21.3344     100.00     2.0932     1.8528         12 0.0000e+00
   1005.752   79.95208  142.25053   1019.000    -0.1830    -0.1831  29.215349  29.213521    34.8368    34.8345    297.804    293.678    -0.1331     4.6244     0.0845     0.0845     0.0555     0.0197      30750    21.3533     100.00     2.0932     1.8526         15 0.0000e+00
   1006.737   79.95208  142.25051   1020.000    -0.1840    -0.1839  29.214957  29.213237    34.8368    34.8345    297.836    293.419    -0.1607     4.6246     0.0830     0.0830     0.0553     0.0186      30776    21.3714     100.00     2.0931     1.8512         16 0.0000e+00
   1007.722   79.95208  142.25050   1021.000    -0.1848    -0.1849  29.214609  29.212891    34.8367    34.8346    297.822    294.220    -0.1695     4.6233     0.0826     0.0826     0.0565     0.0182      30801    21.3890     100.00     2.0928     1.8547         15 0.0000e+00
   1008.706   79.95208  142.25049   1022.000    -0.1860    -0.1863  29.213968  29.212139    34.8367    34.8345    297.796    294.027    -0.1359     4.6248     0.0833     0.0833     0.0551     0.0195      30826    21.4062     100.00     2.0924     1.8535         17 0.0000e+00
   1009.691   79.95208  142.25047   1023.000    -0.1877    -0.1879  29.213107  29.211333    34.8368    34.8346    297.582    293.606    -0.1348     4.6253     0.0844     0.0844     0.0547     0.0196      30851    21.4238     100.00     2.0910     1.8514         18 0.0000e+00
   1010.675   79.95208  142.25046   1024.000    -0.1878    -0.1881  29.213559  29.211515    34.8369    34.8345    297.491    293.884    -0.1348     4.6248     0.0835     0.0835     0.0551     0.0196      30877    21.4419     100.00     2.0903     1.8525         17 0.0000e+00
   1011.660   79.95208  142.25045   1025.000    -0.1883    -0.1884  29.213645  29.211756    34.8370    34.8346    297.538    294.267    -0.1616     4.6249     0.0825     0.0825     0.0551     0.0185      30903    21.4599     100.00     2.0903     1.8540         19 0.0000e+00
   1012.644   79.95208  142.25042   1026.000    -0.1896    -0.1896  29.213093  29.211290    34.8372    34.8348    297.645    293.776    -0.1314     4.6253     0.0828     0.0828     0.0547     0.0197      30929    21.4774     100.00     2.0906     1.8516         12 0.0000e+00
   1013.629   79.95208  142.25042   1027.000    -0.1895    -0.1896  29.213371  29.211621    34.8370    34.8347    297.683    293.431    -0.1365     4.6252     0.0830     0.0830     0.0548     0.0195      30954    21.4951     100.00     2.0906     1.8498         14 0.0000e+00
   1014.613   79.95208  142.25041   1028.000    -0.1897    -0.1897  29.213799  29.211976    34.8371    34.8347    297.709    294.152    -0.1546     4.6245     0.0837     0.0837     0.0554     0.0188      30979    21.5126     100.00     2.0905     1.8529         13 0.0000e+00
   1015.598   79.95208  142.25038   1029.000    -0.1917    -0.1925  29.212606  29.210122    34.8372    34.8348    297.748    294.008    -0.1663     4.6242     0.0835     0.0835     0.0557     0.0183      31005    21.5307     100.00     2.0904     1.8520         12 0.0000e+00
   1016.583   79.95208  142.25038   1030.000    -0.1947    -0.1950  29.210285  29.208337    34.8370    34.8348    297.903    294.178    -0.1739     4.6255     0.0839     0.0839     0.0546     0.0180      31031    21.5489     100.00     2.0909     1.8525         14 0.0000e+00
   1017.567   79.95208  142.25036   1031.000    -0.1952    -0.1952  29.210270  29.208665    34.8369    34.8348    297.914    294.625    -0.1408     4.6251     0.0845     0.0845     0.0549     0.0193      31058    21.5670     100.00     2.0907     1.8543         13 0.0000e+00
   1018.552   79.95208  142.25034   1032.000    -0.1957    -0.1960  29.210193  29.208291    34.8369    34.8346    298.018    293.831    -0.1564     4.6250     0.0846     0.0846     0.0550     0.0187      31083    21.5848     100.00     2.0910     1.8505         12 0.0000e+00
   1019.536   79.95208  142.25033   1033.000    -0.2012    -0.2026  29.205420  29.202649    34.8361    34.8340    298.087    294.198    -0.1480     4.6229     0.0827     0.0827     0.0568     0.0191      31109    21.6026     100.00     2.0909     1.8517         16 0.0000e+00
   1020.521   79.95208  142.25031   1034.000    -0.2142    -0.2144  29.194757  29.192864    34.8362    34.8339    298.130    294.092    -0.1507     4.6238     0.0824     0.0824     0.0560     0.0190      31134    21.6203     100.00     2.0903     1.8506         15 0.0000e+00
   1021.505   79.95208  142.25030   1035.000    -0.2177    -0.2178  29.192044  29.190245    34.8360    34.8337    298.130    294.717    -0.1518     4.6247     0.0848     0.0848     0.0552     0.0189      31160    21.6385     100.00     2.0900     1.8531         14 0.0000e+00
   1022.490   79.95208  142.25029   1036.000    -0.2201    -0.2201  29.190454  29.188645    34.8360    34.8336    298.284    294.430    -0.1440     4.6249     0.0836     0.0836     0.0551     0.0192      31187    21.6572     100.00     2.0905     1.8516         13 0.0000e+00
   1023.474   79.95208  142.25027   1037.000    -0.2208    -0.2210  29.190100  29.188319    34.8358    34.8336    298.290    293.368    -0.1348     4.6257     0.0836     0.0836     0.0544     0.0196      31214    21.6755     100.00     2.0902     1.8466         14 0.0000e+00
   1024.459   79.95208  142.25026   1038.000    -0.2215    -0.2216  29.189926  29.188179    34.8357    34.8336    298.278    293.907    -0.1662     4.6254     0.0844     0.0844     0.0546     0.0183      31239    21.6929     100.00     2.0900     1.8488         13 0.0000e+00
   1025.443   79.95208  142.25025   1039.000    -0.2236    -0.2239  29.188558  29.186596    34.8358    34.8335    298.337    294.616    -0.1455     4.6252     0.0846     0.0846     0.0548     0.0192      31263    21.7100     100.00     2.0900     1.8518         15 0.0000e+00
   1026.428   79.95208  142.25023   1040.000    -0.2263    -0.2263  29.187127  29.185292    34.8363    34.8339    298.240    294.336    -0.1577     4.6256     0.0832     0.0832     0.0544     0.0187      31288    21.7273     100.00     2.0891     1.8502         13 0.0000e+00
   1027.412   79.95208  142.25022   1041.000    -0.2267    -0.2267  29.187096  29.185278    34.8361    34.8338    298.046    294.494    -0.1553     4.6259     0.0837     0.0837     0.0542     0.0188      31315    21.7460     100.00     2.0878     1.8507         18 0.0000e+00
   1028.397   79.95208  142.25020   1042.000    -0.2269    -0.2271  29.187239  29.185501    34.8361    34.8339    297.953    293.640    -0.1464     4.6253     0.0841     0.0841     0.0547     0.0191      31342    21.7648     100.00     2.0871     1.8467         16 0.0000e+00
   1029.381   79.95208  142.25018   1043.000    -0.2271    -0.2272  29.187533  29.185814    34.8361    34.8339    297.975    293.652    -0.1355     4.6252     0.0840     0.0840     0.0548     0.0195      31369    21.7833     100.00     2.0870     1.8465         21 0.0000e+00
   1030.366   79.95208  142.25016   1044.000    -0.2274    -0.2276  29.187680  29.185921    34.8360    34.8339    298.045    295.190    -0.1349     4.6253     0.0835     0.0835     0.0547     0.0196      31394    21.8004     100.00     2.0871     1.8533         18 0.0000e+00
   1031.350   79.95208  142.25016   1045.000    -0.2276    -0.2276  29.188080  29.186353    34.8362    34.8338    298.033    294.287    -0.1323     4.6260     0.0844     0.0844     0.0541     0.0197      31418    21.8172     100.00     2.0868     1.8491         14 0.0000e+00
   1032.335   79.95208  142.25013   1046.000    -0.2276    -0.2277  29.188476  29.186684    34.8362    34.8338    298.089    294.607    -0.1299     4.6246     0.0832     0.0832     0.0553     0.0198      31443    21.8345     100.00     2.0869     1.8503         18 0.0000e+00
