Continuous CTD Data/SBE Stage/nabos_27_01.ros
* Sea-Bird SBE 9 Data File:
* FileName = D:\CTD\data\HLY2502\raw\NABOS_27_01.hex
* Software Version Seasave V 7.26.7.110
* Temperature SN = 6954
* Conductivity SN = 2561
* Number of Bytes Per Scan = 37
* Number of Voltage Words = 4
* Number of Scans Averaged by the Deck Unit = 1
* NMEA Latitude = 80 38.83 N
* NMEA Longitude = 157 43.38 E
* NMEA UTC (Time) = Sep 21 2025  11:57:16
* NMEA baud rate = 9600
** Ship: USCG HEALY
** Bot. Depth:  2663
** Cast Number:  01
** Station Name:  NABOS
** Station Number:  27
** Operator:  STARC
# nquan = 25
# nvalues = 980                                   
# units = specified
# name 0 = depSM: Depth [salt water, m]
# name 1 = latitude: Latitude [deg]
# name 2 = longitude: Longitude [deg]
# name 3 = prDM: Pressure, Digiquartz [db]
# name 4 = t090C: Temperature [ITS-90, deg C]
# name 5 = t190C: Temperature, 2 [ITS-90, deg C]
# name 6 = c0mS/cm: Conductivity [mS/cm]
# name 7 = c1mS/cm: Conductivity, 2 [mS/cm]
# name 8 = sal00: Salinity, Practical [PSU]
# name 9 = sal11: Salinity, Practical, 2 [PSU]
# name 10 = sbox0Mm/Kg: Oxygen, SBE 43 [umol/kg]
# name 11 = sbox1Mm/Kg: Oxygen, SBE 43, 2 [umol/kg]
# name 12 = flECO-AFL: Fluorescence, WET Labs ECO-AFL/FL [mg/m^3]
# name 13 = v2: Voltage 2
# name 14 = wetCDOM: Fluorescence, WET Labs CDOM [mg/m^3]
# name 15 = v6: Voltage 6
# name 16 = CStarAt0: Beam Attenuation, WET Labs C-Star [1/m]
# name 17 = v3: Voltage 3
# name 18 = scan: Scan Count
# name 19 = timeM: Time, Elapsed [minutes]
# name 20 = altM: Altimeter [m]
# name 21 = sbeox0V: Oxygen raw, SBE 43 [V]
# name 22 = sbeox1V: Oxygen raw, SBE 43, 2 [V]
# name 23 = nbf: Bottles Fired
# name 24 = flag:  0.000e+00
# interval = seconds: 0.0416667
# start_time = Sep 21 2025 11:57:16 [NMEA time, header]
# bad_flag = -9.990e-29
*END*
[from data line 232]
    300.138   80.65166  157.70988    303.577     0.7406     0.7404  29.659424  29.657660    34.7961    34.7940    298.873    291.155    -0.1366     4.6288     0.0806     0.0806     0.0517     0.0195      78987    54.8514     100.00     2.3054     2.0110          5  0.000e+00
    300.196   80.65166  157.70988    303.635     0.7408     0.7404  29.659860  29.657719    34.7964    34.7940    298.671    290.918    -0.1366     4.6288     0.0818     0.0818     0.0517     0.0195      78988    54.8521     100.00     2.3042     2.0098          5  0.000e+00
    300.138   80.65166  157.70988    303.577     0.7405     0.7404  29.659673  29.657485    34.7966    34.7937    298.672    290.917    -0.1061     4.6288     0.0818     0.0818     0.0517     0.0208      78989    54.8528     100.00     2.3042     2.0098          5  0.000e+00
    300.163   80.65166  157.70988    303.602     0.7406     0.7403  29.659549  29.657836    34.7962    34.7943    298.874    291.156    -0.1061     4.6288     0.0806     0.0806     0.0517     0.0208      78990    54.8535     100.00     2.3054     2.0110          5  0.000e+00
    300.196   80.65166  157.70988    303.635     0.7406     0.7403  29.659549  29.657777    34.7962    34.7943    298.673    290.919    -0.1061     4.6288     0.0806     0.0806     0.0517     0.0208      78991    54.8542     100.00     2.3042     2.0098          5  0.000e+00
    300.138   80.65166  157.70988    303.577     0.7406     0.7403  29.659735  29.657894    34.7965    34.7944    298.670    290.916    -0.1366     4.6288     0.0806     0.0806     0.0517     0.0195      78992    54.8549     100.00     2.3042     2.0098          5  0.000e+00
    300.196   80.65166  157.70988    303.635     0.7405     0.7406  29.659424  29.657543    34.7962    34.7936    298.473    291.634    -0.1366     4.6288     0.0806     0.0806     0.0517     0.0195      78993    54.8556     100.00     2.3029     2.0135          5  0.000e+00
    300.163   80.65166  157.70988    303.602     0.7406     0.7404  29.659300  29.657602    34.7959    34.7939    298.874    292.349    -0.1366     4.6288     0.0806     0.0806     0.0517     0.0195      78994    54.8563     100.00     2.3054     2.0172          5  0.000e+00
    300.196   80.65166  157.70988    303.635     0.7405     0.7403  29.659486  29.657719    34.7963    34.7941    298.674    292.828    -0.1061     4.6288     0.0818     0.0818     0.0517     0.0208      78995    54.8569     100.00     2.3042     2.0196          5  0.000e+00
    300.138   80.65166  157.70988    303.577     0.7405     0.7404  29.659549  29.657485    34.7964    34.7937    298.874    292.826    -0.1366     4.6288     0.0818     0.0818     0.0517     0.0195      78996    54.8576     100.00     2.3054     2.0196          5  0.000e+00
    300.163   80.65166  157.70988    303.602     0.7406     0.7406  29.659549  29.657426    34.7962    34.7935    298.672    292.349    -0.1366     4.6288     0.0806     0.0806     0.0517     0.0195      78997    54.8583     100.00     2.3042     2.0172          5  0.000e+00
    300.196   80.65166  157.70988    303.635     0.7405     0.7406  29.659549  29.657602    34.7964    34.7937    298.674    292.111    -0.1061     4.6288     0.0806     0.0806     0.0517     0.0208      78998    54.8590     100.00     2.3042     2.0159          5  0.000e+00
    300.138   80.65166  157.70988    303.577     0.7406     0.7404  29.659548  29.657309    34.7962    34.7935    298.671    291.394    -0.1366     4.6288     0.0806     0.0806     0.0517     0.0195      78999    54.8597     100.00     2.3042     2.0123          5  0.000e+00
    250.087   80.65192  157.70940    252.921     0.9447     0.9446  29.808197  29.805954    34.7902    34.7875    298.080    290.540    -0.1671     4.6288     0.0806     0.0806     0.0517     0.0183      83494    57.9813     100.00     2.3232     2.0265          6  0.000e+00
    250.202   80.65192  157.70940    253.037     0.9447     0.9446  29.808260  29.806364    34.7902    34.7880    298.084    289.837    -0.1671     4.6288     0.0806     0.0806     0.0517     0.0183      83495    57.9819     100.00     2.3232     2.0229          6  0.000e+00
    250.087   80.65192  157.70940    252.921     0.9446     0.9445  29.808197  29.806657    34.7904    34.7886    297.882    290.067    -0.1671     4.6288     0.0806     0.0806     0.0517     0.0183      83496    57.9826     100.00     2.3220     2.0241          6  0.000e+00
    250.202   80.65192  157.70940    253.037     0.9447     0.9444  29.808010  29.806482    34.7900    34.7883    298.086    290.780    -0.1671     4.6288     0.0794     0.0794     0.0517     0.0183      83497    57.9833     100.00     2.3232     2.0277          6  0.000e+00
    250.144   80.65192  157.70940    252.979     0.9443     0.9446  29.808135  29.806071    34.7906    34.7876    298.085    291.249    -0.1671     4.6288     0.0794     0.0794     0.0517     0.0183      83498    57.9840     100.00     2.3232     2.0302          6  0.000e+00
    250.202   80.65192  157.70940    253.037     0.9447     0.9446  29.808197  29.806306    34.7901    34.7879    297.885    291.486    -0.1976     4.6288     0.0806     0.0806     0.0517     0.0171      83499    57.9847     100.00     2.3220     2.0314          6  0.000e+00
    250.144   80.65192  157.70940    252.979     0.9446     0.9445  29.808259  29.806188    34.7904    34.7879    298.083    290.778    -0.1671     4.6300     0.0806     0.0806     0.0506     0.0183      83500    57.9854     100.00     2.3232     2.0277          6  0.000e+00
    250.144   80.65192  157.70940    252.979     0.9446     0.9444  29.808197  29.806423    34.7904    34.7883    298.083    289.599    -0.1671     4.6300     0.0806     0.0806     0.0506     0.0183      83501    57.9861     100.00     2.3232     2.0216          6  0.000e+00
    250.144   80.65192  157.70940    252.979     0.9449     0.9446  29.808010  29.806188    34.7898    34.7878    297.883    290.542    -0.1671     4.6288     0.0806     0.0806     0.0517     0.0183      83502    57.9868     100.00     2.3220     2.0265          6  0.000e+00
    250.202   80.65192  157.70940    253.037     0.9447     0.9444  29.808135  29.806189    34.7901    34.7879    298.085    292.430    -0.1976     4.6288     0.0806     0.0806     0.0517     0.0171      83503    57.9875     100.00     2.3232     2.0363          6  0.000e+00
    250.144   80.65192  157.70940    252.979     0.9446     0.9443  29.808384  29.806364    34.7906    34.7883    298.083    293.135    -0.1671     4.6288     0.0794     0.0794     0.0517     0.0183      83504    57.9882     100.00     2.3232     2.0400          6  0.000e+00
    250.144   80.65192  157.70940    252.979     0.9446     0.9446  29.808322  29.806188    34.7905    34.7878    298.083    291.720    -0.1671     4.6288     0.0806     0.0806     0.0517     0.0183      83505    57.9889     100.00     2.3232     2.0326          6  0.000e+00
    250.202   80.65192  157.70940    253.037     0.9447     0.9442  29.808010  29.805954    34.7900    34.7878    297.886    289.840    -0.1366     4.6288     0.0794     0.0794     0.0517     0.0195      83506    57.9896     100.00     2.3220     2.0229          6  0.000e+00
    250.144   80.65192  157.70940    252.979     0.9446     0.9444  29.807948  29.806481    34.7900    34.7884    298.084    288.892    -0.1671     4.6288     0.0794     0.0794     0.0517     0.0183      83507    57.9903     100.00     2.3232     2.0180          6  0.000e+00
    250.202   80.65192  157.70940    253.037     0.9446     0.9445  29.807948  29.806482    34.7900    34.7883    298.086    288.658    -0.1671     4.6300     0.0806     0.0806     0.0506     0.0183      83508    57.9910     100.00     2.3232     2.0167          6  0.000e+00
    250.144   80.65192  157.70940    252.979     0.9446     0.9444  29.807699  29.806247    34.7897    34.7881    298.085    289.364    -0.1671     4.6288     0.0806     0.0806     0.0517     0.0183      83509    57.9917     100.00     2.3232     2.0204          6  0.000e+00
    250.144   80.65192  157.70940    252.979     0.9445     0.9444  29.807885  29.806364    34.7900    34.7882    298.084    289.835    -0.1671     4.6288     0.0794     0.0794     0.0517     0.0183      83510    57.9924     100.00     2.3232     2.0229          6  0.000e+00
    250.202   80.65192  157.70940    253.037     0.9446     0.9447  29.807948  29.806482    34.7900    34.7879    297.887    290.306    -0.1671     4.6288     0.0794     0.0794     0.0517     0.0183      83511    57.9931     100.00     2.3220     2.0253          6  0.000e+00
    250.144   80.65192  157.70940    252.979     0.9446     0.9445  29.807948  29.806012    34.7900    34.7877    297.885    291.014    -0.1671     4.6288     0.0794     0.0794     0.0517     0.0183      83512    57.9937     100.00     2.3220     2.0290          6  0.000e+00
    250.144   80.65192  157.70940    252.979     0.9444     0.9442  29.807948  29.805837    34.7902    34.7877    297.886    291.487    -0.1671     4.6300     0.0806     0.0806     0.0506     0.0183      83513    57.9944     100.00     2.3220     2.0314          6  0.000e+00
    250.144   80.65192  157.70940    252.979     0.9447     0.9442  29.807948  29.806130    34.7899    34.7881    297.884    291.251    -0.1671     4.6300     0.0794     0.0794     0.0506     0.0183      83514    57.9951     100.00     2.3220     2.0302          6  0.000e+00
    250.144   80.65192  157.70940    252.979     0.9445     0.9442  29.807948  29.806130    34.7901    34.7881    297.885    291.486    -0.1976     4.6300     0.0806     0.0806     0.0506     0.0171      83515    57.9958     100.00     2.3220     2.0314          6  0.000e+00
    250.202   80.65192  157.70940    253.037     0.9446     0.9442  29.807948  29.806306    34.7900    34.7884    298.086    292.667    -0.1671     4.6300     0.0818     0.0818     0.0506     0.0183      83516    57.9965     100.00     2.3232     2.0375          6  0.000e+00
    250.144   80.65192  157.70940    252.979     0.9446     0.9444  29.807761  29.806247    34.7898    34.7881    297.885    294.313    -0.1671     4.6288     0.0818     0.0818     0.0517     0.0183      83517    57.9972     100.00     2.3220     2.0461          6  0.000e+00
    250.144   80.65192  157.70940    252.979     0.9443     0.9442  29.808072  29.806130    34.7906    34.7881    298.085    295.257    -0.1671     4.6300     0.0830     0.0830     0.0506     0.0183      83518    57.9979     100.00     2.3232     2.0510          6  0.000e+00
    250.202   80.65192  157.70940    253.037     0.9444     0.9442  29.808010  29.805895    34.7903    34.7878    297.888    295.024    -0.1976     4.6300     0.0830     0.0830     0.0506     0.0171      83519    57.9986     100.00     2.3220     2.0498          6  0.000e+00
    250.144   80.65192  157.70940    252.979     0.9444     0.9442  29.807761  29.805895    34.7900    34.7878    297.886    294.551    -0.1976     4.6300     0.0818     0.0818     0.0506     0.0171      83520    57.9993     100.00     2.3220     2.0473          6  0.000e+00
    250.202   80.65192  157.70940    253.037     0.9444     0.9442  29.807886  29.806071    34.7901    34.7881    298.087    293.610    -0.1366     4.6300     0.0818     0.0818     0.0506     0.0195      83521    58.0000     100.00     2.3232     2.0424          6  0.000e+00
    250.144   80.65192  157.70940    252.979     0.9444     0.9441  29.807761  29.805954    34.7900    34.7880    297.886    292.901    -0.1061     4.6300     0.0830     0.0830     0.0506     0.0208      83522    58.0007     100.00     2.3220     2.0388          6  0.000e+00
    250.144   80.65192  157.70940    252.979     0.9444     0.9441  29.807636  29.805661    34.7899    34.7876    297.887    291.488    -0.1366     4.6300     0.0818     0.0818     0.0506     0.0195      83523    58.0014     100.00     2.3220     2.0314          6  0.000e+00
    250.144   80.65192  157.70940    252.979     0.9444     0.9439  29.807823  29.805602    34.7901    34.7877    297.886    289.604    -0.1061     4.6300     0.0830     0.0830     0.0506     0.0208      83524    58.0021     100.00     2.3220     2.0216          6  0.000e+00
    250.202   80.65192  157.70938    253.037     0.9444     0.9440  29.807948  29.805837    34.7902    34.7879    297.888    288.191    -0.1366     4.6288     0.0830     0.0830     0.0517     0.0195      83525    58.0028     100.00     2.3220     2.0143          6  0.000e+00
    250.144   80.65192  157.70938    252.979     0.9444     0.9441  29.807699  29.806071    34.7899    34.7881    297.886    288.187    -0.1366     4.6300     0.0830     0.0830     0.0506     0.0195      83526    58.0035     100.00     2.3220     2.0143          6  0.000e+00
    250.144   80.65192  157.70938    252.979     0.9444     0.9439  29.807699  29.805895    34.7900    34.7881    297.886    288.896    -0.1366     4.6288     0.0818     0.0818     0.0517     0.0195      83527    58.0042     100.00     2.3220     2.0180          6  0.000e+00
    250.202   80.65192  157.70938    253.037     0.9443     0.9441  29.807636  29.805895    34.7900    34.7879    297.889    289.840    -0.1366     4.6300     0.0830     0.0830     0.0506     0.0195      83528    58.0049     100.00     2.3220     2.0229          6  0.000e+00
    250.144   80.65192  157.70938    252.979     0.9444     0.9440  29.807636  29.806306    34.7898    34.7886    297.886    290.544    -0.1061     4.6288     0.0818     0.0818     0.0517     0.0208      83529    58.0056     100.00     2.3220     2.0265          6  0.000e+00
    250.144   80.65192  157.70938    252.979     0.9443     0.9442  29.807699  29.805837    34.7901    34.7877    297.887    291.016    -0.1366     4.6300     0.0818     0.0818     0.0506     0.0195      83530    58.0063     100.00     2.3220     2.0290          6  0.000e+00
    250.144   80.65192  157.70938    252.979     0.9444     0.9441  29.807886  29.805778    34.7901    34.7878    297.885    291.488    -0.1061     4.6300     0.0830     0.0830     0.0506     0.0208      83531    58.0069     100.00     2.3220     2.0314          6  0.000e+00
    250.202   80.65192  157.70938    253.037     0.9444     0.9439  29.807699  29.805837    34.7899    34.7880    297.889    291.727    -0.1366     4.6288     0.0830     0.0830     0.0517     0.0195      83532    58.0076     100.00     2.3220     2.0326          6  0.000e+00
    250.202   80.65192  157.70938    253.037     0.9444     0.9442  29.807699  29.805895    34.7899    34.7878    297.888    291.725    -0.1366     4.6288     0.0830     0.0830     0.0517     0.0195      83533    58.0083     100.00     2.3220     2.0326          6  0.000e+00
    250.087   80.65192  157.70938    252.921     0.9443     0.9441  29.807636  29.805837    34.7900    34.7879    297.885    291.485    -0.1366     4.6300     0.0830     0.0830     0.0506     0.0195      83534    58.0090     100.00     2.3220     2.0314          6  0.000e+00
    250.202   80.65192  157.70938    253.037     0.9446     0.9441  29.807886  29.806013    34.7899    34.7880    297.887    291.254    -0.1366     4.6300     0.0830     0.0830     0.0506     0.0195      83535    58.0097     100.00     2.3220     2.0302          6  0.000e+00
    250.202   80.65192  157.70938    253.037     0.9442     0.9442  29.807699  29.805954    34.7901    34.7878    298.089    291.017    -0.1366     4.6300     0.0830     0.0830     0.0506     0.0195      83536    58.0104     100.00     2.3232     2.0290          6  0.000e+00
    250.144   80.65192  157.70938    252.979     0.9446     0.9443  29.807823  29.806071    34.7899    34.7879    297.884    290.778    -0.1366     4.6300     0.0818     0.0818     0.0506     0.0195      83537    58.0111     100.00     2.3220     2.0277          6  0.000e+00
