Continuous CTD Data/SBE Stage/nabos_17_01.ros
* Sea-Bird SBE 9 Data File:
* FileName = D:\CTD\data\HLY2502\raw\NABOS_17_01.hex
* Software Version Seasave V 7.26.7.110
* Temperature SN = 6954
* Conductivity SN = 2561
* Number of Bytes Per Scan = 37
* Number of Voltage Words = 4
* Number of Scans Averaged by the Deck Unit = 1
* NMEA Latitude = 77 28.99 N
* NMEA Longitude = 178 18.03 E
* NMEA UTC (Time) = Sep 17 2025  11:26:45
* NMEA baud rate = 9600
** Ship: USCG HEALY
** Bot. Depth:  1260
** Cast Number:  01
** Station Name:  NABOS
** Station Number:  17
** Operator:  STARC
# nquan = 25
# nvalues = 1078                                  
# units = specified
# name 0 = depSM: Depth [salt water, m]
# name 1 = latitude: Latitude [deg]
# name 2 = longitude: Longitude [deg]
# name 3 = prDM: Pressure, Digiquartz [db]
# name 4 = t090C: Temperature [ITS-90, deg C]
# name 5 = t190C: Temperature, 2 [ITS-90, deg C]
# name 6 = c0mS/cm: Conductivity [mS/cm]
# name 7 = c1mS/cm: Conductivity, 2 [mS/cm]
# name 8 = sal00: Salinity, Practical [PSU]
# name 9 = sal11: Salinity, Practical, 2 [PSU]
# name 10 = sbox0Mm/Kg: Oxygen, SBE 43 [umol/kg]
# name 11 = sbox1Mm/Kg: Oxygen, SBE 43, 2 [umol/kg]
# name 12 = flECO-AFL: Fluorescence, WET Labs ECO-AFL/FL [mg/m^3]
# name 13 = v2: Voltage 2
# name 14 = wetCDOM: Fluorescence, WET Labs CDOM [mg/m^3]
# name 15 = v6: Voltage 6
# name 16 = CStarAt0: Beam Attenuation, WET Labs C-Star [1/m]
# name 17 = v3: Voltage 3
# name 18 = scan: Scan Count
# name 19 = timeM: Time, Elapsed [minutes]
# name 20 = altM: Altimeter [m]
# name 21 = sbeox0V: Oxygen raw, SBE 43 [V]
# name 22 = sbeox1V: Oxygen raw, SBE 43, 2 [V]
# name 23 = nbf: Bottles Fired
# name 24 = flag:  0.000e+00
# interval = seconds: 0.0416667
# start_time = Sep 17 2025 11:26:45 [NMEA time, header]
# bad_flag = -9.990e-29
*END*
[from data line 812]
     30.268   77.49238  178.31332     30.591    -1.6320    -1.6307  25.189879  25.187624    31.5794    31.5749    364.683    355.704     0.1381     4.6422     0.1184     0.1184     0.0401     0.0305     106112    73.6882     100.00     2.5768     2.2366         17  0.000e+00
     30.292   77.49238  178.31332     30.616    -1.6320    -1.6307  25.190114  25.187734    31.5797    31.5751    364.684    356.210     0.1076     4.6435     0.1184     0.1184     0.0390     0.0293     106113    73.6889     100.00     2.5768     2.2391         17  0.000e+00
     30.268   77.49238  178.31332     30.591    -1.6321    -1.6307  25.189703  25.187348    31.5793    31.5746    364.899    356.463     0.1381     4.6435     0.1197     0.1197     0.0390     0.0305     106114    73.6896     100.00     2.5780     2.2403         17  0.000e+00
     30.268   77.49238  178.31332     30.591    -1.6318    -1.6307  25.190055  25.187238    31.5794    31.5744    364.681    356.211     0.1381     4.6422     0.1197     0.1197     0.0401     0.0305     106115    73.6903     100.00     2.5768     2.2391         17  0.000e+00
     30.325   77.49238  178.31332     30.649    -1.6320    -1.6308  25.189879  25.187404    31.5793    31.5747    364.686    355.455     0.1381     4.6422     0.1197     0.1197     0.0401     0.0305     106116    73.6910     100.00     2.5768     2.2354         17  0.000e+00
     30.268   77.49238  178.31332     30.591    -1.6320    -1.6307  25.189762  25.187293    31.5792    31.5745    364.684    354.946     0.1381     4.6422     0.1184     0.1184     0.0401     0.0305     106117    73.6917     100.00     2.5768     2.2330         17  0.000e+00
     30.268   77.49238  178.31332     30.591    -1.6321    -1.6307  25.189410  25.187403    31.5789    31.5746    364.900    354.187     0.1381     4.6422     0.1184     0.1184     0.0401     0.0305     106118    73.6924     100.00     2.5780     2.2293         17  0.000e+00
     30.268   77.49238  178.31332     30.591    -1.6320    -1.6304  25.189293  25.187073    31.5786    31.5739    364.685    352.922     0.1381     4.6422     0.1197     0.1197     0.0401     0.0305     106119    73.6931     100.00     2.5768     2.2232         17  0.000e+00
     30.268   77.49238  178.31332     30.591    -1.6320    -1.6306  25.189293  25.187183    31.5786    31.5742    364.685    351.659     0.1076     4.6422     0.1184     0.1184     0.0401     0.0293     106120    73.6937     100.00     2.5768     2.2171         17  0.000e+00
     30.325   77.49238  178.31332     30.649    -1.6318    -1.6307  25.189059  25.187238    31.5780    31.5744    364.688    351.156     0.1381     4.6422     0.1197     0.1197     0.0401     0.0305     106121    73.6944     100.00     2.5768     2.2146         17  0.000e+00
     30.268   77.49238  178.31332     30.591    -1.6320    -1.6306  25.189352  25.187018    31.5787    31.5740    364.685    351.659     0.1381     4.6435     0.1184     0.1184     0.0390     0.0305     106122    73.6951     100.00     2.5768     2.2171         17  0.000e+00
     30.268   77.49238  178.31332     30.591    -1.6320    -1.6306  25.189117  25.187183    31.5783    31.5743    364.686    352.165     0.1381     4.6435     0.1184     0.1184     0.0390     0.0305     106123    73.6958     100.00     2.5768     2.2195         17  0.000e+00
     30.268   77.49238  178.31332     30.591    -1.6317    -1.6307  25.189176  25.187238    31.5781    31.5744    364.684    352.671     0.1381     4.6435     0.1184     0.1184     0.0390     0.0305     106124    73.6965     100.00     2.5768     2.2220         17  0.000e+00
     30.268   77.49238  178.31332     30.591    -1.6317    -1.6307  25.189059  25.187238    31.5780    31.5744    364.684    352.671     0.1381     4.6435     0.1197     0.1197     0.0390     0.0305     106125    73.6972     100.00     2.5768     2.2220         17  0.000e+00
     30.227   77.49238  178.31332     30.549    -1.6313    -1.6307  25.188824  25.187018    31.5773    31.5741    364.466    353.175     0.1381     4.6422     0.1197     0.1197     0.0401     0.0305     106126    73.6979     100.00     2.5756     2.2244         17  0.000e+00
     30.391   77.49238  178.31332     30.715    -1.6312    -1.6304  25.188414  25.186577    31.5765    31.5731    364.689    353.435     0.1381     4.6422     0.1197     0.1197     0.0401     0.0305     106127    73.6986     100.00     2.5768     2.2256         17  0.000e+00
     30.268   77.49238  178.31332     30.591    -1.6306    -1.6306  25.188121  25.186687    31.5755    31.5735    364.679    353.936     0.1381     4.6422     0.1184     0.1184     0.0401     0.0305     106128    73.6993     100.00     2.5768     2.2281         17  0.000e+00
     30.268   77.49238  178.31332     30.591    -1.6306    -1.6301  25.187828  25.186742    31.5751    31.5731    364.466    354.438     0.1381     4.6435     0.1197     0.1197     0.0390     0.0305     106129    73.7000     100.00     2.5756     2.2305         17  0.000e+00
     30.268   77.49238  178.31332     30.591    -1.6304    -1.6308  25.187711  25.186742    31.5748    31.5738    364.679    354.696     0.1381     4.6435     0.1197     0.1197     0.0390     0.0305     106130    73.7007     100.00     2.5768     2.2317         17  0.000e+00
     30.325   77.49238  178.31332     30.649    -1.6305    -1.6304  25.187711  25.186908    31.5748    31.5736    364.469    354.695     0.1381     4.6435     0.1197     0.1197     0.0390     0.0305     106131    73.7014     100.00     2.5756     2.2317         17  0.000e+00
     30.202   77.49238  178.31332     30.525    -1.6301    -1.6306  25.187769  25.186962    31.5745    31.5739    364.673    354.690     0.1381     4.6435     0.1197     0.1197     0.0390     0.0305     106132    73.7021     100.00     2.5768     2.2317         17  0.000e+00
     20.176   77.49258  178.31380     20.391    -1.5339    -1.5339  23.791651  23.790178    29.5698    29.5678    371.469    361.077     0.2908     4.6166     0.1160     0.1160     0.0622     0.0366     108012    75.0076     100.00     2.5912     2.2426         18  0.000e+00
     20.053   77.49258  178.31380     20.267    -1.5339    -1.5339  23.791708  23.790664    29.5699    29.5685    371.678    361.581     0.2908     4.6166     0.1160     0.1160     0.0622     0.0366     108013    75.0083     100.00     2.5925     2.2450         18  0.000e+00
     20.135   77.49258  178.31380     20.350    -1.5340    -1.5339  23.791364  23.790718    29.5696    29.5686    371.685    361.840     0.2908     4.6166     0.1148     0.1148     0.0622     0.0366     108014    75.0090     100.00     2.5925     2.2462         18  0.000e+00
     20.176   77.49258  178.31380     20.391    -1.5338    -1.5336  23.791249  23.790827    29.5692    29.5684    371.470    362.095     0.2908     4.6166     0.1148     0.1148     0.0622     0.0366     108015    75.0097     100.00     2.5912     2.2474         18  0.000e+00
     20.119   77.49258  178.31380     20.333    -1.5340    -1.5339  23.791249  23.791042    29.5694    29.5690    371.469    362.350     0.2908     4.6166     0.1160     0.1160     0.0622     0.0366     108016    75.0104     100.00     2.5912     2.2487         18  0.000e+00
     20.176   77.49258  178.31380     20.391    -1.5337    -1.5339  23.790675  23.790935    29.5682    29.5688    371.470    362.609     0.2602     4.6166     0.1160     0.1160     0.0622     0.0354     108017    75.0111     100.00     2.5912     2.2499         18  0.000e+00
     20.135   77.49258  178.31380     20.350    -1.5339    -1.5339  23.790503  23.790718    29.5682    29.5686    371.687    362.607     0.2908     4.6166     0.1160     0.1160     0.0622     0.0366     108018    75.0118     100.00     2.5925     2.2499         18  0.000e+00
     20.119   77.49258  178.31380     20.333    -1.5338    -1.5339  23.790847  23.790502    29.5686    29.5683    371.468    362.607     0.2908     4.6166     0.1160     0.1160     0.0622     0.0366     108019    75.0125     100.00     2.5912     2.2499         18  0.000e+00
     20.176   77.49258  178.31380     20.391    -1.5339    -1.5338  23.790847  23.790773    29.5687    29.5685    371.472    362.608     0.2908     4.6166     0.1160     0.1160     0.0622     0.0366     108020    75.0132     100.00     2.5912     2.2499         18  0.000e+00
     20.119   77.49258  178.31380     20.333    -1.5339    -1.5338  23.790790  23.791042    29.5686    29.5689    371.469    362.349     0.2908     4.6166     0.1148     0.1148     0.0622     0.0366     108021    75.0139     100.00     2.5912     2.2487         18  0.000e+00
     20.135   77.49258  178.31380     20.350    -1.5339    -1.5338  23.790790  23.790934    29.5687    29.5687    371.686    361.838     0.2908     4.6166     0.1160     0.1160     0.0622     0.0366     108022    75.0146     100.00     2.5925     2.2462         18  0.000e+00
     20.119   77.49258  178.31380     20.333    -1.5339    -1.5341  23.790790  23.790718    29.5686    29.5688    371.685    361.329     0.2908     4.6166     0.1160     0.1160     0.0622     0.0366     108023    75.0153     100.00     2.5925     2.2438         18  0.000e+00
     20.119   77.49258  178.31380     20.333    -1.5338    -1.5339  23.790790  23.790826    29.5686    29.5687    371.468    361.071     0.2908     4.6166     0.1160     0.1160     0.0622     0.0366     108024    75.0160     100.00     2.5912     2.2426         18  0.000e+00
     20.135   77.49258  178.31380     20.350    -1.5337    -1.5338  23.790962  23.791205    29.5687    29.5691    371.467    360.558     0.2908     4.6166     0.1160     0.1160     0.0622     0.0366     108025    75.0167     100.00     2.5912     2.2401         18  0.000e+00
     20.176   77.49258  178.31380     20.391    -1.5338    -1.5339  23.791020  23.791529    29.5688    29.5697    371.254    360.560     0.2602     4.6166     0.1160     0.1160     0.0622     0.0354     108026    75.0174     100.00     2.5900     2.2401         18  0.000e+00
     20.119   77.49258  178.31380     20.333    -1.5337    -1.5336  23.791364  23.791258    29.5692    29.5690    371.465    360.555     0.2908     4.6154     0.1148     0.1148     0.0633     0.0366     108027    75.0181     100.00     2.5912     2.2401         18  0.000e+00
     20.119   77.49258  178.31380     20.333    -1.5339    -1.5339  23.791134  23.790934    29.5691    29.5689    371.467    361.071     0.2908     4.6166     0.1160     0.1160     0.0622     0.0366     108028    75.0187     100.00     2.5912     2.2426         18  0.000e+00
     20.193   77.49258  178.31380     20.408    -1.5339    -1.5341  23.791364  23.790881    29.5694    29.5689    371.687    361.843     0.2908     4.6166     0.1160     0.1160     0.0622     0.0366     108029    75.0194     100.00     2.5925     2.2462         18  0.000e+00
     20.119   77.49258  178.31380     20.333    -1.5340    -1.5338  23.791134  23.790880    29.5693    29.5687    371.469    362.093     0.2908     4.6178     0.1160     0.1160     0.0612     0.0366     108030    75.0201     100.00     2.5912     2.2474         18  0.000e+00
     20.119   77.49258  178.31380     20.333    -1.5339    -1.5338  23.791364  23.790556    29.5695    29.5682    371.467    362.094     0.2908     4.6166     0.1160     0.1160     0.0622     0.0366     108031    75.0208     100.00     2.5912     2.2474         18  0.000e+00
     20.119   77.49258  178.31380     20.333    -1.5339    -1.5341  23.791651  23.790610    29.5698    29.5686    371.465    361.840     0.2908     4.6166     0.1160     0.1160     0.0622     0.0366     108032    75.0215     100.00     2.5912     2.2462         18  0.000e+00
     20.193   77.49258  178.31380     20.408    -1.5338    -1.5338  23.791537  23.790827    29.5695    29.5686    371.469    361.841     0.2602     4.6166     0.1148     0.1148     0.0622     0.0354     108033    75.0222     100.00     2.5912     2.2462         18  0.000e+00
     20.119   77.49258  178.31380     20.333    -1.5339    -1.5338  23.791651  23.790502    29.5698    29.5681    371.465    361.838     0.2908     4.6178     0.1160     0.1160     0.0612     0.0366     108034    75.0229     100.00     2.5912     2.2462         18  0.000e+00
     20.119   77.49258  178.31380     20.333    -1.5340    -1.5339  23.791536  23.790556    29.5698    29.5684    371.467    361.840     0.2908     4.6178     0.1160     0.1160     0.0612     0.0366     108035    75.0236     100.00     2.5912     2.2462         18  0.000e+00
     20.135   77.49258  178.31380     20.350    -1.5338    -1.5339  23.791651  23.790070    29.5697    29.5677    371.465    361.587     0.2908     4.6166     0.1148     0.1148     0.0622     0.0366     108036    75.0243     100.00     2.5912     2.2450         18  0.000e+00
     20.176   77.49258  178.31380     20.391    -1.5339    -1.5338  23.791536  23.789584    29.5696    29.5669    371.469    361.078     0.2908     4.6166     0.1160     0.1160     0.0622     0.0366     108037    75.0250     100.00     2.5912     2.2426         18  0.000e+00
     20.119   77.49258  178.31380     20.333    -1.5339    -1.5338  23.791479  23.789476    29.5696    29.5668    371.466    361.075     0.2908     4.6166     0.1160     0.1160     0.0622     0.0366     108038    75.0257     100.00     2.5912     2.2426         18  0.000e+00
     20.119   77.49258  178.31380     20.333    -1.5337    -1.5336  23.791479  23.789638    29.5694    29.5668    371.464    360.817     0.2908     4.6166     0.1160     0.1160     0.0622     0.0366     108039    75.0264     100.00     2.5912     2.2413         18  0.000e+00
     20.135   77.49258  178.31380     20.350    -1.5339    -1.5338  23.791479  23.789692    29.5696    29.5671    371.467    360.820     0.2908     4.6178     0.1160     0.1160     0.0612     0.0366     108040    75.0271     100.00     2.5912     2.2413         18  0.000e+00
     20.176   77.49258  178.31380     20.391    -1.5342    -1.5339  23.791479  23.790178    29.5699    29.5678    371.472    360.565     0.2908     4.6178     0.1148     0.1148     0.0612     0.0366     108041    75.0278     100.00     2.5912     2.2401         18  0.000e+00
     20.119   77.49258  178.31380     20.333    -1.5339    -1.5336  23.791479  23.790016    29.5696    29.5673    371.466    360.560     0.2908     4.6166     0.1160     0.1160     0.0622     0.0366     108042    75.0285     100.00     2.5912     2.2401         18  0.000e+00
     20.176   77.49258  178.31380     20.391    -1.5339    -1.5339  23.791479  23.790448    29.5696    29.5682    371.469    360.564     0.2908     4.6166     0.1160     0.1160     0.0622     0.0366     108043    75.0292     100.00     2.5912     2.2401         18  0.000e+00
     20.135   77.49258  178.31380     20.350    -1.5339    -1.5338  23.791651  23.790340    29.5698    29.5679    371.466    360.305     0.2908     4.6178     0.1160     0.1160     0.0612     0.0366     108044    75.0299     100.00     2.5912     2.2389         18  0.000e+00
     20.119   77.49258  178.31380     20.333    -1.5339    -1.5338  23.791709  23.790340    29.5699    29.5679    371.681    360.305     0.2908     4.6166     0.1160     0.1160     0.0622     0.0366     108045    75.0306     100.00     2.5925     2.2389         18  0.000e+00
     20.119   77.49258  178.31380     20.333    -1.5339    -1.5339  23.791536  23.790556    29.5696    29.5684    371.465    360.305     0.2908     4.6178     0.1148     0.1148     0.0612     0.0366     108046    75.0313     100.00     2.5912     2.2389         18  0.000e+00
     20.135   77.49258  178.31380     20.350    -1.5339    -1.5338  23.791307  23.790286    29.5694    29.5679    371.251    360.306     0.3213     4.6166     0.1148     0.1148     0.0622     0.0379     108047    75.0319     100.00     2.5900     2.2389         18  0.000e+00
