Continuous CTD Data/SBE Stage/nabos_32_02avg.cnv
* Sea-Bird SBE 9 Data File:
* FileName = D:\CTD\data\HLY2502\raw\NABOS_32_02.hex
* Software Version Seasave V 7.26.7.110
* Temperature SN = 6954
* Conductivity SN = 2561
* Number of Bytes Per Scan = 37
* Number of Voltage Words = 4
* Number of Scans Averaged by the Deck Unit = 1
* NMEA Latitude = 79 57.04 N
* NMEA Longitude = 142 16.33 E
* NMEA UTC (Time) = Sep 23 2025  10:03:54
* NMEA baud rate = 9600
** Ship: USCG HEALY
** Bot. Depth:  1374
** Cast Number:  02
** Station Name:  NABOS
** Station Number:  32
** Operator:  STARC
# nquan = 25
# nvalues = 1384                        
# units = specified
# name 0 = depSM: Depth [salt water, m]
# name 1 = latitude: Latitude [deg]
# name 2 = longitude: Longitude [deg]
# name 3 = prDM: Pressure, Digiquartz [db]
# name 4 = t090C: Temperature [ITS-90, deg C]
# name 5 = t190C: Temperature, 2 [ITS-90, deg C]
# name 6 = c0mS/cm: Conductivity [mS/cm]
# name 7 = c1mS/cm: Conductivity, 2 [mS/cm]
# name 8 = sal00: Salinity, Practical [PSU]
# name 9 = sal11: Salinity, Practical, 2 [PSU]
# name 10 = sbox0Mm/Kg: Oxygen, SBE 43 [umol/kg]
# name 11 = sbox1Mm/Kg: Oxygen, SBE 43, 2 [umol/kg]
# name 12 = flECO-AFL: Fluorescence, WET Labs ECO-AFL/FL [mg/m^3]
# name 13 = v2: Voltage 2
# name 14 = wetCDOM: Fluorescence, WET Labs CDOM [mg/m^3]
# name 15 = v6: Voltage 6
# name 16 = CStarAt0: Beam Attenuation, WET Labs C-Star [1/m]
# name 17 = v3: Voltage 3
# name 18 = scan: Scan Count
# name 19 = timeM: Time, Elapsed [minutes]
# name 20 = altM: Altimeter [m]
# name 21 = sbeox0V: Oxygen raw, SBE 43 [V]
# name 22 = sbeox1V: Oxygen raw, SBE 43, 2 [V]
# name 23 = nbin: number of scans per bin
# name 24 = flag: flag
# span 0 =      3.956,   1367.771       
# span 1 =   79.95106,   79.95300       
# span 2 =  142.23999,  142.26974       
# span 3 =      4.000,   1387.000       
# span 4 =    -1.3262,     1.8456       
# span 5 =    -1.3279,     1.8446       
# span 6 =  23.835853,  30.624990       
# span 7 =  23.827760,  30.622418       
# span 8 =    29.3506,    34.9016       
# span 9 =    29.3463,    34.8992       
# span 10 =    287.872,    364.198      
# span 11 =    175.213,    351.551      
# span 12 =    -0.1795,     0.7036      
# span 13 =     4.4581,     4.6281      
# span 14 =     0.0662,     0.1247      
# span 15 =     0.0662,     0.1247      
# span 16 =     0.0523,     0.2020      
# span 17 =     0.0178,     0.0531      
# span 18 =       3152,      44265      
# span 19 =     2.1883,    30.7389      
# span 20 =       5.89,     108.87      
# span 21 =     1.9646,     2.5799      
# span 22 =     1.3640,     2.2516      
# span 23 =          1,         30      
# span 24 = 0.0000e+00, 0.0000e+00      
# interval = decibars: 1                
# start_time = Sep 23 2025 10:03:54 [NMEA time, header]
# bad_flag = -9.990e-29
*END*
[from data line 870]
    862.936   79.95194  142.25209    874.000    -0.1125    -0.1124  29.203572  29.201736    34.8251    34.8227    298.145    294.530    -0.1335     4.6258     0.0834     0.0834     0.0543     0.0196      27394    19.0231     100.00     2.1293     1.8851         13 0.0000e+00
    863.921   79.95194  142.25208    875.000    -0.1128    -0.1129  29.203592  29.201828    34.8250    34.8227    298.122    294.377    -0.1663     4.6241     0.0834     0.0834     0.0557     0.0183      27418    19.0393     100.00     2.1289     1.8841         14 0.0000e+00
    864.906   79.95194  142.25208    876.000    -0.1130    -0.1131  29.203768  29.201970    34.8248    34.8226    298.182    294.933    -0.1390     4.6246     0.0833     0.0833     0.0553     0.0194      27441    19.0554     100.00     2.1290     1.8865         14 0.0000e+00
    865.892   79.95194  142.25207    877.000    -0.1135    -0.1136  29.203880  29.201929    34.8250    34.8225    298.257    294.914    -0.1323     4.6250     0.0843     0.0843     0.0549     0.0197      27463    19.0711     100.00     2.1292     1.8862         15 0.0000e+00
    866.877   79.95195  142.25206    878.000    -0.1143    -0.1145  29.203531  29.201681    34.8248    34.8226    298.329    294.733    -0.1334     4.6254     0.0846     0.0846     0.0546     0.0196      27485    19.0864     100.00     2.1293     1.8852         19 0.0000e+00
    867.862   79.95196  142.25206    879.000    -0.1157    -0.1158  29.202857  29.201107    34.8250    34.8227    298.424    294.622    -0.1297     4.6257     0.0843     0.0843     0.0544     0.0198      27507    19.1012     100.00     2.1296     1.8845         18 0.0000e+00
    868.848   79.95196  142.25206    880.000    -0.1165    -0.1165  29.202573  29.200790    34.8249    34.8226    298.428    294.369    -0.1335     4.6249     0.0826     0.0826     0.0551     0.0196      27528    19.1161     100.00     2.1294     1.8831         19 0.0000e+00
    869.833   79.95196  142.25204    881.000    -0.1173    -0.1174  29.202213  29.200461    34.8247    34.8225    298.340    294.456    -0.1332     4.6246     0.0843     0.0843     0.0553     0.0196      27551    19.1319     100.00     2.1286     1.8832         18 0.0000e+00
    870.818   79.95196  142.25204    882.000    -0.1187    -0.1187  29.201564  29.199687    34.8249    34.8224    298.284    294.699    -0.1650     4.6261     0.0840     0.0840     0.0541     0.0184      27575    19.1485     100.00     2.1280     1.8842         19 0.0000e+00
    871.803   79.95196  142.25202    883.000    -0.1198    -0.1199  29.201101  29.199187    34.8249    34.8225    298.192    294.597    -0.1348     4.6256     0.0842     0.0842     0.0544     0.0196      27598    19.1646     100.00     2.1272     1.8834         16 0.0000e+00
    872.788   79.95196  142.25202    884.000    -0.1211    -0.1211  29.200423  29.198579    34.8249    34.8225    298.331    294.629    -0.1278     4.6261     0.0840     0.0840     0.0541     0.0199      27620    19.1796     100.00     2.1278     1.8834         13 0.0000e+00
    873.774   79.95196  142.25202    885.000    -0.1232    -0.1235  29.199056  29.197129    34.8249    34.8227    298.449    294.524    -0.1601     4.6260     0.0826     0.0826     0.0542     0.0186      27641    19.1943     100.00     2.1281     1.8826         16 0.0000e+00
    874.759   79.95196  142.25202    886.000    -0.1253    -0.1254  29.198018  29.196120    34.8254    34.8229    298.544    294.509    -0.1381     4.6262     0.0834     0.0834     0.0540     0.0195      27661    19.2087     100.00     2.1283     1.8823         15 0.0000e+00
    875.744   79.95196  142.25201    887.000    -0.1270    -0.1271  29.196859  29.195095    34.8252    34.8230    298.609    295.037    -0.1331     4.6259     0.0834     0.0834     0.0542     0.0196      27683    19.2237     100.00     2.1283     1.8845         18 0.0000e+00
    876.729   79.95196  142.25200    888.000    -0.1272    -0.1272  29.197353  29.195568    34.8254    34.8230    298.633    294.827    -0.1338     4.6259     0.0831     0.0831     0.0542     0.0196      27706    19.2399     100.00     2.1282     1.8833         22 0.0000e+00
    877.715   79.95196  142.25200    889.000    -0.1281    -0.1282  29.197023  29.195116    34.8255    34.8231    298.728    294.580    -0.1344     4.6254     0.0829     0.0829     0.0547     0.0196      27730    19.2561     100.00     2.1285     1.8820         14 0.0000e+00
    878.700   79.95197  142.25199    890.000    -0.1295    -0.1296  29.196241  29.194297    34.8254    34.8230    298.549    294.421    -0.1346     4.6256     0.0834     0.0834     0.0545     0.0196      27753    19.2722     100.00     2.1273     1.8810         15 0.0000e+00
    879.685   79.95198  142.25198    891.000    -0.1329    -0.1330  29.193649  29.191758    34.8253    34.8229    298.464    294.836    -0.1313     4.6254     0.0834     0.0834     0.0546     0.0197      27776    19.2879     100.00     2.1264     1.8826         18 0.0000e+00
    880.670   79.95198  142.25198    892.000    -0.1344    -0.1345  29.192937  29.191145    34.8254    34.8232    298.566    294.543    -0.1346     4.6254     0.0847     0.0847     0.0546     0.0196      27797    19.3026     100.00     2.1267     1.8810         15 0.0000e+00
    881.655   79.95198  142.25198    893.000    -0.1355    -0.1355  29.192391  29.190587    34.8254    34.8230    298.601    294.558    -0.1300     4.6261     0.0840     0.0840     0.0541     0.0198      27819    19.3178     100.00     2.1266     1.8809         14 0.0000e+00
    882.641   79.95198  142.25196    894.000    -0.1357    -0.1358  29.192504  29.190829    34.8252    34.8230    298.644    293.773    -0.1364     4.6256     0.0837     0.0837     0.0545     0.0195      27841    19.3331     100.00     2.1266     1.8770         18 0.0000e+00
    883.626   79.95198  142.25196    895.000    -0.1358    -0.1359  29.192851  29.191202    34.8252    34.8231    298.633    294.461    -0.1598     4.6243     0.0838     0.0838     0.0556     0.0186      27863    19.3488     100.00     2.1263     1.8800         16 0.0000e+00
    884.611   79.95198  142.25196    896.000    -0.1372    -0.1374  29.192109  29.190413    34.8252    34.8232    298.722    294.536    -0.1433     4.6256     0.0837     0.0837     0.0545     0.0192      27886    19.3645     100.00     2.1265     1.8801         15 0.0000e+00
    885.596   79.95198  142.25194    897.000    -0.1383    -0.1383  29.191765  29.189925    34.8254    34.8230    298.647    294.444    -0.1306     4.6264     0.0825     0.0825     0.0538     0.0198      27908    19.3797     100.00     2.1258     1.8795         12 0.0000e+00
    886.581   79.95198  142.25194    898.000    -0.1388    -0.1390  29.191773  29.189866    34.8254    34.8231    298.621    294.801    -0.1368     4.6258     0.0835     0.0835     0.0543     0.0195      27930    19.3951     100.00     2.1255     1.8809         14 0.0000e+00
    887.566   79.95198  142.25192    899.000    -0.1410    -0.1411  29.190415  29.188550    34.8255    34.8231    298.462    294.620    -0.1346     4.6258     0.0841     0.0841     0.0543     0.0196      27952    19.4102     100.00     2.1242     1.8798         15 0.0000e+00
    888.552   79.95198  142.25192    900.000    -0.1414    -0.1416  29.190418  29.188547    34.8254    34.8231    298.487    294.713    -0.1315     4.6259     0.0841     0.0841     0.0542     0.0197      27974    19.4254     100.00     2.1242     1.8800         18 0.0000e+00
    889.537   79.95198  142.25192    901.000    -0.1417    -0.1419  29.190470  29.188716    34.8253    34.8231    298.530    294.750    -0.1309     4.6262     0.0826     0.0826     0.0539     0.0197      27996    19.4406     100.00     2.1242     1.8801         16 0.0000e+00
    890.522   79.95198  142.25191    902.000    -0.1430    -0.1432  29.189936  29.187962    34.8253    34.8230    298.448    294.543    -0.1312     4.6258     0.0849     0.0849     0.0543     0.0197      28018    19.4561     100.00     2.1234     1.8789         17 0.0000e+00
    891.507   79.95199  142.25190    903.000    -0.1451    -0.1451  29.188597  29.186853    34.8254    34.8231    298.661    293.969    -0.1521     4.6256     0.0839     0.0839     0.0545     0.0189      28040    19.4715     100.00     2.1243     1.8759         12 0.0000e+00
    892.492   79.95200  142.25189    904.000    -0.1467    -0.1469  29.187803  29.185668    34.8256    34.8230    298.694    294.707    -0.1732     4.6262     0.0831     0.0831     0.0539     0.0181      28062    19.4867     100.00     2.1242     1.8791         12 0.0000e+00
    893.477   79.95200  142.25188    905.000    -0.1485    -0.1486  29.186693  29.184870    34.8255    34.8233    298.780    294.585    -0.1512     4.6264     0.0831     0.0831     0.0538     0.0189      28084    19.5021     100.00     2.1244     1.8783         15 0.0000e+00
    894.462   79.95200  142.25188    906.000    -0.1491    -0.1491  29.186527  29.184890    34.8255    34.8233    298.817    294.054    -0.1566     4.6261     0.0836     0.0836     0.0540     0.0187      28106    19.5176     100.00     2.1243     1.8756         12 0.0000e+00
    895.448   79.95200  142.25188    907.000    -0.1494    -0.1494  29.186691  29.185008    34.8255    34.8232    298.892    293.548    -0.1577     4.6259     0.0846     0.0846     0.0542     0.0187      28129    19.5331     100.00     2.1245     1.8731         13 0.0000e+00
    896.433   79.95200  142.25186    908.000    -0.1495    -0.1497  29.187069  29.185175    34.8255    34.8232    298.860    294.835    -0.1364     4.6263     0.0837     0.0837     0.0539     0.0195      28151    19.5487     100.00     2.1241     1.8789         11 0.0000e+00
    897.418   79.95200  142.25186    909.000    -0.1503    -0.1505  29.186763  29.184887    34.8254    34.8231    298.795    294.638    -0.1480     4.6264     0.0836     0.0836     0.0538     0.0191      28174    19.5643     100.00     2.1235     1.8777         13 0.0000e+00
    898.403   79.95200  142.25184    910.000    -0.1509    -0.1514  29.186705  29.184498    34.8254    34.8231    298.787    294.309    -0.1483     4.6263     0.0844     0.0844     0.0539     0.0190      28196    19.5801     100.00     2.1232     1.8760         13 0.0000e+00
    899.388   79.95200  142.25184    911.000    -0.1521    -0.1523  29.186108  29.184191    34.8255    34.8231    298.819    294.638    -0.1345     4.6260     0.0843     0.0843     0.0541     0.0196      28219    19.5957     100.00     2.1231     1.8773         13 0.0000e+00
    900.373   79.95200  142.25184    912.000    -0.1545    -0.1547  29.184430  29.182526    34.8253    34.8231    298.805    294.769    -0.1540     4.6255     0.0834     0.0834     0.0546     0.0188      28241    19.6112     100.00     2.1227     1.8776         16 0.0000e+00
    901.358   79.95200  142.25183    913.000    -0.1531    -0.1530  29.186662  29.184761    34.8261    34.8235    298.808    294.667    -0.1720     4.6262     0.0847     0.0847     0.0540     0.0181      28263    19.6262     100.00     2.1226     1.8771         14 0.0000e+00
    902.343   79.95200  142.25182    914.000    -0.1501    -0.1501  29.189695  29.187803    34.8262    34.8237    298.823    294.591    -0.1543     4.6253     0.0822     0.0822     0.0547     0.0188      28285    19.6414     100.00     2.1226     1.8767         14 0.0000e+00
    903.328   79.95200  142.25181    915.000    -0.1501    -0.1501  29.190166  29.188341    34.8262    34.8238    298.777    293.954    -0.1323     4.6251     0.0820     0.0820     0.0549     0.0197      28306    19.6564     100.00     2.1221     1.8735         15 0.0000e+00
    904.313   79.95201  142.25180    916.000    -0.1509    -0.1509  29.189962  29.188087    34.8262    34.8238    298.835    294.511    -0.1309     4.6262     0.0826     0.0826     0.0540     0.0197      28328    19.6717     100.00     2.1222     1.8759         16 0.0000e+00
    905.299   79.95202  142.25179    917.000    -0.1524    -0.1524  29.189016  29.187110    34.8261    34.8237    298.830    294.873    -0.1331     4.6258     0.0835     0.0835     0.0543     0.0196      28351    19.6872     100.00     2.1219     1.8773         17 0.0000e+00
    906.284   79.95202  142.25178    918.000    -0.1539    -0.1538  29.188312  29.186546    34.8263    34.8239    298.701    294.183    -0.1306     4.6239     0.0833     0.0833     0.0559     0.0198      28373    19.7029     100.00     2.1209     1.8739         15 0.0000e+00
    907.269   79.95202  142.25177    919.000    -0.1543    -0.1544  29.188328  29.186555    34.8262    34.8240    298.548    294.829    -0.1305     4.6265     0.0835     0.0835     0.0537     0.0198      28396    19.7185     100.00     2.1198     1.8767         15 0.0000e+00
    908.254   79.95202  142.25176    920.000    -0.1573    -0.1575  29.186308  29.184368    34.8264    34.8240    298.602    294.569    -0.1415     4.6260     0.0820     0.0820     0.0541     0.0193      28417    19.7337     100.00     2.1197     1.8752         13 0.0000e+00
    909.239   79.95202  142.25176    921.000    -0.1591    -0.1591  29.185213  29.183539    34.8264    34.8242    298.645    295.275    -0.1720     4.6259     0.0821     0.0821     0.0542     0.0181      28439    19.7487     100.00     2.1197     1.8782         12 0.0000e+00
    910.224   79.95202  142.25174    922.000    -0.1566    -0.1564  29.188089  29.186526    34.8267    34.8245    298.631    295.094    -0.1603     4.6255     0.0835     0.0835     0.0545     0.0186      28461    19.7641     100.00     2.1195     1.8773         16 0.0000e+00
    911.209   79.95202  142.25174    923.000    -0.1566    -0.1565  29.188615  29.186952    34.8268    34.8246    298.658    294.714    -0.1358     4.6263     0.0814     0.0814     0.0539     0.0195      28484    19.7796     100.00     2.1195     1.8753         19 0.0000e+00
    912.194   79.95202  142.25172    924.000    -0.1556    -0.1556  29.190023  29.188262    34.8270    34.8247    298.721    294.965    -0.1346     4.6265     0.0830     0.0830     0.0537     0.0196      28506    19.7955     100.00     2.1196     1.8764         15 0.0000e+00
    913.179   79.95202  142.25172    925.000    -0.1553    -0.1552  29.190640  29.189001    34.8269    34.8247    298.787    294.734    -0.1399     4.6264     0.0844     0.0844     0.0538     0.0194      28530    19.8119     100.00     2.1198     1.8751         19 0.0000e+00
    914.164   79.95202  142.25170    926.000    -0.1539    -0.1538  29.192525  29.190897    34.8272    34.8249    298.691    295.116    -0.1697     4.6263     0.0845     0.0845     0.0539     0.0182      28553    19.8278     100.00     2.1191     1.8768         19 0.0000e+00
    915.149   79.95202  142.25170    927.000    -0.1490    -0.1487  29.197649  29.196203    34.8279    34.8256    298.594    294.800    -0.1339     4.6266     0.0833     0.0833     0.0537     0.0196      28575    19.8428     100.00     2.1186     1.8754         16 0.0000e+00
    916.134   79.95202  142.25169    928.000    -0.1466    -0.1467  29.200404  29.198510    34.8282    34.8259    298.531    293.861    -0.1685     4.6265     0.0829     0.0829     0.0537     0.0182      28596    19.8577     100.00     2.1182     1.8709         17 0.0000e+00
    917.119   79.95202  142.25168    929.000    -0.1534    -0.1542  29.194742  29.192295    34.8279    34.8256    298.536    294.263    -0.1708     4.6265     0.0837     0.0837     0.0537     0.0182      28617    19.8726     100.00     2.1176     1.8723         17 0.0000e+00
    918.104   79.95202  142.25167    930.000    -0.1630    -0.1633  29.186997  29.184941    34.8279    34.8255    298.613    294.402    -0.1341     4.6266     0.0834     0.0834     0.0536     0.0196      28640    19.8880     100.00     2.1174     1.8724         17 0.0000e+00
