Continuous CTD Data/SBE Stage/nabos_24_01.ros
* Sea-Bird SBE 9 Data File:
* FileName = D:\CTD\data\HLY2502\raw\NABOS_24_01.hex
* Software Version Seasave V 7.26.7.110
* Temperature SN = 6954
* Conductivity SN = 2561
* Number of Bytes Per Scan = 37
* Number of Voltage Words = 4
* Number of Scans Averaged by the Deck Unit = 1
* NMEA Latitude = 80 03.71 N
* NMEA Longitude = 166 45.25 E
* NMEA UTC (Time) = Sep 20 2025  03:03:27
* NMEA baud rate = 9600
** Ship: USCG HEALY
** Bot. Depth:  2722
** Cast Number:  01
** Station Name:  NABOS
** Station Number:  24
** Operator:  STARC
** 1200 target
# nquan = 25
# nvalues = 1176                                  
# units = specified
# name 0 = depSM: Depth [salt water, m]
# name 1 = latitude: Latitude [deg]
# name 2 = longitude: Longitude [deg]
# name 3 = prDM: Pressure, Digiquartz [db]
# name 4 = t090C: Temperature [ITS-90, deg C]
# name 5 = t190C: Temperature, 2 [ITS-90, deg C]
# name 6 = c0mS/cm: Conductivity [mS/cm]
# name 7 = c1mS/cm: Conductivity, 2 [mS/cm]
# name 8 = sal00: Salinity, Practical [PSU]
# name 9 = sal11: Salinity, Practical, 2 [PSU]
# name 10 = sbox0Mm/Kg: Oxygen, SBE 43 [umol/kg]
# name 11 = sbox1Mm/Kg: Oxygen, SBE 43, 2 [umol/kg]
# name 12 = flECO-AFL: Fluorescence, WET Labs ECO-AFL/FL [mg/m^3]
# name 13 = v2: Voltage 2
# name 14 = wetCDOM: Fluorescence, WET Labs CDOM [mg/m^3]
# name 15 = v6: Voltage 6
# name 16 = CStarAt0: Beam Attenuation, WET Labs C-Star [1/m]
# name 17 = v3: Voltage 3
# name 18 = scan: Scan Count
# name 19 = timeM: Time, Elapsed [minutes]
# name 20 = altM: Altimeter [m]
# name 21 = sbeox0V: Oxygen raw, SBE 43 [V]
# name 22 = sbeox1V: Oxygen raw, SBE 43, 2 [V]
# name 23 = nbf: Bottles Fired
# name 24 = flag:  0.000e+00
# interval = seconds: 0.0416667
# start_time = Sep 20 2025 03:03:27 [NMEA time, header]
# bad_flag = -9.990e-29
*END*
[from data line 522]
    115.314   80.06316  166.75758    116.580    -0.8966    -0.8906  27.852915  27.855632    34.3605    34.3573    306.397    298.871    -0.1366     4.6300     0.0879     0.0879     0.0506     0.0195      97601    67.7778     100.00     2.3020     2.0105         11  0.000e+00
    115.281   80.06316  166.75758    116.547    -0.8968    -0.8901  27.852915  27.855746    34.3607    34.3570    306.397    298.866    -0.1366     4.6300     0.0879     0.0879     0.0506     0.0195      97602    67.7785     100.00     2.3020     2.0105         11  0.000e+00
    115.256   80.06316  166.75758    116.522    -0.8967    -0.8897  27.852915  27.856032    34.3607    34.3569    306.602    298.616    -0.1366     4.6288     0.0867     0.0867     0.0517     0.0195      97603    67.7792     100.00     2.3033     2.0093         11  0.000e+00
    115.256   80.06316  166.75758    116.522    -0.8963    -0.8895  27.852915  27.856260    34.3602    34.3570    306.392    298.370    -0.1366     4.6288     0.0879     0.0879     0.0517     0.0195      97604    67.7799     100.00     2.3020     2.0081         11  0.000e+00
    115.338   80.06316  166.75758    116.605    -0.8969    -0.8889  27.852915  27.855746    34.3608    34.3556    306.400    298.126    -0.1366     4.6288     0.0867     0.0867     0.0517     0.0195      97605    67.7806     100.00     2.3020     2.0068         11  0.000e+00
    115.256   80.06316  166.75758    116.522    -0.8968    -0.8888  27.853158  27.856089    34.3611    34.3559    306.395    297.631    -0.1366     4.6300     0.0867     0.0867     0.0506     0.0195      97606    67.7813     100.00     2.3020     2.0044         11  0.000e+00
    115.281   80.06316  166.75758    116.547    -0.8969    -0.8886  27.852975  27.855746    34.3610    34.3553    306.190    297.632    -0.1061     4.6300     0.0867     0.0867     0.0506     0.0208      97607    67.7819     100.00     2.3008     2.0044         11  0.000e+00
    115.256   80.06316  166.75758    116.522    -0.8969    -0.8890  27.853097  27.855746    34.3611    34.3558    306.396    297.879    -0.1366     4.6300     0.0867     0.0867     0.0506     0.0195      97608    67.7826     100.00     2.3020     2.0056         11  0.000e+00
    115.314   80.06316  166.75758    116.580    -0.8970    -0.8897  27.852854  27.855632    34.3608    34.3563    306.399    298.130    -0.1061     4.6300     0.0867     0.0867     0.0506     0.0208      97609    67.7833     100.00     2.3020     2.0068         11  0.000e+00
    115.281   80.06316  166.75758    116.547    -0.8970    -0.8904  27.852854  27.855746    34.3609    34.3573    306.398    298.378    -0.1366     4.6300     0.0867     0.0867     0.0506     0.0195      97610    67.7840     100.00     2.3020     2.0081         11  0.000e+00
    115.256   80.06316  166.75758    116.522    -0.8970    -0.8909  27.852732  27.855803    34.3608    34.3580    306.397    298.624    -0.1366     4.6300     0.0879     0.0879     0.0506     0.0195      97611    67.7847     100.00     2.3020     2.0093         11  0.000e+00
    115.338   80.06316  166.75758    116.605    -0.8972    -0.8914  27.852672  27.855403    34.3608    34.3579    306.402    298.877    -0.1366     4.6300     0.0867     0.0867     0.0506     0.0195      97612    67.7854     100.00     2.3020     2.0105         11  0.000e+00
    115.256   80.06316  166.75758    116.522    -0.8971    -0.8912  27.852489  27.855460    34.3606    34.3578    306.399    298.627    -0.1366     4.6300     0.0879     0.0879     0.0506     0.0195      97613    67.7861     100.00     2.3020     2.0093         11  0.000e+00
    115.256   80.06316  166.75758    116.522    -0.8978    -0.8912  27.852185  27.855346    34.3609    34.3577    306.404    298.383    -0.1061     4.6300     0.0867     0.0867     0.0506     0.0208      97614    67.7868     100.00     2.3020     2.0081         11  0.000e+00
    115.339   80.06316  166.75758    116.605    -0.8980    -0.8915  27.852307  27.855289    34.3612    34.3579    306.408    298.388    -0.1366     4.6300     0.0867     0.0867     0.0506     0.0195      97615    67.7875     100.00     2.3020     2.0081         11  0.000e+00
    115.256   80.06316  166.75758    116.522    -0.8980    -0.8923  27.852185  27.855289    34.3612    34.3588    306.406    298.879    -0.1366     4.6300     0.0867     0.0867     0.0506     0.0195      97616    67.7882     100.00     2.3020     2.0105         11  0.000e+00
    115.256   80.06316  166.75758    116.522    -0.8977    -0.8929  27.852125  27.855289    34.3607    34.3595    306.404    299.373    -0.1366     4.6300     0.0867     0.0867     0.0506     0.0195      97617    67.7889     100.00     2.3020     2.0130         11  0.000e+00
     99.334   80.06318  166.75762    100.421    -1.2597    -1.2588  27.434241  27.433500    34.2129    34.2108    309.622    302.352    -0.1061     4.6288     0.0904     0.0904     0.0517     0.0208      99751    69.2708     100.00     2.3030     2.0128         12  0.000e+00
     99.285   80.06318  166.75762    100.371    -1.2596    -1.2589  27.434422  27.433954    34.2131    34.2117    309.619    302.350    -0.1366     4.6288     0.0891     0.0891     0.0517     0.0195      99752    69.2715     100.00     2.3030     2.0128         12  0.000e+00
     99.285   80.06318  166.75762    100.371    -1.2592    -1.2589  27.434785  27.433670    34.2131    34.2113    309.824    302.598    -0.1366     4.6288     0.0891     0.0891     0.0517     0.0195      99753    69.2722     100.00     2.3042     2.0140         12  0.000e+00
     99.334   80.06318  166.75762    100.421    -1.2591    -1.2592  27.434906  27.433557    34.2131    34.2114    309.825    302.603    -0.1061     4.6288     0.0891     0.0891     0.0517     0.0208      99754    69.2729     100.00     2.3042     2.0140         12  0.000e+00
     99.285   80.06318  166.75762    100.371    -1.2590    -1.2589  27.434906  27.433158    34.2130    34.2105    309.822    303.094    -0.1061     4.6288     0.0891     0.0891     0.0517     0.0208      99755    69.2736     100.00     2.3042     2.0164         12  0.000e+00
     99.343   80.06318  166.75762    100.430    -1.2588    -1.2592  27.434543  27.433386    34.2123    34.2112    309.825    302.851    -0.1366     4.6288     0.0904     0.0904     0.0517     0.0195      99756    69.2743     100.00     2.3042     2.0152         12  0.000e+00
     99.285   80.06318  166.75762    100.371    -1.2590    -1.2592  27.434422  27.433386    34.2124    34.2112    309.824    302.848    -0.1366     4.6288     0.0891     0.0891     0.0517     0.0195      99757    69.2750     100.00     2.3042     2.0152         12  0.000e+00
     99.334   80.06318  166.75762    100.421    -1.2587    -1.2591  27.434604  27.433500    34.2123    34.2111    309.823    303.096    -0.1366     4.6288     0.0891     0.0891     0.0517     0.0195      99758    69.2757     100.00     2.3042     2.0164         12  0.000e+00
     99.285   80.06318  166.75762    100.371    -1.2587    -1.2592  27.434664  27.433159    34.2123    34.2109    309.821    303.344    -0.1061     4.6288     0.0891     0.0891     0.0517     0.0208      99759    69.2764     100.00     2.3042     2.0176         12  0.000e+00
     99.285   80.06318  166.75762    100.371    -1.2585    -1.2591  27.434664  27.433386    34.2121    34.2110    309.611    303.342    -0.1366     4.6288     0.0891     0.0891     0.0517     0.0195      99760    69.2771     100.00     2.3030     2.0176         12  0.000e+00
     99.334   80.06318  166.75762    100.421    -1.2585    -1.2591  27.434845  27.433386    34.2123    34.2110    309.821    303.344    -0.1366     4.6288     0.0891     0.0891     0.0517     0.0195      99761    69.2778     100.00     2.3042     2.0176         12  0.000e+00
     99.285   80.06318  166.75762    100.371    -1.2589    -1.2592  27.434906  27.433102    34.2129    34.2108    309.821    303.591    -0.1366     4.6288     0.0891     0.0891     0.0517     0.0195      99762    69.2785     100.00     2.3042     2.0189         12  0.000e+00
     99.343   80.06318  166.75762    100.430    -1.2591    -1.2594  27.434906  27.433216    34.2131    34.2111    309.825    303.594    -0.1366     4.6288     0.0891     0.0891     0.0517     0.0195      99763    69.2792     100.00     2.3042     2.0189         12  0.000e+00
     99.269   80.06318  166.75762    100.355    -1.2594    -1.2594  27.434543  27.433102    34.2131    34.2110    309.825    303.591    -0.1061     4.6288     0.0891     0.0891     0.0517     0.0208      99764    69.2799     100.00     2.3042     2.0189         12  0.000e+00
     99.343   80.06318  166.75762    100.430    -1.2601    -1.2594  27.434785  27.433216    34.2141    34.2111    309.832    303.841    -0.1366     4.6288     0.0891     0.0891     0.0517     0.0195      99765    69.2806     100.00     2.3042     2.0201         12  0.000e+00
     99.285   80.06318  166.75762    100.371    -1.2605    -1.2594  27.434362  27.433102    34.2140    34.2110    309.834    303.839    -0.1366     4.6288     0.0904     0.0904     0.0517     0.0195      99766    69.2813     100.00     2.3042     2.0201         12  0.000e+00
     99.343   80.06318  166.75762    100.430    -1.2602    -1.2595  27.434120  27.433102    34.2133    34.2111    309.626    303.842    -0.1061     4.6288     0.0891     0.0891     0.0517     0.0208      99767    69.2819     100.00     2.3030     2.0201         12  0.000e+00
     99.269   80.06318  166.75762    100.355    -1.2602    -1.2594  27.433757  27.433045    34.2129    34.2109    309.833    303.838    -0.1366     4.6288     0.0891     0.0891     0.0517     0.0195      99768    69.2826     100.00     2.3042     2.0201         12  0.000e+00
     99.343   80.06318  166.75762    100.430    -1.2603    -1.2597  27.433818  27.432874    34.2130    34.2110    309.837    303.844    -0.1061     4.6288     0.0891     0.0891     0.0517     0.0208      99769    69.2833     100.00     2.3042     2.0201         12  0.000e+00
     99.285   80.06318  166.75762    100.371    -1.2605    -1.2595  27.434060  27.432817    34.2136    34.2108    309.835    303.594    -0.1366     4.6288     0.0891     0.0891     0.0517     0.0195      99770    69.2840     100.00     2.3042     2.0189         12  0.000e+00
     99.269   80.06318  166.75762    100.355    -1.2602    -1.2597  27.434301  27.432817    34.2136    34.2109    309.622    303.346    -0.1366     4.6288     0.0891     0.0891     0.0517     0.0195      99771    69.2847     100.00     2.3030     2.0176         12  0.000e+00
     99.343   80.06318  166.75762    100.430    -1.2596    -1.2595  27.434604  27.432988    34.2133    34.2110    309.829    303.348    -0.1366     4.6288     0.0891     0.0891     0.0517     0.0195      99772    69.2854     100.00     2.3042     2.0176         12  0.000e+00
     99.343   80.06318  166.75762    100.430    -1.2591    -1.2597  27.435027  27.432420    34.2133    34.2103    309.616    303.598    -0.1366     4.6288     0.0891     0.0891     0.0517     0.0195      99773    69.2861     100.00     2.3030     2.0189         12  0.000e+00
     99.269   80.06318  166.75762    100.355    -1.2588    -1.2598  27.434785  27.432249    34.2127    34.2104    309.611    303.597    -0.1366     4.6288     0.0904     0.0904     0.0517     0.0195      99774    69.2868     100.00     2.3030     2.0189         12  0.000e+00
     99.285   80.06318  166.75762    100.371    -1.2587    -1.2598  27.434845  27.432420    34.2126    34.2106    309.820    303.350    -0.1366     4.6288     0.0891     0.0891     0.0517     0.0195      99775    69.2875     100.00     2.3042     2.0176         12  0.000e+00
     99.285   80.06318  166.75762    100.371    -1.2590    -1.2597  27.434906  27.432533    34.2130    34.2105    309.613    303.101    -0.1366     4.6288     0.0904     0.0904     0.0517     0.0195      99776    69.2882     100.00     2.3030     2.0164         12  0.000e+00
     99.343   80.06318  166.75762    100.430    -1.2591    -1.2597  27.434906  27.432306    34.2131    34.2102    309.616    302.857    -0.1366     4.6288     0.0904     0.0904     0.0517     0.0195      99777    69.2889     100.00     2.3030     2.0152         12  0.000e+00
     99.269   80.06318  166.75762    100.355    -1.2590    -1.2595  27.435087  27.432249    34.2133    34.2100    309.611    303.100    -0.1366     4.6288     0.0891     0.0891     0.0517     0.0195      99778    69.2896     100.00     2.3030     2.0164         12  0.000e+00
     99.343   80.06318  166.75762    100.430    -1.2588    -1.2600  27.434966  27.432647    34.2129    34.2110    309.614    302.857    -0.1366     4.6288     0.0904     0.0904     0.0517     0.0195      99779    69.2903     100.00     2.3030     2.0152         12  0.000e+00
     99.285   80.06318  166.75762    100.372    -1.2591    -1.2600  27.435087  27.432192    34.2134    34.2104    309.613    302.856    -0.1061     4.6300     0.0891     0.0891     0.0506     0.0208      99780    69.2910     100.00     2.3030     2.0152         12  0.000e+00
     99.334   80.06318  166.75762    100.421    -1.2588    -1.2601  27.435389  27.432022    34.2135    34.2103    309.821    303.107    -0.1366     4.6288     0.0891     0.0891     0.0517     0.0195      99781    69.2917     100.00     2.3042     2.0164         12  0.000e+00
     99.343   80.06318  166.75762    100.430    -1.2588    -1.2601  27.435631  27.432192    34.2138    34.2106    309.612    303.354    -0.1061     4.6288     0.0891     0.0891     0.0517     0.0208      99782    69.2924     100.00     2.3030     2.0176         12  0.000e+00
     99.285   80.06318  166.75762    100.372    -1.2587    -1.2603  27.435752  27.431851    34.2138    34.2103    309.608    303.848    -0.1061     4.6288     0.0891     0.0891     0.0517     0.0208      99783    69.2931     100.00     2.3030     2.0201         12  0.000e+00
     99.269   80.06318  166.75762    100.355    -1.2586    -1.2603  27.435510  27.431567    34.2134    34.2099    309.607    304.096    -0.1366     4.6288     0.0904     0.0904     0.0517     0.0195      99784    69.2938     100.00     2.3030     2.0213         12  0.000e+00
     99.343   80.06318  166.75762    100.430    -1.2585    -1.2609  27.435631  27.431283    34.2134    34.2102    309.609    304.104    -0.1366     4.6288     0.0891     0.0891     0.0517     0.0195      99785    69.2944     100.00     2.3030     2.0213         12  0.000e+00
     99.285   80.06318  166.75762    100.372    -1.2587    -1.2613  27.435510  27.430828    34.2135    34.2101    309.608    304.106    -0.1366     4.6288     0.0891     0.0891     0.0517     0.0195      99786    69.2951     100.00     2.3030     2.0213         12  0.000e+00
     99.285   80.06318  166.75762    100.372    -1.2585    -1.2616  27.435631  27.430487    34.2135    34.2100    309.607    303.862    -0.1366     4.6288     0.0891     0.0891     0.0517     0.0195      99787    69.2958     100.00     2.3030     2.0201         12  0.000e+00
     99.334   80.06318  166.75762    100.421    -1.2587    -1.2619  27.435752  27.430601    34.2138    34.2105    309.819    303.618    -0.1366     4.6276     0.0891     0.0891     0.0527     0.0195      99788    69.2965     100.00     2.3042     2.0189         12  0.000e+00
     99.285   80.06318  166.75762    100.372    -1.2584    -1.2624  27.435933  27.430317    34.2138    34.2106    309.605    303.373    -0.1366     4.6264     0.0916     0.0916     0.0538     0.0195      99789    69.2972     100.00     2.3030     2.0176         12  0.000e+00
     99.343   80.06318  166.75762    100.430    -1.2583    -1.2624  27.435812  27.430544    34.2135    34.2109    309.399    303.127    -0.1366     4.6252     0.0916     0.0916     0.0548     0.0195      99790    69.2979     100.00     2.3018     2.0164         12  0.000e+00
