Continuous CTD Data/SBE Stage/nabos_43_01avg.cnv
* Sea-Bird SBE 9 Data File:
* FileName = D:\CTD\data\HLY2502\raw\NABOS_43_01.hex
* Software Version Seasave V 7.26.7.110
* Temperature SN = 6954
* Conductivity SN = 2561
* Number of Bytes Per Scan = 37
* Number of Voltage Words = 4
* Number of Scans Averaged by the Deck Unit = 1
* NMEA Latitude = 80 49.12 N
* NMEA Longitude = 126 07.68 E
* NMEA UTC (Time) = Sep 28 2025  01:28:20
* NMEA baud rate = 9600
** Ship: USCG HEALY
** Bot. Depth:  3796
** Cast Number:  01
** Station Name:  NABOS
** Station Number:  42
** Operator:  STARC
# nquan = 25
# nvalues = 1214                        
# units = specified
# name 0 = depSM: Depth [salt water, m]
# name 1 = latitude: Latitude [deg]
# name 2 = longitude: Longitude [deg]
# name 3 = prDM: Pressure, Digiquartz [db]
# name 4 = t090C: Temperature [ITS-90, deg C]
# name 5 = t190C: Temperature, 2 [ITS-90, deg C]
# name 6 = c0mS/cm: Conductivity [mS/cm]
# name 7 = c1mS/cm: Conductivity, 2 [mS/cm]
# name 8 = sal00: Salinity, Practical [PSU]
# name 9 = sal11: Salinity, Practical, 2 [PSU]
# name 10 = sbox0Mm/Kg: Oxygen, SBE 43 [umol/kg]
# name 11 = sbox1Mm/Kg: Oxygen, SBE 43, 2 [umol/kg]
# name 12 = flECO-AFL: Fluorescence, WET Labs ECO-AFL/FL [mg/m^3]
# name 13 = v2: Voltage 2
# name 14 = wetCDOM: Fluorescence, WET Labs CDOM [mg/m^3]
# name 15 = v6: Voltage 6
# name 16 = CStarAt0: Beam Attenuation, WET Labs C-Star [1/m]
# name 17 = v3: Voltage 3
# name 18 = scan: Scan Count
# name 19 = timeM: Time, Elapsed [minutes]
# name 20 = altM: Altimeter [m]
# name 21 = sbeox0V: Oxygen raw, SBE 43 [V]
# name 22 = sbeox1V: Oxygen raw, SBE 43, 2 [V]
# name 23 = nbin: number of scans per bin
# name 24 = flag: flag
# span 0 =      3.958,   1200.581       
# span 1 =   80.81874,   80.81997       
# span 2 =  126.12950,  126.15184       
# span 3 =      4.000,   1217.000       
# span 4 =    -1.8260,     1.6673       
# span 5 =    -1.8259,     1.6670       
# span 6 =  23.165564,  30.501294       
# span 7 =  23.186026,  30.498894       
# span 8 =    28.7558,    34.9081       
# span 9 =    28.7822,    34.9052       
# span 10 =    287.955,    380.084      
# span 11 =    281.377,    372.974      
# span 12 =    -0.1802,     0.3221      
# span 13 =     4.5550,     4.6337      
# span 14 =     0.0681,     0.1236      
# span 15 =     0.0681,     0.1236      
# span 16 =     0.0474,     0.1161      
# span 17 =     0.0178,     0.0379      
# span 18 =       2877,      46355      
# span 19 =     1.9974,    32.1903      
# span 20 =     100.00,     100.00      
# span 21 =     1.9924,     2.6848      
# span 22 =     1.7585,     2.3321      
# span 23 =          9,         29      
# span 24 = 0.0000e+00, 0.0000e+00      
# interval = decibars: 1                
# start_time = Sep 28 2025 01:28:20 [NMEA time, header]
# bad_flag = -9.990e-29
*END*
[from data line 986]
    977.171   80.81952  126.14344    990.000    -0.2199    -0.2199  29.214393  29.212235    34.8939    34.8910    290.316    286.953    -0.1345     4.6325     0.0834     0.0834     0.0485     0.0196      30007    20.8377     100.00     2.0580     1.8262         15 0.0000e+00
    978.156   80.81952  126.14346    991.000    -0.2209    -0.2211  29.213940  29.211724    34.8939    34.8912    290.299    286.466    -0.1512     4.6320     0.0834     0.0834     0.0490     0.0189      30033    20.8554     100.00     2.0576     1.8238         16 0.0000e+00
    979.140   80.81952  126.14346    992.000    -0.2219    -0.2222  29.213536  29.211195    34.8939    34.8911    290.243    286.773    -0.1509     4.6320     0.0833     0.0833     0.0490     0.0189      30058    20.8730     100.00     2.0571     1.8250         17 0.0000e+00
    980.125   80.81952  126.14348    993.000    -0.2229    -0.2229  29.213191  29.210880    34.8939    34.8909    290.140    289.195    -0.1344     4.6319     0.0831     0.0831     0.0491     0.0196      30083    20.8905     100.00     2.0563     1.8358         18 0.0000e+00
    981.110   80.81952  126.14350    994.000    -0.2233    -0.2234  29.213194  29.210910    34.8938    34.8910    290.123    286.429    -0.1600     4.6323     0.0834     0.0834     0.0487     0.0186      30109    20.9081     100.00     2.0559     1.8230         17 0.0000e+00
    982.094   80.81952  126.14350    995.000    -0.2257    -0.2260  29.211471  29.209020    34.8937    34.8908    290.132    286.149    -0.1375     4.6324     0.0835     0.0835     0.0486     0.0195      30134    20.9256     100.00     2.0557     1.8215         17 0.0000e+00
    983.079   80.81952  126.14352    996.000    -0.2286    -0.2287  29.209357  29.207098    34.8937    34.8907    290.132    286.294    -0.1737     4.6325     0.0834     0.0834     0.0485     0.0180      30159    20.9430     100.00     2.0553     1.8219         14 0.0000e+00
    984.064   80.81952  126.14352    997.000    -0.2319    -0.2322  29.206776  29.204437    34.8934    34.8906    290.288    286.965    -0.1593     4.6323     0.0833     0.0833     0.0486     0.0186      30184    20.9607     100.00     2.0558     1.8246         16 0.0000e+00
    985.049   80.81952  126.14354    998.000    -0.2345    -0.2347  29.204989  29.202588    34.8934    34.8904    290.371    286.713    -0.1322     4.6322     0.0833     0.0833     0.0488     0.0197      30209    20.9780     100.00     2.0559     1.8232         13 0.0000e+00
    986.033   80.81954  126.14356    999.000    -0.2366    -0.2366  29.203599  29.201387    34.8933    34.8904    290.463    286.377    -0.1330     4.6324     0.0833     0.0833     0.0486     0.0197      30235    20.9959     100.00     2.0561     1.8214         17 0.0000e+00
    987.018   80.81954  126.14356   1000.000    -0.2386    -0.2386  29.202245  29.199951    34.8932    34.8902    290.521    286.678    -0.1489     4.6324     0.0832     0.0832     0.0486     0.0190      30260    21.0133     100.00     2.0561     1.8225         15 0.0000e+00
    988.003   80.81954  126.14359   1001.000    -0.2398    -0.2397  29.201622  29.199408    34.8932    34.8902    290.603    286.381    -0.1682     4.6323     0.0832     0.0832     0.0487     0.0183      30285    21.0309     100.00     2.0563     1.8210         15 0.0000e+00
    988.987   80.81954  126.14360   1002.000    -0.2423    -0.2424  29.199808  29.197610    34.8931    34.8902    290.532    286.614    -0.1422     4.6320     0.0834     0.0834     0.0490     0.0193      30311    21.0484     100.00     2.0556     1.8217         13 0.0000e+00
    989.972   80.81954  126.14361   1003.000    -0.2448    -0.2448  29.198047  29.195764    34.8930    34.8899    290.496    286.048    -0.1610     4.6325     0.0831     0.0831     0.0485     0.0185      30336    21.0661     100.00     2.0551     1.8189         16 0.0000e+00
    990.956   80.81954  126.14362   1004.000    -0.2469    -0.2471  29.196562  29.194171    34.8927    34.8899    290.503    286.264    -0.1369     4.6320     0.0830     0.0830     0.0490     0.0195      30361    21.0837     100.00     2.0548     1.8196         11 0.0000e+00
    991.941   80.81954  126.14363   1005.000    -0.2479    -0.2479  29.196020  29.193743    34.8926    34.8897    290.463    286.413    -0.1407     4.6323     0.0823     0.0823     0.0486     0.0193      30387    21.1014     100.00     2.0543     1.8201         15 0.0000e+00
    992.926   80.81954  126.14365   1006.000    -0.2486    -0.2487  29.195827  29.193601    34.8926    34.8898    290.431    286.696    -0.1577     4.6326     0.0833     0.0833     0.0484     0.0187      30412    21.1191     100.00     2.0539     1.8212         16 0.0000e+00
    993.910   80.81954  126.14366   1007.000    -0.2498    -0.2498  29.195175  29.193002    34.8925    34.8896    290.438    286.793    -0.1323     4.6325     0.0833     0.0833     0.0485     0.0197      30438    21.1366     100.00     2.0537     1.8214         16 0.0000e+00
    994.895   80.81954  126.14367   1008.000    -0.2482    -0.2481  29.197513  29.195517    34.8933    34.8905    290.418    286.619    -0.1325     4.6317     0.0845     0.0845     0.0492     0.0197      30463    21.1541     100.00     2.0535     1.8205         15 0.0000e+00
    995.880   80.81954  126.14368   1009.000    -0.2449    -0.2450  29.201202  29.198993    34.8938    34.8910    290.333    286.508    -0.1588     4.6321     0.0826     0.0826     0.0488     0.0186      30488    21.1718     100.00     2.0530     1.8200         12 0.0000e+00
    996.864   80.81954  126.14370   1010.000    -0.2450    -0.2452  29.201592  29.199279    34.8939    34.8910    290.361    286.006    -0.1690     4.6319     0.0840     0.0840     0.0491     0.0182      30514    21.1893     100.00     2.0529     1.8175         15 0.0000e+00
    997.849   80.81954  126.14372   1011.000    -0.2396    -0.2399  29.207384  29.205205    34.8949    34.8922    290.247    286.262    -0.1385     4.6324     0.0834     0.0834     0.0486     0.0194      30539    21.2069     100.00     2.0524     1.8187         13 0.0000e+00
    998.833   80.81954  126.14372   1012.000    -0.2308    -0.2307  29.216655  29.214662    34.8965    34.8938    290.130    286.093    -0.1412     4.6324     0.0833     0.0833     0.0486     0.0193      30564    21.2246     100.00     2.0520     1.8181         13 0.0000e+00
    999.818   80.81954  126.14374   1013.000    -0.2278    -0.2280  29.220043  29.217710    34.8970    34.8942    290.140    285.933    -0.1606     4.6325     0.0838     0.0838     0.0485     0.0186      30590    21.2422     100.00     2.0519     1.8173         15 0.0000e+00
   1000.803   80.81954  126.14374   1014.000    -0.2270    -0.2270  29.221319  29.219126    34.8973    34.8944    290.157    286.067    -0.1513     4.6325     0.0844     0.0844     0.0485     0.0189      30615    21.2598     100.00     2.0519     1.8178         13 0.0000e+00
   1001.787   80.81954  126.14376   1015.000    -0.2273    -0.2272  29.221644  29.219480    34.8974    34.8944    290.125    286.319    -0.1690     4.6328     0.0840     0.0840     0.0483     0.0182      30640    21.2773     100.00     2.0515     1.8188         14 0.0000e+00
   1002.772   80.81954  126.14378   1016.000    -0.2284    -0.2285  29.220995  29.218832    34.8973    34.8945    290.141    286.739    -0.1671     4.6325     0.0829     0.0829     0.0485     0.0183      30666    21.2951     100.00     2.0513     1.8205         15 0.0000e+00
   1003.757   80.81954  126.14378   1017.000    -0.2291    -0.2289  29.220966  29.219001    34.8975    34.8946    290.040    285.835    -0.1475     4.6324     0.0825     0.0825     0.0486     0.0191      30691    21.3127     100.00     2.0505     1.8162         16 0.0000e+00
   1004.741   80.81954  126.14381   1018.000    -0.2299    -0.2298  29.220719  29.218549    34.8974    34.8945    290.021    286.245    -0.1353     4.6324     0.0834     0.0834     0.0486     0.0196      30717    21.3303     100.00     2.0502     1.8178         16 0.0000e+00
   1005.726   80.81954  126.14382   1019.000    -0.2335    -0.2335  29.217901  29.215613    34.8972    34.8942    290.120    285.969    -0.1326     4.6326     0.0833     0.0833     0.0484     0.0197      30742    21.3478     100.00     2.0503     1.8163         15 0.0000e+00
   1006.710   80.81954  126.14383   1020.000    -0.2366    -0.2367  29.215643  29.213343    34.8971    34.8943    290.114    286.472    -0.1662     4.6324     0.0843     0.0843     0.0486     0.0183      30767    21.3653     100.00     2.0500     1.8183         16 0.0000e+00
   1007.695   80.81954  126.14384   1021.000    -0.2384    -0.2385  29.214451  29.212251    34.8970    34.8942    289.999    286.246    -0.1343     4.6324     0.0832     0.0832     0.0486     0.0196      30792    21.3826     100.00     2.0491     1.8170         14 0.0000e+00
   1008.679   80.81954  126.14385   1022.000    -0.2414    -0.2414  29.212264  29.210050    34.8970    34.8941    290.047    286.027    -0.1365     4.6325     0.0833     0.0833     0.0485     0.0195      30818    21.4005     100.00     2.0490     1.8157         17 0.0000e+00
   1009.664   80.81954  126.14387   1023.000    -0.2421    -0.2424  29.211988  29.209712    34.8969    34.8942    289.965    286.656    -0.1347     4.6318     0.0835     0.0835     0.0492     0.0196      30843    21.4182     100.00     2.0483     1.8183         17 0.0000e+00
   1010.649   80.81954  126.14388   1024.000    -0.2446    -0.2447  29.210290  29.207983    34.8968    34.8939    289.958    286.575    -0.1286     4.6316     0.0841     0.0841     0.0493     0.0198      30868    21.4356     100.00     2.0479     1.8177         15 0.0000e+00
   1011.633   80.81954  126.14389   1025.000    -0.2466    -0.2467  29.209022  29.206706    34.8969    34.8939    289.952    286.174    -0.1300     4.6323     0.0837     0.0837     0.0487     0.0198      30894    21.4533     100.00     2.0476     1.8157         14 0.0000e+00
   1012.618   80.81954  126.14391   1026.000    -0.2485    -0.2486  29.207605  29.205417    34.8965    34.8938    289.885    286.156    -0.1331     4.6326     0.0834     0.0834     0.0484     0.0196      30919    21.4710     100.00     2.0469     1.8153         17 0.0000e+00
   1013.602   80.81954  126.14392   1027.000    -0.2502    -0.2503  29.206590  29.204318    34.8966    34.8937    289.787    286.522    -0.1611     4.6321     0.0830     0.0830     0.0489     0.0185      30944    21.4884     100.00     2.0461     1.8168         15 0.0000e+00
   1014.587   80.81954  126.14394   1028.000    -0.2520    -0.2521  29.205479  29.203208    34.8966    34.8937    289.759    285.668    -0.1751     4.6320     0.0822     0.0822     0.0490     0.0180      30970    21.5062     100.00     2.0457     1.8127         19 0.0000e+00
   1015.571   80.81956  126.14394   1029.000    -0.2529    -0.2530  29.205094  29.202817    34.8965    34.8936    289.743    286.125    -0.1720     4.6314     0.0834     0.0834     0.0495     0.0181      30995    21.5234     100.00     2.0453     1.8145         13 0.0000e+00
   1016.556   80.81956  126.14396   1030.000    -0.2535    -0.2537  29.204839  29.202693    34.8963    34.8937    289.767    286.291    -0.1632     4.6319     0.0840     0.0840     0.0490     0.0185      31020    21.5413     100.00     2.0452     1.8151         16 0.0000e+00
   1017.540   80.81956  126.14398   1031.000    -0.2545    -0.2545  29.204551  29.202264    34.8964    34.8935    289.761    286.918    -0.1462     4.6322     0.0833     0.0833     0.0488     0.0191      31046    21.5588     100.00     2.0449     1.8177         14 0.0000e+00
   1018.525   80.81956  126.14398   1032.000    -0.2557    -0.2558  29.203784  29.201519    34.8962    34.8933    289.720    285.963    -0.1644     4.6324     0.0835     0.0835     0.0486     0.0184      31071    21.5763     100.00     2.0445     1.8132         14 0.0000e+00
   1019.510   80.81956  126.14400   1033.000    -0.2572    -0.2572  29.202903  29.200659    34.8962    34.8933    289.687    286.634    -0.1671     4.6324     0.0843     0.0843     0.0486     0.0183      31096    21.5939     100.00     2.0440     1.8160         14 0.0000e+00
   1020.494   80.81956  126.14402   1034.000    -0.2586    -0.2586  29.202108  29.199896    34.8961    34.8932    289.687    286.541    -0.1461     4.6319     0.0833     0.0833     0.0490     0.0191      31122    21.6115     100.00     2.0437     1.8153         13 0.0000e+00
   1021.478   80.81956  126.14402   1035.000    -0.2592    -0.2594  29.201973  29.199693    34.8961    34.8932    289.806    286.559    -0.1338     4.6323     0.0824     0.0824     0.0487     0.0196      31146    21.6288     100.00     2.0441     1.8152         10 0.0000e+00
   1022.463   80.81956  126.14404   1036.000    -0.2530    -0.2531  29.208732  29.206530    34.8974    34.8946    289.858    286.799    -0.1644     4.6323     0.0845     0.0845     0.0486     0.0184      31172    21.6468     100.00     2.0445     1.8164         15 0.0000e+00
   1023.447   80.81956  126.14405   1037.000    -0.2505    -0.2504  29.211731  29.209658    34.8980    34.8952    289.927    285.759    -0.1388     4.6323     0.0826     0.0826     0.0487     0.0194      31198    21.6642     100.00     2.0448     1.8116         14 0.0000e+00
   1024.432   80.81956  126.14407   1038.000    -0.2414    -0.2413  29.220991  29.218896    34.8993    34.8965    289.969    286.401    -0.1718     4.6323     0.0830     0.0830     0.0486     0.0181      31223    21.6820     100.00     2.0453     1.8147         16 0.0000e+00
   1025.416   80.81956  126.14408   1039.000    -0.2383    -0.2383  29.224281  29.222005    34.8996    34.8966    290.027    286.648    -0.1725     4.6322     0.0832     0.0832     0.0488     0.0181      31249    21.6997     100.00     2.0455     1.8158         17 0.0000e+00
   1026.401   80.81956  126.14409   1040.000    -0.2379    -0.2381  29.225051  29.222759    34.8996    34.8968    289.961    286.337    -0.1575     4.6324     0.0841     0.0841     0.0486     0.0187      31274    21.7173     100.00     2.0450     1.8142         17 0.0000e+00
   1027.385   80.81956  126.14411   1041.000    -0.2394    -0.2395  29.224238  29.221943    34.8996    34.8967    289.821    286.407    -0.1318     4.6324     0.0835     0.0835     0.0486     0.0197      31299    21.7348     100.00     2.0440     1.8143         15 0.0000e+00
   1028.370   80.81956  126.14412   1042.000    -0.2402    -0.2404  29.223930  29.221622    34.8996    34.8968    289.673    286.299    -0.1609     4.6318     0.0827     0.0827     0.0491     0.0185      31324    21.7523     100.00     2.0430     1.8136         14 0.0000e+00
   1029.354   80.81956  126.14413   1043.000    -0.2453    -0.2453  29.219967  29.217753    34.8995    34.8965    289.743    286.100    -0.1671     4.6314     0.0837     0.0837     0.0495     0.0183      31350    21.7699     100.00     2.0429     1.8123         15 0.0000e+00
   1030.339   80.81956  126.14414   1044.000    -0.2456    -0.2457  29.220536  29.218316    34.9000    34.8972    289.808    286.189    -0.1719     4.6322     0.0845     0.0845     0.0488     0.0181      31375    21.7875     100.00     2.0430     1.8125         18 0.0000e+00
   1031.323   80.81956  126.14416   1045.000    -0.2469    -0.2469  29.219893  29.217719    34.9000    34.8973    289.822    285.979    -0.1623     4.6324     0.0840     0.0840     0.0486     0.0185      31401    21.8052     100.00     2.0428     1.8114         17 0.0000e+00
   1032.308   80.81956  126.14418   1046.000    -0.2473    -0.2474  29.220094  29.217711    34.9003    34.8972    290.099    285.773    -0.1393     4.6325     0.0822     0.0822     0.0485     0.0194      31426    21.8227     100.00     2.0441     1.8103         16 0.0000e+00
