Continuous CTD Data/SBE Stage/nabos_10_01avg.cnv
* Sea-Bird SBE 9 Data File:
* FileName = D:\CTD\data\HLY2502\raw\NABOS_10_01.hex
* Software Version Seasave V 7.26.7.110
* Temperature SN = 6954
* Conductivity SN = 2561
* Number of Bytes Per Scan = 37
* Number of Voltage Words = 4
* Number of Scans Averaged by the Deck Unit = 1
* NMEA Latitude = 76 35.18 N
* NMEA Longitude = 179 42.41 W
* NMEA UTC (Time) = Sep 16 2025  00:09:49
* NMEA baud rate = 9600
** Ship: USCG HEALY
** Bot. Depth:  1171
** Cast Number:  01
** Station Name:  NABOS
** Station Number:  10
** Operator:  STARC
** normal CTD cast down to 1165m
# nquan = 25
# nvalues = 1181                        
# units = specified
# name 0 = depSM: Depth [salt water, m]
# name 1 = latitude: Latitude [deg]
# name 2 = longitude: Longitude [deg]
# name 3 = prDM: Pressure, Digiquartz [db]
# name 4 = t090C: Temperature [ITS-90, deg C]
# name 5 = t190C: Temperature, 2 [ITS-90, deg C]
# name 6 = c0mS/cm: Conductivity [mS/cm]
# name 7 = c1mS/cm: Conductivity, 2 [mS/cm]
# name 8 = sal00: Salinity, Practical [PSU]
# name 9 = sal11: Salinity, Practical, 2 [PSU]
# name 10 = sbox0Mm/Kg: Oxygen, SBE 43 [umol/kg]
# name 11 = sbox1Mm/Kg: Oxygen, SBE 43, 2 [umol/kg]
# name 12 = flECO-AFL: Fluorescence, WET Labs ECO-AFL/FL [mg/m^3]
# name 13 = v2: Voltage 2
# name 14 = wetCDOM: Fluorescence, WET Labs CDOM [mg/m^3]
# name 15 = v6: Voltage 6
# name 16 = CStarAt0: Beam Attenuation, WET Labs C-Star [1/m]
# name 17 = v3: Voltage 3
# name 18 = scan: Scan Count
# name 19 = timeM: Time, Elapsed [minutes]
# name 20 = altM: Altimeter [m]
# name 21 = sbeox0V: Oxygen raw, SBE 43 [V]
# name 22 = sbeox1V: Oxygen raw, SBE 43, 2 [V]
# name 23 = nbin: number of scans per bin
# name 24 = flag: flag
# span 0 =      2.969,   1167.309       
# span 1 =   76.58586,   76.58628       
# span 2 = -179.70854, -179.70707       
# span 3 =      3.000,   1183.000       
# span 4 =    -1.6718,     0.8759       
# span 5 =    -1.6713,     0.8760       
# span 6 =  23.127331,  29.783233       
# span 7 =  23.126900,  29.781765       
# span 8 =    28.6548,    34.8871       
# span 9 =    28.6532,    34.8851       
# span 10 =    276.498,    381.378      
# span 11 =    270.026,    372.414      
# span 12 =    -0.1823,     0.5475      
# span 13 =     4.5737,     4.6633      
# span 14 =     0.0721,     0.1219      
# span 15 =     0.0721,     0.1219      
# span 16 =     0.0219,     0.0997      
# span 17 =     0.0177,     0.0469      
# span 18 =       3547,      39558      
# span 19 =     2.4628,    27.4698      
# span 20 =       6.47,     100.00      
# span 21 =     1.9510,     2.6633      
# span 22 =     1.7234,     2.3121      
# span 23 =          8,         29      
# span 24 = 0.0000e+00, 0.0000e+00      
# interval = decibars: 1                
# start_time = Sep 16 2025 00:09:49 [NMEA time, header]
# bad_flag = -9.990e-29
*END*
[from data line 290]
    289.731   76.58610 -179.70748    293.000     0.8541     0.8542  29.742790  29.741384    34.7833    34.7814    297.163    290.723    -0.1536     4.6605     0.0818     0.0818     0.0244     0.0188      13696     9.5103     100.00     2.3032     2.0156         13 0.0000e+00
    290.719   76.58608 -179.70748    294.000     0.8552     0.8552  29.744365  29.742774    34.7836    34.7815    297.157    290.922    -0.1674     4.6598     0.0830     0.0830     0.0250     0.0183      13720     9.5274     100.00     2.3030     2.0165         19 0.0000e+00
    291.707   76.58608 -179.70748    295.000     0.8566     0.8568  29.746249  29.744890    34.7838    34.7818    297.021    291.898    -0.1691     4.6598     0.0819     0.0819     0.0250     0.0182      13745     9.5441     100.00     2.3020     2.0214         15 0.0000e+00
    292.695   76.58608 -179.70748    296.000     0.8627     0.8628  29.752906  29.751607    34.7850    34.7832    296.896    290.052    -0.1324     4.6598     0.0826     0.0826     0.0250     0.0197      13769     9.5610     100.00     2.3013     2.0120         15 0.0000e+00
    293.683   76.58608 -179.70748    297.000     0.8622     0.8622  29.753899  29.752356    34.7863    34.7843    296.729    290.651    -0.1704     4.6601     0.0830     0.0830     0.0247     0.0182      13793     9.5775     100.00     2.3001     2.0148         13 0.0000e+00
    294.671   76.58608 -179.70748    298.000     0.8666     0.8666  29.760809  29.759259    34.7898    34.7878    296.320    289.625    -0.1654     4.6606     0.0824     0.0824     0.0243     0.0184      13818     9.5948     100.00     2.2976     2.0096         16 0.0000e+00
    295.660   76.58608 -179.70748    299.000     0.8688     0.8686  29.764924  29.763240    34.7920    34.7900    296.081    290.274    -0.1431     4.6601     0.0818     0.0818     0.0247     0.0193      13842     9.6117     100.00     2.2961     2.0128         15 0.0000e+00
    296.647   76.58608 -179.70748    300.000     0.8691     0.8692  29.765782  29.764311    34.7921    34.7902    296.043    291.283    -0.1553     4.6596     0.0820     0.0820     0.0251     0.0188      13866     9.6285     100.00     2.2956     2.0179         15 0.0000e+00
    297.636   76.58608 -179.70748    301.000     0.8686     0.8687  29.765831  29.764232    34.7922    34.7900    295.935    289.945    -0.1419     4.6606     0.0830     0.0830     0.0243     0.0193      13890     9.6455     100.00     2.2947     2.0107         16 0.0000e+00
    298.624   76.58608 -179.70749    302.000     0.8670     0.8672  29.764866  29.763429    34.7921    34.7901    295.813    289.987    -0.1674     4.6606     0.0829     0.0829     0.0243     0.0183      13915     9.6623     100.00     2.2937     2.0107         17 0.0000e+00
    299.612   76.58608 -179.70750    303.000     0.8661     0.8663  29.764585  29.763152    34.7922    34.7901    295.617    289.236    -0.1651     4.6608     0.0818     0.0818     0.0242     0.0184      13939     9.6792     100.00     2.2922     2.0066         16 0.0000e+00
    300.600   76.58608 -179.70750    304.000     0.8634     0.8634  29.762745  29.761067    34.7923    34.7901    295.514    289.522    -0.1691     4.6606     0.0818     0.0818     0.0243     0.0182      13963     9.6959     100.00     2.2912     2.0078         15 0.0000e+00
    301.588   76.58608 -179.70750    305.000     0.8616     0.8617  29.761624  29.759917    34.7922    34.7900    295.514    289.368    -0.1672     4.6606     0.0817     0.0817     0.0243     0.0183      13987     9.7126     100.00     2.2908     2.0067         13 0.0000e+00
    302.576   76.58608 -179.70750    306.000     0.8593     0.8593  29.760028  29.758390    34.7922    34.7900    295.572    289.209    -0.1403     4.6608     0.0818     0.0818     0.0241     0.0194      14011     9.7294     100.00     2.2908     2.0056         13 0.0000e+00
    303.564   76.58608 -179.70750    307.000     0.8546     0.8547  29.756318  29.754771    34.7920    34.7899    295.556    290.608    -0.1633     4.6600     0.0818     0.0818     0.0248     0.0185      14036     9.7465     100.00     2.2902     2.0124         18 0.0000e+00
    304.552   76.58608 -179.70750    308.000     0.8485     0.8486  29.751498  29.749986    34.7920    34.7899    295.602    290.206    -0.1391     4.6606     0.0823     0.0823     0.0243     0.0194      14060     9.7635     100.00     2.2900     2.0099         18 0.0000e+00
    305.540   76.58608 -179.70750    309.000     0.8444     0.8446  29.748413  29.746929    34.7920    34.7899    295.957    289.592    -0.1675     4.6609     0.0830     0.0830     0.0240     0.0183      14085     9.7804     100.00     2.2917     2.0064         18 0.0000e+00
    306.528   76.58608 -179.70750    310.000     0.8432     0.8433  29.747919  29.746337    34.7922    34.7901    296.248    290.316    -0.1713     4.6608     0.0830     0.0830     0.0242     0.0181      14109     9.7971     100.00     2.2932     2.0098         15 0.0000e+00
    307.517   76.58608 -179.70750    311.000     0.8435     0.8434  29.748600  29.746931    34.7920    34.7900    296.541    289.735    -0.1717     4.6607     0.0817     0.0817     0.0243     0.0181      14133     9.8141     100.00     2.2947     2.0066         20 0.0000e+00
    308.505   76.58608 -179.70750    312.000     0.8472     0.8473  29.753252  29.751718    34.7933    34.7912    296.757    290.579    -0.1589     4.6608     0.0830     0.0830     0.0242     0.0186      14158     9.8313     100.00     2.2960     2.0110         21 0.0000e+00
    309.493   76.58608 -179.70750    313.000     0.8519     0.8519  29.758970  29.757428    34.7949    34.7930    297.044    290.856    -0.1348     4.6609     0.0829     0.0829     0.0241     0.0196      14183     9.8485     100.00     2.2978     2.0124         19 0.0000e+00
    310.481   76.58608 -179.70751    314.000     0.8670     0.8672  29.774829  29.773385    34.7979    34.7959    296.955    290.548    -0.1302     4.6606     0.0820     0.0820     0.0243     0.0198      14207     9.8656     100.00     2.2979     2.0113         19 0.0000e+00
    311.469   76.58608 -179.70752    315.000     0.8661     0.8662  29.774626  29.773088    34.7981    34.7961    296.989    289.831    -0.1471     4.6606     0.0817     0.0817     0.0243     0.0191      14232     9.8827     100.00     2.2978     2.0074         16 0.0000e+00
    312.457   76.58608 -179.70752    316.000     0.8672     0.8672  29.776859  29.775531    34.7993    34.7975    296.959    291.555    -0.1468     4.6605     0.0811     0.0811     0.0244     0.0191      14257     9.8997     100.00     2.2974     2.0161         15 0.0000e+00
    313.445   76.58608 -179.70752    317.000     0.8713     0.8711  29.782792  29.781015    34.8017    34.7997    296.851    291.096    -0.1595     4.6605     0.0816     0.0816     0.0244     0.0186      14281     9.9168     100.00     2.2968     2.0138         16 0.0000e+00
    314.433   76.58608 -179.70752    318.000     0.8692     0.8692  29.781631  29.780045    34.8019    34.7999    296.788    291.277    -0.1672     4.6607     0.0830     0.0830     0.0243     0.0183      14306     9.9343     100.00     2.2961     2.0144         19 0.0000e+00
    315.421   76.58608 -179.70752    319.000     0.8691     0.8692  29.782073  29.780555    34.8021    34.8000    296.532    290.677    -0.1633     4.6607     0.0823     0.0823     0.0242     0.0184      14331     9.9514     100.00     2.2942     2.0111         17 0.0000e+00
    316.409   76.58608 -179.70752    320.000     0.8699     0.8701  29.783233  29.781765    34.8020    34.8000    296.056    290.050    -0.1655     4.6604     0.0795     0.0795     0.0244     0.0184      14356     9.9686     100.00     2.2912     2.0077         18 0.0000e+00
    317.397   76.58608 -179.70752    321.000     0.8693     0.8694  29.783209  29.781514    34.8022    34.7999    295.839    291.241    -0.1672     4.6606     0.0818     0.0818     0.0243     0.0183      14381     9.9858     100.00     2.2895     2.0136         15 0.0000e+00
    318.385   76.58608 -179.70752    322.000     0.8675     0.8678  29.782032  29.780589    34.8020    34.7999    295.676    289.584    -0.1330     4.6607     0.0830     0.0830     0.0242     0.0197      14405    10.0031     100.00     2.2882     2.0049         20 0.0000e+00
    319.373   76.58608 -179.70754    323.000     0.8635     0.8636  29.779028  29.777420    34.8020    34.7998    295.508    290.058    -0.1312     4.6606     0.0807     0.0807     0.0243     0.0197      14430    10.0202     100.00     2.2868     2.0069         17 0.0000e+00
    320.361   76.58608 -179.70754    324.000     0.8584     0.8587  29.774782  29.773457    34.8016    34.7996    295.210    289.519    -0.1493     4.6607     0.0816     0.0816     0.0242     0.0190      14455    10.0373     100.00     2.2845     2.0038         15 0.0000e+00
    321.349   76.58608 -179.70754    325.000     0.8509     0.8512  29.768665  29.767411    34.8016    34.7996    294.947    289.673    -0.1662     4.6609     0.0817     0.0817     0.0240     0.0183      14479    10.0543     100.00     2.2823     2.0040         14 0.0000e+00
    322.337   76.58608 -179.70754    326.000     0.8468     0.8464  29.765608  29.763527    34.8016    34.7993    294.949    288.906    -0.1756     4.6608     0.0817     0.0817     0.0241     0.0180      14504    10.0715     100.00     2.2818     1.9997         15 0.0000e+00
    323.325   76.58608 -179.70754    327.000     0.8436     0.8438  29.763153  29.761748    34.8014    34.7993    295.270    289.588    -0.1740     4.6606     0.0822     0.0822     0.0243     0.0180      14529    10.0886     100.00     2.2834     2.0029         13 0.0000e+00
    324.313   76.58608 -179.70754    328.000     0.8409     0.8410  29.761099  29.759580    34.8012    34.7991    295.525    289.765    -0.1714     4.6607     0.0826     0.0826     0.0242     0.0181      14553    10.1058     100.00     2.2845     2.0035         14 0.0000e+00
    325.301   76.58608 -179.70754    329.000     0.8344     0.8348  29.755426  29.754140    34.8005    34.7984    295.833    289.387    -0.1709     4.6609     0.0817     0.0817     0.0241     0.0182      14578    10.1230     100.00     2.2858     2.0011         16 0.0000e+00
    326.289   76.58608 -179.70754    330.000     0.8263     0.8258  29.748831  29.746833    34.8005    34.7984    295.862    288.625    -0.1383     4.6608     0.0820     0.0820     0.0242     0.0194      14603    10.1400     100.00     2.2854     1.9966         15 0.0000e+00
    327.277   76.58608 -179.70756    331.000     0.8213     0.8214  29.744720  29.743266    34.8002    34.7981    295.959    291.214    -0.1686     4.6606     0.0829     0.0829     0.0243     0.0182      14627    10.1573     100.00     2.2855     2.0095         17 0.0000e+00
    328.265   76.58608 -179.70756    332.000     0.8172     0.8171  29.741609  29.739815    34.8001    34.7978    295.968    290.736    -0.1369     4.6609     0.0817     0.0817     0.0240     0.0195      14652    10.1745     100.00     2.2851     2.0066         14 0.0000e+00
    329.253   76.58608 -179.70756    333.000     0.8155     0.8159  29.740803  29.739507    34.8003    34.7982    295.958    289.643    -0.1729     4.6611     0.0829     0.0829     0.0239     0.0181      14677    10.1914     100.00     2.2847     2.0008         13 0.0000e+00
    330.241   76.58608 -179.70756    334.000     0.8189     0.8191  29.744255  29.742830    34.8005    34.7984    296.017    290.691    -0.1670     4.6611     0.0830     0.0830     0.0239     0.0183      14702    10.2088     100.00     2.2850     2.0061         15 0.0000e+00
    331.229   76.58608 -179.70756    335.000     0.8164     0.8166  29.742232  29.740837    34.8001    34.7980    296.272    290.873    -0.1559     4.6616     0.0829     0.0829     0.0235     0.0187      14726    10.2259     100.00     2.2861     2.0067         14 0.0000e+00
    332.216   76.58606 -179.70756    336.000     0.8149     0.8150  29.741504  29.739980    34.8001    34.7981    296.416    290.635    -0.1549     4.6606     0.0830     0.0830     0.0243     0.0188      14751    10.2430     100.00     2.2867     2.0053         10 0.0000e+00
    333.204   76.58606 -179.70756    337.000     0.8085     0.8083  29.735918  29.734221    34.7995    34.7975    296.613    290.634    -0.1762     4.6606     0.0830     0.0830     0.0243     0.0179      14776    10.2604     100.00     2.2873     2.0048         13 0.0000e+00
    334.192   76.58606 -179.70756    338.000     0.7936     0.7949  29.724083  29.723665    34.8003    34.7983    296.655    289.538    -0.1659     4.6597     0.0826     0.0826     0.0251     0.0183      14800    10.2773     100.00     2.2866     1.9984         11 0.0000e+00
    335.180   76.58606 -179.70758    339.000     0.8246     0.8243  29.754197  29.752578    34.8040    34.8022    296.261    291.200    -0.1692     4.6606     0.0818     0.0818     0.0243     0.0182      14825    10.2947     100.00     2.2856     2.0080         14 0.0000e+00
    336.168   76.58606 -179.70758    340.000     0.8304     0.8304  29.759706  29.758010    34.8041    34.8018    296.157    290.797    -0.1317     4.6613     0.0818     0.0818     0.0238     0.0197      14850    10.3118     100.00     2.2850     2.0060         15 0.0000e+00
    337.156   76.58606 -179.70758    341.000     0.8267     0.8269  29.757133  29.755692    34.8042    34.8023    296.088    289.492    -0.1582     4.6610     0.0820     0.0820     0.0240     0.0187      14875    10.3288     100.00     2.2842     1.9990         13 0.0000e+00
    338.144   76.58606 -179.70758    342.000     0.8250     0.8251  29.756002  29.754505    34.8042    34.8021    296.015    291.069    -0.1353     4.6613     0.0830     0.0830     0.0237     0.0196      14899    10.3461     100.00     2.2835     2.0068         14 0.0000e+00
    339.132   76.58606 -179.70758    343.000     0.8236     0.8234  29.755222  29.753440    34.8040    34.8020    295.953    290.496    -0.1417     4.6609     0.0830     0.0830     0.0241     0.0193      14924    10.3632     100.00     2.2828     2.0036         12 0.0000e+00
    340.120   76.58606 -179.70758    344.000     0.8200     0.8201  29.752462  29.750921    34.8040    34.8018    295.839    289.391    -0.1654     4.6609     0.0819     0.0819     0.0241     0.0184      14949    10.3803     100.00     2.2816     1.9976         14 0.0000e+00
    341.108   76.58606 -179.70759    345.000     0.8160     0.8158  29.749172  29.747456    34.8036    34.8016    295.748    290.938    -0.1651     4.6615     0.0827     0.0827     0.0236     0.0184      14973    10.3975     100.00     2.2806     2.0051         15 0.0000e+00
    342.096   76.58606 -179.70760    346.000     0.8066     0.8063  29.741334  29.739478    34.8033    34.8013    295.825    289.557    -0.1694     4.6618     0.0830     0.0830     0.0233     0.0182      14998    10.4146     100.00     2.2804     1.9975         13 0.0000e+00
    343.083   76.58606 -179.70760    347.000     0.8009     0.8010  29.736566  29.735188    34.8030    34.8011    295.853    289.462    -0.1433     4.6615     0.0822     0.0822     0.0235     0.0192      15023    10.4318     100.00     2.2800     1.9966         16 0.0000e+00
    344.071   76.58606 -179.70760    348.000     0.7962     0.7971  29.732919  29.732046    34.8029    34.8008    295.850    289.883    -0.1528     4.6610     0.0818     0.0818     0.0240     0.0189      15048    10.4490     100.00     2.2795     1.9983         14 0.0000e+00
    345.059   76.58606 -179.70760    349.000     0.7899     0.7901  29.727558  29.726177    34.8025    34.8005    295.851    289.330    -0.1731     4.6617     0.0816     0.0816     0.0234     0.0181      15072    10.4659     100.00     2.2790     1.9950         12 0.0000e+00
