Continuous CTD Data/SBE Stage/nabos_05_01avg.cnv
* Sea-Bird SBE 9 Data File:
* FileName = D:\CTD\data\HLY2502\raw\NABOS_05_01.hex
* Software Version Seasave V 7.26.7.110
* Temperature SN = 6954
* Conductivity SN = 2561
* Number of Bytes Per Scan = 37
* Number of Voltage Words = 4
* Number of Scans Averaged by the Deck Unit = 1
* NMEA Latitude = 75 06.57 N
* NMEA Longitude = 172 12.56 E
* NMEA UTC (Time) = Sep 12 2025  16:44:22
* NMEA baud rate = 9600
** Ship: USCG HEALY
** Bot. Depth:  145
** Cast Number:  01
** Station Name:  NABOS
** Station Number:  05
** Operator:  STARC
# nquan = 25
# nvalues = 134                         
# units = specified
# name 0 = depSM: Depth [salt water, m]
# name 1 = latitude: Latitude [deg]
# name 2 = longitude: Longitude [deg]
# name 3 = prDM: Pressure, Digiquartz [db]
# name 4 = t090C: Temperature [ITS-90, deg C]
# name 5 = t190C: Temperature, 2 [ITS-90, deg C]
# name 6 = c0mS/cm: Conductivity [mS/cm]
# name 7 = c1mS/cm: Conductivity, 2 [mS/cm]
# name 8 = sal00: Salinity, Practical [PSU]
# name 9 = sal11: Salinity, Practical, 2 [PSU]
# name 10 = sbox0Mm/Kg: Oxygen, SBE 43 [umol/kg]
# name 11 = sbox1Mm/Kg: Oxygen, SBE 43, 2 [umol/kg]
# name 12 = flECO-AFL: Fluorescence, WET Labs ECO-AFL/FL [mg/m^3]
# name 13 = v2: Voltage 2
# name 14 = wetCDOM: Fluorescence, WET Labs CDOM [mg/m^3]
# name 15 = v6: Voltage 6
# name 16 = CStarAt0: Beam Attenuation, WET Labs C-Star [1/m]
# name 17 = v3: Voltage 3
# name 18 = scan: Scan Count
# name 19 = timeM: Time, Elapsed [minutes]
# name 20 = altM: Altimeter [m]
# name 21 = sbeox0V: Oxygen raw, SBE 43 [V]
# name 22 = sbeox1V: Oxygen raw, SBE 43, 2 [V]
# name 23 = nbin: number of scans per bin
# name 24 = flag: flag
# span 0 =      3.958,    135.531       
# span 1 =   75.10950,   75.11002       
# span 2 =  172.20930,  172.20969       
# span 3 =      4.000,    137.000       
# span 4 =    -1.6572,    -0.7875       
# span 5 =    -1.6568,    -0.7860       
# span 6 =  22.437219,  27.955544       
# span 7 =  22.447489,  27.955135       
# span 8 =    27.4403,    34.3634       
# span 9 =    27.4522,    34.3613       
# span 10 =    265.852,    379.103      
# span 11 =    224.516,    369.438      
# span 12 =    -0.1367,     0.3978      
# span 13 =     4.4116,     4.6591      
# span 14 =     0.0955,     0.1220      
# span 15 =     0.0955,     0.1220      
# span 16 =     0.0255,     0.2441      
# span 17 =     0.0195,     0.0409      
# span 18 =        237,       9857      
# span 19 =     0.1638,     6.8446      
# span 20 =      -0.11,     100.00      
# span 21 =     2.0637,     2.6434      
# span 22 =     1.5984,     2.2815      
# span 23 =          1,         26      
# span 24 = 0.0000e+00, 0.0000e+00      
# interval = decibars: 1                
# start_time = Sep 12 2025 16:44:22 [NMEA time, header]
# bad_flag = -9.990e-29
*END*
[from data line 58]
     61.346   75.10966  172.20950     62.000    -1.5873    -1.5867  26.596054  26.594880    33.4525    33.4503    306.717    299.867    -0.0476     4.6547     0.1167     0.1167     0.0294     0.0231       3538     2.4561      86.56     2.2667     1.9844         19 0.0000e+00
     62.336   75.10966  172.20950     63.000    -1.5830    -1.5822  26.608168  26.607959    33.4638    33.4626    304.225    297.774    -0.0467     4.6558     0.1154     0.1154     0.0284     0.0231       3599     2.4987      85.48     2.2524     1.9744         18 0.0000e+00
     63.325   75.10966  172.20950     64.000    -1.5763    -1.5752  26.627224  26.626989    33.4820    33.4804    302.540    296.000    -0.0681     4.6550     0.1168     0.1168     0.0291     0.0223       3654     2.5367      84.47     2.2430     1.9660         19 0.0000e+00
     64.314   75.10966  172.20952     65.000    -1.5637    -1.5631  26.656402  26.655164    33.5075    33.5051    301.575    294.895    -0.0555     4.6567     0.1177     0.1177     0.0276     0.0228       3691     2.5623      83.45     2.2382     1.9612         22 0.0000e+00
     65.304   75.10966  172.20952     66.000    -1.5579    -1.5573  26.666321  26.666092    33.5142    33.5132    300.117    294.035    -0.0686     4.6565     0.1172     0.1172     0.0278     0.0223       3743     2.5988      82.40     2.2300     1.9572         18 0.0000e+00
     66.293   75.10966  172.20952     67.000    -1.5502    -1.5490  26.683056  26.682570    33.5279    33.5260    298.017    292.023    -0.0517     4.6568     0.1177     0.1177     0.0276     0.0229       3807     2.6431      81.40     2.2182     1.9477         18 0.0000e+00
     67.282   75.10966  172.20953     68.000    -1.5400    -1.5392  26.702929  26.701967    33.5433    33.5412    297.136    290.957    -0.0797     4.6499     0.1192     0.1192     0.0335     0.0218       3847     2.6706      80.42     2.2136     1.9428         15 0.0000e+00
     68.272   75.10966  172.20954     69.000    -1.5273    -1.5265  26.726580  26.726247    33.5610    33.5597    295.795    289.919    -0.0810     4.6497     0.1185     0.1185     0.0337     0.0218       3901     2.7086      79.29     2.2065     1.9383         17 0.0000e+00
     69.261   75.10966  172.20954     70.000    -1.5177    -1.5174  26.744145  26.742888    33.5739    33.5719    293.914    287.197    -0.0844     4.6565     0.1190     0.1190     0.0279     0.0217       3958     2.7476      78.31     2.1960     1.9253         17 0.0000e+00
     70.250   75.10966  172.20955     71.000    -1.5052    -1.5044  26.766225  26.764930    33.5897    33.5871    292.129    284.873    -0.0892     4.6566     0.1185     0.1185     0.0278     0.0215       4005     2.7804      77.26     2.1863     1.9145         18 0.0000e+00
     71.239   75.10966  172.20956     72.000    -1.4876    -1.4870  26.794078  26.793179    33.6077    33.6058    290.453    284.687    -0.0889     4.6562     0.1208     0.1208     0.0281     0.0215       4046     2.8092      76.23     2.1775     1.9143         16 0.0000e+00
     72.228   75.10966  172.20956     73.000    -1.4698    -1.4685  26.820086  26.822326    33.6229    33.6245    286.906    283.060    -0.0908     4.6546     0.1208     0.1208     0.0295     0.0214       4107     2.8516      75.17     2.1578     1.9072         16 0.0000e+00
     73.218   75.10966  172.20956     74.000    -1.4599    -1.4595  26.837746  26.836278    33.6355    33.6330    284.078    279.429    -0.0920     4.6538     0.1220     0.1220     0.0301     0.0214       4157     2.8861      74.22     2.1419     1.8896         13 0.0000e+00
     74.207   75.10966  172.20958     75.000    -1.4502    -1.4495  26.853325  26.852701    33.6454    33.6438    281.705    276.805    -0.0865     4.6514     0.1212     0.1212     0.0322     0.0216       4200     2.9161      73.12     2.1285     1.8771         17 0.0000e+00
     75.196   75.10966  172.20958     76.000    -1.4301    -1.4288  26.885056  26.886345    33.6659    33.6662    278.526    273.597    -0.0837     4.6505     0.1218     0.1218     0.0330     0.0217       4263     2.9596      72.08     2.1110     1.8623         15 0.0000e+00
     76.185   75.10966  172.20958     77.000    -1.4098    -1.4093  26.920446  26.918891    33.6911    33.6884    276.903    271.708    -0.0866     4.6505     0.1209     0.1209     0.0330     0.0216       4310     2.9925      71.13     2.1027     1.8539         14 0.0000e+00
     77.175   75.10966  172.20959     78.000    -1.4020    -1.4014  26.936391  26.935216    33.7036    33.7013    275.935    270.433    -0.0930     4.6487     0.1206     0.1206     0.0345     0.0213       4354     3.0226      70.08     2.0974     1.8479         14 0.0000e+00
     78.164   75.10966  172.20960     79.000    -1.3945    -1.3941  26.950903  26.949867    33.7145    33.7126    274.915    267.470    -0.0862     4.6496     0.1197     0.1197     0.0338     0.0216       4413     3.0637      69.01     2.0918     1.8336         17 0.0000e+00
     79.153   75.10966  172.20960     80.000    -1.3837    -1.3831  26.972268  26.970848    33.7310    33.7285    274.249    266.902    -0.0878     4.6484     0.1198     0.1198     0.0348     0.0215       4456     3.0937      68.00     2.0884     1.8312         15 0.0000e+00
     80.143   75.10966  172.20960     81.000    -1.3707    -1.3699  26.996918  26.997312    33.7497    33.7494    273.773    267.163    -0.0877     4.6470     0.1199     0.1199     0.0360     0.0215       4509     3.1304      66.94     2.0863     1.8330         15 0.0000e+00
     81.132   75.10966  172.20962     82.000    -1.3579    -1.3574  27.025651  27.024578    33.7742    33.7722    273.556    267.143    -0.0883     4.6464     0.1205     0.1205     0.0365     0.0215       4567     3.1710      66.01     2.0858     1.8335         12 0.0000e+00
     82.121   75.10966  172.20962     83.000    -1.3471    -1.3465  27.050830  27.049622    33.7959    33.7937    273.373    267.448    -0.0842     4.6458     0.1190     0.1190     0.0370     0.0217       4606     3.1976      64.94     2.0853     1.8355         14 0.0000e+00
     83.110   75.10966  172.20962     84.000    -1.3407    -1.3399  27.066020  27.066060    33.8090    33.8082    273.488    267.439    -0.0896     4.6453     0.1190     0.1190     0.0375     0.0214       4668     3.2412      63.89     2.0862     1.8357         13 0.0000e+00
     84.099   75.10966  172.20962     85.000    -1.3320    -1.3313  27.087448  27.086137    33.8280    33.8254    273.884    268.280    -0.0927     4.6447     0.1184     0.1184     0.0380     0.0213       4717     3.2751      62.92     2.0889     1.8402         16 0.0000e+00
     85.088   75.10966  172.20963     86.000    -1.3231    -1.3224  27.108471  27.107396    33.8462    33.8440    274.275    267.649    -0.1208     4.6478     0.1178     0.1178     0.0353     0.0202       4753     3.2998      61.84     2.0917     1.8374         15 0.0000e+00
     86.078   75.10968  172.20964     87.000    -1.3186    -1.3176  27.118780  27.119220    33.8547    33.8541    275.043    268.450    -0.0817     4.6484     0.1181     0.1181     0.0348     0.0218       4820     3.3464      60.81     2.0963     1.8415         13 0.0000e+00
     87.067   75.10968  172.20964     88.000    -1.3121    -1.3115  27.139106  27.137614    33.8746    33.8720    275.632    269.007    -0.0904     4.6479     0.1197     0.1197     0.0353     0.0214       4866     3.3784      59.84     2.1000     1.8445         11 0.0000e+00
     88.056   75.10968  172.20964     89.000    -1.3027    -1.3021  27.165593  27.165240    33.8998    33.8986    275.975    269.877    -0.0865     4.6471     0.1174     0.1174     0.0359     0.0216       4902     3.4038      58.82     2.1026     1.8493         11 0.0000e+00
     89.045   75.10968  172.20965     90.000    -1.2857    -1.2845  27.208212  27.209344    33.9384    33.9387    277.616    271.021    -0.0783     4.6474     0.1154     0.1154     0.0356     0.0219       4972     3.4518      57.73     2.1133     1.8559         12 0.0000e+00
     90.034   75.10968  172.20966     91.000    -1.2800    -1.2795  27.223983  27.222482    33.9530    33.9503    278.975    272.598    -0.0971     4.6489     0.1155     0.1155     0.0343     0.0211       5020     3.4856      56.74     2.1215     1.8638         20 0.0000e+00
     91.024   75.10968  172.20966     92.000    -1.2747    -1.2741  27.239701  27.238610    33.9679    33.9657    279.903    272.847    -0.1329     4.6511     0.1154     0.1154     0.0325     0.0197       5059     3.5128      55.71     2.1271     1.8652         13 0.0000e+00
     92.013   75.10968  172.20966     93.000    -1.2635    -1.2629  27.263540  27.262899    33.9873    33.9858    281.210    273.926    -0.1289     4.6517     0.1144     0.1144     0.0320     0.0198       5122     3.5559      54.63     2.1354     1.8710         19 0.0000e+00
     93.002   75.10968  172.20966     94.000    -1.2571    -1.2567  27.279020  27.277448    34.0007    33.9980    281.891    275.290    -0.1162     4.6530     0.1123     0.1123     0.0308     0.0203       5171     3.5901      53.65     2.1396     1.8780         15 0.0000e+00
     93.991   75.10969  172.20966     95.000    -1.2490    -1.2483  27.301087  27.300078    34.0211    34.0190    282.271    274.931    -0.1102     4.6543     0.1123     0.1123     0.0298     0.0206       5211     3.6182      52.63     2.1423     1.8766         14 0.0000e+00
     94.980   75.10970  172.20966     96.000    -1.2416    -1.2412  27.319869  27.318643    34.0379    34.0357    283.232    275.635    -0.1195     4.6543     0.1123     0.1123     0.0297     0.0202       5272     3.6602      51.56     2.1483     1.8804         16 0.0000e+00
     95.969   75.10970  172.20966     97.000    -1.2387    -1.2382  27.328103  27.326671    34.0453    34.0427    284.118    277.570    -0.1298     4.6547     0.1120     0.1120     0.0294     0.0198       5324     3.6968      50.55     2.1535     1.8899         14 0.0000e+00
     96.959   75.10970  172.20966     98.000    -1.2340    -1.2335  27.339160  27.337574    34.0545    34.0518    284.935    278.003    -0.1333     4.6558     0.1130     0.1130     0.0284     0.0196       5369     3.7275      49.52     2.1584     1.8922         17 0.0000e+00
     97.948   75.10970  172.20966     99.000    -1.2273    -1.2265  27.353864  27.352679    34.0664    34.0639    285.525    278.397    -0.1137     4.6563     0.1113     0.1113     0.0280     0.0204       5425     3.7663      48.44     2.1621     1.8944         16 0.0000e+00
     98.937   75.10971  172.20966    100.000    -1.2190    -1.2185  27.372189  27.370715    34.0815    34.0789    285.983    279.239    -0.1263     4.6557     0.1103     0.1103     0.0285     0.0199       5478     3.8033      47.50     2.1652     1.8989         14 0.0000e+00
     99.926   75.10972  172.20966    101.000    -1.2042    -1.2033  27.402511  27.401127    34.1056    34.1027    286.096    278.578    -0.1309     4.6568     0.1098     0.1098     0.0276     0.0197       5518     3.8315      46.47     2.1667     1.8963         16 0.0000e+00
    100.915   75.10972  172.20966    102.000    -1.1937    -1.1931  27.420945  27.419486    34.1183    34.1157    286.269    278.684    -0.1236     4.6570     0.1092     0.1092     0.0274     0.0200       5575     3.8708      45.38     2.1682     1.8972         17 0.0000e+00
    101.904   75.10972  172.20966    103.000    -1.1857    -1.1852  27.438873  27.437334    34.1332    34.1304    286.848    280.991    -0.1205     4.6577     0.1078     0.1078     0.0268     0.0202       5632     3.9103      44.40     2.1719     1.9089         17 0.0000e+00
    102.893   75.10972  172.20966    104.000    -1.1786    -1.1779  27.452911  27.451455    34.1436    34.1409    286.933    280.003    -0.1347     4.6563     0.1088     0.1088     0.0280     0.0196       5671     3.9374      43.40     2.1727     1.9043         11 0.0000e+00
    103.882   75.10974  172.20964    105.000    -1.1690    -1.1682  27.468757  27.467499    34.1538    34.1512    287.104    279.403    -0.1292     4.6568     0.1081     0.1081     0.0276     0.0198       5732     3.9797      42.31     2.1742     1.9016         17 0.0000e+00
    104.871   75.10974  172.20966    106.000    -1.1578    -1.1573  27.489454  27.487880    34.1688    34.1661    287.199    279.987    -0.1211     4.6571     0.1075     0.1075     0.0274     0.0202       5787     4.0178      41.34     2.1752     1.9050         16 0.0000e+00
    105.860   75.10974  172.20964    107.000    -1.1535    -1.1529  27.496641  27.495053    34.1731    34.1702    287.512    280.172    -0.1346     4.6584     0.1046     0.1046     0.0261     0.0196       5822     4.0422      40.34     2.1771     1.9059         15 0.0000e+00
    106.850   75.10974  172.20964    108.000    -1.1513    -1.1517  27.500208  27.497652    34.1749    34.1718    287.597    280.953    -0.1283     4.6581     0.1065     0.1065     0.0264     0.0199       5885     4.0864      39.27     2.1775     1.9097         15 0.0000e+00
    107.839   75.10976  172.20964    109.000    -1.1439    -1.1434  27.513544  27.511918    34.1841    34.1813    287.575    280.818    -0.1285     4.6579     0.1050     0.1050     0.0266     0.0198       5937     4.1219      38.30     2.1777     1.9093         15 0.0000e+00
    108.828   75.10976  172.20964    110.000    -1.1305    -1.1297  27.534462  27.533322    34.1968    34.1943    287.574    280.213    -0.1279     4.6588     0.1046     0.1046     0.0258     0.0199       5976     4.1490      37.27     2.1783     1.9068         14 0.0000e+00
    109.817   75.10976  172.20964    111.000    -1.1231    -1.1209  27.545661  27.546237    34.2031    34.2014    287.579    280.191    -0.1163     4.6583     0.1038     0.1038     0.0262     0.0203       6043     4.1961      36.17     2.1786     1.9070         17 0.0000e+00
    110.806   75.10976  172.20964    112.000    -1.0940    -1.0926  27.584809  27.583595    34.2228    34.2195    287.389    281.529    -0.1104     4.6591     0.1055     0.1055     0.0255     0.0206       6091     4.2293      35.24     2.1790     1.9148         14 0.0000e+00
    111.795   75.10977  172.20964    113.000    -1.0791    -1.0781  27.601935  27.600548    34.2286    34.2256    287.050    283.060    -0.1262     4.6585     0.1038     0.1038     0.0261     0.0199       6132     4.2573      23.04     2.1776     1.9229         16 0.0000e+00
    112.784   75.10978  172.20964    114.000    -1.0707    -1.0687  27.612129  27.611875    34.2323    34.2297    286.124    281.340    -0.1340     4.6573     0.1053     0.1053     0.0271     0.0196       6190     4.2981      15.91     2.1724     1.9146         14 0.0000e+00
    113.773   75.10978  172.20964    115.000    -1.0543    -1.0534  27.634379  27.633347    34.2434    34.2410    285.056    278.988    -0.1207     4.6576     0.1040     0.1040     0.0269     0.0201       6247     4.3375      16.00     2.1669     1.9035         13 0.0000e+00
    114.762   75.10978  172.20963    116.000    -1.0446    -1.0442  27.647828  27.646226    34.2501    34.2475    284.533    278.929    -0.1314     4.6558     0.1044     0.1044     0.0284     0.0197       6284     4.3634      17.12     2.1641     1.9035         12 0.0000e+00
    115.751   75.10979  172.20962    117.000    -1.0416    -1.0411  27.651911  27.650189    34.2517    34.2487    283.752    277.361    -0.1302     4.6558     0.1042     0.1042     0.0284     0.0198       6342     4.4031      -0.11     2.1595     1.8957         19 0.0000e+00
    116.740   75.10980  172.20962    118.000    -1.0399    -1.0396  27.655624  27.653963    34.2541    34.2515    283.332    276.703    -0.1343     4.6554     0.1057     0.1057     0.0288     0.0196       6400     4.4439       0.00     2.1570     1.8923         14 0.0000e+00
