Continuous CTD Data/SBE Stage/nabos_17_01.ros
* Sea-Bird SBE 9 Data File:
* FileName = D:\CTD\data\HLY2502\raw\NABOS_17_01.hex
* Software Version Seasave V 7.26.7.110
* Temperature SN = 6954
* Conductivity SN = 2561
* Number of Bytes Per Scan = 37
* Number of Voltage Words = 4
* Number of Scans Averaged by the Deck Unit = 1
* NMEA Latitude = 77 28.99 N
* NMEA Longitude = 178 18.03 E
* NMEA UTC (Time) = Sep 17 2025  11:26:45
* NMEA baud rate = 9600
** Ship: USCG HEALY
** Bot. Depth:  1260
** Cast Number:  01
** Station Name:  NABOS
** Station Number:  17
** Operator:  STARC
# nquan = 25
# nvalues = 1078                                  
# units = specified
# name 0 = depSM: Depth [salt water, m]
# name 1 = latitude: Latitude [deg]
# name 2 = longitude: Longitude [deg]
# name 3 = prDM: Pressure, Digiquartz [db]
# name 4 = t090C: Temperature [ITS-90, deg C]
# name 5 = t190C: Temperature, 2 [ITS-90, deg C]
# name 6 = c0mS/cm: Conductivity [mS/cm]
# name 7 = c1mS/cm: Conductivity, 2 [mS/cm]
# name 8 = sal00: Salinity, Practical [PSU]
# name 9 = sal11: Salinity, Practical, 2 [PSU]
# name 10 = sbox0Mm/Kg: Oxygen, SBE 43 [umol/kg]
# name 11 = sbox1Mm/Kg: Oxygen, SBE 43, 2 [umol/kg]
# name 12 = flECO-AFL: Fluorescence, WET Labs ECO-AFL/FL [mg/m^3]
# name 13 = v2: Voltage 2
# name 14 = wetCDOM: Fluorescence, WET Labs CDOM [mg/m^3]
# name 15 = v6: Voltage 6
# name 16 = CStarAt0: Beam Attenuation, WET Labs C-Star [1/m]
# name 17 = v3: Voltage 3
# name 18 = scan: Scan Count
# name 19 = timeM: Time, Elapsed [minutes]
# name 20 = altM: Altimeter [m]
# name 21 = sbeox0V: Oxygen raw, SBE 43 [V]
# name 22 = sbeox1V: Oxygen raw, SBE 43, 2 [V]
# name 23 = nbf: Bottles Fired
# name 24 = flag:  0.000e+00
# interval = seconds: 0.0416667
# start_time = Sep 17 2025 11:26:45 [NMEA time, header]
# bad_flag = -9.990e-29
*END*
[from data line 870]
     20.119   77.49258  178.31380     20.333    -1.5339    -1.5339  23.791307  23.790880    29.5693    29.5688    371.250    360.303     0.2602     4.6154     0.1160     0.1160     0.0633     0.0354     108049    75.0333     100.00     2.5900     2.2389         18  0.000e+00
     20.119   77.49258  178.31380     20.333    -1.5339    -1.5338  23.791422  23.790502    29.5695    29.5682    371.250    360.304     0.2908     4.6142     0.1160     0.1160     0.0644     0.0366     108050    75.0340     100.00     2.5900     2.2389         18  0.000e+00
     20.135   77.49258  178.31380     20.350    -1.5339    -1.5339  23.791307  23.790232    29.5693    29.5679    371.467    360.051     0.2908     4.6154     0.1148     0.1148     0.0633     0.0366     108051    75.0347     100.00     2.5912     2.2377         18  0.000e+00
     20.176   77.49258  178.31380     20.391    -1.5338    -1.5339  23.791422  23.790340    29.5694    29.5680    371.468    359.285     0.2908     4.6154     0.1160     0.1160     0.0633     0.0366     108052    75.0354     100.00     2.5912     2.2340         18  0.000e+00
     20.119   77.49258  178.31380     20.333    -1.5340    -1.5339  23.791479  23.790772    29.5697    29.5687    371.251    358.769     0.2908     4.6154     0.1160     0.1160     0.0633     0.0366     108053    75.0361     100.00     2.5900     2.2316         18  0.000e+00
     20.119   77.49258  178.31380     20.333    -1.5339    -1.5339  23.791307  23.791042    29.5694    29.5690    371.250    358.512     0.2602     4.6154     0.1160     0.1160     0.0633     0.0354     108054    75.0368     100.00     2.5900     2.2303         18  0.000e+00
     20.135   77.49258  178.31382     20.350    -1.5339    -1.5336  23.791594  23.790556    29.5697    29.5681    371.250    358.512     0.2908     4.6142     0.1172     0.1172     0.0644     0.0366     108055    75.0375     100.00     2.5900     2.2303         18  0.000e+00
     20.176   77.49258  178.31382     20.391    -1.5339    -1.5339  23.791536  23.790556    29.5696    29.5683    371.252    358.773     0.2908     4.6154     0.1172     0.1172     0.0633     0.0366     108056    75.0382     100.00     2.5900     2.2316         18  0.000e+00
     20.119   77.49258  178.31382     20.333    -1.5339    -1.5336  23.791479  23.790664    29.5696    29.5682    371.250    359.279     0.2908     4.6142     0.1172     0.1172     0.0644     0.0366     108057    75.0389     100.00     2.5900     2.2340         18  0.000e+00
     20.135   77.49258  178.31382     20.350    -1.5339    -1.5336  23.791307  23.790448    29.5693    29.5679    371.251    359.792     0.2908     4.6142     0.1172     0.1172     0.0644     0.0366     108058    75.0396     100.00     2.5900     2.2365         18  0.000e+00
     20.119   77.49258  178.31382     20.333    -1.5339    -1.5339  23.791594  23.790232    29.5698    29.5679    371.249    360.306     0.2908     4.6154     0.1172     0.1172     0.0633     0.0366     108059    75.0403     100.00     2.5900     2.2389         18  0.000e+00
     20.176   77.49258  178.31382     20.391    -1.5339    -1.5336  23.791709  23.790016    29.5698    29.5673    371.467    360.307     0.2908     4.6154     0.1172     0.1172     0.0633     0.0366     108060    75.0410     100.00     2.5912     2.2389         18  0.000e+00
     20.119   77.49260  178.31384     20.334    -1.5338    -1.5339  23.791881  23.790394    29.5701    29.5681    371.461    364.140     0.2602     4.6142     0.1172     0.1172     0.0644     0.0354     108176    75.1215     100.00     2.5912     2.2572         19  0.000e+00
     20.177   77.49260  178.31384     20.392    -1.5342    -1.5339  23.791939  23.790232    29.5705    29.5679    371.467    363.887     0.2908     4.6154     0.1172     0.1172     0.0633     0.0366     108177    75.1222     100.00     2.5912     2.2560         19  0.000e+00
     20.119   77.49260  178.31384     20.334    -1.5339    -1.5338  23.791766  23.790340    29.5700    29.5679    371.463    363.372     0.2908     4.6142     0.1172     0.1172     0.0644     0.0366     108178    75.1229     100.00     2.5912     2.2535         19  0.000e+00
     20.136   77.49260  178.31384     20.350    -1.5339    -1.5339  23.792226  23.790394    29.5706    29.5681    371.245    363.117     0.2908     4.6142     0.1172     0.1172     0.0644     0.0366     108179    75.1236      96.70     2.5900     2.2523         19  0.000e+00
     20.119   77.49260  178.31384     20.334    -1.5340    -1.5341  23.792053  23.790232    29.5705    29.5681    371.462    363.119     0.2602     4.6142     0.1209     0.1209     0.0644     0.0354     108180    75.1243      92.77     2.5912     2.2523         19  0.000e+00
     20.119   77.49260  178.31384     20.334    -1.5341    -1.5338  23.792111  23.790340    29.5706    29.5679    371.246    363.371     0.2602     4.6142     0.1209     0.1209     0.0644     0.0354     108181    75.1250      91.75     2.5900     2.2535         19  0.000e+00
     20.177   77.49260  178.31384     20.392    -1.5342    -1.5339  23.791996  23.790070    29.5706    29.5677    371.467    363.632     0.2602     4.6142     0.1221     0.1221     0.0644     0.0354     108182    75.1257      91.82     2.5912     2.2548         19  0.000e+00
     20.136   77.49260  178.31384     20.350    -1.5343    -1.5338  23.792111  23.790286    29.5708    29.5679    371.249    363.884     0.2602     4.6142     0.1209     0.1209     0.0644     0.0354     108183    75.1264      91.99     2.5900     2.2560         19  0.000e+00
     20.119   77.49260  178.31384     20.334    -1.5340    -1.5339  23.792168  23.790232    29.5707    29.5679    371.462    363.884     0.2602     4.6142     0.1221     0.1221     0.0644     0.0354     108184    75.1271      92.04     2.5912     2.2560         19  0.000e+00
     20.177   77.49260  178.31384     20.392    -1.5341    -1.5341  23.791996  23.790340    29.5705    29.5682    371.250    363.633     0.2297     4.6142     0.1184     0.1184     0.0644     0.0342     108185    75.1278      95.41     2.5900     2.2548         19  0.000e+00
     20.136   77.49260  178.31384     20.350    -1.5339    -1.5339  23.791766  23.790232    29.5699    29.5679    371.247    363.629     0.2602     4.6142     0.1172     0.1172     0.0644     0.0354     108186    75.1285      98.56     2.5900     2.2548         19  0.000e+00
     20.177   77.49260  178.31384     20.392    -1.5339    -1.5339  23.791709  23.789962    29.5698    29.5675    371.249    363.377     0.2602     4.6142     0.1172     0.1172     0.0644     0.0354     108187    75.1292     100.00     2.5900     2.2535         19  0.000e+00
     20.119   77.49260  178.31384     20.334    -1.5341    -1.5341  23.791881  23.789908    29.5703    29.5677    371.247    363.120     0.2602     4.6142     0.1172     0.1172     0.0644     0.0354     108188    75.1299     100.00     2.5900     2.2523         19  0.000e+00
     20.119   77.49260  178.31384     20.334    -1.5339    -1.5336  23.791938  23.790070    29.5702    29.5673    371.461    362.603     0.2602     4.6142     0.1172     0.1172     0.0644     0.0354     108189    75.1306     100.00     2.5912     2.2499         19  0.000e+00
     20.136   77.49260  178.31384     20.350    -1.5341    -1.5338  23.791938  23.790502    29.5704    29.5682    371.248    362.348     0.2602     4.6166     0.1160     0.1160     0.0622     0.0354     108190    75.1312     100.00     2.5900     2.2487         19  0.000e+00
     20.177   77.49260  178.31384     20.392    -1.5342    -1.5338  23.792111  23.790448    29.5707    29.5680    371.466    361.839     0.2602     4.6166     0.1172     0.1172     0.0622     0.0354     108191    75.1319     100.00     2.5912     2.2462         19  0.000e+00
     20.119   77.49260  178.31384     20.334    -1.5341    -1.5339  23.791824  23.790556    29.5703    29.5684    371.247    361.581     0.2602     4.6166     0.1148     0.1148     0.0622     0.0354     108192    75.1326     100.00     2.5900     2.2450         19  0.000e+00
     20.119   77.49260  178.31384     20.334    -1.5339    -1.5339  23.791709  23.790448    29.5699    29.5682    371.462    361.581     0.2602     4.6166     0.1148     0.1148     0.0622     0.0354     108193    75.1333     100.00     2.5912     2.2450         19  0.000e+00
     20.136   77.49260  178.31384     20.350    -1.5342    -1.5339  23.791881  23.790232    29.5704    29.5679    371.465    361.327     0.2602     4.6166     0.1148     0.1148     0.0622     0.0354     108194    75.1340     100.00     2.5912     2.2438         19  0.000e+00
     20.177   77.49260  178.31384     20.392    -1.5343    -1.5341  23.791939  23.790340    29.5705    29.5682    371.251    361.330     0.2908     4.6166     0.1148     0.1148     0.0622     0.0366     108195    75.1347     100.00     2.5900     2.2438         19  0.000e+00
     20.119   77.49260  178.31384     20.334    -1.5342    -1.5338  23.791938  23.790556    29.5705    29.5682    371.464    361.324     0.2602     4.6166     0.1148     0.1148     0.0622     0.0354     108196    75.1354     100.00     2.5912     2.2438         19  0.000e+00
     20.136   77.49260  178.31384     20.350    -1.5341    -1.5339  23.791766  23.790664    29.5702    29.5685    371.248    361.070     0.2602     4.6166     0.1148     0.1148     0.0622     0.0354     108197    75.1361     100.00     2.5900     2.2425         19  0.000e+00
     20.177   77.49260  178.31384     20.392    -1.5342    -1.5338  23.791881  23.790340    29.5704    29.5679    371.467    361.072     0.2602     4.6166     0.1148     0.1148     0.0622     0.0354     108198    75.1368     100.00     2.5912     2.2425         19  0.000e+00
     20.119   77.49260  178.31384     20.334    -1.5341    -1.5341  23.791938  23.790556    29.5704    29.5685    371.247    360.815     0.2602     4.6166     0.1148     0.1148     0.0622     0.0354     108199    75.1375     100.00     2.5900     2.2413         19  0.000e+00
     20.119   77.49260  178.31384     20.334    -1.5340    -1.5338  23.791938  23.790286    29.5704    29.5679    371.246    361.069     0.2602     4.6166     0.1148     0.1148     0.0622     0.0354     108200    75.1382     100.00     2.5900     2.2425         19  0.000e+00
     20.136   77.49260  178.31384     20.350    -1.5340    -1.5341  23.791766  23.790664    29.5701    29.5686    371.248    361.071     0.2602     4.6166     0.1136     0.1136     0.0622     0.0354     108201    75.1389     100.00     2.5900     2.2425         19  0.000e+00
     20.177   77.49260  178.31384     20.392    -1.5341    -1.5339  23.791881  23.790556    29.5703    29.5683    371.250    361.328     0.2602     4.6154     0.1148     0.1148     0.0633     0.0354     108202    75.1396     100.00     2.5900     2.2438         19  0.000e+00
     20.119   77.49260  178.31384     20.334    -1.5340    -1.5339  23.791766  23.790394    29.5701    29.5681    371.247    361.070     0.2602     4.6166     0.1148     0.1148     0.0622     0.0354     108203    75.1403     100.00     2.5900     2.2425         19  0.000e+00
     20.119   77.49260  178.31384     20.334    -1.5339    -1.5339  23.791881  23.790556    29.5702    29.5684    371.245    361.069     0.2297     4.6166     0.1136     0.1136     0.0622     0.0342     108204    75.1410     100.00     2.5900     2.2425         19  0.000e+00
     20.193   77.49260  178.31384     20.408    -1.5342    -1.5338  23.792111  23.790448    29.5707    29.5681    371.251    360.817     0.2602     4.6166     0.1148     0.1148     0.0622     0.0354     108205    75.1417     100.00     2.5900     2.2413         19  0.000e+00
     20.119   77.49260  178.31384     20.334    -1.5341    -1.5339  23.791651  23.790394    29.5700    29.5681    371.248    360.814     0.2602     4.6166     0.1148     0.1148     0.0622     0.0354     108206    75.1424     100.00     2.5900     2.2413         19  0.000e+00
     20.119   77.49260  178.31384     20.334    -1.5340    -1.5341  23.791651  23.790394    29.5700    29.5683    371.247    360.560     0.2602     4.6166     0.1148     0.1148     0.0622     0.0354     108207    75.1431     100.00     2.5900     2.2401         19  0.000e+00
     20.193   77.49260  178.31384     20.408    -1.5340    -1.5339  23.792053  23.790556    29.5705    29.5683    371.249    360.306     0.2602     4.6166     0.1136     0.1136     0.0622     0.0354     108208    75.1437     100.00     2.5900     2.2389         19  0.000e+00
     20.119   77.49260  178.31384     20.334    -1.5341    -1.5338  23.792168  23.790448    29.5707    29.5681    371.246    360.557     0.2602     4.6154     0.1148     0.1148     0.0633     0.0354     108209    75.1444     100.00     2.5900     2.2401         19  0.000e+00
     20.119   77.49260  178.31384     20.334    -1.5340    -1.5339  23.791996  23.790556    29.5704    29.5684    371.246    360.813     0.2602     4.6154     0.1148     0.1148     0.0633     0.0354     108210    75.1451     100.00     2.5900     2.2413         19  0.000e+00
     20.119   77.49260  178.31384     20.334    -1.5341    -1.5338  23.791938  23.790502    29.5704    29.5681    371.247    360.812     0.2297     4.6142     0.1148     0.1148     0.0644     0.0342     108211    75.1458     100.00     2.5900     2.2413         19  0.000e+00
     20.193   77.49260  178.31384     20.408    -1.5339    -1.5339  23.791766  23.790394    29.5699    29.5681    371.249    360.818     0.2602     4.6142     0.1148     0.1148     0.0644     0.0354     108212    75.1465     100.00     2.5900     2.2413         19  0.000e+00
     20.119   77.49260  178.31384     20.334    -1.5341    -1.5339  23.792053  23.790394    29.5706    29.5681    371.246    360.558     0.2602     4.6142     0.1148     0.1148     0.0644     0.0354     108213    75.1472     100.00     2.5900     2.2401         19  0.000e+00
     20.177   77.49260  178.31384     20.392    -1.5342    -1.5338  23.791996  23.790394    29.5706    29.5680    371.466    360.304     0.2602     4.6142     0.1148     0.1148     0.0644     0.0354     108214    75.1479     100.00     2.5912     2.2389         19  0.000e+00
     20.120   77.49260  178.31384     20.334    -1.5339    -1.5339  23.791938  23.790556    29.5702    29.5684    371.245    360.046     0.2602     4.6142     0.1148     0.1148     0.0644     0.0354     108215    75.1486     100.00     2.5900     2.2377         19  0.000e+00
     20.136   77.49260  178.31384     20.350    -1.5343    -1.5341  23.792111  23.790664    29.5708    29.5686    371.464    360.047     0.2602     4.6142     0.1148     0.1148     0.0644     0.0354     108216    75.1493     100.00     2.5912     2.2377         19  0.000e+00
     20.120   77.49260  178.31384     20.334    -1.5340    -1.5339  23.791996  23.790664    29.5704    29.5685    371.246    359.790     0.2602     4.6142     0.1148     0.1148     0.0644     0.0354     108217    75.1500     100.00     2.5900     2.2364         19  0.000e+00
     20.177   77.49260  178.31384     20.392    -1.5341    -1.5342  23.791766  23.790448    29.5701    29.5685    371.250    360.052     0.2908     4.6142     0.1148     0.1148     0.0644     0.0366     108218    75.1507     100.00     2.5900     2.2377         19  0.000e+00
     20.136   77.49260  178.31384     20.350    -1.5340    -1.5339  23.791709  23.790394    29.5700    29.5681    371.248    359.792     0.2602     4.6142     0.1148     0.1148     0.0644     0.0354     108219    75.1514     100.00     2.5900     2.2364         19  0.000e+00
     20.120   77.49260  178.31384     20.334    -1.5342    -1.5339  23.791709  23.790610    29.5702    29.5684    371.248    359.278     0.2297     4.6142     0.1148     0.1148     0.0644     0.0342     108220    75.1521     100.00     2.5900     2.2340         19  0.000e+00
