Continuous CTD Data/SBE Stage/nabos_10_02avg.cnv
* Sea-Bird SBE 9 Data File:
* FileName = D:\CTD\data\HLY2502\raw\NABOS_10_02.hex
* Software Version Seasave V 7.26.7.110
* Temperature SN = 6954
* Conductivity SN = 2561
* Number of Bytes Per Scan = 37
* Number of Voltage Words = 4
* Number of Scans Averaged by the Deck Unit = 1
* NMEA Latitude = 76 35.83 N
* NMEA Longitude = 179 51.15 W
* NMEA UTC (Time) = Sep 16 2025  19:12:24
* NMEA baud rate = 9600
** Ship: USCG HEALY
** Bot. Depth:  1157
** Cast Number:  02
** Station Name:  NABOS
** Station Number:  10
** Operator:  STARC
# nquan = 25
# nvalues = 250                         
# units = specified
# name 0 = depSM: Depth [salt water, m]
# name 1 = latitude: Latitude [deg]
# name 2 = longitude: Longitude [deg]
# name 3 = prDM: Pressure, Digiquartz [db]
# name 4 = t090C: Temperature [ITS-90, deg C]
# name 5 = t190C: Temperature, 2 [ITS-90, deg C]
# name 6 = c0mS/cm: Conductivity [mS/cm]
# name 7 = c1mS/cm: Conductivity, 2 [mS/cm]
# name 8 = sal00: Salinity, Practical [PSU]
# name 9 = sal11: Salinity, Practical, 2 [PSU]
# name 10 = sbox0Mm/Kg: Oxygen, SBE 43 [umol/kg]
# name 11 = sbox1Mm/Kg: Oxygen, SBE 43, 2 [umol/kg]
# name 12 = flECO-AFL: Fluorescence, WET Labs ECO-AFL/FL [mg/m^3]
# name 13 = v2: Voltage 2
# name 14 = wetCDOM: Fluorescence, WET Labs CDOM [mg/m^3]
# name 15 = v6: Voltage 6
# name 16 = CStarAt0: Beam Attenuation, WET Labs C-Star [1/m]
# name 17 = v3: Voltage 3
# name 18 = scan: Scan Count
# name 19 = timeM: Time, Elapsed [minutes]
# name 20 = altM: Altimeter [m]
# name 21 = sbeox0V: Oxygen raw, SBE 43 [V]
# name 22 = sbeox1V: Oxygen raw, SBE 43, 2 [V]
# name 23 = nbin: number of scans per bin
# name 24 = flag: flag
# span 0 =      3.958,    250.201       
# span 1 =   76.59744,   76.59785       
# span 2 = -179.85092, -179.84903       
# span 3 =      4.000,    253.000       
# span 4 =    -1.6800,     0.7733       
# span 5 =    -1.6789,     0.7740       
# span 6 =  23.081751,  29.633565       
# span 7 =  23.079791,  29.632582       
# span 8 =    28.5930,    34.7558       
# span 9 =    28.5910,    34.7538       
# span 10 =    286.963,    381.898      
# span 11 =    281.835,    372.395      
# span 12 =    -0.1743,     0.5992      
# span 13 =     4.6011,     4.6740      
# span 14 =     0.0821,     0.1251      
# span 15 =     0.0821,     0.1251      
# span 16 =     0.0128,     0.0757      
# span 17 =     0.0180,     0.0489      
# span 18 =       8591,      19257      
# span 19 =     5.9653,    13.3723      
# span 20 =     100.00,     100.00      
# span 21 =     2.1667,     2.6677      
# span 22 =     1.9082,     2.3118      
# span 23 =         11,         29      
# span 24 = 0.0000e+00, 0.0000e+00      
# interval = decibars: 1                
# start_time = Sep 16 2025 19:12:24 [NMEA time, header]
# bad_flag = -9.990e-29
*END*
      3.958   76.59744 -179.85092      4.000    -1.5007    -1.4945  23.092378  23.094961    28.5962    28.5938    377.285    369.734     0.1590     4.6221     0.1132     0.1132     0.0575     0.0313       8591     5.9653     100.00     2.6145     2.2763         19 0.0000e+00
      4.948   76.59744 -179.85090      5.000    -1.4946    -1.4887  23.097535  23.098516    28.5969    28.5925    377.282    369.427     0.1658     4.6214     0.1129     0.1129     0.0581     0.0316       8743     6.0706     100.00     2.6146     2.2749         20 0.0000e+00
      5.937   76.59744 -179.85087      6.000    -1.4867    -1.4859  23.100692  23.099765    28.5930    28.5910    377.320    368.968     0.1527     4.6227     0.1136     0.1136     0.0570     0.0311       8859     6.1511     100.00     2.6150     2.2726         21 0.0000e+00
      6.927   76.59744 -179.85086      7.000    -1.4978    -1.4983  23.094050  23.092627    28.5941    28.5926    377.576    369.772     0.1598     4.6219     0.1133     0.1133     0.0577     0.0314       8925     6.1973     100.00     2.6155     2.2756         21 0.0000e+00
      7.916   76.59744 -179.85086      8.000    -1.5110    -1.5093  23.085557  23.085527    28.5948    28.5930    377.646    369.277     0.1658     4.6215     0.1123     0.1123     0.0580     0.0316       8976     6.2327     100.00     2.6147     2.2724         21 0.0000e+00
      8.906   76.59745 -179.85084      9.000    -1.5197    -1.5194  23.081751  23.079791    28.5974    28.5945    377.732    369.422     0.1929     4.6226     0.1153     0.1153     0.0571     0.0327       9027     6.2680     100.00     2.6144     2.2723         23 0.0000e+00
      9.895   76.59746 -179.85083     10.000    -1.5190    -1.5185  23.084765  23.083775    28.6002    28.5985    377.682    369.280     0.1869     4.6221     0.1132     0.1132     0.0575     0.0325       9078     6.3033     100.00     2.6139     2.2715         22 0.0000e+00
     10.885   76.59746 -179.85082     11.000    -1.5186    -1.5181  23.086838  23.085591    28.6021    28.6000    377.719    368.750     0.1979     4.6222     0.1128     0.1128     0.0574     0.0329       9129     6.3392     100.00     2.6139     2.2688         22 0.0000e+00
     11.874   76.59746 -179.85082     12.000    -1.5183    -1.5180  23.089051  23.088369    28.6042    28.6031    377.608    368.992     0.1992     4.6216     0.1137     0.1137     0.0579     0.0330       9181     6.3748     100.00     2.6131     2.2698         22 0.0000e+00
     12.864   76.59746 -179.85080     13.000    -1.5187    -1.5183  23.090686  23.089664    28.6064    28.6045    377.611    369.027     0.1965     4.6227     0.1126     0.1126     0.0570     0.0329       9232     6.4105     100.00     2.6128     2.2697         23 0.0000e+00
     13.853   76.59746 -179.85080     14.000    -1.5206    -1.5204  23.093417  23.092742    28.6113    28.6103    377.645    368.710     0.1948     4.6227     0.1128     0.1128     0.0570     0.0328       9283     6.4459     100.00     2.6127     2.2680         21 0.0000e+00
     14.843   76.59746 -179.85078     15.000    -1.5230    -1.5226  23.098483  23.097309    28.6199    28.6180    377.854    369.474     0.2153     4.6220     0.1128     0.1128     0.0576     0.0336       9334     6.4815     100.00     2.6136     2.2713         24 0.0000e+00
     15.832   76.59746 -179.85078     16.000    -1.4641    -1.4668  23.452161  23.424170    29.0420    29.0067    376.069    367.161     0.2533     4.6227     0.1137     0.1137     0.0569     0.0351       9386     6.5170     100.00     2.6141     2.2685         23 0.0000e+00
     16.821   76.59746 -179.85077     17.000    -1.4042    -1.3996  23.869413  23.882399    29.5485    29.5616    374.854    366.095     0.3223     4.6218     0.1155     0.1155     0.0578     0.0379       9436     6.5522     100.00     2.6194     2.2744         23 0.0000e+00
     17.811   76.59746 -179.85076     18.000    -1.3715    -1.3709  24.111312  24.112205    29.8437    29.8443    375.644    365.559     0.3413     4.6199     0.1136     0.1136     0.0594     0.0387       9487     6.5875     100.00     2.6307     2.2771         28 0.0000e+00
     18.800   76.59748 -179.85075     19.000    -1.3694    -1.3677  24.127456  24.133574    29.8629    29.8695    378.299    367.683     0.3275     4.6170     0.1140     0.1140     0.0619     0.0381       9537     6.6221     100.00     2.6460     2.2876         20 0.0000e+00
     19.790   76.59748 -179.85074     20.000    -1.3710    -1.3678  24.185194  24.204328    29.9424    29.9651    380.130    369.471     0.3200     4.6086     0.1139     0.1139     0.0693     0.0378       9587     6.6569     100.00     2.6574     2.2973         19 0.0000e+00
     20.780   76.59748 -179.85073     21.000    -1.3962    -1.3946  24.267681  24.262088    30.0792    30.0700    381.495    371.954     0.3761     4.6106     0.1133     0.1133     0.0674     0.0401       9639     6.6928     100.00     2.6655     2.3090         24 0.0000e+00
     21.769   76.59748 -179.85072     22.000    -1.4369    -1.4372  24.360666  24.357380    30.2463    30.2421    381.898    372.395     0.5515     4.6072     0.1143     0.1143     0.0704     0.0471       9688     6.7271     100.00     2.6677     2.3110         17 0.0000e+00
     22.758   76.59748 -179.85072     23.000    -1.4212    -1.4208  24.431271  24.429310    30.3259    30.3228    381.258    372.184     0.5992     4.6051     0.1168     0.1168     0.0722     0.0489       9740     6.7631     100.00     2.6662     2.3118         22 0.0000e+00
     23.748   76.59748 -179.85070     24.000    -1.4450    -1.4448  24.460462  24.459291    30.3893    30.3876    380.699    371.820     0.5610     4.6056     0.1178     0.1178     0.0718     0.0474       9791     6.7988     100.00     2.6622     2.3094         22 0.0000e+00
     24.737   76.59748 -179.85070     25.000    -1.4714    -1.4715  24.487168  24.486091    30.4522    30.4508    379.994    371.123     0.4814     4.6039     0.1186     0.1186     0.0733     0.0443       9842     6.8343     100.00     2.6572     2.3053         22 0.0000e+00
     25.726   76.59748 -179.85069     26.000    -1.4978    -1.4977  24.521141  24.519766    30.5250    30.5230    379.577    370.346     0.4639     4.6021     0.1204     0.1204     0.0748     0.0436       9893     6.8694     100.00     2.6541     2.3009         18 0.0000e+00
     26.716   76.59748 -179.85068     27.000    -1.5166    -1.5164  24.543750  24.542682    30.5746    30.5729    379.671    370.614     0.3799     4.6011     0.1206     0.1206     0.0757     0.0402       9945     6.9054     100.00     2.6539     2.3016         21 0.0000e+00
     27.705   76.59748 -179.85066     28.000    -1.5365    -1.5363  24.567609  24.566092    30.6271    30.6248    379.840    371.365     0.3616     4.6055     0.1211     0.1211     0.0719     0.0395       9996     6.9408     100.00     2.6542     2.3046         22 0.0000e+00
     28.695   76.59748 -179.85066     29.000    -1.5560    -1.5559  24.596599  24.595450    30.6863    30.6847    379.902    371.286     0.3274     4.6075     0.1233     0.1233     0.0701     0.0381      10047     6.9762     100.00     2.6540     2.3038         20 0.0000e+00
     29.684   76.59749 -179.85065     30.000    -1.5765    -1.5764  24.628154  24.627021    30.7501    30.7485    379.720    370.011     0.2786     4.6093     0.1232     0.1232     0.0685     0.0361      10098     7.0118     100.00     2.6524     2.2972         20 0.0000e+00
     30.674   76.59750 -179.85064     31.000    -1.5925    -1.5924  24.665064  24.663961    30.8167    30.8151    378.772    369.846     0.2604     4.6128     0.1239     0.1239     0.0656     0.0354      10149     7.0471     100.00     2.6468     2.2962         18 0.0000e+00
     31.663   76.59750 -179.85064     32.000    -1.6020    -1.6018  24.703052  24.701853    30.8780    30.8763    377.368    368.839     0.2377     4.6145     0.1245     0.1245     0.0640     0.0345      10200     7.0825     100.00     2.6389     2.2915         16 0.0000e+00
     32.652   76.59750 -179.85062     33.000    -1.6073    -1.6071  24.742603  24.741430    30.9373    30.9355    376.003    367.585     0.2058     4.6164     0.1251     0.1251     0.0624     0.0332      10251     7.1179     100.00     2.6315     2.2858         17 0.0000e+00
     33.642   76.59750 -179.85062     34.000    -1.6155    -1.6154  24.780795  24.779784    30.9976    30.9961    374.667    366.662     0.2033     4.6205     0.1241     0.1241     0.0589     0.0331      10302     7.1534     100.00     2.6241     2.2815         15 0.0000e+00
     34.631   76.59750 -179.85060     35.000    -1.6220    -1.6217  24.814056  24.812937    31.0495    31.0477    373.472    364.771     0.1804     4.6236     0.1226     0.1226     0.0562     0.0322      10353     7.1890     100.00     2.6175     2.2725         15 0.0000e+00
     35.620   76.59750 -179.85060     36.000    -1.6282    -1.6280  24.840146  24.838941    31.0912    31.0894    372.302    363.652     0.1789     4.6262     0.1227     0.1227     0.0540     0.0321      10404     7.2246     100.00     2.6109     2.2672         18 0.0000e+00
     36.610   76.59750 -179.85058     37.000    -1.6364    -1.6363  24.869479  24.868406    31.1395    31.1379    371.204    363.160     0.1443     4.6285     0.1233     0.1233     0.0519     0.0307      10455     7.2598     100.00     2.6046     2.2648         16 0.0000e+00
     37.599   76.59750 -179.85058     38.000    -1.6423    -1.6421  24.896164  24.895122    31.1818    31.1802    370.080    362.469     0.1245     4.6325     0.1222     0.1222     0.0485     0.0300      10507     7.2956     100.00     2.5982     2.2615         16 0.0000e+00
     38.589   76.59750 -179.85057     39.000    -1.6470    -1.6469  24.925324  24.924598    31.2262    31.2251    369.190    360.773     0.1060     4.6349     0.1238     0.1238     0.0464     0.0292      10558     7.3309     100.00     2.5933     2.2535         18 0.0000e+00
     39.578   76.59751 -179.85056     40.000    -1.6517    -1.6514  24.965686  24.965014    31.2861    31.2849    368.370    360.424     0.0791     4.6373     0.1221     0.1221     0.0444     0.0282      10609     7.3668     100.00     2.5891     2.2522         19 0.0000e+00
     40.567   76.59752 -179.85055     41.000    -1.6551    -1.6549  25.005270  25.004440    31.3436    31.3422    367.273    359.019     0.0385     4.6397     0.1224     0.1224     0.0422     0.0265      10660     7.4023     100.00     2.5833     2.2458         19 0.0000e+00
     41.557   76.59752 -179.85054     42.000    -1.6576    -1.6574  25.047538  25.046855    31.4039    31.4026    366.010    357.998     0.0112     4.6416     0.1218     0.1218     0.0406     0.0254      10711     7.4377     100.00     2.5767     2.2413         20 0.0000e+00
     42.546   76.59752 -179.85054     43.000    -1.6602    -1.6599  25.094821  25.094211    31.4711    31.4699    364.786    357.017     0.0246     4.6446     0.1212     0.1212     0.0381     0.0260      10763     7.4735     100.00     2.5704     2.2372         25 0.0000e+00
     43.535   76.59752 -179.85052     44.000    -1.6620    -1.6617  25.137574  25.136785    31.5313    31.5299    363.431    356.410    -0.0141     4.6451     0.1211     0.1211     0.0376     0.0244      10814     7.5087     100.00     2.5632     2.2347         21 0.0000e+00
     44.525   76.59752 -179.85052     45.000    -1.6634    -1.6631  25.171323  25.170463    31.5787    31.5771    362.389    355.227    -0.0130     4.6496     0.1212     0.1212     0.0338     0.0245      10865     7.5441     100.00     2.5577     2.2294         20 0.0000e+00
     45.514   76.59752 -179.85050     46.000    -1.6634    -1.6631  25.197721  25.196842    31.6144    31.6129    361.453    353.449    -0.0159     4.6520     0.1204     0.1204     0.0317     0.0243      10915     7.5795     100.00     2.5527     2.2211         21 0.0000e+00
     46.503   76.59752 -179.85050     47.000    -1.6612    -1.6607  25.233742  25.232593    31.6611    31.6590    360.391    352.315    -0.0332     4.6544     0.1203     0.1203     0.0297     0.0237      10967     7.6151     100.00     2.5473     2.2161         22 0.0000e+00
     47.492   76.59752 -179.85049     48.000    -1.6595    -1.6590  25.276901  25.276316    31.7181    31.7168    359.425    352.011    -0.0477     4.6560     0.1214     0.1214     0.0283     0.0231      11018     7.6506     100.00     2.5425     2.2153         23 0.0000e+00
     48.482   76.59752 -179.85048     49.000    -1.6529    -1.6524  25.318553  25.317924    31.7680    31.7665    358.567    350.046    -0.0316     4.6575     0.1231     0.1231     0.0270     0.0237      11069     7.6861     100.00     2.5386     2.2066         25 0.0000e+00
     49.471   76.59752 -179.85047     50.000    -1.6600    -1.6600  25.348477  25.347627    31.8162    31.8149    357.187    349.011    -0.0446     4.6587     0.1221     0.1221     0.0259     0.0232      11120     7.7214     100.00     2.5308     2.2017         24 0.0000e+00
     50.460   76.59754 -179.85046     51.000    -1.6656    -1.6653  25.389405  25.388458    31.8780    31.8764    355.658    347.970    -0.0526     4.6590     0.1214     0.1214     0.0256     0.0229      11170     7.7563     100.00     2.5224     2.1969         19 0.0000e+00
     51.450   76.59754 -179.85046     52.000    -1.6692    -1.6691  25.437870  25.438268    31.9482    31.9485    355.099    347.443    -0.0517     4.6590     0.1205     0.1205     0.0256     0.0229      11221     7.7915     100.00     2.5199     2.1949         23 0.0000e+00
     52.439   76.59754 -179.85044     53.000    -1.6785    -1.6787  25.496617  25.496536    32.0387    32.0388    354.882    347.315    -0.0499     4.6597     0.1184     0.1184     0.0251     0.0230      11272     7.8269     100.00     2.5192     2.1948         25 0.0000e+00
     53.428   76.59754 -179.85044     54.000    -1.6800    -1.6789  25.544142  25.544171    32.1052    32.1041    354.897    347.267    -0.0473     4.6593     0.1170     0.1170     0.0254     0.0231      11322     7.8621     100.00     2.5200     2.1952         26 0.0000e+00
     54.418   76.59754 -179.85042     55.000    -1.6647    -1.6637  25.590064  25.589926    32.1515    32.1503    355.673    348.362    -0.0513     4.6604     0.1188     0.1188     0.0245     0.0230      11373     7.8975     100.00     2.5259     2.2017         29 0.0000e+00
     55.407   76.59754 -179.85042     56.000    -1.6616    -1.6604  25.635838  25.635917    32.2108    32.2096    355.141    347.836    -0.0451     4.6603     0.1212     0.1212     0.0245     0.0232      11424     7.9324     100.00     2.5237     2.1999         24 0.0000e+00
     56.396   76.59754 -179.85040     57.000    -1.6446    -1.6435  25.702042  25.701968    32.2831    32.2817    352.168    345.079    -0.0515     4.6604     0.1214     0.1214     0.0244     0.0229      11474     7.9675     100.00     2.5086     2.1881         23 0.0000e+00
     57.385   76.59754 -179.85040     58.000    -1.6291    -1.6290  25.781910  25.782519    32.3759    32.3766    348.599    342.848    -0.0493     4.6605     0.1219     0.1219     0.0244     0.0230      11524     8.0023     100.00     2.4903     2.1791         21 0.0000e+00
     58.375   76.59754 -179.85039     59.000    -1.6377    -1.6375  25.856642  25.857571    32.4879    32.4888    344.155    338.543    -0.0475     4.6604     0.1214     0.1214     0.0245     0.0231      11575     8.0376     100.00     2.4658     2.1591         24 0.0000e+00
     59.364   76.59754 -179.85038     60.000    -1.6379    -1.6371  25.926866  25.927565    32.5844    32.5845    340.489    335.016    -0.0482     4.6445     0.1197     0.1197     0.0382     0.0231      11625     8.0725     100.00     2.4460     2.1430         19 0.0000e+00
