Continuous CTD Data/SBE Stage/nabos_20_01.ros
* Sea-Bird SBE 9 Data File:
* FileName = D:\CTD\data\HLY2502\raw\NABOS_20_01.hex
* Software Version Seasave V 7.26.7.110
* Temperature SN = 6954
* Conductivity SN = 2561
* Number of Bytes Per Scan = 37
* Number of Voltage Words = 4
* Number of Scans Averaged by the Deck Unit = 1
* NMEA Latitude = 78 38.06 N
* NMEA Longitude = 174 57.52 E
* NMEA UTC (Time) = Sep 18 2025  06:15:34
* NMEA baud rate = 9600
** Ship: USCG HEALY
** Bot. Depth:  2143
** Cast Number:  01
** Station Name:  NABOS
** Station Number:  20
** Operator:  STARC
** 1200 target
# nquan = 25
# nvalues = 1176                                  
# units = specified
# name 0 = depSM: Depth [salt water, m]
# name 1 = latitude: Latitude [deg]
# name 2 = longitude: Longitude [deg]
# name 3 = prDM: Pressure, Digiquartz [db]
# name 4 = t090C: Temperature [ITS-90, deg C]
# name 5 = t190C: Temperature, 2 [ITS-90, deg C]
# name 6 = c0mS/cm: Conductivity [mS/cm]
# name 7 = c1mS/cm: Conductivity, 2 [mS/cm]
# name 8 = sal00: Salinity, Practical [PSU]
# name 9 = sal11: Salinity, Practical, 2 [PSU]
# name 10 = sbox0Mm/Kg: Oxygen, SBE 43 [umol/kg]
# name 11 = sbox1Mm/Kg: Oxygen, SBE 43, 2 [umol/kg]
# name 12 = flECO-AFL: Fluorescence, WET Labs ECO-AFL/FL [mg/m^3]
# name 13 = v2: Voltage 2
# name 14 = wetCDOM: Fluorescence, WET Labs CDOM [mg/m^3]
# name 15 = v6: Voltage 6
# name 16 = CStarAt0: Beam Attenuation, WET Labs C-Star [1/m]
# name 17 = v3: Voltage 3
# name 18 = scan: Scan Count
# name 19 = timeM: Time, Elapsed [minutes]
# name 20 = altM: Altimeter [m]
# name 21 = sbeox0V: Oxygen raw, SBE 43 [V]
# name 22 = sbeox1V: Oxygen raw, SBE 43, 2 [V]
# name 23 = nbf: Bottles Fired
# name 24 = flag:  0.000e+00
# interval = seconds: 0.0416667
# start_time = Sep 18 2025 06:15:34 [NMEA time, header]
# bad_flag = -9.990e-29
*END*
[from data line 754]
     40.019   78.64650  174.96010     40.449    -1.7365    -1.7380  25.696799  25.710544    32.3861    32.4067    360.261    351.815     0.0160     4.6496     0.1062     0.1062     0.0338     0.0256      99080    68.8049     100.00     2.5554     2.2212         16  0.000e+00
     39.961   78.64650  174.96010     40.391    -1.7364    -1.7377  25.696799  25.709433    32.3860    32.4049    360.470    352.067     0.0160     4.6496     0.1062     0.1062     0.0338     0.0256      99081    68.8056     100.00     2.5566     2.2224         16  0.000e+00
     39.986   78.64650  174.96010     40.416    -1.7366    -1.7377  25.697035  25.709045    32.3865    32.4044    360.259    351.817     0.0160     4.6496     0.1074     0.1074     0.0338     0.0256      99082    68.8063     100.00     2.5554     2.2212         16  0.000e+00
     40.019   78.64650  174.96010     40.449    -1.7366    -1.7375  25.697153  25.709156    32.3867    32.4044    360.260    352.069     0.0160     4.6496     0.1062     0.1062     0.0338     0.0256      99083    68.8069     100.00     2.5554     2.2224         16  0.000e+00
     39.961   78.64650  174.96010     40.391    -1.7366    -1.7377  25.697094  25.709711    32.3866    32.4053    360.257    352.065     0.0160     4.6496     0.1062     0.1062     0.0338     0.0256      99084    68.8076     100.00     2.5554     2.2224         16  0.000e+00
     40.019   78.64650  174.96010     40.449    -1.7366    -1.7378  25.697272  25.711432    32.3868    32.4078    360.259    352.063     0.0466     4.6496     0.1062     0.1062     0.0338     0.0269      99085    68.8083     100.00     2.5554     2.2224         16  0.000e+00
     39.961   78.64650  174.96010     40.391    -1.7365    -1.7380  25.697212  25.713098    32.3867    32.4103    360.256    352.055     0.0466     4.6496     0.1062     0.1062     0.0338     0.0269      99086    68.8090     100.00     2.5554     2.2224         16  0.000e+00
     39.961   78.64650  174.96010     40.391    -1.7364    -1.7386  25.697271  25.714375    32.3867    32.4127    360.042    352.054     0.0466     4.6496     0.1062     0.1062     0.0338     0.0269      99087    68.8097     100.00     2.5541     2.2224         16  0.000e+00
     40.019   78.64650  174.96010     40.449    -1.7366    -1.7384  25.696976  25.714708    32.3864    32.4130    360.260    352.055     0.0160     4.6496     0.1062     0.1062     0.0338     0.0256      99088    68.8104     100.00     2.5554     2.2224         16  0.000e+00
     40.019   78.64650  174.96010     40.449    -1.7366    -1.7386  25.696858  25.714153    32.3863    32.4125    360.261    351.806     0.0466     4.6496     0.1062     0.1062     0.0338     0.0269      99089    68.8111     100.00     2.5554     2.2212         16  0.000e+00
     39.986   78.64650  174.96010     40.416    -1.7366    -1.7383  25.696858  25.712987    32.3863    32.4105    360.259    352.059     0.0466     4.6496     0.1062     0.1062     0.0338     0.0269      99090    68.8118     100.00     2.5554     2.2224         16  0.000e+00
     40.019   78.64650  174.96010     40.449    -1.7366    -1.7381  25.697212  25.712154    32.3868    32.4092    360.046    352.062     0.0160     4.6496     0.1062     0.1062     0.0338     0.0256      99091    68.8125     100.00     2.5541     2.2224         16  0.000e+00
     39.961   78.64650  174.96012     40.391    -1.7366    -1.7381  25.696976  25.711599    32.3865    32.4084    360.044    351.809     0.0466     4.6496     0.1062     0.1062     0.0338     0.0269      99092    68.8132     100.00     2.5541     2.2212         16  0.000e+00
     39.961   78.64650  174.96012     40.391    -1.7365    -1.7380  25.696858  25.711266    32.3862    32.4078    360.258    352.062     0.0160     4.6496     0.1062     0.1062     0.0338     0.0256      99093    68.8139     100.00     2.5554     2.2224         16  0.000e+00
     40.019   78.64650  174.96012     40.449    -1.7366    -1.7381  25.696858  25.711766    32.3863    32.4086    360.048    351.811     0.0160     4.6496     0.1062     0.1062     0.0338     0.0256      99094    68.8146     100.00     2.5541     2.2212         16  0.000e+00
     40.019   78.64650  174.96012     40.449    -1.7364    -1.7378  25.697035  25.712487    32.3863    32.4093    360.259    351.806     0.0466     4.6496     0.1062     0.1062     0.0338     0.0269      99095    68.8153     100.00     2.5554     2.2212         16  0.000e+00
     39.961   78.64650  174.96012     40.391    -1.7366    -1.7377  25.697094  25.713653    32.3866    32.4108    360.044    352.050     0.0160     4.6496     0.1062     0.1062     0.0338     0.0256      99096    68.8160     100.00     2.5541     2.2224         16  0.000e+00
     40.019   78.64650  174.96012     40.449    -1.7366    -1.7383  25.697094  25.714875    32.3866    32.4131    360.260    351.801     0.0160     4.6496     0.1062     0.1062     0.0338     0.0256      99097    68.8167     100.00     2.5554     2.2212         16  0.000e+00
     40.019   78.64650  174.96012     40.449    -1.7366    -1.7384  25.697272  25.715208    32.3868    32.4137    360.046    352.053     0.0160     4.6496     0.1062     0.1062     0.0338     0.0256      99098    68.8174     100.00     2.5541     2.2224         16  0.000e+00
     39.986   78.64650  174.96012     40.416    -1.7365    -1.7384  25.697567  25.715763    32.3872    32.4145    360.043    352.049     0.0466     4.6496     0.1062     0.1062     0.0338     0.0269      99099    68.8181     100.00     2.5541     2.2224         16  0.000e+00
     40.019   78.64650  174.96012     40.449    -1.7367    -1.7384  25.697390  25.715597    32.3871    32.4143    360.046    352.051     0.0160     4.6496     0.1074     0.1074     0.0338     0.0256      99100    68.8187     100.00     2.5541     2.2224         16  0.000e+00
     39.961   78.64650  174.96012     40.391    -1.7367    -1.7386  25.697507  25.714708    32.3873    32.4132    360.043    352.053     0.0466     4.6496     0.1062     0.1062     0.0338     0.0269      99101    68.8194     100.00     2.5541     2.2224         16  0.000e+00
     40.019   78.64650  174.96012     40.449    -1.7366    -1.7383  25.697449  25.714098    32.3871    32.4121    360.045    352.056     0.0160     4.6496     0.1062     0.1062     0.0338     0.0256      99102    68.8201     100.00     2.5541     2.2224         16  0.000e+00
     40.019   78.64650  174.96012     40.449    -1.7366    -1.7381  25.697331  25.712987    32.3869    32.4103    360.045    351.807     0.0466     4.6496     0.1062     0.1062     0.0338     0.0269      99103    68.8208     100.00     2.5541     2.2212         16  0.000e+00
     39.961   78.64650  174.96012     40.391    -1.7368    -1.7381  25.697153  25.712543    32.3870    32.4097    360.259    351.553     0.0160     4.6496     0.1062     0.1062     0.0338     0.0256      99104    68.8215     100.00     2.5554     2.2200         16  0.000e+00
     40.019   78.64650  174.96012     40.449    -1.7365    -1.7383  25.697508  25.711321    32.3871    32.4082    360.044    351.310     0.0466     4.6496     0.1062     0.1062     0.0338     0.0269      99105    68.8222     100.00     2.5541     2.2188         16  0.000e+00
     40.019   78.64650  174.96012     40.449    -1.7367    -1.7381  25.697212  25.709989    32.3869    32.4062    360.047    351.313     0.0466     4.6496     0.1062     0.1062     0.0338     0.0269      99106    68.8229     100.00     2.5541     2.2188         16  0.000e+00
     39.986   78.64650  174.96012     40.416    -1.7366    -1.7381  25.697448  25.708379    32.3871    32.4040    360.043    351.318     0.0466     4.6496     0.1074     0.1074     0.0338     0.0269      99107    68.8236     100.00     2.5541     2.2188         16  0.000e+00
     40.019   78.64650  174.96012     40.449    -1.7368    -1.7380  25.697390  25.706768    32.3873    32.4015    360.047    351.072     0.0466     4.6496     0.1062     0.1062     0.0338     0.0269      99108    68.8243     100.00     2.5541     2.2175         16  0.000e+00
     40.019   78.64650  174.96012     40.449    -1.7366    -1.7377  25.697508  25.705491    32.3872    32.3994    360.045    351.327     0.0160     4.6496     0.1062     0.1062     0.0338     0.0256      99109    68.8250     100.00     2.5541     2.2188         16  0.000e+00
     29.817   78.64720  174.96050     30.137    -1.6044    -1.6036  25.564562  25.564906    32.0663    32.0659    371.664    376.399     0.2602     4.6337     0.1038     0.1038     0.0474     0.0354     104709    72.7139     100.00     2.6268     2.3453         17  0.000e+00
     29.842   78.64720  174.96050     30.162    -1.6043    -1.6036  25.564739  25.564795    32.0663    32.0657    371.663    375.646     0.2602     4.6325     0.1038     0.1038     0.0485     0.0354     104710    72.7146     100.00     2.6268     2.3416         17  0.000e+00
     29.817   78.64720  174.96050     30.137    -1.6043    -1.6039  25.564621  25.564740    32.0662    32.0660    371.662    374.640     0.2602     4.6325     0.1038     0.1038     0.0485     0.0354     104711    72.7153     100.00     2.6268     2.3367         17  0.000e+00
     29.817   78.64720  174.96050     30.137    -1.6048    -1.6042  25.564385  25.564740    32.0664    32.0662    371.667    373.887     0.2602     4.6325     0.1038     0.1038     0.0485     0.0354     104712    72.7160     100.00     2.6268     2.3331         17  0.000e+00
     29.817   78.64720  174.96050     30.137    -1.6047    -1.6047  25.564503  25.565072    32.0665    32.0672    371.454    373.387     0.2602     4.6325     0.1038     0.1038     0.0485     0.0354     104713    72.7167     100.00     2.6256     2.3306         17  0.000e+00
     29.817   78.64720  174.96050     30.137    -1.6046    -1.6047  25.564562  25.564851    32.0664    32.0669    371.665    372.633     0.2602     4.6325     0.1038     0.1038     0.0485     0.0354     104714    72.7174     100.00     2.6268     2.3269         17  0.000e+00
     29.817   78.64720  174.96050     30.137    -1.6048    -1.6050  25.564385  25.564740    32.0664    32.0671    371.455    371.881     0.2602     4.6325     0.1038     0.1038     0.0485     0.0354     104715    72.7181     100.00     2.6256     2.3233         17  0.000e+00
     29.817   78.64720  174.96050     30.137    -1.6046    -1.6053  25.564503  25.564740    32.0664    32.0675    371.665    371.380     0.2602     4.6325     0.1038     0.1038     0.0485     0.0354     104716    72.7188     100.00     2.6268     2.3208         17  0.000e+00
     29.817   78.64720  174.96050     30.137    -1.6044    -1.6059  25.564562  25.564518    32.0663    32.0677    371.664    370.630     0.2602     4.6325     0.1038     0.1038     0.0485     0.0354     104717    72.7194     100.00     2.6268     2.3172         17  0.000e+00
     29.817   78.64720  174.96050     30.137    -1.6044    -1.6060  25.564915  25.564629    32.0668    32.0681    371.662    370.380     0.2602     4.6325     0.1038     0.1038     0.0485     0.0354     104718    72.7201     100.00     2.6268     2.3160         17  0.000e+00
     29.883   78.64720  174.96050     30.204    -1.6046    -1.6063  25.564680  25.564906    32.0666    32.0688    371.668    369.629     0.2297     4.6325     0.1038     0.1038     0.0485     0.0342     104719    72.7208     100.00     2.6268     2.3123         17  0.000e+00
     29.817   78.64720  174.96050     30.137    -1.6048    -1.6068  25.564739  25.564795    32.0669    32.0692    371.666    369.379     0.2602     4.6325     0.1038     0.1038     0.0485     0.0354     104720    72.7215     100.00     2.6268     2.3111         17  0.000e+00
     29.817   78.64720  174.96050     30.137    -1.6043    -1.6071  25.564856  25.564906    32.0665    32.0696    371.661    368.626     0.2602     4.6325     0.1038     0.1038     0.0485     0.0354     104721    72.7222     100.00     2.6268     2.3074         17  0.000e+00
     29.785   78.64720  174.96050     30.104    -1.6044    -1.6072  25.564856  25.564574    32.0667    32.0693    371.448    368.122     0.2602     4.6325     0.1038     0.1038     0.0485     0.0354     104722    72.7229     100.00     2.6256     2.3050         17  0.000e+00
     29.883   78.64720  174.96050     30.204    -1.6043    -1.6069  25.564857  25.564297    32.0664    32.0686    371.452    367.372     0.2602     4.6325     0.1038     0.1038     0.0485     0.0354     104723    72.7236     100.00     2.6256     2.3013         17  0.000e+00
     29.760   78.64720  174.96050     30.079    -1.6042    -1.6063  25.564444  25.564241    32.0658    32.0679    371.446    366.857     0.2602     4.6325     0.1038     0.1038     0.0485     0.0354     104724    72.7243     100.00     2.6256     2.2989         17  0.000e+00
     29.883   78.64720  174.96050     30.204    -1.6043    -1.6063  25.564680  25.564020    32.0662    32.0675    371.878    366.361     0.2602     4.6325     0.1050     0.1050     0.0485     0.0354     104725    72.7250     100.00     2.6280     2.2964         17  0.000e+00
     29.818   78.64720  174.96050     30.137    -1.6043    -1.6059  25.565033  25.564130    32.0667    32.0673    371.660    366.102     0.2602     4.6325     0.1050     0.1050     0.0485     0.0354     104726    72.7257     100.00     2.6268     2.2952         17  0.000e+00
     29.760   78.64720  174.96050     30.079    -1.6042    -1.6057  25.564680  25.564019    32.0662    32.0669    371.870    365.846     0.2602     4.6325     0.1050     0.1050     0.0485     0.0354     104727    72.7264     100.00     2.6280     2.2940         17  0.000e+00
     29.883   78.64720  174.96050     30.204    -1.6042    -1.6060  25.564739  25.564130    32.0662    32.0674    371.664    365.603     0.2602     4.6325     0.1050     0.1050     0.0485     0.0354     104728    72.7271     100.00     2.6268     2.2928         17  0.000e+00
     29.818   78.64720  174.96050     30.137    -1.6040    -1.6065  25.564856  25.564241    32.0662    32.0681    371.659    365.603     0.2297     4.6325     0.1050     0.1050     0.0485     0.0342     104729    72.7278     100.00     2.6268     2.2928         17  0.000e+00
     29.818   78.64720  174.96050     30.137    -1.6038    -1.6068  25.565033  25.564241    32.0662    32.0684    371.656    365.354     0.2602     4.6325     0.1050     0.1050     0.0485     0.0354     104730    72.7285     100.00     2.6268     2.2915         17  0.000e+00
     29.818   78.64720  174.96050     30.137    -1.6038    -1.6066  25.565269  25.564020    32.0666    32.0678    371.655    362.333     0.2602     4.6325     0.1050     0.1050     0.0485     0.0354     104731    72.7292     100.00     2.6268     2.2769         17  0.000e+00
     29.818   78.64722  174.96050     30.137    -1.6038    -1.6068  25.565151  25.564130    32.0664    32.0683    371.656    349.750     0.2602     4.6325     0.1062     0.1062     0.0485     0.0354     104732    72.7299     100.00     2.6268     2.2158         17  0.000e+00
     29.818   78.64722  174.96050     30.137    -1.6038    -1.6068  25.565092  25.564241    32.0663    32.0684    371.656    333.894     0.2602     4.6325     0.1050     0.1050     0.0485     0.0354     104733    72.7306     100.00     2.6268     2.1389         17  0.000e+00
     29.818   78.64722  174.96050     30.137    -1.6036    -1.6062  25.565092  25.564241    32.0661    32.0678    371.655    323.822     0.2602     4.6325     0.1050     0.1050     0.0485     0.0354     104734    72.7313     100.00     2.6268     2.0900         17  0.000e+00
     29.842   78.64722  174.96050     30.162    -1.6041    -1.6057  25.565092  25.564241    32.0666    32.0672    371.660    320.045     0.2602     4.6325     0.1050     0.1050     0.0485     0.0354     104735    72.7319     100.00     2.6268     2.0717         17  0.000e+00
