Continuous CTD Data/SBE Stage/nabos_33_01.ros
* Sea-Bird SBE 9 Data File:
* FileName = D:\CTD\data\HLY2502\raw\NABOS_33_01.hex
* Software Version Seasave V 7.26.7.110
* Temperature SN = 6954
* Conductivity SN = 2561
* Number of Bytes Per Scan = 37
* Number of Voltage Words = 4
* Number of Scans Averaged by the Deck Unit = 1
* NMEA Latitude = 79 51.39 N
* NMEA Longitude = 140 04.65 E
* NMEA UTC (Time) = Sep 23 2025  14:40:56
* NMEA baud rate = 9600
** Ship: USCG HEALY
** Bot. Depth:  1970
** Cast Number:  01
** Station Name:  NABOS
** Station Number:  33
** Operator:  STARC
# nquan = 25
# nvalues = 980                                   
# units = specified
# name 0 = depSM: Depth [salt water, m]
# name 1 = latitude: Latitude [deg]
# name 2 = longitude: Longitude [deg]
# name 3 = prDM: Pressure, Digiquartz [db]
# name 4 = t090C: Temperature [ITS-90, deg C]
# name 5 = t190C: Temperature, 2 [ITS-90, deg C]
# name 6 = c0mS/cm: Conductivity [mS/cm]
# name 7 = c1mS/cm: Conductivity, 2 [mS/cm]
# name 8 = sal00: Salinity, Practical [PSU]
# name 9 = sal11: Salinity, Practical, 2 [PSU]
# name 10 = sbox0Mm/Kg: Oxygen, SBE 43 [umol/kg]
# name 11 = sbox1Mm/Kg: Oxygen, SBE 43, 2 [umol/kg]
# name 12 = flECO-AFL: Fluorescence, WET Labs ECO-AFL/FL [mg/m^3]
# name 13 = v2: Voltage 2
# name 14 = wetCDOM: Fluorescence, WET Labs CDOM [mg/m^3]
# name 15 = v6: Voltage 6
# name 16 = CStarAt0: Beam Attenuation, WET Labs C-Star [1/m]
# name 17 = v3: Voltage 3
# name 18 = scan: Scan Count
# name 19 = timeM: Time, Elapsed [minutes]
# name 20 = altM: Altimeter [m]
# name 21 = sbeox0V: Oxygen raw, SBE 43 [V]
# name 22 = sbeox1V: Oxygen raw, SBE 43, 2 [V]
# name 23 = nbf: Bottles Fired
# name 24 = flag:  0.000e+00
# interval = seconds: 0.0416667
# start_time = Sep 23 2025 14:40:56 [NMEA time, header]
# bad_flag = -9.990e-29
*END*
[from data line 696]
     55.219   79.86244  140.04758     55.817    -1.1661    -1.1642  27.214146  27.214726    33.8325    33.8312    319.798    312.066    -0.0450     4.6007     0.0952     0.0952     0.0760     0.0232      99733    69.2583     100.00     2.3733     2.0697         15  0.000e+00
     55.137   79.86244  140.04758     55.734    -1.1659    -1.1641  27.214929  27.214953    33.8334    33.8314    319.790    312.061    -0.0450     4.6007     0.0952     0.0952     0.0760     0.0232      99734    69.2590     100.00     2.3733     2.0697         15  0.000e+00
     55.219   79.86244  140.04758     55.817    -1.1653    -1.1636  27.215110  27.214896    33.8329    33.8307    319.789    311.816    -0.0450     4.6007     0.0952     0.0952     0.0760     0.0232      99735    69.2597     100.00     2.3733     2.0684         15  0.000e+00
     55.194   79.86244  140.04758     55.792    -1.1653    -1.1634  27.215532  27.215236    33.8334    33.8310    319.579    312.058    -0.0755     4.6007     0.0952     0.0952     0.0760     0.0220      99736    69.2604     100.00     2.3720     2.0697         15  0.000e+00
     55.219   79.86244  140.04758     55.817    -1.1645    -1.1633  27.215833  27.215180    33.8330    33.8308    319.573    312.305    -0.0755     4.6007     0.0952     0.0952     0.0760     0.0220      99737    69.2611     100.00     2.3720     2.0709         15  0.000e+00
     55.137   79.86244  140.04758     55.734    -1.1634    -1.1634  27.215893  27.215406    33.8318    33.8313    319.562    312.547    -0.0755     4.6007     0.0952     0.0952     0.0760     0.0220      99738    69.2618     100.00     2.3720     2.0721         15  0.000e+00
     55.194   79.86244  140.04758     55.792    -1.1630    -1.1633  27.216074  27.215576    33.8316    33.8313    319.769    312.548    -0.0755     4.6007     0.0952     0.0952     0.0760     0.0220      99739    69.2625     100.00     2.3733     2.0721         15  0.000e+00
     55.219   79.86244  140.04758     55.817    -1.1631    -1.1629  27.216737  27.215463    33.8326    33.8307    319.768    312.792    -0.0755     4.6007     0.0952     0.0952     0.0760     0.0220      99740    69.2632     100.00     2.3733     2.0733         15  0.000e+00
     55.137   79.86244  140.04758     55.734    -1.1626    -1.1628  27.218304  27.215689    33.8343    33.8310    319.756    312.542    -0.0755     4.6020     0.0952     0.0952     0.0750     0.0220      99741    69.2639     100.00     2.3733     2.0721         15  0.000e+00
     55.219   79.86244  140.04758     55.817    -1.1607    -1.1626  27.220714  27.215463    33.8354    33.8303    319.739    312.544    -0.0755     4.6020     0.0952     0.0952     0.0750     0.0220      99742    69.2646     100.00     2.3733     2.0721         15  0.000e+00
     55.194   79.86244  140.04758     55.792    -1.1592    -1.1633  27.222944  27.215180    33.8368    33.8308    319.927    312.549    -0.0755     4.6020     0.0952     0.0952     0.0750     0.0220      99743    69.2653     100.00     2.3745     2.0721         15  0.000e+00
     55.153   79.86244  140.04758     55.750    -1.1584    -1.1627  27.224812  27.215236    33.8385    33.8302    319.706    312.789    -0.0755     4.6032     0.0952     0.0952     0.0739     0.0220      99744    69.2660     100.00     2.3733     2.0733         15  0.000e+00
     55.194   79.86244  140.04758     55.792    -1.1585    -1.1625  27.225294  27.214953    33.8392    33.8296    319.707    312.790    -0.0755     4.6020     0.0952     0.0952     0.0750     0.0220      99745    69.2667     100.00     2.3733     2.0733         15  0.000e+00
     55.194   79.86244  140.04758     55.792    -1.1582    -1.1630  27.224933  27.215066    33.8383    33.8303    319.706    312.547    -0.0755     4.6020     0.0952     0.0952     0.0750     0.0220      99746    69.2674     100.00     2.3733     2.0721         15  0.000e+00
     55.153   79.86244  140.04758     55.750    -1.1579    -1.1633  27.224752  27.214613    33.8378    33.8300    319.703    312.549    -0.0755     4.6032     0.0965     0.0965     0.0739     0.0220      99747    69.2681     100.00     2.3733     2.0721         15  0.000e+00
     55.194   79.86244  140.04758     55.792    -1.1580    -1.1636  27.223968  27.214953    33.8368    33.8308    319.708    312.552    -0.0755     4.6020     0.0952     0.0952     0.0750     0.0220      99748    69.2687     100.00     2.3733     2.0721         15  0.000e+00
     55.219   79.86244  140.04758     55.817    -1.1587    -1.1643  27.222944  27.214726    33.8362    33.8312    319.717    312.804    -0.0755     4.6020     0.0965     0.0965     0.0750     0.0220      99749    69.2694     100.00     2.3733     2.0733         15  0.000e+00
     55.137   79.86244  140.04758     55.734    -1.1596    -1.1639  27.220895  27.214726    33.8344    33.8309    319.726    313.044    -0.0755     4.6020     0.0965     0.0965     0.0750     0.0220      99750    69.2701     100.00     2.3733     2.0746         15  0.000e+00
     55.260   79.86244  140.04758     55.858    -1.1613    -1.1644  27.218364  27.214840    33.8329    33.8315    319.545    313.052    -0.0755     4.6020     0.0965     0.0965     0.0750     0.0220      99751    69.2708     100.00     2.3720     2.0746         15  0.000e+00
     55.153   79.86244  140.04758     55.750    -1.1630    -1.1644  27.216556  27.214669    33.8323    33.8313    319.558    312.802    -0.1061     4.6020     0.0977     0.0977     0.0750     0.0208      99752    69.2715     100.00     2.3720     2.0733         15  0.000e+00
     55.194   79.86244  140.04758     55.792    -1.1629    -1.1644  27.214568  27.214273    33.8295    33.8307    319.566    312.559    -0.0755     4.6020     0.0965     0.0965     0.0750     0.0220      99753    69.2722     100.00     2.3720     2.0721         15  0.000e+00
     55.153   79.86244  140.04758     55.750    -1.1631    -1.1644  27.212760  27.214103    33.8272    33.8305    319.571    312.312    -0.0755     4.6032     0.0965     0.0965     0.0739     0.0220      99754    69.2729     100.00     2.3720     2.0709         15  0.000e+00
     55.194   79.86244  140.04758     55.792    -1.1643    -1.1645  27.211254  27.213876    33.8265    33.8303    319.794    312.070    -0.0755     4.6020     0.0965     0.0965     0.0750     0.0220      99755    69.2736     100.00     2.3733     2.0697         15  0.000e+00
     55.153   79.86244  140.04758     55.750    -1.1655    -1.1645  27.210229  27.213423    33.8265    33.8297    319.804    312.069    -0.0755     4.6020     0.0965     0.0965     0.0750     0.0220      99756    69.2743     100.00     2.3733     2.0697         15  0.000e+00
     55.194   79.86244  140.04758     55.792    -1.1669    -1.1649  27.209085  27.213196    33.8265    33.8298    320.027    312.074    -0.0755     4.6020     0.0965     0.0965     0.0750     0.0220      99757    69.2750     100.00     2.3745     2.0697         15  0.000e+00
     55.194   79.86244  140.04758     55.792    -1.1675    -1.1647  27.208482  27.213026    33.8264    33.8294    319.826    312.319    -0.1061     4.6020     0.0965     0.0965     0.0750     0.0208      99758    69.2757     100.00     2.3733     2.0709         15  0.000e+00
     55.219   79.86244  140.04758     55.817    -1.1674    -1.1646  27.208542  27.213026    33.8263    33.8292    319.826    312.565    -0.0755     4.6020     0.0965     0.0965     0.0750     0.0220      99759    69.2764     100.00     2.3733     2.0721         15  0.000e+00
     55.194   79.86244  140.04758     55.792    -1.1677    -1.1647  27.209025  27.212969    33.8273    33.8293    319.825    312.811    -0.1061     4.6020     0.0965     0.0965     0.0750     0.0208      99760    69.2771     100.00     2.3733     2.0733         15  0.000e+00
     55.153   79.86244  140.04758     55.750    -1.1671    -1.1644  27.209326  27.213196    33.8271    33.8293    319.818    312.807    -0.0755     4.6020     0.0965     0.0965     0.0750     0.0220      99761    69.2778     100.00     2.3733     2.0733         15  0.000e+00
     55.194   79.86244  140.04758     55.792    -1.1665    -1.1644  27.209386  27.213083    33.8264    33.8291    319.815    312.563    -0.0755     4.6007     0.0965     0.0965     0.0760     0.0220      99762    69.2785     100.00     2.3733     2.0721         15  0.000e+00
     55.219   79.86244  140.04758     55.817    -1.1661    -1.1644  27.209386  27.213139    33.8260    33.8292    319.814    312.318    -0.1061     4.6020     0.0965     0.0965     0.0750     0.0208      99763    69.2792     100.00     2.3733     2.0709         15  0.000e+00
     55.194   79.86244  140.04758     55.792    -1.1663    -1.1644  27.209024  27.212856    33.8257    33.8288    319.815    312.072    -0.0755     4.6007     0.0965     0.0965     0.0760     0.0220      99764    69.2799     100.00     2.3733     2.0697         15  0.000e+00
     55.194   79.86244  140.04758     55.792    -1.1665    -1.1644  27.208663  27.213366    33.8254    33.8295    319.610    312.070    -0.1061     4.6020     0.0965     0.0965     0.0750     0.0208      99765    69.2806     100.00     2.3720     2.0697         15  0.000e+00
     55.153   79.86244  140.04758     55.750    -1.1675    -1.1646  27.208241  27.213082    33.8261    33.8293    320.032    312.071    -0.0755     4.6020     0.0965     0.0965     0.0750     0.0220      99766    69.2813     100.00     2.3745     2.0697         15  0.000e+00
     55.194   79.86244  140.04758     55.792    -1.1679    -1.1644  27.208301  27.212629    33.8265    33.8285    319.829    312.073    -0.0755     4.6007     0.0965     0.0965     0.0760     0.0220      99767    69.2819     100.00     2.3733     2.0697         15  0.000e+00
     55.219   79.86244  140.04756     55.817    -1.1683    -1.1642  27.208000  27.212856    33.8266    33.8286    319.834    312.072    -0.0755     4.6020     0.0965     0.0965     0.0750     0.0220      99768    69.2826     100.00     2.3733     2.0697         15  0.000e+00
     55.194   79.86244  140.04756     55.792    -1.1687    -1.1619  27.208000  27.214499    33.8270    33.8283    319.835    312.296    -0.0755     4.6007     0.0952     0.0952     0.0760     0.0220      99769    69.2833     100.00     2.3733     2.0709         15  0.000e+00
     55.153   79.86244  140.04756     55.750    -1.1689    -1.1596  27.207880  27.215859    33.8272    33.8275    319.835    312.274    -0.1061     4.6020     0.0965     0.0965     0.0750     0.0208      99770    69.2840     100.00     2.3733     2.0709         15  0.000e+00
     55.260   79.86244  140.04756     55.858    -1.1693    -1.1577  27.207217  27.217560    33.8266    33.8276    319.845    312.260    -0.0755     4.6020     0.0965     0.0965     0.0750     0.0220      99771    69.2847     100.00     2.3733     2.0709         15  0.000e+00
     39.774   79.86252  140.04664     40.203    -1.0981    -1.0993  27.057410  27.053998    33.5514    33.5480    322.461    315.141    -0.0145     4.5897     0.1062     0.1062     0.0856     0.0244     102281    71.0278     100.00     2.3925     2.0878         16  0.000e+00
     39.840   79.86252  140.04664     40.270    -1.0978    -1.0991  27.057590  27.053942    33.5512    33.5478    322.461    315.389    -0.0145     4.5897     0.1062     0.1062     0.0856     0.0244     102282    71.0285     100.00     2.3925     2.0890         16  0.000e+00
     39.840   79.86252  140.04664     40.270    -1.0980    -1.0991  27.057470  27.053942    33.5513    33.5477    322.463    315.143     0.0160     4.5897     0.1050     0.1050     0.0856     0.0256     102283    71.0292     100.00     2.3925     2.0878         16  0.000e+00
     39.774   79.86252  140.04664     40.203    -1.0981    -1.0991  27.057590  27.053942    33.5516    33.5478    322.460    314.895    -0.0145     4.5897     0.1062     0.1062     0.0856     0.0244     102284    71.0299     100.00     2.3925     2.0865         16  0.000e+00
     39.840   79.86252  140.04664     40.270    -1.0978    -1.0991  27.058071  27.054112    33.5519    33.5480    322.459    314.897    -0.0145     4.5897     0.1062     0.1062     0.0856     0.0244     102285    71.0306     100.00     2.3925     2.0865         16  0.000e+00
     39.774   79.86252  140.04664     40.203    -1.0980    -1.0991  27.058011  27.054224    33.5521    33.5481    322.458    314.894    -0.0145     4.5897     0.1050     0.1050     0.0856     0.0244     102286    71.0313     100.00     2.3925     2.0865         16  0.000e+00
     39.774   79.86252  140.04664     40.203    -1.0974    -1.0990  27.058131  27.054281    33.5516    33.5481    322.453    315.138    -0.0145     4.5910     0.1050     0.1050     0.0845     0.0244     102287    71.0319     100.00     2.3925     2.0878         16  0.000e+00
     39.840   79.86252  140.04662     40.270    -1.0974    -1.0991  27.058372  27.054394    33.5519    33.5483    322.456    315.387    -0.0145     4.5922     0.1062     0.1062     0.0835     0.0244     102288    71.0326     100.00     2.3925     2.0890         16  0.000e+00
     39.807   79.86252  140.04662     40.236    -1.0975    -1.0991  27.058251  27.054451    33.5518    33.5484    322.455    315.630    -0.0145     4.5934     0.1062     0.1062     0.0824     0.0244     102289    71.0333     100.00     2.3925     2.0902         16  0.000e+00
     39.774   79.86252  140.04662     40.203    -1.0977    -1.0990  27.058191  27.054451    33.5520    33.5484    322.248    315.874     0.0160     4.5934     0.1050     0.1050     0.0824     0.0256     102290    71.0340     100.00     2.3913     2.0914         16  0.000e+00
     39.774   79.86252  140.04662     40.203    -1.0977    -1.0988  27.058191  27.054451    33.5520    33.5481    322.248    315.872    -0.0145     4.5934     0.1062     0.1062     0.0824     0.0244     102291    71.0347     100.00     2.3913     2.0914         16  0.000e+00
     39.840   79.86252  140.04662     40.270    -1.0976    -1.0987  27.058191  27.054621    33.5519    33.5482    322.457    315.874    -0.0145     4.5934     0.1062     0.1062     0.0824     0.0244     102292    71.0354     100.00     2.3925     2.0914         16  0.000e+00
     39.774   79.86252  140.04662     40.203    -1.0980    -1.0988  27.057590  27.054903    33.5515    33.5487    322.459    315.625    -0.0145     4.5922     0.1050     0.1050     0.0835     0.0244     102293    71.0361     100.00     2.3925     2.0902         16  0.000e+00
     39.840   79.86252  140.04662     40.270    -1.0983    -1.0984  27.057590  27.055299    33.5518    33.5488    322.464    315.624    -0.0145     4.5934     0.1062     0.1062     0.0824     0.0244     102294    71.0368     100.00     2.3925     2.0902         16  0.000e+00
     39.774   79.86252  140.04662     40.203    -1.0985    -1.0984  27.057710  27.055469    33.5522    33.5490    322.462    315.130    -0.0145     4.5934     0.1062     0.1062     0.0824     0.0244     102295    71.0375     100.00     2.3925     2.0878         16  0.000e+00
     39.774   79.86252  140.04662     40.203    -1.0984    -1.0979  27.057710  27.055525    33.5522    33.5486    322.462    314.636    -0.0145     4.5934     0.1050     0.1050     0.0824     0.0244     102296    71.0382     100.00     2.3925     2.0853         16  0.000e+00
     39.807   79.86252  140.04662     40.236    -1.0981    -1.0981  27.057710  27.055525    33.5518    33.5488    322.461    314.393    -0.0145     4.5934     0.1062     0.1062     0.0824     0.0244     102297    71.0389     100.00     2.3925     2.0841         16  0.000e+00
     39.840   79.86252  140.04662     40.270    -1.0980    -1.0981  27.058071  27.055525    33.5522    33.5487    322.461    314.149    -0.0145     4.5922     0.1050     0.1050     0.0835     0.0244     102298    71.0396     100.00     2.3925     2.0829         16  0.000e+00
