Continuous CTD Data/SBE Stage/nabos_32_02.ros
* Sea-Bird SBE 9 Data File:
* FileName = D:\CTD\data\HLY2502\raw\NABOS_32_02.hex
* Software Version Seasave V 7.26.7.110
* Temperature SN = 6954
* Conductivity SN = 2561
* Number of Bytes Per Scan = 37
* Number of Voltage Words = 4
* Number of Scans Averaged by the Deck Unit = 1
* NMEA Latitude = 79 57.04 N
* NMEA Longitude = 142 16.33 E
* NMEA UTC (Time) = Sep 23 2025  10:03:54
* NMEA baud rate = 9600
** Ship: USCG HEALY
** Bot. Depth:  1374
** Cast Number:  02
** Station Name:  NABOS
** Station Number:  32
** Operator:  STARC
# nquan = 25
# nvalues = 980                                   
# units = specified
# name 0 = depSM: Depth [salt water, m]
# name 1 = latitude: Latitude [deg]
# name 2 = longitude: Longitude [deg]
# name 3 = prDM: Pressure, Digiquartz [db]
# name 4 = t090C: Temperature [ITS-90, deg C]
# name 5 = t190C: Temperature, 2 [ITS-90, deg C]
# name 6 = c0mS/cm: Conductivity [mS/cm]
# name 7 = c1mS/cm: Conductivity, 2 [mS/cm]
# name 8 = sal00: Salinity, Practical [PSU]
# name 9 = sal11: Salinity, Practical, 2 [PSU]
# name 10 = sbox0Mm/Kg: Oxygen, SBE 43 [umol/kg]
# name 11 = sbox1Mm/Kg: Oxygen, SBE 43, 2 [umol/kg]
# name 12 = flECO-AFL: Fluorescence, WET Labs ECO-AFL/FL [mg/m^3]
# name 13 = v2: Voltage 2
# name 14 = wetCDOM: Fluorescence, WET Labs CDOM [mg/m^3]
# name 15 = v6: Voltage 6
# name 16 = CStarAt0: Beam Attenuation, WET Labs C-Star [1/m]
# name 17 = v3: Voltage 3
# name 18 = scan: Scan Count
# name 19 = timeM: Time, Elapsed [minutes]
# name 20 = altM: Altimeter [m]
# name 21 = sbeox0V: Oxygen raw, SBE 43 [V]
# name 22 = sbeox1V: Oxygen raw, SBE 43, 2 [V]
# name 23 = nbf: Bottles Fired
# name 24 = flag:  0.000e+00
# interval = seconds: 0.0416667
# start_time = Sep 23 2025 10:03:54 [NMEA time, header]
# bad_flag = -9.990e-29
*END*
[from data line 58]
   1000.419   79.95290  142.23006   1013.583    -0.1864    -0.1861  29.210050  29.208750    34.8367    34.8346    298.059    293.430    -0.1366     4.6252     0.0830     0.0830     0.0548     0.0195      56958    39.5535     100.00     2.0956     1.8523          2  0.000e+00
   1000.477   79.95290  142.23006   1013.642    -0.1863    -0.1862  29.210112  29.208576    34.8367    34.8345    298.061    293.434    -0.1366     4.6252     0.0830     0.0830     0.0548     0.0195      56959    39.5542     100.00     2.0956     1.8523          2  0.000e+00
   1000.477   79.95290  142.23006   1013.642    -0.1860    -0.1861  29.210112  29.208517    34.8364    34.8343    298.288    293.433    -0.1366     4.6252     0.0830     0.0830     0.0548     0.0195      56960    39.5549     100.00     2.0968     1.8523          2  0.000e+00
   1000.477   79.95290  142.23004   1013.642    -0.1860    -0.1859  29.210112  29.208517    34.8364    34.8341    298.059    293.162    -0.1366     4.6252     0.0842     0.0842     0.0548     0.0195      56961    39.5556     100.00     2.0956     1.8511          2  0.000e+00
   1000.435   79.95290  142.23004   1013.600    -0.1863    -0.1862  29.210483  29.208517    34.8372    34.8344    298.058    293.432    -0.1061     4.6252     0.0842     0.0842     0.0548     0.0208      56962    39.5562     100.00     2.0956     1.8523          2  0.000e+00
   1000.477   79.95290  142.23004   1013.642    -0.1862    -0.1862  29.210050  29.208285    34.8365    34.8341    298.060    293.164    -0.1061     4.6252     0.0830     0.0830     0.0548     0.0208      56963    39.5569     100.00     2.0956     1.8511          2  0.000e+00
   1000.419   79.95290  142.23004   1013.583    -0.1860    -0.1863  29.210421  29.208401    34.8367    34.8345    298.056    293.433    -0.1366     4.6252     0.0830     0.0830     0.0548     0.0195      56964    39.5576     100.00     2.0956     1.8523          2  0.000e+00
   1000.477   79.95290  142.23004   1013.642    -0.1860    -0.1862  29.210236  29.208692    34.8365    34.8346    298.059    293.704    -0.1366     4.6252     0.0842     0.0842     0.0548     0.0195      56965    39.5583     100.00     2.0956     1.8536          2  0.000e+00
   1000.477   79.95290  142.23004   1013.642    -0.1862    -0.1859  29.210298  29.208576    34.8368    34.8341    298.060    293.703    -0.1366     4.6252     0.0830     0.0830     0.0548     0.0195      56966    39.5590     100.00     2.0956     1.8536          2  0.000e+00
   1000.477   79.95290  142.23004   1013.642    -0.1862    -0.1862  29.210174  29.208692    34.8366    34.8346    298.060    293.975    -0.1366     4.6252     0.0842     0.0842     0.0548     0.0195      56967    39.5597     100.00     2.0956     1.8548          2  0.000e+00
   1000.419   79.95290  142.23004   1013.583    -0.1860    -0.1861  29.210298  29.208750    34.8366    34.8346    298.056    293.972    -0.1366     4.6252     0.0842     0.0842     0.0548     0.0195      56968    39.5604     100.00     2.0956     1.8548          2  0.000e+00
   1000.419   79.95290  142.23004   1013.583    -0.1860    -0.1861  29.210359  29.208692    34.8367    34.8345    298.056    293.972    -0.1366     4.6252     0.0842     0.0842     0.0548     0.0195      56969    39.5611     100.00     2.0956     1.8548          2  0.000e+00
   1000.477   79.95290  142.23004   1013.642    -0.1854    -0.1861  29.211164  29.208692    34.8370    34.8345    298.281    293.974    -0.1366     4.6252     0.0830     0.0830     0.0548     0.0195      56970    39.5618     100.00     2.0968     1.8548          2  0.000e+00
   1000.477   79.95290  142.23004   1013.642    -0.1850    -0.1858  29.211473  29.208576    34.8370    34.8340    297.820    293.702    -0.1366     4.6252     0.0830     0.0830     0.0548     0.0195      56971    39.5625     100.00     2.0944     1.8536          2  0.000e+00
   1000.419   79.95290  142.23004   1013.583    -0.1846    -0.1861  29.211658  29.208517    34.8368    34.8343    298.043    293.702    -0.1366     4.6252     0.0842     0.0842     0.0548     0.0195      56972    39.5632     100.00     2.0956     1.8536          2  0.000e+00
   1000.477   79.95290  142.23004   1013.642    -0.1843    -0.1862  29.211535  29.208692    34.8363    34.8346    298.044    293.704    -0.1061     4.6252     0.0830     0.0830     0.0548     0.0208      56973    39.5639     100.00     2.0956     1.8536          2  0.000e+00
   1000.477   79.95290  142.23004   1013.642    -0.1845    -0.1861  29.211473  29.208576    34.8364    34.8343    298.046    293.704    -0.1366     4.6252     0.0830     0.0830     0.0548     0.0195      56974    39.5646     100.00     2.0956     1.8536          2  0.000e+00
   1000.419   79.95290  142.23004   1013.583    -0.1846    -0.1861  29.211473  29.208692    34.8366    34.8345    298.044    293.701    -0.1366     4.6252     0.0830     0.0830     0.0548     0.0195      56975    39.5653     100.00     2.0956     1.8536          2  0.000e+00
   1000.435   79.95290  142.23004   1013.600    -0.1845    -0.1856  29.211473  29.209564    34.8364    34.8351    298.044    293.696    -0.1366     4.6252     0.0830     0.0830     0.0548     0.0195      56976    39.5660     100.00     2.0956     1.8536          2  0.000e+00
   1000.477   79.95290  142.23004   1013.642    -0.1847    -0.1851  29.211658  29.209855    34.8369    34.8350    298.046    293.965    -0.1366     4.6252     0.0830     0.0830     0.0548     0.0195      56977    39.5667     100.00     2.0956     1.8548          2  0.000e+00
   1000.419   79.95290  142.23004   1013.583    -0.1845    -0.1848  29.211535  29.209855    34.8365    34.8347    298.043    293.961    -0.1061     4.6252     0.0830     0.0830     0.0548     0.0208      56978    39.5674     100.00     2.0956     1.8548          2  0.000e+00
   1000.477   79.95290  142.23004   1013.642    -0.1842    -0.1848  29.211658  29.209681    34.8363    34.8344    298.043    293.964    -0.1366     4.6252     0.0830     0.0830     0.0548     0.0195      56979    39.5681     100.00     2.0956     1.8548          2  0.000e+00
   1000.419   79.95290  142.23004   1013.583    -0.1844    -0.1846  29.211782  29.209797    34.8368    34.8344    297.813    293.689    -0.1366     4.6252     0.0842     0.0842     0.0548     0.0195      56980    39.5688     100.00     2.0944     1.8536          2  0.000e+00
   1000.419   79.95290  142.23004   1013.583    -0.1843    -0.1850  29.211349  29.209855    34.8361    34.8349    298.043    293.421    -0.1366     4.6252     0.0830     0.0830     0.0548     0.0195      56981    39.5694     100.00     2.0956     1.8523          2  0.000e+00
   1000.477   79.95290  142.23004   1013.642    -0.1847    -0.1847  29.211597  29.209681    34.8368    34.8343    297.818    293.422    -0.1366     4.6252     0.0830     0.0830     0.0548     0.0195      56982    39.5701     100.00     2.0944     1.8523          2  0.000e+00
   1000.477   79.95290  142.23004   1013.642    -0.1851    -0.1848  29.211102  29.209797    34.8365    34.8345    298.279    293.151    -0.1366     4.6252     0.0842     0.0842     0.0548     0.0195      56983    39.5708     100.00     2.0968     1.8511          2  0.000e+00
   1000.419   79.95290  142.23004   1013.583    -0.1853    -0.1846  29.211102  29.209448    34.8368    34.8339    298.049    293.149    -0.1366     4.6252     0.0830     0.0830     0.0548     0.0195      56984    39.5715     100.00     2.0956     1.8511          2  0.000e+00
   1000.419   79.95290  142.23004   1013.583    -0.1857    -0.1845  29.210978  29.209681    34.8371    34.8341    298.052    293.148    -0.1366     4.6252     0.0830     0.0830     0.0548     0.0195      56985    39.5722     100.00     2.0956     1.8511          2  0.000e+00
   1000.477   79.95290  142.23002   1013.642    -0.1858    -0.1846  29.210731  29.209681    34.8369    34.8342    298.056    293.151    -0.1061     4.6252     0.0818     0.0818     0.0548     0.0208      56986    39.5729     100.00     2.0956     1.8511          2  0.000e+00
   1000.419   79.95290  142.23002   1013.583    -0.1858    -0.1843  29.210669  29.209797    34.8368    34.8341    298.054    292.876    -0.1366     4.6252     0.0830     0.0830     0.0548     0.0195      56987    39.5736     100.00     2.0956     1.8499          2  0.000e+00
   1000.419   79.95290  142.23002   1013.583    -0.1855    -0.1845  29.210854  29.209855    34.8368    34.8343    298.052    292.606    -0.1366     4.6252     0.0818     0.0818     0.0548     0.0195      56988    39.5743     100.00     2.0956     1.8487          2  0.000e+00
   1000.477   79.95290  142.23002   1013.642    -0.1853    -0.1848  29.210916  29.209855    34.8365    34.8346    297.824    292.610    -0.1366     4.6252     0.0818     0.0818     0.0548     0.0195      56989    39.5750     100.00     2.0944     1.8487          2  0.000e+00
   1000.435   79.95290  142.23002   1013.600    -0.1854    -0.1846  29.211102  29.209448    34.8369    34.8339    298.051    292.609    -0.1366     4.6252     0.0818     0.0818     0.0548     0.0195      56990    39.5757     100.00     2.0956     1.8487          2  0.000e+00
   1000.419   79.95290  142.23002   1013.583    -0.1850    -0.1851  29.211225  29.209332    34.8367    34.8343    298.047    292.611    -0.1366     4.6252     0.0830     0.0830     0.0548     0.0195      56991    39.5764     100.00     2.0956     1.8487          2  0.000e+00
   1000.477   79.95290  142.23002   1013.642    -0.1851    -0.1853  29.211225  29.209099    34.8368    34.8342    297.822    292.886    -0.1061     4.6252     0.0830     0.0830     0.0548     0.0208      56992    39.5771     100.00     2.0944     1.8499          2  0.000e+00
   1000.419   79.95290  142.23002   1013.583    -0.1851    -0.1855  29.211225  29.209041    34.8367    34.8343    298.048    292.885    -0.1366     4.6264     0.0830     0.0830     0.0538     0.0195      56993    39.5778     100.00     2.0956     1.8499          2  0.000e+00
   1000.477   79.95290  142.23002   1013.642    -0.1850    -0.1853  29.211597  29.209216    34.8371    34.8343    297.820    293.156    -0.1061     4.6252     0.0818     0.0818     0.0548     0.0208      56994    39.5785     100.00     2.0944     1.8511          2  0.000e+00
   1000.419   79.95290  142.23002   1013.583    -0.1847    -0.1851  29.211535  29.209448    34.8367    34.8345    297.816    293.423    -0.1366     4.6264     0.0818     0.0818     0.0538     0.0195      56995    39.5792     100.00     2.0944     1.8523          2  0.000e+00
   1000.419   79.95290  142.23002   1013.583    -0.1844    -0.1851  29.211658  29.209332    34.8366    34.8343    297.814    293.694    -0.1061     4.6264     0.0830     0.0830     0.0538     0.0208      56996    39.5799     100.00     2.0944     1.8536          2  0.000e+00
   1000.419   79.95290  142.23002   1013.583    -0.1843    -0.1846  29.211720  29.209681    34.8366    34.8342    298.042    293.960    -0.1366     4.6252     0.0830     0.0830     0.0548     0.0195      56997    39.5806     100.00     2.0956     1.8548          2  0.000e+00
    751.195   79.95342  142.22350    760.620     0.1535     0.1536  29.383934  29.382097    34.8283    34.8258    297.279    292.428    -0.1671     4.6239     0.0842     0.0842     0.0559     0.0183      66194    45.9674     100.00     2.1622     1.9066          3  0.000e+00
    751.195   79.95342  142.22350    760.620     0.1535     0.1536  29.383934  29.382680    34.8283    34.8266    297.279    292.426    -0.1671     4.6239     0.0842     0.0842     0.0559     0.0183      66195    45.9681     100.00     2.1622     1.9066          3  0.000e+00
    751.261   79.95342  142.22350    760.687     0.1532     0.1538  29.383934  29.382505    34.8286    34.8260    297.283    292.427    -0.1671     4.6239     0.0842     0.0842     0.0559     0.0183      66196    45.9688     100.00     2.1622     1.9066          3  0.000e+00
    751.195   79.95342  142.22350    760.620     0.1537     0.1537  29.383872  29.382563    34.8281    34.8263    297.278    292.684    -0.1366     4.6239     0.0842     0.0842     0.0559     0.0195      66197    45.9694     100.00     2.1622     1.9078          3  0.000e+00
    751.195   79.95342  142.22350    760.620     0.1533     0.1537  29.384058  29.382447    34.8287    34.8262    297.498    292.167    -0.1671     4.6239     0.0842     0.0842     0.0559     0.0183      66198    45.9701     100.00     2.1634     1.9054          3  0.000e+00
    751.203   79.95342  142.22350    760.628     0.1533     0.1540  29.383996  29.382622    34.8286    34.8260    297.499    292.424    -0.1671     4.6239     0.0855     0.0855     0.0559     0.0183      66199    45.9708     100.00     2.1634     1.9066          3  0.000e+00
    751.261   79.95342  142.22350    760.687     0.1535     0.1538  29.383872  29.382622    34.8282    34.8262    297.282    292.945    -0.1671     4.6239     0.0842     0.0842     0.0559     0.0183      66200    45.9715     100.00     2.1622     1.9091          3  0.000e+00
    751.195   79.95342  142.22350    760.620     0.1533     0.1541  29.384306  29.382913    34.8290    34.8263    297.497    292.939    -0.1671     4.6239     0.0842     0.0842     0.0559     0.0183      66201    45.9722     100.00     2.1634     1.9091          3  0.000e+00
    751.195   79.95342  142.22348    760.620     0.1538     0.1540  29.384244  29.382680    34.8284    34.8261    297.276    292.940    -0.1671     4.6239     0.0842     0.0842     0.0559     0.0183      66202    45.9729     100.00     2.1622     1.9091          3  0.000e+00
    751.261   79.95342  142.22348    760.687     0.1537     0.1538  29.384554  29.382447    34.8289    34.8259    297.279    292.945    -0.1671     4.6239     0.0842     0.0842     0.0559     0.0183      66203    45.9736     100.00     2.1622     1.9091          3  0.000e+00
    751.195   79.95342  142.22348    760.620     0.1541     0.1537  29.384492  29.382563    34.8283    34.8263    297.492    292.943    -0.1671     4.6239     0.0855     0.0855     0.0559     0.0183      66204    45.9743     100.00     2.1634     1.9091          3  0.000e+00
    751.203   79.95342  142.22348    760.628     0.1541     0.1537  29.384430  29.382272    34.8282    34.8259    297.492    293.203    -0.1671     4.6239     0.0842     0.0842     0.0559     0.0183      66205    45.9750     100.00     2.1634     1.9103          3  0.000e+00
    751.195   79.95342  142.22348    760.620     0.1543     0.1537  29.384244  29.382505    34.8279    34.8263    297.492    293.202    -0.1671     4.6239     0.0855     0.0855     0.0559     0.0183      66206    45.9757     100.00     2.1634     1.9103          3  0.000e+00
    751.261   79.95342  142.22348    760.687     0.1544     0.1540  29.384554  29.382680    34.8281    34.8260    297.274    293.202    -0.1366     4.6239     0.0842     0.0842     0.0559     0.0195      66207    45.9764     100.00     2.1622     1.9103          3  0.000e+00
    751.261   79.95342  142.22348    760.687     0.1540     0.1541  29.384120  29.382913    34.8280    34.8262    297.497    292.942    -0.1671     4.6239     0.0842     0.0842     0.0559     0.0183      66208    45.9771     100.00     2.1634     1.9091          3  0.000e+00
    751.195   79.95342  142.22348    760.620     0.1535     0.1544  29.384120  29.383088    34.8286    34.8262    297.278    292.937    -0.1671     4.6252     0.0842     0.0842     0.0548     0.0183      66209    45.9778     100.00     2.1622     1.9091          3  0.000e+00
    751.203   79.95342  142.22348    760.628     0.1533     0.1546  29.383810  29.383671    34.8283    34.8267    297.499    292.934    -0.1671     4.6239     0.0842     0.0842     0.0559     0.0183      66210    45.9785     100.00     2.1634     1.9091          3  0.000e+00
