Continuous CTD Data/SBE Stage/nabos_28_01avg.cnv
* Sea-Bird SBE 9 Data File:
* FileName = D:\CTD\data\HLY2502\raw\NABOS_28_01.hex
* Software Version Seasave V 7.26.7.110
* Temperature SN = 6954
* Conductivity SN = 2561
* Number of Bytes Per Scan = 37
* Number of Voltage Words = 4
* Number of Scans Averaged by the Deck Unit = 1
* NMEA Latitude = 80 36.34 N
* NMEA Longitude = 154 17.06 E
* NMEA UTC (Time) = Sep 21 2025  20:08:11
* NMEA baud rate = 9600
** Ship: USCG HEALY
** Bot. Depth:  2371
** Cast Number:  01
** Station Name:  NABOS
** Station Number:  28
** Operator:  STARC
# nquan = 25
# nvalues = 1214                        
# units = specified
# name 0 = depSM: Depth [salt water, m]
# name 1 = latitude: Latitude [deg]
# name 2 = longitude: Longitude [deg]
# name 3 = prDM: Pressure, Digiquartz [db]
# name 4 = t090C: Temperature [ITS-90, deg C]
# name 5 = t190C: Temperature, 2 [ITS-90, deg C]
# name 6 = c0mS/cm: Conductivity [mS/cm]
# name 7 = c1mS/cm: Conductivity, 2 [mS/cm]
# name 8 = sal00: Salinity, Practical [PSU]
# name 9 = sal11: Salinity, Practical, 2 [PSU]
# name 10 = sbox0Mm/Kg: Oxygen, SBE 43 [umol/kg]
# name 11 = sbox1Mm/Kg: Oxygen, SBE 43, 2 [umol/kg]
# name 12 = flECO-AFL: Fluorescence, WET Labs ECO-AFL/FL [mg/m^3]
# name 13 = v2: Voltage 2
# name 14 = wetCDOM: Fluorescence, WET Labs CDOM [mg/m^3]
# name 15 = v6: Voltage 6
# name 16 = CStarAt0: Beam Attenuation, WET Labs C-Star [1/m]
# name 17 = v3: Voltage 3
# name 18 = scan: Scan Count
# name 19 = timeM: Time, Elapsed [minutes]
# name 20 = altM: Altimeter [m]
# name 21 = sbeox0V: Oxygen raw, SBE 43 [V]
# name 22 = sbeox1V: Oxygen raw, SBE 43, 2 [V]
# name 23 = nbin: number of scans per bin
# name 24 = flag: flag
# span 0 =      3.958,   1200.588       
# span 1 =   80.60327,   80.60541       
# span 2 =  154.27945,  154.28404       
# span 3 =      4.000,   1217.000       
# span 4 =    -1.7277,     1.0712       
# span 5 =    -1.7275,     1.0711       
# span 6 =  24.679791,  29.914778       
# span 7 =  24.678531,  29.913036       
# span 8 =    30.9493,    34.8683       
# span 9 =    30.9472,    34.8660       
# span 10 =    291.301,    377.198      
# span 11 =    265.724,    378.723      
# span 12 =    -0.1799,     0.5032      
# span 13 =     4.0614,     4.6360      
# span 14 =     0.0806,     0.1246      
# span 15 =     0.0806,     0.1246      
# span 16 =     0.0454,     0.5845      
# span 17 =     0.0178,     0.0452      
# span 18 =       4024,      41749      
# span 19 =     2.7939,    28.9915      
# span 20 =     100.00,     100.00      
# span 21 =     2.0138,     2.6408      
# span 22 =     1.6991,     2.3402      
# span 23 =          7,         27      
# span 24 = 0.0000e+00, 0.0000e+00      
# interval = decibars: 1                
# start_time = Sep 21 2025 20:08:11 [NMEA time, header]
# bad_flag = -9.990e-29
*END*
[from data line 348]
    347.973   80.60480  154.28278    352.000     0.6019     0.6017  29.564424  29.562563    34.7995    34.7972    299.002    293.362    -0.1645     4.6273     0.0829     0.0829     0.0530     0.0184      16128    11.1996     100.00     2.2875     2.0069         15 0.0000e+00
    348.961   80.60480  154.28277    353.000     0.5998     0.5999  29.563759  29.562195    34.8003    34.7983    298.975    294.290    -0.1384     4.6265     0.0832     0.0832     0.0537     0.0194      16155    11.2184     100.00     2.2871     2.0113         13 0.0000e+00
    349.948   80.60480  154.28276    354.000     0.6001     0.6003  29.564879  29.563141    34.8009    34.7985    298.928    295.256    -0.1301     4.6276     0.0837     0.0837     0.0527     0.0198      16183    11.2376     100.00     2.2866     2.0161         19 0.0000e+00
    350.936   80.60480  154.28276    355.000     0.6007     0.6006  29.566360  29.564405    34.8016    34.7992    298.795    295.079    -0.1518     4.6277     0.0834     0.0834     0.0526     0.0189      16210    11.2562     100.00     2.2855     2.0150         13 0.0000e+00
    351.923   80.60480  154.28276    356.000     0.6057     0.6055  29.571623  29.569699    34.8023    34.7999    298.540    293.252    -0.1452     4.6274     0.0830     0.0830     0.0529     0.0192      16238    11.2755     100.00     2.2840     2.0058         14 0.0000e+00
    352.911   80.60480  154.28276    357.000     0.5984     0.5984  29.565652  29.563765    34.8020    34.7996    298.511    294.087    -0.1686     4.6275     0.0837     0.0837     0.0528     0.0182      16265    11.2943     100.00     2.2833     2.0095         15 0.0000e+00
    353.899   80.60480  154.28276    358.000     0.5903     0.5900  29.558806  29.556825    34.8016    34.7994    298.549    291.937    -0.1570     4.6274     0.0849     0.0849     0.0528     0.0187      16292    11.3134     100.00     2.2828     1.9980         15 0.0000e+00
    354.887   80.60480  154.28275    359.000     0.5853     0.5851  29.554919  29.552994    34.8016    34.7993    298.639    292.215    -0.1472     4.6269     0.0840     0.0840     0.0533     0.0191      16320    11.3324     100.00     2.2829     1.9990         20 0.0000e+00
    355.874   80.60480  154.28274    360.000     0.5867     0.5866  29.556939  29.555055    34.8021    34.7997    298.680    292.942    -0.1443     4.6276     0.0830     0.0830     0.0527     0.0192      16347    11.3514     100.00     2.2829     2.0026         16 0.0000e+00
    356.862   80.60478  154.28274    361.000     0.5867     0.5866  29.557422  29.555583    34.8021    34.7999    298.658    293.685    -0.1664     4.6276     0.0822     0.0822     0.0527     0.0183      16374    11.3703     100.00     2.2826     2.0062         16 0.0000e+00
    357.850   80.60478  154.28274    362.000     0.5870     0.5869  29.558431  29.556684    34.8025    34.8003    298.546    293.447    -0.1307     4.6277     0.0834     0.0834     0.0526     0.0198      16402    11.3892     100.00     2.2817     2.0048         14 0.0000e+00
    358.837   80.60478  154.28274    363.000     0.5899     0.5900  29.561807  29.560003    34.8030    34.8006    298.580    295.109    -0.1462     4.6276     0.0833     0.0833     0.0527     0.0191      16429    11.4080     100.00     2.2818     2.0131         13 0.0000e+00
    359.825   80.60478  154.28274    364.000     0.5878     0.5875  29.560250  29.558419    34.8029    34.8007    298.643    293.590    -0.1760     4.6275     0.0835     0.0835     0.0528     0.0179      16456    11.4272     100.00     2.2819     2.0051         13 0.0000e+00
    360.813   80.60478  154.28272    365.000     0.5798     0.5796  29.553883  29.551943    34.8028    34.8005    298.690    293.212    -0.1722     4.6279     0.0834     0.0834     0.0525     0.0181      16484    11.4462     100.00     2.2815     2.0027         18 0.0000e+00
    361.800   80.60478  154.28272    366.000     0.5730     0.5730  29.548394  29.546607    34.8027    34.8005    298.703    293.415    -0.1370     4.6267     0.0823     0.0823     0.0535     0.0195      16511    11.4650     100.00     2.2810     2.0032         13 0.0000e+00
    362.788   80.60478  154.28272    367.000     0.5708     0.5708  29.546918  29.544961    34.8027    34.8002    298.713    292.042    -0.1441     4.6274     0.0825     0.0825     0.0529     0.0192      16537    11.4836     100.00     2.2807     1.9960         12 0.0000e+00
    363.776   80.60478  154.28272    368.000     0.5679     0.5678  29.544719  29.542752    34.8025    34.8001    298.669    292.290    -0.1563     4.6276     0.0830     0.0830     0.0527     0.0187      16566    11.5033     100.00     2.2801     1.9969         16 0.0000e+00
    364.763   80.60478  154.28272    369.000     0.5642     0.5643  29.541873  29.540142    34.8024    34.8000    298.760    293.109    -0.1341     4.6276     0.0822     0.0822     0.0527     0.0196      16593    11.5221     100.00     2.2802     2.0007         16 0.0000e+00
    365.751   80.60478  154.28272    370.000     0.5633     0.5632  29.541549  29.539711    34.8024    34.8001    298.794    294.013    -0.1639     4.6276     0.0824     0.0824     0.0527     0.0184      16620    11.5408     100.00     2.2801     2.0051         17 0.0000e+00
    366.739   80.60478  154.28270    371.000     0.5627     0.5626  29.541476  29.539680    34.8024    34.8001    298.866    293.309    -0.1691     4.6276     0.0829     0.0829     0.0527     0.0182      16647    11.5598     100.00     2.2803     2.0012         16 0.0000e+00
    367.726   80.60478  154.28270    372.000     0.5627     0.5626  29.541884  29.540044    34.8023    34.8000    298.784    294.268    -0.1530     4.6256     0.0830     0.0830     0.0544     0.0189      16674    11.5787     100.00     2.2795     2.0059         14 0.0000e+00
    368.714   80.60478  154.28270    373.000     0.5629     0.5629  29.542601  29.540847    34.8024    34.8001    298.743    294.129    -0.1497     4.6273     0.0836     0.0836     0.0529     0.0190      16702    11.5978     100.00     2.2791     2.0050         14 0.0000e+00
    369.701   80.60478  154.28270    374.000     0.5632     0.5632  29.543418  29.541612    34.8025    34.8002    298.748    293.615    -0.1696     4.6275     0.0835     0.0835     0.0528     0.0182      16730    11.6170     100.00     2.2789     2.0023         18 0.0000e+00
    370.689   80.60478  154.28270    375.000     0.5638     0.5639  29.544436  29.542567    34.8026    34.8001    298.879    293.459    -0.1691     4.6273     0.0836     0.0836     0.0530     0.0182      16757    11.6359     100.00     2.2795     2.0013         15 0.0000e+00
    371.677   80.60478  154.28270    376.000     0.5650     0.5650  29.546178  29.544408    34.8030    34.8007    298.869    294.141    -0.1358     4.6273     0.0834     0.0834     0.0530     0.0196      16784    11.6547     100.00     2.2792     2.0046         15 0.0000e+00
    372.664   80.60478  154.28268    377.000     0.5666     0.5666  29.548431  29.546720    34.8035    34.8012    298.813    292.796    -0.1503     4.6270     0.0821     0.0821     0.0532     0.0190      16811    11.6737     100.00     2.2788     1.9977         15 0.0000e+00
    373.652   80.60478  154.28268    378.000     0.5676     0.5677  29.549893  29.548182    34.8036    34.8014    298.767    293.428    -0.1338     4.6274     0.0825     0.0825     0.0529     0.0196      16839    11.6929     100.00     2.2783     2.0008         17 0.0000e+00
    374.639   80.60478  154.28268    379.000     0.5663     0.5663  29.549316  29.547493    34.8038    34.8015    298.828    294.049    -0.1566     4.6269     0.0823     0.0823     0.0533     0.0187      16865    11.7110     100.00     2.2784     2.0036          9 0.0000e+00
    375.627   80.60478  154.28268    380.000     0.5656     0.5655  29.549267  29.547390    34.8039    34.8016    298.877    293.853    -0.1666     4.6272     0.0818     0.0818     0.0531     0.0183      16893    11.7305     100.00     2.2784     2.0024         14 0.0000e+00
    376.615   80.60478  154.28268    381.000     0.5643     0.5642  29.548647  29.546827    34.8040    34.8018    298.838    294.110    -0.1447     4.6274     0.0825     0.0825     0.0528     0.0192      16920    11.7496     100.00     2.2778     2.0035         16 0.0000e+00
    377.602   80.60477  154.28267    382.000     0.5598     0.5598  29.545485  29.543736    34.8043    34.8021    298.515    294.111    -0.1548     4.6271     0.0830     0.0830     0.0532     0.0188      16948    11.7684     100.00     2.2754     2.0031         13 0.0000e+00
    378.590   80.60476  154.28266    383.000     0.5534     0.5535  29.540341  29.538643    34.8042    34.8019    298.508    295.256    -0.1336     4.6272     0.0816     0.0816     0.0530     0.0196      16975    11.7876     100.00     2.2748     2.0084         13 0.0000e+00
    379.577   80.60476  154.28266    384.000     0.5401     0.5399  29.528865  29.527010    34.8036    34.8014    298.472    289.251    -0.1347     4.6272     0.0829     0.0829     0.0530     0.0196      17003    11.8068     100.00     2.2737     1.9773         16 0.0000e+00
    380.565   80.60476  154.28266    385.000     0.5228     0.5227  29.514426  29.512538    34.8036    34.8013    298.511    290.597    -0.1605     4.6272     0.0835     0.0835     0.0530     0.0186      17029    11.8251     100.00     2.2728     1.9832         10 0.0000e+00
    381.552   80.60476  154.28266    386.000     0.5150     0.5150  29.507748  29.506059    34.8031    34.8009    298.771    295.391    -0.1692     4.6276     0.0830     0.0830     0.0527     0.0182      17057    11.8443     100.00     2.2737     2.0068         13 0.0000e+00
    382.540   80.60476  154.28265    387.000     0.5052     0.5050  29.499617  29.497625    34.8029    34.8005    298.929    295.550    -0.1613     4.6266     0.0837     0.0837     0.0536     0.0185      17084    11.8635     100.00     2.2739     2.0070         11 0.0000e+00
    383.528   80.60476  154.28264    388.000     0.4999     0.4997  29.495492  29.493596    34.8029    34.8006    299.073    294.982    -0.1360     4.6270     0.0842     0.0842     0.0533     0.0195      17111    11.8821     100.00     2.2742     2.0037         14 0.0000e+00
    384.515   80.60476  154.28264    389.000     0.4944     0.4943  29.491162  29.489337    34.8028    34.8005    299.168    294.429    -0.1321     4.6276     0.0834     0.0834     0.0527     0.0197      17139    11.9013     100.00     2.2743     2.0005         13 0.0000e+00
    385.503   80.60476  154.28264    390.000     0.4914     0.4913  29.489103  29.487215    34.8030    34.8005    299.120    292.964    -0.1399     4.6277     0.0829     0.0829     0.0526     0.0194      17165    11.9197     100.00     2.2736     1.9928          9 0.0000e+00
    386.490   80.60476  154.28264    391.000     0.4928     0.4926  29.490969  29.489090    34.8032    34.8009    299.099    293.427    -0.1669     4.6276     0.0837     0.0837     0.0527     0.0183      17194    11.9397     100.00     2.2733     1.9950         16 0.0000e+00
    387.478   80.60476  154.28264    392.000     0.4924     0.4924  29.491077  29.489243    34.8032    34.8008    299.071    293.398    -0.1573     4.6275     0.0842     0.0842     0.0528     0.0187      17221    11.9582     100.00     2.2729     1.9946         12 0.0000e+00
    388.465   80.60476  154.28263    393.000     0.4931     0.4930  29.492150  29.490294    34.8032    34.8009    298.825    294.656    -0.1481     4.6275     0.0835     0.0835     0.0528     0.0191      17249    11.9775     100.00     2.2713     2.0008         13 0.0000e+00
    389.453   80.60476  154.28262    394.000     0.4898     0.4897  29.489675  29.488047    34.8031    34.8010    298.914    295.576    -0.1694     4.6274     0.0830     0.0830     0.0529     0.0182      17276    11.9962     100.00     2.2714     2.0051         12 0.0000e+00
    390.440   80.60476  154.28262    395.000     0.4824     0.4823  29.483614  29.481777    34.8029    34.8006    298.934    293.223    -0.1693     4.6275     0.0830     0.0830     0.0528     0.0182      17303    12.0156     100.00     2.2709     1.9928         14 0.0000e+00
    391.428   80.60476  154.28262    396.000     0.4652     0.4649  29.469086  29.467052    34.8026    34.8003    299.056    293.824    -0.1671     4.6276     0.0836     0.0836     0.0527     0.0183      17330    12.0340     100.00     2.2705     1.9948         10 0.0000e+00
    392.415   80.60476  154.28262    397.000     0.4596     0.4594  29.464739  29.462717    34.8028    34.8003    299.008    293.864    -0.1584     4.6278     0.0849     0.0849     0.0526     0.0186      17358    12.0534     100.00     2.2697     1.9946         14 0.0000e+00
    393.403   80.60476  154.28262    398.000     0.4596     0.4594  29.464955  29.463004    34.8023    34.8000    298.846    292.551    -0.1319     4.6264     0.0842     0.0842     0.0538     0.0197      17385    12.0722     100.00     2.2685     1.9878         13 0.0000e+00
    394.390   80.60476  154.28260    399.000     0.4616     0.4618  29.467185  29.465677    34.8025    34.8002    298.848    293.704    -0.1322     4.6276     0.0823     0.0823     0.0527     0.0197      17413    12.0914     100.00     2.2684     1.9935         14 0.0000e+00
    395.378   80.60474  154.28260    400.000     0.4690     0.4691  29.474599  29.472833    34.8032    34.8008    298.763    293.994    -0.1367     4.6280     0.0818     0.0818     0.0524     0.0195      17440    12.1105     100.00     2.2680     1.9951         14 0.0000e+00
    396.365   80.60474  154.28260    401.000     0.4711     0.4711  29.477014  29.475146    34.8034    34.8010    298.718    294.109    -0.1425     4.6278     0.0832     0.0832     0.0526     0.0193      17467    12.1291     100.00     2.2676     1.9956         15 0.0000e+00
    397.353   80.60474  154.28260    402.000     0.4700     0.4698  29.476601  29.474574    34.8035    34.8011    298.702    283.112    -0.1714     4.6277     0.0849     0.0849     0.0526     0.0181      17495    12.1484     100.00     2.2672     1.9401         14 0.0000e+00
    398.340   80.60474  154.28260    403.000     0.4722     0.4722  29.479137  29.477401    34.8038    34.8015    298.609    286.351    -0.1721     4.6274     0.0837     0.0837     0.0529     0.0181      17522    12.1670     100.00     2.2666     1.9563         12 0.0000e+00
    399.328   80.60474  154.28258    404.000     0.4741     0.4741  29.481430  29.479741    34.8041    34.8018    298.571    289.650    -0.1391     4.6275     0.0830     0.0830     0.0528     0.0194      17549    12.1862     100.00     2.2662     1.9727         16 0.0000e+00
    400.315   80.60474  154.28258    405.000     0.4766     0.4769  29.484199  29.482632    34.8043    34.8019    298.621    290.466    -0.1607     4.6278     0.0822     0.0822     0.0525     0.0186      17576    12.2050     100.00     2.2664     1.9768         12 0.0000e+00
    401.303   80.60474  154.28258    406.000     0.4782     0.4781  29.486276  29.484305    34.8046    34.8021    298.579    291.939    -0.1354     4.6276     0.0824     0.0824     0.0527     0.0196      17604    12.2243     100.00     2.2660     1.9840         15 0.0000e+00
    402.290   80.60474  154.28258    407.000     0.4805     0.4805  29.488850  29.487092    34.8047    34.8025    298.503    294.216    -0.1558     4.6276     0.0830     0.0830     0.0527     0.0187      17632    12.2435     100.00     2.2654     1.9954         19 0.0000e+00
    403.278   80.60474  154.28257    408.000     0.4804     0.4806  29.489172  29.487554    34.8047    34.8024    298.475    295.584    -0.1742     4.6279     0.0844     0.0844     0.0525     0.0180      17658    12.2619     100.00     2.2650     2.0020         13 0.0000e+00
