Continuous CTD Data/SBE Stage/nabos_21_02.ros
* Sea-Bird SBE 9 Data File:
* FileName = D:\CTD\data\HLY2502\raw\NABOS_21_02.hex
* Software Version Seasave V 7.26.7.110
* Temperature SN = 6954
* Conductivity SN = 2561
* Number of Bytes Per Scan = 37
* Number of Voltage Words = 4
* Number of Scans Averaged by the Deck Unit = 1
* NMEA Latitude = 78 57.26 N
* NMEA Longitude = 173 33.57 E
* NMEA UTC (Time) = Sep 18 2025  15:43:10
* NMEA baud rate = 9600
** Ship: USCG HEALY
** Bot. Depth:  2477
** Cast Number:  02
** Station Name:  NABOS
** Station Number:  21
** Operator:  STARC
# nquan = 25
# nvalues = 1176                                  
# units = specified
# name 0 = depSM: Depth [salt water, m]
# name 1 = latitude: Latitude [deg]
# name 2 = longitude: Longitude [deg]
# name 3 = prDM: Pressure, Digiquartz [db]
# name 4 = t090C: Temperature [ITS-90, deg C]
# name 5 = t190C: Temperature, 2 [ITS-90, deg C]
# name 6 = c0mS/cm: Conductivity [mS/cm]
# name 7 = c1mS/cm: Conductivity, 2 [mS/cm]
# name 8 = sal00: Salinity, Practical [PSU]
# name 9 = sal11: Salinity, Practical, 2 [PSU]
# name 10 = sbox0Mm/Kg: Oxygen, SBE 43 [umol/kg]
# name 11 = sbox1Mm/Kg: Oxygen, SBE 43, 2 [umol/kg]
# name 12 = flECO-AFL: Fluorescence, WET Labs ECO-AFL/FL [mg/m^3]
# name 13 = v2: Voltage 2
# name 14 = wetCDOM: Fluorescence, WET Labs CDOM [mg/m^3]
# name 15 = v6: Voltage 6
# name 16 = CStarAt0: Beam Attenuation, WET Labs C-Star [1/m]
# name 17 = v3: Voltage 3
# name 18 = scan: Scan Count
# name 19 = timeM: Time, Elapsed [minutes]
# name 20 = altM: Altimeter [m]
# name 21 = sbeox0V: Oxygen raw, SBE 43 [V]
# name 22 = sbeox1V: Oxygen raw, SBE 43, 2 [V]
# name 23 = nbf: Bottles Fired
# name 24 = flag:  0.000e+00
# interval = seconds: 0.0416667
# start_time = Sep 18 2025 15:43:10 [NMEA time, header]
# bad_flag = -9.990e-29
*END*
[from data line 406]
    199.997   78.97130  173.60586    202.228     0.5040     0.5041  29.329472  29.327863    34.6919    34.6897    294.882    288.339    -0.1366     4.6691     0.0830     0.0830     0.0170     0.0195     169447   117.6708     100.00     2.2914     2.0051          9  0.000e+00
    200.030   78.97130  173.60586    202.261     0.5041     0.5044  29.329410  29.327630    34.6917    34.6890    294.682    288.102    -0.1366     4.6679     0.0830     0.0830     0.0180     0.0195     169448   117.6715     100.00     2.2902     2.0039          9  0.000e+00
    199.997   78.97130  173.60586    202.228     0.5039     0.5043  29.329348  29.327630    34.6919    34.6892    294.883    288.101    -0.1366     4.6703     0.0830     0.0830     0.0159     0.0195     169449   117.6722     100.00     2.2914     2.0039          9  0.000e+00
    199.997   78.97130  173.60586    202.228     0.5041     0.5041  29.329348  29.327921    34.6917    34.6897    294.681    288.338    -0.1366     4.6691     0.0830     0.0830     0.0170     0.0195     169450   117.6729     100.00     2.2902     2.0051          9  0.000e+00
    200.030   78.97130  173.60586    202.261     0.5037     0.5041  29.329224  29.327688    34.6919    34.6894    294.885    288.340    -0.1366     4.6703     0.0830     0.0830     0.0159     0.0195     169451   117.6736     100.00     2.2914     2.0051          9  0.000e+00
    199.997   78.97130  173.60586    202.228     0.5040     0.5040  29.329348  29.327630    34.6917    34.6896    294.882    288.103    -0.1366     4.6703     0.0830     0.0830     0.0159     0.0195     169452   117.6743     100.00     2.2914     2.0039          9  0.000e+00
    199.997   78.97130  173.60586    202.228     0.5039     0.5040  29.329410  29.327688    34.6919    34.6896    294.682    288.103    -0.1366     4.6691     0.0842     0.0842     0.0170     0.0195     169453   117.6750     100.00     2.2902     2.0039          9  0.000e+00
    200.054   78.97130  173.60586    202.286     0.5040     0.5043  29.329596  29.327630    34.6920    34.6891    294.883    287.866    -0.1366     4.6703     0.0830     0.0830     0.0159     0.0195     169454   117.6757     100.00     2.2914     2.0026          9  0.000e+00
    199.972   78.97130  173.60586    202.203     0.5038     0.5043  29.329719  29.328037    34.6925    34.6897    294.681    287.624    -0.1366     4.6703     0.0830     0.0830     0.0159     0.0195     169455   117.6764     100.00     2.2902     2.0014          9  0.000e+00
    199.997   78.97130  173.60586    202.228     0.5039     0.5041  29.329410  29.327746    34.6920    34.6895    294.682    288.101    -0.1366     4.6703     0.0830     0.0830     0.0159     0.0195     169456   117.6771     100.00     2.2902     2.0039          9  0.000e+00
    200.054   78.97130  173.60586    202.286     0.5039     0.5043  29.329348  29.328096    34.6918    34.6897    294.684    288.339    -0.1366     4.6691     0.0830     0.0830     0.0170     0.0195     169457   117.6778     100.00     2.2902     2.0051          9  0.000e+00
    199.972   78.97130  173.60586    202.203     0.5040     0.5043  29.329410  29.327746    34.6918    34.6893    294.880    288.574    -0.1366     4.6703     0.0842     0.0842     0.0159     0.0195     169458   117.6785     100.00     2.2914     2.0063          9  0.000e+00
    199.997   78.97130  173.60586    202.228     0.5039     0.5043  29.329410  29.328037    34.6919    34.6897    294.882    288.811    -0.1061     4.6703     0.0830     0.0830     0.0159     0.0208     169459   117.6792     100.00     2.2914     2.0075          9  0.000e+00
    200.054   78.97130  173.60586    202.286     0.5039     0.5043  29.329224  29.328038    34.6917    34.6897    294.885    288.813    -0.1366     4.6691     0.0830     0.0830     0.0170     0.0195     169460   117.6799     100.00     2.2914     2.0075          9  0.000e+00
    199.997   78.97130  173.60586    202.228     0.5040     0.5046  29.329534  29.327921    34.6920    34.6892    294.881    288.810    -0.1366     4.6703     0.0818     0.0818     0.0159     0.0195     169461   117.6806     100.00     2.2914     2.0075          9  0.000e+00
    199.972   78.97130  173.60586    202.203     0.5039     0.5044  29.329905  29.328096    34.6926    34.6897    294.679    288.809    -0.1366     4.6703     0.0818     0.0818     0.0159     0.0195     169462   117.6813     100.00     2.2902     2.0075          9  0.000e+00
    200.054   78.97130  173.60586    202.286     0.5039     0.5044  29.329224  29.328212    34.6917    34.6898    294.885    288.812    -0.1366     4.6703     0.0818     0.0818     0.0159     0.0195     169463   117.6819     100.00     2.2914     2.0075          9  0.000e+00
    199.997   78.97130  173.60586    202.228     0.5039     0.5044  29.329534  29.328212    34.6921    34.6898    294.881    288.572    -0.1366     4.6703     0.0818     0.0818     0.0159     0.0195     169464   117.6826     100.00     2.2914     2.0063          9  0.000e+00
    200.030   78.97130  173.60586    202.261     0.5039     0.5044  29.329472  29.328387    34.6921    34.6900    294.883    288.573    -0.1366     4.6703     0.0830     0.0830     0.0159     0.0195     169465   117.6833     100.00     2.2914     2.0063          9  0.000e+00
    199.997   78.97130  173.60586    202.228     0.5042     0.5043  29.329410  29.328271    34.6916    34.6900    294.880    288.098    -0.1366     4.6703     0.0830     0.0830     0.0159     0.0195     169466   117.6840     100.00     2.2914     2.0039          9  0.000e+00
    199.997   78.97130  173.60586    202.228     0.5040     0.5043  29.329596  29.327863    34.6921    34.6895    295.081    287.625    -0.1366     4.6703     0.0818     0.0818     0.0159     0.0195     169467   117.6847     100.00     2.2926     2.0014          9  0.000e+00
    199.997   78.97130  173.60586    202.228     0.5042     0.5041  29.329719  29.328096    34.6920    34.6900    294.879    287.151    -0.1366     4.6703     0.0830     0.0830     0.0159     0.0195     169468   117.6854     100.00     2.2914     1.9990          9  0.000e+00
    200.030   78.97130  173.60586    202.261     0.5045     0.5043  29.329720  29.328212    34.6917    34.6899    294.678    287.151    -0.1366     4.6691     0.0818     0.0818     0.0170     0.0195     169469   117.6861     100.00     2.2902     1.9990          9  0.000e+00
    199.997   78.97130  173.60586    202.228     0.5042     0.5041  29.329596  29.327863    34.6919    34.6897    294.879    287.152    -0.1366     4.6691     0.0818     0.0818     0.0170     0.0195     169470   117.6868     100.00     2.2914     1.9990          9  0.000e+00
    199.997   78.97130  173.60586    202.228     0.5041     0.5043  29.329843  29.327863    34.6923    34.6895    294.679    287.151    -0.1366     4.6679     0.0818     0.0818     0.0180     0.0195     169471   117.6875     100.00     2.2902     1.9990          9  0.000e+00
    200.030   78.97130  173.60586    202.261     0.5042     0.5038  29.329348  29.327921    34.6915    34.6901    294.881    287.392    -0.1366     4.6679     0.0818     0.0818     0.0180     0.0195     169472   117.6882     100.00     2.2914     2.0002          9  0.000e+00
    199.997   78.97130  173.60586    202.228     0.5041     0.5041  29.329719  29.327571    34.6922    34.6893    294.880    287.390    -0.1366     4.6691     0.0818     0.0818     0.0170     0.0195     169473   117.6889     100.00     2.2914     2.0002          9  0.000e+00
    200.054   78.97130  173.60586    202.286     0.5044     0.5041  29.329782  29.327979    34.6919    34.6898    295.080    287.628    -0.1366     4.6691     0.0830     0.0830     0.0170     0.0195     169474   117.6896     100.00     2.2926     2.0014          9  0.000e+00
    199.997   78.97130  173.60586    202.228     0.5045     0.5040  29.329472  29.327979    34.6913    34.6900    294.878    287.627    -0.1366     4.6679     0.0818     0.0818     0.0180     0.0195     169475   117.6903     100.00     2.2914     2.0014          9  0.000e+00
    199.972   78.97130  173.60586    202.203     0.5042     0.5043  29.329596  29.327921    34.6919    34.6896    294.678    288.098    -0.1366     4.6679     0.0818     0.0818     0.0180     0.0195     169476   117.6910     100.00     2.2902     2.0039          9  0.000e+00
    200.054   78.97132  173.60586    202.286     0.5040     0.5040  29.330029  29.327572    34.6926    34.6894    294.881    288.579    -0.1366     4.6679     0.0818     0.0818     0.0180     0.0195     169477   117.6917     100.00     2.2914     2.0063          9  0.000e+00
    199.997   78.97132  173.60586    202.228     0.5042     0.5041  29.329596  29.327979    34.6918    34.6898    294.879    288.811    -0.1061     4.6679     0.0818     0.0818     0.0180     0.0208     169478   117.6924     100.00     2.2914     2.0075          9  0.000e+00
    200.030   78.97132  173.60586    202.261     0.5042     0.5041  29.329782  29.327979    34.6921    34.6898    294.880    288.813    -0.1366     4.6691     0.0818     0.0818     0.0170     0.0195     169479   117.6931     100.00     2.2914     2.0075          9  0.000e+00
    199.997   78.97132  173.60586    202.228     0.5042     0.5041  29.329781  29.327746    34.6921    34.6895    294.878    288.812    -0.1366     4.6679     0.0818     0.0818     0.0180     0.0195     169480   117.6937     100.00     2.2914     2.0075          9  0.000e+00
    199.997   78.97132  173.60586    202.228     0.5040     0.5044  29.329905  29.327863    34.6925    34.6893    294.879    288.573    -0.1366     4.6679     0.0818     0.0818     0.0180     0.0195     169481   117.6944     100.00     2.2914     2.0063          9  0.000e+00
    175.043   78.97148  173.60632    176.985     0.1412     0.1409  28.941247  28.939002    34.6051    34.6025    298.330    291.005    -0.1366     4.6679     0.0830     0.0830     0.0180     0.0195     171848   119.3382     100.00     2.2982     2.0071         10  0.000e+00
    175.043   78.97148  173.60632    176.985     0.1412     0.1409  28.941247  28.938886    34.6052    34.6024    298.331    290.288    -0.1366     4.6679     0.0830     0.0830     0.0180     0.0195     171849   119.3389     100.00     2.2982     2.0034         10  0.000e+00
    174.986   78.97148  173.60632    176.927     0.1415     0.1409  28.941247  28.938827    34.6049    34.6023    298.326    289.330    -0.1366     4.6679     0.0830     0.0830     0.0180     0.0195     171850   119.3396     100.00     2.2982     1.9985         10  0.000e+00
    175.043   78.97148  173.60634    176.985     0.1415     0.1411  28.941432  28.939002    34.6051    34.6023    298.328    288.613    -0.1366     4.6679     0.0842     0.0842     0.0180     0.0195     171851   119.3403     100.00     2.2982     1.9948         10  0.000e+00
    174.977   78.97148  173.60634    176.918     0.1416     0.1411  28.940939  28.938885    34.6044    34.6022    298.326    288.133    -0.1061     4.6679     0.0830     0.0830     0.0180     0.0208     171852   119.3410     100.00     2.2982     1.9924         10  0.000e+00
    175.043   78.97148  173.60634    176.985     0.1415     0.1408  28.941001  28.939002    34.6045    34.6027    298.329    288.137    -0.1366     4.6679     0.0830     0.0830     0.0180     0.0195     171853   119.3417     100.00     2.2982     1.9924         10  0.000e+00
    175.043   78.97148  173.60634    176.985     0.1416     0.1409  28.941001  28.938712    34.6043    34.6021    298.126    288.376    -0.1366     4.6679     0.0842     0.0842     0.0180     0.0195     171854   119.3424     100.00     2.2970     1.9936         10  0.000e+00
    174.977   78.97148  173.60634    176.918     0.1414     0.1409  28.941001  28.938596    34.6046    34.6020    298.125    288.613    -0.1366     4.6679     0.0830     0.0830     0.0180     0.0195     171855   119.3431     100.00     2.2970     1.9948         10  0.000e+00
    175.043   78.97148  173.60634    176.985     0.1415     0.1409  28.941186  28.938944    34.6048    34.6024    298.328    288.614    -0.1671     4.6679     0.0830     0.0830     0.0180     0.0183     171856   119.3438     100.00     2.2982     1.9948         10  0.000e+00
    175.043   78.97148  173.60634    176.985     0.1410     0.1409  28.940631  28.938654    34.6045    34.6021    298.333    288.854    -0.1671     4.6679     0.0842     0.0842     0.0180     0.0183     171857   119.3444     100.00     2.2982     1.9961         10  0.000e+00
    174.977   78.97148  173.60634    176.918     0.1412     0.1408  28.940816  28.938711    34.6047    34.6023    298.127    289.091    -0.1671     4.6679     0.0830     0.0830     0.0180     0.0183     171858   119.3451     100.00     2.2970     1.9973         10  0.000e+00
    175.043   78.97148  173.60634    176.985     0.1412     0.1411  28.940816  28.938828    34.6046    34.6021    298.129    288.853    -0.1671     4.6691     0.0842     0.0842     0.0170     0.0183     171859   119.3458     100.00     2.2970     1.9961         10  0.000e+00
    175.043   78.97148  173.60634    176.985     0.1412     0.1409  28.940754  28.939002    34.6046    34.6025    298.130    288.853    -0.1671     4.6679     0.0830     0.0830     0.0180     0.0183     171860   119.3465     100.00     2.2970     1.9961         10  0.000e+00
    175.043   78.97148  173.60634    176.985     0.1410     0.1409  28.940569  28.938886    34.6044    34.6024    298.131    289.331    -0.1671     4.6679     0.0830     0.0830     0.0180     0.0183     171861   119.3472     100.00     2.2970     1.9985         10  0.000e+00
    175.043   78.97148  173.60634    176.985     0.1407     0.1408  28.940446  28.938828    34.6046    34.6024    298.133    289.810    -0.1976     4.6679     0.0830     0.0830     0.0180     0.0171     171862   119.3479     100.00     2.2970     2.0010         10  0.000e+00
    175.043   78.97148  173.60634    176.985     0.1407     0.1411  28.940631  28.939002    34.6049    34.6023    298.133    290.525    -0.1671     4.6691     0.0830     0.0830     0.0170     0.0183     171863   119.3486     100.00     2.2970     2.0046         10  0.000e+00
    175.043   78.97148  173.60634    176.985     0.1406     0.1408  28.940754  28.938886    34.6052    34.6025    298.133    291.005    -0.1976     4.6679     0.0842     0.0842     0.0180     0.0171     171864   119.3493     100.00     2.2970     2.0071         10  0.000e+00
    174.977   78.97148  173.60634    176.918     0.1407     0.1411  28.940508  28.939001    34.6048    34.6024    298.130    291.000    -0.1671     4.6679     0.0842     0.0842     0.0180     0.0183     171865   119.3500     100.00     2.2970     2.0071         10  0.000e+00
    175.043   78.97148  173.60634    176.985     0.1405     0.1411  28.940631  28.939117    34.6051    34.6025    298.134    290.764    -0.1671     4.6679     0.0855     0.0855     0.0180     0.0183     171866   119.3507     100.00     2.2970     2.0058         10  0.000e+00
    174.977   78.97148  173.60634    176.918     0.1407     0.1411  28.940754  28.939059    34.6051    34.6024    298.129    290.044    -0.1671     4.6679     0.0855     0.0855     0.0180     0.0183     171867   119.3514     100.00     2.2970     2.0022         10  0.000e+00
    175.101   78.97148  173.60634    177.043     0.1407     0.1411  28.940755  28.938886    34.6050    34.6021    298.134    289.571    -0.1671     4.6679     0.0855     0.0855     0.0180     0.0183     171868   119.3521     100.00     2.2970     1.9997         10  0.000e+00
    174.986   78.97148  173.60634    176.927     0.1405     0.1409  28.940508  28.938654    34.6050    34.6021    297.930    289.330    -0.1976     4.6679     0.0855     0.0855     0.0180     0.0171     171869   119.3528     100.00     2.2957     1.9985         10  0.000e+00
