Continuous CTD Data/SBE Stage/nabos_41_01avg.cnv
* Sea-Bird SBE 9 Data File:
* FileName = D:\CTD\data\HLY2502\raw\NABOS_41_01.hex
* Software Version Seasave V 7.26.7.110
* Temperature SN = 6954
* Conductivity SN = 2561
* Number of Bytes Per Scan = 37
* Number of Voltage Words = 4
* Number of Scans Averaged by the Deck Unit = 1
* NMEA Latitude = 79 39.37 N
* NMEA Longitude = 125 55.91 E
* NMEA UTC (Time) = Sep 27 2025  03:16:02
* NMEA baud rate = 9600
** Ship: USCG HEALY
** Bot. Depth:  3277
** Cast Number:  01
** Station Name:  NABOS
** Station Number:  41
** Operator:  STARC
# nquan = 25
# nvalues = 1213                        
# units = specified
# name 0 = depSM: Depth [salt water, m]
# name 1 = latitude: Latitude [deg]
# name 2 = longitude: Longitude [deg]
# name 3 = prDM: Pressure, Digiquartz [db]
# name 4 = t090C: Temperature [ITS-90, deg C]
# name 5 = t190C: Temperature, 2 [ITS-90, deg C]
# name 6 = c0mS/cm: Conductivity [mS/cm]
# name 7 = c1mS/cm: Conductivity, 2 [mS/cm]
# name 8 = sal00: Salinity, Practical [PSU]
# name 9 = sal11: Salinity, Practical, 2 [PSU]
# name 10 = sbox0Mm/Kg: Oxygen, SBE 43 [umol/kg]
# name 11 = sbox1Mm/Kg: Oxygen, SBE 43, 2 [umol/kg]
# name 12 = flECO-AFL: Fluorescence, WET Labs ECO-AFL/FL [mg/m^3]
# name 13 = v2: Voltage 2
# name 14 = wetCDOM: Fluorescence, WET Labs CDOM [mg/m^3]
# name 15 = v6: Voltage 6
# name 16 = CStarAt0: Beam Attenuation, WET Labs C-Star [1/m]
# name 17 = v3: Voltage 3
# name 18 = scan: Scan Count
# name 19 = timeM: Time, Elapsed [minutes]
# name 20 = altM: Altimeter [m]
# name 21 = sbeox0V: Oxygen raw, SBE 43 [V]
# name 22 = sbeox1V: Oxygen raw, SBE 43, 2 [V]
# name 23 = nbin: number of scans per bin
# name 24 = flag: flag
# span 0 =      3.958,   1199.640       
# span 1 =   79.65432,   79.65599       
# span 2 =  125.93190,  125.93204       
# span 3 =      4.000,   1216.000       
# span 4 =    -1.8390,     1.9387       
# span 5 =    -1.8391,     1.9383       
# span 6 =  23.587192,  30.741892       
# span 7 =  23.585737,  30.739666       
# span 8 =    29.3605,    34.9097       
# span 9 =    29.3587,    35.2487       
# span 10 =    287.451,    384.153      
# span 11 =    189.866,    375.524      
# span 12 =    -0.1803,     0.3320      
# span 13 =     4.5047,     4.6321      
# span 14 =     0.0659,     0.1254      
# span 15 =     0.0659,     0.1254      
# span 16 =     0.0489,     0.1612      
# span 17 =     0.0178,     0.0383      
# span 18 =       4302,      37834      
# span 19 =     2.9865,    26.2730      
# span 20 =     100.00,     100.00      
# span 21 =     1.9903,     2.7167      
# span 22 =     1.4110,     2.3555      
# span 23 =         10,         28      
# span 24 = 0.0000e+00, 0.0000e+00      
# interval = decibars: 1                
# start_time = Sep 27 2025 03:16:02 [NMEA time, header]
# bad_flag = -9.990e-29
*END*
[from data line 290]
    290.686   79.65552  125.93198    294.000     1.7836     1.7832  30.616427  30.614093    34.8667    34.8642    293.305    288.559    -0.1359     4.6252     0.0823     0.0823     0.0548     0.0195      14366     9.9758     100.00     2.3283     2.0447         14 0.0000e+00
    291.674   79.65552  125.93198    295.000     1.7819     1.7816  30.615395  30.612944    34.8667    34.8640    293.187    288.181    -0.1686     4.6270     0.0807     0.0807     0.0533     0.0182      14390     9.9924     100.00     2.3272     2.0424         15 0.0000e+00
    292.661   79.65552  125.93198    296.000     1.7866     1.7861  30.620863  30.618544    34.8678    34.8655    293.114    288.507    -0.1508     4.6288     0.0843     0.0843     0.0517     0.0189      14415    10.0094     100.00     2.3268     2.0442         15 0.0000e+00
    293.650   79.65552  125.93198    297.000     1.7958     1.7949  30.631195  30.628351    34.8702    34.8676    293.072    288.470    -0.1386     4.6288     0.0723     0.0723     0.0517     0.0194      14439    10.0262     100.00     2.3268     2.0442         15 0.0000e+00
    294.638   79.65550  125.93198    298.000     1.8071     1.8066  30.643455  30.641226    34.8727    34.8703    292.997    288.365    -0.1650     4.6287     0.0667     0.0667     0.0518     0.0184      14463    10.0432     100.00     2.3267     2.0440         16 0.0000e+00
    295.626   79.65550  125.93198    299.000     1.8148     1.8146  30.652915  30.650661    34.8754    34.8728    292.977    288.055    -0.1498     4.6292     0.0659     0.0659     0.0513     0.0190      14487    10.0599     100.00     2.3268     2.0425         16 0.0000e+00
    296.614   79.65550  125.93198    300.000     1.8236     1.8232  30.662477  30.660000    34.8773    34.8746    292.987    288.454    -0.1487     4.6288     0.0659     0.0659     0.0517     0.0190      14512    10.0768     100.00     2.3270     2.0448         15 0.0000e+00
    297.602   79.65550  125.93198    301.000     1.8233     1.8229  30.662711  30.660292    34.8773    34.8747    293.016    288.285    -0.1488     4.6287     0.0707     0.0707     0.0518     0.0190      14536    10.0937     100.00     2.3270     2.0437         20 0.0000e+00
    298.590   79.65550  125.93198    302.000     1.8190     1.8187  30.659477  30.657093    34.8774    34.8747    293.074    288.183    -0.1566     4.6289     0.0769     0.0769     0.0516     0.0187      14560    10.1104     100.00     2.3269     2.0427         15 0.0000e+00
    299.578   79.65550  125.93198    303.000     1.8143     1.8143  30.655781  30.653680    34.8773    34.8747    293.241    288.124    -0.1632     4.6288     0.0797     0.0797     0.0517     0.0185      14584    10.1273     100.00     2.3274     2.0420         16 0.0000e+00
    300.566   79.65550  125.93198    304.000     1.8116     1.8113  30.653843  30.651515    34.8773    34.8747    293.360    288.621    -0.1705     4.6288     0.0802     0.0802     0.0517     0.0182      14609    10.1442     100.00     2.3278     2.0444         17 0.0000e+00
    301.553   79.65550  125.93198    305.000     1.8102     1.8099  30.652968  30.650626    34.8771    34.8746    293.397    288.845    -0.1703     4.6297     0.0801     0.0801     0.0508     0.0182      14633    10.1611     100.00     2.3277     2.0453         19 0.0000e+00
    302.542   79.65550  125.93198    306.000     1.8070     1.8066  30.650431  30.648061    34.8770    34.8744    293.481    288.648    -0.1671     4.6289     0.0794     0.0794     0.0516     0.0183      14657    10.1779     100.00     2.3278     2.0439         16 0.0000e+00
    303.530   79.65550  125.93198    307.000     1.8035     1.8030  30.647758  30.645207    34.8769    34.8742    293.546    288.453    -0.1741     4.6293     0.0807     0.0807     0.0513     0.0180      14682    10.1948     100.00     2.3278     2.0425         17 0.0000e+00
    304.517   79.65550  125.93198    308.000     1.8026     1.8021  30.647480  30.644930    34.8769    34.8743    293.600    288.792    -0.1637     4.6298     0.0811     0.0811     0.0508     0.0184      14706    10.2117     100.00     2.3278     2.0441         18 0.0000e+00
    305.505   79.65550  125.93198    309.000     1.8149     1.8139  30.661630  30.658685    34.8806    34.8780    293.454    288.310    -0.1688     4.6295     0.0827     0.0827     0.0510     0.0182      14730    10.2283     100.00     2.3274     2.0419         17 0.0000e+00
    306.494   79.65550  125.93198    310.000     1.8192     1.8188  30.666582  30.664122    34.8815    34.8789    293.327    288.858    -0.1545     4.6292     0.0825     0.0825     0.0514     0.0188      14754    10.2454     100.00     2.3266     2.0448         17 0.0000e+00
    307.481   79.65550  125.93198    311.000     1.8292     1.8287  30.678072  30.675684    34.8844    34.8819    293.222    288.386    -0.1501     4.6294     0.0806     0.0806     0.0512     0.0190      14778    10.2621     100.00     2.3262     2.0426         16 0.0000e+00
    308.469   79.65550  125.93198    312.000     1.8251     1.8247  30.675162  30.672735    34.8847    34.8821    293.221    288.294    -0.1497     4.6290     0.0803     0.0803     0.0515     0.0190      14803    10.2789     100.00     2.3258     2.0417         14 0.0000e+00
    309.457   79.65550  125.93198    313.000     1.8182     1.8181  30.669576  30.667461    34.8847    34.8821    293.195    288.762    -0.1334     4.6290     0.0833     0.0833     0.0516     0.0196      14827    10.2961     100.00     2.3251     2.0437         16 0.0000e+00
    310.445   79.65550  125.93198    314.000     1.8150     1.8142  30.667362  30.664327    34.8849    34.8819    293.099    288.441    -0.1540     4.6295     0.0807     0.0807     0.0510     0.0188      14852    10.3134     100.00     2.3241     2.0416         18 0.0000e+00
    311.433   79.65550  125.93198    315.000     1.8115     1.8113  30.664592  30.662269    34.8847    34.8820    293.139    288.880    -0.1494     4.6301     0.0794     0.0794     0.0505     0.0190      14877    10.3306     100.00     2.3239     2.0436         19 0.0000e+00
    312.421   79.65548  125.93198    316.000     1.8080     1.8078  30.662061  30.659722    34.8847    34.8821    293.207    288.586    -0.0932     4.6299     0.0810     0.0810     0.0507     0.0213      14901    10.3475     100.00     2.3239     2.0417         13 0.0000e+00
    313.409   79.65548  125.93198    317.000     1.8076     1.8071  30.662095  30.659645    34.8847    34.8822    293.142    288.308    -0.1553     4.6300     0.0812     0.0812     0.0506     0.0188      14926    10.3647     100.00     2.3232     2.0400         17 0.0000e+00
    314.397   79.65548  125.93198    318.000     1.8026     1.8022  30.657889  30.655466    34.8844    34.8817    293.162    288.530    -0.1714     4.6298     0.0819     0.0819     0.0508     0.0181      14951    10.3821     100.00     2.3228     2.0408         21 0.0000e+00
    315.385   79.65548  125.93198    319.000     1.7898     1.7900  30.646699  30.644648    34.8837    34.8809    293.200    288.474    -0.1365     4.6299     0.0825     0.0825     0.0507     0.0195      14976    10.3992     100.00     2.3222     2.0398         19 0.0000e+00
    316.373   79.65548  125.93198    320.000     1.7831     1.7831  30.641047  30.638893    34.8834    34.8807    293.017    288.488    -0.1366     4.6300     0.0817     0.0817     0.0506     0.0195      15001    10.4163     100.00     2.3204     2.0393         18 0.0000e+00
    317.360   79.65548  125.93198    321.000     1.7796     1.7792  30.638115  30.635780    34.8830    34.8806    293.026    288.652    -0.1598     4.6299     0.0810     0.0810     0.0507     0.0186      15025    10.4334     100.00     2.3201     2.0398         17 0.0000e+00
    318.349   79.65548  125.93198    322.000     1.7757     1.7750  30.635091  30.632300    34.8830    34.8802    293.042    288.175    -0.1219     4.6298     0.0811     0.0811     0.0507     0.0201      15050    10.4506     100.00     2.3197     2.0369         16 0.0000e+00
    319.336   79.65548  125.93198    323.000     1.7680     1.7670  30.628203  30.625186    34.8822    34.8795    293.081    288.266    -0.1257     4.6295     0.0812     0.0812     0.0511     0.0200      15074    10.4674     100.00     2.3193     2.0369         14 0.0000e+00
    320.324   79.65548  125.93198    324.000     1.7569     1.7566  30.618870  30.616487    34.8821    34.8794    293.080    288.110    -0.1580     4.6299     0.0848     0.0848     0.0507     0.0187      15099    10.4848     100.00     2.3185     2.0354         14 0.0000e+00
    321.312   79.65548  125.93198    325.000     1.7547     1.7543  30.617291  30.614830    34.8819    34.8792    293.063    288.146    -0.1508     4.6299     0.0846     0.0846     0.0507     0.0189      15124    10.5019     100.00     2.3181     2.0353         17 0.0000e+00
    322.300   79.65548  125.93198    326.000     1.7513     1.7510  30.614533  30.612310    34.8817    34.8792    293.044    288.139    -0.1341     4.6300     0.0833     0.0833     0.0506     0.0196      15148    10.5190     100.00     2.3175     2.0349         15 0.0000e+00
    323.288   79.65548  125.93198    327.000     1.7465     1.7464  30.610796  30.608680    34.8816    34.8791    292.910    288.141    -0.1307     4.6299     0.0863     0.0863     0.0507     0.0198      15173    10.5361     100.00     2.3162     2.0346         15 0.0000e+00
    324.276   79.65548  125.93198    328.000     1.7409     1.7408  30.606100  30.603792    34.8812    34.8785    292.793    288.551    -0.1348     4.6300     0.0873     0.0873     0.0506     0.0196      15198    10.5532     100.00     2.3149     2.0363         15 0.0000e+00
    325.264   79.65548  125.93198    329.000     1.7300     1.7302  30.596538  30.594710    34.8807    34.8782    292.717    288.465    -0.1703     4.6296     0.0873     0.0873     0.0510     0.0182      15223    10.5705     100.00     2.3137     2.0352         15 0.0000e+00
    326.252   79.65548  125.93198    330.000     1.7230     1.7232  30.590590  30.588679    34.8804    34.8777    292.570    287.974    -0.1405     4.6270     0.0873     0.0873     0.0532     0.0194      15247    10.5876     100.00     2.3122     2.0321         15 0.0000e+00
    327.239   79.65547  125.93198    331.000     1.7184     1.7179  30.586784  30.584277    34.8800    34.8774    292.390    287.905    -0.1607     4.6298     0.0869     0.0869     0.0508     0.0186      15272    10.6048     100.00     2.3105     2.0313         15 0.0000e+00
    328.227   79.65546  125.93198    332.000     1.7094     1.7092  30.578894  30.576643    34.8794    34.8768    292.471    288.054    -0.1312     4.6300     0.0865     0.0865     0.0506     0.0197      15297    10.6219     100.00     2.3103     2.0315         14 0.0000e+00
    329.215   79.65546  125.93198    333.000     1.7048     1.7045  30.575393  30.573023    34.8795    34.8768    292.550    288.165    -0.1325     4.6295     0.0863     0.0863     0.0510     0.0197      15321    10.6390     100.00     2.3104     2.0317         15 0.0000e+00
    330.203   79.65546  125.93198    334.000     1.7006     1.7003  30.571864  30.569521    34.8791    34.8765    292.624    288.148    -0.1525     4.6295     0.0880     0.0880     0.0510     0.0189      15346    10.6562     100.00     2.3104     2.0312         15 0.0000e+00
    331.191   79.65546  125.93198    335.000     1.6905     1.6902  30.563119  30.560959    34.8786    34.8763    292.625    287.913    -0.1481     4.6295     0.0879     0.0879     0.0511     0.0191      15371    10.6734     100.00     2.3096     2.0294         16 0.0000e+00
    332.178   79.65546  125.93198    336.000     1.6788     1.6788  30.553042  30.550874    34.8782    34.8755    292.500    287.970    -0.1562     4.6299     0.0870     0.0870     0.0507     0.0187      15395    10.6906     100.00     2.3080     2.0290         14 0.0000e+00
    333.166   79.65546  125.93198    337.000     1.6715     1.6713  30.547171  30.544834    34.8783    34.8756    292.347    288.173    -0.1693     4.6295     0.0872     0.0872     0.0510     0.0182      15420    10.7078     100.00     2.3065     2.0295         16 0.0000e+00
    334.154   79.65546  125.93198    338.000     1.6717     1.6713  30.547651  30.545155    34.8781    34.8755    292.293    287.899    -0.1717     4.6296     0.0858     0.0858     0.0509     0.0181      15445    10.7247     100.00     2.3059     2.0279         13 0.0000e+00
    335.142   79.65546  125.93198    339.000     1.6724     1.6721  30.548601  30.546378    34.8779    34.8755    292.493    287.765    -0.1727     4.6300     0.0857     0.0857     0.0506     0.0181      15469    10.7417     100.00     2.3069     2.0270         11 0.0000e+00
    336.130   79.65546  125.93198    340.000     1.6735     1.6732  30.550068  30.547833    34.8781    34.8756    292.546    287.869    -0.1379     4.6300     0.0859     0.0859     0.0506     0.0194      15494    10.7592     100.00     2.3071     2.0274         14 0.0000e+00
    337.117   79.65546  125.93198    341.000     1.6732     1.6729  30.550296  30.547925    34.8780    34.8754    292.561    287.405    -0.1688     4.6297     0.0869     0.0869     0.0509     0.0182      15518    10.7760     100.00     2.3069     2.0248         12 0.0000e+00
    338.106   79.65546  125.93198    342.000     1.6741     1.6737  30.551606  30.549174    34.8782    34.8755    292.462    287.554    -0.1694     4.6297     0.0877     0.0877     0.0509     0.0182      15544    10.7934     100.00     2.3061     2.0254         13 0.0000e+00
    339.093   79.65546  125.93198    343.000     1.6767     1.6763  30.554423  30.552269    34.8783    34.8760    292.485    287.827    -0.1642     4.6287     0.0869     0.0869     0.0518     0.0184      15568    10.8102     100.00     2.3061     2.0267         11 0.0000e+00
    340.081   79.65546  125.93198    344.000     1.6768     1.6765  30.555010  30.552727    34.8784    34.8758    292.476    287.481    -0.1348     4.6298     0.0858     0.0858     0.0508     0.0196      15593    10.8276     100.00     2.3059     2.0247         14 0.0000e+00
    341.069   79.65546  125.93198    345.000     1.6775     1.6773  30.556247  30.553919    34.8785    34.8759    292.493    287.607    -0.1474     4.6299     0.0869     0.0869     0.0507     0.0191      15617    10.8447     100.00     2.3058     2.0252         14 0.0000e+00
    342.056   79.65546  125.93198    346.000     1.6770     1.6769  30.556163  30.553918    34.8785    34.8757    292.375    287.753    -0.1694     4.6300     0.0871     0.0871     0.0506     0.0182      15642    10.8620     100.00     2.3048     2.0258         15 0.0000e+00
    343.044   79.65546  125.93198    347.000     1.6730     1.6725  30.552922  30.550238    34.8782    34.8753    291.995    287.381    -0.1472     4.6294     0.0858     0.0858     0.0512     0.0191      15666    10.8786     100.00     2.3019     2.0235         10 0.0000e+00
    344.032   79.65546  125.93198    348.000     1.6667     1.6662  30.547632  30.545002    34.8778    34.8751    291.803    287.315    -0.1601     4.6300     0.0868     0.0868     0.0506     0.0186      15692    10.8962     100.00     2.3002     2.0226         13 0.0000e+00
    345.020   79.65546  125.93198    349.000     1.6592     1.6592  30.541017  30.538923    34.8772    34.8746    291.771    287.377    -0.1717     4.6300     0.0873     0.0873     0.0506     0.0181      15716    10.9132     100.00     2.2994     2.0225         13 0.0000e+00
    346.007   79.65544  125.93198    350.000     1.6495     1.6490  30.532980  30.530519    34.8772    34.8747    291.694    287.547    -0.1320     4.6300     0.0859     0.0859     0.0506     0.0197      15741    10.9305     100.00     2.2982     2.0227         14 0.0000e+00
