Continuous CTD Data/SBE Stage/nabos_26_01avg.cnv
* Sea-Bird SBE 9 Data File:
* FileName = D:\CTD\data\HLY2502\raw\NABOS_26_01.hex
* Software Version Seasave V 7.26.7.110
* Temperature SN = 6954
* Conductivity SN = 2561
* Number of Bytes Per Scan = 37
* Number of Voltage Words = 4
* Number of Scans Averaged by the Deck Unit = 1
* NMEA Latitude = 80 38.91 N
* NMEA Longitude = 161 02.49 E
* NMEA UTC (Time) = Sep 21 2025  03:30:18
* NMEA baud rate = 9600
** Ship: USCG HEALY
** Bot. Depth:  2779
** Cast Number:  01
** Station Name:  NABOS
** Station Number:  26
** Operator:  STARC
# nquan = 25
# nvalues = 2827                        
# units = specified
# name 0 = depSM: Depth [salt water, m]
# name 1 = latitude: Latitude [deg]
# name 2 = longitude: Longitude [deg]
# name 3 = prDM: Pressure, Digiquartz [db]
# name 4 = t090C: Temperature [ITS-90, deg C]
# name 5 = t190C: Temperature, 2 [ITS-90, deg C]
# name 6 = c0mS/cm: Conductivity [mS/cm]
# name 7 = c1mS/cm: Conductivity, 2 [mS/cm]
# name 8 = sal00: Salinity, Practical [PSU]
# name 9 = sal11: Salinity, Practical, 2 [PSU]
# name 10 = sbox0Mm/Kg: Oxygen, SBE 43 [umol/kg]
# name 11 = sbox1Mm/Kg: Oxygen, SBE 43, 2 [umol/kg]
# name 12 = flECO-AFL: Fluorescence, WET Labs ECO-AFL/FL [mg/m^3]
# name 13 = v2: Voltage 2
# name 14 = wetCDOM: Fluorescence, WET Labs CDOM [mg/m^3]
# name 15 = v6: Voltage 6
# name 16 = CStarAt0: Beam Attenuation, WET Labs C-Star [1/m]
# name 17 = v3: Voltage 3
# name 18 = scan: Scan Count
# name 19 = timeM: Time, Elapsed [minutes]
# name 20 = altM: Altimeter [m]
# name 21 = sbeox0V: Oxygen raw, SBE 43 [V]
# name 22 = sbeox1V: Oxygen raw, SBE 43, 2 [V]
# name 23 = nbin: number of scans per bin
# name 24 = flag: flag
# span 0 =      2.968,   2780.323       
# span 1 =   80.64864,   80.64988       
# span 2 =  161.04194,  161.05426       
# span 3 =      3.000,   2829.000       
# span 4 =    -1.6930,     1.0363       
# span 5 =    -1.6923,     1.0364       
# span 6 =  24.768315,  29.910339       
# span 7 =  24.768559,  29.909061       
# span 8 =    31.0548,    34.9526       
# span 9 =    31.0523,    34.9508       
# span 10 =    268.289,    372.929      
# span 11 =     43.287,    365.965      
# span 12 =    -0.1878,     0.3247      
# span 13 =     4.5493,     4.6434      
# span 14 =     0.0807,     0.1180      
# span 15 =     0.0807,     0.1180      
# span 16 =     0.0391,     0.1211      
# span 17 =     0.0175,     0.0380      
# span 18 =       2816,      81110      
# span 19 =     1.9547,    56.3254      
# span 20 =       5.16,     100.00      
# span 21 =     1.6244,     2.6202      
# span 22 =     0.7316,     2.2806      
# span 23 =          6,         30      
# span 24 = 0.0000e+00, 0.0000e+00      
# interval = decibars: 1                
# start_time = Sep 21 2025 03:30:18 [NMEA time, header]
# bad_flag = -9.990e-29
*END*
[from data line 1160]
   1147.462   80.64930  161.04671   1163.000    -0.1192    -0.1194  29.367416  29.365710    34.8832    34.8812    291.379    291.485    -0.1351     4.6396     0.0842     0.0842     0.0423     0.0196      34455    23.9261     100.00     2.0327     1.8207         14 0.0000e+00
   1148.446   80.64930  161.04672   1164.000    -0.1212    -0.1211  29.366020  29.364588    34.8830    34.8811    291.409    287.272    -0.1345     4.6396     0.0847     0.0847     0.0423     0.0196      34479    23.9432     100.00     2.0326     1.8017         14 0.0000e+00
   1149.430   80.64930  161.04672   1165.000    -0.1222    -0.1224  29.365451  29.363808    34.8829    34.8810    291.487    289.408    -0.1366     4.6383     0.0851     0.0851     0.0435     0.0195      34504    23.9605     100.00     2.0328     1.8110         16 0.0000e+00
   1150.414   80.64930  161.04672   1166.000    -0.1228    -0.1227  29.365396  29.363864    34.8829    34.8808    291.504    284.763    -0.1321     4.6392     0.0842     0.0842     0.0427     0.0197      34529    23.9776     100.00     2.0326     1.7900         13 0.0000e+00
   1151.398   80.64930  161.04672   1167.000    -0.1227    -0.1227  29.365858  29.364169    34.8828    34.8807    291.508    288.497    -0.1319     4.6389     0.0844     0.0844     0.0430     0.0197      34553    23.9947     100.00     2.0324     1.8065         13 0.0000e+00
   1152.382   80.64930  161.04672   1168.000    -0.1233    -0.1235  29.365587  29.363873    34.8827    34.8806    291.520    287.586    -0.1367     4.6395     0.0855     0.0855     0.0425     0.0195      34578    24.0121     100.00     2.0323     1.8023         14 0.0000e+00
   1153.366   80.64930  161.04673   1169.000    -0.1256    -0.1255  29.363906  29.362507    34.8824    34.8805    291.560    287.215    -0.1347     4.6390     0.0855     0.0855     0.0429     0.0196      34603    24.0291     100.00     2.0322     1.8004         16 0.0000e+00
   1154.349   80.64930  161.04674   1170.000    -0.1284    -0.1285  29.361732  29.360172    34.8821    34.8802    291.509    286.542    -0.1365     4.6383     0.0855     0.0855     0.0435     0.0195      34627    24.0461     100.00     2.0316     1.7971         10 0.0000e+00
   1155.333   80.64930  161.04674   1171.000    -0.1334    -0.1336  29.357665  29.356138    34.8819    34.8801    291.476    286.651    -0.1575     4.6387     0.0844     0.0844     0.0431     0.0187      34653    24.0638     100.00     2.0310     1.7972         16 0.0000e+00
   1156.317   80.64930  161.04674   1172.000    -0.1358    -0.1361  29.356078  29.354343    34.8819    34.8800    291.444    288.514    -0.1416     4.6387     0.0842     0.0842     0.0431     0.0193      34677    24.0807     100.00     2.0305     1.8052         14 0.0000e+00
   1157.301   80.64930  161.04674   1173.000    -0.1369    -0.1369  29.355473  29.353890    34.8818    34.8798    291.422    285.148    -0.1367     4.6386     0.0835     0.0835     0.0432     0.0195      34702    24.0980     100.00     2.0301     1.7900         12 0.0000e+00
   1158.285   80.64930  161.04676   1174.000    -0.1372    -0.1373  29.355552  29.354057    34.8817    34.8798    291.358    286.084    -0.1330     4.6389     0.0835     0.0835     0.0430     0.0197      34727    24.1152     100.00     2.0296     1.7940         17 0.0000e+00
   1159.269   80.64930  161.04676   1175.000    -0.1359    -0.1360  29.357339  29.355688    34.8820    34.8799    291.374    288.814    -0.1709     4.6389     0.0847     0.0847     0.0430     0.0182      34751    24.1322     100.00     2.0295     1.8061         12 0.0000e+00
   1160.253   80.64930  161.04676   1176.000    -0.1339    -0.1339  29.359718  29.358236    34.8823    34.8803    291.372    288.740    -0.1346     4.6389     0.0855     0.0855     0.0430     0.0196      34776    24.1497     100.00     2.0294     1.8057         16 0.0000e+00
   1161.236   80.64930  161.04676   1177.000    -0.1310    -0.1307  29.362972  29.361792    34.8828    34.8809    291.312    286.981    -0.1347     4.6387     0.0851     0.0851     0.0431     0.0196      34801    24.1669     100.00     2.0290     1.7978         16 0.0000e+00
   1162.220   80.64930  161.04676   1178.000    -0.1313    -0.1315  29.362991  29.361425    34.8826    34.8807    291.355    287.355    -0.1501     4.6388     0.0831     0.0831     0.0430     0.0190      34826    24.1839     100.00     2.0290     1.7992         13 0.0000e+00
   1163.204   80.64930  161.04676   1179.000    -0.1349    -0.1346  29.360297  29.359152    34.8825    34.8807    291.357    289.099    -0.1726     4.6392     0.0842     0.0842     0.0427     0.0181      34851    24.2013     100.00     2.0286     1.8067         17 0.0000e+00
   1164.188   80.64930  161.04678   1180.000    -0.1343    -0.1337  29.361479  29.360510    34.8828    34.8809    291.299    284.444    -0.1560     4.6385     0.0842     0.0842     0.0432     0.0187      34875    24.2184     100.00     2.0282     1.7859         15 0.0000e+00
   1165.172   80.64930  161.04678   1181.000    -0.1246    -0.1247  29.371140  29.369643    34.8840    34.8822    291.279    288.675    -0.1626     4.6370     0.0853     0.0853     0.0445     0.0185      34900    24.2355     100.00     2.0283     1.8049         14 0.0000e+00
   1166.156   80.64930  161.04678   1182.000    -0.1186    -0.1187  29.377503  29.375973    34.8851    34.8832    291.223    288.067    -0.1461     4.6381     0.0845     0.0845     0.0437     0.0191      34925    24.2529     100.00     2.0281     1.8023         16 0.0000e+00
   1167.139   80.64930  161.04678   1183.000    -0.1161    -0.1160  29.380315  29.379143    34.8854    34.8837    291.270    289.132    -0.1344     4.6382     0.0834     0.0834     0.0435     0.0196      34950    24.2701     100.00     2.0283     1.8070         16 0.0000e+00
   1168.123   80.64930  161.04678   1184.000    -0.1152    -0.1151  29.381740  29.380436    34.8857    34.8838    291.195    288.246    -0.1333     4.6380     0.0841     0.0841     0.0438     0.0196      34975    24.2873     100.00     2.0277     1.8029         19 0.0000e+00
   1169.107   80.64930  161.04678   1185.000    -0.1117    -0.1117  29.385577  29.384058    34.8862    34.8842    291.160    284.914    -0.1318     4.6387     0.0855     0.0855     0.0431     0.0197      35000    24.3045     100.00     2.0275     1.7880         19 0.0000e+00
   1170.091   80.64930  161.04680   1186.000    -0.1091    -0.1090  29.388440  29.386998    34.8865    34.8845    291.186    287.035    -0.1415     4.6388     0.0851     0.0851     0.0430     0.0193      35024    24.3218     100.00     2.0275     1.7974         18 0.0000e+00
   1171.075   80.64930  161.04680   1187.000    -0.1108    -0.1111  29.387141  29.385399    34.8861    34.8842    291.235    289.517    -0.1705     4.6390     0.0847     0.0847     0.0428     0.0182      35049    24.3389     100.00     2.0275     1.8082         16 0.0000e+00
   1172.058   80.64930  161.04680   1188.000    -0.1154    -0.1158  29.383630  29.381723    34.8862    34.8841    291.295    283.158    -0.1592     4.6386     0.0865     0.0865     0.0432     0.0186      35073    24.3559     100.00     2.0274     1.7795         12 0.0000e+00
   1173.042   80.64930  161.04680   1189.000    -0.1202    -0.1202  29.379714  29.378274    34.8858    34.8839    291.324    289.594    -0.1322     4.6387     0.0841     0.0841     0.0431     0.0197      35099    24.3733     100.00     2.0271     1.8078         18 0.0000e+00
   1174.026   80.64930  161.04680   1190.000    -0.1223    -0.1223  29.378363  29.376797    34.8859    34.8838    291.235    289.574    -0.1322     4.6391     0.0855     0.0855     0.0428     0.0197      35124    24.3907     100.00     2.0264     1.8075         21 0.0000e+00
   1175.010   80.64930  161.04682   1191.000    -0.1237    -0.1240  29.377549  29.375766    34.8858    34.8837    291.113    287.305    -0.1579     4.6387     0.0866     0.0866     0.0431     0.0187      35148    24.4078     100.00     2.0255     1.7972         17 0.0000e+00
   1175.993   80.64930  161.04682   1192.000    -0.1262    -0.1262  29.375725  29.374144    34.8857    34.8836    291.159    285.892    -0.1416     4.6394     0.0857     0.0857     0.0425     0.0193      35173    24.4248     100.00     2.0254     1.7906         17 0.0000e+00
   1176.977   80.64930  161.04682   1193.000    -0.1287    -0.1289  29.373939  29.372372    34.8856    34.8837    291.221    290.058    -0.1612     4.6392     0.0855     0.0855     0.0427     0.0185      35198    24.4422     100.00     2.0254     1.8089         19 0.0000e+00
   1177.961   80.64930  161.04682   1194.000    -0.1295    -0.1299  29.373703  29.371840    34.8856    34.8836    291.217    285.001    -0.1392     4.6386     0.0847     0.0847     0.0432     0.0194      35223    24.4595     100.00     2.0251     1.7862         19 0.0000e+00
   1178.945   80.64930  161.04682   1195.000    -0.1297    -0.1298  29.373857  29.372298    34.8854    34.8835    291.348    287.799    -0.1349     4.6387     0.0848     0.0848     0.0431     0.0196      35247    24.4766     100.00     2.0256     1.7984         20 0.0000e+00
   1179.929   80.64930  161.04683   1196.000    -0.1313    -0.1315  29.372729  29.371187    34.8852    34.8834    291.378    288.347    -0.1330     4.6386     0.0855     0.0855     0.0432     0.0197      35272    24.4938     100.00     2.0255     1.8006         17 0.0000e+00
   1180.912   80.64930  161.04684   1197.000    -0.1324    -0.1326  29.372328  29.370605    34.8854    34.8833    291.253    286.316    -0.1328     4.6385     0.0859     0.0859     0.0433     0.0197      35297    24.5108     100.00     2.0246     1.7914         16 0.0000e+00
   1181.896   80.64930  161.04684   1198.000    -0.1331    -0.1333  29.372035  29.370460    34.8852    34.8833    291.158    288.061    -0.1436     4.6387     0.0867     0.0867     0.0431     0.0192      35321    24.5280     100.00     2.0239     1.7990         17 0.0000e+00
   1182.880   80.64931  161.04684   1199.000    -0.1340    -0.1340  29.371716  29.370256    34.8852    34.8833    291.118    286.791    -0.1551     4.6388     0.0865     0.0865     0.0430     0.0188      35347    24.5455     100.00     2.0234     1.7931         20 0.0000e+00
   1183.864   80.64932  161.04684   1200.000    -0.1343    -0.1345  29.371809  29.370267    34.8851    34.8833    291.124    288.407    -0.1324     4.6388     0.0842     0.0842     0.0430     0.0197      35371    24.5625     100.00     2.0232     1.8001         16 0.0000e+00
   1184.847   80.64932  161.04685   1201.000    -0.1345    -0.1345  29.372131  29.370598    34.8851    34.8832    291.082    286.915    -0.1349     4.6387     0.0854     0.0854     0.0431     0.0196      35396    24.5798     100.00     2.0228     1.7933         18 0.0000e+00
   1185.831   80.64932  161.04686   1202.000    -0.1357    -0.1357  29.371460  29.370078    34.8851    34.8832    291.100    286.856    -0.1328     4.6386     0.0844     0.0844     0.0432     0.0197      35421    24.5970     100.00     2.0226     1.7928         16 0.0000e+00
   1186.815   80.64932  161.04686   1203.000    -0.1327    -0.1324  29.375120  29.373876    34.8859    34.8840    291.074    287.574    -0.1346     4.6387     0.0860     0.0860     0.0432     0.0196      35445    24.6141     100.00     2.0224     1.7960         15 0.0000e+00
   1187.799   80.64932  161.04686   1204.000    -0.1244    -0.1246  29.383254  29.381464    34.8867    34.8847    290.998    286.031    -0.1709     4.6386     0.0850     0.0850     0.0432     0.0182      35470    24.6314     100.00     2.0222     1.7893         17 0.0000e+00
   1188.782   80.64932  161.04686   1205.000    -0.1240    -0.1241  29.384403  29.382882    34.8873    34.8854    291.060    290.992    -0.1672     4.6384     0.0842     0.0842     0.0433     0.0183      35495    24.6485     100.00     2.0224     1.8112         15 0.0000e+00
   1189.766   80.64932  161.04686   1206.000    -0.1135    -0.1133  29.395365  29.394039    34.8893    34.8874    290.957    285.032    -0.1692     4.6385     0.0848     0.0848     0.0433     0.0182      35520    24.6657     100.00     2.0221     1.7850         15 0.0000e+00
   1190.750   80.64932  161.04688   1207.000    -0.1061    -0.1064  29.402324  29.400586    34.8895    34.8876    290.958    284.722    -0.1341     4.6388     0.0855     0.0855     0.0430     0.0196      35544    24.6829     100.00     2.0223     1.7837         16 0.0000e+00
   1191.733   80.64932  161.04688   1208.000    -0.1074    -0.1077  29.401710  29.399929    34.8897    34.8876    291.005    292.457    -0.1366     4.6389     0.0855     0.0855     0.0429     0.0195      35569    24.7001     100.00     2.0222     1.8178         14 0.0000e+00
   1192.717   80.64932  161.04688   1209.000    -0.1083    -0.1083  29.401417  29.399973    34.8897    34.8878    290.986    280.913    -0.1453     4.6387     0.0855     0.0855     0.0431     0.0192      35594    24.7173     100.00     2.0219     1.7664         14 0.0000e+00
   1193.701   80.64932  161.04688   1210.000    -0.1060    -0.1065  29.404210  29.402214    34.8902    34.8882    290.874    287.564    -0.1664     4.6389     0.0855     0.0855     0.0430     0.0183      35618    24.7343     100.00     2.0212     1.7958         12 0.0000e+00
   1194.685   80.64932  161.04688   1211.000    -0.1118    -0.1140  29.399277  29.396163    34.8897    34.8881    290.928    285.242    -0.1497     4.6389     0.0855     0.0855     0.0429     0.0190      35643    24.7516     100.00     2.0210     1.7850         14 0.0000e+00
   1195.668   80.64932  161.04688   1212.000    -0.1120    -0.1120  29.399747  29.398350    34.8900    34.8881    290.906    279.699    -0.1314     4.6389     0.0843     0.0843     0.0430     0.0197      35668    24.7688     100.00     2.0207     1.7604         14 0.0000e+00
   1196.652   80.64932  161.04690   1213.000    -0.1168    -0.1170  29.396427  29.394863    34.8905    34.8886    290.965    284.038    -0.1320     4.6389     0.0831     0.0831     0.0430     0.0197      35693    24.7860     100.00     2.0206     1.7793         13 0.0000e+00
   1197.636   80.64932  161.04690   1214.000    -0.1130    -0.1131  29.400521  29.398974    34.8910    34.8891    290.955    285.240    -0.1679     4.6390     0.0856     0.0856     0.0429     0.0183      35718    24.8033     100.00     2.0205     1.7846         15 0.0000e+00
   1198.619   80.64932  161.04690   1215.000    -0.1113    -0.1112  29.402647  29.401374    34.8913    34.8895    291.053    285.759    -0.1420     4.6388     0.0851     0.0851     0.0430     0.0193      35742    24.8204     100.00     2.0209     1.7868         15 0.0000e+00
   1199.603   80.64932  161.04690   1216.000    -0.1106    -0.1105  29.403646  29.402423    34.8913    34.8895    291.092    285.444    -0.1702     4.6385     0.0849     0.0849     0.0433     0.0182      35767    24.8376     100.00     2.0209     1.7853         15 0.0000e+00
   1200.587   80.64932  161.04691   1217.000    -0.1152    -0.1156  29.399865  29.398012    34.8910    34.8890    291.112    285.889    -0.1714     4.6389     0.0849     0.0849     0.0429     0.0181      35792    24.8548     100.00     2.0207     1.7869         14 0.0000e+00
   1201.570   80.64932  161.04692   1218.000    -0.1201    -0.1204  29.396054  29.394454    34.8909    34.8890    291.100    286.092    -0.1694     4.6387     0.0850     0.0850     0.0431     0.0182      35817    24.8720     100.00     2.0202     1.7874         13 0.0000e+00
   1202.554   80.64932  161.04692   1219.000    -0.1226    -0.1227  29.394302  29.392768    34.8909    34.8889    291.040    286.119    -0.1730     4.6391     0.0862     0.0862     0.0428     0.0181      35842    24.8893     100.00     2.0195     1.7873         15 0.0000e+00
