Continuous CTD Data/SBE Stage/nabos_43_01.ros
* Sea-Bird SBE 9 Data File:
* FileName = D:\CTD\data\HLY2502\raw\NABOS_43_01.hex
* Software Version Seasave V 7.26.7.110
* Temperature SN = 6954
* Conductivity SN = 2561
* Number of Bytes Per Scan = 37
* Number of Voltage Words = 4
* Number of Scans Averaged by the Deck Unit = 1
* NMEA Latitude = 80 49.12 N
* NMEA Longitude = 126 07.68 E
* NMEA UTC (Time) = Sep 28 2025  01:28:20
* NMEA baud rate = 9600
** Ship: USCG HEALY
** Bot. Depth:  3796
** Cast Number:  01
** Station Name:  NABOS
** Station Number:  42
** Operator:  STARC
# nquan = 25
# nvalues = 1127                                  
# units = specified
# name 0 = depSM: Depth [salt water, m]
# name 1 = latitude: Latitude [deg]
# name 2 = longitude: Longitude [deg]
# name 3 = prDM: Pressure, Digiquartz [db]
# name 4 = t090C: Temperature [ITS-90, deg C]
# name 5 = t190C: Temperature, 2 [ITS-90, deg C]
# name 6 = c0mS/cm: Conductivity [mS/cm]
# name 7 = c1mS/cm: Conductivity, 2 [mS/cm]
# name 8 = sal00: Salinity, Practical [PSU]
# name 9 = sal11: Salinity, Practical, 2 [PSU]
# name 10 = sbox0Mm/Kg: Oxygen, SBE 43 [umol/kg]
# name 11 = sbox1Mm/Kg: Oxygen, SBE 43, 2 [umol/kg]
# name 12 = flECO-AFL: Fluorescence, WET Labs ECO-AFL/FL [mg/m^3]
# name 13 = v2: Voltage 2
# name 14 = wetCDOM: Fluorescence, WET Labs CDOM [mg/m^3]
# name 15 = v6: Voltage 6
# name 16 = CStarAt0: Beam Attenuation, WET Labs C-Star [1/m]
# name 17 = v3: Voltage 3
# name 18 = scan: Scan Count
# name 19 = timeM: Time, Elapsed [minutes]
# name 20 = altM: Altimeter [m]
# name 21 = sbeox0V: Oxygen raw, SBE 43 [V]
# name 22 = sbeox1V: Oxygen raw, SBE 43, 2 [V]
# name 23 = nbf: Bottles Fired
# name 24 = flag:  0.000e+00
# interval = seconds: 0.0416667
# start_time = Sep 28 2025 01:28:20 [NMEA time, header]
# bad_flag = -9.990e-29
*END*
[from data line 696]
     55.117   80.82126  126.17988     55.715    -1.7890    -1.7896  26.584280  26.582002    33.6682    33.6658    354.177    346.648    -0.0755     4.5897     0.0965     0.0965     0.0856     0.0220     103030    71.5479     100.00     2.5338     2.2069         15  0.000e+00
     55.076   80.82126  126.17988     55.673    -1.7891    -1.7894  26.584280  26.582283    33.6684    33.6659    354.176    346.643    -0.0755     4.5910     0.0965     0.0965     0.0845     0.0220     103031    71.5486     100.00     2.5338     2.2069         15  0.000e+00
     55.117   80.82126  126.17988     55.715    -1.7889    -1.7889  26.584280  26.582227    33.6682    33.6653    353.964    346.642    -0.1061     4.5897     0.0952     0.0952     0.0856     0.0208     103032    71.5493     100.00     2.5326     2.2069         15  0.000e+00
     55.059   80.82126  126.17988     55.657    -1.7892    -1.7890  26.584220  26.582339    33.6684    33.6656    354.175    346.890    -0.0755     4.5910     0.0940     0.0940     0.0845     0.0220     103033    71.5500     100.00     2.5338     2.2081         15  0.000e+00
     55.076   80.82126  126.17988     55.673    -1.7889    -1.7888  26.584400  26.582789    33.6684    33.6659    354.174    346.636    -0.0755     4.5910     0.0940     0.0940     0.0845     0.0220     103034    71.5507     100.00     2.5338     2.2069         15  0.000e+00
     55.117   80.82126  126.17988     55.715    -1.7889    -1.7888  26.584161  26.582733    33.6680    33.6658    353.965    346.639    -0.1061     4.5910     0.0940     0.0940     0.0845     0.0208     103035    71.5514     100.00     2.5326     2.2069         15  0.000e+00
     55.076   80.82126  126.17988     55.673    -1.7890    -1.7885  26.584400  26.582676    33.6684    33.6654    354.174    346.635    -0.0755     4.5910     0.0940     0.0940     0.0845     0.0220     103036    71.5521     100.00     2.5338     2.2069         15  0.000e+00
     55.117   80.82126  126.17988     55.715    -1.7892    -1.7885  26.584340  26.582508    33.6686    33.6653    354.178    346.888    -0.1061     4.5910     0.0940     0.0940     0.0845     0.0208     103037    71.5528     100.00     2.5338     2.2081         15  0.000e+00
     55.076   80.82126  126.17988     55.673    -1.7889    -1.7886  26.584400  26.582789    33.6684    33.6657    354.174    346.886    -0.0755     4.5910     0.0940     0.0940     0.0845     0.0220     103038    71.5535     100.00     2.5338     2.2081         15  0.000e+00
     55.059   80.82126  126.17988     55.657    -1.7892    -1.7885  26.584101  26.582732    33.6683    33.6655    354.176    346.634    -0.0755     4.5910     0.0940     0.0940     0.0845     0.0220     103039    71.5542     100.00     2.5338     2.2069         15  0.000e+00
     55.117   80.82126  126.17988     55.715    -1.7893    -1.7884  26.584221  26.582283    33.6685    33.6647    354.179    346.888    -0.0755     4.5910     0.0940     0.0940     0.0845     0.0220     103040    71.5549     100.00     2.5338     2.2081         15  0.000e+00
     55.076   80.82126  126.17988     55.673    -1.7892    -1.7883  26.584280  26.582732    33.6685    33.6653    354.176    346.633    -0.0755     4.5910     0.0940     0.0940     0.0845     0.0220     103041    71.5556     100.00     2.5338     2.2069         15  0.000e+00
     55.117   80.82126  126.17988     55.715    -1.7892    -1.7883  26.584101  26.582733    33.6682    33.6653    353.967    345.882    -0.0755     4.5910     0.0940     0.0940     0.0845     0.0220     103042    71.5563     100.00     2.5326     2.2032         15  0.000e+00
     55.018   80.82126  126.17988     55.615    -1.7893    -1.7882  26.584161  26.582676    33.6685    33.6651    354.175    343.118    -0.0755     4.5910     0.0940     0.0940     0.0845     0.0220     103043    71.5569     100.00     2.5338     2.1898         15  0.000e+00
     55.117   80.82126  126.17988     55.715    -1.7892    -1.7884  26.584041  26.582283    33.6682    33.6647    354.179    340.116    -0.1061     4.5910     0.0940     0.0940     0.0845     0.0208     103044    71.5576     100.00     2.5338     2.1751         15  0.000e+00
     55.117   80.82126  126.17988     55.715    -1.7892    -1.7886  26.584041  26.582339    33.6682    33.6651    354.179    338.864    -0.0755     4.5922     0.0940     0.0940     0.0835     0.0220     103045    71.5583     100.00     2.5338     2.1690         15  0.000e+00
     55.076   80.82126  126.17988     55.673    -1.7892    -1.7886  26.584221  26.582620    33.6684    33.6655    354.176    340.616    -0.1061     4.5922     0.0940     0.0940     0.0835     0.0208     103046    71.5590     100.00     2.5338     2.1776         15  0.000e+00
     55.059   80.82126  126.17988     55.657    -1.7894    -1.7887  26.584460  26.582508    33.6690    33.6654    354.176    343.877    -0.0755     4.5922     0.0940     0.0940     0.0835     0.0220     103047    71.5597     100.00     2.5338     2.1935         15  0.000e+00
     55.141   80.82126  126.17988     55.740    -1.7891    -1.7888  26.584280  26.582452    33.6683    33.6654    354.178    346.390    -0.0755     4.5922     0.0940     0.0940     0.0835     0.0220     103048    71.5604     100.00     2.5338     2.2057         15  0.000e+00
     55.059   80.82126  126.17988     55.657    -1.7889    -1.7888  26.584041  26.582227    33.6678    33.6652    354.174    347.641    -0.0755     4.5922     0.0940     0.0940     0.0835     0.0220     103049    71.5611     100.00     2.5338     2.2118         15  0.000e+00
     55.076   80.82126  126.17988     55.673    -1.7891    -1.7888  26.584221  26.582339    33.6683    33.6653    354.175    348.143    -0.0755     4.5922     0.0940     0.0940     0.0835     0.0220     103050    71.5618     100.00     2.5338     2.2142         15  0.000e+00
     55.059   80.82126  126.17988     55.657    -1.7889    -1.7888  26.584459  26.582452    33.6684    33.6656    353.960    348.142    -0.1061     4.5910     0.0940     0.0940     0.0845     0.0208     103051    71.5625     100.00     2.5326     2.2142         15  0.000e+00
     55.117   80.82126  126.17988     55.715    -1.7890    -1.7888  26.584519  26.582452    33.6686    33.6655    354.175    346.890    -0.0755     4.5922     0.0940     0.0940     0.0835     0.0220     103052    71.5632     100.00     2.5338     2.2081         15  0.000e+00
     55.076   80.82126  126.17988     55.673    -1.7889    -1.7889  26.584280  26.582227    33.6682    33.6653    354.174    344.884    -0.1061     4.5922     0.0940     0.0940     0.0835     0.0208     103053    71.5639     100.00     2.5338     2.1984         15  0.000e+00
     55.059   80.82126  126.17988     55.657    -1.7888    -1.7890  26.584639  26.582171    33.6685    33.6654    354.170    344.884    -0.0755     4.5922     0.0940     0.0940     0.0835     0.0220     103054    71.5646     100.00     2.5338     2.1984         15  0.000e+00
     55.141   80.82126  126.17988     55.740    -1.7886    -1.7889  26.584400  26.582002    33.6680    33.6649    354.174    345.891    -0.1061     4.5922     0.0940     0.0940     0.0835     0.0208     103055    71.5653     100.00     2.5338     2.2032         15  0.000e+00
     55.059   80.82126  126.17988     55.657    -1.7889    -1.7888  26.584459  26.582283    33.6684    33.6653    354.384    346.386    -0.0755     4.5922     0.0940     0.0940     0.0835     0.0220     103056    71.5660     100.00     2.5350     2.2057         15  0.000e+00
     55.141   80.82126  126.17988     55.740    -1.7885    -1.7888  26.584699  26.582452    33.6682    33.6654    354.172    345.637    -0.0755     4.5922     0.0940     0.0940     0.0835     0.0220     103057    71.5667     100.00     2.5338     2.2020         15  0.000e+00
     55.059   80.82126  126.17990     55.657    -1.7888    -1.7887  26.584519  26.582620    33.6683    33.6656    354.171    344.629    -0.0755     4.5922     0.0940     0.0940     0.0835     0.0220     103058    71.5674     100.00     2.5338     2.1971         15  0.000e+00
     55.059   80.82126  126.17990     55.657    -1.7885    -1.7888  26.584280  26.582508    33.6678    33.6656    354.170    344.379    -0.0450     4.5922     0.0940     0.0940     0.0835     0.0232     103059    71.5681     100.00     2.5338     2.1959         15  0.000e+00
     55.141   80.82126  126.17990     55.740    -1.7886    -1.7885  26.584460  26.582957    33.6681    33.6658    354.174    344.379    -0.0450     4.5922     0.0952     0.0952     0.0835     0.0232     103060    71.5687     100.00     2.5338     2.1959         15  0.000e+00
     55.059   80.82126  126.17990     55.657    -1.7886    -1.7882  26.584519  26.582789    33.6682    33.6653    354.382    345.126    -0.0450     4.5922     0.0952     0.0952     0.0835     0.0232     103061    71.5694     100.00     2.5350     2.1996         15  0.000e+00
     55.076   80.82126  126.17990     55.673    -1.7887    -1.7884  26.584340  26.582508    33.6680    33.6651    354.172    346.383    -0.0450     4.5922     0.0952     0.0952     0.0835     0.0232     103062    71.5701     100.00     2.5338     2.2057         15  0.000e+00
     55.059   80.82126  126.17990     55.657    -1.7885    -1.7882  26.584220  26.582451    33.6676    33.6648    354.169    347.635    -0.0450     4.5910     0.0952     0.0952     0.0845     0.0232     103063    71.5708     100.00     2.5338     2.2118         15  0.000e+00
     55.117   80.82126  126.17990     55.715    -1.7891    -1.7883  26.584639  26.582620    33.6689    33.6651    354.175    348.140    -0.0450     4.5910     0.0952     0.0952     0.0845     0.0232     103064    71.5715     100.00     2.5338     2.2142         15  0.000e+00
     55.076   80.82126  126.17990     55.673    -1.7889    -1.7882  26.584579  26.582676    33.6685    33.6652    354.172    348.137    -0.0450     4.5910     0.0952     0.0952     0.0845     0.0232     103065    71.5722     100.00     2.5338     2.2142         15  0.000e+00
     55.059   80.82126  126.17990     55.657    -1.7886    -1.7882  26.584340  26.582845    33.6680    33.6653    354.170    347.884    -0.0450     4.5922     0.0952     0.0952     0.0835     0.0232     103066    71.5729     100.00     2.5338     2.2130         15  0.000e+00
     55.141   80.82126  126.17990     55.740    -1.7888    -1.7882  26.584280  26.582733    33.6680    33.6651    354.175    347.889    -0.0450     4.5910     0.0952     0.0952     0.0845     0.0232     103067    71.5736     100.00     2.5338     2.2130         15  0.000e+00
     55.059   80.82126  126.17990     55.657    -1.7886    -1.7879  26.584220  26.583013    33.6678    33.6652    354.383    347.630    -0.0450     4.5922     0.0952     0.0952     0.0835     0.0232     103068    71.5743     100.00     2.5350     2.2118         15  0.000e+00
     55.142   80.82126  126.17996     55.740    -1.7895    -1.7889  26.584221  26.582452    33.6688    33.6656    354.179    346.137    -0.0450     4.5934     0.0965     0.0965     0.0824     0.0232     103202    71.6674     100.00     2.5338     2.2044         16  0.000e+00
     55.060   80.82126  126.17996     55.657    -1.7893    -1.7889  26.584101  26.582227    33.6684    33.6653    354.173    346.134    -0.0450     4.5934     0.0965     0.0965     0.0824     0.0232     103203    71.6681     100.00     2.5338     2.2044         16  0.000e+00
     55.142   80.82126  126.17996     55.740    -1.7895    -1.7890  26.583982  26.582171    33.6684    33.6653    354.180    346.139    -0.0450     4.5934     0.0965     0.0965     0.0824     0.0232     103204    71.6688     100.00     2.5338     2.2044         16  0.000e+00
     55.117   80.82126  126.17996     55.715    -1.7892    -1.7888  26.584041  26.582508    33.6681    33.6655    354.388    346.134    -0.0450     4.5934     0.0965     0.0965     0.0824     0.0232     103205    71.6694     100.00     2.5350     2.2044         16  0.000e+00
     55.117   80.82126  126.17996     55.715    -1.7891    -1.7888  26.584579  26.582676    33.6688    33.6658    354.385    346.134    -0.0450     4.5934     0.0965     0.0965     0.0824     0.0232     103206    71.6701     100.00     2.5350     2.2044         16  0.000e+00
     55.076   80.82126  126.17996     55.674    -1.7890    -1.7888  26.584400  26.582114    33.6684    33.6650    354.170    346.385    -0.0450     4.5934     0.0965     0.0965     0.0824     0.0232     103207    71.6708     100.00     2.5338     2.2057         16  0.000e+00
     55.060   80.82126  126.17996     55.657    -1.7888    -1.7888  26.584400  26.582283    33.6682    33.6653    354.168    346.133    -0.0450     4.5922     0.0952     0.0952     0.0835     0.0232     103208    71.6715     100.00     2.5338     2.2044         16  0.000e+00
     55.142   80.82126  126.17996     55.740    -1.7889    -1.7892  26.584460  26.582227    33.6684    33.6656    354.173    346.140    -0.0450     4.5934     0.0965     0.0965     0.0824     0.0232     103209    71.6722     100.00     2.5338     2.2044         16  0.000e+00
     55.117   80.82126  126.17996     55.715    -1.7884    -1.7891  26.584699  26.582002    33.6681    33.6652    354.378    346.389    -0.0450     4.5934     0.0965     0.0965     0.0824     0.0232     103210    71.6729     100.00     2.5350     2.2057         16  0.000e+00
     55.142   80.82126  126.17996     55.740    -1.7883    -1.7894  26.584997  26.582115    33.6684    33.6657    354.166    346.393    -0.0450     4.5934     0.0952     0.0952     0.0824     0.0232     103211    71.6736     100.00     2.5338     2.2057         16  0.000e+00
     55.060   80.82126  126.17996     55.657    -1.7880    -1.7894  26.584878  26.582171    33.6680    33.6658    354.160    346.388    -0.0450     4.5934     0.0965     0.0965     0.0824     0.0232     103212    71.6743     100.00     2.5338     2.2057         16  0.000e+00
     55.117   80.82126  126.17996     55.715    -1.7877    -1.7892  26.584758  26.582339    33.6675    33.6658    354.161    346.640    -0.0450     4.5934     0.0965     0.0965     0.0824     0.0232     103213    71.6750     100.00     2.5338     2.2069         16  0.000e+00
     55.142   80.82126  126.17996     55.740    -1.7879    -1.7889  26.584938  26.582058    33.6678    33.6650    354.375    346.640    -0.0450     4.5934     0.0965     0.0965     0.0824     0.0232     103214    71.6757     100.00     2.5350     2.2069         16  0.000e+00
     55.060   80.82126  126.17996     55.657    -1.7879    -1.7893  26.585057  26.582114    33.6681    33.6656    354.370    346.639    -0.0450     4.5934     0.0965     0.0965     0.0824     0.0232     103215    71.6764     100.00     2.5350     2.2069         16  0.000e+00
     55.142   80.82126  126.17996     55.740    -1.7877    -1.7894  26.585236  26.582002    33.6681    33.6655    354.161    346.643    -0.0450     4.5934     0.0965     0.0965     0.0824     0.0232     103216    71.6771     100.00     2.5338     2.2069         16  0.000e+00
     55.117   80.82126  126.17996     55.715    -1.7879    -1.7891  26.584938  26.581946    33.6679    33.6651    354.161    346.389    -0.0450     4.5934     0.0965     0.0965     0.0824     0.0232     103217    71.6778     100.00     2.5338     2.2057         16  0.000e+00
     55.060   80.82126  126.17996     55.657    -1.7874    -1.7891  26.585117  26.582114    33.6676    33.6654    354.154    346.386    -0.0450     4.5934     0.0965     0.0965     0.0824     0.0232     103218    71.6785     100.00     2.5338     2.2057         16  0.000e+00
     55.142   80.82126  126.17996     55.740    -1.7874    -1.7888  26.585057  26.582171    33.6675    33.6650    354.159    346.638    -0.0450     4.5934     0.0965     0.0965     0.0824     0.0232     103219    71.6792     100.00     2.5338     2.2069         16  0.000e+00
