Continuous CTD Data/SBE Stage/nabos_17_01.ros
* Sea-Bird SBE 9 Data File:
* FileName = D:\CTD\data\HLY2502\raw\NABOS_17_01.hex
* Software Version Seasave V 7.26.7.110
* Temperature SN = 6954
* Conductivity SN = 2561
* Number of Bytes Per Scan = 37
* Number of Voltage Words = 4
* Number of Scans Averaged by the Deck Unit = 1
* NMEA Latitude = 77 28.99 N
* NMEA Longitude = 178 18.03 E
* NMEA UTC (Time) = Sep 17 2025  11:26:45
* NMEA baud rate = 9600
** Ship: USCG HEALY
** Bot. Depth:  1260
** Cast Number:  01
** Station Name:  NABOS
** Station Number:  17
** Operator:  STARC
# nquan = 25
# nvalues = 1078                                  
# units = specified
# name 0 = depSM: Depth [salt water, m]
# name 1 = latitude: Latitude [deg]
# name 2 = longitude: Longitude [deg]
# name 3 = prDM: Pressure, Digiquartz [db]
# name 4 = t090C: Temperature [ITS-90, deg C]
# name 5 = t190C: Temperature, 2 [ITS-90, deg C]
# name 6 = c0mS/cm: Conductivity [mS/cm]
# name 7 = c1mS/cm: Conductivity, 2 [mS/cm]
# name 8 = sal00: Salinity, Practical [PSU]
# name 9 = sal11: Salinity, Practical, 2 [PSU]
# name 10 = sbox0Mm/Kg: Oxygen, SBE 43 [umol/kg]
# name 11 = sbox1Mm/Kg: Oxygen, SBE 43, 2 [umol/kg]
# name 12 = flECO-AFL: Fluorescence, WET Labs ECO-AFL/FL [mg/m^3]
# name 13 = v2: Voltage 2
# name 14 = wetCDOM: Fluorescence, WET Labs CDOM [mg/m^3]
# name 15 = v6: Voltage 6
# name 16 = CStarAt0: Beam Attenuation, WET Labs C-Star [1/m]
# name 17 = v3: Voltage 3
# name 18 = scan: Scan Count
# name 19 = timeM: Time, Elapsed [minutes]
# name 20 = altM: Altimeter [m]
# name 21 = sbeox0V: Oxygen raw, SBE 43 [V]
# name 22 = sbeox1V: Oxygen raw, SBE 43, 2 [V]
# name 23 = nbf: Bottles Fired
# name 24 = flag:  0.000e+00
# interval = seconds: 0.0416667
# start_time = Sep 17 2025 11:26:45 [NMEA time, header]
# bad_flag = -9.990e-29
*END*
[from data line 290]
    248.929   77.48966  178.30740    251.722     0.8065     0.8062  29.663501  29.661368    34.7583    34.7558    295.523    287.727    -0.1671     4.6703     0.0842     0.0842     0.0159     0.0183      79766    55.3924     100.00     2.3002     2.0059          6  0.000e+00
    248.929   77.48966  178.30740    251.722     0.8065     0.8060  29.663376  29.661251    34.7581    34.7559    295.524    288.202    -0.1671     4.6716     0.0830     0.0830     0.0149     0.0183      79767    55.3931     100.00     2.3002     2.0084          6  0.000e+00
    248.863   77.48966  178.30740    251.655     0.8065     0.8062  29.663500  29.661368    34.7583    34.7559    295.520    288.198    -0.1671     4.6716     0.0842     0.0842     0.0149     0.0183      79768    55.3937     100.00     2.3002     2.0084          6  0.000e+00
    248.863   77.48966  178.30740    251.655     0.8065     0.8062  29.663563  29.661251    34.7584    34.7557    295.521    288.198    -0.1671     4.6716     0.0842     0.0842     0.0149     0.0183      79769    55.3944     100.00     2.3002     2.0084          6  0.000e+00
    199.811   77.49000  178.30810    202.028     0.3529     0.3546  29.169701  29.169905    34.6526    34.6509    298.841    292.379    -0.1366     4.6654     0.0842     0.0842     0.0201     0.0195      83278    57.8312     100.00     2.3071     2.0190          7  0.000e+00
    199.811   77.49000  178.30810    202.028     0.3528     0.3546  29.169825  29.169556    34.6528    34.6504    298.842    292.618    -0.1366     4.6679     0.0855     0.0855     0.0180     0.0195      83279    57.8319     100.00     2.3071     2.0202          7  0.000e+00
    199.663   77.49000  178.30810    201.879     0.3528     0.3543  29.169701  29.169439    34.6528    34.6507    298.836    293.091    -0.1366     4.6679     0.0855     0.0855     0.0180     0.0195      83280    57.8326     100.00     2.3071     2.0227          7  0.000e+00
    199.811   77.49000  178.30810    202.028     0.3528     0.3543  29.169887  29.169265    34.6529    34.6504    298.841    293.812    -0.1366     4.6667     0.0855     0.0855     0.0191     0.0195      83281    57.8333     100.00     2.3071     2.0263          7  0.000e+00
    199.745   77.49000  178.30810    201.962     0.3528     0.3542  29.170010  29.169556    34.6531    34.6509    298.838    294.047    -0.1061     4.6679     0.0855     0.0855     0.0180     0.0208      83282    57.8340     100.00     2.3071     2.0276          7  0.000e+00
    199.786   77.49000  178.30810    202.003     0.3529     0.3540  29.169887  29.169323    34.6528    34.6508    298.840    294.051    -0.1366     4.6679     0.0842     0.0842     0.0180     0.0195      83283    57.8347     100.00     2.3071     2.0276          7  0.000e+00
    199.745   77.49000  178.30810    201.962     0.3528     0.3542  29.169948  29.169381    34.6530    34.6506    298.838    294.047    -0.1366     4.6679     0.0842     0.0842     0.0180     0.0195      83284    57.8354     100.00     2.3071     2.0276          7  0.000e+00
    199.745   77.49000  178.30810    201.962     0.3529     0.3541  29.169763  29.169033    34.6527    34.6503    298.838    294.287    -0.1366     4.6679     0.0842     0.0842     0.0180     0.0195      83285    57.8361     100.00     2.3071     2.0288          7  0.000e+00
    199.745   77.49000  178.30810    201.962     0.3528     0.3539  29.170010  29.169265    34.6531    34.6508    298.838    294.288    -0.1366     4.6679     0.0842     0.0842     0.0180     0.0195      83286    57.8368     100.00     2.3071     2.0288          7  0.000e+00
    199.786   77.49000  178.30810    202.003     0.3526     0.3538  29.169577  29.169265    34.6527    34.6509    298.842    294.290    -0.1366     4.6679     0.0842     0.0842     0.0180     0.0195      83287    57.8375     100.00     2.3071     2.0288          7  0.000e+00
    199.745   77.49000  178.30810    201.962     0.3528     0.3538  29.170010  29.168974    34.6531    34.6506    299.040    294.051    -0.1366     4.6679     0.0830     0.0830     0.0180     0.0195      83288    57.8382     100.00     2.3083     2.0276          7  0.000e+00
    199.745   77.49000  178.30810    201.962     0.3528     0.3539  29.169825  29.169265    34.6529    34.6508    298.839    293.573    -0.1366     4.6679     0.0842     0.0842     0.0180     0.0195      83289    57.8389     100.00     2.3071     2.0251          7  0.000e+00
    199.786   77.49000  178.30810    202.003     0.3528     0.3541  29.170010  29.169033    34.6531    34.6503    298.840    293.098    -0.1366     4.6679     0.0830     0.0830     0.0180     0.0195      83290    57.8396     100.00     2.3071     2.0227          7  0.000e+00
    199.745   77.49000  178.30810    201.962     0.3528     0.3539  29.169763  29.169091    34.6528    34.6506    298.638    292.382    -0.1366     4.6679     0.0830     0.0830     0.0180     0.0195      83291    57.8403     100.00     2.3059     2.0190          7  0.000e+00
    199.745   77.49000  178.30810    201.962     0.3528     0.3541  29.170072  29.169207    34.6532    34.6505    298.637    292.142    -0.1061     4.6679     0.0830     0.0830     0.0180     0.0208      83292    57.8410     100.00     2.3059     2.0178          7  0.000e+00
    199.745   77.49000  178.30810    201.962     0.3528     0.3538  29.169701  29.168974    34.6527    34.6506    298.839    292.145    -0.1366     4.6667     0.0830     0.0830     0.0191     0.0195      83293    57.8417     100.00     2.3071     2.0178          7  0.000e+00
    199.786   77.49000  178.30810    202.003     0.3528     0.3538  29.169887  29.169091    34.6529    34.6508    298.840    291.908    -0.1366     4.6679     0.0842     0.0842     0.0180     0.0195      83294    57.8424     100.00     2.3071     2.0166          7  0.000e+00
    199.811   77.49000  178.30810    202.028     0.3529     0.3535  29.170010  29.168742    34.6530    34.6506    298.840    291.673    -0.1366     4.6679     0.0830     0.0830     0.0180     0.0195      83295    57.8431     100.00     2.3071     2.0153          7  0.000e+00
    199.745   77.49000  178.30810    201.962     0.3528     0.3536  29.169577  29.168800    34.6526    34.6505    298.839    291.670    -0.1061     4.6679     0.0830     0.0830     0.0180     0.0208      83296    57.8438     100.00     2.3071     2.0153          7  0.000e+00
    199.786   77.49000  178.30810    202.003     0.3526     0.3537  29.169948  29.168916    34.6532    34.6506    298.841    291.671    -0.1366     4.6679     0.0842     0.0842     0.0180     0.0195      83297    57.8444     100.00     2.3071     2.0153          7  0.000e+00
    199.745   77.49000  178.30810    201.962     0.3528     0.3535  29.170010  29.169091    34.6531    34.6511    298.838    292.146    -0.1366     4.6679     0.0842     0.0842     0.0180     0.0195      83298    57.8451     100.00     2.3071     2.0178          7  0.000e+00
    199.745   77.49000  178.30810    201.962     0.3526     0.3535  29.170010  29.169207    34.6533    34.6513    298.839    292.384    -0.1366     4.6679     0.0842     0.0842     0.0180     0.0195      83299    57.8458     100.00     2.3071     2.0190          7  0.000e+00
    199.811   77.49000  178.30810    202.028     0.3528     0.3535  29.169763  29.168975    34.6528    34.6509    298.841    292.625    -0.1366     4.6679     0.0830     0.0830     0.0180     0.0195      83300    57.8465     100.00     2.3071     2.0202          7  0.000e+00
    199.720   77.49000  178.30810    201.937     0.3526     0.3533  29.169825  29.168684    34.6531    34.6507    298.838    292.385    -0.1366     4.6679     0.0842     0.0842     0.0180     0.0195      83301    57.8472     100.00     2.3071     2.0190          7  0.000e+00
    199.745   77.49000  178.30810    201.962     0.3524     0.3533  29.169948  29.168800    34.6534    34.6509    298.840    292.386    -0.1366     4.6667     0.0842     0.0842     0.0191     0.0195      83302    57.8479     100.00     2.3071     2.0190          7  0.000e+00
    199.811   77.49000  178.30810    202.028     0.3528     0.3532  29.169763  29.168917    34.6528    34.6512    298.841    292.389    -0.1366     4.6679     0.0830     0.0830     0.0180     0.0195      83303    57.8486     100.00     2.3071     2.0190          7  0.000e+00
    199.720   77.49000  178.30810    201.937     0.3529     0.3537  29.169824  29.168916    34.6528    34.6506    298.837    292.383    -0.1366     4.6679     0.0830     0.0830     0.0180     0.0195      83304    57.8493     100.00     2.3071     2.0190          7  0.000e+00
    199.811   77.49000  178.30810    202.028     0.3526     0.3535  29.169701  29.168916    34.6529    34.6508    298.843    292.387    -0.1366     4.6679     0.0842     0.0842     0.0180     0.0195      83305    57.8500     100.00     2.3071     2.0190          7  0.000e+00
    199.745   77.49000  178.30810    201.962     0.3529     0.3533  29.169886  29.169091    34.6528    34.6512    298.636    292.385    -0.1366     4.6679     0.0842     0.0842     0.0180     0.0195      83306    57.8507     100.00     2.3059     2.0190          7  0.000e+00
    199.745   77.49000  178.30810    201.962     0.3529     0.3532  29.169763  29.168742    34.6527    34.6509    298.838    292.625    -0.1366     4.6679     0.0842     0.0842     0.0180     0.0195      83307    57.8514     100.00     2.3071     2.0202          7  0.000e+00
    199.786   77.49000  178.30810    202.003     0.3528     0.3533  29.169825  29.168800    34.6529    34.6508    298.639    293.341    -0.1366     4.6679     0.0842     0.0842     0.0180     0.0195      83308    57.8521     100.00     2.3059     2.0239          7  0.000e+00
    199.745   77.49000  178.30810    201.962     0.3526     0.3535  29.169701  29.168684    34.6529    34.6505    298.840    293.577    -0.1671     4.6679     0.0830     0.0830     0.0180     0.0183      83309    57.8528     100.00     2.3071     2.0251          7  0.000e+00
    199.745   77.49000  178.30810    201.962     0.3529     0.3533  29.169701  29.168800    34.6526    34.6509    298.838    293.577    -0.1671     4.6667     0.0842     0.0842     0.0191     0.0183      83310    57.8535     100.00     2.3071     2.0251          7  0.000e+00
    199.786   77.49000  178.30810    202.003     0.3526     0.3532  29.170010  29.168916    34.6533    34.6512    298.840    293.103    -0.1671     4.6667     0.0830     0.0830     0.0191     0.0183      83311    57.8542     100.00     2.3071     2.0227          7  0.000e+00
    199.745   77.49000  178.30810    201.962     0.3528     0.3531  29.170010  29.168277    34.6531    34.6505    298.838    292.389    -0.1671     4.6679     0.0842     0.0842     0.0180     0.0183      83312    57.8549     100.00     2.3071     2.0190          7  0.000e+00
    199.811   77.49000  178.30810    202.028     0.3529     0.3530  29.169763  29.168684    34.6526    34.6511    298.639    291.438    -0.1671     4.6667     0.0842     0.0842     0.0191     0.0183      83313    57.8556     100.00     2.3059     2.0141          7  0.000e+00
    199.745   77.49000  178.30810    201.962     0.3526     0.3528  29.169515  29.168509    34.6527    34.6511    298.639    290.960    -0.1671     4.6667     0.0830     0.0830     0.0191     0.0183      83314    57.8563     100.00     2.3059     2.0117          7  0.000e+00
    199.786   77.49000  178.30810    202.003     0.3528     0.3528  29.169763  29.168161    34.6528    34.6507    298.639    290.725    -0.1671     4.6679     0.0830     0.0830     0.0180     0.0183      83315    57.8569     100.00     2.3059     2.0104          7  0.000e+00
    199.745   77.49000  178.30810    201.962     0.3529     0.3532  29.169701  29.168451    34.6526    34.6506    299.039    291.673    -0.1671     4.6679     0.0830     0.0830     0.0180     0.0183      83316    57.8576     100.00     2.3083     2.0153          7  0.000e+00
    199.745   77.49000  178.30810    201.962     0.3528     0.3533  29.169701  29.168800    34.6527    34.6509    298.839    292.624    -0.1671     4.6679     0.0842     0.0842     0.0180     0.0183      83317    57.8583     100.00     2.3071     2.0202          7  0.000e+00
    199.786   77.49000  178.30810    202.003     0.3526     0.3536  29.169701  29.169091    34.6529    34.6509    298.841    292.861    -0.1671     4.6667     0.0842     0.0842     0.0191     0.0183      83318    57.8590     100.00     2.3071     2.0215          7  0.000e+00
    199.745   77.49000  178.30810    201.962     0.3526     0.3537  29.169577  29.168974    34.6527    34.6507    298.840    292.860    -0.1671     4.6679     0.0830     0.0830     0.0180     0.0183      83319    57.8597     100.00     2.3071     2.0215          7  0.000e+00
    199.811   77.49000  178.30810    202.028     0.3524     0.3535  29.169454  29.169091    34.6527    34.6510    298.844    292.863    -0.1671     4.6679     0.0842     0.0842     0.0180     0.0183      83320    57.8604     100.00     2.3071     2.0215          7  0.000e+00
    199.745   77.49000  178.30810    201.962     0.3523     0.3536  29.169268  29.169207    34.6527    34.6511    298.843    292.621    -0.1671     4.6679     0.0830     0.0830     0.0180     0.0183      83321    57.8611     100.00     2.3071     2.0202          7  0.000e+00
    199.786   77.49000  178.30810    202.003     0.3523     0.3537  29.169268  29.168975    34.6527    34.6507    298.844    292.385    -0.1976     4.6679     0.0842     0.0842     0.0180     0.0171      83322    57.8618     100.00     2.3071     2.0190          7  0.000e+00
    199.745   77.49000  178.30810    201.962     0.3521     0.3535  29.169206  29.168684    34.6528    34.6506    299.045    292.147    -0.1671     4.6679     0.0842     0.0842     0.0180     0.0183      83323    57.8625     100.00     2.3083     2.0178          7  0.000e+00
    199.811   77.49000  178.30810    202.028     0.3521     0.3533  29.169578  29.168626    34.6532    34.6506    298.845    291.912    -0.1671     4.6679     0.0842     0.0842     0.0180     0.0183      83324    57.8632     100.00     2.3071     2.0166          7  0.000e+00
    199.720   77.49000  178.30810    201.937     0.3521     0.3535  29.169515  29.169033    34.6532    34.6511    299.043    291.430    -0.1671     4.6679     0.0830     0.0830     0.0180     0.0183      83325    57.8639     100.00     2.3083     2.0141          7  0.000e+00
    199.811   77.49000  178.30810    202.028     0.3521     0.3537  29.169516  29.168742    34.6532    34.6504    298.846    291.671    -0.1671     4.6679     0.0830     0.0830     0.0180     0.0183      83326    57.8646     100.00     2.3071     2.0153          7  0.000e+00
    175.161   77.49024  178.30860    177.095    -0.0554    -0.0541  28.741069  28.740358    34.5619    34.5595    302.196    294.345    -0.1366     4.6667     0.0855     0.0855     0.0191     0.0195      85663    59.4875     100.00     2.3105     2.0151          8  0.000e+00
    175.104   77.49024  178.30860    177.037    -0.0554    -0.0543  28.741192  28.740069    34.5621    34.5593    302.397    294.585    -0.1366     4.6679     0.0867     0.0867     0.0180     0.0195      85664    59.4882     100.00     2.3117     2.0163          8  0.000e+00
    175.046   77.49024  178.30860    176.978    -0.0552    -0.0546  28.741376  28.739664    34.5622    34.5592    302.393    294.826    -0.1366     4.6667     0.0842     0.0842     0.0191     0.0195      85665    59.4889     100.00     2.3117     2.0175          8  0.000e+00
    175.112   77.49024  178.30860    177.045    -0.0552    -0.0549  28.741253  28.739895    34.5620    34.5598    302.396    295.071    -0.1366     4.6667     0.0842     0.0842     0.0191     0.0195      85666    59.4896     100.00     2.3117     2.0188          8  0.000e+00
