Continuous CTD Data/SBE Stage/nabos_10_01avg.cnv
* Sea-Bird SBE 9 Data File:
* FileName = D:\CTD\data\HLY2502\raw\NABOS_10_01.hex
* Software Version Seasave V 7.26.7.110
* Temperature SN = 6954
* Conductivity SN = 2561
* Number of Bytes Per Scan = 37
* Number of Voltage Words = 4
* Number of Scans Averaged by the Deck Unit = 1
* NMEA Latitude = 76 35.18 N
* NMEA Longitude = 179 42.41 W
* NMEA UTC (Time) = Sep 16 2025  00:09:49
* NMEA baud rate = 9600
** Ship: USCG HEALY
** Bot. Depth:  1171
** Cast Number:  01
** Station Name:  NABOS
** Station Number:  10
** Operator:  STARC
** normal CTD cast down to 1165m
# nquan = 25
# nvalues = 1181                        
# units = specified
# name 0 = depSM: Depth [salt water, m]
# name 1 = latitude: Latitude [deg]
# name 2 = longitude: Longitude [deg]
# name 3 = prDM: Pressure, Digiquartz [db]
# name 4 = t090C: Temperature [ITS-90, deg C]
# name 5 = t190C: Temperature, 2 [ITS-90, deg C]
# name 6 = c0mS/cm: Conductivity [mS/cm]
# name 7 = c1mS/cm: Conductivity, 2 [mS/cm]
# name 8 = sal00: Salinity, Practical [PSU]
# name 9 = sal11: Salinity, Practical, 2 [PSU]
# name 10 = sbox0Mm/Kg: Oxygen, SBE 43 [umol/kg]
# name 11 = sbox1Mm/Kg: Oxygen, SBE 43, 2 [umol/kg]
# name 12 = flECO-AFL: Fluorescence, WET Labs ECO-AFL/FL [mg/m^3]
# name 13 = v2: Voltage 2
# name 14 = wetCDOM: Fluorescence, WET Labs CDOM [mg/m^3]
# name 15 = v6: Voltage 6
# name 16 = CStarAt0: Beam Attenuation, WET Labs C-Star [1/m]
# name 17 = v3: Voltage 3
# name 18 = scan: Scan Count
# name 19 = timeM: Time, Elapsed [minutes]
# name 20 = altM: Altimeter [m]
# name 21 = sbeox0V: Oxygen raw, SBE 43 [V]
# name 22 = sbeox1V: Oxygen raw, SBE 43, 2 [V]
# name 23 = nbin: number of scans per bin
# name 24 = flag: flag
# span 0 =      2.969,   1167.309       
# span 1 =   76.58586,   76.58628       
# span 2 = -179.70854, -179.70707       
# span 3 =      3.000,   1183.000       
# span 4 =    -1.6718,     0.8759       
# span 5 =    -1.6713,     0.8760       
# span 6 =  23.127331,  29.783233       
# span 7 =  23.126900,  29.781765       
# span 8 =    28.6548,    34.8871       
# span 9 =    28.6532,    34.8851       
# span 10 =    276.498,    381.378      
# span 11 =    270.026,    372.414      
# span 12 =    -0.1823,     0.5475      
# span 13 =     4.5737,     4.6633      
# span 14 =     0.0721,     0.1219      
# span 15 =     0.0721,     0.1219      
# span 16 =     0.0219,     0.0997      
# span 17 =     0.0177,     0.0469      
# span 18 =       3547,      39558      
# span 19 =     2.4628,    27.4698      
# span 20 =       6.47,     100.00      
# span 21 =     1.9510,     2.6633      
# span 22 =     1.7234,     2.3121      
# span 23 =          8,         29      
# span 24 = 0.0000e+00, 0.0000e+00      
# interval = decibars: 1                
# start_time = Sep 16 2025 00:09:49 [NMEA time, header]
# bad_flag = -9.990e-29
*END*
[from data line 812]
    804.896   76.58588 -179.70836    815.000     0.1280     0.1281  29.397620  29.396112    34.8435    34.8415    293.360    289.465    -0.1422     4.6622     0.0830     0.0830     0.0229     0.0193      26557    18.4419     100.00     2.1274     1.8819         14 0.0000e+00
    805.882   76.58588 -179.70836    816.000     0.1267     0.1267  29.397003  29.395305    34.8436    34.8414    293.232    288.715    -0.1767     4.6624     0.0833     0.0833     0.0227     0.0179      26582    18.4589     100.00     2.1264     1.8781          8 0.0000e+00
    806.867   76.58588 -179.70836    817.000     0.1219     0.1217  29.393141  29.391302    34.8433    34.8411    293.312    288.383    -0.1301     4.6627     0.0832     0.0832     0.0225     0.0198      26607    18.4766     100.00     2.1264     1.8761         14 0.0000e+00
    807.853   76.58588 -179.70836    818.000     0.1179     0.1179  29.390271  29.388623    34.8435    34.8413    293.337    288.339    -0.1341     4.6621     0.0821     0.0821     0.0230     0.0196      26632    18.4939     100.00     2.1261     1.8756         13 0.0000e+00
    808.839   76.58588 -179.70836    819.000     0.1183     0.1182  29.391021  29.389393    34.8435    34.8414    293.324    288.716    -0.1543     4.6627     0.0830     0.0830     0.0225     0.0188      26657    18.5114     100.00     2.1259     1.8773         13 0.0000e+00
    809.824   76.58588 -179.70836    820.000     0.1182     0.1182  29.391510  29.389949    34.8436    34.8416    293.457    288.264    -0.1422     4.6628     0.0831     0.0831     0.0224     0.0193      26682    18.5288     100.00     2.1264     1.8749         13 0.0000e+00
    810.810   76.58588 -179.70836    821.000     0.1181     0.1183  29.391754  29.390372    34.8434    34.8415    293.487    287.513    -0.1343     4.6628     0.0842     0.0842     0.0224     0.0196      26707    18.5462     100.00     2.1263     1.8712         13 0.0000e+00
    811.796   76.58588 -179.70836    822.000     0.1183     0.1183  29.392458  29.390903    34.8436    34.8415    293.456    288.771    -0.1677     4.6629     0.0831     0.0831     0.0223     0.0183      26733    18.5635     100.00     2.1259     1.8770         13 0.0000e+00
    812.781   76.58588 -179.70836    823.000     0.1184     0.1184  29.392992  29.391378    34.8437    34.8415    293.467    288.872    -0.1427     4.6629     0.0820     0.0820     0.0223     0.0193      26758    18.5812     100.00     2.1258     1.8773         16 0.0000e+00
    813.767   76.58588 -179.70836    824.000     0.1177     0.1177  29.392734  29.391175    34.8435    34.8414    293.416    288.601    -0.1677     4.6629     0.0835     0.0835     0.0223     0.0183      26783    18.5983     100.00     2.1252     1.8758         15 0.0000e+00
    814.753   76.58588 -179.70836    825.000     0.1092     0.1083  29.385611  29.383101    34.8431    34.8409    293.586    287.973    -0.1557     4.6626     0.0834     0.0834     0.0225     0.0188      26807    18.6154     100.00     2.1256     1.8723         13 0.0000e+00
    815.738   76.58588 -179.70837    826.000     0.1027     0.1023  29.380340  29.378361    34.8430    34.8408    293.514    287.252    -0.1295     4.6627     0.0830     0.0830     0.0225     0.0198      26832    18.6330     100.00     2.1246     1.8685         13 0.0000e+00
    816.724   76.58588 -179.70838    827.000     0.0973     0.0970  29.375860  29.373813    34.8426    34.8403    293.667    289.653    -0.1550     4.6624     0.0836     0.0836     0.0228     0.0188      26857    18.6503     100.00     2.1250     1.8794         15 0.0000e+00
    817.709   76.58588 -179.70838    828.000     0.0896     0.0886  29.369275  29.366846    34.8420    34.8400    293.742    289.924    -0.1771     4.6627     0.0841     0.0841     0.0224     0.0179      26882    18.6676     100.00     2.1248     1.8801         13 0.0000e+00
    818.695   76.58588 -179.70838    829.000     0.0771     0.0775  29.358562  29.357385    34.8414    34.8394    293.819    288.412    -0.1429     4.6629     0.0839     0.0839     0.0223     0.0193      26907    18.6846     100.00     2.1244     1.8724          9 0.0000e+00
    819.681   76.58588 -179.70838    830.000     0.0766     0.0771  29.358538  29.357312    34.8414    34.8392    293.764    287.648    -0.1604     4.6630     0.0828     0.0828     0.0222     0.0186      26932    18.7019     100.00     2.1239     1.8686         13 0.0000e+00
    820.666   76.58588 -179.70838    831.000     0.0764     0.0765  29.358608  29.357179    34.8411    34.8391    293.808    288.085    -0.1339     4.6629     0.0818     0.0818     0.0223     0.0196      26957    18.7197     100.00     2.1239     1.8705         15 0.0000e+00
    821.652   76.58588 -179.70838    832.000     0.0768     0.0768  29.359380  29.357822    34.8412    34.8390    293.726    288.330    -0.1319     4.6626     0.0830     0.0830     0.0225     0.0197      26982    18.7369     100.00     2.1233     1.8714         13 0.0000e+00
    822.637   76.58588 -179.70838    833.000     0.0761     0.0759  29.359179  29.357239    34.8411    34.8388    293.728    290.067    -0.1274     4.6627     0.0842     0.0842     0.0225     0.0199      27008    18.7547     100.00     2.1230     1.8794         14 0.0000e+00
    823.623   76.58588 -179.70838    834.000     0.0753     0.0753  29.358749  29.357207    34.8409    34.8388    293.691    289.071    -0.1613     4.6629     0.0831     0.0831     0.0223     0.0185      27033    18.7720     100.00     2.1226     1.8745         19 0.0000e+00
    824.609   76.58588 -179.70838    835.000     0.0746     0.0748  29.358515  29.357141    34.8408    34.8387    293.795    288.863    -0.1323     4.6627     0.0820     0.0820     0.0224     0.0197      27058    18.7894     100.00     2.1229     1.8733         18 0.0000e+00
    825.594   76.58588 -179.70838    836.000     0.0691     0.0700  29.353937  29.352987    34.8403    34.8381    293.875    287.349    -0.1538     4.6629     0.0827     0.0827     0.0223     0.0188      27083    18.8069     100.00     2.1228     1.8658         18 0.0000e+00
    826.580   76.58588 -179.70838    837.000     0.0581     0.0576  29.344576  29.342495    34.8398    34.8377    294.006    289.114    -0.1430     4.6630     0.0837     0.0837     0.0222     0.0192      27107    18.8238     100.00     2.1228     1.8734         12 0.0000e+00
    827.565   76.58588 -179.70838    838.000     0.0532     0.0530  29.340470  29.338851    34.8394    34.8374    294.083    290.233    -0.1569     4.6629     0.0841     0.0841     0.0223     0.0187      27133    18.8414     100.00     2.1228     1.8783         17 0.0000e+00
    828.551   76.58588 -179.70838    839.000     0.0520     0.0520  29.339855  29.338240    34.8394    34.8373    294.036    289.833    -0.1647     4.6630     0.0834     0.0834     0.0222     0.0184      27157    18.8585     100.00     2.1223     1.8762         13 0.0000e+00
    829.536   76.58588 -179.70838    840.000     0.0515     0.0516  29.339712  29.338291    34.8392    34.8373    294.070    290.888    -0.1693     4.6629     0.0830     0.0830     0.0223     0.0182      27182    18.8760     100.00     2.1222     1.8810         14 0.0000e+00
    830.522   76.58588 -179.70838    841.000     0.0517     0.0515  29.340371  29.338605    34.8392    34.8371    294.128    290.232    -0.1380     4.6628     0.0824     0.0824     0.0224     0.0195      27207    18.8932     100.00     2.1223     1.8777         12 0.0000e+00
    831.507   76.58588 -179.70838    842.000     0.0592     0.0590  29.348018  29.346315    34.8402    34.8382    294.115    288.133    -0.1618     4.6630     0.0821     0.0821     0.0222     0.0185      27232    18.9107     100.00     2.1224     1.8680         15 0.0000e+00
    832.493   76.58588 -179.70838    843.000     0.0696     0.0701  29.358766  29.357581    34.8420    34.8399    294.070    288.572    -0.1322     4.6627     0.0831     0.0831     0.0225     0.0197      27257    18.9278     100.00     2.1225     1.8703         13 0.0000e+00
    833.479   76.58588 -179.70838    844.000     0.0780     0.0781  29.367096  29.365557    34.8430    34.8409    293.952    288.881    -0.1394     4.6625     0.0829     0.0829     0.0227     0.0194      27282    18.9451     100.00     2.1220     1.8719         12 0.0000e+00
    834.464   76.58588 -179.70839    845.000     0.0791     0.0793  29.368897  29.367302    34.8435    34.8412    294.005    288.233    -0.1739     4.6620     0.0842     0.0842     0.0231     0.0180      27308    18.9629     100.00     2.1222     1.8688         14 0.0000e+00
    835.449   76.58588 -179.70840    846.000     0.0809     0.0809  29.371140  29.369591    34.8439    34.8419    294.083    289.868    -0.1441     4.6626     0.0831     0.0831     0.0226     0.0192      27331    18.9791     100.00     2.1225     1.8763          8 0.0000e+00
    836.435   76.58588 -179.70840    847.000     0.0783     0.0780  29.369493  29.367825    34.8441    34.8422    294.209    289.784    -0.1353     4.6622     0.0830     0.0830     0.0229     0.0196      27357    18.9973     100.00     2.1228     1.8757         13 0.0000e+00
    837.421   76.58588 -179.70840    848.000     0.0703     0.0701  29.362864  29.361067    34.8438    34.8417    294.246    289.715    -0.1338     4.6626     0.0820     0.0820     0.0226     0.0196      27382    19.0146     100.00     2.1225     1.8748         11 0.0000e+00
    838.406   76.58588 -179.70840    849.000     0.0590     0.0588  29.353235  29.351574    34.8433    34.8414    294.233    288.959    -0.1338     4.6629     0.0827     0.0827     0.0223     0.0196      27407    19.0318     100.00     2.1216     1.8707         11 0.0000e+00
    839.392   76.58588 -179.70840    850.000     0.0549     0.0549  29.350049  29.348508    34.8432    34.8411    294.181    288.642    -0.1678     4.6627     0.0830     0.0830     0.0224     0.0183      27433    19.0498     100.00     2.1209     1.8688         14 0.0000e+00
    840.377   76.58588 -179.70840    851.000     0.0529     0.0530  29.348692  29.347191    34.8430    34.8409    294.131    289.026    -0.1413     4.6627     0.0830     0.0830     0.0225     0.0193      27458    19.0671     100.00     2.1203     1.8704         14 0.0000e+00
    841.363   76.58588 -179.70840    852.000     0.0486     0.0486  29.344996  29.343462    34.8425    34.8405    294.108    289.175    -0.1637     4.6624     0.0833     0.0833     0.0228     0.0184      27482    19.0842     100.00     2.1198     1.8707         11 0.0000e+00
    842.348   76.58588 -179.70840    853.000     0.0361     0.0363  29.334495  29.333065    34.8422    34.8400    294.171    289.195    -0.1595     4.6620     0.0841     0.0841     0.0231     0.0186      27507    19.1016     100.00     2.1193     1.8701         11 0.0000e+00
    843.334   76.58588 -179.70840    854.000     0.0343     0.0343  29.333145  29.331615    34.8419    34.8398    294.083    287.105    -0.1462     4.6625     0.0840     0.0840     0.0226     0.0191      27532    19.1188     100.00     2.1185     1.8601         13 0.0000e+00
    844.319   76.58588 -179.70840    855.000     0.0341     0.0341  29.333421  29.331718    34.8418    34.8397    294.067    288.275    -0.1740     4.6625     0.0842     0.0842     0.0226     0.0180      27557    19.1359     100.00     2.1182     1.8654         10 0.0000e+00
    845.305   76.58588 -179.70840    856.000     0.0340     0.0341  29.333661  29.332161    34.8417    34.8396    294.009    289.278    -0.1453     4.6628     0.0831     0.0831     0.0224     0.0192      27582    19.1533     100.00     2.1176     1.8699         11 0.0000e+00
    846.290   76.58588 -179.70840    857.000     0.0340     0.0342  29.334002  29.332552    34.8416    34.8394    294.005    289.437    -0.1584     4.6625     0.0841     0.0841     0.0227     0.0186      27607    19.1710     100.00     2.1174     1.8705         14 0.0000e+00
    847.276   76.58588 -179.70840    858.000     0.0342     0.0342  29.334493  29.332932    34.8414    34.8393    294.050    291.645    -0.1731     4.6625     0.0832     0.0832     0.0226     0.0181      27632    19.1880     100.00     2.1174     1.8806         10 0.0000e+00
    848.261   76.58588 -179.70840    859.000     0.0344     0.0346  29.335141  29.333818    34.8415    34.8395    294.073    289.659    -0.1717     4.6626     0.0837     0.0837     0.0225     0.0181      27657    19.2056     100.00     2.1173     1.8712         13 0.0000e+00
    849.247   76.58588 -179.70840    860.000     0.0356     0.0353  29.336678  29.334909    34.8416    34.8396    293.970    290.253    -0.1374     4.6623     0.0840     0.0840     0.0229     0.0195      27682    19.2231     100.00     2.1166     1.8738         13 0.0000e+00
    850.232   76.58588 -179.70840    861.000     0.0369     0.0369  29.338267  29.336698    34.8416    34.8395    293.970    290.177    -0.1724     4.6625     0.0830     0.0830     0.0227     0.0181      27707    19.2400     100.00     2.1165     1.8733         11 0.0000e+00
    851.218   76.58588 -179.70840    862.000     0.0372     0.0373  29.339050  29.337519    34.8417    34.8396    293.931    288.514    -0.1620     4.6627     0.0828     0.0828     0.0225     0.0185      27732    19.2575     100.00     2.1161     1.8654         11 0.0000e+00
    852.203   76.58588 -179.70840    863.000     0.0376     0.0375  29.339795  29.338181    34.8417    34.8396    293.912    289.567    -0.1479     4.6625     0.0838     0.0838     0.0226     0.0191      27757    19.2753     100.00     2.1158     1.8701         13 0.0000e+00
    853.189   76.58588 -179.70840    864.000     0.0376     0.0377  29.340290  29.338782    34.8417    34.8396    293.936    288.717    -0.1724     4.6627     0.0830     0.0830     0.0224     0.0181      27782    19.2925     100.00     2.1157     1.8660         13 0.0000e+00
    854.174   76.58588 -179.70842    865.000     0.0376     0.0375  29.340774  29.339039    34.8418    34.8396    293.900    289.667    -0.1702     4.6621     0.0830     0.0830     0.0231     0.0182      27807    19.3098     100.00     2.1153     1.8703         10 0.0000e+00
    855.160   76.58588 -179.70842    866.000     0.0401     0.0400  29.343494  29.341865    34.8420    34.8399    293.833    289.797    -0.1719     4.6621     0.0829     0.0829     0.0230     0.0181      27832    19.3273     100.00     2.1148     1.8708         13 0.0000e+00
    856.145   76.58588 -179.70842    867.000     0.0417     0.0416  29.345359  29.343698    34.8420    34.8400    293.806    289.449    -0.1380     4.6621     0.0819     0.0819     0.0230     0.0195      27857    19.3447     100.00     2.1145     1.8690         15 0.0000e+00
    857.130   76.58588 -179.70842    868.000     0.0423     0.0425  29.346408  29.344800    34.8422    34.8399    293.845    288.257    -0.1266     4.6625     0.0831     0.0831     0.0226     0.0199      27883    19.3623     100.00     2.1146     1.8633         14 0.0000e+00
    858.116   76.58587 -179.70842    869.000     0.0421     0.0428  29.346697  29.345618    34.8422    34.8400    293.924    289.056    -0.1696     4.6627     0.0830     0.0830     0.0225     0.0182      27907    19.3791     100.00     2.1148     1.8669         13 0.0000e+00
    859.101   76.58586 -179.70842    870.000     0.0419     0.0417  29.346826  29.345042    34.8420    34.8399    293.954    290.301    -0.1299     4.6621     0.0819     0.0819     0.0230     0.0198      27933    19.3970     100.00     2.1147     1.8725         15 0.0000e+00
    860.087   76.58586 -179.70842    871.000     0.0373     0.0387  29.342824  29.342606    34.8414    34.8395    293.962    291.329    -0.1726     4.6619     0.0828     0.0828     0.0232     0.0181      27957    19.4137     100.00     2.1143     1.8770         11 0.0000e+00
