Continuous CTD Data/SBE Stage/nabos_36_01.ros
* Sea-Bird SBE 9 Data File:
* FileName = D:\CTD\data\HLY2502\raw\NABOS_36_01.hex
* Software Version Seasave V 7.26.7.110
* Temperature SN = 6954
* Conductivity SN = 2561
* Number of Bytes Per Scan = 37
* Number of Voltage Words = 4
* Number of Scans Averaged by the Deck Unit = 1
* NMEA Latitude = 79 18.82 N
* NMEA Longitude = 132 49.52 E
* NMEA UTC (Time) = Sep 24 2025  16:01:06
* NMEA baud rate = 9600
** Ship: USCG HEALY
** Bot. Depth:  3158
** Cast Number:  01
** Station Name:  NABOS
** Station Number:  36
** Operator:  STARC
# nquan = 25
# nvalues = 1078                                  
# units = specified
# name 0 = depSM: Depth [salt water, m]
# name 1 = latitude: Latitude [deg]
# name 2 = longitude: Longitude [deg]
# name 3 = prDM: Pressure, Digiquartz [db]
# name 4 = t090C: Temperature [ITS-90, deg C]
# name 5 = t190C: Temperature, 2 [ITS-90, deg C]
# name 6 = c0mS/cm: Conductivity [mS/cm]
# name 7 = c1mS/cm: Conductivity, 2 [mS/cm]
# name 8 = sal00: Salinity, Practical [PSU]
# name 9 = sal11: Salinity, Practical, 2 [PSU]
# name 10 = sbox0Mm/Kg: Oxygen, SBE 43 [umol/kg]
# name 11 = sbox1Mm/Kg: Oxygen, SBE 43, 2 [umol/kg]
# name 12 = flECO-AFL: Fluorescence, WET Labs ECO-AFL/FL [mg/m^3]
# name 13 = v2: Voltage 2
# name 14 = wetCDOM: Fluorescence, WET Labs CDOM [mg/m^3]
# name 15 = v6: Voltage 6
# name 16 = CStarAt0: Beam Attenuation, WET Labs C-Star [1/m]
# name 17 = v3: Voltage 3
# name 18 = scan: Scan Count
# name 19 = timeM: Time, Elapsed [minutes]
# name 20 = altM: Altimeter [m]
# name 21 = sbeox0V: Oxygen raw, SBE 43 [V]
# name 22 = sbeox1V: Oxygen raw, SBE 43, 2 [V]
# name 23 = nbf: Bottles Fired
# name 24 = flag:  0.000e+00
# interval = seconds: 0.0416667
# start_time = Sep 24 2025 16:01:06 [NMEA time, header]
# bad_flag = -9.990e-29
*END*
[from data line 348]
    175.377   79.32084  132.80724    177.325     1.6032     1.6032  30.335778  30.333854    34.7783    34.7759    294.055    288.931    -0.1671     4.6276     0.0818     0.0818     0.0527     0.0183      85410    59.3118     100.00     2.3506     2.0614          8  0.000e+00
    175.435   79.32084  132.80724    177.383     1.6028     1.6030  30.335527  30.334503    34.7784    34.7769    294.060    288.932    -0.1671     4.6276     0.0818     0.0818     0.0527     0.0183      85411    59.3125     100.00     2.3506     2.0614          8  0.000e+00
    175.377   79.32084  132.80724    177.325     1.6028     1.6032  30.335590  30.334503    34.7785    34.7767    294.058    289.158    -0.1671     4.6276     0.0818     0.0818     0.0527     0.0183      85412    59.3132     100.00     2.3506     2.0626          8  0.000e+00
    175.385   79.32084  132.80724    177.333     1.6026     1.6033  30.335276  30.334444    34.7783    34.7764    294.060    289.158    -0.1671     4.6276     0.0818     0.0818     0.0527     0.0183      85413    59.3139     100.00     2.3506     2.0626          8  0.000e+00
    175.435   79.32084  132.80724    177.383     1.6026     1.6035  30.335214  30.334444    34.7782    34.7762    294.062    288.701    -0.1671     4.6276     0.0818     0.0818     0.0527     0.0183      85414    59.3146     100.00     2.3506     2.0602          8  0.000e+00
    175.377   79.32084  132.80724    177.325     1.6021     1.6033  30.335214  30.334208    34.7788    34.7761    294.063    288.471    -0.1671     4.6276     0.0818     0.0818     0.0527     0.0183      85415    59.3153     100.00     2.3506     2.0589          8  0.000e+00
    175.435   79.32084  132.80724    177.383     1.6023     1.6035  30.335088  30.334326    34.7784    34.7761    294.064    288.472    -0.1366     4.6276     0.0818     0.0818     0.0527     0.0195      85416    59.3160     100.00     2.3506     2.0589          8  0.000e+00
    175.377   79.32084  132.80724    177.325     1.6025     1.6031  30.335590  30.334208    34.7788    34.7764    294.059    288.472    -0.1671     4.6276     0.0818     0.0818     0.0527     0.0183      85417    59.3167     100.00     2.3506     2.0589          8  0.000e+00
    175.385   79.32084  132.80724    177.333     1.6026     1.6032  30.335778  30.334149    34.7789    34.7763    294.058    288.472    -0.1671     4.6276     0.0818     0.0818     0.0527     0.0183      85418    59.3174     100.00     2.3506     2.0589          8  0.000e+00
    175.435   79.32084  132.80724    177.383     1.6030     1.6032  30.335966  30.334149    34.7787    34.7762    294.057    288.474    -0.1671     4.6276     0.0818     0.0818     0.0527     0.0183      85419    59.3181     100.00     2.3506     2.0589          8  0.000e+00
    175.377   79.32084  132.80724    177.325     1.6032     1.6030  30.336217  30.334149    34.7789    34.7765    294.053    288.702    -0.1671     4.6276     0.0818     0.0818     0.0527     0.0183      85420    59.3188     100.00     2.3506     2.0602          8  0.000e+00
    175.377   79.32084  132.80724    177.325     1.6032     1.6029  30.335966  30.334149    34.7785    34.7766    294.248    288.703    -0.1671     4.6276     0.0818     0.0818     0.0527     0.0183      85421    59.3194     100.00     2.3518     2.0602          8  0.000e+00
    175.435   79.32084  132.80724    177.383     1.6033     1.6029  30.336217  30.333913    34.7787    34.7762    294.055    288.705    -0.1671     4.6276     0.0818     0.0818     0.0527     0.0183      85422    59.3201     100.00     2.3506     2.0602          8  0.000e+00
    175.377   79.32084  132.80724    177.325     1.6035     1.6030  30.336531  30.333854    34.7789    34.7761    294.051    288.703    -0.1366     4.6276     0.0818     0.0818     0.0527     0.0195      85423    59.3208     100.00     2.3506     2.0602          8  0.000e+00
    175.385   79.32084  132.80724    177.333     1.6038     1.6027  30.336405  30.334031    34.7784    34.7766    294.049    288.704    -0.1671     4.6276     0.0818     0.0818     0.0527     0.0183      85424    59.3215     100.00     2.3506     2.0602          8  0.000e+00
    175.435   79.32084  132.80724    177.383     1.6040     1.6024  30.336656  30.333913    34.7785    34.7768    294.050    288.708    -0.1671     4.6288     0.0818     0.0818     0.0517     0.0183      85425    59.3222     100.00     2.3506     2.0602          8  0.000e+00
    175.320   79.32084  132.80724    177.267     1.6038     1.6025  30.336593  30.333441    34.7787    34.7761    294.240    288.704    -0.1671     4.6276     0.0818     0.0818     0.0527     0.0183      85426    59.3229     100.00     2.3518     2.0602          8  0.000e+00
    175.377   79.32084  132.80724    177.325     1.6035     1.6022  30.336405  30.333677    34.7787    34.7767    294.051    288.707    -0.1366     4.6276     0.0818     0.0818     0.0527     0.0195      85427    59.3236     100.00     2.3506     2.0602          8  0.000e+00
    175.435   79.32084  132.80724    177.383     1.6028     1.6021  30.335465  30.333441    34.7783    34.7765    294.060    288.711    -0.1366     4.6276     0.0818     0.0818     0.0527     0.0195      85428    59.3243     100.00     2.3506     2.0602          8  0.000e+00
    175.320   79.32084  132.80724    177.267     1.6028     1.6022  30.335088  30.333913    34.7779    34.7770    294.057    288.933    -0.1366     4.6276     0.0818     0.0818     0.0527     0.0195      85429    59.3250     100.00     2.3506     2.0614          8  0.000e+00
    175.377   79.32084  132.80724    177.325     1.6022     1.6029  30.334900  30.333913    34.7783    34.7763    294.256    288.932    -0.1366     4.6276     0.0818     0.0818     0.0527     0.0195      85430    59.3257     100.00     2.3518     2.0614          8  0.000e+00
    175.377   79.32084  132.80724    177.325     1.6018     1.6027  30.334461  30.334031    34.7782    34.7766    294.260    289.162    -0.1061     4.6288     0.0818     0.0818     0.0517     0.0208      85431    59.3264     100.00     2.3518     2.0626          8  0.000e+00
    175.377   79.32084  132.80724    177.325     1.6021     1.6029  30.334712  30.334385    34.7781    34.7769    294.064    288.931    -0.1061     4.6276     0.0818     0.0818     0.0527     0.0208      85432    59.3271     100.00     2.3506     2.0614          8  0.000e+00
    175.377   79.32084  132.80724    177.325     1.6020     1.6032  30.335088  30.334680    34.7788    34.7769    294.063    288.699    -0.1366     4.6276     0.0818     0.0818     0.0527     0.0195      85433    59.3278     100.00     2.3506     2.0602          8  0.000e+00
    175.385   79.32084  132.80724    177.333     1.6022     1.6035  30.335527  30.334503    34.7791    34.7763    294.061    288.469    -0.1061     4.6276     0.0818     0.0818     0.0527     0.0208      85434    59.3285     100.00     2.3506     2.0589          8  0.000e+00
    175.377   79.32084  132.80724    177.325     1.6023     1.6035  30.335276  30.334444    34.7787    34.7763    294.255    288.240    -0.1366     4.6276     0.0818     0.0818     0.0527     0.0195      85435    59.3292     100.00     2.3518     2.0577          8  0.000e+00
    175.377   79.32084  132.80724    177.325     1.6023     1.6036  30.335213  30.334857    34.7786    34.7767    294.255    288.238    -0.1061     4.6276     0.0818     0.0818     0.0527     0.0208      85436    59.3299     100.00     2.3518     2.0577          8  0.000e+00
    175.319   79.32084  132.80724    177.266     1.6023     1.6036  30.334962  30.334798    34.7783    34.7766    294.253    288.007    -0.1366     4.6276     0.0818     0.0818     0.0527     0.0195      85437    59.3306     100.00     2.3518     2.0565          8  0.000e+00
    175.434   79.32084  132.80724    177.383     1.6023     1.6030  30.335025  30.334031    34.7783    34.7763    294.258    288.017    -0.1366     4.6276     0.0818     0.0818     0.0527     0.0195      85438    59.3312     100.00     2.3518     2.0565          8  0.000e+00
    175.319   79.32084  132.80724    177.266     1.6025     1.6029  30.335339  30.333854    34.7785    34.7762    294.444    288.014    -0.1366     4.6276     0.0818     0.0818     0.0527     0.0195      85439    59.3319     100.00     2.3531     2.0565          8  0.000e+00
    175.377   79.32084  132.80724    177.325     1.6024     1.6027  30.335276  30.333677    34.7785    34.7762    294.254    288.247    -0.1366     4.6276     0.0818     0.0818     0.0527     0.0195      85440    59.3326     100.00     2.3518     2.0577          8  0.000e+00
    175.319   79.32084  132.80724    177.266     1.6024     1.6024  30.335213  30.333618    34.7784    34.7764    294.251    288.246    -0.1366     4.6276     0.0818     0.0818     0.0527     0.0195      85441    59.3333     100.00     2.3518     2.0577          8  0.000e+00
    175.377   79.32084  132.80724    177.325     1.6026     1.6024  30.335276  30.333618    34.7783    34.7764    294.253    288.477    -0.1366     4.6276     0.0818     0.0818     0.0527     0.0195      85442    59.3340     100.00     2.3518     2.0589          8  0.000e+00
    175.319   79.32084  132.80724    177.266     1.6026     1.6022  30.335213  30.333618    34.7782    34.7766    294.250    288.705    -0.1366     4.6276     0.0818     0.0818     0.0527     0.0195      85443    59.3347     100.00     2.3518     2.0602          8  0.000e+00
    175.385   79.32084  132.80724    177.333     1.6026     1.6024  30.335402  30.333618    34.7785    34.7764    294.446    288.707    -0.1366     4.6276     0.0818     0.0818     0.0527     0.0195      85444    59.3354     100.00     2.3531     2.0602          8  0.000e+00
    175.377   79.32084  132.80724    177.325     1.6026     1.6025  30.335276  30.333795    34.7783    34.7765    294.252    288.705    -0.1366     4.6276     0.0818     0.0818     0.0527     0.0195      85445    59.3361     100.00     2.3518     2.0602          8  0.000e+00
    175.319   79.32084  132.80724    177.266     1.6026     1.6027  30.335401  30.333854    34.7785    34.7764    294.250    288.931    -0.1366     4.6276     0.0818     0.0818     0.0527     0.0195      85446    59.3368     100.00     2.3518     2.0614          8  0.000e+00
    175.377   79.32084  132.80724    177.325     1.6030     1.6025  30.335590  30.333854    34.7783    34.7766    294.249    289.392    -0.1366     4.6276     0.0818     0.0818     0.0527     0.0195      85447    59.3375     100.00     2.3518     2.0638          8  0.000e+00
    175.319   79.32084  132.80724    177.266     1.6029     1.6029  30.335715  30.334031    34.7786    34.7765    294.247    289.387    -0.1366     4.6276     0.0818     0.0818     0.0527     0.0195      85448    59.3382     100.00     2.3518     2.0638          8  0.000e+00
    175.319   79.32084  132.80724    177.266     1.6032     1.6029  30.335778  30.333913    34.7783    34.7763    294.439    289.158    -0.1366     4.6276     0.0818     0.0818     0.0527     0.0195      85449    59.3389     100.00     2.3531     2.0626          8  0.000e+00
    175.377   79.32084  132.80724    177.325     1.6032     1.6030  30.335966  30.334267    34.7785    34.7766    294.247    289.159    -0.1671     4.6276     0.0818     0.0818     0.0527     0.0183      85450    59.3396     100.00     2.3518     2.0626          8  0.000e+00
    175.319   79.32084  132.80724    177.266     1.6034     1.6029  30.336342  30.333972    34.7788    34.7764    294.436    288.929    -0.1671     4.6276     0.0818     0.0818     0.0527     0.0183      85451    59.3403     100.00     2.3531     2.0614          8  0.000e+00
    175.319   79.32084  132.80724    177.266     1.6037     1.6029  30.336531  30.333854    34.7788    34.7762    294.240    288.701    -0.1366     4.6276     0.0818     0.0818     0.0527     0.0195      85452    59.3410     100.00     2.3518     2.0602          8  0.000e+00
    175.377   79.32084  132.80724    177.325     1.6037     1.6029  30.336782  30.334090    34.7790    34.7765    294.242    288.702    -0.1671     4.6276     0.0818     0.0818     0.0527     0.0183      85453    59.3417     100.00     2.3518     2.0602          8  0.000e+00
    150.373   79.32114  132.80684    152.034     1.1414     1.1354  29.848659  29.841529    34.6827    34.6803    297.668    292.409    -0.1671     4.6252     0.0830     0.0830     0.0548     0.0183      88494    61.4535     100.00     2.3539     2.0635          9  0.000e+00
    150.422   79.32114  132.80684    152.083     1.1414     1.1360  29.848971  29.842292    34.6831    34.6806    297.864    292.405    -0.1671     4.6252     0.0830     0.0830     0.0548     0.0183      88495    61.4542     100.00     2.3551     2.0635          9  0.000e+00
    150.356   79.32114  132.80684    152.017     1.1414     1.1363  29.848908  29.842702    34.6831    34.6807    297.666    292.167    -0.1976     4.6252     0.0830     0.0830     0.0548     0.0171      88496    61.4549     100.00     2.3539     2.0623          9  0.000e+00
    150.299   79.32114  132.80684    151.959     1.1414     1.1367  29.848659  29.842408    34.6828    34.6800    297.860    292.164    -0.1671     4.6252     0.0830     0.0830     0.0548     0.0183      88497    61.4556     100.00     2.3551     2.0623          9  0.000e+00
    150.430   79.32114  132.80684    152.092     1.1414     1.1369  29.848784  29.842878    34.6828    34.6803    297.865    292.167    -0.1976     4.6252     0.0830     0.0830     0.0548     0.0171      88498    61.4562     100.00     2.3551     2.0623          9  0.000e+00
    150.422   79.32114  132.80684    152.083     1.1411     1.1369  29.848659  29.843464    34.6831    34.6811    297.867    292.164    -0.1671     4.6252     0.0830     0.0830     0.0548     0.0183      88499    61.4569     100.00     2.3551     2.0623          9  0.000e+00
    150.299   79.32114  132.80684    151.959     1.1413     1.1376  29.848597  29.844461    34.6829    34.6816    297.666    292.153    -0.1366     4.6252     0.0830     0.0830     0.0548     0.0195      88500    61.4576     100.00     2.3539     2.0623          9  0.000e+00
    150.430   79.32114  132.80684    152.092     1.1410     1.1383  29.848971  29.845341    34.6836    34.6819    297.672    292.151    -0.1061     4.6252     0.0830     0.0830     0.0548     0.0208      88501    61.4583     100.00     2.3539     2.0623          9  0.000e+00
    150.356   79.32114  132.80684    152.017     1.1411     1.1394  29.848534  29.846220    34.6829    34.6819    297.865    292.371    -0.1366     4.6252     0.0830     0.0830     0.0548     0.0195      88502    61.4590     100.00     2.3551     2.0635          9  0.000e+00
    150.356   79.32114  132.80684    152.017     1.1410     1.1395  29.848534  29.846220    34.6830    34.6818    297.670    292.370    -0.1366     4.6252     0.0830     0.0830     0.0548     0.0195      88503    61.4597     100.00     2.3539     2.0635          9  0.000e+00
    150.430   79.32114  132.80684    152.092     1.1408     1.1398  29.848410  29.846338    34.6831    34.6815    297.870    292.602    -0.1366     4.6252     0.0830     0.0830     0.0548     0.0195      88504    61.4604     100.00     2.3551     2.0647          9  0.000e+00
    150.356   79.32114  132.80684    152.017     1.1408     1.1403  29.848098  29.846455    34.6827    34.6812    297.868    292.828    -0.1366     4.6252     0.0830     0.0830     0.0548     0.0195      88505    61.4611     100.00     2.3551     2.0660          9  0.000e+00
    150.422   79.32114  132.80684    152.083     1.1410     1.1403  29.848472  29.846807    34.6829    34.6816    297.868    292.598    -0.1366     4.6252     0.0830     0.0830     0.0548     0.0195      88506    61.4618     100.00     2.3551     2.0647          9  0.000e+00
