Continuous CTD Data/SBE Stage/nabos_23_01avg.cnv
* Sea-Bird SBE 9 Data File:
* FileName = D:\CTD\data\HLY2502\raw\NABOS_23_01.hex
* Software Version Seasave V 7.26.7.110
* Temperature SN = 6954
* Conductivity SN = 2561
* Number of Bytes Per Scan = 37
* Number of Voltage Words = 4
* Number of Scans Averaged by the Deck Unit = 1
* NMEA Latitude = 79 43.17 N
* NMEA Longitude = 169 12.20 E
* NMEA UTC (Time) = Sep 19 2025  18:25:30
* NMEA baud rate = 9600
** Ship: USCG HEALY
** Bot. Depth:  1200
** Cast Number:  01
** Station Name:  NABOS
** Station Number:  23
** Operator:  STARC
# nquan = 25
# nvalues = 1214                        
# units = specified
# name 0 = depSM: Depth [salt water, m]
# name 1 = latitude: Latitude [deg]
# name 2 = longitude: Longitude [deg]
# name 3 = prDM: Pressure, Digiquartz [db]
# name 4 = t090C: Temperature [ITS-90, deg C]
# name 5 = t190C: Temperature, 2 [ITS-90, deg C]
# name 6 = c0mS/cm: Conductivity [mS/cm]
# name 7 = c1mS/cm: Conductivity, 2 [mS/cm]
# name 8 = sal00: Salinity, Practical [PSU]
# name 9 = sal11: Salinity, Practical, 2 [PSU]
# name 10 = sbox0Mm/Kg: Oxygen, SBE 43 [umol/kg]
# name 11 = sbox1Mm/Kg: Oxygen, SBE 43, 2 [umol/kg]
# name 12 = flECO-AFL: Fluorescence, WET Labs ECO-AFL/FL [mg/m^3]
# name 13 = v2: Voltage 2
# name 14 = wetCDOM: Fluorescence, WET Labs CDOM [mg/m^3]
# name 15 = v6: Voltage 6
# name 16 = CStarAt0: Beam Attenuation, WET Labs C-Star [1/m]
# name 17 = v3: Voltage 3
# name 18 = scan: Scan Count
# name 19 = timeM: Time, Elapsed [minutes]
# name 20 = altM: Altimeter [m]
# name 21 = sbeox0V: Oxygen raw, SBE 43 [V]
# name 22 = sbeox1V: Oxygen raw, SBE 43, 2 [V]
# name 23 = nbin: number of scans per bin
# name 24 = flag: flag
# span 0 =      3.958,   1200.621       
# span 1 =   79.71950,   79.72041       
# span 2 =  169.19442,  169.20283       
# span 3 =      4.000,   1217.000       
# span 4 =    -1.6869,     0.9101       
# span 5 =    -1.6866,     0.9101       
# span 6 =  24.698058,  29.807426       
# span 7 =  24.697016,  29.805545       
# span 8 =    30.9633,    34.8877       
# span 9 =    30.9614,    34.8853       
# span 10 =    290.626,    369.718      
# span 11 =    267.538,    364.744      
# span 12 =    -0.1814,     0.4651      
# span 13 =     4.4896,     4.6386      
# span 14 =     0.0796,     0.1123      
# span 15 =     0.0796,     0.1123      
# span 16 =     0.0432,     0.1739      
# span 17 =     0.0177,     0.0436      
# span 18 =       2354,      36914      
# span 19 =     1.6341,    25.6339      
# span 20 =      74.40,     100.33      
# span 21 =     2.0186,     2.6001      
# span 22 =     1.7301,     2.2773      
# span 23 =          8,         28      
# span 24 = 0.0000e+00, 0.0000e+00      
# interval = decibars: 1                
# start_time = Sep 19 2025 18:25:30 [NMEA time, header]
# bad_flag = -9.990e-29
*END*
[from data line 812]
    805.788   79.72006  169.19742    816.000    -0.0340    -0.0340  29.252553  29.250629    34.8348    34.8323    294.780    290.672    -0.1721     4.6368     0.0835     0.0835     0.0447     0.0181      25368    17.6161     100.00     2.1271     1.8808         18 0.0000e+00
    806.773   79.72006  169.19742    817.000    -0.0339    -0.0339  29.253117  29.251191    34.8348    34.8323    294.744    290.607    -0.1405     4.6366     0.0846     0.0846     0.0449     0.0193      25393    17.6334     100.00     2.1267     1.8803         15 0.0000e+00
    807.759   79.72006  169.19741    818.000    -0.0341    -0.0341  29.253311  29.251430    34.8347    34.8322    294.724    294.139    -0.1586     4.6365     0.0834     0.0834     0.0450     0.0186      25418    17.6510     100.00     2.1264     1.8966         18 0.0000e+00
    808.744   79.72006  169.19740    819.000    -0.0340    -0.0340  29.253857  29.251921    34.8348    34.8322    294.683    289.752    -0.1301     4.6361     0.0822     0.0822     0.0453     0.0198      25444    17.6684     100.00     2.1259     1.8759         17 0.0000e+00
    809.730   79.72006  169.19740    820.000    -0.0338    -0.0338  29.254341  29.252487    34.8346    34.8321    294.628    290.401    -0.1527     4.6367     0.0831     0.0831     0.0449     0.0189      25468    17.6856     100.00     2.1254     1.8788         14 0.0000e+00
    810.716   79.72006  169.19738    821.000    -0.0335    -0.0335  29.255110  29.253210    34.8347    34.8322    294.645    290.310    -0.1545     4.6368     0.0843     0.0843     0.0448     0.0188      25494    17.7034     100.00     2.1253     1.8782         17 0.0000e+00
    811.701   79.72006  169.19738    822.000    -0.0338    -0.0336  29.255338  29.253439    34.8347    34.8321    294.621    290.084    -0.1347     4.6370     0.0838     0.0838     0.0446     0.0196      25519    17.7206     100.00     2.1250     1.8770         17 0.0000e+00
    812.686   79.72006  169.19738    823.000    -0.0408    -0.0404  29.249273  29.247913    34.8341    34.8318    294.602    290.218    -0.1346     4.6367     0.0832     0.0832     0.0448     0.0196      25544    17.7379     100.00     2.1243     1.8771         15 0.0000e+00
    813.672   79.72006  169.19736    824.000    -0.0516    -0.0516  29.240373  29.238548    34.8339    34.8315    294.626    289.748    -0.1641     4.6364     0.0827     0.0827     0.0451     0.0184      25569    17.7556     100.00     2.1237     1.8743         19 0.0000e+00
    814.658   79.72006  169.19736    825.000    -0.0528    -0.0528  29.239710  29.237913    34.8338    34.8314    294.611    286.194    -0.1411     4.6368     0.0833     0.0833     0.0448     0.0193      25594    17.7729     100.00     2.1234     1.8574         17 0.0000e+00
    815.643   79.72006  169.19736    826.000    -0.0527    -0.0528  29.240167  29.238300    34.8338    34.8313    294.722    298.176    -0.1348     4.6368     0.0832     0.0832     0.0447     0.0196      25619    17.7903     100.00     2.1237     1.9133         16 0.0000e+00
    816.629   79.72006  169.19734    827.000    -0.0530    -0.0530  29.240401  29.238469    34.8338    34.8312    294.769    293.468    -0.1398     4.6364     0.0835     0.0835     0.0451     0.0194      25644    17.8078     100.00     2.1238     1.8911         18 0.0000e+00
    817.614   79.72006  169.19734    828.000    -0.0529    -0.0530  29.240825  29.238900    34.8337    34.8312    294.822    288.506    -0.1590     4.6368     0.0843     0.0843     0.0448     0.0186      25670    17.8254     100.00     2.1238     1.8677         18 0.0000e+00
    818.600   79.72006  169.19734    829.000    -0.0530    -0.0531  29.241209  29.239147    34.8337    34.8311    294.819    286.870    -0.1368     4.6362     0.0846     0.0846     0.0452     0.0195      25695    17.8428     100.00     2.1236     1.8599         20 0.0000e+00
    819.585   79.72006  169.19732    830.000    -0.0540    -0.0539  29.240639  29.238863    34.8335    34.8311    294.885    290.159    -0.1496     4.6363     0.0825     0.0825     0.0451     0.0190      25719    17.8598     100.00     2.1237     1.8751         17 0.0000e+00
    820.571   79.72006  169.19732    831.000    -0.0551    -0.0554  29.240019  29.238072    34.8334    34.8311    294.794    291.380    -0.1501     4.6362     0.0849     0.0849     0.0452     0.0190      25741    17.8748     100.00     2.1229     1.8805         18 0.0000e+00
    821.556   79.72006  169.19732    832.000    -0.0574    -0.0574  29.238468  29.236702    34.8334    34.8309    294.837    289.625    -0.1474     4.6362     0.0850     0.0850     0.0452     0.0191      25762    17.8895     100.00     2.1229     1.8721         17 0.0000e+00
    822.542   79.72006  169.19732    833.000    -0.0578    -0.0576  29.238963  29.237217    34.8339    34.8313    294.866    293.221    -0.1703     4.6362     0.0843     0.0843     0.0452     0.0182      25785    17.9056     100.00     2.1228     1.8887         17 0.0000e+00
    823.527   79.72006  169.19730    834.000    -0.0337    -0.0327  29.265204  29.264090    34.8406    34.8381    294.701    300.604    -0.1509     4.6362     0.0842     0.0842     0.0452     0.0189      25810    17.9231     100.00     2.1229     1.9241         19 0.0000e+00
    824.513   79.72006  169.19730    835.000    -0.0181    -0.0181  29.282182  29.280171    34.8448    34.8422    294.682    289.509    -0.1592     4.6363     0.0835     0.0835     0.0452     0.0186      25836    17.9409     100.00     2.1234     1.8727         15 0.0000e+00
    825.498   79.72006  169.19730    836.000    -0.0178    -0.0179  29.282881  29.280990    34.8449    34.8424    294.729    283.761    -0.1445     4.6368     0.0843     0.0843     0.0448     0.0192      25861    17.9584     100.00     2.1235     1.8456         17 0.0000e+00
    826.483   79.72006  169.19728    837.000    -0.0177    -0.0177  29.283544  29.281684    34.8450    34.8425    294.629    290.431    -0.1681     4.6366     0.0834     0.0834     0.0449     0.0183      25886    17.9760     100.00     2.1227     1.8766         17 0.0000e+00
    827.469   79.72006  169.19728    838.000    -0.0177    -0.0176  29.284041  29.282203    34.8451    34.8426    294.460    290.214    -0.1372     4.6363     0.0835     0.0835     0.0452     0.0195      25912    17.9935     100.00     2.1215     1.8754         15 0.0000e+00
    828.455   79.72006  169.19728    839.000    -0.0176    -0.0176  29.284665  29.282670    34.8452    34.8427    294.323    290.381    -0.1346     4.6363     0.0855     0.0855     0.0452     0.0196      25937    18.0112     100.00     2.1206     1.8761         16 0.0000e+00
    829.440   79.72006  169.19727    840.000    -0.0177    -0.0176  29.285034  29.283224    34.8452    34.8428    294.248    293.203    -0.1425     4.6366     0.0836     0.0836     0.0449     0.0193      25963    18.0289     100.00     2.1200     1.8891         20 0.0000e+00
    830.425   79.72006  169.19726    841.000    -0.0210    -0.0209  29.282408  29.280577    34.8449    34.8425    294.184    287.707    -0.1617     4.6370     0.0842     0.0842     0.0446     0.0185      25988    18.0463     100.00     2.1192     1.8631         15 0.0000e+00
    831.411   79.72007  169.19726    842.000    -0.0216    -0.0216  29.282380  29.280454    34.8450    34.8425    294.026    289.612    -0.1336     4.6370     0.0852     0.0852     0.0446     0.0196      26013    18.0639     100.00     2.1181     1.8718         17 0.0000e+00
    832.396   79.72008  169.19725    843.000    -0.0216    -0.0216  29.282818  29.281054    34.8450    34.8427    293.852    289.914    -0.1367     4.6368     0.0839     0.0839     0.0448     0.0195      26038    18.0814     100.00     2.1169     1.8730         15 0.0000e+00
    833.382   79.72008  169.19724    844.000    -0.0213    -0.0214  29.283630  29.281679    34.8452    34.8427    293.641    289.753    -0.1318     4.6360     0.0835     0.0835     0.0455     0.0197      26064    18.0991     100.00     2.1155     1.8721         14 0.0000e+00
    834.367   79.72008  169.19724    845.000    -0.0215    -0.0215  29.283885  29.281955    34.8451    34.8425    293.683    290.041    -0.1347     4.6369     0.0845     0.0845     0.0447     0.0196      26089    18.1167     100.00     2.1156     1.8732         16 0.0000e+00
    835.352   79.72008  169.19723    846.000    -0.0214    -0.0213  29.284369  29.282613    34.8451    34.8427    293.713    288.611    -0.1343     4.6368     0.0844     0.0844     0.0448     0.0196      26114    18.1340     100.00     2.1155     1.8664         13 0.0000e+00
    836.338   79.72008  169.19722    847.000    -0.0213    -0.0215  29.284897  29.282766    34.8451    34.8425    293.800    289.445    -0.1764     4.6369     0.0839     0.0839     0.0447     0.0179      26140    18.1518     100.00     2.1158     1.8701         17 0.0000e+00
    837.323   79.72008  169.19722    848.000    -0.0215    -0.0214  29.285168  29.283301    34.8451    34.8426    293.803    289.136    -0.1709     4.6370     0.0826     0.0826     0.0446     0.0182      26165    18.1695     100.00     2.1156     1.8685         16 0.0000e+00
    838.309   79.72008  169.19722    849.000    -0.0211    -0.0212  29.285836  29.284060    34.8450    34.8428    293.765    290.746    -0.1519     4.6369     0.0844     0.0844     0.0447     0.0189      26190    18.1869     100.00     2.1152     1.8758         14 0.0000e+00
    839.294   79.72008  169.19720    850.000    -0.0211    -0.0211  29.286359  29.284415    34.8450    34.8425    293.757    291.104    -0.1688     4.6368     0.0835     0.0835     0.0448     0.0182      26216    18.2045     100.00     2.1149     1.8773         14 0.0000e+00
    840.280   79.72008  169.19720    851.000    -0.0333    -0.0331  29.275720  29.274120    34.8443    34.8419    293.793    289.270    -0.1736     4.6368     0.0842     0.0842     0.0448     0.0180      26241    18.2222     100.00     2.1143     1.8681         14 0.0000e+00
    841.265   79.72008  169.19720    852.000    -0.0374    -0.0373  29.272869  29.271075    34.8445    34.8421    293.654    289.325    -0.1504     4.6359     0.0833     0.0833     0.0455     0.0190      26266    18.2398     100.00     2.1131     1.8680         15 0.0000e+00
    842.251   79.72008  169.19718    853.000    -0.0370    -0.0370  29.273436  29.271551    34.8442    34.8418    293.614    290.366    -0.1648     4.6368     0.0853     0.0853     0.0448     0.0184      26291    18.2572     100.00     2.1127     1.8727         13 0.0000e+00
    843.235   79.72008  169.19718    854.000    -0.0369    -0.0369  29.274077  29.272124    34.8443    34.8418    293.687    290.942    -0.1372     4.6365     0.0835     0.0835     0.0450     0.0195      26317    18.2748     100.00     2.1129     1.8752         14 0.0000e+00
    844.221   79.72008  169.19718    855.000    -0.0370    -0.0370  29.274317  29.272317    34.8442    34.8416    293.794    294.918    -0.1432     4.6363     0.0832     0.0832     0.0452     0.0192      26342    18.2925     100.00     2.1133     1.8936         14 0.0000e+00
    845.206   79.72008  169.19716    856.000    -0.0369    -0.0369  29.274738  29.272908    34.8441    34.8417    293.901    295.249    -0.1624     4.6373     0.0840     0.0840     0.0444     0.0185      26368    18.3101     100.00     2.1137     1.8949         15 0.0000e+00
    846.192   79.72008  169.19716    857.000    -0.0379    -0.0376  29.274187  29.272700    34.8439    34.8416    293.954    290.089    -0.1375     4.6373     0.0844     0.0844     0.0444     0.0195      26393    18.3275     100.00     2.1137     1.8707         13 0.0000e+00
    847.177   79.72008  169.19716    858.000    -0.0504    -0.0504  29.263635  29.261714    34.8435    34.8410    294.002    292.810    -0.1324     4.6369     0.0838     0.0838     0.0447     0.0197      26418    18.3453     100.00     2.1131     1.8826         14 0.0000e+00
    848.162   79.72008  169.19715    859.000    -0.0537    -0.0537  29.261164  29.259295    34.8434    34.8410    294.052    291.069    -0.1364     4.6372     0.0828     0.0828     0.0445     0.0195      26443    18.3628     100.00     2.1131     1.8742         13 0.0000e+00
    849.148   79.72008  169.19714    860.000    -0.0538    -0.0538  29.261383  29.259577    34.8433    34.8408    294.110    289.963    -0.1366     4.6373     0.0831     0.0831     0.0444     0.0195      26469    18.3802     100.00     2.1132     1.8689         13 0.0000e+00
    850.133   79.72008  169.19714    861.000    -0.0540    -0.0539  29.261674  29.259905    34.8433    34.8408    294.106    290.546    -0.1346     4.6371     0.0840     0.0840     0.0446     0.0196      26494    18.3980     100.00     2.1129     1.8714         15 0.0000e+00
    851.118   79.72008  169.19713    862.000    -0.0540    -0.0538  29.262021  29.260255    34.8431    34.8407    293.956    285.110    -0.1296     4.6372     0.0828     0.0828     0.0444     0.0198      26519    18.4156     100.00     2.1118     1.8459         17 0.0000e+00
    852.104   79.72008  169.19712    863.000    -0.0538    -0.0538  29.262551  29.260705    34.8430    34.8406    293.903    269.384    -0.1795     4.6362     0.0823     0.0823     0.0452     0.0178      26545    18.4331     100.00     2.1113     1.7726         13 0.0000e+00
    853.089   79.72008  169.19712    864.000    -0.0539    -0.0540  29.262879  29.261061    34.8430    34.8407    293.880    298.469    -0.1689     4.6367     0.0833     0.0833     0.0448     0.0182      26570    18.4508     100.00     2.1110     1.9077         15 0.0000e+00
    854.074   79.72008  169.19711    865.000    -0.0539    -0.0540  29.263389  29.261411    34.8431    34.8406    293.878    292.181    -0.1429     4.6368     0.0833     0.0833     0.0448     0.0193      26595    18.4683     100.00     2.1108     1.8783         14 0.0000e+00
    855.060   79.72008  169.19710    866.000    -0.0541    -0.0541  29.263485  29.261758    34.8429    34.8406    293.804    290.553    -0.1591     4.6371     0.0830     0.0830     0.0445     0.0186      26621    18.4861     100.00     2.1101     1.8706         17 0.0000e+00
    856.045   79.72008  169.19710    867.000    -0.0539    -0.0538  29.264126  29.262518    34.8430    34.8407    293.795    299.628    -0.1473     4.6368     0.0833     0.0833     0.0448     0.0191      26646    18.5036     100.00     2.1099     1.9126         19 0.0000e+00
    857.031   79.72008  169.19708    868.000    -0.0540    -0.0545  29.264456  29.262200    34.8430    34.8404    293.807    287.552    -0.1736     4.6365     0.0843     0.0843     0.0450     0.0180      26671    18.5211     100.00     2.1097     1.8562         18 0.0000e+00
    858.016   79.72008  169.19708    869.000    -0.0678    -0.0681  29.252633  29.250563    34.8423    34.8399    293.879    278.991    -0.1472     4.6363     0.0847     0.0847     0.0452     0.0191      26697    18.5387     100.00     2.1093     1.8157         17 0.0000e+00
    859.001   79.72010  169.19708    870.000    -0.0712    -0.0712  29.250202  29.248372    34.8423    34.8400    293.842    288.003    -0.1325     4.6352     0.0839     0.0839     0.0461     0.0197      26722    18.5560     100.00     2.1087     1.8573         13 0.0000e+00
    859.986   79.72010  169.19708    871.000    -0.0713    -0.0712  29.250549  29.248592    34.8423    34.8397    293.791    291.027    -0.1698     4.6367     0.0833     0.0833     0.0448     0.0182      26747    18.5738     100.00     2.1082     1.8712         15 0.0000e+00
    860.972   79.72010  169.19706    872.000    -0.0712    -0.0713  29.250780  29.249025    34.8420    34.8397    293.822    285.009    -0.1383     4.6362     0.0832     0.0832     0.0452     0.0194      26773    18.5915     100.00     2.1081     1.8430         21 0.0000e+00
