Continuous CTD Data/SBE Stage/nabos_06_01.ros
* Sea-Bird SBE 9 Data File:
* FileName = D:\CTD\data\HLY2502\raw\NABOS_06_01.hex
* Software Version Seasave V 7.26.7.110
* Temperature SN = 6954
* Conductivity SN = 2561
* Number of Bytes Per Scan = 37
* Number of Voltage Words = 4
* Number of Scans Averaged by the Deck Unit = 1
* NMEA Latitude = 75 26.04 N
* NMEA Longitude = 173 41.44 E
* NMEA UTC (Time) = Sep 12 2025  12:20:28
* NMEA baud rate = 9600
** Ship: USCG HEALY
** Bot. Depth:  204
** Cast Number:  01
** Station Name:  NABOS
** Station Number:  06
** Operator:  STARC
# nquan = 25
# nvalues = 980                                   
# units = specified
# name 0 = depSM: Depth [salt water, m]
# name 1 = latitude: Latitude [deg]
# name 2 = longitude: Longitude [deg]
# name 3 = prDM: Pressure, Digiquartz [db]
# name 4 = t090C: Temperature [ITS-90, deg C]
# name 5 = t190C: Temperature, 2 [ITS-90, deg C]
# name 6 = c0mS/cm: Conductivity [mS/cm]
# name 7 = c1mS/cm: Conductivity, 2 [mS/cm]
# name 8 = sal00: Salinity, Practical [PSU]
# name 9 = sal11: Salinity, Practical, 2 [PSU]
# name 10 = sbox0Mm/Kg: Oxygen, SBE 43 [umol/kg]
# name 11 = sbox1Mm/Kg: Oxygen, SBE 43, 2 [umol/kg]
# name 12 = flECO-AFL: Fluorescence, WET Labs ECO-AFL/FL [mg/m^3]
# name 13 = v2: Voltage 2
# name 14 = wetCDOM: Fluorescence, WET Labs CDOM [mg/m^3]
# name 15 = v6: Voltage 6
# name 16 = CStarAt0: Beam Attenuation, WET Labs C-Star [1/m]
# name 17 = v3: Voltage 3
# name 18 = scan: Scan Count
# name 19 = timeM: Time, Elapsed [minutes]
# name 20 = altM: Altimeter [m]
# name 21 = sbeox0V: Oxygen raw, SBE 43 [V]
# name 22 = sbeox1V: Oxygen raw, SBE 43, 2 [V]
# name 23 = nbf: Bottles Fired
# name 24 = flag:  0.000e+00
# interval = seconds: 0.0416667
# start_time = Sep 12 2025 12:20:28 [NMEA time, header]
# bad_flag = -9.990e-29
*END*
[from data line 406]
     54.943   75.43274  173.69224     55.528    -1.6424    -1.6429  26.403692  26.404176    33.2520    33.2532    311.761    297.172    -0.0450     4.6581     0.1172     0.1172     0.0264     0.0232      46531    32.3125      83.86     2.2915     1.9678          9  0.000e+00
     54.926   75.43274  173.69224     55.511    -1.6429    -1.6429  26.403633  26.404064    33.2524    33.2531    311.552    296.921    -0.0450     4.6581     0.1172     0.1172     0.0264     0.0232      46532    32.3132      83.66     2.2903     1.9665          9  0.000e+00
     54.885   75.43274  173.69224     55.470    -1.6426    -1.6429  26.403633  26.404176    33.2521    33.2532    311.760    296.168    -0.0755     4.6581     0.1160     0.1160     0.0264     0.0220      46533    32.3139      83.81     2.2915     1.9629          9  0.000e+00
     54.926   75.43274  173.69224     55.511    -1.6430    -1.6429  26.402917  26.404288    33.2516    33.2534    311.555    295.919    -0.0450     4.6581     0.1172     0.1172     0.0264     0.0232      46534    32.3146      84.10     2.2903     1.9617          9  0.000e+00
     54.926   75.43274  173.69224     55.511    -1.6438    -1.6428  26.402441  26.404625    33.2519    33.2537    311.562    296.418    -0.0450     4.6569     0.1160     0.1160     0.0275     0.0232      46535    32.3153      84.37     2.2903     1.9641          9  0.000e+00
     54.943   75.43274  173.69224     55.528    -1.6440    -1.6426  26.402024  26.404568    33.2515    33.2534    311.566    296.167    -0.0450     4.6569     0.1172     0.1172     0.0275     0.0232      46536    32.3160      84.30     2.2903     1.9629          9  0.000e+00
     54.926   75.43274  173.69224     55.511    -1.6440    -1.6428  26.401547  26.404681    33.2508    33.2538    311.567    296.168    -0.0755     4.6569     0.1172     0.1172     0.0275     0.0220      46537    32.3167      84.22     2.2903     1.9629          9  0.000e+00
     54.943   75.43274  173.69224     55.528    -1.6440    -1.6429  26.401189  26.404793    33.2503    33.2541    311.569    296.669    -0.0450     4.6581     0.1160     0.1160     0.0264     0.0232      46538    32.3174      84.18     2.2903     1.9653          9  0.000e+00
     54.926   75.43274  173.69224     55.511    -1.6440    -1.6429  26.401904  26.404400    33.2513    33.2535    311.565    296.670    -0.0450     4.6581     0.1160     0.1160     0.0264     0.0232      46539    32.3181      83.96     2.2903     1.9653          9  0.000e+00
     54.885   75.43274  173.69224     55.470    -1.6441    -1.6426  26.402202  26.404456    33.2519    33.2533    311.775    296.666    -0.0450     4.6581     0.1160     0.1160     0.0264     0.0232      46540    32.3188      84.15     2.2915     1.9653          9  0.000e+00
     54.926   75.43274  173.69224     55.511    -1.6438    -1.6429  26.402500  26.404120    33.2519    33.2531    311.562    297.172    -0.0755     4.6581     0.1172     0.1172     0.0264     0.0220      46541    32.3194      84.05     2.2903     1.9678          9  0.000e+00
     54.984   75.43274  173.69224     55.569    -1.6438    -1.6428  26.402083  26.403840    33.2513    33.2526    311.778    298.176    -0.0450     4.6581     0.1172     0.1172     0.0264     0.0232      46542    32.3201      84.18     2.2915     1.9727          9  0.000e+00
     54.885   75.43274  173.69224     55.470    -1.6438    -1.6432  26.401725  26.403559    33.2509    33.2527    311.563    298.927    -0.0450     4.6581     0.1160     0.1160     0.0264     0.0232      46543    32.3208      84.03     2.2903     1.9763          9  0.000e+00
     54.926   75.43274  173.69224     55.511    -1.6441    -1.6431  26.401308  26.403503    33.2506    33.2525    311.780    299.680    -0.0450     4.6581     0.1172     0.1172     0.0264     0.0232      46544    32.3215      83.88     2.2915     1.9800          9  0.000e+00
     54.943   75.43274  173.69224     55.528    -1.6441    -1.6434  26.400951  26.403279    33.2501    33.2525    311.358    300.435    -0.0450     4.6569     0.1172     0.1172     0.0275     0.0232      46545    32.3222      83.86     2.2891     1.9837          9  0.000e+00
     54.926   75.43274  173.69224     55.511    -1.6444    -1.6431  26.400534  26.403391    33.2499    33.2524    311.361    301.184    -0.0755     4.6581     0.1172     0.1172     0.0264     0.0220      46546    32.3229      83.98     2.2891     1.9873          9  0.000e+00
     54.943   75.43274  173.69224     55.528    -1.6447    -1.6432  26.399997  26.403279    33.2495    33.2523    311.578    301.937    -0.0450     4.6581     0.1172     0.1172     0.0264     0.0232      46547    32.3236      83.79     2.2903     1.9910          9  0.000e+00
     54.926   75.43274  173.69224     55.511    -1.6446    -1.6429  26.399878  26.402831    33.2492    33.2514    311.576    302.687    -0.0450     4.6581     0.1172     0.1172     0.0264     0.0232      46548    32.3243      83.86     2.2903     1.9946          9  0.000e+00
     54.926   75.43274  173.69224     55.511    -1.6446    -1.6432  26.399699  26.402887    33.2489    33.2518    311.789    303.190    -0.0450     4.6581     0.1172     0.1172     0.0264     0.0232      46549    32.3250      84.08     2.2915     1.9971          9  0.000e+00
     54.943   75.43274  173.69224     55.528    -1.6446    -1.6431  26.399640  26.402775    33.2488    33.2515    311.578    303.691    -0.0450     4.6581     0.1172     0.1172     0.0264     0.0232      46550    32.3257      84.32     2.2903     1.9995          9  0.000e+00
     54.926   75.43274  173.69224     55.511    -1.6444    -1.6432  26.399997  26.402550    33.2492    33.2513    311.575    303.942    -0.0450     4.6581     0.1160     0.1160     0.0264     0.0232      46551    32.3264      84.08     2.2903     2.0008          9  0.000e+00
     54.943   75.43274  173.69224     55.528    -1.6445    -1.6431  26.400295  26.402663    33.2497    33.2513    311.575    303.942    -0.0450     4.6569     0.1160     0.1160     0.0275     0.0232      46552    32.3271      83.79     2.2903     2.0008          9  0.000e+00
     54.926   75.43274  173.69224     55.511    -1.6446    -1.6431  26.400414  26.402550    33.2499    33.2512    311.575    303.941    -0.0450     4.6581     0.1172     0.1172     0.0264     0.0232      46553    32.3278      83.83     2.2903     2.0008          9  0.000e+00
     54.926   75.43274  173.69224     55.511    -1.6446    -1.6431  26.400414  26.402494    33.2499    33.2511    311.575    303.942    -0.0450     4.6581     0.1172     0.1172     0.0264     0.0232      46554    32.3285      84.18     2.2903     2.0008          9  0.000e+00
     54.943   75.43274  173.69224     55.528    -1.6449    -1.6431  26.400176  26.402270    33.2499    33.2508    311.366    304.194    -0.0450     4.6581     0.1160     0.1160     0.0264     0.0232      46555    32.3292      84.22     2.2891     2.0020          9  0.000e+00
     54.926   75.43274  173.69224     55.511    -1.6453    -1.6434  26.399759  26.402382    33.2498    33.2513    311.370    304.946    -0.0450     4.6581     0.1172     0.1172     0.0264     0.0232      46556    32.3299      84.10     2.2891     2.0056          9  0.000e+00
     54.943   75.43274  173.69224     55.528    -1.6453    -1.6434  26.399819  26.402270    33.2499    33.2511    311.371    305.699    -0.0450     4.6581     0.1160     0.1160     0.0264     0.0232      46557    32.3306      84.13     2.2891     2.0093          9  0.000e+00
     54.926   75.43274  173.69224     55.511    -1.6447    -1.6435  26.399640  26.402382    33.2490    33.2514    311.578    305.698    -0.0450     4.6581     0.1160     0.1160     0.0264     0.0232      46558    32.3312      83.91     2.2903     2.0093          9  0.000e+00
     54.943   75.43274  173.69224     55.528    -1.6446    -1.6434  26.400176  26.402663    33.2496    33.2516    311.576    305.196    -0.0450     4.6581     0.1172     0.1172     0.0264     0.0232      46559    32.3319      83.81     2.2903     2.0069          9  0.000e+00
     54.926   75.43274  173.69224     55.511    -1.6440    -1.6434  26.400593  26.402270    33.2495    33.2511    311.570    305.197    -0.0450     4.6581     0.1160     0.1160     0.0264     0.0232      46560    32.3326      83.69     2.2903     2.0069          9  0.000e+00
     54.926   75.43274  173.69224     55.511    -1.6440    -1.6434  26.400474  26.402550    33.2493    33.2515    311.359    305.196    -0.0450     4.6581     0.1160     0.1160     0.0264     0.0232      46561    32.3333      84.05     2.2891     2.0069          9  0.000e+00
     54.943   75.43274  173.69224     55.528    -1.6439    -1.6434  26.400355  26.402887    33.2491    33.2520    311.359    305.195    -0.0450     4.6581     0.1160     0.1160     0.0264     0.0232      46562    32.3340      84.05     2.2891     2.0069          9  0.000e+00
     54.926   75.43274  173.69224     55.511    -1.6440    -1.6434  26.400355  26.403167    33.2492    33.2524    311.571    305.444    -0.0450     4.6581     0.1172     0.1172     0.0264     0.0232      46563    32.3347      83.57     2.2903     2.0081          9  0.000e+00
     54.943   75.43274  173.69224     55.528    -1.6438    -1.6431  26.400593  26.403055    33.2493    33.2519    311.358    306.195    -0.0450     4.6581     0.1172     0.1172     0.0264     0.0232      46564    32.3354      83.54     2.2891     2.0117          9  0.000e+00
     54.926   75.43274  173.69224     55.511    -1.6436    -1.6431  26.400236  26.403167    33.2486    33.2520    311.569    306.194    -0.0450     4.6581     0.1172     0.1172     0.0264     0.0232      46565    32.3361      83.27     2.2903     2.0117          9  0.000e+00
     40.514   75.43268  173.69198     40.945    -1.6044    -1.6047  25.809725  25.802040    32.3978    32.3874    334.992    320.658     0.0771     4.6496     0.1258     0.1258     0.0338     0.0281      49899    34.6514      83.59     2.4185     2.0764         10  0.000e+00
     40.449   75.43268  173.69198     40.878    -1.6044    -1.6047  25.810435  25.802763    32.3988    32.3884    334.987    318.390     0.0466     4.6496     0.1270     0.1270     0.0338     0.0269      49900    34.6521      83.69     2.4185     2.0655         10  0.000e+00
     40.449   75.43268  173.69198     40.878    -1.6043    -1.6050  25.810612  25.802763    32.3988    32.3888    334.772    312.861     0.0466     4.6496     0.1258     0.1258     0.0338     0.0269      49901    34.6528      83.66     2.4173     2.0386         10  0.000e+00
     40.416   75.43268  173.69198     40.845    -1.6043    -1.6047  25.810671  25.802540    32.3989    32.3882    334.983    307.327     0.0466     4.6496     0.1270     0.1270     0.0338     0.0269      49902    34.6535      83.42     2.4185     2.0117         10  0.000e+00
     40.514   75.43268  173.69198     40.945    -1.6042    -1.6048  25.810849  25.802707    32.3990    32.3885    334.986    304.064     0.0771     4.6496     0.1270     0.1270     0.0338     0.0281      49903    34.6542      82.25     2.4185     1.9958         10  0.000e+00
     40.449   75.43268  173.69198     40.878    -1.6043    -1.6047  25.811085  25.802818    32.3995    32.3885    334.983    303.054     0.0466     4.6496     0.1270     0.1270     0.0338     0.0269      49904    34.6549      81.81     2.4185     1.9910         10  0.000e+00
     40.449   75.43268  173.69198     40.878    -1.6041    -1.6047  25.811499  25.802151    32.3999    32.3876    334.768    304.062     0.0466     4.6496     0.1282     0.1282     0.0338     0.0269      49905    34.6556      81.49     2.4173     1.9958         10  0.000e+00
     40.449   75.43268  173.69198     40.878    -1.6042    -1.6048  25.812090  25.802207    32.4008    32.3879    334.978    305.571     0.0771     4.6496     0.1270     0.1270     0.0338     0.0281      49906    34.6563      81.25     2.4185     2.0032         10  0.000e+00
     40.514   75.43268  173.69198     40.945    -1.6042    -1.6047  25.812504  25.802096    32.4013    32.3875    334.980    308.087     0.0466     4.6496     0.1270     0.1270     0.0338     0.0269      49907    34.6569      81.27     2.4185     2.0154         10  0.000e+00
     40.449   75.43268  173.69198     40.878    -1.6040    -1.6050  25.813154  25.802596    32.4020    32.3886    334.973    310.096     0.0771     4.6496     0.1282     0.1282     0.0338     0.0281      49908    34.6576      80.73     2.4185     2.0252         10  0.000e+00
     40.449   75.43268  173.69198     40.878    -1.6040    -1.6045  25.812858  25.803930    32.4016    32.3899    334.974    312.351     0.0771     4.6496     0.1282     0.1282     0.0338     0.0281      49909    34.6583      80.17     2.4185     2.0361         10  0.000e+00
     40.482   75.43268  173.69198     40.911    -1.6038    -1.6044  25.813036  25.806432    32.4017    32.3932    334.974    314.605     0.0771     4.6496     0.1282     0.1282     0.0338     0.0281      49910    34.6590      79.98     2.4185     2.0471         10  0.000e+00
     40.449   75.43268  173.69198     40.878    -1.6038    -1.6042  25.812917  25.809157    32.4015    32.3968    334.973    316.354     0.0771     4.6496     0.1282     0.1282     0.0338     0.0281      49911    34.6597      80.37     2.4185     2.0557         10  0.000e+00
     40.449   75.43268  173.69198     40.878    -1.6040    -1.6041  25.812563  25.811881    32.4012    32.4004    334.975    317.851     0.0771     4.6496     0.1282     0.1282     0.0338     0.0281      49912    34.6604      80.61     2.4185     2.0630         10  0.000e+00
     40.514   75.43268  173.69198     40.945    -1.6040    -1.6041  25.812031  25.813883    32.4005    32.4031    334.980    319.104     0.0771     4.6496     0.1282     0.1282     0.0338     0.0281      49913    34.6611      80.63     2.4185     2.0691         10  0.000e+00
     40.449   75.43268  173.69198     40.878    -1.6038    -1.6039  25.811321  25.814939    32.3993    32.4045    334.979    320.102     0.0771     4.6496     0.1282     0.1282     0.0338     0.0281      49914    34.6618      80.56     2.4185     2.0740         10  0.000e+00
     40.449   75.43268  173.69198     40.878    -1.6042    -1.6038  25.810789  25.815829    32.3990    32.4055    334.771    320.852     0.0466     4.6496     0.1282     0.1282     0.0338     0.0269      49915    34.6625      79.95     2.4173     2.0777         10  0.000e+00
     40.449   75.43268  173.69198     40.878    -1.6043    -1.6038  25.810435  25.816663    32.3986    32.4066    334.985    321.351     0.0771     4.6496     0.1282     0.1282     0.0338     0.0281      49916    34.6632      79.68     2.4185     2.0801         10  0.000e+00
     40.482   75.43268  173.69198     40.911    -1.6040    -1.6038  25.810198  25.817386    32.3979    32.4076    334.773    322.104     0.0466     4.6496     0.1282     0.1282     0.0338     0.0269      49917    34.6639      80.02     2.4173     2.0838         10  0.000e+00
     40.449   75.43268  173.69198     40.878    -1.6040    -1.6039  25.809252  25.817998    32.3967    32.4087    334.775    322.856     0.0466     4.6496     0.1282     0.1282     0.0338     0.0269      49918    34.6646      80.20     2.4173     2.0874         10  0.000e+00
     40.514   75.43268  173.69198     40.945    -1.6044    -1.6038  25.809075  25.818498    32.3969    32.4091    334.782    323.610     0.0466     4.6496     0.1282     0.1282     0.0338     0.0269      49919    34.6653      80.49     2.4173     2.0911         10  0.000e+00
     40.449   75.43268  173.69198     40.878    -1.6044    -1.6039  25.808543  25.818776    32.3962    32.4097    334.993    324.362     0.0771     4.6496     0.1282     0.1282     0.0338     0.0281      49920    34.6660      80.42     2.4185     2.0948         10  0.000e+00
