Continuous CTD Data/SBE Stage/nabos_01_02.ros
* Sea-Bird SBE 9 Data File:
* FileName = D:\CTD\data\HLY2502\raw\NABOS_01_02.hex
* Software Version Seasave V 7.26.7.110
* Temperature SN = 6954
* Conductivity SN = 2561
* Number of Bytes Per Scan = 37
* Number of Voltage Words = 4
* Number of Scans Averaged by the Deck Unit = 1
* NMEA Latitude = 73 46.22 N
* NMEA Longitude = 167 42.20 E
* NMEA UTC (Time) = Sep 13 2025  16:38:43
* NMEA baud rate = 9600
** Ship: USCG HEALY
** Bot. Depth:  43
** Cast Number:  02
** Station Name:  NABOS
** Station Number:  01
** Operator:  STARC
# nquan = 25
# nvalues = 539                                   
# units = specified
# name 0 = depSM: Depth [salt water, m]
# name 1 = latitude: Latitude [deg]
# name 2 = longitude: Longitude [deg]
# name 3 = prDM: Pressure, Digiquartz [db]
# name 4 = t090C: Temperature [ITS-90, deg C]
# name 5 = t190C: Temperature, 2 [ITS-90, deg C]
# name 6 = c0mS/cm: Conductivity [mS/cm]
# name 7 = c1mS/cm: Conductivity, 2 [mS/cm]
# name 8 = sal00: Salinity, Practical [PSU]
# name 9 = sal11: Salinity, Practical, 2 [PSU]
# name 10 = sbox0Mm/Kg: Oxygen, SBE 43 [umol/kg]
# name 11 = sbox1Mm/Kg: Oxygen, SBE 43, 2 [umol/kg]
# name 12 = flECO-AFL: Fluorescence, WET Labs ECO-AFL/FL [mg/m^3]
# name 13 = v2: Voltage 2
# name 14 = wetCDOM: Fluorescence, WET Labs CDOM [mg/m^3]
# name 15 = v6: Voltage 6
# name 16 = CStarAt0: Beam Attenuation, WET Labs C-Star [1/m]
# name 17 = v3: Voltage 3
# name 18 = scan: Scan Count
# name 19 = timeM: Time, Elapsed [minutes]
# name 20 = altM: Altimeter [m]
# name 21 = sbeox0V: Oxygen raw, SBE 43 [V]
# name 22 = sbeox1V: Oxygen raw, SBE 43, 2 [V]
# name 23 = nbf: Bottles Fired
# name 24 = flag:  0.000e+00
# interval = seconds: 0.0416667
# start_time = Sep 13 2025 16:38:43 [NMEA time, header]
# bad_flag = -9.990e-29
*END*
[from data line 522]
      3.472   73.77076  167.70590      3.508    -0.6818    -0.6832  22.271709  22.273556    26.7453    26.7491    370.517    362.076     0.1076     4.4469     0.1050     0.1050     0.2122     0.0293      15431    10.7153      42.42     2.5984     2.2577         11  0.000e+00
      3.472   73.77076  167.70590      3.508    -0.6818    -0.6829  22.272046  22.273028    26.7458    26.7481    370.515    362.075     0.1076     4.4469     0.1038     0.1038     0.2122     0.0293      15432    10.7160      42.39     2.5984     2.2577         11  0.000e+00
      3.537   73.77076  167.70590      3.574    -0.6818    -0.6829  22.272046  22.273398    26.7457    26.7485    370.519    361.314     0.1076     4.4469     0.1050     0.1050     0.2122     0.0293      15433    10.7167      42.42     2.5984     2.2540         11  0.000e+00
      3.537   73.77076  167.70590      3.574    -0.6818    -0.6832  22.271485  22.273714    26.7450    26.7492    370.306    360.553     0.1076     4.4469     0.1038     0.1038     0.2122     0.0293      15434    10.7174      42.39     2.5971     2.2504         11  0.000e+00
      3.529   73.77076  167.70590      3.566    -0.6816    -0.6829  22.270474  22.274348    26.7435    26.7498    370.523    360.039     0.1076     4.4469     0.1038     0.1038     0.2122     0.0293      15435    10.7181      42.39     2.5984     2.2479         11  0.000e+00
      3.537   73.77076  167.70590      3.574    -0.6814    -0.6835  22.270587  22.275351    26.7435    26.7516    370.522    359.786     0.1076     4.4469     0.1038     0.1038     0.2122     0.0293      15436    10.7188      42.42     2.5984     2.2467         11  0.000e+00
      3.529   73.77076  167.70590      3.566    -0.6819    -0.6837  22.271990  22.275615    26.7458    26.7521    370.305    359.532     0.1076     4.4469     0.1050     0.1050     0.2122     0.0293      15437    10.7194      42.42     2.5971     2.2455         11  0.000e+00
      3.472   73.77076  167.70590      3.508    -0.6820    -0.6832  22.272607  22.275298    26.7468    26.7514    370.301    359.273     0.1076     4.4469     0.1038     0.1038     0.2122     0.0293      15438    10.7201      42.44     2.5971     2.2443         11  0.000e+00
      3.537   73.77076  167.70590      3.574    -0.6824    -0.6835  22.273561  22.275298    26.7483    26.7515    370.303    359.532     0.1076     4.4530     0.1050     0.1050     0.2067     0.0293      15439    10.7208      42.42     2.5971     2.2455         11  0.000e+00
      3.472   73.77076  167.70590      3.508    -0.6827    -0.6835  22.274122  22.275404    26.7493    26.7517    370.516    359.529     0.1076     4.4908     0.1038     0.1038     0.1728     0.0293      15440    10.7215      42.44     2.5984     2.2455         11  0.000e+00
      3.472   73.77076  167.70590      3.508    -0.6828    -0.6837  22.274459  22.275192    26.7499    26.7516    370.300    359.785     0.0771     4.5092     0.1038     0.1038     0.1565     0.0281      15441    10.7222      42.44     2.5971     2.2467         11  0.000e+00
      3.472   73.77076  167.70590      3.508    -0.6832    -0.6834  22.275077  22.274770    26.7510    26.7508    370.516    359.785     0.1076     4.5128     0.1050     0.1050     0.1533     0.0293      15442    10.7229      42.39     2.5984     2.2467         11  0.000e+00
      3.472   73.77076  167.70590      3.508    -0.6834    -0.6833  22.275862  22.274242    26.7523    26.7500    370.300    359.531     0.1076     4.5104     0.1038     0.1038     0.1554     0.0293      15443    10.7236      42.32     2.5971     2.2455         11  0.000e+00
      3.472   73.77076  167.70590      3.508    -0.6834    -0.6829  22.275919  22.273503    26.7523    26.7487    370.300    359.531     0.1076     4.5092     0.1050     0.1050     0.1565     0.0293      15444    10.7243      42.27     2.5971     2.2455         11  0.000e+00
      3.472   73.77076  167.70590      3.508    -0.6834    -0.6828  22.275413  22.273345    26.7517    26.7484    370.517    359.277     0.1076     4.5104     0.1038     0.1038     0.1554     0.0293      15445    10.7250      42.27     2.5984     2.2443         11  0.000e+00
      3.472   73.77076  167.70590      3.508    -0.6830    -0.6829  22.275189  22.273239    26.7510    26.7483    370.514    359.532     0.1076     4.5092     0.1038     0.1038     0.1565     0.0293      15446    10.7257      42.27     2.5984     2.2455         11  0.000e+00
      3.414   73.77076  167.70590      3.450    -0.6832    -0.6827  22.275020  22.273133    26.7509    26.7481    370.513    359.528     0.1076     4.5104     0.1050     0.1050     0.1554     0.0293      15447    10.7264      42.25     2.5984     2.2455         11  0.000e+00
