Continuous CTD Data/SBE Stage/nabos_41_01avg.cnv
* Sea-Bird SBE 9 Data File:
* FileName = D:\CTD\data\HLY2502\raw\NABOS_41_01.hex
* Software Version Seasave V 7.26.7.110
* Temperature SN = 6954
* Conductivity SN = 2561
* Number of Bytes Per Scan = 37
* Number of Voltage Words = 4
* Number of Scans Averaged by the Deck Unit = 1
* NMEA Latitude = 79 39.37 N
* NMEA Longitude = 125 55.91 E
* NMEA UTC (Time) = Sep 27 2025  03:16:02
* NMEA baud rate = 9600
** Ship: USCG HEALY
** Bot. Depth:  3277
** Cast Number:  01
** Station Name:  NABOS
** Station Number:  41
** Operator:  STARC
# nquan = 25
# nvalues = 1213                        
# units = specified
# name 0 = depSM: Depth [salt water, m]
# name 1 = latitude: Latitude [deg]
# name 2 = longitude: Longitude [deg]
# name 3 = prDM: Pressure, Digiquartz [db]
# name 4 = t090C: Temperature [ITS-90, deg C]
# name 5 = t190C: Temperature, 2 [ITS-90, deg C]
# name 6 = c0mS/cm: Conductivity [mS/cm]
# name 7 = c1mS/cm: Conductivity, 2 [mS/cm]
# name 8 = sal00: Salinity, Practical [PSU]
# name 9 = sal11: Salinity, Practical, 2 [PSU]
# name 10 = sbox0Mm/Kg: Oxygen, SBE 43 [umol/kg]
# name 11 = sbox1Mm/Kg: Oxygen, SBE 43, 2 [umol/kg]
# name 12 = flECO-AFL: Fluorescence, WET Labs ECO-AFL/FL [mg/m^3]
# name 13 = v2: Voltage 2
# name 14 = wetCDOM: Fluorescence, WET Labs CDOM [mg/m^3]
# name 15 = v6: Voltage 6
# name 16 = CStarAt0: Beam Attenuation, WET Labs C-Star [1/m]
# name 17 = v3: Voltage 3
# name 18 = scan: Scan Count
# name 19 = timeM: Time, Elapsed [minutes]
# name 20 = altM: Altimeter [m]
# name 21 = sbeox0V: Oxygen raw, SBE 43 [V]
# name 22 = sbeox1V: Oxygen raw, SBE 43, 2 [V]
# name 23 = nbin: number of scans per bin
# name 24 = flag: flag
# span 0 =      3.958,   1199.640       
# span 1 =   79.65432,   79.65599       
# span 2 =  125.93190,  125.93204       
# span 3 =      4.000,   1216.000       
# span 4 =    -1.8390,     1.9387       
# span 5 =    -1.8391,     1.9383       
# span 6 =  23.587192,  30.741892       
# span 7 =  23.585737,  30.739666       
# span 8 =    29.3605,    34.9097       
# span 9 =    29.3587,    35.2487       
# span 10 =    287.451,    384.153      
# span 11 =    189.866,    375.524      
# span 12 =    -0.1803,     0.3320      
# span 13 =     4.5047,     4.6321      
# span 14 =     0.0659,     0.1254      
# span 15 =     0.0659,     0.1254      
# span 16 =     0.0489,     0.1612      
# span 17 =     0.0178,     0.0383      
# span 18 =       4302,      37834      
# span 19 =     2.9865,    26.2730      
# span 20 =     100.00,     100.00      
# span 21 =     1.9903,     2.7167      
# span 22 =     1.4110,     2.3555      
# span 23 =         10,         28      
# span 24 = 0.0000e+00, 0.0000e+00      
# interval = decibars: 1                
# start_time = Sep 27 2025 03:16:02 [NMEA time, header]
# bad_flag = -9.990e-29
*END*
[from data line 696]
    691.433   79.65502  125.93200    700.000     0.1898     0.3091  29.416366  29.811812    34.8652    35.2486    294.154    192.320    -0.1553     4.6293     0.0843     0.0843     0.0513     0.0188      24358    16.9143     100.00     2.1601     1.4460         13 0.0000e+00
    692.419   79.65502  125.93200    701.000     0.1842     0.3049  29.411811  29.808511    34.8650    35.2484    294.267    192.194    -0.1317     4.6284     0.0849     0.0849     0.0520     0.0197      24382    16.9313     100.00     2.1603     1.4452         11 0.0000e+00
    693.405   79.65502  125.93200    702.000     0.1800     0.3007  29.408803  29.805094    34.8651    35.2481    294.342    192.228    -0.1325     4.6294     0.0850     0.0850     0.0511     0.0197      24407    16.9486     100.00     2.1603     1.4451         15 0.0000e+00
    694.391   79.65502  125.93200    703.000     0.1740     0.2968  29.403909  29.801807    34.8649    35.2477    294.293    192.369    -0.1342     4.6299     0.0841     0.0841     0.0507     0.0196      24432    16.9657     100.00     2.1595     1.4456         13 0.0000e+00
    695.377   79.65502  125.93200    704.000     0.1656     0.2930  29.396817  29.798551    34.8645    35.2471    294.123    192.167    -0.1348     4.6296     0.0840     0.0840     0.0510     0.0196      24456    16.9829     100.00     2.1579     1.4444         17 0.0000e+00
    696.364   79.65502  125.93200    705.000     0.1550     0.2894  29.388048  29.795215    34.8644    35.2463    294.205    191.961    -0.1365     4.6297     0.0853     0.0853     0.0509     0.0195      24481    17.0000     100.00     2.1576     1.4431         14 0.0000e+00
    697.349   79.65502  125.93200    706.000     0.1444     0.2860  29.379136  29.792078    34.8640    35.2454    294.320    191.720    -0.1344     4.6297     0.0840     0.0840     0.0509     0.0196      24505    17.0169     100.00     2.1575     1.4418         13 0.0000e+00
    698.336   79.65502  125.93200    707.000     0.1320     0.2825  29.368591  29.788835    34.8636    35.2446    294.347    192.298    -0.1325     4.6297     0.0839     0.0839     0.0509     0.0197      24530    17.0343     100.00     2.1568     1.4443         15 0.0000e+00
    699.322   79.65502  125.93200    708.000     0.1234     0.2793  29.361508  29.785565    34.8634    35.2434    294.314    192.211    -0.1649     4.6300     0.0836     0.0836     0.0506     0.0184      24555    17.0512     100.00     2.1560     1.4437         13 0.0000e+00
    700.308   79.65502  125.93200    709.000     0.1221     0.2759  29.360695  29.782344    34.8633    35.2425    294.255    192.764    -0.1259     4.6297     0.0830     0.0830     0.0508     0.0200      24580    17.0685     100.00     2.1554     1.4461         14 0.0000e+00
    701.294   79.65502  125.93200    710.000     0.1223     0.2725  29.361168  29.779239    34.8631    35.2416    294.359    192.164    -0.1309     4.6290     0.0847     0.0847     0.0515     0.0197      24604    17.0856     100.00     2.1558     1.4430         16 0.0000e+00
    702.280   79.65502  125.93200    711.000     0.1241     0.2691  29.363458  29.776130    34.8635    35.2408    294.332    191.620    -0.1326     4.6299     0.0836     0.0836     0.0507     0.0197      24629    17.1026     100.00     2.1555     1.4402         15 0.0000e+00
    703.266   79.65502  125.93200    712.000     0.1244     0.2657  29.364074  29.772992    34.8633    35.2401    294.212    191.559    -0.1322     4.6298     0.0829     0.0829     0.0508     0.0197      24653    17.1196     100.00     2.1546     1.4397         14 0.0000e+00
    704.252   79.65501  125.93200    713.000     0.1244     0.2620  29.364572  29.769773    34.8634    35.2394    294.099    192.036    -0.1520     4.6293     0.0830     0.0830     0.0512     0.0189      24678    17.1370     100.00     2.1538     1.4417         17 0.0000e+00
    705.238   79.65500  125.93200    714.000     0.1265     0.2584  29.367083  29.766709    34.8637    35.2389    294.037    191.869    -0.1717     4.6300     0.0832     0.0832     0.0506     0.0181      24703    17.1540     100.00     2.1533     1.4407         15 0.0000e+00
    706.224   79.65500  125.93200    715.000     0.1279     0.2547  29.368769  29.763662    34.8638    35.2385    294.099    191.616    -0.1703     4.6297     0.0839     0.0839     0.0509     0.0182      24728    17.1712     100.00     2.1535     1.4393         19 0.0000e+00
    707.210   79.65500  125.93200    716.000     0.1281     0.2511  29.369399  29.760595    34.8638    35.2380    294.205    191.896    -0.1690     4.6298     0.0838     0.0838     0.0508     0.0182      24752    17.1882     100.00     2.1539     1.4404         16 0.0000e+00
    708.196   79.65500  125.93200    717.000     0.1283     0.2474  29.370081  29.757412    34.8639    35.2375    294.207    191.903    -0.1689     4.6291     0.0837     0.0837     0.0514     0.0182      24777    17.2055     100.00     2.1537     1.4402         17 0.0000e+00
    709.182   79.65500  125.93200    718.000     0.1304     0.2438  29.372527  29.754338    34.8641    35.2369    294.118    191.846    -0.1367     4.6289     0.0830     0.0830     0.0516     0.0195      24802    17.2226     100.00     2.1531     1.4397         20 0.0000e+00
    710.168   79.65500  125.93200    719.000     0.1316     0.2403  29.374081  29.751167    34.8642    35.2362    294.098    191.686    -0.1630     4.6294     0.0838     0.0838     0.0511     0.0185      24826    17.2398     100.00     2.1528     1.4387         19 0.0000e+00
    711.154   79.65500  125.93200    720.000     0.1335     0.2369  29.376411  29.748209    34.8646    35.2356    294.006    191.548    -0.1353     4.6300     0.0831     0.0831     0.0506     0.0196      24851    17.2567     100.00     2.1522     1.4379         16 0.0000e+00
    712.140   79.65500  125.93200    721.000     0.1350     0.2335  29.378208  29.745133    34.8646    35.2348    293.932    191.330    -0.1458     4.6300     0.0836     0.0836     0.0506     0.0191      24875    17.2738     100.00     2.1516     1.4366         17 0.0000e+00
    713.126   79.65500  125.93200    722.000     0.1361     0.2303  29.379834  29.742144    34.8650    35.2340    293.748    191.934    -0.1757     4.6290     0.0835     0.0835     0.0515     0.0180      24900    17.2910     100.00     2.1504     1.4393         17 0.0000e+00
    714.112   79.65500  125.93200    723.000     0.1369     0.2271  29.381096  29.739043    34.8651    35.2329    293.592    191.856    -0.1729     4.6291     0.0827     0.0827     0.0514     0.0181      24925    17.3083     100.00     2.1493     1.4387         21 0.0000e+00
    715.098   79.65500  125.93200    724.000     0.1385     0.2241  29.383140  29.736078    34.8655    35.2319    293.559    191.663    -0.1471     4.6296     0.0827     0.0827     0.0510     0.0191      24949    17.3253     100.00     2.1490     1.4376         17 0.0000e+00
    716.084   79.65500  125.93200    725.000     0.1394     0.2211  29.384544  29.732966    34.8657    35.2306    293.504    191.686    -0.1607     4.6292     0.0831     0.0831     0.0513     0.0186      24974    17.3425     100.00     2.1485     1.4374         18 0.0000e+00
    717.070   79.65500  125.93200    726.000     0.1395     0.2182  29.385080  29.730063    34.8657    35.2295    293.510    191.787    -0.1354     4.6292     0.0841     0.0841     0.0513     0.0196      24999    17.3596     100.00     2.1483     1.4377         18 0.0000e+00
    718.056   79.65500  125.93200    727.000     0.1417     0.2156  29.387770  29.727130    34.8662    35.2281    293.490    191.499    -0.1310     4.6296     0.0851     0.0851     0.0510     0.0197      25024    17.3768     100.00     2.1481     1.4361         22 0.0000e+00
    719.042   79.65500  125.93200    728.000     0.1425     0.2130  29.389159  29.724280    34.8665    35.2267    293.363    191.446    -0.1334     4.6294     0.0841     0.0841     0.0511     0.0196      25048    17.3939     100.00     2.1472     1.4357         19 0.0000e+00
    720.028   79.65498  125.93200    729.000     0.1423     0.2105  29.389409  29.721316    34.8665    35.2250    293.341    191.674    -0.1421     4.6295     0.0839     0.0839     0.0511     0.0193      25073    17.4110     100.00     2.1469     1.4366         21 0.0000e+00
    721.014   79.65498  125.93200    730.000     0.1413     0.2080  29.389098  29.718475    34.8666    35.2236    293.399    191.540    -0.1644     4.6291     0.0830     0.0830     0.0514     0.0184      25097    17.4281     100.00     2.1470     1.4358         17 0.0000e+00
    722.000   79.65498  125.93200    731.000     0.1386     0.2054  29.387168  29.715627    34.8666    35.2222    293.453    191.370    -0.1349     4.6298     0.0828     0.0828     0.0508     0.0196      25122    17.4451     100.00     2.1469     1.4347         16 0.0000e+00
    722.986   79.65498  125.93200    732.000     0.1315     0.2031  29.381205  29.712853    34.8662    35.2207    293.461    192.075    -0.1457     4.6298     0.0837     0.0837     0.0508     0.0191      25147    17.4622     100.00     2.1464     1.4379         17 0.0000e+00
    723.972   79.65498  125.93200    733.000     0.1183     0.2009  29.370164  29.710014    34.8659    35.2189    293.514    191.784    -0.1577     4.6290     0.0846     0.0846     0.0515     0.0187      25172    17.4795     100.00     2.1458     1.4363         19 0.0000e+00
    724.958   79.65498  125.93200    734.000     0.1092     0.1989  29.362612  29.707329    34.8657    35.2170    293.538    191.098    -0.1373     4.6295     0.0829     0.0829     0.0510     0.0195      25196    17.4965     100.00     2.1453     1.4329         15 0.0000e+00
    725.944   79.65498  125.93200    735.000     0.0927     0.1970  29.348595  29.704623    34.8654    35.2151    293.659    191.229    -0.1587     4.6296     0.0824     0.0824     0.0510     0.0186      25221    17.5137     100.00     2.1450     1.4333         17 0.0000e+00
    726.930   79.65498  125.93200    736.000     0.0837     0.1950  29.341057  29.701922    34.8650    35.2131    293.666    191.147    -0.1754     4.6298     0.0843     0.0843     0.0508     0.0180      25245    17.5308     100.00     2.1444     1.4327         15 0.0000e+00
    727.916   79.65498  125.93200    737.000     0.0788     0.1931  29.337203  29.699247    34.8649    35.2112    293.752    191.157    -0.1419     4.6288     0.0815     0.0815     0.0517     0.0193      25270    17.5480     100.00     2.1444     1.4326         20 0.0000e+00
    728.902   79.65498  125.93200    738.000     0.0804     0.1912  29.339164  29.696617    34.8651    35.2093    293.840    191.089    -0.1348     4.6288     0.0818     0.0818     0.0517     0.0196      25295    17.5650     100.00     2.1447     1.4321         16 0.0000e+00
    729.887   79.65498  125.93200    739.000     0.0817     0.1892  29.340797  29.694140    34.8652    35.2078    293.903    190.997    -0.1326     4.6290     0.0838     0.0838     0.0515     0.0197      25319    17.5822     100.00     2.1449     1.4314         15 0.0000e+00
    730.873   79.65498  125.93200    740.000     0.0834     0.1869  29.343018  29.691461    34.8656    35.2063    293.906    190.714    -0.1347     4.6288     0.0829     0.0829     0.0517     0.0196      25344    17.5993     100.00     2.1448     1.4299         16 0.0000e+00
    731.859   79.65498  125.93200    741.000     0.0841     0.1846  29.344032  29.688970    34.8656    35.2050    293.967    190.617    -0.1328     4.6288     0.0828     0.0828     0.0517     0.0197      25369    17.6165     100.00     2.1449     1.4292         16 0.0000e+00
    732.845   79.65498  125.93200    742.000     0.0851     0.1822  29.345444  29.686378    34.8657    35.2038    293.911    190.971    -0.1365     4.6288     0.0836     0.0836     0.0517     0.0195      25393    17.6336     100.00     2.1445     1.4307         14 0.0000e+00
    733.831   79.65498  125.93200    743.000     0.0858     0.1797  29.346530  29.683747    34.8657    35.2026    293.868    191.351    -0.1490     4.6288     0.0826     0.0826     0.0517     0.0190      25418    17.6506     100.00     2.1441     1.4324         14 0.0000e+00
    734.817   79.65498  125.93200    744.000     0.0879     0.1771  29.348836  29.681382    34.8658    35.2018    293.779    190.966    -0.1531     4.6285     0.0824     0.0824     0.0520     0.0189      25443    17.6679     100.00     2.1434     1.4303         15 0.0000e+00
    735.803   79.65497  125.93200    745.000     0.0900     0.1746  29.351492  29.678764    34.8663    35.2007    293.638    190.595    -0.1331     4.6287     0.0839     0.0839     0.0518     0.0197      25467    17.6850     100.00     2.1426     1.4284         16 0.0000e+00
    736.789   79.65496  125.93200    746.000     0.0909     0.1721  29.352778  29.676138    34.8664    35.1995    293.576    190.333    -0.1344     4.6283     0.0843     0.0843     0.0521     0.0196      25492    17.7020     100.00     2.1420     1.4269         14 0.0000e+00
    737.775   79.65496  125.93200    747.000     0.0932     0.1695  29.355595  29.673737    34.8670    35.1987    293.650    190.763    -0.1594     4.6286     0.0847     0.0847     0.0519     0.0186      25517    17.7193     100.00     2.1423     1.4288         13 0.0000e+00
    738.760   79.65496  125.93200    748.000     0.0944     0.1670  29.357171  29.671240    34.8672    35.1977    293.626    191.062    -0.1735     4.6281     0.0841     0.0841     0.0523     0.0180      25541    17.7364     100.00     2.1421     1.4300         14 0.0000e+00
    739.746   79.65496  125.93200    749.000     0.0948     0.1646  29.358082  29.668730    34.8673    35.1965    293.614    190.715    -0.1692     4.6287     0.0840     0.0840     0.0518     0.0182      25566    17.7536     100.00     2.1418     1.4282         14 0.0000e+00
    740.732   79.65496  125.93200    750.000     0.0938     0.1623  29.357858  29.666184    34.8675    35.1953    293.631    190.778    -0.1693     4.6288     0.0852     0.0852     0.0517     0.0182      25591    17.7708     100.00     2.1416     1.4283         14 0.0000e+00
    741.718   79.65496  125.93200    751.000     0.0923     0.1601  29.357095  29.663700    34.8676    35.1939    293.641    190.818    -0.1284     4.6284     0.0833     0.0833     0.0520     0.0198      25615    17.7877     100.00     2.1414     1.4283         12 0.0000e+00
    742.704   79.65496  125.93200    752.000     0.0869     0.1579  29.352883  29.661216    34.8676    35.1926    293.785    190.040    -0.1395     4.6286     0.0845     0.0845     0.0519     0.0194      25640    17.8050     100.00     2.1417     1.4244         12 0.0000e+00
    743.690   79.65496  125.93200    753.000     0.0811     0.1558  29.348304  29.658799    34.8675    35.1911    293.819    190.582    -0.1687     4.6285     0.0835     0.0835     0.0520     0.0182      25665    17.8222     100.00     2.1414     1.4268         15 0.0000e+00
    744.676   79.65496  125.93200    754.000     0.0738     0.1537  29.342477  29.656398    34.8675    35.1898    293.899    190.700    -0.1559     4.6286     0.0828     0.0828     0.0518     0.0187      25690    17.8395     100.00     2.1413     1.4272         14 0.0000e+00
    745.662   79.65496  125.93200    755.000     0.0689     0.1519  29.338743  29.654000    34.8676    35.1881    293.848    190.891    -0.1335     4.6275     0.0828     0.0828     0.0528     0.0196      25715    17.8566     100.00     2.1405     1.4279         16 0.0000e+00
    746.648   79.65496  125.93200    756.000     0.0591     0.1499  29.330260  29.651536    34.8670    35.1866    293.856    190.597    -0.1581     4.6278     0.0836     0.0836     0.0525     0.0187      25739    17.8738     100.00     2.1399     1.4263         15 0.0000e+00
