Continuous CTD Data/SBE Stage/nabos_30_01avg.cnv
* Sea-Bird SBE 9 Data File:
* FileName = D:\CTD\data\HLY2502\raw\NABOS_30_01.hex
* Software Version Seasave V 7.26.7.110
* Temperature SN = 6954
* Conductivity SN = 2561
* Number of Bytes Per Scan = 37
* Number of Voltage Words = 4
* Number of Scans Averaged by the Deck Unit = 1
* NMEA Latitude = 80 25.03 N
* NMEA Longitude = 147 31.64 E
* NMEA UTC (Time) = Sep 22 2025  11:40:31
* NMEA baud rate = 9600
** Ship: USCG HEALY
** Bot. Depth:  1812
** Cast Number:  01
** Station Name:  NABOS
** Station Number:  30
** Operator:  STARC
# nquan = 25
# nvalues = 1833                        
# units = specified
# name 0 = depSM: Depth [salt water, m]
# name 1 = latitude: Latitude [deg]
# name 2 = longitude: Longitude [deg]
# name 3 = prDM: Pressure, Digiquartz [db]
# name 4 = t090C: Temperature [ITS-90, deg C]
# name 5 = t190C: Temperature, 2 [ITS-90, deg C]
# name 6 = c0mS/cm: Conductivity [mS/cm]
# name 7 = c1mS/cm: Conductivity, 2 [mS/cm]
# name 8 = sal00: Salinity, Practical [PSU]
# name 9 = sal11: Salinity, Practical, 2 [PSU]
# name 10 = sbox0Mm/Kg: Oxygen, SBE 43 [umol/kg]
# name 11 = sbox1Mm/Kg: Oxygen, SBE 43, 2 [umol/kg]
# name 12 = flECO-AFL: Fluorescence, WET Labs ECO-AFL/FL [mg/m^3]
# name 13 = v2: Voltage 2
# name 14 = wetCDOM: Fluorescence, WET Labs CDOM [mg/m^3]
# name 15 = v6: Voltage 6
# name 16 = CStarAt0: Beam Attenuation, WET Labs C-Star [1/m]
# name 17 = v3: Voltage 3
# name 18 = scan: Scan Count
# name 19 = timeM: Time, Elapsed [minutes]
# name 20 = altM: Altimeter [m]
# name 21 = sbeox0V: Oxygen raw, SBE 43 [V]
# name 22 = sbeox1V: Oxygen raw, SBE 43, 2 [V]
# name 23 = nbin: number of scans per bin
# name 24 = flag: flag
# span 0 =      2.968,   1807.622       
# span 1 =   80.41720,   80.41773       
# span 2 =  147.48959,  147.52522       
# span 3 =      3.000,   1835.000       
# span 4 =    -1.7525,     1.2343       
# span 5 =    -1.7523,     1.2342       
# span 6 =  22.850343,  30.076715       
# span 7 =  22.849380,  30.074599       
# span 8 =    28.2910,    34.9497       
# span 9 =    28.2881,    34.9473       
# span 10 =    268.377,    371.575      
# span 11 =    251.137,    365.276      
# span 12 =    -0.1854,     0.6332      
# span 13 =     4.5101,     4.6381      
# span 14 =     0.0805,     0.1446      
# span 15 =     0.0805,     0.1446      
# span 16 =     0.0436,     0.1557      
# span 17 =     0.0176,     0.0504      
# span 18 =       3249,      58719      
# span 19 =     2.2553,    40.7765      
# span 20 =       5.89,     100.00      
# span 21 =     1.7806,     2.6091      
# span 22 =     1.5427,     2.2779      
# span 23 =         10,         27      
# span 24 = 0.0000e+00, 0.0000e+00      
# interval = decibars: 1                
# start_time = Sep 22 2025 11:40:31 [NMEA time, header]
# bad_flag = -9.990e-29
*END*
[from data line 464]
    461.532   80.41724  147.51500    467.000     0.4046     0.4047  29.458173  29.456238    34.8147    34.8120    298.087    294.539    -0.1532     4.6292     0.0829     0.0829     0.0513     0.0189      18282    12.6951     100.00     2.2453     1.9822         22 0.0000e+00
    462.519   80.41724  147.51498    468.000     0.4046     0.4045  29.458642  29.456526    34.8147    34.8120    298.057    294.243    -0.1444     4.6299     0.0828     0.0828     0.0507     0.0192      18306    12.7119     100.00     2.2450     1.9806         20 0.0000e+00
    463.506   80.41724  147.51498    469.000     0.4039     0.4039  29.458256  29.456395    34.8144    34.8119    298.179    295.204    -0.1512     4.6294     0.0828     0.0828     0.0511     0.0189      18330    12.7286     100.00     2.2454     1.9851         17 0.0000e+00
    464.493   80.41724  147.51496    470.000     0.4061     0.4063  29.460874  29.458986    34.8147    34.8120    298.202    295.484    -0.1723     4.6292     0.0829     0.0829     0.0514     0.0181      18354    12.7453     100.00     2.2454     1.9864         16 0.0000e+00
    465.480   80.41724  147.51494    471.000     0.4043     0.4040  29.459816  29.457630    34.8147    34.8122    298.098    292.589    -0.1377     4.6293     0.0816     0.0816     0.0512     0.0195      18379    12.7624     100.00     2.2445     1.9718         20 0.0000e+00
    466.468   80.41724  147.51492    472.000     0.4064     0.4067  29.462479  29.460569    34.8153    34.8124    298.089    294.963    -0.1634     4.6286     0.0828     0.0828     0.0518     0.0184      18403    12.7789     100.00     2.2443     1.9835         15 0.0000e+00
    467.455   80.41724  147.51490    473.000     0.4035     0.4033  29.460105  29.457913    34.8149    34.8122    298.223    285.526    -0.1688     4.6294     0.0828     0.0828     0.0512     0.0182      18427    12.7960     100.00     2.2447     1.9363         20 0.0000e+00
    468.442   80.41724  147.51488    474.000     0.4041     0.4043  29.461354  29.459522    34.8152    34.8126    298.114    294.187    -0.1390     4.6290     0.0829     0.0829     0.0515     0.0194      18451    12.8126     100.00     2.2438     1.9791         17 0.0000e+00
    469.429   80.41724  147.51488    475.000     0.4060     0.4061  29.463809  29.461806    34.8158    34.8131    298.087    293.171    -0.1294     4.6289     0.0829     0.0829     0.0516     0.0198      18476    12.8296     100.00     2.2436     1.9740         18 0.0000e+00
    470.416   80.41724  147.51486    476.000     0.4069     0.4070  29.465218  29.463121    34.8160    34.8132    298.016    293.542    -0.1703     4.6289     0.0829     0.0829     0.0516     0.0182      18499    12.8461     100.00     2.2430     1.9757         14 0.0000e+00
    471.403   80.41724  147.51484    477.000     0.4072     0.4071  29.465892  29.463809    34.8160    34.8133    297.875    298.794    -0.1540     4.6290     0.0827     0.0827     0.0516     0.0188      18524    12.8630     100.00     2.2419     2.0015         15 0.0000e+00
    472.390   80.41724  147.51482    478.000     0.4062     0.4061  29.465558  29.463401    34.8160    34.8133    297.897    297.752    -0.1379     4.6288     0.0830     0.0830     0.0517     0.0195      18548    12.8798     100.00     2.2418     1.9962         15 0.0000e+00
    473.377   80.41724  147.51480    479.000     0.4039     0.4037  29.463836  29.461602    34.8157    34.8131    298.027    294.354    -0.1615     4.6285     0.0828     0.0828     0.0519     0.0185      18572    12.8968     100.00     2.2422     1.9790         19 0.0000e+00
    474.365   80.41724  147.51478    480.000     0.3918     0.3912  29.453580  29.451087    34.8154    34.8128    298.086    294.326    -0.1535     4.6289     0.0837     0.0837     0.0516     0.0188      18597    12.9136     100.00     2.2417     1.9781         18 0.0000e+00
    475.352   80.41724  147.51478    481.000     0.3866     0.3866  29.449625  29.447717    34.8155    34.8129    298.026    296.677    -0.1744     4.6289     0.0840     0.0840     0.0516     0.0180      18621    12.9303     100.00     2.2408     1.9894         15 0.0000e+00
    476.339   80.41724  147.51476    482.000     0.3845     0.3844  29.448219  29.446054    34.8154    34.8127    298.049    290.982    -0.1690     4.6291     0.0825     0.0825     0.0514     0.0182      18645    12.9471     100.00     2.2406     1.9609         15 0.0000e+00
    477.326   80.41724  147.51474    483.000     0.3729     0.3726  29.438333  29.436093    34.8150    34.8124    298.298    274.090    -0.1672     4.6288     0.0824     0.0824     0.0517     0.0183      18669    12.9638     100.00     2.2413     1.8765         14 0.0000e+00
    478.313   80.41724  147.51472    484.000     0.3647     0.3645  29.431613  29.429320    34.8148    34.8120    298.386    285.834    -0.1429     4.6297     0.0833     0.0833     0.0509     0.0193      18693    12.9807     100.00     2.2411     1.9342         14 0.0000e+00
    479.300   80.41724  147.51470    485.000     0.3599     0.3600  29.428106  29.426110    34.8150    34.8123    298.291    290.035    -0.1290     4.6297     0.0839     0.0839     0.0508     0.0198      18717    12.9976     100.00     2.2401     1.9546         14 0.0000e+00
    480.287   80.41724  147.51468    486.000     0.3593     0.3590  29.428060  29.425820    34.8150    34.8124    298.223    290.853    -0.1324     4.6289     0.0829     0.0829     0.0516     0.0197      18742    13.0143     100.00     2.2394     1.9584         14 0.0000e+00
    481.274   80.41724  147.51468    487.000     0.3525     0.3526  29.422644  29.420766    34.8150    34.8124    298.182    299.802    -0.1662     4.6290     0.0829     0.0829     0.0515     0.0183      18766    13.0312     100.00     2.2387     2.0023         14 0.0000e+00
    482.261   80.41724  147.51466    488.000     0.3487     0.3486  29.419753  29.417626    34.8149    34.8123    298.253    301.047    -0.1651     4.6290     0.0842     0.0842     0.0516     0.0184      18790    13.0480     100.00     2.2386     2.0080         15 0.0000e+00
    483.249   80.41724  147.51464    489.000     0.3451     0.3447  29.416893  29.414654    34.8146    34.8121    298.183    298.425    -0.1366     4.6289     0.0830     0.0830     0.0516     0.0195      18814    13.0649     100.00     2.2378     1.9947         16 0.0000e+00
    484.236   80.41724  147.51462    490.000     0.3396     0.3393  29.412637  29.410223    34.8146    34.8118    298.200    291.715    -0.1687     4.6289     0.0808     0.0808     0.0516     0.0182      18838    13.0816     100.00     2.2374     1.9611         13 0.0000e+00
    485.223   80.41724  147.51460    491.000     0.3388     0.3388  29.412427  29.410282    34.8147    34.8118    298.105    290.939    -0.1691     4.6281     0.0817     0.0817     0.0522     0.0182      18863    13.0985     100.00     2.2366     1.9570         15 0.0000e+00
    486.210   80.41724  147.51460    492.000     0.3389     0.3389  29.412757  29.410750    34.8143    34.8118    297.946    291.079    -0.1757     4.6293     0.0833     0.0833     0.0512     0.0180      18887    13.1152     100.00     2.2354     1.9575         14 0.0000e+00
    487.197   80.41724  147.51458    493.000     0.3382     0.3382  29.412604  29.410516    34.8144    34.8117    297.910    293.421    -0.1546     4.6293     0.0831     0.0831     0.0513     0.0188      18911    13.1319     100.00     2.2349     1.9689         13 0.0000e+00
    488.184   80.41724  147.51456    494.000     0.3375     0.3375  29.412428  29.410402    34.8144    34.8117    297.809    307.652    -0.1468     4.6290     0.0819     0.0819     0.0516     0.0191      18935    13.1489     100.00     2.2341     2.0390         15 0.0000e+00
    489.171   80.41724  147.51454    495.000     0.3361     0.3360  29.411792  29.409865    34.8145    34.8121    297.848    272.747    -0.1508     4.6297     0.0829     0.0829     0.0508     0.0190      18960    13.1657     100.00     2.2340     1.8663         13 0.0000e+00
    490.158   80.41724  147.51452    496.000     0.3335     0.3334  29.410059  29.407957    34.8146    34.8120    297.981    301.066    -0.1529     4.6297     0.0829     0.0829     0.0509     0.0189      18984    13.1826     100.00     2.2344     2.0059         15 0.0000e+00
    491.145   80.41724  147.51450    497.000     0.3329     0.3329  29.410062  29.408018    34.8147    34.8120    297.865    289.998    -0.1687     4.6290     0.0829     0.0829     0.0515     0.0182      19008    13.1995     100.00     2.2335     1.9510         16 0.0000e+00
    492.132   80.41724  147.51450    498.000     0.3328     0.3328  29.410494  29.408453    34.8148    34.8121    297.714    290.882    -0.1436     4.6291     0.0839     0.0839     0.0515     0.0192      19032    13.2162     100.00     2.2324     1.9552         14 0.0000e+00
    493.119   80.41724  147.51448    499.000     0.3332     0.3332  29.411352  29.409267    34.8149    34.8121    297.682    297.833    -0.1267     4.6293     0.0840     0.0840     0.0513     0.0199      19056    13.2330     100.00     2.2320     1.9893         15 0.0000e+00
    494.106   80.41724  147.51446    500.000     0.3329     0.3329  29.411609  29.409670    34.8149    34.8124    297.824    301.622    -0.1285     4.6289     0.0833     0.0833     0.0516     0.0198      19081    13.2498     100.00     2.2326     2.0078         15 0.0000e+00
    495.093   80.41724  147.51444    501.000     0.3327     0.3327  29.411853  29.409716    34.8149    34.8121    297.807    304.266    -0.1345     4.6299     0.0834     0.0834     0.0507     0.0196      19105    13.2665     100.00     2.2322     2.0207         13 0.0000e+00
    496.080   80.41724  147.51442    502.000     0.3302     0.3302  29.410218  29.408129    34.8150    34.8123    297.833    274.698    -0.1308     4.6295     0.0832     0.0832     0.0510     0.0197      19129    13.2834     100.00     2.2320     1.8744         16 0.0000e+00
    497.067   80.41726  147.51440    503.000     0.3291     0.3290  29.409753  29.407731    34.8151    34.8125    297.801    290.108    -0.1420     4.6288     0.0818     0.0818     0.0517     0.0193      19154    13.3004     100.00     2.2316     1.9503         18 0.0000e+00
    498.054   80.41726  147.51440    504.000     0.3280     0.3280  29.409377  29.407404    34.8152    34.8126    297.688    299.191    -0.1569     4.6292     0.0829     0.0829     0.0513     0.0187      19177    13.3169     100.00     2.2306     1.9949         13 0.0000e+00
    499.041   80.41726  147.51438    505.000     0.3284     0.3284  29.410412  29.408354    34.8155    34.8129    297.668    292.573    -0.1315     4.6293     0.0840     0.0840     0.0512     0.0197      19202    13.3338     100.00     2.2303     1.9620         16 0.0000e+00
    500.028   80.41726  147.51436    506.000     0.3287     0.3286  29.411202  29.409249    34.8157    34.8132    297.786    296.407    -0.1305     4.6298     0.0839     0.0839     0.0508     0.0198      19226    13.3505     100.00     2.2308     1.9808         15 0.0000e+00
    501.015   80.41726  147.51434    507.000     0.3253     0.3252  29.408894  29.406773    34.8158    34.8132    297.892    294.769    -0.1366     4.6294     0.0832     0.0832     0.0511     0.0195      19250    13.3675     100.00     2.2310     1.9723         14 0.0000e+00
    502.002   80.41726  147.51432    508.000     0.3246     0.3246  29.408779  29.406733    34.8159    34.8133    298.102    289.797    -0.1495     4.6299     0.0838     0.0838     0.0507     0.0190      19274    13.3842     100.00     2.2319     1.9476         14 0.0000e+00
    502.989   80.41726  147.51430    509.000     0.3190     0.3187  29.404220  29.402024    34.8157    34.8131    298.102    300.383    -0.1695     4.6300     0.0833     0.0833     0.0506     0.0182      19299    13.4011     100.00     2.2314     1.9994         15 0.0000e+00
    503.976   80.41726  147.51430    510.000     0.3162     0.3159  29.402326  29.400016    34.8157    34.8130    298.034    298.379    -0.1729     4.6300     0.0826     0.0826     0.0506     0.0181      19323    13.4179     100.00     2.2307     1.9892         16 0.0000e+00
    504.963   80.41726  147.51428    511.000     0.3144     0.3144  29.401235  29.399225    34.8158    34.8131    298.000    280.441    -0.1709     4.6302     0.0829     0.0829     0.0505     0.0182      19347    13.4347     100.00     2.2301     1.9005         16 0.0000e+00
    505.950   80.41726  147.51426    512.000     0.3111     0.3112  29.398813  29.396744    34.8156    34.8128    297.908    298.140    -0.1426     4.6303     0.0829     0.0829     0.0504     0.0193      19371    13.4515     100.00     2.2292     1.9874         13 0.0000e+00
    506.937   80.41726  147.51424    513.000     0.3105     0.3105  29.398743  29.396668    34.8156    34.8129    297.857    303.520    -0.1333     4.6292     0.0826     0.0826     0.0513     0.0196      19396    13.4685     100.00     2.2287     2.0137         16 0.0000e+00
    507.924   80.41726  147.51422    514.000     0.3100     0.3100  29.398708  29.396577    34.8156    34.8128    297.870    289.448    -0.1620     4.6299     0.0816     0.0816     0.0507     0.0185      19420    13.4852     100.00     2.2285     1.9442         14 0.0000e+00
    508.911   80.41726  147.51421    515.000     0.3099     0.3098  29.398975  29.396881    34.8155    34.8128    297.868    279.747    -0.1648     4.6290     0.0836     0.0836     0.0516     0.0184      19444    13.5019     100.00     2.2283     1.8962         14 0.0000e+00
    509.898   80.41726  147.51419    516.000     0.3084     0.3086  29.398076  29.396219    34.8154    34.8128    297.731    288.375    -0.1325     4.6295     0.0849     0.0849     0.0510     0.0197      19468    13.5188     100.00     2.2272     1.9384         15 0.0000e+00
    510.885   80.41726  147.51417    517.000     0.3079     0.3080  29.398153  29.396124    34.8155    34.8127    297.774    287.143    -0.1402     4.6291     0.0843     0.0843     0.0515     0.0194      19493    13.5359     100.00     2.2272     1.9322         18 0.0000e+00
    511.872   80.41726  147.51416    518.000     0.3081     0.3084  29.398849  29.396848    34.8156    34.8126    297.814    294.855    -0.1723     4.6302     0.0835     0.0835     0.0504     0.0181      19517    13.5525     100.00     2.2272     1.9700         15 0.0000e+00
    512.859   80.41726  147.51414    519.000     0.3062     0.3063  29.397509  29.395441    34.8154    34.8125    297.853    301.097    -0.1359     4.6300     0.0831     0.0831     0.0506     0.0195      19541    13.5695     100.00     2.2271     2.0004         19 0.0000e+00
    513.846   80.41726  147.51413    520.000     0.3022     0.3018  29.394294  29.391990    34.8151    34.8125    297.971    293.028    -0.1469     4.6300     0.0835     0.0835     0.0506     0.0191      19565    13.5863     100.00     2.2273     1.9603         17 0.0000e+00
    514.833   80.41726  147.51411    521.000     0.2939     0.2937  29.387854  29.385615    34.8154    34.8127    298.151    296.286    -0.1678     4.6307     0.0831     0.0831     0.0501     0.0183      19589    13.6030     100.00     2.2277     1.9758         15 0.0000e+00
    515.819   80.41726  147.51410    522.000     0.2908     0.2906  29.385549  29.383347    34.8152    34.8126    298.265    293.867    -0.1493     4.6300     0.0839     0.0839     0.0506     0.0190      19614    13.6199     100.00     2.2280     1.9636         16 0.0000e+00
    516.807   80.41726  147.51408    523.000     0.2892     0.2886  29.384547  29.381909    34.8152    34.8123    298.293    297.631    -0.1519     4.6300     0.0839     0.0839     0.0506     0.0189      19638    13.6368     100.00     2.2278     1.9818         18 0.0000e+00
