Continuous CTD Data/SBE Stage/nabos_16_01.ros
* Sea-Bird SBE 9 Data File:
* FileName = D:\CTD\data\HLY2502\raw\NABOS_16_01.hex
* Software Version Seasave V 7.26.7.110
* Temperature SN = 6954
* Conductivity SN = 2561
* Number of Bytes Per Scan = 37
* Number of Voltage Words = 4
* Number of Scans Averaged by the Deck Unit = 1
* NMEA Latitude = 77 05.32 N
* NMEA Longitude = 179 06.61 E
* NMEA UTC (Time) = Sep 17 2025  05:37:32
* NMEA baud rate = 9600
** Ship: USCG HEALY
** Bot. Depth:  1069
** Cast Number:  01
** Station Name:  NABOS
** Station Number:  16
** Operator:  STARC
# nquan = 25
# nvalues = 980                                   
# units = specified
# name 0 = depSM: Depth [salt water, m]
# name 1 = latitude: Latitude [deg]
# name 2 = longitude: Longitude [deg]
# name 3 = prDM: Pressure, Digiquartz [db]
# name 4 = t090C: Temperature [ITS-90, deg C]
# name 5 = t190C: Temperature, 2 [ITS-90, deg C]
# name 6 = c0mS/cm: Conductivity [mS/cm]
# name 7 = c1mS/cm: Conductivity, 2 [mS/cm]
# name 8 = sal00: Salinity, Practical [PSU]
# name 9 = sal11: Salinity, Practical, 2 [PSU]
# name 10 = sbox0Mm/Kg: Oxygen, SBE 43 [umol/kg]
# name 11 = sbox1Mm/Kg: Oxygen, SBE 43, 2 [umol/kg]
# name 12 = flECO-AFL: Fluorescence, WET Labs ECO-AFL/FL [mg/m^3]
# name 13 = v2: Voltage 2
# name 14 = wetCDOM: Fluorescence, WET Labs CDOM [mg/m^3]
# name 15 = v6: Voltage 6
# name 16 = CStarAt0: Beam Attenuation, WET Labs C-Star [1/m]
# name 17 = v3: Voltage 3
# name 18 = scan: Scan Count
# name 19 = timeM: Time, Elapsed [minutes]
# name 20 = altM: Altimeter [m]
# name 21 = sbeox0V: Oxygen raw, SBE 43 [V]
# name 22 = sbeox1V: Oxygen raw, SBE 43, 2 [V]
# name 23 = nbf: Bottles Fired
# name 24 = flag:  0.000e+00
# interval = seconds: 0.0416667
# start_time = Sep 17 2025 05:37:32 [NMEA time, header]
# bad_flag = -9.990e-29
*END*
[from data line 638]
     70.146   77.09460  179.13514     70.901    -1.4575    -1.4681  26.726689  26.712842    33.4815    33.4743    289.804    284.519    -0.0755     4.6618     0.1087     0.1087     0.0233     0.0220      97095    67.4264     100.00     2.1739     1.9131         14  0.000e+00
     70.088   77.09460  179.13514     70.843    -1.4575    -1.4683  26.727228  26.713123    33.4823    33.4750    290.010    284.767    -0.0755     4.6618     0.1087     0.1087     0.0233     0.0220      97096    67.4271     100.00     2.1751     1.9143         14  0.000e+00
     70.080   77.09460  179.13514     70.834    -1.4571    -1.4681  26.727168  26.713911    33.4818    33.4758    289.797    285.261    -0.1061     4.6618     0.1087     0.1087     0.0233     0.0208      97097    67.4278     100.00     2.1739     1.9167         14  0.000e+00
     70.088   77.09460  179.13514     70.843    -1.4572    -1.4667  26.727647  26.715769    33.4825    33.4768    290.007    285.496    -0.1061     4.6618     0.1087     0.1087     0.0233     0.0208      97098    67.4285     100.00     2.1751     1.9180         14  0.000e+00
     70.088   77.09460  179.13514     70.843    -1.4572    -1.4662  26.728066  26.718246    33.4831    33.4796    290.006    285.983    -0.0755     4.6618     0.1087     0.1087     0.0233     0.0220      97099    67.4292     100.00     2.1751     1.9204         14  0.000e+00
     70.146   77.09460  179.13514     70.901    -1.4571    -1.4646  26.727826  26.720273    33.4826    33.4806    289.798    286.219    -0.0755     4.6618     0.1087     0.1087     0.0233     0.0220      97100    67.4299     100.00     2.1739     1.9216         14  0.000e+00
     70.138   77.09460  179.13514     70.893    -1.4581    -1.4633  26.726689  26.720723    33.4822    33.4798    289.807    285.960    -0.0755     4.6606     0.1087     0.1087     0.0243     0.0220      97101    67.4306     100.00     2.1739     1.9204         14  0.000e+00
     70.088   77.09460  179.13514     70.843    -1.4577    -1.4629  26.726569  26.720723    33.4816    33.4794    289.592    285.956    -0.1061     4.6606     0.1099     0.1099     0.0243     0.0208      97102    67.4313     100.00     2.1726     1.9204         14  0.000e+00
     70.088   77.09460  179.13514     70.843    -1.4576    -1.4626  26.726449  26.719935    33.4813    33.4779    289.803    285.707    -0.1061     4.6618     0.1099     0.1099     0.0233     0.0208      97103    67.4319     100.00     2.1739     1.9192         14  0.000e+00
     70.138   77.09460  179.13514     70.893    -1.4588    -1.4623  26.723995  26.719710    33.4792    33.4773    289.820    285.708    -0.1061     4.6618     0.1087     0.1087     0.0233     0.0208      97104    67.4326     100.00     2.1739     1.9192         14  0.000e+00
     70.088   77.09460  179.13514     70.843    -1.4615    -1.4626  26.720523  26.719766    33.4775    33.4777    290.056    285.458    -0.0755     4.6618     0.1087     0.1087     0.0233     0.0220      97105    67.4333     100.00     2.1751     1.9180         14  0.000e+00
     70.088   77.09460  179.13514     70.843    -1.4638    -1.4620  26.718429  26.720104    33.4772    33.4775    290.077    284.706    -0.0755     4.6618     0.1087     0.1087     0.0233     0.0220      97106    67.4340     100.00     2.1751     1.9143         14  0.000e+00
     70.088   77.09460  179.13514     70.843    -1.4642    -1.4619  26.718249  26.720385    33.4775    33.4777    289.870    284.704    -0.1061     4.6618     0.1087     0.1087     0.0233     0.0208      97107    67.4347     100.00     2.1739     1.9143         14  0.000e+00
     70.138   77.09460  179.13514     70.893    -1.4636    -1.4618  26.720524  26.721230    33.4799    33.4788    289.861    284.703    -0.1061     4.6618     0.1087     0.1087     0.0233     0.0208      97108    67.4354     100.00     2.1739     1.9143         14  0.000e+00
     70.088   77.09460  179.13514     70.843    -1.4623    -1.4611  26.723696  26.722243    33.4828    33.4794    289.841    284.943    -0.1061     4.6606     0.1087     0.1087     0.0243     0.0208      97109    67.4361     100.00     2.1739     1.9155         14  0.000e+00
     70.088   77.09460  179.13514     70.843    -1.4611    -1.4603  26.724534  26.723088    33.4825    33.4797    289.830    285.184    -0.1061     4.6618     0.1087     0.1087     0.0233     0.0208      97110    67.4368     100.00     2.1739     1.9167         14  0.000e+00
     70.146   77.09460  179.13514     70.901    -1.4615    -1.4597  26.722858  26.723088    33.4807    33.4790    289.841    285.432    -0.0755     4.6618     0.1087     0.1087     0.0233     0.0220      97111    67.4375     100.00     2.1739     1.9180         14  0.000e+00
     70.080   77.09460  179.13514     70.834    -1.4630    -1.4597  26.720164  26.723031    33.4787    33.4789    290.066    285.679    -0.0755     4.6618     0.1087     0.1087     0.0233     0.0220      97112    67.4382     100.00     2.1751     1.9192         14  0.000e+00
     70.088   77.09460  179.13514     70.843    -1.4646    -1.4598  26.719207  26.723031    33.4792    33.4791    289.869    285.431    -0.0755     4.6618     0.1087     0.1087     0.0233     0.0220      97113    67.4389     100.00     2.1739     1.9180         14  0.000e+00
     70.146   77.09460  179.13514     70.901    -1.4636    -1.4598  26.721841  26.723369    33.4817    33.4795    289.857    284.934    -0.0755     4.6618     0.1087     0.1087     0.0233     0.0220      97114    67.4396     100.00     2.1739     1.9155         14  0.000e+00
     70.080   77.09460  179.13514     70.834    -1.4611    -1.4594  26.725612  26.723819    33.4840    33.4797    289.616    284.678    -0.1061     4.6618     0.1087     0.1087     0.0233     0.0208      97115    67.4403     100.00     2.1726     1.9143         14  0.000e+00
     70.088   77.09460  179.13514     70.843    -1.4590    -1.4588  26.727946  26.724214    33.4850    33.4796    289.596    284.424    -0.1061     4.6618     0.1087     0.1087     0.0233     0.0208      97116    67.4410     100.00     2.1726     1.9131         14  0.000e+00
     70.146   77.09460  179.13514     70.901    -1.4581    -1.4583  26.728485  26.724495    33.4847    33.4794    289.591    284.422    -0.1061     4.6618     0.1099     0.1099     0.0233     0.0208      97117    67.4417     100.00     2.1726     1.9131         14  0.000e+00
     70.088   77.09460  179.13514     70.843    -1.4575    -1.4582  26.728784  26.725114    33.4844    33.4801    289.584    284.667    -0.0755     4.6618     0.1074     0.1074     0.0233     0.0220      97118    67.4424     100.00     2.1726     1.9143         14  0.000e+00
     70.138   77.09460  179.13514     70.893    -1.4570    -1.4582  26.729084  26.725114    33.4843    33.4801    289.582    284.918    -0.0755     4.6618     0.1074     0.1074     0.0233     0.0220      97119    67.4431     100.00     2.1726     1.9155         14  0.000e+00
     70.088   77.09460  179.13514     70.843    -1.4567    -1.4580  26.728784  26.724664    33.4836    33.4793    289.579    285.165    -0.1061     4.6618     0.1074     0.1074     0.0233     0.0208      97120    67.4437     100.00     2.1726     1.9167         14  0.000e+00
     70.088   77.09460  179.13514     70.843    -1.4572    -1.4579  26.728485  26.725340    33.4837    33.4801    289.793    285.412    -0.0755     4.6618     0.1074     0.1074     0.0233     0.0220      97121    67.4444     100.00     2.1739     1.9180         14  0.000e+00
     70.138   77.09460  179.13514     70.893    -1.4573    -1.4573  26.727527  26.725621    33.4824    33.4798    289.799    285.409    -0.0755     4.6618     0.1074     0.1074     0.0233     0.0220      97122    67.4451     100.00     2.1739     1.9180         14  0.000e+00
     70.088   77.09460  179.13514     70.843    -1.4592    -1.4572  26.724654  26.725790    33.4806    33.4800    289.608    285.406    -0.0755     4.6618     0.1074     0.1074     0.0233     0.0220      97123    67.4458     100.00     2.1726     1.9180         14  0.000e+00
     70.088   77.09460  179.13516     70.843    -1.4623    -1.4572  26.721062  26.725452    33.4791    33.4795    289.849    285.407    -0.0755     4.6618     0.1062     0.1062     0.0233     0.0220      97124    67.4465     100.00     2.1739     1.9180         14  0.000e+00
     70.088   77.09460  179.13516     70.843    -1.4649    -1.4566  26.718608  26.725114    33.4787    33.4784    289.662    285.654    -0.0755     4.6618     0.1074     0.1074     0.0233     0.0220      97125    67.4472     100.00     2.1726     1.9192         14  0.000e+00
     70.138   77.09460  179.13516     70.893    -1.4670    -1.4566  26.716334  26.726128    33.4779    33.4797    289.895    285.652    -0.1061     4.6618     0.1074     0.1074     0.0233     0.0208      97126    67.4479     100.00     2.1739     1.9192         14  0.000e+00
     70.088   77.09460  179.13516     70.843    -1.4681    -1.4562  26.715257  26.726972    33.4777    33.4805    289.693    285.396    -0.1061     4.6618     0.1062     0.1062     0.0233     0.0208      97127    67.4486     100.00     2.1726     1.9180         14  0.000e+00
     70.088   77.09460  179.13516     70.843    -1.4681    -1.4563  26.714778  26.726747    33.4770    33.4803    289.694    285.397    -0.1061     4.6618     0.1062     0.1062     0.0233     0.0208      97128    67.4493     100.00     2.1726     1.9180         14  0.000e+00
     70.146   77.09460  179.13516     70.901    -1.4682    -1.4566  26.714538  26.726409    33.4768    33.4801    289.698    285.652    -0.0755     4.6618     0.1074     0.1074     0.0233     0.0220      97129    67.4500     100.00     2.1726     1.9192         14  0.000e+00
     70.080   77.09460  179.13516     70.834    -1.4684    -1.4563  26.714119  26.726691    33.4765    33.4802    289.698    285.646    -0.0755     4.6618     0.1074     0.1074     0.0233     0.0220      97130    67.4507     100.00     2.1726     1.9192         14  0.000e+00
     70.146   77.09460  179.13516     70.901    -1.4688    -1.4562  26.714000  26.726860    33.4767    33.4803    289.703    285.399    -0.1061     4.6618     0.1074     0.1074     0.0233     0.0208      97131    67.4514     100.00     2.1726     1.9180         14  0.000e+00
     70.088   77.09460  179.13516     70.843    -1.4684    -1.4566  26.714000  26.727254    33.4763    33.4813    289.488    285.149    -0.1061     4.6618     0.1074     0.1074     0.0233     0.0208      97132    67.4521     100.00     2.1714     1.9167         14  0.000e+00
     70.080   77.09460  179.13516     70.834    -1.4687    -1.4565  26.714179  26.727198    33.4769    33.4811    289.699    284.649    -0.0755     4.6618     0.1062     0.1062     0.0233     0.0220      97133    67.4528     100.00     2.1726     1.9143         14  0.000e+00
     70.146   77.09460  179.13516     70.901    -1.4695    -1.4571  26.713282  26.726522    33.4764    33.4808    289.709    284.409    -0.0755     4.6618     0.1074     0.1074     0.0233     0.0220      97134    67.4535     100.00     2.1726     1.9131         14  0.000e+00
     70.088   77.09460  179.13516     70.843    -1.4701    -1.4586  26.711965  26.725002    33.4754    33.4804    289.715    284.171    -0.0755     4.6618     0.1074     0.1074     0.0233     0.0220      97135    67.4542     100.00     2.1726     1.9119         14  0.000e+00
     70.088   77.09460  179.13516     70.843    -1.4707    -1.4592  26.711127  26.723369    33.4749    33.4789    289.511    284.678    -0.1061     4.6618     0.1074     0.1074     0.0233     0.0208      97136    67.4549     100.00     2.1714     1.9143         14  0.000e+00
     70.080   77.09460  179.13516     70.834    -1.4713    -1.4607  26.710349  26.721567    33.4745    33.4781    289.728    284.942    -0.1061     4.6618     0.1074     0.1074     0.0233     0.0208      97137    67.4556     100.00     2.1726     1.9155         14  0.000e+00
     70.146   77.09460  179.13516     70.901    -1.4717    -1.4620  26.710349  26.719822    33.4749    33.4770    289.733    285.456    -0.0755     4.6618     0.1062     0.1062     0.0233     0.0220      97138    67.4562     100.00     2.1726     1.9180         14  0.000e+00
     70.088   77.09460  179.13516     70.843    -1.4718    -1.4624  26.710947  26.718809    33.4758    33.4762    289.518    285.459    -0.1061     4.6618     0.1074     0.1074     0.0233     0.0208      97139    67.4569     100.00     2.1714     1.9180         14  0.000e+00
     70.138   77.09460  179.13516     70.893    -1.4707    -1.4644  26.712504  26.717064    33.4768    33.4760    289.508    285.479    -0.1061     4.6618     0.1074     0.1074     0.0233     0.0208      97140    67.4576     100.00     2.1714     1.9180         14  0.000e+00
     70.088   77.09460  179.13516     70.843    -1.4693    -1.4665  26.714718  26.715262    33.4783    33.4759    289.281    285.495    -0.0755     4.6618     0.1074     0.1074     0.0233     0.0220      97141    67.4583     100.00     2.1702     1.9180         14  0.000e+00
     70.088   77.09460  179.13516     70.843    -1.4667    -1.4677  26.717531  26.713630    33.4792    33.4750    289.466    285.009    -0.0755     4.6606     0.1062     0.1062     0.0243     0.0220      97142    67.4590     100.00     2.1714     1.9155         14  0.000e+00
     55.269   77.09476  179.13582     55.862    -1.6953    -1.6976  26.031314  26.026426    32.7947    32.7905    342.881    337.575    -0.0450     4.6606     0.1123     0.1123     0.0243     0.0232      99715    69.2458     100.00     2.4607     2.1559         15  0.000e+00
     55.310   77.09476  179.13584     55.904    -1.6954    -1.6976  26.031136  26.026315    32.7945    32.7903    342.885    337.829    -0.0450     4.6606     0.1123     0.1123     0.0243     0.0232      99716    69.2465     100.00     2.4607     2.1572         15  0.000e+00
     55.310   77.09476  179.13584     55.904    -1.6951    -1.6977  26.031077  26.026148    32.7941    32.7902    342.883    338.082    -0.0450     4.6606     0.1123     0.1123     0.0243     0.0232      99717    69.2472     100.00     2.4607     2.1584         15  0.000e+00
     55.269   77.09476  179.13584     55.862    -1.6954    -1.6980  26.031076  26.025980    32.7945    32.7904    342.883    338.335    -0.0450     4.6606     0.1123     0.1123     0.0243     0.0232      99718    69.2479     100.00     2.4607     2.1596         15  0.000e+00
     55.310   77.09476  179.13584     55.904    -1.6954    -1.6980  26.030899  26.025702    32.7943    32.7899    342.886    338.338    -0.0450     4.6606     0.1123     0.1123     0.0243     0.0232      99719    69.2486     100.00     2.4607     2.1596         15  0.000e+00
     55.327   77.09476  179.13584     55.920    -1.6954    -1.6983  26.031017  26.025646    32.7944    32.7902    342.886    338.341    -0.0755     4.6606     0.1123     0.1123     0.0243     0.0220      99720    69.2493     100.00     2.4607     2.1596         15  0.000e+00
     55.310   77.09476  179.13584     55.904    -1.6954    -1.6985  26.030661  26.025479    32.7939    32.7902    342.887    338.091    -0.0450     4.6606     0.1123     0.1123     0.0243     0.0232      99721    69.2500     100.00     2.4607     2.1584         15  0.000e+00
     55.327   77.09476  179.13584     55.920    -1.6956    -1.6985  26.030543  26.025590    32.7939    32.7903    342.889    337.839    -0.0450     4.6606     0.1123     0.1123     0.0243     0.0232      99722    69.2507     100.00     2.4607     2.1572         15  0.000e+00
     55.253   77.09476  179.13584     55.846    -1.6957    -1.6983  26.030365  26.025255    32.7939    32.7897    342.887    337.835    -0.0755     4.6606     0.1123     0.1123     0.0243     0.0220      99723    69.2514     100.00     2.4607     2.1572         15  0.000e+00
