Continuous CTD Data/SBE Stage/nabos_21_02.ros
* Sea-Bird SBE 9 Data File:
* FileName = D:\CTD\data\HLY2502\raw\NABOS_21_02.hex
* Software Version Seasave V 7.26.7.110
* Temperature SN = 6954
* Conductivity SN = 2561
* Number of Bytes Per Scan = 37
* Number of Voltage Words = 4
* Number of Scans Averaged by the Deck Unit = 1
* NMEA Latitude = 78 57.26 N
* NMEA Longitude = 173 33.57 E
* NMEA UTC (Time) = Sep 18 2025  15:43:10
* NMEA baud rate = 9600
** Ship: USCG HEALY
** Bot. Depth:  2477
** Cast Number:  02
** Station Name:  NABOS
** Station Number:  21
** Operator:  STARC
# nquan = 25
# nvalues = 1176                                  
# units = specified
# name 0 = depSM: Depth [salt water, m]
# name 1 = latitude: Latitude [deg]
# name 2 = longitude: Longitude [deg]
# name 3 = prDM: Pressure, Digiquartz [db]
# name 4 = t090C: Temperature [ITS-90, deg C]
# name 5 = t190C: Temperature, 2 [ITS-90, deg C]
# name 6 = c0mS/cm: Conductivity [mS/cm]
# name 7 = c1mS/cm: Conductivity, 2 [mS/cm]
# name 8 = sal00: Salinity, Practical [PSU]
# name 9 = sal11: Salinity, Practical, 2 [PSU]
# name 10 = sbox0Mm/Kg: Oxygen, SBE 43 [umol/kg]
# name 11 = sbox1Mm/Kg: Oxygen, SBE 43, 2 [umol/kg]
# name 12 = flECO-AFL: Fluorescence, WET Labs ECO-AFL/FL [mg/m^3]
# name 13 = v2: Voltage 2
# name 14 = wetCDOM: Fluorescence, WET Labs CDOM [mg/m^3]
# name 15 = v6: Voltage 6
# name 16 = CStarAt0: Beam Attenuation, WET Labs C-Star [1/m]
# name 17 = v3: Voltage 3
# name 18 = scan: Scan Count
# name 19 = timeM: Time, Elapsed [minutes]
# name 20 = altM: Altimeter [m]
# name 21 = sbeox0V: Oxygen raw, SBE 43 [V]
# name 22 = sbeox1V: Oxygen raw, SBE 43, 2 [V]
# name 23 = nbf: Bottles Fired
# name 24 = flag:  0.000e+00
# interval = seconds: 0.0416667
# start_time = Sep 18 2025 15:43:10 [NMEA time, header]
# bad_flag = -9.990e-29
*END*
[from data line 348]
    250.096   78.97102  173.60498    252.917     0.8288     0.8292  29.703015  29.701108    34.7838    34.7809    294.835    287.515    -0.1671     4.6716     0.0818     0.0818     0.0149     0.0183     165637   115.0250     100.00     2.2972     2.0058          8  0.000e+00
    250.096   78.97102  173.60498    252.917     0.8286     0.8294  29.703201  29.701460    34.7843    34.7811    294.836    287.749    -0.1976     4.6716     0.0818     0.0818     0.0149     0.0171     165638   115.0257     100.00     2.2972     2.0071          8  0.000e+00
    250.096   78.97102  173.60498    252.917     0.8288     0.8293  29.702828  29.701460    34.7835    34.7812    294.835    287.513    -0.1671     4.6716     0.0830     0.0830     0.0149     0.0183     165639   115.0264     100.00     2.2972     2.0058          8  0.000e+00
    250.096   78.97102  173.60498    252.917     0.8287     0.8294  29.702703  29.701460    34.7835    34.7811    294.836    287.749    -0.1671     4.6716     0.0818     0.0818     0.0149     0.0183     165640   115.0271     100.00     2.2972     2.0071          8  0.000e+00
    250.096   78.97102  173.60498    252.917     0.8289     0.8294  29.703077  29.701752    34.7838    34.7814    294.834    287.511    -0.1671     4.6716     0.0818     0.0818     0.0149     0.0183     165641   115.0278     100.00     2.2972     2.0058          8  0.000e+00
    250.153   78.97102  173.60498    252.975     0.8290     0.8294  29.703077  29.701343    34.7836    34.7809    294.836    287.515    -0.1671     4.6716     0.0818     0.0818     0.0149     0.0183     165642   115.0285     100.00     2.2972     2.0058          8  0.000e+00
    250.096   78.97102  173.60498    252.917     0.8289     0.8293  29.702579  29.701225    34.7831    34.7809    294.835    287.750    -0.1671     4.6716     0.0818     0.0818     0.0149     0.0183     165643   115.0292     100.00     2.2972     2.0071          8  0.000e+00
    250.038   78.97102  173.60498    252.858     0.8288     0.8292  29.702454  29.701225    34.7831    34.7811    294.834    287.749    -0.1671     4.6716     0.0818     0.0818     0.0149     0.0183     165644   115.0299     100.00     2.2972     2.0071          8  0.000e+00
    250.096   78.97102  173.60498    252.917     0.8286     0.8292  29.702641  29.701401    34.7836    34.7813    294.637    287.987    -0.1976     4.6716     0.0818     0.0818     0.0149     0.0171     165645   115.0306     100.00     2.2960     2.0083          8  0.000e+00
    250.096   78.97102  173.60498    252.917     0.8287     0.8293  29.702703  29.701284    34.7835    34.7810    294.836    287.986    -0.1976     4.6716     0.0818     0.0818     0.0149     0.0171     165646   115.0313     100.00     2.2972     2.0083          8  0.000e+00
    250.162   78.97102  173.60498    252.983     0.8289     0.8294  29.702953  29.701226    34.7836    34.7808    294.637    288.225    -0.1671     4.6716     0.0818     0.0818     0.0149     0.0183     165647   115.0319     100.00     2.2960     2.0095          8  0.000e+00
    250.096   78.97102  173.60498    252.917     0.8292     0.8292  29.703015  29.701401    34.7833    34.7813    294.832    288.460    -0.1671     4.6716     0.0818     0.0818     0.0149     0.0183     165648   115.0326     100.00     2.2972     2.0107          8  0.000e+00
    250.096   78.97102  173.60498    252.917     0.8295     0.8292  29.703388  29.701284    34.7835    34.7812    294.829    288.460    -0.1976     4.6716     0.0830     0.0830     0.0149     0.0171     165649   115.0333     100.00     2.2972     2.0107          8  0.000e+00
    250.096   78.97102  173.60498    252.917     0.8294     0.8293  29.703139  29.701460    34.7833    34.7812    294.830    288.222    -0.1671     4.6703     0.0830     0.0830     0.0159     0.0183     165650   115.0340     100.00     2.2972     2.0095          8  0.000e+00
    250.096   78.97102  173.60498    252.917     0.8298     0.8293  29.703388  29.701050    34.7832    34.7807    294.827    288.223    -0.1671     4.6716     0.0818     0.0818     0.0149     0.0183     165651   115.0347     100.00     2.2972     2.0095          8  0.000e+00
    250.096   78.97102  173.60498    252.917     0.8298     0.8292  29.703761  29.700933    34.7836    34.7807    294.826    288.461    -0.1671     4.6716     0.0818     0.0818     0.0149     0.0183     165652   115.0354     100.00     2.2972     2.0107          8  0.000e+00
    250.096   78.97102  173.60498    252.917     0.8295     0.8290  29.703201  29.701167    34.7833    34.7811    294.830    288.461    -0.1671     4.6716     0.0818     0.0818     0.0149     0.0183     165653   115.0361     100.00     2.2972     2.0107          8  0.000e+00
    250.162   78.97102  173.60498    252.983     0.8294     0.8292  29.703015  29.700992    34.7831    34.7807    294.833    288.700    -0.1671     4.6716     0.0818     0.0818     0.0149     0.0183     165654   115.0368     100.00     2.2972     2.0120          8  0.000e+00
    250.096   78.97102  173.60498    252.917     0.8294     0.8293  29.703201  29.701284    34.7834    34.7810    294.830    288.932    -0.1671     4.6716     0.0818     0.0818     0.0149     0.0183     165655   115.0375     100.00     2.2972     2.0132          8  0.000e+00
    250.096   78.97102  173.60498    252.917     0.8292     0.8290  29.703077  29.701284    34.7835    34.7813    294.632    288.933    -0.1671     4.6716     0.0830     0.0830     0.0149     0.0183     165656   115.0382     100.00     2.2960     2.0132          8  0.000e+00
    250.096   78.97102  173.60498    252.917     0.8292     0.8292  29.702766  29.701226    34.7830    34.7811    294.832    288.933    -0.1671     4.6716     0.0818     0.0818     0.0149     0.0183     165657   115.0389     100.00     2.2972     2.0132          8  0.000e+00
    250.096   78.97102  173.60498    252.917     0.8290     0.8293  29.702703  29.701401    34.7832    34.7811    294.834    288.931    -0.1671     4.6716     0.0818     0.0818     0.0149     0.0183     165658   115.0396     100.00     2.2972     2.0132          8  0.000e+00
    250.096   78.97102  173.60498    252.917     0.8287     0.8293  29.702890  29.701284    34.7837    34.7810    294.835    288.695    -0.1671     4.6716     0.0818     0.0818     0.0149     0.0183     165659   115.0403     100.00     2.2972     2.0120          8  0.000e+00
    250.153   78.97102  173.60498    252.975     0.8284     0.8296  29.702579  29.701401    34.7836    34.7808    294.840    288.459    -0.1671     4.6716     0.0818     0.0818     0.0149     0.0183     165660   115.0410     100.00     2.2972     2.0107          8  0.000e+00
    250.038   78.97102  173.60498    252.858     0.8284     0.8290  29.702641  29.701460    34.7838    34.7816    294.835    288.457    -0.1366     4.6716     0.0818     0.0818     0.0149     0.0195     165661   115.0417     100.00     2.2972     2.0107          8  0.000e+00
    250.153   78.97102  173.60498    252.975     0.8289     0.8293  29.702704  29.701284    34.7833    34.7809    294.836    287.988    -0.1671     4.6716     0.0818     0.0818     0.0149     0.0183     165662   115.0424     100.00     2.2972     2.0083          8  0.000e+00
    250.096   78.97102  173.60498    252.917     0.8290     0.8292  29.702952  29.701226    34.7835    34.7811    294.833    287.987    -0.1671     4.6716     0.0818     0.0818     0.0149     0.0183     165663   115.0431     100.00     2.2972     2.0083          8  0.000e+00
    250.096   78.97102  173.60498    252.917     0.8289     0.8292  29.703015  29.701401    34.7837    34.7813    294.833    287.750    -0.1671     4.6716     0.0830     0.0830     0.0149     0.0183     165664   115.0438     100.00     2.2972     2.0071          8  0.000e+00
    250.162   78.97102  173.60498    252.983     0.8290     0.8292  29.703202  29.701284    34.7838    34.7811    294.835    287.989    -0.1671     4.6716     0.0818     0.0818     0.0149     0.0183     165665   115.0444     100.00     2.2972     2.0083          8  0.000e+00
    250.038   78.97102  173.60498    252.858     0.8291     0.8292  29.703077  29.701225    34.7836    34.7811    294.830    287.984    -0.1976     4.6716     0.0830     0.0830     0.0149     0.0171     165666   115.0451     100.00     2.2972     2.0083          8  0.000e+00
    250.153   78.97102  173.60498    252.975     0.8295     0.8294  29.703201  29.701401    34.7832    34.7810    294.831    287.987    -0.1976     4.6716     0.0818     0.0818     0.0149     0.0171     165667   115.0458     100.00     2.2972     2.0083          8  0.000e+00
    250.096   78.97102  173.60498    252.917     0.8295     0.8293  29.703450  29.701518    34.7836    34.7813    294.828    287.985    -0.1671     4.6716     0.0818     0.0818     0.0149     0.0183     165668   115.0465     100.00     2.2972     2.0083          8  0.000e+00
    250.096   78.97102  173.60498    252.917     0.8298     0.8292  29.703761  29.701284    34.7836    34.7812    294.825    287.986    -0.1671     4.6716     0.0818     0.0818     0.0149     0.0183     165669   115.0472     100.00     2.2972     2.0083          8  0.000e+00
    250.096   78.97102  173.60498    252.917     0.8302     0.8293  29.704259  29.700991    34.7838    34.7806    294.821    288.223    -0.1671     4.6716     0.0818     0.0818     0.0149     0.0183     165670   115.0479     100.00     2.2972     2.0095          8  0.000e+00
    250.153   78.97102  173.60498    252.975     0.8305     0.8292  29.704571  29.700933    34.7839    34.7807    295.021    288.226    -0.1671     4.6716     0.0818     0.0818     0.0149     0.0183     165671   115.0486     100.00     2.2984     2.0095          8  0.000e+00
    250.038   78.97102  173.60498    252.858     0.8306     0.8293  29.704633  29.701342    34.7839    34.7811    294.816    288.220    -0.1671     4.6716     0.0830     0.0830     0.0149     0.0183     165672   115.0493     100.00     2.2972     2.0095          8  0.000e+00
    250.096   78.97102  173.60498    252.917     0.8309     0.8292  29.704633  29.701050    34.7836    34.7809    295.016    288.223    -0.1671     4.6728     0.0818     0.0818     0.0138     0.0183     165673   115.0500     100.00     2.2984     2.0095          8  0.000e+00
    250.153   78.97102  173.60498    252.975     0.8309     0.8293  29.704820  29.701401    34.7837    34.7811    294.818    288.224    -0.1671     4.6716     0.0830     0.0830     0.0149     0.0183     165674   115.0507     100.00     2.2972     2.0095          8  0.000e+00
    250.096   78.97102  173.60498    252.917     0.8311     0.8292  29.704944  29.701050    34.7838    34.7809    294.814    288.223    -0.1671     4.6716     0.0818     0.0818     0.0149     0.0183     165675   115.0514     100.00     2.2972     2.0095          8  0.000e+00
    250.096   78.97102  173.60498    252.917     0.8313     0.8292  29.704695  29.701284    34.7832    34.7812    294.814    288.459    -0.1671     4.6716     0.0818     0.0818     0.0149     0.0183     165676   115.0521     100.00     2.2972     2.0107          8  0.000e+00
    250.096   78.97102  173.60498    252.917     0.8312     0.8292  29.705006  29.701284    34.7837    34.7812    294.813    288.459    -0.1976     4.6716     0.0818     0.0818     0.0149     0.0171     165677   115.0528     100.00     2.2972     2.0107          8  0.000e+00
    250.153   78.97102  173.60498    252.975     0.8313     0.8290  29.705006  29.701226    34.7836    34.7812    294.815    288.462    -0.1671     4.6716     0.0818     0.0818     0.0149     0.0183     165678   115.0535     100.00     2.2972     2.0107          8  0.000e+00
    250.096   78.97102  173.60498    252.917     0.8308     0.8292  29.704944  29.701050    34.7841    34.7809    294.816    288.460    -0.1671     4.6716     0.0830     0.0830     0.0149     0.0183     165679   115.0542     100.00     2.2972     2.0107          8  0.000e+00
    250.162   78.97102  173.60498    252.983     0.8306     0.8290  29.704508  29.701343    34.7837    34.7813    295.021    288.225    -0.1671     4.6716     0.0818     0.0818     0.0149     0.0183     165680   115.0549     100.00     2.2984     2.0095          8  0.000e+00
    199.997   78.97130  173.60586    202.228     0.5037     0.5043  29.329410  29.327921    34.6922    34.6895    294.684    288.812    -0.1671     4.6691     0.0830     0.0830     0.0170     0.0183     169433   117.6611     100.00     2.2902     2.0075          9  0.000e+00
    200.030   78.97130  173.60586    202.261     0.5041     0.5043  29.329596  29.327863    34.6920    34.6895    294.682    288.814    -0.1671     4.6691     0.0830     0.0830     0.0170     0.0183     169434   117.6618     100.00     2.2902     2.0075          9  0.000e+00
    200.054   78.97130  173.60586    202.286     0.5039     0.5041  29.329162  29.327688    34.6916    34.6894    294.686    288.579    -0.1671     4.6691     0.0830     0.0830     0.0170     0.0183     169435   117.6625     100.00     2.2902     2.0063          9  0.000e+00
    199.997   78.97130  173.60586    202.228     0.5040     0.5041  29.329534  29.327804    34.6920    34.6896    294.481    288.339    -0.1671     4.6691     0.0830     0.0830     0.0170     0.0183     169436   117.6632     100.00     2.2890     2.0051          9  0.000e+00
    199.972   78.97130  173.60586    202.203     0.5041     0.5041  29.329905  29.327746    34.6924    34.6895    294.879    287.864    -0.1671     4.6691     0.0842     0.0842     0.0170     0.0183     169437   117.6639     100.00     2.2914     2.0026          9  0.000e+00
    199.997   78.97130  173.60586    202.228     0.5039     0.5040  29.329781  29.328096    34.6925    34.6902    294.682    287.628    -0.1671     4.6691     0.0830     0.0830     0.0170     0.0183     169438   117.6646     100.00     2.2902     2.0014          9  0.000e+00
    199.997   78.97130  173.60586    202.228     0.5039     0.5044  29.329719  29.328212    34.6923    34.6898    294.681    287.625    -0.1671     4.6691     0.0830     0.0830     0.0170     0.0183     169439   117.6653     100.00     2.2902     2.0014          9  0.000e+00
    200.054   78.97130  173.60586    202.286     0.5039     0.5043  29.329472  29.328212    34.6920    34.6899    294.685    287.628    -0.1366     4.6691     0.0830     0.0830     0.0170     0.0195     169440   117.6660     100.00     2.2902     2.0014          9  0.000e+00
    199.972   78.97130  173.60586    202.203     0.5039     0.5041  29.329410  29.327979    34.6920    34.6898    294.681    287.389    -0.1366     4.6691     0.0842     0.0842     0.0170     0.0195     169441   117.6667     100.00     2.2902     2.0002          9  0.000e+00
    199.997   78.97130  173.60586    202.228     0.5042     0.5040  29.329348  29.328096    34.6916    34.6901    294.881    287.390    -0.1366     4.6691     0.0830     0.0830     0.0170     0.0195     169442   117.6674     100.00     2.2914     2.0002          9  0.000e+00
    199.997   78.97130  173.60586    202.228     0.5039     0.5041  29.329596  29.328037    34.6922    34.6899    294.682    287.390    -0.1366     4.6691     0.0830     0.0830     0.0170     0.0195     169443   117.6681     100.00     2.2902     2.0002          9  0.000e+00
    200.030   78.97130  173.60586    202.261     0.5040     0.5041  29.329472  29.328154    34.6919    34.6900    294.883    287.628    -0.1366     4.6691     0.0830     0.0830     0.0170     0.0195     169444   117.6688     100.00     2.2914     2.0014          9  0.000e+00
    199.997   78.97130  173.60586    202.228     0.5040     0.5043  29.329410  29.328212    34.6918    34.6899    294.681    287.862    -0.1366     4.6691     0.0830     0.0830     0.0170     0.0195     169445   117.6694     100.00     2.2902     2.0026          9  0.000e+00
