Continuous CTD Data/SBE Stage/nabos_35_01avg.cnv
* Sea-Bird SBE 9 Data File:
* FileName = D:\CTD\data\HLY2502\raw\NABOS_35_01.hex
* Software Version Seasave V 7.26.7.110
* Temperature SN = 6954
* Conductivity SN = 2561
* Number of Bytes Per Scan = 37
* Number of Voltage Words = 4
* Number of Scans Averaged by the Deck Unit = 1
* NMEA Latitude = 79 33.18 N
* NMEA Longitude = 135 18.37 E
* NMEA UTC (Time) = Sep 24 2025  06:03:21
* NMEA baud rate = 9600
** Ship: USCG HEALY
** Bot. Depth:  3187
** Cast Number:  01
** Station Name:  NABOS
** Station Number:  35
** Operator:  STARC
** Cast to 1200 m
# nquan = 25
# nvalues = 1215                        
# units = specified
# name 0 = depSM: Depth [salt water, m]
# name 1 = latitude: Latitude [deg]
# name 2 = longitude: Longitude [deg]
# name 3 = prDM: Pressure, Digiquartz [db]
# name 4 = t090C: Temperature [ITS-90, deg C]
# name 5 = t190C: Temperature, 2 [ITS-90, deg C]
# name 6 = c0mS/cm: Conductivity [mS/cm]
# name 7 = c1mS/cm: Conductivity, 2 [mS/cm]
# name 8 = sal00: Salinity, Practical [PSU]
# name 9 = sal11: Salinity, Practical, 2 [PSU]
# name 10 = sbox0Mm/Kg: Oxygen, SBE 43 [umol/kg]
# name 11 = sbox1Mm/Kg: Oxygen, SBE 43, 2 [umol/kg]
# name 12 = flECO-AFL: Fluorescence, WET Labs ECO-AFL/FL [mg/m^3]
# name 13 = v2: Voltage 2
# name 14 = wetCDOM: Fluorescence, WET Labs CDOM [mg/m^3]
# name 15 = v6: Voltage 6
# name 16 = CStarAt0: Beam Attenuation, WET Labs C-Star [1/m]
# name 17 = v3: Voltage 3
# name 18 = scan: Scan Count
# name 19 = timeM: Time, Elapsed [minutes]
# name 20 = altM: Altimeter [m]
# name 21 = sbeox0V: Oxygen raw, SBE 43 [V]
# name 22 = sbeox1V: Oxygen raw, SBE 43, 2 [V]
# name 23 = nbin: number of scans per bin
# name 24 = flag: flag
# span 0 =      2.968,   1200.628       
# span 1 =   79.55303,   79.55473       
# span 2 =  135.29365,  135.30511       
# span 3 =      3.000,   1217.000       
# span 4 =    -1.8061,     1.6684       
# span 5 =    -1.8057,     1.6684       
# span 6 =  22.534718,  30.450110       
# span 7 =  22.532877,  30.448342       
# span 8 =    27.8492,    34.8780       
# span 9 =    27.8456,    34.8758       
# span 10 =    291.783,    375.714      
# span 11 =    288.282,    368.554      
# span 12 =    -0.1820,     0.5385      
# span 13 =     4.2656,     4.6252      
# span 14 =     0.0805,     0.1394      
# span 15 =     0.0805,     0.1394      
# span 16 =     0.0548,     0.3812      
# span 17 =     0.0177,     0.0465      
# span 18 =       4234,      39352      
# span 19 =     2.9399,    27.3273      
# span 20 =      87.76,     100.03      
# span 21 =     2.0234,     2.6352      
# span 22 =     1.7999,     2.2874      
# span 23 =          5,         26      
# span 24 = 0.0000e+00, 0.0000e+00      
# interval = decibars: 1                
# start_time = Sep 24 2025 06:03:21 [NMEA time, header]
# bad_flag = -9.990e-29
*END*
[from data line 232]
    232.385   79.55342  135.30169    235.000     1.6011     1.6011  30.399521  30.397825    34.8280    34.8258    295.491    290.488    -0.1671     4.6206     0.0830     0.0830     0.0588     0.0183      13585     9.4335     100.00     2.3462     2.0585         15 0.0000e+00
    233.373   79.55342  135.30168    236.000     1.6002     1.6002  30.399920  30.398305    34.8289    34.8268    295.595    290.691    -0.1480     4.6193     0.0830     0.0830     0.0599     0.0190      13610     9.4504     100.00     2.3466     2.0594         14 0.0000e+00
    234.361   79.55342  135.30167    237.000     1.6052     1.6053  30.406810  30.405153    34.8315    34.8293    295.442    289.955    -0.1528     4.6206     0.0828     0.0828     0.0588     0.0189      13633     9.4670     100.00     2.3457     2.0555         11 0.0000e+00
    235.350   79.55342  135.30166    238.000     1.6113     1.6116  30.414169  30.412705    34.8335    34.8313    295.388    290.227    -0.1668     4.6215     0.0820     0.0820     0.0580     0.0183      13658     9.4841     100.00     2.3455     2.0571         13 0.0000e+00
    236.338   79.55343  135.30165    239.000     1.6180     1.6183  30.421911  30.420345    34.8354    34.8331    295.317    290.554    -0.1482     4.6211     0.0818     0.0818     0.0584     0.0191      13682     9.5009     100.00     2.3452     2.0589         14 0.0000e+00
    237.326   79.55344  135.30164    240.000     1.6238     1.6239  30.428719  30.426928    34.8370    34.8346    295.206    290.298    -0.1304     4.6214     0.0822     0.0822     0.0581     0.0198      13706     9.5176     100.00     2.3445     2.0576         14 0.0000e+00
    238.315   79.55344  135.30163    241.000     1.6250     1.6250  30.430776  30.428869    34.8377    34.8353    295.295    289.483    -0.1315     4.6214     0.0830     0.0830     0.0581     0.0197      13729     9.5336     100.00     2.3449     2.0532         12 0.0000e+00
    239.303   79.55344  135.30162    242.000     1.6244     1.6242  30.431048  30.429139    34.8382    34.8360    295.651    290.236    -0.1315     4.6214     0.0828     0.0828     0.0581     0.0197      13753     9.5500     100.00     2.3469     2.0569         12 0.0000e+00
    240.291   79.55344  135.30162    243.000     1.6235     1.6234  30.431161  30.429368    34.8387    34.8365    295.758    290.609    -0.1293     4.6214     0.0818     0.0818     0.0581     0.0198      13778     9.5676     100.00     2.3473     2.0586         17 0.0000e+00
    241.279   79.55344  135.30161    244.000     1.6235     1.6234  30.431905  30.430081    34.8391    34.8369    295.769    290.341    -0.1305     4.6216     0.0817     0.0817     0.0579     0.0198      13803     9.5844     100.00     2.3471     2.0570         10 0.0000e+00
    242.267   79.55344  135.30160    245.000     1.6235     1.6235  30.432959  30.431081    34.8398    34.8375    295.852    291.084    -0.1643     4.6216     0.0830     0.0830     0.0579     0.0184      13827     9.6011     100.00     2.3474     2.0608          9 0.0000e+00
    243.256   79.55344  135.30160    246.000     1.6240     1.6240  30.434194  30.432410    34.8403    34.8380    295.894    290.681    -0.1324     4.6214     0.0819     0.0819     0.0581     0.0197      13851     9.6181     100.00     2.3475     2.0585         13 0.0000e+00
    244.244   79.55344  135.30159    247.000     1.6227     1.6227  30.433844  30.431986    34.8407    34.8383    295.858    290.702    -0.1659     4.6215     0.0818     0.0818     0.0580     0.0183      13874     9.6341     100.00     2.3469     2.0583         15 0.0000e+00
    245.232   79.55344  135.30158    248.000     1.6219     1.6217  30.433556  30.431730    34.8407    34.8385    295.808    290.650    -0.1643     4.6211     0.0823     0.0823     0.0584     0.0184      13897     9.6502     100.00     2.3463     2.0578         11 0.0000e+00
    246.220   79.55344  135.30158    249.000     1.6212     1.6212  30.433727  30.431967    34.8410    34.8388    295.871    290.556    -0.1344     4.6208     0.0831     0.0831     0.0586     0.0196      13923     9.6677     100.00     2.3465     2.0571         11 0.0000e+00
    247.209   79.55344  135.30158    250.000     1.6206     1.6203  30.434147  30.432159    34.8417    34.8394    295.958    290.812    -0.1391     4.6206     0.0822     0.0822     0.0589     0.0194      13948     9.6856     100.00     2.3467     2.0582         13 0.0000e+00
    248.197   79.55344  135.30157    251.000     1.6165     1.6163  30.431346  30.429348    34.8421    34.8397    296.034    291.078    -0.1686     4.6215     0.0811     0.0811     0.0580     0.0182      13973     9.7027     100.00     2.3468     2.0592         10 0.0000e+00
    249.185   79.55344  135.30156    252.000     1.6102     1.6099  30.426250  30.424257    34.8420    34.8397    296.257    290.823    -0.1644     4.6214     0.0817     0.0817     0.0581     0.0184      13997     9.7193     100.00     2.3476     2.0574          9 0.0000e+00
    250.173   79.55344  135.30156    253.000     1.6067     1.6061  30.423621  30.421430    34.8419    34.8398    296.421    291.044    -0.1529     4.6215     0.0818     0.0818     0.0580     0.0189      14020     9.7352     100.00     2.3482     2.0582         10 0.0000e+00
    251.162   79.55344  135.30156    254.000     1.5976     1.5965  30.415908  30.413310    34.8417    34.8396    296.483    290.762    -0.1312     4.6216     0.0818     0.0818     0.0579     0.0197      14043     9.7513     100.00     2.3478     2.0561          9 0.0000e+00
    252.150   79.55345  135.30155    255.000     1.5872     1.5870  30.407562  30.405604    34.8420    34.8397    296.385    291.535    -0.1479     4.6214     0.0836     0.0836     0.0581     0.0191      14069     9.7695     100.00     2.3465     2.0596         14 0.0000e+00
    253.138   79.55346  135.30154    256.000     1.5835     1.5832  30.404660  30.402643    34.8418    34.8396    296.445    291.007    -0.1681     4.6216     0.0820     0.0820     0.0579     0.0183      14096     9.7884     100.00     2.3464     2.0564         12 0.0000e+00
    254.126   79.55346  135.30154    257.000     1.5769     1.5766  30.399226  30.397155    34.8416    34.8394    296.440    290.957    -0.1328     4.6216     0.0825     0.0825     0.0579     0.0197      14121     9.8054     100.00     2.3458     2.0557         11 0.0000e+00
    255.114   79.55346  135.30154    258.000     1.5702     1.5698  30.393617  30.391522    34.8414    34.8391    296.405    291.107    -0.1315     4.6216     0.0822     0.0822     0.0579     0.0197      14144     9.8213     100.00     2.3450     2.0560         12 0.0000e+00
    256.103   79.55346  135.30154    259.000     1.5642     1.5640  30.389041  30.387097    34.8416    34.8393    296.433    291.128    -0.1228     4.6214     0.0822     0.0822     0.0581     0.0201      14166     9.8371     100.00     2.3446     2.0556         13 0.0000e+00
    257.091   79.55346  135.30154    260.000     1.5604     1.5600  30.386306  30.384191    34.8418    34.8395    296.516    291.354    -0.1667     4.6216     0.0823     0.0823     0.0579     0.0183      14191     9.8541     100.00     2.3447     2.0565         14 0.0000e+00
    258.079   79.55346  135.30153    261.000     1.5542     1.5540  30.381479  30.379495    34.8419    34.8397    296.513    291.997    -0.1692     4.6218     0.0812     0.0812     0.0577     0.0182      14217     9.8724     100.00     2.3441     2.0594         14 0.0000e+00
    259.067   79.55346  135.30152    262.000     1.5475     1.5469  30.375884  30.373706    34.8416    34.8395    296.418    291.083    -0.1698     4.6217     0.0829     0.0829     0.0578     0.0182      14243     9.8900     100.00     2.3429     2.0540         11 0.0000e+00
    260.055   79.55346  135.30152    263.000     1.5383     1.5379  30.368382  30.366257    34.8417    34.8395    296.434    291.439    -0.1672     4.6221     0.0818     0.0818     0.0575     0.0183      14266     9.9063     100.00     2.3422     2.0554         10 0.0000e+00
    261.044   79.55346  135.30152    264.000     1.5285     1.5282  30.360106  30.358042    34.8415    34.8392    296.455    291.650    -0.1732     4.6225     0.0829     0.0829     0.0572     0.0181      14289     9.9224     100.00     2.3416     2.0558         14 0.0000e+00
    262.032   79.55346  135.30152    265.000     1.5182     1.5177  30.351453  30.349334    34.8413    34.8391    296.481    291.621    -0.1468     4.6220     0.0830     0.0830     0.0576     0.0191      14313     9.9391     100.00     2.3410     2.0550         14 0.0000e+00
    263.020   79.55346  135.30151    266.000     1.5070     1.5066  30.342119  30.340062    34.8412    34.8391    296.698    291.239    -0.1351     4.6226     0.0830     0.0830     0.0571     0.0196      14339     9.9569     100.00     2.3415     2.0523         13 0.0000e+00
    264.008   79.55346  135.30150    267.000     1.5023     1.5021  30.338348  30.336406    34.8411    34.8389    296.859    291.067    -0.1534     4.6222     0.0830     0.0830     0.0574     0.0188      14364     9.9745     100.00     2.3420     2.0510         18 0.0000e+00
    264.996   79.55346  135.30150    268.000     1.4967     1.4964  30.333806  30.331617    34.8409    34.8385    296.873    291.446    -0.1420     4.6227     0.0826     0.0826     0.0570     0.0193      14388     9.9908     100.00     2.3416     2.0526         15 0.0000e+00
    265.984   79.55346  135.30150    269.000     1.4872     1.4867  30.325946  30.323817    34.8409    34.8387    296.715    292.137    -0.1585     4.6227     0.0821     0.0821     0.0570     0.0186      14411    10.0066     100.00     2.3399     2.0556         13 0.0000e+00
    266.973   79.55347  135.30150    270.000     1.4768     1.4760  30.316956  30.314608    34.8404    34.8383    296.593    291.973    -0.1702     4.6223     0.0838     0.0838     0.0573     0.0182      14434    10.0231     100.00     2.3384     2.0540         10 0.0000e+00
    267.961   79.55348  135.30149    271.000     1.4661     1.4659  30.308391  30.306364    34.8407    34.8385    296.662    292.197    -0.1650     4.6222     0.0809     0.0809     0.0574     0.0184      14462    10.0421     100.00     2.3380     2.0546         15 0.0000e+00
    268.949   79.55348  135.30148    272.000     1.4616     1.4614  30.304679  30.302683    34.8405    34.8382    296.728    292.243    -0.1365     4.6220     0.0829     0.0829     0.0576     0.0195      14487    10.0596     100.00     2.3379     2.0545         15 0.0000e+00
    269.937   79.55348  135.30148    273.000     1.4567     1.4566  30.300813  30.298931    34.8403    34.8381    296.741    291.942    -0.1366     4.6226     0.0830     0.0830     0.0571     0.0195      14510    10.0758     100.00     2.3375     2.0525         15 0.0000e+00
    270.925   79.55348  135.30148    274.000     1.4530     1.4527  30.297875  30.295734    34.8401    34.8378    296.690    292.288    -0.1595     4.6227     0.0829     0.0829     0.0570     0.0186      14532    10.0907     100.00     2.3368     2.0539          9 0.0000e+00
    271.913   79.55348  135.30146    275.000     1.4442     1.4437  30.290528  30.288417    34.8400    34.8378    296.571    292.183    -0.1346     4.6227     0.0814     0.0814     0.0570     0.0196      14556    10.1075     100.00     2.3353     2.0528         11 0.0000e+00
    272.901   79.55348  135.30146    276.000     1.4288     1.4281  30.277611  30.275262    34.8401    34.8378    296.711    291.744    -0.1693     4.6227     0.0822     0.0822     0.0570     0.0182      14583    10.1263     100.00     2.3351     2.0496         16 0.0000e+00
    273.890   79.55348  135.30146    277.000     1.4159     1.4156  30.267124  30.265061    34.8404    34.8381    296.849    291.900    -0.1651     4.6227     0.0823     0.0823     0.0570     0.0184      14609    10.1445     100.00     2.3351     2.0497         14 0.0000e+00
    274.877   79.55348  135.30146    278.000     1.4103     1.4100  30.262630  30.260604    34.8403    34.8380    297.019    291.547    -0.1699     4.6227     0.0814     0.0814     0.0570     0.0182      14633    10.1610     100.00     2.3356     2.0473         11 0.0000e+00
    275.866   79.55348  135.30146    279.000     1.4081     1.4081  30.261179  30.259206    34.8403    34.8378    297.076    292.212    -0.1699     4.6223     0.0808     0.0808     0.0573     0.0182      14655    10.1764     100.00     2.3356     2.0506         11 0.0000e+00
    276.854   79.55348  135.30144    280.000     1.4072     1.4070  30.260654  30.258733    34.8401    34.8378    297.125    292.155    -0.1671     4.6225     0.0815     0.0815     0.0571     0.0183      14678    10.1922     100.00     2.3356     2.0500         14 0.0000e+00
    277.842   79.55348  135.30144    281.000     1.4025     1.4022  30.256878  30.254878    34.8399    34.8377    297.199    292.110    -0.1693     4.6223     0.0817     0.0817     0.0573     0.0182      14702    10.2090     100.00     2.3356     2.0494         13 0.0000e+00
    278.830   79.55348  135.30144    282.000     1.3979     1.3976  30.253181  30.251201    34.8397    34.8374    297.381    291.918    -0.1374     4.6222     0.0828     0.0828     0.0574     0.0195      14729    10.2280     100.00     2.3363     2.0480         13 0.0000e+00
    279.818   79.55348  135.30144    283.000     1.3862     1.3854  30.243362  30.240880    34.8396    34.8372    297.561    292.034    -0.1340     4.6227     0.0818     0.0818     0.0570     0.0196      14754    10.2454     100.00     2.3365     2.0479         11 0.0000e+00
    280.806   79.55348  135.30142    284.000     1.3705     1.3699  30.230347  30.228244    34.8398    34.8378    297.344    291.863    -0.1366     4.6217     0.0816     0.0816     0.0578     0.0195      14779    10.2622     100.00     2.3341     2.0461         11 0.0000e+00
    281.794   79.55348  135.30142    285.000     1.3658     1.3657  30.226899  30.225026    34.8400    34.8377    297.153    292.239    -0.1665     4.6227     0.0823     0.0823     0.0570     0.0183      14800    10.2768     100.00     2.3324     2.0477          9 0.0000e+00
    282.782   79.55348  135.30142    286.000     1.3616     1.3610  30.223507  30.221343    34.8398    34.8376    297.003    292.590    -0.1310     4.6223     0.0830     0.0830     0.0574     0.0197      14823    10.2928     100.00     2.3311     2.0491         13 0.0000e+00
    283.770   79.55348  135.30142    287.000     1.3519     1.3514  30.215565  30.213303    34.8398    34.8374    296.943    292.142    -0.1318     4.6222     0.0833     0.0833     0.0575     0.0197      14847    10.3100     100.00     2.3300     2.0462         13 0.0000e+00
    284.758   79.55348  135.30140    288.000     1.3449     1.3447  30.209762  30.207666    34.8396    34.8371    296.920    292.295    -0.1417     4.6228     0.0838     0.0838     0.0569     0.0193      14875    10.3293     100.00     2.3292     2.0465         13 0.0000e+00
    285.746   79.55350  135.30140    289.000     1.3417     1.3415  30.207207  30.205338    34.8394    34.8371    297.067    292.241    -0.1630     4.6227     0.0820     0.0820     0.0570     0.0185      14901    10.3470     100.00     2.3297     2.0458          9 0.0000e+00
    286.734   79.55350  135.30140    290.000     1.3388     1.3387  30.205062  30.203020    34.8392    34.8368    297.019    292.391    -0.1649     4.6227     0.0830     0.0830     0.0570     0.0184      14924    10.3635     100.00     2.3290     2.0463         14 0.0000e+00
    287.722   79.55350  135.30139    291.000     1.3353     1.3347  30.202101  30.199777    34.8388    34.8364    296.910    292.644    -0.1481     4.6225     0.0830     0.0830     0.0572     0.0191      14945    10.3777     100.00     2.3279     2.0473          9 0.0000e+00
