Continuous CTD Data/SBE Stage/nabos_42_01.ros
* Sea-Bird SBE 9 Data File:
* FileName = D:\CTD\data\HLY2502\raw\NABOS_42_01.hex
* Software Version Seasave V 7.26.7.110
* Temperature SN = 6954
* Conductivity SN = 2561
* Number of Bytes Per Scan = 37
* Number of Voltage Words = 4
* Number of Scans Averaged by the Deck Unit = 1
* NMEA Latitude = 80 14.10 N
* NMEA Longitude = 125 56.70 E
* NMEA UTC (Time) = Sep 27 2025  13:25:46
* NMEA baud rate = 9600
** Ship: USCG HEALY
** Bot. Depth:  3554
** Cast Number:  01
** Station Name:  NABOS
** Station Number:  42
** Operator:  STARC
# nquan = 25
# nvalues = 1029                                  
# units = specified
# name 0 = depSM: Depth [salt water, m]
# name 1 = latitude: Latitude [deg]
# name 2 = longitude: Longitude [deg]
# name 3 = prDM: Pressure, Digiquartz [db]
# name 4 = t090C: Temperature [ITS-90, deg C]
# name 5 = t190C: Temperature, 2 [ITS-90, deg C]
# name 6 = c0mS/cm: Conductivity [mS/cm]
# name 7 = c1mS/cm: Conductivity, 2 [mS/cm]
# name 8 = sal00: Salinity, Practical [PSU]
# name 9 = sal11: Salinity, Practical, 2 [PSU]
# name 10 = sbox0Mm/Kg: Oxygen, SBE 43 [umol/kg]
# name 11 = sbox1Mm/Kg: Oxygen, SBE 43, 2 [umol/kg]
# name 12 = flECO-AFL: Fluorescence, WET Labs ECO-AFL/FL [mg/m^3]
# name 13 = v2: Voltage 2
# name 14 = wetCDOM: Fluorescence, WET Labs CDOM [mg/m^3]
# name 15 = v6: Voltage 6
# name 16 = CStarAt0: Beam Attenuation, WET Labs C-Star [1/m]
# name 17 = v3: Voltage 3
# name 18 = scan: Scan Count
# name 19 = timeM: Time, Elapsed [minutes]
# name 20 = altM: Altimeter [m]
# name 21 = sbeox0V: Oxygen raw, SBE 43 [V]
# name 22 = sbeox1V: Oxygen raw, SBE 43, 2 [V]
# name 23 = nbf: Bottles Fired
# name 24 = flag:  0.000e+00
# interval = seconds: 0.0416667
# start_time = Sep 27 2025 13:25:46 [NMEA time, header]
# bad_flag = -9.990e-29
*END*
[from data line 754]
     40.083   80.23560  125.96726     40.516    -1.6940    -1.6932  26.496934  26.494286    33.4487    33.4442    371.289    362.398     0.1076     4.5995     0.0965     0.0965     0.0771     0.0293     103416    71.8160     100.00     2.6392     2.2893         16  0.000e+00
     40.083   80.23560  125.96726     40.516    -1.6942    -1.6933  26.496934  26.494117    33.4490    33.4441    371.080    362.149     0.1076     4.5995     0.0965     0.0965     0.0771     0.0293     103417    71.8167     100.00     2.6380     2.2881         16  0.000e+00
     40.083   80.23560  125.96726     40.516    -1.6940    -1.6932  26.497292  26.494230    33.4493    33.4441    371.077    362.398     0.1076     4.6007     0.0965     0.0965     0.0760     0.0293     103418    71.8174     100.00     2.6380     2.2893         16  0.000e+00
     40.083   80.23560  125.96726     40.516    -1.6942    -1.6933  26.497053  26.494117    33.4491    33.4441    371.290    362.149     0.1076     4.6007     0.0965     0.0965     0.0760     0.0293     103419    71.8181     100.00     2.6392     2.2881         16  0.000e+00
     40.083   80.23560  125.96726     40.516    -1.6940    -1.6932  26.496934  26.494342    33.4488    33.4443    371.289    362.147     0.1076     4.6007     0.0952     0.0952     0.0760     0.0293     103420    71.8187     100.00     2.6392     2.2881         16  0.000e+00
     40.141   80.23560  125.96726     40.574    -1.6940    -1.6932  26.496934  26.494510    33.4487    33.4444    371.292    362.150     0.1076     4.6007     0.0965     0.0965     0.0760     0.0293     103421    71.8194     100.00     2.6392     2.2881         16  0.000e+00
     40.026   80.23560  125.96726     40.458    -1.6942    -1.6933  26.497113  26.494342    33.4492    33.4444    371.287    362.145     0.1076     4.6007     0.0965     0.0965     0.0760     0.0293     103422    71.8201     100.00     2.6392     2.2881         16  0.000e+00
     40.116   80.23560  125.96726     40.549    -1.6939    -1.6932  26.496994  26.494623    33.4487    33.4446    371.501    362.148     0.1076     4.6007     0.0965     0.0965     0.0760     0.0293     103423    71.8208     100.00     2.6405     2.2881         16  0.000e+00
     40.083   80.23560  125.96726     40.516    -1.6939    -1.6933  26.497113  26.494286    33.4489    33.4443    371.288    362.398     0.1076     4.5995     0.0965     0.0965     0.0771     0.0293     103424    71.8215     100.00     2.6392     2.2893         16  0.000e+00
     40.141   80.23560  125.96726     40.574    -1.6939    -1.6933  26.497232  26.494061    33.4490    33.4440    371.079    362.402     0.1076     4.6007     0.0965     0.0965     0.0760     0.0293     103425    71.8222     100.00     2.6380     2.2893         16  0.000e+00
     40.026   80.23560  125.96726     40.458    -1.6942    -1.6929  26.496993  26.494061    33.4491    33.4436    371.287    362.393     0.1076     4.6007     0.0952     0.0952     0.0760     0.0293     103426    71.8229     100.00     2.6392     2.2893         16  0.000e+00
     40.141   80.23560  125.96726     40.574    -1.6940    -1.6930  26.497113  26.494061    33.4490    33.4436    371.080    362.400     0.1076     4.6007     0.0965     0.0965     0.0760     0.0293     103427    71.8236     100.00     2.6380     2.2893         16  0.000e+00
     40.026   80.23560  125.96726     40.458    -1.6942    -1.6933  26.497232  26.494342    33.4494    33.4444    371.075    362.645     0.0771     4.5995     0.0965     0.0965     0.0771     0.0281     103428    71.8243     100.00     2.6380     2.2905         16  0.000e+00
     40.083   80.23560  125.96726     40.516    -1.6940    -1.6933  26.496994  26.494286    33.4489    33.4443    371.078    362.398     0.0466     4.5995     0.0965     0.0965     0.0771     0.0269     103429    71.8250     100.00     2.6380     2.2893         16  0.000e+00
     40.141   80.23560  125.96726     40.574    -1.6944    -1.6933  26.496755  26.494286    33.4489    33.4443    371.296    362.401     0.0771     4.5995     0.0965     0.0965     0.0771     0.0281     103430    71.8257     100.00     2.6392     2.2893         16  0.000e+00
     40.050   80.23560  125.96726     40.483    -1.6940    -1.6933  26.497053  26.494117    33.4490    33.4441    371.076    362.647     0.0771     4.6007     0.0965     0.0965     0.0760     0.0281     103431    71.8264     100.00     2.6380     2.2905         16  0.000e+00
     40.083   80.23560  125.96726     40.516    -1.6942    -1.6935  26.496994  26.494342    33.4490    33.4446    371.079    362.649     0.0771     4.6007     0.0965     0.0965     0.0760     0.0281     103432    71.8271     100.00     2.6380     2.2905         16  0.000e+00
     40.141   80.23560  125.96726     40.574    -1.6942    -1.6934  26.496755  26.494286    33.4487    33.4443    371.294    362.652     0.0771     4.6007     0.0965     0.0965     0.0760     0.0281     103433    71.8278     100.00     2.6392     2.2905         16  0.000e+00
     40.083   80.23560  125.96726     40.516    -1.6942    -1.6935  26.496874  26.494286    33.4489    33.4445    371.080    362.400     0.0771     4.6007     0.0965     0.0965     0.0760     0.0281     103434    71.8285     100.00     2.6380     2.2893         16  0.000e+00
     40.083   80.23560  125.96726     40.516    -1.6940    -1.6932  26.496934  26.494286    33.4488    33.4442    371.289    362.147     0.0771     4.6007     0.0965     0.0965     0.0760     0.0281     103435    71.8292     100.00     2.6392     2.2881         16  0.000e+00
     40.083   80.23560  125.96726     40.516    -1.6942    -1.6933  26.496934  26.494286    33.4490    33.4443    371.079    362.398     0.0771     4.6007     0.0952     0.0952     0.0760     0.0281     103436    71.8299     100.00     2.6380     2.2893         16  0.000e+00
     40.083   80.23560  125.96726     40.516    -1.6940    -1.6935  26.497113  26.494005    33.4490    33.4441    371.077    362.401     0.0771     4.6007     0.0965     0.0965     0.0760     0.0281     103437    71.8306     100.00     2.6380     2.2893         16  0.000e+00
     40.083   80.23560  125.96726     40.516    -1.6942    -1.6935  26.496994  26.494173    33.4490    33.4444    371.079    362.400     0.0771     4.6007     0.0965     0.0965     0.0760     0.0281     103438    71.8312     100.00     2.6380     2.2893         16  0.000e+00
     40.050   80.23560  125.96726     40.483    -1.6939    -1.6936  26.497292  26.494454    33.4492    33.4449    371.074    362.148     0.0466     4.6007     0.0952     0.0952     0.0760     0.0269     103439    71.8319     100.00     2.6380     2.2881         16  0.000e+00
     40.141   80.23560  125.96726     40.574    -1.6940    -1.6938  26.497053  26.494903    33.4489    33.4457    371.080    361.902     0.0771     4.6007     0.0965     0.0965     0.0760     0.0281     103440    71.8326     100.00     2.6380     2.2868         16  0.000e+00
     40.083   80.23560  125.96726     40.516    -1.6940    -1.6940  26.496755  26.494566    33.4485    33.4454    371.079    361.902     0.0466     4.6007     0.0965     0.0965     0.0760     0.0269     103441    71.8333     100.00     2.6380     2.2868         16  0.000e+00
     40.083   80.23560  125.96726     40.516    -1.6942    -1.6936  26.496874  26.494903    33.4489    33.4455    371.291    362.148     0.0771     4.6007     0.0965     0.0965     0.0760     0.0281     103442    71.8340     100.00     2.6392     2.2881         16  0.000e+00
     40.083   80.23560  125.96726     40.516    -1.6941    -1.6941  26.497113  26.495240    33.4491    33.4465    371.078    362.150     0.0771     4.6007     0.0965     0.0965     0.0760     0.0281     103443    71.8347     100.00     2.6380     2.2881         16  0.000e+00
     40.083   80.23560  125.96726     40.516    -1.6942    -1.6940  26.496994  26.495296    33.4490    33.4465    371.079    362.149     0.0466     4.6007     0.0965     0.0965     0.0760     0.0269     103444    71.8354     100.00     2.6380     2.2881         16  0.000e+00
     40.083   80.23560  125.96726     40.516    -1.6944    -1.6941  26.497113  26.495015    33.4494    33.4462    371.080    361.901     0.0466     4.6007     0.0965     0.0965     0.0760     0.0269     103445    71.8361     100.00     2.6380     2.2868         16  0.000e+00
     29.865   80.23560  125.96762     30.187    -1.6729    -1.6741  26.304106  26.301934    33.1639    33.1622    370.503    361.718     0.1076     4.6056     0.1074     0.1074     0.0718     0.0293     105017    72.9278     100.00     2.6342     2.2855         17  0.000e+00
     29.865   80.23560  125.96762     30.187    -1.6732    -1.6739  26.304106  26.301990    33.1642    33.1621    370.505    361.716     0.1076     4.6056     0.1074     0.1074     0.0718     0.0293     105018    72.9285     100.00     2.6342     2.2855         17  0.000e+00
     29.865   80.23560  125.96762     30.187    -1.6730    -1.6736  26.304106  26.301822    33.1640    33.1615    370.503    361.714     0.1076     4.6056     0.1074     0.1074     0.0718     0.0293     105019    72.9292     100.00     2.6342     2.2855         17  0.000e+00
     29.947   80.23560  125.96762     30.270    -1.6729    -1.6733  26.303749  26.301934    33.1633    33.1613    370.508    361.716     0.1076     4.6056     0.1074     0.1074     0.0718     0.0293     105020    72.9299     100.00     2.6342     2.2855         17  0.000e+00
     29.808   80.23560  125.96762     30.129    -1.6729    -1.6732  26.303808  26.302158    33.1635    33.1615    370.501    361.457     0.1076     4.6056     0.1074     0.1074     0.0718     0.0293     105021    72.9306     100.00     2.6342     2.2843         17  0.000e+00
     29.931   80.23560  125.96762     30.253    -1.6725    -1.6732  26.304225  26.302102    33.1636    33.1614    370.503    361.463     0.1076     4.6056     0.1074     0.1074     0.0718     0.0293     105022    72.9313     100.00     2.6342     2.2843         17  0.000e+00
     29.865   80.23560  125.96762     30.187    -1.6721    -1.6735  26.303808  26.302214    33.1626    33.1619    370.709    361.462     0.1076     4.6056     0.1074     0.1074     0.0718     0.0293     105023    72.9319     100.00     2.6354     2.2843         17  0.000e+00
     29.865   80.23560  125.96762     30.187    -1.6716    -1.6732  26.303987  26.302102    33.1623    33.1614    370.493    361.460     0.1076     4.6056     0.1074     0.1074     0.0718     0.0293     105024    72.9326     100.00     2.6342     2.2843         17  0.000e+00
     29.865   80.23560  125.96762     30.187    -1.6716    -1.6735  26.303927  26.302046    33.1622    33.1617    370.493    361.462     0.1076     4.6056     0.1074     0.1074     0.0718     0.0293     105025    72.9333     100.00     2.6342     2.2843         17  0.000e+00
     29.865   80.23560  125.96762     30.187    -1.6718    -1.6736  26.303689  26.302214    33.1620    33.1620    370.495    361.213     0.1076     4.6056     0.1074     0.1074     0.0718     0.0293     105026    72.9340     100.00     2.6342     2.2830         17  0.000e+00
     29.865   80.23560  125.96762     30.187    -1.6725    -1.6736  26.303808  26.301710    33.1631    33.1613    370.501    361.215     0.1076     4.6056     0.1074     0.1074     0.0718     0.0293     105027    72.9347     100.00     2.6342     2.2830         17  0.000e+00
     29.865   80.23560  125.96762     30.187    -1.6729    -1.6730  26.303868  26.302046    33.1635    33.1611    370.503    361.209     0.1076     4.6056     0.1074     0.1074     0.0718     0.0293     105028    72.9354     100.00     2.6342     2.2830         17  0.000e+00
     29.865   80.23560  125.96764     30.187    -1.6734    -1.6721  26.303868  26.302270    33.1642    33.1604    370.508    361.201     0.1076     4.6056     0.1074     0.1074     0.0718     0.0293     105029    72.9361     100.00     2.6342     2.2830         17  0.000e+00
     29.865   80.23560  125.96764     30.187    -1.6738    -1.6710  26.303690  26.302270    33.1643    33.1592    370.511    360.942     0.1076     4.6056     0.1074     0.1074     0.0718     0.0293     105030    72.9368     100.00     2.6342     2.2818         17  0.000e+00
     29.865   80.23560  125.96764     30.187    -1.6741    -1.6713  26.303809  26.302102    33.1648    33.1593    370.513    360.945     0.1076     4.6056     0.1074     0.1074     0.0718     0.0293     105031    72.9375     100.00     2.6342     2.2818         17  0.000e+00
     29.865   80.23560  125.96764     30.187    -1.6741    -1.6721  26.303868  26.301822    33.1649    33.1598    370.724    361.202     0.1076     4.6056     0.1074     0.1074     0.0718     0.0293     105032    72.9382     100.00     2.6354     2.2830         17  0.000e+00
     29.890   80.23560  125.96764     30.212    -1.6744    -1.6729  26.304047  26.302102    33.1655    33.1611    370.516    361.209     0.1076     4.6056     0.1074     0.1074     0.0718     0.0293     105033    72.9389     100.00     2.6342     2.2830         17  0.000e+00
     29.865   80.23560  125.96764     30.187    -1.6748    -1.6730  26.303928  26.302102    33.1658    33.1612    370.519    360.958     0.1076     4.6068     0.1074     0.1074     0.0707     0.0293     105034    72.9396     100.00     2.6342     2.2818         17  0.000e+00
     29.865   80.23560  125.96764     30.187    -1.6747    -1.6736  26.303452  26.301990    33.1650    33.1617    370.731    360.713     0.1076     4.6056     0.1074     0.1074     0.0718     0.0293     105035    72.9403     100.00     2.6354     2.2806         17  0.000e+00
     29.865   80.23560  125.96764     30.187    -1.6742    -1.6739  26.303690  26.301822    33.1648    33.1618    370.515    360.466     0.0771     4.6056     0.1074     0.1074     0.0718     0.0281     105036    72.9410     100.00     2.6342     2.2794         17  0.000e+00
     29.865   80.23560  125.96764     30.187    -1.6746    -1.6741  26.303630  26.301766    33.1651    33.1620    370.729    360.718     0.1076     4.6056     0.1062     0.1062     0.0718     0.0293     105037    72.9417     100.00     2.6354     2.2806         17  0.000e+00
     29.865   80.23560  125.96764     30.187    -1.6750    -1.6739  26.303214  26.301766    33.1650    33.1618    370.734    360.967     0.1076     4.6056     0.1062     0.1062     0.0718     0.0293     105038    72.9424     100.00     2.6354     2.2818         17  0.000e+00
     29.865   80.23560  125.96764     30.187    -1.6759    -1.6739  26.302916  26.301934    33.1656    33.1620    370.954    361.216     0.1076     4.6056     0.1062     0.1062     0.0718     0.0293     105039    72.9431     100.00     2.6366     2.2830         17  0.000e+00
     29.865   80.23560  125.96764     30.187    -1.6763    -1.6732  26.303035  26.301990    33.1662    33.1613    370.745    361.710     0.1076     4.6056     0.1062     0.1062     0.0718     0.0293     105040    72.9437     100.00     2.6354     2.2855         17  0.000e+00
     29.865   80.23560  125.96764     30.187    -1.6767    -1.6723  26.303273  26.302214    33.1670    33.1606    370.959    361.952     0.1076     4.6056     0.1062     0.1062     0.0718     0.0293     105041    72.9444     100.00     2.6366     2.2867         17  0.000e+00
     29.865   80.23560  125.96764     30.187    -1.6756    -1.6709  26.303154  26.301878    33.1656    33.1585    370.739    362.192     0.1076     4.6056     0.1062     0.1062     0.0718     0.0293     105042    72.9451     100.00     2.6354     2.2879         17  0.000e+00
     29.865   80.23560  125.96764     30.187    -1.6746    -1.6700  26.303273  26.302102    33.1646    33.1578    370.730    361.934     0.1076     4.6056     0.1062     0.1062     0.0718     0.0293     105043    72.9458     100.00     2.6354     2.2867         17  0.000e+00
