Continuous CTD Data/SBE Stage/nabos_26_01avg.cnv
* Sea-Bird SBE 9 Data File:
* FileName = D:\CTD\data\HLY2502\raw\NABOS_26_01.hex
* Software Version Seasave V 7.26.7.110
* Temperature SN = 6954
* Conductivity SN = 2561
* Number of Bytes Per Scan = 37
* Number of Voltage Words = 4
* Number of Scans Averaged by the Deck Unit = 1
* NMEA Latitude = 80 38.91 N
* NMEA Longitude = 161 02.49 E
* NMEA UTC (Time) = Sep 21 2025  03:30:18
* NMEA baud rate = 9600
** Ship: USCG HEALY
** Bot. Depth:  2779
** Cast Number:  01
** Station Name:  NABOS
** Station Number:  26
** Operator:  STARC
# nquan = 25
# nvalues = 2827                        
# units = specified
# name 0 = depSM: Depth [salt water, m]
# name 1 = latitude: Latitude [deg]
# name 2 = longitude: Longitude [deg]
# name 3 = prDM: Pressure, Digiquartz [db]
# name 4 = t090C: Temperature [ITS-90, deg C]
# name 5 = t190C: Temperature, 2 [ITS-90, deg C]
# name 6 = c0mS/cm: Conductivity [mS/cm]
# name 7 = c1mS/cm: Conductivity, 2 [mS/cm]
# name 8 = sal00: Salinity, Practical [PSU]
# name 9 = sal11: Salinity, Practical, 2 [PSU]
# name 10 = sbox0Mm/Kg: Oxygen, SBE 43 [umol/kg]
# name 11 = sbox1Mm/Kg: Oxygen, SBE 43, 2 [umol/kg]
# name 12 = flECO-AFL: Fluorescence, WET Labs ECO-AFL/FL [mg/m^3]
# name 13 = v2: Voltage 2
# name 14 = wetCDOM: Fluorescence, WET Labs CDOM [mg/m^3]
# name 15 = v6: Voltage 6
# name 16 = CStarAt0: Beam Attenuation, WET Labs C-Star [1/m]
# name 17 = v3: Voltage 3
# name 18 = scan: Scan Count
# name 19 = timeM: Time, Elapsed [minutes]
# name 20 = altM: Altimeter [m]
# name 21 = sbeox0V: Oxygen raw, SBE 43 [V]
# name 22 = sbeox1V: Oxygen raw, SBE 43, 2 [V]
# name 23 = nbin: number of scans per bin
# name 24 = flag: flag
# span 0 =      2.968,   2780.323       
# span 1 =   80.64864,   80.64988       
# span 2 =  161.04194,  161.05426       
# span 3 =      3.000,   2829.000       
# span 4 =    -1.6930,     1.0363       
# span 5 =    -1.6923,     1.0364       
# span 6 =  24.768315,  29.910339       
# span 7 =  24.768559,  29.909061       
# span 8 =    31.0548,    34.9526       
# span 9 =    31.0523,    34.9508       
# span 10 =    268.289,    372.929      
# span 11 =     43.287,    365.965      
# span 12 =    -0.1878,     0.3247      
# span 13 =     4.5493,     4.6434      
# span 14 =     0.0807,     0.1180      
# span 15 =     0.0807,     0.1180      
# span 16 =     0.0391,     0.1211      
# span 17 =     0.0175,     0.0380      
# span 18 =       2816,      81110      
# span 19 =     1.9547,    56.3254      
# span 20 =       5.16,     100.00      
# span 21 =     1.6244,     2.6202      
# span 22 =     0.7316,     2.2806      
# span 23 =          6,         30      
# span 24 = 0.0000e+00, 0.0000e+00      
# interval = decibars: 1                
# start_time = Sep 21 2025 03:30:18 [NMEA time, header]
# bad_flag = -9.990e-29
*END*
[from data line 2029]
   2000.744   80.64960  161.05000   2032.000    -0.3974    -0.3974  29.536895  29.535417    34.9421    34.9402    276.544    279.204    -0.1696     4.6424     0.0835     0.0835     0.0399     0.0182      55743    38.7096     100.00     1.7857     1.6220         13 0.0000e+00
   2001.724   80.64960  161.05000   2033.000    -0.3973    -0.3973  29.537397  29.535880    34.9422    34.9402    276.500    272.759    -0.1500     4.6433     0.0827     0.0827     0.0392     0.0190      55767    38.7262     100.00     1.7853     1.5964         11 0.0000e+00
   2002.704   80.64960  161.05001   2034.000    -0.3972    -0.3973  29.537814  29.536359    34.9421    34.9403    276.585    273.485    -0.1374     4.6428     0.0830     0.0830     0.0396     0.0195      55791    38.7433     100.00     1.7856     1.5991         17 0.0000e+00
   2003.684   80.64960  161.05002   2035.000    -0.3972    -0.3973  29.538300  29.536757    34.9422    34.9402    276.602    280.142    -0.1633     4.6423     0.0817     0.0817     0.0400     0.0185      55815    38.7601     100.00     1.7855     1.6253         12 0.0000e+00
   2004.664   80.64960  161.05002   2036.000    -0.3971    -0.3972  29.538719  29.537238    34.9422    34.9403    276.598    269.990    -0.1753     4.6425     0.0816     0.0816     0.0399     0.0180      55840    38.7771     100.00     1.7853     1.5850         16 0.0000e+00
   2005.644   80.64961  161.05002   2037.000    -0.3971    -0.3972  29.539198  29.537679    34.9422    34.9403    276.484    270.161    -0.1714     4.6429     0.0837     0.0837     0.0395     0.0181      55864    38.7937     100.00     1.7846     1.5856         14 0.0000e+00
   2006.624   80.64962  161.05002   2038.000    -0.3971    -0.3972  29.539573  29.538120    34.9421    34.9403    276.328    273.083    -0.1764     4.6423     0.0841     0.0841     0.0400     0.0179      55888    38.8105     100.00     1.7837     1.5970         13 0.0000e+00
   2007.604   80.64962  161.05003   2039.000    -0.3971    -0.3971  29.540134  29.538574    34.9423    34.9403    276.260    274.037    -0.1758     4.6422     0.0834     0.0834     0.0401     0.0180      55912    38.8274     100.00     1.7832     1.6006         14 0.0000e+00
   2008.583   80.64962  161.05004   2040.000    -0.3971    -0.3971  29.540534  29.539086    34.9423    34.9404    276.145    289.285    -0.1773     4.6424     0.0835     0.0835     0.0399     0.0179      55937    38.8445     100.00     1.7825     1.6607         15 0.0000e+00
   2009.563   80.64962  161.05004   2041.000    -0.3970    -0.3970  29.540974  29.539575    34.9423    34.9405    276.140    268.901    -0.1737     4.6425     0.0843     0.0843     0.0399     0.0180      55961    38.8614     100.00     1.7823     1.5801         19 0.0000e+00
   2010.543   80.64962  161.05004   2042.000    -0.3970    -0.3971  29.541367  29.539974    34.9423    34.9405    276.183    266.532    -0.1736     4.6429     0.0830     0.0830     0.0395     0.0180      55986    38.8781     100.00     1.7823     1.5706         14 0.0000e+00
   2011.523   80.64962  161.05004   2043.000    -0.3970    -0.3971  29.541875  29.540368    34.9424    34.9406    276.230    272.612    -0.1732     4.6424     0.0841     0.0841     0.0399     0.0181      56010    38.8951     100.00     1.7824     1.5944         15 0.0000e+00
   2012.503   80.64962  161.05005   2044.000    -0.3970    -0.3971  29.542274  29.540827    34.9424    34.9407    276.210    278.032    -0.1627     4.6422     0.0837     0.0837     0.0401     0.0185      56034    38.9117     100.00     1.7821     1.6157         13 0.0000e+00
   2013.483   80.64962  161.05006   2045.000    -0.3971    -0.3971  29.542756  29.541351    34.9426    34.9407    276.269    274.735    -0.1342     4.6423     0.0830     0.0830     0.0400     0.0196      56058    38.9286     100.00     1.7822     1.6025         13 0.0000e+00
   2014.463   80.64962  161.05006   2046.000    -0.3969    -0.3970  29.543186  29.541707    34.9424    34.9406    276.241    274.549    -0.1540     4.6427     0.0828     0.0828     0.0397     0.0188      56083    38.9456     100.00     1.7820     1.6016         14 0.0000e+00
   2015.443   80.64962  161.05006   2047.000    -0.3969    -0.3970  29.543562  29.542215    34.9424    34.9407    276.180    272.973    -0.1738     4.6422     0.0835     0.0835     0.0401     0.0180      56107    38.9623     100.00     1.7815     1.5953         12 0.0000e+00
   2016.422   80.64962  161.05006   2048.000    -0.3969    -0.3970  29.543992  29.542505    34.9425    34.9406    276.135    277.934    -0.1795     4.6423     0.0841     0.0841     0.0400     0.0178      56131    38.9794     100.00     1.7811     1.6147         15 0.0000e+00
   2017.402   80.64962  161.05007   2049.000    -0.3969    -0.3970  29.544388  29.543024    34.9424    34.9407    276.206    271.548    -0.1459     4.6428     0.0838     0.0838     0.0396     0.0191      56155    38.9959     100.00     1.7813     1.5894         14 0.0000e+00
   2018.382   80.64962  161.05008   2050.000    -0.3969    -0.3968  29.544891  29.543449    34.9425    34.9405    276.100    264.964    -0.1663     4.6428     0.0838     0.0838     0.0396     0.0183      56179    39.0127     100.00     1.7806     1.5633         11 0.0000e+00
   2019.362   80.64962  161.05008   2051.000    -0.3967    -0.3969  29.545442  29.543917    34.9426    34.9407    276.086    282.934    -0.1790     4.6424     0.0851     0.0851     0.0399     0.0178      56203    39.0295     100.00     1.7804     1.6340         13 0.0000e+00
   2020.342   80.64962  161.05008   2052.000    -0.3968    -0.3968  29.545982  29.544421    34.9428    34.9408    276.104    272.076    -0.1739     4.6424     0.0839     0.0839     0.0399     0.0180      56228    39.0466     100.00     1.7803     1.5910         13 0.0000e+00
   2021.322   80.64962  161.05008   2053.000    -0.3967    -0.3968  29.546231  29.544767    34.9426    34.9407    276.029    265.665    -0.1772     4.6427     0.0830     0.0830     0.0397     0.0179      56253    39.0637     100.00     1.7797     1.5656         15 0.0000e+00
   2022.301   80.64962  161.05010   2054.000    -0.3967    -0.3968  29.546720  29.545192    34.9427    34.9407    276.046    273.337    -0.1796     4.6422     0.0830     0.0830     0.0401     0.0178      56277    39.0804     100.00     1.7796     1.5957         12 0.0000e+00
   2023.282   80.64962  161.05010   2055.000    -0.3967    -0.3968  29.547132  29.545602    34.9427    34.9407    276.017    275.375    -0.1720     4.6422     0.0830     0.0830     0.0401     0.0181      56301    39.0972     100.00     1.7794     1.6036         13 0.0000e+00
   2024.261   80.64962  161.05010   2056.000    -0.3967    -0.3968  29.547576  29.546074    34.9427    34.9408    275.999    273.728    -0.1757     4.6422     0.0828     0.0828     0.0401     0.0180      56325    39.1141     100.00     1.7791     1.5970         14 0.0000e+00
   2025.241   80.64962  161.05010   2057.000    -0.3966    -0.3967  29.548158  29.546537    34.9428    34.9408    276.004    276.720    -0.1707     4.6423     0.0832     0.0832     0.0400     0.0182      56350    39.1309     100.00     1.7790     1.6086          9 0.0000e+00
   2026.220   80.64962  161.05010   2058.000    -0.3966    -0.3966  29.548450  29.547116    34.9427    34.9409    276.051    272.038    -0.1606     4.6426     0.0841     0.0841     0.0398     0.0186      56373    39.1475     100.00     1.7790     1.5900         10 0.0000e+00
   2027.201   80.64962  161.05012   2059.000    -0.3966    -0.3966  29.549025  29.547512    34.9429    34.9408    275.992    278.329    -0.1385     4.6414     0.0833     0.0833     0.0408     0.0194      56398    39.1647     100.00     1.7786     1.6147         13 0.0000e+00
   2028.181   80.64962  161.05012   2060.000    -0.3965    -0.3965  29.549482  29.548043    34.9428    34.9410    275.981    282.774    -0.1553     4.6416     0.0816     0.0816     0.0406     0.0188      56422    39.1815     100.00     1.7784     1.6320         13 0.0000e+00
   2029.160   80.64962  161.05012   2061.000    -0.3964    -0.3965  29.549925  29.548537    34.9428    34.9411    275.978    263.315    -0.1725     4.6421     0.0815     0.0815     0.0402     0.0181      56447    39.1985     100.00     1.7782     1.5553         17 0.0000e+00
   2030.140   80.64962  161.05012   2062.000    -0.3964    -0.3965  29.550410  29.548997    34.9429    34.9411    276.040    274.299    -0.1671     4.6424     0.0836     0.0836     0.0399     0.0183      56471    39.2152     100.00     1.7783     1.5984         11 0.0000e+00
   2031.119   80.64962  161.05014   2063.000    -0.3964    -0.3964  29.550892  29.549369    34.9430    34.9410    276.052    270.261    -0.1791     4.6422     0.0839     0.0839     0.0401     0.0178      56495    39.2320     100.00     1.7782     1.5824         11 0.0000e+00
   2032.099   80.64962  161.05014   2064.000    -0.3963    -0.3964  29.551327  29.549889    34.9429    34.9412    276.015    272.062    -0.1736     4.6414     0.0831     0.0831     0.0407     0.0180      56520    39.2490     100.00     1.7779     1.5893         14 0.0000e+00
   2033.079   80.64962  161.05014   2065.000    -0.3963    -0.3964  29.551841  29.550238    34.9430    34.9410    276.057    262.462    -0.1412     4.6422     0.0833     0.0833     0.0401     0.0193      56544    39.2657     100.00     1.7779     1.5514         11 0.0000e+00
   2034.059   80.64962  161.05014   2066.000    -0.3962    -0.3963  29.552309  29.550696    34.9430    34.9410    276.014    281.158    -0.1742     4.6422     0.0833     0.0833     0.0401     0.0180      56568    39.2829     100.00     1.7775     1.6248         14 0.0000e+00
   2035.039   80.64962  161.05014   2067.000    -0.3962    -0.3962  29.552688  29.551296    34.9430    34.9412    275.961    272.630    -0.1765     4.6423     0.0832     0.0832     0.0400     0.0179      56592    39.2995     100.00     1.7771     1.5911         13 0.0000e+00
   2036.019   80.64962  161.05016   2068.000    -0.3962    -0.3963  29.553151  29.551663    34.9431    34.9412    275.888    276.599    -0.1800     4.6422     0.0842     0.0842     0.0401     0.0178      56617    39.3163     100.00     1.7766     1.6066         14 0.0000e+00
   2036.998   80.64962  161.05016   2069.000    -0.3962    -0.3962  29.553657  29.552133    34.9432    34.9413    275.927    276.261    -0.1715     4.6429     0.0840     0.0840     0.0395     0.0181      56641    39.3335     100.00     1.7766     1.6051         15 0.0000e+00
   2037.978   80.64962  161.05016   2070.000    -0.3962    -0.3962  29.554031  29.552534    34.9432    34.9412    276.000    276.475    -0.1712     4.6422     0.0837     0.0837     0.0401     0.0181      56665    39.3501     100.00     1.7768     1.6058         15 0.0000e+00
   2038.958   80.64962  161.05016   2071.000    -0.3961    -0.3961  29.554455  29.553038    34.9431    34.9413    276.053    266.975    -0.1687     4.6424     0.0830     0.0830     0.0399     0.0182      56690    39.3673     100.00     1.7768     1.5683         20 0.0000e+00
   2039.938   80.64962  161.05016   2072.000    -0.3960    -0.3962  29.554947  29.553504    34.9431    34.9414    275.980    273.587    -0.1745     4.6422     0.0818     0.0818     0.0401     0.0180      56714    39.3838     100.00     1.7763     1.5942         12 0.0000e+00
   2040.917   80.64962  161.05018   2073.000    -0.3960    -0.3961  29.555374  29.553901    34.9431    34.9413    276.014    272.238    -0.1772     4.6427     0.0823     0.0823     0.0397     0.0179      56738    39.4005     100.00     1.7763     1.5887         12 0.0000e+00
   2041.897   80.64962  161.05018   2074.000    -0.3961    -0.3961  29.555831  29.554334    34.9433    34.9414    276.059    268.948    -0.1740     4.6422     0.0835     0.0835     0.0401     0.0180      56763    39.4178     100.00     1.7764     1.5757         18 0.0000e+00
   2042.877   80.64962  161.05018   2075.000    -0.3960    -0.3961  29.556214  29.554778    34.9432    34.9413    276.044    279.180    -0.1455     4.6422     0.0840     0.0840     0.0401     0.0192      56786    39.4342     100.00     1.7761     1.6157         12 0.0000e+00
   2043.857   80.64962  161.05018   2076.000    -0.3960    -0.3961  29.556682  29.555232    34.9433    34.9414    276.019    287.738    -0.1617     4.6419     0.0833     0.0833     0.0404     0.0185      56811    39.4515     100.00     1.7758     1.6492         18 0.0000e+00
   2044.836   80.64962  161.05018   2077.000    -0.3960    -0.3961  29.557117  29.555608    34.9433    34.9414    275.957    258.093    -0.1784     4.6421     0.0828     0.0828     0.0402     0.0179      56835    39.4680     100.00     1.7754     1.5326         16 0.0000e+00
   2045.816   80.64962  161.05018   2078.000    -0.3960    -0.3961  29.557582  29.556148    34.9434    34.9416    275.873    272.368    -0.1742     4.6424     0.0830     0.0830     0.0400     0.0180      56860    39.4852     100.00     1.7748     1.5886         17 0.0000e+00
   2046.796   80.64962  161.05020   2079.000    -0.3959    -0.3960  29.558016  29.556532    34.9433    34.9415    275.776    280.492    -0.1744     4.6419     0.0817     0.0817     0.0404     0.0180      56884    39.5021     100.00     1.7742     1.6203         21 0.0000e+00
   2047.776   80.64962  161.05020   2080.000    -0.3960    -0.3961  29.558452  29.557013    34.9434    34.9416    275.668    260.106    -0.1786     4.6423     0.0838     0.0838     0.0400     0.0178      56908    39.5187     100.00     1.7735     1.5401         16 0.0000e+00
   2048.755   80.64962  161.05020   2081.000    -0.3960    -0.3961  29.558945  29.557436    34.9435    34.9417    275.742    273.944    -0.1721     4.6422     0.0839     0.0839     0.0401     0.0181      56932    39.5356     100.00     1.7737     1.5943         12 0.0000e+00
   2049.735   80.64962  161.05020   2082.000    -0.3960    -0.3960  29.559244  29.557760    34.9435    34.9415    275.733    277.668    -0.1820     4.6424     0.0840     0.0840     0.0400     0.0177      56956    39.5524     100.00     1.7735     1.6088         16 0.0000e+00
   2050.714   80.64962  161.05020   2083.000    -0.3959    -0.3960  29.559654  29.558254    34.9434    34.9417    275.698    281.564    -0.1774     4.6424     0.0838     0.0838     0.0399     0.0179      56981    39.5695     100.00     1.7732     1.6239         17 0.0000e+00
   2051.694   80.64962  161.05022   2084.000    -0.3959    -0.3960  29.560083  29.558746    34.9434    34.9417    275.746    274.341    -0.1670     4.6422     0.0845     0.0845     0.0401     0.0183      57005    39.5859     100.00     1.7732     1.5954         12 0.0000e+00
   2052.674   80.64962  161.05022   2085.000    -0.3960    -0.3960  29.560683  29.559186    34.9437    34.9418    275.705    262.394    -0.1792     4.6424     0.0846     0.0846     0.0400     0.0178      57029    39.6028     100.00     1.7728     1.5484         15 0.0000e+00
   2053.654   80.64962  161.05022   2086.000    -0.3958    -0.3958  29.561093  29.559708    34.9435    34.9417    275.908    278.744    -0.1730     4.6423     0.0827     0.0827     0.0400     0.0181      57053    39.6198     100.00     1.7737     1.6124         15 0.0000e+00
   2054.634   80.64962  161.05022   2087.000    -0.3957    -0.3958  29.561620  29.560271    34.9436    34.9419    275.836    271.862    -0.1517     4.6422     0.0829     0.0829     0.0401     0.0189      57078    39.6369     100.00     1.7732     1.5853         16 0.0000e+00
   2055.613   80.64962  161.05022   2088.000    -0.3958    -0.3958  29.562061  29.560698    34.9437    34.9419    275.760    261.878    -0.1526     4.6420     0.0841     0.0841     0.0403     0.0189      57103    39.6539     100.00     1.7726     1.5460         19 0.0000e+00
