Continuous CTD Data/SBE Stage/nabos_32_02.ros
* Sea-Bird SBE 9 Data File:
* FileName = D:\CTD\data\HLY2502\raw\NABOS_32_02.hex
* Software Version Seasave V 7.26.7.110
* Temperature SN = 6954
* Conductivity SN = 2561
* Number of Bytes Per Scan = 37
* Number of Voltage Words = 4
* Number of Scans Averaged by the Deck Unit = 1
* NMEA Latitude = 79 57.04 N
* NMEA Longitude = 142 16.33 E
* NMEA UTC (Time) = Sep 23 2025  10:03:54
* NMEA baud rate = 9600
** Ship: USCG HEALY
** Bot. Depth:  1374
** Cast Number:  02
** Station Name:  NABOS
** Station Number:  32
** Operator:  STARC
# nquan = 25
# nvalues = 980                                   
# units = specified
# name 0 = depSM: Depth [salt water, m]
# name 1 = latitude: Latitude [deg]
# name 2 = longitude: Longitude [deg]
# name 3 = prDM: Pressure, Digiquartz [db]
# name 4 = t090C: Temperature [ITS-90, deg C]
# name 5 = t190C: Temperature, 2 [ITS-90, deg C]
# name 6 = c0mS/cm: Conductivity [mS/cm]
# name 7 = c1mS/cm: Conductivity, 2 [mS/cm]
# name 8 = sal00: Salinity, Practical [PSU]
# name 9 = sal11: Salinity, Practical, 2 [PSU]
# name 10 = sbox0Mm/Kg: Oxygen, SBE 43 [umol/kg]
# name 11 = sbox1Mm/Kg: Oxygen, SBE 43, 2 [umol/kg]
# name 12 = flECO-AFL: Fluorescence, WET Labs ECO-AFL/FL [mg/m^3]
# name 13 = v2: Voltage 2
# name 14 = wetCDOM: Fluorescence, WET Labs CDOM [mg/m^3]
# name 15 = v6: Voltage 6
# name 16 = CStarAt0: Beam Attenuation, WET Labs C-Star [1/m]
# name 17 = v3: Voltage 3
# name 18 = scan: Scan Count
# name 19 = timeM: Time, Elapsed [minutes]
# name 20 = altM: Altimeter [m]
# name 21 = sbeox0V: Oxygen raw, SBE 43 [V]
# name 22 = sbeox1V: Oxygen raw, SBE 43, 2 [V]
# name 23 = nbf: Bottles Fired
# name 24 = flag:  0.000e+00
# interval = seconds: 0.0416667
# start_time = Sep 23 2025 10:03:54 [NMEA time, header]
# bad_flag = -9.990e-29
*END*
[from data line 174]
    501.180   79.95412  142.21596    507.160     0.7473     0.7480  29.783579  29.781672    34.8301    34.8269    296.209    289.939    -0.1366     4.6154     0.0842     0.0842     0.0633     0.0195      74929    52.0333     100.00     2.2426     1.9662          4  0.000e+00
    501.246   79.95412  142.21596    507.227     0.7475     0.7475  29.783455  29.781379    34.8297    34.8270    296.419    289.699    -0.1671     4.6154     0.0830     0.0830     0.0633     0.0183      74930    52.0340     100.00     2.2438     1.9650          4  0.000e+00
    501.246   79.95412  142.21596    507.227     0.7476     0.7473  29.783517  29.781496    34.8297    34.8274    296.211    289.700    -0.1976     4.6154     0.0830     0.0830     0.0633     0.0171      74931    52.0347     100.00     2.2426     1.9650          4  0.000e+00
    501.180   79.95412  142.21596    507.160     0.7476     0.7474  29.783766  29.781379    34.8300    34.8272    296.414    289.697    -0.1366     4.6154     0.0842     0.0842     0.0633     0.0195      74932    52.0354     100.00     2.2438     1.9650          4  0.000e+00
    501.180   79.95412  142.21596    507.160     0.7483     0.7474  29.784015  29.781672    34.8296    34.8275    296.202    289.942    -0.1366     4.6154     0.0830     0.0830     0.0633     0.0195      74933    52.0361     100.00     2.2426     1.9662          4  0.000e+00
    501.246   79.95412  142.21596    507.227     0.7484     0.7474  29.784514  29.782023    34.8301    34.8280    296.203    289.944    -0.1366     4.6142     0.0842     0.0842     0.0644     0.0195      74934    52.0368     100.00     2.2426     1.9662          4  0.000e+00
    501.246   79.95412  142.21596    507.227     0.7486     0.7479  29.784826  29.782316    34.8303    34.8278    296.201    290.185    -0.1366     4.6142     0.0830     0.0830     0.0644     0.0195      74935    52.0375     100.00     2.2426     1.9675          4  0.000e+00
    501.246   79.95412  142.21596    507.227     0.7489     0.7484  29.784701  29.782609    34.8298    34.8276    295.992    290.181    -0.1061     4.6142     0.0842     0.0842     0.0644     0.0208      74936    52.0382     100.00     2.2414     1.9675          4  0.000e+00
    501.246   79.95412  142.21596    507.227     0.7492     0.7487  29.784888  29.782727    34.8297    34.8274    296.197    290.179    -0.1366     4.6129     0.0842     0.0842     0.0654     0.0195      74937    52.0389     100.00     2.2426     1.9675          4  0.000e+00
    501.246   79.95412  142.21592    507.227     0.7491     0.7488  29.784701  29.782902    34.8296    34.8275    296.198    290.178    -0.1366     4.6142     0.0830     0.0830     0.0644     0.0195      74938    52.0396     100.00     2.2426     1.9675          4  0.000e+00
    501.246   79.95412  142.21592    507.227     0.7494     0.7491  29.785075  29.783137    34.8297    34.8275    296.403    289.930    -0.1366     4.6142     0.0830     0.0830     0.0644     0.0195      74939    52.0403     100.00     2.2438     1.9662          4  0.000e+00
    501.246   79.95412  142.21592    507.227     0.7495     0.7491  29.785449  29.783019    34.8300    34.8274    296.193    290.176    -0.1366     4.6142     0.0830     0.0830     0.0644     0.0195      74940    52.0410     100.00     2.2426     1.9675          4  0.000e+00
    501.246   79.95412  142.21592    507.227     0.7492     0.7491  29.785449  29.782961    34.8304    34.8272    296.402    290.176    -0.1366     4.6142     0.0830     0.0830     0.0644     0.0195      74941    52.0417     100.00     2.2438     1.9675          4  0.000e+00
    501.246   79.95412  142.21592    507.227     0.7495     0.7491  29.785075  29.782785    34.8295    34.8271    296.194    290.422    -0.1366     4.6129     0.0842     0.0842     0.0654     0.0195      74942    52.0424     100.00     2.2426     1.9687          4  0.000e+00
    501.304   79.95412  142.21592    507.285     0.7494     0.7491  29.785137  29.782902    34.8297    34.8272    296.197    290.670    -0.1366     4.6142     0.0830     0.0830     0.0644     0.0195      74943    52.0431     100.00     2.2426     1.9699          4  0.000e+00
    501.246   79.95412  142.21592    507.227     0.7492     0.7490  29.785199  29.783137    34.8300    34.8277    296.196    290.422    -0.1366     4.6142     0.0830     0.0830     0.0644     0.0195      74944    52.0438     100.00     2.2426     1.9687          4  0.000e+00
    501.246   79.95412  142.21592    507.227     0.7494     0.7491  29.785199  29.783430    34.8299    34.8279    296.195    290.666    -0.1366     4.6142     0.0830     0.0830     0.0644     0.0195      74945    52.0444     100.00     2.2426     1.9699          4  0.000e+00
    501.304   79.95412  142.21592    507.285     0.7489     0.7494  29.784826  29.783547    34.8299    34.8277    296.409    290.666    -0.1366     4.6142     0.0830     0.0830     0.0644     0.0195      74946    52.0451     100.00     2.2438     1.9699          4  0.000e+00
    501.246   79.95412  142.21592    507.227     0.7487     0.7495  29.784203  29.783547    34.8293    34.8275    296.202    290.172    -0.1366     4.6129     0.0842     0.0842     0.0654     0.0195      74947    52.0458     100.00     2.2426     1.9675          4  0.000e+00
    501.304   79.95412  142.21592    507.286     0.7484     0.7494  29.784078  29.783547    34.8295    34.8276    296.207    289.929    -0.1366     4.6142     0.0830     0.0830     0.0644     0.0195      74948    52.0465     100.00     2.2426     1.9662          4  0.000e+00
    501.246   79.95412  142.21592    507.227     0.7484     0.7495  29.784327  29.783312    34.8298    34.8272    296.203    289.682    -0.1366     4.6142     0.0842     0.0842     0.0644     0.0195      74949    52.0472     100.00     2.2426     1.9650          4  0.000e+00
    501.246   79.95412  142.21592    507.227     0.7483     0.7491  29.784389  29.783019    34.8300    34.8274    295.996    289.685    -0.1366     4.6129     0.0830     0.0830     0.0654     0.0195      74950    52.0479     100.00     2.2414     1.9650          4  0.000e+00
    302.259   79.95466  142.20818    305.717     1.5622     1.5610  30.411409  30.408848    34.8451    34.8432    296.850    289.732    -0.1366     4.6215     0.0830     0.0830     0.0580     0.0195      83500    57.9854     100.00     2.3358     2.0388          5  0.000e+00
    302.177   79.95466  142.20818    305.634     1.5621     1.5611  30.411283  30.408847    34.8452    34.8432    296.651    289.728    -0.1366     4.6203     0.0818     0.0818     0.0591     0.0195      83501    57.9861     100.00     2.3346     2.0388          5  0.000e+00
    302.235   79.95466  142.20818    305.692     1.5618     1.5611  30.411408  30.408848    34.8456    34.8431    296.851    289.964    -0.1366     4.6215     0.0806     0.0806     0.0580     0.0195      83502    57.9868     100.00     2.3358     2.0401          5  0.000e+00
    302.193   79.95466  142.20818    305.651     1.5621     1.5611  30.411471  30.408611    34.8454    34.8429    296.651    289.729    -0.1366     4.6227     0.0806     0.0806     0.0570     0.0195      83503    57.9875     100.00     2.3346     2.0388          5  0.000e+00
    302.235   79.95466  142.20818    305.692     1.5622     1.5613  30.411471  30.408966    34.8452    34.8431    296.652    289.729    -0.1366     4.6227     0.0806     0.0806     0.0570     0.0195      83504    57.9882     100.00     2.3346     2.0388          5  0.000e+00
    302.235   79.95466  142.20818    305.692     1.5623     1.5615  30.411848  30.409320    34.8456    34.8434    296.650    289.727    -0.1366     4.6227     0.0806     0.0806     0.0570     0.0195      83505    57.9889     100.00     2.3346     2.0388          5  0.000e+00
    302.259   79.95466  142.20816    305.717     1.5622     1.5617  30.411597  30.409438    34.8454    34.8432    296.652    289.726    -0.1366     4.6227     0.0806     0.0806     0.0570     0.0195      83506    57.9896     100.00     2.3346     2.0388          5  0.000e+00
    302.235   79.95466  142.20816    305.692     1.5622     1.5617  30.411660  30.409438    34.8455    34.8432    296.651    289.958    -0.1366     4.6227     0.0806     0.0806     0.0570     0.0195      83507    57.9903     100.00     2.3346     2.0401          5  0.000e+00
    302.235   79.95466  142.20816    305.692     1.5623     1.5619  30.411346  30.409202    34.8450    34.8427    296.651    290.191    -0.1366     4.6215     0.0806     0.0806     0.0580     0.0195      83508    57.9910     100.00     2.3346     2.0413          5  0.000e+00
    302.193   79.95466  142.20816    305.651     1.5621     1.5619  30.411597  30.409320    34.8456    34.8429    296.651    290.422    -0.1366     4.6227     0.0794     0.0794     0.0570     0.0195      83509    57.9917     100.00     2.3346     2.0425          5  0.000e+00
    302.235   79.95466  142.20816    305.692     1.5618     1.5621  30.411346  30.409202    34.8455    34.8425    296.654    290.190    -0.1366     4.6227     0.0806     0.0806     0.0570     0.0195      83510    57.9924     100.00     2.3346     2.0413          5  0.000e+00
    302.235   79.95466  142.20816    305.692     1.5620     1.5617  30.411220  30.409556    34.8452    34.8433    296.654    289.958    -0.1366     4.6227     0.0806     0.0806     0.0570     0.0195      83511    57.9931     100.00     2.3346     2.0401          5  0.000e+00
    302.292   79.95466  142.20816    305.751     1.5616     1.5617  30.410969  30.410088    34.8452    34.8440    296.462    289.725    -0.1366     4.6227     0.0806     0.0806     0.0570     0.0195      83512    57.9937     100.00     2.3334     2.0388          5  0.000e+00
    302.193   79.95466  142.20816    305.651     1.5615     1.5617  30.411094  30.409379    34.8456    34.8431    296.655    289.957    -0.1366     4.6227     0.0806     0.0806     0.0570     0.0195      83513    57.9944     100.00     2.3346     2.0401          5  0.000e+00
    302.235   79.95466  142.20816    305.692     1.5618     1.5617  30.411409  30.409320    34.8456    34.8430    296.654    289.958    -0.1366     4.6227     0.0806     0.0806     0.0570     0.0195      83514    57.9951     100.00     2.3346     2.0401          5  0.000e+00
    302.292   79.95466  142.20816    305.751     1.5620     1.5619  30.411283  30.409615    34.8453    34.8432    296.656    290.425    -0.1366     4.6227     0.0794     0.0794     0.0570     0.0195      83515    57.9958     100.00     2.3346     2.0425          5  0.000e+00
    302.259   79.95466  142.20816    305.717     1.5622     1.5621  30.411597  30.409733    34.8454    34.8432    296.652    290.423    -0.1671     4.6227     0.0806     0.0806     0.0570     0.0183      83516    57.9965     100.00     2.3346     2.0425          5  0.000e+00
    302.235   79.95466  142.20816    305.692     1.5622     1.5619  30.411534  30.409733    34.8453    34.8434    296.454    290.656    -0.1976     4.6227     0.0806     0.0806     0.0570     0.0171      83517    57.9972     100.00     2.3334     2.0437          5  0.000e+00
    302.235   79.95466  142.20816    305.692     1.5621     1.5617  30.411660  30.409497    34.8457    34.8433    296.652    290.191    -0.1671     4.6227     0.0806     0.0806     0.0570     0.0183      83518    57.9979     100.00     2.3346     2.0413          5  0.000e+00
    302.259   79.95466  142.20816    305.717     1.5618     1.5622  30.411346  30.409615    34.8455    34.8429    296.655    289.956    -0.1671     4.6227     0.0806     0.0806     0.0570     0.0183      83519    57.9986     100.00     2.3346     2.0401          5  0.000e+00
    302.292   79.95466  142.20816    305.751     1.5620     1.5619  30.411409  30.409261    34.8454    34.8427    296.655    289.960    -0.1671     4.6227     0.0806     0.0806     0.0570     0.0183      83520    57.9993     100.00     2.3346     2.0401          5  0.000e+00
    302.235   79.95466  142.20816    305.692     1.5620     1.5617  30.411660  30.409320    34.8457    34.8430    296.652    289.725    -0.1671     4.6227     0.0806     0.0806     0.0570     0.0183      83521    58.0000     100.00     2.3346     2.0388          5  0.000e+00
    302.259   79.95466  142.20816    305.717     1.5621     1.5617  30.411471  30.409438    34.8454    34.8432    296.653    289.726    -0.1671     4.6215     0.0806     0.0806     0.0580     0.0183      83522    58.0007     100.00     2.3346     2.0388          5  0.000e+00
    302.235   79.95466  142.20816    305.692     1.5618     1.5617  30.411220  30.409438    34.8454    34.8432    296.458    289.958    -0.1671     4.6227     0.0806     0.0806     0.0570     0.0183      83523    58.0014     100.00     2.3334     2.0401          5  0.000e+00
    302.235   79.95466  142.20816    305.692     1.5618     1.5617  30.411220  30.409202    34.8453    34.8429    296.654    289.959    -0.1671     4.6227     0.0806     0.0806     0.0570     0.0183      83524    58.0021     100.00     2.3346     2.0401          5  0.000e+00
    302.259   79.95466  142.20816    305.717     1.5616     1.5617  30.410969  30.409320    34.8452    34.8430    296.657    290.192    -0.1671     4.6227     0.0806     0.0806     0.0570     0.0183      83525    58.0028     100.00     2.3346     2.0413          5  0.000e+00
    302.292   79.95466  142.20816    305.751     1.5618     1.5616  30.410906  30.409438    34.8450    34.8433    296.658    290.194    -0.1671     4.6227     0.0806     0.0806     0.0570     0.0183      83526    58.0035     100.00     2.3346     2.0413          5  0.000e+00
    302.235   79.95466  142.20816    305.692     1.5615     1.5615  30.411095  30.408966    34.8455    34.8429    296.656    290.427    -0.1671     4.6227     0.0806     0.0806     0.0570     0.0183      83527    58.0042     100.00     2.3346     2.0425          5  0.000e+00
    302.259   79.95466  142.20816    305.717     1.5618     1.5611  30.411220  30.408848    34.8454    34.8431    296.655    290.664    -0.1671     4.6227     0.0806     0.0806     0.0570     0.0183      83528    58.0049     100.00     2.3346     2.0437          5  0.000e+00
    302.235   79.95466  142.20816    305.692     1.5620     1.5615  30.410969  30.408611    34.8449    34.8425    296.654    290.661    -0.1671     4.6227     0.0830     0.0830     0.0570     0.0183      83529    58.0056     100.00     2.3346     2.0437          5  0.000e+00
    302.235   79.95466  142.20816    305.692     1.5617     1.5611  30.411095  30.408729    34.8454    34.8430    296.655    290.896    -0.1671     4.6227     0.0830     0.0830     0.0570     0.0183      83530    58.0063     100.00     2.3346     2.0450          5  0.000e+00
    302.292   79.95466  142.20816    305.751     1.5620     1.5613  30.411409  30.408848    34.8454    34.8429    296.458    290.897    -0.1976     4.6227     0.0818     0.0818     0.0570     0.0171      83531    58.0069     100.00     2.3334     2.0450          5  0.000e+00
    302.193   79.95466  142.20814    305.651     1.5622     1.5616  30.411471  30.408847    34.8453    34.8427    296.452    290.891    -0.1671     4.6227     0.0830     0.0830     0.0570     0.0183      83532    58.0076     100.00     2.3334     2.0450          5  0.000e+00
    302.292   79.95466  142.20814    305.751     1.5620     1.5615  30.411660  30.409025    34.8457    34.8429    296.457    290.896    -0.1671     4.6227     0.0830     0.0830     0.0570     0.0183      83533    58.0083     100.00     2.3334     2.0450          5  0.000e+00
    302.235   79.95466  142.20814    305.692     1.5621     1.5615  30.411534  30.409320    34.8455    34.8434    296.455    290.659    -0.1671     4.6227     0.0830     0.0830     0.0570     0.0183      83534    58.0090     100.00     2.3334     2.0437          5  0.000e+00
