Continuous CTD Data/SBE Stage/nabos_testcast.ros
* Sea-Bird SBE 9 Data File:
* FileName = D:\CTD\data\HLY2502\raw\NABOS_TestCast.hex
* Software Version Seasave V 7.26.7.110
* Temperature SN = 6954
* Conductivity SN = 2561
* Number of Bytes Per Scan = 37
* Number of Voltage Words = 4
* Number of Scans Averaged by the Deck Unit = 1
* NMEA Latitude = 54 51.60 N
* NMEA Longitude = 155 23.75 W
* NMEA UTC (Time) = Aug 23 2025  00:14:18
* NMEA baud rate = 9600
** Ship: USCG HEALY
** Bot. Depth:  4270
** Cast Number:
** Station Name:  test
** Station Number:
** Operator:  STARC
# nquan = 25
# nvalues = 1176                                  
# units = specified
# name 0 = depSM: Depth [salt water, m]
# name 1 = latitude: Latitude [deg]
# name 2 = longitude: Longitude [deg]
# name 3 = prDM: Pressure, Digiquartz [db]
# name 4 = t090C: Temperature [ITS-90, deg C]
# name 5 = t190C: Temperature, 2 [ITS-90, deg C]
# name 6 = c0mS/cm: Conductivity [mS/cm]
# name 7 = c1mS/cm: Conductivity, 2 [mS/cm]
# name 8 = sal00: Salinity, Practical [PSU]
# name 9 = sal11: Salinity, Practical, 2 [PSU]
# name 10 = sbox0Mm/Kg: Oxygen, SBE 43 [umol/kg]
# name 11 = sbox1Mm/Kg: Oxygen, SBE 43, 2 [umol/kg]
# name 12 = flECO-AFL: Fluorescence, WET Labs ECO-AFL/FL [mg/m^3]
# name 13 = v2: Voltage 2
# name 14 = wetCDOM: Fluorescence, WET Labs CDOM [mg/m^3]
# name 15 = v6: Voltage 6
# name 16 = CStarAt0: Beam Attenuation, WET Labs C-Star [1/m]
# name 17 = v3: Voltage 3
# name 18 = scan: Scan Count
# name 19 = timeM: Time, Elapsed [minutes]
# name 20 = altM: Altimeter [m]
# name 21 = sbeox0V: Oxygen raw, SBE 43 [V]
# name 22 = sbeox1V: Oxygen raw, SBE 43, 2 [V]
# name 23 = nbf: Bottles Fired
# name 24 = flag:  0.000e+00
# interval = seconds: 0.0416667
# start_time = Aug 23 2025 00:14:18 [NMEA time, header]
# bad_flag = -9.990e-29
*END*
[from data line 1044]
      6.100   54.85112 -155.44246      6.155    14.3817    14.3822  39.445025  39.444065    32.3618    32.3605    263.618    258.900     1.1760     4.2894     0.0757     0.0757     0.3566     0.0720     236891   164.5069     100.00     2.7707     2.4039         22  0.000e+00
      6.157   54.85112 -155.44246      6.213    14.3820    14.3821  39.445233  39.444262    32.3617    32.3607    263.760    258.901     1.1760     4.2894     0.0757     0.0757     0.3566     0.0720     236892   164.5076     100.00     2.7719     2.4039         22  0.000e+00
      6.100   54.85112 -155.44246      6.155    14.3821    14.3822  39.445372  39.444392    32.3617    32.3608    263.616    258.899     1.1760     4.2894     0.0769     0.0769     0.3566     0.0720     236893   164.5083     100.00     2.7707     2.4039         22  0.000e+00
      6.157   54.85112 -155.44246      6.213    14.3820    14.3817  39.445580  39.443804    32.3620    32.3606    263.759    258.904     1.1760     4.2894     0.0757     0.0757     0.3566     0.0720     236894   164.5090     100.00     2.7719     2.4039         22  0.000e+00
      6.223   54.85112 -155.44246      6.280    14.3820    14.3820  39.444886  39.443870    32.3613    32.3604    263.763    259.072     1.1760     4.2894     0.0757     0.0757     0.3566     0.0720     236895   164.5097     100.00     2.7719     2.4051         22  0.000e+00
      6.223   54.85112 -155.44246      6.280    14.3818    14.3822  39.444678  39.444001    32.3613    32.3604    263.764    259.071     1.2065     4.2894     0.0769     0.0769     0.3566     0.0733     236896   164.5104     100.00     2.7719     2.4051         22  0.000e+00
      6.157   54.85112 -155.44246      6.213    14.3818    14.3821  39.444886  39.444000    32.3615    32.3604    263.903    259.069     1.1760     4.2894     0.0769     0.0769     0.3566     0.0720     236897   164.5111     100.00     2.7731     2.4051         22  0.000e+00
      6.281   54.85112 -155.44246      6.338    14.3818    14.3818  39.445025  39.443739    32.3616    32.3604    263.907    258.907     1.1455     4.2894     0.0769     0.0769     0.3566     0.0708     236898   164.5118     100.00     2.7731     2.4039         22  0.000e+00
      6.281   54.85112 -155.44246      6.338    14.3820    14.3817  39.444747  39.444197    32.3612    32.3609    263.906    259.075     1.1760     4.2894     0.0757     0.0757     0.3566     0.0720     236899   164.5125     100.00     2.7731     2.4051         22  0.000e+00
      6.281   54.85112 -155.44246      6.338    14.3820    14.3822  39.444886  39.444066    32.3613    32.3604    263.906    258.906     1.1760     4.2894     0.0757     0.0757     0.3566     0.0720     236900   164.5132     100.00     2.7731     2.4039         22  0.000e+00
      6.338   54.85112 -155.44246      6.396    14.3820    14.3820  39.445025  39.444393    32.3614    32.3609    264.049    258.908     1.1760     4.2894     0.0757     0.0757     0.3566     0.0720     236901   164.5139     100.00     2.7744     2.4039         22  0.000e+00
      6.281   54.85112 -155.44246      6.338    14.3818    14.3822  39.444747  39.444131    32.3613    32.3604    264.048    258.737     1.1760     4.2894     0.0757     0.0757     0.3566     0.0720     236902   164.5146     100.00     2.7744     2.4027         22  0.000e+00
      6.396   54.85112 -155.44246      6.454    14.3820    14.3823  39.444887  39.444263    32.3613    32.3604    264.193    258.741     1.1760     4.2894     0.0757     0.0757     0.3566     0.0720     236903   164.5153     100.00     2.7756     2.4027         22  0.000e+00
      6.404   54.85112 -155.44246      6.462    14.3818    14.3820  39.445026  39.444067    32.3615    32.3605    264.052    258.910     1.1760     4.2894     0.0757     0.0757     0.3566     0.0720     236904   164.5160     100.00     2.7744     2.4039         22  0.000e+00
      6.396   54.85112 -155.44246      6.454    14.3820    14.3819  39.444748  39.443740    32.3611    32.3603    264.051    258.911     1.1760     4.2894     0.0757     0.0757     0.3566     0.0720     236905   164.5167     100.00     2.7744     2.4039         22  0.000e+00
      6.527   54.85112 -155.44246      6.586    14.3820    14.3822  39.445165  39.443871    32.3615    32.3601    264.196    258.914     1.1760     4.2894     0.0769     0.0769     0.3566     0.0720     236906   164.5174     100.00     2.7756     2.4039         22  0.000e+00
      6.461   54.85112 -155.44246      6.520    14.3820    14.3822  39.445095  39.444263    32.3614    32.3605    264.053    258.911     1.2065     4.2894     0.0757     0.0757     0.3566     0.0733     236907   164.5181     100.00     2.7744     2.4039         22  0.000e+00
      6.519   54.85112 -155.44246      6.578    14.3818    14.3823  39.445026  39.444851    32.3615    32.3609    264.197    259.079     1.1760     4.2894     0.0757     0.0757     0.3566     0.0720     236908   164.5188     100.00     2.7756     2.4051         22  0.000e+00
      6.527   54.85112 -155.44246      6.586    14.3821    14.3823  39.445234  39.444524    32.3614    32.3606    264.196    258.912     1.1760     4.2894     0.0769     0.0769     0.3566     0.0720     236909   164.5194     100.00     2.7756     2.4039         22  0.000e+00
      6.576   54.85112 -155.44246      6.636    14.3823    14.3824  39.445582  39.444590    32.3615    32.3605    264.337    258.913     1.1455     4.2894     0.0757     0.0757     0.3566     0.0708     236910   164.5201     100.00     2.7768     2.4039         22  0.000e+00
      6.642   54.85112 -155.44246      6.702    14.3825    14.3827  39.445721  39.444721    32.3615    32.3604    264.197    258.914     1.1149     4.2882     0.0757     0.0757     0.3577     0.0696     236911   164.5208     100.00     2.7756     2.4039         22  0.000e+00
      6.642   54.85112 -155.44246      6.702    14.3829    14.3828  39.445929  39.444721    32.3614    32.3604    264.196    258.914     1.1149     4.2882     0.0769     0.0769     0.3577     0.0696     236912   164.5215     100.00     2.7756     2.4039         22  0.000e+00
      6.708   54.85112 -155.44246      6.769    14.3830    14.3827  39.446069  39.444721    32.3614    32.3604    264.197    258.749     1.1455     4.2894     0.0757     0.0757     0.3566     0.0708     236913   164.5222     100.00     2.7756     2.4027         22  0.000e+00
      6.700   54.85112 -155.44246      6.760    14.3832    14.3828  39.446555  39.444917    32.3617    32.3605    264.195    258.580     1.1455     4.2894     0.0757     0.0757     0.3566     0.0708     236914   164.5229     100.00     2.7756     2.4015         22  0.000e+00
      6.708   54.85112 -155.44246      6.769    14.3830    14.3829  39.446208  39.445570    32.3615    32.3610    264.338    258.579     1.1455     4.2894     0.0757     0.0757     0.3566     0.0708     236915   164.5236     100.00     2.7768     2.4015         22  0.000e+00
      6.823   54.85112 -155.44246      6.885    14.3833    14.3828  39.446277  39.445505    32.3612    32.3610    264.199    258.751     1.1149     4.2894     0.0757     0.0757     0.3566     0.0696     236916   164.5243     100.00     2.7756     2.4027         22  0.000e+00
      6.831   54.85112 -155.44246      6.893    14.3833    14.3831  39.446625  39.445440    32.3616    32.3607    264.199    258.750     1.1455     4.2894     0.0745     0.0745     0.3566     0.0708     236917   164.5250     100.00     2.7756     2.4027         22  0.000e+00
      6.823   54.85112 -155.44246      6.885    14.3832    14.3830  39.446486  39.445113    32.3616    32.3605    264.200    258.919     1.1455     4.2894     0.0745     0.0745     0.3566     0.0708     236918   164.5257     100.00     2.7756     2.4039         22  0.000e+00
      6.888   54.85112 -155.44246      6.951    14.3833    14.3832  39.446625  39.445310    32.3615    32.3605    264.201    258.920     1.1149     4.2894     0.0757     0.0757     0.3566     0.0696     236919   164.5264     100.00     2.7756     2.4039         22  0.000e+00
      6.888   54.85112 -155.44246      6.951    14.3833    14.3829  39.446486  39.445114    32.3614    32.3605    264.201    258.921     1.1455     4.2882     0.0745     0.0745     0.3577     0.0708     236920   164.5271     100.00     2.7756     2.4039         22  0.000e+00
      6.946   54.85112 -155.44246      7.009    14.3833    14.3830  39.446625  39.445310    32.3615    32.3606    264.203    258.922     1.1760     4.2894     0.0757     0.0757     0.3566     0.0720     236921   164.5278     100.00     2.7756     2.4039         22  0.000e+00
      6.946   54.85112 -155.44246      7.009    14.3835    14.3832  39.446764  39.445506    32.3615    32.3606    264.202    258.754     1.1455     4.2894     0.0745     0.0745     0.3566     0.0708     236922   164.5285     100.00     2.7756     2.4027         22  0.000e+00
      7.003   54.85112 -155.44246      7.067    14.3837    14.3832  39.447251  39.445179    32.3618    32.3603    264.061    258.924     1.1455     4.2894     0.0745     0.0745     0.3566     0.0708     236923   164.5292     100.00     2.7744     2.4039         22  0.000e+00
      7.012   54.85112 -155.44246      7.075    14.3839    14.3833  39.446903  39.445571    32.3613    32.3605    264.202    258.755     1.1455     4.2894     0.0757     0.0757     0.3566     0.0708     236924   164.5299     100.00     2.7756     2.4027         22  0.000e+00
      6.831   54.85110 -155.44250      6.893    14.3901    14.3887  39.452737  39.450340    32.3615    32.3604    264.160    258.887     1.1149     4.2845     0.0781     0.0781     0.3611     0.0696     237089   164.6444     100.00     2.7756     2.4039         23  0.000e+00
      6.946   54.85110 -155.44250      7.009    14.3904    14.3893  39.453154  39.450732    32.3615    32.3603    264.162    258.888     1.1149     4.2845     0.0781     0.0781     0.3611     0.0696     237090   164.6451     100.00     2.7756     2.4039         23  0.000e+00
      6.888   54.85110 -155.44250      6.951    14.3908    14.3896  39.453293  39.451450    32.3614    32.3607    264.017    258.716     1.0844     4.2857     0.0781     0.0781     0.3600     0.0684     237091   164.6458     100.00     2.7743     2.4027         23  0.000e+00
      6.823   54.85110 -155.44250      6.885    14.3910    14.3898  39.453570  39.451385    32.3615    32.3605    264.155    258.881     1.1149     4.2845     0.0781     0.0781     0.3611     0.0696     237092   164.6465     100.00     2.7756     2.4039         23  0.000e+00
      6.946   54.85110 -155.44250      7.009    14.3911    14.3904  39.453710  39.452039    32.3615    32.3606    264.017    258.881     1.0844     4.2833     0.0781     0.0781     0.3623     0.0684     237093   164.6472     100.00     2.7743     2.4039         23  0.000e+00
      6.946   54.85110 -155.44250      7.009    14.3913    14.3906  39.453710  39.452039    32.3613    32.3604    264.157    258.881     1.1149     4.2833     0.0781     0.0781     0.3623     0.0696     237094   164.6479     100.00     2.7756     2.4039         23  0.000e+00
      6.946   54.85110 -155.44250      7.009    14.3913    14.3908  39.454127  39.452496    32.3617    32.3606    264.015    258.711     1.1149     4.2833     0.0781     0.0781     0.3623     0.0696     237095   164.6486     100.00     2.7743     2.4027         23  0.000e+00
      7.012   54.85110 -155.44250      7.075    14.3915    14.3911  39.454335  39.452365    32.3617    32.3603    264.158    258.713     1.1149     4.2833     0.0781     0.0781     0.3623     0.0696     237096   164.6493     100.00     2.7756     2.4027         23  0.000e+00
      7.003   54.85110 -155.44250      7.067    14.3913    14.3911  39.453849  39.452561    32.3614    32.3604    264.159    258.712     1.1149     4.2833     0.0781     0.0781     0.3623     0.0696     237097   164.6500     100.00     2.7756     2.4027         23  0.000e+00
      6.946   54.85110 -155.44250      7.009    14.3916    14.3911  39.453918  39.452692    32.3612    32.3606    264.014    258.710     1.1455     4.2821     0.0781     0.0781     0.3634     0.0708     237098   164.6507     100.00     2.7743     2.4027         23  0.000e+00
      7.061   54.85110 -155.44250      7.125    14.3915    14.3912  39.453780  39.452888    32.3612    32.3606    264.019    258.545     1.1149     4.2821     0.0794     0.0794     0.3634     0.0696     237099   164.6514     100.00     2.7743     2.4015         23  0.000e+00
      7.069   54.85110 -155.44250      7.133    14.3916    14.3911  39.453919  39.452758    32.3612    32.3606    264.019    258.714     1.1149     4.2821     0.0781     0.0781     0.3634     0.0696     237100   164.6521     100.00     2.7743     2.4027         23  0.000e+00
      7.003   54.85110 -155.44250      7.067    14.3916    14.3911  39.453988  39.451908    32.3613    32.3598    264.016    258.545     1.1149     4.2821     0.0794     0.0794     0.3634     0.0696     237101   164.6528     100.00     2.7743     2.4015         23  0.000e+00
      7.069   54.85110 -155.44250      7.133    14.3918    14.3906  39.454057  39.451843    32.3612    32.3602    264.018    258.717     1.1149     4.2821     0.0781     0.0781     0.3634     0.0696     237102   164.6535     100.00     2.7743     2.4027         23  0.000e+00
      7.127   54.85110 -155.44250      7.192    14.3918    14.3907  39.454266  39.451451    32.3613    32.3597    264.019    258.719     1.1149     4.2821     0.0781     0.0781     0.3634     0.0696     237103   164.6542     100.00     2.7743     2.4027         23  0.000e+00
      7.127   54.85110 -155.44250      7.192    14.3920    14.3903  39.454613  39.451778    32.3615    32.3603    264.159    258.720     1.1149     4.2821     0.0781     0.0781     0.3634     0.0696     237104   164.6549     100.00     2.7756     2.4027         23  0.000e+00
      7.061   54.85110 -155.44250      7.125    14.3918    14.3904  39.454196  39.451974    32.3613    32.3605    264.300    258.718     1.1149     4.2821     0.0781     0.0781     0.3634     0.0696     237105   164.6556     100.00     2.7768     2.4027         23  0.000e+00
      7.127   54.85110 -155.44250      7.192    14.3920    14.3906  39.454544  39.451974    32.3614    32.3603    264.018    258.719     1.1149     4.2821     0.0781     0.0781     0.3634     0.0696     237106   164.6563     100.00     2.7743     2.4027         23  0.000e+00
      7.184   54.85110 -155.44250      7.250    14.3916    14.3906  39.454475  39.451713    32.3617    32.3600    264.022    258.721     1.0844     4.2821     0.0781     0.0781     0.3634     0.0684     237107   164.6569     100.00     2.7743     2.4027         23  0.000e+00
      7.192   54.85110 -155.44250      7.258    14.3916    14.3904  39.453850  39.452105    32.3611    32.3605    264.023    258.722     1.1149     4.2821     0.0781     0.0781     0.3634     0.0696     237108   164.6576     100.00     2.7743     2.4027         23  0.000e+00
      7.127   54.85110 -155.44250      7.192    14.3915    14.3903  39.453919  39.451647    32.3613    32.3602    264.021    258.721     1.0844     4.2821     0.0781     0.0781     0.3634     0.0684     237109   164.6583     100.00     2.7743     2.4027         23  0.000e+00
      7.184   54.85110 -155.44250      7.250    14.3913    14.3902  39.453988  39.452039    32.3615    32.3606    264.024    258.722     1.1149     4.2821     0.0781     0.0781     0.3634     0.0696     237110   164.6590     100.00     2.7743     2.4027         23  0.000e+00
      7.192   54.85110 -155.44250      7.258    14.3911    14.3907  39.453780  39.452039    32.3614    32.3602    264.025    258.553     1.1149     4.2833     0.0781     0.0781     0.3623     0.0696     237111   164.6597     100.00     2.7743     2.4015         23  0.000e+00
