Continuous CTD Data/SBE Stage/nabos_37_01.ros
* Sea-Bird SBE 9 Data File:
* FileName = D:\CTD\data\HLY2502\raw\NABOS_37_01.hex
* Software Version Seasave V 7.26.7.110
* Temperature SN = 6954
* Conductivity SN = 2561
* Number of Bytes Per Scan = 37
* Number of Voltage Words = 4
* Number of Scans Averaged by the Deck Unit = 1
* NMEA Latitude = 79 03.75 N
* NMEA Longitude = 130 24.14 E
* NMEA UTC (Time) = Sep 24 2025  20:20:46
* NMEA baud rate = 9600
** Ship: USCG HEALY
** Bot. Depth:  3116
** Cast Number:  01
** Station Name:  NABOS
** Station Number:  37
** Operator:  STARC
# nquan = 25
# nvalues = 1176                                  
# units = specified
# name 0 = depSM: Depth [salt water, m]
# name 1 = latitude: Latitude [deg]
# name 2 = longitude: Longitude [deg]
# name 3 = prDM: Pressure, Digiquartz [db]
# name 4 = t090C: Temperature [ITS-90, deg C]
# name 5 = t190C: Temperature, 2 [ITS-90, deg C]
# name 6 = c0mS/cm: Conductivity [mS/cm]
# name 7 = c1mS/cm: Conductivity, 2 [mS/cm]
# name 8 = sal00: Salinity, Practical [PSU]
# name 9 = sal11: Salinity, Practical, 2 [PSU]
# name 10 = sbox0Mm/Kg: Oxygen, SBE 43 [umol/kg]
# name 11 = sbox1Mm/Kg: Oxygen, SBE 43, 2 [umol/kg]
# name 12 = flECO-AFL: Fluorescence, WET Labs ECO-AFL/FL [mg/m^3]
# name 13 = v2: Voltage 2
# name 14 = wetCDOM: Fluorescence, WET Labs CDOM [mg/m^3]
# name 15 = v6: Voltage 6
# name 16 = CStarAt0: Beam Attenuation, WET Labs C-Star [1/m]
# name 17 = v3: Voltage 3
# name 18 = scan: Scan Count
# name 19 = timeM: Time, Elapsed [minutes]
# name 20 = altM: Altimeter [m]
# name 21 = sbeox0V: Oxygen raw, SBE 43 [V]
# name 22 = sbeox1V: Oxygen raw, SBE 43, 2 [V]
# name 23 = nbf: Bottles Fired
# name 24 = flag:  0.000e+00
# interval = seconds: 0.0416667
# start_time = Sep 24 2025 20:20:46 [NMEA time, header]
# bad_flag = -9.990e-29
*END*
[from data line 928]
     29.991   79.07424  130.37006     30.313    -1.5283    -1.5264  25.786701  25.789055    32.2896    32.2908    364.290    355.874     0.2908     4.5836     0.1270     0.1270     0.0909     0.0366     114830    79.7424     100.00     2.5930     2.2528         19  0.000e+00
     29.933   79.07424  130.37006     30.255    -1.5285    -1.5267  25.786228  25.788555    32.2893    32.2905    364.291    355.875     0.2908     4.5824     0.1258     0.1258     0.0920     0.0366     114831    79.7431     100.00     2.5930     2.2528         19  0.000e+00
     29.991   79.07424  130.37006     30.313    -1.5282    -1.5262  25.786465  25.789166    32.2892    32.2908    364.290    356.373     0.2908     4.5836     0.1258     0.1258     0.0909     0.0366     114832    79.7438     100.00     2.5930     2.2552         19  0.000e+00
     19.899   79.07448  130.36958     20.112    -1.4626    -1.4656  24.147245  24.114379    29.9828    29.9411    379.372    368.205     0.4129     4.5421     0.1197     0.1197     0.1274     0.0415     117070    81.2979     100.00     2.6477     2.2855         20  0.000e+00
     19.858   79.07448  130.36958     20.070    -1.4622    -1.4660  24.147592  24.114216    29.9829    29.9413    379.151    367.952     0.4129     4.5421     0.1209     0.1209     0.1274     0.0415     117071    81.2986     100.00     2.6465     2.2843         20  0.000e+00
     19.899   79.07448  130.36958     20.112    -1.4624    -1.4659  24.147880  24.114487    29.9835    29.9415    379.153    367.698     0.3823     4.5421     0.1221     0.1221     0.1274     0.0403     117072    81.2993     100.00     2.6465     2.2831         20  0.000e+00
     19.899   79.07448  130.36958     20.112    -1.4621    -1.4658  24.147765  24.114650    29.9830    29.9417    379.151    367.442     0.3823     4.5421     0.1233     0.1233     0.1274     0.0403     117073    81.3000     100.00     2.6465     2.2819         20  0.000e+00
     19.981   79.07448  130.36958     20.195    -1.4619    -1.4656  24.148400  24.115247    29.9837    29.9422    379.152    367.442     0.4129     4.5421     0.1233     0.1233     0.1274     0.0415     117074    81.3007     100.00     2.6465     2.2819         20  0.000e+00
     19.899   79.07448  130.36958     20.112    -1.4618    -1.4655  24.148111  24.117309    29.9832    29.9449    379.148    367.429     0.3823     4.5421     0.1221     0.1221     0.1274     0.0403     117075    81.3014     100.00     2.6465     2.2819         20  0.000e+00
     19.841   79.07448  130.36958     20.054    -1.4619    -1.4649  24.147765  24.120620    29.9829    29.9489    379.147    367.663     0.4129     4.5421     0.1221     0.1221     0.1274     0.0415     117076    81.3021     100.00     2.6465     2.2831         20  0.000e+00
     19.964   79.07448  130.36958     20.178    -1.4621    -1.4647  24.148054  24.124800    29.9834    29.9543    379.369    367.905     0.3823     4.5421     0.1233     0.1233     0.1274     0.0403     117077    81.3028     100.00     2.6477     2.2843         20  0.000e+00
     19.915   79.07448  130.36958     20.128    -1.4619    -1.4641  24.148342  24.129305    29.9836    29.9599    379.148    368.389     0.3823     4.5421     0.1233     0.1233     0.1274     0.0403     117078    81.3035     100.00     2.6465     2.2868         20  0.000e+00
     19.899   79.07448  130.36958     20.112    -1.4618    -1.4638  24.148746  24.133648    29.9840    29.9655    379.144    368.622     0.4129     4.5421     0.1221     0.1221     0.1274     0.0415     117079    81.3042     100.00     2.6465     2.2880         20  0.000e+00
     19.899   79.07448  130.36958     20.112    -1.4619    -1.4638  24.148689  24.137176    29.9841    29.9703    379.146    368.354     0.4129     4.5421     0.1221     0.1221     0.1274     0.0415     117080    81.3049     100.00     2.6465     2.2868         20  0.000e+00
     19.964   79.07448  130.36958     20.178    -1.4617    -1.4635  24.148804  24.139837    29.9839    29.9736    378.932    368.344     0.4129     4.5409     0.1221     0.1221     0.1284     0.0415     117081    81.3056     100.00     2.6452     2.2868         20  0.000e+00
     19.915   79.07448  130.36958     20.128    -1.4615    -1.4635  24.149208  24.141900    29.9844    29.9764    379.141    368.842     0.3823     4.5421     0.1221     0.1221     0.1274     0.0403     117082    81.3063     100.00     2.6465     2.2892         20  0.000e+00
     19.899   79.07448  130.36956     20.112    -1.4617    -1.4632  24.149150  24.143040    29.9845    29.9777    378.927    369.089     0.3823     4.5421     0.1233     0.1233     0.1274     0.0403     117083    81.3069     100.00     2.6452     2.2904         20  0.000e+00
     19.899   79.07448  130.36956     20.112    -1.4618    -1.4633  24.149093  24.143311    29.9845    29.9781    378.928    369.088     0.4129     4.5409     0.1221     0.1221     0.1284     0.0415     117084    81.3076     100.00     2.6452     2.2904         20  0.000e+00
     19.981   79.07448  130.36956     20.195    -1.4616    -1.4632  24.149093  24.143474    29.9843    29.9782    379.146    368.837     0.4129     4.5421     0.1233     0.1233     0.1274     0.0415     117085    81.3083     100.00     2.6465     2.2892         20  0.000e+00
     19.899   79.07448  130.36956     20.112    -1.4617    -1.4631  24.148920  24.143366    29.9841    29.9780    378.928    368.832     0.3823     4.5421     0.1221     0.1221     0.1274     0.0403     117086    81.3090     100.00     2.6452     2.2892         20  0.000e+00
     19.964   79.07448  130.36956     20.178    -1.4616    -1.4630  24.149208  24.142768    29.9844    29.9771    378.929    368.837     0.3823     4.5409     0.1221     0.1221     0.1284     0.0403     117087    81.3097     100.00     2.6452     2.2892         20  0.000e+00
     19.899   79.07448  130.36956     20.112    -1.4613    -1.4631  24.152903  24.141845    29.9892    29.9759    378.908    368.838     0.3823     4.5421     0.1221     0.1221     0.1274     0.0403     117088    81.3104     100.00     2.6452     2.2892         20  0.000e+00
     19.981   79.07448  130.36956     20.195    -1.4611    -1.4636  24.161795  24.141085    30.0010    29.9754    378.874    368.595     0.4129     4.5421     0.1221     0.1221     0.1274     0.0415     117089    81.3111     100.00     2.6452     2.2880         20  0.000e+00
     19.899   79.07448  130.36956     20.112    -1.4603    -1.4633  24.171207  24.140759    30.0131    29.9747    378.825    368.335     0.4129     4.5421     0.1221     0.1221     0.1274     0.0415     117090    81.3118     100.00     2.6452     2.2868         20  0.000e+00
     19.964   79.07448  130.36956     20.178    -1.4594    -1.4632  24.178888  24.141574    30.0226    29.9757    379.004    368.335     0.4129     4.5421     0.1233     0.1233     0.1274     0.0415     117091    81.3125     100.00     2.6465     2.2868         20  0.000e+00
     19.964   79.07448  130.36956     20.178    -1.4584    -1.4632  24.184086  24.143149    30.0287    29.9778    378.760    368.583     0.3823     4.5421     0.1221     0.1221     0.1274     0.0403     117092    81.3132     100.00     2.6452     2.2880         20  0.000e+00
     19.981   79.07448  130.36956     20.195    -1.4584    -1.4629  24.183797  24.144832    30.0282    29.9798    378.761    369.083     0.4129     4.5421     0.1233     0.1233     0.1274     0.0415     117093    81.3139     100.00     2.6452     2.2904         20  0.000e+00
     19.899   79.07448  130.36956     20.112    -1.4588    -1.4626  24.176289  24.145755    30.0185    29.9807    378.791    369.327     0.4129     4.5421     0.1221     0.1221     0.1274     0.0415     117094    81.3146     100.00     2.6452     2.2917         20  0.000e+00
     19.964   79.07448  130.36956     20.178    -1.4590    -1.4623  24.168724  24.146623    30.0084    29.9816    378.828    369.833     0.4129     4.5421     0.1221     0.1221     0.1274     0.0415     117095    81.3153     100.00     2.6452     2.2941         20  0.000e+00
     19.915   79.07448  130.36956     20.128    -1.4595    -1.4619  24.164855  24.146732    30.0036    29.9813    379.060    369.827     0.3823     4.5421     0.1221     0.1221     0.1274     0.0403     117096    81.3160     100.00     2.6465     2.2941         20  0.000e+00
     20.022   79.07448  130.36956     20.236    -1.4598    -1.4615  24.163411  24.146841    30.0019    29.9811    378.859    370.083     0.3823     4.5421     0.1221     0.1221     0.1274     0.0403     117097    81.3167     100.00     2.6452     2.2953         20  0.000e+00
     19.899   79.07448  130.36956     20.112    -1.4600    -1.4619  24.163180  24.147383    30.0019    29.9822    378.855    370.586     0.3823     4.5421     0.1233     0.1233     0.1274     0.0403     117098    81.3174     100.00     2.6452     2.2978         20  0.000e+00
     19.964   79.07448  130.36956     20.178    -1.4599    -1.4615  24.163238  24.147438    30.0018    29.9819    378.858    371.095     0.3823     4.5421     0.1221     0.1221     0.1274     0.0403     117099    81.3181     100.00     2.6452     2.3002         20  0.000e+00
     19.915   79.07448  130.36956     20.128    -1.4600    -1.4615  24.164624  24.147383    30.0038    29.9819    378.850    371.093     0.3823     4.5409     0.1221     0.1221     0.1284     0.0403     117100    81.3187     100.00     2.6452     2.3002         20  0.000e+00
     20.022   79.07448  130.36956     20.236    -1.4596    -1.4614  24.172477  24.147384    30.0141    29.9817    378.821    371.352     0.3518     4.5409     0.1233     0.1233     0.1284     0.0391     117101    81.3194     100.00     2.6452     2.3014         20  0.000e+00
     19.964   79.07448  130.36956     20.178    -1.4590    -1.4615  24.181256  24.147546    30.0255    29.9821    378.991    371.095     0.3823     4.5421     0.1221     0.1221     0.1274     0.0403     117102    81.3201     100.00     2.6465     2.3002         20  0.000e+00
     19.964   79.07448  130.36956     20.178    -1.4588    -1.4614  24.180447  24.147655    30.0241    29.9821    378.562    370.584     0.3518     4.5421     0.1221     0.1221     0.1274     0.0391     117103    81.3208     100.00     2.6440     2.2978         20  0.000e+00
     19.981   79.07448  130.36956     20.195    -1.4585    -1.4614  24.172997  24.147818    30.0137    29.9823    378.592    370.330     0.3823     4.5409     0.1221     0.1221     0.1284     0.0403     117104    81.3215     100.00     2.6440     2.2965         20  0.000e+00
     19.964   79.07448  130.36956     20.178    -1.4592    -1.4617  24.166702  24.147709    30.0058    29.9825    378.837    369.824     0.3518     4.5409     0.1221     0.1221     0.1284     0.0391     117105    81.3222     100.00     2.6452     2.2941         20  0.000e+00
     19.964   79.07448  130.36956     20.178    -1.4595    -1.4614  24.163527  24.147818    30.0018    29.9823    378.638    369.821     0.3518     4.5409     0.1221     0.1221     0.1284     0.0391     117106    81.3229     100.00     2.6440     2.2941         20  0.000e+00
     19.915   79.07448  130.36956     20.128    -1.4599    -1.4617  24.160813  24.147872    29.9986    29.9827    378.865    369.820     0.3823     4.5409     0.1233     0.1233     0.1284     0.0403     117107    81.3236     100.00     2.6452     2.2941         20  0.000e+00
     20.022   79.07448  130.36956     20.236    -1.4603    -1.4616  24.157580  24.147872    29.9945    29.9825    378.886    369.825     0.3823     4.5421     0.1221     0.1221     0.1274     0.0403     117108    81.3243     100.00     2.6452     2.2941         20  0.000e+00
     19.964   79.07448  130.36956     20.178    -1.4603    -1.4617  24.154577  24.147872    29.9904    29.9827    378.896    370.077     0.3518     4.5421     0.1233     0.1233     0.1274     0.0391     117109    81.3250     100.00     2.6452     2.2953         20  0.000e+00
     19.964   79.07448  130.36956     20.178    -1.4607    -1.4617  24.152788  24.147872    29.9884    29.9827    378.692    370.077     0.3823     4.5409     0.1221     0.1221     0.1284     0.0403     117110    81.3257     100.00     2.6440     2.2953         20  0.000e+00
     19.981   79.07448  130.36956     20.195    -1.4609    -1.4617  24.152441  24.147709    29.9881    29.9825    378.695    370.079     0.3823     4.5421     0.1233     0.1233     0.1274     0.0403     117111    81.3264     100.00     2.6440     2.2953         20  0.000e+00
     19.964   79.07448  130.36956     20.178    -1.4612    -1.4617  24.152788  24.147438    29.9889    29.9821    378.696    369.824     0.3823     4.5421     0.1233     0.1233     0.1274     0.0403     117112    81.3271     100.00     2.6440     2.2941         20  0.000e+00
     19.964   79.07448  130.36956     20.178    -1.4609    -1.4617  24.154173  24.147872    29.9905    29.9827    378.687    369.568     0.3823     4.5421     0.1221     0.1221     0.1274     0.0403     117113    81.3278     100.00     2.6440     2.2929         20  0.000e+00
     19.964   79.07448  130.36956     20.178    -1.4611    -1.4620  24.155674  24.147764    29.9927    29.9828    378.898    369.317     0.3823     4.5421     0.1233     0.1233     0.1274     0.0403     117114    81.3285     100.00     2.6452     2.2917         20  0.000e+00
     19.981   79.07448  130.36956     20.195    -1.4607    -1.4615  24.156945  24.147981    29.9941    29.9826    378.676    369.058     0.3823     4.5409     0.1233     0.1233     0.1284     0.0403     117115    81.3292     100.00     2.6440     2.2904         20  0.000e+00
     19.964   79.07448  130.36956     20.178    -1.4609    -1.4617  24.157926  24.148089    29.9956    29.9830    378.672    369.059     0.3518     4.5409     0.1221     0.1221     0.1284     0.0391     117116    81.3299     100.00     2.6440     2.2904         20  0.000e+00
     19.964   79.07448  130.36956     20.178    -1.4609    -1.4617  24.158215  24.147927    29.9960    29.9828    378.671    369.314     0.3823     4.5409     0.1221     0.1221     0.1284     0.0403     117117    81.3306     100.00     2.6440     2.2917         20  0.000e+00
     19.981   79.07448  130.36956     20.195    -1.4607    -1.4619  24.157868  24.147872    29.9953    29.9829    378.887    369.062     0.3518     4.5421     0.1221     0.1221     0.1274     0.0391     117118    81.3312     100.00     2.6452     2.2904         20  0.000e+00
     19.801   79.07454  130.36946     20.013    -1.4717    -1.4818  24.077834  24.029281    29.8975    29.8416    378.215    369.939     0.3518     4.5470     0.1184     0.1184     0.1231     0.0391     117479    81.5819     100.00     2.6391     2.2916         21  0.000e+00
     19.842   79.07454  130.36946     20.055    -1.4713    -1.4791  24.077200  24.044242    29.8962    29.8592    378.216    369.349     0.3823     4.5470     0.1197     0.1197     0.1231     0.0403     117480    81.5826     100.00     2.6391     2.2892         21  0.000e+00
     19.842   79.07454  130.36946     20.055    -1.4710    -1.4762  24.075009  24.062841    29.8930    29.8816    378.438    368.996     0.4129     4.5470     0.1197     0.1197     0.1231     0.0415     117481    81.5833     100.00     2.6403     2.2880         21  0.000e+00
     19.801   79.07454  130.36946     20.013    -1.4711    -1.4736  24.072817  24.074013    29.8901    29.8943    378.445    368.674     0.4129     4.5470     0.1197     0.1197     0.1231     0.0415     117482    81.5840     100.00     2.6403     2.2867         21  0.000e+00
     19.842   79.07454  130.36946     20.055    -1.4715    -1.4721  24.069012  24.077213    29.8853    29.8970    378.681    368.905     0.4129     4.5470     0.1209     0.1209     0.1231     0.0415     117483    81.5847     100.00     2.6415     2.2880         21  0.000e+00
