Continuous CTD Data/SBE Stage/nabos_27_01avg.cnv
* Sea-Bird SBE 9 Data File:
* FileName = D:\CTD\data\HLY2502\raw\NABOS_27_01.hex
* Software Version Seasave V 7.26.7.110
* Temperature SN = 6954
* Conductivity SN = 2561
* Number of Bytes Per Scan = 37
* Number of Voltage Words = 4
* Number of Scans Averaged by the Deck Unit = 1
* NMEA Latitude = 80 38.83 N
* NMEA Longitude = 157 43.38 E
* NMEA UTC (Time) = Sep 21 2025  11:57:16
* NMEA baud rate = 9600
** Ship: USCG HEALY
** Bot. Depth:  2663
** Cast Number:  01
** Station Name:  NABOS
** Station Number:  27
** Operator:  STARC
# nquan = 25
# nvalues = 1214                        
# units = specified
# name 0 = depSM: Depth [salt water, m]
# name 1 = latitude: Latitude [deg]
# name 2 = longitude: Longitude [deg]
# name 3 = prDM: Pressure, Digiquartz [db]
# name 4 = t090C: Temperature [ITS-90, deg C]
# name 5 = t190C: Temperature, 2 [ITS-90, deg C]
# name 6 = c0mS/cm: Conductivity [mS/cm]
# name 7 = c1mS/cm: Conductivity, 2 [mS/cm]
# name 8 = sal00: Salinity, Practical [PSU]
# name 9 = sal11: Salinity, Practical, 2 [PSU]
# name 10 = sbox0Mm/Kg: Oxygen, SBE 43 [umol/kg]
# name 11 = sbox1Mm/Kg: Oxygen, SBE 43, 2 [umol/kg]
# name 12 = flECO-AFL: Fluorescence, WET Labs ECO-AFL/FL [mg/m^3]
# name 13 = v2: Voltage 2
# name 14 = wetCDOM: Fluorescence, WET Labs CDOM [mg/m^3]
# name 15 = v6: Voltage 6
# name 16 = CStarAt0: Beam Attenuation, WET Labs C-Star [1/m]
# name 17 = v3: Voltage 3
# name 18 = scan: Scan Count
# name 19 = timeM: Time, Elapsed [minutes]
# name 20 = altM: Altimeter [m]
# name 21 = sbeox0V: Oxygen raw, SBE 43 [V]
# name 22 = sbeox1V: Oxygen raw, SBE 43, 2 [V]
# name 23 = nbin: number of scans per bin
# name 24 = flag: flag
# span 0 =      3.958,   1200.586       
# span 1 =   80.64744,   80.64957       
# span 2 =  157.71494,  157.72107       
# span 3 =      4.000,   1217.000       
# span 4 =    -1.7086,     0.9989       
# span 5 =    -1.7083,     0.9989       
# span 6 =  24.859344,  29.850447       
# span 7 =  24.857013,  29.848604       
# span 8 =    31.1997,    34.8821       
# span 9 =    31.1953,    34.8797       
# span 10 =    291.222,    373.238      
# span 11 =    278.724,    365.809      
# span 12 =    -0.1832,     0.5012      
# span 13 =     4.5423,     4.6375      
# span 14 =     0.0745,     0.1203      
# span 15 =     0.0745,     0.1203      
# span 16 =     0.0442,     0.1273      
# span 17 =     0.0177,     0.0451      
# span 18 =       7539,      42560      
# span 19 =     5.2345,    29.5549      
# span 20 =     100.00,     100.00      
# span 21 =     2.0186,     2.6224      
# span 22 =     1.7868,     2.2785      
# span 23 =          9,         30      
# span 24 = 0.0000e+00, 0.0000e+00      
# interval = decibars: 1                
# start_time = Sep 21 2025 11:57:16 [NMEA time, header]
# bad_flag = -9.990e-29
*END*
[from data line 522]
    519.764   80.64852  157.71846    526.000     0.3083     0.3082  29.404281  29.402282    34.8177    34.8153    297.205    291.295    -0.1687     4.6324     0.0832     0.0832     0.0486     0.0182      23509    16.3247     100.00     2.2218     1.9510         19 0.0000e+00
    520.750   80.64854  157.71844    527.000     0.3083     0.3083  29.404622  29.402942    34.8176    34.8154    297.132    292.246    -0.1472     4.6324     0.0826     0.0826     0.0486     0.0191      23533    16.3417     100.00     2.2212     1.9555         16 0.0000e+00
    521.737   80.64854  157.71844    528.000     0.3086     0.3085  29.405353  29.403600    34.8177    34.8154    297.115    292.367    -0.1331     4.6319     0.0832     0.0832     0.0491     0.0196      23558    16.3588     100.00     2.2209     1.9559         18 0.0000e+00
    522.724   80.64854  157.71844    529.000     0.3088     0.3087  29.405995  29.404044    34.8177    34.8153    297.054    291.854    -0.1651     4.6322     0.0829     0.0829     0.0488     0.0184      23582    16.3759     100.00     2.2203     1.9532         16 0.0000e+00
    523.711   80.64854  157.71844    530.000     0.3083     0.3082  29.406037  29.404194    34.8177    34.8154    297.053    295.124    -0.1670     4.6327     0.0845     0.0845     0.0483     0.0183      23607    16.3930     100.00     2.2200     1.9690         17 0.0000e+00
    524.698   80.64854  157.71842    531.000     0.3086     0.3086  29.406817  29.404925    34.8178    34.8153    297.088    290.892    -0.1671     4.6331     0.0813     0.0813     0.0480     0.0183      23632    16.4103     100.00     2.2200     1.9480         17 0.0000e+00
    525.685   80.64854  157.71842    532.000     0.3086     0.3085  29.407294  29.405381    34.8178    34.8154    296.994    293.188    -0.1706     4.6328     0.0837     0.0837     0.0482     0.0182      23656    16.4273     100.00     2.2193     1.9591         17 0.0000e+00
    526.672   80.64854  157.71842    533.000     0.3082     0.3075  29.407335  29.404862    34.8178    34.8152    297.025    291.365    -0.1603     4.6326     0.0816     0.0816     0.0484     0.0186      23681    16.4445     100.00     2.2192     1.9499         18 0.0000e+00
    527.658   80.64854  157.71842    534.000     0.2968     0.2960  29.397445  29.394858    34.8170    34.8145    297.229    291.463    -0.1324     4.6329     0.0827     0.0827     0.0481     0.0197      23705    16.4613     100.00     2.2196     1.9498         14 0.0000e+00
    528.645   80.64854  157.71842    535.000     0.2746     0.2709  29.378181  29.373132    34.8162    34.8138    297.422    292.027    -0.1330     4.6334     0.0838     0.0838     0.0477     0.0197      23730    16.4787     100.00     2.2193     1.9513         17 0.0000e+00
    529.632   80.64854  157.71840    536.000     0.2388     0.2381  29.347564  29.345087    34.8158    34.8133    297.572    291.508    -0.1315     4.6326     0.0826     0.0826     0.0484     0.0197      23755    16.4958     100.00     2.2182     1.9472         18 0.0000e+00
    530.619   80.64854  157.71840    537.000     0.2228     0.2230  29.334070  29.332354    34.8156    34.8130    297.614    291.586    -0.1312     4.6336     0.0819     0.0819     0.0475     0.0197      23780    16.5131     100.00     2.2173     1.9467         17 0.0000e+00
    531.606   80.64854  157.71840    538.000     0.2217     0.2219  29.333159  29.331578    34.8150    34.8126    297.668    291.802    -0.1585     4.6331     0.0824     0.0824     0.0479     0.0186      23804    16.5301     100.00     2.2174     1.9476         17 0.0000e+00
    532.593   80.64854  157.71840    539.000     0.2209     0.2212  29.332781  29.331020    34.8148    34.8121    297.771    293.684    -0.1741     4.6328     0.0813     0.0813     0.0482     0.0180      23829    16.5471     100.00     2.2177     1.9565         13 0.0000e+00
    533.580   80.64854  157.71838    540.000     0.2198     0.2197  29.331976  29.330057    34.8143    34.8119    297.740    293.879    -0.1741     4.6324     0.0826     0.0826     0.0486     0.0180      23853    16.5642     100.00     2.2173     1.9572         13 0.0000e+00
    534.566   80.64856  157.71838    541.000     0.2175     0.2175  29.330215  29.328411    34.8141    34.8117    297.789    293.304    -0.1397     4.6317     0.0826     0.0826     0.0492     0.0194      23878    16.5815     100.00     2.2172     1.9541         17 0.0000e+00
    535.553   80.64856  157.71838    542.000     0.2134     0.2140  29.326939  29.325615    34.8138    34.8114    297.761    292.985    -0.1404     4.6321     0.0825     0.0825     0.0489     0.0193      23903    16.5986     100.00     2.2166     1.9522         16 0.0000e+00
    536.540   80.64856  157.71838    543.000     0.2099     0.2099  29.324298  29.322495    34.8137    34.8113    297.792    292.450    -0.1730     4.6320     0.0825     0.0825     0.0489     0.0181      23928    16.6157     100.00     2.2163     1.9493         16 0.0000e+00
    537.527   80.64856  157.71838    544.000     0.2104     0.2101  29.325098  29.322981    34.8135    34.8112    297.752    292.078    -0.1752     4.6324     0.0824     0.0824     0.0486     0.0180      23952    16.6329     100.00     2.2159     1.9473         15 0.0000e+00
    538.514   80.64856  157.71836    545.000     0.2107     0.2105  29.325755  29.323627    34.8135    34.8110    297.776    289.992    -0.1719     4.6325     0.0838     0.0838     0.0485     0.0181      23977    16.6498     100.00     2.2158     1.9369         13 0.0000e+00
    539.501   80.64856  157.71836    546.000     0.2118     0.2114  29.327239  29.324955    34.8136    34.8111    297.758    293.714    -0.1714     4.6322     0.0846     0.0846     0.0487     0.0181      24001    16.6670     100.00     2.2156     1.9549         14 0.0000e+00
    540.487   80.64856  157.71836    547.000     0.2178     0.2178  29.333041  29.331204    34.8139    34.8115    297.695    293.751    -0.1528     4.6320     0.0840     0.0840     0.0489     0.0189      24026    16.6841     100.00     2.2153     1.9552         13 0.0000e+00
    541.474   80.64856  157.71835    548.000     0.2240     0.2241  29.339517  29.337797    34.8148    34.8124    297.476    292.729    -0.1282     4.6314     0.0834     0.0834     0.0495     0.0199      24051    16.7011     100.00     2.2141     1.9503         14 0.0000e+00
    542.461   80.64856  157.71834    549.000     0.2362     0.2362  29.351479  29.349658    34.8162    34.8138    297.298    291.659    -0.1345     4.6317     0.0829     0.0829     0.0492     0.0196      24076    16.7186     100.00     2.2135     1.9454         16 0.0000e+00
    543.448   80.64856  157.71834    550.000     0.2429     0.2429  29.358053  29.356242    34.8167    34.8143    297.399    292.020    -0.1609     4.6318     0.0835     0.0835     0.0492     0.0185      24100    16.7355     100.00     2.2142     1.9472         13 0.0000e+00
    544.434   80.64856  157.71834    551.000     0.2436     0.2437  29.359413  29.357676    34.8170    34.8147    297.440    293.206    -0.1732     4.6303     0.0828     0.0828     0.0504     0.0181      24125    16.7528     100.00     2.2142     1.9529         16 0.0000e+00
    545.421   80.64856  157.71833    552.000     0.2436     0.2435  29.359821  29.358060    34.8170    34.8148    297.390    289.351    -0.1722     4.6314     0.0825     0.0825     0.0495     0.0181      24149    16.7696     100.00     2.2137     1.9339         12 0.0000e+00
    546.408   80.64856  157.71832    553.000     0.2444     0.2442  29.361298  29.359144    34.8175    34.8149    297.265    290.265    -0.1346     4.6317     0.0837     0.0837     0.0492     0.0196      24174    16.7871     100.00     2.2128     1.9382         17 0.0000e+00
    547.395   80.64857  157.71832    554.000     0.2453     0.2451  29.362429  29.360479    34.8173    34.8151    297.195    290.521    -0.1441     4.6329     0.0833     0.0833     0.0481     0.0192      24199    16.8042     100.00     2.2122     1.9393         17 0.0000e+00
    548.381   80.64858  157.71832    555.000     0.2453     0.2451  29.363075  29.360949    34.8176    34.8150    297.275    291.232    -0.1655     4.6325     0.0841     0.0841     0.0485     0.0184      24223    16.8211     100.00     2.2124     1.9425         14 0.0000e+00
    549.368   80.64858  157.71832    556.000     0.2381     0.2378  29.356984  29.354815    34.8172    34.8147    297.316    291.123    -0.1361     4.6321     0.0842     0.0842     0.0488     0.0195      24248    16.8384     100.00     2.2121     1.9415         17 0.0000e+00
    550.355   80.64858  157.71831    557.000     0.2097     0.2094  29.332796  29.330557    34.8168    34.8142    297.318    291.260    -0.1366     4.6332     0.0836     0.0836     0.0479     0.0195      24273    16.8554     100.00     2.2105     1.9408         17 0.0000e+00
    551.342   80.64858  157.71830    558.000     0.1991     0.1989  29.324179  29.322154    34.8169    34.8144    297.230    292.382    -0.1331     4.6333     0.0834     0.0834     0.0477     0.0196      24298    16.8726     100.00     2.2092     1.9457         17 0.0000e+00
    552.328   80.64858  157.71830    559.000     0.1975     0.1974  29.323081  29.321070    34.8166    34.8141    297.186    292.207    -0.1625     4.6333     0.0826     0.0826     0.0477     0.0185      24322    16.8895     100.00     2.2086     1.9446         13 0.0000e+00
    553.315   80.64858  157.71830    560.000     0.1967     0.1967  29.322730  29.320751    34.8165    34.8139    297.229    293.431    -0.1729     4.6334     0.0826     0.0826     0.0477     0.0181      24347    16.9067     100.00     2.2087     1.9503         15 0.0000e+00
    554.302   80.64858  157.71828    561.000     0.1947     0.1946  29.321371  29.319391    34.8164    34.8139    297.173    292.657    -0.1440     4.6336     0.0826     0.0826     0.0475     0.0192      24372    16.9240     100.00     2.2080     1.9463         19 0.0000e+00
    555.289   80.64858  157.71828    562.000     0.1945     0.1946  29.321735  29.319882    34.8165    34.8140    297.173    291.784    -0.1348     4.6337     0.0828     0.0828     0.0474     0.0196      24396    16.9410     100.00     2.2077     1.9418         15 0.0000e+00
    556.275   80.64858  157.71828    563.000     0.1959     0.1960  29.323470  29.321620    34.8166    34.8141    297.107    292.824    -0.1327     4.6335     0.0825     0.0825     0.0476     0.0197      24421    16.9581     100.00     2.2072     1.9468         15 0.0000e+00
    557.262   80.64858  157.71828    564.000     0.1965     0.1975  29.324389  29.323556    34.8165    34.8143    297.209    288.260    -0.1725     4.6329     0.0835     0.0835     0.0482     0.0181      24445    16.9751     100.00     2.2076     1.9244         15 0.0000e+00
    558.249   80.64858  157.71826    565.000     0.2024     0.2021  29.330423  29.328328    34.8172    34.8147    297.082    288.347    -0.1728     4.6328     0.0838     0.0838     0.0482     0.0181      24470    16.9924     100.00     2.2069     1.9248         16 0.0000e+00
    559.235   80.64858  157.71826    566.000     0.2048     0.2047  29.333046  29.331152    34.8173    34.8151    297.139    289.183    -0.1615     4.6334     0.0829     0.0829     0.0476     0.0185      24494    17.0094     100.00     2.2072     1.9288         15 0.0000e+00
    560.222   80.64858  157.71826    567.000     0.2052     0.2047  29.333898  29.331655    34.8175    34.8151    297.180    294.638    -0.1516     4.6327     0.0826     0.0826     0.0483     0.0189      24519    17.0267     100.00     2.2072     1.9552         19 0.0000e+00
    561.209   80.64858  157.71826    568.000     0.2051     0.2049  29.334330  29.332197    34.8176    34.8150    297.263    293.671    -0.1533     4.6329     0.0829     0.0829     0.0482     0.0189      24544    17.0438     100.00     2.2075     1.9503         20 0.0000e+00
    562.196   80.64860  157.71824    569.000     0.2076     0.2073  29.337010  29.335005    34.8176    34.8153    297.188    291.064    -0.1361     4.6335     0.0830     0.0830     0.0476     0.0195      24569    17.0609     100.00     2.2069     1.9376         18 0.0000e+00
    563.182   80.64860  157.71824    570.000     0.2082     0.2080  29.337920  29.335880    34.8177    34.8151    297.104    291.171    -0.1366     4.6332     0.0835     0.0835     0.0479     0.0195      24593    17.0779     100.00     2.2062     1.9379         17 0.0000e+00
    564.169   80.64860  157.71824    571.000     0.2082     0.2082  29.338467  29.336464    34.8177    34.8152    297.088    291.626    -0.1587     4.6336     0.0836     0.0836     0.0475     0.0186      24618    17.0950     100.00     2.2059     1.9399         16 0.0000e+00
    565.156   80.64860  157.71824    572.000     0.2118     0.2116  29.342287  29.340254    34.8181    34.8157    297.120    293.259    -0.1414     4.6337     0.0827     0.0827     0.0474     0.0193      24643    17.1122     100.00     2.2061     1.9479         18 0.0000e+00
    566.142   80.64860  157.71824    573.000     0.2147     0.2151  29.345336  29.343923    34.8182    34.8159    297.161    294.504    -0.1682     4.6336     0.0825     0.0825     0.0475     0.0183      24667    17.1292     100.00     2.2063     1.9539         15 0.0000e+00
    567.129   80.64860  157.71822    574.000     0.2155     0.2158  29.346583  29.345062    34.8184    34.8160    297.182    293.958    -0.1713     4.6338     0.0834     0.0834     0.0473     0.0181      24692    17.1463     100.00     2.2062     1.9511         14 0.0000e+00
    568.116   80.64860  157.71822    575.000     0.2167     0.2168  29.348138  29.346374    34.8185    34.8161    297.183    294.219    -0.1725     4.6322     0.0836     0.0836     0.0488     0.0181      24717    17.1636     100.00     2.2060     1.9522         17 0.0000e+00
    569.102   80.64860  157.71822    576.000     0.2163     0.2159  29.348215  29.345931    34.8184    34.8159    297.239    293.251    -0.1302     4.6336     0.0831     0.0831     0.0475     0.0198      24741    17.1806     100.00     2.2061     1.9473         17 0.0000e+00
    570.089   80.64860  157.71822    577.000     0.1960     0.1963  29.330482  29.329035    34.8175    34.8152    297.432    291.947    -0.1331     4.6338     0.0823     0.0823     0.0473     0.0197      24766    17.1978     100.00     2.2059     1.9399         17 0.0000e+00
    571.076   80.64860  157.71820    578.000     0.1720     0.1713  29.309758  29.307484    34.8167    34.8145    297.485    292.661    -0.1454     4.6341     0.0828     0.0828     0.0471     0.0192      24790    17.2148     100.00     2.2048     1.9421         15 0.0000e+00
    572.062   80.64860  157.71820    579.000     0.1448     0.1448  29.286591  29.284762    34.8163    34.8139    297.571    292.235    -0.1492     4.6338     0.0834     0.0834     0.0473     0.0190      24815    17.2320     100.00     2.2037     1.9388         19 0.0000e+00
    573.049   80.64860  157.71820    580.000     0.1416     0.1416  29.283998  29.282152    34.8159    34.8135    297.590    292.955    -0.1584     4.6334     0.0836     0.0836     0.0477     0.0186      24840    17.2492     100.00     2.2034     1.9419         17 0.0000e+00
    574.036   80.64860  157.71820    581.000     0.1408     0.1408  29.283620  29.281548    34.8157    34.8130    297.739    292.607    -0.1726     4.6340     0.0826     0.0826     0.0472     0.0181      24864    17.2662     100.00     2.2040     1.9400         17 0.0000e+00
    575.022   80.64861  157.71819    582.000     0.1402     0.1401  29.283232  29.281288    34.8154    34.8129    297.782    293.849    -0.1476     4.6340     0.0836     0.0836     0.0472     0.0191      24889    17.2834     100.00     2.2040     1.9458         18 0.0000e+00
