Continuous CTD Data/SBE Stage/nabos_20_01.ros
* Sea-Bird SBE 9 Data File:
* FileName = D:\CTD\data\HLY2502\raw\NABOS_20_01.hex
* Software Version Seasave V 7.26.7.110
* Temperature SN = 6954
* Conductivity SN = 2561
* Number of Bytes Per Scan = 37
* Number of Voltage Words = 4
* Number of Scans Averaged by the Deck Unit = 1
* NMEA Latitude = 78 38.06 N
* NMEA Longitude = 174 57.52 E
* NMEA UTC (Time) = Sep 18 2025  06:15:34
* NMEA baud rate = 9600
** Ship: USCG HEALY
** Bot. Depth:  2143
** Cast Number:  01
** Station Name:  NABOS
** Station Number:  20
** Operator:  STARC
** 1200 target
# nquan = 25
# nvalues = 1176                                  
# units = specified
# name 0 = depSM: Depth [salt water, m]
# name 1 = latitude: Latitude [deg]
# name 2 = longitude: Longitude [deg]
# name 3 = prDM: Pressure, Digiquartz [db]
# name 4 = t090C: Temperature [ITS-90, deg C]
# name 5 = t190C: Temperature, 2 [ITS-90, deg C]
# name 6 = c0mS/cm: Conductivity [mS/cm]
# name 7 = c1mS/cm: Conductivity, 2 [mS/cm]
# name 8 = sal00: Salinity, Practical [PSU]
# name 9 = sal11: Salinity, Practical, 2 [PSU]
# name 10 = sbox0Mm/Kg: Oxygen, SBE 43 [umol/kg]
# name 11 = sbox1Mm/Kg: Oxygen, SBE 43, 2 [umol/kg]
# name 12 = flECO-AFL: Fluorescence, WET Labs ECO-AFL/FL [mg/m^3]
# name 13 = v2: Voltage 2
# name 14 = wetCDOM: Fluorescence, WET Labs CDOM [mg/m^3]
# name 15 = v6: Voltage 6
# name 16 = CStarAt0: Beam Attenuation, WET Labs C-Star [1/m]
# name 17 = v3: Voltage 3
# name 18 = scan: Scan Count
# name 19 = timeM: Time, Elapsed [minutes]
# name 20 = altM: Altimeter [m]
# name 21 = sbeox0V: Oxygen raw, SBE 43 [V]
# name 22 = sbeox1V: Oxygen raw, SBE 43, 2 [V]
# name 23 = nbf: Bottles Fired
# name 24 = flag:  0.000e+00
# interval = seconds: 0.0416667
# start_time = Sep 18 2025 06:15:34 [NMEA time, header]
# bad_flag = -9.990e-29
*END*
[from data line 406]
    150.211   78.64486  174.95914    151.866    -0.6851    -0.6728  28.092635  28.103920    34.4227    34.4239    304.016    296.095    -0.1061     4.6679     0.0867     0.0867     0.0180     0.0208      86570    60.1174     100.00     2.2918     2.0001          9  0.000e+00
    150.203   78.64486  174.95914    151.858    -0.6851    -0.6731  28.092452  28.104092    34.4225    34.4245    304.016    296.340    -0.1366     4.6691     0.0879     0.0879     0.0170     0.0195      86571    60.1181     100.00     2.2918     2.0014          9  0.000e+00
    150.203   78.64486  174.95914    151.858    -0.6853    -0.6730  28.092574  28.103863    34.4228    34.4240    304.017    296.585    -0.1061     4.6679     0.0879     0.0879     0.0180     0.0208      86572    60.1187     100.00     2.2918     2.0026          9  0.000e+00
    150.260   78.64486  174.95914    151.916    -0.6851    -0.6728  28.092635  28.104379    34.4227    34.4245    304.018    296.828    -0.1366     4.6691     0.0891     0.0891     0.0170     0.0195      86573    60.1194     100.00     2.2918     2.0038          9  0.000e+00
    150.211   78.64486  174.95914    151.866    -0.6850    -0.6723  28.092635  28.103978    34.4225    34.4234    304.015    296.825    -0.1366     4.6691     0.0891     0.0891     0.0170     0.0195      86574    60.1201     100.00     2.2918     2.0038          9  0.000e+00
    150.203   78.64486  174.95914    151.858    -0.6850    -0.6728  28.092818  28.103978    34.4228    34.4240    304.014    297.072    -0.1366     4.6679     0.0891     0.0891     0.0180     0.0195      86575    60.1208     100.00     2.2918     2.0050          9  0.000e+00
    150.203   78.64486  174.95914    151.858    -0.6850    -0.6733  28.092696  28.103634    34.4226    34.4241    304.014    296.831    -0.1366     4.6691     0.0891     0.0891     0.0170     0.0195      86576    60.1215     100.00     2.2918     2.0038          9  0.000e+00
    150.211   78.64486  174.95914    151.866    -0.6850    -0.6740  28.093001  28.103921    34.4230    34.4253    304.220    296.836    -0.1366     4.6679     0.0891     0.0891     0.0180     0.0195      86577    60.1222     100.00     2.2930     2.0038          9  0.000e+00
    150.260   78.64486  174.95914    151.916    -0.6847    -0.6736  28.092818  28.104093    34.4224    34.4250    304.014    296.590    -0.1366     4.6691     0.0891     0.0891     0.0170     0.0195      86578    60.1229     100.00     2.2918     2.0026          9  0.000e+00
    150.203   78.64486  174.95914    151.858    -0.6849    -0.6731  28.093062  28.104092    34.4230    34.4245    304.012    296.829    -0.1061     4.6691     0.0891     0.0891     0.0170     0.0208      86579    60.1236     100.00     2.2918     2.0038          9  0.000e+00
    150.211   78.64486  174.95914    151.866    -0.6847    -0.6726  28.093001  28.104092    34.4227    34.4239    304.012    297.070    -0.1366     4.6679     0.0891     0.0891     0.0180     0.0195      86580    60.1243     100.00     2.2918     2.0050          9  0.000e+00
    150.203   78.64486  174.95914    151.858    -0.6845    -0.6726  28.092513  28.104092    34.4218    34.4239    304.012    297.070    -0.1366     4.6691     0.0891     0.0891     0.0170     0.0195      86581    60.1250     100.00     2.2918     2.0050          9  0.000e+00
    150.260   78.64486  174.95914    151.916    -0.6849    -0.6725  28.092757  28.103863    34.4225    34.4235    304.016    296.828    -0.1366     4.6679     0.0891     0.0891     0.0180     0.0195      86582    60.1257     100.00     2.2918     2.0038          9  0.000e+00
    150.211   78.64486  174.95914    151.866    -0.6849    -0.6722  28.093123  28.104150    34.4230    34.4235    304.012    296.823    -0.1366     4.6691     0.0891     0.0891     0.0170     0.0195      86583    60.1264     100.00     2.2918     2.0038          9  0.000e+00
    150.203   78.64486  174.95914    151.858    -0.6849    -0.6723  28.093183  28.104150    34.4231    34.4237    304.218    297.068    -0.1366     4.6679     0.0891     0.0891     0.0180     0.0195      86584    60.1271     100.00     2.2930     2.0050          9  0.000e+00
    150.260   78.64486  174.95914    151.916    -0.6845    -0.6720  28.093184  28.104093    34.4227    34.4232    304.012    297.069    -0.1366     4.6679     0.0891     0.0891     0.0180     0.0195      86585    60.1278     100.00     2.2918     2.0050          9  0.000e+00
    150.203   78.64486  174.95914    151.858    -0.6845    -0.6723  28.093183  28.103863    34.4228    34.4233    303.803    297.313    -0.1366     4.6679     0.0891     0.0891     0.0180     0.0195      86586    60.1285     100.00     2.2906     2.0062          9  0.000e+00
    150.211   78.64486  174.95914    151.866    -0.6842    -0.6737  28.093001  28.102773    34.4221    34.4234    304.008    297.081    -0.1366     4.6679     0.0904     0.0904     0.0180     0.0195      86587    60.1292     100.00     2.2918     2.0050          9  0.000e+00
    150.203   78.64486  174.95914    151.858    -0.6844    -0.6758  28.093122  28.100881    34.4225    34.4232    304.009    297.100    -0.1366     4.6679     0.0891     0.0891     0.0180     0.0195      86588    60.1299     100.00     2.2918     2.0050          9  0.000e+00
    150.260   78.64486  174.95914    151.916    -0.6842    -0.6777  28.093184  28.098932    34.4223    34.4227    304.010    296.875    -0.1366     4.6667     0.0904     0.0904     0.0191     0.0195      86589    60.1306     100.00     2.2918     2.0038          9  0.000e+00
    150.211   78.64486  174.95914    151.866    -0.6844    -0.6790  28.093183  28.097842    34.4226    34.4227    304.009    296.641    -0.1366     4.6654     0.0891     0.0891     0.0201     0.0195      86590    60.1313     100.00     2.2918     2.0026          9  0.000e+00
    150.203   78.64486  174.95914    151.858    -0.6844    -0.6797  28.093183  28.097269    34.4226    34.4227    304.008    296.646    -0.1366     4.6667     0.0891     0.0891     0.0191     0.0195      86591    60.1319     100.00     2.2918     2.0026          9  0.000e+00
    150.260   78.64486  174.95914    151.916    -0.6842    -0.6798  28.093366  28.096925    34.4226    34.4224    304.009    296.406    -0.1366     4.6667     0.0891     0.0891     0.0191     0.0195      86592    60.1326     100.00     2.2918     2.0014          9  0.000e+00
    150.211   78.64486  174.95914    151.866    -0.6842    -0.6800  28.093427  28.096867    34.4227    34.4225    303.800    296.650    -0.1366     4.6667     0.0891     0.0891     0.0191     0.0195      86593    60.1333     100.00     2.2906     2.0026          9  0.000e+00
    150.203   78.64486  174.95914    151.858    -0.6841    -0.6797  28.093671  28.097039    34.4229    34.4225    304.005    297.136    -0.1366     4.6667     0.0904     0.0904     0.0191     0.0195      86594    60.1340     100.00     2.2918     2.0050          9  0.000e+00
    150.260   78.64486  174.95914    151.916    -0.6839    -0.6792  28.093915  28.097326    34.4230    34.4223    303.799    298.845    -0.1366     4.6667     0.0891     0.0891     0.0191     0.0195      86595    60.1347     100.00     2.2906     2.0136          9  0.000e+00
    150.211   78.64486  174.95914    151.866    -0.6839    -0.6789  28.093549  28.097555    34.4225    34.4223    304.005    299.573    -0.1366     4.6667     0.0891     0.0891     0.0191     0.0195      86596    60.1354     100.00     2.2918     2.0172          9  0.000e+00
    150.203   78.64486  174.95914    151.858    -0.6841    -0.6783  28.093244  28.097842    34.4223    34.4220    303.800    299.079    -0.1366     4.6667     0.0891     0.0891     0.0191     0.0195      86597    60.1361     100.00     2.2906     2.0148          9  0.000e+00
    150.203   78.64486  174.95914    151.858    -0.6841    -0.6780  28.093366  28.098301    34.4225    34.4223    304.006    298.099    -0.1366     4.6667     0.0891     0.0891     0.0191     0.0195      86598    60.1368     100.00     2.2918     2.0099          9  0.000e+00
    150.260   78.64486  174.95914    151.916    -0.6844    -0.6787  28.093245  28.098071    34.4226    34.4227    304.010    297.129    -0.1366     4.6667     0.0891     0.0891     0.0191     0.0195      86599    60.1375     100.00     2.2918     2.0050          9  0.000e+00
    150.211   78.64486  174.95914    151.866    -0.6844    -0.6795  28.093001  28.098129    34.4223    34.4237    304.009    296.643    -0.1366     4.6667     0.0891     0.0891     0.0191     0.0195      86600    60.1382     100.00     2.2918     2.0026          9  0.000e+00
    150.203   78.64486  174.95914    151.858    -0.6842    -0.6805  28.092940  28.098186    34.4220    34.4249    304.008    296.648    -0.1366     4.6667     0.0879     0.0879     0.0191     0.0195      86601    60.1389     100.00     2.2918     2.0026          9  0.000e+00
    150.260   78.64486  174.95914    151.916    -0.6842    -0.6801  28.093123  28.098530    34.4223    34.4249    304.010    296.403    -0.1061     4.6667     0.0879     0.0879     0.0191     0.0208      86602    60.1396     100.00     2.2918     2.0014          9  0.000e+00
    150.211   78.64486  174.95914    151.866    -0.6842    -0.6787  28.093366  28.099104    34.4226    34.4241    304.007    296.635    -0.1366     4.6667     0.0879     0.0879     0.0191     0.0195      86603    60.1403     100.00     2.2918     2.0026          9  0.000e+00
    150.260   78.64486  174.95914    151.916    -0.6839    -0.6786  28.093427  28.099849    34.4224    34.4250    304.007    296.389    -0.1366     4.6667     0.0879     0.0879     0.0191     0.0195      86604    60.1410     100.00     2.2918     2.0014          9  0.000e+00
    129.895   78.64512  174.95908    131.320    -1.0746    -1.0720  27.675839  27.676517    34.3130    34.3110    306.757    300.791    -0.1366     4.6667     0.0891     0.0891     0.0191     0.0195      88479    61.4431     100.00     2.2903     2.0085         10  0.000e+00
    129.838   78.64512  174.95908    131.262    -1.0738    -1.0719  27.676566  27.676573    34.3132    34.3110    306.956    301.281    -0.1366     4.6679     0.0904     0.0904     0.0180     0.0195      88480    61.4438     100.00     2.2916     2.0109         10  0.000e+00
    129.871   78.64512  174.95908    131.295    -1.0732    -1.0719  27.677173  27.676459    34.3133    34.3108    306.952    301.036    -0.1366     4.6679     0.0891     0.0891     0.0180     0.0195      88481    61.4444     100.00     2.2916     2.0097         10  0.000e+00
    129.895   78.64512  174.95908    131.320    -1.0729    -1.0719  27.677112  27.676517    34.3128    34.3109    306.951    300.790    -0.1366     4.6679     0.0891     0.0891     0.0180     0.0195      88482    61.4451     100.00     2.2916     2.0085         10  0.000e+00
    129.895   78.64512  174.95908    131.320    -1.0723    -1.0718  27.677355  27.676745    34.3125    34.3111    306.946    300.789    -0.1366     4.6667     0.0891     0.0891     0.0191     0.0195      88483    61.4458     100.00     2.2916     2.0085         10  0.000e+00
    129.895   78.64512  174.95908    131.320    -1.0716    -1.0714  27.677961  27.676745    34.3126    34.3106    306.731    300.540    -0.1366     4.6667     0.0891     0.0891     0.0191     0.0195      88484    61.4465     100.00     2.2903     2.0073         10  0.000e+00
    129.838   78.64512  174.95908    131.262    -1.0715    -1.0714  27.678143  27.676802    34.3127    34.3108    306.936    300.044    -0.1366     4.6667     0.0891     0.0891     0.0191     0.0195      88485    61.4472     100.00     2.2916     2.0048         10  0.000e+00
    129.895   78.64512  174.95908    131.320    -1.0710    -1.0711  27.677900  27.676859    34.3118    34.3105    306.728    299.797    -0.1366     4.6667     0.0904     0.0904     0.0191     0.0195      88486    61.4479     100.00     2.2903     2.0036         10  0.000e+00
    129.895   78.64512  174.95908    131.320    -1.0713    -1.0710  27.677961  27.677543    34.3121    34.3113    306.937    299.547    -0.1366     4.6667     0.0904     0.0904     0.0191     0.0195      88487    61.4486     100.00     2.2916     2.0024         10  0.000e+00
    129.838   78.64512  174.95908    131.262    -1.0721    -1.0712  27.677112  27.677600    34.3120    34.3116    306.943    299.546    -0.1366     4.6667     0.0916     0.0916     0.0191     0.0195      88488    61.4493     100.00     2.2916     2.0024         10  0.000e+00
    129.895   78.64512  174.95908    131.320    -1.0734    -1.0708  27.676203  27.677714    34.3121    34.3113    306.748    299.546    -0.1366     4.6667     0.0904     0.0904     0.0191     0.0195      88489    61.4500     100.00     2.2903     2.0024         10  0.000e+00
    129.895   78.64512  174.95908    131.320    -1.0741    -1.0704  27.675839  27.677600    34.3125    34.3107    306.754    299.543    -0.1366     4.6667     0.0916     0.0916     0.0191     0.0195      88490    61.4507     100.00     2.2903     2.0024         10  0.000e+00
    129.871   78.64512  174.95908    131.295    -1.0745    -1.0702  27.675596  27.677771    34.3126    34.3106    306.756    299.540    -0.1366     4.6667     0.0904     0.0904     0.0191     0.0195      88491    61.4514     100.00     2.2903     2.0024         10  0.000e+00
    129.895   78.64512  174.95908    131.320    -1.0749    -1.0702  27.675293  27.678170    34.3126    34.3112    306.969    299.540    -0.1366     4.6667     0.0916     0.0916     0.0191     0.0195      88492    61.4521     100.00     2.2916     2.0024         10  0.000e+00
    129.895   78.64512  174.95908    131.320    -1.0748    -1.0699  27.675415  27.678341    34.3127    34.3111    306.760    299.785    -0.1366     4.6667     0.0916     0.0916     0.0191     0.0195      88493    61.4528     100.00     2.2903     2.0036         10  0.000e+00
    129.838   78.64512  174.95908    131.262    -1.0748    -1.0699  27.675475  27.678227    34.3128    34.3109    306.966    299.782    -0.1366     4.6667     0.0904     0.0904     0.0191     0.0195      88494    61.4535     100.00     2.2916     2.0036         10  0.000e+00
    129.895   78.64512  174.95908    131.320    -1.0749    -1.0699  27.674930  27.678056    34.3121    34.3107    306.970    299.785    -0.1366     4.6667     0.0904     0.0904     0.0191     0.0195      88495    61.4542     100.00     2.2916     2.0036         10  0.000e+00
    129.895   78.64512  174.95908    131.320    -1.0753    -1.0701  27.674930  27.678284    34.3126    34.3113    306.973    299.786    -0.1366     4.6667     0.0904     0.0904     0.0191     0.0195      88496    61.4549     100.00     2.2916     2.0036         10  0.000e+00
    129.895   78.64512  174.95908    131.320    -1.0757    -1.0700  27.674748  27.678398    34.3128    34.3113    306.976    299.785    -0.1366     4.6667     0.0904     0.0904     0.0191     0.0195      88497    61.4556     100.00     2.2916     2.0036         10  0.000e+00
    129.838   78.64512  174.95908    131.262    -1.0754    -1.0697  27.674869  27.678284    34.3127    34.3109    306.971    299.534    -0.1366     4.6667     0.0904     0.0904     0.0191     0.0195      88498    61.4562     100.00     2.2916     2.0024         10  0.000e+00
    129.895   78.64512  174.95908    131.320    -1.0755    -1.0701  27.675051  27.678170    34.3130    34.3111    306.974    299.293    -0.1366     4.6667     0.0904     0.0904     0.0191     0.0195      88499    61.4569     100.00     2.2916     2.0012         10  0.000e+00
    129.895   78.64512  174.95908    131.320    -1.0756    -1.0703  27.674748  27.677714    34.3127    34.3107    306.976    299.049    -0.1671     4.6667     0.0916     0.0916     0.0191     0.0183      88500    61.4576     100.00     2.2916     1.9999         10  0.000e+00
