Continuous CTD Data/SBE Stage/nabos_testcastavg.cnv
* Sea-Bird SBE 9 Data File:
* FileName = D:\CTD\data\HLY2502\raw\NABOS_TestCast.hex
* Software Version Seasave V 7.26.7.110
* Temperature SN = 6954
* Conductivity SN = 2561
* Number of Bytes Per Scan = 37
* Number of Voltage Words = 4
* Number of Scans Averaged by the Deck Unit = 1
* NMEA Latitude = 54 51.60 N
* NMEA Longitude = 155 23.75 W
* NMEA UTC (Time) = Aug 23 2025  00:14:18
* NMEA baud rate = 9600
** Ship: USCG HEALY
** Bot. Depth:  4270
** Cast Number:
** Station Name:  test
** Station Number:
** Operator:  STARC
# nquan = 25
# nvalues = 4275                        
# units = specified
# name 0 = depSM: Depth [salt water, m]
# name 1 = latitude: Latitude [deg]
# name 2 = longitude: Longitude [deg]
# name 3 = prDM: Pressure, Digiquartz [db]
# name 4 = t090C: Temperature [ITS-90, deg C]
# name 5 = t190C: Temperature, 2 [ITS-90, deg C]
# name 6 = c0mS/cm: Conductivity [mS/cm]
# name 7 = c1mS/cm: Conductivity, 2 [mS/cm]
# name 8 = sal00: Salinity, Practical [PSU]
# name 9 = sal11: Salinity, Practical, 2 [PSU]
# name 10 = sbox0Mm/Kg: Oxygen, SBE 43 [umol/kg]
# name 11 = sbox1Mm/Kg: Oxygen, SBE 43, 2 [umol/kg]
# name 12 = flECO-AFL: Fluorescence, WET Labs ECO-AFL/FL [mg/m^3]
# name 13 = v2: Voltage 2
# name 14 = wetCDOM: Fluorescence, WET Labs CDOM [mg/m^3]
# name 15 = v6: Voltage 6
# name 16 = CStarAt0: Beam Attenuation, WET Labs C-Star [1/m]
# name 17 = v3: Voltage 3
# name 18 = scan: Scan Count
# name 19 = timeM: Time, Elapsed [minutes]
# name 20 = altM: Altimeter [m]
# name 21 = sbeox0V: Oxygen raw, SBE 43 [V]
# name 22 = sbeox1V: Oxygen raw, SBE 43, 2 [V]
# name 23 = nbin: number of scans per bin
# name 24 = flag: flag
# span 0 =      7.928,   4201.158       
# span 1 =   54.85482,   54.85952       
# span 2 = -155.42092, -155.39704       
# span 3 =      8.000,   4282.000       
# span 4 =     1.4622,    14.2598       
# span 5 =     1.4622,    14.2415       
# span 6 =  31.200256,  39.328781       
# span 7 =  31.199075,  39.312366       
# span 8 =    32.3563,    34.6871       
# span 9 =    32.3566,    34.6856       
# span 10 =     13.144,    301.692      
# span 11 =      8.141,    307.431      
# span 12 =    -0.1910,     3.1729      
# span 13 =     4.2675,     4.6691      
# span 14 =     0.0753,     0.0941      
# span 15 =     0.0753,     0.0941      
# span 16 =     0.0170,     0.3771      
# span 17 =     0.0174,     0.1519      
# span 18 =       5115,     121429      
# span 19 =     3.5511,    84.3250      
# span 20 =      94.91,     100.00      
# span 21 =     0.5729,     2.7875      
# span 22 =     0.5612,     2.4518      
# span 23 =          4,         29      
# span 24 = 0.0000e+00, 0.0000e+00      
# interval = decibars: 1                
# start_time = Aug 23 2025 00:14:18 [NMEA time, header]
# bad_flag = -9.990e-29
*END*
[from data line 1682]
   1668.033   54.85748 -155.40784   1690.000     2.0645     2.0642  31.214444  31.213087    34.5548    34.5534     42.802     41.499    -0.1366     4.6665     0.0870     0.0870     0.0192     0.0195      51742    35.9315     100.00     0.7169     0.7026         15 0.0000e+00
   1669.016   54.85748 -155.40784   1691.000     2.0641     2.0640  31.214597  31.213313    34.5549    34.5534     42.858     40.728    -0.1343     4.6664     0.0858     0.0858     0.0193     0.0196      51759    35.9429     100.00     0.7172     0.6991         13 0.0000e+00
   1669.999   54.85748 -155.40784   1692.000     2.0640     2.0640  31.215017  31.213775    34.5550    34.5535     42.899     41.615    -0.1343     4.6665     0.0869     0.0869     0.0193     0.0196      51774    35.9538     100.00     0.7174     0.7030         13 0.0000e+00
   1670.982   54.85748 -155.40784   1693.000     2.0639     2.0639  31.215302  31.214037    34.5550    34.5535     42.906     41.875    -0.1319     4.6666     0.0876     0.0876     0.0192     0.0197      51790    35.9648     100.00     0.7174     0.7041         13 0.0000e+00
   1671.965   54.85748 -155.40784   1694.000     2.0637     2.0637  31.215592  31.214278    34.5550    34.5534     42.940     41.868    -0.1363     4.6667     0.0862     0.0862     0.0191     0.0195      51810    35.9783     100.00     0.7175     0.7041         14 0.0000e+00
   1672.948   54.85748 -155.40785   1695.000     2.0640     2.0640  31.215963  31.214720    34.5547    34.5532     42.988     41.943    -0.1312     4.6663     0.0863     0.0863     0.0194     0.0197      51854    36.0093     100.00     0.7177     0.7044         17 0.0000e+00
   1673.931   54.85748 -155.40786   1696.000     2.0638     2.0638  31.216357  31.215125    34.5548    34.5534     43.125     42.416    -0.1368     4.6665     0.0850     0.0850     0.0193     0.0195      51900    36.0412     100.00     0.7184     0.7064         16 0.0000e+00
   1674.914   54.85748 -155.40786   1697.000     2.0639     2.0639  31.216943  31.215690    34.5550    34.5534     43.141     42.057    -0.1328     4.6658     0.0862     0.0862     0.0198     0.0197      51923    36.0572     100.00     0.7185     0.7048         16 0.0000e+00
   1675.897   54.85748 -155.40786   1698.000     2.0635     2.0635  31.217202  31.215880    34.5552    34.5536     43.202     42.012    -0.1284     4.6662     0.0860     0.0860     0.0195     0.0198      51942    36.0704     100.00     0.7187     0.7046         11 0.0000e+00
   1676.880   54.85748 -155.40786   1699.000     2.0635     2.0634  31.217626  31.216254    34.5552    34.5537     43.208     41.956    -0.1366     4.6660     0.0859     0.0859     0.0197     0.0195      51959    36.0817     100.00     0.7187     0.7043         14 0.0000e+00
   1677.863   54.85748 -155.40786   1700.000     2.0632     2.0630  31.217821  31.216421    34.5553    34.5537     43.214     41.905    -0.1324     4.6667     0.0864     0.0864     0.0191     0.0197      51974    36.0923     100.00     0.7187     0.7041         14 0.0000e+00
   1678.846   54.85748 -155.40786   1701.000     2.0624     2.0623  31.217573  31.216179    34.5553    34.5538     43.207     41.889    -0.1305     4.6667     0.0863     0.0863     0.0191     0.0198      51989    36.1029     100.00     0.7187     0.7040         10 0.0000e+00
   1679.829   54.85748 -155.40787   1702.000     2.0611     2.0610  31.217075  31.215772    34.5557    34.5542     43.222     42.016    -0.1331     4.6661     0.0872     0.0872     0.0196     0.0196      52009    36.1164     100.00     0.7187     0.7045         18 0.0000e+00
   1680.812   54.85747 -155.40788   1703.000     2.0611     2.0611  31.217464  31.216104    34.5556    34.5540     43.179     42.159    -0.1315     4.6666     0.0858     0.0858     0.0192     0.0197      52059    36.1517     100.00     0.7185     0.7051         24 0.0000e+00
   1681.795   54.85746 -155.40788   1704.000     2.0592     2.0591  31.216668  31.215393    34.5561    34.5547     43.312     42.152    -0.1351     4.6668     0.0861     0.0861     0.0190     0.0196      52102    36.1814     100.00     0.7191     0.7050         19 0.0000e+00
   1682.778   54.85746 -155.40789   1705.000     2.0584     2.0581  31.216364  31.215122    34.5561    34.5549     43.307     42.301    -0.1325     4.6669     0.0858     0.0858     0.0190     0.0197      52122    36.1951     100.00     0.7191     0.7056         15 0.0000e+00
   1683.761   54.85746 -155.40790   1706.000     2.0575     2.0574  31.216204  31.214952    34.5564    34.5549     43.329     42.343    -0.1341     4.6667     0.0846     0.0846     0.0191     0.0196      52139    36.2072     100.00     0.7192     0.7058         12 0.0000e+00
   1684.744   54.85746 -155.40790   1707.000     2.0566     2.0565  31.216128  31.214788    34.5568    34.5552     43.360     42.350    -0.1319     4.6668     0.0853     0.0853     0.0190     0.0197      52155    36.2183     100.00     0.7193     0.7058         13 0.0000e+00
   1685.727   54.85746 -155.40790   1708.000     2.0565     2.0563  31.216340  31.215004    34.5567    34.5551     43.420     42.199    -0.1365     4.6657     0.0860     0.0860     0.0199     0.0195      52171    36.2294     100.00     0.7196     0.7051         14 0.0000e+00
   1686.710   54.85746 -155.40790   1709.000     2.0562     2.0561  31.216452  31.215241    34.5565    34.5552     43.449     42.209    -0.1366     4.6652     0.0870     0.0870     0.0203     0.0195      52188    36.2410     100.00     0.7197     0.7051         11 0.0000e+00
   1687.693   54.85746 -155.40790   1710.000     2.0558     2.0556  31.216776  31.215276    34.5569    34.5553     43.471     42.443    -0.1350     4.6652     0.0875     0.0875     0.0203     0.0196      52211    36.2572     100.00     0.7198     0.7062         19 0.0000e+00
   1688.676   54.85746 -155.40790   1711.000     2.0556     2.0555  31.216835  31.215486    34.5567    34.5551     43.600     42.542    -0.1366     4.6667     0.0870     0.0870     0.0191     0.0195      52252    36.2853     100.00     0.7204     0.7066         27 0.0000e+00
   1689.659   54.85746 -155.40792   1712.000     2.0546     2.0545  31.216613  31.215368    34.5570    34.5556     43.668     42.456    -0.1352     4.6669     0.0860     0.0860     0.0189     0.0196      52287    36.3094     100.00     0.7207     0.7061         20 0.0000e+00
   1690.642   54.85746 -155.40792   1713.000     2.0535     2.0534  31.216331  31.215059    34.5573    34.5558     43.746     42.689    -0.1351     4.6670     0.0861     0.0861     0.0188     0.0196      52311    36.3267     100.00     0.7211     0.7072         21 0.0000e+00
   1691.625   54.85746 -155.40792   1714.000     2.0531     2.0530  31.216404  31.215165    34.5573    34.5559     43.796     42.676    -0.1365     4.6670     0.0861     0.0861     0.0188     0.0195      52332    36.3409     100.00     0.7213     0.7071         14 0.0000e+00
   1692.608   54.85746 -155.40792   1715.000     2.0518     2.0517  31.215956  31.214554    34.5576    34.5560     43.823     42.584    -0.1302     4.6670     0.0869     0.0869     0.0189     0.0198      52351    36.3545     100.00     0.7214     0.7066         14 0.0000e+00
   1693.591   54.85746 -155.40792   1716.000     2.0506     2.0505  31.215567  31.214250    34.5579    34.5564     43.860     42.618    -0.1366     4.6669     0.0876     0.0876     0.0190     0.0195      52374    36.3698     100.00     0.7215     0.7068         16 0.0000e+00
   1694.574   54.85746 -155.40794   1717.000     2.0503     2.0502  31.215699  31.214435    34.5579    34.5564     43.944     42.751    -0.1335     4.6669     0.0868     0.0868     0.0189     0.0196      52403    36.3899     100.00     0.7220     0.7073         20 0.0000e+00
   1695.557   54.85746 -155.40794   1718.000     2.0498     2.0498  31.215692  31.214452    34.5579    34.5564     44.035     42.728    -0.1367     4.6669     0.0860     0.0860     0.0189     0.0195      52434    36.4116     100.00     0.7224     0.7072         20 0.0000e+00
   1696.540   54.85746 -155.40794   1719.000     2.0491     2.0490  31.215787  31.214354    34.5583    34.5566     44.034     42.868    -0.1331     4.6668     0.0861     0.0861     0.0190     0.0196      52459    36.4293     100.00     0.7224     0.7078         18 0.0000e+00
   1697.523   54.85746 -155.40794   1720.000     2.0485     2.0484  31.215684  31.214416    34.5583    34.5569     44.072     42.943    -0.1347     4.6667     0.0861     0.0861     0.0191     0.0196      52481    36.4446     100.00     0.7225     0.7081         15 0.0000e+00
   1698.506   54.85746 -155.40794   1721.000     2.0482     2.0480  31.215850  31.214594    34.5584    34.5570     44.140     43.020    -0.1305     4.6669     0.0862     0.0862     0.0189     0.0198      52501    36.4585     100.00     0.7229     0.7084         15 0.0000e+00
   1699.489   54.85746 -155.40794   1722.000     2.0479     2.0479  31.216163  31.214799    34.5585    34.5569     44.196     43.060    -0.1328     4.6664     0.0875     0.0875     0.0193     0.0197      52521    36.4722     100.00     0.7231     0.7085         16 0.0000e+00
   1700.472   54.85746 -155.40794   1723.000     2.0478     2.0477  31.216457  31.215169    34.5585    34.5570     44.175     43.112    -0.1366     4.6668     0.0866     0.0866     0.0190     0.0195      52542    36.4865     100.00     0.7230     0.7088         17 0.0000e+00
   1701.454   54.85744 -155.40796   1724.000     2.0477     2.0476  31.216660  31.215363    34.5584    34.5568     44.273     43.078    -0.1344     4.6670     0.0862     0.0862     0.0189     0.0196      52565    36.5026     100.00     0.7235     0.7086         14 0.0000e+00
   1702.437   54.85744 -155.40796   1725.000     2.0457     2.0458  31.215762  31.214686    34.5588    34.5574     44.290     43.079    -0.1367     4.6671     0.0865     0.0865     0.0188     0.0195      52593    36.5221     100.00     0.7235     0.7085         16 0.0000e+00
   1703.420   54.85744 -155.40796   1726.000     2.0451     2.0451  31.215743  31.214486    34.5590    34.5574     44.388     43.195    -0.1350     4.6667     0.0855     0.0855     0.0191     0.0196      52624    36.5440     100.00     0.7240     0.7090         19 0.0000e+00
   1704.403   54.85744 -155.40796   1727.000     2.0448     2.0448  31.216001  31.214705    34.5591    34.5576     44.422     43.109    -0.1347     4.6668     0.0856     0.0856     0.0190     0.0196      52659    36.5680     100.00     0.7241     0.7086         16 0.0000e+00
   1705.386   54.85744 -155.40798   1728.000     2.0448     2.0446  31.216262  31.214978    34.5590    34.5575     44.383     43.345    -0.1349     4.6668     0.0862     0.0862     0.0190     0.0196      52690    36.5898     100.00     0.7239     0.7097         18 0.0000e+00
   1706.369   54.85744 -155.40798   1729.000     2.0447     2.0445  31.216759  31.215382    34.5592    34.5576     44.525     43.315    -0.1311     4.6668     0.0874     0.0874     0.0190     0.0197      52714    36.6066     100.00     0.7246     0.7095         17 0.0000e+00
   1707.352   54.85744 -155.40798   1730.000     2.0445     2.0444  31.217027  31.215768    34.5592    34.5578     44.496     43.401    -0.1345     4.6667     0.0857     0.0857     0.0191     0.0196      52735    36.6205     100.00     0.7244     0.7099         14 0.0000e+00
   1708.335   54.85744 -155.40798   1731.000     2.0442     2.0442  31.217309  31.216002    34.5593    34.5578     44.520     42.904    -0.1336     4.6667     0.0852     0.0852     0.0191     0.0196      52752    36.6329     100.00     0.7245     0.7076         10 0.0000e+00
   1709.318   54.85744 -155.40798   1732.000     2.0440     2.0440  31.217406  31.216276    34.5592    34.5578     44.511     43.079    -0.1368     4.6667     0.0861     0.0861     0.0191     0.0195      52772    36.6463     100.00     0.7244     0.7083         16 0.0000e+00
   1710.301   54.85744 -155.40799   1733.000     2.0433     2.0431  31.217324  31.216002    34.5593    34.5579     44.534     43.302    -0.1366     4.6658     0.0874     0.0874     0.0198     0.0195      52797    36.6637     100.00     0.7245     0.7093         15 0.0000e+00
   1711.283   54.85744 -155.40800   1734.000     2.0420     2.0420  31.216806  31.215564    34.5596    34.5581     44.610     43.462    -0.1313     4.6666     0.0871     0.0871     0.0192     0.0197      52831    36.6877     100.00     0.7249     0.7100         17 0.0000e+00
   1712.266   54.85744 -155.40800   1735.000     2.0395     2.0393  31.215591  31.214140    34.5603    34.5587     44.605     43.526    -0.1343     4.6667     0.0866     0.0866     0.0191     0.0196      52861    36.7084     100.00     0.7248     0.7102         13 0.0000e+00
   1713.249   54.85744 -155.40800   1736.000     2.0380     2.0380  31.215076  31.213853    34.5607    34.5593     44.651     43.488    -0.1343     4.6674     0.0876     0.0876     0.0185     0.0196      52884    36.7243     100.00     0.7250     0.7101         13 0.0000e+00
   1714.232   54.85744 -155.40800   1737.000     2.0374     2.0374  31.215023  31.213778    34.5608    34.5593     44.621     43.496    -0.1365     4.6668     0.0875     0.0875     0.0190     0.0195      52903    36.7376     100.00     0.7248     0.7101         13 0.0000e+00
   1715.215   54.85744 -155.40800   1738.000     2.0370     2.0370  31.215155  31.213800    34.5609    34.5592     44.720     43.671    -0.1366     4.6667     0.0862     0.0862     0.0191     0.0195      52921    36.7501     100.00     0.7253     0.7108         11 0.0000e+00
   1716.198   54.85744 -155.40800   1739.000     2.0367     2.0367  31.215326  31.213981    34.5609    34.5593     44.783     43.609    -0.1326     4.6667     0.0849     0.0849     0.0191     0.0197      52941    36.7638     100.00     0.7256     0.7105         15 0.0000e+00
   1717.181   54.85744 -155.40801   1740.000     2.0362     2.0362  31.215249  31.214079    34.5608    34.5595     44.851     43.738    -0.1345     4.6668     0.0849     0.0849     0.0190     0.0196      52974    36.7866     100.00     0.7259     0.7110         15 0.0000e+00
   1718.163   54.85744 -155.40802   1741.000     2.0356     2.0354  31.215225  31.213867    34.5610    34.5595     44.977     43.713    -0.1367     4.6668     0.0861     0.0861     0.0190     0.0195      53020    36.8187     100.00     0.7265     0.7109         15 0.0000e+00
   1719.146   54.85744 -155.40802   1742.000     2.0326     2.0324  31.213637  31.212345    34.5617    34.5603     45.009     43.823    -0.1323     4.6670     0.0846     0.0846     0.0189     0.0197      53045    36.8360     100.00     0.7267     0.7113         14 0.0000e+00
   1720.129   54.85744 -155.40802   1743.000     2.0317     2.0317  31.213476  31.212238    34.5620    34.5604     45.108     43.768    -0.1336     4.6678     0.0858     0.0858     0.0181     0.0196      53065    36.8501     100.00     0.7271     0.7111         10 0.0000e+00
   1721.112   54.85744 -155.40802   1744.000     2.0301     2.0299  31.212704  31.211456    34.5622    34.5609     45.135     43.746    -0.1366     4.6675     0.0858     0.0858     0.0184     0.0195      53083    36.8628     100.00     0.7272     0.7109         11 0.0000e+00
   1722.095   54.85744 -155.40802   1745.000     2.0282     2.0283  31.211838  31.210577    34.5627    34.5611     45.132     44.015    -0.1345     4.6669     0.0860     0.0860     0.0189     0.0196      53101    36.8751     100.00     0.7272     0.7121         15 0.0000e+00
   1723.077   54.85744 -155.40804   1746.000     2.0276     2.0274  31.211670  31.210486    34.5626    34.5613     45.202     43.972    -0.1317     4.6668     0.0858     0.0858     0.0190     0.0197      53121    36.8888     100.00     0.7275     0.7119         12 0.0000e+00
