Continuous CTD Data/SBE Stage/nabos_34_01avg.cnv
* Sea-Bird SBE 9 Data File:
* FileName = D:\CTD\data\HLY2502\raw\NABOS_34_01.hex
* Software Version Seasave V 7.26.7.110
* Temperature SN = 6954
* Conductivity SN = 2561
* Number of Bytes Per Scan = 37
* Number of Voltage Words = 4
* Number of Scans Averaged by the Deck Unit = 1
* NMEA Latitude = 79 43.52 N
* NMEA Longitude = 137 55.80 E
* NMEA UTC (Time) = Sep 23 2025  23:29:11
* NMEA baud rate = 9600
** Ship: USCG HEALY
** Bot. Depth:  2758
** Cast Number:  01
** Station Name:  NABOS
** Station Number:  34
** Operator:  STARC
** 2760m target, but 5m off the bottom actual
# nquan = 25
# nvalues = 2801                        
# units = specified
# name 0 = depSM: Depth [salt water, m]
# name 1 = latitude: Latitude [deg]
# name 2 = longitude: Longitude [deg]
# name 3 = prDM: Pressure, Digiquartz [db]
# name 4 = t090C: Temperature [ITS-90, deg C]
# name 5 = t190C: Temperature, 2 [ITS-90, deg C]
# name 6 = c0mS/cm: Conductivity [mS/cm]
# name 7 = c1mS/cm: Conductivity, 2 [mS/cm]
# name 8 = sal00: Salinity, Practical [PSU]
# name 9 = sal11: Salinity, Practical, 2 [PSU]
# name 10 = sbox0Mm/Kg: Oxygen, SBE 43 [umol/kg]
# name 11 = sbox1Mm/Kg: Oxygen, SBE 43, 2 [umol/kg]
# name 12 = flECO-AFL: Fluorescence, WET Labs ECO-AFL/FL [mg/m^3]
# name 13 = v2: Voltage 2
# name 14 = wetCDOM: Fluorescence, WET Labs CDOM [mg/m^3]
# name 15 = v6: Voltage 6
# name 16 = CStarAt0: Beam Attenuation, WET Labs C-Star [1/m]
# name 17 = v3: Voltage 3
# name 18 = scan: Scan Count
# name 19 = timeM: Time, Elapsed [minutes]
# name 20 = altM: Altimeter [m]
# name 21 = sbeox0V: Oxygen raw, SBE 43 [V]
# name 22 = sbeox1V: Oxygen raw, SBE 43, 2 [V]
# name 23 = nbin: number of scans per bin
# name 24 = flag: flag
# span 0 =      2.968,   2755.015       
# span 1 =   79.72530,   79.73129       
# span 2 =  137.90866,  137.92870       
# span 3 =      3.000,   2803.000       
# span 4 =    -1.6152,     1.9406       
# span 5 =    -1.6148,     1.9397       
# span 6 =  22.405300,  30.746208       
# span 7 =  22.403479,  30.743700       
# span 8 =    27.6615,    34.9365       
# span 9 =    27.6596,    34.9346       
# span 10 =    278.224,    376.199      
# span 11 =    251.690,    380.706      
# span 12 =    -0.1919,     0.5399      
# span 13 =     4.3371,     4.6380      
# span 14 =     0.0658,     0.1395      
# span 15 =     0.0658,     0.1395      
# span 16 =     0.0438,     0.3125      
# span 17 =     0.0173,     0.0466      
# span 18 =       2582,      89186      
# span 19 =     1.7920,    61.9342      
# span 20 =       2.58,     100.00      
# span 21 =     1.6557,     2.6152      
# span 22 =     1.4474,     2.2992      
# span 23 =          4,         28      
# span 24 = 0.0000e+00, 0.0000e+00      
# interval = decibars: 1                
# start_time = Sep 23 2025 23:29:11 [NMEA time, header]
# bad_flag = -9.990e-29
*END*
[from data line 1450]
   1432.643   79.72832  137.91722   1453.000    -0.4163    -0.4165  29.257239  29.255550    34.9101    34.9081    286.741    281.378    -0.1741     4.6328     0.0849     0.0849     0.0482     0.0180      44733    31.0636     100.00     1.9387     1.7179         13 0.0000e+00
   1433.626   79.72832  137.91722   1454.000    -0.4183    -0.4184  29.256106  29.254463    34.9103    34.9082    286.717    282.328    -0.1433     4.6331     0.0845     0.0845     0.0479     0.0192      44758    31.0813     100.00     1.9383     1.7217          8 0.0000e+00
   1434.608   79.72832  137.91720   1455.000    -0.4194    -0.4196  29.255618  29.253813    34.9104    34.9082    286.639    284.674    -0.1720     4.6326     0.0839     0.0839     0.0484     0.0181      44785    31.1000     100.00     1.9377     1.7315         14 0.0000e+00
   1435.591   79.72832  137.91719   1456.000    -0.4199    -0.4200  29.255619  29.253976    34.9103    34.9083    286.655    285.501    -0.1674     4.6328     0.0841     0.0841     0.0482     0.0183      44812    31.1190     100.00     1.9376     1.7349         11 0.0000e+00
   1436.573   79.72832  137.91718   1457.000    -0.4204    -0.4205  29.255449  29.253971    34.9101    34.9083    286.745    285.125    -0.1517     4.6334     0.0840     0.0840     0.0477     0.0189      44843    31.1401     100.00     1.9378     1.7331         12 0.0000e+00
   1437.556   79.72832  137.91718   1458.000    -0.4214    -0.4216  29.255075  29.253429    34.9102    34.9082    286.856    287.772    -0.1344     4.6334     0.0848     0.0848     0.0477     0.0196      44871    31.1594     100.00     1.9381     1.7442         11 0.0000e+00
   1438.538   79.72832  137.91716   1459.000    -0.4226    -0.4227  29.254563  29.252929    34.9103    34.9083    286.885    279.966    -0.1340     4.6336     0.0845     0.0845     0.0475     0.0196      44897    31.1775     100.00     1.9380     1.7107         12 0.0000e+00
   1439.521   79.72832  137.91716   1460.000    -0.4232    -0.4233  29.254501  29.252964    34.9104    34.9085    286.761    284.865    -0.1709     4.6332     0.0846     0.0846     0.0479     0.0182      44923    31.1957     100.00     1.9372     1.7314         13 0.0000e+00
   1440.503   79.72832  137.91714   1461.000    -0.4238    -0.4238  29.254453  29.252804    34.9104    34.9083    286.868    288.876    -0.1714     4.6324     0.0846     0.0846     0.0486     0.0181      44951    31.2151     100.00     1.9375     1.7483         14 0.0000e+00
   1441.486   79.72832  137.91713   1462.000    -0.4245    -0.4246  29.254265  29.252631    34.9104    34.9084    286.791    283.632    -0.1737     4.6325     0.0840     0.0840     0.0485     0.0180      44978    31.2343     100.00     1.9369     1.7258          9 0.0000e+00
   1442.469   79.72832  137.91712   1463.000    -0.4253    -0.4254  29.254008  29.252399    34.9104    34.9084    286.834    281.804    -0.1377     4.6320     0.0848     0.0848     0.0490     0.0195      45007    31.2541     100.00     1.9369     1.7178         14 0.0000e+00
   1443.451   79.72832  137.91712   1464.000    -0.4255    -0.4256  29.254271  29.252729    34.9105    34.9085    286.777    281.782    -0.1366     4.6330     0.0845     0.0845     0.0481     0.0195      45033    31.2723     100.00     1.9364     1.7176         14 0.0000e+00
   1444.434   79.72832  137.91711   1465.000    -0.4256    -0.4258  29.254545  29.252950    34.9104    34.9085    286.729    270.602    -0.1431     4.6325     0.0847     0.0847     0.0485     0.0193      45059    31.2905     100.00     1.9360     1.6699         10 0.0000e+00
   1445.416   79.72832  137.91710   1466.000    -0.4260    -0.4260  29.254635  29.253061    34.9103    34.9083    286.738    282.728    -0.1683     4.6335     0.0847     0.0847     0.0475     0.0183      45088    31.3103     100.00     1.9358     1.7213         12 0.0000e+00
   1446.399   79.72832  137.91708   1467.000    -0.4262    -0.4263  29.254914  29.253337    34.9103    34.9084    286.683    282.613    -0.1756     4.6326     0.0835     0.0835     0.0484     0.0180      45117    31.3309     100.00     1.9353     1.7206         15 0.0000e+00
   1447.381   79.72832  137.91708   1468.000    -0.4272    -0.4272  29.254523  29.252940    34.9105    34.9084    286.609    282.424    -0.1443     4.6334     0.0842     0.0842     0.0477     0.0192      45144    31.3496     100.00     1.9347     1.7196          9 0.0000e+00
   1448.364   79.72832  137.91706   1469.000    -0.4282    -0.4282  29.254132  29.252494    34.9105    34.9084    286.570    287.732    -0.1702     4.6328     0.0845     0.0845     0.0482     0.0182      45172    31.3685     100.00     1.9343     1.7420         11 0.0000e+00
   1449.346   79.72834  137.91706   1470.000    -0.4284    -0.4286  29.254300  29.252617    34.9104    34.9084    286.588    277.929    -0.1733     4.6331     0.0847     0.0847     0.0479     0.0181      45198    31.3871     100.00     1.9342     1.7001         10 0.0000e+00
   1450.329   79.72834  137.91704   1471.000    -0.4289    -0.4290  29.254362  29.252667    34.9105    34.9083    286.522    282.894    -0.1778     4.6333     0.0856     0.0856     0.0477     0.0179      45225    31.4059     100.00     1.9336     1.7210          6 0.0000e+00
   1451.311   79.72834  137.91704   1472.000    -0.4301    -0.4302  29.253778  29.252131    34.9106    34.9085    286.532    283.857    -0.1715     4.6334     0.0837     0.0837     0.0477     0.0181      45255    31.4265     100.00     1.9334     1.7250         14 0.0000e+00
   1452.294   79.72834  137.91702   1473.000    -0.4308    -0.4309  29.253596  29.251984    34.9105    34.9085    286.466    285.846    -0.1742     4.6338     0.0830     0.0830     0.0473     0.0180      45283    31.4457     100.00     1.9329     1.7332         13 0.0000e+00
   1453.276   79.72834  137.91702   1474.000    -0.4317    -0.4317  29.253235  29.251717    34.9105    34.9086    286.424    284.860    -0.1581     4.6330     0.0836     0.0836     0.0481     0.0187      45309    31.4636     100.00     1.9324     1.7288          9 0.0000e+00
   1454.259   79.72834  137.91700   1475.000    -0.4327    -0.4328  29.252851  29.251325    34.9105    34.9087    286.564    287.561    -0.1470     4.6333     0.0840     0.0840     0.0478     0.0191      45336    31.4826     100.00     1.9329     1.7401         11 0.0000e+00
   1455.242   79.72834  137.91700   1476.000    -0.4330    -0.4332  29.252951  29.251470    34.9105    34.9087    286.589    290.726    -0.1755     4.6339     0.0848     0.0848     0.0473     0.0180      45363    31.5013     100.00     1.9328     1.7534          9 0.0000e+00
   1456.224   79.72834  137.91698   1477.000    -0.4332    -0.4334  29.253169  29.251603    34.9105    34.9086    286.686    279.685    -0.1671     4.6336     0.0844     0.0844     0.0475     0.0183      45390    31.5202     100.00     1.9331     1.7063          9 0.0000e+00
   1457.207   79.72834  137.91698   1478.000    -0.4337    -0.4337  29.253305  29.251661    34.9106    34.9084    286.611    289.150    -0.1452     4.6336     0.0847     0.0847     0.0475     0.0192      45417    31.5391     100.00     1.9325     1.7463          9 0.0000e+00
   1458.189   79.72834  137.91696   1479.000    -0.4350    -0.4350  29.252618  29.251141    34.9106    34.9087    286.682    280.318    -0.1757     4.6337     0.0852     0.0852     0.0474     0.0180      45446    31.5593     100.00     1.9326     1.7086         10 0.0000e+00
   1459.171   79.72834  137.91694   1480.000    -0.4356    -0.4356  29.252588  29.251083    34.9106    34.9087    286.581    285.775    -0.1672     4.6334     0.0836     0.0836     0.0476     0.0183      45474    31.5783     100.00     1.9319     1.7317          9 0.0000e+00
   1460.154   79.72834  137.91694   1481.000    -0.4360    -0.4360  29.252724  29.251232    34.9108    34.9088    286.601    278.941    -0.1697     4.6335     0.0829     0.0829     0.0476     0.0182      45502    31.5977     100.00     1.9318     1.7025         12 0.0000e+00
   1461.136   79.72834  137.91693   1482.000    -0.4365    -0.4366  29.252629  29.251131    34.9107    34.9088    286.511    281.201    -0.1755     4.6333     0.0836     0.0836     0.0478     0.0180      45529    31.6165     100.00     1.9311     1.7119         10 0.0000e+00
   1462.119   79.72834  137.91692   1483.000    -0.4370    -0.4371  29.252511  29.251012    34.9105    34.9086    286.630    286.387    -0.1747     4.6332     0.0849     0.0849     0.0479     0.0180      45557    31.6359     100.00     1.9315     1.7337         12 0.0000e+00
   1463.101   79.72834  137.91691   1484.000    -0.4380    -0.4381  29.252133  29.250580    34.9106    34.9087    286.558    293.512    -0.1533     4.6335     0.0855     0.0855     0.0476     0.0189      45584    31.6548     100.00     1.9309     1.7637         11 0.0000e+00
   1464.084   79.72834  137.91690   1485.000    -0.4390    -0.4391  29.251763  29.250164    34.9107    34.9086    286.463    283.854    -0.1346     4.6333     0.0845     0.0845     0.0478     0.0196      45612    31.6744     100.00     1.9302     1.7226          9 0.0000e+00
   1465.066   79.72834  137.91689   1486.000    -0.4399    -0.4400  29.251395  29.249864    34.9106    34.9087    286.605    282.693    -0.1285     4.6337     0.0841     0.0841     0.0474     0.0198      45639    31.6929     100.00     1.9307     1.7174         11 0.0000e+00
   1466.048   79.72834  137.91688   1487.000    -0.4406    -0.4407  29.251319  29.249696    34.9108    34.9088    286.673    276.606    -0.1634     4.6337     0.0842     0.0842     0.0474     0.0184      45665    31.7113     100.00     1.9308     1.6914         12 0.0000e+00
   1467.031   79.72834  137.91686   1488.000    -0.4414    -0.4415  29.251157  29.249511    34.9109    34.9088    286.827    280.059    -0.1513     4.6336     0.0841     0.0841     0.0475     0.0189      45693    31.7303     100.00     1.9314     1.7059         11 0.0000e+00
   1468.013   79.72834  137.91686   1489.000    -0.4418    -0.4418  29.251189  29.249652    34.9108    34.9088    286.947    285.339    -0.1367     4.6340     0.0839     0.0839     0.0472     0.0195      45721    31.7498     100.00     1.9318     1.7281         12 0.0000e+00
   1468.996   79.72836  137.91684   1490.000    -0.4419    -0.4419  29.251409  29.249982    34.9106    34.9088    286.927    289.552    -0.1345     4.6339     0.0839     0.0839     0.0473     0.0196      45749    31.7694     100.00     1.9315     1.7458         14 0.0000e+00
   1469.978   79.72836  137.91684   1491.000    -0.4425    -0.4426  29.251397  29.249675    34.9108    34.9086    286.827    287.596    -0.1618     4.6329     0.0847     0.0847     0.0481     0.0185      45775    31.7876     100.00     1.9308     1.7373         11 0.0000e+00
   1470.961   79.72836  137.91683   1492.000    -0.4433    -0.4434  29.251117  29.249460    34.9108    34.9087    286.788    276.785    -0.1434     4.6337     0.0846     0.0846     0.0474     0.0192      45803    31.8070     100.00     1.9303     1.6913         14 0.0000e+00
   1471.943   79.72836  137.91682   1493.000    -0.4442    -0.4443  29.250732  29.249192    34.9108    34.9088    286.781    279.485    -0.1732     4.6333     0.0839     0.0839     0.0478     0.0181      45829    31.8250     100.00     1.9301     1.7026          9 0.0000e+00
   1472.926   79.72836  137.91680   1494.000    -0.4448    -0.4450  29.250721  29.249027    34.9109    34.9088    286.774    283.893    -0.1531     4.6340     0.0832     0.0832     0.0472     0.0189      45857    31.8443     100.00     1.9299     1.7211          9 0.0000e+00
   1473.908   79.72836  137.91680   1495.000    -0.4454    -0.4456  29.250588  29.248965    34.9108    34.9088    286.744    287.351    -0.1753     4.6340     0.0838     0.0838     0.0471     0.0180      45885    31.8639     100.00     1.9295     1.7356         11 0.0000e+00
   1474.890   79.72836  137.91678   1496.000    -0.4464    -0.4465  29.250233  29.248647    34.9109    34.9089    286.765    281.443    -0.1631     4.6337     0.0840     0.0840     0.0474     0.0185      45915    31.8845     100.00     1.9293     1.7103         15 0.0000e+00
   1475.873   79.72836  137.91677   1497.000    -0.4476    -0.4477  29.249577  29.248007    34.9108    34.9089    286.702    286.272    -0.1736     4.6344     0.0833     0.0833     0.0469     0.0180      45941    31.9030     100.00     1.9288     1.7306          9 0.0000e+00
   1476.855   79.72836  137.91676   1498.000    -0.4485    -0.4486  29.249394  29.247739    34.9110    34.9090    286.734    285.665    -0.1692     4.6346     0.0829     0.0829     0.0466     0.0182      45968    31.9217     100.00     1.9287     1.7278         14 0.0000e+00
   1477.837   79.72836  137.91675   1499.000    -0.4490    -0.4491  29.249348  29.247756    34.9110    34.9090    286.673    284.014    -0.1518     4.6338     0.0828     0.0828     0.0473     0.0189      45995    31.9405     100.00     1.9282     1.7207         14 0.0000e+00
   1478.820   79.72836  137.91674   1500.000    -0.4500    -0.4500  29.248940  29.247326    34.9110    34.9089    286.634    283.872    -0.1342     4.6345     0.0830     0.0830     0.0467     0.0196      46022    31.9591     100.00     1.9278     1.7199         12 0.0000e+00
   1479.802   79.72836  137.91673   1501.000    -0.4513    -0.4514  29.248334  29.246692    34.9111    34.9091    286.618    287.295    -0.1627     4.6338     0.0847     0.0847     0.0474     0.0185      46049    31.9780     100.00     1.9275     1.7341         14 0.0000e+00
   1480.785   79.72836  137.91672   1502.000    -0.4518    -0.4518  29.248325  29.246768    34.9112    34.9091    286.519    288.255    -0.1560     4.6332     0.0853     0.0853     0.0479     0.0187      46077    31.9973     100.00     1.9267     1.7380         13 0.0000e+00
   1481.767   79.72836  137.91670   1503.000    -0.4526    -0.4527  29.248005  29.246370    34.9111    34.9089    286.519    284.363    -0.1348     4.6334     0.0836     0.0836     0.0477     0.0196      46105    32.0167     100.00     1.9265     1.7214         13 0.0000e+00
   1482.750   79.72836  137.91669   1504.000    -0.4531    -0.4532  29.248081  29.246401    34.9111    34.9091    286.419    276.979    -0.1365     4.6338     0.0846     0.0846     0.0473     0.0195      46132    32.0355     100.00     1.9258     1.6900         14 0.0000e+00
   1483.732   79.72836  137.91668   1505.000    -0.4536    -0.4537  29.247962  29.246384    34.9111    34.9090    286.381    286.335    -0.1640     4.6326     0.0836     0.0836     0.0484     0.0184      46159    32.0539     100.00     1.9254     1.7294         11 0.0000e+00
   1484.714   79.72837  137.91667   1506.000    -0.4545    -0.4546  29.247571  29.246026    34.9110    34.9090    286.317    280.647    -0.1423     4.6332     0.0839     0.0839     0.0478     0.0193      46185    32.0724     100.00     1.9248     1.7051         13 0.0000e+00
   1485.696   79.72838  137.91666   1507.000    -0.4550    -0.4552  29.247594  29.246026    34.9110    34.9091    286.369    282.738    -0.1729     4.6337     0.0831     0.0831     0.0474     0.0181      46214    32.0927     100.00     1.9249     1.7138         15 0.0000e+00
   1486.679   79.72838  137.91664   1508.000    -0.4553    -0.4555  29.247804  29.246144    34.9111    34.9091    286.401    284.686    -0.1463     4.6339     0.0837     0.0837     0.0472     0.0191      46243    32.1124     100.00     1.9248     1.7219         11 0.0000e+00
   1487.661   79.72838  137.91664   1509.000    -0.4554    -0.4554  29.248225  29.246579    34.9111    34.9090    286.450    288.625    -0.1582     4.6338     0.0831     0.0831     0.0473     0.0187      46272    32.1324     100.00     1.9249     1.7383         16 0.0000e+00
