Continuous CTD Data/SBE Stage/nabos_05_01avg.cnv
* Sea-Bird SBE 9 Data File:
* FileName = D:\CTD\data\HLY2502\raw\NABOS_05_01.hex
* Software Version Seasave V 7.26.7.110
* Temperature SN = 6954
* Conductivity SN = 2561
* Number of Bytes Per Scan = 37
* Number of Voltage Words = 4
* Number of Scans Averaged by the Deck Unit = 1
* NMEA Latitude = 75 06.57 N
* NMEA Longitude = 172 12.56 E
* NMEA UTC (Time) = Sep 12 2025  16:44:22
* NMEA baud rate = 9600
** Ship: USCG HEALY
** Bot. Depth:  145
** Cast Number:  01
** Station Name:  NABOS
** Station Number:  05
** Operator:  STARC
# nquan = 25
# nvalues = 134                         
# units = specified
# name 0 = depSM: Depth [salt water, m]
# name 1 = latitude: Latitude [deg]
# name 2 = longitude: Longitude [deg]
# name 3 = prDM: Pressure, Digiquartz [db]
# name 4 = t090C: Temperature [ITS-90, deg C]
# name 5 = t190C: Temperature, 2 [ITS-90, deg C]
# name 6 = c0mS/cm: Conductivity [mS/cm]
# name 7 = c1mS/cm: Conductivity, 2 [mS/cm]
# name 8 = sal00: Salinity, Practical [PSU]
# name 9 = sal11: Salinity, Practical, 2 [PSU]
# name 10 = sbox0Mm/Kg: Oxygen, SBE 43 [umol/kg]
# name 11 = sbox1Mm/Kg: Oxygen, SBE 43, 2 [umol/kg]
# name 12 = flECO-AFL: Fluorescence, WET Labs ECO-AFL/FL [mg/m^3]
# name 13 = v2: Voltage 2
# name 14 = wetCDOM: Fluorescence, WET Labs CDOM [mg/m^3]
# name 15 = v6: Voltage 6
# name 16 = CStarAt0: Beam Attenuation, WET Labs C-Star [1/m]
# name 17 = v3: Voltage 3
# name 18 = scan: Scan Count
# name 19 = timeM: Time, Elapsed [minutes]
# name 20 = altM: Altimeter [m]
# name 21 = sbeox0V: Oxygen raw, SBE 43 [V]
# name 22 = sbeox1V: Oxygen raw, SBE 43, 2 [V]
# name 23 = nbin: number of scans per bin
# name 24 = flag: flag
# span 0 =      3.958,    135.531       
# span 1 =   75.10950,   75.11002       
# span 2 =  172.20930,  172.20969       
# span 3 =      4.000,    137.000       
# span 4 =    -1.6572,    -0.7875       
# span 5 =    -1.6568,    -0.7860       
# span 6 =  22.437219,  27.955544       
# span 7 =  22.447489,  27.955135       
# span 8 =    27.4403,    34.3634       
# span 9 =    27.4522,    34.3613       
# span 10 =    265.852,    379.103      
# span 11 =    224.516,    369.438      
# span 12 =    -0.1367,     0.3978      
# span 13 =     4.4116,     4.6591      
# span 14 =     0.0955,     0.1220      
# span 15 =     0.0955,     0.1220      
# span 16 =     0.0255,     0.2441      
# span 17 =     0.0195,     0.0409      
# span 18 =        237,       9857      
# span 19 =     0.1638,     6.8446      
# span 20 =      -0.11,     100.00      
# span 21 =     2.0637,     2.6434      
# span 22 =     1.5984,     2.2815      
# span 23 =          1,         26      
# span 24 = 0.0000e+00, 0.0000e+00      
# interval = decibars: 1                
# start_time = Sep 12 2025 16:44:22 [NMEA time, header]
# bad_flag = -9.990e-29
*END*
      3.958   75.10950  172.20930      4.000    -1.1405    -1.1483  22.808107  22.761267    27.8727    27.8173    376.797    366.169     0.1723     4.6096     0.0974     0.0974     0.0683     0.0318        237     0.1638     100.00     2.6231     2.2672         13 0.0000e+00
      4.948   75.10950  172.20930      5.000    -1.1561    -1.1560  22.725531  22.723096    27.7762    27.7729    377.596    369.438     0.1514     4.6095     0.0971     0.0971     0.0684     0.0310        264     0.1828     100.00     2.6247     2.2815         18 0.0000e+00
      5.938   75.10954  172.20930      6.000    -1.2084    -1.2078  22.462320  22.460221    27.4720    27.4686    377.208    367.838     0.1269     4.6106     0.0958     0.0958     0.0675     0.0301        543     0.3763     100.00     2.6137     2.2667         16 0.0000e+00
      6.927   75.10954  172.20930      7.000    -1.2111    -1.2090  22.437219  22.447489    27.4403    27.4522    376.469    366.189     0.1324     4.6106     0.0973     0.0973     0.0674     0.0303        636     0.4408     100.00     2.6086     2.2584         21 0.0000e+00
      7.917   75.10956  172.20930      8.000    -1.2070    -1.2053  22.468730  22.479065    27.4782    27.4905    375.773    366.882     0.1355     4.6108     0.0963     0.0963     0.0673     0.0304        711     0.4932     100.00     2.6053     2.2621         24 0.0000e+00
      8.906   75.10956  172.20930      9.000    -1.2044    -1.2039  22.498926  22.497882    27.5156    27.5138    375.556    366.526     0.1314     4.6115     0.0964     0.0964     0.0667     0.0302        789     0.5470     100.00     2.6046     2.2606         22 0.0000e+00
      9.896   75.10956  172.20930     10.000    -1.2001    -1.2012  22.525884  22.514419    27.5472    27.5329    375.796    365.459     0.1279     4.6110     0.0973     0.0973     0.0671     0.0301        869     0.6030     100.00     2.6065     2.2557         21 0.0000e+00
     10.885   75.10958  172.20930     11.000    -1.2029    -1.2004  22.503622  22.517972    27.5195    27.5364    376.288    365.936     0.1354     4.6111     0.0971     0.0971     0.0670     0.0304        936     0.6491     100.00     2.6083     2.2578         23 0.0000e+00
     11.875   75.10958  172.20930     12.000    -1.2012    -1.2009  22.519037  22.516836    27.5381    27.5348    376.060    366.346     0.1357     4.6115     0.0968     0.0968     0.0666     0.0304       1001     0.6945      99.48     2.6072     2.2595         25 0.0000e+00
     12.864   75.10958  172.20930     13.000    -1.2005    -1.1996  22.528788  22.531980    27.5499    27.5534    375.843    366.948     0.1506     4.6100     0.0975     0.0975     0.0679     0.0310       1052     0.7301      99.99     2.6059     2.2625         19 0.0000e+00
     13.854   75.10958  172.20931     14.000    -1.1730    -1.1707  22.729889  22.735039    27.7929    27.7977    375.033    364.902     0.1874     4.6052     0.0972     0.0972     0.0721     0.0325       1104     0.7661      98.03     2.6069     2.2574         23 0.0000e+00
     14.844   75.10958  172.20932     15.000    -1.1127    -1.1178  23.079380  23.050598    28.2036    28.1698    373.773    364.382     0.2218     4.6109     0.0978     0.0978     0.0672     0.0339       1154     0.8007      97.07     2.6102     2.2626         22 0.0000e+00
     15.833   75.10958  172.20932     16.000    -1.0955    -1.0894  23.188106  23.216178    28.3324    28.3642    374.485    363.463     0.2774     4.6106     0.0955     0.0955     0.0674     0.0361       1204     0.8354      99.84     2.6172     2.2621         26 0.0000e+00
     16.823   75.10958  172.20932     17.000    -1.1306    -1.1201  22.987073  23.041639    28.0959    28.1590    377.551    366.238     0.2740     4.6106     0.0972     0.0972     0.0675     0.0359       1255     0.8711      99.62     2.6281     2.2707         20 0.0000e+00
     17.812   75.10960  172.20932     18.000    -1.1215    -1.1251  23.039526  23.021715    28.1570    28.1365    378.306    367.472     0.2232     4.6101     0.0975     0.0975     0.0679     0.0339       1309     0.9082     100.00     2.6337     2.2758         20 0.0000e+00
     18.802   75.10960  172.20932     19.000    -1.1495    -1.1480  22.919941  22.922384    28.0227    28.0246    378.867    368.632     0.2257     4.6112     0.0971     0.0971     0.0669     0.0340       1356     0.9413     100.00     2.6325     2.2783         23 0.0000e+00
     19.791   75.10960  172.20933     20.000    -1.1051    -1.1155  23.267163  23.185550    28.4450    28.3456    376.813    321.899     0.2307     4.6117     0.0966     0.0966     0.0665     0.0342       1415     0.9818     100.00     2.6306     2.0601         25 0.0000e+00
     20.781   75.10960  172.20934     21.000    -1.0841    -1.0835  23.683956  23.694905    28.9829    28.9969    375.193    273.689     0.2314     4.6116     0.0976     0.0976     0.0666     0.0343       1465     1.0167     100.00     2.6315     1.8374         18 0.0000e+00
     21.770   75.10960  172.20934     22.000    -1.1184    -1.1175  23.681911  23.680444    29.0127    29.0100    376.238    288.393     0.2583     4.6115     0.0973     0.0973     0.0666     0.0353       1506     1.0454     100.00     2.6355     1.9068         21 0.0000e+00
     22.760   75.10960  172.20934     23.000    -1.1520    -1.1509  23.685748  23.684118    29.0500    29.0466    377.231    224.516     0.2739     4.6102     0.0985     0.0985     0.0678     0.0359       1568     1.0884     100.00     2.6392     1.5984         20 0.0000e+00
     23.749   75.10960  172.20934     24.000    -1.1711    -1.1707  23.697115  23.695884    29.0832    29.0812    377.819    280.419     0.2868     4.6131     0.0988     0.0988     0.0653     0.0364       1615     1.1210     100.00     2.6416     1.8666         17 0.0000e+00
     24.739   75.10960  172.20934     25.000    -1.2007    -1.1999  23.695671  23.694599    29.1095    29.1073    378.396    316.220     0.2894     4.6195     0.0976     0.0976     0.0597     0.0365       1664     1.1546     100.00     2.6431     2.0374         22 0.0000e+00
     25.728   75.10960  172.20935     26.000    -1.2292    -1.2286  23.694694  23.693358    29.1354    29.1330    378.740    288.752     0.2849     4.6230     0.0979     0.0979     0.0568     0.0364       1724     1.1968     100.00     2.6434     1.9044         21 0.0000e+00
     26.718   75.10960  172.20936     27.000    -1.2851    -1.2853  23.677271  23.675836    29.1658    29.1641    379.103    288.648     0.2925     4.6233     0.0997     0.0997     0.0564     0.0367       1769     1.2277     100.00     2.6420     1.9017         18 0.0000e+00
     27.707   75.10960  172.20936     28.000    -1.2950    -1.2946  23.691125  23.689806    29.1937    29.1915    377.657    286.169     0.2637     4.6245     0.1007     0.1007     0.0554     0.0355       1821     1.2638     100.00     2.6333     1.8895         21 0.0000e+00
     28.697   75.10960  172.20936     29.000    -1.3105    -1.3104  23.702940  23.701719    29.2243    29.2224    375.558    289.788     0.2744     4.6240     0.1001     0.1001     0.0558     0.0360       1872     1.2991     100.00     2.6207     1.9063         15 0.0000e+00
     29.686   75.10960  172.20936     30.000    -1.3274    -1.3272  23.726032  23.724605    29.2715    29.2694    375.235    295.227     0.2613     4.6258     0.1006     0.1006     0.0543     0.0354       1919     1.3323     100.00     2.6182     1.9320         17 0.0000e+00
     30.675   75.10962  172.20937     31.000    -1.3389    -1.3386  23.754805  23.753727    29.3210    29.3193    375.027    284.991     0.2602     4.6263     0.1018     0.1018     0.0539     0.0354       1972     1.3688     100.00     2.6168     1.8829         16 0.0000e+00
     31.665   75.10962  172.20938     32.000    -1.3498    -1.3496  23.795152  23.793909    29.3859    29.3839    374.507    292.188     0.2483     4.6257     0.1029     0.1029     0.0544     0.0349       2023     1.4042     100.00     2.6140     1.9174         15 0.0000e+00
     32.655   75.10962  172.20938     33.000    -1.3585    -1.3581  23.841943  23.840984    29.4572    29.4555    373.048    328.932     0.2763     4.6266     0.1023     0.1023     0.0536     0.0360       2075     1.4401     100.00     2.6061     2.0936         15 0.0000e+00
     33.644   75.10962  172.20938     34.000    -1.3677    -1.3673  23.904645  23.903384    29.5507    29.5486    370.897    326.942     0.3168     4.6286     0.1022     0.1022     0.0518     0.0377       2124     1.4745     100.00     2.5946     2.0845         15 0.0000e+00
     34.633   75.10962  172.20938     35.000    -1.3750    -1.3746  23.962399  23.961827    29.6357    29.6344    368.291    282.840     0.3159     4.6290     0.1053     0.1053     0.0515     0.0376       2178     1.5120     100.00     2.5805     1.8737         17 0.0000e+00
     35.623   75.10962  172.20939     36.000    -1.3808    -1.3803  24.044207  24.042419    29.7518    29.7489    366.091    282.228     0.3439     4.6284     0.1055     0.1055     0.0520     0.0388       2229     1.5471     100.00     2.5693     1.8716         16 0.0000e+00
     36.612   75.10962  172.20940     37.000    -1.3859    -1.3855  24.157157  24.155311    29.9096    29.9066    363.142    303.736     0.3313     4.6259     0.1084     0.1084     0.0542     0.0383       2272     1.5768     100.00     2.5545     1.9761         16 0.0000e+00
     37.601   75.10962  172.20940     38.000    -1.3871    -1.3867  24.344635  24.347483    30.1649    30.1683    357.311    338.587     0.3688     4.6259     0.1102     0.1102     0.0542     0.0398       2328     1.6160     100.00     2.5251     2.1465         18 0.0000e+00
     38.591   75.10962  172.20940     39.000    -1.4012    -1.4009  24.919651  24.914057    30.9617    30.9538    343.841    340.386     0.3689     4.6238     0.1159     0.1159     0.0560     0.0398       2384     1.6548     100.00     2.4597     2.1643         16 0.0000e+00
     39.580   75.10962  172.20940     40.000    -1.4373    -1.4375  25.320203  25.315582    31.5462    31.5401    328.890    327.771     0.3978     4.6148     0.1209     0.1209     0.0638     0.0409       2425     1.6834     100.00     2.3806     2.1087         17 0.0000e+00
     40.570   75.10962  172.20940     41.000    -1.4918    -1.4917  25.551068  25.549359    31.9200    31.9175    308.837    309.498     0.2712     4.6047     0.1216     0.1216     0.0726     0.0358       2479     1.7207     100.00     2.2675     2.0218         15 0.0000e+00
     41.559   75.10962  172.20940     42.000    -1.5184    -1.5179  25.687641  25.686476    32.1356    32.1335    309.163    302.432     0.2293     4.6099     0.1213     0.1213     0.0680     0.0342       2538     1.7617     100.00     2.2707     1.9887         20 0.0000e+00
     42.549   75.10962  172.20940     43.000    -1.5247    -1.5247  25.863787  25.861297    32.3842    32.3807    314.853    306.720     0.2239     4.6060     0.1211     0.1211     0.0714     0.0340       2579     1.7901     100.00     2.3064     2.0119         21 0.0000e+00
     43.538   75.10963  172.20942     44.000    -1.5512    -1.5502  26.030820  26.029465    32.6426    32.6396    318.426    309.937     0.2087     4.6176     0.1204     0.1204     0.0614     0.0333       2630     1.8255     100.00     2.3290     2.0293         22 0.0000e+00
     44.527   75.10964  172.20942     45.000    -1.5686    -1.5685  26.102147  26.101038    32.7595    32.7578    317.352    310.763     0.1268     4.6234     0.1173     0.1173     0.0563     0.0301       2689     1.8668     100.00     2.3233     2.0337         18 0.0000e+00
     45.517   75.10964  172.20942     46.000    -1.5822    -1.5821  26.132587  26.131508    32.8160    32.8144    316.531    309.597     0.1087     4.6241     0.1172     0.1172     0.0558     0.0293       2731     1.8957     100.00     2.3184     2.0278         22 0.0000e+00
     46.506   75.10964  172.20942     47.000    -1.5958    -1.5960  26.170637  26.170099    32.8829    32.8825    316.793    309.171     0.1146     4.6341     0.1168     0.1168     0.0471     0.0296       2785     1.9330     100.00     2.3199     2.0257         22 0.0000e+00
     47.496   75.10964  172.20942     48.000    -1.6239    -1.6236  26.213427  26.212924    32.9726    32.9716    317.580    309.979     0.0451     4.6346     0.1147     0.1147     0.0466     0.0268       2842     1.9730     100.00     2.3239     2.0292         24 0.0000e+00
     48.485   75.10964  172.20942     49.000    -1.6267    -1.6261  26.254494  26.253662    33.0320    33.0301    318.401    311.349     0.0223     4.6358     0.1134     0.1134     0.0456     0.0259       2886     2.0033      99.64     2.3291     2.0363         17 0.0000e+00
     49.474   75.10964  172.20944     50.000    -1.6202    -1.6198  26.285698  26.284601    33.0673    33.0653    319.419    311.988     0.0218     4.6383     0.1117     0.1117     0.0435     0.0258       2932     2.0354      98.50     2.3356     2.0400         21 0.0000e+00
     50.464   75.10964  172.20944     51.000    -1.6348    -1.6350  26.304397  26.303425    33.1088    33.1077    318.907    310.363    -0.0059     4.6404     0.1111     0.1111     0.0417     0.0247       2994     2.0783      97.84     2.3322     2.0316         19 0.0000e+00
     51.453   75.10964  172.20944     52.000    -1.6536    -1.6536  26.322900  26.321760    33.1548    33.1531    318.326    312.574    -0.0117     4.6443     0.1099     0.1099     0.0383     0.0245       3037     2.1085      96.86     2.3282     2.0419         21 0.0000e+00
     52.442   75.10964  172.20944     53.000    -1.6572    -1.6568  26.340222  26.339598    33.1822    33.1808    317.872    310.265    -0.0126     4.6473     0.1101     0.1101     0.0357     0.0245       3080     2.1384      96.13     2.3255     2.0306         16 0.0000e+00
     53.432   75.10964  172.20946     54.000    -1.6560    -1.6555  26.362511  26.361419    33.2111    33.2090    317.666    310.309     0.0026     4.6502     0.1100     0.1100     0.0333     0.0251       3150     2.1866      94.73     2.3246     2.0310         20 0.0000e+00
     54.421   75.10966  172.20946     55.000    -1.6510    -1.6502  26.386579  26.385566    33.2382    33.2359    317.323    310.492    -0.0203     4.6514     0.1112     0.1112     0.0322     0.0242       3193     2.2167      93.78     2.3230     2.0323         20 0.0000e+00
     55.411   75.10966  172.20946     56.000    -1.6406    -1.6399  26.412304  26.411184    33.2616    33.2593    316.640    309.711    -0.0389     4.6509     0.1122     0.1122     0.0326     0.0234       3232     2.2438      92.75     2.3198     2.0290         23 0.0000e+00
     56.400   75.10966  172.20946     57.000    -1.6368    -1.6363  26.427684  26.427528    33.2781    33.2772    315.023    308.529    -0.0274     4.6516     0.1121     0.1121     0.0320     0.0239       3297     2.2886      91.70     2.3107     2.0235         13 0.0000e+00
     57.389   75.10966  172.20948     58.000    -1.6262    -1.6254  26.467628  26.466745    33.3208    33.3188    313.629    307.324    -0.0381     4.6535     0.1132     0.1132     0.0304     0.0235       3347     2.3234      90.69     2.3036     2.0184         26 0.0000e+00
     58.379   75.10966  172.20948     59.000    -1.6185    -1.6175  26.501083  26.500923    33.3579    33.3566    312.839    305.730    -0.0293     4.6537     0.1139     0.1139     0.0302     0.0238       3382     2.3481      89.67     2.2997     2.0112         19 0.0000e+00
     59.368   75.10966  172.20948     60.000    -1.6063    -1.6049  26.533123  26.535395    33.3880    33.3896    310.334    303.578    -0.0400     4.6541     0.1154     0.1154     0.0299     0.0234       3449     2.3943      88.61     2.2861     2.0015         18 0.0000e+00
