Continuous CTD Data/SBE Stage/nabos_31_01.ros
* Sea-Bird SBE 9 Data File:
* FileName = D:\CTD\data\HLY2502\raw\NABOS_31_01.hex
* Software Version Seasave V 7.26.7.110
* Temperature SN = 6954
* Conductivity SN = 2561
* Number of Bytes Per Scan = 37
* Number of Voltage Words = 4
* Number of Scans Averaged by the Deck Unit = 1
* NMEA Latitude = 80 11.59 N
* NMEA Longitude = 144 51.86 E
* NMEA UTC (Time) = Sep 23 2025  02:41:26
* NMEA baud rate = 9600
** Ship: USCG HEALY
** Bot. Depth:  1500
** Cast Number:  01
** Station Name:  NABOS
** Station Number:  31
** Operator:  STARC
** Cast to 1200 m
# nquan = 25
# nvalues = 1176                                  
# units = specified
# name 0 = depSM: Depth [salt water, m]
# name 1 = latitude: Latitude [deg]
# name 2 = longitude: Longitude [deg]
# name 3 = prDM: Pressure, Digiquartz [db]
# name 4 = t090C: Temperature [ITS-90, deg C]
# name 5 = t190C: Temperature, 2 [ITS-90, deg C]
# name 6 = c0mS/cm: Conductivity [mS/cm]
# name 7 = c1mS/cm: Conductivity, 2 [mS/cm]
# name 8 = sal00: Salinity, Practical [PSU]
# name 9 = sal11: Salinity, Practical, 2 [PSU]
# name 10 = sbox0Mm/Kg: Oxygen, SBE 43 [umol/kg]
# name 11 = sbox1Mm/Kg: Oxygen, SBE 43, 2 [umol/kg]
# name 12 = flECO-AFL: Fluorescence, WET Labs ECO-AFL/FL [mg/m^3]
# name 13 = v2: Voltage 2
# name 14 = wetCDOM: Fluorescence, WET Labs CDOM [mg/m^3]
# name 15 = v6: Voltage 6
# name 16 = CStarAt0: Beam Attenuation, WET Labs C-Star [1/m]
# name 17 = v3: Voltage 3
# name 18 = scan: Scan Count
# name 19 = timeM: Time, Elapsed [minutes]
# name 20 = altM: Altimeter [m]
# name 21 = sbeox0V: Oxygen raw, SBE 43 [V]
# name 22 = sbeox1V: Oxygen raw, SBE 43, 2 [V]
# name 23 = nbf: Bottles Fired
# name 24 = flag:  0.000e+00
# interval = seconds: 0.0416667
# start_time = Sep 23 2025 02:41:26 [NMEA time, header]
# bad_flag = -9.990e-29
*END*
[from data line 174]
    498.925   80.19740  144.81472    504.879     0.4728     0.4727  29.539554  29.537527    34.8220    34.8194    297.876    292.720    -0.1671     4.6252     0.0830     0.0830     0.0548     0.0183      66157    45.9417     100.00     2.2389     1.9689          4  0.000e+00
    498.859   80.19740  144.81472    504.812     0.4729     0.4726  29.539554  29.537702    34.8219    34.8199    297.872    292.470    -0.1976     4.6252     0.0830     0.0830     0.0548     0.0171      66158    45.9424     100.00     2.2389     1.9677          4  0.000e+00
    498.859   80.19740  144.81472    504.812     0.4726     0.4726  29.539679  29.537585    34.8224    34.8197    297.874    292.470    -0.1671     4.6252     0.0830     0.0830     0.0548     0.0183      66159    45.9431     100.00     2.2389     1.9677          4  0.000e+00
    498.859   80.19740  144.81472    504.812     0.4729     0.4727  29.539741  29.537935    34.8221    34.8200    297.872    292.468    -0.1671     4.6252     0.0830     0.0830     0.0548     0.0183      66160    45.9438     100.00     2.2389     1.9677          4  0.000e+00
    498.859   80.19740  144.81472    504.812     0.4731     0.4726  29.539741  29.537877    34.8219    34.8201    297.870    292.469    -0.1671     4.6252     0.0830     0.0830     0.0548     0.0183      66161    45.9444     100.00     2.2389     1.9677          4  0.000e+00
    498.925   80.19740  144.81472    504.879     0.4733     0.4727  29.539741  29.537994    34.8217    34.8200    297.872    292.471    -0.1671     4.6252     0.0830     0.0830     0.0548     0.0183      66162    45.9451     100.00     2.2389     1.9677          4  0.000e+00
    498.859   80.19740  144.81472    504.812     0.4732     0.4729  29.539741  29.537643    34.8218    34.8195    297.661    292.468    -0.1671     4.6252     0.0830     0.0830     0.0548     0.0183      66163    45.9458     100.00     2.2377     1.9677          4  0.000e+00
    498.859   80.19740  144.81472    504.812     0.4735     0.4732  29.539741  29.538169    34.8215    34.8198    297.868    292.465    -0.1671     4.6252     0.0830     0.0830     0.0548     0.0183      66164    45.9465     100.00     2.2389     1.9677          4  0.000e+00
    498.859   80.19740  144.81472    504.812     0.4733     0.4730  29.539741  29.537935    34.8217    34.8196    297.660    292.467    -0.1671     4.6252     0.0830     0.0830     0.0548     0.0183      66165    45.9472     100.00     2.2377     1.9677          4  0.000e+00
    498.859   80.19740  144.81472    504.812     0.4737     0.4727  29.539927  29.537819    34.8215    34.8198    297.867    292.716    -0.1366     4.6252     0.0830     0.0830     0.0548     0.0195      66166    45.9479     100.00     2.2389     1.9689          4  0.000e+00
    498.925   80.19740  144.81472    504.879     0.4735     0.4730  29.540051  29.537994    34.8219    34.8197    297.661    292.716    -0.1366     4.6252     0.0830     0.0830     0.0548     0.0195      66167    45.9486     100.00     2.2377     1.9689          4  0.000e+00
    498.917   80.19740  144.81472    504.871     0.4733     0.4732  29.540051  29.538286    34.8221    34.8199    297.871    292.961    -0.1366     4.6252     0.0830     0.0830     0.0548     0.0195      66168    45.9493     100.00     2.2389     1.9701          4  0.000e+00
    498.735   80.19740  144.81472    504.687     0.4732     0.4732  29.539802  29.538169    34.8219    34.8198    297.655    292.954    -0.1366     4.6252     0.0830     0.0830     0.0548     0.0195      66169    45.9500     100.00     2.2377     1.9701          4  0.000e+00
    498.983   80.19740  144.81472    504.937     0.4736     0.4732  29.539741  29.538286    34.8213    34.8198    297.873    293.211    -0.1366     4.6252     0.0830     0.0830     0.0548     0.0195      66170    45.9507     100.00     2.2389     1.9714          4  0.000e+00
    498.859   80.19740  144.81472    504.812     0.4730     0.4735  29.539927  29.538403    34.8223    34.8197    297.662    293.204    -0.1366     4.6252     0.0830     0.0830     0.0548     0.0195      66171    45.9514     100.00     2.2377     1.9714          4  0.000e+00
    498.925   80.19740  144.81472    504.879     0.4731     0.4735  29.539803  29.538403    34.8220    34.8197    297.664    293.454    -0.1366     4.6252     0.0830     0.0830     0.0548     0.0195      66172    45.9521     100.00     2.2377     1.9726          4  0.000e+00
    498.859   80.19740  144.81472    504.812     0.4731     0.4735  29.539927  29.538169    34.8221    34.8194    297.870    293.205    -0.1366     4.6252     0.0830     0.0830     0.0548     0.0195      66173    45.9528     100.00     2.2389     1.9714          4  0.000e+00
    498.917   80.19740  144.81472    504.871     0.4731     0.4732  29.539430  29.538286    34.8215    34.8199    297.665    293.209    -0.1366     4.6252     0.0830     0.0830     0.0548     0.0195      66174    45.9535     100.00     2.2377     1.9714          4  0.000e+00
    498.859   80.19740  144.81472    504.812     0.4731     0.4733  29.539803  29.538169    34.8220    34.8196    297.661    293.206    -0.1366     4.6252     0.0830     0.0830     0.0548     0.0195      66175    45.9542     100.00     2.2377     1.9714          4  0.000e+00
    498.917   80.19740  144.81472    504.871     0.4730     0.4730  29.539803  29.538286    34.8221    34.8201    297.664    293.210    -0.1366     4.6252     0.0830     0.0830     0.0548     0.0195      66176    45.9549     100.00     2.2377     1.9714          4  0.000e+00
    498.925   80.19740  144.81470    504.879     0.4735     0.4732  29.540113  29.538578    34.8220    34.8202    297.661    293.208    -0.1366     4.6252     0.0830     0.0830     0.0548     0.0195      66177    45.9556     100.00     2.2377     1.9714          4  0.000e+00
    498.801   80.19740  144.81470    504.754     0.4732     0.4732  29.539865  29.538461    34.8220    34.8202    297.658    293.203    -0.1061     4.6252     0.0830     0.0830     0.0548     0.0208      66178    45.9562     100.00     2.2377     1.9714          4  0.000e+00
    301.651   80.19802  144.80828    305.104     1.5672     1.5675  30.414295  30.412920    34.8436    34.8416    296.427    291.363    -0.1671     4.6276     0.0842     0.0842     0.0527     0.0183      75404    52.3632     100.00     2.3336     2.0478          5  0.000e+00
    301.799   80.19802  144.80828    305.253     1.5671     1.5674  30.414107  30.412626    34.8435    34.8413    296.237    291.371    -0.1671     4.6264     0.0842     0.0842     0.0538     0.0183      75405    52.3639     100.00     2.3324     2.0478          5  0.000e+00
    301.716   80.19802  144.80828    305.170     1.5672     1.5674  30.414232  30.412330    34.8435    34.8410    296.233    291.368    -0.1976     4.6276     0.0842     0.0842     0.0527     0.0171      75406    52.3646     100.00     2.3324     2.0478          5  0.000e+00
    301.716   80.19802  144.80828    305.170     1.5672     1.5672  30.414107  30.412862    34.8433    34.8418    296.233    291.368    -0.1671     4.6264     0.0842     0.0842     0.0538     0.0183      75407    52.3653     100.00     2.3324     2.0478          5  0.000e+00
    301.733   80.19802  144.80828    305.187     1.5668     1.5672  30.414044  30.413275    34.8438    34.8423    296.237    291.134    -0.1671     4.6276     0.0842     0.0842     0.0527     0.0183      75408    52.3660     100.00     2.3324     2.0466          5  0.000e+00
    301.716   80.19802  144.80828    305.170     1.5666     1.5674  30.414044  30.413157    34.8440    34.8420    296.434    291.133    -0.1671     4.6276     0.0842     0.0842     0.0527     0.0183      75409    52.3667     100.00     2.3336     2.0466          5  0.000e+00
    301.716   80.19802  144.80828    305.170     1.5666     1.5672  30.414044  30.412862    34.8440    34.8418    296.237    291.135    -0.1671     4.6276     0.0842     0.0842     0.0527     0.0183      75410    52.3674     100.00     2.3324     2.0466          5  0.000e+00
    301.799   80.19802  144.80828    305.253     1.5668     1.5669  30.414232  30.412389    34.8440    34.8415    296.239    291.374    -0.1671     4.6264     0.0842     0.0842     0.0538     0.0183      75411    52.3681     100.00     2.3323     2.0478          5  0.000e+00
    301.716   80.19802  144.80828    305.170     1.5668     1.5667  30.414295  30.412448    34.8441    34.8418    296.235    291.371    -0.1671     4.6264     0.0842     0.0842     0.0538     0.0183      75412    52.3687     100.00     2.3323     2.0478          5  0.000e+00
    301.716   80.19802  144.80828    305.170     1.5671     1.5670  30.414295  30.412743    34.8438    34.8419    296.233    291.602    -0.1976     4.6264     0.0842     0.0842     0.0538     0.0171      75413    52.3694     100.00     2.3323     2.0490          5  0.000e+00
    301.799   80.19802  144.80828    305.253     1.5669     1.5669  30.414295  30.412626    34.8439    34.8418    296.237    291.606    -0.1671     4.6264     0.0842     0.0842     0.0538     0.0183      75414    52.3701     100.00     2.3323     2.0490          5  0.000e+00
    301.716   80.19802  144.80828    305.170     1.5671     1.5669  30.414483  30.412566    34.8440    34.8418    296.233    291.603    -0.1976     4.6276     0.0842     0.0842     0.0527     0.0171      75415    52.3708     100.00     2.3323     2.0490          5  0.000e+00
    301.832   80.19802  144.80828    305.287     1.5672     1.5667  30.414358  30.412744    34.8436    34.8421    296.237    291.608    -0.1671     4.6276     0.0842     0.0842     0.0527     0.0183      75416    52.3715     100.00     2.3323     2.0490          5  0.000e+00
    301.716   80.19802  144.80828    305.170     1.5674     1.5672  30.414295  30.412980    34.8434    34.8420    296.231    291.367    -0.1976     4.6276     0.0842     0.0842     0.0527     0.0171      75417    52.3722     100.00     2.3323     2.0478          5  0.000e+00
    301.733   80.19802  144.80826    305.187     1.5672     1.5674  30.414295  30.412862    34.8436    34.8416    296.233    291.367    -0.1671     4.6264     0.0830     0.0830     0.0538     0.0183      75418    52.3729     100.00     2.3323     2.0478          5  0.000e+00
    301.774   80.19802  144.80826    305.228     1.5671     1.5678  30.414484  30.413216    34.8440    34.8415    296.038    291.365    -0.1976     4.6276     0.0842     0.0842     0.0527     0.0171      75419    52.3736     100.00     2.3311     2.0478          5  0.000e+00
    301.716   80.19802  144.80826    305.170     1.5674     1.5680  30.414358  30.413393    34.8435    34.8416    296.231    291.361    -0.1671     4.6276     0.0842     0.0842     0.0527     0.0183      75420    52.3743     100.00     2.3323     2.0478          5  0.000e+00
    301.799   80.19802  144.80826    305.253     1.5674     1.5678  30.414295  30.413157    34.8434    34.8415    296.235    291.133    -0.1671     4.6276     0.0842     0.0842     0.0527     0.0183      75421    52.3750     100.00     2.3323     2.0466          5  0.000e+00
    301.774   80.19802  144.80826    305.228     1.5676     1.5676  30.414923  30.413511    34.8440    34.8421    296.034    291.365    -0.1976     4.6264     0.0842     0.0842     0.0538     0.0171      75422    52.3757     100.00     2.3311     2.0478          5  0.000e+00
    301.774   80.19802  144.80826    305.228     1.5681     1.5675  30.415551  30.413216    34.8441    34.8419    296.226    291.134    -0.1671     4.6264     0.0842     0.0842     0.0538     0.0183      75423    52.3764     100.00     2.3323     2.0466          5  0.000e+00
    301.733   80.19802  144.80826    305.187     1.5684     1.5675  30.415928  30.413098    34.8444    34.8418    296.222    291.366    -0.1671     4.6264     0.0842     0.0842     0.0538     0.0183      75424    52.3771     100.00     2.3323     2.0478          5  0.000e+00
    301.774   80.19802  144.80826    305.228     1.5682     1.5672  30.415363  30.412862    34.8438    34.8418    296.226    291.137    -0.1671     4.6264     0.0842     0.0842     0.0538     0.0183      75425    52.3778     100.00     2.3323     2.0466          5  0.000e+00
    301.774   80.19802  144.80826    305.228     1.5681     1.5670  30.414923  30.412330    34.8433    34.8413    296.227    291.372    -0.1976     4.6252     0.0842     0.0842     0.0548     0.0171      75426    52.3785     100.00     2.3323     2.0478          5  0.000e+00
    301.774   80.19802  144.80826    305.228     1.5676     1.5672  30.414421  30.412448    34.8434    34.8413    296.232    291.371    -0.1671     4.6264     0.0855     0.0855     0.0538     0.0183      75427    52.3792     100.00     2.3323     2.0478          5  0.000e+00
    301.798   80.19802  144.80826    305.253     1.5676     1.5672  30.414484  30.412744    34.8434    34.8416    296.430    291.138    -0.1671     4.6264     0.0855     0.0855     0.0538     0.0183      75428    52.3799     100.00     2.3336     2.0466          5  0.000e+00
    301.774   80.19802  144.80826    305.228     1.5676     1.5674  30.414609  30.413216    34.8436    34.8420    296.429    291.368    -0.1671     4.6264     0.0855     0.0855     0.0538     0.0183      75429    52.3806     100.00     2.3336     2.0478          5  0.000e+00
    301.774   80.19802  144.80826    305.228     1.5672     1.5678  30.414358  30.413157    34.8436    34.8415    296.234    291.365    -0.1671     4.6264     0.0855     0.0855     0.0538     0.0183      75430    52.3813     100.00     2.3323     2.0478          5  0.000e+00
    301.733   80.19802  144.80826    305.186     1.5672     1.5676  30.414107  30.412862    34.8433    34.8413    296.233    291.365    -0.1366     4.6264     0.0855     0.0855     0.0538     0.0195      75431    52.3819     100.00     2.3323     2.0478          5  0.000e+00
    301.774   80.19802  144.80826    305.228     1.5671     1.5670  30.414421  30.412389    34.8439    34.8414    296.235    291.372    -0.1671     4.6264     0.0855     0.0855     0.0538     0.0183      75432    52.3826     100.00     2.3323     2.0478          5  0.000e+00
    301.831   80.19802  144.80826    305.286     1.5669     1.5666  30.414609  30.412035    34.8443    34.8414    296.238    291.378    -0.1671     4.6264     0.0855     0.0855     0.0538     0.0183      75433    52.3833     100.00     2.3323     2.0478          5  0.000e+00
    301.675   80.19802  144.80826    305.128     1.5672     1.5663  30.414169  30.411739    34.8434    34.8414    296.231    291.374    -0.1671     4.6264     0.0855     0.0855     0.0538     0.0183      75434    52.3840     100.00     2.3323     2.0478          5  0.000e+00
    301.831   80.19802  144.80826    305.286     1.5672     1.5663  30.414421  30.412094    34.8437    34.8418    296.236    291.612    -0.1671     4.6264     0.0855     0.0855     0.0538     0.0183      75435    52.3847     100.00     2.3323     2.0490          5  0.000e+00
    301.831   80.19802  144.80826    305.286     1.5669     1.5663  30.414170  30.411799    34.8437    34.8414    296.239    291.613    -0.1671     4.6264     0.0855     0.0855     0.0538     0.0183      75436    52.3854     100.00     2.3323     2.0490          5  0.000e+00
    301.798   80.19802  144.80826    305.253     1.5671     1.5663  30.414421  30.411858    34.8439    34.8415    296.236    291.612    -0.1671     4.6264     0.0842     0.0842     0.0538     0.0183      75437    52.3861     100.00     2.3323     2.0490          5  0.000e+00
    301.774   80.19802  144.80826    305.228     1.5669     1.5661  30.414170  30.411503    34.8437    34.8413    296.236    291.613    -0.1366     4.6264     0.0855     0.0855     0.0538     0.0195      75438    52.3868     100.00     2.3323     2.0490          5  0.000e+00
