Continuous CTD Data/SBE Stage/nabos_21_01avg.cnv
* Sea-Bird SBE 9 Data File:
* FileName = D:\CTD\data\HLY2502\raw\NABOS_21_01.hex
* Software Version Seasave V 7.26.7.110
* Temperature SN = 6954
* Conductivity SN = 2561
* Number of Bytes Per Scan = 37
* Number of Voltage Words = 4
* Number of Scans Averaged by the Deck Unit = 1
* NMEA Latitude = 79 01.32 N
* NMEA Longitude = 173 57.73 E
* NMEA UTC (Time) = Sep 18 2025  13:52:18
* NMEA baud rate = 9600
** Ship: USCG HEALY
** Bot. Depth:  2477
** Cast Number:  01
** Station Name:  NABOS
** Station Number:  21
** Operator:  STARC
# nquan = 25
# nvalues = 254                         
# units = specified
# name 0 = depSM: Depth [salt water, m]
# name 1 = latitude: Latitude [deg]
# name 2 = longitude: Longitude [deg]
# name 3 = prDM: Pressure, Digiquartz [db]
# name 4 = t090C: Temperature [ITS-90, deg C]
# name 5 = t190C: Temperature, 2 [ITS-90, deg C]
# name 6 = c0mS/cm: Conductivity [mS/cm]
# name 7 = c1mS/cm: Conductivity, 2 [mS/cm]
# name 8 = sal00: Salinity, Practical [PSU]
# name 9 = sal11: Salinity, Practical, 2 [PSU]
# name 10 = sbox0Mm/Kg: Oxygen, SBE 43 [umol/kg]
# name 11 = sbox1Mm/Kg: Oxygen, SBE 43, 2 [umol/kg]
# name 12 = flECO-AFL: Fluorescence, WET Labs ECO-AFL/FL [mg/m^3]
# name 13 = v2: Voltage 2
# name 14 = wetCDOM: Fluorescence, WET Labs CDOM [mg/m^3]
# name 15 = v6: Voltage 6
# name 16 = CStarAt0: Beam Attenuation, WET Labs C-Star [1/m]
# name 17 = v3: Voltage 3
# name 18 = scan: Scan Count
# name 19 = timeM: Time, Elapsed [minutes]
# name 20 = altM: Altimeter [m]
# name 21 = sbeox0V: Oxygen raw, SBE 43 [V]
# name 22 = sbeox1V: Oxygen raw, SBE 43, 2 [V]
# name 23 = nbin: number of scans per bin
# name 24 = flag: flag
# span 0 =      2.968,    253.144       
# span 1 =   79.02259,   79.02679       
# span 2 =  173.96274,  173.96670       
# span 3 =      3.000,    256.000       
# span 4 =    -1.7646,     0.8186       
# span 5 =    -1.7644,     0.8182       
# span 6 =  24.750839,  29.694937       
# span 7 =  24.749629,  29.693378       
# span 8 =    31.0112,    34.7833       
# span 9 =    31.0092,    34.7812       
# span 10 =    290.982,    373.311      
# span 11 =    285.693,    366.375      
# span 12 =    -0.2307,     0.4069      
# span 13 =     4.5889,     4.6729      
# span 14 =     0.0803,     0.1070      
# span 15 =     0.0803,     0.1070      
# span 16 =     0.0137,     0.0863      
# span 17 =     0.0158,     0.0413      
# span 18 =       3086,      25077      
# span 19 =     2.1424,    17.4140      
# span 20 =     100.00,     100.00      
# span 21 =     2.2729,     2.6369      
# span 22 =     1.9925,     2.2968      
# span 23 =          1,         27      
# span 24 = 0.0000e+00, 0.0000e+00      
# interval = decibars: 1                
# start_time = Sep 18 2025 13:52:18 [NMEA time, header]
# bad_flag = -9.990e-29
*END*
[from data line 232]
    232.389   79.02441  173.96444    235.000     0.7005     0.7004  29.557804  29.556054    34.7497    34.7475    292.138    286.827    -0.1366     4.6721     0.0820     0.0820     0.0144     0.0195      12412     8.6190     100.00     2.2779     1.9999         16 0.0000e+00
    233.377   79.02442  173.96444    236.000     0.7006     0.7006  29.558430  29.556645    34.7497    34.7475    292.197    286.791    -0.1391     4.6719     0.0829     0.0829     0.0147     0.0194      12439     8.6377     100.00     2.2780     1.9995         13 0.0000e+00
    234.365   79.02442  173.96444    237.000     0.7009     0.7007  29.559052  29.557320    34.7497    34.7477    292.327    286.832    -0.1739     4.6718     0.0819     0.0819     0.0147     0.0180      12466     8.6564     100.00     2.2786     1.9996         15 0.0000e+00
    235.354   79.02442  173.96446    238.000     0.7007     0.7007  29.559542  29.557744    34.7499    34.7476    292.213    287.078    -0.1469     4.6727     0.0838     0.0838     0.0139     0.0191      12493     8.6749     100.00     2.2776     2.0007         12 0.0000e+00
    236.342   79.02444  173.96446    239.000     0.7006     0.7007  29.560096  29.558272    34.7501    34.7476    292.151    288.249    -0.1588     4.6723     0.0841     0.0841     0.0143     0.0186      12520     8.6939     100.00     2.2770     2.0065         13 0.0000e+00
    237.330   79.02444  173.96446    240.000     0.7009     0.7008  29.560777  29.558955    34.7500    34.7479    292.092    287.129    -0.1380     4.6725     0.0821     0.0821     0.0141     0.0195      12547     8.7126     100.00     2.2764     2.0005         14 0.0000e+00
    238.319   79.02444  173.96446    241.000     0.7010     0.7009  29.561280  29.559392    34.7500    34.7477    292.219    286.761    -0.1745     4.6720     0.0828     0.0828     0.0145     0.0180      12574     8.7312     100.00     2.2770     1.9984         16 0.0000e+00
    239.307   79.02445  173.96447    242.000     0.7010     0.7009  29.561831  29.560019    34.7501    34.7479    292.290    287.948    -0.1356     4.6727     0.0830     0.0830     0.0139     0.0195      12601     8.7498     100.00     2.2772     2.0044         16 0.0000e+00
    240.295   79.02446  173.96448    243.000     0.7011     0.7010  29.562315  29.560601    34.7501    34.7480    292.353    287.452    -0.1344     4.6721     0.0830     0.0830     0.0145     0.0196      12627     8.7684     100.00     2.2774     2.0016         14 0.0000e+00
    241.284   79.02446  173.96448    244.000     0.7012     0.7011  29.562864  29.561102    34.7501    34.7479    292.299    286.042    -0.1368     4.6721     0.0811     0.0811     0.0144     0.0195      12654     8.7870     100.00     2.2768     1.9942         14 0.0000e+00
    242.272   79.02446  173.96448    245.000     0.7057     0.7069  29.568924  29.568406    34.7523    34.7503    292.264    287.505    -0.1318     4.6724     0.0824     0.0824     0.0141     0.0197      12681     8.8053     100.00     2.2766     2.0018         13 0.0000e+00
    243.260   79.02446  173.96448    246.000     0.7391     0.7405  29.604882  29.604536    34.7610    34.7590    292.151    286.963    -0.1328     4.6721     0.0821     0.0821     0.0145     0.0197      12708     8.8242     100.00     2.2775     2.0003         16 0.0000e+00
    244.248   79.02448  173.96450    247.000     0.7594     0.7592  29.626786  29.625028    34.7661    34.7641    292.194    287.007    -0.1345     4.6717     0.0826     0.0826     0.0148     0.0196      12735     8.8430     100.00     2.2787     2.0012         15 0.0000e+00
    245.237   79.02448  173.96450    248.000     0.7684     0.7695  29.637616  29.637093    34.7695    34.7677    292.416    286.645    -0.1366     4.6718     0.0812     0.0812     0.0147     0.0195      12762     8.8615     100.00     2.2803     1.9996         14 0.0000e+00
    246.225   79.02448  173.96450    249.000     0.7954     0.7958  29.666918  29.665688    34.7767    34.7747    292.367    287.002    -0.1331     4.6726     0.0814     0.0814     0.0140     0.0196      12789     8.8803     100.00     2.2812     2.0025         17 0.0000e+00
    247.213   79.02448  173.96450    250.000     0.8022     0.8018  29.674722  29.672581    34.7786    34.7764    292.527    287.268    -0.1647     4.6725     0.0818     0.0818     0.0140     0.0184      12815     8.8990     100.00     2.2824     2.0039         14 0.0000e+00
    248.201   79.02450  173.96451    251.000     0.8064     0.8068  29.679712  29.678459    34.7798    34.7778    292.679    287.246    -0.1398     4.6721     0.0803     0.0803     0.0144     0.0194      12843     8.9177     100.00     2.2833     2.0038         14 0.0000e+00
    249.189   79.02450  173.96452    252.000     0.8113     0.8112  29.685214  29.683395    34.7808    34.7786    292.829    286.400    -0.1771     4.6723     0.0810     0.0810     0.0142     0.0179      12870     8.9369     100.00     2.2842     1.9995         15 0.0000e+00
    250.178   79.02457  173.96458    253.000     0.8047     0.8094  29.679037  29.682349    34.7796    34.7787    293.448    288.407    -0.1506     4.6724     0.0821     0.0821     0.0141     0.0189      13246     9.1977     100.00     2.2874     2.0096         16 0.0000e+00
    251.166   79.02489  173.96487    254.000     0.8140     0.8144  29.689855  29.688682    34.7827    34.7807    293.495    288.087    -0.1415     4.6723     0.0821     0.0821     0.0142     0.0193      14920    10.3605     100.00     2.2880     2.0080         20 0.0000e+00
    252.154   79.02550  173.96544    255.000     0.8175     0.8174  29.693744  29.691953    34.7833    34.7809    293.151    287.927    -0.1635     4.6727     0.0817     0.0817     0.0139     0.0184      18158    12.6090     100.00     2.2858     2.0071         25 0.0000e+00
    253.144   79.02679  173.96670    256.000     0.8186     0.8182  29.694937  29.693378    34.7829    34.7812    292.644    290.717    -0.2307     4.6729     0.0819     0.0819     0.0137     0.0158      25077    17.4140     100.00     2.2825     2.0214          1 0.0000e+00
