Continuous CTD Data/SBE Stage/nabos_24_01.ros
* Sea-Bird SBE 9 Data File:
* FileName = D:\CTD\data\HLY2502\raw\NABOS_24_01.hex
* Software Version Seasave V 7.26.7.110
* Temperature SN = 6954
* Conductivity SN = 2561
* Number of Bytes Per Scan = 37
* Number of Voltage Words = 4
* Number of Scans Averaged by the Deck Unit = 1
* NMEA Latitude = 80 03.71 N
* NMEA Longitude = 166 45.25 E
* NMEA UTC (Time) = Sep 20 2025  03:03:27
* NMEA baud rate = 9600
** Ship: USCG HEALY
** Bot. Depth:  2722
** Cast Number:  01
** Station Name:  NABOS
** Station Number:  24
** Operator:  STARC
** 1200 target
# nquan = 25
# nvalues = 1176                                  
# units = specified
# name 0 = depSM: Depth [salt water, m]
# name 1 = latitude: Latitude [deg]
# name 2 = longitude: Longitude [deg]
# name 3 = prDM: Pressure, Digiquartz [db]
# name 4 = t090C: Temperature [ITS-90, deg C]
# name 5 = t190C: Temperature, 2 [ITS-90, deg C]
# name 6 = c0mS/cm: Conductivity [mS/cm]
# name 7 = c1mS/cm: Conductivity, 2 [mS/cm]
# name 8 = sal00: Salinity, Practical [PSU]
# name 9 = sal11: Salinity, Practical, 2 [PSU]
# name 10 = sbox0Mm/Kg: Oxygen, SBE 43 [umol/kg]
# name 11 = sbox1Mm/Kg: Oxygen, SBE 43, 2 [umol/kg]
# name 12 = flECO-AFL: Fluorescence, WET Labs ECO-AFL/FL [mg/m^3]
# name 13 = v2: Voltage 2
# name 14 = wetCDOM: Fluorescence, WET Labs CDOM [mg/m^3]
# name 15 = v6: Voltage 6
# name 16 = CStarAt0: Beam Attenuation, WET Labs C-Star [1/m]
# name 17 = v3: Voltage 3
# name 18 = scan: Scan Count
# name 19 = timeM: Time, Elapsed [minutes]
# name 20 = altM: Altimeter [m]
# name 21 = sbeox0V: Oxygen raw, SBE 43 [V]
# name 22 = sbeox1V: Oxygen raw, SBE 43, 2 [V]
# name 23 = nbf: Bottles Fired
# name 24 = flag:  0.000e+00
# interval = seconds: 0.0416667
# start_time = Sep 20 2025 03:03:27 [NMEA time, header]
# bad_flag = -9.990e-29
*END*
[from data line 348]
    175.145   80.06310  166.75714    177.094     0.5958     0.5951  29.399051  29.396507    34.6948    34.6923    294.828    287.371    -0.1366     4.6337     0.0855     0.0855     0.0474     0.0195      88823    61.6819     100.00     2.3019     2.0089          8  0.000e+00
    175.087   80.06310  166.75714    177.036     0.5958     0.5953  29.399113  29.396507    34.6949    34.6921    294.626    287.368    -0.1366     4.6337     0.0867     0.0867     0.0474     0.0195      88824    61.6826     100.00     2.3006     2.0089          8  0.000e+00
    175.079   80.06310  166.75714    177.027     0.5961     0.5953  29.399051  29.396507    34.6945    34.6921    294.823    286.896    -0.1366     4.6337     0.0855     0.0855     0.0474     0.0195      88825    61.6833     100.00     2.3019     2.0065          8  0.000e+00
    175.145   80.06310  166.75714    177.094     0.5958     0.5952  29.398679  29.396741    34.6944    34.6924    294.629    286.898    -0.1366     4.6337     0.0830     0.0830     0.0474     0.0195      88826    61.6840     100.00     2.3006     2.0065          8  0.000e+00
    175.079   80.06310  166.75714    177.027     0.5960     0.5950  29.398989  29.396624    34.6946    34.6926    294.625    286.897    -0.1366     4.6337     0.0830     0.0830     0.0474     0.0195      88827    61.6847     100.00     2.3006     2.0065          8  0.000e+00
    175.145   80.06310  166.75714    177.094     0.5958     0.5951  29.399299  29.396915    34.6952    34.6928    294.628    286.898    -0.1061     4.6337     0.0830     0.0830     0.0474     0.0208      88828    61.6854     100.00     2.3006     2.0065          8  0.000e+00
    175.087   80.06310  166.75714    177.036     0.5956     0.5955  29.399113  29.396857    34.6951    34.6924    294.627    287.130    -0.1061     4.6337     0.0830     0.0830     0.0474     0.0208      88829    61.6861     100.00     2.3006     2.0077          8  0.000e+00
    175.079   80.06310  166.75714    177.027     0.5958     0.5952  29.398927  29.396799    34.6947    34.6926    294.626    287.131    -0.1366     4.6325     0.0830     0.0830     0.0485     0.0195      88830    61.6868     100.00     2.3006     2.0077          8  0.000e+00
    175.079   80.06310  166.75714    177.027     0.5960     0.5951  29.398989  29.396624    34.6946    34.6925    294.625    287.132    -0.1366     4.6337     0.0830     0.0830     0.0474     0.0195      88831    61.6875     100.00     2.3006     2.0077          8  0.000e+00
    175.145   80.06310  166.75714    177.094     0.5958     0.5953  29.398865  29.396741    34.6946    34.6924    294.629    287.133    -0.1366     4.6337     0.0830     0.0830     0.0474     0.0195      88832    61.6882     100.00     2.3006     2.0077          8  0.000e+00
    175.079   80.06310  166.75714    177.027     0.5961     0.5955  29.398865  29.396799    34.6943    34.6923    294.624    287.365    -0.1366     4.6337     0.0830     0.0830     0.0474     0.0195      88833    61.6889     100.00     2.3006     2.0089          8  0.000e+00
    175.153   80.06310  166.75714    177.102     0.5962     0.5954  29.398989  29.396332    34.6943    34.6917    294.626    287.370    -0.1366     4.6337     0.0830     0.0830     0.0474     0.0195      88834    61.6896     100.00     2.3006     2.0089          8  0.000e+00
    175.079   80.06310  166.75714    177.027     0.5959     0.5953  29.398865  29.396682    34.6945    34.6923    294.625    287.367    -0.1366     4.6325     0.0830     0.0830     0.0485     0.0195      88835    61.6903     100.00     2.3006     2.0089          8  0.000e+00
    175.079   80.06310  166.75714    177.027     0.5959     0.5955  29.399051  29.396565    34.6947    34.6920    294.625    287.366    -0.1366     4.6325     0.0830     0.0830     0.0485     0.0195      88836    61.6910     100.00     2.3006     2.0089          8  0.000e+00
    175.145   80.06310  166.75714    177.094     0.5958     0.5953  29.398865  29.396741    34.6946    34.6924    294.629    287.605    -0.1366     4.6325     0.0830     0.0830     0.0485     0.0195      88837    61.6917     100.00     2.3006     2.0102          8  0.000e+00
    175.079   80.06310  166.75714    177.027     0.5957     0.5952  29.398803  29.396565    34.6947    34.6922    294.627    287.839    -0.1366     4.6325     0.0830     0.0830     0.0485     0.0195      88838    61.6924     100.00     2.3006     2.0114          8  0.000e+00
    175.087   80.06310  166.75714    177.036     0.5956     0.5953  29.399051  29.396740    34.6951    34.6924    294.627    288.074    -0.1366     4.6325     0.0830     0.0830     0.0485     0.0195      88839    61.6931     100.00     2.3006     2.0126          8  0.000e+00
    175.145   80.06310  166.75714    177.094     0.5959     0.5955  29.398679  29.396799    34.6942    34.6923    294.628    288.075    -0.1366     4.6325     0.0830     0.0830     0.0485     0.0195      88840    61.6938     100.00     2.3006     2.0126          8  0.000e+00
    175.079   80.06310  166.75714    177.027     0.5957     0.5954  29.398741  29.396799    34.6946    34.6924    294.627    288.073    -0.1366     4.6325     0.0830     0.0830     0.0485     0.0195      88841    61.6944     100.00     2.3006     2.0126          8  0.000e+00
    175.145   80.06310  166.75714    177.094     0.5955     0.5955  29.398989  29.396799    34.6951    34.6923    294.630    288.311    -0.1366     4.6325     0.0830     0.0830     0.0485     0.0195      88842    61.6951     100.00     2.3006     2.0138          8  0.000e+00
    175.079   80.06310  166.75714    177.027     0.5956     0.5956  29.398741  29.396799    34.6947    34.6922    294.627    288.543    -0.1366     4.6325     0.0830     0.0830     0.0485     0.0195      88843    61.6958     100.00     2.3006     2.0150          8  0.000e+00
    175.153   80.06310  166.75714    177.102     0.5955     0.5955  29.398741  29.396799    34.6947    34.6922    294.631    288.782    -0.1366     4.6325     0.0830     0.0830     0.0485     0.0195      88844    61.6965     100.00     2.3006     2.0163          8  0.000e+00
    175.021   80.06310  166.75714    176.969     0.5955     0.5955  29.398803  29.396623    34.6949    34.6920    294.625    288.777    -0.1061     4.6325     0.0830     0.0830     0.0485     0.0208      88845    61.6972     100.00     2.3006     2.0163          8  0.000e+00
    175.145   80.06310  166.75714    177.094     0.5958     0.5955  29.399051  29.396740    34.6948    34.6922    294.628    288.546    -0.1366     4.6325     0.0818     0.0818     0.0485     0.0195      88846    61.6979     100.00     2.3006     2.0150          8  0.000e+00
    175.079   80.06310  166.75714    177.027     0.5955     0.5955  29.399051  29.396799    34.6952    34.6923    294.428    288.544    -0.1061     4.6325     0.0830     0.0830     0.0485     0.0208      88847    61.6986     100.00     2.2994     2.0150          8  0.000e+00
    175.079   80.06310  166.75714    177.027     0.5958     0.5955  29.398865  29.396565    34.6946    34.6920    294.626    288.309    -0.1366     4.6325     0.0830     0.0830     0.0485     0.0195      88848    61.6993     100.00     2.3006     2.0138          8  0.000e+00
    175.087   80.06310  166.75714    177.036     0.5956     0.5952  29.398679  29.396507    34.6946    34.6922    294.628    288.075    -0.1061     4.6325     0.0830     0.0830     0.0485     0.0208      88849    61.7000     100.00     2.3006     2.0126          8  0.000e+00
    175.145   80.06310  166.75714    177.094     0.5961     0.5955  29.398927  29.396915    34.6943    34.6924    294.626    287.603    -0.1366     4.6325     0.0830     0.0830     0.0485     0.0195      88850    61.7007     100.00     2.3006     2.0102          8  0.000e+00
    175.079   80.06310  166.75714    177.027     0.5959     0.5955  29.399051  29.396682    34.6947    34.6921    294.425    287.365    -0.1366     4.6325     0.0830     0.0830     0.0485     0.0195      88851    61.7014     100.00     2.2994     2.0089          8  0.000e+00
    175.145   80.06310  166.75714    177.094     0.5957     0.5953  29.398927  29.396741    34.6948    34.6924    294.430    287.369    -0.1366     4.6325     0.0830     0.0830     0.0485     0.0195      88852    61.7021     100.00     2.2994     2.0089          8  0.000e+00
    175.079   80.06310  166.75714    177.027     0.5959     0.5954  29.398989  29.396799    34.6946    34.6924    294.624    287.365    -0.1366     4.6325     0.0830     0.0830     0.0485     0.0195      88853    61.7028     100.00     2.3006     2.0089          8  0.000e+00
    175.145   80.06310  166.75714    177.094     0.5958     0.5953  29.399051  29.396799    34.6948    34.6924    294.429    287.604    -0.1366     4.6325     0.0830     0.0830     0.0485     0.0195      88854    61.7035     100.00     2.2994     2.0102          8  0.000e+00
    175.087   80.06310  166.75714    177.036     0.5958     0.5951  29.398927  29.396624    34.6946    34.6924    294.626    287.603    -0.1366     4.6325     0.0842     0.0842     0.0485     0.0195      88855    61.7042     100.00     2.3006     2.0102          8  0.000e+00
    175.079   80.06310  166.75714    177.027     0.5958     0.5952  29.398803  29.396507    34.6946    34.6922    294.427    287.839    -0.1671     4.6325     0.0842     0.0842     0.0485     0.0183      88856    61.7049     100.00     2.2994     2.0114          8  0.000e+00
    175.079   80.06310  166.75714    177.028     0.5959     0.5953  29.398617  29.396507    34.6941    34.6921    294.426    287.838    -0.1671     4.6325     0.0842     0.0842     0.0485     0.0183      88857    61.7056     100.00     2.2994     2.0114          8  0.000e+00
    175.145   80.06310  166.75714    177.094     0.5958     0.5951  29.398989  29.396915    34.6948    34.6928    294.429    287.841    -0.1976     4.6325     0.0842     0.0842     0.0485     0.0171      88858    61.7062     100.00     2.2994     2.0114          8  0.000e+00
    175.079   80.06310  166.75714    177.028     0.5957     0.5948  29.398679  29.396682    34.6945    34.6929    294.428    288.076    -0.1976     4.6325     0.0842     0.0842     0.0485     0.0171      88859    61.7069     100.00     2.2994     2.0126          8  0.000e+00
    175.087   80.06310  166.75714    177.036     0.5958     0.5952  29.398741  29.396740    34.6945    34.6925    294.427    288.074    -0.1671     4.6325     0.0842     0.0842     0.0485     0.0183      88860    61.7076     100.00     2.2994     2.0126          8  0.000e+00
    175.145   80.06310  166.75714    177.094     0.5955     0.5950  29.398679  29.396449    34.6947    34.6923    294.431    288.078    -0.1671     4.6325     0.0842     0.0842     0.0485     0.0183      88861    61.7083     100.00     2.2994     2.0126          8  0.000e+00
    175.079   80.06310  166.75714    177.028     0.5955     0.5950  29.398307  29.396449    34.6942    34.6924    294.629    287.840    -0.1976     4.6325     0.0842     0.0842     0.0485     0.0171      88862    61.7090     100.00     2.3006     2.0114          8  0.000e+00
    175.079   80.06310  166.75714    177.028     0.5955     0.5951  29.398617  29.396332    34.6946    34.6921    294.429    287.604    -0.1976     4.6325     0.0842     0.0842     0.0485     0.0171      88863    61.7097     100.00     2.2994     2.0102          8  0.000e+00
    175.145   80.06310  166.75714    177.094     0.5952     0.5949  29.398431  29.396449    34.6947    34.6924    294.434    287.607    -0.1671     4.6325     0.0830     0.0830     0.0485     0.0183      88864    61.7104     100.00     2.2994     2.0101          8  0.000e+00
    175.087   80.06310  166.75714    177.036     0.5950     0.5948  29.398493  29.395924    34.6950    34.6919    294.432    287.607    -0.1671     4.6325     0.0842     0.0842     0.0485     0.0183      88865    61.7111     100.00     2.2994     2.0101          8  0.000e+00
    175.079   80.06310  166.75714    177.028     0.5952     0.5947  29.398307  29.396274    34.6946    34.6925    294.431    287.607    -0.1671     4.6325     0.0830     0.0830     0.0485     0.0183      88866    61.7118     100.00     2.2994     2.0101          8  0.000e+00
    149.971   80.06312  166.75740    151.631     0.0730     0.0600  28.844407  28.839458    34.5693    34.5775    299.969    292.991    -0.1366     4.6313     0.0867     0.0867     0.0496     0.0195      91675    63.6625     100.00     2.3101     2.0184          9  0.000e+00
    149.922   80.06312  166.75740    151.581     0.0737     0.0600  28.844530  28.839631    34.5688    34.5777    299.962    292.989    -0.1366     4.6313     0.0867     0.0867     0.0496     0.0195      91676    63.6632     100.00     2.3101     2.0184          9  0.000e+00
    149.971   80.06312  166.75740    151.631     0.0749     0.0605  28.844776  28.839747    34.5677    34.5773    299.754    293.226    -0.1366     4.6300     0.0867     0.0867     0.0506     0.0195      91677    63.6639     100.00     2.3088     2.0196          9  0.000e+00
    149.848   80.06312  166.75740    151.506     0.0765     0.0607  28.844899  28.839747    34.5662    34.5772    299.941    293.220    -0.1366     4.6300     0.0855     0.0855     0.0506     0.0195      91678    63.6646     100.00     2.3101     2.0196          9  0.000e+00
    149.922   80.06312  166.75740    151.581     0.0755     0.0607  28.844714  28.839747    34.5670    34.5772    299.749    293.701    -0.1671     4.6300     0.0867     0.0867     0.0506     0.0183      91679    63.6653     100.00     2.3088     2.0221          9  0.000e+00
    149.914   80.06312  166.75740    151.573     0.0745     0.0591  28.844222  28.839631    34.5675    34.5788    299.958    293.949    -0.1671     4.6313     0.0855     0.0855     0.0496     0.0183      91680    63.6660     100.00     2.3101     2.0233          9  0.000e+00
    149.971   80.06312  166.75740    151.631     0.0713     0.0575  28.844099  28.838705    34.5708    34.5794    299.980    294.442    -0.1671     4.6300     0.0855     0.0855     0.0506     0.0183      91681    63.6667     100.00     2.3101     2.0258          9  0.000e+00
    149.922   80.06312  166.75740    151.581     0.0682     0.0563  28.843668  28.839168    34.5738    34.5813    300.200    294.206    -0.1671     4.6313     0.0867     0.0867     0.0496     0.0183      91682    63.6674     100.00     2.3113     2.0245          9  0.000e+00
    149.914   80.06312  166.75740    151.573     0.0658     0.0555  28.842499  28.840269    34.5751    34.5837    300.016    293.969    -0.1671     4.6313     0.0855     0.0855     0.0496     0.0183      91683    63.6681     100.00     2.3101     2.0233          9  0.000e+00
    149.914   80.06312  166.75740    151.573     0.0642     0.0553  28.842376  28.840558    34.5767    34.5843    300.026    293.969    -0.1976     4.6300     0.0867     0.0867     0.0506     0.0171      91684    63.6688     100.00     2.3101     2.0233          9  0.000e+00
    149.914   80.06312  166.75740    151.573     0.0638     0.0560  28.841822  28.840906    34.5764    34.5839    300.233    293.486    -0.1671     4.6313     0.0855     0.0855     0.0496     0.0183      91685    63.6694     100.00     2.3113     2.0209          9  0.000e+00
    149.980   80.06312  166.75740    151.639     0.0632     0.0603  28.841822  28.841079    34.5771    34.5793    300.037    293.462    -0.1976     4.6300     0.0855     0.0855     0.0506     0.0171      91686    63.6701     100.00     2.3101     2.0209          9  0.000e+00
    149.914   80.06312  166.75740    151.573     0.0631     0.0660  28.841329  28.841078    34.5765    34.5730    300.036    292.949    -0.1671     4.6313     0.0855     0.0855     0.0496     0.0183      91687    63.6708     100.00     2.3101     2.0184          9  0.000e+00
