Continuous CTD Data/SBE Stage/nabos_05_02.ros
* Sea-Bird SBE 9 Data File:
* FileName = D:\CTD\data\HLY2502\raw\NABOS_05_02.hex
* Software Version Seasave V 7.26.7.110
* Temperature SN = 6954
* Conductivity SN = 2561
* Number of Bytes Per Scan = 37
* Number of Voltage Words = 4
* Number of Scans Averaged by the Deck Unit = 1
* NMEA Latitude = 75 06.49 N
* NMEA Longitude = 172 12.32 E
* NMEA UTC (Time) = Sep 12 2025  18:35:48
* NMEA baud rate = 9600
** Ship: USCG HEALY
** Bot. Depth:  149
** Cast Number:  02
** Station Name:  NABOS
** Station Number:  05
** Operator:  STARC
# nquan = 25
# nvalues = 735                                   
# units = specified
# name 0 = depSM: Depth [salt water, m]
# name 1 = latitude: Latitude [deg]
# name 2 = longitude: Longitude [deg]
# name 3 = prDM: Pressure, Digiquartz [db]
# name 4 = t090C: Temperature [ITS-90, deg C]
# name 5 = t190C: Temperature, 2 [ITS-90, deg C]
# name 6 = c0mS/cm: Conductivity [mS/cm]
# name 7 = c1mS/cm: Conductivity, 2 [mS/cm]
# name 8 = sal00: Salinity, Practical [PSU]
# name 9 = sal11: Salinity, Practical, 2 [PSU]
# name 10 = sbox0Mm/Kg: Oxygen, SBE 43 [umol/kg]
# name 11 = sbox1Mm/Kg: Oxygen, SBE 43, 2 [umol/kg]
# name 12 = flECO-AFL: Fluorescence, WET Labs ECO-AFL/FL [mg/m^3]
# name 13 = v2: Voltage 2
# name 14 = wetCDOM: Fluorescence, WET Labs CDOM [mg/m^3]
# name 15 = v6: Voltage 6
# name 16 = CStarAt0: Beam Attenuation, WET Labs C-Star [1/m]
# name 17 = v3: Voltage 3
# name 18 = scan: Scan Count
# name 19 = timeM: Time, Elapsed [minutes]
# name 20 = altM: Altimeter [m]
# name 21 = sbeox0V: Oxygen raw, SBE 43 [V]
# name 22 = sbeox1V: Oxygen raw, SBE 43, 2 [V]
# name 23 = nbf: Bottles Fired
# name 24 = flag:  0.000e+00
# interval = seconds: 0.0416667
# start_time = Sep 12 2025 18:35:48 [NMEA time, header]
# bad_flag = -9.990e-29
*END*
[from data line 580]
     19.514   75.11226  172.21838     19.720    -1.0390    -1.0377  23.505483  23.509258    28.7012    28.7049    380.654    368.373     0.2297     4.6093     0.0977     0.0977     0.0686     0.0342      38473    26.7167     100.00     2.6612     2.2923         12  0.000e+00
     19.563   75.11226  172.21838     19.770    -1.0395    -1.0374  23.503253  23.509312    28.6986    28.7047    380.669    368.626     0.2602     4.6093     0.0977     0.0977     0.0686     0.0354      38474    26.7174     100.00     2.6612     2.2935         12  0.000e+00
     19.563   75.11226  172.21838     19.770    -1.0403    -1.0375  23.502967  23.508612    28.6990    28.7039    380.892    368.884     0.2602     4.6093     0.0977     0.0977     0.0686     0.0354      38475    26.7181     100.00     2.6624     2.2948         12  0.000e+00
     19.563   75.11226  172.21838     19.770    -1.0404    -1.0372  23.502624  23.506837    28.6987    28.7012    380.680    369.142     0.2602     4.6093     0.0977     0.0977     0.0686     0.0354      38476    26.7188     100.00     2.6612     2.2960         12  0.000e+00
     19.514   75.11226  172.21838     19.720    -1.0407    -1.0372  23.503596  23.505815    28.7003    28.6999    380.676    369.397     0.2602     4.6093     0.0977     0.0977     0.0686     0.0354      38477    26.7194     100.00     2.6612     2.2972         12  0.000e+00
     19.563   75.11226  172.21838     19.770    -1.0406    -1.0368  23.504969  23.505654    28.7020    28.6992    380.672    369.396     0.2602     4.6093     0.0977     0.0977     0.0686     0.0354      38478    26.7201     100.00     2.6612     2.2972         12  0.000e+00
     19.498   75.11226  172.21838     19.703    -1.0408    -1.0361  23.508628  23.505815    28.7071    28.6989    380.656    369.387     0.2297     4.6093     0.0977     0.0977     0.0686     0.0342      38479    26.7208     100.00     2.6612     2.2972         12  0.000e+00
     19.514   75.11226  172.21838     19.720    -1.0409    -1.0364  23.516635  23.504471    28.7179    28.6973    380.840    369.142     0.2602     4.6093     0.0977     0.0977     0.0686     0.0354      38480    26.7215     100.00     2.6624     2.2960         12  0.000e+00
      9.422   75.11258  172.21896      9.521    -1.1461    -1.1359  22.771159  22.841571    27.8255    27.9102    375.148    363.108     0.1381     4.6056     0.0952     0.0952     0.0718     0.0305      40630    28.2146     100.00     2.6111     2.2532         13  0.000e+00
      9.536   75.11258  172.21896      9.637    -1.1436    -1.1357  22.796444  22.847535    27.8570    27.9180    375.032    363.345     0.1381     4.6044     0.0952     0.0952     0.0728     0.0305      40631    28.2153     100.00     2.6111     2.2544         13  0.000e+00
      9.545   75.11258  172.21896      9.645    -1.1402    -1.1361  22.821173  22.840879    27.8869    27.9094    374.906    363.629     0.1687     4.6056     0.0952     0.0952     0.0718     0.0317      40632    28.2160     100.00     2.6111     2.2557         13  0.000e+00
      9.536   75.11258  172.21896      9.637    -1.1382    -1.1372  22.830796  22.819102    27.8979    27.8814    374.850    363.722     0.1687     4.6081     0.0952     0.0952     0.0697     0.0317      40633    28.2167     100.00     2.6111     2.2557         13  0.000e+00
      9.487   75.11258  172.21896      9.587    -1.1375    -1.1400  22.831984  22.793661    27.8989    27.8500    375.053    363.840     0.1687     4.6093     0.0952     0.0952     0.0686     0.0317      40634    28.2174     100.00     2.6123     2.2557         13  0.000e+00
      9.536   75.11258  172.21896      9.637    -1.1364    -1.1436  22.834532  22.779615    27.9012    27.8345    374.819    363.671     0.1687     4.6081     0.0952     0.0952     0.0697     0.0317      40635    28.2181     100.00     2.6111     2.2544         13  0.000e+00
      9.487   75.11258  172.21896      9.587    -1.1355    -1.1446  22.837759  22.763709    27.9048    27.8142    375.013    363.738     0.1687     4.6081     0.0952     0.0952     0.0697     0.0317      40636    28.2188     100.00     2.6123     2.2544         13  0.000e+00
      9.594   75.11258  172.21896      9.695    -1.1351    -1.1494  22.840986  22.723830    27.9087    27.7652    375.002    364.192     0.1687     4.6081     0.0952     0.0952     0.0697     0.0317      40637    28.2194     100.00     2.6123     2.2557         13  0.000e+00
      9.545   75.11258  172.21896      9.645    -1.1353    -1.1539  22.834362  22.694016    27.9000    27.7296    375.027    364.855     0.1687     4.6081     0.0952     0.0952     0.0697     0.0317      40638    28.2201     100.00     2.6123     2.2581         13  0.000e+00
      9.536   75.11258  172.21896      9.637    -1.1380    -1.1565  22.805271  22.684665    27.8636    27.7196    375.165    365.681     0.1687     4.6081     0.0952     0.0952     0.0697     0.0317      40639    28.2208     100.00     2.6123     2.2618         13  0.000e+00
      9.545   75.11258  172.21896      9.645    -1.1427    -1.1582  22.762280  22.681478    27.8104    27.7168    375.376    366.476     0.1687     4.6093     0.0952     0.0952     0.0686     0.0317      40640    28.2215     100.00     2.6123     2.2654         13  0.000e+00
      9.594   75.11258  172.21896      9.695    -1.1495    -1.1598  22.714515  22.679725    27.7529    27.7159    375.843    367.268     0.1687     4.6093     0.0952     0.0952     0.0686     0.0317      40641    28.2222     100.00     2.6135     2.2691         13  0.000e+00
      9.545   75.11258  172.21896      9.645    -1.1551    -1.1600  22.686663  22.688491    27.7209    27.7279    376.000    367.490     0.1381     4.6093     0.0952     0.0952     0.0686     0.0305      40642    28.2229     100.00     2.6135     2.2703         13  0.000e+00
      9.594   75.11258  172.21896      9.695    -1.1589    -1.1587  22.671301  22.697151    27.7038    27.7382    376.096    367.447     0.1381     4.6093     0.0952     0.0952     0.0686     0.0305      40643    28.2236     100.00     2.6135     2.2703         13  0.000e+00
      9.602   75.11258  172.21896      9.703    -1.1617    -1.1586  22.661759  22.692316    27.6936    27.7316    376.159    367.465     0.1381     4.6093     0.0952     0.0952     0.0686     0.0305      40644    28.2243     100.00     2.6135     2.2703         13  0.000e+00
      9.594   75.11258  172.21896      9.695    -1.1635    -1.1585  22.654476  22.691307    27.6856    27.7302    375.986    367.212     0.1076     4.6081     0.0952     0.0952     0.0697     0.0293      40645    28.2250     100.00     2.6123     2.2691         13  0.000e+00
      9.668   75.11258  172.21896      9.770    -1.1655    -1.1582  22.640307  22.694282    27.6685    27.7339    376.281    367.202     0.1381     4.6081     0.0952     0.0952     0.0697     0.0305      40646    28.2257     100.00     2.6135     2.2691         13  0.000e+00
      9.594   75.11258  172.21896      9.695    -1.1675    -1.1585  22.628511  22.694282    27.6546    27.7342    376.341    366.688     0.1381     4.6081     0.0952     0.0952     0.0697     0.0305      40647    28.2264     100.00     2.6135     2.2667         13  0.000e+00
      9.602   75.11258  172.21896      9.703    -1.1682    -1.1586  22.629697  22.691944    27.6568    27.7311    376.342    366.442     0.1381     4.6081     0.0965     0.0965     0.0697     0.0305      40648    28.2271     100.00     2.6135     2.2654         13  0.000e+00
      9.717   75.11258  172.21896      9.819    -1.1675    -1.1588  22.641662  22.687057    27.6721    27.7247    376.295    366.212     0.1381     4.6093     0.0952     0.0952     0.0686     0.0305      40649    28.2278     100.00     2.6135     2.2642         13  0.000e+00
      9.660   75.11258  172.21896      9.761    -1.1661    -1.1593  22.658372  22.683178    27.6932    27.7200    376.431    366.229     0.1381     4.6093     0.0952     0.0952     0.0686     0.0305      40650    28.2285     100.00     2.6147     2.2642         13  0.000e+00
      9.668   75.11258  172.21896      9.770    -1.1653    -1.1596  22.670398  22.682541    27.7085    27.7195    376.159    366.234     0.1381     4.6093     0.0952     0.0952     0.0686     0.0305      40651    28.2292     100.00     2.6135     2.2642         13  0.000e+00
      9.717   75.11258  172.21896      9.819    -1.1631    -1.1592  22.685647  22.684454    27.7268    27.7217    376.082    365.970     0.1381     4.6081     0.0952     0.0952     0.0697     0.0305      40652    28.2299     100.00     2.6135     2.2630         13  0.000e+00
      9.668   75.11258  172.21896      9.770    -1.1613    -1.1595  22.693781  22.680947    27.7361    27.7172    376.032    366.239     0.1381     4.6093     0.0965     0.0965     0.0686     0.0305      40653    28.2306     100.00     2.6135     2.2642         13  0.000e+00
      9.717   75.11258  172.21896      9.819    -1.1598    -1.1595  22.689488  22.683232    27.7290    27.7203    376.039    366.490     0.1381     4.6093     0.0952     0.0952     0.0686     0.0305      40654    28.2312     100.00     2.6135     2.2654         13  0.000e+00
      9.725   75.11258  172.21896      9.828    -1.1597    -1.1593  22.676779  22.680469    27.7118    27.7164    376.088    366.499     0.1381     4.6093     0.0952     0.0952     0.0686     0.0305      40655    28.2319     100.00     2.6135     2.2654         13  0.000e+00
      9.717   75.11258  172.21896      9.819    -1.1600    -1.1644  22.675085  22.645206    27.7099    27.6740    376.097    366.678     0.1381     4.6093     0.0952     0.0952     0.0686     0.0305      40656    28.2326     100.00     2.6135     2.2654         13  0.000e+00
      9.783   75.11258  172.21896      9.886    -1.1603    -1.1691  22.672826  22.604603    27.7071    27.6240    376.112    367.391     0.1381     4.6093     0.0940     0.0940     0.0686     0.0305      40657    28.2333     100.00     2.6135     2.2679         13  0.000e+00
      9.717   75.11258  172.21896      9.819    -1.1626    -1.1720  22.660686  22.585345    27.6930    27.6010    376.177    368.000     0.1381     4.6093     0.0940     0.0940     0.0686     0.0305      40658    28.2340     100.00     2.6135     2.2703         13  0.000e+00
      9.783   75.11258  172.21896      9.886    -1.1634    -1.1740  22.661308  22.580889    27.6945    27.5968    376.184    367.781     0.1381     4.6093     0.0940     0.0940     0.0686     0.0305      40659    28.2347     100.00     2.6135     2.2691         13  0.000e+00
      9.774   75.11258  172.21896      9.877    -1.1620    -1.1757  22.667349  22.570123    27.7013    27.5840    376.148    367.837     0.1381     4.6093     0.0940     0.0940     0.0686     0.0305      40660    28.2354     100.00     2.6135     2.2691         13  0.000e+00
      9.783   75.11258  172.21896      9.886    -1.1623    -1.1777  22.651879  22.557768    27.6809    27.5693    376.212    367.902     0.1076     4.6093     0.0952     0.0952     0.0686     0.0293      40661    28.2361     100.00     2.6135     2.2691         13  0.000e+00
      9.774   75.11258  172.21896      9.877    -1.1640    -1.1774  22.645274  22.577124    27.6737    27.5949    376.253    367.825     0.1381     4.6093     0.0940     0.0940     0.0686     0.0305      40662    28.2368     100.00     2.6135     2.2691         13  0.000e+00
      9.783   75.11258  172.21896      9.886    -1.1631    -1.1734  22.655041  22.612934    27.6859    27.6391    376.207    367.652     0.1381     4.6093     0.0952     0.0952     0.0686     0.0305      40663    28.2375     100.00     2.6135     2.2691         13  0.000e+00
      9.840   75.11258  172.21896      9.944    -1.1624    -1.1700  22.659896  22.638730    27.6916    27.6704    376.184    367.526     0.1381     4.6093     0.0940     0.0940     0.0686     0.0305      40664    28.2382     100.00     2.6135     2.2691         13  0.000e+00
      9.848   75.11258  172.21896      9.952    -1.1620    -1.1674  22.662098  22.650357    27.6942    27.6836    376.172    367.203     0.1381     4.6093     0.0940     0.0940     0.0686     0.0305      40665    28.2389     100.00     2.6135     2.2679         13  0.000e+00
      9.840   75.11258  172.21896      9.944    -1.1616    -1.1658  22.671076  22.660446    27.7059    27.6955    376.133    367.149     0.1381     4.6093     0.0940     0.0940     0.0686     0.0305      40666    28.2396     100.00     2.6135     2.2679         13  0.000e+00
      9.848   75.11258  172.21896      9.952    -1.1603    -1.1639  22.685308  22.670218    27.7237    27.7069    375.849    367.096     0.1381     4.6093     0.0952     0.0952     0.0686     0.0305      40667    28.2403     100.00     2.6123     2.2679         13  0.000e+00
      9.897   75.11258  172.21896     10.002    -1.1591    -1.1619  22.697792  22.686420    27.7393    27.7267    375.792    367.019     0.1076     4.6093     0.0952     0.0952     0.0686     0.0293      40668    28.2410     100.00     2.6123     2.2679         13  0.000e+00
      9.848   75.11258  172.21896      9.952    -1.1573    -1.1582  22.708018  22.711181    27.7513    27.7563    375.950    366.633     0.1381     4.6093     0.0940     0.0940     0.0686     0.0305      40669    28.2417     100.00     2.6135     2.2667         13  0.000e+00
      9.897   75.11258  172.21896     10.002    -1.1557    -1.1557  22.715985  22.722821    27.7605    27.7695    375.907    366.057     0.1381     4.6093     0.0940     0.0940     0.0686     0.0305      40670    28.2424     100.00     2.6135     2.2642         13  0.000e+00
      9.906   75.11258  172.21896     10.010    -1.1559    -1.1548  22.709204  22.727712    27.7516    27.7753    375.936    366.031     0.1381     4.6093     0.0952     0.0952     0.0686     0.0305      40671    28.2431     100.00     2.6135     2.2642         13  0.000e+00
      9.840   75.11258  172.21896      9.944    -1.1581    -1.1529  22.694459  22.739461    27.7339    27.7893    375.794    365.966     0.1076     4.6093     0.0940     0.0940     0.0686     0.0293      40672    28.2437     100.00     2.6123     2.2642         13  0.000e+00
      9.906   75.11258  172.21896     10.010    -1.1592    -1.1517  22.687116  22.751106    27.7251    27.8037    376.052    365.915     0.1381     4.6068     0.0940     0.0940     0.0707     0.0305      40673    28.2444     100.00     2.6135     2.2642         13  0.000e+00
      9.897   75.11258  172.21896     10.002    -1.1591    -1.1510  22.689431  22.753818    27.7281    27.8067    375.825    365.642     0.1381     4.6044     0.0952     0.0952     0.0728     0.0305      40674    28.2451     100.00     2.6123     2.2630         13  0.000e+00
      9.955   75.11258  172.21896     10.060    -1.1583    -1.1527  22.693950  22.735686    27.7334    27.7840    375.804    365.473     0.1076     4.6044     0.0940     0.0940     0.0728     0.0293      40675    28.2458     100.00     2.6123     2.2618         13  0.000e+00
      9.906   75.11258  172.21896     10.010    -1.1579    -1.1550  22.697848  22.723512    27.7383    27.7699    375.782    365.281     0.1381     4.6044     0.0952     0.0952     0.0728     0.0305      40676    28.2465     100.00     2.6123     2.2605         13  0.000e+00
      9.955   75.11258  172.21896     10.060    -1.1577    -1.1546  22.699656  22.729732    27.7405    27.7778    375.776    365.256     0.1381     4.6056     0.0940     0.0940     0.0718     0.0305      40677    28.2472     100.00     2.6123     2.2605         13  0.000e+00
      9.906   75.11258  172.21896     10.010    -1.1578    -1.1536  22.701012  22.733879    27.7424    27.7824    375.768    364.973     0.1381     4.6044     0.0952     0.0952     0.0728     0.0305      40678    28.2479     100.00     2.6123     2.2593         13  0.000e+00
