Continuous CTD Data/SBE Stage/nabos_26_01avg.cnv
* Sea-Bird SBE 9 Data File:
* FileName = D:\CTD\data\HLY2502\raw\NABOS_26_01.hex
* Software Version Seasave V 7.26.7.110
* Temperature SN = 6954
* Conductivity SN = 2561
* Number of Bytes Per Scan = 37
* Number of Voltage Words = 4
* Number of Scans Averaged by the Deck Unit = 1
* NMEA Latitude = 80 38.91 N
* NMEA Longitude = 161 02.49 E
* NMEA UTC (Time) = Sep 21 2025  03:30:18
* NMEA baud rate = 9600
** Ship: USCG HEALY
** Bot. Depth:  2779
** Cast Number:  01
** Station Name:  NABOS
** Station Number:  26
** Operator:  STARC
# nquan = 25
# nvalues = 2827                        
# units = specified
# name 0 = depSM: Depth [salt water, m]
# name 1 = latitude: Latitude [deg]
# name 2 = longitude: Longitude [deg]
# name 3 = prDM: Pressure, Digiquartz [db]
# name 4 = t090C: Temperature [ITS-90, deg C]
# name 5 = t190C: Temperature, 2 [ITS-90, deg C]
# name 6 = c0mS/cm: Conductivity [mS/cm]
# name 7 = c1mS/cm: Conductivity, 2 [mS/cm]
# name 8 = sal00: Salinity, Practical [PSU]
# name 9 = sal11: Salinity, Practical, 2 [PSU]
# name 10 = sbox0Mm/Kg: Oxygen, SBE 43 [umol/kg]
# name 11 = sbox1Mm/Kg: Oxygen, SBE 43, 2 [umol/kg]
# name 12 = flECO-AFL: Fluorescence, WET Labs ECO-AFL/FL [mg/m^3]
# name 13 = v2: Voltage 2
# name 14 = wetCDOM: Fluorescence, WET Labs CDOM [mg/m^3]
# name 15 = v6: Voltage 6
# name 16 = CStarAt0: Beam Attenuation, WET Labs C-Star [1/m]
# name 17 = v3: Voltage 3
# name 18 = scan: Scan Count
# name 19 = timeM: Time, Elapsed [minutes]
# name 20 = altM: Altimeter [m]
# name 21 = sbeox0V: Oxygen raw, SBE 43 [V]
# name 22 = sbeox1V: Oxygen raw, SBE 43, 2 [V]
# name 23 = nbin: number of scans per bin
# name 24 = flag: flag
# span 0 =      2.968,   2780.323       
# span 1 =   80.64864,   80.64988       
# span 2 =  161.04194,  161.05426       
# span 3 =      3.000,   2829.000       
# span 4 =    -1.6930,     1.0363       
# span 5 =    -1.6923,     1.0364       
# span 6 =  24.768315,  29.910339       
# span 7 =  24.768559,  29.909061       
# span 8 =    31.0548,    34.9526       
# span 9 =    31.0523,    34.9508       
# span 10 =    268.289,    372.929      
# span 11 =     43.287,    365.965      
# span 12 =    -0.1878,     0.3247      
# span 13 =     4.5493,     4.6434      
# span 14 =     0.0807,     0.1180      
# span 15 =     0.0807,     0.1180      
# span 16 =     0.0391,     0.1211      
# span 17 =     0.0175,     0.0380      
# span 18 =       2816,      81110      
# span 19 =     1.9547,    56.3254      
# span 20 =       5.16,     100.00      
# span 21 =     1.6244,     2.6202      
# span 22 =     0.7316,     2.2806      
# span 23 =          6,         30      
# span 24 = 0.0000e+00, 0.0000e+00      
# interval = decibars: 1                
# start_time = Sep 21 2025 03:30:18 [NMEA time, header]
# bad_flag = -9.990e-29
*END*
[from data line 1276]
   1261.565   80.64934  161.04714   1279.000    -0.1452    -0.1452  29.405275  29.403892    34.8969    34.8951    290.601    283.864    -0.1367     4.6398     0.0838     0.0838     0.0422     0.0195      37330    25.9230     100.00     2.0043     1.7666         15 0.0000e+00
   1262.548   80.64934  161.04714   1280.000    -0.1419    -0.1419  29.409080  29.407572    34.8976    34.8958    290.648    284.061    -0.1329     4.6398     0.0838     0.0838     0.0422     0.0197      37355    25.9404     100.00     2.0045     1.7674         16 0.0000e+00
   1263.531   80.64934  161.04715   1281.000    -0.1420    -0.1421  29.409429  29.407918    34.8977    34.8958    290.682    291.240    -0.1365     4.6397     0.0842     0.0842     0.0423     0.0195      37380    25.9579     100.00     2.0045     1.7988         15 0.0000e+00
   1264.515   80.64934  161.04716   1282.000    -0.1423    -0.1423  29.409701  29.408171    34.8978    34.8958    290.830    292.198    -0.1573     4.6398     0.0842     0.0842     0.0422     0.0187      37405    25.9751     100.00     2.0050     1.8028         13 0.0000e+00
   1265.498   80.64934  161.04716   1283.000    -0.1432    -0.1432  29.409425  29.407756    34.8979    34.8958    290.912    290.261    -0.1462     4.6398     0.0842     0.0842     0.0422     0.0191      37431    25.9928     100.00     2.0052     1.7941         16 0.0000e+00
   1266.481   80.64934  161.04716   1284.000    -0.1443    -0.1443  29.408802  29.407278    34.8977    34.8957    290.888    288.648    -0.1343     4.6397     0.0842     0.0842     0.0423     0.0196      37456    26.0105     100.00     2.0048     1.7868         17 0.0000e+00
   1267.465   80.64934  161.04716   1285.000    -0.1457    -0.1459  29.407908  29.406396    34.8976    34.8958    290.876    283.753    -0.1366     4.6395     0.0842     0.0842     0.0424     0.0195      37481    26.0277     100.00     2.0045     1.7651         17 0.0000e+00
   1268.448   80.64934  161.04717   1286.000    -0.1474    -0.1474  29.406908  29.405310    34.8976    34.8956    290.895    286.164    -0.1345     4.6397     0.0842     0.0842     0.0423     0.0196      37506    26.0452     100.00     2.0043     1.7755         15 0.0000e+00
   1269.431   80.64934  161.04718   1287.000    -0.1483    -0.1484  29.406506  29.404930    34.8975    34.8956    290.867    290.448    -0.1598     4.6391     0.0843     0.0843     0.0427     0.0186      37531    26.0628     100.00     2.0039     1.7941         18 0.0000e+00
   1270.415   80.64934  161.04718   1288.000    -0.1494    -0.1495  29.406031  29.404436    34.8976    34.8956    290.780    277.495    -0.1384     4.6394     0.0854     0.0854     0.0425     0.0194      37556    26.0800     100.00     2.0032     1.7370         18 0.0000e+00
   1271.398   80.64934  161.04718   1289.000    -0.1490    -0.1491  29.406906  29.405276    34.8978    34.8957    290.741    290.977    -0.1352     4.6398     0.0855     0.0855     0.0422     0.0196      37582    26.0977     100.00     2.0028     1.7960         20 0.0000e+00
   1272.381   80.64934  161.04718   1290.000    -0.1487    -0.1488  29.407854  29.406340    34.8981    34.8962    290.695    292.282    -0.1366     4.6396     0.0844     0.0844     0.0424     0.0195      37606    26.1147     100.00     2.0024     1.8016         13 0.0000e+00
   1273.365   80.64934  161.04718   1291.000    -0.1506    -0.1506  29.406665  29.405226    34.8981    34.8963    290.762    279.931    -0.1325     4.6396     0.0842     0.0842     0.0424     0.0197      37632    26.1324     100.00     2.0025     1.7472         16 0.0000e+00
   1274.348   80.64934  161.04720   1292.000    -0.1508    -0.1508  29.407066  29.405471    34.8983    34.8963    290.694    285.859    -0.1366     4.6397     0.0834     0.0834     0.0423     0.0195      37657    26.1499     100.00     2.0019     1.7730         17 0.0000e+00
   1275.331   80.64934  161.04720   1293.000    -0.1510    -0.1510  29.407300  29.405744    34.8983    34.8963    290.608    288.171    -0.1661     4.6398     0.0846     0.0846     0.0422     0.0183      37682    26.1675     100.00     2.0013     1.7830         17 0.0000e+00
   1276.315   80.64934  161.04720   1294.000    -0.1528    -0.1528  29.406171  29.404458    34.8983    34.8961    290.722    288.042    -0.1349     4.6400     0.0855     0.0855     0.0420     0.0196      37707    26.1849     100.00     2.0016     1.7822         15 0.0000e+00
   1277.298   80.64934  161.04720   1295.000    -0.1538    -0.1538  29.405645  29.404093    34.8981    34.8961    290.700    289.784    -0.1695     4.6399     0.0841     0.0841     0.0421     0.0182      37732    26.2022     100.00     2.0012     1.7896         13 0.0000e+00
   1278.281   80.64934  161.04720   1296.000    -0.1556    -0.1557  29.404580  29.403039    34.8982    34.8963    290.771    286.691    -0.1696     4.6401     0.0828     0.0828     0.0419     0.0182      37757    26.2197     100.00     2.0013     1.7758         12 0.0000e+00
   1279.265   80.64934  161.04722   1297.000    -0.1564    -0.1565  29.404415  29.402793    34.8984    34.8962    290.647    286.537    -0.1620     4.6399     0.0854     0.0854     0.0421     0.0185      37783    26.2372     100.00     2.0004     1.7749         13 0.0000e+00
   1280.248   80.64936  161.04722   1298.000    -0.1574    -0.1574  29.403909  29.402313    34.8982    34.8962    290.617    286.663    -0.1353     4.6398     0.0845     0.0845     0.0422     0.0196      37808    26.2546     100.00     2.0000     1.7753         13 0.0000e+00
   1281.231   80.64936  161.04722   1299.000    -0.1575    -0.1576  29.404175  29.402631    34.8981    34.8962    290.597    288.229    -0.1366     4.6399     0.0866     0.0866     0.0421     0.0195      37833    26.2723     100.00     1.9997     1.7820         15 0.0000e+00
   1282.214   80.64936  161.04722   1300.000    -0.1577    -0.1577  29.404433  29.402953    34.8981    34.8962    290.665    290.020    -0.1345     4.6390     0.0843     0.0843     0.0429     0.0196      37858    26.2896     100.00     1.9999     1.7897         14 0.0000e+00
   1283.198   80.64936  161.04722   1301.000    -0.1589    -0.1589  29.403926  29.402343    34.8982    34.8962    290.755    274.890    -0.1366     4.6396     0.0842     0.0842     0.0424     0.0195      37883    26.3073     100.00     2.0001     1.7232         16 0.0000e+00
   1284.181   80.64936  161.04723   1302.000    -0.1597    -0.1597  29.403644  29.402108    34.8982    34.8962    290.781    282.317    -0.1730     4.6403     0.0842     0.0842     0.0417     0.0181      37909    26.3248     100.00     2.0000     1.7555         18 0.0000e+00
   1285.164   80.64936  161.04724   1303.000    -0.1607    -0.1608  29.403145  29.401691    34.8982    34.8964    290.735    284.435    -0.1352     4.6398     0.0842     0.0842     0.0422     0.0196      37933    26.3420     100.00     1.9995     1.7646         15 0.0000e+00
   1286.148   80.64936  161.04724   1304.000    -0.1594    -0.1595  29.405002  29.403568    34.8986    34.8968    290.772    284.968    -0.1695     4.6392     0.0851     0.0851     0.0427     0.0182      37959    26.3595     100.00     1.9996     1.7668         14 0.0000e+00
   1287.131   80.64936  161.04724   1305.000    -0.1577    -0.1578  29.407166  29.405657    34.8989    34.8970    290.857    289.835    -0.1488     4.6396     0.0847     0.0847     0.0423     0.0190      37984    26.3770     100.00     1.9999     1.7880         16 0.0000e+00
   1288.114   80.64936  161.04724   1306.000    -0.1577    -0.1577  29.407813  29.406241    34.8992    34.8972    290.953    296.521    -0.1750     4.6398     0.0842     0.0842     0.0422     0.0180      38009    26.3945     100.00     2.0002     1.8171         13 0.0000e+00
   1289.097   80.64936  161.04725   1307.000    -0.1591    -0.1592  29.406876  29.405319    34.8991    34.8970    290.992    291.579    -0.1711     4.6398     0.0842     0.0842     0.0422     0.0181      38034    26.4119     100.00     2.0001     1.7953         15 0.0000e+00
   1290.081   80.64936  161.04726   1308.000    -0.1604    -0.1605  29.406145  29.404680    34.8990    34.8971    291.094    284.147    -0.1648     4.6398     0.0842     0.0842     0.0422     0.0184      38059    26.4294     100.00     2.0004     1.7625         15 0.0000e+00
   1291.064   80.64936  161.04726   1309.000    -0.1608    -0.1608  29.406409  29.404713    34.8992    34.8970    291.086    282.572    -0.1752     4.6397     0.0846     0.0846     0.0423     0.0180      38084    26.4469     100.00     2.0002     1.7555         14 0.0000e+00
   1292.047   80.64936  161.04726   1310.000    -0.1618    -0.1619  29.405904  29.404270    34.8991    34.8970    291.072    286.867    -0.1732     4.6398     0.0853     0.0853     0.0422     0.0181      38109    26.4642     100.00     1.9998     1.7741         15 0.0000e+00
   1293.030   80.64936  161.04726   1311.000    -0.1633    -0.1634  29.404875  29.403246    34.8989    34.8968    291.043    289.451    -0.1711     4.6391     0.0842     0.0842     0.0428     0.0181      38135    26.4818     100.00     1.9994     1.7851         15 0.0000e+00
   1294.013   80.64936  161.04726   1312.000    -0.1656    -0.1657  29.403381  29.401818    34.8989    34.8969    291.089    286.699    -0.1365     4.6392     0.0842     0.0842     0.0427     0.0195      38160    26.4992     100.00     1.9994     1.7728         15 0.0000e+00
   1294.996   80.64936  161.04728   1313.000    -0.1667    -0.1668  29.402888  29.401240    34.8990    34.8969    291.142    289.778    -0.1365     4.6395     0.0842     0.0842     0.0425     0.0195      38185    26.5166     100.00     1.9994     1.7861         14 0.0000e+00
   1295.980   80.64936  161.04728   1314.000    -0.1678    -0.1678  29.402375  29.400850    34.8990    34.8970    291.158    286.376    -0.1776     4.6396     0.0831     0.0831     0.0424     0.0179      38210    26.5341     100.00     1.9992     1.7710         16 0.0000e+00
   1296.963   80.64936  161.04728   1315.000    -0.1685    -0.1685  29.402129  29.400592    34.8988    34.8969    291.077    287.865    -0.1556     4.6403     0.0851     0.0851     0.0418     0.0188      38235    26.5514     100.00     1.9986     1.7773         13 0.0000e+00
   1297.946   80.64936  161.04728   1316.000    -0.1695    -0.1695  29.401678  29.400132    34.8989    34.8969    291.069    289.274    -0.1454     4.6401     0.0855     0.0855     0.0419     0.0192      38261    26.5692     100.00     1.9983     1.7833         17 0.0000e+00
   1298.930   80.64936  161.04728   1317.000    -0.1699    -0.1700  29.401856  29.400150    34.8990    34.8969    291.059    285.661    -0.1768     4.6398     0.0855     0.0855     0.0422     0.0179      38285    26.5863     100.00     1.9980     1.7673         14 0.0000e+00
   1299.913   80.64936  161.04728   1318.000    -0.1705    -0.1705  29.401689  29.400141    34.8989    34.8969    291.069    287.249    -0.1738     4.6396     0.0848     0.0848     0.0423     0.0180      38311    26.6039     100.00     1.9978     1.7740         14 0.0000e+00
   1300.896   80.64936  161.04730   1319.000    -0.1716    -0.1717  29.401122  29.399517    34.8988    34.8968    291.075    288.608    -0.1511     4.6398     0.0836     0.0836     0.0422     0.0189      38336    26.6212     100.00     1.9976     1.7798         13 0.0000e+00
   1301.879   80.64936  161.04730   1320.000    -0.1734    -0.1735  29.400041  29.398412    34.8989    34.8968    291.095    285.567    -0.1361     4.6399     0.0834     0.0834     0.0421     0.0195      38361    26.6388     100.00     1.9974     1.7663         15 0.0000e+00
   1302.862   80.64936  161.04730   1321.000    -0.1745    -0.1745  29.399739  29.398099    34.8991    34.8970    291.073    281.194    -0.1413     4.6398     0.0845     0.0845     0.0422     0.0193      38386    26.6563     100.00     1.9971     1.7470         13 0.0000e+00
   1303.845   80.64936  161.04730   1322.000    -0.1745    -0.1745  29.400330  29.398745    34.8993    34.8973    291.020    282.195    -0.1742     4.6407     0.0851     0.0851     0.0414     0.0180      38411    26.6735     100.00     1.9966     1.7512         13 0.0000e+00
   1304.828   80.64936  161.04731   1323.000    -0.1755    -0.1756  29.399873  29.398279    34.8993    34.8974    291.088    285.349    -0.1598     4.6398     0.0831     0.0831     0.0422     0.0186      38436    26.6911     100.00     1.9967     1.7647         13 0.0000e+00
   1305.812   80.64936  161.04732   1324.000    -0.1764    -0.1764  29.399740  29.398155    34.8995    34.8975    291.102    288.012    -0.1411     4.6395     0.0842     0.0842     0.0424     0.0193      38461    26.7085     100.00     1.9965     1.7762         14 0.0000e+00
   1306.795   80.64936  161.04732   1325.000    -0.1766    -0.1767  29.399948  29.398295    34.8995    34.8974    291.019    289.760    -0.1722     4.6397     0.0842     0.0842     0.0423     0.0181      38486    26.7260     100.00     1.9959     1.7837         13 0.0000e+00
   1307.778   80.64936  161.04732   1326.000    -0.1770    -0.1771  29.400037  29.398489    34.8995    34.8976    290.961    288.078    -0.1446     4.6403     0.0854     0.0854     0.0417     0.0192      38511    26.7434     100.00     1.9954     1.7761         12 0.0000e+00
   1308.761   80.64936  161.04732   1327.000    -0.1778    -0.1778  29.399978  29.398289    34.8998    34.8976    290.917    289.927    -0.1639     4.6398     0.0834     0.0834     0.0422     0.0184      38536    26.7606     100.00     1.9950     1.7840         11 0.0000e+00
   1309.744   80.64936  161.04732   1328.000    -0.1786    -0.1787  29.399668  29.398178    34.8997    34.8978    290.903    280.971    -0.1446     4.6398     0.0839     0.0839     0.0422     0.0192      38562    26.7784     100.00     1.9946     1.7447         14 0.0000e+00
   1310.728   80.64936  161.04733   1329.000    -0.1797    -0.1797  29.399365  29.397874    34.9000    34.8981    290.782    283.180    -0.1717     4.6398     0.0842     0.0842     0.0422     0.0181      38587    26.7956     100.00     1.9938     1.7542         14 0.0000e+00
   1311.711   80.64936  161.04734   1330.000    -0.1800    -0.1801  29.399623  29.398125    34.9001    34.8982    290.767    291.037    -0.1350     4.6396     0.0842     0.0842     0.0423     0.0196      38612    26.8134     100.00     1.9935     1.7883         15 0.0000e+00
   1312.694   80.64936  161.04734   1331.000    -0.1804    -0.1805  29.399647  29.398104    34.9001    34.8981    290.751    286.252    -0.1686     4.6397     0.0842     0.0842     0.0422     0.0182      38637    26.8307     100.00     1.9932     1.7672         16 0.0000e+00
   1313.677   80.64936  161.04734   1332.000    -0.1814    -0.1814  29.399407  29.397817    34.9003    34.8982    290.563    282.883    -0.1428     4.6401     0.0848     0.0848     0.0419     0.0193      38662    26.8482     100.00     1.9920     1.7523         16 0.0000e+00
   1314.660   80.64936  161.04734   1333.000    -0.1817    -0.1819  29.399385  29.397956    34.9001    34.8983    290.487    290.292    -0.1804     4.6398     0.0851     0.0851     0.0422     0.0178      38688    26.8657     100.00     1.9914     1.7844         15 0.0000e+00
   1315.643   80.64936  161.04736   1334.000    -0.1824    -0.1823  29.399499  29.397924    34.9004    34.8983    290.527    292.015    -0.1758     4.6392     0.0842     0.0842     0.0427     0.0180      38713    26.8831     100.00     1.9913     1.7918         14 0.0000e+00
   1316.626   80.64936  161.04736   1335.000    -0.1832    -0.1833  29.399247  29.397611    34.9004    34.8984    290.544    284.348    -0.1498     4.6398     0.0844     0.0844     0.0422     0.0190      38738    26.9006     100.00     1.9912     1.7582         16 0.0000e+00
