Continuous CTD Data/SBE Stage/nabos_05_02.ros
* Sea-Bird SBE 9 Data File:
* FileName = D:\CTD\data\HLY2502\raw\NABOS_05_02.hex
* Software Version Seasave V 7.26.7.110
* Temperature SN = 6954
* Conductivity SN = 2561
* Number of Bytes Per Scan = 37
* Number of Voltage Words = 4
* Number of Scans Averaged by the Deck Unit = 1
* NMEA Latitude = 75 06.49 N
* NMEA Longitude = 172 12.32 E
* NMEA UTC (Time) = Sep 12 2025  18:35:48
* NMEA baud rate = 9600
** Ship: USCG HEALY
** Bot. Depth:  149
** Cast Number:  02
** Station Name:  NABOS
** Station Number:  05
** Operator:  STARC
# nquan = 25
# nvalues = 735                                   
# units = specified
# name 0 = depSM: Depth [salt water, m]
# name 1 = latitude: Latitude [deg]
# name 2 = longitude: Longitude [deg]
# name 3 = prDM: Pressure, Digiquartz [db]
# name 4 = t090C: Temperature [ITS-90, deg C]
# name 5 = t190C: Temperature, 2 [ITS-90, deg C]
# name 6 = c0mS/cm: Conductivity [mS/cm]
# name 7 = c1mS/cm: Conductivity, 2 [mS/cm]
# name 8 = sal00: Salinity, Practical [PSU]
# name 9 = sal11: Salinity, Practical, 2 [PSU]
# name 10 = sbox0Mm/Kg: Oxygen, SBE 43 [umol/kg]
# name 11 = sbox1Mm/Kg: Oxygen, SBE 43, 2 [umol/kg]
# name 12 = flECO-AFL: Fluorescence, WET Labs ECO-AFL/FL [mg/m^3]
# name 13 = v2: Voltage 2
# name 14 = wetCDOM: Fluorescence, WET Labs CDOM [mg/m^3]
# name 15 = v6: Voltage 6
# name 16 = CStarAt0: Beam Attenuation, WET Labs C-Star [1/m]
# name 17 = v3: Voltage 3
# name 18 = scan: Scan Count
# name 19 = timeM: Time, Elapsed [minutes]
# name 20 = altM: Altimeter [m]
# name 21 = sbeox0V: Oxygen raw, SBE 43 [V]
# name 22 = sbeox1V: Oxygen raw, SBE 43, 2 [V]
# name 23 = nbf: Bottles Fired
# name 24 = flag:  0.000e+00
# interval = seconds: 0.0416667
# start_time = Sep 12 2025 18:35:48 [NMEA time, header]
# bad_flag = -9.990e-29
*END*
[from data line 116]
    115.489   75.11034  172.21240    116.735    -1.0094    -1.0083  27.692470  27.692214    34.2705    34.2689    280.861    271.799    -0.1366     4.6508     0.1050     0.1050     0.0327     0.0195      19923    13.8347      11.21     2.1444     1.8696          3  0.000e+00
    115.464   75.11034  172.21240    116.710    -1.0094    -1.0084  27.692531  27.692271    34.2706    34.2691    280.652    271.799    -0.1366     4.6508     0.1038     0.1038     0.0327     0.0195      19924    13.8354      10.96     2.1432     1.8696          3  0.000e+00
    115.423   75.11034  172.21240    116.668    -1.0094    -1.0082  27.692531  27.692100    34.2706    34.2687    280.858    272.043    -0.1061     4.6508     0.1038     0.1038     0.0327     0.0208      19925    13.8361      10.89     2.1444     1.8709          3  0.000e+00
    115.464   75.11034  172.21240    116.710    -1.0098    -1.0082  27.692531  27.692214    34.2710    34.2688    280.654    272.044    -0.1366     4.6508     0.1038     0.1038     0.0327     0.0195      19926    13.8368      10.84     2.1432     1.8709          3  0.000e+00
    115.399   75.11034  172.21240    116.643    -1.0094    -1.0082  27.692712  27.692100    34.2709    34.2687    280.857    271.796    -0.1366     4.6520     0.1050     0.1050     0.0317     0.0195      19927    13.8375      10.96     2.1444     1.8696          3  0.000e+00
    115.489   75.11034  172.21240    116.735    -1.0096    -1.0084  27.692834  27.692043    34.2712    34.2688    280.861    270.571    -0.1366     4.6520     0.1050     0.1050     0.0317     0.0195      19928    13.8382      11.60     2.1444     1.8635          3  0.000e+00
    115.399   75.11034  172.21240    116.644    -1.0093    -1.0083  27.692773  27.692214    34.2708    34.2689    280.855    269.583    -0.1366     4.6508     0.1038     0.1038     0.0327     0.0195      19929    13.8389      11.94     2.1444     1.8586          3  0.000e+00
    115.489   75.11034  172.21240    116.735    -1.0092    -1.0086  27.692773  27.692100    34.2706    34.2690    280.858    269.097    -0.1366     4.6508     0.1038     0.1038     0.0327     0.0195      19930    13.8396      11.65     2.1444     1.8562          3  0.000e+00
    115.399   75.11034  172.21240    116.644    -1.0093    -1.0082  27.692834  27.692385    34.2709    34.2691    280.648    270.320    -0.1061     4.6520     0.1038     0.1038     0.0317     0.0208      19931    13.8403      11.31     2.1432     1.8623          3  0.000e+00
    115.464   75.11034  172.21240    116.710    -1.0088    -1.0084  27.693016  27.691929    34.2706    34.2686    280.855    272.046    -0.1366     4.6520     0.1038     0.1038     0.0317     0.0195      19932    13.8410      11.28     2.1444     1.8709          3  0.000e+00
    115.489   75.11034  172.21240    116.735    -1.0092    -1.0082  27.693076  27.692157    34.2710    34.2687    280.650    273.520    -0.1366     4.6508     0.1050     0.1050     0.0327     0.0195      19933    13.8417      11.38     2.1432     1.8782          3  0.000e+00
    115.464   75.11034  172.21240    116.710    -1.0093    -1.0082  27.693016  27.692328    34.2711    34.2690    280.857    273.765    -0.1366     4.6508     0.1038     0.1038     0.0327     0.0195      19934    13.8424      11.43     2.1444     1.8794          3  0.000e+00
    115.399   75.11034  172.21240    116.644    -1.0092    -1.0083  27.693016  27.692271    34.2710    34.2690    280.646    273.025    -0.1366     4.6508     0.1038     0.1038     0.0327     0.0195      19935    13.8431      11.62     2.1432     1.8757          3  0.000e+00
    115.489   75.11034  172.21240    116.735    -1.0094    -1.0082  27.692652  27.692271    34.2707    34.2689    280.653    272.045    -0.1366     4.6508     0.1050     0.1050     0.0327     0.0195      19936    13.8438      11.82     2.1432     1.8709          3  0.000e+00
    115.464   75.11034  172.21240    116.710    -1.0093    -1.0082  27.692167  27.692328    34.2699    34.2690    280.652    271.798    -0.1366     4.6508     0.1038     0.1038     0.0327     0.0195      19937    13.8444      11.84     2.1432     1.8696          3  0.000e+00
    115.423   75.11034  172.21240    116.668    -1.0098    -1.0084  27.692227  27.692499    34.2706    34.2694    280.653    272.288    -0.1366     4.6508     0.1050     0.1050     0.0327     0.0195      19938    13.8451      11.79     2.1432     1.8721          3  0.000e+00
    115.464   75.11034  172.21240    116.710    -1.0096    -1.0082  27.691864  27.692385    34.2699    34.2690    280.655    273.027    -0.1366     4.6508     0.1038     0.1038     0.0327     0.0195      19939    13.8458      11.82     2.1432     1.8757          3  0.000e+00
    115.464   75.11034  172.21240    116.710    -1.0102    -1.0082  27.691378  27.692499    34.2699    34.2692    280.660    273.272    -0.1366     4.6508     0.1038     0.1038     0.0327     0.0195      19940    13.8465      11.72     2.1432     1.8770          3  0.000e+00
    115.489   75.11034  172.21240    116.735    -1.0098    -1.0085  27.691985  27.692328    34.2702    34.2692    280.864    272.046    -0.1366     4.6508     0.1038     0.1038     0.0327     0.0195      19941    13.8472      11.70     2.1444     1.8709          3  0.000e+00
    115.399   75.11034  172.21240    116.644    -1.0100    -1.0079  27.692834  27.692271    34.2717    34.2686    280.652    269.581    -0.1366     4.6508     0.1038     0.1038     0.0327     0.0195      19942    13.8479      14.26     2.1432     1.8586          3  0.000e+00
    115.546   75.11034  172.21240    116.793    -1.0096    -1.0081  27.692834  27.692670    34.2711    34.2692    280.655    266.882    -0.1366     4.6508     0.1038     0.1038     0.0327     0.0195      19943    13.8486      16.04     2.1432     1.8452          3  0.000e+00
    115.399   75.11034  172.21240    116.644    -1.0093    -1.0079  27.692955  27.692841    34.2710    34.2694    280.855    264.417    -0.1366     4.6508     0.1038     0.1038     0.0327     0.0195      19944    13.8493      16.07     2.1444     1.8330          3  0.000e+00
    115.464   75.11034  172.21240    116.710    -1.0093    -1.0082  27.692470  27.692613    34.2703    34.2693    280.651    264.422    -0.1366     4.6508     0.1038     0.1038     0.0327     0.0195      19945    13.8500      15.80     2.1432     1.8330          3  0.000e+00
    115.489   75.11034  172.21240    116.735    -1.0094    -1.0082  27.691864  27.692556    34.2697    34.2693    280.655    265.652    -0.1366     4.6508     0.1026     0.1026     0.0327     0.0195      19946    13.8507      15.68     2.1432     1.8391          3  0.000e+00
    115.464   75.11034  172.21240    116.710    -1.0094    -1.0082  27.691378  27.692385    34.2690    34.2690    280.656    265.897    -0.1366     4.6508     0.1038     0.1038     0.0327     0.0195      19947    13.8514      16.07     2.1432     1.8403          3  0.000e+00
    115.464   75.11034  172.21240    116.710    -1.0096    -1.0081  27.690954  27.692670    34.2686    34.2693    280.658    266.879    -0.1366     4.6508     0.1038     0.1038     0.0327     0.0195      19948    13.8521      15.95     2.1432     1.8452          3  0.000e+00
    115.489   75.11034  172.21240    116.735    -1.0096    -1.0081  27.691500  27.692442    34.2694    34.2690    280.657    268.110    -0.1366     4.6508     0.1038     0.1038     0.0327     0.0195      19949    13.8528      15.63     2.1432     1.8513          3  0.000e+00
    115.464   75.11034  172.21240    116.710    -1.0096    -1.0082  27.692106  27.692499    34.2702    34.2692    280.654    269.339    -0.1061     4.6508     0.1038     0.1038     0.0327     0.0208      19950    13.8535      16.02     2.1432     1.8574          3  0.000e+00
    115.489   75.11034  172.21240    116.735    -1.0093    -1.0081  27.692652  27.692328    34.2706    34.2688    280.652    270.815    -0.1366     4.6508     0.1038     0.1038     0.0327     0.0195      19951    13.8542      16.00     2.1432     1.8648          3  0.000e+00
    115.464   75.11034  172.21240    116.710    -1.0092    -1.0081  27.693016  27.692442    34.2709    34.2690    280.649    273.026    -0.1366     4.6508     0.1038     0.1038     0.0327     0.0195      19952    13.8549      15.68     2.1432     1.8758          3  0.000e+00
    115.464   75.11034  172.21240    116.710    -1.0088    -1.0082  27.693016  27.692727    34.2706    34.2694    280.855    275.730    -0.1061     4.6508     0.1038     0.1038     0.0327     0.0208      19953    13.8556      16.02     2.1444     1.8892          3  0.000e+00
    100.201   75.11062  172.21274    101.278    -1.1869    -1.1865  27.436473  27.435030    34.1323    34.1299    287.321    281.407    -0.1366     4.6569     0.1062     0.1062     0.0275     0.0195      22940    15.9299      28.45     2.1750     1.9112          4  0.000e+00
    100.218   75.11062  172.21274    101.295    -1.1867    -1.1864  27.436654  27.434917    34.1323    34.1295    287.320    280.913    -0.1366     4.6569     0.1062     0.1062     0.0275     0.0195      22941    15.9306      28.45     2.1750     1.9088          4  0.000e+00
    100.152   75.11062  172.21274    101.229    -1.1869    -1.1864  27.436956  27.435030    34.1330    34.1298    287.109    280.664    -0.1366     4.6569     0.1062     0.1062     0.0275     0.0195      22942    15.9313      28.42     2.1738     1.9076          4  0.000e+00
    100.201   75.11062  172.21274    101.278    -1.1867    -1.1862  27.436654  27.435315    34.1324    34.1300    287.111    280.664    -0.1366     4.6569     0.1062     0.1062     0.0275     0.0195      22943    15.9319      28.50     2.1738     1.9076          4  0.000e+00
    100.218   75.11062  172.21274    101.295    -1.1869    -1.1865  27.436534  27.435428    34.1324    34.1304    287.322    281.160    -0.1366     4.6569     0.1062     0.1062     0.0275     0.0195      22944    15.9326      28.57     2.1750     1.9100          4  0.000e+00
    100.218   75.11062  172.21274    101.295    -1.1867    -1.1865  27.436292  27.435428    34.1319    34.1304    287.113    280.913    -0.1061     4.6569     0.1050     0.1050     0.0275     0.0208      22945    15.9333      28.72     2.1738     1.9088          4  0.000e+00
    100.152   75.11062  172.21274    101.229    -1.1867    -1.1864  27.436594  27.435428    34.1323    34.1304    287.318    279.428    -0.1366     4.6569     0.1062     0.1062     0.0275     0.0195      22946    15.9340      28.91     2.1750     1.9015          4  0.000e+00
    100.259   75.11062  172.21274    101.337    -1.1869    -1.1862  27.436594  27.435428    34.1324    34.1301    287.323    278.691    -0.1366     4.6569     0.1050     0.1050     0.0275     0.0195      22947    15.9347      28.55     2.1750     1.8978          4  0.000e+00
    100.218   75.11062  172.21274    101.295    -1.1869    -1.1862  27.436715  27.435599    34.1326    34.1303    287.321    278.689    -0.1366     4.6569     0.1050     0.1050     0.0275     0.0195      22948    15.9354      28.16     2.1750     1.8978          4  0.000e+00
    100.218   75.11062  172.21274    101.295    -1.1870    -1.1861  27.436534  27.435656    34.1325    34.1303    287.322    278.935    -0.1366     4.6569     0.1062     0.1062     0.0275     0.0195      22949    15.9361      27.94     2.1750     1.8990          4  0.000e+00
    100.201   75.11062  172.21274    101.278    -1.1869    -1.1862  27.436473  27.435826    34.1323    34.1307    287.113    278.440    -0.1366     4.6569     0.1050     0.1050     0.0275     0.0195      22950    15.9368      27.91     2.1738     1.8966          4  0.000e+00
    100.275   75.11062  172.21274    101.353    -1.1867    -1.1859  27.436534  27.436281    34.1321    34.1309    287.114    277.205    -0.1366     4.6569     0.1050     0.1050     0.0275     0.0195      22951    15.9375      27.96     2.1738     1.8905          4  0.000e+00
    100.152   75.11062  172.21274    101.229    -1.1869    -1.1859  27.436292  27.436451    34.1321    34.1312    287.111    276.213    -0.1366     4.6569     0.1062     0.1062     0.0275     0.0195      22952    15.9382      27.81     2.1738     1.8856          4  0.000e+00
    100.259   75.11062  172.21274    101.337    -1.1867    -1.1861  27.436775  27.436281    34.1325    34.1310    287.113    275.971    -0.1366     4.6569     0.1062     0.1062     0.0275     0.0195      22953    15.9389      27.91     2.1738     1.8844          4  0.000e+00
    100.218   75.11062  172.21274    101.295    -1.1869    -1.1858  27.436413  27.435997    34.1322    34.1303    287.114    276.709    -0.1366     4.6569     0.1050     0.1050     0.0275     0.0195      22954    15.9396      28.01     2.1738     1.8880          4  0.000e+00
    100.218   75.11062  172.21274    101.295    -1.1869    -1.1858  27.436594  27.436281    34.1325    34.1307    287.322    278.190    -0.1366     4.6569     0.1050     0.1050     0.0275     0.0195      22955    15.9403      28.21     2.1750     1.8954          4  0.000e+00
    100.201   75.11062  172.21274    101.278    -1.1869    -1.1859  27.436352  27.436281    34.1321    34.1309    287.113    280.659    -0.1366     4.6569     0.1062     0.1062     0.0275     0.0195      22956    15.9410      28.13     2.1738     1.9076          4  0.000e+00
    100.275   75.11062  172.21274    101.353    -1.1869    -1.1859  27.436413  27.436565    34.1322    34.1313    287.116    282.143    -0.1061     4.6569     0.1062     0.1062     0.0275     0.0208      22957    15.9417      28.11     2.1738     1.9149          4  0.000e+00
    100.218   75.11062  172.21274    101.295    -1.1867    -1.1859  27.436715  27.436508    34.1324    34.1312    287.112    282.141    -0.1366     4.6569     0.1050     0.1050     0.0275     0.0195      22958    15.9424      28.08     2.1738     1.9149          4  0.000e+00
    100.201   75.11062  172.21274    101.278    -1.1867    -1.1858  27.436594  27.436451    34.1323    34.1310    287.111    282.880    -0.1061     4.6581     0.1050     0.1050     0.0264     0.0208      22959    15.9431      28.25     2.1738     1.9186          4  0.000e+00
    100.218   75.11064  172.21274    101.295    -1.1867    -1.1856  27.436715  27.436451    34.1324    34.1308    287.112    284.855    -0.1366     4.6569     0.1050     0.1050     0.0275     0.0195      22960    15.9437      28.16     2.1738     1.9283          4  0.000e+00
    100.218   75.11064  172.21274    101.295    -1.1867    -1.1856  27.436594  27.436622    34.1323    34.1311    287.112    285.101    -0.1366     4.6569     0.1050     0.1050     0.0275     0.0195      22961    15.9444      28.13     2.1738     1.9296          4  0.000e+00
    100.218   75.11064  172.21274    101.295    -1.1867    -1.1858  27.436715  27.436338    34.1324    34.1308    287.320    282.387    -0.1366     4.6569     0.1062     0.1062     0.0275     0.0195      22962    15.9451      27.84     2.1750     1.9161          4  0.000e+00
    100.201   75.11064  172.21274    101.278    -1.1867    -1.1856  27.436775  27.436736    34.1325    34.1312    287.111    279.669    -0.1366     4.6569     0.1050     0.1050     0.0275     0.0195      22963    15.9458      27.59     2.1738     1.9027          4  0.000e+00
    100.218   75.11064  172.21274    101.295    -1.1869    -1.1856  27.436594  27.436395    34.1325    34.1307    287.113    277.695    -0.1061     4.6569     0.1062     0.1062     0.0275     0.0208      22964    15.9465      27.67     2.1738     1.8929          4  0.000e+00
    100.218   75.11064  172.21274    101.295    -1.1867    -1.1856  27.436896  27.436565    34.1327    34.1310    287.111    277.448    -0.1366     4.6569     0.1062     0.1062     0.0275     0.0195      22965    15.9472      27.84     2.1738     1.8917          4  0.000e+00
