Continuous CTD Data/SBE Stage/nabos_14_01b.ros
* Sea-Bird SBE 9 Data File:
* FileName = D:\CTD\data\HLY2502\raw\NABOS_14_01b.hex
* Software Version Seasave V 7.26.7.110
* Temperature SN = 6954
* Conductivity SN = 2561
* Number of Bytes Per Scan = 37
* Number of Voltage Words = 4
* Number of Scans Averaged by the Deck Unit = 1
* NMEA Latitude = 78 08.58 N
* NMEA Longitude = 172 12.90 W
* NMEA UTC (Time) = Sep 10 2025  03:43:33
* NMEA baud rate = 9600
** Ship: USCG HEALY
** Bot. Depth:  2700
** Cast Number:  01b
** Station Name:  NABOS
** Station Number:  14
** Operator:  STARC
** Lost COM3 comms at 1125m
# nquan = 25
# nvalues = 1123                                  
# units = specified
# name 0 = depSM: Depth [salt water, m]
# name 1 = latitude: Latitude [deg]
# name 2 = longitude: Longitude [deg]
# name 3 = prDM: Pressure, Digiquartz [db]
# name 4 = t090C: Temperature [ITS-90, deg C]
# name 5 = t190C: Temperature, 2 [ITS-90, deg C]
# name 6 = c0mS/cm: Conductivity [mS/cm]
# name 7 = c1mS/cm: Conductivity, 2 [mS/cm]
# name 8 = sal00: Salinity, Practical [PSU]
# name 9 = sal11: Salinity, Practical, 2 [PSU]
# name 10 = sbox0Mm/Kg: Oxygen, SBE 43 [umol/kg]
# name 11 = sbox1Mm/Kg: Oxygen, SBE 43, 2 [umol/kg]
# name 12 = flECO-AFL: Fluorescence, WET Labs ECO-AFL/FL [mg/m^3]
# name 13 = v2: Voltage 2
# name 14 = wetCDOM: Fluorescence, WET Labs CDOM [mg/m^3]
# name 15 = v6: Voltage 6
# name 16 = CStarAt0: Beam Attenuation, WET Labs C-Star [1/m]
# name 17 = v3: Voltage 3
# name 18 = scan: Scan Count
# name 19 = timeM: Time, Elapsed [minutes]
# name 20 = altM: Altimeter [m]
# name 21 = sbeox0V: Oxygen raw, SBE 43 [V]
# name 22 = sbeox1V: Oxygen raw, SBE 43, 2 [V]
# name 23 = nbf: Bottles Fired
# name 24 = flag:  0.000e+00
# interval = seconds: 0.0416667
# start_time = Sep 10 2025 03:43:33 [NMEA time, header]
# bad_flag = -9.990e-29
*END*
[from data line 1102]
      2.978   78.14240 -172.17718      3.010    -1.4276    -1.4025  23.638560  23.735489    29.2664    29.3731    393.245    380.372     0.2908     4.5800     0.0855     0.0855     0.0941     0.0366      96532    67.0354      98.61     2.7213     2.3434         24  0.000e+00
      2.913   78.14240 -172.17718      2.944    -1.4296    -1.4031  23.632143  23.730362    29.2597    29.3668    393.287    380.394     0.3213     4.5800     0.0855     0.0855     0.0941     0.0379      96533    67.0361      98.58     2.7213     2.3434         24  0.000e+00
      2.921   78.14240 -172.17718      2.952    -1.4297    -1.4042  23.632487  23.727610    29.2603    29.3641    393.287    380.415     0.3213     4.5800     0.0855     0.0855     0.0941     0.0379      96534    67.0368      98.58     2.7213     2.3434         24  0.000e+00
      2.921   78.14240 -172.17718      2.952    -1.4302    -1.4048  23.632258  23.735705    29.2604    29.3757    393.507    380.387     0.3213     4.5812     0.0855     0.0855     0.0931     0.0379      96535    67.0375      98.58     2.7225     2.3434         24  0.000e+00
      2.855   78.14240 -172.17718      2.886    -1.4304    -1.4043  23.630711  23.752060    29.2585    29.3974    393.296    380.059     0.3213     4.5824     0.0855     0.0855     0.0920     0.0379      96536    67.0382      98.61     2.7213     2.3422         24  0.000e+00
      2.855   78.14240 -172.17718      2.886    -1.4307    -1.4003  23.628935  23.761453    29.2564    29.4063    393.306    379.986     0.3213     4.5824     0.0855     0.0855     0.0920     0.0379      96537    67.0389      98.61     2.7213     2.3422         24  0.000e+00
      2.790   78.14240 -172.17718      2.819    -1.4311    -1.4014  23.627331  23.738241    29.2547    29.3759    393.098    379.832     0.3518     4.5824     0.0855     0.0855     0.0920     0.0391      96538    67.0396      98.61     2.7201     2.3410         24  0.000e+00
      2.855   78.14240 -172.17718      2.886    -1.4313    -1.4063  23.626243  23.708563    29.2534    29.3404    393.108    380.253     0.3518     4.5824     0.0855     0.0855     0.0920     0.0391      96539    67.0403      98.61     2.7201     2.3422         24  0.000e+00
      2.732   78.14240 -172.17718      2.761    -1.4314    -1.4093  23.625612  23.701496    29.2527    29.3339    393.105    380.047     0.3213     4.5824     0.0855     0.0855     0.0920     0.0379      96540    67.0410      98.58     2.7201     2.3410         24  0.000e+00
      2.855   78.14240 -172.17718      2.886    -1.4315    -1.4103  23.624810  23.702737    29.2516    29.3365    392.900    380.057     0.3518     4.5824     0.0855     0.0855     0.0920     0.0391      96541    67.0417      98.58     2.7189     2.3410         24  0.000e+00
      2.732   78.14240 -172.17718      2.761    -1.4319    -1.4127  23.623665  23.693567    29.2506    29.3265    393.117    379.854     0.3213     4.5824     0.0855     0.0855     0.0920     0.0379      96542    67.0424      98.58     2.7201     2.3398         24  0.000e+00
      2.732   78.14240 -172.17718      2.761    -1.4325    -1.4152  23.621660  23.683644    29.2485    29.3155    393.131    380.171     0.3213     4.5812     0.0855     0.0855     0.0931     0.0379      96543    67.0431      98.61     2.7201     2.3410         24  0.000e+00
      2.732   78.14240 -172.17716      2.761    -1.4326    -1.4160  23.619827  23.681271    29.2460    29.3131    393.140    380.442     0.3213     4.5824     0.0855     0.0855     0.0920     0.0379      96544    67.0438      98.61     2.7201     2.3422         24  0.000e+00
      2.732   78.14240 -172.17716      2.761    -1.4333    -1.4167  23.617650  23.680516    29.2437    29.3127    392.939    380.451     0.3518     4.5824     0.0855     0.0855     0.0920     0.0391      96545    67.0444      98.58     2.7189     2.3422         24  0.000e+00
      2.675   78.14240 -172.17716      2.703    -1.4339    -1.4167  23.615130  23.680462    29.2410    29.3127    393.168    380.449     0.3213     4.5824     0.0855     0.0855     0.0920     0.0379      96546    67.0451      98.58     2.7201     2.3422         24  0.000e+00
      2.675   78.14240 -172.17716      2.703    -1.4342    -1.4161  23.613411  23.681541    29.2390    29.3136    392.963    380.439     0.2908     4.5824     0.0855     0.0855     0.0920     0.0366      96547    67.0458      98.58     2.7189     2.3422         24  0.000e+00
      2.675   78.14240 -172.17716      2.703    -1.4351    -1.4155  23.610605  23.682403    29.2360    29.3141    392.766    380.430     0.3518     4.5824     0.0842     0.0842     0.0920     0.0391      96548    67.0465      98.58     2.7177     2.3422         24  0.000e+00
      2.675   78.14240 -172.17716      2.703    -1.4361    -1.4155  23.603904  23.678898    29.2279    29.3094    392.804    380.444     0.3213     4.5824     0.0842     0.0842     0.0920     0.0379      96549    67.0472      98.58     2.7177     2.3422         24  0.000e+00
      2.675   78.14240 -172.17716      2.703    -1.4394    -1.4183  23.590849  23.654637    29.2135    29.2792    392.889    380.567     0.2908     4.5824     0.0842     0.0842     0.0920     0.0366      96550    67.0479      98.61     2.7177     2.3422         24  0.000e+00
      2.552   78.14240 -172.17716      2.579    -1.4430    -1.4255  23.574876  23.620038    29.1953    29.2395    392.981    380.510     0.3213     4.5824     0.0842     0.0842     0.0920     0.0379      96551    67.0486      98.61     2.7176     2.3410         24  0.000e+00
      2.617   78.14240 -172.17716      2.645    -1.4465    -1.4314  23.560968  23.599407    29.1799    29.2173    392.859    380.649     0.3213     4.5824     0.0842     0.0842     0.0920     0.0379      96552    67.0493      98.61     2.7164     2.3410         24  0.000e+00
