Continuous CTD Data/SBE Stage/nabos_33_01.ros
* Sea-Bird SBE 9 Data File:
* FileName = D:\CTD\data\HLY2502\raw\NABOS_33_01.hex
* Software Version Seasave V 7.26.7.110
* Temperature SN = 6954
* Conductivity SN = 2561
* Number of Bytes Per Scan = 37
* Number of Voltage Words = 4
* Number of Scans Averaged by the Deck Unit = 1
* NMEA Latitude = 79 51.39 N
* NMEA Longitude = 140 04.65 E
* NMEA UTC (Time) = Sep 23 2025  14:40:56
* NMEA baud rate = 9600
** Ship: USCG HEALY
** Bot. Depth:  1970
** Cast Number:  01
** Station Name:  NABOS
** Station Number:  33
** Operator:  STARC
# nquan = 25
# nvalues = 980                                   
# units = specified
# name 0 = depSM: Depth [salt water, m]
# name 1 = latitude: Latitude [deg]
# name 2 = longitude: Longitude [deg]
# name 3 = prDM: Pressure, Digiquartz [db]
# name 4 = t090C: Temperature [ITS-90, deg C]
# name 5 = t190C: Temperature, 2 [ITS-90, deg C]
# name 6 = c0mS/cm: Conductivity [mS/cm]
# name 7 = c1mS/cm: Conductivity, 2 [mS/cm]
# name 8 = sal00: Salinity, Practical [PSU]
# name 9 = sal11: Salinity, Practical, 2 [PSU]
# name 10 = sbox0Mm/Kg: Oxygen, SBE 43 [umol/kg]
# name 11 = sbox1Mm/Kg: Oxygen, SBE 43, 2 [umol/kg]
# name 12 = flECO-AFL: Fluorescence, WET Labs ECO-AFL/FL [mg/m^3]
# name 13 = v2: Voltage 2
# name 14 = wetCDOM: Fluorescence, WET Labs CDOM [mg/m^3]
# name 15 = v6: Voltage 6
# name 16 = CStarAt0: Beam Attenuation, WET Labs C-Star [1/m]
# name 17 = v3: Voltage 3
# name 18 = scan: Scan Count
# name 19 = timeM: Time, Elapsed [minutes]
# name 20 = altM: Altimeter [m]
# name 21 = sbeox0V: Oxygen raw, SBE 43 [V]
# name 22 = sbeox1V: Oxygen raw, SBE 43, 2 [V]
# name 23 = nbf: Bottles Fired
# name 24 = flag:  0.000e+00
# interval = seconds: 0.0416667
# start_time = Sep 23 2025 14:40:56 [NMEA time, header]
# bad_flag = -9.990e-29
*END*
[from data line 116]
    750.379   79.85994  140.05976    759.790     0.2160     0.2166  29.447617  29.446777    34.8419    34.8401    295.675    290.711    -0.1061     4.6252     0.0830     0.0830     0.0548     0.0208      57394    39.8563     100.00     2.1566     1.9013          3  0.000e+00
    750.263   79.85994  140.05976    759.672     0.2162     0.2170  29.447617  29.447069    34.8418    34.8401    295.669    291.219    -0.1366     4.6252     0.0830     0.0830     0.0548     0.0195      57395    39.8569     100.00     2.1566     1.9038          3  0.000e+00
    750.379   79.85994  140.05976    759.790     0.2162     0.2166  29.447865  29.446719    34.8421    34.8401    295.673    291.227    -0.1366     4.6252     0.0830     0.0830     0.0548     0.0195      57396    39.8576     100.00     2.1566     1.9038          3  0.000e+00
    750.379   79.85994  140.05976    759.790     0.2163     0.2167  29.447989  29.446602    34.8421    34.8398    295.672    291.743    -0.1061     4.6252     0.0830     0.0830     0.0548     0.0208      57397    39.8583     100.00     2.1566     1.9062          3  0.000e+00
    750.313   79.85994  140.05976    759.723     0.2163     0.2169  29.447865  29.446544    34.8419    34.8395    295.669    291.481    -0.1366     4.6252     0.0830     0.0830     0.0548     0.0195      57398    39.8590     100.00     2.1566     1.9050          3  0.000e+00
    750.313   79.85994  140.05976    759.723     0.2163     0.2168  29.447741  29.446602    34.8418    34.8398    295.888    291.224    -0.1061     4.6252     0.0830     0.0830     0.0548     0.0208      57399    39.8597     100.00     2.1578     1.9038          3  0.000e+00
    750.379   79.85994  140.05976    759.790     0.2167     0.2163  29.447617  29.446019    34.8412    34.8395    295.889    291.489    -0.1366     4.6252     0.0830     0.0830     0.0548     0.0195      57400    39.8604     100.00     2.1578     1.9050          3  0.000e+00
    750.321   79.85994  140.05976    759.731     0.2162     0.2162  29.447679  29.445493    34.8419    34.8390    295.889    291.489    -0.1366     4.6252     0.0830     0.0830     0.0548     0.0195      57401    39.8611     100.00     2.1578     1.9050          3  0.000e+00
    750.313   79.85994  140.05976    759.723     0.2160     0.2160  29.448051  29.445727    34.8426    34.8395    295.671    291.231    -0.1366     4.6252     0.0830     0.0830     0.0548     0.0195      57402    39.8618     100.00     2.1566     1.9038          3  0.000e+00
    750.379   79.85994  140.05976    759.790     0.2160     0.2162  29.447803  29.445844    34.8422    34.8394    295.892    291.232    -0.1366     4.6252     0.0842     0.0842     0.0548     0.0195      57403    39.8625     100.00     2.1578     1.9038          3  0.000e+00
    750.313   79.85994  140.05976    759.723     0.2160     0.2162  29.447803  29.446135    34.8422    34.8399    295.671    290.971    -0.1366     4.6252     0.0842     0.0842     0.0548     0.0195      57404    39.8632     100.00     2.1566     1.9025          3  0.000e+00
    750.313   79.85994  140.05976    759.723     0.2163     0.2163  29.447927  29.446135    34.8420    34.8397    295.887    291.228    -0.1366     4.6252     0.0842     0.0842     0.0548     0.0195      57405    39.8639     100.00     2.1578     1.9038          3  0.000e+00
    750.313   79.85994  140.05976    759.723     0.2163     0.2163  29.447865  29.446660    34.8419    34.8404    295.669    290.969    -0.1366     4.6239     0.0842     0.0842     0.0559     0.0195      57406    39.8646     100.00     2.1566     1.9025          3  0.000e+00
    750.313   79.85994  140.05976    759.723     0.2163     0.2165  29.447927  29.446485    34.8420    34.8399    295.669    290.968    -0.1671     4.6239     0.0842     0.0842     0.0559     0.0183      57407    39.8653     100.00     2.1566     1.9025          3  0.000e+00
    750.321   79.85994  140.05976    759.731     0.2165     0.2168  29.447989  29.446427    34.8419    34.8396    295.668    290.967    -0.1671     4.6239     0.0842     0.0842     0.0559     0.0183      57408    39.8660     100.00     2.1566     1.9025          3  0.000e+00
    750.379   79.85994  140.05976    759.790     0.2165     0.2166  29.448299  29.446485    34.8423    34.8398    295.888    290.970    -0.1671     4.6239     0.0842     0.0842     0.0559     0.0183      57409    39.8667     100.00     2.1578     1.9025          3  0.000e+00
    750.313   79.85994  140.05976    759.723     0.2167     0.2166  29.448051  29.446602    34.8418    34.8399    295.885    290.967    -0.1671     4.6239     0.0842     0.0842     0.0559     0.0183      57410    39.8674     100.00     2.1578     1.9025          3  0.000e+00
    750.313   79.85994  140.05976    759.723     0.2165     0.2168  29.448547  29.446252    34.8427    34.8394    295.666    291.225    -0.1976     4.6239     0.0842     0.0842     0.0559     0.0171      57411    39.8681     100.00     2.1566     1.9038          3  0.000e+00
    750.313   79.85994  140.05976    759.723     0.2167     0.2165  29.448361  29.446835    34.8422    34.8404    295.884    291.225    -0.1671     4.6239     0.0842     0.0842     0.0559     0.0183      57412    39.8687     100.00     2.1578     1.9038          3  0.000e+00
    750.255   79.85994  140.05976    759.664     0.2167     0.2168  29.448361  29.446777    34.8423    34.8401    295.663    291.479    -0.1976     4.6239     0.0842     0.0842     0.0559     0.0171      57413    39.8694     100.00     2.1566     1.9050          3  0.000e+00
    750.321   79.85994  140.05976    759.731     0.2168     0.2172  29.448051  29.447302    34.8416    34.8402    295.666    291.736    -0.1671     4.6239     0.0842     0.0842     0.0559     0.0183      57414    39.8701     100.00     2.1566     1.9062          3  0.000e+00
    750.379   79.85994  140.05976    759.790     0.2168     0.2172  29.448299  29.447011    34.8419    34.8398    295.668    291.481    -0.1671     4.6252     0.0830     0.0830     0.0548     0.0183      57415    39.8708     100.00     2.1566     1.9050          3  0.000e+00
    750.313   79.85994  140.05976    759.723     0.2169     0.2172  29.448485  29.447127    34.8421    34.8400    295.882    291.220    -0.1671     4.6239     0.0842     0.0842     0.0559     0.0183      57416    39.8715     100.00     2.1578     1.9038          3  0.000e+00
    750.313   79.85994  140.05976    759.723     0.2169     0.2169  29.448361  29.446894    34.8419    34.8400    295.664    291.480    -0.1671     4.6252     0.0842     0.0842     0.0548     0.0183      57417    39.8722     100.00     2.1566     1.9050          3  0.000e+00
    750.255   79.85994  140.05976    759.664     0.2168     0.2170  29.448361  29.447127    34.8421    34.8402    295.881    291.218    -0.1671     4.6239     0.0842     0.0842     0.0559     0.0183      57418    39.8729     100.00     2.1578     1.9038          3  0.000e+00
    750.313   79.85994  140.05976    759.723     0.2168     0.2170  29.448051  29.447010    34.8416    34.8400    295.666    290.963    -0.1671     4.6239     0.0842     0.0842     0.0559     0.0183      57419    39.8736     100.00     2.1566     1.9025          3  0.000e+00
    750.387   79.85994  140.05976    759.798     0.2168     0.2169  29.448299  29.446602    34.8419    34.8396    295.668    290.968    -0.1671     4.6239     0.0842     0.0842     0.0559     0.0183      57420    39.8743     100.00     2.1566     1.9025          3  0.000e+00
    750.255   79.85994  140.05976    759.664     0.2167     0.2169  29.448051  29.446835    34.8419    34.8400    295.664    290.962    -0.1671     4.6239     0.0842     0.0842     0.0559     0.0183      57421    39.8750     100.00     2.1566     1.9025          3  0.000e+00
    750.313   79.85994  140.05976    759.723     0.2165     0.2169  29.447679  29.446719    34.8415    34.8398    295.669    290.965    -0.1976     4.6239     0.0842     0.0842     0.0559     0.0171      57422    39.8757     100.00     2.1566     1.9025          3  0.000e+00
    750.379   79.85994  140.05976    759.790     0.2165     0.2170  29.448113  29.446777    34.8420    34.8397    295.888    291.225    -0.1671     4.6239     0.0842     0.0842     0.0559     0.0183      57423    39.8764     100.00     2.1578     1.9038          3  0.000e+00
    750.255   79.85994  140.05976    759.664     0.2167     0.2168  29.448175  29.446894    34.8420    34.8402    295.664    290.963    -0.1671     4.6239     0.0842     0.0842     0.0559     0.0183      57424    39.8771     100.00     2.1566     1.9025          3  0.000e+00
    500.818   79.86042  140.05750    506.792     0.8934     0.8928  29.921064  29.919135    34.8448    34.8430    295.287    291.613    -0.1366     4.6227     0.0818     0.0818     0.0570     0.0195      66380    46.0965     100.00     2.2448     1.9809          4  0.000e+00
    500.761   79.86042  140.05750    506.733     0.8931     0.8929  29.921001  29.918724    34.8451    34.8423    295.286    291.855    -0.1366     4.6239     0.0818     0.0818     0.0559     0.0195      66381    46.0972     100.00     2.2448     1.9821          4  0.000e+00
    500.826   79.86042  140.05750    506.800     0.8933     0.8929  29.920877  29.919135    34.8447    34.8428    295.495    291.613    -0.1366     4.6239     0.0818     0.0818     0.0559     0.0195      66382    46.0979     100.00     2.2460     1.9809          4  0.000e+00
    500.761   79.86042  140.05750    506.733     0.8929     0.8931  29.920876  29.919780    34.8451    34.8435    295.288    291.607    -0.1366     4.6227     0.0818     0.0818     0.0570     0.0195      66383    46.0986     100.00     2.2448     1.9809          4  0.000e+00
    500.818   79.86042  140.05748    506.792     0.8931     0.8939  29.920502  29.919957    34.8444    34.8428    295.290    291.604    -0.1366     4.6227     0.0818     0.0818     0.0570     0.0195      66384    46.0993     100.00     2.2448     1.9809          4  0.000e+00
    500.761   79.86042  140.05748    506.733     0.8931     0.8935  29.920752  29.919722    34.8448    34.8429    295.287    291.605    -0.1366     4.6227     0.0818     0.0818     0.0570     0.0195      66385    46.1000     100.00     2.2448     1.9809          4  0.000e+00
    500.761   79.86042  140.05748    506.733     0.8929     0.8939  29.920876  29.919839    34.8451    34.8427    295.288    291.358    -0.1061     4.6239     0.0818     0.0818     0.0559     0.0208      66386    46.1007     100.00     2.2448     1.9797          4  0.000e+00
    500.826   79.86042  140.05748    506.800     0.8929     0.8937  29.920939  29.919957    34.8451    34.8430    295.496    290.873    -0.1366     4.6239     0.0818     0.0818     0.0559     0.0195      66387    46.1014     100.00     2.2460     1.9772          4  0.000e+00
    500.761   79.86042  140.05748    506.733     0.8927     0.8940  29.920689  29.919956    34.8451    34.8427    295.289    288.913    -0.1366     4.6227     0.0818     0.0818     0.0570     0.0195      66388    46.1021     100.00     2.2448     1.9674          4  0.000e+00
    500.761   79.86042  140.05748    506.733     0.8927     0.8939  29.920627  29.919722    34.8450    34.8425    295.496    286.960    -0.1366     4.6239     0.0818     0.0818     0.0559     0.0195      66389    46.1028     100.00     2.2460     1.9576          4  0.000e+00
    500.818   79.86042  140.05748    506.792     0.8928     0.8936  29.920440  29.919428    34.8446    34.8425    295.292    285.987    -0.1366     4.6227     0.0818     0.0818     0.0570     0.0195      66390    46.1035     100.00     2.2448     1.9527          4  0.000e+00
    500.760   79.86042  140.05748    506.733     0.8926     0.8934  29.920315  29.919369    34.8448    34.8426    295.498    285.742    -0.1366     4.6227     0.0818     0.0818     0.0570     0.0195      66391    46.1042     100.00     2.2460     1.9515          4  0.000e+00
    500.818   79.86042  140.05748    506.792     0.8928     0.8934  29.920315  29.919194    34.8445    34.8423    295.292    285.745    -0.1366     4.6227     0.0818     0.0818     0.0570     0.0195      66392    46.1049     100.00     2.2448     1.9515          4  0.000e+00
    500.760   79.86042  140.05748    506.733     0.8925     0.8931  29.920128  29.918900    34.8446    34.8424    295.499    285.256    -0.1366     4.6227     0.0818     0.0818     0.0570     0.0195      66393    46.1056     100.00     2.2460     1.9491          4  0.000e+00
    500.760   79.86042  140.05748    506.733     0.8925     0.8931  29.919878  29.918841    34.8443    34.8423    295.500    285.990    -0.1366     4.6239     0.0818     0.0818     0.0559     0.0195      66394    46.1063     100.00     2.2460     1.9527          4  0.000e+00
    500.760   79.86042  140.05748    506.733     0.8926     0.8929  29.920627  29.918606    34.8451    34.8421    295.290    286.724    -0.1061     4.6227     0.0818     0.0818     0.0570     0.0208      66395    46.1069     100.00     2.2448     1.9564          4  0.000e+00
    500.760   79.86042  140.05748    506.733     0.8927     0.8928  29.920689  29.918548    34.8451    34.8423    295.496    285.748    -0.1366     4.6227     0.0818     0.0818     0.0570     0.0195      66396    46.1076     100.00     2.2460     1.9515          4  0.000e+00
    500.818   79.86042  140.05748    506.792     0.8926     0.8928  29.920689  29.918724    34.8451    34.8425    295.499    284.039    -0.1366     4.6227     0.0830     0.0830     0.0570     0.0195      66397    46.1083     100.00     2.2460     1.9429          4  0.000e+00
    500.760   79.86042  140.05748    506.733     0.8929     0.8928  29.921001  29.918665    34.8453    34.8424    295.494    281.838    -0.1366     4.6227     0.0830     0.0830     0.0570     0.0195      66398    46.1090     100.00     2.2460     1.9319          4  0.000e+00
    500.826   79.86042  140.05748    506.800     0.8931     0.8925  29.920939  29.918783    34.8450    34.8428    295.496    279.398    -0.1366     4.6227     0.0830     0.0830     0.0570     0.0195      66399    46.1097     100.00     2.2460     1.9197          4  0.000e+00
    500.760   79.86042  140.05748    506.733     0.8933     0.8926  29.920939  29.919017    34.8448    34.8430    295.492    279.393    -0.1366     4.6227     0.0830     0.0830     0.0570     0.0195      66400    46.1104     100.00     2.2460     1.9197          4  0.000e+00
    500.818   79.86042  140.05748    506.792     0.8934     0.8926  29.921313  29.918900    34.8451    34.8429    295.492    282.818    -0.1366     4.6227     0.0830     0.0830     0.0570     0.0195      66401    46.1111     100.00     2.2460     1.9368          4  0.000e+00
    500.760   79.86042  140.05748    506.733     0.8931     0.8928  29.921189  29.918606    34.8453    34.8423    295.285    286.481    -0.1366     4.6227     0.0830     0.0830     0.0570     0.0195      66402    46.1118     100.00     2.2448     1.9552          4  0.000e+00
    500.826   79.86042  140.05748    506.800     0.8932     0.8925  29.920814  29.918724    34.8446    34.8428    295.495    288.928    -0.1366     4.6227     0.0830     0.0830     0.0570     0.0195      66403    46.1125     100.00     2.2460     1.9674          4  0.000e+00
    500.760   79.86042  140.05748    506.733     0.8932     0.8925  29.920814  29.918841    34.8447    34.8430    295.286    290.147    -0.1061     4.6227     0.0830     0.0830     0.0570     0.0208      66404    46.1132     100.00     2.2448     1.9736          4  0.000e+00
    500.818   79.86042  140.05748    506.792     0.8931     0.8926  29.921064  29.919194    34.8451    34.8433    295.494    290.881    -0.1366     4.6227     0.0830     0.0830     0.0570     0.0195      66405    46.1139     100.00     2.2460     1.9772          4  0.000e+00
