Continuous CTD Data/SBE Stage/nabos_testcastavg.cnv
* Sea-Bird SBE 9 Data File:
* FileName = D:\CTD\data\HLY2502\raw\NABOS_TestCast.hex
* Software Version Seasave V 7.26.7.110
* Temperature SN = 6954
* Conductivity SN = 2561
* Number of Bytes Per Scan = 37
* Number of Voltage Words = 4
* Number of Scans Averaged by the Deck Unit = 1
* NMEA Latitude = 54 51.60 N
* NMEA Longitude = 155 23.75 W
* NMEA UTC (Time) = Aug 23 2025  00:14:18
* NMEA baud rate = 9600
** Ship: USCG HEALY
** Bot. Depth:  4270
** Cast Number:
** Station Name:  test
** Station Number:
** Operator:  STARC
# nquan = 25
# nvalues = 4275                        
# units = specified
# name 0 = depSM: Depth [salt water, m]
# name 1 = latitude: Latitude [deg]
# name 2 = longitude: Longitude [deg]
# name 3 = prDM: Pressure, Digiquartz [db]
# name 4 = t090C: Temperature [ITS-90, deg C]
# name 5 = t190C: Temperature, 2 [ITS-90, deg C]
# name 6 = c0mS/cm: Conductivity [mS/cm]
# name 7 = c1mS/cm: Conductivity, 2 [mS/cm]
# name 8 = sal00: Salinity, Practical [PSU]
# name 9 = sal11: Salinity, Practical, 2 [PSU]
# name 10 = sbox0Mm/Kg: Oxygen, SBE 43 [umol/kg]
# name 11 = sbox1Mm/Kg: Oxygen, SBE 43, 2 [umol/kg]
# name 12 = flECO-AFL: Fluorescence, WET Labs ECO-AFL/FL [mg/m^3]
# name 13 = v2: Voltage 2
# name 14 = wetCDOM: Fluorescence, WET Labs CDOM [mg/m^3]
# name 15 = v6: Voltage 6
# name 16 = CStarAt0: Beam Attenuation, WET Labs C-Star [1/m]
# name 17 = v3: Voltage 3
# name 18 = scan: Scan Count
# name 19 = timeM: Time, Elapsed [minutes]
# name 20 = altM: Altimeter [m]
# name 21 = sbeox0V: Oxygen raw, SBE 43 [V]
# name 22 = sbeox1V: Oxygen raw, SBE 43, 2 [V]
# name 23 = nbin: number of scans per bin
# name 24 = flag: flag
# span 0 =      7.928,   4201.158       
# span 1 =   54.85482,   54.85952       
# span 2 = -155.42092, -155.39704       
# span 3 =      8.000,   4282.000       
# span 4 =     1.4622,    14.2598       
# span 5 =     1.4622,    14.2415       
# span 6 =  31.200256,  39.328781       
# span 7 =  31.199075,  39.312366       
# span 8 =    32.3563,    34.6871       
# span 9 =    32.3566,    34.6856       
# span 10 =     13.144,    301.692      
# span 11 =      8.141,    307.431      
# span 12 =    -0.1910,     3.1729      
# span 13 =     4.2675,     4.6691      
# span 14 =     0.0753,     0.0941      
# span 15 =     0.0753,     0.0941      
# span 16 =     0.0170,     0.3771      
# span 17 =     0.0174,     0.1519      
# span 18 =       5115,     121429      
# span 19 =     3.5511,    84.3250      
# span 20 =      94.91,     100.00      
# span 21 =     0.5729,     2.7875      
# span 22 =     0.5612,     2.4518      
# span 23 =          4,         29      
# span 24 = 0.0000e+00, 0.0000e+00      
# interval = decibars: 1                
# start_time = Aug 23 2025 00:14:18 [NMEA time, header]
# bad_flag = -9.990e-29
*END*
[from data line 754]
    753.755   54.85844 -155.40232    762.000     3.2485     3.2485  31.657157  31.655685    34.3143    34.3125     13.230     13.683    -0.1364     4.6583     0.0872     0.0872     0.0263     0.0195      28206    19.5870     100.00     0.5733     0.5893         13 0.0000e+00
    754.742   54.85844 -155.40232    763.000     3.2479     3.2479  31.657245  31.655630    34.3145    34.3126     13.233     14.435    -0.1319     4.6586     0.0879     0.0879     0.0260     0.0197      28222    19.5978     100.00     0.5733     0.5931         13 0.0000e+00
    755.730   54.85844 -155.40232    764.000     3.2481     3.2478  31.657620  31.656008    34.3142    34.3126     13.195     11.876    -0.1164     4.6586     0.0877     0.0877     0.0260     0.0203      28251    19.6183     100.00     0.5730     0.5799         19 0.0000e+00
    756.717   54.85844 -155.40234    765.000     3.2467     3.2475  31.656996  31.655925    34.3144    34.3122     13.208     12.280    -0.1328     4.6583     0.0879     0.0879     0.0262     0.0197      28319    19.6655     100.00     0.5731     0.5820         18 0.0000e+00
    757.704   54.85844 -155.40235    766.000     3.2450     3.2449  31.656404  31.654839    34.3149    34.3131     13.221     12.804    -0.1350     4.6584     0.0879     0.0879     0.0262     0.0196      28343    19.6817     100.00     0.5732     0.5847         18 0.0000e+00
    758.692   54.85844 -155.40236    767.000     3.2395     3.2394  31.653061  31.651364    34.3162    34.3143     13.213     13.213    -0.1342     4.6588     0.0879     0.0879     0.0258     0.0196      28361    19.6946     100.00     0.5731     0.5868         13 0.0000e+00
    759.679   54.85844 -155.40236    768.000     3.2351     3.2351  31.650538  31.649090    34.3173    34.3155     13.216     12.911    -0.1343     4.6583     0.0871     0.0871     0.0263     0.0196      28377    19.7056     100.00     0.5731     0.5852         13 0.0000e+00
    760.667   54.85844 -155.40236    769.000     3.2333     3.2333  31.649711  31.648299    34.3177    34.3160     13.256     13.020    -0.1282     4.6582     0.0867     0.0867     0.0263     0.0199      28391    19.7156     100.00     0.5733     0.5858         11 0.0000e+00
    761.654   54.85844 -155.40236    770.000     3.2324     3.2324  31.649518  31.647989    34.3178    34.3160     13.254     12.762    -0.1315     4.6582     0.0867     0.0867     0.0263     0.0197      28407    19.7261     100.00     0.5733     0.5844         12 0.0000e+00
    762.641   54.85844 -155.40236    771.000     3.2314     3.2311  31.649086  31.647418    34.3179    34.3161     13.239     12.652    -0.1319     4.6581     0.0872     0.0872     0.0264     0.0197      28424    19.7385     100.00     0.5732     0.5839         13 0.0000e+00
    763.628   54.85844 -155.40237    772.000     3.2287     3.2286  31.647652  31.646032    34.3185    34.3166     13.225     12.676    -0.1178     4.6582     0.0865     0.0865     0.0263     0.0203      28459    19.7625     100.00     0.5731     0.5840         15 0.0000e+00
    764.616   54.85844 -155.40238    773.000     3.2238     3.2231  31.644681  31.642733    34.3195    34.3179     13.259     12.186    -0.1304     4.6575     0.0861     0.0861     0.0270     0.0198      28502    19.7924     100.00     0.5733     0.5814         14 0.0000e+00
    765.603   54.85844 -155.40239    774.000     3.2215     3.2216  31.643704  31.642176    34.3203    34.3183     13.244     12.680    -0.1289     4.6581     0.0871     0.0871     0.0264     0.0198      28531    19.8128     100.00     0.5732     0.5839         16 0.0000e+00
    766.591   54.85844 -155.40240    775.000     3.2215     3.2216  31.644079  31.642530    34.3201    34.3182     13.219     12.684    -0.1327     4.6587     0.0855     0.0855     0.0259     0.0197      28555    19.8295     100.00     0.5730     0.5840         15 0.0000e+00
    767.578   54.85844 -155.40240    776.000     3.2209     3.2209  31.644212  31.642710    34.3204    34.3186     13.236     13.113    -0.1253     4.6586     0.0867     0.0867     0.0259     0.0200      28576    19.8436     100.00     0.5731     0.5862         11 0.0000e+00
    768.565   54.85844 -155.40240    777.000     3.2205     3.2207  31.644341  31.642971    34.3205    34.3186     13.286     11.570    -0.1345     4.6591     0.0867     0.0867     0.0255     0.0196      28594    19.8562     100.00     0.5734     0.5782         13 0.0000e+00
    769.553   54.85844 -155.40240    778.000     3.2206     3.2207  31.644743  31.643287    34.3204    34.3185     13.271     12.006    -0.1275     4.6593     0.0867     0.0867     0.0254     0.0199      28612    19.8685     100.00     0.5733     0.5804         13 0.0000e+00
    770.540   54.85844 -155.40240    779.000     3.2206     3.2207  31.645149  31.643780    34.3203    34.3186     13.284     12.314    -0.0967     4.6592     0.0868     0.0868     0.0255     0.0211      28630    19.8810     100.00     0.5734     0.5820         14 0.0000e+00
    771.527   54.85844 -155.40241    780.000     3.2207     3.2208  31.645689  31.644202    34.3203    34.3184     13.263     12.724    -0.1210     4.6592     0.0868     0.0868     0.0254     0.0202      28654    19.8978     100.00     0.5732     0.5841         21 0.0000e+00
    772.514   54.85844 -155.40242    781.000     3.2208     3.2209  31.646079  31.644490    34.3202    34.3182     13.243     12.946    -0.1305     4.6587     0.0880     0.0880     0.0259     0.0198      28701    19.9303     100.00     0.5731     0.5852         22 0.0000e+00
    773.502   54.85844 -155.40243    782.000     3.2206     3.2205  31.646451  31.644867    34.3203    34.3185     13.261     13.298    -0.1010     4.6592     0.0879     0.0879     0.0255     0.0210      28732    19.9520     100.00     0.5732     0.5870         16 0.0000e+00
    774.489   54.85844 -155.40244    783.000     3.2157     3.2153  31.643407  31.641714    34.3213    34.3196     13.263     12.726    -0.1340     4.6592     0.0869     0.0869     0.0255     0.0196      28753    19.9670     100.00     0.5732     0.5841         16 0.0000e+00
    775.476   54.85844 -155.40244    784.000     3.2130     3.2130  31.642111  31.640563    34.3220    34.3201     13.253     13.087    -0.1343     4.6589     0.0855     0.0855     0.0257     0.0196      28772    19.9796     100.00     0.5731     0.5860         13 0.0000e+00
    776.463   54.85844 -155.40244    785.000     3.2081     3.2080  31.639029  31.637428    34.3230    34.3211     13.273     12.912    -0.1294     4.6586     0.0877     0.0877     0.0259     0.0198      28788    19.9913     100.00     0.5732     0.5850         13 0.0000e+00
    777.451   54.85844 -155.40244    786.000     3.2028     3.2027  31.635672  31.634103    34.3240    34.3222     13.284     12.217    -0.1051     4.6584     0.0879     0.0879     0.0262     0.0208      28807    20.0043     100.00     0.5732     0.5814         17 0.0000e+00
    778.438   54.85844 -155.40245    787.000     3.2000     3.1998  31.634163  31.632503    34.3246    34.3228     13.255     12.964    -0.1178     4.6583     0.0874     0.0874     0.0263     0.0203      28838    20.0259     100.00     0.5731     0.5853         23 0.0000e+00
    779.425   54.85844 -155.40246    788.000     3.1981     3.1980  31.633156  31.631630    34.3249    34.3231     13.267     13.092    -0.1340     4.6589     0.0875     0.0875     0.0257     0.0196      28882    20.0562     100.00     0.5731     0.5859         17 0.0000e+00
    780.412   54.85844 -155.40246    789.000     3.1952     3.1951  31.631768  31.630210    34.3257    34.3239     13.281     13.223    -0.1314     4.6577     0.0855     0.0855     0.0268     0.0197      28909    20.0753     100.00     0.5732     0.5866         18 0.0000e+00
    781.399   54.85844 -155.40248    790.000     3.1895     3.1895  31.628279  31.626724    34.3270    34.3251     13.287     13.297    -0.1344     4.6591     0.0879     0.0879     0.0256     0.0196      28930    20.0895     100.00     0.5732     0.5869         14 0.0000e+00
    782.387   54.85844 -155.40248    791.000     3.1804     3.1803  31.622520  31.620798    34.3292    34.3272     13.298     12.912    -0.1307     4.6593     0.0872     0.0872     0.0254     0.0198      28946    20.1007     100.00     0.5732     0.5849         10 0.0000e+00
    783.374   54.85844 -155.40248    792.000     3.1754     3.1754  31.619604  31.617929    34.3303    34.3284     13.367     13.025    -0.1338     4.6575     0.0867     0.0867     0.0270     0.0196      28961    20.1111     100.00     0.5736     0.5855         10 0.0000e+00
    784.361   54.85844 -155.40248    793.000     3.1750     3.1751  31.619551  31.618043    34.3302    34.3282     13.299     13.038    -0.1315     4.6580     0.0874     0.0874     0.0265     0.0197      28976    20.1213     100.00     0.5732     0.5855         12 0.0000e+00
    785.348   54.85844 -155.40248    794.000     3.1709     3.1709  31.617002  31.615481    34.3309    34.3291     13.347     13.075    -0.1319     4.6582     0.0876     0.0876     0.0263     0.0197      28993    20.1337     100.00     0.5735     0.5857         13 0.0000e+00
    786.336   54.85843 -155.40250    795.000     3.1694     3.1688  31.616278  31.614325    34.3311    34.3294     13.356     13.057    -0.1308     4.6583     0.0875     0.0875     0.0263     0.0197      29040    20.1657     100.00     0.5735     0.5856         21 0.0000e+00
    787.323   54.85842 -155.40250    796.000     3.1672     3.1674  31.615096  31.613755    34.3314    34.3296     13.372     13.121    -0.1325     4.6582     0.0879     0.0879     0.0263     0.0197      29081    20.1946     100.00     0.5736     0.5859         15 0.0000e+00
    788.310   54.85842 -155.40251    797.000     3.1670     3.1668  31.615375  31.613753    34.3315    34.3297     13.403     12.069    -0.1319     4.6586     0.0876     0.0876     0.0260     0.0197      29105    20.2110     100.00     0.5737     0.5805         13 0.0000e+00
    789.298   54.85842 -155.40252    798.000     3.1649     3.1652  31.614388  31.613071    34.3320    34.3301     13.389     12.923    -0.1343     4.6580     0.0867     0.0867     0.0265     0.0196      29124    20.2245     100.00     0.5737     0.5849         13 0.0000e+00
    790.285   54.85842 -155.40252    799.000     3.1632     3.1634  31.613595  31.612185    34.3323    34.3304     13.330     13.681    -0.1154     4.6587     0.0867     0.0867     0.0259     0.0204      29142    20.2367     100.00     0.5733     0.5888         13 0.0000e+00
    791.272   54.85842 -155.40252    800.000     3.1576     3.1575  31.610307  31.608472    34.3337    34.3316     13.433     14.025    -0.0832     4.6588     0.0868     0.0868     0.0259     0.0217      29159    20.2487     100.00     0.5739     0.5905         11 0.0000e+00
    792.259   54.85842 -155.40252    801.000     3.1556     3.1555  31.609155  31.607556    34.3339    34.3321     13.382     12.107    -0.0992     4.6582     0.0878     0.0878     0.0263     0.0211      29180    20.2635     100.00     0.5736     0.5807         13 0.0000e+00
    793.246   54.85842 -155.40253    802.000     3.1547     3.1547  31.608838  31.607247    34.3339    34.3320     13.403     12.280    -0.1297     4.6585     0.0872     0.0872     0.0261     0.0198      29216    20.2883     100.00     0.5737     0.5816         17 0.0000e+00
    794.233   54.85842 -155.40254    803.000     3.1546     3.1546  31.609161  31.607707    34.3339    34.3321     13.358     12.614    -0.1106     4.6560     0.0870     0.0870     0.0283     0.0206      29253    20.3139     100.00     0.5734     0.5833         12 0.0000e+00
    795.221   54.85842 -155.40255    804.000     3.1538     3.1540  31.609273  31.607791    34.3344    34.3324     13.414     12.319    -0.1372     4.6571     0.0875     0.0875     0.0273     0.0195      29279    20.3319     100.00     0.5737     0.5818         14 0.0000e+00
    796.208   54.85842 -155.40256    805.000     3.1525     3.1521  31.608739  31.606808    34.3346    34.3327     13.430     12.437    -0.1110     4.6586     0.0879     0.0879     0.0260     0.0206      29300    20.3469     100.00     0.5738     0.5823         14 0.0000e+00
    797.195   54.85842 -155.40256    806.000     3.1507     3.1507  31.607755  31.606388    34.3348    34.3331     13.375     13.145    -0.0716     4.6575     0.0879     0.0879     0.0269     0.0222      29318    20.3590     100.00     0.5735     0.5859         14 0.0000e+00
    798.182   54.85842 -155.40256    807.000     3.1496     3.1498  31.607558  31.606101    34.3351    34.3332     13.386     12.915    -0.0153     4.6575     0.0868     0.0868     0.0270     0.0244      29335    20.3705     100.00     0.5735     0.5848         12 0.0000e+00
    799.169   54.85842 -155.40256    808.000     3.1464     3.1462  31.605678  31.604014    34.3357    34.3340     13.422     12.640    -0.1116     4.6588     0.0863     0.0863     0.0258     0.0205      29352    20.3826     100.00     0.5737     0.5833         12 0.0000e+00
    800.156   54.85842 -155.40256    809.000     3.1432     3.1426  31.603772  31.601856    34.3363    34.3346     13.395     12.321    -0.1308     4.6592     0.0859     0.0859     0.0255     0.0197      29375    20.3984     100.00     0.5736     0.5817         15 0.0000e+00
    801.144   54.85842 -155.40258    810.000     3.1397     3.1398  31.601678  31.600347    34.3370    34.3352     13.452     12.461    -0.1197     4.6589     0.0883     0.0883     0.0257     0.0202      29425    20.4332     100.00     0.5739     0.5824         15 0.0000e+00
    802.131   54.85842 -155.40259    811.000     3.1380     3.1381  31.600875  31.599553    34.3372    34.3355     13.430     12.447    -0.1356     4.6592     0.0891     0.0891     0.0254     0.0195      29466    20.4616     100.00     0.5737     0.5823         16 0.0000e+00
    803.118   54.85842 -155.40260    812.000     3.1368     3.1368  31.600580  31.599068    34.3376    34.3358     13.475     12.836    -0.1367     4.6588     0.0869     0.0869     0.0258     0.0195      29488    20.4772     100.00     0.5740     0.5843         16 0.0000e+00
    804.105   54.85842 -155.40260    813.000     3.1360     3.1361  31.600436  31.598897    34.3378    34.3359     13.463     12.495    -0.1338     4.6591     0.0879     0.0879     0.0256     0.0196      29506    20.4895     100.00     0.5739     0.5826         11 0.0000e+00
    805.092   54.85842 -155.40260    814.000     3.1356     3.1353  31.600529  31.598854    34.3378    34.3361     13.461     12.679    -0.1342     4.6592     0.0886     0.0886     0.0255     0.0196      29522    20.5004     100.00     0.5739     0.5835         13 0.0000e+00
    806.079   54.85842 -155.40260    815.000     3.1343     3.1344  31.600011  31.598566    34.3380    34.3362     13.467     13.075    -0.1364     4.6593     0.0891     0.0891     0.0254     0.0195      29537    20.5108     100.00     0.5739     0.5855         11 0.0000e+00
    807.066   54.85842 -155.40260    816.000     3.1323     3.1321  31.598947  31.597424    34.3383    34.3366     13.493     13.374    -0.1347     4.6592     0.0872     0.0872     0.0255     0.0196      29553    20.5221     100.00     0.5741     0.5870         16 0.0000e+00
    808.053   54.85842 -155.40260    817.000     3.1308     3.1308  31.598328  31.596880    34.3386    34.3369     13.460     13.825    -0.1364     4.6588     0.0861     0.0861     0.0258     0.0195      29574    20.5370     100.00     0.5738     0.5893         18 0.0000e+00
    809.041   54.85842 -155.40262    818.000     3.1304     3.1305  31.598451  31.596886    34.3387    34.3367     13.427     13.272    -0.1177     4.6591     0.0867     0.0867     0.0256     0.0203      29618    20.5674     100.00     0.5736     0.5864         22 0.0000e+00
