Continuous CTD Data/SBE Stage/nabos_37_01.ros
* Sea-Bird SBE 9 Data File:
* FileName = D:\CTD\data\HLY2502\raw\NABOS_37_01.hex
* Software Version Seasave V 7.26.7.110
* Temperature SN = 6954
* Conductivity SN = 2561
* Number of Bytes Per Scan = 37
* Number of Voltage Words = 4
* Number of Scans Averaged by the Deck Unit = 1
* NMEA Latitude = 79 03.75 N
* NMEA Longitude = 130 24.14 E
* NMEA UTC (Time) = Sep 24 2025  20:20:46
* NMEA baud rate = 9600
** Ship: USCG HEALY
** Bot. Depth:  3116
** Cast Number:  01
** Station Name:  NABOS
** Station Number:  37
** Operator:  STARC
# nquan = 25
# nvalues = 1176                                  
# units = specified
# name 0 = depSM: Depth [salt water, m]
# name 1 = latitude: Latitude [deg]
# name 2 = longitude: Longitude [deg]
# name 3 = prDM: Pressure, Digiquartz [db]
# name 4 = t090C: Temperature [ITS-90, deg C]
# name 5 = t190C: Temperature, 2 [ITS-90, deg C]
# name 6 = c0mS/cm: Conductivity [mS/cm]
# name 7 = c1mS/cm: Conductivity, 2 [mS/cm]
# name 8 = sal00: Salinity, Practical [PSU]
# name 9 = sal11: Salinity, Practical, 2 [PSU]
# name 10 = sbox0Mm/Kg: Oxygen, SBE 43 [umol/kg]
# name 11 = sbox1Mm/Kg: Oxygen, SBE 43, 2 [umol/kg]
# name 12 = flECO-AFL: Fluorescence, WET Labs ECO-AFL/FL [mg/m^3]
# name 13 = v2: Voltage 2
# name 14 = wetCDOM: Fluorescence, WET Labs CDOM [mg/m^3]
# name 15 = v6: Voltage 6
# name 16 = CStarAt0: Beam Attenuation, WET Labs C-Star [1/m]
# name 17 = v3: Voltage 3
# name 18 = scan: Scan Count
# name 19 = timeM: Time, Elapsed [minutes]
# name 20 = altM: Altimeter [m]
# name 21 = sbeox0V: Oxygen raw, SBE 43 [V]
# name 22 = sbeox1V: Oxygen raw, SBE 43, 2 [V]
# name 23 = nbf: Bottles Fired
# name 24 = flag:  0.000e+00
# interval = seconds: 0.0416667
# start_time = Sep 24 2025 20:20:46 [NMEA time, header]
# bad_flag = -9.990e-29
*END*
[from data line 58]
   1000.412   79.06870  130.38468   1013.547    -0.0953    -0.0955  29.335895  29.334276    34.8999    34.8980    290.496    286.073    -0.1671     4.6264     0.0842     0.0842     0.0538     0.0183      57002    39.5840     100.00     2.0599     1.8231          2  0.000e+00
   1000.346   79.06870  130.38468   1013.479    -0.0953    -0.0954  29.335895  29.334043    34.9000    34.8976    290.494    285.800    -0.1671     4.6264     0.0842     0.0842     0.0538     0.0183      57003    39.5847     100.00     2.0599     1.8218          2  0.000e+00
   1000.470   79.06870  130.38468   1013.606    -0.0952    -0.0954  29.336081  29.334276    34.9000    34.8978    290.269    285.805    -0.1671     4.6264     0.0842     0.0842     0.0538     0.0183      57004    39.5854     100.00     2.0587     1.8218          2  0.000e+00
   1000.346   79.06870  130.38468   1013.479    -0.0955    -0.0954  29.335647  29.334392    34.8998    34.8981    290.267    285.530    -0.1976     4.6264     0.0842     0.0842     0.0538     0.0171      57005    39.5861     100.00     2.0587     1.8206          2  0.000e+00
   1000.346   79.06870  130.38468   1013.479    -0.0952    -0.0957  29.335585  29.334043    34.8994    34.8979    290.721    286.342    -0.1671     4.6276     0.0842     0.0842     0.0527     0.0183      57006    39.5868     100.00     2.0612     1.8243          2  0.000e+00
   1000.412   79.06870  130.38468   1013.547    -0.0954    -0.0954  29.335647  29.334043    34.8997    34.8976    290.498    287.152    -0.1671     4.6252     0.0842     0.0842     0.0548     0.0183      57007    39.5875     100.00     2.0599     1.8280          2  0.000e+00
   1000.487   79.06870  130.38468   1013.622    -0.0953    -0.0955  29.335648  29.334102    34.8996    34.8977    290.500    287.425    -0.1671     4.6264     0.0842     0.0842     0.0538     0.0183      57008    39.5882     100.00     2.0599     1.8292          2  0.000e+00
   1000.412   79.06870  130.38468   1013.547    -0.0954    -0.0955  29.335400  29.333926    34.8994    34.8975    290.498    287.153    -0.1671     4.6264     0.0855     0.0855     0.0538     0.0183      57009    39.5889     100.00     2.0599     1.8280          2  0.000e+00
   1000.412   79.06870  130.38468   1013.547    -0.0953    -0.0954  29.335338  29.334043    34.8992    34.8976    290.270    286.882    -0.1976     4.6264     0.0855     0.0855     0.0538     0.0171      57010    39.5896     100.00     2.0587     1.8267          2  0.000e+00
   1000.470   79.06870  130.38468   1013.606    -0.0955    -0.0955  29.335524  29.334101    34.8996    34.8977    290.501    286.885    -0.1976     4.6264     0.0855     0.0855     0.0538     0.0171      57011    39.5903     100.00     2.0599     1.8267          2  0.000e+00
   1000.470   79.06870  130.38468   1013.606    -0.0954    -0.0955  29.335710  29.333927    34.8998    34.8975    290.500    287.156    -0.1976     4.6264     0.0855     0.0855     0.0538     0.0171      57012    39.5910     100.00     2.0599     1.8280          2  0.000e+00
   1000.288   79.06870  130.38468   1013.420    -0.0954    -0.0957  29.335833  29.334043    34.9001    34.8980    290.492    287.419    -0.1671     4.6264     0.0855     0.0855     0.0538     0.0183      57013    39.5917     100.00     2.0599     1.8292          2  0.000e+00
   1000.470   79.06870  130.38468   1013.606    -0.0957    -0.0954  29.335462  29.333868    34.8997    34.8973    290.502    287.425    -0.1671     4.6264     0.0842     0.0842     0.0538     0.0183      57014    39.5924     100.00     2.0599     1.8292          2  0.000e+00
   1000.470   79.06870  130.38468   1013.606    -0.0956    -0.0957  29.335710  29.333868    34.9000    34.8976    290.501    287.696    -0.1671     4.6264     0.0855     0.0855     0.0538     0.0183      57015    39.5931     100.00     2.0599     1.8304          2  0.000e+00
   1000.412   79.06870  130.38468   1013.547    -0.0954    -0.0957  29.335462  29.333810    34.8995    34.8976    290.498    287.694    -0.1671     4.6264     0.0855     0.0855     0.0538     0.0183      57016    39.5938     100.00     2.0599     1.8304          2  0.000e+00
   1000.470   79.06870  130.38468   1013.606    -0.0953    -0.0957  29.335524  29.333985    34.8994    34.8978    290.500    287.426    -0.1671     4.6264     0.0855     0.0855     0.0538     0.0183      57017    39.5944     100.00     2.0599     1.8292          2  0.000e+00
   1000.470   79.06870  130.38468   1013.605    -0.0954    -0.0955  29.335710  29.333694    34.8998    34.8972    290.500    286.887    -0.1671     4.6264     0.0855     0.0855     0.0538     0.0183      57018    39.5951     100.00     2.0599     1.8267          2  0.000e+00
   1000.287   79.06870  130.38468   1013.420    -0.0953    -0.0959  29.335833  29.333402    34.8999    34.8973    290.492    286.612    -0.1976     4.6264     0.0855     0.0855     0.0538     0.0171      57019    39.5958     100.00     2.0599     1.8255          2  0.000e+00
   1000.470   79.06870  130.38468   1013.605    -0.0955    -0.0959  29.335895  29.334276    34.9001    34.8984    290.500    286.887    -0.1671     4.6264     0.0855     0.0855     0.0538     0.0183      57020    39.5965     100.00     2.0599     1.8267          2  0.000e+00
   1000.470   79.06870  130.38468   1013.605    -0.0953    -0.0957  29.335710  29.333985    34.8997    34.8978    290.499    286.887    -0.1671     4.6264     0.0855     0.0855     0.0538     0.0183      57021    39.5972     100.00     2.0599     1.8267          2  0.000e+00
   1000.428   79.06870  130.38468   1013.563    -0.0955    -0.0957  29.335647  29.333868    34.8998    34.8976    290.499    286.886    -0.1671     4.6264     0.0855     0.0855     0.0538     0.0183      57022    39.5979     100.00     2.0599     1.8267          2  0.000e+00
   1000.470   79.06870  130.38468   1013.605    -0.0956    -0.0955  29.335400  29.333810    34.8996    34.8973    290.274    286.886    -0.1671     4.6264     0.0855     0.0855     0.0538     0.0183      57023    39.5986     100.00     2.0587     1.8267          2  0.000e+00
   1000.470   79.06870  130.38468   1013.605    -0.0956    -0.0958  29.335524  29.333402    34.8997    34.8971    290.502    286.889    -0.1671     4.6264     0.0855     0.0855     0.0538     0.0183      57024    39.5993     100.00     2.0599     1.8267          2  0.000e+00
   1000.412   79.06870  130.38468   1013.546    -0.0955    -0.0959  29.335524  29.334160    34.8996    34.8982    290.271    286.885    -0.1671     4.6264     0.0855     0.0855     0.0538     0.0183      57025    39.6000     100.00     2.0587     1.8267          2  0.000e+00
   1000.470   79.06870  130.38468   1013.605    -0.0953    -0.0955  29.335586  29.333927    34.8995    34.8975    290.272    286.616    -0.1976     4.6264     0.0855     0.0855     0.0538     0.0171      57026    39.6007     100.00     2.0587     1.8255          2  0.000e+00
   1000.470   79.06870  130.38468   1013.605    -0.0954    -0.0955  29.335648  29.333810    34.8997    34.8973    290.500    286.886    -0.1671     4.6252     0.0855     0.0855     0.0548     0.0183      57027    39.6014     100.00     2.0599     1.8267          2  0.000e+00
   1000.470   79.06870  130.38468   1013.605    -0.0953    -0.0955  29.335648  29.333868    34.8996    34.8974    290.500    286.616    -0.1671     4.6239     0.0855     0.0855     0.0559     0.0183      57028    39.6021     100.00     2.0599     1.8255          2  0.000e+00
   1000.412   79.06870  130.38468   1013.546    -0.0958    -0.0957  29.335400  29.334043    34.8998    34.8979    290.501    286.345    -0.1671     4.6227     0.0855     0.0855     0.0570     0.0183      57029    39.6028     100.00     2.0599     1.8243          2  0.000e+00
   1000.470   79.06870  130.38468   1013.605    -0.0953    -0.0957  29.335524  29.333694    34.8994    34.8974    290.272    286.348    -0.1671     4.6227     0.0842     0.0842     0.0570     0.0183      57030    39.6035     100.00     2.0587     1.8243          2  0.000e+00
   1000.594   79.06870  130.38468   1013.732    -0.0955    -0.0955  29.335400  29.333752    34.8994    34.8972    290.507    286.352    -0.1671     4.6227     0.0855     0.0855     0.0570     0.0183      57031    39.6042     100.00     2.0599     1.8243          2  0.000e+00
   1000.470   79.06870  130.38468   1013.605    -0.0954    -0.0958  29.335895  29.334101    34.9000    34.8981    290.272    286.078    -0.1671     4.6227     0.0855     0.0855     0.0570     0.0183      57032    39.6049     100.00     2.0587     1.8231          2  0.000e+00
   1000.345   79.06870  130.38468   1013.479    -0.0954    -0.0955  29.335523  29.334334    34.8996    34.8981    290.268    285.801    -0.1976     4.6227     0.0855     0.0855     0.0570     0.0171      57033    39.6056     100.00     2.0587     1.8218          2  0.000e+00
   1000.594   79.06870  130.38468   1013.732    -0.0955    -0.0959  29.335524  29.333752    34.8995    34.8976    290.506    286.084    -0.1671     4.6227     0.0855     0.0855     0.0570     0.0183      57034    39.6063     100.00     2.0599     1.8231          2  0.000e+00
   1000.470   79.06872  130.38468   1013.605    -0.0954    -0.0957  29.335833  29.334043    34.9000    34.8979    290.500    286.078    -0.1366     4.6227     0.0842     0.0842     0.0570     0.0195      57035    39.6069     100.00     2.0599     1.8231          2  0.000e+00
   1000.428   79.06872  130.38468   1013.563    -0.0954    -0.0954  29.335709  29.334101    34.8998    34.8976    290.499    286.074    -0.1671     4.6227     0.0842     0.0842     0.0570     0.0183      57036    39.6076     100.00     2.0599     1.8231          2  0.000e+00
   1000.470   79.06872  130.38468   1013.605    -0.0955    -0.0959  29.335648  29.333694    34.8998    34.8976    290.501    286.080    -0.1671     4.6227     0.0842     0.0842     0.0570     0.0183      57037    39.6083     100.00     2.0599     1.8231          2  0.000e+00
   1000.470   79.06872  130.38468   1013.605    -0.0954    -0.0955  29.335710  29.333810    34.8998    34.8973    290.501    286.347    -0.1671     4.6227     0.0830     0.0830     0.0570     0.0183      57038    39.6090     100.00     2.0599     1.8243          2  0.000e+00
   1000.536   79.06872  130.38468   1013.673    -0.0958    -0.0957  29.335648  29.334276    34.9000    34.8981    290.277    286.619    -0.1671     4.6227     0.0842     0.0842     0.0570     0.0183      57039    39.6097     100.00     2.0587     1.8255          2  0.000e+00
   1000.536   79.06872  130.38468   1013.673    -0.0953    -0.0957  29.335648  29.333752    34.8995    34.8974    290.275    286.621    -0.1671     4.6227     0.0842     0.0842     0.0570     0.0183      57040    39.6104     100.00     2.0587     1.8255          2  0.000e+00
   1000.470   79.06872  130.38468   1013.605    -0.0953    -0.0957  29.335648  29.334043    34.8996    34.8979    290.272    286.078    -0.1671     4.6227     0.0842     0.0842     0.0570     0.0183      57041    39.6111     100.00     2.0587     1.8231          2  0.000e+00
    750.216   79.06954  130.38220    759.605     0.0157     0.0159  29.287482  29.285785    34.8574    34.8550    294.914    291.783    -0.1061     4.6288     0.0842     0.0842     0.0517     0.0208      65794    45.6896     100.00     2.1428     1.8984          3  0.000e+00
    750.282   79.06954  130.38220    759.672     0.0157     0.0156  29.287668  29.285785    34.8576    34.8553    295.136    291.788    -0.1366     4.6300     0.0842     0.0842     0.0506     0.0195      65795    45.6903     100.00     2.1440     1.8984          3  0.000e+00
    750.274   79.06954  130.38218    759.663     0.0157     0.0154  29.287854  29.285552    34.8579    34.8552    294.915    291.789    -0.1366     4.6288     0.0842     0.0842     0.0517     0.0195      65796    45.6910     100.00     2.1428     1.8984          3  0.000e+00
    750.274   79.06954  130.38218    759.663     0.0157     0.0157  29.287854  29.285494    34.8579    34.8548    295.135    291.787    -0.1366     4.6288     0.0842     0.0842     0.0517     0.0195      65797    45.6917     100.00     2.1440     1.8984          3  0.000e+00
    750.274   79.06954  130.38218    759.663     0.0156     0.0156  29.287854  29.285669    34.8581    34.8552    294.916    291.788    -0.1976     4.6288     0.0842     0.0842     0.0517     0.0171      65798    45.6924     100.00     2.1428     1.8984          3  0.000e+00
    750.274   79.06954  130.38218    759.663     0.0159     0.0156  29.287420  29.285960    34.8571    34.8556    295.135    291.527    -0.1671     4.6300     0.0842     0.0842     0.0506     0.0183      65799    45.6931     100.00     2.1440     1.8972          3  0.000e+00
    750.274   79.06954  130.38218    759.663     0.0159     0.0154  29.287482  29.285843    34.8572    34.8556    295.135    291.528    -0.1671     4.6300     0.0842     0.0842     0.0506     0.0183      65800    45.6938     100.00     2.1440     1.8972          3  0.000e+00
    750.274   79.06954  130.38218    759.663     0.0159     0.0157  29.287606  29.285960    34.8574    34.8554    295.134    291.007    -0.1671     4.6300     0.0842     0.0842     0.0506     0.0183      65801    45.6944     100.00     2.1440     1.8948          3  0.000e+00
    750.282   79.06954  130.38218    759.672     0.0157     0.0154  29.287792  29.285843    34.8578    34.8556    295.135    290.490    -0.1671     4.6300     0.0842     0.0842     0.0506     0.0183      65802    45.6951     100.00     2.1440     1.8923          3  0.000e+00
    750.274   79.06954  130.38218    759.663     0.0159     0.0159  29.287668  29.285785    34.8575    34.8550    295.134    290.487    -0.1671     4.6300     0.0842     0.0842     0.0506     0.0183      65803    45.6958     100.00     2.1440     1.8923          3  0.000e+00
    750.216   79.06954  130.38218    759.605     0.0159     0.0157  29.287358  29.285785    34.8571    34.8552    294.913    290.746    -0.1671     4.6300     0.0842     0.0842     0.0506     0.0183      65804    45.6965     100.00     2.1428     1.8935          3  0.000e+00
    750.274   79.06954  130.38218    759.663     0.0159     0.0156  29.287482  29.285960    34.8572    34.8556    294.915    291.008    -0.1671     4.6300     0.0830     0.0830     0.0506     0.0183      65805    45.6972     100.00     2.1428     1.8948          3  0.000e+00
    750.332   79.06954  130.38218    759.722     0.0157     0.0157  29.287173  29.285611    34.8570    34.8549    295.139    291.011    -0.1671     4.6300     0.0842     0.0842     0.0506     0.0183      65806    45.6979     100.00     2.1440     1.8948          3  0.000e+00
    750.274   79.06954  130.38218    759.663     0.0156     0.0156  29.287234  29.285669    34.8573    34.8552    294.918    291.269    -0.1671     4.6300     0.0842     0.0842     0.0506     0.0183      65807    45.6986     100.00     2.1428     1.8960          3  0.000e+00
    750.282   79.06954  130.38218    759.672     0.0157     0.0156  29.287111  29.285785    34.8569    34.8553    295.137    291.009    -0.1671     4.6300     0.0842     0.0842     0.0506     0.0183      65808    45.6993     100.00     2.1440     1.8948          3  0.000e+00
    750.274   79.06954  130.38218    759.663     0.0156     0.0154  29.287420  29.285785    34.8575    34.8555    294.918    290.750    -0.1976     4.6300     0.0842     0.0842     0.0506     0.0171      65809    45.7000     100.00     2.1428     1.8935          3  0.000e+00
    750.274   79.06954  130.38218    759.663     0.0161     0.0157  29.287606  29.285785    34.8572    34.8552    295.133    290.748    -0.1671     4.6300     0.0842     0.0842     0.0506     0.0183      65810    45.7007     100.00     2.1440     1.8935          3  0.000e+00
