Continuous CTD Data/SBE Stage/nabos_34_01avg.cnv
* Sea-Bird SBE 9 Data File:
* FileName = D:\CTD\data\HLY2502\raw\NABOS_34_01.hex
* Software Version Seasave V 7.26.7.110
* Temperature SN = 6954
* Conductivity SN = 2561
* Number of Bytes Per Scan = 37
* Number of Voltage Words = 4
* Number of Scans Averaged by the Deck Unit = 1
* NMEA Latitude = 79 43.52 N
* NMEA Longitude = 137 55.80 E
* NMEA UTC (Time) = Sep 23 2025  23:29:11
* NMEA baud rate = 9600
** Ship: USCG HEALY
** Bot. Depth:  2758
** Cast Number:  01
** Station Name:  NABOS
** Station Number:  34
** Operator:  STARC
** 2760m target, but 5m off the bottom actual
# nquan = 25
# nvalues = 2801                        
# units = specified
# name 0 = depSM: Depth [salt water, m]
# name 1 = latitude: Latitude [deg]
# name 2 = longitude: Longitude [deg]
# name 3 = prDM: Pressure, Digiquartz [db]
# name 4 = t090C: Temperature [ITS-90, deg C]
# name 5 = t190C: Temperature, 2 [ITS-90, deg C]
# name 6 = c0mS/cm: Conductivity [mS/cm]
# name 7 = c1mS/cm: Conductivity, 2 [mS/cm]
# name 8 = sal00: Salinity, Practical [PSU]
# name 9 = sal11: Salinity, Practical, 2 [PSU]
# name 10 = sbox0Mm/Kg: Oxygen, SBE 43 [umol/kg]
# name 11 = sbox1Mm/Kg: Oxygen, SBE 43, 2 [umol/kg]
# name 12 = flECO-AFL: Fluorescence, WET Labs ECO-AFL/FL [mg/m^3]
# name 13 = v2: Voltage 2
# name 14 = wetCDOM: Fluorescence, WET Labs CDOM [mg/m^3]
# name 15 = v6: Voltage 6
# name 16 = CStarAt0: Beam Attenuation, WET Labs C-Star [1/m]
# name 17 = v3: Voltage 3
# name 18 = scan: Scan Count
# name 19 = timeM: Time, Elapsed [minutes]
# name 20 = altM: Altimeter [m]
# name 21 = sbeox0V: Oxygen raw, SBE 43 [V]
# name 22 = sbeox1V: Oxygen raw, SBE 43, 2 [V]
# name 23 = nbin: number of scans per bin
# name 24 = flag: flag
# span 0 =      2.968,   2755.015       
# span 1 =   79.72530,   79.73129       
# span 2 =  137.90866,  137.92870       
# span 3 =      3.000,   2803.000       
# span 4 =    -1.6152,     1.9406       
# span 5 =    -1.6148,     1.9397       
# span 6 =  22.405300,  30.746208       
# span 7 =  22.403479,  30.743700       
# span 8 =    27.6615,    34.9365       
# span 9 =    27.6596,    34.9346       
# span 10 =    278.224,    376.199      
# span 11 =    251.690,    380.706      
# span 12 =    -0.1919,     0.5399      
# span 13 =     4.3371,     4.6380      
# span 14 =     0.0658,     0.1395      
# span 15 =     0.0658,     0.1395      
# span 16 =     0.0438,     0.3125      
# span 17 =     0.0173,     0.0466      
# span 18 =       2582,      89186      
# span 19 =     1.7920,    61.9342      
# span 20 =       2.58,     100.00      
# span 21 =     1.6557,     2.6152      
# span 22 =     1.4474,     2.2992      
# span 23 =          4,         28      
# span 24 = 0.0000e+00, 0.0000e+00      
# interval = decibars: 1                
# start_time = Sep 23 2025 23:29:11 [NMEA time, header]
# bad_flag = -9.990e-29
*END*
[from data line 1334]
   1318.630   79.72812  137.91880   1337.000    -0.3147    -0.3148  29.292505  29.290855    34.9069    34.9049    287.678    285.145    -0.1555     4.6275     0.0844     0.0844     0.0528     0.0188      41538    28.8453     100.00     1.9703     1.7565         12 0.0000e+00
   1319.614   79.72814  137.91880   1338.000    -0.3156    -0.3156  29.292370  29.290677    34.9072    34.9049    287.750    283.658    -0.1486     4.6278     0.0842     0.0842     0.0525     0.0190      41565    28.8642     100.00     1.9704     1.7498         10 0.0000e+00
   1320.597   79.72814  137.91878   1339.000    -0.3165    -0.3166  29.291935  29.290309    34.9071    34.9050    287.767    284.914    -0.1670     4.6269     0.0832     0.0832     0.0533     0.0183      41594    28.8841     100.00     1.9703     1.7551         14 0.0000e+00
   1321.580   79.72814  137.91877   1340.000    -0.3176    -0.3177  29.291429  29.289771    34.9071    34.9050    287.690    285.028    -0.1368     4.6273     0.0839     0.0839     0.0530     0.0195      41622    28.9036     100.00     1.9696     1.7554         11 0.0000e+00
   1322.563   79.72814  137.91876   1341.000    -0.3189    -0.3190  29.290745  29.289149    34.9071    34.9051    287.613    284.503    -0.1661     4.6279     0.0832     0.0832     0.0524     0.0183      41649    28.9220     100.00     1.9690     1.7529         13 0.0000e+00
   1323.546   79.72814  137.91875   1342.000    -0.3214    -0.3215  29.289069  29.287390    34.9071    34.9051    287.708    284.428    -0.1745     4.6283     0.0846     0.0846     0.0522     0.0180      41675    28.9404     100.00     1.9692     1.7523         13 0.0000e+00
   1324.529   79.72814  137.91874   1343.000    -0.3225    -0.3226  29.288583  29.286991    34.9071    34.9052    287.600    283.694    -0.1702     4.6278     0.0836     0.0836     0.0526     0.0182      41701    28.9585     100.00     1.9683     1.7489         12 0.0000e+00
   1325.512   79.72814  137.91872   1344.000    -0.3234    -0.3235  29.288347  29.286693    34.9074    34.9052    287.560    285.160    -0.1693     4.6279     0.0837     0.0837     0.0525     0.0182      41731    28.9790     100.00     1.9679     1.7551         14 0.0000e+00
   1326.495   79.72814  137.91872   1345.000    -0.3235    -0.3237  29.288623  29.287115    34.9073    34.9054    287.606    285.514    -0.1721     4.6276     0.0841     0.0841     0.0527     0.0181      41759    28.9983     100.00     1.9680     1.7564         12 0.0000e+00
   1327.478   79.72814  137.91870   1346.000    -0.3248    -0.3249  29.288047  29.286418    34.9074    34.9053    287.716    281.793    -0.1700     4.6277     0.0841     0.0841     0.0526     0.0182      41785    29.0166     100.00     1.9683     1.7401         10 0.0000e+00
   1328.461   79.72814  137.91869   1347.000    -0.3259    -0.3260  29.287535  29.285765    34.9075    34.9051    287.860    284.361    -0.1487     4.6280     0.0840     0.0840     0.0523     0.0190      41813    29.0362     100.00     1.9688     1.7510         14 0.0000e+00
   1329.445   79.72814  137.91868   1348.000    -0.3270    -0.3271  29.286998  29.285392    34.9074    34.9053    287.999    269.447    -0.1311     4.6287     0.0832     0.0832     0.0518     0.0197      41841    29.0552     100.00     1.9692     1.6862         11 0.0000e+00
   1330.428   79.72814  137.91867   1349.000    -0.3281    -0.3282  29.286498  29.284912    34.9073    34.9054    287.964    274.220    -0.1606     4.6286     0.0850     0.0850     0.0519     0.0186      41869    29.0750     100.00     1.9688     1.7067         11 0.0000e+00
   1331.410   79.72814  137.91866   1350.000    -0.3291    -0.3292  29.286058  29.284413    34.9074    34.9053    287.916    280.472    -0.1367     4.6291     0.0853     0.0853     0.0514     0.0195      41896    29.0939     100.00     1.9683     1.7336          7 0.0000e+00
   1332.394   79.72816  137.91864   1351.000    -0.3301    -0.3302  29.285668  29.284066    34.9074    34.9054    287.721    281.194    -0.1509     4.6276     0.0844     0.0844     0.0527     0.0189      41925    29.1141     100.00     1.9671     1.7365         14 0.0000e+00
   1333.377   79.72816  137.91864   1352.000    -0.3315    -0.3316  29.284936  29.283333    34.9075    34.9055    287.733    282.803    -0.1470     4.6287     0.0853     0.0853     0.0517     0.0191      41953    29.1337     100.00     1.9669     1.7433         12 0.0000e+00
   1334.360   79.72816  137.91862   1353.000    -0.3332    -0.3333  29.284048  29.282455    34.9076    34.9056    287.752    283.223    -0.1631     4.6289     0.0841     0.0841     0.0516     0.0185      41982    29.1531     100.00     1.9667     1.7448         16 0.0000e+00
   1335.343   79.72816  137.91861   1354.000    -0.3336    -0.3337  29.284101  29.282451    34.9076    34.9055    287.789    283.026    -0.1450     4.6293     0.0841     0.0841     0.0512     0.0192      42008    29.1714     100.00     1.9667     1.7438         12 0.0000e+00
   1336.326   79.72816  137.91859   1355.000    -0.3346    -0.3346  29.283704  29.282185    34.9076    34.9056    287.791    283.413    -0.1788     4.6285     0.0841     0.0841     0.0520     0.0178      42035    29.1903     100.00     1.9665     1.7453         12 0.0000e+00
   1337.309   79.72816  137.91858   1356.000    -0.3355    -0.3357  29.283261  29.281642    34.9075    34.9056    287.734    283.758    -0.1727     4.6288     0.0832     0.0832     0.0517     0.0181      42061    29.2083     100.00     1.9660     1.7466         11 0.0000e+00
   1338.292   79.72816  137.91857   1357.000    -0.3361    -0.3362  29.283209  29.281689    34.9076    34.9056    287.695    283.599    -0.1488     4.6292     0.0849     0.0849     0.0514     0.0190      42089    29.2277     100.00     1.9655     1.7457         12 0.0000e+00
   1339.275   79.72816  137.91856   1358.000    -0.3370    -0.3372  29.282901  29.281286    34.9077    34.9057    287.764    283.610    -0.1345     4.6290     0.0831     0.0831     0.0516     0.0196      42117    29.2473     100.00     1.9656     1.7456         15 0.0000e+00
   1340.258   79.72816  137.91854   1359.000    -0.3378    -0.3378  29.282629  29.281190    34.9076    34.9057    287.679    283.638    -0.1430     4.6287     0.0838     0.0838     0.0518     0.0192      42145    29.2667     100.00     1.9650     1.7455         13 0.0000e+00
   1341.241   79.72816  137.91853   1360.000    -0.3375    -0.3376  29.283220  29.281857    34.9075    34.9058    287.689    283.225    -0.1642     4.6290     0.0832     0.0832     0.0515     0.0184      42173    29.2859     100.00     1.9648     1.7436         13 0.0000e+00
   1342.224   79.72816  137.91851   1361.000    -0.3381    -0.3383  29.283277  29.281650    34.9077    34.9057    287.685    283.616    -0.1506     4.6293     0.0839     0.0839     0.0512     0.0189      42200    29.3049     100.00     1.9646     1.7451          9 0.0000e+00
   1343.207   79.72816  137.91850   1362.000    -0.3390    -0.3391  29.282880  29.281365    34.9076    34.9058    287.542    283.802    -0.1604     4.6300     0.0831     0.0831     0.0506     0.0186      42227    29.3239     100.00     1.9637     1.7457          9 0.0000e+00
   1344.190   79.72816  137.91849   1363.000    -0.3400    -0.3401  29.282702  29.281017    34.9079    34.9058    287.287    283.885    -0.1652     4.6296     0.0842     0.0842     0.0510     0.0184      42257    29.3442     100.00     1.9621     1.7458         14 0.0000e+00
   1345.173   79.72818  137.91848   1364.000    -0.3410    -0.3411  29.282352  29.280624    34.9080    34.9059    287.545    283.363    -0.1334     4.6288     0.0841     0.0841     0.0517     0.0196      42285    29.3636     100.00     1.9632     1.7434         12 0.0000e+00
   1346.156   79.72818  137.91846   1365.000    -0.3413    -0.3414  29.282263  29.280751    34.9077    34.9059    287.383    283.891    -0.1761     4.6300     0.0841     0.0841     0.0507     0.0179      42312    29.3828     100.00     1.9622     1.7455         15 0.0000e+00
   1347.139   79.72818  137.91844   1366.000    -0.3427    -0.3428  29.281602  29.280028    34.9078    34.9058    287.382    283.780    -0.1621     4.6299     0.0829     0.0829     0.0507     0.0185      42339    29.4015     100.00     1.9619     1.7448         11 0.0000e+00
   1348.122   79.72818  137.91843   1367.000    -0.3437    -0.3438  29.281337  29.279645    34.9080    34.9059    287.572    293.674    -0.1434     4.6299     0.0830     0.0830     0.0507     0.0192      42367    29.4206     100.00     1.9626     1.7874         12 0.0000e+00
   1349.105   79.72818  137.91842   1368.000    -0.3450    -0.3451  29.280745  29.279064    34.9082    34.9061    287.585    290.106    -0.1768     4.6294     0.0854     0.0854     0.0511     0.0179      42393    29.4386     100.00     1.9624     1.7718         11 0.0000e+00
   1350.088   79.72818  137.91841   1369.000    -0.3463    -0.3464  29.280062  29.278429    34.9082    34.9062    287.598    289.326    -0.1747     4.6296     0.0839     0.0839     0.0510     0.0180      42419    29.4573     100.00     1.9623     1.7681          8 0.0000e+00
   1351.071   79.72818  137.91839   1370.000    -0.3469    -0.3470  29.279949  29.278318    34.9082    34.9062    287.764    288.546    -0.1739     4.6300     0.0830     0.0830     0.0506     0.0180      42447    29.4763     100.00     1.9629     1.7646          9 0.0000e+00
   1352.054   79.72818  137.91838   1371.000    -0.3481    -0.3482  29.279532  29.277834    34.9084    34.9062    287.727    290.185    -0.1761     4.6300     0.0830     0.0830     0.0506     0.0179      42476    29.4964     100.00     1.9624     1.7715         10 0.0000e+00
   1353.037   79.72818  137.91836   1372.000    -0.3500    -0.3502  29.278236  29.276531    34.9083    34.9062    287.755    282.742    -0.1703     4.6308     0.0853     0.0853     0.0500     0.0182      42503    29.5152     100.00     1.9623     1.7391         10 0.0000e+00
   1354.020   79.72818  137.91834   1373.000    -0.3506    -0.3508  29.278044  29.276482    34.9081    34.9063    287.823    284.008    -0.1671     4.6313     0.0842     0.0842     0.0496     0.0183      42528    29.5328     100.00     1.9625     1.7444          8 0.0000e+00
   1355.003   79.72818  137.91833   1374.000    -0.3521    -0.3521  29.277333  29.275635    34.9083    34.9060    287.679    281.844    -0.1613     4.6298     0.0854     0.0854     0.0508     0.0185      42557    29.5530     100.00     1.9614     1.7348         11 0.0000e+00
   1355.986   79.72819  137.91831   1375.000    -0.3546    -0.3547  29.275565  29.273968    34.9083    34.9062    287.601    276.199    -0.1596     4.6305     0.0840     0.0840     0.0502     0.0186      42587    29.5734     100.00     1.9607     1.7102         12 0.0000e+00
   1356.969   79.72820  137.91830   1376.000    -0.3556    -0.3557  29.275169  29.273713    34.9083    34.9065    287.542    281.931    -0.1378     4.6301     0.0828     0.0828     0.0505     0.0195      42616    29.5940     100.00     1.9602     1.7348         10 0.0000e+00
   1357.952   79.72820  137.91828   1377.000    -0.3567    -0.3568  29.274598  29.272966    34.9083    34.9062    287.328    284.648    -0.1733     4.6300     0.0830     0.0830     0.0506     0.0181      42642    29.6120     100.00     1.9589     1.7463          9 0.0000e+00
   1358.935   79.72820  137.91826   1378.000    -0.3575    -0.3576  29.274405  29.272938    34.9083    34.9065    287.337    283.241    -0.1723     4.6300     0.0840     0.0840     0.0506     0.0181      42669    29.6306     100.00     1.9587     1.7400         12 0.0000e+00
   1359.918   79.72820  137.91826   1379.000    -0.3579    -0.3581  29.274471  29.272908    34.9082    34.9064    287.450    283.731    -0.1676     4.6307     0.0842     0.0842     0.0500     0.0183      42694    29.6482     100.00     1.9591     1.7419          8 0.0000e+00
   1360.901   79.72820  137.91824   1380.000    -0.3581    -0.3583  29.274672  29.272994    34.9083    34.9062    287.481    289.398    -0.1434     4.6303     0.0855     0.0855     0.0504     0.0192      42723    29.6678     100.00     1.9590     1.7662          9 0.0000e+00
   1361.884   79.72820  137.91822   1381.000    -0.3584    -0.3586  29.274805  29.273293    34.9082    34.9064    287.503    285.677    -0.1367     4.6303     0.0842     0.0842     0.0504     0.0195      42751    29.6876     100.00     1.9589     1.7500         12 0.0000e+00
   1362.867   79.72820  137.91821   1382.000    -0.3589    -0.3590  29.274946  29.273363    34.9084    34.9064    287.536    286.237    -0.1660     4.6317     0.0838     0.0838     0.0492     0.0183      42780    29.7079     100.00     1.9588     1.7523         13 0.0000e+00
   1363.850   79.72820  137.91819   1383.000    -0.3596    -0.3597  29.274846  29.273121    34.9085    34.9063    287.571    295.217    -0.1809     4.6321     0.0829     0.0829     0.0488     0.0178      42807    29.7264     100.00     1.9588     1.7907         12 0.0000e+00
   1364.833   79.72820  137.91818   1384.000    -0.3610    -0.3610  29.274165  29.272481    34.9086    34.9064    287.657    281.213    -0.1753     4.6314     0.0842     0.0842     0.0495     0.0180      42832    29.7439     100.00     1.9590     1.7302         11 0.0000e+00
   1365.815   79.72820  137.91816   1385.000    -0.3611    -0.3612  29.274419  29.272825    34.9085    34.9065    287.559    287.661    -0.1763     4.6338     0.0854     0.0854     0.0473     0.0179      42858    29.7621     100.00     1.9583     1.7578         10 0.0000e+00
   1366.798   79.72820  137.91814   1386.000    -0.3618    -0.3619  29.274289  29.272669    34.9085    34.9065    287.561    288.412    -0.1350     4.6333     0.0841     0.0841     0.0478     0.0196      42886    29.7811     100.00     1.9581     1.7608          8 0.0000e+00
   1367.781   79.72822  137.91813   1387.000    -0.3620    -0.3621  29.274601  29.272905    34.9086    34.9065    287.551    284.025    -0.1365     4.6328     0.0851     0.0851     0.0482     0.0195      42917    29.8024     100.00     1.9578     1.7418         12 0.0000e+00
   1368.764   79.72822  137.91811   1388.000    -0.3625    -0.3626  29.274592  29.272901    34.9086    34.9065    287.497    283.795    -0.1583     4.6327     0.0840     0.0840     0.0484     0.0187      42945    29.8220     100.00     1.9573     1.7406          8 0.0000e+00
   1369.747   79.72822  137.91809   1389.000    -0.3630    -0.3631  29.274529  29.272790    34.9085    34.9063    287.508    292.995    -0.1735     4.6322     0.0836     0.0836     0.0487     0.0181      42972    29.8407     100.00     1.9572     1.7800          8 0.0000e+00
   1370.730   79.72822  137.91808   1390.000    -0.3636    -0.3637  29.274390  29.272817    34.9085    34.9065    287.555    286.992    -0.1447     4.6320     0.0845     0.0845     0.0489     0.0192      42997    29.8586     100.00     1.9572     1.7540          7 0.0000e+00
   1371.713   79.72822  137.91807   1391.000    -0.3642    -0.3643  29.274398  29.272826    34.9086    34.9067    287.464    284.134    -0.1919     4.6313     0.0813     0.0813     0.0496     0.0173      43025    29.8777     100.00     1.9565     1.7415          9 0.0000e+00
   1372.696   79.72822  137.91804   1392.000    -0.3653    -0.3655  29.273765  29.272158    34.9085    34.9065    287.380    283.105    -0.1570     4.6317     0.0837     0.0837     0.0492     0.0187      43052    29.8967     100.00     1.9558     1.7369          8 0.0000e+00
   1373.679   79.72822  137.91804   1393.000    -0.3666    -0.3667  29.273219  29.271543    34.9087    34.9065    287.392    280.017    -0.1793     4.6325     0.0841     0.0841     0.0485     0.0178      43082    29.9174     100.00     1.9556     1.7234          8 0.0000e+00
