Continuous CTD Data/SBE Stage/nabos_15_02.ros
* Sea-Bird SBE 9 Data File:
* FileName = D:\CTD\data\HLY2502\raw\NABOS_15_02.hex
* Software Version Seasave V 7.26.7.110
* Temperature SN = 6954
* Conductivity SN = 2561
* Number of Bytes Per Scan = 37
* Number of Voltage Words = 4
* Number of Scans Averaged by the Deck Unit = 1
* NMEA Latitude = 78 29.96 N
* NMEA Longitude = 170 07.40 W
* NMEA UTC (Time) = Sep 09 2025  17:34:44
* NMEA baud rate = 9600
** Ship: USCG HEALY
** Bot. Depth:  2700
** Cast Number:
** Station Name:  15
** Station Number:
** Operator:  STARC
# nquan = 25
# nvalues = 1176                                  
# units = specified
# name 0 = depSM: Depth [salt water, m]
# name 1 = latitude: Latitude [deg]
# name 2 = longitude: Longitude [deg]
# name 3 = prDM: Pressure, Digiquartz [db]
# name 4 = t090C: Temperature [ITS-90, deg C]
# name 5 = t190C: Temperature, 2 [ITS-90, deg C]
# name 6 = c0mS/cm: Conductivity [mS/cm]
# name 7 = c1mS/cm: Conductivity, 2 [mS/cm]
# name 8 = sal00: Salinity, Practical [PSU]
# name 9 = sal11: Salinity, Practical, 2 [PSU]
# name 10 = sbox0Mm/Kg: Oxygen, SBE 43 [umol/kg]
# name 11 = sbox1Mm/Kg: Oxygen, SBE 43, 2 [umol/kg]
# name 12 = flECO-AFL: Fluorescence, WET Labs ECO-AFL/FL [mg/m^3]
# name 13 = v2: Voltage 2
# name 14 = wetCDOM: Fluorescence, WET Labs CDOM [mg/m^3]
# name 15 = v6: Voltage 6
# name 16 = CStarAt0: Beam Attenuation, WET Labs C-Star [1/m]
# name 17 = v3: Voltage 3
# name 18 = scan: Scan Count
# name 19 = timeM: Time, Elapsed [minutes]
# name 20 = altM: Altimeter [m]
# name 21 = sbeox0V: Oxygen raw, SBE 43 [V]
# name 22 = sbeox1V: Oxygen raw, SBE 43, 2 [V]
# name 23 = nbf: Bottles Fired
# name 24 = flag:  0.000e+00
# interval = seconds: 0.0416667
# start_time = Sep 09 2025 17:34:44 [NMEA time, header]
# bad_flag = -9.990e-29
*END*
[from data line 986]
     19.782   78.50028 -170.09896     19.993    -1.4771    -1.4757  24.163528  24.162861    30.0196    30.0174    370.035    358.365     0.3213     4.6166     0.1038     0.1038     0.0622     0.0379      34894    24.2312      87.25     2.5943     2.2389         21  0.000e+00
     19.864   78.50028 -170.09896     20.076    -1.4771    -1.4759  24.165722  24.157159    30.0226    30.0098    370.246    358.138     0.3213     4.6166     0.1038     0.1038     0.0622     0.0379      34895    24.2319      87.23     2.5956     2.2376         21  0.000e+00
     19.782   78.50028 -170.09896     19.993    -1.4771    -1.4760  24.169533  24.149393    30.0279    29.9993    370.227    358.165     0.3213     4.6154     0.1038     0.1038     0.0633     0.0379      34896    24.2326      87.25     2.5956     2.2376         21  0.000e+00
     19.782   78.50028 -170.09896     19.993    -1.4774    -1.4760  24.173749  24.142878    30.0339    29.9905    370.212    357.936     0.3518     4.6166     0.1038     0.1038     0.0622     0.0391      34897    24.2333      87.23     2.5956     2.2364         21  0.000e+00
     19.782   78.50028 -170.09896     19.993    -1.4775    -1.4766  24.177618  24.138697    30.0392    29.9854    370.197    358.211     0.3213     4.6154     0.1038     0.1038     0.0633     0.0379      34898    24.2340      87.67     2.5956     2.2376         21  0.000e+00
     19.798   78.50028 -170.09896     20.010    -1.4777    -1.4765  24.178369  24.135983    30.0405    29.9816    370.197    358.221     0.3213     4.6129     0.1038     0.1038     0.0654     0.0379      34899    24.2347      87.89     2.5956     2.2376         21  0.000e+00
     19.847   78.50028 -170.09896     20.059    -1.4779    -1.4765  24.176290  24.131803    30.0378    29.9758    370.210    358.494     0.3213     4.6081     0.1038     0.1038     0.0697     0.0379      34900    24.2354      87.94     2.5956     2.2389         21  0.000e+00
     19.782   78.50028 -170.09896     19.993    -1.4775    -1.4766  24.170053  24.126700    30.0290    29.9690    370.228    358.512     0.3213     4.6068     0.1038     0.1038     0.0707     0.0379      34901    24.2361      88.01     2.5956     2.2389         21  0.000e+00
     19.847   78.50028 -170.09896     20.059    -1.4775    -1.4766  24.163181  24.122086    30.0195    29.9627    370.473    358.533     0.3213     4.6068     0.1038     0.1038     0.0707     0.0379      34902    24.2368      87.91     2.5968     2.2389         21  0.000e+00
     19.741   78.50028 -170.09896     19.952    -1.4770    -1.4765  24.159948  24.118232    30.0147    29.9574    370.261    358.541     0.3213     4.6068     0.1038     0.1038     0.0707     0.0379      34903    24.2375      87.67     2.5956     2.2389         21  0.000e+00
     19.847   78.50028 -170.09896     20.059    -1.4772    -1.4763  24.161507  24.118178    30.0170    29.9571    370.263    358.291     0.3518     4.6068     0.1038     0.1038     0.0707     0.0391      34904    24.2382      87.45     2.5956     2.2376         21  0.000e+00
     19.782   78.50028 -170.09896     19.993    -1.4773    -1.4765  24.165664  24.120241    30.0228    29.9601    370.243    358.027     0.3213     4.6068     0.1038     0.1038     0.0707     0.0379      34905    24.2389      87.28     2.5956     2.2364         21  0.000e+00
     19.798   78.50028 -170.09896     20.010    -1.4772    -1.4765  24.168725  24.125126    30.0269    29.9668    370.232    358.263     0.2908     4.6068     0.1038     0.1038     0.0707     0.0366      34906    24.2396      87.25     2.5956     2.2376         21  0.000e+00
     19.847   78.50028 -170.09896     20.059    -1.4773    -1.4766  24.171554  24.134300    30.0308    29.9794    370.223    357.977     0.3213     4.6068     0.1038     0.1038     0.0707     0.0379      34907    24.2403      87.62     2.5956     2.2364         21  0.000e+00
     19.782   78.50028 -170.09896     19.993    -1.4773    -1.4765  24.176463  24.142443    30.0375    29.9904    370.200    358.196     0.3213     4.6068     0.1026     0.1026     0.0707     0.0379      34908    24.2410      87.62     2.5956     2.2376         21  0.000e+00
     19.847   78.50028 -170.09896     20.059    -1.4772    -1.4766  24.180679  24.147113    30.0431    29.9968    370.401    357.927     0.3213     4.6068     0.1026     0.1026     0.0707     0.0379      34909    24.2417      87.74     2.5968     2.2364         21  0.000e+00
     19.741   78.50028 -170.09896     19.952    -1.4773    -1.4763  24.181488  24.149502    30.0443    29.9998    370.393    357.656     0.3213     4.6068     0.1026     0.1026     0.0707     0.0379      34910    24.2424      87.89     2.5968     2.2352         21  0.000e+00
     19.847   78.50028 -170.09896     20.059    -1.4775    -1.4765  24.181257  24.153412    30.0442    30.0053    370.187    357.902     0.3518     4.6068     0.1026     0.1026     0.0707     0.0391      34911    24.2431      87.47     2.5956     2.2364         21  0.000e+00
     19.782   78.50028 -170.09896     19.993    -1.4776    -1.4768  24.180621  24.160634    30.0434    30.0154    370.401    358.128     0.3213     4.6068     0.1026     0.1026     0.0707     0.0379      34912    24.2437      87.57     2.5968     2.2376         21  0.000e+00
     19.798   78.50028 -170.09896     20.010    -1.4775    -1.4771  24.179351  24.166174    30.0416    30.0233    370.406    358.364     0.2908     4.6068     0.1026     0.1026     0.0707     0.0366      34913    24.2444      87.72     2.5968     2.2389         21  0.000e+00
     19.847   78.50028 -170.09896     20.059    -1.4775    -1.4771  24.179640  24.165468    30.0420    30.0223    370.408    358.370     0.3213     4.6068     0.1026     0.1026     0.0707     0.0379      34914    24.2451      87.59     2.5968     2.2389         21  0.000e+00
     19.782   78.50028 -170.09896     19.993    -1.4775    -1.4771  24.180101  24.155312    30.0426    30.0085    370.402    358.405     0.3518     4.6068     0.1026     0.1026     0.0707     0.0391      34915    24.2458      87.62     2.5968     2.2389         21  0.000e+00
     19.782   78.50028 -170.09896     19.993    -1.4775    -1.4771  24.180217  24.142769    30.0428    29.9914    370.402    358.454     0.3213     4.6068     0.1026     0.1026     0.0707     0.0379      34916    24.2465      87.77     2.5968     2.2389         21  0.000e+00
     19.798   78.50028 -170.09896     20.010    -1.4778    -1.4769  24.181083  24.133811    30.0442    29.9790    370.402    358.233     0.2908     4.6068     0.1026     0.1026     0.0707     0.0366      34917    24.2472      87.81     2.5968     2.2376         21  0.000e+00
     19.847   78.50028 -170.09896     20.059    -1.4778    -1.4763  24.181430  24.128763    30.0447    29.9715    370.403    357.996     0.3213     4.6068     0.1026     0.1026     0.0707     0.0379      34918    24.2479      87.77     2.5968     2.2364         21  0.000e+00
     19.724   78.50028 -170.09896     19.935    -1.4775    -1.4763  24.177445  24.124311    30.0391    29.9655    370.410    358.261     0.3213     4.6081     0.1026     0.1026     0.0697     0.0379      34919    24.2486      87.77     2.5968     2.2376         21  0.000e+00
     19.847   78.50028 -170.09896     20.059    -1.4776    -1.4759  24.174904  24.119535    30.0356    29.9585    370.427    358.028     0.3213     4.6129     0.1026     0.1026     0.0654     0.0379      34920    24.2493      87.55     2.5968     2.2364         21  0.000e+00
     19.798   78.50028 -170.09894     20.010    -1.4775    -1.4760  24.177098  24.116442    30.0386    29.9545    370.416    357.784     0.3213     4.6154     0.1026     0.1026     0.0633     0.0379      34921    24.2500      87.25     2.5968     2.2352         21  0.000e+00
     19.847   78.50028 -170.09894     20.060    -1.4776    -1.4759  24.181603  24.114922    30.0447    29.9522    370.401    357.791     0.3518     4.6154     0.1026     0.1026     0.0633     0.0391      34922    24.2507      87.13     2.5968     2.2352         21  0.000e+00
     19.782   78.50028 -170.09894     19.993    -1.4777    -1.4759  24.184780  24.116604    30.0492    29.9546    370.385    357.781     0.3213     4.6154     0.1026     0.1026     0.0633     0.0379      34923    24.2514      87.40     2.5968     2.2352         21  0.000e+00
     19.798   78.50028 -170.09894     20.010    -1.4776    -1.4762  24.185820  24.122683    30.0505    29.9631    370.381    358.016     0.3213     4.6154     0.1026     0.1026     0.0633     0.0379      34924    24.2521      87.69     2.5968     2.2364         21  0.000e+00
     19.782   78.50028 -170.09894     19.993    -1.4776    -1.4762  24.184145  24.130011    30.0482    29.9731    370.602    357.987     0.3213     4.6154     0.1026     0.1026     0.0633     0.0379      34925    24.2528      87.74     2.5980     2.2364         21  0.000e+00
     19.782   78.50028 -170.09894     19.993    -1.4777    -1.4762  24.181026  24.135603    30.0441    29.9807    370.615    357.965     0.3518     4.6154     0.1026     0.1026     0.0633     0.0391      34926    24.2535      87.69     2.5980     2.2364         21  0.000e+00
     19.847   78.50028 -170.09894     20.060    -1.4775    -1.4765  24.176232  24.142606    30.0373    29.9905    370.421    358.198     0.2908     4.6154     0.1026     0.1026     0.0633     0.0366      34927    24.2542      87.72     2.5968     2.2376         21  0.000e+00
     19.798   78.50028 -170.09894     20.010    -1.4772    -1.4768  24.171265  24.150262    30.0303    30.0013    370.436    358.423     0.3213     4.6154     0.1026     0.1026     0.0633     0.0379      34928    24.2549      87.55     2.5968     2.2389         21  0.000e+00
     19.782   78.50028 -170.09894     19.993    -1.4775    -1.4765  24.168320  24.153955    30.0266    30.0060    370.449    358.406     0.3213     4.6154     0.1026     0.1026     0.0633     0.0379      34929    24.2556      87.64     2.5968     2.2389         21  0.000e+00
     19.782   78.50028 -170.09894     19.993    -1.4775    -1.4763  24.165606  24.155041    30.0229    30.0073    370.675    358.400     0.3213     4.6154     0.1026     0.1026     0.0633     0.0379      34930    24.2563      87.50     2.5980     2.2389         21  0.000e+00
     19.864   78.50028 -170.09894     20.076    -1.4772    -1.4765  24.162893  24.157213    30.0189    30.0104    370.473    358.397     0.2908     4.6154     0.1026     0.1026     0.0633     0.0366      34931    24.2569      87.50     2.5968     2.2389         21  0.000e+00
     19.782   78.50028 -170.09894     19.993    -1.4775    -1.4766  24.162084  24.161340    30.0181    30.0162    370.689    358.124     0.3213     4.6154     0.1026     0.1026     0.0633     0.0379      34932    24.2576      87.40     2.5980     2.2376         21  0.000e+00
     19.782   78.50028 -170.09894     19.993    -1.4772    -1.4768  24.161507  24.167423    30.0171    30.0247    370.689    358.102     0.3213     4.6154     0.1026     0.1026     0.0633     0.0379      34933    24.2583      87.35     2.5980     2.2376         21  0.000e+00
     19.782   78.50028 -170.09894     19.993    -1.4773    -1.4766  24.158793  24.174919    30.0134    30.0347    370.486    358.071     0.2908     4.6154     0.1026     0.1026     0.0633     0.0366      34934    24.2590      87.57     2.5968     2.2376         21  0.000e+00
     19.864   78.50028 -170.09894     20.076    -1.4773    -1.4768  24.154521  24.186762    30.0075    30.0510    370.722    358.286     0.3518     4.6154     0.1026     0.1026     0.0633     0.0391      34935    24.2597      88.06     2.5980     2.2389         21  0.000e+00
     19.782   78.50028 -170.09894     19.993    -1.4771    -1.4771  24.151807  24.200399    30.0037    30.0699    370.512    358.232     0.3213     4.6154     0.1038     0.1038     0.0633     0.0379      34936    24.2604      87.79     2.5968     2.2389         21  0.000e+00
     19.782   78.50028 -170.09886     19.994    -1.4769    -1.4782  24.145110  24.208551    29.9943    30.0821    371.396    357.954     0.2908     4.6154     0.1038     0.1038     0.0633     0.0366      35074    24.3562      88.25     2.6017     2.2376         22  0.000e+00
     19.864   78.50028 -170.09886     20.076    -1.4775    -1.4780  24.155444  24.207790    30.0090    30.0809    371.364    358.214     0.2908     4.6154     0.1038     0.1038     0.0633     0.0366      35075    24.3569      88.23     2.6017     2.2389         22  0.000e+00
     19.782   78.50028 -170.09886     19.994    -1.4775    -1.4779  24.161738  24.207899    30.0176    30.0809    371.120    357.954     0.2908     4.6154     0.1026     0.1026     0.0633     0.0366      35076    24.3576      88.50     2.6004     2.2376         22  0.000e+00
     19.848   78.50028 -170.09886     20.060    -1.4771    -1.4777  24.162431  24.206540    30.0182    30.0789    370.903    357.961     0.2908     4.6154     0.1038     0.1038     0.0633     0.0366      35077    24.3583      88.16     2.5992     2.2376         22  0.000e+00
     19.782   78.50028 -170.09886     19.994    -1.4772    -1.4774  24.159197  24.202301    30.0139    30.0728    371.128    357.718     0.2908     4.6154     0.1038     0.1038     0.0633     0.0366      35078    24.3590      87.57     2.6004     2.2364         22  0.000e+00
     19.741   78.50028 -170.09886     19.952    -1.4771    -1.4772  24.155675  24.198334    30.0090    30.0672    371.139    357.475     0.2602     4.6154     0.1038     0.1038     0.0633     0.0354      35079    24.3597      87.42     2.6004     2.2352         22  0.000e+00
     19.848   78.50028 -170.09886     20.060    -1.4775    -1.4774  24.154290  24.196542    30.0074    30.0649    371.368    357.743     0.2908     4.6154     0.1038     0.1038     0.0633     0.0366      35080    24.3604      87.67     2.6017     2.2364         22  0.000e+00
     19.848   78.50028 -170.09886     20.060    -1.4777    -1.4772  24.154463  24.196759    30.0079    30.0650    371.154    357.741     0.2908     4.6154     0.1038     0.1038     0.0633     0.0366      35081    24.3611      87.81     2.6004     2.2364         22  0.000e+00
     19.864   78.50028 -170.09886     20.076    -1.4784    -1.4773  24.160006  24.199095    30.0161    30.0683    371.139    357.733     0.2908     4.6154     0.1038     0.1038     0.0633     0.0366      35082    24.3618      87.91     2.6004     2.2364         22  0.000e+00
     19.725   78.50028 -170.09886     19.936    -1.4795    -1.4774  24.171496  24.200562    30.0330    30.0705    371.095    357.467     0.2908     4.6154     0.1038     0.1038     0.0633     0.0366      35083    24.3625      87.35     2.6004     2.2352         22  0.000e+00
     19.848   78.50028 -170.09886     20.060    -1.4807    -1.4777  24.184780  24.200237    30.0522    30.0703    371.058    357.477     0.2908     4.6154     0.1038     0.1038     0.0633     0.0366      35084    24.3632      87.52     2.6004     2.2352         22  0.000e+00
     19.782   78.50028 -170.09886     19.994    -1.4809    -1.4777  24.197431  24.198606    30.0697    30.0681    371.007    357.480     0.2602     4.6154     0.1038     0.1038     0.0633     0.0354      35085    24.3639      88.01     2.6004     2.2352         22  0.000e+00
     19.798   78.50028 -170.09886     20.010    -1.4805    -1.4775  24.205230  24.196324    30.0799    30.0648    370.973    357.234     0.2602     4.6154     0.1026     0.1026     0.0633     0.0354      35086    24.3646      88.11     2.6004     2.2340         22  0.000e+00
     19.848   78.50028 -170.09886     20.060    -1.4798    -1.4779  24.205519  24.195781    30.0795    30.0644    370.968    357.241     0.2908     4.6154     0.1026     0.1026     0.0633     0.0366      35087    24.3653      88.01     2.6004     2.2340         22  0.000e+00
