Continuous CTD Data/SBE Stage/nabos_08_01avg.cnv
* Sea-Bird SBE 9 Data File:
* FileName = D:\CTD\data\HLY2502\raw\NABOS_08_01.hex
* Software Version Seasave V 7.26.7.110
* Temperature SN = 6954
* Conductivity SN = 2561
* Number of Bytes Per Scan = 37
* Number of Voltage Words = 4
* Number of Scans Averaged by the Deck Unit = 1
* NMEA Latitude = 76 01.68 N
* NMEA Longitude = 176 49.39 E
* NMEA UTC (Time) = Sep 14 2025  20:51:02
* NMEA baud rate = 9600
** Ship: USCG HEALY
** Bot. Depth:  554
** Cast Number:  01
** Station Name:  NABOS
** Station Number:  08
** Operator:  STARC
# nquan = 25
# nvalues = 559                         
# units = specified
# name 0 = depSM: Depth [salt water, m]
# name 1 = latitude: Latitude [deg]
# name 2 = longitude: Longitude [deg]
# name 3 = prDM: Pressure, Digiquartz [db]
# name 4 = t090C: Temperature [ITS-90, deg C]
# name 5 = t190C: Temperature, 2 [ITS-90, deg C]
# name 6 = c0mS/cm: Conductivity [mS/cm]
# name 7 = c1mS/cm: Conductivity, 2 [mS/cm]
# name 8 = sal00: Salinity, Practical [PSU]
# name 9 = sal11: Salinity, Practical, 2 [PSU]
# name 10 = sbox0Mm/Kg: Oxygen, SBE 43 [umol/kg]
# name 11 = sbox1Mm/Kg: Oxygen, SBE 43, 2 [umol/kg]
# name 12 = flECO-AFL: Fluorescence, WET Labs ECO-AFL/FL [mg/m^3]
# name 13 = v2: Voltage 2
# name 14 = wetCDOM: Fluorescence, WET Labs CDOM [mg/m^3]
# name 15 = v6: Voltage 6
# name 16 = CStarAt0: Beam Attenuation, WET Labs C-Star [1/m]
# name 17 = v3: Voltage 3
# name 18 = scan: Scan Count
# name 19 = timeM: Time, Elapsed [minutes]
# name 20 = altM: Altimeter [m]
# name 21 = sbeox0V: Oxygen raw, SBE 43 [V]
# name 22 = sbeox1V: Oxygen raw, SBE 43, 2 [V]
# name 23 = nbin: number of scans per bin
# name 24 = flag: flag
# span 0 =      2.969,    554.396       
# span 1 =   76.02832,   76.02960       
# span 2 =  176.81800,  176.82160       
# span 3 =      3.000,    561.000       
# span 4 =    -1.6886,     1.0736       
# span 5 =    -1.6880,     1.0735       
# span 6 =  22.656065,  29.926757       
# span 7 =  22.652725,  29.925094       
# span 8 =    27.9889,    34.8106       
# span 9 =    27.9849,    34.8085       
# span 10 =    296.324,    382.832      
# span 11 =    289.998,    374.077      
# span 12 =    -0.1800,     0.3503      
# span 13 =     4.5952,     4.6631      
# span 14 =     0.0694,     0.1223      
# span 15 =     0.0694,     0.1223      
# span 16 =     0.0221,     0.0808      
# span 17 =     0.0178,     0.0390      
# span 18 =       4989,      25072      
# span 19 =     3.4641,    17.4106      
# span 20 =       5.12,     100.00      
# span 21 =     2.2071,     2.6659      
# span 22 =     1.9385,     2.3133      
# span 23 =          7,         31      
# span 24 = 0.0000e+00, 0.0000e+00      
# interval = decibars: 1                
# start_time = Sep 14 2025 20:51:02 [NMEA time, header]
# bad_flag = -9.990e-29
*END*
[from data line 522]
    518.864   76.02934  176.81879    525.000     0.3442     0.3437  29.426535  29.424722    34.8071    34.8052    297.719    291.501    -0.1533     4.6591     0.0888     0.0888     0.0255     0.0188      21207    14.7261      42.84     2.2267     1.9535         31 0.0000e+00
    519.851   76.02934  176.81878    526.000     0.3414     0.3411  29.424586  29.422899    34.8071    34.8052    297.513    291.415    -0.1420     4.6591     0.0848     0.0848     0.0255     0.0193      21299    14.7904      41.75     2.2251     1.9528         23 0.0000e+00
    520.838   76.02936  176.81876    527.000     0.3345     0.3343  29.419061  29.417438    34.8070    34.8051    297.508    291.510    -0.1478     4.6597     0.0852     0.0852     0.0250     0.0191      21375    14.8431      40.79     2.2245     1.9528         30 0.0000e+00
    521.825   76.02936  176.81874    528.000     0.3327     0.3328  29.417847  29.416419    34.8069    34.8049    297.315    291.782    -0.1767     4.6594     0.0989     0.0989     0.0253     0.0179      21448    14.8937      39.67     2.2231     1.9539         27 0.0000e+00
    522.813   76.02936  176.81874    529.000     0.3300     0.3294  29.415984  29.414017    34.8069    34.8050    297.111    291.412    -0.1558     4.6596     0.1010     0.1010     0.0251     0.0188      21521    14.9446      38.71     2.2215     1.9517         27 0.0000e+00
    523.799   76.02936  176.81872    530.000     0.3265     0.3269  29.413353  29.412139    34.8068    34.8048    297.161    291.561    -0.1716     4.6583     0.0998     0.0998     0.0262     0.0181      21594    14.9949      37.65     2.2214     1.9522         20 0.0000e+00
    524.787   76.02938  176.81871    531.000     0.3225     0.3223  29.410285  29.408660    34.8067    34.8047    297.311    292.239    -0.1556     4.6580     0.0981     0.0981     0.0265     0.0188      21667    15.0459      36.60     2.2219     1.9551         21 0.0000e+00
    525.774   76.02938  176.81870    532.000     0.3213     0.3213  29.409589  29.408007    34.8065    34.8045    297.309    290.911    -0.1577     4.6584     0.0942     0.0942     0.0261     0.0187      21741    15.0975      35.51     2.2215     1.9484         26 0.0000e+00
    526.760   76.02938  176.81868    533.000     0.3204     0.3202  29.409250  29.407639    34.8065    34.8046    297.307    291.881    -0.1373     4.6577     0.0767     0.0767     0.0267     0.0195      21815    15.1487      34.47     2.2213     1.9529         24 0.0000e+00
    527.748   76.02938  176.81867    534.000     0.3186     0.3189  29.408060  29.406819    34.8065    34.8045    297.294    291.893    -0.1283     4.6587     0.0755     0.0755     0.0259     0.0199      21888    15.1996      33.39     2.2209     1.9527         23 0.0000e+00
    528.735   76.02939  176.81865    535.000     0.3132     0.3133  29.403812  29.402463    34.8063    34.8044    297.474    291.744    -0.1428     4.6584     0.0735     0.0735     0.0261     0.0193      21962    15.2507      32.36     2.2214     1.9515         31 0.0000e+00
    529.722   76.02940  176.81864    536.000     0.3119     0.3119  29.403129  29.401618    34.8063    34.8043    297.342    291.791    -0.1505     4.6583     0.0767     0.0767     0.0263     0.0190      22034    15.3010      31.30     2.2204     1.9515         22 0.0000e+00
    530.709   76.02940  176.81863    537.000     0.3102     0.3101  29.402041  29.400481    34.8062    34.8043    297.095    291.915    -0.1486     4.6575     0.0850     0.0850     0.0269     0.0190      22108    15.3522      30.23     2.2186     1.9519         23 0.0000e+00
    531.696   76.02940  176.81861    538.000     0.3072     0.3070  29.399959  29.398214    34.8063    34.8042    297.269    291.525    -0.1633     4.6545     0.0936     0.0936     0.0295     0.0184      22184    15.4046      29.17     2.2193     1.9496         24 0.0000e+00
    532.683   76.02941  176.81860    539.000     0.3056     0.3055  29.398902  29.397220    34.8061    34.8040    297.121    291.583    -0.1508     4.6536     0.0887     0.0887     0.0303     0.0189      22262    15.4591      28.14     2.2180     1.9497         21 0.0000e+00
    533.670   76.02942  176.81858    540.000     0.3016     0.3014  29.395784  29.394071    34.8060    34.8039    297.343    291.420    -0.1686     4.6527     0.0867     0.0867     0.0310     0.0182      22341    15.5136      27.12     2.2190     1.9485         21 0.0000e+00
    534.657   76.02942  176.81857    541.000     0.3000     0.3002  29.394818  29.393453    34.8058    34.8039    297.351    291.423    -0.1670     4.6522     0.0841     0.0841     0.0315     0.0183      22420    15.5685      26.05     2.2187     1.9483         23 0.0000e+00
    535.644   76.02942  176.81855    542.000     0.2910     0.2908  29.387405  29.385757    34.8057    34.8037    297.452    291.570    -0.1688     4.6521     0.0931     0.0931     0.0316     0.0182      22497    15.6220      25.03     2.2186     1.9484         18 0.0000e+00
    536.631   76.02943  176.81853    543.000     0.2882     0.2877  29.385405  29.383391    34.8057    34.8036    297.425    291.582    -0.1415     4.6518     0.0934     0.0934     0.0319     0.0193      22576    15.6773      24.00     2.2181     1.9482         17 0.0000e+00
    537.618   76.02944  176.81852    544.000     0.2865     0.2862  29.384221  29.382411    34.8054    34.8034    297.137    291.523    -0.1535     4.6515     0.0933     0.0933     0.0321     0.0188      22655    15.7317      22.97     2.2161     1.9476         16 0.0000e+00
    538.605   76.02944  176.81851    545.000     0.2797     0.2797  29.378677  29.377262    34.8052    34.8033    297.230    291.669    -0.1475     4.6523     0.0900     0.0900     0.0314     0.0191      22733    15.7861      21.94     2.2161     1.9479         17 0.0000e+00
    539.592   76.02944  176.81849    546.000     0.2734     0.2735  29.373839  29.372304    34.8054    34.8033    297.366    291.663    -0.1709     4.6523     0.0942     0.0942     0.0314     0.0182      22812    15.8411      20.90     2.2163     1.9474         16 0.0000e+00
    540.578   76.02945  176.81848    547.000     0.2709     0.2709  29.372129  29.370654    34.8053    34.8034    297.644    291.661    -0.1488     4.6539     0.0931     0.0931     0.0301     0.0190      22891    15.8960      19.83     2.2175     1.9471         15 0.0000e+00
    541.565   76.02946  176.81846    548.000     0.2681     0.2677  29.370095  29.368291    34.8053    34.8034    297.449    291.907    -0.1380     4.6524     0.0940     0.0940     0.0314     0.0194      22970    15.9510      18.79     2.2160     1.9480         19 0.0000e+00
    542.553   76.02946  176.81844    549.000     0.2628     0.2628  29.365981  29.364566    34.8053    34.8034    297.328    291.172    -0.1529     4.6500     0.0935     0.0935     0.0334     0.0189      23058    16.0117      17.74     2.2149     1.9440         17 0.0000e+00
    543.539   76.02947  176.81842    550.000     0.2612     0.2610  29.365009  29.363363    34.8051    34.8032    297.301    291.443    -0.1623     4.6458     0.0946     0.0946     0.0370     0.0185      23152    16.0769      16.70     2.2144     1.9451         20 0.0000e+00
    544.526   76.02948  176.81840    551.000     0.2585     0.2587  29.363215  29.361837    34.8052    34.8033    297.162    291.257    -0.1505     4.6443     0.0941     0.0941     0.0384     0.0190      23255    16.1483      15.65     2.2132     1.9439         18 0.0000e+00
    545.513   76.02948  176.81838    552.000     0.2569     0.2569  29.362249  29.360688    34.8053    34.8032    297.085    291.117    -0.1488     4.6405     0.0944     0.0944     0.0415     0.0190      23359    16.2206      14.62     2.2125     1.9429         20 0.0000e+00
    546.500   76.02949  176.81836    553.000     0.2536     0.2538  29.359934  29.358483    34.8053    34.8032    297.066    291.092    -0.1395     4.6374     0.0948     0.0948     0.0443     0.0194      23462    16.2925      13.56     2.2120     1.9425         20 0.0000e+00
    547.487   76.02950  176.81833    554.000     0.2509     0.2511  29.358035  29.356695    34.8053    34.8033    296.991    291.066    -0.1575     4.6332     0.0926     0.0926     0.0479     0.0187      23566    16.3648      12.54     2.2112     1.9421         24 0.0000e+00
    548.474   76.02950  176.81831    555.000     0.2507     0.2504  29.358245  29.356490    34.8051    34.8032    296.701    290.730    -0.1589     4.6278     0.0929     0.0929     0.0525     0.0186      23671    16.4377      11.50     2.2093     1.9402         26 0.0000e+00
    549.461   76.02951  176.81829    556.000     0.2503     0.2504  29.358347  29.356896    34.8052    34.8032    296.782    290.944    -0.1598     4.6249     0.0919     0.0919     0.0550     0.0186      23775    16.5095      10.48     2.2095     1.9410         21 0.0000e+00
    550.448   76.02952  176.81827    557.000     0.2501     0.2499  29.358604  29.356948    34.8052    34.8032    296.724    291.083    -0.1550     4.6243     0.0922     0.0922     0.0556     0.0188      23880    16.5824       9.44     2.2089     1.9415         25 0.0000e+00
    551.435   76.02952  176.81825    558.000     0.2501     0.2499  29.359058  29.357435    34.8052    34.8032    296.731    290.990    -0.1466     4.6232     0.0921     0.0921     0.0566     0.0191      23988    16.6575       8.40     2.2087     1.9409         25 0.0000e+00
    552.422   76.02954  176.81822    559.000     0.2501     0.2497  29.359459  29.357675    34.8051    34.8032    296.766    291.044    -0.1422     4.6226     0.0902     0.0902     0.0571     0.0193      24131    16.7569       7.35     2.2087     1.9410         27 0.0000e+00
    553.409   76.02955  176.81815    560.000     0.2491     0.2489  29.359055  29.357405    34.8051    34.8032    296.686    290.802    -0.1475     4.6220     0.0950     0.0950     0.0576     0.0191      24402    16.9452       6.25     2.2080     1.9396         28 0.0000e+00
    554.396   76.02960  176.81800    561.000     0.2492     0.2491  29.359484  29.357880    34.8050    34.8030    296.584    290.623    -0.1516     4.6220     0.0851     0.0851     0.0576     0.0189      25072    17.4106       5.12     2.2071     1.9385         27 0.0000e+00
