Continuous CTD Data/SBE Stage/nabos_34_01avg.cnv
* Sea-Bird SBE 9 Data File:
* FileName = D:\CTD\data\HLY2502\raw\NABOS_34_01.hex
* Software Version Seasave V 7.26.7.110
* Temperature SN = 6954
* Conductivity SN = 2561
* Number of Bytes Per Scan = 37
* Number of Voltage Words = 4
* Number of Scans Averaged by the Deck Unit = 1
* NMEA Latitude = 79 43.52 N
* NMEA Longitude = 137 55.80 E
* NMEA UTC (Time) = Sep 23 2025  23:29:11
* NMEA baud rate = 9600
** Ship: USCG HEALY
** Bot. Depth:  2758
** Cast Number:  01
** Station Name:  NABOS
** Station Number:  34
** Operator:  STARC
** 2760m target, but 5m off the bottom actual
# nquan = 25
# nvalues = 2801                        
# units = specified
# name 0 = depSM: Depth [salt water, m]
# name 1 = latitude: Latitude [deg]
# name 2 = longitude: Longitude [deg]
# name 3 = prDM: Pressure, Digiquartz [db]
# name 4 = t090C: Temperature [ITS-90, deg C]
# name 5 = t190C: Temperature, 2 [ITS-90, deg C]
# name 6 = c0mS/cm: Conductivity [mS/cm]
# name 7 = c1mS/cm: Conductivity, 2 [mS/cm]
# name 8 = sal00: Salinity, Practical [PSU]
# name 9 = sal11: Salinity, Practical, 2 [PSU]
# name 10 = sbox0Mm/Kg: Oxygen, SBE 43 [umol/kg]
# name 11 = sbox1Mm/Kg: Oxygen, SBE 43, 2 [umol/kg]
# name 12 = flECO-AFL: Fluorescence, WET Labs ECO-AFL/FL [mg/m^3]
# name 13 = v2: Voltage 2
# name 14 = wetCDOM: Fluorescence, WET Labs CDOM [mg/m^3]
# name 15 = v6: Voltage 6
# name 16 = CStarAt0: Beam Attenuation, WET Labs C-Star [1/m]
# name 17 = v3: Voltage 3
# name 18 = scan: Scan Count
# name 19 = timeM: Time, Elapsed [minutes]
# name 20 = altM: Altimeter [m]
# name 21 = sbeox0V: Oxygen raw, SBE 43 [V]
# name 22 = sbeox1V: Oxygen raw, SBE 43, 2 [V]
# name 23 = nbin: number of scans per bin
# name 24 = flag: flag
# span 0 =      2.968,   2755.015       
# span 1 =   79.72530,   79.73129       
# span 2 =  137.90866,  137.92870       
# span 3 =      3.000,   2803.000       
# span 4 =    -1.6152,     1.9406       
# span 5 =    -1.6148,     1.9397       
# span 6 =  22.405300,  30.746208       
# span 7 =  22.403479,  30.743700       
# span 8 =    27.6615,    34.9365       
# span 9 =    27.6596,    34.9346       
# span 10 =    278.224,    376.199      
# span 11 =    251.690,    380.706      
# span 12 =    -0.1919,     0.5399      
# span 13 =     4.3371,     4.6380      
# span 14 =     0.0658,     0.1395      
# span 15 =     0.0658,     0.1395      
# span 16 =     0.0438,     0.3125      
# span 17 =     0.0173,     0.0466      
# span 18 =       2582,      89186      
# span 19 =     1.7920,    61.9342      
# span 20 =       2.58,     100.00      
# span 21 =     1.6557,     2.6152      
# span 22 =     1.4474,     2.2992      
# span 23 =          4,         28      
# span 24 = 0.0000e+00, 0.0000e+00      
# interval = decibars: 1                
# start_time = Sep 23 2025 23:29:11 [NMEA time, header]
# bad_flag = -9.990e-29
*END*
[from data line 290]
    289.697   79.72574  137.92518    293.000     1.8084     1.8083  30.641488  30.639518    34.8716    34.8693    295.885    289.560    -0.1693     4.6314     0.0828     0.0828     0.0495     0.0182      13273     9.2166     100.00     2.3460     2.0513         14 0.0000e+00
    290.685   79.72574  137.92516    294.000     1.8045     1.8043  30.638762  30.636894    34.8719    34.8697    295.832    292.535    -0.1499     4.6313     0.0830     0.0830     0.0496     0.0190      13299     9.2348     100.00     2.3452     2.0667         13 0.0000e+00
    291.673   79.72574  137.92516    295.000     1.7997     1.7995  30.635274  30.633342    34.8722    34.8700    295.707    292.803    -0.1386     4.6314     0.0830     0.0830     0.0495     0.0194      13326     9.2537     100.00     2.3440     2.0677         15 0.0000e+00
    292.661   79.72574  137.92516    296.000     1.7961     1.7960  30.632739  30.630931    34.8724    34.8703    295.711    290.830    -0.1774     4.6321     0.0824     0.0824     0.0489     0.0179      13353     9.2721     100.00     2.3436     2.0569         15 0.0000e+00
    293.649   79.72574  137.92516    297.000     1.7940     1.7939  30.631499  30.629741    34.8725    34.8705    295.780    288.927    -0.1698     4.6323     0.0826     0.0826     0.0487     0.0182      13378     9.2896     100.00     2.3437     2.0466         14 0.0000e+00
    294.637   79.72575  137.92516    298.000     1.7913     1.7910  30.629884  30.628032    34.8729    34.8709    295.592    292.146    -0.1671     4.6324     0.0830     0.0830     0.0486     0.0183      13404     9.3074     100.00     2.3421     2.0633         18 0.0000e+00
    295.625   79.72576  137.92516    299.000     1.7894     1.7892  30.628920  30.626985    34.8732    34.8710    295.489    291.194    -0.1689     4.6321     0.0812     0.0812     0.0489     0.0182      13431     9.3261     100.00     2.3411     2.0580         17 0.0000e+00
    296.613   79.72576  137.92516    300.000     1.7840     1.7840  30.624881  30.623185    34.8735    34.8714    295.743    290.182    -0.1386     4.6324     0.0813     0.0813     0.0486     0.0194      13458     9.3454     100.00     2.3422     2.0522         16 0.0000e+00
    297.601   79.72576  137.92516    301.000     1.7810     1.7809  30.622476  30.620689    34.8732    34.8711    295.833    292.447    -0.1671     4.6320     0.0819     0.0819     0.0490     0.0183      13485     9.3637     100.00     2.3424     2.0638         16 0.0000e+00
    298.589   79.72576  137.92516    302.000     1.7523     1.7512  30.596287  30.593463    34.8713    34.8690    295.972    291.845    -0.1537     4.6319     0.0818     0.0818     0.0491     0.0188      13509     9.3808     100.00     2.3414     2.0592         14 0.0000e+00
    299.577   79.72576  137.92516    303.000     1.7240     1.7232  30.571233  30.568775    34.8703    34.8680    296.247    292.213    -0.1314     4.6324     0.0819     0.0819     0.0486     0.0197      13535     9.3984     100.00     2.3414     2.0597         18 0.0000e+00
    300.565   79.72576  137.92516    304.000     1.7299     1.7296  30.577053  30.575222    34.8705    34.8685    296.303    292.203    -0.1565     4.6319     0.0819     0.0819     0.0491     0.0187      13562     9.4172     100.00     2.3419     2.0597         19 0.0000e+00
    301.553   79.72576  137.92514    305.000     1.7324     1.7317  30.579801  30.577543    34.8707    34.8686    296.352    290.819    -0.1660     4.6313     0.0819     0.0819     0.0495     0.0183      13590     9.4368     100.00     2.3421     2.0523         23 0.0000e+00
    302.541   79.72576  137.92514    306.000     1.7122     1.7092  30.561998  30.557498    34.8699    34.8675    296.362    291.678    -0.1725     4.6321     0.0823     0.0823     0.0488     0.0181      13616     9.4551     100.00     2.3409     2.0556         17 0.0000e+00
    303.529   79.72576  137.92514    307.000     1.6988     1.6988  30.550333  30.548713    34.8693    34.8673    296.202    290.871    -0.1739     4.6318     0.0827     0.0827     0.0492     0.0180      13642     9.4727     100.00     2.3389     2.0507         18 0.0000e+00
    304.517   79.72576  137.92514    308.000     1.6999     1.6997  30.551743  30.549858    34.8693    34.8672    296.029    292.366    -0.1706     4.6316     0.0816     0.0816     0.0493     0.0182      13667     9.4901     100.00     2.3376     2.0584         17 0.0000e+00
    305.504   79.72576  137.92514    309.000     1.6826     1.6819  30.536408  30.533977    34.8685    34.8662    296.149    293.554    -0.1444     4.6314     0.0803     0.0803     0.0495     0.0192      13693     9.5082     100.00     2.3372     2.0637         17 0.0000e+00
    306.493   79.72576  137.92514    310.000     1.6687     1.6683  30.524420  30.522405    34.8681    34.8660    296.263    292.528    -0.1446     4.6312     0.0806     0.0806     0.0497     0.0192      13721     9.5277     100.00     2.3370     2.0575         23 0.0000e+00
    307.481   79.72576  137.92514    311.000     1.6611     1.6610  30.517669  30.515888    34.8674    34.8653    296.246    290.467    -0.1259     4.6314     0.0818     0.0818     0.0495     0.0200      13748     9.5463     100.00     2.3362     2.0462         18 0.0000e+00
    308.469   79.72576  137.92514    312.000     1.6471     1.6468  30.505597  30.503531    34.8670    34.8647    296.190    293.486    -0.1668     4.6317     0.0818     0.0818     0.0493     0.0183      13774     9.5643     100.00     2.3349     2.0612         17 0.0000e+00
    309.456   79.72576  137.92514    313.000     1.6508     1.6507  30.509243  30.507485    34.8669    34.8648    296.054    293.263    -0.1324     4.6304     0.0829     0.0829     0.0503     0.0197      13799     9.5821     100.00     2.3340     2.0600         20 0.0000e+00
    310.444   79.72576  137.92512    314.000     1.6492     1.6492  30.508019  30.506303    34.8667    34.8645    296.105    291.703    -0.1430     4.6315     0.0807     0.0807     0.0494     0.0193      13826     9.6007     100.00     2.3340     2.0516         19 0.0000e+00
    311.432   79.72576  137.92512    315.000     1.6333     1.6333  30.494234  30.492516    34.8661    34.8640    296.114    293.177    -0.1668     4.6317     0.0820     0.0820     0.0492     0.0183      13854     9.6199     100.00     2.3330     2.0584         16 0.0000e+00
    312.420   79.72577  137.92512    316.000     1.6248     1.6245  30.487173  30.485136    34.8661    34.8638    295.897    293.913    -0.1638     4.6318     0.0832     0.0832     0.0491     0.0184      13881     9.6391     100.00     2.3310     2.0617         19 0.0000e+00
    313.408   79.72578  137.92512    317.000     1.6178     1.6177  30.481297  30.479441    34.8658    34.8636    295.836    290.990    -0.1671     4.6318     0.0831     0.0831     0.0492     0.0183      13908     9.6575     100.00     2.3300     2.0458         23 0.0000e+00
    314.396   79.72578  137.92512    318.000     1.6136     1.6136  30.478250  30.476490    34.8659    34.8638    295.751    291.261    -0.1366     4.6315     0.0805     0.0805     0.0494     0.0195      13934     9.6755     100.00     2.3290     2.0469         20 0.0000e+00
    315.384   79.72578  137.92512    319.000     1.6285     1.6290  30.493099  30.491889    34.8678    34.8656    295.546    291.615    -0.1679     4.6316     0.0830     0.0830     0.0493     0.0183      13960     9.6935     100.00     2.3283     2.0492         15 0.0000e+00
    316.372   79.72578  137.92512    320.000     1.6389     1.6390  30.503243  30.501710    34.8686    34.8665    295.453    281.718    -0.1525     4.6314     0.0807     0.0807     0.0495     0.0189      13987     9.7128     100.00     2.3280     1.9975         17 0.0000e+00
    317.360   79.72578  137.92510    321.000     1.6429     1.6427  30.507744  30.505964    34.8693    34.8672    295.452    286.766    -0.1527     4.6317     0.0819     0.0819     0.0493     0.0189      14014     9.7316     100.00     2.3279     2.0240         19 0.0000e+00
    318.348   79.72578  137.92510    322.000     1.6470     1.6468  30.512149  30.510313    34.8697    34.8676    295.475    289.270    -0.1696     4.6309     0.0818     0.0818     0.0499     0.0182      14041     9.7499     100.00     2.3281     2.0371         14 0.0000e+00
    319.335   79.72578  137.92510    323.000     1.6439     1.6438  30.510278  30.508320    34.8701    34.8678    295.435    289.916    -0.1671     4.6316     0.0820     0.0820     0.0493     0.0183      14068     9.7685     100.00     2.3274     2.0402         17 0.0000e+00
    320.324   79.72578  137.92510    324.000     1.6417     1.6415  30.508997  30.507123    34.8704    34.8682    295.316    288.561    -0.1633     4.6317     0.0819     0.0819     0.0492     0.0184      14094     9.7868     100.00     2.3263     2.0328         16 0.0000e+00
    321.311   79.72578  137.92510    325.000     1.6381     1.6378  30.506374  30.504371    34.8705    34.8683    295.241    296.809    -0.1672     4.6324     0.0808     0.0808     0.0486     0.0183      14120     9.8050     100.00     2.3255     2.0757         18 0.0000e+00
    322.299   79.72578  137.92510    326.000     1.6259     1.6256  30.496138  30.494222    34.8705    34.8683    295.463    297.308    -0.1541     4.6318     0.0815     0.0815     0.0491     0.0188      14147     9.8234     100.00     2.3260     2.0776         15 0.0000e+00
    323.287   79.72578  137.92510    327.000     1.6138     1.6134  30.485589  30.483541    34.8699    34.8677    295.579    298.262    -0.1576     4.6311     0.0810     0.0810     0.0497     0.0187      14174     9.8425     100.00     2.3258     2.0818         16 0.0000e+00
    324.275   79.72578  137.92508    328.000     1.6032     1.6020  30.476303  30.473421    34.8693    34.8669    295.481    291.398    -0.1359     4.6314     0.0808     0.0808     0.0495     0.0196      14202     9.8616     100.00     2.3244     2.0452         17 0.0000e+00
    325.263   79.72578  137.92508    329.000     1.5923     1.5923  30.466921  30.465116    34.8688    34.8666    295.447    289.481    -0.1698     4.6320     0.0823     0.0823     0.0490     0.0182      14228     9.8797     100.00     2.3234     2.0345         15 0.0000e+00
    326.251   79.72578  137.92508    330.000     1.5848     1.5842  30.460392  30.458125    34.8683    34.8661    295.452    290.915    -0.1647     4.6317     0.0822     0.0822     0.0492     0.0184      14254     9.8976     100.00     2.3228     2.0415         12 0.0000e+00
    327.238   79.72580  137.92508    331.000     1.5764     1.5762  30.453178  30.451328    34.8679    34.8657    295.568    292.578    -0.1687     4.6315     0.0810     0.0810     0.0494     0.0182      14281     9.9166     100.00     2.3229     2.0496         18 0.0000e+00
    328.226   79.72580  137.92508    332.000     1.5743     1.5740  30.451775  30.449959    34.8679    34.8658    295.495    292.687    -0.1708     4.6317     0.0816     0.0816     0.0492     0.0182      14308     9.9358     100.00     2.3220     2.0499         16 0.0000e+00
    329.214   79.72580  137.92507    333.000     1.5702     1.5701  30.448499  30.446623    34.8676    34.8654    295.327    291.408    -0.1464     4.6321     0.0826     0.0826     0.0488     0.0191      14335     9.9541     100.00     2.3205     2.0428         13 0.0000e+00
    330.202   79.72580  137.92506    334.000     1.5598     1.5596  30.439660  30.437759    34.8674    34.8651    295.389    290.587    -0.1699     4.6325     0.0825     0.0825     0.0485     0.0182      14361     9.9720     100.00     2.3201     2.0379         14 0.0000e+00
    331.190   79.72580  137.92506    335.000     1.5525     1.5524  30.433585  30.431695    34.8671    34.8649    295.290    290.816    -0.1741     4.6324     0.0811     0.0811     0.0486     0.0180      14386     9.9898     100.00     2.3189     2.0386         13 0.0000e+00
    332.178   79.72580  137.92506    336.000     1.5450     1.5448  30.427141  30.425188    34.8667    34.8644    295.246    291.057    -0.1772     4.6324     0.0758     0.0758     0.0486     0.0179      14414    10.0092     100.00     2.3180     2.0393         12 0.0000e+00
    333.165   79.72580  137.92506    337.000     1.5383     1.5381  30.421532  30.419603    34.8664    34.8642    295.161    292.599    -0.1624     4.6316     0.0746     0.0746     0.0493     0.0185      14443    10.0288     100.00     2.3169     2.0469         14 0.0000e+00
    334.153   79.72580  137.92506    338.000     1.5350     1.5349  30.419061  30.417090    34.8663    34.8640    295.204    291.478    -0.1503     4.6326     0.0796     0.0796     0.0484     0.0190      14468    10.0468     100.00     2.3168     2.0407         13 0.0000e+00
    335.141   79.72580  137.92504    339.000     1.5306     1.5305  30.415486  30.413564    34.8661    34.8638    295.154    292.112    -0.1303     4.6322     0.0824     0.0824     0.0487     0.0198      14493    10.0641     100.00     2.3160     2.0436         14 0.0000e+00
    336.129   79.72580  137.92504    340.000     1.5285     1.5284  30.414162  30.412369    34.8662    34.8640    295.097    295.701    -0.1633     4.6323     0.0830     0.0830     0.0487     0.0184      14520    10.0823     100.00     2.3153     2.0621         15 0.0000e+00
    337.117   79.72580  137.92504    341.000     1.5337     1.5338  30.419766  30.417999    34.8669    34.8647    295.118    294.527    -0.1458     4.6325     0.0830     0.0830     0.0485     0.0191      14547    10.1017     100.00     2.3155     2.0560         14 0.0000e+00
    338.104   79.72580  137.92504    342.000     1.5237     1.5236  30.411022  30.409102    34.8664    34.8640    295.228    291.719    -0.1694     4.6323     0.0819     0.0819     0.0487     0.0182      14576    10.1216     100.00     2.3154     2.0407         14 0.0000e+00
    339.092   79.72581  137.92504    343.000     1.5110     1.5101  30.399939  30.397456    34.8658    34.8637    295.403    292.933    -0.1717     4.6324     0.0814     0.0814     0.0486     0.0181      14602    10.1398     100.00     2.3156     2.0462         13 0.0000e+00
    340.080   79.72582  137.92503    344.000     1.4981     1.4980  30.388751  30.386961    34.8652    34.8631    295.602    291.677    -0.1752     4.6324     0.0824     0.0824     0.0486     0.0180      14627    10.1571     100.00     2.3159     2.0389         15 0.0000e+00
    341.068   79.72582  137.92502    345.000     1.4851     1.4848  30.377404  30.375406    34.8646    34.8624    295.701    281.827    -0.1672     4.6319     0.0826     0.0826     0.0491     0.0183      14653    10.1752     100.00     2.3156     1.9869         13 0.0000e+00
    342.056   79.72582  137.92502    346.000     1.4659     1.4659  30.360377  30.358566    34.8637    34.8614    295.874    289.228    -0.1671     4.6321     0.0818     0.0818     0.0489     0.0183      14682    10.1949     100.00     2.3154     2.0244         16 0.0000e+00
    343.044   79.72582  137.92502    347.000     1.4550     1.4545  30.350881  30.348730    34.8632    34.8609    295.708    291.133    -0.1565     4.6326     0.0820     0.0820     0.0484     0.0187      14709    10.2137     100.00     2.3135     2.0336         12 0.0000e+00
    344.031   79.72582  137.92500    348.000     1.4538     1.4538  30.350048  30.348316    34.8628    34.8606    295.588    290.593    -0.1498     4.6323     0.0820     0.0820     0.0487     0.0190      14735    10.2318     100.00     2.3125     2.0306         14 0.0000e+00
    345.019   79.72582  137.92500    349.000     1.4449     1.4438  30.342118  30.339252    34.8620    34.8596    295.466    290.667    -0.1763     4.6322     0.0818     0.0818     0.0488     0.0179      14761    10.2497     100.00     2.3111     2.0303         13 0.0000e+00
