Continuous CTD Data/SBE Stage/nabos_43_01.ros
* Sea-Bird SBE 9 Data File:
* FileName = D:\CTD\data\HLY2502\raw\NABOS_43_01.hex
* Software Version Seasave V 7.26.7.110
* Temperature SN = 6954
* Conductivity SN = 2561
* Number of Bytes Per Scan = 37
* Number of Voltage Words = 4
* Number of Scans Averaged by the Deck Unit = 1
* NMEA Latitude = 80 49.12 N
* NMEA Longitude = 126 07.68 E
* NMEA UTC (Time) = Sep 28 2025  01:28:20
* NMEA baud rate = 9600
** Ship: USCG HEALY
** Bot. Depth:  3796
** Cast Number:  01
** Station Name:  NABOS
** Station Number:  42
** Operator:  STARC
# nquan = 25
# nvalues = 1127                                  
# units = specified
# name 0 = depSM: Depth [salt water, m]
# name 1 = latitude: Latitude [deg]
# name 2 = longitude: Longitude [deg]
# name 3 = prDM: Pressure, Digiquartz [db]
# name 4 = t090C: Temperature [ITS-90, deg C]
# name 5 = t190C: Temperature, 2 [ITS-90, deg C]
# name 6 = c0mS/cm: Conductivity [mS/cm]
# name 7 = c1mS/cm: Conductivity, 2 [mS/cm]
# name 8 = sal00: Salinity, Practical [PSU]
# name 9 = sal11: Salinity, Practical, 2 [PSU]
# name 10 = sbox0Mm/Kg: Oxygen, SBE 43 [umol/kg]
# name 11 = sbox1Mm/Kg: Oxygen, SBE 43, 2 [umol/kg]
# name 12 = flECO-AFL: Fluorescence, WET Labs ECO-AFL/FL [mg/m^3]
# name 13 = v2: Voltage 2
# name 14 = wetCDOM: Fluorescence, WET Labs CDOM [mg/m^3]
# name 15 = v6: Voltage 6
# name 16 = CStarAt0: Beam Attenuation, WET Labs C-Star [1/m]
# name 17 = v3: Voltage 3
# name 18 = scan: Scan Count
# name 19 = timeM: Time, Elapsed [minutes]
# name 20 = altM: Altimeter [m]
# name 21 = sbeox0V: Oxygen raw, SBE 43 [V]
# name 22 = sbeox1V: Oxygen raw, SBE 43, 2 [V]
# name 23 = nbf: Bottles Fired
# name 24 = flag:  0.000e+00
# interval = seconds: 0.0416667
# start_time = Sep 28 2025 01:28:20 [NMEA time, header]
# bad_flag = -9.990e-29
*END*
[from data line 522]
    115.112   80.82098  126.17642    116.379    -0.3644    -0.3665  28.336029  28.331994    34.4081    34.4051    312.973    306.525    -0.1061     4.6264     0.0867     0.0867     0.0538     0.0208      95473    66.3000     100.00     2.3711     2.0733         11  0.000e+00
    115.030   80.82098  126.17644    116.296    -0.3648    -0.3662  28.335417  28.332109    34.4078    34.4049    312.975    306.278    -0.1366     4.6252     0.0879     0.0879     0.0548     0.0195      95474    66.3007     100.00     2.3711     2.0721         11  0.000e+00
    115.088   80.82098  126.17644    116.354    -0.3648    -0.3671  28.335784  28.332340    34.4083    34.4062    313.180    306.045    -0.1061     4.6264     0.0867     0.0867     0.0538     0.0208      95475    66.3014     100.00     2.3723     2.0709         11  0.000e+00
    115.112   80.82098  126.17644    116.379    -0.3650    -0.3668  28.335417  28.332800    34.4080    34.4065    312.980    306.043    -0.1366     4.6252     0.0879     0.0879     0.0548     0.0195      95476    66.3021     100.00     2.3711     2.0709         11  0.000e+00
    115.088   80.82098  126.17644    116.354    -0.3648    -0.3663  28.335172  28.333145    34.4075    34.4064    313.182    306.278    -0.1366     4.6252     0.0879     0.0879     0.0548     0.0195      95477    66.3028     100.00     2.3723     2.0721         11  0.000e+00
    115.088   80.82098  126.17644    116.354    -0.3650    -0.3656  28.334989  28.333605    34.4074    34.4062    313.183    306.513    -0.1366     4.6252     0.0879     0.0879     0.0548     0.0195      95478    66.3035     100.00     2.3723     2.0733         11  0.000e+00
    115.055   80.82098  126.17644    116.321    -0.3650    -0.3659  28.334928  28.333605    34.4073    34.4066    313.385    306.754    -0.1061     4.6264     0.0879     0.0879     0.0538     0.0208      95479    66.3042     100.00     2.3735     2.0746         11  0.000e+00
    115.088   80.82098  126.17644    116.354    -0.3654    -0.3661  28.334744  28.332857    34.4076    34.4058    313.187    306.760    -0.1061     4.6264     0.0879     0.0879     0.0538     0.0208      95480    66.3049     100.00     2.3723     2.0746         11  0.000e+00
    115.055   80.82098  126.17644    116.321    -0.3654    -0.3658  28.334867  28.333317    34.4078    34.4061    313.185    306.514    -0.1061     4.6264     0.0867     0.0867     0.0538     0.0208      95481    66.3056     100.00     2.3723     2.0733         11  0.000e+00
    115.154   80.82098  126.17644    116.421    -0.3656    -0.3644  28.334928  28.334295    34.4080    34.4058    312.986    306.265    -0.1061     4.6252     0.0867     0.0867     0.0548     0.0208      95482    66.3063     100.00     2.3711     2.0721         11  0.000e+00
    115.088   80.82098  126.17644    116.354    -0.3655    -0.3644  28.334683  28.335618    34.4075    34.4075    313.187    306.258    -0.1366     4.6264     0.0879     0.0879     0.0538     0.0195      95483    66.3069     100.00     2.3723     2.0721         11  0.000e+00
    115.055   80.82098  126.17644    116.321    -0.3654    -0.3636  28.334683  28.335503    34.4075    34.4065    312.982    306.252    -0.1366     4.6252     0.0879     0.0879     0.0548     0.0195      95484    66.3076     100.00     2.3711     2.0721         11  0.000e+00
    115.088   80.82098  126.17644    116.354    -0.3654    -0.3623  28.335050  28.335963    34.4080    34.4057    313.186    306.243    -0.1366     4.6252     0.0867     0.0867     0.0548     0.0195      95485    66.3083     100.00     2.3723     2.0721         11  0.000e+00
    115.055   80.82098  126.17644    116.321    -0.3656    -0.3624  28.334989  28.335963    34.4081    34.4058    312.982    306.243    -0.1366     4.6252     0.0879     0.0879     0.0548     0.0195      95486    66.3090     100.00     2.3711     2.0721         11  0.000e+00
    115.088   80.82098  126.17644    116.354    -0.3653    -0.3626  28.335111  28.335733    34.4079    34.4057    313.184    306.005    -0.1366     4.6252     0.0879     0.0879     0.0548     0.0195      95487    66.3097     100.00     2.3723     2.0709         11  0.000e+00
    115.088   80.82098  126.17644    116.354    -0.3656    -0.3636  28.335234  28.335043    34.4084    34.4059    313.186    306.014    -0.1366     4.6252     0.0879     0.0879     0.0548     0.0195      95488    66.3104     100.00     2.3723     2.0709         11  0.000e+00
    115.112   80.82098  126.17644    116.379    -0.3653    -0.3642  28.335601  28.334640    34.4085    34.4061    312.980    306.020    -0.1061     4.6252     0.0867     0.0867     0.0548     0.0208      95489    66.3111     100.00     2.3711     2.0709         11  0.000e+00
    100.143   80.82104  126.17732    101.241    -1.1031    -1.1034  27.612974  27.610771    34.2784    34.2758    322.485    316.664    -0.1366     4.6227     0.0891     0.0891     0.0570     0.0195      97398    67.6368     100.00     2.3879     2.0915         12  0.000e+00
    100.151   80.82104  126.17732    101.249    -1.1031    -1.1031  27.613034  27.611055    34.2785    34.2759    322.485    316.170    -0.1061     4.6239     0.0879     0.0879     0.0559     0.0208      97399    67.6375     100.00     2.3879     2.0890         12  0.000e+00
    100.036   80.82104  126.17732    101.133    -1.1032    -1.1032  27.613155  27.611055    34.2789    34.2760    322.480    316.165    -0.1366     4.6227     0.0879     0.0879     0.0570     0.0195      97400    67.6382     100.00     2.3879     2.0890         12  0.000e+00
    100.143   80.82104  126.17732    101.241    -1.1032    -1.1031  27.613095  27.611112    34.2787    34.2760    322.485    316.415    -0.1366     4.6227     0.0879     0.0879     0.0570     0.0195      97401    67.6389     100.00     2.3879     2.0902         12  0.000e+00
    100.093   80.82104  126.17732    101.191    -1.1032    -1.1031  27.613095  27.611169    34.2788    34.2760    322.691    317.397    -0.1366     4.6227     0.0867     0.0867     0.0570     0.0195      97402    67.6396     100.00     2.3891     2.0951         12  0.000e+00
    100.093   80.82104  126.17732    101.191    -1.1032    -1.1030  27.613155  27.610827    34.2788    34.2754    322.483    317.643    -0.1366     4.6227     0.0867     0.0867     0.0570     0.0195      97403    67.6403     100.00     2.3879     2.0963         12  0.000e+00
    100.143   80.82104  126.17732    101.241    -1.1032    -1.1034  27.612913  27.610884    34.2785    34.2760    322.486    317.156    -0.1061     4.6227     0.0867     0.0867     0.0570     0.0208      97404    67.6410     100.00     2.3879     2.0939         12  0.000e+00
    100.151   80.82104  126.17732    101.249    -1.1033    -1.1031  27.612671  27.610600    34.2783    34.2752    322.488    316.663    -0.1366     4.6239     0.0879     0.0879     0.0559     0.0195      97405    67.6417     100.00     2.3879     2.0915         12  0.000e+00
    100.093   80.82104  126.17732    101.191    -1.1033    -1.1031  27.612792  27.610827    34.2785    34.2756    322.485    316.660    -0.1061     4.6227     0.0879     0.0879     0.0570     0.0208      97406    67.6424     100.00     2.3879     2.0915         12  0.000e+00
    100.143   80.82104  126.17732    101.241    -1.1033    -1.1029  27.612852  27.610998    34.2786    34.2756    322.487    316.906    -0.1366     4.6239     0.0879     0.0879     0.0559     0.0195      97407    67.6431     100.00     2.3879     2.0927         12  0.000e+00
    100.093   80.82104  126.17732    101.191    -1.1035    -1.1028  27.612489  27.610941    34.2783    34.2754    322.487    316.658    -0.1366     4.6227     0.0879     0.0879     0.0570     0.0195      97408    67.6437     100.00     2.3879     2.0915         12  0.000e+00
    100.093   80.82104  126.17732    101.191    -1.1035    -1.1029  27.612731  27.610998    34.2786    34.2756    322.486    316.412    -0.1366     4.6227     0.0867     0.0867     0.0570     0.0195      97409    67.6444     100.00     2.3879     2.0902         12  0.000e+00
    100.151   80.82104  126.17732    101.249    -1.1036    -1.1030  27.612489  27.611340    34.2784    34.2761    322.698    315.922    -0.1366     4.6239     0.0867     0.0867     0.0559     0.0195      97410    67.6451     100.00     2.3891     2.0878         12  0.000e+00
    100.077   80.82104  126.17732    101.174    -1.1035    -1.1031  27.612307  27.611055    34.2781    34.2759    322.695    315.674    -0.1366     4.6227     0.0879     0.0879     0.0570     0.0195      97411    67.6458     100.00     2.3891     2.0866         12  0.000e+00
    100.151   80.82104  126.17732    101.249    -1.1039    -1.1029  27.612126  27.610998    34.2783    34.2756    322.702    315.922    -0.1366     4.6239     0.0879     0.0879     0.0559     0.0195      97412    67.6465     100.00     2.3891     2.0878         12  0.000e+00
    100.093   80.82104  126.17732    101.191    -1.1038    -1.1028  27.612428  27.611112    34.2785    34.2757    322.697    316.411    -0.1366     4.6239     0.0879     0.0879     0.0559     0.0195      97413    67.6472     100.00     2.3891     2.0902         12  0.000e+00
    100.077   80.82104  126.17732    101.174    -1.1037    -1.1026  27.612549  27.611283    34.2786    34.2757    322.695    316.900    -0.1366     4.6227     0.0867     0.0867     0.0570     0.0195      97414    67.6479     100.00     2.3891     2.0927         12  0.000e+00
    100.151   80.82104  126.17732    101.249    -1.1038    -1.1027  27.612186  27.611169    34.2782    34.2755    322.493    316.904    -0.1366     4.6239     0.0867     0.0867     0.0559     0.0195      97415    67.6486     100.00     2.3879     2.0927         12  0.000e+00
    100.093   80.82104  126.17732    101.191    -1.1038    -1.1026  27.612247  27.611055    34.2783    34.2753    322.698    316.656    -0.1366     4.6239     0.0867     0.0867     0.0559     0.0195      97416    67.6493     100.00     2.3891     2.0914         12  0.000e+00
    100.143   80.82104  126.17732    101.241    -1.1038    -1.1024  27.612550  27.611340    34.2787    34.2755    322.491    315.918    -0.1061     4.6239     0.0879     0.0879     0.0559     0.0208      97417    67.6500     100.00     2.3879     2.0878         12  0.000e+00
    100.093   80.82104  126.17734    101.191    -1.1037    -1.1022  27.612549  27.610941    34.2786    34.2747    322.488    315.669    -0.1366     4.6239     0.0867     0.0867     0.0559     0.0195      97418    67.6507     100.00     2.3879     2.0866         12  0.000e+00
    100.151   80.82104  126.17734    101.249    -1.1038    -1.1026  27.612428  27.610884    34.2785    34.2751    322.492    316.167    -0.1366     4.6227     0.0879     0.0879     0.0570     0.0195      97419    67.6514     100.00     2.3879     2.0890         12  0.000e+00
    100.077   80.82104  126.17734    101.174    -1.1037    -1.1024  27.612489  27.610770    34.2785    34.2747    322.695    316.408    -0.1366     4.6227     0.0879     0.0879     0.0570     0.0195      97420    67.6521     100.00     2.3891     2.0902         12  0.000e+00
    100.093   80.82104  126.17734    101.191    -1.1035    -1.1027  27.612549  27.611055    34.2784    34.2755    322.695    316.164    -0.1061     4.6239     0.0879     0.0879     0.0559     0.0208      97421    67.6528     100.00     2.3891     2.0890         12  0.000e+00
    100.151   80.82104  126.17734    101.249    -1.1036    -1.1027  27.612610  27.611169    34.2786    34.2755    322.490    315.920    -0.1366     4.6227     0.0867     0.0867     0.0570     0.0195      97422    67.6535     100.00     2.3879     2.0878         12  0.000e+00
    100.077   80.82104  126.17734    101.174    -1.1033    -1.1031  27.612792  27.610827    34.2785    34.2756    322.692    316.659    -0.1366     4.6239     0.0867     0.0867     0.0559     0.0195      97423    67.6542     100.00     2.3891     2.0914         12  0.000e+00
    100.093   80.82104  126.17734    101.191    -1.1033    -1.1029  27.612671  27.610428    34.2784    34.2748    322.693    318.136    -0.1061     4.6227     0.0867     0.0867     0.0570     0.0208      97424    67.6549     100.00     2.3891     2.0988         12  0.000e+00
    100.151   80.82104  126.17734    101.249    -1.1032    -1.1031  27.612792  27.610486    34.2783    34.2751    322.694    320.108    -0.1366     4.6227     0.0867     0.0867     0.0570     0.0195      97425    67.6556     100.00     2.3891     2.1086         12  0.000e+00
    100.077   80.82104  126.17734    101.174    -1.1033    -1.1032  27.613034  27.610599    34.2789    34.2754    322.691    321.088    -0.1366     4.6227     0.0879     0.0879     0.0570     0.0195      97426    67.6563     100.00     2.3891     2.1134         12  0.000e+00
    100.151   80.82104  126.17734    101.249    -1.1033    -1.1034  27.612913  27.610543    34.2787    34.2755    322.487    321.093    -0.1366     4.6227     0.0879     0.0879     0.0570     0.0195      97427    67.6569     100.00     2.3879     2.1134         12  0.000e+00
    100.151   80.82104  126.17734    101.249    -1.1032    -1.1034  27.612852  27.610600    34.2784    34.2756    322.694    320.847    -0.1366     4.6227     0.0867     0.0867     0.0570     0.0195      97428    67.6576     100.00     2.3891     2.1122         12  0.000e+00
    100.093   80.82104  126.17734    101.191    -1.1032    -1.1031  27.612671  27.610713    34.2782    34.2755    322.692    320.350    -0.1061     4.6227     0.0879     0.0879     0.0570     0.0208      97429    67.6583     100.00     2.3891     2.1098         12  0.000e+00
    100.077   80.82104  126.17734    101.174    -1.1033    -1.1032  27.612792  27.610656    34.2785    34.2755    322.692    319.858    -0.1366     4.6227     0.0879     0.0879     0.0570     0.0195      97430    67.6590     100.00     2.3891     2.1073         12  0.000e+00
    100.151   80.82104  126.17734    101.249    -1.1033    -1.1029  27.612671  27.610827    34.2783    34.2753    322.695    318.629    -0.1061     4.6227     0.0879     0.0879     0.0570     0.0208      97431    67.6597     100.00     2.3891     2.1012         12  0.000e+00
    100.093   80.82104  126.17734    101.191    -1.1034    -1.1033  27.612792  27.610599    34.2787    34.2755    322.693    318.137    -0.1366     4.6239     0.0879     0.0879     0.0559     0.0195      97432    67.6604     100.00     2.3891     2.0988         12  0.000e+00
    100.143   80.82104  126.17734    101.241    -1.1035    -1.1031  27.612852  27.610827    34.2788    34.2755    322.695    317.891    -0.1366     4.6227     0.0867     0.0867     0.0570     0.0195      97433    67.6611     100.00     2.3891     2.0976         12  0.000e+00
    100.093   80.82104  126.17734    101.191    -1.1033    -1.1031  27.612671  27.610770    34.2784    34.2756    322.693    315.922    -0.1366     4.6227     0.0879     0.0879     0.0570     0.0195      97434    67.6618     100.00     2.3891     2.0878         12  0.000e+00
    100.093   80.82104  126.17734    101.191    -1.1036    -1.1031  27.612974  27.610428    34.2791    34.2750    322.694    313.708    -0.1366     4.6227     0.0879     0.0879     0.0570     0.0195      97435    67.6625     100.00     2.3891     2.0768         12  0.000e+00
    100.143   80.82104  126.17734    101.241    -1.1033    -1.1031  27.612550  27.610657    34.2782    34.2754    322.695    312.726    -0.1366     4.6227     0.0879     0.0879     0.0570     0.0195      97436    67.6632     100.00     2.3891     2.0719         12  0.000e+00
    100.093   80.82104  126.17734    101.191    -1.1037    -1.1031  27.612489  27.610884    34.2785    34.2756    322.696    312.969    -0.1366     4.6227     0.0867     0.0867     0.0570     0.0195      97437    67.6639     100.00     2.3891     2.0731         12  0.000e+00
