Continuous CTD Data/SBE Stage/nabos_24_01avg.cnv
* Sea-Bird SBE 9 Data File:
* FileName = D:\CTD\data\HLY2502\raw\NABOS_24_01.hex
* Software Version Seasave V 7.26.7.110
* Temperature SN = 6954
* Conductivity SN = 2561
* Number of Bytes Per Scan = 37
* Number of Voltage Words = 4
* Number of Scans Averaged by the Deck Unit = 1
* NMEA Latitude = 80 03.71 N
* NMEA Longitude = 166 45.25 E
* NMEA UTC (Time) = Sep 20 2025  03:03:27
* NMEA baud rate = 9600
** Ship: USCG HEALY
** Bot. Depth:  2722
** Cast Number:  01
** Station Name:  NABOS
** Station Number:  24
** Operator:  STARC
** 1200 target
# nquan = 25
# nvalues = 1215                        
# units = specified
# name 0 = depSM: Depth [salt water, m]
# name 1 = latitude: Latitude [deg]
# name 2 = longitude: Longitude [deg]
# name 3 = prDM: Pressure, Digiquartz [db]
# name 4 = t090C: Temperature [ITS-90, deg C]
# name 5 = t190C: Temperature, 2 [ITS-90, deg C]
# name 6 = c0mS/cm: Conductivity [mS/cm]
# name 7 = c1mS/cm: Conductivity, 2 [mS/cm]
# name 8 = sal00: Salinity, Practical [PSU]
# name 9 = sal11: Salinity, Practical, 2 [PSU]
# name 10 = sbox0Mm/Kg: Oxygen, SBE 43 [umol/kg]
# name 11 = sbox1Mm/Kg: Oxygen, SBE 43, 2 [umol/kg]
# name 12 = flECO-AFL: Fluorescence, WET Labs ECO-AFL/FL [mg/m^3]
# name 13 = v2: Voltage 2
# name 14 = wetCDOM: Fluorescence, WET Labs CDOM [mg/m^3]
# name 15 = v6: Voltage 6
# name 16 = CStarAt0: Beam Attenuation, WET Labs C-Star [1/m]
# name 17 = v3: Voltage 3
# name 18 = scan: Scan Count
# name 19 = timeM: Time, Elapsed [minutes]
# name 20 = altM: Altimeter [m]
# name 21 = sbeox0V: Oxygen raw, SBE 43 [V]
# name 22 = sbeox1V: Oxygen raw, SBE 43, 2 [V]
# name 23 = nbin: number of scans per bin
# name 24 = flag: flag
# span 0 =      2.968,   1200.608       
# span 1 =   80.06199,   80.06252       
# span 2 =  166.75282,  166.75638       
# span 3 =      3.000,   1217.000       
# span 4 =    -1.7084,     0.9844       
# span 5 =    -1.7081,     0.9845       
# span 6 =  25.032911,  29.871471       
# span 7 =  25.032129,  29.869402       
# span 8 =    31.4548,    34.8931       
# span 9 =    31.4530,    34.8909       
# span 10 =    290.212,    371.136      
# span 11 =    -45.034,    363.909      
# span 12 =    -0.1851,     0.3456      
# span 13 =     4.5634,     4.6397      
# span 14 =     0.0803,     0.1142      
# span 15 =     0.0803,     0.1142      
# span 16 =     0.0423,     0.1086      
# span 17 =     0.0176,     0.0388      
# span 18 =       3893,      40476      
# span 19 =     2.7027,    28.1077      
# span 20 =     100.00,     100.00      
# span 21 =     2.0166,     2.6145      
# span 22 =     0.3005,     2.2776      
# span 23 =          3,         28      
# span 24 = 0.0000e+00, 0.0000e+00      
# interval = decibars: 1                
# start_time = Sep 20 2025 03:03:27 [NMEA time, header]
# bad_flag = -9.990e-29
*END*
[from data line 232]
    232.381   80.06230  166.75372    235.000     0.9808     0.9808  29.833079  29.831039    34.7926    34.7900    295.120    289.578    -0.1342     4.6326     0.0830     0.0830     0.0484     0.0196      13054     9.0645     100.00     2.3112     2.0266         12 0.0000e+00
    233.369   80.06230  166.75372    236.000     0.9824     0.9820  29.835041  29.832745    34.7928    34.7903    295.209    289.155    -0.1273     4.6329     0.0830     0.0830     0.0482     0.0199      13079     9.0819     100.00     2.3117     2.0243         11 0.0000e+00
    234.357   80.06230  166.75372    237.000     0.9841     0.9842  29.837291  29.835329    34.7931    34.7906    295.314    289.265    -0.1369     4.6326     0.0820     0.0820     0.0484     0.0195      13103     9.0988     100.00     2.3122     2.0248          9 0.0000e+00
    235.346   80.06230  166.75372    238.000     0.9842     0.9842  29.837835  29.836015    34.7931    34.7908    295.463    290.033    -0.1611     4.6321     0.0818     0.0818     0.0488     0.0185      13129     9.1167     100.00     2.3128     2.0286         11 0.0000e+00
    236.334   80.06230  166.75370    239.000     0.9844     0.9845  29.838634  29.836761    34.7934    34.7909    295.576    291.151    -0.1674     4.6327     0.0818     0.0818     0.0483     0.0183      13155     9.1347     100.00     2.3133     2.0342         11 0.0000e+00
    237.322   80.06230  166.75370    240.000     0.9842     0.9843  29.838989  29.837061    34.7935    34.7909    295.803    291.002    -0.1671     4.6328     0.0818     0.0818     0.0482     0.0183      13179     9.1515     100.00     2.3144     2.0332         10 0.0000e+00
    238.311   80.06230  166.75369    241.000     0.9842     0.9843  29.839471  29.837655    34.7935    34.7911    295.855    292.511    -0.1642     4.6326     0.0833     0.0833     0.0484     0.0184      13205     9.1691     100.00     2.3145     2.0409         10 0.0000e+00
    239.299   80.06230  166.75368    242.000     0.9842     0.9842  29.840021  29.838115    34.7937    34.7912    295.713    291.611    -0.1543     4.6327     0.0842     0.0842     0.0483     0.0188      13230     9.1868     100.00     2.3134     2.0360         12 0.0000e+00
    240.287   80.06231  166.75368    243.000     0.9815     0.9814  29.838011  29.836148    34.7935    34.7912    295.606    290.843    -0.1461     4.6330     0.0837     0.0837     0.0481     0.0191      13255     9.2042     100.00     2.3124     2.0317         10 0.0000e+00
    241.275   80.06232  166.75368    244.000     0.9746     0.9747  29.832339  29.830695    34.7933    34.7910    295.525    290.229    -0.1783     4.6326     0.0829     0.0829     0.0484     0.0179      13281     9.2221     100.00     2.3113     2.0280         11 0.0000e+00
    242.264   80.06232  166.75367    245.000     0.9722     0.9724  29.830805  29.828970    34.7935    34.7908    295.458    289.180    -0.1354     4.6332     0.0828     0.0828     0.0479     0.0196      13306     9.2397     100.00     2.3105     2.0223         16 0.0000e+00
    243.252   80.06232  166.75366    246.000     0.9667     0.9665  29.826200  29.824146    34.7931    34.7906    295.567    290.540    -0.1335     4.6327     0.0821     0.0821     0.0483     0.0196      13331     9.2567     100.00     2.3107     2.0289          9 0.0000e+00
    244.240   80.06232  166.75366    247.000     0.9588     0.9585  29.819693  29.817601    34.7928    34.7905    295.685    289.415    -0.1369     4.6327     0.0844     0.0844     0.0483     0.0195      13356     9.2745     100.00     2.3107     2.0225         11 0.0000e+00
    245.228   80.06232  166.75365    248.000     0.9511     0.9511  29.813412  29.811501    34.7928    34.7903    295.774    290.925    -0.1688     4.6329     0.0842     0.0842     0.0481     0.0182      13382     9.2922     100.00     2.3106     2.0298         15 0.0000e+00
    246.216   80.06232  166.75364    249.000     0.9466     0.9468  29.809706  29.808002    34.7924    34.7900    295.741    290.478    -0.1750     4.6328     0.0831     0.0831     0.0482     0.0180      13407     9.3095     100.00     2.3099     2.0271         12 0.0000e+00
    247.205   80.06232  166.75364    250.000     0.9412     0.9410  29.805353  29.803263    34.7923    34.7898    295.674    290.946    -0.1754     4.6327     0.0839     0.0839     0.0483     0.0180      13432     9.3268     100.00     2.3090     2.0291         11 0.0000e+00
    248.193   80.06232  166.75362    251.000     0.9350     0.9349  29.800281  29.798353    34.7920    34.7896    295.722    290.241    -0.1666     4.6328     0.0835     0.0835     0.0483     0.0183      13457     9.3443     100.00     2.3087     2.0250          9 0.0000e+00
    249.181   80.06232  166.75362    252.000     0.9324     0.9323  29.798325  29.796398    34.7918    34.7895    295.592    289.848    -0.1715     4.6329     0.0830     0.0830     0.0481     0.0181      13482     9.3621     100.00     2.3075     2.0226         14 0.0000e+00
    250.169   80.06232  166.75362    253.000     0.9246     0.9241  29.791773  29.789643    34.7915    34.7892    295.465    290.179    -0.1484     4.6328     0.0830     0.0830     0.0482     0.0190      13507     9.3789     100.00     2.3061     2.0238          9 0.0000e+00
    251.157   80.06232  166.75360    254.000     0.9201     0.9207  29.788185  29.787041    34.7913    34.7891    295.423    290.330    -0.1316     4.6329     0.0835     0.0835     0.0481     0.0197      13532     9.3967     100.00     2.3054     2.0242         11 0.0000e+00
    252.146   80.06232  166.75360    255.000     0.9178     0.9178  29.786805  29.784863    34.7915    34.7889    295.456    290.200    -0.1607     4.6329     0.0826     0.0826     0.0482     0.0186      13558     9.4143     100.00     2.3053     2.0232         10 0.0000e+00
    253.134   80.06234  166.75360    256.000     0.9174     0.9174  29.786768  29.784832    34.7913    34.7888    295.360    290.477    -0.1718     4.6335     0.0816     0.0816     0.0476     0.0181      13583     9.4319     100.00     2.3044     2.0244         12 0.0000e+00
    254.122   80.06234  166.75358    257.000     0.9169     0.9170  29.786853  29.784931    34.7913    34.7888    295.257    290.771    -0.1287     4.6335     0.0842     0.0842     0.0476     0.0198      13609     9.4497     100.00     2.3035     2.0257         14 0.0000e+00
    255.110   80.06234  166.75358    258.000     0.9173     0.9173  29.787539  29.785639    34.7912    34.7888    295.188    289.697    -0.1390     4.6328     0.0830     0.0830     0.0482     0.0194      13633     9.4667     100.00     2.3028     2.0200         12 0.0000e+00
    256.098   80.06234  166.75358    259.000     0.9221     0.9225  29.793530  29.791983    34.7929    34.7905    294.924    289.633    -0.1737     4.6324     0.0831     0.0831     0.0485     0.0180      13658     9.4843     100.00     2.3013     2.0197         12 0.0000e+00
    257.087   80.06234  166.75357    260.000     0.9295     0.9295  29.802086  29.800072    34.7952    34.7926    294.557    289.692    -0.1519     4.6310     0.0843     0.0843     0.0498     0.0189      13684     9.5019     100.00     2.2992     2.0201         12 0.0000e+00
    258.075   80.06234  166.75356    261.000     0.9378     0.9379  29.812004  29.810206    34.7981    34.7957    294.204    289.370    -0.1264     4.6333     0.0830     0.0830     0.0478     0.0199      13709     9.5197     100.00     2.2972     2.0187         14 0.0000e+00
    259.063   80.06234  166.75355    262.000     0.9435     0.9434  29.819322  29.817400    34.8006    34.7982    294.120    289.798    -0.1310     4.6337     0.0840     0.0840     0.0474     0.0197      13734     9.5369     100.00     2.2968     2.0210         11 0.0000e+00
    260.051   80.06234  166.75354    263.000     0.9459     0.9460  29.822888  29.821252    34.8020    34.7997    294.118    289.447    -0.1613     4.6337     0.0833     0.0833     0.0474     0.0185      13760     9.5548     100.00     2.2967     2.0191         12 0.0000e+00
    261.039   80.06234  166.75354    264.000     0.9469     0.9469  29.824456  29.822502    34.8023    34.7998    294.216    289.869    -0.1625     4.6337     0.0830     0.0830     0.0474     0.0185      13785     9.5720     100.00     2.2971     2.0211         13 0.0000e+00
    262.028   80.06234  166.75354    265.000     0.9464     0.9463  29.824588  29.822618    34.8024    34.8000    294.453    289.508    -0.1731     4.6337     0.0823     0.0823     0.0474     0.0181      13810     9.5894     100.00     2.2984     2.0190          9 0.0000e+00
    263.016   80.06234  166.75353    266.000     0.9453     0.9453  29.824135  29.822182    34.8024    34.8000    294.768    288.709    -0.1672     4.6337     0.0818     0.0818     0.0474     0.0183      13835     9.6073     100.00     2.3000     2.0146         14 0.0000e+00
    264.004   80.06234  166.75352    267.000     0.9448     0.9448  29.824383  29.822351    34.8028    34.8001    295.171    289.314    -0.1574     4.6337     0.0823     0.0823     0.0474     0.0187      13861     9.6248     100.00     2.3022     2.0175         13 0.0000e+00
    264.992   80.06234  166.75352    268.000     0.9486     0.9489  29.828613  29.826926    34.8034    34.8009    295.390    290.178    -0.1415     4.6337     0.0829     0.0829     0.0474     0.0193      13886     9.6423     100.00     2.3035     2.0220         12 0.0000e+00
    265.980   80.06235  166.75351    269.000     0.9542     0.9541  29.834655  29.832745    34.8044    34.8020    295.579    289.911    -0.1641     4.6330     0.0822     0.0822     0.0481     0.0184      13911     9.6600     100.00     2.3047     2.0207         20 0.0000e+00
    266.968   80.06236  166.75350    270.000     0.9547     0.9546  29.835655  29.833728    34.8045    34.8020    295.588    289.737    -0.1637     4.6334     0.0827     0.0827     0.0477     0.0184      13935     9.6767     100.00     2.3046     2.0196          9 0.0000e+00
    267.956   80.06236  166.75348    271.000     0.9552     0.9552  29.836701  29.834765    34.8047    34.8022    295.100    289.721    -0.1642     4.6333     0.0818     0.0818     0.0478     0.0184      13962     9.6952     100.00     2.3014     2.0193         21 0.0000e+00
    268.945   80.06236  166.75348    272.000     0.9560     0.9559  29.837944  29.836073    34.8048    34.8025    294.365    289.646    -0.1335     4.6329     0.0842     0.0842     0.0481     0.0196      13986     9.7119     100.00     2.2967     2.0188         12 0.0000e+00
    269.933   80.06236  166.75348    273.000     0.9577     0.9576  29.840092  29.838196    34.8051    34.8027    293.725    289.013    -0.1346     4.6331     0.0854     0.0854     0.0479     0.0196      14012     9.7297     100.00     2.2926     2.0154         15 0.0000e+00
    270.921   80.06236  166.75346    274.000     0.9594     0.9594  29.842327  29.840479    34.8055    34.8031    293.131    288.135    -0.1319     4.6333     0.0832     0.0832     0.0477     0.0197      14037     9.7473     100.00     2.2888     2.0107         13 0.0000e+00
    271.909   80.06236  166.75346    275.000     0.9630     0.9630  29.846899  29.844944    34.8068    34.8042    292.437    288.791    -0.1695     4.6332     0.0830     0.0830     0.0478     0.0182      14062     9.7649     100.00     2.2845     2.0141         13 0.0000e+00
    272.897   80.06236  166.75346    276.000     0.9686     0.9686  29.854011  29.852062    34.8091    34.8066    291.791    288.205    -0.1670     4.6337     0.0830     0.0830     0.0474     0.0183      14088     9.7825     100.00     2.2807     2.0111         16 0.0000e+00
    273.885   80.06236  166.75344    277.000     0.9715     0.9715  29.857570  29.855641    34.8099    34.8074    291.410    286.891    -0.1515     4.6338     0.0830     0.0830     0.0473     0.0189      14113     9.7999     100.00     2.2782     2.0043         12 0.0000e+00
    274.873   80.06236  166.75344    278.000     0.9727     0.9727  29.859189  29.857339    34.8101    34.8077    291.487    286.842    -0.1433     4.6337     0.0830     0.0830     0.0474     0.0193      14138     9.8173     100.00     2.2785     2.0038         12 0.0000e+00
    275.861   80.06236  166.75344    279.000     0.9705     0.9705  29.857884  29.855970    34.8102    34.8078    291.928    286.544    -0.1460     4.6338     0.0830     0.0830     0.0473     0.0191      14164     9.8351     100.00     2.2809     2.0020         13 0.0000e+00
    276.849   80.06236  166.75342    280.000     0.9672     0.9672  29.855600  29.853516    34.8104    34.8077    292.248    287.274    -0.1622     4.6339     0.0830     0.0830     0.0472     0.0185      14189     9.8527     100.00     2.2825     2.0055         13 0.0000e+00
    277.837   80.06238  166.75341    281.000     0.9665     0.9664  29.855378  29.853388    34.8103    34.8078    292.283    287.773    -0.1410     4.6339     0.0825     0.0825     0.0472     0.0193      14214     9.8698     100.00     2.2824     2.0078         11 0.0000e+00
    278.825   80.06238  166.75340    282.000     0.9663     0.9663  29.855711  29.853828    34.8104    34.8079    292.291    288.806    -0.1660     4.6338     0.0827     0.0827     0.0473     0.0183      14239     9.8873     100.00     2.2822     2.0130         12 0.0000e+00
    279.813   80.06238  166.75340    283.000     0.9653     0.9652  29.855323  29.853378    34.8103    34.8080    292.414    286.764    -0.1703     4.6346     0.0844     0.0844     0.0467     0.0182      14263     9.9041     100.00     2.2827     2.0022          9 0.0000e+00
    280.801   80.06238  166.75339    284.000     0.9639     0.9638  29.854560  29.852516    34.8103    34.8078    292.392    287.407    -0.1652     4.6338     0.0855     0.0855     0.0473     0.0184      14288     9.9213     100.00     2.2822     2.0052         15 0.0000e+00
    281.789   80.06238  166.75338    285.000     0.9592     0.9586  29.850747  29.848204    34.8101    34.8075    292.358    286.885    -0.1595     4.6347     0.0830     0.0830     0.0465     0.0186      14311     9.9373     100.00     2.2816     2.0021          8 0.0000e+00
    282.778   80.06238  166.75337    286.000     0.9485     0.9478  29.841760  29.839160    34.8098    34.8073    292.293    287.680    -0.1343     4.6345     0.0830     0.0830     0.0468     0.0196      14336     9.9546     100.00     2.2804     2.0056         12 0.0000e+00
    283.766   80.06238  166.75336    287.000     0.9423     0.9423  29.836585  29.834752    34.8095    34.8071    292.270    287.537    -0.1635     4.6348     0.0830     0.0830     0.0465     0.0184      14359     9.9710     100.00     2.2797     2.0044         11 0.0000e+00
    284.754   80.06238  166.75336    288.000     0.9369     0.9368  29.832215  29.830225    34.8093    34.8068    292.333    287.596    -0.1643     4.6349     0.0830     0.0830     0.0464     0.0184      14383     9.9878     100.00     2.2795     2.0043         11 0.0000e+00
    285.742   80.06238  166.75335    289.000     0.9358     0.9358  29.831648  29.829688    34.8092    34.8067    292.632    287.918    -0.1638     4.6348     0.0830     0.0830     0.0465     0.0184      14407    10.0041     100.00     2.2811     2.0057          9 0.0000e+00
    286.730   80.06238  166.75334    290.000     0.9356     0.9356  29.831808  29.830008    34.8090    34.8068    293.017    287.715    -0.1498     4.6348     0.0830     0.0830     0.0465     0.0190      14431    10.0210     100.00     2.2831     2.0045          9 0.0000e+00
    287.718   80.06238  166.75333    291.000     0.9392     0.9400  29.835970  29.834864    34.8099    34.8075    293.366    288.780    -0.1620     4.6347     0.0827     0.0827     0.0466     0.0185      14455    10.0377     100.00     2.2853     2.0099          9 0.0000e+00
