Continuous CTD Data/SBE Stage/nabos_43_01.ros
* Sea-Bird SBE 9 Data File:
* FileName = D:\CTD\data\HLY2502\raw\NABOS_43_01.hex
* Software Version Seasave V 7.26.7.110
* Temperature SN = 6954
* Conductivity SN = 2561
* Number of Bytes Per Scan = 37
* Number of Voltage Words = 4
* Number of Scans Averaged by the Deck Unit = 1
* NMEA Latitude = 80 49.12 N
* NMEA Longitude = 126 07.68 E
* NMEA UTC (Time) = Sep 28 2025  01:28:20
* NMEA baud rate = 9600
** Ship: USCG HEALY
** Bot. Depth:  3796
** Cast Number:  01
** Station Name:  NABOS
** Station Number:  42
** Operator:  STARC
# nquan = 25
# nvalues = 1127                                  
# units = specified
# name 0 = depSM: Depth [salt water, m]
# name 1 = latitude: Latitude [deg]
# name 2 = longitude: Longitude [deg]
# name 3 = prDM: Pressure, Digiquartz [db]
# name 4 = t090C: Temperature [ITS-90, deg C]
# name 5 = t190C: Temperature, 2 [ITS-90, deg C]
# name 6 = c0mS/cm: Conductivity [mS/cm]
# name 7 = c1mS/cm: Conductivity, 2 [mS/cm]
# name 8 = sal00: Salinity, Practical [PSU]
# name 9 = sal11: Salinity, Practical, 2 [PSU]
# name 10 = sbox0Mm/Kg: Oxygen, SBE 43 [umol/kg]
# name 11 = sbox1Mm/Kg: Oxygen, SBE 43, 2 [umol/kg]
# name 12 = flECO-AFL: Fluorescence, WET Labs ECO-AFL/FL [mg/m^3]
# name 13 = v2: Voltage 2
# name 14 = wetCDOM: Fluorescence, WET Labs CDOM [mg/m^3]
# name 15 = v6: Voltage 6
# name 16 = CStarAt0: Beam Attenuation, WET Labs C-Star [1/m]
# name 17 = v3: Voltage 3
# name 18 = scan: Scan Count
# name 19 = timeM: Time, Elapsed [minutes]
# name 20 = altM: Altimeter [m]
# name 21 = sbeox0V: Oxygen raw, SBE 43 [V]
# name 22 = sbeox1V: Oxygen raw, SBE 43, 2 [V]
# name 23 = nbf: Bottles Fired
# name 24 = flag:  0.000e+00
# interval = seconds: 0.0416667
# start_time = Sep 28 2025 01:28:20 [NMEA time, header]
# bad_flag = -9.990e-29
*END*
[from data line 638]
     70.070   80.82118  126.17902     70.834    -1.8058    -1.8058  26.665683  26.663741    33.7913    33.7886    352.645    341.693    -0.0755     4.6166     0.0940     0.0940     0.0622     0.0220     101098    70.2062     100.00     2.5218     2.1802         14  0.000e+00
     70.070   80.82118  126.17902     70.834    -1.8059    -1.8059  26.665563  26.663797    33.7913    33.7888    352.646    341.694    -0.0755     4.6166     0.0940     0.0940     0.0622     0.0220     101099    70.2069     100.00     2.5218     2.1802         14  0.000e+00
     70.070   80.82118  126.17902     70.834    -1.8058    -1.8060  26.665683  26.663797    33.7913    33.7889    352.432    341.444    -0.0755     4.6166     0.0940     0.0940     0.0622     0.0220     101100    70.2076     100.00     2.5206     2.1790         14  0.000e+00
     70.128   80.82118  126.17902     70.892    -1.8058    -1.8060  26.665563  26.663853    33.7911    33.7889    352.436    341.697    -0.0755     4.6166     0.0940     0.0940     0.0622     0.0220     101101    70.2083     100.00     2.5206     2.1802         14  0.000e+00
     70.013   80.82118  126.17902     70.775    -1.8059    -1.8060  26.665683  26.663403    33.7915    33.7884    352.430    341.945    -0.0755     4.6166     0.0940     0.0940     0.0622     0.0220     101102    70.2090     100.00     2.5206     2.1815         14  0.000e+00
     70.136   80.82118  126.17902     70.900    -1.8059    -1.8059  26.665803  26.663628    33.7916    33.7885    352.648    342.200    -0.0755     4.6166     0.0940     0.0940     0.0622     0.0220     101103    70.2097     100.00     2.5218     2.1827         14  0.000e+00
     70.070   80.82118  126.17902     70.834    -1.8057    -1.8060  26.665563  26.663628    33.7910    33.7886    352.644    342.449    -0.0755     4.6166     0.0940     0.0940     0.0622     0.0220     101104    70.2104     100.00     2.5218     2.1839         14  0.000e+00
     70.062   80.82118  126.17902     70.825    -1.8059    -1.8060  26.665324  26.663628    33.7910    33.7887    352.434    342.700    -0.0755     4.6166     0.0940     0.0940     0.0622     0.0220     101105    70.2111     100.00     2.5206     2.1851         14  0.000e+00
     70.070   80.82118  126.17902     70.834    -1.8059    -1.8057  26.665802  26.663741    33.7916    33.7885    352.645    342.697    -0.0755     4.6166     0.0940     0.0940     0.0622     0.0220     101106    70.2118     100.00     2.5218     2.1851         14  0.000e+00
     70.070   80.82118  126.17902     70.834    -1.8058    -1.8058  26.665563  26.663966    33.7912    33.7889    352.433    342.948    -0.1061     4.6166     0.0940     0.0940     0.0622     0.0208     101107    70.2125     100.00     2.5206     2.1863         14  0.000e+00
     70.128   80.82118  126.17902     70.892    -1.8059    -1.8057  26.665683  26.663909    33.7914    33.7887    352.436    343.202    -0.1061     4.6166     0.0940     0.0940     0.0622     0.0208     101108    70.2132     100.00     2.5206     2.1876         14  0.000e+00
     70.070   80.82118  126.17902     70.834    -1.8057    -1.8059  26.665563  26.663797    33.7910    33.7888    352.431    343.201    -0.1061     4.6166     0.0940     0.0940     0.0622     0.0208     101109    70.2139     100.00     2.5206     2.1876         14  0.000e+00
     70.070   80.82118  126.17902     70.834    -1.8058    -1.8055  26.665683  26.663628    33.7913    33.7881    352.432    343.450    -0.0755     4.6166     0.0940     0.0940     0.0622     0.0220     101110    70.2146     100.00     2.5206     2.1888         14  0.000e+00
     70.070   80.82118  126.17902     70.834    -1.8061    -1.8056  26.665802  26.663741    33.7918    33.7883    352.433    343.450    -0.1061     4.6166     0.0940     0.0940     0.0622     0.0208     101111    70.2153     100.00     2.5206     2.1888         14  0.000e+00
     70.062   80.82118  126.17902     70.825    -1.8059    -1.8057  26.665802  26.664078    33.7916    33.7890    352.644    343.701    -0.0755     4.6166     0.0940     0.0940     0.0622     0.0220     101112    70.2160     100.00     2.5218     2.1900         14  0.000e+00
     70.136   80.82118  126.17902     70.900    -1.8061    -1.8058  26.665563  26.663853    33.7914    33.7887    352.650    343.705    -0.0755     4.6166     0.0940     0.0940     0.0622     0.0220     101113    70.2167     100.00     2.5218     2.1900         14  0.000e+00
     70.013   80.82118  126.17902     70.776    -1.8059    -1.8056  26.665503  26.663965    33.7912    33.7887    352.431    343.698    -0.1061     4.6166     0.0928     0.0928     0.0622     0.0208     101114    70.2174     100.00     2.5206     2.1900         14  0.000e+00
     70.128   80.82118  126.17902     70.892    -1.8059    -1.8056  26.665324  26.664247    33.7909    33.7890    352.437    343.702    -0.1061     4.6166     0.0940     0.0940     0.0622     0.0208     101115    70.2181     100.00     2.5206     2.1900         14  0.000e+00
     70.070   80.82118  126.17902     70.834    -1.8058    -1.8057  26.665444  26.663966    33.7909    33.7887    352.433    343.701    -0.0755     4.6166     0.0940     0.0940     0.0622     0.0220     101116    70.2188     100.00     2.5206     2.1900         14  0.000e+00
     70.070   80.82118  126.17902     70.834    -1.8059    -1.8056  26.665683  26.663797    33.7915    33.7884    352.645    343.450    -0.1061     4.6166     0.0940     0.0940     0.0622     0.0208     101117    70.2194     100.00     2.5218     2.1888         14  0.000e+00
     70.070   80.82118  126.17902     70.834    -1.8059    -1.8057  26.665802  26.663797    33.7916    33.7886    352.432    343.451    -0.0755     4.6166     0.0940     0.0940     0.0622     0.0220     101118    70.2201     100.00     2.5206     2.1888         14  0.000e+00
     70.062   80.82118  126.17902     70.825    -1.8059    -1.8056  26.665802  26.664078    33.7916    33.7888    352.644    343.197    -0.0755     4.6166     0.0940     0.0940     0.0622     0.0220     101119    70.2208     100.00     2.5218     2.1876         14  0.000e+00
     70.136   80.82118  126.17902     70.900    -1.8058    -1.8057  26.665563  26.664247    33.7911    33.7891    352.436    343.200    -0.0755     4.6166     0.0940     0.0940     0.0622     0.0220     101120    70.2215     100.00     2.5206     2.1876         14  0.000e+00
     70.070   80.82118  126.17902     70.834    -1.8059    -1.8056  26.665503  26.664134    33.7912    33.7889    352.646    343.197    -0.0755     4.6166     0.0940     0.0940     0.0622     0.0220     101121    70.2222     100.00     2.5218     2.1876         14  0.000e+00
     70.062   80.82118  126.17902     70.825    -1.8059    -1.8056  26.665503  26.664078    33.7912    33.7888    352.433    343.197    -0.0755     4.6166     0.0940     0.0940     0.0622     0.0220     101122    70.2229     100.00     2.5206     2.1876         14  0.000e+00
     70.070   80.82118  126.17902     70.834    -1.8059    -1.8057  26.665683  26.663909    33.7915    33.7887    352.433    343.450    -0.1061     4.6166     0.0940     0.0940     0.0622     0.0208     101123    70.2236     100.00     2.5206     2.1888         14  0.000e+00
     70.070   80.82118  126.17902     70.834    -1.8059    -1.8057  26.665563  26.663797    33.7913    33.7886    352.433    343.702    -0.1061     4.6178     0.0940     0.0940     0.0612     0.0208     101124    70.2243     100.00     2.5206     2.1900         14  0.000e+00
     70.136   80.82118  126.17902     70.900    -1.8058    -1.8056  26.665504  26.663628    33.7910    33.7881    352.435    343.956    -0.0755     4.6178     0.0928     0.0928     0.0612     0.0220     101125    70.2250     100.00     2.5206     2.1912         14  0.000e+00
     70.062   80.82118  126.17902     70.825    -1.8059    -1.8058  26.665324  26.663741    33.7910    33.7886    352.434    343.702    -0.0755     4.6166     0.0940     0.0940     0.0622     0.0220     101126    70.2257     100.00     2.5206     2.1900         14  0.000e+00
     70.070   80.82118  126.17902     70.834    -1.8058    -1.8059  26.665264  26.663684    33.7907    33.7886    352.433    343.703    -0.1061     4.6178     0.0940     0.0940     0.0612     0.0208     101127    70.2264     100.00     2.5206     2.1900         14  0.000e+00
     70.070   80.82118  126.17902     70.834    -1.8061    -1.8057  26.665444  26.663741    33.7912    33.7885    352.647    343.451    -0.0755     4.6178     0.0940     0.0940     0.0612     0.0220     101128    70.2271     100.00     2.5218     2.1888         14  0.000e+00
     70.128   80.82118  126.17902     70.892    -1.8059    -1.8055  26.665324  26.663797    33.7909    33.7883    352.437    343.451    -0.0755     4.6178     0.0940     0.0940     0.0612     0.0220     101129    70.2278     100.00     2.5206     2.1888         14  0.000e+00
     70.070   80.82118  126.17902     70.834    -1.8061    -1.8057  26.665444  26.663684    33.7912    33.7884    352.434    343.200    -0.0755     4.6178     0.0940     0.0940     0.0612     0.0220     101130    70.2285     100.00     2.5206     2.1876         14  0.000e+00
     70.070   80.82118  126.17902     70.834    -1.8058    -1.8056  26.665683  26.663966    33.7913    33.7887    352.644    343.449    -0.0755     4.6178     0.0940     0.0940     0.0612     0.0220     101131    70.2292     100.00     2.5218     2.1888         14  0.000e+00
     70.070   80.82118  126.17902     70.834    -1.8059    -1.8058  26.665563  26.663684    33.7913    33.7885    352.433    343.200    -0.0755     4.6178     0.0940     0.0940     0.0612     0.0220     101132    70.2299     100.00     2.5206     2.1876         14  0.000e+00
     70.062   80.82118  126.17902     70.825    -1.8059    -1.8057  26.665503  26.663741    33.7912    33.7885    352.645    343.450    -0.0755     4.6178     0.0940     0.0940     0.0612     0.0220     101133    70.2306     100.00     2.5218     2.1888         14  0.000e+00
     70.070   80.82118  126.17902     70.834    -1.8063    -1.8056  26.665503  26.663459    33.7916    33.7880    352.436    343.953    -0.1061     4.6166     0.0940     0.0940     0.0622     0.0208     101134    70.2313     100.00     2.5206     2.1912         14  0.000e+00
     70.070   80.82118  126.17902     70.834    -1.8059    -1.8057  26.665683  26.663515    33.7915    33.7881    352.432    344.456    -0.0755     4.6178     0.0940     0.0940     0.0612     0.0220     101135    70.2319     100.00     2.5206     2.1937         14  0.000e+00
     70.070   80.82118  126.17902     70.834    -1.8059    -1.8059  26.665384  26.663178    33.7910    33.7879    352.221    344.710    -0.1061     4.6178     0.0940     0.0940     0.0612     0.0208     101136    70.2326     100.00     2.5194     2.1949         14  0.000e+00
     70.062   80.82118  126.17902     70.825    -1.8059    -1.8059  26.665444  26.663403    33.7911    33.7882    352.645    344.458    -0.0755     4.6178     0.0952     0.0952     0.0612     0.0220     101137    70.2333     100.00     2.5218     2.1937         14  0.000e+00
     70.136   80.82120  126.17904     70.900    -1.8061    -1.8060  26.665504  26.663403    33.7913    33.7882    352.437    344.210    -0.1061     4.6178     0.0940     0.0940     0.0612     0.0208     101138    70.2340     100.00     2.5206     2.1924         14  0.000e+00
     70.070   80.82120  126.17904     70.834    -1.8059    -1.8059  26.665683  26.663290    33.7915    33.7881    352.220    344.207    -0.1061     4.6178     0.0940     0.0940     0.0612     0.0208     101139    70.2347     100.00     2.5194     2.1924         14  0.000e+00
     70.062   80.82120  126.17904     70.825    -1.8059    -1.8057  26.665204  26.663628    33.7908    33.7883    352.434    344.204    -0.0755     4.6178     0.0940     0.0940     0.0612     0.0220     101140    70.2354     100.00     2.5206     2.1924         14  0.000e+00
     70.070   80.82120  126.17904     70.834    -1.8058    -1.8058  26.665563  26.663290    33.7911    33.7879    352.432    344.206    -0.1061     4.6166     0.0940     0.0940     0.0622     0.0208     101141    70.2361     100.00     2.5206     2.1924         14  0.000e+00
     70.070   80.82120  126.17904     70.834    -1.8059    -1.8057  26.665384  26.663628    33.7910    33.7883    352.433    344.204    -0.1061     4.6166     0.0940     0.0940     0.0622     0.0208     101142    70.2368     100.00     2.5206     2.1924         14  0.000e+00
     70.070   80.82120  126.17904     70.834    -1.8059    -1.8057  26.665444  26.663403    33.7911    33.7880    352.433    344.205    -0.1061     4.6166     0.0940     0.0940     0.0622     0.0208     101143    70.2375     100.00     2.5206     2.1924         14  0.000e+00
     70.128   80.82120  126.17904     70.892    -1.8058    -1.8057  26.665504  26.663459    33.7910    33.7880    352.647    344.207    -0.0755     4.6178     0.0940     0.0940     0.0612     0.0220     101144    70.2382     100.00     2.5218     2.1924         14  0.000e+00
     70.071   80.82120  126.17904     70.834    -1.8059    -1.8057  26.665503  26.663628    33.7912    33.7883    352.433    344.204    -0.0755     4.6178     0.0940     0.0940     0.0612     0.0220     101145    70.2389     100.00     2.5206     2.1924         14  0.000e+00
     55.141   80.82126  126.17988     55.740    -1.7896    -1.7900  26.583683  26.581946    33.6681    33.6661    353.973    345.398    -0.1061     4.5897     0.0965     0.0965     0.0856     0.0208     103020    71.5410     100.00     2.5326     2.2008         15  0.000e+00
     55.059   80.82126  126.17988     55.657    -1.7894    -1.7900  26.583982  26.582114    33.6683    33.6664    353.966    345.644    -0.1061     4.5897     0.0965     0.0965     0.0856     0.0208     103021    71.5417     100.00     2.5326     2.2020         15  0.000e+00
     55.141   80.82126  126.17988     55.740    -1.7891    -1.7901  26.584221  26.582171    33.6683    33.6666    353.967    345.900    -0.0755     4.5897     0.0965     0.0965     0.0856     0.0220     103022    71.5424     100.00     2.5326     2.2032         15  0.000e+00
     55.059   80.82126  126.17988     55.657    -1.7891    -1.7899  26.584220  26.582171    33.6683    33.6664    353.963    345.894    -0.0755     4.5910     0.0965     0.0965     0.0845     0.0220     103023    71.5431     100.00     2.5326     2.2032         15  0.000e+00
     55.075   80.82126  126.17988     55.673    -1.7889    -1.7901  26.584400  26.582002    33.6683    33.6664    354.173    345.897    -0.0755     4.5910     0.0965     0.0965     0.0845     0.0220     103024    71.5438     100.00     2.5338     2.2032         15  0.000e+00
     55.117   80.82126  126.17988     55.715    -1.7888    -1.7901  26.584519  26.581946    33.6683    33.6663    354.174    345.649    -0.0755     4.5910     0.0965     0.0965     0.0845     0.0220     103025    71.5444     100.00     2.5338     2.2020         15  0.000e+00
     55.059   80.82126  126.17988     55.657    -1.7886    -1.7899  26.584519  26.582114    33.6682    33.6663    354.170    345.895    -0.0755     4.5910     0.0965     0.0965     0.0845     0.0220     103026    71.5451     100.00     2.5338     2.2032         15  0.000e+00
     55.018   80.82126  126.17988     55.615    -1.7889    -1.7898  26.584698  26.582002    33.6687    33.6661    354.169    346.143    -0.0755     4.5910     0.0965     0.0965     0.0845     0.0220     103027    71.5458     100.00     2.5338     2.2045         15  0.000e+00
     55.182   80.82126  126.17988     55.781    -1.7889    -1.7898  26.584340  26.581721    33.6682    33.6656    354.179    346.403    -0.0755     4.5910     0.0965     0.0965     0.0845     0.0220     103028    71.5465     100.00     2.5338     2.2057         15  0.000e+00
