Continuous CTD Data/SBE Stage/nabos_39_01.ros
* Sea-Bird SBE 9 Data File:
* FileName = D:\CTD\data\HLY2502\raw\NABOS_39_01.hex
* Software Version Seasave V 7.26.7.110
* Temperature SN = 6954
* Conductivity SN = 2561
* Number of Bytes Per Scan = 37
* Number of Voltage Words = 4
* Number of Scans Averaged by the Deck Unit = 1
* NMEA Latitude = 78 29.93 N
* NMEA Longitude = 125 56.66 E
* NMEA UTC (Time) = Sep 25 2025  07:31:40
* NMEA baud rate = 9600
** Ship: USCG HEALY
** Bot. Depth:  2678
** Cast Number:  01
** Station Name:  NABOS
** Station Number:  39
** Operator:  STARC
** 2703 target but 5 otb
# nquan = 25
# nvalues = 1176                                  
# units = specified
# name 0 = depSM: Depth [salt water, m]
# name 1 = latitude: Latitude [deg]
# name 2 = longitude: Longitude [deg]
# name 3 = prDM: Pressure, Digiquartz [db]
# name 4 = t090C: Temperature [ITS-90, deg C]
# name 5 = t190C: Temperature, 2 [ITS-90, deg C]
# name 6 = c0mS/cm: Conductivity [mS/cm]
# name 7 = c1mS/cm: Conductivity, 2 [mS/cm]
# name 8 = sal00: Salinity, Practical [PSU]
# name 9 = sal11: Salinity, Practical, 2 [PSU]
# name 10 = sbox0Mm/Kg: Oxygen, SBE 43 [umol/kg]
# name 11 = sbox1Mm/Kg: Oxygen, SBE 43, 2 [umol/kg]
# name 12 = flECO-AFL: Fluorescence, WET Labs ECO-AFL/FL [mg/m^3]
# name 13 = v2: Voltage 2
# name 14 = wetCDOM: Fluorescence, WET Labs CDOM [mg/m^3]
# name 15 = v6: Voltage 6
# name 16 = CStarAt0: Beam Attenuation, WET Labs C-Star [1/m]
# name 17 = v3: Voltage 3
# name 18 = scan: Scan Count
# name 19 = timeM: Time, Elapsed [minutes]
# name 20 = altM: Altimeter [m]
# name 21 = sbeox0V: Oxygen raw, SBE 43 [V]
# name 22 = sbeox1V: Oxygen raw, SBE 43, 2 [V]
# name 23 = nbf: Bottles Fired
# name 24 = flag:  0.000e+00
# interval = seconds: 0.0416667
# start_time = Sep 25 2025 07:31:40 [NMEA time, header]
# bad_flag = -9.990e-29
*END*
[from data line 696]
    100.839   78.50474  125.84420    101.938    -1.2440    -1.2476  27.463562  27.458462    34.2343    34.2314    329.190    320.498    -0.1366     4.6227     0.0842     0.0842     0.0570     0.0195     181127   125.7819     100.00     2.4183     2.1029         15  0.000e+00
    100.839   78.50474  125.84420    101.938    -1.2447    -1.2476  27.463199  27.458803    34.2345    34.2319    329.196    320.497    -0.1061     4.6227     0.0842     0.0842     0.0570     0.0208     181128   125.7826     100.00     2.4183     2.1029         15  0.000e+00
    100.889   78.50474  125.84420    101.988    -1.2459    -1.2468  27.462232  27.459941    34.2346    34.2325    329.419    320.490    -0.1366     4.6227     0.0842     0.0842     0.0570     0.0195     181129   125.7833     100.00     2.4195     2.1029         15  0.000e+00
    100.782   78.50474  125.84420    101.880    -1.2468    -1.2458  27.461143  27.460679    34.2342    34.2324    329.215    320.723    -0.1366     4.6227     0.0842     0.0842     0.0570     0.0195     181130   125.7840     100.00     2.4183     2.1041         15  0.000e+00
    100.897   78.50474  125.84420    101.996    -1.2474    -1.2458  27.460297  27.460850    34.2336    34.2325    329.436    321.221    -0.1366     4.6227     0.0842     0.0842     0.0570     0.0195     181131   125.7847     100.00     2.4195     2.1066         15  0.000e+00
    100.823   78.50474  125.84420    101.921    -1.2480    -1.2455  27.460116  27.461191    34.2341    34.2328    329.438    321.462    -0.1061     4.6227     0.0842     0.0842     0.0570     0.0208     181132   125.7854     100.00     2.4195     2.1078         15  0.000e+00
    100.839   78.50474  125.84420    101.938    -1.2484    -1.2452  27.459874  27.461134    34.2343    34.2323    329.443    320.966    -0.1366     4.6227     0.0842     0.0842     0.0570     0.0195     181133   125.7861     100.00     2.4195     2.1053         15  0.000e+00
    100.839   78.50474  125.84420    101.938    -1.2488    -1.2453  27.459693  27.460907    34.2344    34.2322    329.446    321.215    -0.1366     4.6227     0.0842     0.0842     0.0570     0.0195     181134   125.7868     100.00     2.4195     2.1066         15  0.000e+00
    100.782   78.50474  125.84420    101.880    -1.2488    -1.2455  27.459390  27.460395    34.2340    34.2317    329.235    321.463    -0.1061     4.6227     0.0855     0.0855     0.0570     0.0208     181135   125.7875     100.00     2.4183     2.1078         15  0.000e+00
    100.889   78.50474  125.84420    101.988    -1.2490    -1.2456  27.459088  27.460452    34.2338    34.2318    329.451    321.715    -0.1366     4.6227     0.0842     0.0842     0.0570     0.0195     181136   125.7882     100.00     2.4195     2.1090         15  0.000e+00
    100.839   78.50474  125.84420    101.938    -1.2492    -1.2461  27.458846  27.459542    34.2338    34.2312    329.243    321.225    -0.1366     4.6227     0.0842     0.0842     0.0570     0.0195     181137   125.7889     100.00     2.4183     2.1066         15  0.000e+00
    100.839   78.50474  125.84420    101.938    -1.2499    -1.2467  27.458604  27.459031    34.2342    34.2312    329.457    320.984    -0.1061     4.6227     0.0842     0.0842     0.0570     0.0208     181138   125.7896     100.00     2.4195     2.1053         15  0.000e+00
    100.765   78.50474  125.84420    101.863    -1.2494    -1.2475  27.458544  27.458575    34.2336    34.2315    329.241    320.740    -0.1366     4.6227     0.0842     0.0842     0.0570     0.0195     181139   125.7903     100.00     2.4183     2.1041         15  0.000e+00
    100.839   78.50474  125.84420    101.938    -1.2494    -1.2478  27.458604  27.458064    34.2336    34.2311    329.245    320.994    -0.1366     4.6227     0.0842     0.0842     0.0570     0.0195     181140   125.7910     100.00     2.4183     2.1053         15  0.000e+00
    100.839   78.50474  125.84420    101.938    -1.2490    -1.2485  27.459148  27.457097    34.2339    34.2306    329.239    321.497    -0.1366     4.6227     0.0842     0.0842     0.0570     0.0195     181141   125.7917     100.00     2.4183     2.1078         15  0.000e+00
    100.823   78.50474  125.84420    101.921    -1.2486    -1.2491  27.459692  27.456870    34.2342    34.2309    329.443    321.748    -0.1366     4.6227     0.0842     0.0842     0.0570     0.0195     181142   125.7924     100.00     2.4195     2.1090         15  0.000e+00
    100.782   78.50474  125.84420    101.880    -1.2476    -1.2493  27.460357  27.456699    34.2340    34.2309    329.432    321.748    -0.1061     4.6227     0.0842     0.0842     0.0570     0.0208     181143   125.7931     100.00     2.4195     2.1090         15  0.000e+00
    100.839   78.50474  125.84420    101.938    -1.2476    -1.2498  27.460237  27.456643    34.2338    34.2314    329.226    322.249    -0.1061     4.6215     0.0842     0.0842     0.0580     0.0208     181144   125.7938     100.00     2.4183     2.1114         15  0.000e+00
    100.823   78.50474  125.84420    101.921    -1.2476    -1.2496  27.460297  27.456642    34.2339    34.2312    329.225    322.247    -0.1366     4.6215     0.0842     0.0842     0.0580     0.0195     181145   125.7944     100.00     2.4183     2.1114         15  0.000e+00
    100.782   78.50474  125.84420    101.880    -1.2479    -1.2498  27.460236  27.456642    34.2342    34.2314    329.225    322.246    -0.1366     4.6215     0.0842     0.0842     0.0580     0.0195     181146   125.7951     100.00     2.4183     2.1114         15  0.000e+00
    100.839   78.50474  125.84420    101.938    -1.2479    -1.2497  27.459874  27.456415    34.2337    34.2309    329.229    322.249    -0.1366     4.6215     0.0842     0.0842     0.0580     0.0195     181147   125.7958     100.00     2.4183     2.1114         15  0.000e+00
    100.765   78.50474  125.84420    101.863    -1.2482    -1.2495  27.460176  27.456358    34.2344    34.2307    329.227    321.997    -0.1061     4.6215     0.0842     0.0842     0.0580     0.0208     181148   125.7965     100.00     2.4183     2.1102         15  0.000e+00
    100.839   78.50474  125.84420    101.938    -1.2483    -1.2496  27.459753  27.456529    34.2340    34.2310    329.233    322.248    -0.1366     4.6215     0.0842     0.0842     0.0580     0.0195     181149   125.7972     100.00     2.4183     2.1114         15  0.000e+00
    100.782   78.50474  125.84420    101.880    -1.2486    -1.2496  27.459753  27.456642    34.2344    34.2312    329.232    321.997    -0.1366     4.6215     0.0842     0.0842     0.0580     0.0195     181150   125.7979     100.00     2.4183     2.1102         15  0.000e+00
    100.823   78.50474  125.84420    101.921    -1.2485    -1.2498  27.459209  27.457211    34.2335    34.2322    329.235    321.999    -0.1366     4.6215     0.0855     0.0855     0.0580     0.0195     181151   125.7986     100.00     2.4183     2.1102         15  0.000e+00
    100.782   78.50474  125.84420    101.880    -1.2488    -1.2487  27.459148  27.457609    34.2337    34.2315    329.444    322.235    -0.1366     4.6227     0.0842     0.0842     0.0570     0.0195     181152   125.7993     100.00     2.4195     2.1114         15  0.000e+00
    100.782   78.50474  125.84420    101.880    -1.2486    -1.2486  27.459451  27.457836    34.2339    34.2317    329.233    321.987    -0.1366     4.6215     0.0842     0.0842     0.0580     0.0195     181153   125.8000     100.00     2.4183     2.1102         15  0.000e+00
    100.823   78.50474  125.84420    101.921    -1.2486    -1.2485  27.459572  27.457950    34.2341    34.2317    329.443    321.987    -0.1366     4.6215     0.0842     0.0842     0.0580     0.0195     181154   125.8007     100.00     2.4195     2.1102         15  0.000e+00
    100.782   78.50474  125.84420    101.880    -1.2483    -1.2484  27.459571  27.458121    34.2338    34.2319    329.230    321.984    -0.1366     4.6227     0.0842     0.0842     0.0570     0.0195     181155   125.8014     100.00     2.4183     2.1102         15  0.000e+00
    100.782   78.50474  125.84420    101.880    -1.2483    -1.2484  27.459934  27.458007    34.2343    34.2317    329.229    321.984    -0.1366     4.6215     0.0842     0.0842     0.0580     0.0195     181156   125.8021     100.00     2.4183     2.1102         15  0.000e+00
    100.765   78.50474  125.84420    101.863    -1.2483    -1.2481  27.459995  27.457950    34.2344    34.2313    329.228    321.982    -0.1366     4.6215     0.0842     0.0842     0.0580     0.0195     181157   125.8028     100.00     2.4183     2.1102         15  0.000e+00
    100.839   78.50474  125.84420    101.938    -1.2482    -1.2481  27.459813  27.457950    34.2339    34.2313    329.022    321.985    -0.1366     4.6215     0.0855     0.0855     0.0580     0.0195     181158   125.8035     100.00     2.4171     2.1102         15  0.000e+00
    100.716   78.50474  125.84420    101.813    -1.2482    -1.2485  27.459994  27.457722    34.2342    34.2314    329.225    321.983    -0.1366     4.6215     0.0842     0.0842     0.0580     0.0195     181159   125.8042     100.00     2.4183     2.1102         15  0.000e+00
    100.823   78.50474  125.84420    101.921    -1.2477    -1.2487  27.459874  27.457268    34.2335    34.2310    329.227    321.991    -0.1366     4.6215     0.0842     0.0842     0.0580     0.0195     181160   125.8049     100.00     2.4183     2.1102         15  0.000e+00
    100.782   78.50474  125.84418    101.880    -1.2479    -1.2495  27.460357  27.456756    34.2344    34.2312    329.224    321.996    -0.1366     4.6215     0.0842     0.0842     0.0580     0.0195     181161   125.8056     100.00     2.4183     2.1102         15  0.000e+00
    100.782   78.50474  125.84418    101.880    -1.2474    -1.2495  27.460418  27.456415    34.2339    34.2308    329.012    321.997    -0.1366     4.6215     0.0842     0.0842     0.0580     0.0195     181162   125.8063     100.00     2.4171     2.1102         15  0.000e+00
    100.765   78.50474  125.84418    101.863    -1.2473    -1.2496  27.460418  27.456699    34.2337    34.2313    329.010    321.996    -0.1366     4.6215     0.0855     0.0855     0.0580     0.0195     181163   125.8069     100.00     2.4171     2.1102         15  0.000e+00
    100.716   78.50474  125.84418    101.813    -1.2471    -1.2497  27.460538  27.456870    34.2338    34.2316    329.006    321.994    -0.1366     4.6227     0.0855     0.0855     0.0570     0.0195     181164   125.8076     100.00     2.4171     2.1102         15  0.000e+00
    100.782   78.50474  125.84418    101.880    -1.2474    -1.2498  27.460418  27.457040    34.2339    34.2320    329.220    321.750    -0.1366     4.6239     0.0842     0.0842     0.0559     0.0195     181165   125.8083     100.00     2.4183     2.1090         15  0.000e+00
     85.278   78.50480  125.84274     86.203    -1.6650    -1.6657  26.978846  26.976329    34.0566    34.0539    335.216    327.284    -0.1366     4.6178     0.0891     0.0891     0.0612     0.0195     183520   127.4437     100.00     2.4300     2.1171         16  0.000e+00
     85.220   78.50480  125.84274     86.145    -1.6652    -1.6657  26.978486  26.976272    34.0563    34.0538    335.216    327.031    -0.1366     4.6178     0.0879     0.0879     0.0612     0.0195     183521   127.4444     100.00     2.4300     2.1159         16  0.000e+00
     85.335   78.50480  125.84274     86.262    -1.6650    -1.6657  26.978546  26.976103    34.0561    34.0535    335.219    327.287    -0.1366     4.6178     0.0879     0.0879     0.0612     0.0195     183522   127.4451     100.00     2.4300     2.1171         16  0.000e+00
     85.278   78.50480  125.84274     86.203    -1.6652    -1.6656  26.978786  26.976385    34.0567    34.0539    335.428    327.283    -0.1366     4.6178     0.0879     0.0879     0.0612     0.0195     183523   127.4458     100.00     2.4312     2.1171         16  0.000e+00
     85.278   78.50480  125.84274     86.203    -1.6650    -1.6656  26.978486  26.976329    34.0561    34.0537    335.428    327.283    -0.1061     4.6190     0.0879     0.0879     0.0601     0.0208     183524   127.4465     100.00     2.4312     2.1171         16  0.000e+00
     85.278   78.50480  125.84274     86.203    -1.6652    -1.6656  26.978366  26.976103    34.0561    34.0534    335.430    327.784    -0.1366     4.6178     0.0879     0.0879     0.0612     0.0195     183525   127.4472     100.00     2.4312     2.1195         16  0.000e+00
     85.278   78.50480  125.84274     86.203    -1.6652    -1.6657  26.978726  26.975990    34.0566    34.0534    335.217    328.035    -0.1061     4.6178     0.0879     0.0879     0.0612     0.0208     183526   127.4479     100.00     2.4300     2.1208         16  0.000e+00
     85.278   78.50480  125.84274     86.203    -1.6652    -1.6659  26.978486  26.976159    34.0563    34.0538    335.429    328.036    -0.1366     4.6178     0.0879     0.0879     0.0612     0.0195     183527   127.4486     100.00     2.4312     2.1208         16  0.000e+00
     85.278   78.50480  125.84274     86.203    -1.6652    -1.6659  26.978366  26.976272    34.0561    34.0540    335.218    328.035    -0.1366     4.6178     0.0879     0.0879     0.0612     0.0195     183528   127.4493     100.00     2.4300     2.1208         16  0.000e+00
     85.278   78.50480  125.84274     86.203    -1.6653    -1.6659  26.978546  26.976272    34.0565    34.0540    335.219    327.535    -0.1366     4.6178     0.0879     0.0879     0.0612     0.0195     183529   127.4500     100.00     2.4300     2.1183         16  0.000e+00
     85.335   78.50480  125.84274     86.262    -1.6650    -1.6656  26.978246  26.976442    34.0557    34.0538    335.432    327.034    -0.1061     4.6178     0.0879     0.0879     0.0612     0.0208     183530   127.4507     100.00     2.4312     2.1159         16  0.000e+00
     85.278   78.50480  125.84274     86.203    -1.6653    -1.6656  26.978486  26.976329    34.0565    34.0537    335.219    327.282    -0.1061     4.6178     0.0879     0.0879     0.0612     0.0208     183531   127.4514     100.00     2.4300     2.1171         16  0.000e+00
     85.278   78.50480  125.84274     86.203    -1.6652    -1.6654  26.978606  26.976046    34.0564    34.0531    335.217    327.782    -0.1366     4.6178     0.0879     0.0879     0.0612     0.0195     183532   127.4521     100.00     2.4300     2.1195         16  0.000e+00
     85.220   78.50480  125.84274     86.145    -1.6652    -1.6656  26.978606  26.976216    34.0565    34.0536    335.215    328.281    -0.1366     4.6178     0.0879     0.0879     0.0612     0.0195     183533   127.4528     100.00     2.4300     2.1220         16  0.000e+00
     85.278   78.50480  125.84274     86.203    -1.6652    -1.6657  26.978606  26.976272    34.0564    34.0538    335.217    328.034    -0.1366     4.6178     0.0879     0.0879     0.0612     0.0195     183534   127.4535     100.00     2.4300     2.1208         16  0.000e+00
     85.335   78.50480  125.84274     86.262    -1.6652    -1.6656  26.978426  26.976273    34.0561    34.0536    335.221    327.785    -0.1366     4.6178     0.0879     0.0879     0.0612     0.0195     183535   127.4542     100.00     2.4300     2.1195         16  0.000e+00
     85.220   78.50480  125.84274     86.145    -1.6652    -1.6659  26.978606  26.976442    34.0565    34.0543    335.426    327.531    -0.1366     4.6178     0.0879     0.0879     0.0612     0.0195     183536   127.4549     100.00     2.4312     2.1183         16  0.000e+00
     85.278   78.50480  125.84272     86.203    -1.6652    -1.6656  26.978606  26.976329    34.0564    34.0537    335.217    327.532    -0.1366     4.6178     0.0879     0.0879     0.0612     0.0195     183537   127.4556     100.00     2.4300     2.1183         16  0.000e+00
