Continuous CTD Data/SBE Stage/nabos_38_01.ros
* Sea-Bird SBE 9 Data File:
* FileName = D:\CTD\data\HLY2502\raw\NABOS_38_01.hex
* Software Version Seasave V 7.26.7.110
* Temperature SN = 6954
* Conductivity SN = 2561
* Number of Bytes Per Scan = 37
* Number of Voltage Words = 4
* Number of Scans Averaged by the Deck Unit = 1
* NMEA Latitude = 78 47.95 N
* NMEA Longitude = 128 08.96 E
* NMEA UTC (Time) = Sep 25 2025  01:51:56
* NMEA baud rate = 9600
** Ship: USCG HEALY
** Bot. Depth:  2881
** Cast Number:  01
** Station Name:  NABOS
** Station Number:  38
** Operator:  STARC
** 1200 target
# nquan = 25
# nvalues = 1029                                  
# units = specified
# name 0 = depSM: Depth [salt water, m]
# name 1 = latitude: Latitude [deg]
# name 2 = longitude: Longitude [deg]
# name 3 = prDM: Pressure, Digiquartz [db]
# name 4 = t090C: Temperature [ITS-90, deg C]
# name 5 = t190C: Temperature, 2 [ITS-90, deg C]
# name 6 = c0mS/cm: Conductivity [mS/cm]
# name 7 = c1mS/cm: Conductivity, 2 [mS/cm]
# name 8 = sal00: Salinity, Practical [PSU]
# name 9 = sal11: Salinity, Practical, 2 [PSU]
# name 10 = sbox0Mm/Kg: Oxygen, SBE 43 [umol/kg]
# name 11 = sbox1Mm/Kg: Oxygen, SBE 43, 2 [umol/kg]
# name 12 = flECO-AFL: Fluorescence, WET Labs ECO-AFL/FL [mg/m^3]
# name 13 = v2: Voltage 2
# name 14 = wetCDOM: Fluorescence, WET Labs CDOM [mg/m^3]
# name 15 = v6: Voltage 6
# name 16 = CStarAt0: Beam Attenuation, WET Labs C-Star [1/m]
# name 17 = v3: Voltage 3
# name 18 = scan: Scan Count
# name 19 = timeM: Time, Elapsed [minutes]
# name 20 = altM: Altimeter [m]
# name 21 = sbeox0V: Oxygen raw, SBE 43 [V]
# name 22 = sbeox1V: Oxygen raw, SBE 43, 2 [V]
# name 23 = nbf: Bottles Fired
# name 24 = flag:  0.000e+00
# interval = seconds: 0.0416667
# start_time = Sep 25 2025 01:51:56 [NMEA time, header]
# bad_flag = -9.990e-29
*END*
[from data line 522]
    115.288   78.79906  128.12526    116.549     0.0422     0.0575  28.707331  28.721331    34.4439    34.4453    308.337    303.323    -0.1366     4.6239     0.0842     0.0842     0.0559     0.0195      91991    63.8819     100.00     2.3659     2.0768         11  0.000e+00
    115.288   78.79906  128.12526    116.549     0.0417     0.0575  28.706840  28.720638    34.4438    34.4443    308.342    303.326    -0.1366     4.6227     0.0842     0.0842     0.0570     0.0195      91992    63.8826     100.00     2.3659     2.0768         11  0.000e+00
    115.247   78.79906  128.12526    116.508     0.0411     0.0590  28.706717  28.721216    34.4444    34.4434    308.344    303.075    -0.1366     4.6227     0.0842     0.0842     0.0570     0.0195      91993    63.8833     100.00     2.3659     2.0756         11  0.000e+00
    115.345   78.79906  128.12526    116.607     0.0411     0.0599  28.706901  28.722372    34.4445    34.4438    308.348    303.069    -0.1366     4.6227     0.0842     0.0842     0.0570     0.0195      91994    63.8840     100.00     2.3659     2.0756         11  0.000e+00
    115.288   78.79906  128.12526    116.549     0.0411     0.0600  28.706594  28.723239    34.4442    34.4449    308.346    303.064    -0.1366     4.6227     0.0842     0.0842     0.0570     0.0195      91995    63.8847     100.00     2.3659     2.0756         11  0.000e+00
    115.313   78.79906  128.12526    116.574     0.0412     0.0611  28.706225  28.723991    34.4435    34.4447    308.348    303.056    -0.1061     4.6239     0.0842     0.0842     0.0559     0.0208      91996    63.8854     100.00     2.3659     2.0756         11  0.000e+00
    115.288   78.79906  128.12524    116.549     0.0411     0.0613  28.706225  28.724916    34.4437    34.4457    308.348    303.288    -0.1366     4.6227     0.0842     0.0842     0.0570     0.0195      91997    63.8861     100.00     2.3659     2.0768         11  0.000e+00
    115.313   78.79906  128.12524    116.574     0.0414     0.0628  28.706164  28.725667    34.4432    34.4450    308.548    303.278    -0.1366     4.6239     0.0842     0.0842     0.0559     0.0195      91998    63.8868     100.00     2.3671     2.0768         11  0.000e+00
    115.288   78.79906  128.12524    116.549     0.0411     0.0636  28.706410  28.726534    34.4439    34.4453    308.347    303.032    -0.1061     4.6239     0.0842     0.0842     0.0559     0.0208      91999    63.8875     100.00     2.3659     2.0756         11  0.000e+00
    115.345   78.79906  128.12524    116.607     0.0424     0.0655  28.707639  28.727517    34.4440    34.4443    308.337    303.019    -0.1366     4.6227     0.0842     0.0842     0.0570     0.0195      92000    63.8882     100.00     2.3659     2.0756         11  0.000e+00
    115.313   78.79906  128.12524    116.574     0.0437     0.0651  28.709728  28.727517    34.4454    34.4449    308.321    302.782    -0.1366     4.6227     0.0842     0.0842     0.0570     0.0195      92001    63.8889     100.00     2.3659     2.0743         11  0.000e+00
    115.288   78.79906  128.12524    116.549     0.0451     0.0626  28.711633  28.727113    34.4463    34.4472    308.305    303.036    -0.1366     4.6227     0.0842     0.0842     0.0570     0.0195      92002    63.8896     100.00     2.3659     2.0756         11  0.000e+00
    115.370   78.79906  128.12524    116.632     0.0465     0.0633  28.712186  28.727749    34.4454    34.4472    308.298    303.033    -0.1366     4.6227     0.0842     0.0842     0.0570     0.0195      92003    63.8903     100.00     2.3659     2.0756         11  0.000e+00
    115.288   78.79906  128.12524    116.549     0.0459     0.0639  28.711141  28.727922    34.4448    34.4467    308.503    303.025    -0.1366     4.6227     0.0842     0.0842     0.0570     0.0195      92004    63.8910     100.00     2.3671     2.0756         11  0.000e+00
    115.346   78.79906  128.12524    116.607     0.0448     0.0627  28.709421  28.725494    34.4437    34.4449    308.517    303.042    -0.1061     4.6227     0.0830     0.0830     0.0570     0.0208      92005    63.8917     100.00     2.3671     2.0756         11  0.000e+00
    115.370   78.79906  128.12524    116.632     0.0435     0.0607  28.708253  28.722256    34.4436    34.4428    308.329    303.066    -0.1061     4.6227     0.0830     0.0830     0.0570     0.0208      92006    63.8924     100.00     2.3659     2.0756         11  0.000e+00
    115.346   78.79906  128.12524    116.607     0.0429     0.0591  28.707086  28.719944    34.4427    34.4415    308.537    303.082    -0.1061     4.6227     0.0830     0.0830     0.0570     0.0208      92007    63.8931     100.00     2.3671     2.0756         11  0.000e+00
    100.531   78.79904  128.12450    101.627    -0.8958    -0.8998  27.788239  27.783200    34.2809    34.2786    321.482    315.676    -0.1061     4.6215     0.0855     0.0855     0.0580     0.0208      94253    65.4528     100.00     2.3937     2.0961         12  0.000e+00
    100.465   78.79904  128.12450    101.561    -0.8957    -0.9000  27.788542  27.783085    34.2813    34.2788    321.685    315.675    -0.1366     4.6203     0.0867     0.0867     0.0591     0.0195      94254    65.4535     100.00     2.3950     2.0961         12  0.000e+00
    100.515   78.79904  128.12450    101.611    -0.8958    -0.9008  27.788360  27.782514    34.2811    34.2789    321.688    315.684    -0.1061     4.6215     0.0855     0.0855     0.0580     0.0208      94255    65.4542     100.00     2.3950     2.0961         12  0.000e+00
    100.465   78.79904  128.12450    101.561    -0.8961    -0.9020  27.788482  27.781429    34.2817    34.2788    321.687    315.449    -0.1366     4.6215     0.0855     0.0855     0.0580     0.0195      94256    65.4549     100.00     2.3950     2.0949         12  0.000e+00
    100.465   78.79904  128.12450    101.561    -0.8960    -0.9025  27.787935  27.780344    34.2808    34.2779    321.482    315.456    -0.1366     4.6203     0.0855     0.0855     0.0591     0.0195      94257    65.4556     100.00     2.3937     2.0949         12  0.000e+00
    100.531   78.79904  128.12450    101.627    -0.8966    -0.9044  27.786357  27.778689    34.2793    34.2777    321.700    315.477    -0.1366     4.6215     0.0867     0.0867     0.0580     0.0195      94258    65.4562     100.00     2.3950     2.0949         12  0.000e+00
    100.457   78.79904  128.12450    101.552    -0.8981    -0.9060  27.783867  27.777432    34.2777    34.2779    321.716    315.489    -0.1061     4.6215     0.0867     0.0867     0.0580     0.0208      94259    65.4569     100.00     2.3950     2.0949         12  0.000e+00
    100.465   78.79904  128.12450    101.561    -0.9000    -0.9068  27.781439  27.776347    34.2765    34.2773    321.944    315.253    -0.1366     4.6215     0.0867     0.0867     0.0580     0.0195      94260    65.4576     100.00     2.3962     2.0937         12  0.000e+00
    100.465   78.79904  128.12450    101.561    -0.9026    -0.9080  27.779496  27.775319    34.2768    34.2773    321.762    315.265    -0.1366     4.6215     0.0855     0.0855     0.0580     0.0195      94261    65.4583     100.00     2.3950     2.0937         12  0.000e+00
    100.457   78.79904  128.12450    101.552    -0.9049    -0.9088  27.778464  27.774235    34.2780    34.2767    321.780    315.273    -0.1061     4.6215     0.0855     0.0855     0.0580     0.0208      94262    65.4590     100.00     2.3950     2.0937         12  0.000e+00
    100.465   78.79904  128.12450    101.561    -0.9058    -0.9094  27.777857  27.773607    34.2783    34.2766    321.789    315.524    -0.1366     4.6203     0.0855     0.0855     0.0591     0.0195      94263    65.4597     100.00     2.3950     2.0949         12  0.000e+00
    100.531   78.79904  128.12450    101.627    -0.9066    -0.9097  27.777736  27.773493    34.2790    34.2767    321.798    315.774    -0.1366     4.6203     0.0855     0.0855     0.0591     0.0195      94264    65.4604     100.00     2.3950     2.0961         12  0.000e+00
    100.392   78.79904  128.12450    101.486    -0.9054    -0.9100  27.778464  27.773092    34.2787    34.2766    321.781    315.771    -0.1366     4.6215     0.0867     0.0867     0.0580     0.0195      94265    65.4611     100.00     2.3950     2.0961         12  0.000e+00
    100.465   78.79904  128.12450    101.561    -0.9049    -0.9100  27.778586  27.772978    34.2782    34.2764    321.780    315.775    -0.1061     4.6215     0.0867     0.0867     0.0580     0.0208      94266    65.4618     100.00     2.3950     2.0961         12  0.000e+00
    100.465   78.79904  128.12450    101.561    -0.9054    -0.9098  27.778343  27.773150    34.2784    34.2764    321.784    315.529    -0.1366     4.6215     0.0855     0.0855     0.0580     0.0195      94267    65.4625     100.00     2.3950     2.0949         12  0.000e+00
    100.515   78.79904  128.12450    101.611    -0.9058    -0.9097  27.777857  27.773264    34.2783    34.2764    321.791    315.530    -0.1366     4.6215     0.0855     0.0855     0.0580     0.0195      94268    65.4632     100.00     2.3950     2.0949         12  0.000e+00
    100.465   78.79904  128.12450    101.561    -0.9063    -0.9095  27.777918  27.773207    34.2789    34.2762    321.792    315.282    -0.1366     4.6215     0.0867     0.0867     0.0580     0.0195      94269    65.4639     100.00     2.3950     2.0937         12  0.000e+00
    100.408   78.79904  128.12450    101.503    -0.9066    -0.9092  27.778343  27.774234    34.2799    34.2773    321.790    315.274    -0.1366     4.6215     0.0867     0.0867     0.0580     0.0195      94270    65.4646     100.00     2.3950     2.0937         12  0.000e+00
    100.457   78.79904  128.12450    101.552    -0.9072    -0.9088  27.778343  27.774920    34.2805    34.2776    321.796    315.271    -0.1366     4.6227     0.0855     0.0855     0.0570     0.0195      94271    65.4653     100.00     2.3950     2.0937         12  0.000e+00
    100.531   78.79904  128.12450    101.627    -0.9076    -0.9076  27.778040  27.775834    34.2805    34.2775    321.803    315.263    -0.1366     4.6215     0.0855     0.0855     0.0580     0.0195      94272    65.4660     100.00     2.3950     2.0937         12  0.000e+00
    100.465   78.79904  128.12450    101.561    -0.9065    -0.9075  27.778950  27.775319    34.2805    34.2767    321.583    315.016    -0.1061     4.6215     0.0842     0.0842     0.0580     0.0208      94273    65.4667     100.00     2.3937     2.0924         12  0.000e+00
    100.457   78.79904  128.12450    101.552    -0.9049    -0.9074  27.780650  27.774691    34.2810    34.2757    321.773    315.018    -0.1366     4.6215     0.0842     0.0842     0.0580     0.0195      94274    65.4674     100.00     2.3950     2.0924         12  0.000e+00
    100.465   78.79904  128.12450    101.561    -0.9034    -0.9071  27.781743  27.775319    34.2808    34.2763    321.759    315.258    -0.1366     4.6215     0.0830     0.0830     0.0580     0.0195      94275    65.4681     100.00     2.3950     2.0937         12  0.000e+00
    100.465   78.79904  128.12450    101.561    -0.9022    -0.9069  27.782714  27.776576    34.2807    34.2778    321.748    315.253    -0.1366     4.6215     0.0842     0.0842     0.0580     0.0195      94276    65.4688     100.00     2.3950     2.0937         12  0.000e+00
    100.515   78.79904  128.12448    101.611    -0.9012    -0.9068  27.784353  27.777489    34.2818    34.2788    321.738    315.496    -0.1366     4.6215     0.0842     0.0842     0.0580     0.0195      94277    65.4694     100.00     2.3950     2.0949         12  0.000e+00
    100.466   78.79904  128.12448    101.561    -0.9003    -0.9065  27.785203  27.778289    34.2820    34.2796    321.726    315.489    -0.1061     4.6215     0.0830     0.0830     0.0580     0.0208      94278    65.4701     100.00     2.3950     2.0949         12  0.000e+00
    100.466   78.79904  128.12448    101.561    -0.8995    -0.9053  27.785203  27.778517    34.2811    34.2785    321.721    315.480    -0.1366     4.6215     0.0842     0.0842     0.0580     0.0195      94279    65.4708     100.00     2.3950     2.0949         12  0.000e+00
    100.515   78.79904  128.12448    101.611    -0.8992    -0.9048  27.785325  27.778574    34.2809    34.2781    321.514    315.479    -0.1061     4.6215     0.0830     0.0830     0.0580     0.0208      94280    65.4715     100.00     2.3937     2.0949         12  0.000e+00
    100.531   78.79904  128.12448    101.627    -0.8987    -0.9044  27.785568  27.779488    34.2806    34.2788    321.717    315.229    -0.1366     4.6215     0.0830     0.0830     0.0580     0.0195      94281    65.4722     100.00     2.3950     2.0937         12  0.000e+00
    100.466   78.79904  128.12448    101.561    -0.8989    -0.9030  27.785689  27.780401    34.2810    34.2786    321.508    315.214    -0.1366     4.6215     0.0830     0.0830     0.0580     0.0195      94282    65.4729     100.00     2.3937     2.0937         12  0.000e+00
    100.515   78.79904  128.12448    101.611    -0.8986    -0.9022  27.786053  27.781201    34.2812    34.2787    321.714    315.208    -0.1061     4.6215     0.0830     0.0830     0.0580     0.0208      94283    65.4736     100.00     2.3950     2.0937         12  0.000e+00
    100.466   78.79904  128.12448    101.561    -0.8987    -0.9016  27.786175  27.781030    34.2815    34.2778    321.506    315.447    -0.1366     4.6215     0.0830     0.0830     0.0580     0.0195      94284    65.4743     100.00     2.3937     2.0949         12  0.000e+00
    100.531   78.79904  128.12448    101.627    -0.8983    -0.9008  27.785993  27.781658    34.2807    34.2777    321.506    315.443    -0.1061     4.6215     0.0830     0.0830     0.0580     0.0208      94285    65.4750     100.00     2.3937     2.0949         12  0.000e+00
    100.515   78.79904  128.12448    101.611    -0.8985    -0.9001  27.785507  27.782743    34.2803    34.2783    321.508    315.678    -0.1366     4.6215     0.0842     0.0842     0.0580     0.0195      94286    65.4757     100.00     2.3937     2.0961         12  0.000e+00
    100.531   78.79904  128.12448    101.627    -0.8988    -0.8985  27.784960  27.784570    34.2799    34.2790    321.513    315.662    -0.1061     4.6215     0.0842     0.0842     0.0580     0.0208      94287    65.4764     100.00     2.3937     2.0961         12  0.000e+00
    100.531   78.79904  128.12448    101.627    -0.8991    -0.8971  27.784475  27.785884    34.2795    34.2793    321.723    315.649    -0.1061     4.6215     0.0842     0.0842     0.0580     0.0208      94288    65.4771     100.00     2.3950     2.0961         12  0.000e+00
    100.531   78.79904  128.12448    101.627    -0.8997    -0.8965  27.783503  27.785541    34.2789    34.2780    321.524    315.646    -0.1061     4.6215     0.0842     0.0842     0.0580     0.0208      94289    65.4778     100.00     2.3937     2.0961         12  0.000e+00
    100.515   78.79904  128.12448    101.611    -0.9003    -0.8976  27.782896  27.784570    34.2788    34.2780    321.529    315.900    -0.1366     4.6215     0.0842     0.0842     0.0580     0.0195      94290    65.4785     100.00     2.3937     2.0973         12  0.000e+00
    100.589   78.79904  128.12448    101.685    -0.9012    -0.8987  27.782532  27.783314    34.2793    34.2775    321.540    315.915    -0.1061     4.6215     0.0830     0.0830     0.0580     0.0208      94291    65.4792     100.00     2.3937     2.0973         12  0.000e+00
    100.531   78.79904  128.12448    101.627    -0.9014    -0.8998  27.782653  27.782172    34.2796    34.2772    321.538    315.923    -0.1366     4.6215     0.0842     0.0842     0.0580     0.0195      94292    65.4799     100.00     2.3937     2.0973         12  0.000e+00
