Continuous CTD Data/SBE Stage/nabos_05_02avg.cnv
* Sea-Bird SBE 9 Data File:
* FileName = D:\CTD\data\HLY2502\raw\NABOS_05_02.hex
* Software Version Seasave V 7.26.7.110
* Temperature SN = 6954
* Conductivity SN = 2561
* Number of Bytes Per Scan = 37
* Number of Voltage Words = 4
* Number of Scans Averaged by the Deck Unit = 1
* NMEA Latitude = 75 06.49 N
* NMEA Longitude = 172 12.32 E
* NMEA UTC (Time) = Sep 12 2025  18:35:48
* NMEA baud rate = 9600
** Ship: USCG HEALY
** Bot. Depth:  149
** Cast Number:  02
** Station Name:  NABOS
** Station Number:  05
** Operator:  STARC
# nquan = 25
# nvalues = 135                         
# units = specified
# name 0 = depSM: Depth [salt water, m]
# name 1 = latitude: Latitude [deg]
# name 2 = longitude: Longitude [deg]
# name 3 = prDM: Pressure, Digiquartz [db]
# name 4 = t090C: Temperature [ITS-90, deg C]
# name 5 = t190C: Temperature, 2 [ITS-90, deg C]
# name 6 = c0mS/cm: Conductivity [mS/cm]
# name 7 = c1mS/cm: Conductivity, 2 [mS/cm]
# name 8 = sal00: Salinity, Practical [PSU]
# name 9 = sal11: Salinity, Practical, 2 [PSU]
# name 10 = sbox0Mm/Kg: Oxygen, SBE 43 [umol/kg]
# name 11 = sbox1Mm/Kg: Oxygen, SBE 43, 2 [umol/kg]
# name 12 = flECO-AFL: Fluorescence, WET Labs ECO-AFL/FL [mg/m^3]
# name 13 = v2: Voltage 2
# name 14 = wetCDOM: Fluorescence, WET Labs CDOM [mg/m^3]
# name 15 = v6: Voltage 6
# name 16 = CStarAt0: Beam Attenuation, WET Labs C-Star [1/m]
# name 17 = v3: Voltage 3
# name 18 = scan: Scan Count
# name 19 = timeM: Time, Elapsed [minutes]
# name 20 = altM: Altimeter [m]
# name 21 = sbeox0V: Oxygen raw, SBE 43 [V]
# name 22 = sbeox1V: Oxygen raw, SBE 43, 2 [V]
# name 23 = nbin: number of scans per bin
# name 24 = flag: flag
# span 0 =      1.979,    134.542       
# span 1 =   75.10864,   75.10973       
# span 2 =  172.20676,  172.21006       
# span 3 =      2.000,    136.000       
# span 4 =    -1.6489,    -0.7850       
# span 5 =    -1.6485,    -0.7847       
# span 6 =  22.021463,  27.958043       
# span 7 =  22.069342,  27.956605       
# span 8 =    26.9076,    34.3640       
# span 9 =    26.9711,    34.3616       
# span 10 =    264.981,    381.866      
# span 11 =    258.251,    371.025      
# span 12 =    -0.1353,     0.4209      
# span 13 =     3.4051,     4.6585      
# span 14 =     0.0932,     0.1214      
# span 15 =     0.0932,     0.1214      
# span 16 =     0.0260,     1.3987      
# span 17 =     0.0196,     0.0419      
# span 18 =       3841,      13153      
# span 19 =     2.6664,     9.1336      
# span 20 =      -0.06,     100.00      
# span 21 =     2.0587,     2.6706      
# span 22 =     1.8086,     2.3089      
# span 23 =         11,         31      
# span 24 = 0.0000e+00, 0.0000e+00      
# interval = decibars: 1                
# start_time = Sep 12 2025 18:35:48 [NMEA time, header]
# bad_flag = -9.990e-29
*END*
[from data line 58]
     59.368   75.10900  172.20809     60.000    -1.6074    -1.6065  26.532244  26.532584    33.3880    33.3875    309.520    301.791    -0.0464     4.6543     0.1118     0.1118     0.0298     0.0231       6887     4.7819      89.22     2.2814     1.9926         22 0.0000e+00
     60.357   75.10900  172.20811     61.000    -1.5939    -1.5925  26.573378  26.574871    33.4292    33.4296    308.022    300.951    -0.0544     4.6547     0.1126     0.1126     0.0294     0.0228       6926     4.8093      88.27     2.2738     1.9895         16 0.0000e+00
     61.346   75.10900  172.20813     62.000    -1.5867    -1.5863  26.595816  26.594984    33.4515    33.4499    306.266    299.545    -0.0486     4.6549     0.1124     0.1124     0.0292     0.0231       6977     4.8448      86.99     2.2641     1.9829         25 0.0000e+00
     62.336   75.10902  172.20816     63.000    -1.5799    -1.5790  26.615897  26.615589    33.4710    33.4696    303.644    296.253    -0.0703     4.6557     0.1143     0.1143     0.0285     0.0222       7043     4.8905      86.17     2.2493     1.9672         18 0.0000e+00
     63.325   75.10902  172.20817     64.000    -1.5722    -1.5713  26.635510  26.635333    33.4889    33.4876    302.426    295.319    -0.0785     4.6553     0.1146     0.1146     0.0289     0.0219       7082     4.9175      85.24     2.2427     1.9630         22 0.0000e+00
     64.314   75.10902  172.20819     65.000    -1.5664    -1.5649  26.648996  26.649820    33.5003    33.4997    301.143    293.858    -0.0512     4.6562     0.1144     0.1144     0.0281     0.0230       7134     4.9534      83.89     2.2355     1.9560         22 0.0000e+00
     65.304   75.10902  172.20822     66.000    -1.5519    -1.5510  26.677655  26.677143    33.5231    33.5213    299.163    291.893    -0.0483     4.6553     0.1149     0.1149     0.0288     0.0231       7201     4.9998      83.03     2.2249     1.9471         17 0.0000e+00
     66.293   75.10904  172.20824     67.000    -1.5316    -1.5291  26.719516  26.721733    33.5574    33.5576    298.105    291.583    -0.0790     4.6554     0.1151     0.1151     0.0288     0.0219       7238     5.0259      82.28     2.2201     1.9467         20 0.0000e+00
     67.282   75.10904  172.20826     68.000    -1.5157    -1.5120  26.744132  26.750822    33.5729    33.5780    296.299    289.536    -0.0901     4.6546     0.1153     0.1153     0.0295     0.0214       7288     5.0602      80.94     2.2104     1.9375         25 0.0000e+00
     68.271   75.10905  172.20828     69.000    -1.5059    -1.5054  26.763680  26.762373    33.5883    33.5859    292.294    285.688    -0.0866     4.6524     0.1176     0.1176     0.0313     0.0216       7359     5.1096      80.03     2.1877     1.9188         22 0.0000e+00
     69.261   75.10906  172.20830     70.000    -1.4941    -1.4921  26.783669  26.784886    33.6019    33.6013    290.443    283.931    -0.0969     4.6522     0.1172     0.1172     0.0315     0.0212       7396     5.1353      79.13     2.1775     1.9108         19 0.0000e+00
     70.250   75.10906  172.20831     71.000    -1.4797    -1.4763  26.805209  26.809441    33.6147    33.6167    288.178    281.236    -0.0953     4.6516     0.1189     0.1189     0.0320     0.0212       7445     5.1696      77.82     2.1650     1.8982         17 0.0000e+00
     71.239   75.10907  172.20833     72.000    -1.4585    -1.4577  26.839333  26.838364    33.6374    33.6351    284.361    279.412    -0.0938     4.6500     0.1178     0.1178     0.0335     0.0213       7512     5.2157      76.70     2.1440     1.8900         20 0.0000e+00
     72.229   75.10908  172.20835     73.000    -1.4479    -1.4462  26.856865  26.857295    33.6489    33.6476    282.230    274.995    -0.0889     4.6496     0.1195     0.1195     0.0338     0.0215       7552     5.2436      75.96     2.1321     1.8688         18 0.0000e+00
     73.218   75.10908  172.20836     74.000    -1.4308    -1.4289  26.884995  26.885905    33.6678    33.6670    279.821    273.199    -0.0868     4.6480     0.1187     0.1187     0.0351     0.0216       7599     5.2765      74.62     2.1190     1.8607         19 0.0000e+00
     74.207   75.10910  172.20839     75.000    -1.4148    -1.4137  26.912431  26.911804    33.6869    33.6848    277.269    271.385    -0.0907     4.6447     0.1198     0.1198     0.0380     0.0214       7661     5.3192      73.60     2.1050     1.8524         16 0.0000e+00
     75.196   75.10910  172.20840     76.000    -1.4014    -1.3995  26.937332  26.938153    33.7055    33.7044    275.619    270.085    -0.0889     4.6440     0.1184     0.1184     0.0386     0.0215       7708     5.3524      72.56     2.0961     1.8466         16 0.0000e+00
     76.186   75.10912  172.20842     77.000    -1.3869    -1.3849  26.966773  26.968567    33.7291    33.7292    274.625    269.225    -0.0952     4.6450     0.1188     0.1188     0.0378     0.0212       7757     5.3858      71.69     2.0911     1.8431         17 0.0000e+00
     77.175   75.10912  172.20843     78.000    -1.3742    -1.3729  26.996330  26.996533    33.7547    33.7535    274.294    268.856    -0.0907     4.6455     0.1184     0.1184     0.0373     0.0214       7810     5.4226      70.57     2.0899     1.8418         16 0.0000e+00
     78.164   75.10913  172.20844     79.000    -1.3613    -1.3597  27.021347  27.022040    33.7740    33.7731    274.763    268.428    -0.0874     4.6471     0.1174     0.1174     0.0359     0.0215       7865     5.4609      69.44     2.0932     1.8403         18 0.0000e+00
     79.153   75.10914  172.20846     80.000    -1.3485    -1.3469  27.049730  27.050753    33.7979    33.7975    275.201    270.023    -0.0873     4.6462     0.1181     0.1181     0.0367     0.0215       7910     5.4924      68.57     2.0965     1.8487         13 0.0000e+00
     80.143   75.10914  172.20848     81.000    -1.3370    -1.3347  27.076349  27.079331    33.8209    33.8224    275.211    270.593    -0.1021     4.6464     0.1192     0.1192     0.0365     0.0209       7958     5.5258      67.60     2.0972     1.8521         16 0.0000e+00
     81.132   75.10916  172.20850     82.000    -1.3250    -1.3237  27.107551  27.108057    33.8496    33.8488    275.437    273.725    -0.0844     4.6471     0.1184     0.1184     0.0359     0.0216       8020     5.5686      66.50     2.0992     1.8681         17 0.0000e+00
     82.121   75.10916  172.20850     83.000    -1.3162    -1.3148  27.133700  27.134609    33.8750    33.8747    275.661    273.519    -0.0857     4.6462     0.1173     0.1173     0.0366     0.0216       8066     5.6006      65.53     2.1011     1.8675         15 0.0000e+00
     83.110   75.10918  172.20852     84.000    -1.3089    -1.3078  27.150812  27.151223    33.8896    33.8889    276.589    268.917    -0.0889     4.6474     0.1179     0.1179     0.0357     0.0215       8111     5.6322      64.29     2.1068     1.8451         16 0.0000e+00
     84.099   75.10918  172.20854     85.000    -1.2987    -1.2974  27.173581  27.174005    33.9087    33.9078    278.350    269.762    -0.0909     4.6509     0.1176     0.1176     0.0326     0.0214       8177     5.6778      63.33     2.1177     1.8497         18 0.0000e+00
     85.088   75.10920  172.20855     86.000    -1.2910    -1.2904  27.193017  27.191945    33.9260    33.9239    279.224    269.399    -0.0851     4.6507     0.1161     0.1161     0.0328     0.0216       8220     5.7078      62.50     2.1232     1.8482         16 0.0000e+00
     86.078   75.10920  172.20856     87.000    -1.2882    -1.2851  27.199836  27.205279    33.9316    33.9356    279.679    273.570    -0.0930     4.6499     0.1163     0.1163     0.0336     0.0213       8263     5.7375      61.32     2.1258     1.8689         14 0.0000e+00
     87.067   75.10922  172.20858     88.000    -1.2781    -1.2770  27.227003  27.227206    33.9569    33.9559    280.560    273.124    -0.1151     4.6517     0.1159     0.1159     0.0319     0.0204       8335     5.7875      60.31     2.1315     1.8671         17 0.0000e+00
     88.056   75.10922  172.20858     89.000    -1.2675    -1.2662  27.253701  27.254163    33.9808    33.9801    281.023    271.043    -0.0899     4.6521     0.1149     0.1149     0.0316     0.0214       8374     5.8144      59.50     2.1349     1.8573         14 0.0000e+00
     89.045   75.10923  172.20860     90.000    -1.2573    -1.2548  27.278291  27.282148    34.0025    34.0049    281.705    275.290    -0.0972     4.6530     0.1145     0.1145     0.0308     0.0211       8422     5.8480      58.18     2.1394     1.8789         17 0.0000e+00
     90.034   75.10924  172.20861     91.000    -1.2487    -1.2477  27.301672  27.301744    34.0242    34.0231    282.839    273.868    -0.1119     4.6556     0.1128     0.1128     0.0286     0.0205       8492     5.8966      57.24     2.1466     1.8721         18 0.0000e+00
     91.024   75.10925  172.20862     92.000    -1.2388    -1.2375  27.325306  27.325833    34.0447    34.0440    283.371    277.309    -0.1209     4.6548     0.1142     0.1142     0.0293     0.0202       8531     5.9234      56.41     2.1502     1.8896         16 0.0000e+00
     92.013   75.10926  172.20864     93.000    -1.2301    -1.2278  27.342757  27.346241    34.0582    34.0603    284.311    279.545    -0.1174     4.6553     0.1126     0.1126     0.0289     0.0203       8577     5.9558      55.17     2.1561     1.9011         16 0.0000e+00
     93.002   75.10928  172.20865     94.000    -1.2246    -1.2240  27.356303  27.355273    34.0699    34.0677    285.533    279.256    -0.1342     4.6562     0.1114     0.1114     0.0281     0.0196       8651     6.0069      54.19     2.1635     1.8997         22 0.0000e+00
     93.991   75.10928  172.20866     95.000    -1.2211    -1.2204  27.364601  27.364025    34.0767    34.0750    285.908    273.233    -0.1349     4.6557     0.1114     0.1114     0.0285     0.0196       8688     6.0330      53.43     2.1657     1.8700         18 0.0000e+00
     94.980   75.10929  172.20866     96.000    -1.2133    -1.2085  27.379359  27.385773    34.0873    34.0907    286.070    280.263    -0.1335     4.6561     0.1117     0.1117     0.0282     0.0196       8743     6.0705      51.98     2.1670     1.9052         20 0.0000e+00
     95.969   75.10930  172.20868     97.000    -1.2000    -1.1994  27.403558  27.402533    34.1048    34.1027    286.301    279.421    -0.1334     4.6546     0.1106     0.1106     0.0295     0.0196       8807     6.1153      51.22     2.1690     1.9014         19 0.0000e+00
     96.958   75.10931  172.20869     98.000    -1.1984    -1.1976  27.409356  27.408724    34.1103    34.1085    286.410    280.351    -0.1335     4.6513     0.1102     0.1102     0.0323     0.0196       8845     6.1419      50.23     2.1696     1.9059         20 0.0000e+00
     97.948   75.10932  172.20870     99.000    -1.1941    -1.1927  27.417858  27.419172    34.1164    34.1166    286.497    279.526    -0.1311     4.6536     0.1094     0.1094     0.0303     0.0197       8902     6.1814      48.97     2.1701     1.9020         22 0.0000e+00
     98.937   75.10934  172.20871    100.000    -1.1861    -1.1849  27.436428  27.436375    34.1321    34.1306    286.623    278.451    -0.1203     4.6550     0.1092     0.1092     0.0291     0.0202       8961     6.2223      48.08     2.1712     1.8969         19 0.0000e+00
     99.926   75.10934  172.20872    101.000    -1.1793    -1.1784  27.449255  27.448641    34.1413    34.1395    286.854    280.908    -0.1220     4.6562     0.1096     0.1096     0.0281     0.0201       9004     6.2523      46.96     2.1729     1.9093         21 0.0000e+00
    100.915   75.10936  172.20873    102.000    -1.1755    -1.1741  27.456463  27.456806    34.1463    34.1451    287.294    280.113    -0.1314     4.6569     0.1093     0.1093     0.0275     0.0197       9062     6.2920      45.87     2.1755     1.9054         23 0.0000e+00
    101.904   75.10936  172.20874    103.000    -1.1667    -1.1652  27.472777  27.473289    34.1580    34.1569    287.754    280.182    -0.1352     4.6570     0.1086     0.1086     0.0274     0.0196       9115     6.3289      44.94     2.1786     1.9060         21 0.0000e+00
    102.893   75.10937  172.20876    104.000    -1.1571    -1.1560  27.489853  27.489733    34.1698    34.1683    287.560    280.178    -0.1336     4.6569     0.1074     0.1074     0.0275     0.0196       9158     6.3591      43.94     2.1779     1.9064         20 0.0000e+00
    103.882   75.10938  172.20877    105.000    -1.1495    -1.1472  27.501469  27.502997    34.1764    34.1759    287.552    280.169    -0.1339     4.6579     0.1067     0.1067     0.0266     0.0196       9215     6.3988      42.75     2.1781     1.9066         23 0.0000e+00
    104.871   75.10938  172.20878    106.000    -1.1400    -1.1393  27.517110  27.516143    34.1864    34.1843    287.576    280.509    -0.1328     4.6579     0.1068     0.1068     0.0266     0.0197       9266     6.4339      41.85     2.1786     1.9085         24 0.0000e+00
    105.860   75.10940  172.20879    107.000    -1.1350    -1.1334  27.525315  27.525917    34.1913    34.1903    287.483    280.873    -0.1340     4.6579     0.1061     0.1061     0.0266     0.0196       9308     6.4635      40.80     2.1781     1.9104         24 0.0000e+00
    106.850   75.10940  172.20880    108.000    -1.1215    -1.1199  27.546502  27.546732    34.2043    34.2028    287.129    275.472    -0.1326     4.6582     0.1062     0.1062     0.0263     0.0197       9374     6.5091      29.33     2.1767     1.8842         23 0.0000e+00
    107.839   75.10942  172.20882    109.000    -1.1163    -1.1160  27.554299  27.552895    34.2084    34.2061    287.047    280.581    -0.1353     4.6585     0.1050     0.1050     0.0260     0.0196       9416     6.5380      38.96     2.1763     1.9095         23 0.0000e+00
    108.828   75.10942  172.20883    110.000    -1.1129    -1.1069  27.558700  27.564193    34.2099    34.2106    287.085    282.097    -0.1337     4.6576     0.1054     0.1054     0.0268     0.0196       9461     6.5693      37.57     2.1765     1.9173         20 0.0000e+00
    109.817   75.10944  172.20885    111.000    -1.0860    -1.0795  27.593447  27.598546    34.2261    34.2257    286.769    279.549    -0.1326     4.6563     0.1051     0.1051     0.0280     0.0197       9540     6.6245      13.55     2.1760     1.9058         23 0.0000e+00
    110.806   75.10944  172.20887    112.000    -1.0717    -1.0681  27.611555  27.614489    34.2340    34.2339    286.304    279.800    -0.1337     4.6554     0.1033     0.1033     0.0288     0.0196       9602     6.6676      21.63     2.1739     1.9074         21 0.0000e+00
    111.795   75.10946  172.20891    113.000    -1.0659    -1.0647  27.622095  27.621624    34.2412    34.2391    284.547    278.295    -0.1213     4.6546     0.1052     0.1052     0.0294     0.0201       9726     6.7534       4.15     2.1637     1.8999         28 0.0000e+00
    112.784   75.10947  172.20894    114.000    -1.0588    -1.0574  27.631260  27.630866    34.2450    34.2428    284.569    277.616    -0.1325     4.6548     0.1049     0.1049     0.0293     0.0197       9858     6.8450       0.20     2.1640     1.8967         24 0.0000e+00
    113.773   75.10948  172.20899    115.000    -1.0460    -1.0435  27.646909  27.647888    34.2511    34.2495    284.218    278.731    -0.1311     4.6540     0.1054     0.1054     0.0300     0.0197       9989     6.9360       7.27     2.1625     1.9027         28 0.0000e+00
    114.762   75.10949  172.20904    116.000    -1.0301    -1.0276  27.666600  27.667651    34.2592    34.2578    283.134    277.614    -0.1217     4.6524     0.1054     0.1054     0.0313     0.0201      10129     7.0332      13.14     2.1568     1.8978         31 0.0000e+00
