Continuous CTD Data/SBE Stage/nabos_23_01avg.cnv
* Sea-Bird SBE 9 Data File:
* FileName = D:\CTD\data\HLY2502\raw\NABOS_23_01.hex
* Software Version Seasave V 7.26.7.110
* Temperature SN = 6954
* Conductivity SN = 2561
* Number of Bytes Per Scan = 37
* Number of Voltage Words = 4
* Number of Scans Averaged by the Deck Unit = 1
* NMEA Latitude = 79 43.17 N
* NMEA Longitude = 169 12.20 E
* NMEA UTC (Time) = Sep 19 2025  18:25:30
* NMEA baud rate = 9600
** Ship: USCG HEALY
** Bot. Depth:  1200
** Cast Number:  01
** Station Name:  NABOS
** Station Number:  23
** Operator:  STARC
# nquan = 25
# nvalues = 1214                        
# units = specified
# name 0 = depSM: Depth [salt water, m]
# name 1 = latitude: Latitude [deg]
# name 2 = longitude: Longitude [deg]
# name 3 = prDM: Pressure, Digiquartz [db]
# name 4 = t090C: Temperature [ITS-90, deg C]
# name 5 = t190C: Temperature, 2 [ITS-90, deg C]
# name 6 = c0mS/cm: Conductivity [mS/cm]
# name 7 = c1mS/cm: Conductivity, 2 [mS/cm]
# name 8 = sal00: Salinity, Practical [PSU]
# name 9 = sal11: Salinity, Practical, 2 [PSU]
# name 10 = sbox0Mm/Kg: Oxygen, SBE 43 [umol/kg]
# name 11 = sbox1Mm/Kg: Oxygen, SBE 43, 2 [umol/kg]
# name 12 = flECO-AFL: Fluorescence, WET Labs ECO-AFL/FL [mg/m^3]
# name 13 = v2: Voltage 2
# name 14 = wetCDOM: Fluorescence, WET Labs CDOM [mg/m^3]
# name 15 = v6: Voltage 6
# name 16 = CStarAt0: Beam Attenuation, WET Labs C-Star [1/m]
# name 17 = v3: Voltage 3
# name 18 = scan: Scan Count
# name 19 = timeM: Time, Elapsed [minutes]
# name 20 = altM: Altimeter [m]
# name 21 = sbeox0V: Oxygen raw, SBE 43 [V]
# name 22 = sbeox1V: Oxygen raw, SBE 43, 2 [V]
# name 23 = nbin: number of scans per bin
# name 24 = flag: flag
# span 0 =      3.958,   1200.621       
# span 1 =   79.71950,   79.72041       
# span 2 =  169.19442,  169.20283       
# span 3 =      4.000,   1217.000       
# span 4 =    -1.6869,     0.9101       
# span 5 =    -1.6866,     0.9101       
# span 6 =  24.698058,  29.807426       
# span 7 =  24.697016,  29.805545       
# span 8 =    30.9633,    34.8877       
# span 9 =    30.9614,    34.8853       
# span 10 =    290.626,    369.718      
# span 11 =    267.538,    364.744      
# span 12 =    -0.1814,     0.4651      
# span 13 =     4.4896,     4.6386      
# span 14 =     0.0796,     0.1123      
# span 15 =     0.0796,     0.1123      
# span 16 =     0.0432,     0.1739      
# span 17 =     0.0177,     0.0436      
# span 18 =       2354,      36914      
# span 19 =     1.6341,    25.6339      
# span 20 =      74.40,     100.33      
# span 21 =     2.0186,     2.6001      
# span 22 =     1.7301,     2.2773      
# span 23 =          8,         28      
# span 24 = 0.0000e+00, 0.0000e+00      
# interval = decibars: 1                
# start_time = Sep 19 2025 18:25:30 [NMEA time, header]
# bad_flag = -9.990e-29
*END*
[from data line 406]
    405.264   79.71980  169.19990    410.000     0.6354     0.6353  29.633393  29.631453    34.8174    34.8150    294.908    290.296    -0.1328     4.6381     0.0833     0.0833     0.0437     0.0197      15323    10.6400     100.00     2.2514     1.9818         16 0.0000e+00
    406.251   79.71980  169.19988    411.000     0.6218     0.6216  29.621829  29.619808    34.8170    34.8146    294.995    290.231    -0.1412     4.6382     0.0831     0.0831     0.0436     0.0193      15348    10.6574     100.00     2.2510     1.9807         19 0.0000e+00
    407.239   79.71980  169.19988    412.000     0.6096     0.6094  29.611663  29.609645    34.8169    34.8145    295.013    291.177    -0.1587     4.6375     0.0823     0.0823     0.0442     0.0186      15372    10.6744     100.00     2.2503     1.9847         18 0.0000e+00
    408.226   79.71980  169.19988    413.000     0.5987     0.5984  29.602584  29.600523    34.8168    34.8144    295.011    290.474    -0.1301     4.6376     0.0826     0.0826     0.0441     0.0198      15397    10.6915     100.00     2.2495     1.9805         16 0.0000e+00
    409.213   79.71980  169.19988    414.000     0.5877     0.5875  29.593429  29.591441    34.8166    34.8142    295.019    290.385    -0.1348     4.6375     0.0830     0.0830     0.0442     0.0196      15422    10.7088     100.00     2.2487     1.9794         18 0.0000e+00
    410.201   79.71980  169.19986    415.000     0.5825     0.5824  29.589381  29.587434    34.8166    34.8142    295.054    290.456    -0.1347     4.6375     0.0824     0.0824     0.0442     0.0196      15446    10.7259     100.00     2.2485     1.9794         16 0.0000e+00
    411.189   79.71980  169.19986    416.000     0.5826     0.5825  29.589841  29.587954    34.8165    34.8141    295.119    289.017    -0.1631     4.6375     0.0830     0.0830     0.0442     0.0185      15471    10.7431     100.00     2.2486     1.9720         16 0.0000e+00
    412.176   79.71980  169.19986    417.000     0.5833     0.5833  29.590990  29.589116    34.8166    34.8142    295.293    291.389    -0.1715     4.6374     0.0822     0.0822     0.0442     0.0181      15496    10.7603     100.00     2.2494     1.9837         14 0.0000e+00
    413.163   79.71980  169.19984    418.000     0.5852     0.5853  29.593471  29.591576    34.8171    34.8145    295.491    292.207    -0.1370     4.6374     0.0824     0.0824     0.0442     0.0195      15521    10.7774     100.00     2.2505     1.9877         15 0.0000e+00
    414.151   79.71980  169.19984    419.000     0.5867     0.5867  29.595346  29.593445    34.8172    34.8148    295.563    291.391    -0.1690     4.6378     0.0822     0.0822     0.0440     0.0182      15545    10.7948     100.00     2.2508     1.9835         17 0.0000e+00
    415.138   79.71980  169.19983    420.000     0.5883     0.5884  29.597403  29.595580    34.8176    34.8151    295.553    291.576    -0.1648     4.6379     0.0828     0.0828     0.0439     0.0184      15570    10.8118     100.00     2.2506     1.9843         13 0.0000e+00
    416.125   79.71980  169.19982    421.000     0.5963     0.5964  29.605777  29.603866    34.8189    34.8163    295.424    290.977    -0.1312     4.6381     0.0831     0.0831     0.0437     0.0197      15595    10.8289     100.00     2.2500     1.9815         14 0.0000e+00
    417.113   79.71980  169.19982    422.000     0.5987     0.5987  29.608357  29.606447    34.8190    34.8166    295.300    290.345    -0.1406     4.6374     0.0837     0.0837     0.0443     0.0194      15619    10.8461     100.00     2.2491     1.9782         15 0.0000e+00
    418.100   79.71980  169.19982    423.000     0.5985     0.5985  29.608730  29.606849    34.8190    34.8166    295.326    290.913    -0.1623     4.6379     0.0836     0.0836     0.0438     0.0185      15644    10.8633     100.00     2.2490     1.9808         15 0.0000e+00
    419.088   79.71980  169.19981    424.000     0.5990     0.5990  29.609866  29.607857    34.8195    34.8168    295.265    289.849    -0.1752     4.6376     0.0822     0.0822     0.0442     0.0180      15669    10.8806     100.00     2.2485     1.9753         15 0.0000e+00
    420.075   79.71980  169.19980    425.000     0.6124     0.6119  29.622795  29.620523    34.8206    34.8182    295.016    290.099    -0.1695     4.6376     0.0823     0.0823     0.0441     0.0182      15694    10.8977     100.00     2.2475     1.9770         14 0.0000e+00
    421.062   79.71980  169.19980    426.000     0.6140     0.6139  29.624727  29.622625    34.8207    34.8181    294.747    289.508    -0.1458     4.6375     0.0832     0.0832     0.0442     0.0191      15718    10.9148     100.00     2.2458     1.9739         15 0.0000e+00
    422.050   79.71980  169.19979    427.000     0.6107     0.6104  29.621969  29.619774    34.8203    34.8178    294.696    290.069    -0.1284     4.6377     0.0822     0.0822     0.0440     0.0198      15743    10.9321     100.00     2.2451     1.9763         16 0.0000e+00
    423.037   79.71980  169.19978    428.000     0.6030     0.6025  29.615776  29.613448    34.8202    34.8178    294.644    290.780    -0.1591     4.6291     0.0830     0.0830     0.0515     0.0186      15768    10.9490     100.00     2.2441     1.9794         14 0.0000e+00
    424.025   79.71980  169.19978    429.000     0.6011     0.6010  29.614752  29.612614    34.8204    34.8178    294.677    290.988    -0.1685     4.6362     0.0823     0.0823     0.0454     0.0182      15792    10.9662     100.00     2.2440     1.9802         14 0.0000e+00
    425.012   79.71980  169.19978    430.000     0.6017     0.6015  29.615736  29.613481    34.8205    34.8178    294.625    290.079    -0.1390     4.6378     0.0813     0.0813     0.0439     0.0194      15817    10.9836     100.00     2.2434     1.9755         16 0.0000e+00
    425.999   79.71980  169.19977    431.000     0.5998     0.5996  29.614312  29.612214    34.8202    34.8177    294.553    289.421    -0.1635     4.6381     0.0824     0.0824     0.0437     0.0184      15842    11.0007     100.00     2.2427     1.9719         14 0.0000e+00
    426.987   79.71980  169.19976    432.000     0.5988     0.5981  29.613800  29.611427    34.8200    34.8177    294.521    290.933    -0.1487     4.6378     0.0832     0.0832     0.0439     0.0190      15867    11.0179     100.00     2.2422     1.9792         15 0.0000e+00
    427.974   79.71980  169.19976    433.000     0.5994     0.5997  29.615275  29.613633    34.8208    34.8182    294.614    290.239    -0.1744     4.6375     0.0830     0.0830     0.0442     0.0180      15891    11.0349     100.00     2.2426     1.9756         14 0.0000e+00
    428.962   79.71980  169.19975    434.000     0.6176     0.6173  29.632338  29.630255    34.8219    34.8195    294.668    289.626    -0.1526     4.6376     0.0824     0.0824     0.0441     0.0189      15916    11.0523     100.00     2.2437     1.9731         17 0.0000e+00
    429.949   79.71980  169.19974    435.000     0.6177     0.6178  29.632953  29.631122    34.8221    34.8195    294.875    289.517    -0.1317     4.6377     0.0810     0.0810     0.0441     0.0197      15941    11.0693     100.00     2.2447     1.9724         14 0.0000e+00
    430.936   79.71980  169.19974    436.000     0.6173     0.6173  29.633162  29.631229    34.8221    34.8196    294.822    290.871    -0.1569     4.6375     0.0823     0.0823     0.0442     0.0187      15966    11.0866     100.00     2.2441     1.9790         14 0.0000e+00
    431.924   79.71980  169.19974    437.000     0.6146     0.6145  29.631202  29.629214    34.8220    34.8195    294.761    289.670    -0.1423     4.6375     0.0819     0.0819     0.0442     0.0193      15990    11.1036     100.00     2.2433     1.9726         14 0.0000e+00
    432.911   79.71980  169.19972    438.000     0.6132     0.6131  29.630512  29.628611    34.8221    34.8198    294.604    290.104    -0.1327     4.6377     0.0831     0.0831     0.0440     0.0197      16015    11.1209     100.00     2.2421     1.9746         16 0.0000e+00
    433.898   79.71980  169.19972    439.000     0.6117     0.6115  29.629507  29.627441    34.8219    34.8195    294.491    291.996    -0.1668     4.6375     0.0831     0.0831     0.0442     0.0183      16040    11.1381     100.00     2.2411     1.9838         17 0.0000e+00
    434.886   79.71980  169.19972    440.000     0.5958     0.5951  29.615653  29.613172    34.8211    34.8187    294.635    290.649    -0.1764     4.6374     0.0841     0.0841     0.0443     0.0179      16064    11.1552     100.00     2.2409     1.9761         13 0.0000e+00
    435.873   79.71980  169.19972    441.000     0.5737     0.5737  29.596943  29.594967    34.8210    34.8185    294.691    290.078    -0.1729     4.6375     0.0829     0.0829     0.0442     0.0181      16089    11.1724     100.00     2.2399     1.9722         16 0.0000e+00
    436.860   79.71980  169.19970    442.000     0.5604     0.5609  29.585820  29.584479    34.8208    34.8186    294.673    292.680    -0.1696     4.6382     0.0828     0.0828     0.0436     0.0182      16114    11.1895     100.00     2.2389     1.9845         13 0.0000e+00
    437.848   79.71982  169.19970    443.000     0.5375     0.5369  29.565870  29.563635    34.8200    34.8178    294.900    293.584    -0.1693     4.6374     0.0832     0.0832     0.0443     0.0182      16139    11.2067     100.00     2.2389     1.9878         14 0.0000e+00
    438.835   79.71982  169.19970    444.000     0.5131     0.5130  29.545454  29.543506    34.8202    34.8178    294.984    294.155    -0.1743     4.6376     0.0826     0.0826     0.0441     0.0180      16163    11.2237     100.00     2.2379     1.9894         13 0.0000e+00
    439.822   79.71982  169.19968    445.000     0.5119     0.5122  29.544515  29.542826    34.8197    34.8172    294.987    290.096    -0.1690     4.6375     0.0821     0.0821     0.0442     0.0182      16188    11.2410     100.00     2.2377     1.9689         14 0.0000e+00
    440.810   79.71982  169.19968    446.000     0.5117     0.5117  29.544656  29.542698    34.8195    34.8170    295.172    291.162    -0.1539     4.6374     0.0825     0.0825     0.0443     0.0188      16213    11.2582     100.00     2.2385     1.9740         18 0.0000e+00
    441.797   79.71982  169.19968    447.000     0.5127     0.5126  29.545774  29.543809    34.8193    34.8169    295.316    291.821    -0.1664     4.6375     0.0832     0.0832     0.0442     0.0183      16237    11.2753     100.00     2.2391     1.9772         13 0.0000e+00
    442.784   79.71982  169.19968    448.000     0.5138     0.5138  29.547342  29.545294    34.8195    34.8169    295.357    293.911    -0.1696     4.6383     0.0831     0.0831     0.0435     0.0182      16262    11.2923     100.00     2.2392     1.9875         12 0.0000e+00
    443.771   79.71982  169.19966    449.000     0.5158     0.5159  29.549442  29.547515    34.8194    34.8168    295.404    292.445    -0.1422     4.6380     0.0823     0.0823     0.0437     0.0193      16287    11.3096     100.00     2.2393     1.9800         15 0.0000e+00
    444.759   79.71982  169.19966    450.000     0.5186     0.5186  29.552547  29.550418    34.8197    34.8170    295.412    291.871    -0.1734     4.6381     0.0824     0.0824     0.0437     0.0181      16311    11.3265     100.00     2.2393     1.9771         14 0.0000e+00
    445.746   79.71982  169.19965    451.000     0.5202     0.5201  29.554299  29.552333    34.8197    34.8171    295.333    291.049    -0.1739     4.6379     0.0831     0.0831     0.0439     0.0180      16336    11.3440     100.00     2.2387     1.9729         18 0.0000e+00
    446.733   79.71982  169.19964    452.000     0.5224     0.5223  29.556776  29.554828    34.8198    34.8174    295.149    289.577    -0.1631     4.6374     0.0839     0.0839     0.0443     0.0185      16361    11.3611     100.00     2.2375     1.9654         15 0.0000e+00
    447.720   79.71982  169.19964    453.000     0.5239     0.5238  29.558652  29.556503    34.8200    34.8172    295.059    289.623    -0.1483     4.6377     0.0825     0.0825     0.0440     0.0190      16386    11.3783     100.00     2.2368     1.9655         17 0.0000e+00
    448.708   79.71982  169.19963    454.000     0.5251     0.5250  29.560120  29.558137    34.8200    34.8175    294.934    290.444    -0.1681     4.6378     0.0811     0.0811     0.0439     0.0183      16410    11.3954     100.00     2.2359     1.9695         15 0.0000e+00
    449.695   79.71982  169.19962    455.000     0.5252     0.5251  29.560644  29.558643    34.8200    34.8174    294.908    290.525    -0.1546     4.6382     0.0815     0.0815     0.0436     0.0188      16435    11.4125     100.00     2.2356     1.9697         16 0.0000e+00
    450.682   79.71982  169.19962    456.000     0.5254     0.5254  29.561259  29.559364    34.8199    34.8175    294.851    290.842    -0.1346     4.6375     0.0823     0.0823     0.0442     0.0196      16460    11.4297     100.00     2.2350     1.9711         17 0.0000e+00
    451.670   79.71982  169.19962    457.000     0.5262     0.5261  29.562529  29.560500    34.8201    34.8176    294.734    290.708    -0.1533     4.6382     0.0832     0.0832     0.0436     0.0188      16485    11.4469     100.00     2.2341     1.9703         17 0.0000e+00
    452.657   79.71982  169.19961    458.000     0.5269     0.5269  29.563634  29.561790    34.8201    34.8178    294.589    290.652    -0.1693     4.6377     0.0833     0.0833     0.0440     0.0182      16509    11.4639     100.00     2.2330     1.9698         14 0.0000e+00
    453.644   79.71982  169.19960    459.000     0.5289     0.5287  29.565985  29.563836    34.8203    34.8177    294.445    291.161    -0.1372     4.6379     0.0821     0.0821     0.0438     0.0195      16534    11.4811     100.00     2.2321     1.9723         17 0.0000e+00
    454.631   79.71982  169.19960    460.000     0.5291     0.5290  29.566535  29.564624    34.8203    34.8179    294.433    290.076    -0.1338     4.6382     0.0820     0.0820     0.0435     0.0196      16559    11.4984     100.00     2.2318     1.9667         20 0.0000e+00
    455.619   79.71982  169.19959    461.000     0.5296     0.5296  29.567533  29.565521    34.8204    34.8178    294.377    290.619    -0.1378     4.6375     0.0822     0.0822     0.0442     0.0195      16583    11.5156     100.00     2.2313     1.9692         21 0.0000e+00
    456.606   79.71982  169.19958    462.000     0.5298     0.5297  29.568139  29.566122    34.8204    34.8179    294.410    290.062    -0.1728     4.6377     0.0829     0.0829     0.0440     0.0181      16608    11.5326     100.00     2.2312     1.9662         14 0.0000e+00
    457.593   79.71982  169.19958    463.000     0.5297     0.5296  29.568379  29.566411    34.8203    34.8178    294.621    290.770    -0.1669     4.6372     0.0818     0.0818     0.0444     0.0183      16633    11.5498     100.00     2.2322     1.9696         20 0.0000e+00
    458.580   79.71982  169.19958    464.000     0.5298     0.5298  29.569014  29.567058    34.8204    34.8179    294.752    291.486    -0.1418     4.6381     0.0820     0.0820     0.0437     0.0193      16657    11.5668     100.00     2.2328     1.9730         14 0.0000e+00
    459.567   79.71982  169.19957    465.000     0.5302     0.5302  29.569755  29.567808    34.8203    34.8178    294.809    290.716    -0.1589     4.6386     0.0827     0.0827     0.0432     0.0186      16682    11.5842     100.00     2.2329     1.9690         18 0.0000e+00
    460.555   79.71982  169.19956    466.000     0.5304     0.5304  29.570458  29.568552    34.8203    34.8179    294.728    289.840    -0.1554     4.6383     0.0812     0.0812     0.0435     0.0188      16707    11.6014     100.00     2.2322     1.9644         21 0.0000e+00
