Continuous CTD Data/SBE Stage/nabos_37_01.ros
* Sea-Bird SBE 9 Data File:
* FileName = D:\CTD\data\HLY2502\raw\NABOS_37_01.hex
* Software Version Seasave V 7.26.7.110
* Temperature SN = 6954
* Conductivity SN = 2561
* Number of Bytes Per Scan = 37
* Number of Voltage Words = 4
* Number of Scans Averaged by the Deck Unit = 1
* NMEA Latitude = 79 03.75 N
* NMEA Longitude = 130 24.14 E
* NMEA UTC (Time) = Sep 24 2025  20:20:46
* NMEA baud rate = 9600
** Ship: USCG HEALY
** Bot. Depth:  3116
** Cast Number:  01
** Station Name:  NABOS
** Station Number:  37
** Operator:  STARC
# nquan = 25
# nvalues = 1176                                  
# units = specified
# name 0 = depSM: Depth [salt water, m]
# name 1 = latitude: Latitude [deg]
# name 2 = longitude: Longitude [deg]
# name 3 = prDM: Pressure, Digiquartz [db]
# name 4 = t090C: Temperature [ITS-90, deg C]
# name 5 = t190C: Temperature, 2 [ITS-90, deg C]
# name 6 = c0mS/cm: Conductivity [mS/cm]
# name 7 = c1mS/cm: Conductivity, 2 [mS/cm]
# name 8 = sal00: Salinity, Practical [PSU]
# name 9 = sal11: Salinity, Practical, 2 [PSU]
# name 10 = sbox0Mm/Kg: Oxygen, SBE 43 [umol/kg]
# name 11 = sbox1Mm/Kg: Oxygen, SBE 43, 2 [umol/kg]
# name 12 = flECO-AFL: Fluorescence, WET Labs ECO-AFL/FL [mg/m^3]
# name 13 = v2: Voltage 2
# name 14 = wetCDOM: Fluorescence, WET Labs CDOM [mg/m^3]
# name 15 = v6: Voltage 6
# name 16 = CStarAt0: Beam Attenuation, WET Labs C-Star [1/m]
# name 17 = v3: Voltage 3
# name 18 = scan: Scan Count
# name 19 = timeM: Time, Elapsed [minutes]
# name 20 = altM: Altimeter [m]
# name 21 = sbeox0V: Oxygen raw, SBE 43 [V]
# name 22 = sbeox1V: Oxygen raw, SBE 43, 2 [V]
# name 23 = nbf: Bottles Fired
# name 24 = flag:  0.000e+00
# interval = seconds: 0.0416667
# start_time = Sep 24 2025 20:20:46 [NMEA time, header]
# bad_flag = -9.990e-29
*END*
[from data line 290]
    250.140   79.07182  130.37476    252.962     1.8377     1.8380  30.630104  30.628725    34.8480    34.8459    293.900    288.551    -0.1671     4.6300     0.0818     0.0818     0.0506     0.0183      90048    62.5326     100.00     2.3444     2.0550          6  0.000e+00
    250.025   79.07182  130.37476    252.846     1.8379     1.8377  30.630293  30.628547    34.8480    34.8461    293.893    288.319    -0.1366     4.6300     0.0806     0.0806     0.0506     0.0195      90049    62.5333     100.00     2.3444     2.0538          6  0.000e+00
    250.083   79.07182  130.37476    252.904     1.8378     1.8377  30.630104  30.628666    34.8478    34.8462    293.897    288.321    -0.1671     4.6300     0.0818     0.0818     0.0506     0.0183      90050    62.5340     100.00     2.3444     2.0538          6  0.000e+00
    250.083   79.07182  130.37476    252.904     1.8379     1.8378  30.630104  30.628548    34.8478    34.8459    293.896    288.550    -0.1671     4.6300     0.0818     0.0818     0.0506     0.0183      90051    62.5347     100.00     2.3444     2.0550          6  0.000e+00
    200.228   79.07216  130.37390    202.462     1.7365     1.7364  30.478118  30.476535    34.7968    34.7949    293.019    287.955    -0.1976     4.6288     0.0830     0.0830     0.0517     0.0171      93983    65.2653     100.00     2.3452     2.0571          7  0.000e+00
    200.286   79.07216  130.37390    202.521     1.7364     1.7364  30.478181  30.476299    34.7969    34.7946    293.215    287.957    -0.1671     4.6288     0.0830     0.0830     0.0517     0.0183      93984    65.2660     100.00     2.3464     2.0571          7  0.000e+00
    200.261   79.07216  130.37390    202.496     1.7363     1.7362  30.478181  30.476240    34.7971    34.7947    293.215    287.958    -0.1671     4.6288     0.0830     0.0830     0.0517     0.0183      93985    65.2667     100.00     2.3464     2.0571          7  0.000e+00
    200.228   79.07216  130.37390    202.462     1.7364     1.7362  30.478181  30.476240    34.7970    34.7947    293.019    287.956    -0.1366     4.6288     0.0830     0.0830     0.0517     0.0195      93986    65.2674     100.00     2.3452     2.0571          7  0.000e+00
    200.286   79.07216  130.37390    202.521     1.7366     1.7362  30.477992  30.476240    34.7965    34.7947    293.215    287.730    -0.1366     4.6300     0.0830     0.0830     0.0506     0.0195      93987    65.2681     100.00     2.3464     2.0558          7  0.000e+00
    200.261   79.07216  130.37390    202.496     1.7365     1.7364  30.478495  30.476417    34.7973    34.7947    293.213    287.727    -0.1061     4.6300     0.0830     0.0830     0.0506     0.0208      93988    65.2687     100.00     2.3464     2.0558          7  0.000e+00
    200.286   79.07216  130.37390    202.521     1.7366     1.7362  30.478307  30.476299    34.7969    34.7948    293.214    287.958    -0.1366     4.6288     0.0830     0.0830     0.0517     0.0195      93989    65.2694     100.00     2.3464     2.0570          7  0.000e+00
    200.228   79.07216  130.37390    202.462     1.7368     1.7364  30.478181  30.476240    34.7966    34.7945    293.211    288.184    -0.1061     4.6300     0.0830     0.0830     0.0506     0.0208      93990    65.2701     100.00     2.3464     2.0583          7  0.000e+00
    200.286   79.07216  130.37390    202.521     1.7366     1.7362  30.478181  30.476240    34.7967    34.7947    293.214    288.416    -0.1366     4.6288     0.0830     0.0830     0.0517     0.0195      93991    65.2708     100.00     2.3464     2.0595          7  0.000e+00
    200.261   79.07216  130.37390    202.496     1.7364     1.7364  30.478369  30.476240    34.7972    34.7945    293.214    288.414    -0.1366     4.6300     0.0830     0.0830     0.0506     0.0195      93992    65.2715     100.00     2.3464     2.0595          7  0.000e+00
    200.228   79.07216  130.37390    202.462     1.7368     1.7362  30.478244  30.476654    34.7967    34.7952    293.017    288.642    -0.1366     4.6288     0.0830     0.0830     0.0517     0.0195      93993    65.2722     100.00     2.3451     2.0607          7  0.000e+00
    200.228   79.07216  130.37390    202.462     1.7365     1.7362  30.478369  30.476595    34.7971    34.7952    293.212    288.642    -0.1366     4.6300     0.0818     0.0818     0.0506     0.0195      93994    65.2729     100.00     2.3464     2.0607          7  0.000e+00
    200.261   79.07216  130.37388    202.496     1.7366     1.7364  30.478244  30.476299    34.7968    34.7946    293.020    288.414    -0.1366     4.6288     0.0830     0.0830     0.0517     0.0195      93995    65.2736     100.00     2.3451     2.0595          7  0.000e+00
    200.228   79.07216  130.37388    202.462     1.7368     1.7362  30.478181  30.476240    34.7966    34.7947    293.211    288.414    -0.1366     4.6288     0.0830     0.0830     0.0517     0.0195      93996    65.2743     100.00     2.3464     2.0595          7  0.000e+00
    200.286   79.07216  130.37388    202.521     1.7364     1.7362  30.477992  30.476417    34.7967    34.7949    293.215    288.416    -0.1366     4.6288     0.0830     0.0830     0.0517     0.0195      93997    65.2750     100.00     2.3464     2.0595          7  0.000e+00
    200.261   79.07216  130.37388    202.496     1.7366     1.7364  30.478307  30.476713    34.7969    34.7951    293.406    288.184    -0.1366     4.6300     0.0830     0.0830     0.0506     0.0195      93998    65.2757     100.00     2.3476     2.0583          7  0.000e+00
    200.228   79.07216  130.37388    202.462     1.7366     1.7361  30.478055  30.476358    34.7966    34.7950    293.212    287.956    -0.1366     4.6288     0.0830     0.0830     0.0517     0.0195      93999    65.2764     100.00     2.3464     2.0570          7  0.000e+00
    200.228   79.07216  130.37388    202.462     1.7367     1.7366  30.478118  30.476240    34.7966    34.7943    293.212    287.954    -0.1366     4.6288     0.0830     0.0830     0.0517     0.0195      94000    65.2771     100.00     2.3464     2.0570          7  0.000e+00
    200.286   79.07216  130.37388    202.521     1.7366     1.7362  30.477992  30.476240    34.7965    34.7947    293.214    287.958    -0.1366     4.6288     0.0830     0.0830     0.0517     0.0195      94001    65.2778     100.00     2.3464     2.0570          7  0.000e+00
    200.203   79.07216  130.37388    202.437     1.7364     1.7364  30.478306  30.476240    34.7971    34.7945    293.211    287.954    -0.1061     4.6288     0.0830     0.0830     0.0517     0.0208      94002    65.2785     100.00     2.3464     2.0570          7  0.000e+00
    200.286   79.07216  130.37388    202.521     1.7368     1.7362  30.478244  30.476417    34.7967    34.7949    293.213    288.187    -0.1366     4.6300     0.0830     0.0830     0.0506     0.0195      94003    65.2792     100.00     2.3464     2.0583          7  0.000e+00
    200.228   79.07216  130.37388    202.462     1.7366     1.7364  30.478369  30.476535    34.7970    34.7949    293.211    288.183    -0.1366     4.6288     0.0830     0.0830     0.0517     0.0195      94004    65.2799     100.00     2.3464     2.0583          7  0.000e+00
    200.261   79.07216  130.37388    202.496     1.7366     1.7362  30.478055  30.476299    34.7966    34.7948    293.407    288.186    -0.1366     4.6288     0.0830     0.0830     0.0517     0.0195      94005    65.2806     100.00     2.3476     2.0583          7  0.000e+00
    200.286   79.07216  130.37388    202.521     1.7367     1.7362  30.478307  30.476240    34.7968    34.7947    293.213    288.187    -0.1061     4.6288     0.0830     0.0830     0.0517     0.0208      94006    65.2813     100.00     2.3464     2.0583          7  0.000e+00
    200.228   79.07216  130.37388    202.462     1.7366     1.7364  30.478495  30.476417    34.7972    34.7948    293.404    288.412    -0.1366     4.6288     0.0830     0.0830     0.0517     0.0195      94007    65.2819     100.00     2.3476     2.0595          7  0.000e+00
    200.261   79.07216  130.37388    202.496     1.7368     1.7362  30.478244  30.476063    34.7967    34.7945    293.212    288.415    -0.1366     4.6288     0.0830     0.0830     0.0517     0.0195      94008    65.2826     100.00     2.3464     2.0595          7  0.000e+00
    200.228   79.07216  130.37388    202.462     1.7366     1.7361  30.478181  30.475944    34.7968    34.7945    293.211    288.415    -0.1366     4.6288     0.0830     0.0830     0.0517     0.0195      94009    65.2833     100.00     2.3464     2.0595          7  0.000e+00
    200.228   79.07216  130.37388    202.462     1.7363     1.7362  30.478181  30.476358    34.7971    34.7949    293.213    288.184    -0.1366     4.6288     0.0830     0.0830     0.0517     0.0195      94010    65.2840     100.00     2.3464     2.0583          7  0.000e+00
    200.286   79.07216  130.37388    202.521     1.7366     1.7362  30.478181  30.476299    34.7967    34.7948    293.214    288.187    -0.1366     4.6288     0.0830     0.0830     0.0517     0.0195      94011    65.2847     100.00     2.3464     2.0583          7  0.000e+00
    200.261   79.07216  130.37388    202.496     1.7362     1.7362  30.478181  30.476240    34.7972    34.7947    293.215    288.186    -0.1366     4.6288     0.0830     0.0830     0.0517     0.0195      94012    65.2854     100.00     2.3464     2.0583          7  0.000e+00
    200.228   79.07216  130.37388    202.462     1.7368     1.7362  30.478181  30.476240    34.7966    34.7947    293.210    288.185    -0.1366     4.6288     0.0830     0.0830     0.0517     0.0195      94013    65.2861     100.00     2.3464     2.0583          7  0.000e+00
    200.286   79.07216  130.37388    202.521     1.7364     1.7366  30.478181  30.476654    34.7969    34.7948    293.408    288.184    -0.1366     4.6288     0.0830     0.0830     0.0517     0.0195      94014    65.2868     100.00     2.3476     2.0583          7  0.000e+00
    200.203   79.07216  130.37388    202.437     1.7368     1.7364  30.478181  30.476358    34.7966    34.7947    293.209    288.182    -0.1366     4.6288     0.0830     0.0830     0.0517     0.0195      94015    65.2875     100.00     2.3464     2.0583          7  0.000e+00
    200.286   79.07216  130.37388    202.521     1.7364     1.7364  30.477992  30.476417    34.7967    34.7947    293.215    288.185    -0.1366     4.6288     0.0830     0.0830     0.0517     0.0195      94016    65.2882     100.00     2.3464     2.0583          7  0.000e+00
    200.286   79.07216  130.37388    202.521     1.7367     1.7364  30.478118  30.476536    34.7966    34.7949    293.214    288.185    -0.1366     4.6288     0.0830     0.0830     0.0517     0.0195      94017    65.2889     100.00     2.3464     2.0583          7  0.000e+00
    200.203   79.07216  130.37388    202.437     1.7366     1.7366  30.478181  30.476299    34.7968    34.7944    293.210    287.953    -0.1366     4.6288     0.0830     0.0830     0.0517     0.0195      94018    65.2896     100.00     2.3464     2.0570          7  0.000e+00
    200.286   79.07216  130.37388    202.521     1.7364     1.7362  30.477992  30.476240    34.7967    34.7947    293.215    287.958    -0.1366     4.6288     0.0830     0.0830     0.0517     0.0195      94019    65.2903     100.00     2.3464     2.0570          7  0.000e+00
    200.286   79.07216  130.37388    202.521     1.7366     1.7362  30.478118  30.476240    34.7967    34.7947    293.214    287.958    -0.1366     4.6288     0.0830     0.0830     0.0517     0.0195      94020    65.2910     100.00     2.3464     2.0570          7  0.000e+00
    200.286   79.07216  130.37388    202.521     1.7368     1.7362  30.477992  30.476240    34.7963    34.7947    293.213    287.958    -0.1366     4.6288     0.0830     0.0830     0.0517     0.0195      94021    65.2917     100.00     2.3464     2.0570          7  0.000e+00
    200.203   79.07216  130.37388    202.437     1.7366     1.7364  30.478118  30.476240    34.7967    34.7945    293.210    287.954    -0.1366     4.6288     0.0830     0.0830     0.0517     0.0195      94022    65.2924     100.00     2.3464     2.0570          7  0.000e+00
    200.286   79.07216  130.37388    202.521     1.7365     1.7364  30.478181  30.476417    34.7969    34.7947    293.214    287.956    -0.1366     4.6288     0.0818     0.0818     0.0517     0.0195      94023    65.2931     100.00     2.3464     2.0570          7  0.000e+00
    200.286   79.07216  130.37388    202.521     1.7366     1.7364  30.478181  30.476063    34.7967    34.7943    293.213    287.957    -0.1366     4.6288     0.0830     0.0830     0.0517     0.0195      94024    65.2938     100.00     2.3464     2.0570          7  0.000e+00
    200.261   79.07216  130.37388    202.496     1.7366     1.7366  30.478181  30.476831    34.7968    34.7951    293.212    287.953    -0.1366     4.6288     0.0830     0.0830     0.0517     0.0195      94025    65.2944     100.00     2.3464     2.0570          7  0.000e+00
    200.351   79.07216  130.37388    202.587     1.7366     1.7362  30.478370  30.476418    34.7969    34.7949    293.216    287.960    -0.1366     4.6288     0.0830     0.0830     0.0517     0.0195      94026    65.2951     100.00     2.3464     2.0570          7  0.000e+00
    200.286   79.07216  130.37388    202.521     1.7366     1.7364  30.478055  30.476240    34.7966    34.7945    293.214    287.957    -0.1366     4.6288     0.0830     0.0830     0.0517     0.0195      94027    65.2958     100.00     2.3464     2.0570          7  0.000e+00
    200.261   79.07216  130.37388    202.496     1.7366     1.7364  30.477741  30.476417    34.7962    34.7947    293.407    287.955    -0.1366     4.6288     0.0830     0.0830     0.0517     0.0195      94028    65.2965     100.00     2.3476     2.0570          7  0.000e+00
    200.286   79.07216  130.37388    202.521     1.7363     1.7362  30.478055  30.476299    34.7969    34.7948    293.215    287.958    -0.1366     4.6288     0.0830     0.0830     0.0517     0.0195      94029    65.2972     100.00     2.3464     2.0570          7  0.000e+00
    200.286   79.07216  130.37388    202.521     1.7366     1.7364  30.478181  30.476004    34.7967    34.7942    293.407    288.186    -0.1366     4.6288     0.0830     0.0830     0.0517     0.0195      94030    65.2979     100.00     2.3476     2.0583          7  0.000e+00
    200.261   79.07216  130.37388    202.496     1.7366     1.7362  30.478181  30.476358    34.7968    34.7949    293.212    288.185    -0.1671     4.6288     0.0830     0.0830     0.0517     0.0183      94031    65.2986     100.00     2.3464     2.0583          7  0.000e+00
    175.222   79.07234  130.37336    177.166     1.6470     1.6465  30.369657  30.367134    34.7729    34.7703    292.600    288.422    -0.1366     4.6288     0.0842     0.0842     0.0517     0.0195      96082    66.7229     100.00     2.3437     2.0605          8  0.000e+00
    175.222   79.07234  130.37336    177.166     1.6471     1.6467  30.369657  30.367370    34.7728    34.7704    292.793    287.734    -0.1366     4.6288     0.0842     0.0842     0.0517     0.0195      96083    66.7236     100.00     2.3449     2.0568          8  0.000e+00
    175.345   79.07234  130.37336    177.291     1.6469     1.6464  30.369343  30.367666    34.7726    34.7710    292.607    287.739    -0.1366     4.6276     0.0842     0.0842     0.0527     0.0195      96084    66.7243     100.00     2.3437     2.0568          8  0.000e+00
    175.279   79.07234  130.37336    177.224     1.6469     1.6465  30.368904  30.367548    34.7721    34.7708    292.605    287.508    -0.1061     4.6276     0.0842     0.0842     0.0527     0.0208      96085    66.7250     100.00     2.3437     2.0556          8  0.000e+00
