Continuous CTD Data/SBE Stage/nabos_17_01.ros
* Sea-Bird SBE 9 Data File:
* FileName = D:\CTD\data\HLY2502\raw\NABOS_17_01.hex
* Software Version Seasave V 7.26.7.110
* Temperature SN = 6954
* Conductivity SN = 2561
* Number of Bytes Per Scan = 37
* Number of Voltage Words = 4
* Number of Scans Averaged by the Deck Unit = 1
* NMEA Latitude = 77 28.99 N
* NMEA Longitude = 178 18.03 E
* NMEA UTC (Time) = Sep 17 2025  11:26:45
* NMEA baud rate = 9600
** Ship: USCG HEALY
** Bot. Depth:  1260
** Cast Number:  01
** Station Name:  NABOS
** Station Number:  17
** Operator:  STARC
# nquan = 25
# nvalues = 1078                                  
# units = specified
# name 0 = depSM: Depth [salt water, m]
# name 1 = latitude: Latitude [deg]
# name 2 = longitude: Longitude [deg]
# name 3 = prDM: Pressure, Digiquartz [db]
# name 4 = t090C: Temperature [ITS-90, deg C]
# name 5 = t190C: Temperature, 2 [ITS-90, deg C]
# name 6 = c0mS/cm: Conductivity [mS/cm]
# name 7 = c1mS/cm: Conductivity, 2 [mS/cm]
# name 8 = sal00: Salinity, Practical [PSU]
# name 9 = sal11: Salinity, Practical, 2 [PSU]
# name 10 = sbox0Mm/Kg: Oxygen, SBE 43 [umol/kg]
# name 11 = sbox1Mm/Kg: Oxygen, SBE 43, 2 [umol/kg]
# name 12 = flECO-AFL: Fluorescence, WET Labs ECO-AFL/FL [mg/m^3]
# name 13 = v2: Voltage 2
# name 14 = wetCDOM: Fluorescence, WET Labs CDOM [mg/m^3]
# name 15 = v6: Voltage 6
# name 16 = CStarAt0: Beam Attenuation, WET Labs C-Star [1/m]
# name 17 = v3: Voltage 3
# name 18 = scan: Scan Count
# name 19 = timeM: Time, Elapsed [minutes]
# name 20 = altM: Altimeter [m]
# name 21 = sbeox0V: Oxygen raw, SBE 43 [V]
# name 22 = sbeox1V: Oxygen raw, SBE 43, 2 [V]
# name 23 = nbf: Bottles Fired
# name 24 = flag:  0.000e+00
# interval = seconds: 0.0416667
# start_time = Sep 17 2025 11:26:45 [NMEA time, header]
# bad_flag = -9.990e-29
*END*
[from data line 522]
    114.871   77.49100  178.31026    116.122    -1.2387    -1.2385  27.468556  27.466915    34.2261    34.2236    307.607    301.358    -0.1366     4.6679     0.0904     0.0904     0.0180     0.0195      92907    64.5181     100.00     2.2888     2.0058         11  0.000e+00
    114.846   77.49100  178.31026    116.097    -1.2386    -1.2386  27.468133  27.466744    34.2255    34.2236    307.817    301.111    -0.1366     4.6679     0.0904     0.0904     0.0180     0.0195      92908    64.5187     100.00     2.2900     2.0046         11  0.000e+00
    114.871   77.49100  178.31026    116.122    -1.2386    -1.2388  27.468375  27.466972    34.2258    34.2240    307.608    300.617    -0.1366     4.6679     0.0904     0.0904     0.0180     0.0195      92909    64.5194     100.00     2.2888     2.0021         11  0.000e+00
    114.904   77.49100  178.31026    116.155    -1.2386    -1.2385  27.468556  27.466744    34.2260    34.2234    307.818    300.369    -0.1366     4.6679     0.0891     0.0891     0.0180     0.0195      92910    64.5201     100.00     2.2900     2.0009         11  0.000e+00
    114.846   77.49100  178.31028    116.097    -1.2387    -1.2386  27.468314  27.466801    34.2258    34.2237    307.816    300.615    -0.1061     4.6679     0.0891     0.0891     0.0180     0.0208      92911    64.5208     100.00     2.2900     2.0021         11  0.000e+00
    114.871   77.49100  178.31028    116.122    -1.2386    -1.2386  27.468435  27.466687    34.2259    34.2235    307.817    300.369    -0.1366     4.6679     0.0891     0.0891     0.0180     0.0195      92912    64.5215     100.00     2.2900     2.0009         11  0.000e+00
    114.846   77.49100  178.31028    116.097    -1.2388    -1.2386  27.468133  27.466403    34.2257    34.2231    307.818    300.369    -0.1366     4.6679     0.0891     0.0891     0.0180     0.0195      92913    64.5222     100.00     2.2900     2.0009         11  0.000e+00
    114.929   77.49100  178.31028    116.180    -1.2385    -1.2385  27.468375  27.466517    34.2256    34.2230    307.609    300.123    -0.1366     4.6679     0.0891     0.0891     0.0180     0.0195      92914    64.5229     100.00     2.2888     1.9997         11  0.000e+00
    114.846   77.49100  178.31028    116.097    -1.2386    -1.2386  27.468193  27.466403    34.2256    34.2231    307.816    300.369    -0.1366     4.6667     0.0891     0.0891     0.0191     0.0195      92915    64.5236     100.00     2.2900     2.0009         11  0.000e+00
    114.847   77.49100  178.31028    116.097    -1.2388    -1.2388  27.468193  27.466517    34.2258    34.2235    307.817    300.370    -0.1366     4.6679     0.0891     0.0891     0.0180     0.0195      92916    64.5243     100.00     2.2900     2.0009         11  0.000e+00
    114.871   77.49100  178.31028    116.122    -1.2385    -1.2386  27.468254  27.466630    34.2255    34.2234    308.025    300.617    -0.1366     4.6679     0.0891     0.0891     0.0180     0.0195      92917    64.5250     100.00     2.2913     2.0021         11  0.000e+00
    114.904   77.49100  178.31028    116.155    -1.2388    -1.2386  27.468073  27.466801    34.2256    34.2236    307.820    300.618    -0.1366     4.6679     0.0891     0.0891     0.0180     0.0195      92918    64.5257     100.00     2.2900     2.0021         11  0.000e+00
    114.871   77.49100  178.31028    116.122    -1.2389    -1.2386  27.468194  27.466687    34.2259    34.2235    307.819    300.864    -0.1366     4.6679     0.0891     0.0891     0.0180     0.0195      92919    64.5264     100.00     2.2900     2.0034         11  0.000e+00
    114.904   77.49100  178.31028    116.155    -1.2391    -1.2385  27.468133  27.466232    34.2260    34.2227    307.612    300.866    -0.1366     4.6679     0.0891     0.0891     0.0180     0.0195      92920    64.5271     100.00     2.2888     2.0034         11  0.000e+00
    114.847   77.49100  178.31028    116.097    -1.2387    -1.2385  27.468193  27.466460    34.2256    34.2230    308.026    301.110    -0.1366     4.6679     0.0891     0.0891     0.0180     0.0195      92921    64.5278     100.00     2.2913     2.0046         11  0.000e+00
    114.871   77.49100  178.31028    116.122    -1.2391    -1.2385  27.468073  27.466403    34.2259    34.2229    308.030    301.112    -0.1366     4.6679     0.0891     0.0891     0.0180     0.0195      92922    64.5285     100.00     2.2913     2.0046         11  0.000e+00
    114.847   77.49100  178.31028    116.097    -1.2391    -1.2383  27.468012  27.466744    34.2258    34.2233    307.820    301.356    -0.1061     4.6679     0.0891     0.0891     0.0180     0.0208      92923    64.5292     100.00     2.2900     2.0058         11  0.000e+00
     99.785   77.49120  178.31072    100.868    -1.3375    -1.3380  27.292537  27.289770    34.1066    34.1033    307.525    300.414    -0.1366     4.6679     0.0928     0.0928     0.0180     0.0195      94922    65.9174     100.00     2.2849     1.9983         12  0.000e+00
     99.662   77.49120  178.31072    100.743    -1.3377    -1.3382  27.292778  27.289486    34.1072    34.1033    307.730    300.659    -0.1366     4.6679     0.0928     0.0928     0.0180     0.0195      94923    65.9181     100.00     2.2861     1.9995         12  0.000e+00
     99.769   77.49120  178.31072    100.851    -1.3375    -1.3380  27.292597  27.289430    34.1067    34.1029    307.524    300.910    -0.1366     4.6679     0.0928     0.0928     0.0180     0.0195      94924    65.9188     100.00     2.2849     2.0007         12  0.000e+00
     99.719   77.49120  178.31072    100.801    -1.3374    -1.3380  27.292537  27.289430    34.1065    34.1029    307.521    301.156    -0.1366     4.6679     0.0928     0.0928     0.0180     0.0195      94925    65.9194     100.00     2.2849     2.0019         12  0.000e+00
     99.785   77.49120  178.31072    100.868    -1.3377    -1.3379  27.292175  27.289657    34.1063    34.1030    307.737    300.661    -0.1366     4.6679     0.0928     0.0928     0.0180     0.0195      94926    65.9201     100.00     2.2861     1.9995         12  0.000e+00
     99.719   77.49120  178.31072    100.802    -1.3381    -1.3379  27.291029  27.289486    34.1052    34.1028    307.531    300.163    -0.1366     4.6679     0.0928     0.0928     0.0180     0.0195      94927    65.9208     100.00     2.2849     1.9971         12  0.000e+00
     99.711   77.49122  178.31074    100.793    -1.3383    -1.3380  27.290546  27.289430    34.1048    34.1029    307.743    300.164    -0.1366     4.6679     0.0928     0.0928     0.0180     0.0195      94928    65.9215     100.00     2.2861     1.9971         12  0.000e+00
     99.785   77.49122  178.31074    100.868    -1.3386    -1.3380  27.290667  27.289657    34.1053    34.1032    307.538    299.422    -0.1366     4.6679     0.0928     0.0928     0.0180     0.0195      94929    65.9222     100.00     2.2849     1.9934         12  0.000e+00
     99.719   77.49122  178.31074    100.802    -1.3385    -1.3382  27.290546  27.289543    34.1050    34.1032    307.745    299.172    -0.1366     4.6679     0.0928     0.0928     0.0180     0.0195      94930    65.9229     100.00     2.2861     1.9922         12  0.000e+00
     99.769   77.49122  178.31074    100.851    -1.3383    -1.3385  27.290667  27.288862    34.1049    34.1026    307.535    298.930    -0.1366     4.6679     0.0928     0.0928     0.0180     0.0195      94931    65.9236     100.00     2.2849     1.9909         12  0.000e+00
     99.719   77.49122  178.31074    100.802    -1.3381    -1.3386  27.290908  27.288635    34.1051    34.1025    307.531    298.930    -0.1366     4.6679     0.0928     0.0928     0.0180     0.0195      94932    65.9243     100.00     2.2849     1.9909         12  0.000e+00
     99.785   77.49122  178.31074    100.868    -1.3383    -1.3388  27.291391  27.288465    34.1059    34.1024    307.534    299.182    -0.1366     4.6679     0.0940     0.0940     0.0180     0.0195      94933    65.9250     100.00     2.2849     1.9922         12  0.000e+00
     99.711   77.49122  178.31074    100.793    -1.3380    -1.3386  27.291330  27.288579    34.1055    34.1024    307.529    299.674    -0.1366     4.6679     0.0940     0.0940     0.0180     0.0195      94934    65.9257     100.00     2.2849     1.9946         12  0.000e+00
     99.719   77.49122  178.31074    100.802    -1.3383    -1.3383  27.291270  27.288465    34.1058    34.1019    307.531    300.169    -0.1366     4.6679     0.0940     0.0940     0.0180     0.0195      94935    65.9264     100.00     2.2849     1.9971         12  0.000e+00
     99.719   77.49122  178.31074    100.802    -1.3385    -1.3382  27.290546  27.288579    34.1050    34.1019    307.744    300.416    -0.1366     4.6679     0.0940     0.0940     0.0180     0.0195      94936    65.9271     100.00     2.2861     1.9983         12  0.000e+00
     99.769   77.49122  178.31074    100.851    -1.3387    -1.3382  27.290184  27.288635    34.1048    34.1020    307.540    300.169    -0.1366     4.6679     0.0940     0.0940     0.0180     0.0195      94937    65.9278     100.00     2.2849     1.9971         12  0.000e+00
     99.719   77.49122  178.31074    100.802    -1.3389    -1.3382  27.289822  27.288862    34.1045    34.1023    307.540    299.919    -0.1366     4.6679     0.0940     0.0940     0.0180     0.0195      94938    65.9285     100.00     2.2849     1.9958         12  0.000e+00
     99.785   77.49122  178.31074    100.868    -1.3391    -1.3380  27.289883  27.289089    34.1047    34.1024    307.544    299.176    -0.1366     4.6679     0.0940     0.0940     0.0180     0.0195      94939    65.9292     100.00     2.2849     1.9922         12  0.000e+00
     99.719   77.49122  178.31074    100.802    -1.3391    -1.3382  27.289762  27.288749    34.1046    34.1021    307.541    298.679    -0.1366     4.6679     0.0940     0.0940     0.0180     0.0195      94940    65.9299     100.00     2.2849     1.9897         12  0.000e+00
     99.711   77.49122  178.31074    100.793    -1.3389    -1.3383  27.290305  27.288635    34.1052    34.1021    307.538    298.431    -0.1366     4.6679     0.0940     0.0940     0.0180     0.0195      94941    65.9306     100.00     2.2849     1.9885         12  0.000e+00
     99.785   77.49122  178.31074    100.868    -1.3385    -1.3383  27.291210  27.288862    34.1058    34.1024    307.745    298.185    -0.1366     4.6679     0.0940     0.0940     0.0180     0.0195      94942    65.9313     100.00     2.2861     1.9873         12  0.000e+00
     99.719   77.49122  178.31074    100.802    -1.3379    -1.3383  27.291511  27.288749    34.1056    34.1023    307.527    298.679    -0.1061     4.6679     0.0940     0.0940     0.0180     0.0208      94943    65.9319     100.00     2.2849     1.9897         12  0.000e+00
     99.769   77.49122  178.31074    100.851    -1.3377    -1.3383  27.292296  27.288635    34.1065    34.1021    307.735    299.922    -0.1366     4.6679     0.0940     0.0940     0.0180     0.0195      94944    65.9326     100.00     2.2861     1.9958         12  0.000e+00
     99.719   77.49122  178.31074    100.802    -1.3377    -1.3382  27.292718  27.289032    34.1071    34.1025    307.732    300.414    -0.1366     4.6679     0.0940     0.0940     0.0180     0.0195      94945    65.9333     100.00     2.2861     1.9983         12  0.000e+00
     99.719   77.49122  178.31074    100.802    -1.3374    -1.3383  27.292838  27.289146    34.1069    34.1028    307.730    301.159    -0.1366     4.6679     0.0940     0.0940     0.0180     0.0195      94946    65.9340     100.00     2.2861     2.0019         12  0.000e+00
     99.769   77.49122  178.31074    100.851    -1.3374    -1.3382  27.293261  27.289600    34.1075    34.1033    307.730    303.143    -0.1366     4.6679     0.0940     0.0940     0.0180     0.0195      94947    65.9347     100.00     2.2861     2.0117         12  0.000e+00
     99.719   77.49122  178.31074    100.802    -1.3374    -1.3382  27.293140  27.289543    34.1073    34.1032    307.519    305.374    -0.1366     4.6679     0.0940     0.0940     0.0180     0.0195      94948    65.9354     100.00     2.2849     2.0227         12  0.000e+00
     99.719   77.49122  178.31074    100.802    -1.3374    -1.3382  27.293080  27.289430    34.1072    34.1031    307.729    306.615    -0.1366     4.6679     0.0940     0.0940     0.0180     0.0195      94949    65.9361     100.00     2.2861     2.0288         12  0.000e+00
     99.769   77.49122  178.31074    100.851    -1.3371    -1.3383  27.292899  27.289657    34.1066    34.1035    307.729    305.376    -0.1061     4.6691     0.0940     0.0940     0.0170     0.0208      94950    65.9368     100.00     2.2861     2.0227         12  0.000e+00
     99.719   77.49122  178.31074    100.802    -1.3372    -1.3380  27.292838  27.289486    34.1067    34.1030    307.938    302.644    -0.1366     4.6679     0.0940     0.0940     0.0180     0.0195      94951    65.9375     100.00     2.2874     2.0093         12  0.000e+00
     99.719   77.49122  178.31074    100.802    -1.3372    -1.3380  27.293019  27.289430    34.1070    34.1029    307.728    300.411    -0.1061     4.6691     0.0940     0.0940     0.0170     0.0208      94952    65.9382     100.00     2.2861     1.9983         12  0.000e+00
     99.785   77.49122  178.31074    100.868    -1.3372    -1.3382  27.292658  27.289657    34.1064    34.1034    307.732    299.670    -0.1366     4.6679     0.0940     0.0940     0.0180     0.0195      94953    65.9389     100.00     2.2861     1.9946         12  0.000e+00
     99.646   77.49122  178.31074    100.727    -1.3374    -1.3380  27.292778  27.289713    34.1069    34.1033    307.936    299.911    -0.1366     4.6679     0.0940     0.0940     0.0180     0.0195      94954    65.9396     100.00     2.2874     1.9958         12  0.000e+00
     99.843   77.49122  178.31074    100.926    -1.3374    -1.3380  27.292839  27.289884    34.1068    34.1035    307.735    300.167    -0.1061     4.6679     0.0940     0.0940     0.0180     0.0208      94955    65.9403     100.00     2.2861     1.9971         12  0.000e+00
     99.719   77.49122  178.31074    100.802    -1.3372    -1.3380  27.292597  27.289600    34.1064    34.1031    307.939    300.411    -0.1366     4.6679     0.0940     0.0940     0.0180     0.0195      94956    65.9410     100.00     2.2874     1.9983         12  0.000e+00
     99.769   77.49122  178.31074    100.851    -1.3374    -1.3379  27.293080  27.289430    34.1072    34.1027    307.940    300.661    -0.1366     4.6679     0.0940     0.0940     0.0180     0.0195      94957    65.9417     100.00     2.2874     1.9995         12  0.000e+00
     99.719   77.49122  178.31074    100.802    -1.3372    -1.3379  27.292778  27.289656    34.1066    34.1031    307.938    300.906    -0.1366     4.6679     0.0940     0.0940     0.0180     0.0195      94958    65.9424     100.00     2.2874     2.0007         12  0.000e+00
     99.720   77.49122  178.31074    100.802    -1.3375    -1.3380  27.292778  27.289713    34.1070    34.1033    307.730    301.155    -0.1061     4.6679     0.0940     0.0940     0.0180     0.0208      94959    65.9431     100.00     2.2861     2.0019         12  0.000e+00
     99.769   77.49122  178.31074    100.851    -1.3372    -1.3382  27.292839  27.289713    34.1067    34.1034    307.730    301.654    -0.1366     4.6679     0.0940     0.0940     0.0180     0.0195      94960    65.9437     100.00     2.2861     2.0044         12  0.000e+00
     99.720   77.49122  178.31074    100.802    -1.3375    -1.3383  27.292657  27.289486    34.1068    34.1033    307.731    302.398    -0.1366     4.6679     0.0940     0.0940     0.0180     0.0195      94961    65.9444     100.00     2.2861     2.0080         12  0.000e+00
