Continuous CTD Data/SBE Stage/nabos_23_01avg.cnv
* Sea-Bird SBE 9 Data File:
* FileName = D:\CTD\data\HLY2502\raw\NABOS_23_01.hex
* Software Version Seasave V 7.26.7.110
* Temperature SN = 6954
* Conductivity SN = 2561
* Number of Bytes Per Scan = 37
* Number of Voltage Words = 4
* Number of Scans Averaged by the Deck Unit = 1
* NMEA Latitude = 79 43.17 N
* NMEA Longitude = 169 12.20 E
* NMEA UTC (Time) = Sep 19 2025  18:25:30
* NMEA baud rate = 9600
** Ship: USCG HEALY
** Bot. Depth:  1200
** Cast Number:  01
** Station Name:  NABOS
** Station Number:  23
** Operator:  STARC
# nquan = 25
# nvalues = 1214                        
# units = specified
# name 0 = depSM: Depth [salt water, m]
# name 1 = latitude: Latitude [deg]
# name 2 = longitude: Longitude [deg]
# name 3 = prDM: Pressure, Digiquartz [db]
# name 4 = t090C: Temperature [ITS-90, deg C]
# name 5 = t190C: Temperature, 2 [ITS-90, deg C]
# name 6 = c0mS/cm: Conductivity [mS/cm]
# name 7 = c1mS/cm: Conductivity, 2 [mS/cm]
# name 8 = sal00: Salinity, Practical [PSU]
# name 9 = sal11: Salinity, Practical, 2 [PSU]
# name 10 = sbox0Mm/Kg: Oxygen, SBE 43 [umol/kg]
# name 11 = sbox1Mm/Kg: Oxygen, SBE 43, 2 [umol/kg]
# name 12 = flECO-AFL: Fluorescence, WET Labs ECO-AFL/FL [mg/m^3]
# name 13 = v2: Voltage 2
# name 14 = wetCDOM: Fluorescence, WET Labs CDOM [mg/m^3]
# name 15 = v6: Voltage 6
# name 16 = CStarAt0: Beam Attenuation, WET Labs C-Star [1/m]
# name 17 = v3: Voltage 3
# name 18 = scan: Scan Count
# name 19 = timeM: Time, Elapsed [minutes]
# name 20 = altM: Altimeter [m]
# name 21 = sbeox0V: Oxygen raw, SBE 43 [V]
# name 22 = sbeox1V: Oxygen raw, SBE 43, 2 [V]
# name 23 = nbin: number of scans per bin
# name 24 = flag: flag
# span 0 =      3.958,   1200.621       
# span 1 =   79.71950,   79.72041       
# span 2 =  169.19442,  169.20283       
# span 3 =      4.000,   1217.000       
# span 4 =    -1.6869,     0.9101       
# span 5 =    -1.6866,     0.9101       
# span 6 =  24.698058,  29.807426       
# span 7 =  24.697016,  29.805545       
# span 8 =    30.9633,    34.8877       
# span 9 =    30.9614,    34.8853       
# span 10 =    290.626,    369.718      
# span 11 =    267.538,    364.744      
# span 12 =    -0.1814,     0.4651      
# span 13 =     4.4896,     4.6386      
# span 14 =     0.0796,     0.1123      
# span 15 =     0.0796,     0.1123      
# span 16 =     0.0432,     0.1739      
# span 17 =     0.0177,     0.0436      
# span 18 =       2354,      36914      
# span 19 =     1.6341,    25.6339      
# span 20 =      74.40,     100.33      
# span 21 =     2.0186,     2.6001      
# span 22 =     1.7301,     2.2773      
# span 23 =          8,         28      
# span 24 = 0.0000e+00, 0.0000e+00      
# interval = decibars: 1                
# start_time = Sep 19 2025 18:25:30 [NMEA time, header]
# bad_flag = -9.990e-29
*END*
[from data line 580]
    577.012   79.71990  169.19886    584.000     0.2809     0.2808  29.413150  29.411186    34.8262    34.8237    295.101    289.323    -0.1440     4.6379     0.0825     0.0825     0.0438     0.0192      19620    13.6244     100.00     2.1953     1.9294         16 0.0000e+00
    577.999   79.71990  169.19886    585.000     0.2822     0.2823  29.414833  29.412858    34.8263    34.8236    295.230    291.134    -0.1533     4.6385     0.0830     0.0830     0.0433     0.0189      19645    13.6417     100.00     2.1958     1.9381         20 0.0000e+00
    578.985   79.71990  169.19884    586.000     0.2824     0.2825  29.415368  29.413568    34.8262    34.8238    295.335    283.184    -0.1582     4.6384     0.0825     0.0825     0.0434     0.0187      19669    13.6585     100.00     2.1962     1.8992         14 0.0000e+00
    579.972   79.71990  169.19884    587.000     0.2855     0.2861  29.418867  29.417255    34.8267    34.8240    295.321    277.587    -0.1419     4.6380     0.0820     0.0820     0.0437     0.0193      19694    13.6758     100.00     2.1961     1.8718         15 0.0000e+00
    580.959   79.71990  169.19884    588.000     0.2877     0.2875  29.421096  29.419074    34.8266    34.8241    295.420    292.220    -0.1614     4.6377     0.0823     0.0823     0.0440     0.0185      19719    13.6929     100.00     2.1966     1.9431         14 0.0000e+00
    581.945   79.71990  169.19882    589.000     0.2870     0.2870  29.421083  29.419080    34.8267    34.8241    295.401    288.336    -0.1380     4.6379     0.0822     0.0822     0.0439     0.0195      19744    13.7101     100.00     2.1962     1.9239         15 0.0000e+00
    582.932   79.71990  169.19882    590.000     0.2867     0.2864  29.421238  29.418964    34.8267    34.8241    295.282    292.171    -0.1319     4.6383     0.0820     0.0820     0.0435     0.0197      19768    13.7272     100.00     2.1952     1.9424         14 0.0000e+00
    583.918   79.71990  169.19882    591.000     0.2833     0.2833  29.418688  29.416822    34.8266    34.8242    295.276    291.388    -0.1385     4.6384     0.0812     0.0812     0.0434     0.0194      19793    13.7443     100.00     2.1948     1.9383         15 0.0000e+00
    584.905   79.71990  169.19881    592.000     0.2647     0.2652  29.402625  29.401354    34.8259    34.8237    295.323    297.233    -0.1564     4.6384     0.0824     0.0824     0.0434     0.0187      19818    13.7616     100.00     2.1939     1.9658         15 0.0000e+00
    585.892   79.71990  169.19880    593.000     0.2348     0.2341  29.377051  29.374679    34.8254    34.8231    295.409    288.654    -0.1479     4.6383     0.0832     0.0832     0.0435     0.0191      19842    13.7785     100.00     2.1927     1.9225         11 0.0000e+00
    586.878   79.71990  169.19880    594.000     0.2149     0.2145  29.359952  29.357786    34.8248    34.8224    295.390    286.037    -0.1752     4.6383     0.0826     0.0826     0.0435     0.0180      19867    13.7959     100.00     2.1914     1.9088         15 0.0000e+00
    587.865   79.71990  169.19879    595.000     0.1954     0.1955  29.343349  29.341663    34.8244    34.8222    295.472    287.865    -0.1752     4.6384     0.0832     0.0832     0.0434     0.0180      19892    13.8131     100.00     2.1907     1.9168         15 0.0000e+00
    588.852   79.71990  169.19878    596.000     0.1869     0.1870  29.336392  29.334497    34.8244    34.8218    295.471    309.272    -0.1814     4.6384     0.0830     0.0830     0.0433     0.0177      19917    13.8302     100.00     2.1900     2.0201         15 0.0000e+00
    589.838   79.71990  169.19878    597.000     0.1868     0.1868  29.336429  29.334504    34.8239    34.8214    295.510    298.083    -0.1630     4.6386     0.0834     0.0834     0.0432     0.0185      19941    13.8473     100.00     2.1900     1.9656         14 0.0000e+00
    590.825   79.71990  169.19878    598.000     0.1880     0.1882  29.337795  29.336059    34.8237    34.8212    295.459    294.745    -0.1749     4.6381     0.0833     0.0833     0.0436     0.0180      19966    13.8645     100.00     2.1895     1.9493         15 0.0000e+00
    591.811   79.71990  169.19877    599.000     0.1895     0.1895  29.339490  29.337674    34.8237    34.8213    295.545    293.230    -0.1672     4.6383     0.0826     0.0826     0.0435     0.0183      19991    13.8817     100.00     2.1899     1.9418         16 0.0000e+00
    592.798   79.71990  169.19876    600.000     0.1930     0.1928  29.343125  29.340980    34.8240    34.8214    295.495    292.425    -0.1388     4.6382     0.0823     0.0823     0.0436     0.0194      20015    13.8986     100.00     2.1896     1.9378         12 0.0000e+00
    593.784   79.71990  169.19876    601.000     0.1986     0.1986  29.348614  29.346773    34.8243    34.8218    295.506    292.466    -0.1317     4.6384     0.0823     0.0823     0.0434     0.0197      20040    13.9159     100.00     2.1897     1.9381         14 0.0000e+00
    594.771   79.71990  169.19875    602.000     0.2034     0.2029  29.353469  29.351099    34.8247    34.8221    295.538    292.050    -0.1346     4.6377     0.0832     0.0832     0.0440     0.0196      20065    13.9330     100.00     2.1899     1.9361         15 0.0000e+00
    595.758   79.71990  169.19874    603.000     0.2066     0.2066  29.357009  29.355084    34.8251    34.8225    295.496    290.952    -0.1455     4.6381     0.0843     0.0843     0.0437     0.0192      20089    13.9501     100.00     2.1896     1.9307         14 0.0000e+00
    596.744   79.71990  169.19874    604.000     0.2068     0.2066  29.357447  29.355421    34.8249    34.8224    295.651    273.778    -0.1544     4.6385     0.0833     0.0833     0.0433     0.0188      20114    13.9673     100.00     2.1903     1.8472         15 0.0000e+00
    597.731   79.71990  169.19874    605.000     0.2057     0.2057  29.357008  29.355071    34.8249    34.8223    295.526    289.846    -0.1353     4.6381     0.0843     0.0843     0.0437     0.0196      20139    13.9846     100.00     2.1893     1.9249         16 0.0000e+00
    598.717   79.71992  169.19872    606.000     0.2058     0.2058  29.357485  29.355473    34.8249    34.8222    295.549    288.127    -0.1343     4.6374     0.0844     0.0844     0.0443     0.0196      20163    14.0015     100.00     2.1892     1.9164         13 0.0000e+00
    599.704   79.71992  169.19872    607.000     0.2060     0.2060  29.358128  29.356188    34.8249    34.8223    295.586    291.238    -0.1323     4.6375     0.0837     0.0837     0.0442     0.0197      20188    14.0187     100.00     2.1892     1.9313         14 0.0000e+00
    600.690   79.71992  169.19872    608.000     0.2069     0.2069  29.359418  29.357480    34.8250    34.8224    295.572    292.867    -0.1584     4.6382     0.0819     0.0819     0.0436     0.0186      20213    14.0361     100.00     2.1889     1.9391         20 0.0000e+00
    601.677   79.71992  169.19870    609.000     0.2070     0.2070  29.359904  29.358003    34.8249    34.8224    295.478    290.969    -0.1770     4.6380     0.0820     0.0820     0.0438     0.0179      20237    14.0531     100.00     2.1882     1.9297         16 0.0000e+00
    602.663   79.71992  169.19870    610.000     0.2070     0.2070  29.360394  29.358443    34.8250    34.8224    295.482    291.821    -0.1435     4.6374     0.0829     0.0829     0.0443     0.0192      20262    14.0702     100.00     2.1880     1.9337         15 0.0000e+00
    603.650   79.71992  169.19870    611.000     0.2077     0.2078  29.361353  29.359666    34.8249    34.8225    295.435    292.094    -0.1347     4.6378     0.0823     0.0823     0.0440     0.0196      20287    14.0874     100.00     2.1875     1.9348         16 0.0000e+00
    604.636   79.71992  169.19868    612.000     0.2091     0.2092  29.363277  29.361507    34.8252    34.8228    295.384    290.367    -0.1772     4.6379     0.0824     0.0824     0.0438     0.0179      20312    14.1046     100.00     2.1871     1.9263         17 0.0000e+00
    605.623   79.71992  169.19868    613.000     0.2128     0.2129  29.367062  29.365118    34.8254    34.8228    295.350    287.023    -0.1671     4.6378     0.0833     0.0833     0.0439     0.0183      20336    14.1217     100.00     2.1869     1.9101         15 0.0000e+00
    606.609   79.71992  169.19868    614.000     0.2143     0.2143  29.368892  29.367007    34.8256    34.8231    295.319    281.727    -0.1416     4.6382     0.0846     0.0846     0.0435     0.0193      20361    14.1388     100.00     2.1865     1.8843         16 0.0000e+00
    607.596   79.71992  169.19868    615.000     0.2156     0.2157  29.370481  29.368671    34.8256    34.8231    295.322    292.596    -0.1616     4.6378     0.0832     0.0832     0.0440     0.0185      20386    14.1560     100.00     2.1864     1.9368         16 0.0000e+00
    608.583   79.71992  169.19866    616.000     0.2156     0.2156  29.371046  29.369148    34.8258    34.8232    295.290    287.282    -0.1438     4.6383     0.0841     0.0841     0.0435     0.0192      20410    14.1732     100.00     2.1859     1.9109         17 0.0000e+00
    609.569   79.71992  169.19866    617.000     0.2157     0.2158  29.371611  29.369590    34.8257    34.8231    295.349    302.965    -0.1625     4.6383     0.0833     0.0833     0.0434     0.0185      20435    14.1901     100.00     2.1861     1.9867         14 0.0000e+00
    610.555   79.71992  169.19866    618.000     0.2161     0.2161  29.372343  29.370408    34.8257    34.8232    295.227    292.041    -0.1342     4.6384     0.0827     0.0827     0.0434     0.0196      20460    14.2075     100.00     2.1852     1.9336         19 0.0000e+00
    611.542   79.71992  169.19864    619.000     0.2143     0.2142  29.371202  29.369187    34.8257    34.8231    295.193    292.279    -0.1365     4.6382     0.0831     0.0831     0.0436     0.0195      20485    14.2247     100.00     2.1847     1.9345         21 0.0000e+00
    612.528   79.71992  169.19864    620.000     0.2129     0.2131  29.370439  29.368616    34.8256    34.8231    295.172    292.597    -0.1660     4.6369     0.0831     0.0831     0.0447     0.0183      20509    14.2417     100.00     2.1842     1.9358         16 0.0000e+00
    613.515   79.71992  169.19864    621.000     0.2123     0.2121  29.370238  29.368149    34.8255    34.8229    295.265    293.727    -0.1742     4.6370     0.0829     0.0829     0.0446     0.0180      20534    14.2590     100.00     2.1845     1.9411         18 0.0000e+00
    614.501   79.71992  169.19862    622.000     0.2035     0.2026  29.362855  29.360141    34.8251    34.8226    295.393    294.833    -0.1371     4.6383     0.0823     0.0823     0.0435     0.0195      20559    14.2761     100.00     2.1846     1.9458         17 0.0000e+00
    615.488   79.71992  169.19862    623.000     0.1846     0.1845  29.346889  29.344994    34.8249    34.8225    295.551    293.741    -0.1636     4.6376     0.0822     0.0822     0.0441     0.0184      20583    14.2932     100.00     2.1843     1.9396         16 0.0000e+00
    616.474   79.71992  169.19862    624.000     0.1746     0.1740  29.338496  29.336061    34.8246    34.8221    295.595    291.122    -0.1416     4.6381     0.0844     0.0844     0.0437     0.0193      20608    14.3104     100.00     2.1839     1.9263         19 0.0000e+00
    617.461   79.71992  169.19861    625.000     0.1678     0.1675  29.332951  29.330770    34.8243    34.8218    295.704    292.858    -0.1747     4.6384     0.0843     0.0843     0.0434     0.0180      20633    14.3274     100.00     2.1840     1.9342         15 0.0000e+00
    618.447   79.71992  169.19860    626.000     0.1620     0.1615  29.328113  29.325719    34.8239    34.8213    295.773    292.748    -0.1669     4.6380     0.0828     0.0828     0.0437     0.0183      20657    14.3447     100.00     2.1838     1.9333         19 0.0000e+00
    619.434   79.71992  169.19860    627.000     0.1576     0.1575  29.324637  29.322540    34.8237    34.8211    295.812    291.783    -0.1570     4.6383     0.0838     0.0838     0.0435     0.0187      20682    14.3618     100.00     2.1836     1.9282         18 0.0000e+00
    620.420   79.71992  169.19859    628.000     0.1555     0.1553  29.322969  29.321008    34.8233    34.8209    295.850    292.829    -0.1360     4.6383     0.0837     0.0837     0.0435     0.0195      20707    14.3791     100.00     2.1835     1.9330         20 0.0000e+00
    621.407   79.71992  169.19858    629.000     0.1474     0.1470  29.316276  29.313976    34.8230    34.8205    295.887    293.120    -0.1343     4.6382     0.0833     0.0833     0.0435     0.0196      20731    14.3960     100.00     2.1831     1.9339         13 0.0000e+00
    622.393   79.71992  169.19858    630.000     0.1430     0.1430  29.312713  29.310787    34.8228    34.8203    295.799    290.804    -0.1308     4.6385     0.0832     0.0832     0.0433     0.0197      20756    14.4131     100.00     2.1821     1.9223         16 0.0000e+00
    623.379   79.71992  169.19857    631.000     0.1414     0.1417  29.311616  29.309973    34.8226    34.8201    295.815    282.971    -0.1334     4.6383     0.0834     0.0834     0.0435     0.0196      20781    14.4306     100.00     2.1819     1.8843         19 0.0000e+00
    624.366   79.71992  169.19856    632.000     0.1400     0.1400  29.310791  29.308876    34.8224    34.8199    295.882    295.307    -0.1347     4.6382     0.0834     0.0834     0.0435     0.0196      20805    14.4475     100.00     2.1820     1.9436         16 0.0000e+00
    625.352   79.71992  169.19856    633.000     0.1373     0.1369  29.308795  29.306439    34.8223    34.8196    295.991    290.783    -0.1670     4.6381     0.0835     0.0835     0.0436     0.0183      20830    14.4648     100.00     2.1822     1.9214         18 0.0000e+00
    626.339   79.71992  169.19856    634.000     0.1324     0.1321  29.304667  29.302487    34.8218    34.8193    296.028    289.007    -0.1360     4.6379     0.0824     0.0824     0.0439     0.0195      20855    14.4819     100.00     2.1820     1.9125         18 0.0000e+00
    627.325   79.71992  169.19855    635.000     0.1302     0.1302  29.303238  29.301239    34.8218    34.8192    296.049    289.052    -0.1751     4.6378     0.0823     0.0823     0.0440     0.0180      20880    14.4990     100.00     2.1818     1.9124         16 0.0000e+00
    628.311   79.71992  169.19854    636.000     0.1288     0.1287  29.302182  29.300273    34.8214    34.8191    296.155    290.396    -0.1629     4.6380     0.0826     0.0826     0.0437     0.0185      20904    14.5163     100.00     2.1821     1.9187         17 0.0000e+00
    629.298   79.71992  169.19854    637.000     0.1280     0.1279  29.301886  29.299949    34.8214    34.8189    296.148    286.120    -0.1538     4.6381     0.0822     0.0822     0.0437     0.0188      20929    14.5333     100.00     2.1818     1.8978         16 0.0000e+00
    630.284   79.71993  169.19853    638.000     0.1263     0.1261  29.300778  29.298736    34.8212    34.8188    296.132    283.806    -0.1569     4.6383     0.0830     0.0830     0.0435     0.0187      20954    14.5505     100.00     2.1814     1.8865         15 0.0000e+00
    631.271   79.71994  169.19852    639.000     0.1241     0.1242  29.299283  29.297469    34.8211    34.8186    296.065    291.258    -0.1334     4.6385     0.0829     0.0829     0.0433     0.0196      20979    14.5678     100.00     2.1806     1.9221         17 0.0000e+00
    632.257   79.71994  169.19852    640.000     0.1242     0.1242  29.299660  29.297830    34.8210    34.8185    296.053    292.150    -0.1344     4.6383     0.0824     0.0824     0.0435     0.0196      21003    14.5848     100.00     2.1803     1.9262         14 0.0000e+00
