Continuous CTD Data/SBE Stage/nabos_41_01.ros
* Sea-Bird SBE 9 Data File:
* FileName = D:\CTD\data\HLY2502\raw\NABOS_41_01.hex
* Software Version Seasave V 7.26.7.110
* Temperature SN = 6954
* Conductivity SN = 2561
* Number of Bytes Per Scan = 37
* Number of Voltage Words = 4
* Number of Scans Averaged by the Deck Unit = 1
* NMEA Latitude = 79 39.37 N
* NMEA Longitude = 125 55.91 E
* NMEA UTC (Time) = Sep 27 2025  03:16:02
* NMEA baud rate = 9600
** Ship: USCG HEALY
** Bot. Depth:  3277
** Cast Number:  01
** Station Name:  NABOS
** Station Number:  41
** Operator:  STARC
# nquan = 25
# nvalues = 1176                                  
# units = specified
# name 0 = depSM: Depth [salt water, m]
# name 1 = latitude: Latitude [deg]
# name 2 = longitude: Longitude [deg]
# name 3 = prDM: Pressure, Digiquartz [db]
# name 4 = t090C: Temperature [ITS-90, deg C]
# name 5 = t190C: Temperature, 2 [ITS-90, deg C]
# name 6 = c0mS/cm: Conductivity [mS/cm]
# name 7 = c1mS/cm: Conductivity, 2 [mS/cm]
# name 8 = sal00: Salinity, Practical [PSU]
# name 9 = sal11: Salinity, Practical, 2 [PSU]
# name 10 = sbox0Mm/Kg: Oxygen, SBE 43 [umol/kg]
# name 11 = sbox1Mm/Kg: Oxygen, SBE 43, 2 [umol/kg]
# name 12 = flECO-AFL: Fluorescence, WET Labs ECO-AFL/FL [mg/m^3]
# name 13 = v2: Voltage 2
# name 14 = wetCDOM: Fluorescence, WET Labs CDOM [mg/m^3]
# name 15 = v6: Voltage 6
# name 16 = CStarAt0: Beam Attenuation, WET Labs C-Star [1/m]
# name 17 = v3: Voltage 3
# name 18 = scan: Scan Count
# name 19 = timeM: Time, Elapsed [minutes]
# name 20 = altM: Altimeter [m]
# name 21 = sbeox0V: Oxygen raw, SBE 43 [V]
# name 22 = sbeox1V: Oxygen raw, SBE 43, 2 [V]
# name 23 = nbf: Bottles Fired
# name 24 = flag:  0.000e+00
# interval = seconds: 0.0416667
# start_time = Sep 27 2025 03:16:02 [NMEA time, header]
# bad_flag = -9.990e-29
*END*
[from data line 1160]
      3.574   79.64994  125.92962      3.612    -1.5462    -1.5398  23.641035  23.639933    29.3863    29.3785    378.135    370.273     0.3213     4.5446     0.1136     0.1136     0.1252     0.0379     107611    74.7292     100.00     2.6297     2.2874         24  0.000e+00
      3.582   79.64994  125.92962      3.621    -1.5458    -1.5399  23.640977  23.640365    29.3858    29.3792    378.132    370.273     0.3213     4.5446     0.1136     0.1136     0.1252     0.0379     107612    74.7299     100.00     2.6297     2.2874         24  0.000e+00
      3.517   79.64994  125.92962      3.554    -1.5433    -1.5400  23.640977  23.640526    29.3834    29.3795    378.107    370.269     0.3518     4.5446     0.1136     0.1136     0.1252     0.0391     107613    74.7306     100.00     2.6297     2.2874         24  0.000e+00
      3.574   79.64994  125.92962      3.612    -1.5391    -1.5408  23.640633  23.640095    29.3788    29.3797    378.075    370.281     0.3213     4.5446     0.1136     0.1136     0.1252     0.0379     107614    74.7313     100.00     2.6297     2.2874         24  0.000e+00
      3.517   79.64994  125.92962      3.554    -1.5352    -1.5404  23.640690  23.639826    29.3750    29.3790    378.038    370.532     0.3213     4.5446     0.1136     0.1136     0.1252     0.0379     107615    74.7319     100.00     2.6297     2.2887         24  0.000e+00
      3.574   79.64994  125.92962      3.612    -1.5324    -1.5399  23.640232  23.640095    29.3716    29.3788    378.019    370.529     0.3213     4.5433     0.1136     0.1136     0.1263     0.0379     107616    74.7326     100.00     2.6297     2.2887         24  0.000e+00
      3.582   79.64994  125.92962      3.621    -1.5310    -1.5396  23.640174  23.639880    29.3701    29.3782    378.007    370.528     0.3213     4.5446     0.1136     0.1136     0.1252     0.0379     107617    74.7333     100.00     2.6297     2.2887         24  0.000e+00
      3.582   79.64994  125.92962      3.621    -1.5309    -1.5404  23.640060  23.639772    29.3699    29.3789    378.223    370.535     0.3213     4.5458     0.1136     0.1136     0.1241     0.0379     107618    74.7340     100.00     2.6310     2.2887         24  0.000e+00
      3.517   79.64994  125.92962      3.554    -1.5312    -1.5413  23.640174  23.640095    29.3704    29.3802    378.006    370.538     0.3213     4.5446     0.1136     0.1136     0.1252     0.0379     107619    74.7347     100.00     2.6297     2.2887         24  0.000e+00
      3.517   79.64994  125.92962      3.554    -1.5320    -1.5414  23.639544  23.639718    29.3703    29.3798    377.799    370.540     0.2908     4.5458     0.1136     0.1136     0.1241     0.0366     107620    74.7354     100.00     2.6285     2.2887         24  0.000e+00
      3.574   79.64994  125.92962      3.612    -1.5326    -1.5413  23.639544  23.639880    29.3709    29.3799    378.024    370.542     0.3213     4.5446     0.1136     0.1136     0.1252     0.0379     107621    74.7361     100.00     2.6297     2.2887         24  0.000e+00
      3.582   79.64994  125.92962      3.621    -1.5328    -1.5407  23.639544  23.640365    29.3710    29.3799    377.809    370.535     0.2908     4.5458     0.1136     0.1136     0.1241     0.0366     107622    74.7368     100.00     2.6285     2.2887         24  0.000e+00
      3.582   79.64994  125.92962      3.621    -1.5328    -1.5401  23.639372  23.640526    29.3708    29.3796    378.026    370.530     0.2908     4.5458     0.1136     0.1136     0.1241     0.0366     107623    74.7375     100.00     2.6297     2.2887         24  0.000e+00
      3.517   79.64994  125.92962      3.554    -1.5328    -1.5396  23.639487  23.640095    29.3710    29.3785    378.022    370.523     0.2602     4.5458     0.1136     0.1136     0.1241     0.0354     107624    74.7382     100.00     2.6297     2.2887         24  0.000e+00
      3.582   79.64994  125.92962      3.621    -1.5335    -1.5396  23.639544  23.640365    29.3717    29.3789    378.031    370.270     0.2908     4.5458     0.1136     0.1136     0.1241     0.0366     107625    74.7389     100.00     2.6297     2.2874         24  0.000e+00
      3.517   79.64994  125.92962      3.554    -1.5345    -1.5397  23.639945  23.640149    29.3733    29.3787    378.035    370.012     0.2908     4.5458     0.1136     0.1136     0.1241     0.0366     107626    74.7396     100.00     2.6297     2.2862         24  0.000e+00
