Continuous CTD Data/SBE Stage/nabos_12_02.ros
* Sea-Bird SBE 9 Data File:
* FileName = D:\CTD\data\HLY2502\raw\NABOS_12_02.hex
* Software Version Seasave V 7.26.7.110
* Temperature SN = 6954
* Conductivity SN = 2561
* Number of Bytes Per Scan = 37
* Number of Voltage Words = 4
* Number of Scans Averaged by the Deck Unit = 1
* NMEA Latitude = 77 22.95 N
* NMEA Longitude = 176 13.98 W
* NMEA UTC (Time) = Sep 10 2025  21:33:20
* NMEA baud rate = 9600
** Ship: USCG HEALY
** Bot. Depth:  1417
** Cast Number:  02
** Station Name:  NABOS
** Station Number:  12
** Operator:  STARC
** mooring release test at depth
# nquan = 25
# nvalues = 1176                                  
# units = specified
# name 0 = depSM: Depth [salt water, m]
# name 1 = latitude: Latitude [deg]
# name 2 = longitude: Longitude [deg]
# name 3 = prDM: Pressure, Digiquartz [db]
# name 4 = t090C: Temperature [ITS-90, deg C]
# name 5 = t190C: Temperature, 2 [ITS-90, deg C]
# name 6 = c0mS/cm: Conductivity [mS/cm]
# name 7 = c1mS/cm: Conductivity, 2 [mS/cm]
# name 8 = sal00: Salinity, Practical [PSU]
# name 9 = sal11: Salinity, Practical, 2 [PSU]
# name 10 = sbox0Mm/Kg: Oxygen, SBE 43 [umol/kg]
# name 11 = sbox1Mm/Kg: Oxygen, SBE 43, 2 [umol/kg]
# name 12 = flECO-AFL: Fluorescence, WET Labs ECO-AFL/FL [mg/m^3]
# name 13 = v2: Voltage 2
# name 14 = wetCDOM: Fluorescence, WET Labs CDOM [mg/m^3]
# name 15 = v6: Voltage 6
# name 16 = CStarAt0: Beam Attenuation, WET Labs C-Star [1/m]
# name 17 = v3: Voltage 3
# name 18 = scan: Scan Count
# name 19 = timeM: Time, Elapsed [minutes]
# name 20 = altM: Altimeter [m]
# name 21 = sbeox0V: Oxygen raw, SBE 43 [V]
# name 22 = sbeox1V: Oxygen raw, SBE 43, 2 [V]
# name 23 = nbf: Bottles Fired
# name 24 = flag:  0.000e+00
# interval = seconds: 0.0416667
# start_time = Sep 10 2025 21:33:20 [NMEA time, header]
# bad_flag = -9.990e-29
*END*
[from data line 696]
     55.385   77.40102 -176.18306     55.979    -1.5665    -1.5663  26.043400  26.044654    32.6695    32.6709    315.119    304.333    -0.0450     4.6459     0.1172     0.1172     0.0369     0.0232     143332    99.5354      98.44     2.3066     1.9992         15  0.000e+00
     55.344   77.40102 -176.18306     55.938    -1.5669    -1.5663  26.043222  26.044822    32.6696    32.6712    315.120    304.582    -0.0450     4.6471     0.1172     0.1172     0.0359     0.0232     143333    99.5361      98.44     2.3066     2.0005         15  0.000e+00
     55.327   77.40102 -176.18306     55.921    -1.5665    -1.5663  26.043519  26.044821    32.6697    32.6712    314.904    304.581    -0.0755     4.6471     0.1172     0.1172     0.0359     0.0220     143334    99.5368      98.44     2.3054     2.0005         15  0.000e+00
     55.385   77.40102 -176.18306     55.979    -1.5664    -1.5662  26.043460  26.045156    32.6694    32.6715    314.905    304.582    -0.0450     4.6459     0.1172     0.1172     0.0369     0.0232     143335    99.5375      98.44     2.3054     2.0005         15  0.000e+00
     55.344   77.40102 -176.18306     55.938    -1.5665    -1.5663  26.043637  26.045324    32.6698    32.6718    314.904    304.329    -0.0755     4.6471     0.1172     0.1172     0.0359     0.0220     143336    99.5382      98.44     2.3054     1.9992         15  0.000e+00
     55.327   77.40102 -176.18306     55.921    -1.5665    -1.5664  26.043282  26.045324    32.6693    32.6720    314.904    303.576    -0.0450     4.6471     0.1172     0.1172     0.0359     0.0232     143337    99.5389      98.44     2.3054     1.9956         15  0.000e+00
     55.409   77.40102 -176.18306     56.004    -1.5667    -1.5660  26.043341  26.045324    32.6695    32.6715    315.121    302.823    -0.0450     4.6471     0.1172     0.1172     0.0359     0.0232     143338    99.5396      98.41     2.3066     1.9919         15  0.000e+00
     55.385   77.40102 -176.18306     55.979    -1.5669    -1.5663  26.043222  26.045658    32.6696    32.6723    315.334    302.572    -0.0450     4.6471     0.1184     0.1184     0.0359     0.0232     143339    99.5403      98.44     2.3078     1.9907         15  0.000e+00
     55.286   77.40102 -176.18306     55.880    -1.5667    -1.5661  26.043163  26.045602    32.6694    32.6721    315.116    302.818    -0.0450     4.6459     0.1184     0.1184     0.0369     0.0232     143340    99.5410      98.44     2.3066     1.9919         15  0.000e+00
     55.385   77.40102 -176.18306     55.979    -1.5667    -1.5660  26.042985  26.045547    32.6691    32.6718    315.121    303.324    -0.0450     4.6471     0.1184     0.1184     0.0359     0.0232     143341    99.5417      98.44     2.3066     1.9944         15  0.000e+00
     55.385   77.40102 -176.18306     55.979    -1.5667    -1.5659  26.042926  26.045881    32.6690    32.6721    315.121    303.824    -0.0450     4.6471     0.1184     0.1184     0.0359     0.0232     143342    99.5424      98.46     2.3066     1.9968         15  0.000e+00
     55.344   77.40102 -176.18306     55.938    -1.5665    -1.5663  26.043104  26.045658    32.6691    32.6723    315.118    303.826    -0.0450     4.6459     0.1184     0.1184     0.0369     0.0232     143343    99.5431      98.44     2.3066     1.9968         15  0.000e+00
     55.385   77.40102 -176.18306     55.979    -1.5665    -1.5662  26.043163  26.044766    32.6691    32.6709    315.331    304.081    -0.0450     4.6471     0.1184     0.1184     0.0359     0.0232     143344    99.5438      98.44     2.3078     1.9980         15  0.000e+00
     55.344   77.40102 -176.18306     55.938    -1.5665    -1.5665  26.043341  26.043929    32.6694    32.6701    315.117    304.335    -0.0450     4.6471     0.1184     0.1184     0.0359     0.0232     143345    99.5444      98.44     2.3066     1.9992         15  0.000e+00
     55.385   77.40102 -176.18306     55.979    -1.5664    -1.5666  26.043638  26.043371    32.6697    32.6695    315.117    304.339    -0.0450     4.6471     0.1184     0.1184     0.0359     0.0232     143346    99.5451      98.44     2.3066     1.9992         15  0.000e+00
     55.327   77.40102 -176.18306     55.921    -1.5667    -1.5668  26.043460  26.043092    32.6698    32.6693    315.117    304.339    -0.0450     4.6484     0.1184     0.1184     0.0348     0.0232     143347    99.5458      98.44     2.3066     1.9992         15  0.000e+00
     55.409   77.40102 -176.18306     56.004    -1.5667    -1.5666  26.043400  26.043204    32.6696    32.6692    315.333    304.592    -0.0450     4.6471     0.1184     0.1184     0.0359     0.0232     143348    99.5465      98.44     2.3078     2.0005         15  0.000e+00
     55.327   77.40102 -176.18306     55.921    -1.5669    -1.5668  26.043460  26.042869    32.6699    32.6690    315.330    304.842    -0.0450     4.6471     0.1184     0.1184     0.0359     0.0232     143349    99.5472      98.41     2.3078     2.0017         15  0.000e+00
     55.344   77.40102 -176.18306     55.938    -1.5665    -1.5666  26.043222  26.042925    32.6692    32.6689    315.117    305.092    -0.0450     4.6471     0.1172     0.1172     0.0359     0.0232     143350    99.5479      98.41     2.3066     2.0029         15  0.000e+00
     55.385   77.40102 -176.18306     55.979    -1.5669    -1.5668  26.043163  26.042646    32.6695    32.6687    315.121    305.096    -0.0450     4.6471     0.1172     0.1172     0.0359     0.0232     143351    99.5486      98.41     2.3066     2.0029         15  0.000e+00
     55.344   77.40102 -176.18306     55.938    -1.5667    -1.5666  26.043163  26.043427    32.6693    32.6696    315.118    305.341    -0.0755     4.6471     0.1184     0.1184     0.0359     0.0220     143352    99.5493      98.41     2.3066     2.0041         15  0.000e+00
     55.385   77.40102 -176.18306     55.979    -1.5667    -1.5666  26.043163  26.044933    32.6693    32.6716    315.545    305.589    -0.0450     4.6471     0.1172     0.1172     0.0359     0.0232     143353    99.5500      98.41     2.3091     2.0054         15  0.000e+00
     55.327   77.40102 -176.18306     55.921    -1.5665    -1.5662  26.042629  26.045491    32.6684    32.6720    315.330    305.833    -0.0450     4.6471     0.1172     0.1172     0.0359     0.0232     143354    99.5507      98.41     2.3078     2.0066         15  0.000e+00
     55.409   77.40102 -176.18306     56.004    -1.5665    -1.5663  26.042985  26.045882    32.6689    32.6726    315.333    305.585    -0.0450     4.6471     0.1172     0.1172     0.0359     0.0232     143355    99.5514      98.41     2.3078     2.0054         15  0.000e+00
     55.385   77.40102 -176.18306     55.979    -1.5668    -1.5663  26.042985  26.046607    32.6692    32.6736    315.334    305.581    -0.0450     4.6471     0.1184     0.1184     0.0359     0.0232     143356    99.5521      98.41     2.3078     2.0054         15  0.000e+00
     55.344   77.40102 -176.18306     55.938    -1.5669    -1.5660  26.042926  26.046607    32.6692    32.6733    315.120    305.829    -0.0450     4.6471     0.1172     0.1172     0.0359     0.0232     143357    99.5528      98.41     2.3066     2.0066         15  0.000e+00
     55.385   77.40102 -176.18306     55.979    -1.5667    -1.5660  26.043104  26.046718    32.6692    32.6734    315.332    306.081    -0.0450     4.6471     0.1184     0.1184     0.0359     0.0232     143358    99.5535      98.44     2.3078     2.0078         15  0.000e+00
     55.385   77.40102 -176.18306     55.979    -1.5667    -1.5660  26.043341  26.046997    32.6696    32.6738    315.332    305.829    -0.0450     4.6471     0.1184     0.1184     0.0359     0.0232     143359    99.5542      98.44     2.3078     2.0066         15  0.000e+00
     55.344   77.40102 -176.18306     55.938    -1.5667    -1.5659  26.043934  26.047053    32.6704    32.6738    315.540    305.575    -0.0450     4.6471     0.1184     0.1184     0.0359     0.0232     143360    99.5549      98.41     2.3091     2.0054         15  0.000e+00
     55.327   77.40102 -176.18306     55.921    -1.5667    -1.5660  26.044171  26.047053    32.6707    32.6739    315.326    305.575    -0.0450     4.6471     0.1184     0.1184     0.0359     0.0232     143361    99.5556      98.41     2.3078     2.0054         15  0.000e+00
     55.344   77.40102 -176.18306     55.938    -1.5667    -1.5660  26.044171  26.046662    32.6707    32.6734    315.327    305.577    -0.0450     4.6471     0.1184     0.1184     0.0359     0.0232     143362    99.5563      98.39     2.3078     2.0054         15  0.000e+00
     55.385   77.40102 -176.18306     55.979    -1.5667    -1.5660  26.044171  26.046551    32.6707    32.6732    315.329    305.580    -0.0450     4.6471     0.1184     0.1184     0.0359     0.0232     143363    99.5569      98.41     2.3078     2.0054         15  0.000e+00
     55.409   77.40102 -176.18306     56.004    -1.5667    -1.5660  26.043993  26.046718    32.6704    32.6734    315.330    305.329    -0.0450     4.6471     0.1172     0.1172     0.0359     0.0232     143364    99.5576      98.41     2.3078     2.0041         15  0.000e+00
     55.385   77.40102 -176.18306     55.979    -1.5667    -1.5661  26.044112  26.046830    32.6706    32.6737    315.329    305.077    -0.0450     4.6471     0.1172     0.1172     0.0359     0.0232     143365    99.5583      98.41     2.3078     2.0029         15  0.000e+00
     55.327   77.40102 -176.18306     55.921    -1.5665    -1.5660  26.043993  26.046216    32.6703    32.6728    315.326    305.076    -0.0450     4.6471     0.1172     0.1172     0.0359     0.0232     143366    99.5590      98.41     2.3078     2.0029         15  0.000e+00
     55.344   77.40102 -176.18306     55.938    -1.5667    -1.5662  26.043756  26.045658    32.6702    32.6722    315.540    305.331    -0.0450     4.6471     0.1172     0.1172     0.0359     0.0232     143367    99.5597      98.41     2.3091     2.0041         15  0.000e+00
     55.385   77.40102 -176.18306     55.979    -1.5667    -1.5663  26.043875  26.044989    32.6703    32.6714    315.330    305.336    -0.0450     4.6471     0.1172     0.1172     0.0359     0.0232     143368    99.5604      98.41     2.3078     2.0041         15  0.000e+00
     55.409   77.40102 -176.18306     56.004    -1.5665    -1.5662  26.044112  26.045156    32.6704    32.6714    315.541    305.586    -0.0450     4.6471     0.1172     0.1172     0.0359     0.0232     143369    99.5611      98.41     2.3091     2.0053         15  0.000e+00
     55.327   77.40102 -176.18306     55.921    -1.5667    -1.5665  26.044171  26.045658    32.6707    32.6725    315.538    305.583    -0.0450     4.6471     0.1172     0.1172     0.0359     0.0232     143370    99.5618      98.44     2.3091     2.0053         15  0.000e+00
     40.682   77.40132 -176.18190     41.117    -1.6034    -1.6032  24.860927  24.862989    31.0908    31.0934    343.223    332.225     0.1076     4.6361     0.1160     0.1160     0.0453     0.0293     145656   101.1493      90.94     2.4455     2.1163         16  0.000e+00
     40.682   77.40132 -176.18190     41.117    -1.6032    -1.6033  24.860810  24.863044    31.0904    31.0936    343.007    332.480     0.1076     4.6361     0.1160     0.1160     0.0453     0.0293     145657   101.1500      90.92     2.4443     2.1175         16  0.000e+00
     40.682   77.40132 -176.18190     41.117    -1.6034    -1.6030  24.860343  24.863318    31.0900    31.0937    343.225    332.477     0.1076     4.6361     0.1160     0.1160     0.0453     0.0293     145658   101.1507      90.92     2.4455     2.1175         16  0.000e+00
     40.657   77.40132 -176.18190     41.092    -1.6034    -1.6033  24.860402  24.863153    31.0901    31.0937    343.009    332.224     0.0771     4.6361     0.1160     0.1160     0.0453     0.0281     145659   101.1514      90.84     2.4443     2.1162         16  0.000e+00
     40.624   77.40132 -176.18190     41.059    -1.6034    -1.6032  24.860460  24.863318    31.0901    31.0938    343.221    332.221     0.1076     4.6361     0.1160     0.1160     0.0453     0.0293     145660   101.1521      90.72     2.4455     2.1162         16  0.000e+00
     40.682   77.40132 -176.18188     41.117    -1.6034    -1.6035  24.860460  24.862769    31.0901    31.0934    343.010    332.482     0.1076     4.6361     0.1172     0.1172     0.0453     0.0293     145661   101.1528      90.72     2.4443     2.1175         16  0.000e+00
     40.682   77.40132 -176.18188     41.117    -1.6034    -1.6033  24.860635  24.862605    31.0904    31.0930    343.009    332.735     0.1076     4.6361     0.1172     0.1172     0.0453     0.0293     145662   101.1535      90.74     2.4443     2.1187         16  0.000e+00
     40.624   77.40132 -176.18188     41.059    -1.6032    -1.6033  24.860927  24.862330    31.0906    31.0927    343.004    332.734     0.1076     4.6361     0.1184     0.1184     0.0453     0.0293     145663   101.1542      90.77     2.4443     2.1187         16  0.000e+00
     40.682   77.40132 -176.18188     41.117    -1.6035    -1.6035  24.860577  24.862111    31.0904    31.0925    343.010    332.738     0.0771     4.6349     0.1184     0.1184     0.0464     0.0281     145664   101.1549      90.89     2.4443     2.1187         16  0.000e+00
     40.682   77.40132 -176.18188     41.117    -1.6034    -1.6033  24.860810  24.861946    31.0906    31.0921    343.008    332.484     0.1076     4.6361     0.1184     0.1184     0.0453     0.0293     145665   101.1556      90.89     2.4443     2.1175         16  0.000e+00
     40.624   77.40132 -176.18188     41.059    -1.6034    -1.6033  24.860810  24.861836    31.0906    31.0920    343.005    331.973     0.1076     4.6361     0.1184     0.1184     0.0453     0.0293     145666   101.1563      90.92     2.4443     2.1150         16  0.000e+00
     40.657   77.40132 -176.18188     41.092    -1.6035    -1.6033  24.861102  24.861891    31.0912    31.0921    343.222    331.975     0.1076     4.6361     0.1184     0.1184     0.0453     0.0293     145667   101.1569      90.92     2.4455     2.1150         16  0.000e+00
     40.682   77.40132 -176.18188     41.117    -1.6035    -1.6035  24.861043  24.861837    31.0910    31.0921    343.008    332.485     0.1076     4.6361     0.1184     0.1184     0.0453     0.0293     145668   101.1576      90.92     2.4443     2.1175         16  0.000e+00
     40.682   77.40132 -176.18188     41.117    -1.6035    -1.6033  24.860810  24.862111    31.0908    31.0923    343.224    332.483     0.1076     4.6361     0.1172     0.1172     0.0453     0.0293     145669   101.1583      90.92     2.4455     2.1175         16  0.000e+00
     40.624   77.40132 -176.18188     41.059    -1.6035    -1.6033  24.860752  24.862275    31.0907    31.0926    343.007    332.480     0.1076     4.6361     0.1172     0.1172     0.0453     0.0293     145670   101.1590      91.11     2.4443     2.1175         16  0.000e+00
     40.682   77.40132 -176.18188     41.117    -1.6036    -1.6033  24.860752  24.862221    31.0908    31.0925    343.010    332.483     0.1076     4.6361     0.1172     0.1172     0.0453     0.0293     145671   101.1597      91.36     2.4443     2.1175         16  0.000e+00
     40.682   77.40132 -176.18188     41.117    -1.6032    -1.6033  24.860343  24.862550    31.0898    31.0929    343.008    332.227     0.1076     4.6361     0.1172     0.1172     0.0453     0.0293     145672   101.1604      91.43     2.4443     2.1162         16  0.000e+00
     40.624   77.40132 -176.18188     41.059    -1.6036    -1.6032  24.860402  24.862769    31.0904    31.0931    343.009    331.969     0.1076     4.6374     0.1172     0.1172     0.0443     0.0293     145673   101.1611      91.43     2.4443     2.1150         16  0.000e+00
