Continuous CTD Data/SBE Stage/nabos_22_01avg.cnv
* Sea-Bird SBE 9 Data File:
* FileName = D:\CTD\data\HLY2502\raw\NABOS_22_01.hex
* Software Version Seasave V 7.26.7.110
* Temperature SN = 6954
* Conductivity SN = 2561
* Number of Bytes Per Scan = 37
* Number of Voltage Words = 4
* Number of Scans Averaged by the Deck Unit = 1
* NMEA Latitude = 79 21.70 N
* NMEA Longitude = 171 33.88 E
* NMEA UTC (Time) = Sep 19 2025  12:09:27
* NMEA baud rate = 9600
** Ship: USCG HEALY
** Bot. Depth:  1200
** Cast Number:  01
** Station Name:  NABOS
** Station Number:  22
** Operator:  STARC
# nquan = 25
# nvalues = 1214                        
# units = specified
# name 0 = depSM: Depth [salt water, m]
# name 1 = latitude: Latitude [deg]
# name 2 = longitude: Longitude [deg]
# name 3 = prDM: Pressure, Digiquartz [db]
# name 4 = t090C: Temperature [ITS-90, deg C]
# name 5 = t190C: Temperature, 2 [ITS-90, deg C]
# name 6 = c0mS/cm: Conductivity [mS/cm]
# name 7 = c1mS/cm: Conductivity, 2 [mS/cm]
# name 8 = sal00: Salinity, Practical [PSU]
# name 9 = sal11: Salinity, Practical, 2 [PSU]
# name 10 = sbox0Mm/Kg: Oxygen, SBE 43 [umol/kg]
# name 11 = sbox1Mm/Kg: Oxygen, SBE 43, 2 [umol/kg]
# name 12 = flECO-AFL: Fluorescence, WET Labs ECO-AFL/FL [mg/m^3]
# name 13 = v2: Voltage 2
# name 14 = wetCDOM: Fluorescence, WET Labs CDOM [mg/m^3]
# name 15 = v6: Voltage 6
# name 16 = CStarAt0: Beam Attenuation, WET Labs C-Star [1/m]
# name 17 = v3: Voltage 3
# name 18 = scan: Scan Count
# name 19 = timeM: Time, Elapsed [minutes]
# name 20 = altM: Altimeter [m]
# name 21 = sbeox0V: Oxygen raw, SBE 43 [V]
# name 22 = sbeox1V: Oxygen raw, SBE 43, 2 [V]
# name 23 = nbin: number of scans per bin
# name 24 = flag: flag
# span 0 =      3.958,   1200.635       
# span 1 =   79.36192,   79.36522       
# span 2 =  171.55603,  171.56383       
# span 3 =      4.000,   1217.000       
# span 4 =    -1.6951,     0.9150       
# span 5 =    -1.6959,     0.9148       
# span 6 =  24.748874,  29.834443       
# span 7 =  24.747822,  29.832425       
# span 8 =    31.0431,    34.8936       
# span 9 =    31.0414,    34.8913       
# span 10 =    290.685,    371.638      
# span 11 =    274.704,    370.347      
# span 12 =    -0.1801,     0.5797      
# span 13 =     4.5238,     4.6382      
# span 14 =     0.0797,     0.1179      
# span 15 =     0.0797,     0.1179      
# span 16 =     0.0436,     0.1436      
# span 17 =     0.0178,     0.0482      
# span 18 =       3419,      38647      
# span 19 =     2.3734,    26.8378      
# span 20 =      80.09,     104.42      
# span 21 =     2.0209,     2.6104      
# span 22 =     1.7650,     2.3008      
# span 23 =          6,         25      
# span 24 = 0.0000e+00, 0.0000e+00      
# interval = decibars: 1                
# start_time = Sep 19 2025 12:09:27 [NMEA time, header]
# bad_flag = -9.990e-29
*END*
[from data line 116]
    118.698   79.36250  171.56256    120.000    -1.0952    -1.0941  27.650641  27.649772    34.3093    34.3068    307.031    301.724    -0.1332     4.6271     0.0910     0.0910     0.0531     0.0196       9346     6.4893     100.00     2.2935     2.0143         18 0.0000e+00
    119.687   79.36250  171.56254    121.000    -1.0624    -1.0612  27.685524  27.684694    34.3188    34.3163    306.779    302.928    -0.1323     4.6275     0.0899     0.0899     0.0528     0.0197       9369     6.5053     100.00     2.2937     2.0217         14 0.0000e+00
    120.676   79.36250  171.56254    122.000    -1.0332    -1.0322  27.716097  27.715090    34.3266    34.3241    306.575    305.095    -0.1330     4.6276     0.0884     0.0884     0.0527     0.0197       9392     6.5216     100.00     2.2939     2.0337         17 0.0000e+00
    121.665   79.36250  171.56252    123.000    -1.0016    -1.0001  27.748868  27.748255    34.3346    34.3320    306.199    300.367    -0.1297     4.6098     0.0895     0.0895     0.0681     0.0198       9415     6.5378     100.00     2.2933     2.0115         13 0.0000e+00
    122.654   79.36250  171.56252    124.000    -0.9632    -0.9618  27.788283  27.787935    34.3438    34.3418    305.794    301.061    -0.1324     4.6256     0.0908     0.0908     0.0545     0.0197       9440     6.5548     100.00     2.2929     2.0166         14 0.0000e+00
    123.642   79.36250  171.56250    125.000    -0.9290    -0.9272  27.822625  27.822475    34.3510    34.3488    305.503    300.087    -0.1298     4.6285     0.0901     0.0901     0.0520     0.0198       9465     6.5721     100.00     2.2929     2.0132         18 0.0000e+00
    124.631   79.36252  171.56250    126.000    -0.8911    -0.8904  27.860933  27.859612    34.3593    34.3566    304.989    301.166    -0.1309     4.6280     0.0903     0.0903     0.0524     0.0197       9490     6.5893     100.00     2.2917     2.0201         11 0.0000e+00
    125.620   79.36252  171.56248    127.000    -0.8658    -0.8651  27.886259  27.885316    34.3642    34.3622    304.560    298.817    -0.1341     4.6284     0.0899     0.0899     0.0520     0.0196       9515     6.6067     100.00     2.2904     2.0094         12 0.0000e+00
    126.609   79.36252  171.56248    128.000    -0.8287    -0.8271  27.923879  27.923257    34.3723    34.3697    304.141    300.406    -0.1281     4.6288     0.0889     0.0889     0.0517     0.0199       9540     6.6245     100.00     2.2898     2.0189         18 0.0000e+00
    127.598   79.36252  171.56246    129.000    -0.8050    -0.8035  27.947467  27.946827    34.3768    34.3742    304.113    300.071    -0.1296     4.6294     0.0878     0.0878     0.0512     0.0198       9565     6.6416     100.00     2.2907     2.0181         13 0.0000e+00
    128.587   79.36252  171.56245    130.000    -0.7791    -0.7779  27.975297  27.974553    34.3844    34.3821    304.050    301.054    -0.1328     4.6292     0.0889     0.0889     0.0514     0.0197       9590     6.6592     100.00     2.2917     2.0241         16 0.0000e+00
    129.575   79.36252  171.56244    131.000    -0.7596    -0.7588  27.997039  27.996126    34.3911    34.3888    303.790    302.475    -0.1319     4.6300     0.0895     0.0895     0.0506     0.0197       9615     6.6764     100.00     2.2910     2.0319         13 0.0000e+00
    130.564   79.36252  171.56244    132.000    -0.7320    -0.7287  28.027016  28.027925    34.3996    34.3970    303.489    300.219    -0.1347     4.6302     0.0903     0.0903     0.0505     0.0196       9640     6.6939     100.00     2.2905     2.0219         16 0.0000e+00
    131.553   79.36252  171.56243    133.000    -0.6945    -0.6939  28.063107  28.061767    34.4050    34.4026    303.073    297.464    -0.1271     4.6299     0.0894     0.0894     0.0507     0.0199       9665     6.7113     100.00     2.2899     2.0095         16 0.0000e+00
    132.542   79.36252  171.56242    134.000    -0.6808    -0.6791  28.078670  28.078225    34.4099    34.4074    303.012    299.890    -0.1305     4.6302     0.0882     0.0882     0.0505     0.0198       9690     6.7287     100.00     2.2901     2.0222         15 0.0000e+00
    133.531   79.36252  171.56241    135.000    -0.6459    -0.6456  28.113438  28.111803    34.4166    34.4141    302.618    296.408    -0.1338     4.6308     0.0881     0.0881     0.0500     0.0196       9715     6.7460     100.00     2.2895     2.0061         11 0.0000e+00
    134.519   79.36252  171.56240    136.000    -0.6397    -0.6389  28.120370  28.119170    34.4183    34.4158    302.429    296.488    -0.1341     4.6309     0.0889     0.0889     0.0499     0.0196       9740     6.7634     100.00     2.2885     2.0066         12 0.0000e+00
    135.508   79.36252  171.56239    137.000    -0.6008    -0.5986  28.159473  28.159475    34.4262    34.4237    301.700    294.492    -0.1344     4.6313     0.0887     0.0887     0.0496     0.0196       9766     6.7809     100.00     2.2861     1.9983         14 0.0000e+00
    136.497   79.36253  171.56238    138.000    -0.5839    -0.5832  28.176478  28.175565    34.4294    34.4273    301.532    297.635    -0.1580     4.6311     0.0879     0.0879     0.0497     0.0187       9790     6.7982     100.00     2.2859     2.0146         14 0.0000e+00
    137.486   79.36254  171.56237    139.000    -0.5534    -0.5527  28.208953  28.207495    34.4378    34.4351    301.448    298.565    -0.1252     4.6310     0.0880     0.0880     0.0498     0.0200       9816     6.8159     100.00     2.2869     2.0205         15 0.0000e+00
    138.475   79.36254  171.56236    140.000    -0.5424    -0.5403  28.221089  28.220466    34.4411    34.4378    301.749    302.856    -0.1301     4.6313     0.0886     0.0886     0.0496     0.0198       9841     6.8331     100.00     2.2890     2.0425         14 0.0000e+00
    139.463   79.36254  171.56236    141.000    -0.4908    -0.4887  28.270330  28.270185    34.4481    34.4454    301.471    297.738    -0.1301     4.6312     0.0879     0.0879     0.0497     0.0198       9866     6.8505     100.00     2.2900     2.0189         14 0.0000e+00
    140.452   79.36254  171.56235    142.000    -0.4736    -0.4729  28.286968  28.285833    34.4503    34.4480    301.478    300.623    -0.1366     4.6314     0.0877     0.0877     0.0495     0.0195       9891     6.8679     100.00     2.2907     2.0340         13 0.0000e+00
    141.441   79.36254  171.56234    143.000    -0.4300    -0.4281  28.330666  28.330302    34.4588    34.4563    300.994    296.700    -0.1307     4.6309     0.0866     0.0866     0.0499     0.0198       9913     6.8831     100.00     2.2900     2.0161         11 0.0000e+00
    142.430   79.36254  171.56233    144.000    -0.4028    -0.4025  28.356218  28.354751    34.4617    34.4594    300.741    293.393    -0.1552     4.6307     0.0871     0.0871     0.0501     0.0188       9934     6.8980     100.00     2.2898     2.0004         14 0.0000e+00
    143.418   79.36254  171.56232    145.000    -0.3994    -0.3979  28.361549  28.360875    34.4643    34.4618    300.763    282.711    -0.1414     4.6312     0.0881     0.0881     0.0497     0.0193       9956     6.9129     100.00     2.2899     1.9464         13 0.0000e+00
    144.407   79.36254  171.56232    146.000    -0.3664    -0.3659  28.395918  28.394369    34.4724    34.4698    300.423    290.380    -0.1259     4.6313     0.0889     0.0889     0.0496     0.0200       9977     6.9277     100.00     2.2895     1.9865         15 0.0000e+00
    145.396   79.36254  171.56232    147.000    -0.3660    -0.3651  28.397122  28.396243    34.4730    34.4708    300.571    294.784    -0.1314     4.6315     0.0886     0.0886     0.0494     0.0197       9998     6.9426     100.00     2.2901     2.0086         17 0.0000e+00
    146.385   79.36254  171.56230    148.000    -0.3387    -0.3390  28.427253  28.425086    34.4818    34.4793    300.335    298.959    -0.1319     4.6314     0.0883     0.0883     0.0495     0.0197      10019     6.9571     100.00     2.2901     2.0308         13 0.0000e+00
    147.373   79.36254  171.56230    149.000    -0.3266    -0.3266  28.440046  28.438387    34.4845    34.4823    300.342    298.162    -0.1323     4.6319     0.0883     0.0883     0.0490     0.0197      10040     6.9717     100.00     2.2906     2.0271         14 0.0000e+00
    148.362   79.36254  171.56230    150.000    -0.3229    -0.3215  28.445844  28.445029    34.4875    34.4849    300.528    298.715    -0.1265     4.6319     0.0886     0.0886     0.0490     0.0199      10061     6.9864     100.00     2.2917     2.0299         15 0.0000e+00
    149.351   79.36256  171.56228    151.000    -0.2841    -0.2838  28.486405  28.484661    34.4971    34.4946    300.382    296.713    -0.1247     4.6320     0.0901     0.0901     0.0490     0.0200      10087     7.0041     100.00     2.2928     2.0214         18 0.0000e+00
    150.339   79.36256  171.56228    152.000    -0.2827    -0.2829  28.488558  28.486615    34.4979    34.4956    300.573    298.033    -0.1367     4.6315     0.0877     0.0877     0.0495     0.0195      10112     7.0213     100.00     2.2937     2.0279         15 0.0000e+00
    151.328   79.36256  171.56226    153.000    -0.2820    -0.2814  28.490203  28.488887    34.4987    34.4963    300.752    299.846    -0.1347     4.6317     0.0888     0.0888     0.0492     0.0196      10137     7.0391     100.00     2.2946     2.0370         17 0.0000e+00
    152.317   79.36256  171.56226    154.000    -0.2472    -0.2437  28.526034  28.527130    34.5066    34.5041    300.539    296.795    -0.1626     4.6314     0.0881     0.0881     0.0495     0.0185      10162     7.0563     100.00     2.2950     2.0231         16 0.0000e+00
    153.306   79.36256  171.56226    155.000    -0.2044    -0.2038  28.567929  28.566635    34.5134    34.5110    300.360    297.602    -0.1628     4.6317     0.0860     0.0860     0.0492     0.0185      10187     7.0736     100.00     2.2961     2.0289         14 0.0000e+00
    154.294   79.36256  171.56224    156.000    -0.1884    -0.1866  28.585770  28.585564    34.5184    34.5161    300.399    295.955    -0.1654     4.6324     0.0862     0.0862     0.0486     0.0184      10212     7.0913     100.00     2.2971     2.0211         18 0.0000e+00
    155.283   79.36256  171.56224    157.000    -0.1548    -0.1550  28.619217  28.617367    34.5244    34.5222    300.093    296.090    -0.1284     4.6321     0.0873     0.0873     0.0489     0.0198      10238     7.1088     100.00     2.2969     2.0231         16 0.0000e+00
    156.272   79.36256  171.56224    158.000    -0.1563    -0.1564  28.619039  28.617273    34.5253    34.5231    300.353    293.772    -0.1318     4.6324     0.0873     0.0873     0.0486     0.0197      10263     7.1265     100.00     2.2981     2.0111         19 0.0000e+00
    157.260   79.36256  171.56223    159.000    -0.0981    -0.0958  28.681457  28.681063    34.5419    34.5388    299.934    293.222    -0.1420     4.6316     0.0871     0.0871     0.0493     0.0193      10288     7.1439     100.00     2.2986     2.0109         17 0.0000e+00
    158.249   79.36257  171.56222    160.000    -0.0776    -0.0775  28.700358  28.698696    34.5433    34.5410    300.051    296.871    -0.1546     4.6324     0.0868     0.0868     0.0486     0.0188      10314     7.1615     100.00     2.3002     2.0301         20 0.0000e+00
    159.238   79.36258  171.56222    161.000    -0.0769    -0.0768  28.702284  28.700486    34.5444    34.5420    300.032    296.242    -0.1299     4.6318     0.0850     0.0850     0.0491     0.0198      10338     7.1787     100.00     2.2999     2.0267         14 0.0000e+00
    160.226   79.36258  171.56221    162.000    -0.0767    -0.0767  28.703257  28.701526    34.5449    34.5426    299.830    295.748    -0.1305     4.6315     0.0847     0.0847     0.0494     0.0198      10364     7.1963     100.00     2.2985     2.0240         20 0.0000e+00
    161.215   79.36258  171.56220    163.000    -0.0409    -0.0386  28.740968  28.741201    34.5540    34.5516    299.470    296.546    -0.1345     4.6322     0.0865     0.0865     0.0487     0.0196      10388     7.2135     100.00     2.2981     2.0297         14 0.0000e+00
    162.204   79.36258  171.56220    164.000    -0.0151    -0.0152  28.766794  28.765079    34.5585    34.5563    299.354    296.051    -0.1263     4.6316     0.0865     0.0865     0.0493     0.0199      10413     7.2309     100.00     2.2986     2.0281         15 0.0000e+00
    163.192   79.36258  171.56219    165.000     0.0097     0.0119  28.793903  28.793974    34.5657    34.5634    299.360    295.200    -0.1362     4.6323     0.0865     0.0865     0.0487     0.0195      10439     7.2484     100.00     2.2998     2.0248         14 0.0000e+00
    164.181   79.36258  171.56218    166.000     0.0410     0.0406  28.825262  28.823045    34.5714    34.5690    299.213    291.663    -0.1671     4.6320     0.0866     0.0866     0.0489     0.0183      10464     7.2658     100.00     2.3004     2.0079         13 0.0000e+00
    165.170   79.36258  171.56218    167.000     0.0391     0.0390  28.824482  28.822737    34.5719    34.5697    299.351    294.776    -0.1335     4.6318     0.0876     0.0876     0.0492     0.0196      10489     7.2835     100.00     2.3009     2.0235         16 0.0000e+00
    166.158   79.36258  171.56218    168.000     0.0473     0.0498  28.835363  28.835802    34.5765    34.5742    299.171    293.802    -0.1325     4.6324     0.0859     0.0859     0.0486     0.0197      10514     7.3009     100.00     2.3001     2.0188         15 0.0000e+00
    167.147   79.36260  171.56216    169.000     0.0935     0.0935  28.882951  28.881186    34.5868    34.5844    298.819    285.609    -0.1498     4.6322     0.0855     0.0855     0.0487     0.0190      10540     7.3184     100.00     2.3003     1.9788         14 0.0000e+00
    168.135   79.36260  171.56216    170.000     0.0939     0.0940  28.884467  28.882956    34.5877    34.5855    299.104    292.267    -0.1443     4.6325     0.0860     0.0860     0.0485     0.0192      10565     7.3359     100.00     2.3018     2.0127         16 0.0000e+00
    169.124   79.36260  171.56216    171.000     0.1435     0.1461  28.936328  28.936730    34.5997    34.5972    298.710    295.549    -0.1366     4.6324     0.0867     0.0867     0.0486     0.0195      10590     7.3533     100.00     2.3020     2.0317         13 0.0000e+00
    170.113   79.36260  171.56214    172.000     0.1536     0.1537  28.946424  28.944694    34.6010    34.5987    298.453    295.532    -0.1322     4.6314     0.0864     0.0864     0.0495     0.0197      10615     7.3709     100.00     2.3007     2.0317         14 0.0000e+00
    171.101   79.36260  171.56214    173.000     0.1539     0.1538  28.947610  28.945743    34.6017    34.5993    298.084    295.770    -0.1364     4.6316     0.0862     0.0862     0.0493     0.0195      10640     7.3880     100.00     2.2983     2.0328         11 0.0000e+00
    172.090   79.36260  171.56214    174.000     0.1540     0.1539  28.948595  28.946714    34.6023    34.5998    297.771    296.859    -0.1302     4.6317     0.0861     0.0861     0.0493     0.0198      10665     7.4057     100.00     2.2962     2.0382         13 0.0000e+00
    173.079   79.36260  171.56214    175.000     0.1539     0.1538  28.949219  28.947382    34.6026    34.6003    297.783    293.241    -0.1314     4.6323     0.0874     0.0874     0.0487     0.0197      10690     7.4231     100.00     2.2960     2.0194         12 0.0000e+00
    174.067   79.36260  171.56212    176.000     0.1539     0.1539  28.950017  28.948135    34.6030    34.6006    297.808    294.036    -0.1501     4.6323     0.0857     0.0857     0.0486     0.0190      10716     7.4408     100.00     2.2959     2.0233         15 0.0000e+00
