Continuous CTD Data/SBE Stage/nabos_29_01avg.cnv
* Sea-Bird SBE 9 Data File:
* FileName = D:\CTD\data\HLY2502\raw\NABOS_29_01.hex
* Software Version Seasave V 7.26.7.110
* Temperature SN = 6954
* Conductivity SN = 2561
* Number of Bytes Per Scan = 37
* Number of Voltage Words = 4
* Number of Scans Averaged by the Deck Unit = 1
* NMEA Latitude = 80 31.69 N
* NMEA Longitude = 150 58.43 E
* NMEA UTC (Time) = Sep 22 2025  04:33:58
* NMEA baud rate = 9600
** Ship: USCG HEALY
** Bot. Depth:  2015
** Cast Number:  01
** Station Name:  NABOS
** Station Number:  29
** Operator:  STARC
# nquan = 25
# nvalues = 1214                        
# units = specified
# name 0 = depSM: Depth [salt water, m]
# name 1 = latitude: Latitude [deg]
# name 2 = longitude: Longitude [deg]
# name 3 = prDM: Pressure, Digiquartz [db]
# name 4 = t090C: Temperature [ITS-90, deg C]
# name 5 = t190C: Temperature, 2 [ITS-90, deg C]
# name 6 = c0mS/cm: Conductivity [mS/cm]
# name 7 = c1mS/cm: Conductivity, 2 [mS/cm]
# name 8 = sal00: Salinity, Practical [PSU]
# name 9 = sal11: Salinity, Practical, 2 [PSU]
# name 10 = sbox0Mm/Kg: Oxygen, SBE 43 [umol/kg]
# name 11 = sbox1Mm/Kg: Oxygen, SBE 43, 2 [umol/kg]
# name 12 = flECO-AFL: Fluorescence, WET Labs ECO-AFL/FL [mg/m^3]
# name 13 = v2: Voltage 2
# name 14 = wetCDOM: Fluorescence, WET Labs CDOM [mg/m^3]
# name 15 = v6: Voltage 6
# name 16 = CStarAt0: Beam Attenuation, WET Labs C-Star [1/m]
# name 17 = v3: Voltage 3
# name 18 = scan: Scan Count
# name 19 = timeM: Time, Elapsed [minutes]
# name 20 = altM: Altimeter [m]
# name 21 = sbeox0V: Oxygen raw, SBE 43 [V]
# name 22 = sbeox1V: Oxygen raw, SBE 43, 2 [V]
# name 23 = nbin: number of scans per bin
# name 24 = flag: flag
# span 0 =      3.957,   1200.591       
# span 1 =   80.52622,   80.52796       
# span 2 =  150.97468,  150.98498       
# span 3 =      4.000,   1217.000       
# span 4 =    -1.7269,     0.9737       
# span 5 =    -1.7266,     0.9736       
# span 6 =  23.231321,  29.828720       
# span 7 =  23.227365,  29.826355       
# span 8 =    28.8435,    34.8676       
# span 9 =    28.8356,    34.8653       
# span 10 =    291.292,    373.447      
# span 11 =    270.770,    365.697      
# span 12 =    -0.1830,     0.4299      
# span 13 =     4.4876,     4.6392      
# span 14 =     0.0805,     0.1540      
# span 15 =     0.0805,     0.1540      
# span 16 =     0.0427,     0.1757      
# span 17 =     0.0177,     0.0422      
# span 18 =       3693,      38690      
# span 19 =     2.5636,    26.8672      
# span 20 =      51.35,     100.00      
# span 21 =     2.0145,     2.6175      
# span 22 =     1.7248,     2.2772      
# span 23 =          6,         28      
# span 24 = 0.0000e+00, 0.0000e+00      
# interval = decibars: 1                
# start_time = Sep 22 2025 04:33:58 [NMEA time, header]
# bad_flag = -9.990e-29
*END*
[from data line 928]
    920.058   80.52672  150.98233    932.000    -0.2664    -0.2664  29.097841  29.095995    34.8257    34.8233    296.045    290.425    -0.1315     4.6359     0.0840     0.0840     0.0455     0.0197      29731    20.6458     100.00     2.0980     1.8497         18 0.0000e+00
    921.043   80.52672  150.98234    933.000    -0.2674    -0.2674  29.097271  29.095496    34.8255    34.8232    296.046    290.495    -0.1348     4.6355     0.0840     0.0840     0.0458     0.0196      29755    20.6624     100.00     2.0978     1.8498         18 0.0000e+00
    922.028   80.52671  150.98235    934.000    -0.2684    -0.2684  29.096877  29.095057    34.8256    34.8232    296.062    295.160    -0.1487     4.6361     0.0851     0.0851     0.0453     0.0190      29779    20.6790     100.00     2.0976     1.8709         12 0.0000e+00
    923.013   80.52670  150.98236    935.000    -0.2711    -0.2711  29.094766  29.092982    34.8252    34.8229    296.077    292.874    -0.1456     4.6361     0.0835     0.0835     0.0453     0.0192      29803    20.6959     100.00     2.0973     1.8602         14 0.0000e+00
    923.998   80.52670  150.98236    936.000    -0.2736    -0.2737  29.093112  29.091213    34.8253    34.8229    296.138    292.071    -0.1328     4.6362     0.0835     0.0835     0.0452     0.0197      29827    20.7126     100.00     2.0973     1.8562         15 0.0000e+00
    924.983   80.52670  150.98237    937.000    -0.2732    -0.2731  29.094027  29.092241    34.8255    34.8230    296.220    288.441    -0.1578     4.6360     0.0837     0.0837     0.0454     0.0187      29851    20.7293     100.00     2.0976     1.8394         14 0.0000e+00
    925.968   80.52670  150.98238    938.000    -0.2715    -0.2716  29.095939  29.094057    34.8255    34.8231    296.231    284.242    -0.1360     4.6356     0.0830     0.0830     0.0458     0.0195      29875    20.7460     100.00     2.0975     1.8201         13 0.0000e+00
    926.953   80.52670  150.98238    939.000    -0.2733    -0.2735  29.094798  29.092856    34.8255    34.8231    296.174    295.644    -0.1275     4.6356     0.0830     0.0830     0.0457     0.0199      29899    20.7625     100.00     2.0969     1.8720         10 0.0000e+00
    927.938   80.52670  150.98239    940.000    -0.2714    -0.2713  29.097244  29.095555    34.8260    34.8236    296.149    297.922    -0.1297     4.6361     0.0842     0.0842     0.0453     0.0198      29924    20.7795     100.00     2.0967     1.8824         13 0.0000e+00
    928.923   80.52670  150.98240    941.000    -0.2671    -0.2671  29.101794  29.100062    34.8265    34.8242    296.203    296.287    -0.1587     4.6359     0.0841     0.0841     0.0454     0.0186      29948    20.7964     100.00     2.0969     1.8749         15 0.0000e+00
    929.908   80.52670  150.98240    942.000    -0.2667    -0.2667  29.102784  29.101037    34.8268    34.8245    296.240    292.743    -0.1374     4.6361     0.0847     0.0847     0.0453     0.0195      29972    20.8131     100.00     2.0969     1.8585         15 0.0000e+00
    930.892   80.52670  150.98241    943.000    -0.2640    -0.2641  29.105932  29.104043    34.8274    34.8249    296.273    291.922    -0.1716     4.6359     0.0852     0.0852     0.0455     0.0181      29996    20.8296     100.00     2.0970     1.8547         13 0.0000e+00
    931.877   80.52670  150.98242    944.000    -0.2640    -0.2640  29.106501  29.104643    34.8276    34.8251    296.295    292.385    -0.1303     4.6359     0.0852     0.0852     0.0455     0.0198      30020    20.8464     100.00     2.0970     1.8566         13 0.0000e+00
    932.862   80.52670  150.98243    945.000    -0.2641    -0.2641  29.106871  29.105232    34.8275    34.8254    296.194    287.559    -0.1367     4.6360     0.0840     0.0840     0.0454     0.0195      30044    20.8630     100.00     2.0962     1.8344         12 0.0000e+00
    933.847   80.52670  150.98244    946.000    -0.2648    -0.2647  29.106793  29.105136    34.8276    34.8254    296.142    282.707    -0.1546     4.6361     0.0830     0.0830     0.0453     0.0188      30068    20.8796     100.00     2.0957     1.8120         13 0.0000e+00
    934.832   80.52670  150.98244    947.000    -0.2659    -0.2659  29.106307  29.104506    34.8277    34.8253    296.008    293.403    -0.1522     4.6361     0.0833     0.0833     0.0453     0.0189      30092    20.8964     100.00     2.0947     1.8607         12 0.0000e+00
    935.817   80.52670  150.98245    948.000    -0.2670    -0.2669  29.105843  29.103982    34.8277    34.8252    296.000    289.172    -0.1570     4.6361     0.0839     0.0839     0.0453     0.0187      30116    20.9132     100.00     2.0944     1.8411         12 0.0000e+00
    936.802   80.52670  150.98246    949.000    -0.2686    -0.2686  29.104884  29.103048    34.8276    34.8253    295.993    295.191    -0.1318     4.6354     0.0840     0.0840     0.0459     0.0197      30140    20.9302     100.00     2.0941     1.8684         15 0.0000e+00
    937.787   80.52670  150.98246    950.000    -0.2688    -0.2688  29.105083  29.103226    34.8276    34.8251    296.086    286.030    -0.1368     4.6358     0.0839     0.0839     0.0456     0.0195      30164    20.9467     100.00     2.0943     1.8263         11 0.0000e+00
    938.772   80.52669  150.98247    951.000    -0.2684    -0.2683  29.105903  29.104038    34.8277    34.8251    296.088    290.316    -0.1366     4.6358     0.0841     0.0841     0.0455     0.0195      30189    20.9636     100.00     2.0942     1.8458         14 0.0000e+00
    939.757   80.52668  150.98248    952.000    -0.2683    -0.2684  29.106335  29.104483    34.8275    34.8252    296.124    291.880    -0.1564     4.6352     0.0839     0.0839     0.0461     0.0187      30213    20.9804     100.00     2.0941     1.8528         15 0.0000e+00
    940.742   80.52668  150.98248    953.000    -0.2665    -0.2664  29.108773  29.106979    34.8281    34.8257    296.067    298.570    -0.1408     4.6352     0.0846     0.0846     0.0461     0.0193      30236    20.9968     100.00     2.0937     1.8832         11 0.0000e+00
    941.726   80.52668  150.98249    954.000    -0.2611    -0.2611  29.114529  29.112673    34.8291    34.8266    296.075    294.964    -0.1621     4.6359     0.0853     0.0853     0.0455     0.0185      30261    21.0137     100.00     2.0938     1.8668         14 0.0000e+00
    942.712   80.52668  150.98250    955.000    -0.2576    -0.2577  29.118322  29.116529    34.8296    34.8273    296.022    283.669    -0.1830     4.6356     0.0847     0.0847     0.0458     0.0177      30285    21.0303     100.00     2.0935     1.8151         12 0.0000e+00
    943.696   80.52668  150.98250    956.000    -0.2566    -0.2566  29.120139  29.118240    34.8303    34.8277    295.997    290.967    -0.1368     4.6361     0.0830     0.0830     0.0453     0.0195      30309    21.0473     100.00     2.0932     1.8484         14 0.0000e+00
    944.681   80.52668  150.98251    957.000    -0.2545    -0.2546  29.122630  29.120692    34.8305    34.8282    295.943    293.431    -0.1738     4.6356     0.0863     0.0863     0.0457     0.0180      30333    21.0640     100.00     2.0928     1.8595         14 0.0000e+00
    945.666   80.52668  150.98252    958.000    -0.2535    -0.2534  29.123941  29.122270    34.8306    34.8284    295.921    296.148    -0.1628     4.6358     0.0841     0.0841     0.0456     0.0185      30357    21.0806     100.00     2.0925     1.8718         13 0.0000e+00
    946.651   80.52668  150.98252    959.000    -0.2544    -0.2542  29.123812  29.122163    34.8309    34.8285    295.828    293.620    -0.1368     4.6352     0.0840     0.0840     0.0461     0.0195      30381    21.0973     100.00     2.0918     1.8601         13 0.0000e+00
    947.636   80.52668  150.98253    960.000    -0.2572    -0.2570  29.121781  29.120036    34.8309    34.8283    295.756    287.343    -0.1434     4.6357     0.0848     0.0848     0.0457     0.0192      30405    21.1140     100.00     2.0911     1.8311         13 0.0000e+00
    948.621   80.52668  150.98254    961.000    -0.2567    -0.2565  29.122724  29.121170    34.8309    34.8286    295.634    290.693    -0.1582     4.6360     0.0845     0.0845     0.0454     0.0187      30429    21.1309     100.00     2.0902     1.8462         14 0.0000e+00
    949.606   80.52668  150.98254    962.000    -0.2569    -0.2571  29.123114  29.121036    34.8311    34.8286    295.434    289.734    -0.1333     4.6358     0.0842     0.0842     0.0456     0.0196      30454    21.1476     100.00     2.0889     1.8417         15 0.0000e+00
    950.590   80.52668  150.98255    963.000    -0.2619    -0.2619  29.119192  29.117375    34.8309    34.8286    295.359    292.585    -0.1367     4.6361     0.0840     0.0840     0.0453     0.0195      30477    21.1641     100.00     2.0880     1.8543         14 0.0000e+00
    951.575   80.52668  150.98256    964.000    -0.2624    -0.2624  29.119179  29.117435    34.8310    34.8286    295.311    296.594    -0.1501     4.6357     0.0839     0.0839     0.0457     0.0190      30502    21.1810     100.00     2.0875     1.8724         14 0.0000e+00
    952.560   80.52668  150.98256    965.000    -0.2624    -0.2624  29.119523  29.117893    34.8308    34.8287    295.299    293.208    -0.1460     4.6360     0.0841     0.0841     0.0454     0.0191      30526    21.1976     100.00     2.0872     1.8568         13 0.0000e+00
    953.545   80.52667  150.98257    966.000    -0.2622    -0.2622  29.120208  29.118464    34.8309    34.8287    295.319    292.299    -0.1347     4.6357     0.0840     0.0840     0.0456     0.0196      30550    21.2142     100.00     2.0872     1.8524         13 0.0000e+00
    954.530   80.52666  150.98258    967.000    -0.2615    -0.2615  29.121505  29.119770    34.8312    34.8290    295.350    290.226    -0.1550     4.6358     0.0840     0.0840     0.0456     0.0188      30573    21.2309     100.00     2.0871     1.8429         11 0.0000e+00
    955.515   80.52666  150.98258    968.000    -0.2618    -0.2620  29.121681  29.119732    34.8313    34.8289    295.456    289.475    -0.1711     4.6353     0.0846     0.0846     0.0460     0.0181      30598    21.2477     100.00     2.0875     1.8393         15 0.0000e+00
    956.499   80.52666  150.98259    969.000    -0.2637    -0.2637  29.120633  29.118791    34.8314    34.8290    295.520    290.375    -0.1430     4.6360     0.0844     0.0844     0.0454     0.0193      30622    21.2647     100.00     2.0876     1.8431         17 0.0000e+00
    957.484   80.52666  150.98260    970.000    -0.2639    -0.2639  29.120935  29.119126    34.8315    34.8291    295.545    291.951    -0.1606     4.6360     0.0839     0.0839     0.0454     0.0186      30646    21.2814     100.00     2.0875     1.8501         16 0.0000e+00
    958.469   80.52666  150.98261    971.000    -0.2649    -0.2648  29.120550  29.118799    34.8315    34.8291    295.522    290.693    -0.1350     4.6360     0.0836     0.0836     0.0454     0.0196      30670    21.2981     100.00     2.0871     1.8442         16 0.0000e+00
    959.454   80.52666  150.98262    972.000    -0.2668    -0.2667  29.119317  29.117614    34.8315    34.8292    295.530    292.122    -0.1350     4.6357     0.0834     0.0834     0.0456     0.0196      30695    21.3149     100.00     2.0868     1.8504         19 0.0000e+00
    960.439   80.52666  150.98262    973.000    -0.2681    -0.2681  29.118640  29.116832    34.8315    34.8291    295.502    293.625    -0.1743     4.6359     0.0850     0.0850     0.0455     0.0180      30718    21.3315     100.00     2.0864     1.8571         15 0.0000e+00
    961.424   80.52666  150.98263    974.000    -0.2690    -0.2690  29.118289  29.116425    34.8314    34.8289    295.382    291.712    -0.1645     4.6361     0.0827     0.0827     0.0453     0.0184      30743    21.3483     100.00     2.0855     1.8481         16 0.0000e+00
    962.408   80.52666  150.98264    975.000    -0.2711    -0.2712  29.116833  29.114813    34.8314    34.8288    295.371    291.987    -0.1432     4.6361     0.0829     0.0829     0.0453     0.0192      30767    21.3650     100.00     2.0851     1.8491         16 0.0000e+00
    963.393   80.52666  150.98264    976.000    -0.2742    -0.2744  29.114583  29.112578    34.8313    34.8288    295.424    294.497    -0.1646     4.6361     0.0827     0.0827     0.0453     0.0184      30791    21.3818     100.00     2.0850     1.8602         17 0.0000e+00
    964.378   80.52666  150.98265    977.000    -0.2766    -0.2767  29.112922  29.111150    34.8313    34.8289    295.462    290.923    -0.1283     4.6360     0.0843     0.0843     0.0454     0.0199      30815    21.3984     100.00     2.0849     1.8437         15 0.0000e+00
    965.362   80.52666  150.98266    978.000    -0.2775    -0.2775  29.112598  29.110801    34.8312    34.8288    295.572    289.919    -0.1432     4.6361     0.0843     0.0843     0.0453     0.0193      30839    21.4151     100.00     2.0853     1.8389         17 0.0000e+00
    966.347   80.52666  150.98266    979.000    -0.2783    -0.2783  29.112323  29.110548    34.8312    34.8288    295.577    295.035    -0.1462     4.6361     0.0845     0.0845     0.0453     0.0191      30863    21.4321     100.00     2.0851     1.8620         19 0.0000e+00
    967.332   80.52666  150.98267    980.000    -0.2787    -0.2788  29.112361  29.110555    34.8312    34.8288    295.690    287.049    -0.1533     4.6362     0.0850     0.0850     0.0452     0.0188      30887    21.4487     100.00     2.0855     1.8255         18 0.0000e+00
    968.317   80.52665  150.98268    981.000    -0.2797    -0.2798  29.111969  29.110020    34.8311    34.8287    295.705    289.496    -0.1543     4.6361     0.0853     0.0853     0.0453     0.0188      30911    21.4652     100.00     2.0853     1.8364         12 0.0000e+00
    969.302   80.52664  150.98268    982.000    -0.2814    -0.2815  29.110809  29.108990    34.8309    34.8286    295.816    290.547    -0.1483     4.6360     0.0850     0.0850     0.0454     0.0191      30935    21.4821     100.00     2.0856     1.8409         15 0.0000e+00
    970.286   80.52664  150.98269    983.000    -0.2833    -0.2834  29.109635  29.107812    34.8310    34.8287    295.793    290.617    -0.1666     4.6360     0.0851     0.0851     0.0454     0.0183      30959    21.4988     100.00     2.0852     1.8410         18 0.0000e+00
    971.271   80.52664  150.98270    984.000    -0.2844    -0.2844  29.109196  29.107445    34.8310    34.8287    295.584    290.548    -0.1322     4.6360     0.0851     0.0851     0.0454     0.0197      30983    21.5156     100.00     2.0838     1.8405         20 0.0000e+00
    972.256   80.52664  150.98270    985.000    -0.2851    -0.2852  29.108926  29.107193    34.8309    34.8287    295.531    285.700    -0.1264     4.6360     0.0846     0.0846     0.0454     0.0199      31007    21.5318     100.00     2.0832     1.8182         12 0.0000e+00
    973.241   80.52664  150.98271    986.000    -0.2857    -0.2856  29.108886  29.107187    34.8310    34.8287    295.508    274.239    -0.1334     4.6361     0.0840     0.0840     0.0453     0.0196      31032    21.5490     100.00     2.0828     1.7659         17 0.0000e+00
    974.225   80.52664  150.98272    987.000    -0.2859    -0.2859  29.109167  29.107347    34.8310    34.8286    295.594    284.863    -0.1711     4.6360     0.0852     0.0852     0.0454     0.0181      31056    21.5658     100.00     2.0831     1.8140         18 0.0000e+00
    975.210   80.52664  150.98273    988.000    -0.2863    -0.2863  29.109352  29.107462    34.8311    34.8285    295.500    301.582    -0.1341     4.6356     0.0858     0.0858     0.0458     0.0196      31080    21.5824     100.00     2.0824     1.8899         17 0.0000e+00
