Continuous CTD Data/SBE Stage/nabos_01_02.ros
* Sea-Bird SBE 9 Data File:
* FileName = D:\CTD\data\HLY2502\raw\NABOS_01_02.hex
* Software Version Seasave V 7.26.7.110
* Temperature SN = 6954
* Conductivity SN = 2561
* Number of Bytes Per Scan = 37
* Number of Voltage Words = 4
* Number of Scans Averaged by the Deck Unit = 1
* NMEA Latitude = 73 46.22 N
* NMEA Longitude = 167 42.20 E
* NMEA UTC (Time) = Sep 13 2025  16:38:43
* NMEA baud rate = 9600
** Ship: USCG HEALY
** Bot. Depth:  43
** Cast Number:  02
** Station Name:  NABOS
** Station Number:  01
** Operator:  STARC
# nquan = 25
# nvalues = 539                                   
# units = specified
# name 0 = depSM: Depth [salt water, m]
# name 1 = latitude: Latitude [deg]
# name 2 = longitude: Longitude [deg]
# name 3 = prDM: Pressure, Digiquartz [db]
# name 4 = t090C: Temperature [ITS-90, deg C]
# name 5 = t190C: Temperature, 2 [ITS-90, deg C]
# name 6 = c0mS/cm: Conductivity [mS/cm]
# name 7 = c1mS/cm: Conductivity, 2 [mS/cm]
# name 8 = sal00: Salinity, Practical [PSU]
# name 9 = sal11: Salinity, Practical, 2 [PSU]
# name 10 = sbox0Mm/Kg: Oxygen, SBE 43 [umol/kg]
# name 11 = sbox1Mm/Kg: Oxygen, SBE 43, 2 [umol/kg]
# name 12 = flECO-AFL: Fluorescence, WET Labs ECO-AFL/FL [mg/m^3]
# name 13 = v2: Voltage 2
# name 14 = wetCDOM: Fluorescence, WET Labs CDOM [mg/m^3]
# name 15 = v6: Voltage 6
# name 16 = CStarAt0: Beam Attenuation, WET Labs C-Star [1/m]
# name 17 = v3: Voltage 3
# name 18 = scan: Scan Count
# name 19 = timeM: Time, Elapsed [minutes]
# name 20 = altM: Altimeter [m]
# name 21 = sbeox0V: Oxygen raw, SBE 43 [V]
# name 22 = sbeox1V: Oxygen raw, SBE 43, 2 [V]
# name 23 = nbf: Bottles Fired
# name 24 = flag:  0.000e+00
# interval = seconds: 0.0416667
# start_time = Sep 13 2025 16:38:43 [NMEA time, header]
# bad_flag = -9.990e-29
*END*
[from data line 290]
     20.028   73.77066  167.70546     20.238    -1.3469    -1.3387  23.421499  23.410221    28.8843    28.8612    334.790    325.992     0.4129     4.6154     0.1160     0.1160     0.0633     0.0415      10703     7.4319       5.15     2.3847     2.0757          6  0.000e+00
     20.028   73.77066  167.70546     20.238    -1.3468    -1.3386  23.421099  23.410221    28.8837    28.8610    334.575    325.991     0.3518     4.6154     0.1160     0.1160     0.0633     0.0391      10704     7.4326       5.18     2.3834     2.0757          6  0.000e+00
     20.102   73.77066  167.70546     20.313    -1.3469    -1.3386  23.420643  23.410221    28.8831    28.8610    334.581    326.250     0.3518     4.6154     0.1160     0.1160     0.0633     0.0391      10705     7.4333       5.18     2.3834     2.0770          6  0.000e+00
     20.028   73.77066  167.70546     20.238    -1.3466    -1.3386  23.420357  23.409684    28.8825    28.8603    334.576    326.504     0.3213     4.6154     0.1160     0.1160     0.0633     0.0379      10706     7.4340       5.13     2.3834     2.0782          6  0.000e+00
     10.002   73.77066  167.70584     10.107    -0.7065    -0.6891  22.314731  22.277635    26.8204    26.7563    369.608    359.890     0.0771     4.5788     0.1026     0.1026     0.0952     0.0281      13047     9.0597      21.10     2.5910     2.2455          7  0.000e+00
      9.994   73.77066  167.70584     10.098    -0.7083    -0.6891  22.316416  22.278163    26.8243    26.7570    369.402    360.142     0.0771     4.5800     0.1026     0.1026     0.0941     0.0281      13048     9.0604      21.10     2.5898     2.2467          7  0.000e+00
     10.002   73.77066  167.70584     10.107    -0.7098    -0.6886  22.317483  22.279114    26.8270    26.7578    369.626    360.390     0.0771     4.5800     0.1026     0.1026     0.0941     0.0281      13049     9.0611      21.25     2.5910     2.2479          7  0.000e+00
     10.059   73.77066  167.70584     10.165    -0.7102    -0.6889  22.317539  22.280698    26.8274    26.7601    369.417    360.389     0.0771     4.5800     0.1026     0.1026     0.0941     0.0281      13050     9.0618      21.25     2.5898     2.2479          7  0.000e+00
     10.002   73.77066  167.70584     10.107    -0.7109    -0.6894  22.317932  22.280697    26.8286    26.7606    369.634    360.390     0.0771     4.5800     0.1026     0.1026     0.0941     0.0281      13051     9.0625      21.10     2.5910     2.2479          7  0.000e+00
      9.994   73.77066  167.70584     10.098    -0.7100    -0.6910  22.318269  22.281542    26.8283    26.7631    369.410    360.654     0.0466     4.5800     0.1026     0.1026     0.0941     0.0269      13052     9.0632      21.00     2.5898     2.2491          7  0.000e+00
     10.002   73.77066  167.70584     10.107    -0.7082    -0.6934  22.317876  22.283707    26.8261    26.7681    369.395    360.413     0.0771     4.5800     0.1026     0.1026     0.0941     0.0281      13053     9.0639      20.98     2.5898     2.2479          7  0.000e+00
      9.994   73.77066  167.70584     10.098    -0.7077    -0.6958  22.316865  22.284869    26.8243    26.7718    369.610    360.174     0.0771     4.5788     0.1026     0.1026     0.0952     0.0281      13054     9.0646      21.05     2.5910     2.2467          7  0.000e+00
      9.994   73.77066  167.70584     10.098    -0.7068    -0.6957  22.315910  22.284394    26.8223    26.7710    369.391    359.665     0.1076     4.5788     0.1026     0.1026     0.0952     0.0293      13055     9.0653      21.15     2.5898     2.2443          7  0.000e+00
     10.002   73.77066  167.70584     10.107    -0.7063    -0.6931  22.315236  22.282229    26.8209    26.7659    369.604    359.143     0.1076     4.5788     0.1026     0.1026     0.0952     0.0293      13056     9.0660      21.22     2.5910     2.2418          7  0.000e+00
      9.994   73.77066  167.70584     10.098    -0.7068    -0.6907  22.315686  22.279114    26.8220    26.7596    369.391    359.134     0.1076     4.5775     0.1026     0.1026     0.0963     0.0293      13057     9.0667      21.20     2.5898     2.2418          7  0.000e+00
     10.068   73.77066  167.70584     10.173    -0.7085    -0.6889  22.316416  22.276949    26.8244    26.7552    369.622    359.131     0.1076     4.5775     0.1026     0.1026     0.0963     0.0293      13058     9.0674      21.05     2.5910     2.2418          7  0.000e+00
      9.936   73.77066  167.70584     10.040    -0.7095    -0.6881  22.317595  22.276421    26.8270    26.7538    369.405    359.119     0.1076     4.5775     0.1026     0.1026     0.0963     0.0293      13059     9.0681      20.90     2.5898     2.2418          7  0.000e+00
     10.002   73.77066  167.70584     10.107    -0.7106    -0.6872  22.318775  22.276632    26.8294    26.7532    369.628    359.114     0.1076     4.5788     0.1026     0.1026     0.0952     0.0293      13060     9.0687      20.76     2.5910     2.2418          7  0.000e+00
      9.994   73.77066  167.70584     10.098    -0.7111    -0.6873  22.318887  22.276263    26.8300    26.7529    369.416    359.371     0.1076     4.5788     0.1026     0.1026     0.0952     0.0293      13061     9.0694      20.73     2.5898     2.2430          7  0.000e+00
     10.002   73.77066  167.70584     10.107    -0.7108    -0.6878  22.318101  22.275523    26.8287    26.7523    369.417    359.632     0.1076     4.5788     0.1026     0.1026     0.0952     0.0293      13062     9.0701      20.83     2.5898     2.2443          7  0.000e+00
      9.994   73.77066  167.70584     10.098    -0.7106    -0.6874  22.317202  22.275048    26.8274    26.7514    369.418    359.376     0.1076     4.5788     0.1026     0.1026     0.0952     0.0293      13063     9.0708      20.88     2.5898     2.2430          7  0.000e+00
     10.068   73.77066  167.70584     10.173    -0.7099    -0.6884  22.315686  22.274468    26.8247    26.7514    369.422    359.390     0.1076     4.5775     0.1026     0.1026     0.0963     0.0293      13064     9.0715      20.95     2.5898     2.2430          7  0.000e+00
      9.936   73.77066  167.70584     10.040    -0.7089    -0.6884  22.313495  22.272039    26.8210    26.7483    369.630    359.647     0.1076     4.5775     0.1026     0.1026     0.0963     0.0293      13065     9.0722      21.03     2.5910     2.2443          7  0.000e+00
     10.002   73.77066  167.70584     10.107    -0.7074    -0.6860  22.311754  22.268713    26.8173    26.7418    369.627    359.643     0.1076     4.5775     0.1026     0.1026     0.0963     0.0293      13066     9.0729      21.20     2.5910     2.2443          7  0.000e+00
      9.994   73.77068  167.70584     10.098    -0.7068    -0.6844  22.310575  22.266443    26.8153    26.7374    369.411    359.892     0.1076     4.5775     0.1026     0.1026     0.0963     0.0293      13067     9.0736      21.10     2.5898     2.2455          7  0.000e+00
     10.068   73.77068  167.70584     10.173    -0.7069    -0.6830  22.310575  22.264332    26.8153    26.7334    369.631    359.892     0.1076     4.5788     0.1026     0.1026     0.0952     0.0293      13068     9.0743      21.07     2.5910     2.2455          7  0.000e+00
      9.994   73.77068  167.70584     10.098    -0.7062    -0.6827  22.309339  22.263699    26.8131    26.7323    369.410    360.142     0.0771     4.5775     0.1026     0.1026     0.0963     0.0281      13069     9.0750      21.15     2.5898     2.2467          7  0.000e+00
     10.002   73.77068  167.70584     10.107    -0.7062    -0.6832  22.310069  22.264174    26.8141    26.7334    369.408    360.145     0.1076     4.5775     0.1026     0.1026     0.0963     0.0293      13070     9.0757      21.05     2.5898     2.2467          7  0.000e+00
     10.059   73.77068  167.70584     10.165    -0.7074    -0.6830  22.312990  22.264807    26.8189    26.7340    369.410    360.398     0.1076     4.5775     0.1026     0.1026     0.0963     0.0293      13071     9.0764      20.98     2.5898     2.2479          7  0.000e+00
     10.002   73.77068  167.70584     10.107    -0.7084    -0.6833  22.315461  22.266391    26.8232    26.7364    369.407    360.138     0.1076     4.5775     0.1026     0.1026     0.0963     0.0293      13072     9.0771      20.93     2.5898     2.2467          7  0.000e+00
      9.994   73.77068  167.70584     10.098    -0.7084    -0.6845  22.316247  22.268291    26.8242    26.7399    369.403    360.395     0.0771     4.5788     0.1026     0.1026     0.0952     0.0281      13073     9.0778      21.07     2.5898     2.2479          7  0.000e+00
     10.059   73.77068  167.70584     10.165    -0.7083    -0.6856  22.316023  22.269558    26.8238    26.7426    369.622    360.148     0.1076     4.5775     0.1026     0.1026     0.0963     0.0293      13074     9.0785      20.98     2.5910     2.2467          7  0.000e+00
     10.002   73.77068  167.70584     10.107    -0.7089    -0.6861  22.315573  22.269558    26.8237    26.7430    369.626    359.895     0.1076     4.5775     0.1026     0.1026     0.0963     0.0293      13075     9.0792      20.85     2.5910     2.2455          7  0.000e+00
     10.059   73.77068  167.70584     10.165    -0.7088    -0.6859  22.314900  22.268661    26.8227    26.7416    369.415    359.645     0.1076     4.5775     0.1026     0.1026     0.0963     0.0293      13076     9.0799      20.83     2.5898     2.2443          7  0.000e+00
     10.002   73.77068  167.70584     10.107    -0.7083    -0.6862  22.314225  22.268397    26.8214    26.7416    369.411    359.900     0.1076     4.5775     0.1026     0.1026     0.0963     0.0293      13077     9.0806      20.85     2.5898     2.2455          7  0.000e+00
     10.059   73.77068  167.70584     10.165    -0.7082    -0.6861  22.313495  22.268238    26.8203    26.7412    369.415    359.903     0.1076     4.5775     0.1026     0.1026     0.0963     0.0293      13078     9.0813      20.88     2.5898     2.2455          7  0.000e+00
     10.068   73.77068  167.70584     10.173    -0.7076    -0.6861  22.311979  22.268027    26.8178    26.7410    369.416    359.904     0.1381     4.5775     0.1026     0.1026     0.0963     0.0305      13079     9.0819      20.90     2.5898     2.2455          7  0.000e+00
     10.059   73.77068  167.70584     10.165    -0.7072    -0.6859  22.309845  22.268608    26.8147    26.7415    369.636    359.645     0.1381     4.5775     0.1026     0.1026     0.0963     0.0305      13080     9.0826      20.90     2.5910     2.2443          7  0.000e+00
     10.068   73.77068  167.70584     10.173    -0.7065    -0.6862  22.307430  22.268819    26.8108    26.7421    369.639    359.647     0.1381     4.5775     0.1026     0.1026     0.0963     0.0305      13081     9.0833      20.78     2.5910     2.2443          7  0.000e+00
      9.994   73.77068  167.70584     10.098    -0.7047    -0.6864  22.304341  22.269030    26.8052    26.7426    369.632    359.644     0.1381     4.5775     0.1026     0.1026     0.0963     0.0305      13082     9.0840      20.95     2.5910     2.2443          7  0.000e+00
     10.068   73.77068  167.70584     10.173    -0.7021    -0.6868  22.300748  22.269400    26.7982    26.7434    369.627    359.650     0.1381     4.5775     0.1026     0.1026     0.0963     0.0305      13083     9.0847      21.12     2.5910     2.2443          7  0.000e+00
     10.059   73.77068  167.70584     10.165    -0.7012    -0.6870  22.297940  22.270086    26.7937    26.7445    369.629    359.903     0.1381     4.5775     0.1026     0.1026     0.0963     0.0305      13084     9.0854      21.20     2.5910     2.2455          7  0.000e+00
     10.068   73.77068  167.70584     10.173    -0.7008    -0.6867  22.296537  22.270192    26.7914    26.7443    369.631    359.901     0.1381     4.5775     0.1026     0.1026     0.0963     0.0305      13085     9.0861      20.85     2.5910     2.2455          7  0.000e+00
     10.059   73.77068  167.70584     10.165    -0.6998    -0.6867  22.295582  22.270350    26.7893    26.7445    369.626    359.900     0.1381     4.5775     0.1026     0.1026     0.0963     0.0305      13086     9.0868      20.68     2.5910     2.2455          7  0.000e+00
     10.125   73.77068  167.70584     10.231    -0.6998    -0.6866  22.294684  22.269928    26.7881    26.7439    369.633    359.904     0.1381     4.5775     0.1026     0.1026     0.0963     0.0305      13087     9.0875      21.10     2.5910     2.2455          7  0.000e+00
     10.059   73.77068  167.70584     10.165    -0.6996    -0.6872  22.293392  22.270931    26.7863    26.7457    369.848    359.902     0.1381     4.5775     0.1026     0.1026     0.0963     0.0305      13088     9.0882      21.15     2.5923     2.2455          7  0.000e+00
     10.002   73.77068  167.70584     10.107    -0.6988    -0.6878  22.291876  22.272989    26.7836    26.7490    369.629    359.642     0.1381     4.5775     0.1026     0.1026     0.0963     0.0305      13089     9.0889      20.93     2.5910     2.2443          7  0.000e+00
     10.117   73.77068  167.70584     10.223    -0.6984    -0.6881  22.290473  22.274521    26.7813    26.7512    369.636    359.899     0.1381     4.5775     0.1026     0.1026     0.0963     0.0305      13090     9.0896      20.93     2.5910     2.2455          7  0.000e+00
     10.117   73.77068  167.70584     10.223    -0.6970    -0.6882  22.288789  22.275577    26.7779    26.7527    369.631    359.896     0.1381     4.5775     0.1026     0.1026     0.0963     0.0305      13091     9.0903      20.85     2.5910     2.2455          7  0.000e+00
     10.068   73.77068  167.70584     10.173    -0.6951    -0.6891  22.285757  22.276580    26.7722    26.7549    369.623    359.897     0.1381     4.5775     0.1026     0.1026     0.0963     0.0305      13092     9.0910      20.37     2.5910     2.2455          7  0.000e+00
     10.117   73.77068  167.70584     10.223    -0.6937    -0.6893  22.282726  22.277266    26.7670    26.7559    369.625    359.899     0.1381     4.5775     0.1026     0.1026     0.0963     0.0305      13093     9.0917      19.90     2.5910     2.2455          7  0.000e+00
     10.068   73.77068  167.70584     10.173    -0.6926    -0.6899  22.281659  22.277899    26.7646    26.7573    369.618    360.154     0.1381     4.5775     0.1026     0.1026     0.0963     0.0305      13094     9.0924      20.27     2.5910     2.2467          7  0.000e+00
     10.059   73.77068  167.70584     10.165    -0.6915    -0.6904  22.281210  22.278533    26.7631    26.7586    369.825    360.155     0.1381     4.5775     0.1026     0.1026     0.0963     0.0305      13095     9.0931      20.71     2.5923     2.2467          7  0.000e+00
     10.068   73.77068  167.70582     10.173    -0.6941    -0.6910  22.282557  22.280909    26.7672    26.7622    369.627    360.406     0.1076     4.5739     0.1026     0.1026     0.0995     0.0293      13204     9.1687      19.05     2.5910     2.2479          8  0.000e+00
     10.059   73.77068  167.70582     10.165    -0.6939    -0.6905  22.281603  22.282070    26.7657    26.7633    369.844    360.143     0.1381     4.5739     0.1026     0.1026     0.0995     0.0305      13205     9.1694      19.10     2.5923     2.2467          8  0.000e+00
     10.059   73.77068  167.70582     10.165    -0.6937    -0.6902  22.280985  22.282018    26.7647    26.7630    369.629    360.140     0.1381     4.5739     0.1026     0.1026     0.0995     0.0305      13206     9.1701      18.51     2.5910     2.2467          8  0.000e+00
     10.068   73.77068  167.70582     10.173    -0.6937    -0.6900  22.280705  22.280962    26.7643    26.7614    369.631    360.398     0.1076     4.5739     0.1026     0.1026     0.0995     0.0293      13207     9.1708      18.17     2.5910     2.2479          8  0.000e+00
