Continuous CTD Data/SBE Stage/nabos_10_02avg.cnv
* Sea-Bird SBE 9 Data File:
* FileName = D:\CTD\data\HLY2502\raw\NABOS_10_02.hex
* Software Version Seasave V 7.26.7.110
* Temperature SN = 6954
* Conductivity SN = 2561
* Number of Bytes Per Scan = 37
* Number of Voltage Words = 4
* Number of Scans Averaged by the Deck Unit = 1
* NMEA Latitude = 76 35.83 N
* NMEA Longitude = 179 51.15 W
* NMEA UTC (Time) = Sep 16 2025  19:12:24
* NMEA baud rate = 9600
** Ship: USCG HEALY
** Bot. Depth:  1157
** Cast Number:  02
** Station Name:  NABOS
** Station Number:  10
** Operator:  STARC
# nquan = 25
# nvalues = 250                         
# units = specified
# name 0 = depSM: Depth [salt water, m]
# name 1 = latitude: Latitude [deg]
# name 2 = longitude: Longitude [deg]
# name 3 = prDM: Pressure, Digiquartz [db]
# name 4 = t090C: Temperature [ITS-90, deg C]
# name 5 = t190C: Temperature, 2 [ITS-90, deg C]
# name 6 = c0mS/cm: Conductivity [mS/cm]
# name 7 = c1mS/cm: Conductivity, 2 [mS/cm]
# name 8 = sal00: Salinity, Practical [PSU]
# name 9 = sal11: Salinity, Practical, 2 [PSU]
# name 10 = sbox0Mm/Kg: Oxygen, SBE 43 [umol/kg]
# name 11 = sbox1Mm/Kg: Oxygen, SBE 43, 2 [umol/kg]
# name 12 = flECO-AFL: Fluorescence, WET Labs ECO-AFL/FL [mg/m^3]
# name 13 = v2: Voltage 2
# name 14 = wetCDOM: Fluorescence, WET Labs CDOM [mg/m^3]
# name 15 = v6: Voltage 6
# name 16 = CStarAt0: Beam Attenuation, WET Labs C-Star [1/m]
# name 17 = v3: Voltage 3
# name 18 = scan: Scan Count
# name 19 = timeM: Time, Elapsed [minutes]
# name 20 = altM: Altimeter [m]
# name 21 = sbeox0V: Oxygen raw, SBE 43 [V]
# name 22 = sbeox1V: Oxygen raw, SBE 43, 2 [V]
# name 23 = nbin: number of scans per bin
# name 24 = flag: flag
# span 0 =      3.958,    250.201       
# span 1 =   76.59744,   76.59785       
# span 2 = -179.85092, -179.84903       
# span 3 =      4.000,    253.000       
# span 4 =    -1.6800,     0.7733       
# span 5 =    -1.6789,     0.7740       
# span 6 =  23.081751,  29.633565       
# span 7 =  23.079791,  29.632582       
# span 8 =    28.5930,    34.7558       
# span 9 =    28.5910,    34.7538       
# span 10 =    286.963,    381.898      
# span 11 =    281.835,    372.395      
# span 12 =    -0.1743,     0.5992      
# span 13 =     4.6011,     4.6740      
# span 14 =     0.0821,     0.1251      
# span 15 =     0.0821,     0.1251      
# span 16 =     0.0128,     0.0757      
# span 17 =     0.0180,     0.0489      
# span 18 =       8591,      19257      
# span 19 =     5.9653,    13.3723      
# span 20 =     100.00,     100.00      
# span 21 =     2.1667,     2.6677      
# span 22 =     1.9082,     2.3118      
# span 23 =         11,         29      
# span 24 = 0.0000e+00, 0.0000e+00      
# interval = decibars: 1                
# start_time = Sep 16 2025 19:12:24 [NMEA time, header]
# bad_flag = -9.990e-29
*END*
[from data line 58]
     61.342   76.59756 -179.85036     62.000    -1.6079    -1.6079  26.088952  26.089060    32.7742    32.7743    337.148    330.568    -0.0464     4.6602     0.1231     0.1231     0.0246     0.0231      11726     8.1425     100.00     2.4311     2.1249         22 0.0000e+00
     62.332   76.59756 -179.85036     63.000    -1.6151    -1.6147  26.148844  26.149270    32.8643    32.8644    331.850    327.202    -0.0493     4.6610     0.1203     0.1203     0.0239     0.0230      11777     8.1777     100.00     2.4013     2.1091         21 0.0000e+00
     63.321   76.59756 -179.85034     64.000    -1.6144    -1.6138  26.214871  26.215878    32.9542    32.9549    327.972    323.094    -0.0689     4.6608     0.1175     0.1175     0.0242     0.0223      11827     8.2126     100.00     2.3801     2.0901         20 0.0000e+00
     64.310   76.59756 -179.85034     65.000    -1.6071    -1.6067  26.286025  26.286737    33.0438    33.0444    327.356    321.242    -0.0716     4.6614     0.1169     0.1169     0.0236     0.0222      11878     8.2478     100.00     2.3781     2.0823         23 0.0000e+00
     65.299   76.59756 -179.85032     66.000    -1.6104    -1.6103  26.335438  26.335301    33.1152    33.1149    325.958    321.021    -0.0859     4.6622     0.1156     0.1156     0.0230     0.0216      11928     8.2829     100.00     2.3706     2.0817         21 0.0000e+00
     66.289   76.59756 -179.85032     67.000    -1.6192    -1.6190  26.358544  26.358188    33.1564    33.1557    324.475    319.275    -0.0705     4.6624     0.1149     0.1149     0.0228     0.0222      11979     8.3179     100.00     2.3620     2.0731         22 0.0000e+00
     67.278   76.59756 -179.85030     68.000    -1.6276    -1.6270  26.389765  26.389604    33.2084    33.2075    323.350    317.427    -0.0900     4.6630     0.1125     0.1125     0.0222     0.0214      12030     8.3532     100.00     2.3555     2.0642         23 0.0000e+00
     68.267   76.59756 -179.85030     69.000    -1.6252    -1.6250  26.415624  26.415183    33.2408    33.2400    324.101    317.662    -0.0844     4.6634     0.1125     0.1125     0.0219     0.0217      12080     8.3879     100.00     2.3602     2.0656         21 0.0000e+00
     69.256   76.59756 -179.85029     70.000    -1.6281    -1.6279  26.439803  26.439356    33.2769    33.2762    324.876    319.222    -0.0910     4.6642     0.1099     0.1099     0.0212     0.0214      12131     8.4234     100.00     2.3648     2.0733         24 0.0000e+00
     70.245   76.59756 -179.85028     71.000    -1.6446    -1.6437  26.461315  26.461063    33.3247    33.3232    324.917    318.467    -0.0878     4.6643     0.1093     0.1093     0.0211     0.0215      12181     8.4584     100.00     2.3646     2.0693         20 0.0000e+00
     71.235   76.59757 -179.85027     72.000    -1.6146    -1.6144  26.511981  26.511678    33.3606    33.3599    325.756    320.775    -0.0857     4.6650     0.1094     0.1094     0.0205     0.0216      12232     8.4936     100.00     2.3714     2.0821         18 0.0000e+00
     72.224   76.59758 -179.85026     73.000    -1.6142    -1.6139  26.537246  26.536529    33.3944    33.3931    326.361    316.593    -0.0872     4.6649     0.1086     0.1086     0.0206     0.0215      12283     8.5289     100.00     2.3751     2.0620         21 0.0000e+00
     73.213   76.59758 -179.85026     74.000    -1.6241    -1.6236  26.557775  26.557147    33.4333    33.4320    323.834    316.970    -0.0823     4.6654     0.1073     0.1073     0.0201     0.0217      12333     8.5641     100.00     2.3603     2.0636         18 0.0000e+00
     74.202   76.59758 -179.85024     75.000    -1.6041    -1.6037  26.599640  26.599221    33.4683    33.4672    322.243    315.944    -0.0868     4.6650     0.1074     0.1074     0.0204     0.0216      12384     8.5991     100.00     2.3525     2.0598         16 0.0000e+00
     75.191   76.59758 -179.85024     76.000    -1.6127    -1.6127  26.611857  26.610317    33.4943    33.4921    322.297    314.748    -0.0898     4.6664     0.1070     0.1070     0.0193     0.0214      12434     8.6343     100.00     2.3525     2.0536         17 0.0000e+00
     76.181   76.59758 -179.85022     77.000    -1.6041    -1.6033  26.640706  26.640779    33.5239    33.5231    321.124    314.683    -0.1093     4.6663     0.1064     0.1064     0.0194     0.0206      12485     8.6697     100.00     2.3464     2.0539         18 0.0000e+00
     77.170   76.59758 -179.85022     78.000    -1.5591    -1.5594  26.701084  26.700244    33.5561    33.5553    321.291    314.230    -0.0854     4.6662     0.1070     0.1070     0.0195     0.0216      12536     8.7046     100.00     2.3501     2.0539         16 0.0000e+00
     78.159   76.59758 -179.85020     79.000    -1.5495    -1.5493  26.730796  26.729925    33.5857    33.5843    319.273    313.812    -0.0845     4.6676     0.1064     0.1064     0.0183     0.0216      12587     8.7401     100.00     2.3392     2.0525         17 0.0000e+00
     79.148   76.59758 -179.85020     80.000    -1.5187    -1.5186  26.782393  26.782329    33.6217    33.6214    315.901    310.516    -0.0994     4.6672     0.1054     0.1054     0.0187     0.0211      12637     8.7751     100.00     2.3217     2.0381         16 0.0000e+00
     80.137   76.59758 -179.85019     81.000    -1.4857    -1.4860  26.840426  26.839503    33.6640    33.6630    313.832    308.857    -0.1102     4.6676     0.1050     0.1050     0.0183     0.0206      12688     8.8103     100.00     2.3119     2.0317         15 0.0000e+00
     81.126   76.59758 -179.85018     82.000    -1.4673    -1.4669  26.881534  26.881036    33.6993    33.6981    310.686    306.509    -0.1007     4.6673     0.1038     0.1038     0.0185     0.0210      12738     8.8453     100.00     2.2949     2.0214         16 0.0000e+00
     82.116   76.59759 -179.85018     83.000    -1.4380    -1.4379  26.921841  26.920917    33.7211    33.7197    308.183    303.578    -0.0881     4.6675     0.1033     0.1033     0.0184     0.0215      12789     8.8806     100.00     2.2821     2.0084         15 0.0000e+00
     83.105   76.59760 -179.85016     84.000    -1.4297    -1.4296  26.942277  26.941235    33.7392    33.7377    306.255    302.299    -0.1119     4.6676     0.1033     0.1033     0.0183     0.0205      12840     8.9159     100.00     2.2713     2.0025         16 0.0000e+00
     84.094   76.59760 -179.85015     85.000    -1.4255    -1.4251  26.962049  26.961482    33.7612    33.7599    304.215    299.175    -0.1115     4.6679     0.1045     0.1045     0.0180     0.0206      12890     8.9508     100.00     2.2598     1.9874         17 0.0000e+00
     85.083   76.59760 -179.85014     86.000    -1.4076    -1.4072  26.996915  26.996515    33.7884    33.7873    303.214    297.755    -0.0925     4.6680     0.1026     0.1026     0.0179     0.0213      12941     8.9859     100.00     2.2551     1.9813         13 0.0000e+00
     86.072   76.59760 -179.85014     87.000    -1.3975    -1.3971  27.027024  27.026708    33.8178    33.8169    302.363    297.558    -0.1004     4.6681     0.1025     0.1025     0.0178     0.0210      12992     9.0213     100.00     2.2508     1.9810         16 0.0000e+00
     87.061   76.59760 -179.85012     88.000    -1.3914    -1.3911  27.050224  27.049234    33.8421    33.8404    300.605    296.058    -0.1257     4.6667     0.1013     0.1013     0.0190     0.0200      13042     9.0564     100.00     2.2411     1.9739         17 0.0000e+00
     88.050   76.59760 -179.85012     89.000    -1.3477    -1.3461  27.101021  27.102196    33.8620    33.8618    299.740    294.517    -0.1165     4.6679     0.1009     0.1009     0.0180     0.0203      13093     9.0915     100.00     2.2384     1.9684         15 0.0000e+00
     89.039   76.59760 -179.85010     90.000    -1.3287    -1.3288  27.135930  27.134621    33.8878    33.8861    300.359    293.758    -0.1251     4.6673     0.1011     0.1011     0.0185     0.0200      13144     9.1271     100.00     2.2431     1.9655         16 0.0000e+00
     90.029   76.59760 -179.85010     91.000    -1.3093    -1.3087  27.170464  27.170696    33.9127    33.9123    298.023    292.972    -0.1151     4.6675     0.1008     0.1008     0.0184     0.0204      13195     9.1622     100.00     2.2306     1.9626         18 0.0000e+00
     91.018   76.59760 -179.85009     92.000    -1.2544    -1.2539  27.231643  27.231932    33.9338    33.9336    296.526    291.393    -0.1120     4.6672     0.1012     0.1012     0.0186     0.0205      13246     9.1977     100.00     2.2248     1.9573         15 0.0000e+00
     92.007   76.59761 -179.85008     93.000    -1.2391    -1.2391  27.259836  27.258689    33.9546    33.9530    294.382    289.076    -0.1310     4.6678     0.1012     0.1012     0.0181     0.0197      13297     9.2331     100.00     2.2132     1.9465         19 0.0000e+00
     92.996   76.59762 -179.85006     94.000    -1.2349    -1.2348  27.279070  27.277801    33.9755    33.9737    289.881    285.820    -0.1254     4.6674     0.1001     0.1001     0.0185     0.0200      13347     9.2683     100.00     2.1871     1.9306         19 0.0000e+00
     93.985   76.59762 -179.85006     95.000    -1.2687    -1.2686  27.265867  27.263692    33.9952    33.9921    287.731    283.453    -0.1058     4.6665     0.0991     0.0991     0.0193     0.0208      13398     9.3038     100.00     2.1729     1.9175         21 0.0000e+00
     94.974   76.59762 -179.85005     96.000    -1.3007    -1.3007  27.249014  27.247099    34.0078    34.0052    286.963    281.835    -0.1342     4.6656     0.0980     0.0980     0.0200     0.0196      13449     9.3389     100.00     2.1667     1.9082         19 0.0000e+00
     95.963   76.59762 -179.85004     97.000    -1.2669    -1.2658  27.286696  27.286799    34.0205    34.0194    290.269    283.837    -0.1137     4.6656     0.0986     0.0986     0.0199     0.0205      13500     9.3741     100.00     2.1877     1.9195         18 0.0000e+00
     96.952   76.59762 -179.85003     98.000    -1.2953    -1.2950  27.275911  27.274448    34.0374    34.0350    293.864    287.490    -0.1312     4.6644     0.0971     0.0971     0.0211     0.0197      13550     9.4094     100.00     2.2072     1.9362         18 0.0000e+00
     97.941   76.59762 -179.85002     99.000    -1.2941    -1.2938  27.287804  27.286814    34.0518    34.0501    295.106    289.184    -0.1310     4.6649     0.0982     0.0982     0.0205     0.0197      13601     9.4448     100.00     2.2145     1.9446         22 0.0000e+00
     98.930   76.59762 -179.85002    100.000    -1.2831    -1.2825  27.303981  27.303399    34.0608    34.0593    296.722    290.228    -0.1350     4.6645     0.0967     0.0967     0.0209     0.0196      13652     9.4799     100.00     2.2244     1.9502         22 0.0000e+00
     99.919   76.59762 -179.85000    101.000    -1.2504    -1.2503  27.338429  27.337610    34.0702    34.0690    298.247    291.493    -0.1336     4.6649     0.0972     0.0972     0.0205     0.0196      13703     9.5151     100.00     2.2349     1.9577         20 0.0000e+00
    100.908   76.59762 -179.85000    102.000    -1.2524    -1.2525  27.344930  27.343115    34.0809    34.0785    298.622    292.352    -0.1298     4.6654     0.0972     0.0972     0.0201     0.0198      13754     9.5504     100.00     2.2369     1.9618         27 0.0000e+00
    101.897   76.59762 -179.84998    103.000    -1.2706    -1.2701  27.339820  27.338739    34.0940    34.0919    297.299    292.307    -0.0986     4.6656     0.0970     0.0970     0.0200     0.0211      13805     9.5858     100.00     2.2282     1.9608         22 0.0000e+00
    102.887   76.59763 -179.84998    104.000    -1.2593    -1.2595  27.360174  27.358840    34.1084    34.1068    297.250    291.096    -0.1092     4.6661     0.0952     0.0952     0.0196     0.0206      13855     9.6208     100.00     2.2284     1.9552         22 0.0000e+00
    103.876   76.59764 -179.84996    105.000    -1.2614    -1.2585  27.367260  27.370517    34.1199    34.1211    298.546    293.798    -0.1336     4.6663     0.0952     0.0952     0.0194     0.0196      13909     9.6581     100.00     2.2358     1.9686         25 0.0000e+00
    104.865   76.59764 -179.84995    106.000    -1.2059    -1.1927  27.418470  27.433265    34.1263    34.1316    299.491    293.357    -0.1265     4.6667     0.0955     0.0955     0.0191     0.0199      14005     9.7248     100.00     2.2441     1.9692         24 0.0000e+00
    105.854   76.59764 -179.84993    107.000    -1.1656    -1.1647  27.464866  27.464577    34.1433    34.1420    296.403    290.506    -0.1306     4.6661     0.0952     0.0952     0.0196     0.0198      14114     9.8008     100.00     2.2282     1.9563         25 0.0000e+00
    106.843   76.59764 -179.84992    108.000    -1.1942    -1.1952  27.446263  27.444071    34.1499    34.1479    295.215    289.747    -0.1312     4.6656     0.0952     0.0952     0.0199     0.0197      14148     9.8244     100.00     2.2196     1.9511         17 0.0000e+00
    107.832   76.59764 -179.84992    109.000    -1.2788    -1.2792  27.379858  27.378423    34.1545    34.1530    294.687    289.572    -0.1125     4.6644     0.0961     0.0961     0.0210     0.0205      14174     9.8422     100.00     2.2119     1.9464         18 0.0000e+00
    108.821   76.59764 -179.84992    110.000    -1.2686    -1.2681  27.394287  27.393129    34.1621    34.1600    293.740    289.337    -0.1185     4.6642     0.0951     0.0951     0.0212     0.0203      14200     9.8606     100.00     2.2068     1.9457         15 0.0000e+00
    109.810   76.59764 -179.84990    111.000    -1.2685    -1.2676  27.400299  27.399383    34.1696    34.1674    294.395    287.119    -0.1272     4.6652     0.0947     0.0947     0.0203     0.0199      14227     9.8794     100.00     2.2105     1.9346         19 0.0000e+00
    110.799   76.59764 -179.84990    112.000    -1.2444    -1.2444  27.426810  27.425327    34.1779    34.1759    296.138    287.713    -0.1322     4.6661     0.0944     0.0944     0.0195     0.0197      14255     9.8985     100.00     2.2218     1.9385         21 0.0000e+00
    111.788   76.59764 -179.84990    113.000    -1.2733    -1.2739  27.408623  27.406966    34.1853    34.1837    298.566    291.896    -0.1285     4.6658     0.0941     0.0941     0.0198     0.0198      14285     9.9195     100.00     2.2344     1.9577         19 0.0000e+00
    112.777   76.59765 -179.84990    114.000    -1.2256    -1.2208  27.457141  27.458036    34.1968    34.1925    299.483    291.484    -0.1356     4.6683     0.0930     0.0930     0.0177     0.0195      14317     9.9418     100.00     2.2422     1.9579         24 0.0000e+00
    113.766   76.59766 -179.84988    115.000    -1.1078    -1.1068  27.561439  27.560082    34.2047    34.2017    300.071    289.389    -0.1337     4.6686     0.0928     0.0928     0.0174     0.0196      14349     9.9642     100.00     2.2517     1.9524         21 0.0000e+00
    114.755   76.59766 -179.84988    116.000    -1.1066    -1.1064  27.568368  27.566863    34.2123    34.2099    301.272    287.225    -0.1254     4.6679     0.0933     0.0933     0.0180     0.0200      14381     9.9862     100.00     2.2587     1.9416         20 0.0000e+00
    115.744   76.59766 -179.84988    117.000    -1.1024    -1.1022  27.576842  27.575444    34.2184    34.2162    299.828    291.699    -0.1335     4.6680     0.0942     0.0942     0.0179     0.0196      14411    10.0069     100.00     2.2503     1.9638         20 0.0000e+00
    116.733   76.59766 -179.84988    118.000    -1.0973    -1.0968  27.586847  27.585549    34.2256    34.2233    297.810    291.759    -0.1330     4.6683     0.0928     0.0928     0.0176     0.0197      14439    10.0267     100.00     2.2386     1.9642         17 0.0000e+00
