Continuous CTD Data/SBE Stage/nabos_05_01avg.cnv
* Sea-Bird SBE 9 Data File:
* FileName = D:\CTD\data\HLY2502\raw\NABOS_05_01.hex
* Software Version Seasave V 7.26.7.110
* Temperature SN = 6954
* Conductivity SN = 2561
* Number of Bytes Per Scan = 37
* Number of Voltage Words = 4
* Number of Scans Averaged by the Deck Unit = 1
* NMEA Latitude = 75 06.57 N
* NMEA Longitude = 172 12.56 E
* NMEA UTC (Time) = Sep 12 2025  16:44:22
* NMEA baud rate = 9600
** Ship: USCG HEALY
** Bot. Depth:  145
** Cast Number:  01
** Station Name:  NABOS
** Station Number:  05
** Operator:  STARC
# nquan = 25
# nvalues = 134                         
# units = specified
# name 0 = depSM: Depth [salt water, m]
# name 1 = latitude: Latitude [deg]
# name 2 = longitude: Longitude [deg]
# name 3 = prDM: Pressure, Digiquartz [db]
# name 4 = t090C: Temperature [ITS-90, deg C]
# name 5 = t190C: Temperature, 2 [ITS-90, deg C]
# name 6 = c0mS/cm: Conductivity [mS/cm]
# name 7 = c1mS/cm: Conductivity, 2 [mS/cm]
# name 8 = sal00: Salinity, Practical [PSU]
# name 9 = sal11: Salinity, Practical, 2 [PSU]
# name 10 = sbox0Mm/Kg: Oxygen, SBE 43 [umol/kg]
# name 11 = sbox1Mm/Kg: Oxygen, SBE 43, 2 [umol/kg]
# name 12 = flECO-AFL: Fluorescence, WET Labs ECO-AFL/FL [mg/m^3]
# name 13 = v2: Voltage 2
# name 14 = wetCDOM: Fluorescence, WET Labs CDOM [mg/m^3]
# name 15 = v6: Voltage 6
# name 16 = CStarAt0: Beam Attenuation, WET Labs C-Star [1/m]
# name 17 = v3: Voltage 3
# name 18 = scan: Scan Count
# name 19 = timeM: Time, Elapsed [minutes]
# name 20 = altM: Altimeter [m]
# name 21 = sbeox0V: Oxygen raw, SBE 43 [V]
# name 22 = sbeox1V: Oxygen raw, SBE 43, 2 [V]
# name 23 = nbin: number of scans per bin
# name 24 = flag: flag
# span 0 =      3.958,    135.531       
# span 1 =   75.10950,   75.11002       
# span 2 =  172.20930,  172.20969       
# span 3 =      4.000,    137.000       
# span 4 =    -1.6572,    -0.7875       
# span 5 =    -1.6568,    -0.7860       
# span 6 =  22.437219,  27.955544       
# span 7 =  22.447489,  27.955135       
# span 8 =    27.4403,    34.3634       
# span 9 =    27.4522,    34.3613       
# span 10 =    265.852,    379.103      
# span 11 =    224.516,    369.438      
# span 12 =    -0.1367,     0.3978      
# span 13 =     4.4116,     4.6591      
# span 14 =     0.0955,     0.1220      
# span 15 =     0.0955,     0.1220      
# span 16 =     0.0255,     0.2441      
# span 17 =     0.0195,     0.0409      
# span 18 =        237,       9857      
# span 19 =     0.1638,     6.8446      
# span 20 =      -0.11,     100.00      
# span 21 =     2.0637,     2.6434      
# span 22 =     1.5984,     2.2815      
# span 23 =          1,         26      
# span 24 = 0.0000e+00, 0.0000e+00      
# interval = decibars: 1                
# start_time = Sep 12 2025 16:44:22 [NMEA time, header]
# bad_flag = -9.990e-29
*END*
[from data line 116]
    118.718   75.10980  172.20962    120.000    -1.0315    -1.0310  27.668126  27.666478    34.2604    34.2575    282.904    277.509    -0.1352     4.6540     0.1058     0.1058     0.0300     0.0196       6495     4.5096       0.02     2.1545     1.8964         20 0.0000e+00
    119.707   75.10982  172.20962    121.000    -1.0328    -1.0252  27.667685  27.673878    34.2606    34.2605    282.724    275.869    -0.1367     4.6537     0.1048     0.1048     0.0302     0.0195       6613     4.5917       0.48     2.1531     1.8883         21 0.0000e+00
    120.696   75.10985  172.20960    122.000    -0.9976    -0.9943  27.710597  27.712399    34.2785    34.2771    281.916    275.419    -0.1302     4.6526     0.1042     0.1042     0.0311     0.0198       6870     4.7703       8.02     2.1501     1.8873         20 0.0000e+00
    121.685   75.10987  172.20960    123.000    -0.9708    -0.9679  27.744545  27.745373    34.2936    34.2914    281.204    275.999    -0.1335     4.6517     0.1036     0.1036     0.0319     0.0196       7139     4.9569      19.07     2.1473     1.8913         19 0.0000e+00
    122.674   75.10988  172.20960    124.000    -0.9488    -0.9471  27.770610  27.770131    34.3034    34.3008    280.718    274.006    -0.1302     4.6515     0.1031     0.1031     0.0321     0.0198       7264     5.0440      21.42     2.1454     1.8821         14 0.0000e+00
    123.663   75.10988  172.20960    125.000    -0.9401    -0.9390  27.780867  27.779836    34.3068    34.3042    279.890    273.465    -0.1347     4.6487     0.1045     0.1045     0.0345     0.0196       7408     5.1436      21.58     2.1408     1.8796         17 0.0000e+00
    124.652   75.10990  172.20960    126.000    -0.9339    -0.9313  27.788071  27.789124    34.3090    34.3073    279.010    272.830    -0.1307     4.6472     0.1032     0.1032     0.0358     0.0198       7568     5.2547      20.58     2.1357     1.8766         16 0.0000e+00
    125.641   75.10990  172.20960    127.000    -0.9047    -0.9012  27.820602  27.822373    34.3193    34.3177    277.911    271.271    -0.1280     4.6433     0.1025     0.1025     0.0391     0.0199       7725     5.3642      19.57     2.1306     1.8700         14 0.0000e+00
    126.630   75.10991  172.20960    128.000    -0.8752    -0.8731  27.854699  27.855076    34.3315    34.3295    275.639    269.362    -0.1347     4.6382     0.1034     0.1034     0.0435     0.0196       7895     5.4821      18.54     2.1186     1.8616         17 0.0000e+00
    127.619   75.10992  172.20960    129.000    -0.8652    -0.8668  27.866839  27.863192    34.3359    34.3328    274.019    267.921    -0.1301     4.6278     0.1036     0.1036     0.0526     0.0198       8050     5.5895      17.54     2.1094     1.8545         14 0.0000e+00
    128.608   75.10993  172.20962    130.000    -0.8446    -0.8425  27.890242  27.891128    34.3436    34.3424    273.184    266.987    -0.1257     4.6142     0.1032     0.1032     0.0644     0.0200       8217     5.7058      16.50     2.1053     1.8507         14 0.0000e+00
    129.598   75.10994  172.20962    131.000    -0.8123    -0.8106  27.925431  27.925573    34.3539    34.3522    271.283    264.566    -0.1174     4.5556     0.1041     0.1041     0.1156     0.0203       8373     5.8142      15.48     2.0956     1.8399         13 0.0000e+00
    130.586   75.10994  172.20962    132.000    -0.8023    -0.8020  27.937331  27.935439    34.3581    34.3552    268.734    262.289    -0.1241     4.4915     0.1047     0.1047     0.1722     0.0200       8543     5.9321      14.47     2.0808     1.8287         14 0.0000e+00
    131.575   75.10996  172.20963    133.000    -0.7963    -0.7957  27.944362  27.942919    34.3602    34.3575    266.983    261.510    -0.1186     4.4765     0.1047     0.1047     0.1857     0.0203       8699     6.0401       7.41     2.0706     1.8249         12 0.0000e+00
    132.564   75.10996  172.20964    134.000    -0.7915    -0.7923  27.950235  27.947361    34.3620    34.3591    266.403    260.896    -0.1178     4.4636     0.1048     0.1048     0.1972     0.0203       8905     6.1833      -0.11     2.0671     1.8218         13 0.0000e+00
    133.553   75.10998  172.20965    135.000    -0.7893    -0.7890  27.953103  27.951706    34.3628    34.3605    266.130    259.390    -0.1107     4.4490     0.1054     0.1054     0.2103     0.0206       9244     6.4191       0.00     2.0655     1.8142         13 0.0000e+00
    134.542   75.10998  172.20967    136.000    -0.7875    -0.7862  27.955544  27.955032    34.3634    34.3613    265.852    258.103    -0.1061     4.4168     0.1055     0.1055     0.2394     0.0208       9592     6.6605       0.00     2.0637     1.8078         14 0.0000e+00
    135.531   75.11002  172.20969    137.000    -0.7897    -0.7860  27.954001  27.955135    34.3634    34.3608    266.607    260.143    -0.1061     4.4116     0.1090     0.1090     0.2441     0.0208       9857     6.8446      -0.00     2.0679     1.8177          1 0.0000e+00
