Continuous CTD Data/SBE Stage/nabos_44_01.ros
* Sea-Bird SBE 9 Data File:
* FileName = D:\CTD\data\HLY2502\raw\NABOS_44_01.hex
* Software Version Seasave V 7.26.7.110
* Temperature SN = 6954
* Conductivity SN = 2561
* Number of Bytes Per Scan = 37
* Number of Voltage Words = 4
* Number of Scans Averaged by the Deck Unit = 1
* NMEA Latitude = 81 22.71 N
* NMEA Longitude = 125 50.34 E
* NMEA UTC (Time) = Sep 28 2025  09:12:40
* NMEA baud rate = 9600
** Ship: USCG HEALY
** Bot. Depth:  3963
** Cast Number:  01
** Station Name:  NABOS
** Station Number:  44
** Operator:  STARC
** 3958m target
# nquan = 25
# nvalues = 1176                                  
# units = specified
# name 0 = depSM: Depth [salt water, m]
# name 1 = latitude: Latitude [deg]
# name 2 = longitude: Longitude [deg]
# name 3 = prDM: Pressure, Digiquartz [db]
# name 4 = t090C: Temperature [ITS-90, deg C]
# name 5 = t190C: Temperature, 2 [ITS-90, deg C]
# name 6 = c0mS/cm: Conductivity [mS/cm]
# name 7 = c1mS/cm: Conductivity, 2 [mS/cm]
# name 8 = sal00: Salinity, Practical [PSU]
# name 9 = sal11: Salinity, Practical, 2 [PSU]
# name 10 = sbox0Mm/Kg: Oxygen, SBE 43 [umol/kg]
# name 11 = sbox1Mm/Kg: Oxygen, SBE 43, 2 [umol/kg]
# name 12 = flECO-AFL: Fluorescence, WET Labs ECO-AFL/FL [mg/m^3]
# name 13 = v2: Voltage 2
# name 14 = wetCDOM: Fluorescence, WET Labs CDOM [mg/m^3]
# name 15 = v6: Voltage 6
# name 16 = CStarAt0: Beam Attenuation, WET Labs C-Star [1/m]
# name 17 = v3: Voltage 3
# name 18 = scan: Scan Count
# name 19 = timeM: Time, Elapsed [minutes]
# name 20 = altM: Altimeter [m]
# name 21 = sbeox0V: Oxygen raw, SBE 43 [V]
# name 22 = sbeox1V: Oxygen raw, SBE 43, 2 [V]
# name 23 = nbf: Bottles Fired
# name 24 = flag:  0.000e+00
# interval = seconds: 0.0416667
# start_time = Sep 28 2025 09:12:40 [NMEA time, header]
# bad_flag = -9.990e-29
*END*
[from data line 812]
     55.063   81.40228  126.01898     55.662    -1.7761    -1.7760  26.613562  26.612297    33.6944    33.6926    346.789    338.810    -0.0755     4.6203     0.0952     0.0952     0.0591     0.0220     290708   201.8799     100.00     2.4924     2.1698         17  0.000e+00
     55.145   81.40228  126.01898     55.745    -1.7762    -1.7760  26.613442  26.611960    33.6943    33.6921    346.794    338.815    -0.0755     4.6203     0.0952     0.0952     0.0591     0.0220     290709   201.8806     100.00     2.4924     2.1698         17  0.000e+00
     55.121   81.40228  126.01898     55.720    -1.7761    -1.7760  26.613622  26.611903    33.6944    33.6920    346.791    338.814    -0.0755     4.6203     0.0952     0.0952     0.0591     0.0220     290710   201.8812     100.00     2.4924     2.1698         17  0.000e+00
     55.080   81.40228  126.01898     55.679    -1.7761    -1.7760  26.613741  26.611791    33.6946    33.6919    346.789    338.813    -0.1061     4.6203     0.0952     0.0952     0.0591     0.0208     290711   201.8819     100.00     2.4924     2.1698         17  0.000e+00
     55.063   81.40228  126.01898     55.662    -1.7762    -1.7760  26.613920  26.611959    33.6950    33.6921    347.000    338.811    -0.0450     4.6203     0.0952     0.0952     0.0591     0.0232     290712   201.8826     100.00     2.4936     2.1698         17  0.000e+00
     55.080   81.40228  126.01898     55.679    -1.7760    -1.7760  26.613741  26.612184    33.6946    33.6924    346.788    338.811    -0.0450     4.6203     0.0952     0.0952     0.0591     0.0232     290713   201.8833     100.00     2.4924     2.1698         17  0.000e+00
     55.063   81.40228  126.01898     55.662    -1.7761    -1.7760  26.613502  26.612072    33.6943    33.6923    346.789    338.560    -0.0450     4.6203     0.0965     0.0965     0.0591     0.0232     290714   201.8840     100.00     2.4924     2.1686         17  0.000e+00
     55.121   81.40228  126.01898     55.720    -1.7759    -1.7760  26.613442  26.611960    33.6940    33.6921    346.791    338.563    -0.0450     4.6190     0.0965     0.0965     0.0601     0.0232     290715   201.8847     100.00     2.4924     2.1686         17  0.000e+00
     55.080   81.40228  126.01898     55.679    -1.7759    -1.7761  26.613801  26.611791    33.6945    33.6920    346.999    338.563    -0.0450     4.6190     0.0965     0.0965     0.0601     0.0232     290716   201.8854     100.00     2.4936     2.1686         17  0.000e+00
     55.063   81.40228  126.01898     55.662    -1.7762    -1.7759  26.613741  26.611678    33.6948    33.6916    347.001    338.310    -0.0450     4.6203     0.0952     0.0952     0.0591     0.0232     290717   201.8861     100.00     2.4936     2.1673         17  0.000e+00
     55.080   81.40228  126.01898     55.679    -1.7761    -1.7760  26.613681  26.611960    33.6946    33.6921    347.213    338.310    -0.0450     4.6203     0.0965     0.0965     0.0591     0.0232     290718   201.8868     100.00     2.4949     2.1673         17  0.000e+00
     55.063   81.40228  126.01898     55.662    -1.7761    -1.7760  26.613681  26.611847    33.6946    33.6919    347.000    338.310    -0.0450     4.6203     0.0965     0.0965     0.0591     0.0232     290719   201.8875     100.00     2.4936     2.1673         17  0.000e+00
     55.121   81.40228  126.01898     55.720    -1.7760    -1.7758  26.613502  26.611903    33.6942    33.6918    346.791    338.311    -0.0755     4.6203     0.0965     0.0965     0.0591     0.0220     290720   201.8882     100.00     2.4924     2.1673         17  0.000e+00
     55.080   81.40228  126.01898     55.679    -1.7761    -1.7759  26.613621  26.611791    33.6945    33.6917    346.789    338.310    -0.0450     4.6203     0.0965     0.0965     0.0591     0.0232     290721   201.8889     100.00     2.4924     2.1673         17  0.000e+00
     55.063   81.40228  126.01900     55.662    -1.7761    -1.7760  26.613502  26.612128    33.6943    33.6923    347.000    338.560    -0.0145     4.6203     0.0952     0.0952     0.0591     0.0244     290722   201.8896     100.00     2.4936     2.1686         17  0.000e+00
     55.145   81.40228  126.01900     55.745    -1.7761    -1.7759  26.613442  26.612072    33.6942    33.6921    347.005    338.312    -0.0450     4.6203     0.0952     0.0952     0.0591     0.0232     290723   201.8903     100.00     2.4936     2.1673         17  0.000e+00
     55.063   81.40228  126.01900     55.662    -1.7759    -1.7758  26.613442  26.612072    33.6940    33.6921    346.787    338.558    -0.0755     4.6203     0.0965     0.0965     0.0591     0.0220     290724   201.8910     100.00     2.4924     2.1686         17  0.000e+00
     55.080   81.40228  126.01900     55.679    -1.7759    -1.7759  26.613801  26.612184    33.6945    33.6923    346.999    338.559    -0.0450     4.6203     0.0965     0.0965     0.0591     0.0232     290725   201.8917     100.00     2.4936     2.1686         17  0.000e+00
     55.121   81.40228  126.01900     55.720    -1.7761    -1.7760  26.613562  26.612072    33.6944    33.6922    346.791    338.562    -0.0450     4.6203     0.0965     0.0965     0.0591     0.0232     290726   201.8924     100.00     2.4924     2.1686         17  0.000e+00
     55.063   81.40228  126.01900     55.662    -1.7759    -1.7757  26.613621  26.611959    33.6943    33.6918    346.787    338.558    -0.0450     4.6203     0.0965     0.0965     0.0591     0.0232     290727   201.8931     100.00     2.4924     2.1686         17  0.000e+00
     55.145   81.40228  126.01900     55.745    -1.7760    -1.7759  26.613920  26.611791    33.6948    33.6917    346.790    338.564    -0.0450     4.6190     0.0965     0.0965     0.0601     0.0232     290728   201.8938     100.00     2.4924     2.1686         17  0.000e+00
     40.360   81.40250  126.02176     40.797    -1.7734    -1.7738  26.429836  26.428933    33.4449    33.4440    354.464    346.925    -0.0450     4.6154     0.0989     0.0989     0.0633     0.0232     294126   204.2535     100.00     2.5368     2.2095         18  0.000e+00
     40.360   81.40250  126.02176     40.797    -1.7732    -1.7741  26.430134  26.428540    33.4450    33.4438    354.461    346.928    -0.0450     4.6154     0.0989     0.0989     0.0633     0.0232     294127   204.2542     100.00     2.5368     2.2095         18  0.000e+00
     40.392   81.40250  126.02176     40.830    -1.7734    -1.7738  26.430253  26.428596    33.4455    33.4435    354.252    346.677    -0.0450     4.6154     0.0989     0.0989     0.0633     0.0232     294128   204.2549     100.00     2.5356     2.2082         18  0.000e+00
     40.425   81.40250  126.02176     40.863    -1.7731    -1.7737  26.430253  26.428484    33.4451    33.4433    354.463    346.678    -0.0450     4.6154     0.0977     0.0977     0.0633     0.0232     294129   204.2556     100.00     2.5368     2.2082         18  0.000e+00
     40.360   81.40250  126.02176     40.797    -1.7732    -1.7738  26.429836  26.428596    33.4446    33.4436    354.250    346.675    -0.0450     4.6154     0.0989     0.0989     0.0633     0.0232     294130   204.2562     100.00     2.5356     2.2082         18  0.000e+00
     40.360   81.40250  126.02178     40.797    -1.7733    -1.7741  26.430134  26.428708    33.4452    33.4441    354.462    346.426    -0.0450     4.6154     0.0989     0.0989     0.0633     0.0232     294131   204.2569     100.00     2.5368     2.2070         18  0.000e+00
     40.425   81.40250  126.02178     40.863    -1.7734    -1.7738  26.429836  26.428316    33.4449    33.4431    354.255    346.429    -0.0450     4.6154     0.1001     0.1001     0.0633     0.0232     294132   204.2576     100.00     2.5356     2.2070         18  0.000e+00
     40.425   81.40250  126.02178     40.863    -1.7733    -1.7737  26.430134  26.428540    33.4451    33.4434    354.465    346.177    -0.0450     4.6154     0.0989     0.0989     0.0633     0.0232     294133   204.2583     100.00     2.5368     2.2058         18  0.000e+00
     40.360   81.40250  126.02178     40.797    -1.7734    -1.7736  26.430253  26.428708    33.4455    33.4435    354.462    345.921    -0.0450     4.6154     0.1001     0.1001     0.0633     0.0232     294134   204.2590     100.00     2.5368     2.2046         18  0.000e+00
     40.360   81.40250  126.02178     40.797    -1.7734    -1.7736  26.430253  26.428484    33.4455    33.4432    354.250    345.922    -0.0450     4.6154     0.0989     0.0989     0.0633     0.0232     294135   204.2597     100.00     2.5356     2.2046         18  0.000e+00
     40.392   81.40250  126.02178     40.830    -1.7736    -1.7735  26.430074  26.428428    33.4453    33.4430    354.254    345.923    -0.0450     4.6154     0.1001     0.1001     0.0633     0.0232     294136   204.2604     100.00     2.5356     2.2046         18  0.000e+00
     40.360   81.40250  126.02178     40.797    -1.7733    -1.7734  26.430193  26.428596    33.4453    33.4432    354.250    345.920    -0.0145     4.6154     0.0989     0.0989     0.0633     0.0244     294137   204.2611     100.00     2.5356     2.2046         18  0.000e+00
     40.425   81.40250  126.02178     40.863    -1.7734    -1.7733  26.430074  26.428092    33.4452    33.4423    354.254    346.175    -0.0450     4.6154     0.1001     0.1001     0.0633     0.0232     294138   204.2618     100.00     2.5356     2.2058         18  0.000e+00
     40.360   81.40250  126.02178     40.797    -1.7733    -1.7735  26.429955  26.428091    33.4449    33.4425    354.251    346.173    -0.0450     4.6154     0.1001     0.1001     0.0633     0.0232     294139   204.2625     100.00     2.5356     2.2058         18  0.000e+00
     40.360   81.40250  126.02178     40.797    -1.7733    -1.7733  26.430134  26.428204    33.4451    33.4425    354.461    346.171    -0.0450     4.6154     0.0989     0.0989     0.0633     0.0232     294140   204.2632     100.00     2.5368     2.2058         18  0.000e+00
     40.425   81.40250  126.02178     40.863    -1.7732    -1.7726  26.429717  26.427811    33.4444    33.4411    354.253    346.171    -0.0450     4.6154     0.1001     0.1001     0.0633     0.0232     294141   204.2639     100.00     2.5356     2.2058         18  0.000e+00
     40.425   81.40250  126.02178     40.863    -1.7732    -1.7729  26.430074  26.428372    33.4449    33.4422    354.252    346.171    -0.0145     4.6154     0.0989     0.0989     0.0633     0.0244     294142   204.2646     100.00     2.5356     2.2058         18  0.000e+00
     40.360   81.40250  126.02178     40.797    -1.7733    -1.7730  26.430253  26.428091    33.4453    33.4420    354.461    345.919    -0.0450     4.6154     0.1001     0.1001     0.0633     0.0232     294143   204.2653     100.00     2.5368     2.2046         18  0.000e+00
     40.425   81.40250  126.02178     40.863    -1.7733    -1.7733  26.430432  26.428092    33.4455    33.4423    354.251    345.924    -0.0450     4.6154     0.0989     0.0989     0.0633     0.0232     294144   204.2660     100.00     2.5356     2.2046         18  0.000e+00
     40.327   81.40250  126.02178     40.764    -1.7733    -1.7734  26.430313  26.428372    33.4455    33.4429    354.459    345.919    -0.0450     4.6154     0.1001     0.1001     0.0633     0.0232     294145   204.2667     100.00     2.5368     2.2046         18  0.000e+00
     40.425   81.40250  126.02178     40.863    -1.7733    -1.7738  26.429895  26.428428    33.4448    33.4433    354.466    345.926    -0.0450     4.6154     0.0989     0.0989     0.0633     0.0232     294146   204.2674     100.00     2.5368     2.2046         18  0.000e+00
     40.360   81.40250  126.02178     40.797    -1.7733    -1.7735  26.430134  26.428260    33.4451    33.4428    354.461    345.922    -0.0450     4.6154     0.1001     0.1001     0.0633     0.0232     294147   204.2681     100.00     2.5368     2.2046         18  0.000e+00
     40.425   81.40250  126.02178     40.863    -1.7733    -1.7736  26.430015  26.428372    33.4450    33.4430    354.465    345.925    -0.0450     4.6154     0.0989     0.0989     0.0633     0.0232     294148   204.2688     100.00     2.5368     2.2046         18  0.000e+00
     40.360   81.40250  126.02178     40.797    -1.7732    -1.7736  26.429776  26.428596    33.4445    33.4434    354.461    345.921    -0.0450     4.6154     0.1001     0.1001     0.0633     0.0232     294149   204.2694     100.00     2.5368     2.2046         18  0.000e+00
     40.360   81.40250  126.02178     40.797    -1.7732    -1.7737  26.430134  26.428484    33.4450    33.4433    354.460    345.923    -0.0450     4.6154     0.0989     0.0989     0.0633     0.0232     294150   204.2701     100.00     2.5368     2.2046         18  0.000e+00
     40.425   81.40250  126.02178     40.863    -1.7733    -1.7738  26.430015  26.428260    33.4449    33.4431    354.253    345.927    -0.0450     4.6154     0.0989     0.0989     0.0633     0.0232     294151   204.2708     100.00     2.5356     2.2046         18  0.000e+00
     40.360   81.40250  126.02178     40.797    -1.7732    -1.7738  26.429955  26.428372    33.4447    33.4433    354.461    345.923    -0.0450     4.6154     0.0989     0.0989     0.0633     0.0232     294152   204.2715     100.00     2.5368     2.2046         18  0.000e+00
     40.392   81.40250  126.02178     40.830    -1.7732    -1.7736  26.430193  26.428428    33.4451    33.4431    354.249    346.174    -0.0450     4.6154     0.1001     0.1001     0.0633     0.0232     294153   204.2722     100.00     2.5356     2.2058         18  0.000e+00
     40.360   81.40250  126.02180     40.797    -1.7732    -1.7737  26.429895  26.428035    33.4447    33.4427    354.461    346.175    -0.0450     4.6154     0.1001     0.1001     0.0633     0.0232     294154   204.2729     100.00     2.5368     2.2058         18  0.000e+00
     40.360   81.40250  126.02180     40.797    -1.7733    -1.7736  26.429716  26.428260    33.4445    33.4429    354.462    345.922    -0.0450     4.6154     0.0989     0.0989     0.0633     0.0232     294155   204.2736     100.00     2.5368     2.2046         18  0.000e+00
     40.425   81.40250  126.02180     40.863    -1.7733    -1.7738  26.429895  26.428260    33.4448    33.4431    354.465    345.927    -0.0450     4.6154     0.1001     0.1001     0.0633     0.0232     294156   204.2743     100.00     2.5368     2.2046         18  0.000e+00
     40.360   81.40250  126.02180     40.797    -1.7732    -1.7736  26.429955  26.428204    33.4447    33.4428    354.460    345.922    -0.0450     4.6154     0.0989     0.0989     0.0633     0.0232     294157   204.2750     100.00     2.5368     2.2046         18  0.000e+00
     40.425   81.40250  126.02180     40.863    -1.7732    -1.7735  26.429955  26.427979    33.4447    33.4424    354.252    346.177    -0.0450     4.6154     0.0989     0.0989     0.0633     0.0232     294158   204.2757     100.00     2.5356     2.2058         18  0.000e+00
     40.360   81.40250  126.02180     40.797    -1.7729    -1.7733  26.430134  26.428091    33.4447    33.4423    354.458    346.422    -0.0450     4.6154     0.0989     0.0989     0.0633     0.0232     294159   204.2764     100.00     2.5368     2.2070         18  0.000e+00
     40.425   81.40250  126.02180     40.863    -1.7729    -1.7735  26.429895  26.427979    33.4443    33.4423    354.250    346.176    -0.0450     4.6154     0.0989     0.0989     0.0633     0.0232     294160   204.2771     100.00     2.5356     2.2058         18  0.000e+00
     40.392   81.40250  126.02180     40.830    -1.7727    -1.7733  26.429895  26.428260    33.4441    33.4425    354.247    346.172    -0.0450     4.6154     0.0977     0.0977     0.0633     0.0232     294161   204.2778     100.00     2.5356     2.2058         18  0.000e+00
