Continuous CTD Data/SBE Stage/nabos_07_02avg.cnv
* Sea-Bird SBE 9 Data File:
* FileName = D:\CTD\data\HLY2502\raw\NABOS_07_02.hex
* Software Version Seasave V 7.26.7.110
* Temperature SN = 6954
* Conductivity SN = 2561
* Number of Bytes Per Scan = 37
* Number of Voltage Words = 4
* Number of Scans Averaged by the Deck Unit = 1
* NMEA Latitude = 75 42.24 N
* NMEA Longitude = 175 32.88 E
* NMEA UTC (Time) = Sep 12 2025  05:23:18
* NMEA baud rate = 9600
** Ship: USCG HEALY
** Bot. Depth:  264
** Cast Number:  02
** Station Name:  NABOS
** Station Number:  07
** Operator:  STARC
** cast to 254m
# nquan = 25
# nvalues = 254                         
# units = specified
# name 0 = depSM: Depth [salt water, m]
# name 1 = latitude: Latitude [deg]
# name 2 = longitude: Longitude [deg]
# name 3 = prDM: Pressure, Digiquartz [db]
# name 4 = t090C: Temperature [ITS-90, deg C]
# name 5 = t190C: Temperature, 2 [ITS-90, deg C]
# name 6 = c0mS/cm: Conductivity [mS/cm]
# name 7 = c1mS/cm: Conductivity, 2 [mS/cm]
# name 8 = sal00: Salinity, Practical [PSU]
# name 9 = sal11: Salinity, Practical, 2 [PSU]
# name 10 = sbox0Mm/Kg: Oxygen, SBE 43 [umol/kg]
# name 11 = sbox1Mm/Kg: Oxygen, SBE 43, 2 [umol/kg]
# name 12 = flECO-AFL: Fluorescence, WET Labs ECO-AFL/FL [mg/m^3]
# name 13 = v2: Voltage 2
# name 14 = wetCDOM: Fluorescence, WET Labs CDOM [mg/m^3]
# name 15 = v6: Voltage 6
# name 16 = CStarAt0: Beam Attenuation, WET Labs C-Star [1/m]
# name 17 = v3: Voltage 3
# name 18 = scan: Scan Count
# name 19 = timeM: Time, Elapsed [minutes]
# name 20 = altM: Altimeter [m]
# name 21 = sbeox0V: Oxygen raw, SBE 43 [V]
# name 22 = sbeox1V: Oxygen raw, SBE 43, 2 [V]
# name 23 = nbin: number of scans per bin
# name 24 = flag: flag
# span 0 =      3.958,    254.164       
# span 1 =   75.70398,   75.70420       
# span 2 =  175.54954,  175.55390       
# span 3 =      4.000,    257.000       
# span 4 =    -1.6410,     0.7465       
# span 5 =    -1.6408,     0.7462       
# span 6 =  22.381267,  29.600624       
# span 7 =  22.380185,  29.598580       
# span 8 =    27.5660,    34.7407       
# span 9 =    27.5656,    34.7384       
# span 10 =    275.112,    377.513      
# span 11 =    266.828,    365.129      
# span 12 =    -0.1585,     0.4036      
# span 13 =     4.0623,     4.6643      
# span 14 =     0.0835,     0.1185      
# span 15 =     0.0835,     0.1185      
# span 16 =     0.0211,     0.5744      
# span 17 =     0.0186,     0.0411      
# span 18 =       2402,      15998      
# span 19 =     1.6673,    11.1088      
# span 20 =       0.04,     100.06      
# span 21 =     2.1716,     2.6394      
# span 22 =     1.8949,     2.2737      
# span 23 =         11,         29      
# span 24 = 0.0000e+00, 0.0000e+00      
# interval = decibars: 1                
# start_time = Sep 12 2025 05:23:18 [NMEA time, header]
# bad_flag = -9.990e-29
*END*
[from data line 116]
    118.715   75.70416  175.55184    120.000    -1.0426    -1.0425  27.699719  27.697671    34.3162    34.3133    299.150    289.596    -0.1340     4.6623     0.0988     0.0988     0.0228     0.0196       8357     5.8030      38.44     2.2501     1.9565         24 0.0000e+00
    119.704   75.70416  175.55184    121.000    -1.0356    -1.0356  27.708901  27.706797    34.3202    34.3173    299.113    289.839    -0.1330     4.6628     0.0879     0.0879     0.0224     0.0197       8390     5.8257      96.39     2.2501     1.9579         17 0.0000e+00
    120.693   75.70417  175.55185    122.000    -1.0233    -1.0232  27.723672  27.721340    34.3257    34.3223    299.195    289.685    -0.1368     4.6629     0.0866     0.0866     0.0223     0.0195       8416     5.8437      97.76     2.2510     1.9575         14 0.0000e+00
    121.682   75.70418  175.55186    123.000    -1.0050    -1.0050  27.744577  27.742105    34.3326    34.3292    299.300    289.884    -0.1366     4.6623     0.0867     0.0867     0.0228     0.0195       8437     5.8581      97.36     2.2525     1.9592         16 0.0000e+00
    122.671   75.70418  175.55186    124.000    -0.9929    -0.9930  27.758911  27.756447    34.3377    34.3345    299.491    289.592    -0.1366     4.6624     0.0873     0.0873     0.0227     0.0195       8456     5.8717      96.05     2.2541     1.9581         15 0.0000e+00
    123.660   75.70418  175.55186    125.000    -0.9822    -0.9823  27.771350  27.769087    34.3418    34.3389    299.547    289.706    -0.1366     4.6630     0.0885     0.0885     0.0222     0.0195       8476     5.8856      94.37     2.2548     1.9590         17 0.0000e+00
    124.649   75.70418  175.55186    126.000    -0.9736    -0.9736  27.781766  27.779563    34.3456    34.3426    299.625    289.836    -0.1366     4.6630     0.1019     0.1019     0.0222     0.0195       8499     5.9012      75.18     2.2556     1.9599         17 0.0000e+00
    125.638   75.70418  175.55188    127.000    -0.9713    -0.9712  27.785079  27.783004    34.3469    34.3439    299.422    290.021    -0.1324     4.6631     0.1036     0.1036     0.0221     0.0197       8527     5.9205      74.56     2.2543     1.9607         15 0.0000e+00
    126.627   75.70418  175.55188    128.000    -0.9662    -0.9662  27.792007  27.789878    34.3499    34.3470    299.326    290.080    -0.1349     4.6625     0.1033     0.1033     0.0227     0.0196       8559     5.9431      51.45     2.2538     1.9611         18 0.0000e+00
    127.616   75.70418  175.55188    129.000    -0.9556    -0.9554  27.805128  27.803076    34.3551    34.3520    299.343    290.061    -0.1348     4.6627     0.0875     0.0875     0.0225     0.0196       8588     5.9631      98.11     2.2543     1.9613         17 0.0000e+00
    128.605   75.70418  175.55188    130.000    -0.9372    -0.9372  27.826517  27.824156    34.3625    34.3593    299.359    289.676    -0.1342     4.6627     0.0878     0.0878     0.0225     0.0196       8611     5.9791     100.06     2.2552     1.9600         13 0.0000e+00
    129.594   75.70418  175.55188    131.000    -0.9111    -0.9117  27.856100  27.853003    34.3723    34.3689    299.260    289.648    -0.1366     4.6628     0.0866     0.0866     0.0224     0.0195       8631     5.9934     100.00     2.2559     1.9609         12 0.0000e+00
    130.583   75.70418  175.55188    132.000    -0.8913    -0.8918  27.878384  27.875184    34.3794    34.3757    299.245    289.816    -0.1296     4.6628     0.0912     0.0912     0.0224     0.0198       8652     6.0074      91.47     2.2567     1.9625         14 0.0000e+00
    131.572   75.70418  175.55190    133.000    -0.8737    -0.8738  27.897179  27.894784    34.3843    34.3812    299.329    289.298    -0.1322     4.6630     0.0922     0.0922     0.0222     0.0197       8674     6.0229      89.97     2.2580     1.9606         14 0.0000e+00
    132.561   75.70418  175.55190    134.000    -0.8702    -0.8701  27.901939  27.899778    34.3862    34.3831    299.516    289.407    -0.1367     4.6619     0.0968     0.0968     0.0232     0.0195       8701     6.0415      81.91     2.2591     1.9611         14 0.0000e+00
    133.550   75.70418  175.55190    135.000    -0.8610    -0.8609  27.912562  27.910591    34.3895    34.3867    299.615    289.351    -0.1347     4.6622     0.0975     0.0975     0.0229     0.0196       8733     6.0639      80.51     2.2600     1.9611         16 0.0000e+00
    134.539   75.70418  175.55190    136.000    -0.8396    -0.8396  27.936943  27.934557    34.3976    34.3943    299.560    289.840    -0.1299     4.6623     0.0861     0.0861     0.0228     0.0198       8763     6.0848      96.58     2.2606     1.9643         14 0.0000e+00
    135.528   75.70418  175.55190    137.000    -0.8224    -0.8226  27.954882  27.952392    34.4017    34.3985    299.536    289.775    -0.1366     4.6629     0.0962     0.0962     0.0223     0.0195       8787     6.1014      68.73     2.2612     1.9646         13 0.0000e+00
    136.516   75.70418  175.55192    138.000    -0.8002    -0.8006  27.979015  27.976122    34.4085    34.4050    299.459    289.608    -0.1342     4.6631     0.0847     0.0847     0.0221     0.0196       8807     6.1154      98.82     2.2618     1.9646         12 0.0000e+00
    137.505   75.70418  175.55192    139.000    -0.7813    -0.7815  27.999015  27.996397    34.4134    34.4101    299.424    289.376    -0.1326     4.6625     0.0842     0.0842     0.0227     0.0197       8826     6.1288     100.00     2.2624     1.9641         15 0.0000e+00
    138.494   75.70418  175.55192    140.000    -0.7693    -0.7694  28.012197  28.009750    34.4170    34.4139    299.340    289.104    -0.1345     4.6621     0.0863     0.0863     0.0230     0.0196       8847     6.1429     100.00     2.2623     1.9632         15 0.0000e+00
    139.483   75.70418  175.55193    141.000    -0.7756    -0.7752  28.006632  28.004777    34.4161    34.4131    299.490    289.717    -0.1330     4.6630     0.0877     0.0877     0.0222     0.0197       8914     6.1893      98.13     2.2627     1.9658         17 0.0000e+00
    140.472   75.70418  175.55194    142.000    -0.7791    -0.7780  28.004019  28.002428    34.4159    34.4124    299.839    289.478    -0.1332     4.6631     0.0866     0.0866     0.0221     0.0196       8994     6.2452      97.45     2.2643     1.9642         18 0.0000e+00
    141.461   75.70418  175.55196    143.000    -0.7593    -0.7612  28.024733  28.019899    34.4208    34.4164    299.804    289.936    -0.1334     4.6632     0.0844     0.0844     0.0220     0.0196       9035     6.2737      99.71     2.2650     1.9671         19 0.0000e+00
    142.450   75.70419  175.55196    144.000    -0.7557    -0.7547  28.029787  28.028134    34.4229    34.4195    299.612    289.948    -0.1351     4.6636     0.0854     0.0854     0.0217     0.0196       9130     6.3399      99.92     2.2639     1.9673         20 0.0000e+00
    143.439   75.70419  175.55198    145.000    -0.7053    -0.7051  28.082381  28.080115    34.4360    34.4327    299.284    289.253    -0.1349     4.6635     0.0866     0.0866     0.0218     0.0196       9183     6.3765      98.29     2.2645     1.9659         18 0.0000e+00
    144.428   75.70420  175.55198    146.000    -0.6912    -0.6909  28.097847  28.095604    34.4403    34.4370    299.329    289.698    -0.1348     4.6635     0.0849     0.0849     0.0218     0.0196       9214     6.3982      99.98     2.2653     1.9686         17 0.0000e+00
    145.417   75.70420  175.55200    147.000    -0.6847    -0.6861  28.104481  28.101192    34.4412    34.4384    299.212    289.558    -0.1351     4.6637     0.0840     0.0840     0.0216     0.0196       9263     6.4319     100.00     2.2648     1.9680         20 0.0000e+00
    146.406   75.70420  175.55200    148.000    -0.6719    -0.6770  28.119133  28.112003    34.4458    34.4420    299.349    289.238    -0.1366     4.6637     0.0842     0.0842     0.0216     0.0195       9358     6.4980     100.00     2.2661     1.9666         22 0.0000e+00
    147.394   75.70420  175.55202    149.000    -0.6527    -0.6525  28.139509  28.137208    34.4509    34.4476    299.499    289.375    -0.1349     4.6635     0.0924     0.0924     0.0218     0.0196       9397     6.5251      86.54     2.2679     1.9682         18 0.0000e+00
    148.383   75.70420  175.55202    150.000    -0.6469    -0.6470  28.145801  28.143337    34.4522    34.4489    299.327    289.957    -0.1333     4.6636     0.0885     0.0885     0.0217     0.0196       9435     6.5517      91.38     2.2669     1.9712         19 0.0000e+00
    149.372   75.70420  175.55204    151.000    -0.6451    -0.6434  28.148158  28.147214    34.4527    34.4494    299.239    289.727    -0.1328     4.6639     0.0848     0.0848     0.0214     0.0197       9514     6.6064      99.37     2.2662     1.9700         24 0.0000e+00
    150.361   75.70420  175.55204    152.000    -0.6238    -0.6234  28.170590  28.168816    34.4581    34.4552    299.193    289.373    -0.1318     4.6635     0.0850     0.0850     0.0218     0.0197       9582     6.6532      99.99     2.2669     1.9690         19 0.0000e+00
    151.350   75.70420  175.55205    153.000    -0.6153    -0.6152  28.179771  28.177756    34.4602    34.4573    299.092    289.149    -0.1287     4.6640     0.0862     0.0862     0.0214     0.0198       9623     6.6819     100.00     2.2666     1.9680         19 0.0000e+00
    152.338   75.70420  175.55206    154.000    -0.6112    -0.6112  28.184344  28.182228    34.4611    34.4582    298.702    288.862    -0.1352     4.6641     0.0855     0.0855     0.0213     0.0196       9668     6.7134     100.00     2.2643     1.9666         23 0.0000e+00
    153.327   75.70420  175.55207    155.000    -0.6072    -0.6063  28.189012  28.187670    34.4622    34.4594    298.361    288.611    -0.1355     4.6639     0.0946     0.0946     0.0214     0.0195       9734     6.7588      79.36     2.2623     1.9654         27 0.0000e+00
    154.316   75.70420  175.55208    156.000    -0.5876    -0.5871  28.209973  28.208119    34.4675    34.4645    298.354    288.837    -0.1342     4.6636     0.1024     0.1024     0.0217     0.0196       9793     6.8001      63.66     2.2631     1.9672         25 0.0000e+00
    155.305   75.70420  175.55209    157.000    -0.5669    -0.5668  28.231325  28.228916    34.4722    34.4688    298.489    288.776    -0.1351     4.6641     0.1023     0.1023     0.0213     0.0196       9839     6.8322      62.28     2.2648     1.9676         21 0.0000e+00
    156.294   75.70418  175.55210    158.000    -0.5449    -0.5449  28.254413  28.251657    34.4776    34.4739    298.372    288.718    -0.1321     4.6640     0.0977     0.0977     0.0213     0.0197       9886     6.8644      69.78     2.2651     1.9681         20 0.0000e+00
    157.283   75.70418  175.55210    159.000    -0.5207    -0.5192  28.278257  28.276406    34.4816    34.4774    298.379    288.654    -0.1325     4.6637     0.0964     0.0964     0.0216     0.0197       9943     6.9039      82.82     2.2662     1.9687         22 0.0000e+00
    158.271   75.70418  175.55212    160.000    -0.5066    -0.5063  28.294009  28.291922    34.4861    34.4829    298.461    288.653    -0.1335     4.6640     0.0962     0.0962     0.0214     0.0196      10006     6.9476      74.34     2.2673     1.9691         20 0.0000e+00
    159.260   75.70418  175.55212    161.000    -0.4817    -0.4814  28.319601  28.317536    34.4916    34.4886    298.402    288.554    -0.1352     4.6641     0.0872     0.0872     0.0213     0.0196      10054     6.9813      92.12     2.2681     1.9696         21 0.0000e+00
    160.249   75.70418  175.55214    162.000    -0.4619    -0.4620  28.339696  28.337388    34.4956    34.4925    298.452    287.985    -0.1367     4.6642     0.1000     0.1000     0.0212     0.0195      10095     7.0098       0.04     2.2692     1.9674         18 0.0000e+00
    161.238   75.70418  175.55214    163.000    -0.4564    -0.4561  28.345713  28.342741    34.4968    34.4925    298.431    288.654    -0.1351     4.6641     0.0987     0.0987     0.0212     0.0196      10154     7.0507       3.43     2.2692     1.9709         21 0.0000e+00
    162.227   75.70418  175.55215    164.000    -0.4503    -0.4501  28.352997  28.350938    34.4990    34.4961    298.345    288.067    -0.1349     4.6641     0.1003     0.1003     0.0213     0.0196      10224     7.0992       3.31     2.2688     1.9680         18 0.0000e+00
    163.216   75.70418  175.55216    165.000    -0.4321    -0.4314  28.372209  28.370418    34.5036    34.5003    298.303    288.003    -0.1367     4.6642     0.0994     0.0994     0.0212     0.0195      10265     7.1275       1.67     2.2693     1.9683         13 0.0000e+00
    164.204   75.70418  175.55217    166.000    -0.4104    -0.4102  28.393086  28.390912    34.5063    34.5031    298.327    288.489    -0.1349     4.6633     0.0992     0.0992     0.0220     0.0196      10303     7.1538       2.00     2.2704     1.9716         18 0.0000e+00
    165.193   75.70418  175.55218    167.000    -0.4140    -0.4143  28.390003  28.387685    34.5056    34.5029    298.034    288.444    -0.1347     4.6642     0.0987     0.0987     0.0212     0.0196      10391     7.2151       1.41     2.2682     1.9710         16 0.0000e+00
    166.182   75.70418  175.55219    168.000    -0.3882    -0.3882  28.417186  28.414970    34.5121    34.5092    297.724    288.197    -0.1366     4.6641     0.0989     0.0989     0.0213     0.0195      10459     7.2624       1.16     2.2676     1.9707         15 0.0000e+00
    167.171   75.70418  175.55220    169.000    -0.3688    -0.3671  28.436732  28.435318    34.5157    34.5119    297.526    288.053    -0.1366     4.6637     0.0972     0.0972     0.0216     0.0195      10504     7.2937      11.92     2.2672     1.9707         18 0.0000e+00
    168.159   75.70418  175.55221    170.000    -0.3451    -0.3435  28.460782  28.460321    34.5204    34.5180    297.395    287.960    -0.1366     4.6639     0.0835     0.0835     0.0214     0.0195      10622     7.3756      97.78     2.2675     1.9711         18 0.0000e+00
    169.148   75.70418  175.55222    171.000    -0.3062    -0.3061  28.500662  28.498454    34.5291    34.5260    297.232    287.643    -0.1366     4.6641     0.0846     0.0846     0.0213     0.0195      10673     7.4111      96.41     2.2684     1.9710         15 0.0000e+00
    170.137   75.70416  175.55224    172.000    -0.2985    -0.2954  28.508719  28.509747    34.5305    34.5284    297.138    287.473    -0.1350     4.6637     0.0882     0.0882     0.0216     0.0196      10734     7.4534      91.80     2.2681     1.9705         19 0.0000e+00
    171.126   75.70416  175.55225    173.000    -0.2402    -0.2351  28.567078  28.569795    34.5418    34.5396    296.369    286.485    -0.1366     4.6642     0.0917     0.0917     0.0212     0.0195      10841     7.5276      86.76     2.2665     1.9680         21 0.0000e+00
    172.114   75.70416  175.55226    174.000    -0.2006    -0.2010  28.607119  28.604406    34.5498    34.5466    296.201    286.102    -0.1351     4.6642     0.0918     0.0918     0.0212     0.0196      10894     7.5648      87.63     2.2674     1.9674         20 0.0000e+00
    173.103   75.70416  175.55228    175.000    -0.2078    -0.1977  28.599907  28.607782    34.5477    34.5467    295.854    286.039    -0.1338     4.6642     0.0919     0.0919     0.0212     0.0196      10964     7.6131      85.90     2.2647     1.9670         22 0.0000e+00
    174.092   75.70416  175.55229    176.000    -0.1754    -0.1737  28.633739  28.633013    34.5555    34.5526    295.617    285.979    -0.1366     4.6643     0.0931     0.0931     0.0211     0.0195      11048     7.6713      85.42     2.2648     1.9676         18 0.0000e+00
