Continuous CTD Data/SBE Stage/nabos_42_01.ros
* Sea-Bird SBE 9 Data File:
* FileName = D:\CTD\data\HLY2502\raw\NABOS_42_01.hex
* Software Version Seasave V 7.26.7.110
* Temperature SN = 6954
* Conductivity SN = 2561
* Number of Bytes Per Scan = 37
* Number of Voltage Words = 4
* Number of Scans Averaged by the Deck Unit = 1
* NMEA Latitude = 80 14.10 N
* NMEA Longitude = 125 56.70 E
* NMEA UTC (Time) = Sep 27 2025  13:25:46
* NMEA baud rate = 9600
** Ship: USCG HEALY
** Bot. Depth:  3554
** Cast Number:  01
** Station Name:  NABOS
** Station Number:  42
** Operator:  STARC
# nquan = 25
# nvalues = 1029                                  
# units = specified
# name 0 = depSM: Depth [salt water, m]
# name 1 = latitude: Latitude [deg]
# name 2 = longitude: Longitude [deg]
# name 3 = prDM: Pressure, Digiquartz [db]
# name 4 = t090C: Temperature [ITS-90, deg C]
# name 5 = t190C: Temperature, 2 [ITS-90, deg C]
# name 6 = c0mS/cm: Conductivity [mS/cm]
# name 7 = c1mS/cm: Conductivity, 2 [mS/cm]
# name 8 = sal00: Salinity, Practical [PSU]
# name 9 = sal11: Salinity, Practical, 2 [PSU]
# name 10 = sbox0Mm/Kg: Oxygen, SBE 43 [umol/kg]
# name 11 = sbox1Mm/Kg: Oxygen, SBE 43, 2 [umol/kg]
# name 12 = flECO-AFL: Fluorescence, WET Labs ECO-AFL/FL [mg/m^3]
# name 13 = v2: Voltage 2
# name 14 = wetCDOM: Fluorescence, WET Labs CDOM [mg/m^3]
# name 15 = v6: Voltage 6
# name 16 = CStarAt0: Beam Attenuation, WET Labs C-Star [1/m]
# name 17 = v3: Voltage 3
# name 18 = scan: Scan Count
# name 19 = timeM: Time, Elapsed [minutes]
# name 20 = altM: Altimeter [m]
# name 21 = sbeox0V: Oxygen raw, SBE 43 [V]
# name 22 = sbeox1V: Oxygen raw, SBE 43, 2 [V]
# name 23 = nbf: Bottles Fired
# name 24 = flag:  0.000e+00
# interval = seconds: 0.0416667
# start_time = Sep 27 2025 13:25:46 [NMEA time, header]
# bad_flag = -9.990e-29
*END*
[from data line 406]
    149.986   80.23552  125.96360    151.647     1.1618     1.1615  29.883020  29.880650    34.7045    34.7018    295.673    290.282    -0.1671     4.6264     0.0830     0.0830     0.0538     0.0183      88004    61.1132     100.00     2.3429     2.0538          9  0.000e+00
    150.035   80.23552  125.96360    151.697     1.1622     1.1615  29.883021  29.880474    34.7040    34.7016    295.673    290.284    -0.1671     4.6264     0.0830     0.0830     0.0538     0.0183      88005    61.1139     100.00     2.3429     2.0538          9  0.000e+00
    149.970   80.23552  125.96360    151.630     1.1620     1.1616  29.882833  29.880415    34.7041    34.7013    295.477    290.281    -0.1671     4.6264     0.0830     0.0830     0.0538     0.0183      88006    61.1146     100.00     2.3417     2.0538          9  0.000e+00
    149.986   80.23552  125.96360    151.647     1.1619     1.1616  29.882958  29.880416    34.7043    34.7013    295.673    290.281    -0.1671     4.6264     0.0830     0.0830     0.0538     0.0183      88007    61.1153     100.00     2.3429     2.0538          9  0.000e+00
    150.035   80.23552  125.96360    151.697     1.1621     1.1613  29.883083  29.880416    34.7042    34.7017    295.673    290.285    -0.1671     4.6264     0.0830     0.0830     0.0538     0.0183      88008    61.1160     100.00     2.3429     2.0538          9  0.000e+00
    150.035   80.23552  125.96360    151.697     1.1622     1.1615  29.883021  29.880298    34.7040    34.7013    295.673    290.285    -0.1366     4.6264     0.0830     0.0830     0.0538     0.0195      88009    61.1167     100.00     2.3429     2.0538          9  0.000e+00
    149.920   80.23552  125.96360    151.580     1.1620     1.1612  29.883207  29.880357    34.7046    34.7017    295.864    290.281    -0.1671     4.6264     0.0830     0.0830     0.0538     0.0183      88010    61.1174     100.00     2.3441     2.0538          9  0.000e+00
    150.035   80.23552  125.96360    151.697     1.1620     1.1615  29.882896  29.880416    34.7041    34.7015    295.675    290.515    -0.1976     4.6252     0.0830     0.0830     0.0548     0.0171      88011    61.1181     100.00     2.3429     2.0550          9  0.000e+00
    150.035   80.23552  125.96360    151.697     1.1620     1.1613  29.882958  29.880416    34.7041    34.7017    295.674    290.516    -0.1671     4.6264     0.0830     0.0830     0.0538     0.0183      88012    61.1187     100.00     2.3429     2.0550          9  0.000e+00
    149.912   80.23552  125.96360    151.572     1.1620     1.1615  29.883083  29.880181    34.7044    34.7013    295.474    290.511    -0.1671     4.6276     0.0830     0.0830     0.0527     0.0183      88013    61.1194     100.00     2.3417     2.0550          9  0.000e+00
    150.101   80.23552  125.96360    151.763     1.1622     1.1613  29.883270  29.880299    34.7043    34.7015    295.675    290.519    -0.1671     4.6276     0.0830     0.0830     0.0527     0.0183      88014    61.1201     100.00     2.3429     2.0550          9  0.000e+00
    149.970   80.23552  125.96360    151.630     1.1618     1.1615  29.882896  29.880063    34.7043    34.7011    295.673    290.745    -0.1671     4.6276     0.0830     0.0830     0.0527     0.0183      88015    61.1208     100.00     2.3429     2.0562          9  0.000e+00
    149.970   80.23552  125.96360    151.630     1.1620     1.1615  29.883145  29.880298    34.7044    34.7014    295.671    290.513    -0.1366     4.6276     0.0830     0.0830     0.0527     0.0195      88016    61.1215     100.00     2.3429     2.0550          9  0.000e+00
    149.986   80.23552  125.96360    151.647     1.1618     1.1614  29.882896  29.880181    34.7043    34.7013    295.673    290.514    -0.1671     4.6276     0.0830     0.0830     0.0527     0.0183      88017    61.1222     100.00     2.3429     2.0550          9  0.000e+00
    150.035   80.23552  125.96360    151.697     1.1621     1.1612  29.882771  29.880533    34.7038    34.7020    295.674    290.517    -0.1671     4.6276     0.0830     0.0830     0.0527     0.0183      88018    61.1229     100.00     2.3429     2.0550          9  0.000e+00
    149.970   80.23552  125.96360    151.630     1.1622     1.1615  29.882958  29.880239    34.7040    34.7013    295.670    290.513    -0.1671     4.6264     0.0830     0.0830     0.0538     0.0183      88019    61.1236     100.00     2.3429     2.0550          9  0.000e+00
    149.986   80.23552  125.96360    151.647     1.1620     1.1613  29.883020  29.880298    34.7043    34.7016    295.672    290.515    -0.1671     4.6276     0.0830     0.0830     0.0527     0.0183      88020    61.1243     100.00     2.3429     2.0550          9  0.000e+00
    149.970   80.23552  125.96360    151.630     1.1622     1.1616  29.883270  29.880415    34.7044    34.7013    295.669    290.743    -0.1671     4.6264     0.0830     0.0830     0.0538     0.0183      88021    61.1250     100.00     2.3429     2.0562          9  0.000e+00
    150.035   80.23552  125.96360    151.697     1.1621     1.1615  29.883332  29.880298    34.7045    34.7013    295.672    290.747    -0.1976     4.6264     0.0830     0.0830     0.0538     0.0171      88022    61.1257     100.00     2.3429     2.0562          9  0.000e+00
    149.986   80.23552  125.96360    151.647     1.1620     1.1615  29.883145  29.880122    34.7044    34.7011    295.867    290.514    -0.1671     4.6276     0.0830     0.0830     0.0527     0.0183      88023    61.1264     100.00     2.3441     2.0550          9  0.000e+00
    150.035   80.23552  125.96360    151.697     1.1621     1.1612  29.883021  29.880298    34.7041    34.7016    295.673    290.517    -0.1671     4.6264     0.0830     0.0830     0.0538     0.0183      88024    61.1271     100.00     2.3429     2.0550          9  0.000e+00
    149.970   80.23552  125.96360    151.630     1.1621     1.1612  29.883020  29.880592    34.7041    34.7021    295.670    290.514    -0.1976     4.6264     0.0830     0.0830     0.0538     0.0171      88025    61.1278     100.00     2.3429     2.0550          9  0.000e+00
    150.035   80.23552  125.96360    151.697     1.1622     1.1615  29.883021  29.880474    34.7040    34.7016    295.673    290.746    -0.1671     4.6264     0.0830     0.0830     0.0538     0.0183      88026    61.1285     100.00     2.3429     2.0562          9  0.000e+00
    149.986   80.23552  125.96360    151.647     1.1620     1.1613  29.882833  29.880181    34.7041    34.7014    295.672    290.746    -0.1976     4.6276     0.0830     0.0830     0.0527     0.0171      88027    61.1292     100.00     2.3429     2.0562          9  0.000e+00
    149.970   80.23552  125.96360    151.630     1.1622     1.1613  29.882958  29.880474    34.7040    34.7018    295.670    290.744    -0.1671     4.6264     0.0830     0.0830     0.0538     0.0183      88028    61.1299     100.00     2.3429     2.0562          9  0.000e+00
    149.970   80.23552  125.96360    151.630     1.1621     1.1615  29.883020  29.880063    34.7041    34.7011    295.670    290.745    -0.1366     4.6264     0.0830     0.0830     0.0538     0.0195      88029    61.1306     100.00     2.3429     2.0562          9  0.000e+00
    150.044   80.23552  125.96360    151.705     1.1618     1.1615  29.883270  29.880474    34.7048    34.7016    295.674    290.746    -0.1671     4.6276     0.0830     0.0830     0.0527     0.0183      88030    61.1313     100.00     2.3429     2.0562          9  0.000e+00
    149.970   80.23552  125.96360    151.630     1.1622     1.1612  29.883083  29.880240    34.7041    34.7016    295.670    290.514    -0.1366     4.6264     0.0830     0.0830     0.0538     0.0195      88031    61.1319     100.00     2.3429     2.0550          9  0.000e+00
    150.035   80.23552  125.96360    151.697     1.1621     1.1615  29.883208  29.880533    34.7043    34.7016    295.672    290.515    -0.1671     4.6276     0.0842     0.0842     0.0527     0.0183      88032    61.1326     100.00     2.3429     2.0550          9  0.000e+00
    149.986   80.23552  125.96360    151.647     1.1623     1.1613  29.883083  29.880240    34.7040    34.7015    295.670    290.515    -0.1671     4.6276     0.0842     0.0842     0.0527     0.0183      88033    61.1333     100.00     2.3429     2.0550          9  0.000e+00
    150.035   80.23552  125.96360    151.697     1.1621     1.1615  29.883208  29.880474    34.7043    34.7016    295.477    290.515    -0.1366     4.6276     0.0855     0.0855     0.0527     0.0195      88034    61.1340     100.00     2.3417     2.0550          9  0.000e+00
    149.970   80.23552  125.96360    151.630     1.1623     1.1615  29.883332  29.880063    34.7044    34.7011    295.668    290.745    -0.1671     4.6276     0.0855     0.0855     0.0527     0.0183      88035    61.1347     100.00     2.3429     2.0562          9  0.000e+00
    149.986   80.23552  125.96360    151.647     1.1623     1.1615  29.883083  29.880240    34.7040    34.7013    295.670    290.514    -0.1671     4.6276     0.0855     0.0855     0.0527     0.0183      88036    61.1354     100.00     2.3429     2.0550          9  0.000e+00
    150.035   80.23552  125.96360    151.697     1.1621     1.1613  29.883021  29.880416    34.7041    34.7017    295.673    290.516    -0.1671     4.6276     0.0855     0.0855     0.0527     0.0183      88037    61.1361     100.00     2.3429     2.0550          9  0.000e+00
    149.970   80.23552  125.96360    151.630     1.1622     1.1614  29.882833  29.880181    34.7038    34.7013    295.670    290.513    -0.1671     4.6276     0.0855     0.0855     0.0527     0.0183      88038    61.1368     100.00     2.3429     2.0550          9  0.000e+00
    129.784   80.23554  125.96416    131.215     0.2881     0.2885  28.987968  28.986067    34.5291    34.5262    305.123    299.789    -0.1366     4.6264     0.0842     0.0842     0.0538     0.0195      90342    62.7368     100.00     2.3573     2.0670         10  0.000e+00
    129.784   80.23554  125.96416    131.215     0.2883     0.2884  28.987783  28.986183    34.5287    34.5264    305.122    299.789    -0.1366     4.6264     0.0830     0.0830     0.0538     0.0195      90343    62.7375     100.00     2.3573     2.0670         10  0.000e+00
    129.759   80.23554  125.96416    131.190     0.2884     0.2885  28.987967  28.985951    34.5288    34.5261    304.920    300.025    -0.1366     4.6252     0.0842     0.0842     0.0548     0.0195      90344    62.7382     100.00     2.3561     2.0682         10  0.000e+00
    129.841   80.23554  125.96416    131.273     0.2883     0.2885  28.988214  28.985894    34.5292    34.5259    304.723    300.501    -0.1366     4.6264     0.0842     0.0842     0.0538     0.0195      90345    62.7389     100.00     2.3549     2.0706         10  0.000e+00
    129.726   80.23554  125.96416    131.156     0.2883     0.2885  28.988214  28.986067    34.5292    34.5262    304.918    300.496    -0.1366     4.6264     0.0842     0.0842     0.0538     0.0195      90346    62.7396     100.00     2.3561     2.0706         10  0.000e+00
    129.784   80.23554  125.96416    131.215     0.2883     0.2885  28.987844  28.985951    34.5288    34.5260    305.122    300.499    -0.1366     4.6264     0.0842     0.0842     0.0538     0.0195      90347    62.7403     100.00     2.3573     2.0706         10  0.000e+00
    129.784   80.23554  125.96416    131.215     0.2883     0.2882  28.987968  28.985893    34.5289    34.5262    305.122    300.264    -0.1366     4.6264     0.0842     0.0842     0.0538     0.0195      90348    62.7410     100.00     2.3573     2.0694         10  0.000e+00
    129.841   80.23554  125.96416    131.273     0.2883     0.2881  28.988029  28.985720    34.5290    34.5261    304.924    300.031    -0.1366     4.6264     0.0842     0.0842     0.0538     0.0195      90349    62.7417     100.00     2.3561     2.0682         10  0.000e+00
    129.784   80.23554  125.96416    131.215     0.2884     0.2878  28.987968  28.986010    34.5288    34.5269    305.120    299.793    -0.1366     4.6264     0.0842     0.0842     0.0538     0.0195      90350    62.7424     100.00     2.3573     2.0670         10  0.000e+00
    129.726   80.23554  125.96416    131.156     0.2880     0.2877  28.987597  28.985545    34.5287    34.5265    304.922    299.793    -0.1061     4.6264     0.0842     0.0842     0.0538     0.0208      90351    62.7431     100.00     2.3561     2.0670         10  0.000e+00
    129.784   80.23554  125.96416    131.215     0.2883     0.2875  28.987844  28.985139    34.5288    34.5260    305.122    299.797    -0.1366     4.6264     0.0842     0.0842     0.0538     0.0195      90352    62.7437     100.00     2.3573     2.0670         10  0.000e+00
    129.841   80.23554  125.96416    131.273     0.2881     0.2875  28.987844  28.985488    34.5289    34.5265    304.925    299.562    -0.1366     4.6264     0.0842     0.0842     0.0538     0.0195      90353    62.7444     100.00     2.3561     2.0657         10  0.000e+00
    129.759   80.23554  125.96416    131.190     0.2883     0.2872  28.987659  28.985429    34.5286    34.5268    304.921    299.324    -0.1366     4.6264     0.0842     0.0842     0.0538     0.0195      90354    62.7451     100.00     2.3561     2.0645         10  0.000e+00
    129.784   80.23554  125.96416    131.215     0.2883     0.2877  28.987474  28.984965    34.5283    34.5257    304.923    299.087    -0.1366     4.6252     0.0842     0.0842     0.0548     0.0195      90355    62.7458     100.00     2.3561     2.0633         10  0.000e+00
    129.784   80.23554  125.96416    131.215     0.2883     0.2877  28.987659  28.985023    34.5285    34.5257    305.122    299.323    -0.1061     4.6264     0.0855     0.0855     0.0538     0.0208      90356    62.7465     100.00     2.3573     2.0645         10  0.000e+00
    129.784   80.23554  125.96416    131.215     0.2884     0.2877  28.987782  28.985081    34.5285    34.5258    305.121    299.560    -0.1366     4.6252     0.0855     0.0855     0.0548     0.0195      90357    62.7472     100.00     2.3573     2.0657         10  0.000e+00
    129.784   80.23554  125.96416    131.215     0.2883     0.2878  28.987906  28.984907    34.5289    34.5254    304.922    299.796    -0.1366     4.6252     0.0855     0.0855     0.0548     0.0195      90358    62.7479     100.00     2.3561     2.0670         10  0.000e+00
    129.784   80.23554  125.96416    131.215     0.2883     0.2878  28.987783  28.985197    34.5287    34.5258    305.122    300.032    -0.1366     4.6264     0.0855     0.0855     0.0538     0.0195      90359    62.7486     100.00     2.3573     2.0682         10  0.000e+00
    129.784   80.23554  125.96416    131.215     0.2882     0.2877  28.987968  28.985371    34.5290    34.5262    304.922    300.032    -0.1366     4.6264     0.0855     0.0855     0.0538     0.0195      90360    62.7493     100.00     2.3561     2.0682         10  0.000e+00
    129.784   80.23554  125.96416    131.215     0.2883     0.2875  28.987844  28.985139    34.5288    34.5260    304.922    300.033    -0.1366     4.6252     0.0855     0.0855     0.0548     0.0195      90361    62.7500     100.00     2.3561     2.0682         10  0.000e+00
    129.784   80.23554  125.96416    131.215     0.2883     0.2878  28.987906  28.984907    34.5289    34.5255    304.722    299.796    -0.1366     4.6252     0.0855     0.0855     0.0548     0.0195      90362    62.7507     100.00     2.3549     2.0670         10  0.000e+00
    129.784   80.23554  125.96416    131.215     0.2886     0.2874  28.987968  28.985023    34.5286    34.5261    304.919    299.798    -0.1366     4.6252     0.0842     0.0842     0.0548     0.0195      90363    62.7514     100.00     2.3561     2.0670         10  0.000e+00
