Continuous CTD Data/SBE Stage/nabos_06_01.ros
* Sea-Bird SBE 9 Data File:
* FileName = D:\CTD\data\HLY2502\raw\NABOS_06_01.hex
* Software Version Seasave V 7.26.7.110
* Temperature SN = 6954
* Conductivity SN = 2561
* Number of Bytes Per Scan = 37
* Number of Voltage Words = 4
* Number of Scans Averaged by the Deck Unit = 1
* NMEA Latitude = 75 26.04 N
* NMEA Longitude = 173 41.44 E
* NMEA UTC (Time) = Sep 12 2025  12:20:28
* NMEA baud rate = 9600
** Ship: USCG HEALY
** Bot. Depth:  204
** Cast Number:  01
** Station Name:  NABOS
** Station Number:  06
** Operator:  STARC
# nquan = 25
# nvalues = 980                                   
# units = specified
# name 0 = depSM: Depth [salt water, m]
# name 1 = latitude: Latitude [deg]
# name 2 = longitude: Longitude [deg]
# name 3 = prDM: Pressure, Digiquartz [db]
# name 4 = t090C: Temperature [ITS-90, deg C]
# name 5 = t190C: Temperature, 2 [ITS-90, deg C]
# name 6 = c0mS/cm: Conductivity [mS/cm]
# name 7 = c1mS/cm: Conductivity, 2 [mS/cm]
# name 8 = sal00: Salinity, Practical [PSU]
# name 9 = sal11: Salinity, Practical, 2 [PSU]
# name 10 = sbox0Mm/Kg: Oxygen, SBE 43 [umol/kg]
# name 11 = sbox1Mm/Kg: Oxygen, SBE 43, 2 [umol/kg]
# name 12 = flECO-AFL: Fluorescence, WET Labs ECO-AFL/FL [mg/m^3]
# name 13 = v2: Voltage 2
# name 14 = wetCDOM: Fluorescence, WET Labs CDOM [mg/m^3]
# name 15 = v6: Voltage 6
# name 16 = CStarAt0: Beam Attenuation, WET Labs C-Star [1/m]
# name 17 = v3: Voltage 3
# name 18 = scan: Scan Count
# name 19 = timeM: Time, Elapsed [minutes]
# name 20 = altM: Altimeter [m]
# name 21 = sbeox0V: Oxygen raw, SBE 43 [V]
# name 22 = sbeox1V: Oxygen raw, SBE 43, 2 [V]
# name 23 = nbf: Bottles Fired
# name 24 = flag:  0.000e+00
# interval = seconds: 0.0416667
# start_time = Sep 12 2025 12:20:28 [NMEA time, header]
# bad_flag = -9.990e-29
*END*
[from data line 290]
    100.314   75.43284  173.69098    101.394    -1.2224    -1.2240  27.399376  27.395422    34.1218    34.1182    291.284    284.795    -0.1366     4.6593     0.0928     0.0928     0.0254     0.0195      37966    26.3646     100.00     2.1963     1.9263          6  0.000e+00
    100.182   75.43284  173.69098    101.261    -1.2225    -1.2243  27.399678  27.395536    34.1225    34.1187    291.488    284.544    -0.1366     4.6593     0.0928     0.0928     0.0254     0.0195      37967    26.3653     100.00     2.1975     1.9250          6  0.000e+00
    100.256   75.43284  173.69098    101.336    -1.2224    -1.2241  27.399678  27.395649    34.1223    34.1187    291.490    284.298    -0.1366     4.6593     0.0928     0.0928     0.0254     0.0195      37968    26.3660     100.00     2.1975     1.9238          6  0.000e+00
    100.256   75.43284  173.69098    101.336    -1.2225    -1.2241  27.399799  27.395649    34.1226    34.1187    291.491    284.051    -0.1366     4.6593     0.0928     0.0928     0.0254     0.0195      37969    26.3667     100.00     2.1975     1.9226          6  0.000e+00
     84.982   75.43276  173.69124     85.894    -1.3068    -1.3069  27.154182  27.151250    33.8906    33.8868    279.192    270.581    -0.1366     4.6545     0.1026     0.1026     0.0296     0.0195      40511    28.1319      92.23     2.1217     1.8530          7  0.000e+00
     84.802   75.43276  173.69124     85.712    -1.3068    -1.3071  27.154242  27.151306    33.8908    33.8871    279.185    270.823    -0.1366     4.6545     0.1038     0.1038     0.0296     0.0195      40512    28.1326      92.33     2.1217     1.8542          7  0.000e+00
     84.982   75.43276  173.69124     85.894    -1.3069    -1.3069  27.154423  27.151024    33.8911    33.8864    279.401    271.573    -0.1366     4.6545     0.1026     0.1026     0.0296     0.0195      40513    28.1333      92.65     2.1230     1.8579          7  0.000e+00
     85.040   75.43276  173.69124     85.952    -1.3066    -1.3071  27.154062  27.151080    33.8902    33.8867    279.403    271.824    -0.1366     4.6545     0.1026     0.1026     0.0296     0.0195      40514    28.1340      92.50     2.1230     1.8591          7  0.000e+00
     84.925   75.43276  173.69124     85.836    -1.3069    -1.3073  27.154483  27.151307    33.8912    33.8873    279.189    271.324    -0.1366     4.6545     0.1026     0.1026     0.0296     0.0195      40515    28.1347      92.31     2.1217     1.8566          7  0.000e+00
     84.925   75.43276  173.69124     85.836    -1.3069    -1.3069  27.154363  27.151193    33.8910    33.8867    279.190    270.827    -0.1366     4.6545     0.1026     0.1026     0.0296     0.0195      40516    28.1354      92.19     2.1217     1.8542          7  0.000e+00
     84.925   75.43276  173.69124     85.836    -1.3066    -1.3069  27.154423  27.151307    33.8908    33.8869    279.188    270.331    -0.1366     4.6545     0.1026     0.1026     0.0296     0.0195      40517    28.1361      92.16     2.1217     1.8517          7  0.000e+00
     84.982   75.43276  173.69124     85.894    -1.3069    -1.3069  27.154483  27.151194    33.8912    33.8867    279.401    270.086    -0.1366     4.6545     0.1026     0.1026     0.0296     0.0195      40518    28.1368      92.41     2.1230     1.8505          7  0.000e+00
     84.925   75.43276  173.69124     85.836    -1.3068    -1.3071  27.154483  27.151137    33.8911    33.8868    279.398    269.837    -0.1366     4.6545     0.1026     0.1026     0.0296     0.0195      40519    28.1375      92.21     2.1230     1.8493          7  0.000e+00
     84.925   75.43276  173.69124     85.836    -1.3068    -1.3069  27.154483  27.151137    33.8911    33.8866    279.398    269.588    -0.1366     4.6545     0.1026     0.1026     0.0296     0.0195      40520    28.1382      92.09     2.1230     1.8481          7  0.000e+00
     84.982   75.43276  173.69124     85.894    -1.3066    -1.3068  27.154483  27.151137    33.8909    33.8865    279.190    269.590    -0.1366     4.6545     0.1038     0.1038     0.0296     0.0195      40521    28.1389      92.04     2.1217     1.8481          7  0.000e+00
     84.982   75.43276  173.69124     85.894    -1.3068    -1.3071  27.154664  27.151477    33.8913    33.8873    279.400    270.086    -0.1366     4.6545     0.1026     0.1026     0.0296     0.0195      40522    28.1396      92.21     2.1230     1.8505          7  0.000e+00
     84.917   75.43276  173.69124     85.828    -1.3066    -1.3068  27.154724  27.151420    33.8912    33.8869    279.187    270.577    -0.1366     4.6545     0.1026     0.1026     0.0296     0.0195      40523    28.1403      92.28     2.1217     1.8530          7  0.000e+00
     84.982   75.43276  173.69124     85.894    -1.3069    -1.3069  27.154544  27.151194    33.8913    33.8867    279.191    271.077    -0.1061     4.6545     0.1026     0.1026     0.0296     0.0208      40524    28.1410      92.06     2.1217     1.8554          7  0.000e+00
     84.925   75.43276  173.69124     85.836    -1.3064    -1.3065  27.154905  27.151307    33.8913    33.8864    279.185    271.320    -0.1061     4.6532     0.1026     0.1026     0.0306     0.0208      40525    28.1417      91.99     2.1217     1.8566          7  0.000e+00
     84.982   75.43276  173.69124     85.894    -1.3068    -1.3067  27.155025  27.151590    33.8918    33.8869    279.189    271.322    -0.0755     4.6545     0.1026     0.1026     0.0296     0.0220      40526    28.1424      91.92     2.1217     1.8566          7  0.000e+00
     84.982   75.43276  173.69124     85.894    -1.3068    -1.3068  27.154664  27.151477    33.8913    33.8869    279.190    271.571    -0.0755     4.6532     0.1026     0.1026     0.0306     0.0220      40527    28.1431      91.94     2.1217     1.8579          7  0.000e+00
     84.859   75.43276  173.69124     85.770    -1.3066    -1.3069  27.154905  27.151420    33.8915    33.8871    279.393    270.824    -0.0755     4.6545     0.1026     0.1026     0.0296     0.0220      40528    28.1438      91.87     2.1230     1.8542          7  0.000e+00
     85.040   75.43276  173.69124     85.952    -1.3066    -1.3068  27.155206  27.151590    33.8918    33.8870    279.190    270.582    -0.0755     4.6532     0.1038     0.1038     0.0306     0.0220      40529    28.1444      91.72     2.1217     1.8530          7  0.000e+00
     84.982   75.43276  173.69124     85.894    -1.3066    -1.3068  27.155266  27.151590    33.8919    33.8871    279.397    270.332    -0.0755     4.6545     0.1038     0.1038     0.0296     0.0220      40530    28.1451      91.62     2.1230     1.8517          7  0.000e+00
     84.925   75.43276  173.69124     85.836    -1.3066    -1.3069  27.155688  27.151420    33.8925    33.8870    279.184    270.578    -0.1061     4.6532     0.1038     0.1038     0.0306     0.0208      40531    28.1458      91.70     2.1217     1.8530          7  0.000e+00
     84.982   75.43276  173.69124     85.894    -1.3066    -1.3068  27.155567  27.151590    33.8923    33.8871    279.187    270.827    -0.0755     4.6532     0.1038     0.1038     0.0306     0.0220      40532    28.1465      91.65     2.1217     1.8542          7  0.000e+00
     84.982   75.43276  173.69124     85.894    -1.3068    -1.3068  27.155567  27.151703    33.8925    33.8872    279.188    271.322    -0.1061     4.6532     0.1038     0.1038     0.0306     0.0208      40533    28.1472      91.77     2.1217     1.8566          7  0.000e+00
     84.925   75.43276  173.69124     85.836    -1.3069    -1.3068  27.155507  27.151873    33.8926    33.8875    279.186    271.320    -0.0755     4.6532     0.1026     0.1026     0.0306     0.0220      40534    28.1479      92.06     2.1217     1.8566          7  0.000e+00
     84.982   75.43276  173.69124     85.894    -1.3066    -1.3066  27.155688  27.151930    33.8925    33.8873    279.186    271.568    -0.1061     4.6545     0.1038     0.1038     0.0296     0.0208      40535    28.1486      92.06     2.1217     1.8579          7  0.000e+00
     84.925   75.43276  173.69124     85.836    -1.3068    -1.3066  27.155447  27.151760    33.8924    33.8872    279.186    271.814    -0.0755     4.6532     0.1026     0.1026     0.0306     0.0220      40536    28.1493      92.21     2.1217     1.8591          7  0.000e+00
     85.040   75.43276  173.69124     85.952    -1.3068    -1.3068  27.155868  27.151817    33.8929    33.8874    278.979    272.067    -0.1061     4.6532     0.1026     0.1026     0.0306     0.0208      40537    28.1500      92.31     2.1205     1.8603          7  0.000e+00
     84.982   75.43276  173.69124     85.894    -1.3068    -1.3068  27.155627  27.151703    33.8926    33.8872    279.187    271.818    -0.1061     4.6545     0.1038     0.1038     0.0296     0.0208      40538    28.1507      91.79     2.1217     1.8591          7  0.000e+00
     84.925   75.43276  173.69124     85.836    -1.3066    -1.3071  27.155748  27.151703    33.8926    33.8876    279.184    271.570    -0.0755     4.6532     0.1038     0.1038     0.0306     0.0220      40539    28.1514      91.50     2.1217     1.8579          7  0.000e+00
     84.982   75.43276  173.69124     85.894    -1.3064    -1.3068  27.155567  27.151703    33.8922    33.8872    279.186    271.818    -0.1061     4.6532     0.1038     0.1038     0.0306     0.0208      40540    28.1521      91.43     2.1217     1.8591          7  0.000e+00
     84.982   75.43276  173.69124     85.894    -1.3068    -1.3069  27.155748  27.151703    33.8928    33.8874    279.396    271.571    -0.0755     4.6532     0.1038     0.1038     0.0306     0.0220      40541    28.1528      91.79     2.1230     1.8579          7  0.000e+00
     84.925   75.43276  173.69124     85.836    -1.3064    -1.3069  27.155386  27.152043    33.8919    33.8879    279.184    271.072    -0.1061     4.6532     0.1026     0.1026     0.0306     0.0208      40542    28.1535      91.92     2.1217     1.8554          7  0.000e+00
     84.982   75.43276  173.69124     85.894    -1.3066    -1.3069  27.155627  27.151816    33.8924    33.8875    279.186    271.075    -0.0755     4.6532     0.1026     0.1026     0.0306     0.0220      40543    28.1542      91.82     2.1217     1.8554          7  0.000e+00
     84.982   75.43276  173.69124     85.894    -1.3066    -1.3068  27.155808  27.151477    33.8927    33.8869    279.186    272.314    -0.1061     4.6532     0.1038     0.1038     0.0306     0.0208      40544    28.1549      91.92     2.1217     1.8615          7  0.000e+00
     84.982   75.43276  173.69124     85.894    -1.3069    -1.3068  27.156169  27.151930    33.8935    33.8876    279.186    274.295    -0.0755     4.6532     0.1038     0.1038     0.0306     0.0220      40545    28.1556      91.94     2.1217     1.8713          7  0.000e+00
     84.925   75.43276  173.69124     85.836    -1.3066    -1.3068  27.155928  27.151930    33.8929    33.8876    279.183    275.779    -0.0755     4.6545     0.1026     0.1026     0.0296     0.0220      40546    28.1563      92.04     2.1217     1.8786          7  0.000e+00
     84.982   75.43276  173.69124     85.894    -1.3066    -1.3066  27.155989  27.152100    33.8929    33.8876    279.185    276.275    -0.1061     4.6545     0.1026     0.1026     0.0296     0.0208      40547    28.1569      91.97     2.1217     1.8811          7  0.000e+00
     84.982   75.43276  173.69124     85.894    -1.3066    -1.3066  27.155868  27.151986    33.8928    33.8874    279.186    276.275    -0.1061     4.6545     0.1038     0.1038     0.0296     0.0208      40548    28.1576      91.84     2.1217     1.8811          7  0.000e+00
     84.982   75.43276  173.69124     85.894    -1.3068    -1.3069  27.155808  27.151533    33.8929    33.8871    279.187    276.279    -0.0755     4.6545     0.1038     0.1038     0.0296     0.0220      40549    28.1583      91.79     2.1217     1.8811          7  0.000e+00
     84.859   75.43276  173.69124     85.769    -1.3064    -1.3068  27.155808  27.151590    33.8926    33.8872    279.389    276.025    -0.0755     4.6545     0.1026     0.1026     0.0296     0.0220      40550    28.1590      91.79     2.1230     1.8798          7  0.000e+00
     85.105   75.43276  173.69124     86.018    -1.3068    -1.3068  27.155989  27.151873    33.8930    33.8874    279.191    276.034    -0.1061     4.6545     0.1038     0.1038     0.0296     0.0208      40551    28.1597      91.77     2.1217     1.8798          7  0.000e+00
     84.925   75.43276  173.69124     85.836    -1.3066    -1.3066  27.156229  27.152043    33.8933    33.8875    279.182    275.778    -0.0755     4.6545     0.1038     0.1038     0.0296     0.0220      40552    28.1604      91.58     2.1217     1.8786          7  0.000e+00
     84.925   75.43276  173.69124     85.836    -1.3069    -1.3069  27.155928  27.151930    33.8932    33.8877    279.185    275.532    -0.1061     4.6545     0.1050     0.1050     0.0296     0.0208      40553    28.1611      91.77     2.1217     1.8774          7  0.000e+00
     84.982   75.43276  173.69124     85.894    -1.3066    -1.3068  27.155808  27.152269    33.8927    33.8880    279.186    275.532    -0.0755     4.6545     0.1038     0.1038     0.0296     0.0220      40554    28.1618      91.82     2.1217     1.8774          7  0.000e+00
     84.982   75.43276  173.69124     85.894    -1.3066    -1.3068  27.156169  27.152043    33.8932    33.8877    279.185    275.285    -0.0755     4.6545     0.1050     0.1050     0.0296     0.0220      40555    28.1625      91.70     2.1217     1.8762          7  0.000e+00
     84.859   75.43276  173.69124     85.769    -1.3068    -1.3068  27.155928  27.151929    33.8931    33.8876    278.972    275.033    -0.1061     4.6545     0.1050     0.1050     0.0296     0.0208      40556    28.1632      91.53     2.1205     1.8750          7  0.000e+00
     85.105   75.43276  173.69124     86.018    -1.3066    -1.3068  27.155808  27.151930    33.8926    33.8875    278.981    274.299    -0.1061     4.6545     0.1038     0.1038     0.0296     0.0208      40557    28.1639      91.50     2.1205     1.8713          7  0.000e+00
     84.859   75.43276  173.69126     85.769    -1.3066    -1.3068  27.155567  27.151533    33.8924    33.8871    279.182    272.805    -0.0755     4.6545     0.1050     0.1050     0.0296     0.0220      40558    28.1646      91.40     2.1217     1.8640          7  0.000e+00
     84.982   75.43276  173.69126     85.894    -1.3066    -1.3068  27.155567  27.151930    33.8923    33.8876    279.396    271.569    -0.0755     4.6545     0.1050     0.1050     0.0296     0.0220      40559    28.1653      91.58     2.1230     1.8579          7  0.000e+00
     70.382   75.43276  173.69156     71.135    -1.4576    -1.4582  26.831227  26.829298    33.6257    33.6237    275.250    270.613    -0.0450     4.6520     0.1062     0.1062     0.0317     0.0232      43767    30.3931      92.77     2.0912     1.8469          8  0.000e+00
     70.259   75.43276  173.69156     71.010    -1.4580    -1.4583  26.831346  26.829129    33.6263    33.6236    275.247    270.361    -0.0450     4.6520     0.1099     0.1099     0.0317     0.0232      43768    30.3938      87.42     2.0912     1.8456          8  0.000e+00
     70.432   75.43276  173.69156     71.185    -1.4581    -1.4585  26.830867  26.828847    33.6257    33.6233    275.256    270.618    -0.0450     4.6520     0.1172     0.1172     0.0317     0.0232      43769    30.3944      78.32     2.0912     1.8469          8  0.000e+00
     70.259   75.43276  173.69156     71.010    -1.4581    -1.4586  26.830627  26.828621    33.6255    33.6233    275.040    271.609    -0.0450     4.6520     0.1184     0.1184     0.0317     0.0232      43770    30.3951      75.75     2.0900     1.8517          8  0.000e+00
