Continuous CTD Data/SBE Stage/nabos_10_02avg.cnv
* Sea-Bird SBE 9 Data File:
* FileName = D:\CTD\data\HLY2502\raw\NABOS_10_02.hex
* Software Version Seasave V 7.26.7.110
* Temperature SN = 6954
* Conductivity SN = 2561
* Number of Bytes Per Scan = 37
* Number of Voltage Words = 4
* Number of Scans Averaged by the Deck Unit = 1
* NMEA Latitude = 76 35.83 N
* NMEA Longitude = 179 51.15 W
* NMEA UTC (Time) = Sep 16 2025  19:12:24
* NMEA baud rate = 9600
** Ship: USCG HEALY
** Bot. Depth:  1157
** Cast Number:  02
** Station Name:  NABOS
** Station Number:  10
** Operator:  STARC
# nquan = 25
# nvalues = 250                         
# units = specified
# name 0 = depSM: Depth [salt water, m]
# name 1 = latitude: Latitude [deg]
# name 2 = longitude: Longitude [deg]
# name 3 = prDM: Pressure, Digiquartz [db]
# name 4 = t090C: Temperature [ITS-90, deg C]
# name 5 = t190C: Temperature, 2 [ITS-90, deg C]
# name 6 = c0mS/cm: Conductivity [mS/cm]
# name 7 = c1mS/cm: Conductivity, 2 [mS/cm]
# name 8 = sal00: Salinity, Practical [PSU]
# name 9 = sal11: Salinity, Practical, 2 [PSU]
# name 10 = sbox0Mm/Kg: Oxygen, SBE 43 [umol/kg]
# name 11 = sbox1Mm/Kg: Oxygen, SBE 43, 2 [umol/kg]
# name 12 = flECO-AFL: Fluorescence, WET Labs ECO-AFL/FL [mg/m^3]
# name 13 = v2: Voltage 2
# name 14 = wetCDOM: Fluorescence, WET Labs CDOM [mg/m^3]
# name 15 = v6: Voltage 6
# name 16 = CStarAt0: Beam Attenuation, WET Labs C-Star [1/m]
# name 17 = v3: Voltage 3
# name 18 = scan: Scan Count
# name 19 = timeM: Time, Elapsed [minutes]
# name 20 = altM: Altimeter [m]
# name 21 = sbeox0V: Oxygen raw, SBE 43 [V]
# name 22 = sbeox1V: Oxygen raw, SBE 43, 2 [V]
# name 23 = nbin: number of scans per bin
# name 24 = flag: flag
# span 0 =      3.958,    250.201       
# span 1 =   76.59744,   76.59785       
# span 2 = -179.85092, -179.84903       
# span 3 =      4.000,    253.000       
# span 4 =    -1.6800,     0.7733       
# span 5 =    -1.6789,     0.7740       
# span 6 =  23.081751,  29.633565       
# span 7 =  23.079791,  29.632582       
# span 8 =    28.5930,    34.7558       
# span 9 =    28.5910,    34.7538       
# span 10 =    286.963,    381.898      
# span 11 =    281.835,    372.395      
# span 12 =    -0.1743,     0.5992      
# span 13 =     4.6011,     4.6740      
# span 14 =     0.0821,     0.1251      
# span 15 =     0.0821,     0.1251      
# span 16 =     0.0128,     0.0757      
# span 17 =     0.0180,     0.0489      
# span 18 =       8591,      19257      
# span 19 =     5.9653,    13.3723      
# span 20 =     100.00,     100.00      
# span 21 =     2.1667,     2.6677      
# span 22 =     1.9082,     2.3118      
# span 23 =         11,         29      
# span 24 = 0.0000e+00, 0.0000e+00      
# interval = decibars: 1                
# start_time = Sep 16 2025 19:12:24 [NMEA time, header]
# bad_flag = -9.990e-29
*END*
[from data line 116]
    118.710   76.59766 -179.84986    120.000    -1.0764    -1.0761  27.615344  27.613962    34.2394    34.2373    295.137    290.705    -0.1315     4.6686     0.0947     0.0947     0.0174     0.0197      14496    10.0660     100.00     2.2237     1.9597         18 0.0000e+00
    119.700   76.59766 -179.84986    121.000    -1.0802    -1.0801  27.616756  27.615286    34.2452    34.2430    294.583    290.124    -0.1308     4.6682     0.0946     0.0946     0.0178     0.0197      14524    10.0854     100.00     2.2201     1.9565         16 0.0000e+00
    120.689   76.59766 -179.84985    122.000    -1.0725    -1.0716  27.628997  27.627955    34.2525    34.2500    293.808    289.316    -0.1349     4.6678     0.0952     0.0952     0.0181     0.0196      14552    10.1047     100.00     2.2159     1.9528         19 0.0000e+00
    121.678   76.59766 -179.84984    123.000    -1.0489    -1.0483  27.654606  27.653379    34.2599    34.2576    293.366    285.913    -0.1298     4.6674     0.0937     0.0937     0.0185     0.0198      14580    10.1240     100.00     2.2144     1.9368         17 0.0000e+00
    122.666   76.59766 -179.84984    124.000    -1.0426    -1.0424  27.666409  27.665021    34.2682    34.2660    293.536    290.873    -0.1290     4.6677     0.0935     0.0935     0.0182     0.0198      14608    10.1435     100.00     2.2156     1.9615         20 0.0000e+00
    123.655   76.59766 -179.84984    125.000    -1.0291    -1.0284  27.684322  27.683032    34.2766    34.2741    293.242    292.261    -0.1253     4.6678     0.0927     0.0927     0.0181     0.0200      14635    10.1627     100.00     2.2144     1.9689         19 0.0000e+00
    124.644   76.59766 -179.84984    126.000    -1.0143    -1.0138  27.701616  27.700414    34.2828    34.2805    292.845    292.753    -0.1339     4.6674     0.0924     0.0924     0.0185     0.0196      14661    10.1806     100.00     2.2127     1.9719         13 0.0000e+00
    125.633   76.59766 -179.84982    127.000    -1.0034    -1.0029  27.715768  27.714379    34.2890    34.2865    292.809    287.006    -0.1347     4.6669     0.0924     0.0924     0.0189     0.0196      14687    10.1983     100.00     2.2129     1.9437         16 0.0000e+00
    126.622   76.59766 -179.84982    128.000    -1.0045    -1.0053  27.718804  27.716752    34.2938    34.2919    293.016    285.996    -0.1336     4.6672     0.0926     0.0926     0.0186     0.0196      14712    10.2159     100.00     2.2139     1.9385         20 0.0000e+00
    127.611   76.59766 -179.84982    129.000    -1.0354    -1.0352  27.698041  27.696545    34.3000    34.2978    293.375    288.564    -0.1309     4.6678     0.0934     0.0934     0.0181     0.0197      14737    10.2333     100.00     2.2143     1.9498         16 0.0000e+00
    128.600   76.59766 -179.84982    130.000    -1.0433    -1.0437  27.694023  27.692148    34.3029    34.3009    293.495    290.283    -0.1276     4.6672     0.0916     0.0916     0.0187     0.0199      14762    10.2507     100.00     2.2144     1.9578         17 0.0000e+00
    129.589   76.59766 -179.84982    131.000    -1.0533    -1.0522  27.689616  27.688767    34.3077    34.3053    294.213    297.084    -0.1479     4.6674     0.0915     0.0915     0.0185     0.0191      14787    10.2681     100.00     2.2179     1.9910         16 0.0000e+00
    130.578   76.59766 -179.84980    132.000    -1.0297    -1.0288  27.713514  27.712594    34.3128    34.3105    295.110    294.979    -0.1386     4.6678     0.0906     0.0906     0.0181     0.0194      14812    10.2854     100.00     2.2243     1.9815         14 0.0000e+00
    131.567   76.59766 -179.84980    133.000    -0.9839    -0.9829  27.755548  27.754709    34.3173    34.3149    296.317    291.964    -0.1304     4.6678     0.0916     0.0916     0.0181     0.0198      14837    10.3028     100.00     2.2336     1.9684         15 0.0000e+00
    132.556   76.59766 -179.84980    134.000    -0.9590    -0.9586  27.780289  27.778918    34.3220    34.3196    297.482    292.679    -0.1261     4.6679     0.0916     0.0916     0.0180     0.0199      14862    10.3201     100.00     2.2415     1.9728         12 0.0000e+00
    133.545   76.59768 -179.84979    135.000    -0.9572    -0.9565  27.784457  27.783781    34.3250    34.3232    298.029    292.103    -0.1336     4.6678     0.0925     0.0925     0.0181     0.0196      14887    10.3373     100.00     2.2447     1.9699         11 0.0000e+00
    134.534   76.59768 -179.84978    136.000    -0.9600    -0.9605  27.785947  27.784047    34.3296    34.3275    298.163    291.086    -0.1285     4.6680     0.0911     0.0911     0.0179     0.0198      14912    10.3548     100.00     2.2452     1.9646         15 0.0000e+00
    135.522   76.59768 -179.84978    137.000    -0.9883    -0.9879  27.767390  27.766135    34.3360    34.3338    298.336    292.972    -0.1343     4.6688     0.0911     0.0911     0.0172     0.0196      14937    10.3723     100.00     2.2445     1.9726         13 0.0000e+00
    136.511   76.59768 -179.84978    138.000    -0.9873    -0.9872  27.773459  27.771878    34.3424    34.3401    298.460    292.732    -0.1309     4.6691     0.0911     0.0911     0.0170     0.0197      14962    10.3898     100.00     2.2452     1.9713         16 0.0000e+00
    137.500   76.59768 -179.84978    139.000    -0.9962    -0.9961  27.769530  27.768026    34.3466    34.3445    299.295    292.962    -0.1301     4.6690     0.0904     0.0904     0.0171     0.0198      14987    10.4071     100.00     2.2494     1.9719         14 0.0000e+00
    138.489   76.59768 -179.84977    140.000    -0.9950    -0.9948  27.774670  27.773102    34.3517    34.3492    299.995    295.045    -0.1301     4.6691     0.0900     0.0900     0.0170     0.0198      15012    10.4243     100.00     2.2534     1.9822         14 0.0000e+00
    139.478   76.59768 -179.84976    141.000    -0.9866    -0.9860  27.785698  27.784382    34.3565    34.3539    300.928    294.656    -0.1301     4.6695     0.0896     0.0896     0.0166     0.0198      15037    10.4417     100.00     2.2592     1.9805         14 0.0000e+00
    140.467   76.59768 -179.84976    142.000    -0.9733    -0.9726  27.800530  27.799258    34.3609    34.3584    301.992    295.985    -0.1341     4.6691     0.0899     0.0899     0.0170     0.0196      15062    10.4591     100.00     2.2660     1.9875         13 0.0000e+00
    141.456   76.59768 -179.84976    143.000    -0.9383    -0.9372  27.835142  27.833946    34.3674    34.3645    302.735    295.910    -0.1308     4.6691     0.0881     0.0881     0.0170     0.0197      15087    10.4765     100.00     2.2721     1.9886         16 0.0000e+00
    142.444   76.59768 -179.84976    144.000    -0.9173    -0.9167  27.856176  27.854932    34.3714    34.3690    303.249    284.064    -0.1347     4.6699     0.0892     0.0892     0.0162     0.0196      15112    10.4940     100.00     2.2760     1.9305         16 0.0000e+00
    143.433   76.59768 -179.84975    145.000    -0.8944    -0.8937  27.880495  27.879263    34.3778    34.3753    303.709    291.877    -0.1302     4.6703     0.0904     0.0904     0.0159     0.0198      15137    10.5113     100.00     2.2798     1.9702         14 0.0000e+00
    144.422   76.59768 -179.84974    146.000    -0.8752    -0.8745  27.900807  27.899734    34.3828    34.3806    304.105    297.604    -0.1346     4.6703     0.0894     0.0894     0.0159     0.0196      15162    10.5286     100.00     2.2830     1.9994         16 0.0000e+00
    145.411   76.59768 -179.84974    147.000    -0.8557    -0.8552  27.921854  27.920530    34.3887    34.3862    304.414    299.510    -0.1344     4.6707     0.0881     0.0881     0.0156     0.0196      15187    10.5461     100.00     2.2857     2.0096         14 0.0000e+00
    146.400   76.59768 -179.84974    148.000    -0.8457    -0.8448  27.933235  27.932330    34.3921    34.3898    304.605    297.952    -0.1315     4.6709     0.0880     0.0880     0.0155     0.0197      15213    10.5636     100.00     2.2871     2.0022         18 0.0000e+00
    147.389   76.59768 -179.84974    149.000    -0.8180    -0.8174  27.961888  27.960549    34.3987    34.3962    304.469    301.431    -0.1332     4.6708     0.0879     0.0879     0.0155     0.0196      15237    10.5809     100.00     2.2877     2.0206         18 0.0000e+00
    148.378   76.59768 -179.84972    150.000    -0.8086    -0.8079  27.972643  27.971616    34.4020    34.3997    304.581    300.176    -0.1366     4.6710     0.0886     0.0886     0.0153     0.0195      15262    10.5982     100.00     2.2887     2.0146         14 0.0000e+00
    149.366   76.59768 -179.84972    151.000    -0.7855    -0.7850  27.997125  27.995780    34.4083    34.4058    304.644    295.727    -0.1350     4.6709     0.0892     0.0892     0.0154     0.0196      15288    10.6157     100.00     2.2902     1.9933         19 0.0000e+00
    150.355   76.59768 -179.84972    152.000    -0.7758    -0.7749  28.007860  28.006871    34.4111    34.4087    304.802    288.719    -0.1300     4.6711     0.0888     0.0888     0.0153     0.0198      15313    10.6331     100.00     2.2914     1.9587         19 0.0000e+00
    151.344   76.59770 -179.84972    153.000    -0.7410    -0.7406  28.042176  28.040625    34.4173    34.4148    304.706    293.923    -0.1351     4.6713     0.0881     0.0881     0.0151     0.0196      15338    10.6505     100.00     2.2925     1.9860         20 0.0000e+00
    152.333   76.59770 -179.84972    154.000    -0.7310    -0.7300  28.053424  28.052516    34.4205    34.4182    304.711    294.498    -0.1295     4.6713     0.0882     0.0882     0.0151     0.0198      15363    10.6677     100.00     2.2929     1.9891         17 0.0000e+00
    153.322   76.59770 -179.84970    155.000    -0.7011    -0.7008  28.083550  28.082040    34.4266    34.4242    304.523    294.319    -0.1322     4.6707     0.0891     0.0891     0.0156     0.0197      15388    10.6853     100.00     2.2932     1.9894         21 0.0000e+00
    154.310   76.59770 -179.84970    156.000    -0.6869    -0.6861  28.098769  28.097608    34.4305    34.4280    304.528    300.309    -0.1333     4.6712     0.0873     0.0873     0.0152     0.0196      15413    10.7026     100.00     2.2939     2.0199         19 0.0000e+00
    155.299   76.59770 -179.84970    157.000    -0.6588    -0.6581  28.127070  28.125896    34.4360    34.4337    304.297    297.231    -0.1311     4.6715     0.0890     0.0890     0.0150     0.0197      15438    10.7200     100.00     2.2938     2.0056         16 0.0000e+00
    156.288   76.59770 -179.84969    158.000    -0.6493    -0.6485  28.137682  28.136639    34.4390    34.4367    304.187    299.837    -0.1367     4.6715     0.0881     0.0881     0.0150     0.0195      15463    10.7374     100.00     2.2935     2.0189         17 0.0000e+00
    157.277   76.59770 -179.84968    159.000    -0.6120    -0.6117  28.175197  28.173629    34.4466    34.4441    303.882    300.835    -0.1330     4.6716     0.0889     0.0889     0.0149     0.0197      15488    10.7548     100.00     2.2935     2.0254         18 0.0000e+00
    158.266   76.59770 -179.84968    160.000    -0.5966    -0.5953  28.191531  28.190984    34.4505    34.4482    303.893    296.358    -0.1346     4.6716     0.0883     0.0883     0.0149     0.0196      15513    10.7722     100.00     2.2943     2.0035         16 0.0000e+00
    159.254   76.59770 -179.84968    161.000    -0.5733    -0.5729  28.214662  28.213098    34.4545    34.4520    303.673    297.071    -0.1349     4.6716     0.0880     0.0880     0.0149     0.0196      15538    10.7897     100.00     2.2940     2.0079         18 0.0000e+00
    160.243   76.59770 -179.84968    162.000    -0.5395    -0.5388  28.249524  28.248337    34.4625    34.4600    303.414    302.667    -0.1348     4.6714     0.0870     0.0870     0.0150     0.0196      15563    10.8070     100.00     2.2942     2.0375         17 0.0000e+00
    161.232   76.59770 -179.84967    163.000    -0.5351    -0.5350  28.254437  28.252961    34.4634    34.4613    303.520    299.187    -0.1340     4.6716     0.0865     0.0865     0.0149     0.0196      15588    10.8241     100.00     2.2948     2.0200         12 0.0000e+00
    162.221   76.59770 -179.84966    164.000    -0.5080    -0.5064  28.282995  28.282355    34.4704    34.4678    303.466    297.244    -0.1307     4.6716     0.0881     0.0881     0.0149     0.0197      15613    10.8419     100.00     2.2958     2.0114         16 0.0000e+00
    163.209   76.59770 -179.84966    165.000    -0.4791    -0.4790  28.311384  28.309668    34.4752    34.4728    303.492    299.299    -0.1300     4.6716     0.0877     0.0877     0.0149     0.0198      15638    10.8590     100.00     2.2973     2.0228         14 0.0000e+00
    164.198   76.59770 -179.84966    166.000    -0.4802    -0.4801  28.311476  28.309885    34.4759    34.4737    303.699    298.840    -0.1341     4.6716     0.0871     0.0871     0.0149     0.0196      15663    10.8761     100.00     2.2982     2.0202         12 0.0000e+00
    165.187   76.59770 -179.84966    167.000    -0.4468    -0.4461  28.346304  28.345018    34.4841    34.4816    303.383    294.463    -0.1344     4.6716     0.0880     0.0880     0.0149     0.0196      15688    10.8938     100.00     2.2980     1.9996         14 0.0000e+00
    166.176   76.59770 -179.84965    168.000    -0.4369    -0.4365  28.356701  28.355199    34.4863    34.4839    303.297    291.032    -0.1342     4.6716     0.0880     0.0880     0.0149     0.0196      15713    10.9111     100.00     2.2978     1.9826         13 0.0000e+00
    167.164   76.59770 -179.84964    169.000    -0.4321    -0.4316  28.362612  28.361238    34.4882    34.4858    303.281    295.837    -0.1325     4.6718     0.0881     0.0881     0.0147     0.0197      15738    10.9286     100.00     2.2978     2.0068         15 0.0000e+00
    168.153   76.59770 -179.84964    170.000    -0.3906    -0.3899  28.404599  28.403293    34.4967    34.4943    302.957    294.570    -0.1322     4.6718     0.0870     0.0870     0.0147     0.0197      15763    10.9460     100.00     2.2980     2.0022         14 0.0000e+00
    169.142   76.59770 -179.84964    171.000    -0.3665    -0.3653  28.429372  28.428439    34.5020    34.4995    302.897    296.869    -0.1319     4.6719     0.0876     0.0876     0.0146     0.0197      15788    10.9633     100.00     2.2988     2.0147         13 0.0000e+00
    170.130   76.59770 -179.84964    172.000    -0.3485    -0.3483  28.446919  28.445289    34.5045    34.5021    303.023    298.657    -0.1367     4.6718     0.0874     0.0874     0.0147     0.0195      15813    10.9808     100.00     2.3002     2.0243         16 0.0000e+00
    171.119   76.59772 -179.84962    173.000    -0.3428    -0.3418  28.454145  28.453332    34.5070    34.5049    303.049    298.371    -0.1258     4.6717     0.0867     0.0867     0.0148     0.0200      15838    10.9980     100.00     2.3005     2.0230         14 0.0000e+00
    172.108   76.59772 -179.84962    174.000    -0.2970    -0.2967  28.499502  28.497990    34.5152    34.5128    302.707    296.318    -0.1451     4.6719     0.0856     0.0856     0.0147     0.0192      15863    11.0154     100.00     2.3008     2.0145         13 0.0000e+00
    173.097   76.59772 -179.84962    175.000    -0.2857    -0.2855  28.510953  28.509333    34.5171    34.5148    302.670    298.338    -0.1474     4.6709     0.0854     0.0854     0.0154     0.0191      15889    11.0332     100.00     2.3009     2.0250         17 0.0000e+00
    174.085   76.59772 -179.84962    176.000    -0.2752    -0.2743  28.523356  28.522265    34.5212    34.5187    302.493    301.638    -0.1325     4.6725     0.0865     0.0865     0.0141     0.0197      15914    11.0504     100.00     2.3003     2.0421         16 0.0000e+00
