Continuous CTD Data/SBE Stage/nabos_21_02.ros
* Sea-Bird SBE 9 Data File:
* FileName = D:\CTD\data\HLY2502\raw\NABOS_21_02.hex
* Software Version Seasave V 7.26.7.110
* Temperature SN = 6954
* Conductivity SN = 2561
* Number of Bytes Per Scan = 37
* Number of Voltage Words = 4
* Number of Scans Averaged by the Deck Unit = 1
* NMEA Latitude = 78 57.26 N
* NMEA Longitude = 173 33.57 E
* NMEA UTC (Time) = Sep 18 2025  15:43:10
* NMEA baud rate = 9600
** Ship: USCG HEALY
** Bot. Depth:  2477
** Cast Number:  02
** Station Name:  NABOS
** Station Number:  21
** Operator:  STARC
# nquan = 25
# nvalues = 1176                                  
# units = specified
# name 0 = depSM: Depth [salt water, m]
# name 1 = latitude: Latitude [deg]
# name 2 = longitude: Longitude [deg]
# name 3 = prDM: Pressure, Digiquartz [db]
# name 4 = t090C: Temperature [ITS-90, deg C]
# name 5 = t190C: Temperature, 2 [ITS-90, deg C]
# name 6 = c0mS/cm: Conductivity [mS/cm]
# name 7 = c1mS/cm: Conductivity, 2 [mS/cm]
# name 8 = sal00: Salinity, Practical [PSU]
# name 9 = sal11: Salinity, Practical, 2 [PSU]
# name 10 = sbox0Mm/Kg: Oxygen, SBE 43 [umol/kg]
# name 11 = sbox1Mm/Kg: Oxygen, SBE 43, 2 [umol/kg]
# name 12 = flECO-AFL: Fluorescence, WET Labs ECO-AFL/FL [mg/m^3]
# name 13 = v2: Voltage 2
# name 14 = wetCDOM: Fluorescence, WET Labs CDOM [mg/m^3]
# name 15 = v6: Voltage 6
# name 16 = CStarAt0: Beam Attenuation, WET Labs C-Star [1/m]
# name 17 = v3: Voltage 3
# name 18 = scan: Scan Count
# name 19 = timeM: Time, Elapsed [minutes]
# name 20 = altM: Altimeter [m]
# name 21 = sbeox0V: Oxygen raw, SBE 43 [V]
# name 22 = sbeox1V: Oxygen raw, SBE 43, 2 [V]
# name 23 = nbf: Bottles Fired
# name 24 = flag:  0.000e+00
# interval = seconds: 0.0416667
# start_time = Sep 18 2025 15:43:10 [NMEA time, header]
# bad_flag = -9.990e-29
*END*
[from data line 232]
    751.298   78.96912  173.59932    760.700     0.1295     0.1294  29.377118  29.374811    34.8463    34.8434    293.556    285.387    -0.1671     4.6740     0.0818     0.0818     0.0128     0.0183     141431    98.2153     100.00     2.1403     1.8724          5  0.000e+00
    751.232   78.96912  173.59932    760.632     0.1294     0.1292  29.376807  29.374753    34.8461    34.8436    293.337    286.162    -0.1671     4.6740     0.0818     0.0818     0.0128     0.0183     141432    98.2160     100.00     2.1391     1.8761          5  0.000e+00
    751.298   78.96912  173.59932    760.700     0.1294     0.1294  29.376932  29.374753    34.8462    34.8433    293.558    286.422    -0.1976     4.6740     0.0818     0.0818     0.0128     0.0171     141433    98.2167     100.00     2.1403     1.8773          5  0.000e+00
    751.298   78.96912  173.59932    760.700     0.1295     0.1294  29.376808  29.374636    34.8459    34.8432    293.776    286.423    -0.1671     4.6740     0.0818     0.0818     0.0128     0.0183     141434    98.2174     100.00     2.1416     1.8773          5  0.000e+00
    751.232   78.96912  173.59932    760.632     0.1295     0.1294  29.376745  29.374695    34.8459    34.8433    293.555    286.420    -0.1671     4.6740     0.0818     0.0818     0.0128     0.0183     141435    98.2181     100.00     2.1403     1.8773          5  0.000e+00
    751.306   78.96912  173.59932    760.708     0.1294     0.1294  29.376746  29.375045    34.8460    34.8438    293.558    286.681    -0.1671     4.6740     0.0830     0.0830     0.0128     0.0183     141436    98.2188     100.00     2.1403     1.8785          5  0.000e+00
    751.298   78.96912  173.59932    760.700     0.1294     0.1294  29.376746  29.374811    34.8460    34.8434    293.558    287.199    -0.1671     4.6740     0.0830     0.0830     0.0128     0.0183     141437    98.2194     100.00     2.1403     1.8810          5  0.000e+00
    751.298   78.96912  173.59932    760.700     0.1295     0.1292  29.376746  29.374870    34.8458    34.8437    293.339    287.717    -0.1976     4.6728     0.0842     0.0842     0.0138     0.0171     141438    98.2201     100.00     2.1391     1.8834          5  0.000e+00
    751.232   78.96912  173.59932    760.632     0.1294     0.1294  29.376745  29.374578    34.8460    34.8432    293.555    287.973    -0.1671     4.6740     0.0842     0.0842     0.0128     0.0183     141439    98.2208     100.00     2.1403     1.8847          5  0.000e+00
    751.298   78.96912  173.59932    760.700     0.1294     0.1295  29.376932  29.374636    34.8463    34.8431    293.558    288.234    -0.1671     4.6740     0.0842     0.0842     0.0128     0.0183     141440    98.2215     100.00     2.1403     1.8859          5  0.000e+00
    751.298   78.96912  173.59932    760.700     0.1295     0.1292  29.377056  29.374870    34.8463    34.8437    293.556    288.493    -0.1671     4.6740     0.0842     0.0842     0.0128     0.0183     141441    98.2222     100.00     2.1403     1.8871          5  0.000e+00
    751.306   78.96912  173.59932    760.708     0.1294     0.1294  29.376622  29.374753    34.8458    34.8433    293.558    288.234    -0.1671     4.6740     0.0842     0.0842     0.0128     0.0183     141442    98.2229     100.00     2.1403     1.8859          5  0.000e+00
    751.298   78.96912  173.59932    760.700     0.1292     0.1295  29.376870  29.374870    34.8464    34.8434    293.559    287.974    -0.1671     4.6740     0.0842     0.0842     0.0128     0.0183     141443    98.2236     100.00     2.1403     1.8847          5  0.000e+00
    500.432   78.97000  173.60194    506.385     0.5036     0.5049  29.574968  29.574400    34.8327    34.8305    293.339    288.394    -0.1671     4.6752     0.0806     0.0806     0.0117     0.0183     152338   105.7896     100.00     2.2137     1.9487          6  0.000e+00
    500.498   78.97000  173.60196    506.452     0.5028     0.5051  29.574658  29.574517    34.8332    34.8304    293.348    288.148    -0.1976     4.6752     0.0806     0.0806     0.0117     0.0171     152339   105.7903     100.00     2.2137     1.9474          6  0.000e+00
    500.374   78.97000  173.60196    506.327     0.5025     0.5049  29.574347  29.574166    34.8331    34.8302    293.345    287.898    -0.1671     4.6752     0.0806     0.0806     0.0117     0.0183     152340   105.7910     100.00     2.2137     1.9462          6  0.000e+00
    500.440   78.97000  173.60196    506.394     0.5020     0.5049  29.573974  29.574049    34.8332    34.8300    293.352    287.901    -0.1366     4.6752     0.0806     0.0806     0.0117     0.0195     152341   105.7917     100.00     2.2137     1.9462          6  0.000e+00
    500.432   78.97000  173.60196    506.385     0.5017     0.5046  29.573726  29.574224    34.8332    34.8306    293.354    287.902    -0.1366     4.6740     0.0806     0.0806     0.0128     0.0195     152342   105.7924     100.00     2.2137     1.9462          6  0.000e+00
    500.432   78.97000  173.60196    506.385     0.5017     0.5044  29.573726  29.574108    34.8332    34.8306    293.354    287.409    -0.1366     4.6752     0.0806     0.0806     0.0117     0.0195     152343   105.7931     100.00     2.2137     1.9438          6  0.000e+00
    500.432   78.97000  173.60196    506.385     0.5016     0.5046  29.573912  29.573640    34.8336    34.8298    293.354    286.915    -0.1366     4.6752     0.0806     0.0806     0.0117     0.0195     152344   105.7938     100.00     2.2137     1.9413          6  0.000e+00
    500.498   78.97000  173.60196    506.452     0.5017     0.5044  29.573477  29.574342    34.8329    34.8309    293.566    286.670    -0.1366     4.6752     0.0806     0.0806     0.0117     0.0195     152345   105.7944     100.00     2.2149     1.9401          6  0.000e+00
    500.440   78.97000  173.60196    506.394     0.5014     0.5044  29.573415  29.574634    34.8331    34.8313    293.357    286.419    -0.1366     4.6752     0.0818     0.0818     0.0117     0.0195     152346   105.7951     100.00     2.2137     1.9389          6  0.000e+00
    500.432   78.97000  173.60196    506.385     0.5015     0.5048  29.574036  29.574634    34.8338    34.8309    293.354    286.664    -0.1366     4.6752     0.0818     0.0818     0.0117     0.0195     152347   105.7958     100.00     2.2137     1.9401          6  0.000e+00
    500.432   78.97000  173.60196    506.385     0.5019     0.5049  29.574098  29.574634    34.8335    34.8308    293.561    287.158    -0.1366     4.6752     0.0818     0.0818     0.0117     0.0195     152348   105.7965     100.00     2.2149     1.9425          6  0.000e+00
    500.432   78.97000  173.60196    506.385     0.5027     0.5049  29.574844  29.574634    34.8336    34.8308    293.553    287.405    -0.1366     4.6752     0.0818     0.0818     0.0117     0.0195     152349   105.7972     100.00     2.2149     1.9438          6  0.000e+00
    500.440   78.97000  173.60196    506.394     0.5034     0.5051  29.575217  29.574809    34.8332    34.8308    293.339    287.898    -0.1366     4.6752     0.0818     0.0818     0.0117     0.0195     152350   105.7979     100.00     2.2137     1.9462          6  0.000e+00
    500.432   78.97000  173.60196    506.385     0.5038     0.5051  29.575590  29.574867    34.8333    34.8309    293.336    287.897    -0.1366     4.6752     0.0818     0.0818     0.0117     0.0195     152351   105.7986     100.00     2.2137     1.9462          6  0.000e+00
    500.498   78.97000  173.60196    506.452     0.5039     0.5052  29.575465  29.574868    34.8330    34.8307    293.547    287.405    -0.1366     4.6752     0.0818     0.0818     0.0117     0.0195     152352   105.7993     100.00     2.2149     1.9438          6  0.000e+00
    500.432   78.97000  173.60196    506.385     0.5033     0.5051  29.575403  29.574692    34.8336    34.8307    293.339    286.909    -0.1366     4.6752     0.0818     0.0818     0.0117     0.0195     152353   105.8000     100.00     2.2137     1.9413          6  0.000e+00
    500.432   78.97000  173.60196    506.385     0.5031     0.5049  29.574968  29.574400    34.8333    34.8305    293.550    286.170    -0.1366     4.6752     0.0818     0.0818     0.0117     0.0195     152354   105.8007     100.00     2.2149     1.9376          6  0.000e+00
    500.440   78.97000  173.60196    506.394     0.5025     0.5048  29.574285  29.574517    34.8331    34.8308    293.348    285.676    -0.1366     4.6752     0.0818     0.0818     0.0117     0.0195     152355   105.8014     100.00     2.2137     1.9352          6  0.000e+00
    500.498   78.97000  173.60196    506.452     0.5022     0.5049  29.574471  29.574809    34.8335    34.8310    293.560    285.182    -0.1366     4.6752     0.0818     0.0818     0.0117     0.0195     152356   105.8021     100.00     2.2149     1.9327          6  0.000e+00
    500.432   78.97000  173.60196    506.385     0.5022     0.5048  29.573912  29.574224    34.8329    34.8304    293.350    285.182    -0.1366     4.6740     0.0818     0.0818     0.0128     0.0195     152357   105.8028     100.00     2.2137     1.9327          6  0.000e+00
    500.432   78.97000  173.60196    506.385     0.5019     0.5043  29.574347  29.574049    34.8338    34.8307    293.350    284.938    -0.1061     4.6740     0.0818     0.0818     0.0128     0.0208     152358   105.8035     100.00     2.2137     1.9315          6  0.000e+00
    500.498   78.97000  173.60196    506.452     0.5020     0.5041  29.574036  29.573640    34.8332    34.8303    293.562    284.943    -0.1366     4.6752     0.0818     0.0818     0.0117     0.0195     152359   105.8042     100.00     2.2149     1.9315          6  0.000e+00
    500.432   78.97000  173.60196    506.385     0.5019     0.5038  29.573726  29.573523    34.8330    34.8305    293.352    284.942    -0.1366     4.6740     0.0818     0.0818     0.0128     0.0195     152360   105.8049     100.00     2.2137     1.9315          6  0.000e+00
    500.432   78.97000  173.60196    506.385     0.5014     0.5038  29.573726  29.573523    34.8336    34.8305    293.564    284.942    -0.1366     4.6752     0.0818     0.0818     0.0117     0.0195     152361   105.8056     100.00     2.2149     1.9315          6  0.000e+00
    500.432   78.97000  173.60196    506.385     0.5011     0.5037  29.573353  29.573699    34.8334    34.8310    293.567    284.943    -0.1366     4.6740     0.0818     0.0818     0.0128     0.0195     152362   105.8063     100.00     2.2149     1.9315          6  0.000e+00
    500.498   78.97000  173.60196    506.452     0.5013     0.5038  29.573415  29.573874    34.8333    34.8310    293.568    285.191    -0.1366     4.6752     0.0818     0.0818     0.0117     0.0195     152363   105.8069     100.00     2.2149     1.9327          6  0.000e+00
    500.440   78.97000  173.60196    506.394     0.5009     0.5044  29.573353  29.574225    34.8336    34.8308    293.359    285.678    -0.1366     4.6752     0.0830     0.0830     0.0117     0.0195     152364   105.8076     100.00     2.2137     1.9352          6  0.000e+00
    500.432   78.97000  173.60196    506.385     0.5011     0.5048  29.573228  29.574517    34.8332    34.8308    293.358    285.675    -0.1061     4.6740     0.0818     0.0818     0.0128     0.0208     152365   105.8083     100.00     2.2137     1.9352          6  0.000e+00
    500.498   78.97000  173.60196    506.452     0.5012     0.5046  29.573415  29.574400    34.8333    34.8308    293.360    285.432    -0.1366     4.6740     0.0818     0.0818     0.0128     0.0195     152366   105.8090     100.00     2.2137     1.9340          6  0.000e+00
    500.432   78.97000  173.60196    506.385     0.5014     0.5048  29.573477  29.574108    34.8332    34.8303    293.355    285.429    -0.1366     4.6740     0.0818     0.0818     0.0128     0.0195     152367   105.8097     100.00     2.2137     1.9340          6  0.000e+00
    500.498   78.97000  173.60196    506.452     0.5014     0.5041  29.573602  29.573640    34.8334    34.8303    293.358    285.684    -0.1366     4.6740     0.0818     0.0818     0.0128     0.0195     152368   105.8104     100.00     2.2137     1.9352          6  0.000e+00
    500.432   78.97000  173.60196    506.385     0.5016     0.5035  29.573663  29.573523    34.8333    34.8309    293.354    285.685    -0.1366     4.6752     0.0818     0.0818     0.0117     0.0195     152369   105.8111     100.00     2.2137     1.9352          6  0.000e+00
    500.432   78.97000  173.60196    506.385     0.5017     0.5035  29.574098  29.573289    34.8337    34.8306    293.352    285.933    -0.1366     4.6740     0.0818     0.0818     0.0128     0.0195     152370   105.8118     100.00     2.2137     1.9364          6  0.000e+00
    500.498   78.97000  173.60196    506.452     0.5017     0.5034  29.573850  29.573231    34.8333    34.8306    293.564    286.431    -0.1366     4.6752     0.0818     0.0818     0.0117     0.0195     152371   105.8125     100.00     2.2149     1.9389          6  0.000e+00
    500.432   78.97000  173.60196    506.385     0.5016     0.5035  29.573539  29.573231    34.8331    34.8305    293.354    287.169    -0.1366     4.6740     0.0818     0.0818     0.0128     0.0195     152372   105.8132     100.00     2.2137     1.9425          6  0.000e+00
    500.498   78.97000  173.60196    506.452     0.5015     0.5034  29.573353  29.573231    34.8329    34.8306    293.566    287.666    -0.1366     4.6752     0.0830     0.0830     0.0117     0.0195     152373   105.8139     100.00     2.2149     1.9450          6  0.000e+00
    500.432   78.97000  173.60196    506.385     0.5011     0.5031  29.573601  29.572763    34.8337    34.8304    293.356    287.914    -0.1366     4.6752     0.0830     0.0830     0.0117     0.0195     152374   105.8146     100.00     2.2137     1.9462          6  0.000e+00
    500.498   78.97000  173.60196    506.452     0.5012     0.5029  29.573353  29.572822    34.8332    34.8306    293.568    287.917    -0.1366     4.6752     0.0842     0.0842     0.0117     0.0195     152375   105.8153     100.00     2.2149     1.9462          6  0.000e+00
    500.498   78.97000  173.60196    506.452     0.5010     0.5032  29.572980  29.573114    34.8330    34.8307    293.362    288.409    -0.1366     4.6740     0.0830     0.0830     0.0128     0.0195     152376   105.8160     100.00     2.2137     1.9487          6  0.000e+00
    500.440   78.97000  173.60196    506.394     0.5008     0.5036  29.573042  29.573231    34.8334    34.8304    293.360    288.898    -0.1366     4.6740     0.0830     0.0830     0.0128     0.0195     152377   105.8167     100.00     2.2137     1.9511          6  0.000e+00
    500.498   78.97000  173.60196    506.452     0.5006     0.5038  29.572918  29.573582    34.8333    34.8306    293.364    289.145    -0.1366     4.6740     0.0830     0.0830     0.0128     0.0195     152378   105.8174     100.00     2.2137     1.9523          6  0.000e+00
    500.432   78.97000  173.60196    506.385     0.5008     0.5035  29.572918  29.573348    34.8331    34.8307    293.360    289.145    -0.1366     4.6752     0.0830     0.0830     0.0117     0.0195     152379   105.8181     100.00     2.2137     1.9523          6  0.000e+00
    500.498   78.97000  173.60196    506.452     0.5009     0.5034  29.573291  29.572764    34.8335    34.8300    293.570    288.903    -0.1366     4.6740     0.0830     0.0830     0.0128     0.0195     152380   105.8187     100.00     2.2149     1.9511          6  0.000e+00
    500.432   78.97000  173.60196    506.385     0.5011     0.5037  29.573291  29.572822    34.8333    34.8298    293.357    288.899    -0.1366     4.6752     0.0830     0.0830     0.0117     0.0195     152381   105.8194     100.00     2.2137     1.9511          6  0.000e+00
