Continuous CTD Data/SBE Stage/nabos_03_02.cnv
* Sea-Bird SBE 9 Data File:
* FileName = D:\CTD\data\HLY2502\raw\NABOS_03_02.hex
* Software Version Seasave V 7.26.7.110
* Temperature SN = 6954
* Conductivity SN = 2561
* Number of Bytes Per Scan = 37
* Number of Voltage Words = 4
* Number of Scans Averaged by the Deck Unit = 1
* NMEA Latitude = 74 27.63 N
* NMEA Longitude = 169 54.47 E
* NMEA UTC (Time) = Sep 13 2025  07:50:08
* NMEA baud rate = 9600
** Ship: USCG HEALY
** Bot. Depth:  56
** Cast Number:  02
** Station Name:  NABOS
** Station Number:  03
** Operator:  STARC
** Target 46 m, bottles 24 leaked and 4 spigot leaked on cast 1
# nquan = 24
# nvalues = 15249                       
# units = specified
# name 0 = depSM: Depth [salt water, m]
# name 1 = latitude: Latitude [deg]
# name 2 = longitude: Longitude [deg]
# name 3 = prDM: Pressure, Digiquartz [db]
# name 4 = t090C: Temperature [ITS-90, deg C]
# name 5 = t190C: Temperature, 2 [ITS-90, deg C]
# name 6 = c0mS/cm: Conductivity [mS/cm]
# name 7 = c1mS/cm: Conductivity, 2 [mS/cm]
# name 8 = sal00: Salinity, Practical [PSU]
# name 9 = sal11: Salinity, Practical, 2 [PSU]
# name 10 = sbox0Mm/Kg: Oxygen, SBE 43 [umol/kg]
# name 11 = sbox1Mm/Kg: Oxygen, SBE 43, 2 [umol/kg]
# name 12 = flECO-AFL: Fluorescence, WET Labs ECO-AFL/FL [mg/m^3]
# name 13 = v2: Voltage 2
# name 14 = wetCDOM: Fluorescence, WET Labs CDOM [mg/m^3]
# name 15 = v6: Voltage 6
# name 16 = CStarAt0: Beam Attenuation, WET Labs C-Star [1/m]
# name 17 = v3: Voltage 3
# name 18 = scan: Scan Count
# name 19 = timeM: Time, Elapsed [minutes]
# name 20 = altM: Altimeter [m]
# name 21 = sbeox0V: Oxygen raw, SBE 43 [V]
# name 22 = sbeox1V: Oxygen raw, SBE 43, 2 [V]
# name 23 = flag:  0.000e+00
# span 0 =      4.135,     46.534       
# span 1 =   74.46046,   74.46058       
# span 2 =  169.90776,  169.91602       
# span 3 =      4.178,     47.026       
# span 4 =    -1.4896,    -1.0509       
# span 5 =    -1.4895,    -1.0630       
# span 6 =  22.132618,  26.600107       
# span 7 =  22.129395,  26.598907       
# span 8 =    27.1404,    33.1049       
# span 9 =    27.1393,    33.1026       
# span 10 =    178.516,    375.763      
# span 11 =    175.244,    366.708      
# span 12 =     0.0771,     2.6717      
# span 13 =     4.4383,     4.6325      
# span 14 =     0.0977,     0.1343      
# span 15 =     0.0977,     0.1343      
# span 16 =     0.0485,     0.2199      
# span 17 =     0.0281,     0.1319      
# span 18 =          1,      15249      
# span 19 =     0.0000,    10.5889      
# span 20 =       0.00,      54.73      
# span 21 =     1.5285,     2.6289      
# span 22 =     1.3783,     2.2809      
# span 23 = 0.0000e+00, 0.0000e+00      
# interval = seconds: 0.0416667
# start_time = Sep 13 2025 07:50:08 [NMEA time, header]
# bad_flag = -9.990e-29
*END*
[from data line 14189]
      5.947   74.46048  169.91520      6.009    -1.3077    -1.3089  22.210500  22.202957    27.2256    27.2166    370.673    360.324     0.2297     4.5922     0.1013     0.1013     0.0835     0.0342      14190     9.8535      21.03     2.5666     2.2223 -9.990e-29
      5.947   74.46048  169.91520      6.009    -1.3077    -1.3086  22.210051  22.204118    27.2250    27.2179    370.456    360.317     0.2297     4.5910     0.1013     0.1013     0.0845     0.0342      14191     9.8542      21.81     2.5654     2.2223 -9.990e-29
      5.889   74.46048  169.91520      5.951    -1.3080    -1.3086  22.209939  22.204961    27.2252    27.2191    370.675    360.053     0.2297     4.5910     0.1013     0.1013     0.0845     0.0342      14192     9.8549      22.76     2.5666     2.2211 -9.990e-29
      5.947   74.46048  169.91520      6.009    -1.3074    -1.3085  22.209939  22.205963    27.2246    27.2203    370.673    360.051     0.2297     4.5910     0.1013     0.1013     0.0845     0.0342      14193     9.8556      23.13     2.5666     2.2211 -9.990e-29
      5.889   74.46048  169.91520      5.951    -1.3077    -1.3083  22.209771  22.207071    27.2247    27.2216    370.673    360.559     0.2297     4.5910     0.1001     0.1001     0.0845     0.0342      14194     9.8562      22.86     2.5666     2.2235 -9.990e-29
      5.947   74.46048  169.91520      6.009    -1.3078    -1.3083  22.209715  22.207387    27.2247    27.2220    370.459    360.819     0.2297     4.5910     0.1013     0.1013     0.0845     0.0342      14195     9.8569      22.34     2.5654     2.2247 -9.990e-29
      5.881   74.46048  169.91520      5.943    -1.3078    -1.3082  22.209715  22.207071    27.2248    27.2215    370.456    360.816     0.2297     4.5910     0.1013     0.1013     0.0845     0.0342      14196     9.8576      21.47     2.5654     2.2247 -9.990e-29
      5.889   74.46048  169.91520      5.951    -1.3078    -1.3082  22.209378  22.206280    27.2243    27.2205    370.676    360.819     0.2297     4.5910     0.1013     0.1013     0.0845     0.0342      14197     9.8583      20.44     2.5666     2.2247 -9.990e-29
      5.881   74.46048  169.91520      5.943    -1.3082    -1.3082  22.209098  22.205541    27.2242    27.2195    370.679    360.563     0.2297     4.5910     0.1013     0.1013     0.0845     0.0342      14198     9.8590      20.22     2.5666     2.2235 -9.990e-29
      5.947   74.46048  169.91520      6.009    -1.3080    -1.3082  22.209042  22.204698    27.2240    27.2183    370.682    360.570     0.2297     4.5910     0.1013     0.1013     0.0845     0.0342      14199     9.8597      19.95     2.5666     2.2235 -9.990e-29
      5.824   74.46048  169.91520      5.885    -1.3082    -1.3080  22.208874  22.204645    27.2240    27.2181    370.677    360.562     0.2297     4.5910     0.1026     0.1026     0.0845     0.0342      14200     9.8604      17.92     2.5666     2.2235 -9.990e-29
      5.889   74.46048  169.91520      5.951    -1.3082    -1.3085  22.208650  22.204856    27.2236    27.2188    370.900    360.569     0.2297     4.5910     0.1013     0.1013     0.0845     0.0342      14201     9.8611      19.17     2.5678     2.2235 -9.990e-29
      5.881   74.46048  169.91520      5.943    -1.3078    -1.3082  22.208425  22.204908    27.2230    27.2186    370.679    360.824     0.2297     4.5910     0.1013     0.1013     0.0845     0.0342      14202     9.8618      19.32     2.5666     2.2247 -9.990e-29
      5.832   74.46048  169.91520      5.893    -1.3080    -1.3080  22.208033  22.205067    27.2227    27.2187    370.680    361.336     0.2297     4.5910     0.1013     0.1013     0.0845     0.0342      14203     9.8625      20.68     2.5666     2.2272 -9.990e-29
      5.832   74.46048  169.91520      5.893    -1.3080    -1.3083  22.207921  22.205172    27.2225    27.2191    370.680    361.596     0.2297     4.5910     0.1013     0.1013     0.0845     0.0342      14204     9.8632      22.95     2.5666     2.2284 -9.990e-29
      5.881   74.46048  169.91520      5.943    -1.3080    -1.3082  22.207584  22.204961    27.2221    27.2187    370.684    361.340     0.2297     4.5910     0.1013     0.1013     0.0845     0.0342      14205     9.8639      23.35     2.5666     2.2272 -9.990e-29
      5.766   74.46048  169.91520      5.827    -1.3080    -1.3080  22.207304  22.205066    27.2218    27.2187    370.679    361.333     0.2297     4.5910     0.1013     0.1013     0.0845     0.0342      14206     9.8646      22.69     2.5666     2.2272 -9.990e-29
      5.824   74.46048  169.91520      5.885    -1.3080    -1.3082  22.207248  22.204803    27.2216    27.2185    370.464    361.596     0.2297     4.5910     0.1013     0.1013     0.0845     0.0342      14207     9.8653      22.30     2.5654     2.2284 -9.990e-29
      5.832   74.46048  169.91520      5.893    -1.3080    -1.3083  22.207248  22.204856    27.2216    27.2187    370.464    362.114     0.2297     4.5910     0.1013     0.1013     0.0845     0.0342      14208     9.8660      21.93     2.5654     2.2308 -9.990e-29
      5.766   74.46048  169.91520      5.827    -1.3082    -1.3083  22.206911  22.204908    27.2214    27.2188    370.682    362.369     0.2297     4.5910     0.1001     0.1001     0.0845     0.0342      14209     9.8667      21.98     2.5666     2.2321 -9.990e-29
      5.766   74.46048  169.91522      5.827    -1.3083    -1.3082  22.206799  22.204592    27.2213    27.2183    370.465    362.111     0.2297     4.5910     0.1001     0.1001     0.0845     0.0342      14210     9.8674      22.30     2.5654     2.2308 -9.990e-29
      5.824   74.46048  169.91522      5.885    -1.3083    -1.3083  22.206463  22.204328    27.2208    27.2180    370.470    361.341     0.2297     4.5910     0.0989     0.0989     0.0845     0.0342      14211     9.8681      19.15     2.5654     2.2272 -9.990e-29
      5.709   74.46048  169.91522      5.769    -1.3082    -1.3083  22.206350  22.204223    27.2207    27.2179    370.463    360.819     0.1992     4.5910     0.1001     0.1001     0.0845     0.0330      14212     9.8688      16.65     2.5654     2.2247 0.0000e+00
      5.766   74.46048  169.91522      5.827    -1.3082    -1.3085  22.206182  22.203748    27.2204    27.2174    370.685    360.567     0.2297     4.5910     0.1001     0.1001     0.0845     0.0342      14213     9.8694      15.24     2.5666     2.2235 -9.990e-29
      5.701   74.46048  169.91522      5.760    -1.3081    -1.3083  22.206126  22.203379    27.2203    27.2168    370.681    360.564     0.2297     4.5910     0.1001     0.1001     0.0845     0.0342      14214     9.8701      14.70     2.5666     2.2235 0.0000e+00
      5.709   74.46048  169.91522      5.769    -1.3083    -1.3085  22.205453  22.203010    27.2196    27.2165    370.686    360.309     0.1992     4.5910     0.1001     0.1001     0.0845     0.0330      14215     9.8708      14.31     2.5666     2.2223 -9.990e-29
      5.701   74.46048  169.91522      5.760    -1.3083    -1.3086  22.204724  22.202746    27.2186    27.2162    370.688    360.310     0.2297     4.5910     0.1001     0.1001     0.0845     0.0342      14216     9.8715      14.41     2.5666     2.2223 -9.990e-29
      5.651   74.46048  169.91522      5.711    -1.3083    -1.3085  22.204556  22.203010    27.2184    27.2165    370.686    360.306     0.2297     4.5910     0.1001     0.1001     0.0845     0.0342      14217     9.8722      14.29     2.5666     2.2223 0.0000e+00
      5.643   74.46048  169.91522      5.702    -1.3084    -1.3085  22.204051  22.202799    27.2179    27.2162    370.908    360.306     0.2297     4.5910     0.1001     0.1001     0.0845     0.0342      14218     9.8729      14.26     2.5678     2.2223 0.0000e+00
      5.651   74.46048  169.91522      5.711    -1.3084    -1.3086  22.204220  22.201955    27.2181    27.2152    370.907    360.311     0.2602     4.5922     0.1001     0.1001     0.0835     0.0354      14219     9.8736      14.16     2.5678     2.2223 -9.990e-29
      5.586   74.46048  169.91522      5.644    -1.3086    -1.3085  22.203659  22.201744    27.2175    27.2148    370.908    360.307     0.2602     4.5910     0.1001     0.1001     0.0845     0.0354      14220     9.8743      13.75     2.5678     2.2223 0.0000e+00
      5.586   74.46048  169.91522      5.644    -1.3088    -1.3086  22.202930  22.201111    27.2167    27.2141    370.912    360.569     0.2602     4.5910     0.1001     0.1001     0.0845     0.0354      14221     9.8750      13.87     2.5678     2.2235 -9.990e-29
      5.586   74.46048  169.91522      5.644    -1.3086    -1.3088  22.202089  22.200531    27.2154    27.2135    370.696    360.573     0.2602     4.5922     0.1001     0.1001     0.0835     0.0354      14222     9.8757      14.14     2.5666     2.2235 -9.990e-29
      5.586   74.46048  169.91522      5.644    -1.3089    -1.3086  22.201360  22.200109    27.2147    27.2127    370.701    360.315     0.2602     4.5910     0.1001     0.1001     0.0845     0.0354      14223     9.8764      14.11     2.5666     2.2223 -9.990e-29
      5.528   74.46048  169.91522      5.586    -1.3088    -1.3088  22.201360  22.199793    27.2146    27.2125    370.915    360.573     0.2602     4.5910     0.1001     0.1001     0.0845     0.0354      14224     9.8771      14.26     2.5678     2.2235 0.0000e+00
      5.520   74.46048  169.91522      5.578    -1.3091    -1.3088  22.201584  22.199371    27.2152    27.2120    370.916    360.574     0.2602     4.5922     0.1001     0.1001     0.0835     0.0354      14225     9.8778      14.73     2.5678     2.2235 0.0000e+00
      5.463   74.46048  169.91522      5.520    -1.3089    -1.3088  22.202313  22.198949    27.2160    27.2114    370.909    360.314     0.2602     4.5910     0.1001     0.1001     0.0845     0.0354      14226     9.8785      14.99     2.5678     2.2223 0.0000e+00
      5.520   74.46048  169.91522      5.578    -1.3088    -1.3089  22.202874  22.198316    27.2167    27.2106    370.909    360.062     0.2602     4.5910     0.1001     0.1001     0.0845     0.0354      14227     9.8792      14.80     2.5678     2.2211 -9.990e-29
      5.463   74.46048  169.91522      5.520    -1.3086    -1.3092  22.203154  22.197525    27.2169    27.2099    370.903    359.807     0.2602     4.5910     0.1001     0.1001     0.0845     0.0354      14228     9.8799      14.90     2.5678     2.2199 -9.990e-29
      5.405   74.46048  169.91522      5.462    -1.3088    -1.3091  22.203378  22.197050    27.2174    27.2092    370.683    359.805     0.2602     4.5910     0.1001     0.1001     0.0845     0.0354      14229     9.8806      15.12     2.5666     2.2199 0.0000e+00
      5.463   74.46048  169.91522      5.520    -1.3088    -1.3092  22.203434  22.196154    27.2174    27.2081    370.904    359.296     0.2602     4.5910     0.1001     0.1001     0.0845     0.0354      14230     9.8812      15.46     2.5678     2.2174 -9.990e-29
      5.348   74.46048  169.91522      5.404    -1.3088    -1.3094  22.204611  22.195258    27.2191    27.2071    370.893    359.553     0.2602     4.5910     0.1001     0.1001     0.0845     0.0354      14231     9.8819      15.24     2.5678     2.2186 0.0000e+00
      5.397   74.46048  169.91522      5.454    -1.3084    -1.3094  22.205845  22.194309    27.2204    27.2058    370.888    359.301     0.2602     4.5910     0.1001     0.1001     0.0845     0.0354      14232     9.8826      15.97     2.5678     2.2174 -9.990e-29
      5.348   74.46048  169.91522      5.404    -1.3084    -1.3097  22.205452  22.193728    27.2199    27.2053    370.887    359.561     0.2602     4.5910     0.1001     0.1001     0.0845     0.0354      14233     9.8833      17.05     2.5678     2.2186 -9.990e-29
      5.340   74.46048  169.91524      5.396    -1.3084    -1.3098  22.203883  22.193834    27.2178    27.2056    370.893    359.820     0.2602     4.5910     0.1001     0.1001     0.0845     0.0354      14234     9.8840      17.05     2.5678     2.2199 0.0000e+00
      5.348   74.46048  169.91524      5.404    -1.3084    -1.3100  22.202761  22.194203    27.2163    27.2062    370.898    359.820     0.2602     4.5910     0.1001     0.1001     0.0845     0.0354      14235     9.8847      16.95     2.5678     2.2199 -9.990e-29
      5.282   74.46048  169.91524      5.338    -1.3089    -1.3098  22.200463  22.194467    27.2137    27.2065    370.907    360.073     0.2602     4.5922     0.1001     0.1001     0.0835     0.0354      14236     9.8854      16.65     2.5678     2.2211 0.0000e+00
      5.282   74.46048  169.91524      5.338    -1.3092    -1.3097  22.198500  22.195363    27.2113    27.2075    371.136    360.068     0.2602     4.5922     0.0989     0.0989     0.0835     0.0354      14237     9.8861      16.36     2.5691     2.2211 -9.990e-29
      5.282   74.46048  169.91524      5.338    -1.3093    -1.3095  22.198388  22.195310    27.2113    27.2073    370.919    360.326     0.2602     4.5910     0.1001     0.1001     0.0845     0.0354      14238     9.8868      16.39     2.5678     2.2223 -9.990e-29
      5.217   74.46048  169.91524      5.271    -1.3095    -1.3097  22.198332  22.195205    27.2114    27.2073    370.917    360.324     0.2602     4.5922     0.1013     0.1013     0.0835     0.0354      14239     9.8875      16.24     2.5678     2.2223 0.0000e+00
      5.225   74.46048  169.91524      5.280    -1.3098    -1.3097  22.196538  22.195046    27.2093    27.2071    370.928    360.325     0.2297     4.5922     0.1013     0.1013     0.0835     0.0342      14240     9.8882      15.75     2.5678     2.2223 -9.990e-29
      5.217   74.46048  169.91524      5.271    -1.3103    -1.3095  22.194632  22.194835    27.2071    27.2067    370.721    360.324     0.1687     4.5910     0.1013     0.1013     0.0845     0.0317      14241     9.8889      10.82     2.5666     2.2223 -9.990e-29
      5.167   74.46048  169.91524      5.222    -1.3106    -1.3097  22.193511  22.194572    27.2060    27.2065    371.162    360.066     0.1687     4.5922     0.1026     0.1026     0.0835     0.0317      14242     9.8896       6.86     2.5691     2.2211 0.0000e+00
      5.167   74.46048  169.91524      5.222    -1.3106    -1.3098  22.193119  22.193675    27.2055    27.2055    370.945    359.812     0.1381     4.5922     0.1026     0.1026     0.0835     0.0305      14243     9.8903       5.05     2.5678     2.2199 -9.990e-29
      5.159   74.46048  169.91524      5.213    -1.3106    -1.3100  22.193231  22.191935    27.2056    27.2033    371.163    359.561     0.1687     4.5922     0.1026     0.1026     0.0835     0.0317      14244     9.8910       4.98     2.5691     2.2186 0.0000e+00
      5.167   74.46048  169.91524      5.222    -1.3107    -1.3110  22.193287  22.188509    27.2058    27.1997    371.164    359.584     0.1687     4.5922     0.1026     0.1026     0.0835     0.0317      14245     9.8917       5.47     2.5691     2.2186 -9.990e-29
      5.102   74.46048  169.91524      5.155    -1.3107    -1.3113  22.193791  22.185451    27.2065    27.1959    371.158    359.595     0.1687     4.5922     0.1026     0.1026     0.0835     0.0317      14246     9.8924       6.37     2.5691     2.2186 0.0000e+00
      5.102   74.46048  169.91524      5.155    -1.3107    -1.3121  22.193791  22.183342    27.2065    27.1938    370.940    359.868     0.1687     4.5910     0.1026     0.1026     0.0845     0.0317      14247     9.8931       7.03     2.5678     2.2199 -9.990e-29
      5.036   74.46048  169.91524      5.089    -1.3106    -1.3124  22.192894  22.182815    27.2052    27.1934    370.939    360.386     0.1381     4.5910     0.1026     0.1026     0.0845     0.0305      14248     9.8938       7.13     2.5678     2.2223 0.0000e+00
      5.102   74.46048  169.91524      5.155    -1.3107    -1.3122  22.191941  22.183764    27.2040    27.1944    371.166    360.384     0.1687     4.5922     0.1026     0.1026     0.0835     0.0317      14249     9.8944       7.06     2.5691     2.2223 -9.990e-29
