Continuous CTD Data/SBE Stage/nabos_20_01.ros
* Sea-Bird SBE 9 Data File:
* FileName = D:\CTD\data\HLY2502\raw\NABOS_20_01.hex
* Software Version Seasave V 7.26.7.110
* Temperature SN = 6954
* Conductivity SN = 2561
* Number of Bytes Per Scan = 37
* Number of Voltage Words = 4
* Number of Scans Averaged by the Deck Unit = 1
* NMEA Latitude = 78 38.06 N
* NMEA Longitude = 174 57.52 E
* NMEA UTC (Time) = Sep 18 2025  06:15:34
* NMEA baud rate = 9600
** Ship: USCG HEALY
** Bot. Depth:  2143
** Cast Number:  01
** Station Name:  NABOS
** Station Number:  20
** Operator:  STARC
** 1200 target
# nquan = 25
# nvalues = 1176                                  
# units = specified
# name 0 = depSM: Depth [salt water, m]
# name 1 = latitude: Latitude [deg]
# name 2 = longitude: Longitude [deg]
# name 3 = prDM: Pressure, Digiquartz [db]
# name 4 = t090C: Temperature [ITS-90, deg C]
# name 5 = t190C: Temperature, 2 [ITS-90, deg C]
# name 6 = c0mS/cm: Conductivity [mS/cm]
# name 7 = c1mS/cm: Conductivity, 2 [mS/cm]
# name 8 = sal00: Salinity, Practical [PSU]
# name 9 = sal11: Salinity, Practical, 2 [PSU]
# name 10 = sbox0Mm/Kg: Oxygen, SBE 43 [umol/kg]
# name 11 = sbox1Mm/Kg: Oxygen, SBE 43, 2 [umol/kg]
# name 12 = flECO-AFL: Fluorescence, WET Labs ECO-AFL/FL [mg/m^3]
# name 13 = v2: Voltage 2
# name 14 = wetCDOM: Fluorescence, WET Labs CDOM [mg/m^3]
# name 15 = v6: Voltage 6
# name 16 = CStarAt0: Beam Attenuation, WET Labs C-Star [1/m]
# name 17 = v3: Voltage 3
# name 18 = scan: Scan Count
# name 19 = timeM: Time, Elapsed [minutes]
# name 20 = altM: Altimeter [m]
# name 21 = sbeox0V: Oxygen raw, SBE 43 [V]
# name 22 = sbeox1V: Oxygen raw, SBE 43, 2 [V]
# name 23 = nbf: Bottles Fired
# name 24 = flag:  0.000e+00
# interval = seconds: 0.0416667
# start_time = Sep 18 2025 06:15:34 [NMEA time, header]
# bad_flag = -9.990e-29
*END*
   1199.728   78.63918  174.95956   1216.047    -0.1224    -0.1208  29.385799  29.385911    34.8811    34.8795    290.720    268.667    -0.1366     4.6740     0.0842     0.0842     0.0128     0.0195      40234    27.9396     100.00     2.0184     1.7103          1  0.000e+00
   1199.720   78.63918  174.95956   1216.038    -0.1229    -0.1209  29.385737  29.385853    34.8815    34.8795    290.722    264.778    -0.1366     4.6752     0.0842     0.0842     0.0117     0.0195      40235    27.9403     100.00     2.0184     1.6931          1  0.000e+00
   1199.661   78.63918  174.95956   1215.979    -0.1226    -0.1209  29.385985  29.385503    34.8815    34.8790    290.718    264.776    -0.1061     4.6752     0.0842     0.0842     0.0117     0.0208      40236    27.9410     100.00     2.0184     1.6931          1  0.000e+00
   1199.720   78.63918  174.95956   1216.038    -0.1225    -0.1211  29.385861  29.385270    34.8813    34.8789    290.720    271.448    -0.1366     4.6740     0.0855     0.0855     0.0128     0.0195      40237    27.9417     100.00     2.0184     1.7227          1  0.000e+00
   1199.720   78.63918  174.95956   1216.038    -0.1227    -0.1213  29.385737  29.385328    34.8814    34.8792    290.722    286.729    -0.1061     4.6752     0.0855     0.0855     0.0117     0.0208      40238    27.9424     100.00     2.0184     1.7904          1  0.000e+00
   1199.720   78.63918  174.95956   1216.038    -0.1227    -0.1209  29.385737  29.385503    34.8813    34.8790    290.956    300.338    -0.1366     4.6740     0.0855     0.0855     0.0128     0.0195      40239    27.9431     100.00     2.0196     1.8508          1  0.000e+00
   1199.720   78.63918  174.95956   1216.038    -0.1227    -0.1212  29.385799  29.385386    34.8814    34.8792    290.721    307.008    -0.1366     4.6740     0.0855     0.0855     0.0128     0.0195      40240    27.9438     100.00     2.0184     1.8804          1  0.000e+00
   1199.661   78.63918  174.95956   1215.979    -0.1227    -0.1214  29.385737  29.385270    34.8814    34.8792    290.719    308.674    -0.1366     4.6740     0.0855     0.0855     0.0128     0.0195      40241    27.9444     100.00     2.0184     1.8878          1  0.000e+00
   1199.720   78.63918  174.95956   1216.038    -0.1230    -0.1214  29.385737  29.385153    34.8816    34.8791    290.723    308.122    -0.1366     4.6740     0.0855     0.0855     0.0128     0.0195      40242    27.9451     100.00     2.0184     1.8853          1  0.000e+00
   1199.661   78.63918  174.95956   1215.979    -0.1227    -0.1216  29.385799  29.385153    34.8815    34.8793    290.719    306.453    -0.1366     4.6740     0.0855     0.0855     0.0128     0.0195      40243    27.9458     100.00     2.0184     1.8779          1  0.000e+00
   1199.720   78.63918  174.95956   1216.038    -0.1230    -0.1217  29.385551  29.385211    34.8814    34.8795    290.724    304.789    -0.1366     4.6752     0.0842     0.0842     0.0117     0.0195      40244    27.9465     100.00     2.0184     1.8705          1  0.000e+00
   1199.720   78.63918  174.95956   1216.038    -0.1229    -0.1214  29.385861  29.385328    34.8817    34.8794    290.723    303.121    -0.1366     4.6752     0.0855     0.0855     0.0117     0.0195      40245    27.9472     100.00     2.0184     1.8631          1  0.000e+00
   1199.720   78.63918  174.95956   1216.038    -0.1229    -0.1212  29.385985  29.384862    34.8818    34.8785    290.957    301.732    -0.1366     4.6752     0.0855     0.0855     0.0117     0.0195      40246    27.9479     100.00     2.0196     1.8570          1  0.000e+00
   1199.720   78.63918  174.95956   1216.038    -0.1227    -0.1214  29.386047  29.385037    34.8817    34.8789    290.721    300.343    -0.1366     4.6752     0.0842     0.0842     0.0117     0.0195      40247    27.9486     100.00     2.0184     1.8508          1  0.000e+00
   1199.661   78.63918  174.95956   1215.979    -0.1227    -0.1212  29.385799  29.385211    34.8815    34.8790    290.954    299.228    -0.1366     4.6740     0.0855     0.0855     0.0128     0.0195      40248    27.9493     100.00     2.0196     1.8459          1  0.000e+00
   1199.720   78.63918  174.95956   1216.038    -0.1227    -0.1210  29.385923  29.385153    34.8816    34.8787    290.956    298.396    -0.1366     4.6752     0.0842     0.0842     0.0117     0.0195      40249    27.9500     100.00     2.0196     1.8422          1  0.000e+00
   1199.720   78.63918  174.95956   1216.038    -0.1224    -0.1216  29.385861  29.384978    34.8812    34.8790    290.955    297.567    -0.1366     4.6740     0.0855     0.0855     0.0128     0.0195      40250    27.9507     100.00     2.0196     1.8385          1  0.000e+00
   1199.720   78.63918  174.95956   1216.038    -0.1227    -0.1214  29.385799  29.385095    34.8814    34.8790    290.722    296.732    -0.1366     4.6740     0.0855     0.0855     0.0128     0.0195      40251    27.9514     100.00     2.0184     1.8348          1  0.000e+00
   1199.720   78.63918  174.95956   1216.038    -0.1223    -0.1217  29.386171  29.384978    34.8814    34.8792    290.718    295.900    -0.1366     4.6740     0.0842     0.0842     0.0128     0.0195      40252    27.9521     100.00     2.0184     1.8311          1  0.000e+00
   1199.661   78.63918  174.95956   1215.979    -0.1224    -0.1214  29.386109  29.385095    34.8815    34.8791    290.951    291.729    -0.1366     4.6740     0.0855     0.0855     0.0128     0.0195      40253    27.9528     100.00     2.0196     1.8126          1  0.000e+00
   1199.720   78.63918  174.95956   1216.038    -0.1224    -0.1217  29.386047  29.384920    34.8813    34.8791    290.719    280.065    -0.1366     4.6740     0.0855     0.0855     0.0128     0.0195      40254    27.9535     100.00     2.0184     1.7609          1  0.000e+00
   1199.661   78.63918  174.95956   1215.979    -0.1221    -0.1216  29.385985  29.384920    34.8810    34.8790    290.951    267.561    -0.1366     4.6752     0.0855     0.0855     0.0117     0.0195      40255    27.9542     100.00     2.0196     1.7054          1  0.000e+00
   1199.720   78.63918  174.95956   1216.038    -0.1222    -0.1214  29.386233  29.384862    34.8814    34.8787    290.718    260.339    -0.1366     4.6740     0.0855     0.0855     0.0128     0.0195      40256    27.9549     100.00     2.0184     1.6734          1  0.000e+00
   1199.720   78.63918  174.95956   1216.038    -0.1223    -0.1217  29.385923  29.385153    34.8811    34.8794    290.719    257.562    -0.1366     4.6740     0.0855     0.0855     0.0128     0.0195      40257    27.9556     100.00     2.0184     1.6611          1  0.000e+00
   1199.720   78.63918  174.95956   1216.038    -0.1222    -0.1216  29.386171  29.384920    34.8813    34.8790    290.718    257.284    -0.1366     4.6740     0.0842     0.0842     0.0128     0.0195      40258    27.9563     100.00     2.0184     1.6598          1  0.000e+00
   1199.720   78.63918  174.95956   1216.038    -0.1223    -0.1216  29.386295  29.385153    34.8816    34.8793    290.718    258.395    -0.1366     4.6740     0.0855     0.0855     0.0128     0.0195      40259    27.9569     100.00     2.0184     1.6648          1  0.000e+00
   1199.661   78.63918  174.95956   1215.979    -0.1221    -0.1214  29.385923  29.385153    34.8809    34.8792    290.716    264.226    -0.1366     4.6740     0.0855     0.0855     0.0128     0.0195      40260    27.9576     100.00     2.0184     1.6906          1  0.000e+00
   1199.720   78.63918  174.95956   1216.038    -0.1224    -0.1216  29.386171  29.385211    34.8815    34.8793    290.719    279.508    -0.1366     4.6752     0.0855     0.0855     0.0117     0.0195      40261    27.9583     100.00     2.0184     1.7584          1  0.000e+00
   1199.720   78.63918  174.95956   1216.038    -0.1223    -0.1214  29.386481  29.384920    34.8819    34.8788    290.718    295.066    -0.1366     4.6740     0.0842     0.0842     0.0128     0.0195      40262    27.9590     100.00     2.0184     1.8274          1  0.000e+00
   1199.661   78.63918  174.95956   1215.979    -0.1221    -0.1214  29.386171  29.384628    34.8812    34.8784    290.715    301.454    -0.1366     4.6740     0.0842     0.0842     0.0128     0.0195      40263    27.9597     100.00     2.0184     1.8558          1  0.000e+00
   1199.661   78.63918  174.95956   1215.979    -0.1221    -0.1213  29.386047  29.385270    34.8811    34.8792    290.716    294.229    -0.1366     4.6740     0.0842     0.0842     0.0128     0.0195      40264    27.9604     100.00     2.0184     1.8237          1  0.000e+00
   1199.720   78.63918  174.95956   1216.038    -0.1219    -0.1212  29.386233  29.385211    34.8811    34.8789    290.717    281.451    -0.1366     4.6740     0.0842     0.0842     0.0128     0.0195      40265    27.9611     100.00     2.0184     1.7670          1  0.000e+00
   1199.720   78.63918  174.95956   1216.038    -0.1221    -0.1212  29.386481  29.385445    34.8817    34.8792    290.717    273.394    -0.1366     4.6752     0.0842     0.0842     0.0117     0.0195      40266    27.9618     100.00     2.0184     1.7313          1  0.000e+00
   1199.661   78.63918  174.95956   1215.979    -0.1219    -0.1211  29.386357  29.385386    34.8813    34.8791    290.714    270.891    -0.1366     4.6752     0.0830     0.0830     0.0117     0.0195      40267    27.9625     100.00     2.0184     1.7202          1  0.000e+00
   1199.720   78.63918  174.95956   1216.038    -0.1219    -0.1213  29.386357  29.385270    34.8813    34.8791    290.482    273.117    -0.1366     4.6740     0.0842     0.0842     0.0128     0.0195      40268    27.9632     100.00     2.0171     1.7301          1  0.000e+00
   1199.720   78.63918  174.95956   1216.038    -0.1218    -0.1214  29.386667  29.384920    34.8815    34.8788    290.715    279.786    -0.1366     4.6752     0.0830     0.0830     0.0117     0.0195      40269    27.9639     100.00     2.0184     1.7596          1  0.000e+00
   1199.661   78.63918  174.95956   1215.979    -0.1218    -0.1217  29.386605  29.384920    34.8814    34.8791    290.712    280.064    -0.1366     4.6752     0.0842     0.0842     0.0117     0.0195      40270    27.9646     100.00     2.0184     1.7609          1  0.000e+00
   1199.720   78.63918  174.95956   1216.038    -0.1215    -0.1218  29.386419  29.385095    34.8808    34.8794    290.714    275.899    -0.1366     4.6752     0.0842     0.0842     0.0117     0.0195      40271    27.9653     100.00     2.0184     1.7424          1  0.000e+00
   1199.661   78.63918  174.95956   1215.979    -0.1218    -0.1217  29.386543  29.384978    34.8813    34.8792    290.713    277.563    -0.1366     4.6752     0.0830     0.0830     0.0117     0.0195      40272    27.9660     100.00     2.0184     1.7498          1  0.000e+00
   1199.720   78.63918  174.95956   1216.038    -0.1218    -0.1218  29.386729  29.385095    34.8816    34.8795    290.950    289.512    -0.1366     4.6752     0.0842     0.0842     0.0117     0.0195      40273    27.9667     100.00     2.0196     1.8028          1  0.000e+00
   1199.661   78.63918  174.95956   1215.979    -0.1219    -0.1217  29.386605  29.384920    34.8816    34.8791    290.948    300.622    -0.1366     4.6752     0.0830     0.0830     0.0117     0.0195      40274    27.9674     100.00     2.0196     1.8521          1  0.000e+00
   1199.720   78.63918  174.95956   1216.038    -0.1219    -0.1219  29.386605  29.384920    34.8816    34.8793    290.716    302.571    -0.1366     4.6752     0.0830     0.0830     0.0117     0.0195      40275    27.9681     100.00     2.0184     1.8607          1  0.000e+00
   1199.720   78.63918  174.95956   1216.038    -0.1218    -0.1218  29.386729  29.384862    34.8816    34.8792    290.715    296.181    -0.1366     4.6752     0.0842     0.0842     0.0117     0.0195      40276    27.9688     100.00     2.0184     1.8323          1  0.000e+00
   1199.720   78.63918  174.95956   1216.038    -0.1218    -0.1218  29.386605  29.384920    34.8814    34.8793    290.715    296.181    -0.1366     4.6752     0.0842     0.0842     0.0117     0.0195      40277    27.9694     100.00     2.0184     1.8323          1  0.000e+00
   1199.661   78.63918  174.95956   1215.979    -0.1220    -0.1217  29.386171  29.385095    34.8811    34.8793    290.950    300.900    -0.1366     4.6752     0.0842     0.0842     0.0117     0.0195      40278    27.9701     100.00     2.0196     1.8533          1  0.000e+00
   1199.728   78.63918  174.95956   1216.047    -0.1219    -0.1214  29.386419  29.385211    34.8813    34.8792    290.717    304.234    -0.1366     4.6752     0.0830     0.0830     0.0117     0.0195      40279    27.9708     100.00     2.0184     1.8681          1  0.000e+00
   1199.661   78.63918  174.95956   1215.979    -0.1218    -0.1217  29.386543  29.385153    34.8814    34.8794    290.948    304.789    -0.1366     4.6752     0.0842     0.0842     0.0117     0.0195      40280    27.9715     100.00     2.0196     1.8705          1  0.000e+00
   1199.720   78.63918  174.95956   1216.039    -0.1218    -0.1217  29.386357  29.384628    34.8811    34.8787    290.716    303.960    -0.1366     4.6740     0.0842     0.0842     0.0128     0.0195      40281    27.9722     100.00     2.0184     1.8668          1  0.000e+00
   1199.661   78.63918  174.95956   1215.979    -0.1219    -0.1214  29.386357  29.385153    34.8813    34.8792    290.715    302.843    -0.1061     4.6752     0.0830     0.0830     0.0117     0.0208      40282    27.9729     100.00     2.0184     1.8619          1  0.000e+00
    999.972   78.64008  174.95962   1013.084    -0.1349    -0.1343  29.264125  29.262986    34.8502    34.8480    293.311    320.945    -0.1061     4.6740     0.0830     0.0830     0.0128     0.0208      47714    33.1340     100.00     2.0727     1.9799          2  0.000e+00
   1000.030   78.64008  174.95962   1013.143    -0.1350    -0.1344  29.263939  29.262869    34.8501    34.8480    293.315    318.788    -0.1366     4.6728     0.0830     0.0830     0.0138     0.0195      47715    33.1347     100.00     2.0727     1.9700          2  0.000e+00
    999.972   78.64008  174.95962   1013.084    -0.1350    -0.1344  29.263877  29.262869    34.8501    34.8481    293.313    316.624    -0.1366     4.6740     0.0830     0.0830     0.0128     0.0195      47716    33.1354     100.00     2.0727     1.9602          2  0.000e+00
    999.972   78.64008  174.95962   1013.084    -0.1354    -0.1343  29.264063  29.262694    34.8507    34.8476    293.543    314.732    -0.1366     4.6740     0.0830     0.0830     0.0128     0.0195      47717    33.1361     100.00     2.0740     1.9516          2  0.000e+00
   1000.046   78.64008  174.95962   1013.160    -0.1352    -0.1344  29.263939  29.262811    34.8503    34.8479    293.317    312.844    -0.1366     4.6728     0.0830     0.0830     0.0138     0.0195      47718    33.1368     100.00     2.0727     1.9430          2  0.000e+00
    999.972   78.64008  174.95962   1013.084    -0.1352    -0.1346  29.264063  29.262636    34.8505    34.8479    293.314    311.222    -0.1366     4.6740     0.0818     0.0818     0.0128     0.0195      47719    33.1375     100.00     2.0727     1.9356          2  0.000e+00
   1000.030   78.64008  174.95962   1013.143    -0.1352    -0.1347  29.264125  29.262578    34.8505    34.8480    293.316    309.604    -0.1366     4.6740     0.0830     0.0830     0.0128     0.0195      47720    33.1382     100.00     2.0727     1.9282          2  0.000e+00
   1000.030   78.64008  174.95962   1013.143    -0.1354    -0.1349  29.264125  29.262345    34.8507    34.8479    293.317    308.255    -0.1061     4.6740     0.0830     0.0830     0.0128     0.0208      47721    33.1389     100.00     2.0727     1.9221          2  0.000e+00
