Continuous CTD Data/SBE Stage/nabos_35_01avg.cnv
* Sea-Bird SBE 9 Data File:
* FileName = D:\CTD\data\HLY2502\raw\NABOS_35_01.hex
* Software Version Seasave V 7.26.7.110
* Temperature SN = 6954
* Conductivity SN = 2561
* Number of Bytes Per Scan = 37
* Number of Voltage Words = 4
* Number of Scans Averaged by the Deck Unit = 1
* NMEA Latitude = 79 33.18 N
* NMEA Longitude = 135 18.37 E
* NMEA UTC (Time) = Sep 24 2025  06:03:21
* NMEA baud rate = 9600
** Ship: USCG HEALY
** Bot. Depth:  3187
** Cast Number:  01
** Station Name:  NABOS
** Station Number:  35
** Operator:  STARC
** Cast to 1200 m
# nquan = 25
# nvalues = 1215                        
# units = specified
# name 0 = depSM: Depth [salt water, m]
# name 1 = latitude: Latitude [deg]
# name 2 = longitude: Longitude [deg]
# name 3 = prDM: Pressure, Digiquartz [db]
# name 4 = t090C: Temperature [ITS-90, deg C]
# name 5 = t190C: Temperature, 2 [ITS-90, deg C]
# name 6 = c0mS/cm: Conductivity [mS/cm]
# name 7 = c1mS/cm: Conductivity, 2 [mS/cm]
# name 8 = sal00: Salinity, Practical [PSU]
# name 9 = sal11: Salinity, Practical, 2 [PSU]
# name 10 = sbox0Mm/Kg: Oxygen, SBE 43 [umol/kg]
# name 11 = sbox1Mm/Kg: Oxygen, SBE 43, 2 [umol/kg]
# name 12 = flECO-AFL: Fluorescence, WET Labs ECO-AFL/FL [mg/m^3]
# name 13 = v2: Voltage 2
# name 14 = wetCDOM: Fluorescence, WET Labs CDOM [mg/m^3]
# name 15 = v6: Voltage 6
# name 16 = CStarAt0: Beam Attenuation, WET Labs C-Star [1/m]
# name 17 = v3: Voltage 3
# name 18 = scan: Scan Count
# name 19 = timeM: Time, Elapsed [minutes]
# name 20 = altM: Altimeter [m]
# name 21 = sbeox0V: Oxygen raw, SBE 43 [V]
# name 22 = sbeox1V: Oxygen raw, SBE 43, 2 [V]
# name 23 = nbin: number of scans per bin
# name 24 = flag: flag
# span 0 =      2.968,   1200.628       
# span 1 =   79.55303,   79.55473       
# span 2 =  135.29365,  135.30511       
# span 3 =      3.000,   1217.000       
# span 4 =    -1.8061,     1.6684       
# span 5 =    -1.8057,     1.6684       
# span 6 =  22.534718,  30.450110       
# span 7 =  22.532877,  30.448342       
# span 8 =    27.8492,    34.8780       
# span 9 =    27.8456,    34.8758       
# span 10 =    291.783,    375.714      
# span 11 =    288.282,    368.554      
# span 12 =    -0.1820,     0.5385      
# span 13 =     4.2656,     4.6252      
# span 14 =     0.0805,     0.1394      
# span 15 =     0.0805,     0.1394      
# span 16 =     0.0548,     0.3812      
# span 17 =     0.0177,     0.0465      
# span 18 =       4234,      39352      
# span 19 =     2.9399,    27.3273      
# span 20 =      87.76,     100.03      
# span 21 =     2.0234,     2.6352      
# span 22 =     1.7999,     2.2874      
# span 23 =          5,         26      
# span 24 = 0.0000e+00, 0.0000e+00      
# interval = decibars: 1                
# start_time = Sep 24 2025 06:03:21 [NMEA time, header]
# bad_flag = -9.990e-29
*END*
[from data line 174]
    175.055   79.55336  135.30218    177.000     1.2450     1.2456  29.976130  29.974625    34.7165    34.7140    295.460    290.695    -0.1294     4.6152     0.0832     0.0832     0.0634     0.0198      12182     8.4593     100.00     2.3400     2.0546         14 0.0000e+00
    176.043   79.55336  135.30216    178.000     1.2541     1.2545  29.986290  29.984837    34.7189    34.7166    295.669    290.384    -0.1344     4.6149     0.0812     0.0812     0.0638     0.0196      12206     8.4758     100.00     2.3416     2.0532         14 0.0000e+00
    177.032   79.55336  135.30216    179.000     1.2597     1.2602  29.993025  29.991710    34.7208    34.7185    295.755    290.426    -0.1580     4.6153     0.0820     0.0820     0.0634     0.0187      12229     8.4918     100.00     2.3422     2.0535         12 0.0000e+00
    178.020   79.55336  135.30214    180.000     1.2738     1.2748  30.009167  30.008356    34.7252    34.7231    295.506    290.058    -0.1341     4.6155     0.0829     0.0829     0.0632     0.0196      12252     8.5079     100.00     2.3412     2.0520         15 0.0000e+00
    179.009   79.55336  135.30212    181.000     1.2924     1.2937  30.028691  30.027886    34.7290    34.7265    295.114    289.568    -0.1237     4.6152     0.0827     0.0827     0.0635     0.0201      12277     8.5247     100.00     2.3395     2.0501         14 0.0000e+00
    179.997   79.55336  135.30212    182.000     1.3065     1.3070  30.043909  30.042579    34.7322    34.7299    294.960    289.884    -0.1184     4.6163     0.0823     0.0823     0.0624     0.0203      12301     8.5417     100.00     2.3390     2.0522         10 0.0000e+00
    180.986   79.55336  135.30210    183.000     1.3158     1.3161  30.053813  30.052214    34.7339    34.7316    295.080    289.622    -0.1501     4.6158     0.0854     0.0854     0.0629     0.0190      12326     8.5593     100.00     2.3401     2.0510         14 0.0000e+00
    181.975   79.55336  135.30210    184.000     1.3219     1.3223  30.060622  30.059210    34.7354    34.7331    295.215    289.914    -0.1416     4.6156     0.0841     0.0841     0.0631     0.0193      12349     8.5751     100.00     2.3410     2.0526         13 0.0000e+00
    182.963   79.55336  135.30208    185.000     1.3277     1.3280  30.067098  30.065585    34.7365    34.7344    295.256    289.586    -0.1210     4.6166     0.0823     0.0823     0.0622     0.0202      12372     8.5912     100.00     2.3414     2.0510         13 0.0000e+00
    183.952   79.55336  135.30206    186.000     1.3428     1.3440  30.083225  30.082384    34.7399    34.7375    294.915    289.915    -0.1453     4.6159     0.0822     0.0822     0.0628     0.0192      12396     8.6078     100.00     2.3398     2.0532         13 0.0000e+00
    184.940   79.55336  135.30206    187.000     1.3667     1.3675  30.107797  30.106657    34.7442    34.7418    294.793    289.399    -0.1449     4.6157     0.0828     0.0828     0.0630     0.0192      12422     8.6253     100.00     2.3401     2.0514         11 0.0000e+00
    185.929   79.55338  135.30204    188.000     1.3843     1.3863  30.127562  30.127626    34.7493    34.7472    294.776    289.423    -0.1296     4.6160     0.0824     0.0824     0.0628     0.0198      12447     8.6429     100.00     2.3408     2.0522         12 0.0000e+00
    186.917   79.55338  135.30204    189.000     1.4237     1.4248  30.167686  30.166993    34.7563    34.7541    294.643    288.936    -0.1671     4.6158     0.0821     0.0821     0.0629     0.0183      12471     8.6600     100.00     2.3418     2.0511         14 0.0000e+00
    187.906   79.55338  135.30202    190.000     1.4399     1.4411  30.185444  30.184952    34.7604    34.7585    294.456    288.282    -0.1347     4.6166     0.0831     0.0831     0.0622     0.0196      12495     8.6761     100.00     2.3413     2.0482         13 0.0000e+00
    188.894   79.55338  135.30202    191.000     1.4495     1.4483  30.196632  30.193906    34.7634    34.7612    294.351    288.507    -0.1560     4.6167     0.0830     0.0830     0.0621     0.0187      12518     8.6924     100.00     2.3410     2.0495         13 0.0000e+00
    189.883   79.55338  135.30202    192.000     1.4572     1.4599  30.207173  30.207731    34.7677    34.7655    294.269    289.205    -0.1734     4.6170     0.0830     0.0830     0.0618     0.0181      12542     8.7090     100.00     2.3407     2.0536         12 0.0000e+00
    190.871   79.55338  135.30200    193.000     1.4806     1.4816  30.230933  30.230004    34.7715    34.7692    294.206    288.671    -0.1608     4.6170     0.0830     0.0830     0.0618     0.0185      12567     8.7264     100.00     2.3413     2.0515         19 0.0000e+00
    191.860   79.55338  135.30200    194.000     1.4869     1.4868  30.237615  30.235639    34.7724    34.7701    294.324    289.151    -0.1254     4.6168     0.0837     0.0837     0.0620     0.0200      12591     8.7433     100.00     2.3421     2.0541         12 0.0000e+00
    192.848   79.55338  135.30198    195.000     1.4841     1.4839  30.235893  30.233940    34.7728    34.7706    294.481    289.190    -0.1485     4.6164     0.0833     0.0833     0.0624     0.0190      12617     8.7609     100.00     2.3427     2.0540         15 0.0000e+00
    193.837   79.55338  135.30198    196.000     1.4807     1.4796  30.233180  30.230543    34.7725    34.7703    294.482    289.620    -0.1439     4.6174     0.0822     0.0822     0.0616     0.0192      12640     8.7773     100.00     2.3423     2.0559         13 0.0000e+00
    194.825   79.55338  135.30196    197.000     1.4654     1.4645  30.220053  30.217584    34.7721    34.7700    294.690    289.178    -0.1333     4.6178     0.0826     0.0826     0.0612     0.0196      12664     8.7937     100.00     2.3426     2.0527         17 0.0000e+00
    195.814   79.55338  135.30196    198.000     1.4517     1.4516  30.208668  30.206779    34.7722    34.7699    294.745    289.249    -0.1242     4.6179     0.0843     0.0843     0.0611     0.0200      12687     8.8098     100.00     2.3420     2.0523         13 0.0000e+00
    196.802   79.55338  135.30196    199.000     1.4467     1.4466  30.204889  30.202898    34.7724    34.7699    294.746    289.212    -0.1290     4.6176     0.0818     0.0818     0.0613     0.0198      12711     8.8262     100.00     2.3415     2.0517         16 0.0000e+00
    197.791   79.55338  135.30194    200.000     1.4445     1.4443  30.203318  30.201401    34.7722    34.7700    294.876    288.963    -0.1294     4.6185     0.0830     0.0830     0.0606     0.0198      12736     8.8438     100.00     2.3419     2.0501         17 0.0000e+00
    198.779   79.55338  135.30194    201.000     1.4424     1.4424  30.202092  30.200206    34.7724    34.7700    294.858    289.461    -0.1285     4.6185     0.0828     0.0828     0.0605     0.0198      12762     8.8617     100.00     2.3415     2.0524         15 0.0000e+00
    199.768   79.55338  135.30194    202.000     1.4421     1.4422  30.202344  30.200494    34.7725    34.7701    294.942    289.608    -0.1535     4.6180     0.0830     0.0830     0.0610     0.0188      12786     8.8788     100.00     2.3417     2.0530         13 0.0000e+00
    200.756   79.55338  135.30192    203.000     1.4439     1.4441  30.204640  30.202989    34.7729    34.7705    295.058    289.822    -0.1681     4.6186     0.0830     0.0830     0.0605     0.0183      12810     8.8951     100.00     2.3423     2.0540         14 0.0000e+00
    201.745   79.55338  135.30192    204.000     1.4457     1.4457  30.206979  30.205249    34.7732    34.7710    295.218    289.708    -0.1336     4.6181     0.0837     0.0837     0.0609     0.0196      12833     8.9112     100.00     2.3431     2.0533         16 0.0000e+00
    202.733   79.55338  135.30192    205.000     1.4467     1.4469  30.208918  30.207291    34.7739    34.7717    295.174    289.699    -0.1318     4.6179     0.0834     0.0834     0.0611     0.0197      12857     8.9279     100.00     2.3427     2.0531         13 0.0000e+00
    203.722   79.55338  135.30190    206.000     1.4479     1.4475  30.210604  30.208478    34.7743    34.7720    295.173    289.416    -0.1660     4.6187     0.0829     0.0829     0.0604     0.0183      12883     8.9458     100.00     2.3425     2.0514         14 0.0000e+00
    204.710   79.55338  135.30190    207.000     1.4503     1.4505  30.213624  30.211983    34.7748    34.7726    295.158    289.776    -0.1693     4.6187     0.0833     0.0833     0.0604     0.0182      12908     8.9634     100.00     2.3423     2.0532         15 0.0000e+00
    205.699   79.55340  135.30190    208.000     1.4571     1.4576  30.221519  30.220012    34.7767    34.7743    295.138    289.511    -0.1563     4.6188     0.0844     0.0844     0.0603     0.0187      12932     8.9800     100.00     2.3423     2.0520         15 0.0000e+00
    206.687   79.55340  135.30188    209.000     1.4692     1.4697  30.234456  30.233049    34.7793    34.7769    295.050    289.577    -0.1464     4.6190     0.0855     0.0855     0.0601     0.0191      12956     8.9963     100.00     2.3422     2.0527         13 0.0000e+00
    207.676   79.55340  135.30188    210.000     1.4798     1.4808  30.246454  30.245469    34.7822    34.7799    294.909    289.505    -0.1655     4.6190     0.0830     0.0830     0.0601     0.0184      12979     9.0126     100.00     2.3417     2.0526         15 0.0000e+00
    208.664   79.55340  135.30188    211.000     1.5080     1.5094  30.276735  30.276047    34.7890    34.7866    294.764    289.497    -0.1671     4.6188     0.0829     0.0829     0.0603     0.0183      13004     9.0301     100.00     2.3421     2.0537         20 0.0000e+00
    209.652   79.55340  135.30186    212.000     1.5230     1.5236  30.292504  30.291156    34.7918    34.7895    294.717    289.782    -0.1471     4.6182     0.0821     0.0821     0.0609     0.0191      13028     9.0467     100.00     2.3424     2.0557         15 0.0000e+00
    210.641   79.55340  135.30186    213.000     1.5398     1.5405  30.311149  30.309920    34.7964    34.7940    294.760    289.502    -0.1337     4.6191     0.0818     0.0818     0.0600     0.0196      13052     9.0635     100.00     2.3434     2.0548         16 0.0000e+00
    211.629   79.55340  135.30186    214.000     1.5599     1.5617  30.333087  30.332789    34.8015    34.7990    294.760    289.109    -0.1332     4.6196     0.0818     0.0818     0.0596     0.0196      13077     9.0802     100.00     2.3442     2.0534         18 0.0000e+00
    212.618   79.55340  135.30184    215.000     1.5879     1.5889  30.362258  30.361421    34.8069    34.8048    294.673    289.216    -0.1247     4.6191     0.0822     0.0822     0.0600     0.0200      13101     9.0969     100.00     2.3450     2.0550         18 0.0000e+00
    213.606   79.55340  135.30184    216.000     1.6066     1.6071  30.382381  30.380943    34.8112    34.8088    294.626    289.349    -0.1275     4.6196     0.0826     0.0826     0.0597     0.0199      13125     9.1138     100.00     2.3455     2.0564         17 0.0000e+00
    214.594   79.55340  135.30184    217.000     1.6240     1.6250  30.401634  30.400573    34.8157    34.8134    294.628    289.406    -0.1274     4.6191     0.0817     0.0817     0.0600     0.0199      13149     9.1304     100.00     2.3462     2.0573         10 0.0000e+00
    215.583   79.55340  135.30182    218.000     1.6383     1.6387  30.417076  30.415548    34.8190    34.8166    294.619    288.299    -0.1348     4.6200     0.0818     0.0818     0.0594     0.0196      13174     9.1478     100.00     2.3467     2.0518         13 0.0000e+00
    216.571   79.55340  135.30182    219.000     1.6538     1.6544  30.433496  30.432295    34.8220    34.8199    294.607    289.815    -0.1299     4.6203     0.0806     0.0806     0.0591     0.0198      13198     9.1645     100.00     2.3472     2.0604         14 0.0000e+00
    217.559   79.55340  135.30182    220.000     1.6640     1.6646  30.444944  30.443563    34.8247    34.8224    294.699    289.535    -0.1716     4.6201     0.0826     0.0826     0.0593     0.0181      13223     9.1817     100.00     2.3481     2.0592         19 0.0000e+00
    218.548   79.55340  135.30180    221.000     1.6684     1.6684  30.449979  30.448232    34.8256    34.8234    294.866    289.778    -0.1618     4.6174     0.0820     0.0820     0.0615     0.0185      13247     9.1984     100.00     2.3492     2.0604         16 0.0000e+00
    219.536   79.55340  135.30180    222.000     1.6675     1.6675  30.450110  30.448342    34.8262    34.8240    294.930    289.629    -0.1554     4.6195     0.0834     0.0834     0.0597     0.0188      13271     9.2152     100.00     2.3493     2.0594         13 0.0000e+00
    220.525   79.55342  135.30178    223.000     1.6653     1.6651  30.448883  30.446996    34.8265    34.8243    294.990    289.701    -0.1336     4.6201     0.0823     0.0823     0.0593     0.0196      13295     9.2322     100.00     2.3493     2.0595         18 0.0000e+00
    221.513   79.55342  135.30178    224.000     1.6639     1.6639  30.448416  30.446521    34.8269    34.8245    294.965    289.791    -0.1345     4.6201     0.0805     0.0805     0.0592     0.0196      13319     9.2489     100.00     2.3489     2.0597         14 0.0000e+00
    222.501   79.55342  135.30178    225.000     1.6624     1.6623  30.447671  30.445740    34.8271    34.8247    294.885    289.453    -0.1461     4.6192     0.0810     0.0810     0.0599     0.0191      13344     9.2658     100.00     2.3481     2.0577         14 0.0000e+00
    223.490   79.55342  135.30176    226.000     1.6595     1.6594  30.445753  30.443816    34.8272    34.8249    295.003    289.677    -0.1630     4.6199     0.0827     0.0827     0.0594     0.0185      13368     9.2826     100.00     2.3484     2.0585         17 0.0000e+00
    224.478   79.55342  135.30176    227.000     1.6554     1.6552  30.442867  30.440795    34.8275    34.8252    295.055    289.686    -0.1651     4.6197     0.0818     0.0818     0.0596     0.0184      13392     9.2993     100.00     2.3483     2.0582         15 0.0000e+00
    225.466   79.55342  135.30176    228.000     1.6505     1.6500  30.439015  30.436957    34.8275    34.8254    295.008    290.218    -0.1703     4.6196     0.0805     0.0805     0.0596     0.0182      13415     9.3155     100.00     2.3475     2.0606         12 0.0000e+00
    226.455   79.55342  135.30174    229.000     1.6418     1.6414  30.432018  30.429975    34.8276    34.8255    295.209    290.241    -0.1716     4.6203     0.0833     0.0833     0.0591     0.0181      13440     9.3324     100.00     2.3481     2.0602         14 0.0000e+00
    227.443   79.55342  135.30174    230.000     1.6315     1.6311  30.423421  30.421377    34.8276    34.8254    295.432    290.261    -0.1692     4.6197     0.0827     0.0827     0.0596     0.0182      13464     9.3495     100.00     2.3487     2.0596         14 0.0000e+00
    228.431   79.55342  135.30172    231.000     1.6225     1.6218  30.416037  30.413583    34.8276    34.8252    295.500    290.217    -0.1344     4.6198     0.0825     0.0825     0.0595     0.0196      13489     9.3665     100.00     2.3484     2.0588         13 0.0000e+00
    229.420   79.55342  135.30172    232.000     1.6103     1.6097  30.406101  30.403847    34.8279    34.8257    295.439    290.367    -0.1613     4.6200     0.0824     0.0824     0.0593     0.0185      13513     9.3832     100.00     2.3471     2.0589         15 0.0000e+00
    230.408   79.55342  135.30170    233.000     1.6054     1.6052  30.402506  30.400426    34.8282    34.8257    295.422    290.359    -0.1338     4.6207     0.0817     0.0817     0.0588     0.0196      13537     9.3997     100.00     2.3465     2.0584         14 0.0000e+00
