Continuous CTD Data/SBE Stage/nabos_testcast.ros
* Sea-Bird SBE 9 Data File:
* FileName = D:\CTD\data\HLY2502\raw\NABOS_TestCast.hex
* Software Version Seasave V 7.26.7.110
* Temperature SN = 6954
* Conductivity SN = 2561
* Number of Bytes Per Scan = 37
* Number of Voltage Words = 4
* Number of Scans Averaged by the Deck Unit = 1
* NMEA Latitude = 54 51.60 N
* NMEA Longitude = 155 23.75 W
* NMEA UTC (Time) = Aug 23 2025  00:14:18
* NMEA baud rate = 9600
** Ship: USCG HEALY
** Bot. Depth:  4270
** Cast Number:
** Station Name:  test
** Station Number:
** Operator:  STARC
# nquan = 25
# nvalues = 1176                                  
# units = specified
# name 0 = depSM: Depth [salt water, m]
# name 1 = latitude: Latitude [deg]
# name 2 = longitude: Longitude [deg]
# name 3 = prDM: Pressure, Digiquartz [db]
# name 4 = t090C: Temperature [ITS-90, deg C]
# name 5 = t190C: Temperature, 2 [ITS-90, deg C]
# name 6 = c0mS/cm: Conductivity [mS/cm]
# name 7 = c1mS/cm: Conductivity, 2 [mS/cm]
# name 8 = sal00: Salinity, Practical [PSU]
# name 9 = sal11: Salinity, Practical, 2 [PSU]
# name 10 = sbox0Mm/Kg: Oxygen, SBE 43 [umol/kg]
# name 11 = sbox1Mm/Kg: Oxygen, SBE 43, 2 [umol/kg]
# name 12 = flECO-AFL: Fluorescence, WET Labs ECO-AFL/FL [mg/m^3]
# name 13 = v2: Voltage 2
# name 14 = wetCDOM: Fluorescence, WET Labs CDOM [mg/m^3]
# name 15 = v6: Voltage 6
# name 16 = CStarAt0: Beam Attenuation, WET Labs C-Star [1/m]
# name 17 = v3: Voltage 3
# name 18 = scan: Scan Count
# name 19 = timeM: Time, Elapsed [minutes]
# name 20 = altM: Altimeter [m]
# name 21 = sbeox0V: Oxygen raw, SBE 43 [V]
# name 22 = sbeox1V: Oxygen raw, SBE 43, 2 [V]
# name 23 = nbf: Bottles Fired
# name 24 = flag:  0.000e+00
# interval = seconds: 0.0416667
# start_time = Aug 23 2025 00:14:18 [NMEA time, header]
# bad_flag = -9.990e-29
*END*
[from data line 58]
      6.709   54.85138 -155.44162      6.770    14.3926    14.3913  39.453570  39.451253    32.3602    32.3592    263.758    257.902     1.1455     4.2906     0.0794     0.0794     0.3554     0.0708     232946   161.7674     100.00     2.7722     2.3968          2  0.000e+00
      6.758   54.85138 -155.44162      6.819    14.3915    14.3877  39.452250  39.448053    32.3599    32.3592    263.767    257.923     1.1149     4.2906     0.0794     0.0794     0.3554     0.0696     232947   161.7681     100.00     2.7722     2.3968          2  0.000e+00
      6.766   54.85138 -155.44162      6.828    14.3908    14.3834  39.451417  39.444917    32.3597    32.3599    263.771    257.944     1.1455     4.2906     0.0794     0.0794     0.3554     0.0708     232948   161.7688     100.00     2.7722     2.3968          2  0.000e+00
      6.758   54.85138 -155.44162      6.819    14.3900    14.3822  39.451764  39.445375    32.3607    32.3614    263.773    257.780     1.1455     4.2906     0.0794     0.0794     0.3554     0.0708     232949   161.7694     100.00     2.7722     2.3956          2  0.000e+00
      6.832   54.85138 -155.44162      6.894    14.3908    14.3845  39.452181  39.445767    32.3604    32.3598    263.772    257.773     1.1455     4.2894     0.0794     0.0794     0.3566     0.0708     232950   161.7701     100.00     2.7722     2.3956          2  0.000e+00
      6.881   54.85138 -155.44162      6.944    14.3910    14.3806  39.452529  39.441063    32.3605    32.3587    263.772    257.798     1.1455     4.2894     0.0781     0.0781     0.3566     0.0708     232951   161.7708     100.00     2.7722     2.3956          2  0.000e+00
      7.012   54.85138 -155.44162      7.076    14.3900    14.3739  39.451279  39.434597    32.3602    32.3583    263.642    257.838     1.1149     4.2894     0.0781     0.0781     0.3566     0.0696     232952   161.7715     100.00     2.7710     2.3956          2  0.000e+00
      6.947   54.85138 -155.44162      7.010    14.3874    14.3702  39.448500  39.432703    32.3598    32.3597    263.795    257.853     1.1149     4.2894     0.0781     0.0781     0.3566     0.0696     232953   161.7722     100.00     2.7722     2.3956          2  0.000e+00
      7.012   54.85138 -155.44162      7.076    14.3843    14.3706  39.445444  39.434206    32.3596    32.3608    263.674    258.019     1.1455     4.2906     0.0781     0.0781     0.3554     0.0708     232954   161.7729     100.00     2.7710     2.3968          2  0.000e+00
      7.127   54.85138 -155.44162      7.192    14.3808    14.3717  39.443084  39.435708    32.3603    32.3612    263.837    258.016     1.1455     4.2894     0.0781     0.0781     0.3566     0.0708     232955   161.7736     100.00     2.7722     2.3968          2  0.000e+00
      7.127   54.85138 -155.44162      7.192    14.3810    14.3736  39.444403  39.437668    32.3614    32.3614    263.693    257.838     1.1149     4.2906     0.0781     0.0781     0.3554     0.0696     232956   161.7743     100.00     2.7710     2.3956          2  0.000e+00
      7.127   54.85138 -155.44162      7.192    14.3829    14.3760  39.446556  39.439693    32.3618    32.3613    263.823    257.826     1.1455     4.2906     0.0781     0.0781     0.3554     0.0708     232957   161.7750     100.00     2.7722     2.3956          2  0.000e+00
      7.251   54.85138 -155.44162      7.317    14.3843    14.3776  39.447321  39.441000    32.3612    32.3610    263.679    257.989     1.1455     4.2906     0.0781     0.0781     0.3554     0.0708     232958   161.7757     100.00     2.7710     2.3968          2  0.000e+00
      7.185   54.85138 -155.44162      7.250    14.3843    14.3792  39.447460  39.441457    32.3613    32.3601    263.818    257.980     1.1455     4.2894     0.0781     0.0781     0.3566     0.0708     232959   161.7764     100.00     2.7722     2.3968          2  0.000e+00
      7.374   54.85138 -155.44162      7.441    14.3850    14.3810  39.447669  39.443156    32.3609    32.3601    263.680    257.977     1.1455     4.2906     0.0781     0.0781     0.3554     0.0708     232960   161.7771     100.00     2.7710     2.3968          2  0.000e+00
      7.251   54.85138 -155.44162      7.317    14.3855    14.3827  39.448015  39.444658    32.3608    32.3602    263.673    257.964     1.1455     4.2906     0.0781     0.0781     0.3554     0.0708     232961   161.7778     100.00     2.7710     2.3968          2  0.000e+00
      7.366   54.85138 -155.44162      7.433    14.3862    14.3846  39.448155  39.445834    32.3603    32.3596    263.815    257.790     1.1455     4.2906     0.0781     0.0781     0.3554     0.0708     232962   161.7785     100.00     2.7722     2.3956          2  0.000e+00
      7.374   54.85138 -155.44162      7.441    14.3859    14.3859  39.448155  39.447859    32.3606    32.3604    263.675    257.783     1.1455     4.2906     0.0781     0.0781     0.3554     0.0708     232963   161.7792     100.00     2.7710     2.3956          2  0.000e+00
      7.366   54.85138 -155.44162      7.433    14.3852    14.3878  39.447877  39.449296    32.3609    32.3601    263.819    257.773     1.1455     4.2906     0.0781     0.0781     0.3554     0.0708     232964   161.7799     100.00     2.7722     2.3956          2  0.000e+00
      7.374   54.85138 -155.44162      7.441    14.3854    14.3887  39.448016  39.450211    32.3609    32.3601    263.678    257.768     1.1455     4.2894     0.0781     0.0781     0.3566     0.0708     232965   161.7806     100.00     2.7710     2.3956          2  0.000e+00
      7.431   54.85138 -155.44162      7.499    14.3859    14.3896  39.448641  39.450276    32.3610    32.3594    263.818    257.599     1.1455     4.2906     0.0781     0.0781     0.3554     0.0708     232966   161.7813     100.00     2.7722     2.3944          2  0.000e+00
      7.374   54.85138 -155.44162      7.441    14.3864    14.3901  39.449058  39.451060    32.3610    32.3598    263.672    257.761     1.1455     4.2906     0.0781     0.0781     0.3554     0.0708     232967   161.7819     100.00     2.7710     2.3956          2  0.000e+00
      7.308   54.85138 -155.44162      7.375    14.3865    14.3902  39.448641  39.450733    32.3605    32.3594    263.528    257.927     1.1149     4.2894     0.0781     0.0781     0.3566     0.0696     232968   161.7826     100.00     2.7698     2.3968          2  0.000e+00
      7.555   54.85138 -155.44162      7.623    14.3862    14.3904  39.448503  39.451126    32.3606    32.3595    263.679    257.766     1.1455     4.2894     0.0781     0.0781     0.3566     0.0708     232969   161.7833     100.00     2.7710     2.3956          2  0.000e+00
      7.431   54.85138 -155.44162      7.499    14.3859    14.3899  39.448224  39.450538    32.3607    32.3594    263.677    257.765     1.1149     4.2894     0.0781     0.0781     0.3566     0.0696     232970   161.7840     100.00     2.7710     2.3956          2  0.000e+00
      7.374   54.85138 -155.44162      7.441    14.3857    14.3891  39.447877  39.449231    32.3605    32.3589    263.818    257.600     1.1455     4.2894     0.0781     0.0781     0.3566     0.0708     232971   161.7847     100.00     2.7722     2.3944          2  0.000e+00
      7.431   54.85138 -155.44162      7.499    14.3852    14.3879  39.447252  39.448905    32.3603    32.3596    263.681    257.607     1.1455     4.2894     0.0781     0.0781     0.3566     0.0708     232972   161.7854     100.00     2.7710     2.3944          2  0.000e+00
      7.431   54.85138 -155.44162      7.499    14.3847    14.3875  39.447113  39.448317    32.3606    32.3593    263.684    257.609     1.1455     4.2894     0.0781     0.0781     0.3566     0.0708     232973   161.7861     100.00     2.7710     2.3944          2  0.000e+00
      7.431   54.85138 -155.44162      7.499    14.3845    14.3873  39.446835  39.447925    32.3605    32.3592    263.685    257.611     1.1455     4.2894     0.0781     0.0781     0.3566     0.0708     232974   161.7868     100.00     2.7710     2.3944          2  0.000e+00
      7.431   54.85138 -155.44162      7.499    14.3843    14.3867  39.446974  39.447075    32.3608    32.3589    263.827    257.615     1.1455     4.2894     0.0781     0.0781     0.3566     0.0708     232975   161.7875     100.00     2.7722     2.3944          2  0.000e+00
      7.489   54.85138 -155.44162      7.557    14.3845    14.3862  39.447600  39.446226    32.3612    32.3585    263.686    257.788     1.1149     4.2894     0.0781     0.0781     0.3566     0.0696     232976   161.7882     100.00     2.7710     2.3956          2  0.000e+00
      7.431   54.85138 -155.44162      7.499    14.3850    14.3858  39.448850  39.446291    32.3619    32.3590    263.679    257.787     1.1760     4.2894     0.0781     0.0781     0.3566     0.0720     232977   161.7889     100.00     2.7710     2.3956          2  0.000e+00
      7.497   54.85138 -155.44162      7.565    14.3861    14.3857  39.450239  39.446684    32.3623    32.3594    263.675    257.789     1.1760     4.2894     0.0769     0.0769     0.3566     0.0720     232978   161.7896     100.00     2.7710     2.3956          2  0.000e+00
      7.489   54.85138 -155.44162      7.557    14.3881    14.3869  39.452114  39.447598    32.3624    32.3592    263.664    257.783     1.1760     4.2894     0.0757     0.0757     0.3566     0.0720     232979   161.7903     100.00     2.7710     2.3956          2  0.000e+00
      7.497   54.85138 -155.44162      7.565    14.3908    14.3880  39.454407  39.448643    32.3622    32.3592    263.649    257.945     1.1760     4.2894     0.0757     0.0757     0.3566     0.0720     232980   161.7910     100.00     2.7710     2.3968          2  0.000e+00
      7.546   54.85138 -155.44162      7.615    14.3930    14.3891  39.455865  39.449885    32.3616    32.3595    263.640    257.773     1.1760     4.2894     0.0757     0.0757     0.3566     0.0720     232981   161.7917     100.00     2.7710     2.3956          2  0.000e+00
      7.555   54.85138 -155.44162      7.623    14.3942    14.3894  39.456629  39.451061    32.3614    32.3602    263.775    257.937     1.1760     4.2894     0.0757     0.0757     0.3566     0.0720     232982   161.7924     100.00     2.7722     2.3968          2  0.000e+00
      7.546   54.85138 -155.44162      7.615    14.3952    14.3900  39.457254  39.451322    32.3611    32.3600    263.770    257.934     1.1760     4.2894     0.0757     0.0757     0.3566     0.0720     232983   161.7931     100.00     2.7722     2.3968          2  0.000e+00
      7.555   54.85138 -155.44162      7.623    14.3955    14.3908  39.457185  39.451518    32.3607    32.3595    263.769    257.931     1.1760     4.2894     0.0757     0.0757     0.3566     0.0720     232984   161.7937     100.00     2.7722     2.3968          2  0.000e+00
      7.546   54.85138 -155.44162      7.615    14.3962    14.3919  39.457324  39.451649    32.3603    32.3587    263.766    257.759     1.1760     4.2894     0.0757     0.0757     0.3566     0.0720     232985   161.7944     100.00     2.7722     2.3956          2  0.000e+00
      6.158   54.85138 -155.44166      6.214    14.3932    14.3922  39.454193  39.452166    32.3605    32.3594    264.159    258.212     1.1455     4.2869     0.0757     0.0757     0.3588     0.0708     233086   161.8646     100.00     2.7759     2.3993          3  0.000e+00
      6.101   54.85138 -155.44166      6.156    14.3930    14.3921  39.453289  39.451774    32.3599    32.3592    264.300    258.212     1.1760     4.2882     0.0757     0.0757     0.3577     0.0720     233087   161.8653     100.00     2.7771     2.3993          3  0.000e+00
      6.092   54.85138 -155.44166      6.148    14.3925    14.3919  39.453220  39.451382    32.3602    32.3590    264.161    258.045     1.1760     4.2882     0.0769     0.0769     0.3577     0.0720     233088   161.8660     100.00     2.7759     2.3981          3  0.000e+00
      6.101   54.85138 -155.44166      6.156    14.3923    14.3916  39.453359  39.451512    32.3605    32.3594    264.161    258.046     1.1760     4.2882     0.0769     0.0769     0.3577     0.0720     233089   161.8667     100.00     2.7759     2.3981          3  0.000e+00
      6.092   54.85138 -155.44166      6.148    14.3922    14.3911  39.453359  39.451643    32.3606    32.3600    264.162    258.216     1.1455     4.2882     0.0769     0.0769     0.3577     0.0708     233090   161.8674     100.00     2.7759     2.3993          3  0.000e+00
      6.101   54.85138 -155.44166      6.156    14.3920    14.3907  39.453359  39.451055    32.3608    32.3597    264.304    258.218     1.1760     4.2894     0.0769     0.0769     0.3566     0.0720     233091   161.8681     100.00     2.7771     2.3993          3  0.000e+00
      6.043   54.85138 -155.44166      6.098    14.3920    14.3903  39.453289  39.450402    32.3607    32.3595    264.020    258.219     1.1455     4.2906     0.0769     0.0769     0.3554     0.0708     233092   161.8688     100.00     2.7747     2.3993          3  0.000e+00
      6.092   54.85138 -155.44166      6.148    14.3922    14.3902  39.453290  39.450467    32.3606    32.3596    264.021    258.221     1.1760     4.2906     0.0769     0.0769     0.3554     0.0720     233093   161.8694     100.00     2.7747     2.3993          3  0.000e+00
      6.166   54.85138 -155.44166      6.222    14.3923    14.3904  39.453081  39.450794    32.3602    32.3597    264.164    258.222     1.1760     4.2918     0.0769     0.0769     0.3543     0.0720     233094   161.8701     100.00     2.7759     2.3993          3  0.000e+00
      6.035   54.85138 -155.44166      6.090    14.3922    14.3904  39.453220  39.450663    32.3605    32.3597    264.160    258.218     1.1455     4.2906     0.0769     0.0769     0.3554     0.0708     233095   161.8708     100.00     2.7759     2.3993          3  0.000e+00
      6.043   54.85138 -155.44166      6.098    14.3925    14.3906  39.453567  39.451120    32.3605    32.3599    264.300    258.049     1.1760     4.2906     0.0769     0.0769     0.3554     0.0720     233096   161.8715     100.00     2.7771     2.3981          3  0.000e+00
      6.092   54.85138 -155.44166      6.148    14.3923    14.3909  39.453637  39.451513    32.3607    32.3600    264.161    258.216     1.1760     4.2918     0.0769     0.0769     0.3543     0.0720     233097   161.8722     100.00     2.7759     2.3993          3  0.000e+00
      6.101   54.85138 -155.44166      6.156    14.3925    14.3911  39.453706  39.451643    32.3607    32.3600    264.301    258.048     1.1760     4.2918     0.0769     0.0769     0.3543     0.0720     233098   161.8729     100.00     2.7771     2.3981          3  0.000e+00
      6.092   54.85138 -155.44166      6.148    14.3926    14.3911  39.453706  39.451382    32.3605    32.3597    264.159    258.216     1.1760     4.2906     0.0769     0.0769     0.3554     0.0720     233099   161.8736     100.00     2.7759     2.3993          3  0.000e+00
      6.101   54.85138 -155.44166      6.156    14.3926    14.3909  39.453915  39.451317    32.3607    32.3598    264.300    258.049     1.1760     4.2918     0.0769     0.0769     0.3543     0.0720     233100   161.8743     100.00     2.7771     2.3981          3  0.000e+00
      6.043   54.85138 -155.44166      6.098    14.3928    14.3911  39.454262  39.451120    32.3609    32.3595    264.297    258.047     1.1760     4.2918     0.0769     0.0769     0.3543     0.0720     233101   161.8750     100.00     2.7771     2.3981          3  0.000e+00
      6.092   54.85138 -155.44166      6.148    14.3928    14.3911  39.454123  39.451512    32.3608    32.3598    264.158    258.048     1.1455     4.2906     0.0769     0.0769     0.3554     0.0708     233102   161.8757     100.00     2.7759     2.3981          3  0.000e+00
