Continuous CTD Data/SBE Stage/nabos_11_01.ros
* Sea-Bird SBE 9 Data File:
* FileName = D:\CTD\data\HLY2502\raw\NABOS_11_01.hex
* Software Version Seasave V 7.26.7.110
* Temperature SN = 6954
* Conductivity SN = 2561
* Number of Bytes Per Scan = 37
* Number of Voltage Words = 4
* Number of Scans Averaged by the Deck Unit = 1
* NMEA Latitude = 77 00.90 N
* NMEA Longitude = 177 56.55 W
* NMEA UTC (Time) = Sep 16 2025  10:26:07
* NMEA baud rate = 9600
** Ship: USCG HEALY
** Bot. Depth:  1320
** Cast Number:  01
** Station Name:  NABOS
** Station Number:  11
** Operator:  STARC
# nquan = 25
# nvalues = 1029                                  
# units = specified
# name 0 = depSM: Depth [salt water, m]
# name 1 = latitude: Latitude [deg]
# name 2 = longitude: Longitude [deg]
# name 3 = prDM: Pressure, Digiquartz [db]
# name 4 = t090C: Temperature [ITS-90, deg C]
# name 5 = t190C: Temperature, 2 [ITS-90, deg C]
# name 6 = c0mS/cm: Conductivity [mS/cm]
# name 7 = c1mS/cm: Conductivity, 2 [mS/cm]
# name 8 = sal00: Salinity, Practical [PSU]
# name 9 = sal11: Salinity, Practical, 2 [PSU]
# name 10 = sbox0Mm/Kg: Oxygen, SBE 43 [umol/kg]
# name 11 = sbox1Mm/Kg: Oxygen, SBE 43, 2 [umol/kg]
# name 12 = flECO-AFL: Fluorescence, WET Labs ECO-AFL/FL [mg/m^3]
# name 13 = v2: Voltage 2
# name 14 = wetCDOM: Fluorescence, WET Labs CDOM [mg/m^3]
# name 15 = v6: Voltage 6
# name 16 = CStarAt0: Beam Attenuation, WET Labs C-Star [1/m]
# name 17 = v3: Voltage 3
# name 18 = scan: Scan Count
# name 19 = timeM: Time, Elapsed [minutes]
# name 20 = altM: Altimeter [m]
# name 21 = sbeox0V: Oxygen raw, SBE 43 [V]
# name 22 = sbeox1V: Oxygen raw, SBE 43, 2 [V]
# name 23 = nbf: Bottles Fired
# name 24 = flag:  0.000e+00
# interval = seconds: 0.0416667
# start_time = Sep 16 2025 10:26:07 [NMEA time, header]
# bad_flag = -9.990e-29
*END*
[from data line 812]
     30.096   77.02098 -177.95590     30.417    -1.6088    -1.6083  24.664617  24.662073    30.8333    30.8294    373.626    376.585     0.1687     4.6252     0.1221     0.1221     0.0548     0.0317     107520    74.6660     100.00     2.6169     2.3281         17  0.000e+00
     30.030   77.02098 -177.95590     30.351    -1.6088    -1.6083  24.664384  24.662292    30.8330    30.8297    373.838    374.547     0.1687     4.6264     0.1221     0.1221     0.0538     0.0317     107521    74.6667     100.00     2.6181     2.3183         17  0.000e+00
     30.096   77.02098 -177.95590     30.417    -1.6087    -1.6083  24.664326  24.662128    30.8328    30.8294    373.627    371.755     0.1687     4.6252     0.1221     0.1221     0.0548     0.0317     107522    74.6674     100.00     2.6169     2.3049         17  0.000e+00
     30.030   77.02098 -177.95590     30.351    -1.6088    -1.6085  24.664326  24.662073    30.8329    30.8296    373.624    370.482     0.1687     4.6252     0.1221     0.1221     0.0548     0.0317     107523    74.6681     100.00     2.6169     2.2988         17  0.000e+00
     30.096   77.02098 -177.95590     30.417    -1.6086    -1.6081  24.664326  24.661690    30.8327    30.8286    373.626    368.196     0.1687     4.6264     0.1221     0.1221     0.0538     0.0317     107524    74.6688     100.00     2.6169     2.2878         17  0.000e+00
     30.030   77.02098 -177.95590     30.351    -1.6088    -1.6085  24.664152  24.661909    30.8327    30.8294    373.625    362.603     0.1992     4.6252     0.1209     0.1209     0.0548     0.0330     107525    74.6694     100.00     2.6169     2.2609         17  0.000e+00
     30.096   77.02098 -177.95590     30.417    -1.6088    -1.6082  24.664268  24.662073    30.8328    30.8292    373.627    355.995     0.1687     4.6252     0.1209     0.1209     0.0548     0.0317     107526    74.6701     100.00     2.6169     2.2291         17  0.000e+00
     30.055   77.02098 -177.95590     30.375    -1.6087    -1.6083  24.664152  24.662237    30.8326    30.8296    373.625    348.622     0.1687     4.6252     0.1221     0.1221     0.0548     0.0317     107527    74.6708     100.00     2.6169     2.1937         17  0.000e+00
     30.096   77.02098 -177.95590     30.417    -1.6088    -1.6083  24.664094  24.662565    30.8326    30.8300    373.628    341.252     0.1687     4.6252     0.1221     0.1221     0.0548     0.0317     107528    74.6715     100.00     2.6169     2.1583         17  0.000e+00
     30.030   77.02098 -177.95590     30.351    -1.6088    -1.6085  24.663919  24.662346    30.8324    30.8299    373.625    335.913     0.1687     4.6252     0.1233     0.1233     0.0548     0.0317     107529    74.6722     100.00     2.6169     2.1327         17  0.000e+00
     30.096   77.02098 -177.95590     30.417    -1.6086    -1.6083  24.663687  24.662292    30.8318    30.8297    373.628    335.152     0.1687     4.6252     0.1221     0.1221     0.0548     0.0317     107530    74.6729     100.00     2.6169     2.1290         17  0.000e+00
     30.096   77.02098 -177.95590     30.417    -1.6086    -1.6083  24.663279  24.662128    30.8313    30.8294    373.630    343.795     0.1687     4.6252     0.1221     0.1221     0.0548     0.0317     107531    74.6736     100.00     2.6169     2.1705         17  0.000e+00
     30.030   77.02098 -177.95590     30.351    -1.6084    -1.6085  24.662581  24.662237    30.8301    30.8298    373.413    357.518     0.1687     4.6264     0.1221     0.1221     0.0538     0.0317     107532    74.6743     100.00     2.6157     2.2365         17  0.000e+00
     30.030   77.02098 -177.95590     30.351    -1.6084    -1.6085  24.662407  24.662292    30.8300    30.8299    373.629    369.719     0.1687     4.6264     0.1233     0.1233     0.0538     0.0317     107533    74.6750     100.00     2.6169     2.2951         17  0.000e+00
     30.096   77.02098 -177.95590     30.417    -1.6083    -1.6086  24.662756  24.662620    30.8303    30.8304    373.415    377.093     0.1381     4.6252     0.1221     0.1221     0.0548     0.0305     107534    74.6757     100.00     2.6157     2.3305         17  0.000e+00
     30.030   77.02098 -177.95590     30.351    -1.6081    -1.6085  24.662523  24.662292    30.8298    30.8299    373.411    380.140     0.1687     4.6252     0.1233     0.1233     0.0548     0.0317     107535    74.6764     100.00     2.6157     2.3452         17  0.000e+00
     30.096   77.02098 -177.95590     30.417    -1.6084    -1.6085  24.662581  24.662237    30.8301    30.8298    373.416    380.652     0.1687     4.6252     0.1221     0.1221     0.0548     0.0317     107536    74.6771     100.00     2.6157     2.3476         17  0.000e+00
     30.096   77.02098 -177.95590     30.417    -1.6083    -1.6085  24.662640  24.662620    30.8301    30.8303    373.415    379.380     0.1687     4.6252     0.1233     0.1233     0.0548     0.0317     107537    74.6778     100.00     2.6157     2.3415         17  0.000e+00
     30.030   77.02098 -177.95590     30.351    -1.6083    -1.6086  24.662814  24.662620    30.8304    30.8305    373.626    373.531     0.1687     4.6252     0.1221     0.1221     0.0548     0.0317     107538    74.6785     100.00     2.6169     2.3134         17  0.000e+00
     30.096   77.02098 -177.95590     30.417    -1.6083    -1.6086  24.663047  24.662565    30.8307    30.8303    373.414    362.859     0.1687     4.6252     0.1221     0.1221     0.0548     0.0317     107539    74.6792     100.00     2.6157     2.2621         17  0.000e+00
     30.030   77.02098 -177.95590     30.351    -1.6084    -1.6085  24.663686  24.662729    30.8317    30.8305    373.623    352.687     0.1687     4.6252     0.1221     0.1221     0.0548     0.0317     107540    74.6799     100.00     2.6169     2.2133         17  0.000e+00
     19.895   77.02110 -177.95588     20.106    -1.5102    -1.5082  24.499541  24.495938    30.5116    30.5046    381.263    361.892     0.3518     4.6044     0.1197     0.1197     0.0728     0.0391     109532    76.0632     100.00     2.6643     2.2607         18  0.000e+00
     19.821   77.02110 -177.95588     20.032    -1.5101    -1.5080  24.499541  24.495720    30.5116    30.5042    381.258    362.141     0.3518     4.6056     0.1209     0.1209     0.0718     0.0391     109533    76.0639     100.00     2.6643     2.2619         18  0.000e+00
     19.878   77.02110 -177.95588     20.090    -1.5101    -1.5082  24.499715  24.495774    30.5118    30.5044    381.260    362.399     0.3518     4.6056     0.1209     0.1209     0.0718     0.0391     109534    76.0646     100.00     2.6643     2.2632         18  0.000e+00
     19.878   77.02110 -177.95588     20.090    -1.5100    -1.5083  24.499599  24.496047    30.5115    30.5049    381.260    362.399     0.3518     4.6056     0.1209     0.1209     0.0718     0.0391     109535    76.0653     100.00     2.6643     2.2632         18  0.000e+00
     19.895   77.02110 -177.95588     20.106    -1.5101    -1.5082  24.499716  24.495938    30.5118    30.5046    381.261    362.653     0.3518     4.6044     0.1209     0.1209     0.0728     0.0391     109536    76.0660     100.00     2.6643     2.2644         18  0.000e+00
     19.878   77.02110 -177.95588     20.090    -1.5101    -1.5082  24.499948  24.495829    30.5121    30.5045    381.259    362.652     0.3518     4.6056     0.1197     0.1197     0.0718     0.0391     109537    76.0667     100.00     2.6643     2.2644         18  0.000e+00
     19.878   77.02110 -177.95588     20.090    -1.5099    -1.5083  24.500006  24.495829    30.5120    30.5046    381.043    363.161     0.3518     4.6044     0.1209     0.1209     0.0728     0.0391     109538    76.0674     100.00     2.6631     2.2668         18  0.000e+00
     19.878   77.02110 -177.95588     20.090    -1.5103    -1.5085  24.500006  24.496211    30.5123    30.5053    381.260    363.414     0.3518     4.6044     0.1209     0.1209     0.0728     0.0391     109539    76.0681     100.00     2.6643     2.2681         18  0.000e+00
     19.837   77.02110 -177.95588     20.048    -1.5099    -1.5087  24.499831  24.496866    30.5118    30.5064    381.042    363.411     0.3518     4.6044     0.1197     0.1197     0.0728     0.0391     109540    76.0687     100.00     2.6631     2.2681         18  0.000e+00
     19.878   77.02110 -177.95588     20.090    -1.5101    -1.5091  24.499773  24.497030    30.5119    30.5071    381.260    363.416     0.3518     4.6044     0.1209     0.1209     0.0728     0.0391     109541    76.0694     100.00     2.6643     2.2681         18  0.000e+00
     19.878   77.02110 -177.95588     20.090    -1.5099    -1.5094  24.499599  24.497412    30.5114    30.5079    381.045    363.417     0.3518     4.6044     0.1197     0.1197     0.0728     0.0391     109542    76.0701     100.00     2.6631     2.2681         18  0.000e+00
     19.837   77.02110 -177.95588     20.048    -1.5098    -1.5095  24.499715  24.497521    30.5115    30.5082    381.470    363.415     0.3518     4.6044     0.1197     0.1197     0.0728     0.0391     109543    76.0708     100.00     2.6655     2.2681         18  0.000e+00
     19.878   77.02110 -177.95588     20.090    -1.5098    -1.5094  24.499367  24.497521    30.5110    30.5080    381.259    363.416     0.3518     4.6044     0.1197     0.1197     0.0728     0.0391     109544    76.0715     100.00     2.6643     2.2681         18  0.000e+00
     19.944   77.02110 -177.95588     20.156    -1.5098    -1.5094  24.499425  24.497903    30.5111    30.5085    381.262    363.418     0.3518     4.6044     0.1197     0.1197     0.0728     0.0391     109545    76.0722     100.00     2.6643     2.2681         18  0.000e+00
     19.821   77.02110 -177.95588     20.032    -1.5096    -1.5097  24.499135  24.497848    30.5105    30.5088    381.470    363.161     0.3518     4.6044     0.1197     0.1197     0.0728     0.0391     109546    76.0729     100.00     2.6655     2.2668         18  0.000e+00
     19.895   77.02110 -177.95588     20.106    -1.5096    -1.5095  24.499019  24.497794    30.5104    30.5085    381.260    363.417     0.3823     4.6044     0.1197     0.1197     0.0728     0.0403     109547    76.0736     100.00     2.6643     2.2681         18  0.000e+00
     19.878   77.02110 -177.95588     20.090    -1.5098    -1.5097  24.499019  24.498121    30.5105    30.5092    381.260    363.416     0.3518     4.6044     0.1209     0.1209     0.0728     0.0391     109548    76.0743     100.00     2.6643     2.2681         18  0.000e+00
     19.878   77.02110 -177.95588     20.090    -1.5095    -1.5099  24.498671  24.498230    30.5097    30.5095    381.259    363.671     0.3823     4.6044     0.1197     0.1197     0.0728     0.0403     109549    76.0750     100.00     2.6643     2.2693         18  0.000e+00
     19.878   77.02110 -177.95588     20.090    -1.5096    -1.5099  24.498555  24.498449    30.5097    30.5098    381.260    363.417     0.3823     4.6044     0.1209     0.1209     0.0728     0.0403     109550    76.0757     100.00     2.6643     2.2681         18  0.000e+00
     19.837   77.02110 -177.95588     20.048    -1.5094    -1.5100  24.498555  24.498285    30.5095    30.5097    381.256    363.670     0.3823     4.6044     0.1197     0.1197     0.0728     0.0403     109551    76.0764     100.00     2.6643     2.2693         18  0.000e+00
     19.878   77.02110 -177.95588     20.090    -1.5093    -1.5099  24.498729  24.497739    30.5096    30.5088    381.472    363.673     0.3823     4.6044     0.1197     0.1197     0.0728     0.0403     109552    76.0771     100.00     2.6655     2.2693         18  0.000e+00
     19.878   77.02110 -177.95588     20.090    -1.5096    -1.5097  24.498787  24.497903    30.5100    30.5089    381.260    363.925     0.3823     4.6044     0.1197     0.1197     0.0728     0.0403     109553    76.0778     100.00     2.6643     2.2705         18  0.000e+00
     19.837   77.02110 -177.95588     20.048    -1.5095    -1.5100  24.498613  24.498176    30.5097    30.5096    381.257    363.924     0.3518     4.6044     0.1197     0.1197     0.0728     0.0391     109554    76.0785     100.00     2.6643     2.2705         18  0.000e+00
     19.944   77.02110 -177.95588     20.156    -1.5094    -1.5096  24.498845  24.498067    30.5098    30.5089    381.261    364.180     0.3823     4.6044     0.1197     0.1197     0.0728     0.0403     109555    76.0792     100.00     2.6643     2.2717         18  0.000e+00
     19.821   77.02110 -177.95588     20.032    -1.5096    -1.5095  24.498961  24.498067    30.5103    30.5089    381.256    364.427     0.3823     4.6044     0.1197     0.1197     0.0728     0.0403     109556    76.0799     100.00     2.6643     2.2729         18  0.000e+00
     19.878   77.02110 -177.95588     20.090    -1.5098    -1.5099  24.499367  24.498176    30.5110    30.5094    381.259    364.432     0.3823     4.6044     0.1197     0.1197     0.0728     0.0403     109557    76.0806     100.00     2.6643     2.2729         18  0.000e+00
     19.895   77.02110 -177.95588     20.106    -1.5096    -1.5099  24.499135  24.497903    30.5105    30.5090    381.259    364.688     0.3518     4.6032     0.1197     0.1197     0.0739     0.0391     109558    76.0812     100.00     2.6643     2.2742         18  0.000e+00
     19.878   77.02110 -177.95588     20.090    -1.5098    -1.5097  24.499193  24.498121    30.5108    30.5092    381.474    364.685     0.3823     4.6032     0.1197     0.1197     0.0739     0.0403     109559    76.0819     100.00     2.6655     2.2742         18  0.000e+00
     19.821   77.02110 -177.95588     20.032    -1.5096    -1.5099  24.499077  24.498067    30.5104    30.5093    381.255    364.683     0.3823     4.6032     0.1184     0.1184     0.0739     0.0403     109560    76.0826     100.00     2.6643     2.2742         18  0.000e+00
     19.878   77.02110 -177.95588     20.090    -1.5096    -1.5097  24.499367  24.498067    30.5108    30.5091    381.257    365.192     0.3518     4.6032     0.1197     0.1197     0.0739     0.0391     109561    76.0833     100.00     2.6643     2.2766         18  0.000e+00
     19.895   77.02110 -177.95588     20.106    -1.5095    -1.5099  24.499541  24.497848    30.5109    30.5090    381.256    365.703     0.3823     4.6032     0.1184     0.1184     0.0739     0.0403     109562    76.0840     100.00     2.6643     2.2790         18  0.000e+00
     19.878   77.02110 -177.95588     20.090    -1.5096    -1.5094  24.499541  24.497412    30.5111    30.5079    381.042    366.207     0.3518     4.6020     0.1197     0.1197     0.0750     0.0391     109563    76.0847     100.00     2.6631     2.2815         18  0.000e+00
     19.878   77.02110 -177.95588     20.090    -1.5095    -1.5097  24.499309  24.497630    30.5106    30.5085    381.256    366.462     0.3823     4.6032     0.1197     0.1197     0.0739     0.0403     109564    76.0854     100.00     2.6643     2.2827         18  0.000e+00
     19.895   77.02110 -177.95588     20.106    -1.5096    -1.5096  24.499425  24.497958    30.5109    30.5088    381.044    366.461     0.3518     4.6032     0.1197     0.1197     0.0739     0.0391     109565    76.0861     100.00     2.6631     2.2827         18  0.000e+00
     19.821   77.02110 -177.95588     20.032    -1.5096    -1.5095  24.499309  24.497848    30.5107    30.5086    381.254    365.950     0.3823     4.6020     0.1197     0.1197     0.0750     0.0403     109566    76.0868     100.00     2.6643     2.2803         18  0.000e+00
     19.878   77.02110 -177.95588     20.090    -1.5096    -1.5094  24.499425  24.497412    30.5109    30.5079    381.257    365.192     0.3823     4.6032     0.1197     0.1197     0.0739     0.0403     109567    76.0875     100.00     2.6643     2.2766         18  0.000e+00
