Continuous CTD Data/SBE Stage/nabos_29_01avg.cnv
* Sea-Bird SBE 9 Data File:
* FileName = D:\CTD\data\HLY2502\raw\NABOS_29_01.hex
* Software Version Seasave V 7.26.7.110
* Temperature SN = 6954
* Conductivity SN = 2561
* Number of Bytes Per Scan = 37
* Number of Voltage Words = 4
* Number of Scans Averaged by the Deck Unit = 1
* NMEA Latitude = 80 31.69 N
* NMEA Longitude = 150 58.43 E
* NMEA UTC (Time) = Sep 22 2025  04:33:58
* NMEA baud rate = 9600
** Ship: USCG HEALY
** Bot. Depth:  2015
** Cast Number:  01
** Station Name:  NABOS
** Station Number:  29
** Operator:  STARC
# nquan = 25
# nvalues = 1214                        
# units = specified
# name 0 = depSM: Depth [salt water, m]
# name 1 = latitude: Latitude [deg]
# name 2 = longitude: Longitude [deg]
# name 3 = prDM: Pressure, Digiquartz [db]
# name 4 = t090C: Temperature [ITS-90, deg C]
# name 5 = t190C: Temperature, 2 [ITS-90, deg C]
# name 6 = c0mS/cm: Conductivity [mS/cm]
# name 7 = c1mS/cm: Conductivity, 2 [mS/cm]
# name 8 = sal00: Salinity, Practical [PSU]
# name 9 = sal11: Salinity, Practical, 2 [PSU]
# name 10 = sbox0Mm/Kg: Oxygen, SBE 43 [umol/kg]
# name 11 = sbox1Mm/Kg: Oxygen, SBE 43, 2 [umol/kg]
# name 12 = flECO-AFL: Fluorescence, WET Labs ECO-AFL/FL [mg/m^3]
# name 13 = v2: Voltage 2
# name 14 = wetCDOM: Fluorescence, WET Labs CDOM [mg/m^3]
# name 15 = v6: Voltage 6
# name 16 = CStarAt0: Beam Attenuation, WET Labs C-Star [1/m]
# name 17 = v3: Voltage 3
# name 18 = scan: Scan Count
# name 19 = timeM: Time, Elapsed [minutes]
# name 20 = altM: Altimeter [m]
# name 21 = sbeox0V: Oxygen raw, SBE 43 [V]
# name 22 = sbeox1V: Oxygen raw, SBE 43, 2 [V]
# name 23 = nbin: number of scans per bin
# name 24 = flag: flag
# span 0 =      3.957,   1200.591       
# span 1 =   80.52622,   80.52796       
# span 2 =  150.97468,  150.98498       
# span 3 =      4.000,   1217.000       
# span 4 =    -1.7269,     0.9737       
# span 5 =    -1.7266,     0.9736       
# span 6 =  23.231321,  29.828720       
# span 7 =  23.227365,  29.826355       
# span 8 =    28.8435,    34.8676       
# span 9 =    28.8356,    34.8653       
# span 10 =    291.292,    373.447      
# span 11 =    270.770,    365.697      
# span 12 =    -0.1830,     0.4299      
# span 13 =     4.4876,     4.6392      
# span 14 =     0.0805,     0.1540      
# span 15 =     0.0805,     0.1540      
# span 16 =     0.0427,     0.1757      
# span 17 =     0.0177,     0.0422      
# span 18 =       3693,      38690      
# span 19 =     2.5636,    26.8672      
# span 20 =      51.35,     100.00      
# span 21 =     2.0145,     2.6175      
# span 22 =     1.7248,     2.2772      
# span 23 =          6,         28      
# span 24 = 0.0000e+00, 0.0000e+00      
# interval = decibars: 1                
# start_time = Sep 22 2025 04:33:58 [NMEA time, header]
# bad_flag = -9.990e-29
*END*
[from data line 986]
    977.179   80.52664  150.98274    990.000    -0.2863    -0.2862  29.110937  29.109126    34.8320    34.8296    295.527    280.335    -0.1672     4.6361     0.0851     0.0851     0.0453     0.0183      31128    21.6158     100.00     2.0821     1.7929         17 0.0000e+00
    978.164   80.52664  150.98275    991.000    -0.2851    -0.2849  29.112525  29.110969    34.8322    34.8300    295.553    300.070    -0.1476     4.6361     0.0851     0.0851     0.0453     0.0191      31152    21.6327     100.00     2.0821     1.8825         18 0.0000e+00
    979.149   80.52664  150.98276    992.000    -0.2812    -0.2811  29.116756  29.115247    34.8329    34.8307    295.567    299.724    -0.1506     4.6356     0.0840     0.0840     0.0458     0.0190      31176    21.6492     100.00     2.0822     1.8809         15 0.0000e+00
    980.134   80.52664  150.98276    993.000    -0.2792    -0.2792  29.119227  29.117378    34.8333    34.8308    295.494    295.913    -0.1276     4.6359     0.0830     0.0830     0.0455     0.0199      31200    21.6661     100.00     2.0817     1.8635         20 0.0000e+00
    981.118   80.52664  150.98277    994.000    -0.2786    -0.2787  29.120264  29.118476    34.8334    34.8311    295.357    287.249    -0.1500     4.6359     0.0834     0.0834     0.0455     0.0190      31224    21.6826     100.00     2.0807     1.8240         13 0.0000e+00
    982.103   80.52664  150.98278    995.000    -0.2794    -0.2794  29.120009  29.118347    34.8334    34.8312    295.399    274.313    -0.1775     4.6361     0.0836     0.0836     0.0453     0.0179      31248    21.6992     100.00     2.0807     1.7650         13 0.0000e+00
    983.088   80.52664  150.98278    996.000    -0.2803    -0.2804  29.119793  29.117918    34.8335    34.8311    295.297    285.395    -0.1461     4.6360     0.0833     0.0833     0.0454     0.0191      31272    21.7163     100.00     2.0799     1.8152         17 0.0000e+00
    984.072   80.52663  150.98279    997.000    -0.2818    -0.2819  29.118760  29.116969    34.8334    34.8310    295.353    300.737    -0.1367     4.6356     0.0838     0.0838     0.0458     0.0195      31296    21.7328     100.00     2.0800     1.8846         14 0.0000e+00
    985.057   80.52662  150.98280    998.000    -0.2840    -0.2839  29.117348  29.115646    34.8333    34.8310    295.395    305.491    -0.1301     4.6356     0.0828     0.0828     0.0458     0.0198      31320    21.7495     100.00     2.0799     1.9059         14 0.0000e+00
    986.042   80.52662  150.98280    999.000    -0.2877    -0.2878  29.114562  29.112752    34.8332    34.8310    295.443    297.920    -0.1520     4.6361     0.0828     0.0828     0.0453     0.0189      31344    21.7661     100.00     2.0797     1.8712         12 0.0000e+00
    987.026   80.52662  150.98281   1000.000    -0.2910    -0.2910  29.112199  29.110352    34.8333    34.8309    295.486    293.224    -0.1385     4.6359     0.0838     0.0838     0.0455     0.0194      31369    21.7830     100.00     2.0796     1.8496         15 0.0000e+00
    988.011   80.52662  150.98282   1001.000    -0.2932    -0.2932  29.110644  29.108881    34.8331    34.8308    295.396    292.295    -0.1346     4.6353     0.0838     0.0838     0.0460     0.0196      31393    21.7997     100.00     2.0788     1.8451         16 0.0000e+00
    988.996   80.52662  150.98282   1002.000    -0.2950    -0.2950  29.109510  29.107759    34.8331    34.8308    295.419    291.859    -0.1627     4.6361     0.0849     0.0849     0.0453     0.0185      31417    21.8165     100.00     2.0786     1.8429         15 0.0000e+00
    989.981   80.52662  150.98283   1003.000    -0.2962    -0.2963  29.108810  29.107127    34.8330    34.8308    295.443    291.273    -0.1365     4.6361     0.0838     0.0838     0.0453     0.0195      31441    21.8331     100.00     2.0785     1.8400         14 0.0000e+00
    990.965   80.52662  150.98284   1004.000    -0.2985    -0.2985  29.107297  29.105576    34.8330    34.8306    295.547    291.292    -0.1597     4.6363     0.0831     0.0831     0.0452     0.0186      31465    21.8499     100.00     2.0787     1.8398         15 0.0000e+00
    991.950   80.52662  150.98285   1005.000    -0.3003    -0.3002  29.106212  29.104496    34.8330    34.8306    295.581    288.785    -0.1345     4.6351     0.0839     0.0839     0.0462     0.0196      31489    21.8665     100.00     2.0786     1.8282         13 0.0000e+00
    992.934   80.52662  150.98286   1006.000    -0.3020    -0.3020  29.105182  29.103321    34.8329    34.8305    295.585    287.277    -0.1562     4.6361     0.0838     0.0838     0.0453     0.0187      31512    21.8829     100.00     2.0784     1.8211         11 0.0000e+00
    993.919   80.52662  150.98286   1007.000    -0.3030    -0.3031  29.104830  29.102816    34.8331    34.8305    295.614    291.058    -0.1390     4.6359     0.0827     0.0827     0.0455     0.0194      31537    21.9000     100.00     2.0783     1.8380         13 0.0000e+00
    994.904   80.52662  150.98287   1008.000    -0.3062    -0.3063  29.102435  29.100609    34.8329    34.8306    295.699    290.125    -0.1565     4.6362     0.0840     0.0840     0.0452     0.0187      31561    21.9168     100.00     2.0784     1.8335         14 0.0000e+00
    995.888   80.52662  150.98288   1009.000    -0.3084    -0.3084  29.100911  29.099116    34.8328    34.8304    295.646    286.930    -0.1544     4.6361     0.0850     0.0850     0.0453     0.0188      31585    21.9334     100.00     2.0778     1.8188         12 0.0000e+00
    996.873   80.52662  150.98288   1010.000    -0.3115    -0.3117  29.098675  29.096612    34.8328    34.8302    295.781    280.753    -0.1549     4.6361     0.0851     0.0851     0.0453     0.0188      31609    21.9501     100.00     2.0781     1.7905         15 0.0000e+00
    997.858   80.52662  150.98289   1011.000    -0.3127    -0.3126  29.098054  29.096316    34.8328    34.8304    295.763    279.531    -0.1331     4.6359     0.0839     0.0839     0.0455     0.0196      31633    21.9668     100.00     2.0778     1.7848         12 0.0000e+00
    998.842   80.52661  150.98290   1012.000    -0.3107    -0.3105  29.100261  29.098654    34.8329    34.8305    295.821    286.356    -0.1310     4.6360     0.0832     0.0832     0.0454     0.0197      31657    21.9834     100.00     2.0780     1.8156         11 0.0000e+00
    999.827   80.52660  150.98290   1013.000    -0.3060    -0.3060  29.105488  29.103707    34.8339    34.8315    295.691    292.537    -0.1319     4.6359     0.0845     0.0845     0.0455     0.0197      31681    22.0002     100.00     2.0773     1.8436         13 0.0000e+00
   1000.811   80.52660  150.98291   1014.000    -0.2966    -0.2964  29.114994  29.113272    34.8352    34.8328    295.547    292.205    -0.1581     4.6362     0.0850     0.0850     0.0452     0.0187      31706    22.0170     100.00     2.0768     1.8423         14 0.0000e+00
   1001.796   80.52660  150.98292   1015.000    -0.2902    -0.2901  29.121676  29.120094    34.8363    34.8341    295.525    292.120    -0.1398     4.6357     0.0839     0.0839     0.0456     0.0194      31730    22.0339     100.00     2.0768     1.8420         15 0.0000e+00
   1002.781   80.52660  150.98292   1016.000    -0.2850    -0.2849  29.127319  29.125404    34.8373    34.8347    295.375    296.782    -0.1297     4.6358     0.0841     0.0841     0.0456     0.0198      31754    22.0504     100.00     2.0760     1.8632         14 0.0000e+00
   1003.765   80.52660  150.98293   1017.000    -0.2849    -0.2849  29.127720  29.126027    34.8372    34.8349    295.319    295.081    -0.1323     4.6361     0.0840     0.0840     0.0453     0.0197      31778    22.0671     100.00     2.0755     1.8553         14 0.0000e+00
   1004.750   80.52660  150.98294   1018.000    -0.2849    -0.2848  29.128389  29.126511    34.8374    34.8349    295.202    295.423    -0.1331     4.6361     0.0850     0.0850     0.0453     0.0197      31802    22.0840     100.00     2.0746     1.8567         17 0.0000e+00
   1005.734   80.52660  150.98294   1019.000    -0.2848    -0.2847  29.128881  29.127119    34.8374    34.8350    295.100    276.885    -0.1629     4.6361     0.0836     0.0836     0.0453     0.0185      31826    22.1007     100.00     2.0739     1.7726         15 0.0000e+00
   1006.719   80.52660  150.98295   1020.000    -0.2847    -0.2848  29.129297  29.127472    34.8373    34.8349    295.079    287.990    -0.1349     4.6361     0.0833     0.0833     0.0453     0.0196      31850    22.1174     100.00     2.0736     1.8227         15 0.0000e+00
   1007.703   80.52660  150.98296   1021.000    -0.2846    -0.2847  29.129866  29.128108    34.8374    34.8351    295.086    295.131    -0.1711     4.6361     0.0850     0.0850     0.0453     0.0181      31874    22.1341     100.00     2.0734     1.8548         16 0.0000e+00
   1008.688   80.52660  150.98297   1022.000    -0.2848    -0.2849  29.130303  29.128310    34.8376    34.8350    295.059    289.232    -0.1302     4.6361     0.0861     0.0861     0.0453     0.0198      31898    22.1507     100.00     2.0730     1.8279         14 0.0000e+00
   1009.673   80.52660  150.98298   1023.000    -0.2867    -0.2867  29.129011  29.127246    34.8374    34.8351    294.978    290.593    -0.1368     4.6362     0.0840     0.0840     0.0452     0.0195      31922    22.1674     100.00     2.0723     1.8339         15 0.0000e+00
   1010.657   80.52660  150.98298   1024.000    -0.2891    -0.2892  29.127316  29.125373    34.8374    34.8348    294.987    293.336    -0.1346     4.6360     0.0863     0.0863     0.0454     0.0196      31946    22.1842     100.00     2.0720     1.8460         15 0.0000e+00
   1011.642   80.52660  150.98299   1025.000    -0.2908    -0.2909  29.126117  29.124285    34.8372    34.8348    294.881    282.641    -0.1341     4.6361     0.0831     0.0831     0.0453     0.0196      31970    22.2007     100.00     2.0712     1.7974         12 0.0000e+00
   1012.626   80.52660  150.98300   1026.000    -0.2933    -0.2934  29.124512  29.122630    34.8373    34.8349    294.833    288.890    -0.1533     4.6363     0.0848     0.0848     0.0451     0.0188      31994    22.2174     100.00     2.0706     1.8254         13 0.0000e+00
   1013.611   80.52659  150.98300   1027.000    -0.2942    -0.2943  29.124138  29.122419    34.8372    34.8351    294.762    292.551    -0.1730     4.6359     0.0842     0.0842     0.0455     0.0181      32019    22.2344     100.00     2.0700     1.8417         16 0.0000e+00
   1014.596   80.52658  150.98301   1028.000    -0.2955    -0.2956  29.123508  29.121584    34.8372    34.8348    294.830    293.305    -0.1469     4.6357     0.0834     0.0834     0.0456     0.0191      32042    22.2510     100.00     2.0701     1.8449         16 0.0000e+00
   1015.580   80.52658  150.98302   1029.000    -0.2963    -0.2963  29.123117  29.121401    34.8371    34.8348    294.854    280.895    -0.1584     4.6358     0.0828     0.0828     0.0456     0.0187      32066    22.2676     100.00     2.0700     1.7886         15 0.0000e+00
   1016.565   80.52658  150.98302   1030.000    -0.2968    -0.2968  29.123177  29.121494    34.8371    34.8349    294.919    290.555    -0.1410     4.6360     0.0835     0.0835     0.0454     0.0193      32091    22.2845     100.00     2.0701     1.8321         13 0.0000e+00
   1017.549   80.52658  150.98303   1031.000    -0.2973    -0.2973  29.123189  29.121419    34.8371    34.8348    295.012    289.682    -0.1340     4.6358     0.0851     0.0851     0.0455     0.0196      32115    22.3012     100.00     2.0703     1.8279         14 0.0000e+00
   1018.534   80.52658  150.98304   1032.000    -0.2983    -0.2983  29.122820  29.121028    34.8372    34.8348    294.987    292.023    -0.1289     4.6361     0.0840     0.0840     0.0453     0.0198      32139    22.3180     100.00     2.0699     1.8383         16 0.0000e+00
   1019.518   80.52658  150.98305   1033.000    -0.2993    -0.2993  29.122462  29.120611    34.8373    34.8348    294.977    293.891    -0.1346     4.6361     0.0852     0.0852     0.0453     0.0196      32163    22.3347     100.00     2.0696     1.8465         15 0.0000e+00
   1020.503   80.52658  150.98306   1034.000    -0.2996    -0.2996  29.122851  29.121082    34.8376    34.8352    294.882    293.500    -0.1305     4.6359     0.0832     0.0832     0.0454     0.0198      32187    22.3514     100.00     2.0689     1.8446         15 0.0000e+00
   1021.487   80.52658  150.98306   1035.000    -0.2985    -0.2985  29.124643  29.122895    34.8382    34.8358    294.832    288.633    -0.1366     4.6361     0.0837     0.0837     0.0453     0.0195      32211    22.3681     100.00     2.0685     1.8225         13 0.0000e+00
   1022.472   80.52658  150.98307   1036.000    -0.2964    -0.2964  29.127061  29.125419    34.8383    34.8362    294.670    298.670    -0.1612     4.6361     0.0847     0.0847     0.0453     0.0185      32235    22.3850     100.00     2.0676     1.8677         16 0.0000e+00
   1023.456   80.52658  150.98308   1037.000    -0.2948    -0.2948  29.129043  29.127255    34.8387    34.8362    294.522    297.170    -0.1350     4.6358     0.0847     0.0847     0.0455     0.0196      32259    22.4014     100.00     2.0666     1.8608         14 0.0000e+00
   1024.441   80.52658  150.98308   1038.000    -0.2955    -0.2955  29.128931  29.127151    34.8386    34.8364    294.501    290.808    -0.1415     4.6344     0.0841     0.0841     0.0468     0.0193      32283    22.4180     100.00     2.0663     1.8319         12 0.0000e+00
   1025.425   80.52658  150.98309   1039.000    -0.2975    -0.2974  29.127595  29.126029    34.8386    34.8364    294.712    287.015    -0.1691     4.6352     0.0855     0.0855     0.0461     0.0182      32307    22.4349     100.00     2.0671     1.8145         16 0.0000e+00
   1026.410   80.52658  150.98310   1040.000    -0.2986    -0.2984  29.127036  29.125422    34.8385    34.8362    294.689    277.151    -0.1600     4.6362     0.0855     0.0855     0.0452     0.0186      32331    22.4516     100.00     2.0667     1.7698         15 0.0000e+00
   1027.394   80.52658  150.98310   1041.000    -0.3007    -0.3008  29.125666  29.123859    34.8385    34.8362    294.646    286.778    -0.1314     4.6360     0.0839     0.0839     0.0454     0.0197      32355    22.4684     100.00     2.0662     1.8130         19 0.0000e+00
   1028.379   80.52657  150.98311   1042.000    -0.3011    -0.3011  29.125810  29.124082    34.8386    34.8362    294.676    297.186    -0.1342     4.6361     0.0838     0.0838     0.0453     0.0196      32379    22.4850     100.00     2.0661     1.8598         14 0.0000e+00
   1029.363   80.52656  150.98312   1043.000    -0.3022    -0.3024  29.125212  29.123153    34.8385    34.8360    294.669    285.847    -0.1348     4.6359     0.0851     0.0851     0.0455     0.0196      32404    22.5018     100.00     2.0658     1.8084         17 0.0000e+00
   1030.347   80.52656  150.98312   1044.000    -0.3051    -0.3052  29.123029  29.121162    34.8383    34.8359    294.679    282.054    -0.1347     4.6357     0.0844     0.0844     0.0457     0.0196      32428    22.5184     100.00     2.0655     1.7910         16 0.0000e+00
   1031.332   80.52656  150.98313   1045.000    -0.3076    -0.3076  29.121424  29.119554    34.8383    34.8359    294.663    289.573    -0.1605     4.6356     0.0839     0.0839     0.0458     0.0186      32452    22.5354     100.00     2.0651     1.8246         19 0.0000e+00
   1032.317   80.52656  150.98314   1046.000    -0.3086    -0.3086  29.120881  29.119186    34.8382    34.8360    294.689    291.276    -0.1429     4.6360     0.0839     0.0839     0.0454     0.0193      32476    22.5519     100.00     2.0650     1.8321         18 0.0000e+00
