Continuous CTD Data/00_Raw Data/NABOS_15_02.ros
* Sea-Bird SBE 9 Data File:
* FileName = D:\CTD\data\HLY2502\raw\NABOS_15_02.hex
* Software Version Seasave V 7.26.7.110
* Temperature SN = 6954
* Conductivity SN = 2561
* Number of Bytes Per Scan = 37
* Number of Voltage Words = 4
* Number of Scans Averaged by the Deck Unit = 1
* NMEA Latitude = 78 29.96 N
* NMEA Longitude = 170 07.40 W
* NMEA UTC (Time) = Sep 09 2025  17:34:44
* NMEA baud rate = 9600
** Ship: USCG HEALY
** Bot. Depth:  2700
** Cast Number:
** Station Name:  15
** Station Number:
** Operator:  STARC
# nquan = 23
# nvalues = 1176                                  
# units = specified
# name 0 = timeS: Time, Elapsed [seconds]
# name 1 = prDM: Pressure, Digiquartz [db]
# name 2 = depSM: Depth [salt water, m]
# name 3 = t090C: Temperature [ITS-90, deg C]
# name 4 = t190C: Temperature, 2 [ITS-90, deg C]
# name 5 = T2-T190C: Temperature Difference, 2 - 1 [ITS-90, deg C]
# name 6 = c0mS/cm: Conductivity [mS/cm]
# name 7 = c1mS/cm: Conductivity, 2 [mS/cm]
# name 8 = C2-C1mS/cm: Conductivity Difference, 2 - 1 [mS/cm]
# name 9 = sal00: Salinity, Practical [PSU]
# name 10 = sal11: Salinity, Practical, 2 [PSU]
# name 11 = secS-priS: Salinity, Practical, Difference, 2 - 1 [PSU]
# name 12 = sbeox0ML/L: Oxygen, SBE 43 [ml/l]
# name 13 = sbeox1ML/L: Oxygen, SBE 43, 2 [ml/l]
# name 14 = wetCDOM: Fluorescence, WET Labs CDOM [mg/m^3]
# name 15 = flECO-AFL: Fluorescence, WET Labs ECO-AFL/FL [mg/m^3]
# name 16 = CStarTr0: Beam Transmission, WET Labs C-Star [%]
# name 17 = par: PAR/Irradiance, Biospherical/Licor
# name 18 = latitude: Latitude [deg]
# name 19 = longitude: Longitude [deg]
# name 20 = scan: Scan Count
# name 21 = nbf: Bottles Fired
# name 22 = flag:  0.000e+00
# interval = seconds: 0.0416667
# start_time = Sep 09 2025 17:34:44 [NMEA time, header]
# bad_flag = -9.990e-29
*END*
    776.583    252.869    250.053     0.6563     0.6568     0.0005  29.524726  29.523595  -0.001131    34.7456    34.7435    -0.0021     6.7005     6.2067     0.0818    -0.1671    99.5245 1.0000e-12   78.49980 -170.10606      18639          1  0.000e+00
    776.625    252.936    250.119     0.6564     0.6570     0.0005  29.524602  29.523712  -0.000890    34.7452    34.7434    -0.0018     6.7003     6.1895     0.0830    -0.1671    99.4984 1.0000e-12   78.49980 -170.10606      18640          1  0.000e+00
    776.667    252.994    250.176     0.6563     0.6568     0.0005  29.524603  29.523595  -0.001007    34.7453    34.7434    -0.0019     6.7008     6.1876     0.0818    -0.1671    99.4984 1.0000e-12   78.49980 -170.10606      18641          1  0.000e+00
    776.708    252.936    250.119     0.6563     0.6569     0.0007  29.524851  29.523361  -0.001489    34.7457    34.7430    -0.0027     6.7006     6.1845     0.0818    -0.1671    99.5245 1.0000e-12   78.49980 -170.10606      18642          1  0.000e+00
    776.750    252.936    250.119     0.6563     0.6570     0.0007  29.524664  29.523478  -0.001186    34.7454    34.7431    -0.0023     6.7005     6.1858     0.0818    -0.1671    99.4984 1.0000e-12   78.49980 -170.10606      18643          1  0.000e+00
    776.792    252.869    250.053     0.6563     0.6569     0.0006  29.524851  29.523478  -0.001372    34.7457    34.7432    -0.0025     6.7003     6.1891     0.0818    -0.1366    99.5245 1.0000e-12   78.49980 -170.10606      18644          1  0.000e+00
    776.833    252.994    250.176     0.6564     0.6570     0.0005  29.524913  29.523478  -0.001435    34.7456    34.7431    -0.0025     6.7003     6.1935     0.0830    -0.1671    99.4984 1.0000e-12   78.49980 -170.10606      18645          1  0.000e+00
    776.875    252.869    250.053     0.6564     0.6571     0.0007  29.525099  29.523361  -0.001738    34.7459    34.7429    -0.0030     6.7001     6.1986     0.0818    -0.1671    99.5245 1.0000e-12   78.49980 -170.10606      18646          1  0.000e+00
    776.917    252.994    250.176     0.6564     0.6569     0.0004  29.525223  29.523654  -0.001570    34.7460    34.7434    -0.0025     6.7002     6.2034     0.0830    -0.1671    99.4984 1.0000e-12   78.49980 -170.10606      18647          1  0.000e+00
    776.958    252.936    250.119     0.6563     0.6573     0.0010  29.524975  29.523186  -0.001789    34.7458    34.7424    -0.0035     6.7001     6.2153     0.0818    -0.1671    99.5245 1.0000e-12   78.49980 -170.10606      18648          1  0.000e+00
    777.000    252.936    250.119     0.6569     0.6570     0.0001  29.525099  29.523595  -0.001504    34.7453    34.7433    -0.0020     6.7054     6.2299     0.0818    -0.1671    99.5245 1.0000e-12   78.49980 -170.10606      18649          1  0.000e+00
    777.042    252.994    250.176     0.6568     0.6571     0.0003  29.525037  29.523420  -0.001617    34.7453    34.7429    -0.0025     6.7017     6.2406     0.0818    -0.1671    99.5245 1.0000e-12   78.49980 -170.10606      18650          1  0.000e+00
    777.083    252.869    250.053     0.6566     0.6569     0.0003  29.524913  29.523829  -0.001084    34.7454    34.7437    -0.0018     6.7017     6.2472     0.0818    -0.1366    99.5245 1.0000e-12   78.49980 -170.10606      18651          1  0.000e+00
    777.125    252.936    250.119     0.6568     0.6570     0.0002  29.525099  29.523653  -0.001446    34.7455    34.7433    -0.0021     6.7018     6.2478     0.0830    -0.1671    99.5245 1.0000e-12   78.49980 -170.10606      18652          1  0.000e+00
    777.167    252.936    250.119     0.6564     0.6571     0.0007  29.524789  29.523712  -0.001077    34.7454    34.7433    -0.0021     6.7020     6.2489     0.0818    -0.1671    99.5245 1.0000e-12   78.49980 -170.10606      18653          1  0.000e+00
    777.208    252.994    250.176     0.6566     0.6569     0.0003  29.524851  29.523595  -0.001256    34.7453    34.7434    -0.0019     6.7083     6.2626     0.0818    -0.1671    99.4984 1.0000e-12   78.49980 -170.10606      18654          1  0.000e+00
    777.250    252.936    250.119     0.6563     0.6571     0.0008  29.524913  29.523712  -0.001201    34.7458    34.7433    -0.0025     6.7039     6.2789     0.0818    -0.1976    99.4984 1.0000e-12   78.49980 -170.10606      18655          1  0.000e+00
    777.292    252.936    250.119     0.6566     0.6570     0.0004  29.524975  29.523595  -0.001380    34.7455    34.7433    -0.0022     6.7087     6.3101     0.0818    -0.1671    99.4984 1.0000e-12   78.49980 -170.10606      18656          1  0.000e+00
    777.333    252.936    250.119     0.6563     0.6571     0.0008  29.524664  29.523303  -0.001361    34.7454    34.7427    -0.0027     6.7043     6.3438     0.0818    -0.1671    99.5245 1.0000e-12   78.49980 -170.10606      18657          1  0.000e+00
    777.375    252.936    250.119     0.6566     0.6569     0.0003  29.524602  29.523653  -0.000949    34.7450    34.7434    -0.0016     6.7038     6.3745     0.0830    -0.1976    99.5245 1.0000e-12   78.49980 -170.10606      18658          1  0.000e+00
    777.417    252.936    250.119     0.6564     0.6567     0.0003  29.524664  29.523595  -0.001069    34.7453    34.7436    -0.0017     6.7040     6.3931     0.0830    -0.1671    99.5245 1.0000e-12   78.49980 -170.10606      18659          1  0.000e+00
    777.458    252.994    250.176     0.6563     0.6566     0.0004  29.524603  29.523537  -0.001066    34.7453    34.7435    -0.0018     6.7044     6.4053     0.0818    -0.1671    99.5245 1.0000e-12   78.49980 -170.10606      18660          1  0.000e+00
    777.500    252.936    250.119     0.6564     0.6569     0.0004  29.524602  29.523128  -0.001475    34.7452    34.7428    -0.0024     6.7100     6.4163     0.0818    -0.1671    99.5245 1.0000e-12   78.49980 -170.10606      18661          1  0.000e+00
    777.542    252.936    250.119     0.6564     0.6571     0.0007  29.524851  29.523361  -0.001489    34.7455    34.7428    -0.0027     6.7110     6.4329     0.0818    -0.1976    99.5245 1.0000e-12   78.49980 -170.10606      18662          1  0.000e+00
    777.583    252.936    250.119     0.6564     0.6569     0.0004  29.524913  29.523361  -0.001551    34.7456    34.7431    -0.0025     6.7120     6.4509     0.0818    -0.1671    99.5245 1.0000e-12   78.49980 -170.10606      18663          1  0.000e+00
    777.625    252.994    250.176     0.6566     0.6569     0.0003  29.525099  29.523420  -0.001679    34.7456    34.7431    -0.0026     6.7123     6.4626     0.0818    -0.1671    99.5245 1.0000e-12   78.49980 -170.10606      18664          1  0.000e+00
    777.667    252.936    250.119     0.6566     0.6569     0.0003  29.525223  29.523303  -0.001920    34.7458    34.7430    -0.0028     6.7071     6.4787     0.0818    -0.1671    99.4984 1.0000e-12   78.49980 -170.10606      18665          1  0.000e+00
    777.708    252.936    250.119     0.6568     0.6569     0.0002  29.525161  29.523303  -0.001858    34.7455    34.7429    -0.0026     6.7074     6.4950     0.0818    -0.1671    99.5245 1.0000e-12   78.49980 -170.10606      18666          1  0.000e+00
    777.750    252.994    250.176     0.6569     0.6568    -0.0001  29.525161  29.523478  -0.001683    34.7453    34.7433    -0.0021     6.7070     6.5170     0.0818    -0.1671    99.5245 1.0000e-12   78.49980 -170.10606      18667          1  0.000e+00
    777.792    252.936    250.119     0.6569     0.6567    -0.0002  29.525037  29.523712  -0.001325    34.7452    34.7437    -0.0015     6.7118     6.5323     0.0818    -0.1976    99.5245 1.0000e-12   78.49980 -170.10606      18668          1  0.000e+00
    777.833    252.994    250.176     0.6568     0.6568     0.0001  29.525099  29.523420  -0.001679    34.7454    34.7432    -0.0022     6.7068     6.5478     0.0806    -0.1671    99.4984 1.0000e-12   78.49980 -170.10606      18669          1  0.000e+00
    777.875    252.936    250.119     0.6569     0.6569    -0.0001  29.525161  29.523653  -0.001508    34.7454    34.7435    -0.0019     6.7116     6.5698     0.0794    -0.1671    99.5245 1.0000e-12   78.49980 -170.10606      18670          1  0.000e+00
    777.917    252.936    250.119     0.6569     0.6569     0.0000  29.525223  29.523420  -0.001803    34.7454    34.7431    -0.0024     6.7064     6.5953     0.0794    -0.1671    99.5245 1.0000e-12   78.49980 -170.10606      18671          1  0.000e+00
    777.958    252.936    250.119     0.6568     0.6566    -0.0002  29.524975  29.523069  -0.001905    34.7453    34.7430    -0.0023     6.7120     6.6189     0.0794    -0.1671    99.5245 1.0000e-12   78.49980 -170.10606      18672          1  0.000e+00
    778.000    252.994    250.176     0.6558     0.6564     0.0005  29.524292  29.523011  -0.001281    34.7454    34.7432    -0.0022     6.7071     6.6449     0.0794    -0.1671    99.4984 1.0000e-12   78.49980 -170.10606      18673          1  0.000e+00
    778.042    252.936    250.119     0.6557     0.6564     0.0007  29.523857  29.522777  -0.001080    34.7451    34.7429    -0.0022     6.7066     6.6634     0.0794    -0.1671    99.4984 1.0000e-12   78.49980 -170.10606      18674          1  0.000e+00
    778.083    252.994    250.176     0.6554     0.6562     0.0009  29.523795  29.522894  -0.000901    34.7453    34.7432    -0.0022     6.7070     6.6877     0.0794    -0.1671    99.5245 1.0000e-12   78.49980 -170.10606      18675          1  0.000e+00
    778.125    252.936    250.119     0.6554     0.6564     0.0010  29.524044  29.523186  -0.000857    34.7457    34.7434    -0.0022     6.7064     6.7254     0.0794    -0.1671    99.4984 1.0000e-12   78.49980 -170.10606      18676          1  0.000e+00
    778.167    252.936    250.119     0.6554     0.6564     0.0011  29.524292  29.523245  -0.001047    34.7460    34.7435    -0.0025     6.7067     6.7786     0.0794    -0.1671    99.4984 1.0000e-12   78.49980 -170.10606      18677          1  0.000e+00
    778.208    252.994    250.176     0.6554     0.6566     0.0013  29.524168  29.523478  -0.000689    34.7458    34.7435    -0.0023     6.7063     6.8328     0.0794    -0.1671    99.4984 1.0000e-12   78.49980 -170.10606      18678          1  0.000e+00
    778.250    252.936    250.119     0.6555     0.6569     0.0014  29.524106  29.523361  -0.000744    34.7456    34.7431    -0.0025     6.7057     6.8621     0.0806    -0.1671    99.4984 1.0000e-12   78.49980 -170.10606      18679          1  0.000e+00
    778.292    252.994    250.176     0.6558     0.6565     0.0006  29.524044  29.523478  -0.000565    34.7451    34.7437    -0.0014     6.7061     6.8750     0.0794    -0.1671    99.4984 1.0000e-12   78.49980 -170.10606      18680          1  0.000e+00
    778.333    252.936    250.119     0.6557     0.6567     0.0010  29.524043  29.523361  -0.000682    34.7453    34.7433    -0.0020     6.7064     6.8929     0.0794    -0.1671    99.5245 1.0000e-12   78.49980 -170.10606      18681          1  0.000e+00
    778.375    252.994    250.176     0.6557     0.6566     0.0010  29.524106  29.523478  -0.000627    34.7454    34.7435    -0.0019     6.7068     6.9278     0.0794    -0.1671    99.4984 1.0000e-12   78.49980 -170.10606      18682          1  0.000e+00
    778.417    252.936    250.119     0.6554     0.6569     0.0016  29.523857  29.523478  -0.000379    34.7454    34.7432    -0.0023     6.7064     6.9574     0.0794    -0.1671    99.5245 1.0000e-12   78.49980 -170.10606      18683          1  0.000e+00
    778.458    252.994    250.176     0.6557     0.6567     0.0010  29.523982  29.523478  -0.000503    34.7452    34.7434    -0.0018     6.7068     6.9840     0.0794    -0.1366    99.4984 1.0000e-12   78.49980 -170.10606      18684          1  0.000e+00
    778.500    252.936    250.119     0.6557     0.6568     0.0011  29.524106  29.523712  -0.000394    34.7454    34.7436    -0.0018     6.7072     6.9917     0.0806    -0.1366    99.5245 1.0000e-12   78.49980 -170.10606      18685          1  0.000e+00
    778.542    252.994    250.176     0.6558     0.6570     0.0011  29.524292  29.523420  -0.000872    34.7454    34.7430    -0.0024     6.7069     6.9930     0.0794    -0.1366    99.4984 1.0000e-12   78.49980 -170.10606      18686          1  0.000e+00
    778.583    252.936    250.119     0.6563     0.6571     0.0008  29.524540  29.523478  -0.001062    34.7453    34.7430    -0.0023     6.7065     6.9856     0.0794    -0.1061    99.5245 1.0000e-12   78.49980 -170.10606      18687          1  0.000e+00
    788.542    253.119    250.300     0.6571     0.6572     0.0001  29.525286  29.523946  -0.001340    34.7452    34.7434    -0.0018     6.7001     6.4900     0.0830    -0.1366    99.5245 1.0000e-12   78.49980 -170.10596      18926          2  0.000e+00
    788.583    253.119    250.300     0.6569     0.6569     0.0000  29.525348  29.523888  -0.001460    34.7455    34.7436    -0.0019     6.7050     6.4803     0.0830    -0.1366    99.5245 1.0000e-12   78.49980 -170.10596      18927          2  0.000e+00
    788.625    253.119    250.300     0.6571     0.6572     0.0001  29.525658  29.523829  -0.001829    34.7457    34.7433    -0.0025     6.7051     6.4773     0.0818    -0.1061    99.5245 1.0000e-12   78.49980 -170.10596      18928          2  0.000e+00
    788.667    253.119    250.300     0.6573     0.6571    -0.0001  29.525783  29.523771  -0.002012    34.7457    34.7432    -0.0025     6.7007     6.4812     0.0830    -0.1366    99.5245 1.0000e-12   78.49980 -170.10596      18929          2  0.000e+00
    788.708    253.052    250.234     0.6574     0.6575     0.0000  29.525907  29.523771  -0.002136    34.7457    34.7429    -0.0028     6.7002     6.4796     0.0830    -0.1366    99.5245 1.0000e-12   78.49980 -170.10596      18930          2  0.000e+00
    788.750    253.119    250.300     0.6573     0.6571    -0.0001  29.525783  29.523829  -0.001953    34.7457    34.7433    -0.0024     6.7052     6.4696     0.0818    -0.1366    99.5245 1.0000e-12   78.49980 -170.10596      18931          2  0.000e+00
    788.792    253.119    250.300     0.6571     0.6573     0.0002  29.525969  29.524004  -0.001965    34.7461    34.7433    -0.0028     6.7001     6.4705     0.0818    -0.1366    99.4984 1.0000e-12   78.49980 -170.10596      18932          2  0.000e+00
    788.833    253.052    250.234     0.6574     0.6573    -0.0001  29.525782  29.523887  -0.001895    34.7456    34.7432    -0.0023     6.6997     6.4660     0.0818    -0.1976    99.5245 1.0000e-12   78.49980 -170.10596      18933          2  0.000e+00
    788.875    253.119    250.300     0.6577     0.6573    -0.0004  29.525969  29.523829  -0.002140    34.7455    34.7431    -0.0023     6.6993     6.4650     0.0818    -0.1671    99.4984 1.0000e-12   78.49980 -170.10596      18934          2  0.000e+00
    788.917    253.119    250.300     0.6575     0.6575    -0.0001  29.525845  29.523771  -0.002074    34.7455    34.7429    -0.0026     6.6983     6.4642     0.0818    -0.1976    99.4984 1.0000e-12   78.49980 -170.10596      18935          2  0.000e+00
    788.958    253.119    250.300     0.6577     0.6571    -0.0006  29.525907  29.523771  -0.002136    34.7454    34.7432    -0.0021     6.7032     6.4581     0.0818    -0.1671    99.5245 1.0000e-12   78.49980 -170.10596      18936          2  0.000e+00
    789.000    253.119    250.300     0.6575     0.6573    -0.0002  29.525783  29.523829  -0.001953    34.7454    34.7431    -0.0023     6.6983     6.4578     0.0830    -0.1671    99.4984 1.0000e-12   78.49980 -170.10596      18937          2  0.000e+00
    789.042    253.119    250.300     0.6575     0.6569    -0.0006  29.525783  29.524004  -0.001778    34.7454    34.7437    -0.0017     6.7026     6.4566     0.0818    -0.1671    99.5245 1.0000e-12   78.49980 -170.10596      18938          2  0.000e+00
