Continuous CTD Data/00_Raw Data/NABOS_15_02.ros
* Sea-Bird SBE 9 Data File:
* FileName = D:\CTD\data\HLY2502\raw\NABOS_15_02.hex
* Software Version Seasave V 7.26.7.110
* Temperature SN = 6954
* Conductivity SN = 2561
* Number of Bytes Per Scan = 37
* Number of Voltage Words = 4
* Number of Scans Averaged by the Deck Unit = 1
* NMEA Latitude = 78 29.96 N
* NMEA Longitude = 170 07.40 W
* NMEA UTC (Time) = Sep 09 2025  17:34:44
* NMEA baud rate = 9600
** Ship: USCG HEALY
** Bot. Depth:  2700
** Cast Number:
** Station Name:  15
** Station Number:
** Operator:  STARC
# nquan = 23
# nvalues = 1176                                  
# units = specified
# name 0 = timeS: Time, Elapsed [seconds]
# name 1 = prDM: Pressure, Digiquartz [db]
# name 2 = depSM: Depth [salt water, m]
# name 3 = t090C: Temperature [ITS-90, deg C]
# name 4 = t190C: Temperature, 2 [ITS-90, deg C]
# name 5 = T2-T190C: Temperature Difference, 2 - 1 [ITS-90, deg C]
# name 6 = c0mS/cm: Conductivity [mS/cm]
# name 7 = c1mS/cm: Conductivity, 2 [mS/cm]
# name 8 = C2-C1mS/cm: Conductivity Difference, 2 - 1 [mS/cm]
# name 9 = sal00: Salinity, Practical [PSU]
# name 10 = sal11: Salinity, Practical, 2 [PSU]
# name 11 = secS-priS: Salinity, Practical, Difference, 2 - 1 [PSU]
# name 12 = sbeox0ML/L: Oxygen, SBE 43 [ml/l]
# name 13 = sbeox1ML/L: Oxygen, SBE 43, 2 [ml/l]
# name 14 = wetCDOM: Fluorescence, WET Labs CDOM [mg/m^3]
# name 15 = flECO-AFL: Fluorescence, WET Labs ECO-AFL/FL [mg/m^3]
# name 16 = CStarTr0: Beam Transmission, WET Labs C-Star [%]
# name 17 = par: PAR/Irradiance, Biospherical/Licor
# name 18 = latitude: Latitude [deg]
# name 19 = longitude: Longitude [deg]
# name 20 = scan: Scan Count
# name 21 = nbf: Bottles Fired
# name 22 = flag:  0.000e+00
# interval = seconds: 0.0416667
# start_time = Sep 09 2025 17:34:44 [NMEA time, header]
# bad_flag = -9.990e-29
*END*
[from data line 693]
   1325.625     40.311     39.882    -1.5773    -1.5743     0.0029  24.693900  24.690381  -0.003519    30.8350    30.8271    -0.0078     8.0611     7.7259     0.1013     0.3518    98.4560 1.0611e+00   78.50014 -170.10078      31816         15  0.000e+00
   1325.667     40.278     39.850    -1.5772    -1.5743     0.0029  24.693900  24.690272  -0.003628    30.8349    30.8269    -0.0080     8.0515     7.7265     0.1001     0.3518    98.4299 1.0578e+00   78.50014 -170.10078      31817         15  0.000e+00
   1325.708     40.220     39.792    -1.5772    -1.5745     0.0027  24.693725  24.690053  -0.003672    30.8347    30.8269    -0.0078     8.0510     7.7262     0.1001     0.3518    98.4560 1.0611e+00   78.50014 -170.10078      31818         15  0.000e+00
   1325.750     40.344     39.915    -1.5775    -1.5743     0.0031  24.693551  24.690163  -0.003388    30.8347    30.8268    -0.0079     8.0515     7.7263     0.1001     0.3518    98.4560 1.0611e+00   78.50014 -170.10078      31819         15  0.000e+00
   1325.792     40.220     39.792    -1.5774    -1.5746     0.0028  24.693609  24.690053  -0.003556    30.8347    30.8270    -0.0078     8.0508     7.7278     0.0989     0.3518    98.4560 1.0611e+00   78.50014 -170.10078      31820         15  0.000e+00
   1325.833     40.278     39.850    -1.5772    -1.5743     0.0029  24.693725  24.690162  -0.003563    30.8347    30.8268    -0.0078     8.0559     7.7298     0.0989     0.3518    98.4560 1.0644e+00   78.50014 -170.10078      31821         15  0.000e+00
   1325.875     40.278     39.850    -1.5773    -1.5745     0.0028  24.693493  24.690217  -0.003275    30.8345    30.8271    -0.0074     8.0504     7.7309     0.0989     0.3518    98.4560 1.0644e+00   78.50014 -170.10078      31822         15  0.000e+00
   1325.917     40.220     39.792    -1.5775    -1.5743     0.0033  24.693318  24.690053  -0.003265    30.8345    30.8267    -0.0078     8.0497     7.7308     0.0989     0.3518    98.4299 1.0611e+00   78.50014 -170.10078      31823         15  0.000e+00
   1325.958     40.278     39.850    -1.5777    -1.5742     0.0034  24.693376  24.690327  -0.003050    30.8347    30.8269    -0.0077     8.0557     7.7312     0.0989     0.3518    98.4560 1.0611e+00   78.50014 -170.10078      31824         15  0.000e+00
   1326.000     40.311     39.882    -1.5777    -1.5743     0.0033  24.693784  24.690272  -0.003512    30.8352    30.8270    -0.0082     8.0500     7.7305     0.0977     0.3518    98.4560 1.0578e+00   78.50014 -170.10076      31825         15  0.000e+00
   1326.042     40.220     39.792    -1.5778    -1.5740     0.0038  24.693434  24.690217  -0.003217    30.8350    30.8266    -0.0083     8.0492     7.7298     0.0989     0.3518    98.4560 1.0546e+00   78.50014 -170.10076      31826         15  0.000e+00
   1326.083     40.278     39.850    -1.5767    -1.5743     0.0024  24.693376  24.690053  -0.003323    30.8337    30.8266    -0.0071     8.0482     7.7309     0.0989     0.3518    98.4299 1.0578e+00   78.50014 -170.10076      31827         15  0.000e+00
   1326.125     40.278     39.850    -1.5758    -1.5740     0.0018  24.693318  24.690162  -0.003155    30.8327    30.8265    -0.0061     8.0538     7.7392     0.0989     0.3518    98.4299 1.0578e+00   78.50014 -170.10076      31828         15  0.000e+00
   1326.167     40.278     39.850    -1.5749    -1.5742     0.0007  24.693201  24.690381  -0.002820    30.8316    30.8270    -0.0046     8.0536     7.7420     0.0989     0.3518    98.4299 1.0578e+00   78.50014 -170.10076      31829         15  0.000e+00
   1326.208     40.220     39.792    -1.5748    -1.5741     0.0007  24.693201  24.690272  -0.002930    30.8315    30.8268    -0.0047     8.0533     7.7448     0.0989     0.3518    98.4299 1.0578e+00   78.50014 -170.10076      31830         15  0.000e+00
   1326.250     40.278     39.850    -1.5753    -1.5740     0.0013  24.693085  24.690217  -0.002868    30.8319    30.8266    -0.0053     8.0542     7.7267     0.0989     0.3213    98.4299 1.0611e+00   78.50014 -170.10076      31831         15  0.000e+00
   1326.292     40.278     39.850    -1.5756    -1.5740     0.0016  24.693318  24.690381  -0.002937    30.8325    30.8268    -0.0057     8.0540     7.7052     0.0989     0.3213    98.4299 1.0578e+00   78.50014 -170.10076      31832         15  0.000e+00
   1326.333     40.244     39.817    -1.5756    -1.5738     0.0018  24.693492  24.690272  -0.003221    30.8327    30.8264    -0.0062     8.0545     7.6875     0.0989     0.3213    98.4299 1.0611e+00   78.50014 -170.10076      31833         15  0.000e+00
   1326.375     40.278     39.850    -1.5755    -1.5736     0.0019  24.693434  24.690381  -0.003053    30.8325    30.8264    -0.0061     8.0493     7.6737     0.0989     0.2908    98.4299 1.0611e+00   78.50014 -170.10076      31834         15  0.000e+00
   1326.417     40.278     39.850    -1.5755    -1.5737     0.0018  24.693492  24.690272  -0.003221    30.8326    30.8264    -0.0063     8.0538     7.6664     0.0977     0.3213    98.4299 1.0611e+00   78.50014 -170.10076      31835         15  0.000e+00
   1326.458     40.278     39.850    -1.5759    -1.5737     0.0021  24.693842  24.690217  -0.003624    30.8334    30.8263    -0.0072     8.0543     7.6668     0.0977     0.3518    98.4560 1.0611e+00   78.50014 -170.10076      31836         15  0.000e+00
   1326.500     40.220     39.792    -1.5766    -1.5737     0.0029  24.693958  24.690053  -0.003905    30.8344    30.8260    -0.0084     8.0548     7.6619     0.0977     0.3213    98.4560 1.0546e+00   78.50014 -170.10076      31837         15  0.000e+00
   1326.542     40.278     39.850    -1.5772    -1.5737     0.0035  24.694016  24.690327  -0.003690    30.8351    30.8264    -0.0086     8.0553     7.6634     0.0977     0.3213    98.4299 1.0546e+00   78.50014 -170.10076      31838         15  0.000e+00
   1326.583     40.278     39.850    -1.5773    -1.5739     0.0033  24.693725  24.690108  -0.003618    30.8347    30.8263    -0.0084     8.0549     7.6680     0.0977     0.3213    98.4299 1.0546e+00   78.50014 -170.10076      31839         15  0.000e+00
   1326.625     40.278     39.850    -1.5773    -1.5740     0.0033  24.693725  24.689998  -0.003727    30.8348    30.8262    -0.0086     8.0551     7.6814     0.0989     0.3213    98.4299 1.0513e+00   78.50014 -170.10076      31840         15  0.000e+00
   1326.667     40.220     39.792    -1.5770    -1.5737     0.0033  24.693667  24.689998  -0.003669    30.8345    30.8260    -0.0084     8.0544     7.6833     0.0977     0.3518    98.4560 1.0546e+00   78.50014 -170.10076      31841         15  0.000e+00
   1326.708     40.311     39.882    -1.5769    -1.5740     0.0028  24.693202  24.689998  -0.003203    30.8336    30.8263    -0.0073     8.0538     7.6929     0.0989     0.3213    98.4299 1.0546e+00   78.50014 -170.10076      31842         15  0.000e+00
   1326.750     40.278     39.850    -1.5771    -1.5741     0.0030  24.693318  24.690162  -0.003156    30.8340    30.8266    -0.0074     8.0482     7.6956     0.0989     0.3213    98.4299 1.0546e+00   78.50014 -170.10076      31843         15  0.000e+00
   1326.792     40.278     39.850    -1.5770    -1.5745     0.0025  24.693434  24.689834  -0.003600    30.8341    30.8266    -0.0075     8.0532     7.6986     0.0989     0.3213    98.4299 1.0578e+00   78.50014 -170.10076      31844         15  0.000e+00
   1326.833     40.278     39.850    -1.5770    -1.5745     0.0025  24.693143  24.689889  -0.003255    30.8337    30.8266    -0.0071     8.0533     7.7146     0.0977     0.3213    98.4299 1.0578e+00   78.50014 -170.10076      31845         15  0.000e+00
   1326.875     40.220     39.792    -1.5768    -1.5748     0.0019  24.693143  24.689779  -0.003364    30.8334    30.8268    -0.0066     8.0532     7.7404     0.1013     0.3213    98.4560 1.0546e+00   78.50014 -170.10076      31846         15  0.000e+00
   1326.917     40.278     39.850    -1.5769    -1.5747     0.0022  24.693085  24.689889  -0.003196    30.8334    30.8268    -0.0066     8.0533     7.7699     0.1026     0.3213    98.4299 1.0513e+00   78.50014 -170.10076      31847         15  0.000e+00
   1326.958     40.278     39.850    -1.5766    -1.5749     0.0016  24.693143  24.689998  -0.003145    30.8332    30.8272    -0.0060     8.0475     7.7817     0.1026     0.2908    98.4299 1.0513e+00   78.50014 -170.10076      31848         15  0.000e+00
   1327.000     40.278     39.850    -1.5765    -1.5751     0.0013  24.693202  24.690163  -0.003039    30.8332    30.8276    -0.0056     8.0581     7.7932     0.1026     0.3213    98.4299 1.0513e+00   78.50014 -170.10074      31849         15  0.000e+00
   1327.042     40.245     39.817    -1.5760    -1.5747     0.0013  24.692911  24.690053  -0.002858    30.8323    30.8271    -0.0052     8.0529     7.7974     0.1038     0.2908    98.4299 1.0546e+00   78.50014 -170.10074      31850         15  0.000e+00
   1327.083     40.278     39.850    -1.5756    -1.5746     0.0010  24.693085  24.690162  -0.002923    30.8322    30.8271    -0.0050     8.0528     7.8073     0.1026     0.3213    98.4039 1.0546e+00   78.50014 -170.10074      31851         15  0.000e+00
   1327.125     40.278     39.850    -1.5756    -1.5743     0.0013  24.692678  24.690053  -0.002625    30.8316    30.8267    -0.0049     8.0526     7.8170     0.1038     0.2908    98.4299 1.0546e+00   78.50014 -170.10074      31852         15  0.000e+00
   1327.167     40.278     39.850    -1.5751    -1.5739     0.0011  24.693027  24.689998  -0.003029    30.8315    30.8262    -0.0053     8.0523     7.8252     0.1038     0.3213    98.4039 1.0578e+00   78.50014 -170.10074      31853         15  0.000e+00
   1327.208     40.220     39.792    -1.5753    -1.5737     0.0017  24.692678  24.690162  -0.002515    30.8314    30.8262    -0.0052     8.0529     7.8332     0.1026     0.3518    98.4039 1.0611e+00   78.50014 -170.10074      31854         15  0.000e+00
   1327.250     40.278     39.850    -1.5749    -1.5740     0.0009  24.692678  24.690217  -0.002461    30.8309    30.8266    -0.0043     8.0527     7.8412     0.1026     0.3518    98.4039 1.0578e+00   78.50014 -170.10074      31855         15  0.000e+00
   1327.292     40.278     39.850    -1.5745    -1.5739     0.0006  24.692736  24.690053  -0.002683    30.8305    30.8262    -0.0043     8.0589     7.8360     0.1026     0.3518    98.4299 1.0578e+00   78.50014 -170.10074      31856         15  0.000e+00
   1327.333     40.278     39.850    -1.5743    -1.5738     0.0005  24.692387  24.690162  -0.002224    30.8298    30.8263    -0.0035     8.0537     7.8282     0.1038     0.3518    98.4299 1.0578e+00   78.50014 -170.10074      31857         15  0.000e+00
   1332.833     40.220     39.793    -1.5735    -1.5746    -0.0012  24.692270  24.689725  -0.002546    30.8289    30.8266    -0.0023     8.0666     7.8273     0.0916     0.3823    98.4039 1.0611e+00   78.50016 -170.10068      31989         16  0.000e+00
   1332.875     40.278     39.850    -1.5734    -1.5748    -0.0014  24.692212  24.689889  -0.002323    30.8286    30.8270    -0.0017     8.0670     7.8291     0.0916     0.4129    98.4299 1.0611e+00   78.50016 -170.10068      31990         16  0.000e+00
   1332.917     40.220     39.793    -1.5737    -1.5744    -0.0007  24.692561  24.690162  -0.002399    30.8294    30.8269    -0.0025     8.0615     7.8294     0.0916     0.4434    98.4299 1.0644e+00   78.50016 -170.10068      31991         16  0.000e+00
   1332.958     40.311     39.883    -1.5737    -1.5746    -0.0010  24.692561  24.689998  -0.002563    30.8294    30.8269    -0.0025     8.0668     7.8231     0.0916     0.4434    98.4299 1.0644e+00   78.50016 -170.10068      31992         16  0.000e+00
   1333.000     40.278     39.850    -1.5739    -1.5746    -0.0008  24.692503  24.689779  -0.002724    30.8296    30.8266    -0.0029     8.0614     7.8225     0.0916     0.4129    98.4299 1.0644e+00   78.50016 -170.10068      31993         16  0.000e+00
   1333.042     40.278     39.850    -1.5738    -1.5747    -0.0009  24.692154  24.689889  -0.002265    30.8290    30.8268    -0.0021     8.0666     7.8078     0.0916     0.4129    98.4299 1.0644e+00   78.50016 -170.10066      31994         16  0.000e+00
   1333.083     40.220     39.793    -1.5738    -1.5751    -0.0014  24.692387  24.689779  -0.002607    30.8293    30.8272    -0.0022     8.0667     7.7825     0.0916     0.4434    98.4299 1.0644e+00   78.50016 -170.10066      31995         16  0.000e+00
   1333.125     40.278     39.850    -1.5737    -1.5749    -0.0013  24.692329  24.689889  -0.002440    30.8291    30.8271    -0.0020     8.0670     7.7595     0.0916     0.4434    98.4299 1.0644e+00   78.50016 -170.10066      31996         16  0.000e+00
   1333.167     40.220     39.793    -1.5737    -1.5755    -0.0018  24.692445  24.689998  -0.002447    30.8293    30.8278    -0.0015     8.0680     7.7389     0.0916     0.4129    98.4299 1.0644e+00   78.50016 -170.10066      31997         16  0.000e+00
   1333.208     40.278     39.850    -1.5738    -1.5753    -0.0015  24.692503  24.689998  -0.002505    30.8294    30.8276    -0.0018     8.0682     7.7147     0.0916     0.4434    98.4299 1.0677e+00   78.50016 -170.10066      31998         16  0.000e+00
   1333.250     40.278     39.850    -1.5738    -1.5754    -0.0017  24.692503  24.689998  -0.002505    30.8294    30.8277    -0.0017     8.0634     7.7095     0.0916     0.4129    98.4299 1.0644e+00   78.50016 -170.10066      31999         16  0.000e+00
   1333.292     40.245     39.817    -1.5739    -1.5754    -0.0015  24.692270  24.689998  -0.002272    30.8293    30.8278    -0.0015     8.0628     7.7055     0.0916     0.4129    98.4299 1.0578e+00   78.50016 -170.10066      32000         16  0.000e+00
   1333.333     40.278     39.850    -1.5738    -1.5757    -0.0019  24.692678  24.689998  -0.002679    30.8297    30.8280    -0.0017     8.0679     7.6970     0.0916     0.4434    98.4299 1.0546e+00   78.50016 -170.10066      32001         16  0.000e+00
   1333.375     40.278     39.850    -1.5737    -1.5754    -0.0018  24.692561  24.689779  -0.002782    30.8294    30.8274    -0.0020     8.0680     7.6896     0.0916     0.4434    98.4299 1.0546e+00   78.50016 -170.10066      32002         16  0.000e+00
   1333.417     40.220     39.793    -1.5737    -1.5756    -0.0019  24.692503  24.689725  -0.002778    30.8294    30.8276    -0.0018     8.0672     7.6761     0.0916     0.4129    98.4299 1.0578e+00   78.50016 -170.10066      32003         16  0.000e+00
   1333.458     40.278     39.850    -1.5739    -1.5757    -0.0017  24.692503  24.689725  -0.002778    30.8296    30.8276    -0.0020     8.0673     7.6710     0.0916     0.4434    98.4299 1.0578e+00   78.50016 -170.10066      32004         16  0.000e+00
   1333.500     40.278     39.850    -1.5738    -1.5756    -0.0018  24.692678  24.689725  -0.002953    30.8297    30.8275    -0.0021     8.0730     7.6740     0.0916     0.4434    98.4299 1.0578e+00   78.50016 -170.10066      32005         16  0.000e+00
   1333.542     40.220     39.793    -1.5740    -1.5754    -0.0014  24.692561  24.689560  -0.003001    30.8298    30.8272    -0.0026     8.0680     7.6663     0.0916     0.4434    98.4299 1.0578e+00   78.50016 -170.10066      32006         16  0.000e+00
   1333.583     40.344     39.916    -1.5739    -1.5758    -0.0018  24.692678  24.689834  -0.002843    30.8298    30.8278    -0.0020     8.0680     7.6710     0.0916     0.4434    98.4299 1.0546e+00   78.50016 -170.10066      32007         16  0.000e+00
   1333.625     40.245     39.817    -1.5738    -1.5757    -0.0020  24.692561  24.689944  -0.002618    30.8295    30.8280    -0.0016     8.0678     7.6747     0.0916     0.4129    98.4299 1.0546e+00   78.50016 -170.10066      32008         16  0.000e+00
