Continuous CTD Data/00_Raw Data/NABOS_15_02.ros
* Sea-Bird SBE 9 Data File:
* FileName = D:\CTD\data\HLY2502\raw\NABOS_15_02.hex
* Software Version Seasave V 7.26.7.110
* Temperature SN = 6954
* Conductivity SN = 2561
* Number of Bytes Per Scan = 37
* Number of Voltage Words = 4
* Number of Scans Averaged by the Deck Unit = 1
* NMEA Latitude = 78 29.96 N
* NMEA Longitude = 170 07.40 W
* NMEA UTC (Time) = Sep 09 2025  17:34:44
* NMEA baud rate = 9600
** Ship: USCG HEALY
** Bot. Depth:  2700
** Cast Number:
** Station Name:  15
** Station Number:
** Operator:  STARC
# nquan = 23
# nvalues = 1176                                  
# units = specified
# name 0 = timeS: Time, Elapsed [seconds]
# name 1 = prDM: Pressure, Digiquartz [db]
# name 2 = depSM: Depth [salt water, m]
# name 3 = t090C: Temperature [ITS-90, deg C]
# name 4 = t190C: Temperature, 2 [ITS-90, deg C]
# name 5 = T2-T190C: Temperature Difference, 2 - 1 [ITS-90, deg C]
# name 6 = c0mS/cm: Conductivity [mS/cm]
# name 7 = c1mS/cm: Conductivity, 2 [mS/cm]
# name 8 = C2-C1mS/cm: Conductivity Difference, 2 - 1 [mS/cm]
# name 9 = sal00: Salinity, Practical [PSU]
# name 10 = sal11: Salinity, Practical, 2 [PSU]
# name 11 = secS-priS: Salinity, Practical, Difference, 2 - 1 [PSU]
# name 12 = sbeox0ML/L: Oxygen, SBE 43 [ml/l]
# name 13 = sbeox1ML/L: Oxygen, SBE 43, 2 [ml/l]
# name 14 = wetCDOM: Fluorescence, WET Labs CDOM [mg/m^3]
# name 15 = flECO-AFL: Fluorescence, WET Labs ECO-AFL/FL [mg/m^3]
# name 16 = CStarTr0: Beam Transmission, WET Labs C-Star [%]
# name 17 = par: PAR/Irradiance, Biospherical/Licor
# name 18 = latitude: Latitude [deg]
# name 19 = longitude: Longitude [deg]
# name 20 = scan: Scan Count
# name 21 = nbf: Bottles Fired
# name 22 = flag:  0.000e+00
# interval = seconds: 0.0416667
# start_time = Sep 09 2025 17:34:44 [NMEA time, header]
# bad_flag = -9.990e-29
*END*
[from data line 630]
   1311.125     40.277     39.849    -1.5809    -1.5753     0.0056  24.693609  24.690053  -0.003556    30.8384    30.8277    -0.0107     8.0323     7.7462     0.1026     0.2908    98.4820 1.0546e+00   78.50014 -170.10096      31468         13  0.000e+00
   1311.167     40.219     39.792    -1.5812    -1.5751     0.0061  24.693667  24.690162  -0.003505    30.8388    30.8277    -0.0111     8.0370     7.7327     0.1026     0.2908    98.4820 1.0546e+00   78.50014 -170.10096      31469         13  0.000e+00
   1311.208     40.277     39.849    -1.5818    -1.5749     0.0069  24.693958  24.690053  -0.003905    30.8398    30.8272    -0.0125     8.0310     7.7348     0.1026     0.2602    98.4820 1.0611e+00   78.50014 -170.10096      31470         13  0.000e+00
   1311.250     40.277     39.849    -1.5820    -1.5751     0.0068  24.694308  24.689998  -0.004309    30.8404    30.8274    -0.0130     8.0304     7.7323     0.1026     0.2908    98.4820 1.0644e+00   78.50014 -170.10096      31471         13  0.000e+00
   1311.292     40.219     39.792    -1.5818    -1.5757     0.0061  24.694657  24.689779  -0.004877    30.8408    30.8278    -0.0130     8.0295     7.7285     0.1026     0.2908    98.5081 1.0644e+00   78.50014 -170.10096      31472         13  0.000e+00
   1311.333     40.153     39.726    -1.5814    -1.5756     0.0057  24.694656  24.690053  -0.004604    30.8403    30.8281    -0.0123     8.0341     7.7218     0.1026     0.2908    98.5081 1.0611e+00   78.50014 -170.10096      31473         13  0.000e+00
   1311.375     40.310     39.882    -1.5807    -1.5757     0.0051  24.694482  24.689670  -0.004812    30.8394    30.8275    -0.0118     8.0339     7.7140     0.1026     0.2908    98.5081 1.0578e+00   78.50014 -170.10096      31474         13  0.000e+00
   1317.000     40.277     39.849    -1.5792    -1.5742     0.0049  24.692445  24.690162  -0.002283    30.8350    30.8267    -0.0083     8.0211     7.8134     0.1001     0.3213    98.4299 1.0513e+00   78.50014 -170.10088      31609         14  0.000e+00
   1317.042     40.277     39.849    -1.5795    -1.5744     0.0051  24.692853  24.689834  -0.003019    30.8359    30.8264    -0.0094     8.0218     7.8030     0.1001     0.3213    98.4299 1.0513e+00   78.50014 -170.10088      31610         14  0.000e+00
   1317.083     40.277     39.849    -1.5798    -1.5751     0.0047  24.693027  24.689889  -0.003138    30.8364    30.8273    -0.0091     8.0282     7.7914     0.1001     0.3213    98.4299 1.0578e+00   78.50014 -170.10088      31611         14  0.000e+00
   1317.125     40.219     39.792    -1.5805    -1.5754     0.0050  24.693493  24.689944  -0.003549    30.8378    30.8277    -0.0101     8.0239     7.7926     0.1001     0.3213    98.4299 1.0611e+00   78.50014 -170.10088      31612         14  0.000e+00
   1317.167     40.219     39.792    -1.5809    -1.5755     0.0054  24.693725  24.689944  -0.003782    30.8386    30.8278    -0.0108     8.0245     7.7937     0.1001     0.3518    98.4039 1.0644e+00   78.50014 -170.10088      31613         14  0.000e+00
   1317.208     40.277     39.849    -1.5815    -1.5757     0.0058  24.694075  24.689615  -0.004459    30.8396    30.8275    -0.0121     8.0260     7.7947     0.1001     0.3213    98.4039 1.0611e+00   78.50014 -170.10088      31614         14  0.000e+00
   1317.250     40.277     39.849    -1.5824    -1.5754     0.0070  24.694715  24.689998  -0.004717    30.8414    30.8277    -0.0137     8.0267     7.7894     0.1001     0.3518    98.4039 1.0578e+00   78.50014 -170.10088      31615         14  0.000e+00
   1317.292     40.244     39.816    -1.5829    -1.5752     0.0077  24.694599  24.690217  -0.004381    30.8418    30.8278    -0.0140     8.0272     7.7851     0.1001     0.3213    98.4039 1.0546e+00   78.50014 -170.10088      31616         14  0.000e+00
   1317.333     40.219     39.792    -1.5829    -1.5745     0.0083  24.695355  24.690053  -0.005302    30.8428    30.8269    -0.0159     8.0276     7.7793     0.1001     0.3213    98.4299 1.0578e+00   78.50014 -170.10088      31617         14  0.000e+00
   1317.375     40.277     39.849    -1.5830    -1.5740     0.0090  24.695704  24.690327  -0.005378    30.8434    30.8267    -0.0167     8.0272     7.7733     0.1001     0.3213    98.4039 1.0578e+00   78.50014 -170.10088      31618         14  0.000e+00
   1317.417     40.277     39.849    -1.5830    -1.5736     0.0094  24.695821  24.690436  -0.005385    30.8436    30.8265    -0.0171     8.0284     7.7612     0.1001     0.3213    98.4299 1.0578e+00   78.50014 -170.10088      31619         14  0.000e+00
   1317.458     40.277     39.849    -1.5821    -1.5737     0.0084  24.695879  24.690436  -0.005443    30.8427    30.8265    -0.0162     8.0343     7.7562     0.1001     0.3213    98.4299 1.0578e+00   78.50014 -170.10088      31620         14  0.000e+00
   1317.500     40.219     39.792    -1.5820    -1.5734     0.0085  24.695588  24.690436  -0.005152    30.8422    30.8263    -0.0159     8.0296     7.7439     0.1001     0.3213    98.4299 1.0578e+00   78.50014 -170.10088      31621         14  0.000e+00
   1317.542     40.277     39.849    -1.5820    -1.5736     0.0083  24.695413  24.690600  -0.004813    30.8419    30.8267    -0.0153     8.0290     7.7389     0.1001     0.2908    98.4039 1.0578e+00   78.50014 -170.10088      31622         14  0.000e+00
   1317.583     40.277     39.849    -1.5826    -1.5734     0.0092  24.695064  24.690491  -0.004573    30.8421    30.8263    -0.0158     8.0351     7.7266     0.1001     0.3213    98.4039 1.0578e+00   78.50014 -170.10088      31623         14  0.000e+00
   1317.625     40.244     39.816    -1.5832    -1.5736     0.0096  24.694889  24.690600  -0.004289    30.8425    30.8267    -0.0158     8.0361     7.7274     0.1001     0.3213    98.4299 1.0644e+00   78.50014 -170.10088      31624         14  0.000e+00
   1317.667     40.219     39.792    -1.5826    -1.5737     0.0088  24.694424  24.690491  -0.003933    30.8413    30.8267    -0.0146     8.0368     7.7294     0.1001     0.3213    98.4039 1.0644e+00   78.50014 -170.10088      31625         14  0.000e+00
   1317.708     40.277     39.849    -1.5804    -1.5732     0.0072  24.694191  24.690436  -0.003755    30.8386    30.8260    -0.0126     8.0382     7.7339     0.1001     0.2908    98.4039 1.0611e+00   78.50014 -170.10088      31626         14  0.000e+00
   1317.750     40.277     39.849    -1.5791    -1.5734     0.0056  24.693784  24.690764  -0.003019    30.8367    30.8267    -0.0100     8.0387     7.7339     0.1001     0.3213    98.4299 1.0546e+00   78.50014 -170.10088      31627         14  0.000e+00
   1317.792     40.219     39.792    -1.5783    -1.5734     0.0048  24.693376  24.690764  -0.002612    30.8353    30.8268    -0.0086     8.0392     7.7293     0.1026     0.3213    98.4299 1.0546e+00   78.50014 -170.10088      31628         14  0.000e+00
   1317.833     40.277     39.849    -1.5778    -1.5736     0.0042  24.693202  24.690491  -0.002711    30.8346    30.8265    -0.0081     8.0398     7.7322     0.1026     0.2908    98.4299 1.0513e+00   78.50014 -170.10088      31629         14  0.000e+00
   1317.875     40.277     39.849    -1.5778    -1.5732     0.0046  24.693085  24.690764  -0.002321    30.8344    30.8265    -0.0080     8.0412     7.7209     0.1026     0.3213    98.4299 1.0546e+00   78.50014 -170.10088      31630         14  0.000e+00
   1317.917     40.219     39.792    -1.5777    -1.5731     0.0045  24.692969  24.690545  -0.002423    30.8341    30.8261    -0.0080     8.0416     7.7132     0.1026     0.2908    98.4299 1.0578e+00   78.50014 -170.10088      31631         14  0.000e+00
   1317.958     40.311     39.882    -1.5768    -1.5730     0.0037  24.692620  24.690600  -0.002020    30.8327    30.8260    -0.0066     8.0412     7.6977     0.1026     0.3213    98.4299 1.0578e+00   78.50014 -170.10088      31632         14  0.000e+00
   1318.000     40.219     39.792    -1.5761    -1.5732     0.0029  24.692678  24.690162  -0.002516    30.8322    30.8257    -0.0065     8.0413     7.6728     0.1026     0.3213    98.4039 1.0513e+00   78.50014 -170.10088      31633         14  0.000e+00
   1318.042     40.277     39.849    -1.5756    -1.5730     0.0026  24.692561  24.690162  -0.002399    30.8315    30.8255    -0.0060     8.0407     7.6732     0.1026     0.3213    98.4039 1.0481e+00   78.50014 -170.10088      31634         14  0.000e+00
   1318.083     40.277     39.849    -1.5754    -1.5733     0.0021  24.692329  24.690381  -0.001947    30.8309    30.8261    -0.0048     8.0400     7.6754     0.1026     0.3213    98.4299 1.0481e+00   78.50014 -170.10088      31635         14  0.000e+00
   1318.125     40.219     39.792    -1.5752    -1.5734     0.0018  24.692212  24.690600  -0.001612    30.8305    30.8265    -0.0041     8.0342     7.6920     0.1026     0.2908    98.4299 1.0513e+00   78.50014 -170.10088      31636         14  0.000e+00
   1318.167     40.277     39.849    -1.5755    -1.5737     0.0018  24.692445  24.690327  -0.002118    30.8312    30.8264    -0.0047     8.0393     7.7000     0.1026     0.3213    98.4299 1.0546e+00   78.50014 -170.10088      31637         14  0.000e+00
   1318.208     40.277     39.849    -1.5760    -1.5742     0.0017  24.692503  24.690381  -0.002122    30.8317    30.8270    -0.0047     8.0393     7.7082     0.1026     0.3213    98.4039 1.0546e+00   78.50014 -170.10088      31638         14  0.000e+00
   1318.250     40.219     39.792    -1.5765    -1.5740     0.0024  24.692503  24.690108  -0.002396    30.8323    30.8265    -0.0058     8.0450     7.7034     0.1026     0.3213    98.4299 1.0546e+00   78.50014 -170.10088      31639         14  0.000e+00
   1318.292     40.277     39.849    -1.5764    -1.5743     0.0021  24.692503  24.690327  -0.002177    30.8322    30.8270    -0.0052     8.0399     7.7120     0.1026     0.3213    98.4299 1.0546e+00   78.50014 -170.10088      31640         14  0.000e+00
   1318.333     40.244     39.816    -1.5761    -1.5740     0.0021  24.692678  24.690108  -0.002570    30.8322    30.8265    -0.0057     8.0387     7.7076     0.1026     0.3213    98.4039 1.0546e+00   78.50014 -170.10088      31641         14  0.000e+00
   1318.375     40.219     39.792    -1.5757    -1.5742     0.0015  24.692794  24.690162  -0.002632    30.8319    30.8267    -0.0051     8.0382     7.7093     0.1026     0.3213    98.4299 1.0513e+00   78.50014 -170.10088      31642         14  0.000e+00
   1318.417     40.344     39.915    -1.5755    -1.5743     0.0012  24.692911  24.690053  -0.002858    30.8318    30.8266    -0.0052     8.0379     7.7114     0.1026     0.3213    98.4299 1.0513e+00   78.50014 -170.10088      31643         14  0.000e+00
   1318.458     40.219     39.792    -1.5752    -1.5745     0.0007  24.693201  24.689998  -0.003203    30.8319    30.8268    -0.0051     8.0371     7.7250     0.1026     0.3213    98.4299 1.0481e+00   78.50014 -170.10088      31644         14  0.000e+00
   1318.500     40.219     39.792    -1.5754    -1.5746     0.0008  24.693027  24.690162  -0.002864    30.8319    30.8272    -0.0047     8.0366     7.7258     0.1026     0.2908    98.4039 1.0481e+00   78.50014 -170.10088      31645         14  0.000e+00
   1318.542     40.277     39.849    -1.5758    -1.5751     0.0007  24.692969  24.689834  -0.003135    30.8322    30.8271    -0.0050     8.0418     7.7266     0.1026     0.3213    98.4039 1.0546e+00   78.50014 -170.10088      31646         14  0.000e+00
   1318.583     40.277     39.849    -1.5762    -1.5753     0.0009  24.693202  24.689725  -0.003477    30.8330    30.8272    -0.0057     8.0362     7.7299     0.1026     0.3213    98.4039 1.0546e+00   78.50014 -170.10088      31647         14  0.000e+00
   1318.625     40.277     39.849    -1.5769    -1.5749     0.0020  24.693376  24.689889  -0.003487    30.8339    30.8271    -0.0068     8.0413     7.7189     0.1026     0.3213    98.4299 1.0546e+00   78.50014 -170.10088      31648         14  0.000e+00
   1318.667     40.244     39.816    -1.5770    -1.5751     0.0019  24.693318  24.689998  -0.003320    30.8340    30.8274    -0.0065     8.0354     7.7141     0.1026     0.3213    98.4039 1.0546e+00   78.50014 -170.10088      31649         14  0.000e+00
   1318.708     40.219     39.792    -1.5766    -1.5747     0.0019  24.693376  24.690162  -0.003214    30.8336    30.8272    -0.0063     8.0400     7.7223     0.1026     0.3213    98.4039 1.0546e+00   78.50014 -170.10088      31650         14  0.000e+00
   1318.750     40.277     39.849    -1.5766    -1.5742     0.0024  24.693434  24.690217  -0.003217    30.8336    30.8268    -0.0069     8.0398     7.7449     0.1026     0.3213    98.4299 1.0546e+00   78.50014 -170.10088      31651         14  0.000e+00
   1318.792     40.277     39.849    -1.5765    -1.5739     0.0025  24.693667  24.690381  -0.003286    30.8338    30.8267    -0.0071     8.0337     7.7571     0.1026     0.3518    98.4039 1.0546e+00   78.50014 -170.10088      31652         14  0.000e+00
   1318.833     40.219     39.792    -1.5761    -1.5741     0.0020  24.693492  24.690108  -0.003385    30.8333    30.8265    -0.0067     8.0389     7.7706     0.1026     0.3213    98.4039 1.0546e+00   78.50014 -170.10088      31653         14  0.000e+00
   1318.875     40.277     39.849    -1.5764    -1.5743     0.0021  24.693493  24.690327  -0.003166    30.8335    30.8271    -0.0065     8.0393     7.7711     0.1013     0.3213    98.4039 1.0546e+00   78.50014 -170.10088      31654         14  0.000e+00
   1318.917     40.277     39.849    -1.5769    -1.5740     0.0029  24.693260  24.690108  -0.003152    30.8337    30.8264    -0.0073     8.0397     7.7631     0.1001     0.3213    98.4299 1.0578e+00   78.50014 -170.10088      31655         14  0.000e+00
   1318.958     40.219     39.792    -1.5770    -1.5740     0.0030  24.693434  24.690491  -0.002944    30.8341    30.8270    -0.0071     8.0399     7.7442     0.0989     0.3213    98.4039 1.0578e+00   78.50014 -170.10088      31656         14  0.000e+00
   1319.000     40.277     39.849    -1.5770    -1.5734     0.0036  24.693609  24.690710  -0.002899    30.8343    30.8266    -0.0078     8.0458     7.7359     0.0977     0.3213    98.4039 1.0578e+00   78.50014 -170.10086      31657         14  0.000e+00
   1325.333     40.278     39.850    -1.5779    -1.5733     0.0046  24.694482  24.690108  -0.004374    30.8365    30.8257    -0.0108     8.0560     7.7707     0.1013     0.3518    98.4560 1.0611e+00   78.50014 -170.10078      31809         15  0.000e+00
   1325.375     40.278     39.850    -1.5778    -1.5734     0.0044  24.694424  24.690162  -0.004261    30.8363    30.8258    -0.0104     8.0508     7.7529     0.1013     0.3518    98.4560 1.0611e+00   78.50014 -170.10078      31810         15  0.000e+00
   1325.417     40.278     39.850    -1.5777    -1.5737     0.0039  24.694307  24.690217  -0.004090    30.8359    30.8263    -0.0097     8.0505     7.7505     0.1013     0.3518    98.4560 1.0611e+00   78.50014 -170.10078      31811         15  0.000e+00
   1325.458     40.220     39.792    -1.5772    -1.5739     0.0033  24.694016  24.690217  -0.003799    30.8351    30.8265    -0.0086     8.0509     7.7460     0.1013     0.3518    98.4299 1.0578e+00   78.50014 -170.10078      31812         15  0.000e+00
   1325.500     40.278     39.850    -1.5773    -1.5740     0.0033  24.693958  24.690217  -0.003741    30.8351    30.8265    -0.0085     8.0507     7.7370     0.1013     0.3518    98.4560 1.0578e+00   78.50014 -170.10078      31813         15  0.000e+00
   1325.542     40.278     39.850    -1.5773    -1.5739     0.0034  24.694016  24.690381  -0.003635    30.8352    30.8267    -0.0085     8.0503     7.7282     0.1013     0.3518    98.4560 1.0578e+00   78.50014 -170.10078      31814         15  0.000e+00
