Continuous CTD Data/00_Raw Data/NABOS_15_02.ros
* Sea-Bird SBE 9 Data File:
* FileName = D:\CTD\data\HLY2502\raw\NABOS_15_02.hex
* Software Version Seasave V 7.26.7.110
* Temperature SN = 6954
* Conductivity SN = 2561
* Number of Bytes Per Scan = 37
* Number of Voltage Words = 4
* Number of Scans Averaged by the Deck Unit = 1
* NMEA Latitude = 78 29.96 N
* NMEA Longitude = 170 07.40 W
* NMEA UTC (Time) = Sep 09 2025  17:34:44
* NMEA baud rate = 9600
** Ship: USCG HEALY
** Bot. Depth:  2700
** Cast Number:
** Station Name:  15
** Station Number:
** Operator:  STARC
# nquan = 23
# nvalues = 1176                                  
# units = specified
# name 0 = timeS: Time, Elapsed [seconds]
# name 1 = prDM: Pressure, Digiquartz [db]
# name 2 = depSM: Depth [salt water, m]
# name 3 = t090C: Temperature [ITS-90, deg C]
# name 4 = t190C: Temperature, 2 [ITS-90, deg C]
# name 5 = T2-T190C: Temperature Difference, 2 - 1 [ITS-90, deg C]
# name 6 = c0mS/cm: Conductivity [mS/cm]
# name 7 = c1mS/cm: Conductivity, 2 [mS/cm]
# name 8 = C2-C1mS/cm: Conductivity Difference, 2 - 1 [mS/cm]
# name 9 = sal00: Salinity, Practical [PSU]
# name 10 = sal11: Salinity, Practical, 2 [PSU]
# name 11 = secS-priS: Salinity, Practical, Difference, 2 - 1 [PSU]
# name 12 = sbeox0ML/L: Oxygen, SBE 43 [ml/l]
# name 13 = sbeox1ML/L: Oxygen, SBE 43, 2 [ml/l]
# name 14 = wetCDOM: Fluorescence, WET Labs CDOM [mg/m^3]
# name 15 = flECO-AFL: Fluorescence, WET Labs ECO-AFL/FL [mg/m^3]
# name 16 = CStarTr0: Beam Transmission, WET Labs C-Star [%]
# name 17 = par: PAR/Irradiance, Biospherical/Licor
# name 18 = latitude: Latitude [deg]
# name 19 = longitude: Longitude [deg]
# name 20 = scan: Scan Count
# name 21 = nbf: Bottles Fired
# name 22 = flag:  0.000e+00
# interval = seconds: 0.0416667
# start_time = Sep 09 2025 17:34:44 [NMEA time, header]
# bad_flag = -9.990e-29
*END*
[from data line 567]
   1140.125    101.341    100.249    -1.1829    -1.1826     0.0003  27.261766  27.260260  -0.001506    33.8883    33.8859    -0.0024     6.1439     5.9996     0.1074    -0.0755    99.1075 1.0000e-12   78.50004 -170.10288      27364         12  0.000e+00
   1140.167    101.299    100.208    -1.1829    -1.1825     0.0004  27.262188  27.260090  -0.002098    33.8889    33.8855    -0.0033     6.1439     5.9871     0.1074    -0.0755    99.1075 1.5355e-04   78.50004 -170.10288      27365         12  0.000e+00
   1140.208    101.233    100.142    -1.1825    -1.1826    -0.0000  27.262369  27.260487  -0.001882    33.8888    33.8863    -0.0025     6.1439     5.9732     0.1087    -0.0755    99.1075 4.4397e-04   78.50004 -170.10288      27366         12  0.000e+00
   1140.250    101.299    100.208    -1.1830    -1.1823     0.0008  27.262068  27.260601  -0.001467    33.8889    33.8860    -0.0029     6.1441     5.9594     0.1074    -0.1061    99.0814 1.3201e-03   78.50004 -170.10288      27367         12  0.000e+00
   1140.292    101.283    100.192    -1.1825    -1.1824     0.0001  27.262248  27.260260  -0.001988    33.8886    33.8857    -0.0029     6.1442     5.9537     0.1074    -0.0755    99.0814 3.9935e-03   78.50004 -170.10288      27368         12  0.000e+00
   1140.333    101.300    100.208    -1.1829    -1.1824     0.0005  27.262128  27.260487  -0.001641    33.8888    33.8860    -0.0028     6.1436     5.9494     0.1074    -0.1061    99.0814 4.8997e-03   78.50004 -170.10288      27369         12  0.000e+00
   1140.375    101.300    100.208    -1.1827    -1.1823     0.0004  27.262429  27.260431  -0.001999    33.8890    33.8858    -0.0032     6.1438     5.9465     0.1074    -0.0755    99.0814 3.3935e-03   78.50004 -170.10288      27370         12  0.000e+00
   1140.417    101.225    100.134    -1.1829    -1.1823     0.0006  27.262369  27.260203  -0.002165    33.8892    33.8855    -0.0036     6.1432     5.9438     0.1074    -0.0755    99.1075 1.5355e-04   78.50004 -170.10288      27371         12  0.000e+00
   1140.458    101.300    100.208    -1.1825    -1.1826    -0.0000  27.262128  27.259863  -0.002264    33.8884    33.8854    -0.0031     6.1426     5.9333     0.1074    -0.0755    99.1075 1.0000e-12   78.50004 -170.10288      27372         12  0.000e+00
   1140.500    101.300    100.208    -1.1829    -1.1825     0.0004  27.262188  27.260204  -0.001984    33.8889    33.8857    -0.0032     6.1429     5.9228     0.1074    -0.0755    99.0814 1.0000e-12   78.50004 -170.10288      27373         12  0.000e+00
   1140.542    101.283    100.192    -1.1829    -1.1824     0.0005  27.262490  27.259920  -0.002570    33.8893    33.8853    -0.0041     6.1423     5.9197     0.1074    -0.1061    99.0814 1.0000e-12   78.50004 -170.10288      27374         12  0.000e+00
   1140.583    101.300    100.208    -1.1827    -1.1824     0.0003  27.262128  27.260034  -0.002094    33.8886    33.8854    -0.0032     6.1434     5.9238     0.1074    -0.0755    99.0814 1.0000e-12   78.50004 -170.10288      27375         12  0.000e+00
   1140.625    101.300    100.208    -1.1827    -1.1825     0.0002  27.262007  27.259863  -0.002144    33.8885    33.8852    -0.0032     6.1437     5.9295     0.1074    -0.1061    99.0814 1.0000e-12   78.50004 -170.10288      27376         12  0.000e+00
   1140.667    101.225    100.134    -1.1827    -1.1826     0.0001  27.262248  27.259806  -0.002442    33.8888    33.8853    -0.0035     6.1440     5.9296     0.1074    -0.0755    99.0814 1.0000e-12   78.50004 -170.10288      27377         12  0.000e+00
   1140.708    101.300    100.208    -1.1829    -1.1823     0.0006  27.262490  27.260034  -0.002456    33.8893    33.8853    -0.0040     6.1437     5.9288     0.1074    -0.0755    99.0814 1.0000e-12   78.50004 -170.10288      27378         12  0.000e+00
   1140.750    101.300    100.208    -1.1830    -1.1824     0.0006  27.262369  27.260260  -0.002109    33.8893    33.8857    -0.0035     6.1432     5.9270     0.1074    -0.1061    99.0814 1.0000e-12   78.50004 -170.10288      27379         12  0.000e+00
   1140.792    101.225    100.134    -1.1829    -1.1826     0.0003  27.262369  27.260374  -0.001995    33.8892    33.8861    -0.0031     6.1436     5.9183     0.1074    -0.1061    99.0814 1.0000e-12   78.50004 -170.10288      27380         12  0.000e+00
   1140.833    101.358    100.266    -1.1829    -1.1823     0.0006  27.262249  27.260147  -0.002101    33.8889    33.8854    -0.0035     6.1433     5.9157     0.1074    -0.0755    99.0814 1.0000e-12   78.50004 -170.10288      27381         12  0.000e+00
   1140.875    101.233    100.142    -1.1829    -1.1827     0.0002  27.262309  27.259920  -0.002389    33.8891    33.8856    -0.0035     6.1428     5.9049     0.1087    -0.0755    99.0814 1.0000e-12   78.50004 -170.10288      27382         12  0.000e+00
   1140.917    101.283    100.192    -1.1827    -1.1826     0.0001  27.261947  27.260033  -0.001913    33.8884    33.8856    -0.0028     6.1368     5.9001     0.1074    -0.1061    99.0814 1.0000e-12   78.50004 -170.10288      27383         12  0.000e+00
   1140.958    101.300    100.208    -1.1829    -1.1828     0.0001  27.262128  27.259920  -0.002208    33.8888    33.8857    -0.0032     6.1421     5.8887     0.1074    -0.0755    99.0814 1.0000e-12   78.50004 -170.10288      27384         12  0.000e+00
   1309.375     40.219     39.792    -1.5798    -1.5776     0.0022  24.692154  24.689561  -0.002594    30.8352    30.8294    -0.0058     8.0308     7.7364     0.1013     0.3823    98.4820 1.0578e+00   78.50014 -170.10100      31426         13  0.000e+00
   1309.417     40.219     39.792    -1.5800    -1.5772     0.0028  24.692096  24.689287  -0.002809    30.8354    30.8287    -0.0067     8.0351     7.7341     0.1013     0.3823    98.4820 1.0546e+00   78.50014 -170.10100      31427         13  0.000e+00
   1309.458     40.277     39.849    -1.5801    -1.5766     0.0035  24.692387  24.689561  -0.002827    30.8359    30.8284    -0.0075     8.0341     7.7425     0.1013     0.3823    98.4820 1.0546e+00   78.50014 -170.10100      31428         13  0.000e+00
   1309.500     40.219     39.792    -1.5801    -1.5769     0.0032  24.691980  24.689342  -0.002638    30.8353    30.8284    -0.0070     8.0336     7.7757     0.1013     0.3823    98.4820 1.0578e+00   78.50014 -170.10100      31429         13  0.000e+00
   1309.542     40.219     39.792    -1.5803    -1.5772     0.0030  24.692329  24.689232  -0.003097    30.8360    30.8286    -0.0074     8.0328     7.8005     0.1013     0.3823    98.5081 1.0611e+00   78.50014 -170.10100      31430         13  0.000e+00
   1309.583     40.277     39.849    -1.5803    -1.5772     0.0030  24.692271  24.689561  -0.002710    30.8359    30.8290    -0.0069     8.0317     7.8071     0.1013     0.3823    98.5081 1.0611e+00   78.50014 -170.10100      31431         13  0.000e+00
   1309.625     40.128     39.701    -1.5803    -1.5772     0.0031  24.692271  24.689177  -0.003093    30.8360    30.8285    -0.0075     8.0310     7.8142     0.1013     0.3823    98.4820 1.0578e+00   78.50014 -170.10100      31432         13  0.000e+00
   1309.667     40.277     39.849    -1.5801    -1.5769     0.0032  24.692445  24.689342  -0.003104    30.8360    30.8284    -0.0076     8.0302     7.8350     0.1013     0.3823    98.5081 1.0546e+00   78.50014 -170.10100      31433         13  0.000e+00
   1309.708     40.277     39.849    -1.5803    -1.5771     0.0032  24.692329  24.689451  -0.002878    30.8360    30.8287    -0.0072     8.0300     7.8447     0.1013     0.3823    98.4820 1.0546e+00   78.50014 -170.10100      31434         13  0.000e+00
   1309.750     40.277     39.849    -1.5800    -1.5772     0.0027  24.692213  24.689451  -0.002761    30.8355    30.8289    -0.0066     8.0343     7.8312     0.1013     0.3823    98.5081 1.0546e+00   78.50014 -170.10100      31435         13  0.000e+00
   1309.792     40.219     39.792    -1.5803    -1.5775     0.0028  24.691863  24.689287  -0.002577    30.8354    30.8289    -0.0064     8.0335     7.8287     0.1001     0.3823    98.4820 1.0513e+00   78.50014 -170.10100      31436         13  0.000e+00
   1309.833     40.219     39.792    -1.5803    -1.5777     0.0026  24.692154  24.689068  -0.003086    30.8358    30.8289    -0.0069     8.0332     7.8259     0.0989     0.3823    98.4820 1.0481e+00   78.50014 -170.10100      31437         13  0.000e+00
   1309.875     40.219     39.792    -1.5805    -1.5777     0.0027  24.692213  24.689013  -0.003199    30.8360    30.8288    -0.0072     8.0384     7.8298     0.0977     0.3823    98.5081 1.0546e+00   78.50014 -170.10100      31438         13  0.000e+00
   1309.917     40.277     39.849    -1.5804    -1.5779     0.0025  24.691922  24.689342  -0.002580    30.8355    30.8294    -0.0061     8.0384     7.8348     0.0989     0.3823    98.5081 1.0546e+00   78.50014 -170.10100      31439         13  0.000e+00
   1309.958     40.186     39.759    -1.5806    -1.5777     0.0028  24.692096  24.689506  -0.002590    30.8360    30.8295    -0.0065     8.0322     7.8322     0.0989     0.3518    98.4820 1.0578e+00   78.50014 -170.10100      31440         13  0.000e+00
   1310.000     40.277     39.849    -1.5803    -1.5774     0.0029  24.692096  24.689670  -0.002426    30.8356    30.8293    -0.0063     8.0373     7.8355     0.0989     0.3823    98.4820 1.0578e+00   78.50014 -170.10098      31441         13  0.000e+00
   1310.042     40.219     39.792    -1.5806    -1.5772     0.0033  24.691980  24.689342  -0.002638    30.8358    30.8287    -0.0071     8.0307     7.8313     0.0989     0.3518    98.4820 1.0546e+00   78.50014 -170.10098      31442         13  0.000e+00
   1310.083     40.219     39.792    -1.5804    -1.5769     0.0035  24.692154  24.689561  -0.002594    30.8359    30.8287    -0.0072     8.0352     7.8398     0.0989     0.3823    98.4820 1.0546e+00   78.50014 -170.10098      31443         13  0.000e+00
   1310.125     40.277     39.849    -1.5803    -1.5766     0.0037  24.692096  24.689342  -0.002755    30.8356    30.8281    -0.0076     8.0289     7.8496     0.0989     0.3823    98.5081 1.0546e+00   78.50014 -170.10098      31444         13  0.000e+00
   1310.167     40.219     39.792    -1.5803    -1.5763     0.0040  24.692154  24.689396  -0.002758    30.8358    30.8279    -0.0079     8.0271     7.8530     0.0989     0.3823    98.5081 1.0448e+00   78.50014 -170.10098      31445         13  0.000e+00
   1310.208     40.219     39.792    -1.5807    -1.5764     0.0043  24.692096  24.689834  -0.002262    30.8361    30.8285    -0.0076     8.0319     7.8564     0.0989     0.3518    98.5342 1.0416e+00   78.50014 -170.10098      31446         13  0.000e+00
   1310.250     40.277     39.849    -1.5806    -1.5759     0.0047  24.691980  24.689998  -0.001982    30.8358    30.8282    -0.0075     8.0315     7.8523     0.0977     0.3213    98.5342 1.0416e+00   78.50014 -170.10098      31447         13  0.000e+00
   1310.292     40.244     39.816    -1.5805    -1.5762     0.0042  24.692213  24.689998  -0.002214    30.8360    30.8286    -0.0074     8.0307     7.8540     0.0989     0.2908    98.5081 1.0448e+00   78.50014 -170.10098      31448         13  0.000e+00
   1310.333     40.219     39.792    -1.5797    -1.5762     0.0035  24.692213  24.689998  -0.002214    30.8352    30.8286    -0.0066     8.0296     7.8637     0.0989     0.2908    98.5342 1.0448e+00   78.50014 -170.10098      31449         13  0.000e+00
   1310.375     40.219     39.792    -1.5797    -1.5763     0.0034  24.692038  24.689944  -0.002094    30.8350    30.8286    -0.0064     8.0350     7.8746     0.1001     0.2908    98.5342 1.0481e+00   78.50014 -170.10098      31450         13  0.000e+00
   1310.417     40.277     39.849    -1.5797    -1.5763     0.0033  24.691864  24.689944  -0.001920    30.8347    30.8286    -0.0061     8.0296     7.8826     0.1001     0.2908    98.5342 1.0546e+00   78.50014 -170.10098      31451         13  0.000e+00
   1310.458     40.219     39.792    -1.5793    -1.5766     0.0027  24.692329  24.689779  -0.002549    30.8350    30.8287    -0.0063     8.0286     7.8900     0.1001     0.2908    98.5081 1.0611e+00   78.50014 -170.10098      31452         13  0.000e+00
   1310.500     40.277     39.849    -1.5795    -1.5770     0.0025  24.692154  24.689889  -0.002265    30.8349    30.8292    -0.0057     8.0335     7.8756     0.1001     0.2908    98.5342 1.0611e+00   78.50014 -170.10098      31453         13  0.000e+00
   1310.542     40.219     39.792    -1.5795    -1.5771     0.0024  24.692387  24.689779  -0.002608    30.8353    30.8292    -0.0060     8.0330     7.8594     0.1001     0.3213    98.5342 1.0546e+00   78.50014 -170.10098      31454         13  0.000e+00
   1310.583     40.219     39.792    -1.5797    -1.5769     0.0027  24.692503  24.689561  -0.002943    30.8356    30.8287    -0.0069     8.0324     7.8487     0.1001     0.2908    98.5342 1.0481e+00   78.50014 -170.10098      31455         13  0.000e+00
   1310.625     40.277     39.849    -1.5800    -1.5768     0.0031  24.692678  24.689834  -0.002844    30.8361    30.8289    -0.0071     8.0316     7.8449     0.1001     0.2908    98.5081 1.0481e+00   78.50014 -170.10098      31456         13  0.000e+00
   1310.667     40.244     39.816    -1.5798    -1.5769     0.0029  24.692329  24.689780  -0.002549    30.8355    30.8290    -0.0065     8.0313     7.8395     0.1001     0.2908    98.5342 1.0481e+00   78.50014 -170.10098      31457         13  0.000e+00
   1310.708     40.219     39.792    -1.5797    -1.5768     0.0029  24.692271  24.689889  -0.002382    30.8353    30.8291    -0.0062     8.0307     7.8339     0.1001     0.2602    98.5342 1.0513e+00   78.50014 -170.10098      31458         13  0.000e+00
   1310.750     40.219     39.792    -1.5806    -1.5771     0.0035  24.692445  24.689998  -0.002447    30.8365    30.8295    -0.0069     8.0302     7.8281     0.1013     0.2908    98.5081 1.0513e+00   78.50014 -170.10098      31459         13  0.000e+00
   1310.792     40.277     39.849    -1.5816    -1.5770     0.0046  24.692504  24.690163  -0.002341    30.8376    30.8296    -0.0080     8.0296     7.8278     0.1001     0.2908    98.5081 1.0513e+00   78.50014 -170.10098      31460         13  0.000e+00
   1310.833     40.219     39.792    -1.5820    -1.5768     0.0052  24.692853  24.689834  -0.003019    30.8385    30.8290    -0.0095     8.0342     7.8212     0.1001     0.2908    98.5081 1.0481e+00   78.50014 -170.10098      31461         13  0.000e+00
   1310.875     40.277     39.849    -1.5814    -1.5763     0.0050  24.692620  24.689725  -0.002895    30.8375    30.8283    -0.0092     8.0345     7.8143     0.1001     0.2908    98.5081 1.0481e+00   78.50014 -170.10098      31462         13  0.000e+00
   1310.917     40.219     39.792    -1.5809    -1.5764     0.0045  24.692911  24.689561  -0.003350    30.8374    30.8282    -0.0093     8.0287     7.7986     0.1001     0.2908    98.5081 1.0513e+00   78.50014 -170.10098      31463         13  0.000e+00
   1310.958     40.277     39.849    -1.5803    -1.5760     0.0043  24.692969  24.689834  -0.003135    30.8368    30.8281    -0.0087     8.0336     7.7813     0.1013     0.2908    98.5081 1.0546e+00   78.50014 -170.10098      31464         13  0.000e+00
   1311.000     40.244     39.816    -1.5805    -1.5757     0.0047  24.693027  24.689779  -0.003248    30.8371    30.8278    -0.0094     8.0333     7.7708     0.1026     0.2908    98.4820 1.0546e+00   78.50014 -170.10096      31465         13  0.000e+00
   1311.042     40.219     39.792    -1.5803    -1.5753     0.0050  24.693318  24.689725  -0.003594    30.8374    30.8273    -0.0101     8.0328     7.7600     0.1026     0.2908    98.4820 1.0546e+00   78.50014 -170.10096      31466         13  0.000e+00
